1, 1, 1, 1, -1, 278, 210, 14.0, 19, ABaraappa, 8666, 0, 0, 0, , 0, 0, 0, 0, 0, 
2, 1, 2, 2, -1, 252, 220, 14.0, 19, ABaraappp, 10194, 0, 0, 0, , 0, 0, 0, 0, 0, 
3, 1, 3, 3, -1, 299, 223, 13.0, 19, ABaraapap, 9894, 0, 0, 0, , 0, 0, 0, 0, 0, 
4, 1, 4, 4, -1, 323, 209, 14.0, 17, ABaraapaa, 9118, 0, 0, 0, , 0, 0, 0, 0, 0, 
5, 1, 5, 5, -1, 270, 175, 15.0, 17, ABaraaapp, 8787, 0, 0, 0, , 0, 0, 0, 0, 0, 
6, 1, 6, 6, -1, 297, 176, 15.0, 19, ABaraaapa, 11211, 0, 0, 0, , 0, 0, 0, 0, 0, 
7, 1, 7, 7, -1, 329, 184, 17.0, 19, ABaraaaaa, 6942, 0, 0, 0, , 0, 0, 0, 0, 0, 
8, 1, 8, 8, -1, 310, 194, 12.0, 15, ABaraaaap, 7441, 0, 0, 0, , 0, 0, 0, 0, 0, 
9, 1, 9, 9, -1, 237, 190, 10.0, 21, ABarapapa, 12252, 0, 0, 0, , 0, 0, 0, 0, 0, 
10, 1, 10, 10, -1, 228, 221, 11.0, 19, ABarapapp, 10552, 0, 0, 0, , 0, 0, 0, 0, 0, 
11, 1, 11, 11, -1, 290, 192, 10.0, 19, ABarapaaa, 9108, 0, 0, 0, , 0, 0, 0, 0, 0, 
12, 1, 12, 12, -1, 262, 192, 11.0, 17, ABarapaap, 9309, 0, 0, 0, , 0, 0, 0, 0, 0, 
13, 1, 13, 13, -1, 216, 180, 15.0, 17, ABarapppa, 9552, 0, 0, 0, , 0, 0, 0, 0, 0, 
14, 1, 14, 14, -1, 194, 194, 15.0, 19, ABarapppp, 9417, 0, 0, 0, , 0, 0, 0, 0, 0, 
15, 1, 15, 15, -1, 243, 187, 14.0, 19, ABarappaa, 10790, 0, 0, 0, , 0, 0, 0, 0, 0, 
16, 1, 16, 16, -1, 213, 205, 13.0, 17, ABarappap, 9147, 0, 0, 0, , 0, 0, 0, 0, 0, 
17, 1, 17, 17, -1, 217, 216, 31.0, 21, ABarpappp, 11787, 0, 0, 0, , 0, 0, 0, 0, 0, 
18, 1, 18, 18, -1, 236, 199, 34.0, 21, ABarpappa, 9270, 0, 0, 0, , 0, 0, 0, 0, 0, 
19, 1, 19, 19, -1, 289, 195, 35.0, 21, ABarpapaa, 13129, 0, 0, 0, , 0, 0, 0, 0, 0, 
20, 1, 20, 20, -1, 259, 187, 34.0, 21, ABarpapap, 11147, 0, 0, 0, , 0, 0, 0, 0, 0, 
21, 1, 21, 21, -1, 218, 257, 33.0, 23, ABarpaapp, 10051, 0, 0, 0, , 0, 0, 0, 0, 0, 
22, 1, 22, 22, -1, 257, 237, 32.0, 19, ABarpaapa, 9588, 0, 0, 0, , 0, 0, 0, 0, 0, 
23, 1, 23, 23, -1, 310, 220, 34.0, 19, ABarpaaaa, 9532, 0, 0, 0, , 0, 0, 0, 0, 0, 
24, 1, 24, 24, -1, 279, 229, 32.0, 17, ABarpaaap, 8382, 0, 0, 0, , 0, 0, 0, 0, 0, 
25, 1, 25, 25, -1, 236, 283, 32.0, 17, ABarppaaa, 9546, 0, 0, 0, , 0, 0, 0, 0, 0, 
26, 1, 26, 26, -1, 208, 296, 33.0, 19, ABarppaap, 9339, 0, 0, 0, , 0, 0, 0, 0, 0, 
27, 1, 27, 27, -1, 162, 338, 28.0, 21, ABarppapp, 10679, 0, 0, 0, , 0, 0, 0, 0, 0, 
28, 1, 28, 28, -1, 197, 318, 30.0, 19, ABarppapa, 9655, 0, 0, 0, , 0, 0, 0, 0, 0, 
29, 1, 29, 29, -1, 124, 275, 31.0, 21, ABarppppp, 16794, 0, 0, 0, , 0, 0, 0, 0, 0, 
30, 1, 30, 30, -1, 156, 242, 30.0, 19, ABarppppa, 8932, 0, 0, 0, , 0, 0, 0, 0, 0, 
31, 1, 31, 31, -1, 197, 221, 33.0, 17, ABarpppaa, 8437, 0, 0, 0, , 0, 0, 0, 0, 0, 
32, 1, 32, 32, -1, 178, 238, 33.0, 21, ABarpppap, 8427, 0, 0, 0, , 0, 0, 0, 0, 0, 
33, 1, 33, 33, -1, 256, 206, 29.0, 21, ABalapppp, 10373, 0, 0, 0, , 0, 0, 0, 0, 0, 
34, 1, 34, 34, -1, 290, 195, 30.0, 19, ABalapppa, 10856, 0, 0, 0, , 0, 0, 0, 0, 0, 
35, 1, 35, 35, -1, 332, 211, 29.0, 19, ABalappaa, 8627, 0, 0, 0, , 0, 0, 0, 0, 0, 
36, 1, 36, 36, -1, 311, 196, 28.0, 19, ABalappap, 7260, 0, 0, 0, , 0, 0, 0, 0, 0, 
37, 1, 37, 37, -1, 292, 266, 28.0, 19, ABalapapp, 11201, 0, 0, 0, , 0, 0, 0, 0, 0, 
38, 1, 38, 38, -1, 319, 248, 31.0, 19, ABalapapa, 8010, 0, 0, 0, , 0, 0, 0, 0, 0, 
39, 1, 39, 39, -1, 350, 233, 27.0, 19, ABalapaaa, 8749, 0, 0, 0, , 0, 0, 0, 0, 0, 
40, 1, 40, 40, -1, 331, 243, 27.0, 19, ABalapaap, 9411, 0, 0, 0, , 0, 0, 0, 0, 0, 
41, 1, 41, 41, -1, 330, 172, 22.0, 19, ABalaapaa, 8573, 0, 0, 0, , 0, 0, 0, 0, 0, 
42, 1, 42, 42, -1, 298, 162, 22.0, 19, ABalaapap, 9017, 0, 0, 0, , 0, 0, 0, 0, 0, 
43, 1, 43, 43, -1, 298, 173, 26.0, 19, ABalaappa, 9928, 0, 0, 0, , 0, 0, 0, 0, 0, 
44, 1, 44, 44, -1, 272, 172, 28.0, 21, ABalaappp, 8829, 0, 0, 0, , 0, 0, 0, 0, 0, 
45, 1, 45, 45, -1, 356, 217, 23.0, 21, ABalaaaal, 9935, 0, 0, 0, , 0, 0, 0, 0, 0, 
46, 1, 46, 46, -1, 350, 189, 19.0, 19, ABalaaaar, 9768, 0, 0, 0, , 0, 0, 0, 0, 0, 
47, 1, 47, 47, -1, 332, 183, 26.0, 19, ABalaaapp, 9995, 0, 0, 0, , 0, 0, 0, 0, 0, 
48, 1, 48, 48, -1, 350, 199, 25.0, 19, ABalaaapa, 9329, 0, 0, 0, , 0, 0, 0, 0, 0, 
49, 1, 49, 49, -1, 202, 318, 12.0, 19, ABplppppa, 10261, 0, 0, 0, , 0, 0, 0, 0, 0, 
50, 1, 50, 50, -1, 168, 325, 10.0, 21, ABplppppp, 10099, 0, 0, 0, , 0, 0, 0, 0, 0, 
51, 1, 51, 51, -1, 182, 342, 13.0, 19, ABplpppap, 9880, 0, 0, 0, , 0, 0, 0, 0, 0, 
52, 1, 52, 52, -1, 212, 339, 14.0, 19, ABplpppaa, 10519, 0, 0, 0, , 0, 0, 0, 0, 0, 
53, 1, 53, 53, -1, 207, 327, 19.0, 19, ABplppapp, 9369, 0, 0, 0, , 0, 0, 0, 0, 0, 
54, 1, 54, 54, -1, 237, 331, 18.0, 19, ABplppapa, 10271, 0, 0, 0, , 0, 0, 0, 0, 0, 
55, 1, 55, 55, -1, 242, 325, 14.0, 19, ABplppaap, 11066, 0, 0, 0, , 0, 0, 0, 0, 0, 
56, 1, 56, 56, -1, 267, 324, 15.0, 19, ABplppaaa, 9743, 0, 0, 0, , 0, 0, 0, 0, 0, 
57, 1, 57, 57, -1, 239, 295, 11.0, 19, ABplpappa, 10555, 0, 0, 0, , 0, 0, 0, 0, 0, 
58, 1, 58, 58, -1, 214, 299, 10.0, 19, ABplpappp, 8771, 0, 0, 0, , 0, 0, 0, 0, 0, 
59, 1, 59, 59, -1, 265, 299, 12.0, 19, ABplpapap, 9667, 0, 0, 0, , 0, 0, 0, 0, 0, 
60, 1, 60, 60, -1, 288, 294, 10.0, 19, ABplpapaa, 8847, 0, 0, 0, , 0, 0, 0, 0, 0, 
61, 1, 61, 61, -1, 319, 289, 18.0, 19, ABplpaaaa, 10078, 0, 0, 0, , 0, 0, 0, 0, 0, 
62, 1, 62, 62, -1, 295, 309, 17.0, 19, ABplpaaap, 9452, 0, 0, 0, , 0, 0, 0, 0, 0, 
63, 1, 63, 63, -1, 269, 321, 20.0, 19, ABplpaapp, 11921, 0, 0, 0, , 0, 0, 0, 0, 0, 
64, 1, 64, 64, -1, 302, 311, 22.0, 19, ABplpaapa, 8790, 0, 0, 0, , 0, 0, 0, 0, 0, 
65, 1, 65, 65, -1, 266, 321, 29.0, 19, ABplaappa, 9376, 0, 0, 0, , 0, 0, 0, 0, 0, 
66, 1, 66, 66, -1, 246, 334, 26.0, 25, ABplaappp, 65535, 0, 0, 0, , 0, 0, 0, 0, 0, 
67, 1, 67, 67, -1, 312, 289, 31.0, 19, ABplaapaa, 11648, 0, 0, 0, , 0, 0, 0, 0, 0, 
68, 1, 68, 68, -1, 277, 298, 32.0, 21, ABplaapap, 11598, 0, 0, 0, , 0, 0, 0, 0, 0, 
69, 1, 69, 69, -1, 327, 264, 33.0, 19, ABplaaaaa, 8257, 0, 0, 0, , 0, 0, 0, 0, 0, 
70, 1, 70, 70, -1, 298, 263, 33.0, 19, ABplaaaap, 9742, 0, 0, 0, , 0, 0, 0, 0, 0, 
71, 1, 71, 71, -1, 254, 265, 33.0, 19, ABplaaapp, 10616, 0, 0, 0, , 0, 0, 0, 0, 0, 
72, 1, 72, 72, -1, 280, 252, 33.0, 17, ABplaaapa, 7347, 0, 0, 0, , 0, 0, 0, 0, 0, 
73, 1, 73, 73, -1, 159, 353, 17.0, 19, ABplapppp, 9024, 0, 0, 0, , 0, 0, 0, 0, 0, 
74, 1, 74, 74, -1, 182, 345, 18.0, 19, ABplapppa, 10863, 0, 0, 0, , 0, 0, 0, 0, 0, 
75, 1, 75, 75, -1, 221, 342, 25.0, 21, ABplappaa, 10816, 0, 0, 0, , 0, 0, 0, 0, 0, 
76, 1, 76, 76, -1, 195, 351, 23.0, 21, ABplappap, 11991, 0, 0, 0, , 0, 0, 0, 0, 0, 
77, 1, 77, 77, -1, 224, 326, 31.0, 21, ABplapaap, 9472, 0, 0, 0, , 0, 0, 0, 0, 0, 
78, 1, 78, 78, -1, 242, 309, 33.0, 19, ABplapaaa, 9602, 0, 0, 0, , 0, 0, 0, 0, 0, 
79, 1, 79, 79, -1, 168, 361, 24.0, 21, ABplapapp, 11017, 0, 0, 0, , 0, 0, 0, 0, 0, 
80, 1, 80, 80, -1, 196, 348, 29.0, 19, ABplapapa, 11307, 0, 0, 0, , 0, 0, 0, 0, 0, 
81, 1, 81, 81, -1, 189, 195, 10.0, 21, ABprpapaa, 11064, 0, 0, 0, , 0, 0, 0, 0, 0, 
82, 1, 82, 82, -1, 170, 193, 13.0, 19, ABprpapap, 9025, 0, 0, 0, , 0, 0, 0, 0, 0, 
83, 1, 83, 83, -1, 155, 224, 11.0, 21, ABprpappp, 10705, 0, 0, 0, , 0, 0, 0, 0, 0, 
84, 1, 84, 84, -1, 178, 221, 10.0, 19, ABprpappa, 10160, 0, 0, 0, , 0, 0, 0, 0, 0, 
85, 1, 85, 85, -1, 214, 165, 18.0, 19, ABprpaaaa, 10711, 0, 0, 0, , 0, 0, 0, 0, 0, 
86, 1, 86, 86, -1, 184, 176, 18.0, 19, ABprpaaap, 8626, 0, 0, 0, , 0, 0, 0, 0, 0, 
87, 1, 87, 87, -1, 202, 180, 23.0, 21, ABprpaapa, 9962, 0, 0, 0, , 0, 0, 0, 0, 0, 
88, 1, 88, 88, -1, 172, 194, 21.0, 19, ABprpaapp, 9062, 0, 0, 0, , 0, 0, 0, 0, 0, 
89, 1, 89, 89, -1, 112, 219, 15.0, 19, ABprpppaa, 9511, 0, 0, 0, , 0, 0, 0, 0, 0, 
90, 1, 90, 90, -1, 92, 245, 15.0, 19, ABprpppap, 8881, 0, 0, 0, , 0, 0, 0, 0, 0, 
91, 1, 91, 91, -1, 132, 235, 12.0, 19, ABprppppa, 9420, 0, 0, 0, , 0, 0, 0, 0, 0, 
92, 1, 92, 92, -1, 100, 257, 11.0, 21, ABprppppp, 9661, 0, 0, 0, , 0, 0, 0, 0, 0, 
93, 1, 93, 93, -1, 131, 209, 13.0, 17, ABprppaap, 8744, 0, 0, 0, , 0, 0, 0, 0, 0, 
94, 1, 94, 94, -1, 153, 197, 16.0, 19, ABprppaaa, 9175, 0, 0, 0, , 0, 0, 0, 0, 0, 
95, 1, 95, 95, -1, 136, 219, 17.0, 19, ABprppapa, 8490, 0, 0, 0, , 0, 0, 0, 0, 0, 
96, 1, 96, 96, -1, 116, 241, 19.0, 19, ABprppapp, 8257, 0, 0, 0, , 0, 0, 0, 0, 0, 
97, 1, 97, 97, -1, 214, 176, 29.0, 19, ABpraapaa, 9895, 0, 0, 0, , 0, 0, 0, 0, 0, 
98, 1, 98, 98, -1, 202, 192, 32.0, 19, ABpraapap, 9681, 0, 0, 0, , 0, 0, 0, 0, 0, 
99, 1, 99, 99, -1, 152, 204, 26.0, 21, ABpraappp, 12309, 0, 0, 0, , 0, 0, 0, 0, 0, 
100, 1, 100, 100, -1, 182, 187, 28.0, 19, ABpraappa, 10162, 0, 0, 0, , 0, 0, 0, 0, 0, 
101, 1, 101, 101, -1, 253, 161, 26.0, 17, ABpraaapa, 7448, 0, 0, 0, , 0, 0, 0, 0, 0, 
102, 1, 102, 102, -1, 234, 180, 26.0, 21, ABpraaapp, 8948, 0, 0, 0, , 0, 0, 0, 0, 0, 
103, 1, 103, 103, -1, 269, 162, 21.0, 19, ABpraaaaa, 8359, 0, 0, 0, , 0, 0, 0, 0, 0, 
104, 1, 104, 104, -1, 236, 162, 22.0, 21, ABpraaaap, 10816, 0, 0, 0, , 0, 0, 0, 0, 0, 
105, 1, 105, 105, -1, 99, 237, 23.0, 19, ABprappap, 10065, 0, 0, 0, , 0, 0, 0, 0, 0, 
106, 1, 106, 106, -1, 118, 215, 23.0, 19, ABprappaa, 10503, 0, 0, 0, , 0, 0, 0, 0, 0, 
107, 1, 107, 107, -1, 78, 249, 20.0, 19, ABprapppa, 8121, 0, 0, 0, , 0, 0, 0, 0, 0, 
108, 1, 108, 108, -1, 76, 271, 17.0, 17, ABprapppp, 8632, 0, 0, 0, , 0, 0, 0, 0, 0, 
109, 1, 109, 109, -1, 170, 208, 33.0, 19, ABprapaaa, 7362, 0, 0, 0, , 0, 0, 0, 0, 0, 
110, 1, 110, 110, -1, 141, 217, 31.0, 21, ABprapaap, 10171, 0, 0, 0, , 0, 0, 0, 0, 0, 
111, 1, 111, 111, -1, 86, 262, 27.0, 19, ABprapapp, 10256, 0, 0, 0, , 0, 0, 0, 0, 0, 
112, 1, 112, 112, -1, 111, 237, 30.0, 21, ABprapapa, 12169, 0, 0, 0, , 0, 0, 0, 0, 0, 
113, 1, 113, 113, -1, 166, 225, 21.0, 21, MSpppp, 14011, 0, 0, 0, , 0, 0, 0, 0, 0, 
114, 1, 114, 114, -1, 204, 218, 19.0, 15, MSpppaa, 6453, 0, 0, 0, , 0, 0, 0, 0, 0, 
115, 1, 114, 115, -1, 189, 229, 16.0, 15, MSpppap, 5904, 0, 0, 0, , 0, 0, 0, 0, 0, 
116, 1, 115, 116, -1, 236, 211, 19.0, 15, MSppaap, 6831, 0, 0, 0, , 0, 0, 0, 0, 0, 
117, 1, 116, 117, -1, 252, 184, 20.0, 17, MSppaaa, 6930, 0, 0, 0, , 0, 0, 0, 0, 0, 
118, 1, 117, 118, -1, 194, 215, 25.0, 17, MSppapp, 7414, 0, 0, 0, , 0, 0, 0, 0, 0, 
119, 1, 118, 119, -1, 223, 199, 23.0, 19, MSppapa, 8284, 0, 0, 0, , 0, 0, 0, 0, 0, 
120, 1, 119, 120, -1, 203, 251, 13.0, 19, MSpapap, 7779, 0, 0, 0, , 0, 0, 0, 0, 0, 
121, 1, 120, 121, -1, 232, 238, 16.0, 21, MSpapaa, 10279, 0, 0, 0, , 0, 0, 0, 0, 0, 
122, 1, 121, 122, -1, 191, 248, 9.0, 19, MSpappa, 8952, 0, 0, 0, , 0, 0, 0, 0, 0, 
123, 1, 122, 123, -1, 162, 265, 11.0, 19, MSpappp, 10566, 0, 0, 0, , 0, 0, 0, 0, 0, 
124, 1, 123, 124, -1, 270, 196, 24.0, 21, MSpaaap, 9841, 0, 0, 0, , 0, 0, 0, 0, 0, 
125, 1, 124, 125, -1, 308, 188, 20.0, 19, MSpaaaa, 8947, 0, 0, 0, , 0, 0, 0, 0, 0, 
126, 1, 125, 126, -1, 269, 211, 20.0, 21, MSpaapa, 10777, 0, 0, 0, , 0, 0, 0, 0, 0, 
127, 1, 126, 127, -1, 242, 234, 20.0, 15, MSpaapp, 6473, 0, 0, 0, , 0, 0, 0, 0, 0, 
128, 1, 127, 128, -1, 226, 304, 20.0, 21, MSappp, 12936, 0, 0, 0, , 0, 0, 0, 0, 0, 
129, 1, 128, 129, -1, 227, 277, 16.0, 23, MSappa, 11906, 0, 0, 0, , 0, 0, 0, 0, 0, 
130, 1, 129, 130, -1, 244, 296, 23.0, 17, MSapapp, 7984, 0, 0, 0, , 0, 0, 0, 0, 0, 
131, 1, 130, 131, -1, 279, 289, 19.0, 19, MSapapa, 7439, 0, 0, 0, , 0, 0, 0, 0, 0, 
132, 1, 131, 132, -1, 283, 263, 21.0, 15, MSapaap, 5985, 0, 0, 0, , 0, 0, 0, 0, 0, 
133, 1, 132, 133, -1, 315, 255, 21.0, 15, MSapaaa, 4897, 0, 0, 0, , 0, 0, 0, 0, 0, 
134, 1, 133, 134, -1, 327, 209, 21.0, 19, MSaaaaa, 9118, 0, 0, 0, , 0, 0, 0, 0, 0, 
135, 1, 134, 135, -1, 304, 235, 26.0, 17, MSaaaap, 7239, 0, 0, 0, , 0, 0, 0, 0, 0, 
136, 1, 135, 136, -1, 303, 226, 21.0, 21, MSaaapa, 11252, 0, 0, 0, , 0, 0, 0, 0, 0, 
137, 1, 136, 137, -1, 264, 244, 20.0, 17, MSaaapp, 6908, 0, 0, 0, , 0, 0, 0, 0, 0, 
138, 1, 137, 138, -1, 190, 281, 11.0, 17, MSaappp, 8634, 0, 0, 0, , 0, 0, 0, 0, 0, 
139, 1, 138, 139, -1, 224, 264, 10.0, 17, MSaappa, 8018, 0, 0, 0, , 0, 0, 0, 0, 0, 
140, 1, 139, 140, -1, 271, 250, 16.0, 19, MSaapaa, 9056, 0, 0, 0, , 0, 0, 0, 0, 0, 
141, 1, 140, 141, -1, 242, 266, 13.0, 17, MSaapap, 6971, 0, 0, 0, , 0, 0, 0, 0, 0, 
142, 1, 141, 142, -1, 218, 279, 23.0, 23, Ealp, 22164, 0, 0, 0, , 0, 0, 0, 0, 0, 
143, 1, 142, 143, -1, 141, 307, 26.0, 29, Eplp, 65535, 0, 0, 0, , 0, 0, 0, 0, 0, 
144, 1, 143, 144, -1, 135, 352, 20.0, 21, Cappa, 9813, 0, 0, 0, , 0, 0, 0, 0, 0, 
145, 1, 144, 145, -1, 107, 339, 16.0, 19, Cappp, 9273, 0, 0, 0, , 0, 0, 0, 0, 0, 
146, 1, 145, 146, -1, 145, 325, 13.0, 17, Capaa, 6840, 0, 0, 0, , 0, 0, 0, 0, 0, 
147, 1, 145, 147, -1, 125, 328, 14.0, 17, Capap, 7072, 0, 0, 0, , 0, 0, 0, 0, 0, 
148, 1, 146, 148, -1, 125, 340, 28.0, 23, Caaap, 13270, 0, 0, 0, , 0, 0, 0, 0, 0, 
149, 1, 147, 149, -1, 164, 311, 32.0, 23, Caaaa, 6169, 0, 0, 0, , 0, 0, 0, 0, 0, 
150, 1, 148, 150, -1, 98, 357, 21.0, 21, Caapp, 10020, 0, 0, 0, , 0, 0, 0, 0, 0, 
151, 1, 149, 151, -1, 114, 358, 26.0, 21, Caapa, 10152, 0, 0, 0, , 0, 0, 0, 0, 0, 
152, 1, 150, 152, -1, 78, 340, 20.0, 19, Cpapp, 10617, 0, 0, 0, , 0, 0, 0, 0, 0, 
153, 1, 151, 153, -1, 87, 325, 27.0, 25, Cpapa, 16439, 0, 0, 0, , 0, 0, 0, 0, 0, 
154, 1, 152, 154, -1, 157, 271, 33.0, 25, Cpaaa, 32479, 0, 0, 0, , 0, 0, 0, 0, 0, 
155, 1, 153, 155, -1, 109, 301, 32.0, 23, Cpaap, 27434, 0, 0, 0, , 0, 0, 0, 0, 0, 
156, 1, 154, 156, -1, 104, 283, 11.0, 21, Cppaa, 11509, 0, 0, 0, , 0, 0, 0, 0, 0, 
157, 1, 155, 157, -1, 89, 314, 12.0, 21, Cppap, 14554, 0, 0, 0, , 0, 0, 0, 0, 0, 
158, 1, 156, 158, -1, 96, 314, 17.0, 21, Cpppp, 13303, 0, 0, 0, , 0, 0, 0, 0, 0, 
159, 1, 157, 159, -1, 76, 298, 22.0, 21, Cpppa, 13807, 0, 0, 0, , 0, 0, 0, 0, 0, 
160, 1, 158, 160, -1, 179, 303, 15.0, 21, Daa, 12856, 0, 0, 0, , 0, 0, 0, 0, 0, 
161, 1, 159, 161, -1, 164, 309, 19.0, 25, Dap, 16290, 0, 0, 0, , 0, 0, 0, 0, 0, 
162, 1, 160, 162, -1, 137, 260, 13.0, 21, Dpa, 12278, 0, 0, 0, , 0, 0, 0, 0, 0, 
163, 1, 161, 163, -1, 121, 287, 16.0, 23, Dpp, 16148, 0, 0, 0, , 0, 0, 0, 0, 0, 
164, 1, 162, 164, -1, 188, 266, 17.0, 21, Z3, 13880, 0, 0, 0, , 0, 0, 0, 0, 0, 
165, 1, 163, 165, -1, 151, 271, 19.0, 21, Z2, 13053, 0, 0, 0, , 0, 0, 0, 0, 0, 
166, 0, 164, -1, -1, 382, 243, 24.0, 17, , 12378, 0, 0, 0, , 0, 0, 0, 0, 0, 
167, 1, 165, 167, -1, 276, 296, 26.0, 21, ABalppppp, 14197, 0, 0, 0, , 0, 0, 0, 0, 0, 
168, 1, 166, 168, -1, 307, 293, 27.0, 19, ABalppppa, 12051, 0, 0, 0, , 0, 0, 0, 0, 0, 
169, 1, 167, 169, -1, 340, 267, 25.0, 19, ABalpppaa, 8260, 0, 0, 0, , 0, 0, 0, 0, 0, 
170, 1, 168, 170, -1, 325, 287, 24.0, 21, ABalpppap, 11229, 0, 0, 0, , 0, 0, 0, 0, 0, 
171, 1, 169, 171, -1, 354, 260, 20.0, 17, ABalppaaa, 8559, 0, 0, 0, , 0, 0, 0, 0, 0, 
172, 1, 170, 172, -1, 340, 276, 18.0, 19, ABalppaap, 8902, 0, 0, 0, , 0, 0, 0, 0, 0, 
173, 1, 171, 173, -1, 288, 279, 14.0, 21, ABalppapp, 11131, 0, 0, 0, , 0, 0, 0, 0, 0, 
174, 1, 172, 174, -1, 314, 271, 15.0, 19, ABalppapa, 10559, 0, 0, 0, , 0, 0, 0, 0, 0, 
175, 1, 173, 175, -1, 316, 245, 11.0, 19, ABalpapap, 12339, 0, 0, 0, , 0, 0, 0, 0, 0, 
176, 1, 174, 176, -1, 341, 248, 12.0, 19, ABalpapaa, 9103, 0, 0, 0, , 0, 0, 0, 0, 0, 
177, 1, 175, 177, -1, 294, 249, 11.0, 19, ABalpappa, 10998, 0, 0, 0, , 0, 0, 0, 0, 0, 
178, 1, 176, 178, -1, 266, 241, 11.0, 21, ABalpappp, 11618, 0, 0, 0, , 0, 0, 0, 0, 0, 
179, 1, 177, 179, -1, 341, 224, 12.0, 17, ABalpaaap, 8386, 0, 0, 0, , 0, 0, 0, 0, 0, 
180, 1, 178, 180, -1, 348, 204, 15.0, 17, ABalpaaaa, 8606, 0, 0, 0, , 0, 0, 0, 0, 0, 
181, 1, 179, 181, -1, 316, 243, 16.0, 21, ABalpaapp, 10553, 0, 0, 0, , 0, 0, 0, 0, 0, 
182, 1, 180, 182, -1, 353, 235, 17.0, 21, ABalpaapa, 13030, 0, 0, 0, , 0, 0, 0, 0, 0, 
183, 1, 181, 183, -1, 146, 247, 24.0, 27, Epra, 65535, 0, 0, 0, , 0, 0, 0, 0, 0, 
184, 1, 182, 184, -1, 235, 230, 23.0, 27, Eara, 31508, 0, 0, 0, , 0, 0, 0, 0, 0, 
185, 1, 183, 185, -1, 194, 251, 24.0, 25, Earp, 65535, 0, 0, 0, , 0, 0, 0, 0, 0, 
186, 1, 184, 186, -1, 259, 258, 26.0, 27, Eala, 45073, 0, 0, 0, , 0, 0, 0, 0, 0, 
187, 1, 185, 187, -1, 183, 287, 26.0, 27, Epla, 65535, 0, 0, 0, , 0, 0, 0, 0, 0, 
188, 1, 186, 188, -1, 106, 282, 24.0, 25, Eprp, 51955, 0, 0, 0, , 0, 0, 0, 0, 0, 
