1, 1, 1, 1, -1, 287, 201, 16.0, 21, ABaraappa, 11546, 0, 0, 0, , 0, 0, 0, 0, 0, 
2, 1, 2, 2, 3, 259, 222, 17.0, 17, ABaraappp, 11539, 0, 0, 0, , 0, 0, 0, 0, 0, 
3, 1, 3, 4, -1, 294, 239, 18.0, 19, ABaraapap, 10913, 0, 0, 0, , 0, 0, 0, 0, 0, 
4, 1, 4, 5, -1, 319, 221, 18.0, 19, ABaraapaa, 12623, 0, 0, 0, , 0, 0, 0, 0, 0, 
5, 1, 5, 6, -1, 268, 187, 10.0, 19, ABaraaapp, 11334, 0, 0, 0, , 0, 0, 0, 0, 0, 
6, 0, 6, -1, -1, 300, 205, 11.0, 15, , 8775, 0, 0, 0, , 0, 0, 0, 0, 0, 
7, 1, 6, 7, 8, 298, 202, 9.0, 17, ABaraaapa, 1659, 0, 0, 0, , 0, 0, 0, 0, 0, 
8, 1, 7, 9, -1, 323, 193, 14.0, 17, ABaraaaaa, 10214, 0, 0, 0, , 0, 0, 0, 0, 0, 
9, 1, 8, 10, -1, 308, 207, 16.0, 19, ABaraaaap, 8958, 0, 0, 0, , 0, 0, 0, 0, 0, 
10, 1, 9, 11, -1, 232, 250, 11.0, 15, ABarapapap, 6529, 0, 0, 0, , 0, 0, 0, 0, 0, 
11, 1, 9, 12, -1, 248, 241, 10.0, 17, ABarapapaa, 6117, 0, 0, 0, , 0, 0, 0, 0, 0, 
12, 1, 10, 13, -1, 215, 262, 13.0, 15, ABarapappp, 7534, 0, 0, 0, , 0, 0, 0, 0, 0, 
13, 1, 11, 14, -1, 238, 236, 15.0, 17, ABarapappa, 5977, 0, 0, 0, , 0, 0, 0, 0, 0, 
14, 1, 12, 15, -1, 284, 227, 10.0, 17, ABarapaaa, 10900, 0, 0, 0, , 0, 0, 0, 0, 0, 
15, 1, 13, 16, -1, 261, 220, 12.0, 21, ABarapaap, 13122, 0, 0, 0, , 0, 0, 0, 0, 0, 
16, 1, 14, 17, -1, 240, 200, 11.0, 19, ABarapppa, 10341, 0, 0, 0, , 0, 0, 0, 0, 0, 
17, 1, 15, 18, -1, 212, 193, 11.0, 21, ABarapppp, 9676, 0, 0, 0, , 0, 0, 0, 0, 0, 
18, 1, 16, 19, -1, 234, 221, 11.0, 17, ABarappaa, 9204, 0, 0, 0, , 0, 0, 0, 0, 0, 
19, 1, 17, 20, -1, 209, 223, 11.0, 19, ABarappap, 10236, 0, 0, 0, , 0, 0, 0, 0, 0, 
20, 1, 18, 21, -1, 204, 202, 31.0, 21, ABarpappp, 16604, 0, 0, 0, , 0, 0, 0, 0, 0, 
21, 1, 19, 22, -1, 228, 199, 34.0, 19, ABarpappa, 9851, 0, 0, 0, , 0, 0, 0, 0, 0, 
22, 1, 20, 23, -1, 276, 181, 34.0, 21, ABarpapaa, 10301, 0, 0, 0, , 0, 0, 0, 0, 0, 
23, 1, 21, 24, -1, 257, 203, 35.0, 21, ABarpapap, 11973, 0, 0, 0, , 0, 0, 0, 0, 0, 
24, 1, 22, 25, -1, 203, 250, 32.0, 19, ABarpaapp, 14495, 0, 0, 0, , 0, 0, 0, 0, 0, 
25, 1, 23, 26, -1, 248, 231, 33.0, 21, ABarpaapa, 13226, 0, 0, 0, , 0, 0, 0, 0, 0, 
26, 1, 24, 27, -1, 303, 218, 34.0, 17, ABarpaaaa, 11390, 0, 0, 0, , 0, 0, 0, 0, 0, 
27, 1, 25, 28, -1, 282, 221, 33.0, 17, ABarpaaap, 8486, 0, 0, 0, , 0, 0, 0, 0, 0, 
28, 1, 26, 29, -1, 215, 282, 33.0, 17, ABarppaaa, 8668, 0, 0, 0, , 0, 0, 0, 0, 0, 
29, 1, 27, 30, -1, 192, 298, 32.0, 21, ABarppaap, 10274, 0, 0, 0, , 0, 0, 0, 0, 0, 
30, 1, 28, 31, -1, 134, 341, 29.0, 17, ABarppapp, 8223, 0, 0, 0, , 0, 0, 0, 0, 0, 
31, 1, 29, 32, -1, 180, 334, 32.0, 19, ABarppapa, 10063, 0, 0, 0, , 0, 0, 0, 0, 0, 
32, 1, 30, 33, -1, 111, 247, 29.0, 21, ABarppppp, 10591, 0, 0, 0, , 0, 0, 0, 0, 0, 
33, 1, 31, 34, -1, 134, 225, 31.0, 21, ABarppppa, 10199, 0, 0, 0, , 0, 0, 0, 0, 0, 
34, 1, 32, 35, -1, 183, 213, 34.0, 21, ABarpppaa, 9550, 0, 0, 0, , 0, 0, 0, 0, 0, 
35, 1, 33, 36, -1, 160, 224, 34.0, 19, ABarpppap, 12447, 0, 0, 0, , 0, 0, 0, 0, 0, 
36, 1, 34, 37, -1, 259, 192, 29.0, 15, ABalappppa, 4340, 0, 0, 0, , 0, 0, 0, 0, 0, 
37, 1, 34, 38, -1, 243, 212, 29.0, 15, ABalappppp, 4716, 0, 0, 0, , 0, 0, 0, 0, 0, 
38, 1, 35, 39, -1, 298, 196, 31.0, 17, ABalapppa, 7874, 0, 0, 0, , 0, 0, 0, 0, 0, 
39, 1, 36, 40, -1, 337, 190, 27.0, 19, ABalappaa, 8087, 0, 0, 0, , 0, 0, 0, 0, 0, 
40, 1, 37, 41, -1, 320, 184, 29.0, 19, ABalappap, 9831, 0, 0, 0, , 0, 0, 0, 0, 0, 
41, 1, 38, 42, 43, 293, 260, 28.0, 17, ABalapapp, 7275, 0, 0, 0, , 0, 0, 0, 0, 0, 
42, 1, 39, 44, -1, 328, 229, 30.0, 21, ABalapapa, 9351, 0, 0, 0, , 0, 0, 0, 0, 0, 
43, 1, 40, 45, -1, 356, 221, 25.0, 19, ABalapaaa, 10116, 0, 0, 0, , 0, 0, 0, 0, 0, 
44, 1, 41, 46, -1, 344, 245, 25.0, 19, ABalapaap, 10361, 0, 0, 0, , 0, 0, 0, 0, 0, 
45, 1, 42, 47, -1, 318, 171, 18.0, 19, ABalaapaa, 9289, 0, 0, 0, , 0, 0, 0, 0, 0, 
46, 1, 43, 48, -1, 291, 166, 17.0, 17, ABalaapap, 8139, 0, 0, 0, , 0, 0, 0, 0, 0, 
47, 1, 44, 49, -1, 296, 168, 22.0, 19, ABalaappa, 13921, 0, 0, 0, , 0, 0, 0, 0, 0, 
48, 1, 45, 50, -1, 293, 171, 27.0, 21, ABalaappp, 12016, 0, 0, 0, , 0, 0, 0, 0, 0, 
49, 1, 46, 51, -1, 348, 236, 18.0, 21, ABalaaaal, 10121, 0, 0, 0, , 0, 0, 0, 0, 0, 
50, 1, 47, 52, -1, 344, 193, 17.0, 19, ABalaaaar, 11245, 0, 0, 0, , 0, 0, 0, 0, 0, 
51, 1, 48, 53, -1, 333, 176, 22.0, 19, ABalaaapp, 9630, 0, 0, 0, , 0, 0, 0, 0, 0, 
52, 1, 49, 54, -1, 351, 205, 21.0, 21, ABalaaapa, 10929, 0, 0, 0, , 0, 0, 0, 0, 0, 
53, 1, 50, 55, -1, 187, 332, 12.0, 15, ABplppppap, 6016, 0, 0, 0, , 0, 0, 0, 0, 0, 
54, 1, 51, 56, -1, 216, 323, 13.0, 15, ABplppppaa, 5938, 0, 0, 0, , 0, 0, 0, 0, 0, 
55, 1, 52, 57, -1, 163, 326, 11.0, 21, ABplppppp, 10509, 0, 0, 0, , 0, 0, 0, 0, 0, 
56, 1, 53, 58, -1, 171, 350, 15.0, 19, ABplpppap, 14107, 0, 0, 0, , 0, 0, 0, 0, 0, 
57, 1, 54, 59, 60, 203, 344, 17.0, 19, ABplpppaa, 9940, 0, 0, 0, , 0, 0, 0, 0, 0, 
58, 1, 55, 61, -1, 209, 340, 20.0, 21, ABplppapp, 10932, 0, 0, 0, , 0, 0, 0, 0, 0, 
59, 1, 56, 62, -1, 236, 332, 19.0, 19, ABplppapa, 13952, 0, 0, 0, , 0, 0, 0, 0, 0, 
60, 1, 57, 63, -1, 241, 333, 15.0, 21, ABplppaap, 14405, 0, 0, 0, , 0, 0, 0, 0, 0, 
61, 1, 58, 64, -1, 264, 325, 17.0, 17, ABplppaaa, 10537, 0, 0, 0, , 0, 0, 0, 0, 0, 
62, 1, 59, 65, -1, 243, 283, 12.0, 17, ABplpappaa, 7918, 0, 0, 0, , 0, 0, 0, 0, 0, 
63, 1, 60, 66, -1, 218, 301, 11.0, 15, ABplpappap, 5695, 0, 0, 0, , 0, 0, 0, 0, 0, 
64, 1, 61, 67, -1, 201, 309, 10.0, 21, ABplpappp, 12074, 0, 0, 0, , 0, 0, 0, 0, 0, 
65, 1, 62, 68, -1, 243, 311, 11.0, 19, ABplpapap, 11591, 0, 0, 0, , 0, 0, 0, 0, 0, 
66, 1, 63, 69, -1, 265, 306, 12.0, 19, ABplpapaa, 11545, 0, 0, 0, , 0, 0, 0, 0, 0, 
67, 1, 64, 70, -1, 305, 291, 20.0, 19, ABplpaaaa, 10604, 0, 0, 0, , 0, 0, 0, 0, 0, 
68, 1, 65, 71, -1, 295, 317, 20.0, 19, ABplpaaap, 10427, 0, 0, 0, , 0, 0, 0, 0, 0, 
69, 1, 66, 72, -1, 265, 333, 22.0, 21, ABplpaapp, 11496, 0, 0, 0, , 0, 0, 0, 0, 0, 
70, 1, 67, 73, -1, 304, 308, 24.0, 21, ABplpaapa, 13293, 0, 0, 0, , 0, 0, 0, 0, 0, 
71, 1, 68, 74, -1, 266, 319, 31.0, 21, ABplaappa, 12056, 0, 0, 0, , 0, 0, 0, 0, 0, 
72, 1, 69, 75, -1, 253, 327, 28.0, 15, ABplaapppa, 5430, 0, 0, 0, , 0, 0, 0, 0, 0, 
73, 1, 70, 76, -1, 220, 338, 27.0, 15, ABplaapppp, 5359, 0, 0, 0, , 0, 0, 0, 0, 0, 
74, 1, 71, 77, -1, 314, 271, 33.0, 19, ABplaapaa, 10840, 0, 0, 0, , 0, 0, 0, 0, 0, 
75, 1, 72, 78, -1, 283, 291, 34.0, 17, ABplaapap, 8444, 0, 0, 0, , 0, 0, 0, 0, 0, 
76, 1, 73, 79, -1, 312, 247, 33.0, 21, ABplaaaaa, 9485, 0, 0, 0, , 0, 0, 0, 0, 0, 
77, 1, 74, 80, -1, 284, 244, 33.0, 17, ABplaaaap, 9105, 0, 0, 0, , 0, 0, 0, 0, 0, 
78, 1, 75, 81, -1, 244, 280, 33.0, 23, ABplaaapp, 13331, 0, 0, 0, , 0, 0, 0, 0, 0, 
79, 1, 76, 82, -1, 265, 259, 34.0, 19, ABplaaapa, 12590, 0, 0, 0, , 0, 0, 0, 0, 0, 
80, 1, 77, 83, -1, 144, 359, 18.0, 21, ABplapppp, 9642, 0, 0, 0, , 0, 0, 0, 0, 0, 
81, 1, 78, 84, -1, 172, 353, 20.0, 17, ABplapppa, 15602, 0, 0, 0, , 0, 0, 0, 0, 0, 
82, 1, 79, 85, -1, 201, 353, 24.0, 23, ABplappaa, 12924, 0, 0, 0, , 0, 0, 0, 0, 0, 
83, 1, 80, 86, -1, 174, 351, 25.0, 21, ABplappap, 11378, 0, 0, 0, , 0, 0, 0, 0, 0, 
84, 1, 81, 87, -1, 205, 334, 32.0, 21, ABplapaap, 10784, 0, 0, 0, , 0, 0, 0, 0, 0, 
85, 1, 82, 88, -1, 230, 313, 32.0, 19, ABplapaaa, 9535, 0, 0, 0, , 0, 0, 0, 0, 0, 
86, 1, 83, 89, -1, 141, 358, 24.0, 21, ABplapapp, 9925, 0, 0, 0, , 0, 0, 0, 0, 0, 
87, 1, 84, 90, -1, 157, 352, 30.0, 21, ABplapapa, 10457, 0, 0, 0, , 0, 0, 0, 0, 0, 
88, 1, 85, 91, -1, 188, 203, 12.0, 17, ABprpapaa, 10127, 0, 0, 0, , 0, 0, 0, 0, 0, 
89, 1, 86, 92, -1, 172, 220, 11.0, 17, ABprpapap, 8772, 0, 0, 0, , 0, 0, 0, 0, 0, 
90, 1, 87, 93, -1, 165, 254, 10.0, 21, ABprpappp, 11827, 0, 0, 0, , 0, 0, 0, 0, 0, 
91, 1, 88, 94, 95, 195, 241, 11.0, 15, ABprpappa, 9742, 0, 0, 0, , 0, 0, 0, 0, 0, 
92, 1, 89, 96, -1, 232, 185, 15.0, 19, ABprpaaaa, 10965, 0, 0, 0, , 0, 0, 0, 0, 0, 
93, 1, 90, 97, -1, 201, 178, 15.0, 21, ABprpaaap, 10073, 0, 0, 0, , 0, 0, 0, 0, 0, 
94, 1, 91, 98, -1, 219, 175, 19.0, 19, ABprpaapa, 10596, 0, 0, 0, , 0, 0, 0, 0, 0, 
95, 1, 92, 99, -1, 188, 179, 19.0, 21, ABprpaapp, 11371, 0, 0, 0, , 0, 0, 0, 0, 0, 
96, 1, 93, 100, -1, 114, 229, 12.0, 19, ABprpppaa, 11216, 0, 0, 0, , 0, 0, 0, 0, 0, 
97, 1, 94, 101, -1, 102, 256, 11.0, 19, ABprpppap, 10262, 0, 0, 0, , 0, 0, 0, 0, 0, 
98, 1, 95, 102, -1, 137, 240, 12.0, 15, ABprppppap, 5487, 0, 0, 0, , 0, 0, 0, 0, 0, 
99, 1, 95, 103, -1, 151, 224, 11.0, 15, ABprppppaa, 5209, 0, 0, 0, , 0, 0, 0, 0, 0, 
100, 1, 96, 104, -1, 128, 263, 11.0, 19, ABprppppp, 8704, 0, 0, 0, , 0, 0, 0, 0, 0, 
101, 1, 97, 105, -1, 158, 200, 12.0, 19, ABprppaap, 15811, 0, 0, 0, , 0, 0, 0, 0, 0, 
102, 1, 98, 106, -1, 175, 191, 15.0, 19, ABprppaaa, 8587, 0, 0, 0, , 0, 0, 0, 0, 0, 
103, 1, 99, 107, -1, 156, 202, 16.0, 19, ABprppapa, 11860, 0, 0, 0, , 0, 0, 0, 0, 0, 
104, 1, 100, 108, -1, 131, 219, 15.0, 19, ABprppapp, 9438, 0, 0, 0, , 0, 0, 0, 0, 0, 
105, 1, 101, 109, -1, 262, 170, 29.0, 17, ABpraapaa, 12013, 0, 0, 0, , 0, 0, 0, 0, 0, 
106, 1, 102, 110, -1, 226, 182, 30.0, 21, ABpraapap, 11613, 0, 0, 0, , 0, 0, 0, 0, 0, 
107, 1, 103, 111, -1, 150, 199, 22.0, 17, ABpraapppp, 5730, 0, 0, 0, , 0, 0, 0, 0, 0, 
108, 1, 104, 112, -1, 179, 186, 24.0, 15, ABpraapppa, 4701, 0, 0, 0, , 0, 0, 0, 0, 0, 
109, 1, 105, 113, -1, 202, 172, 25.0, 19, ABpraappa, 9868, 0, 0, 0, , 0, 0, 0, 0, 0, 
110, 1, 106, 114, -1, 266, 168, 24.0, 19, ABpraaapa, 11028, 0, 0, 0, , 0, 0, 0, 0, 0, 
111, 1, 107, 115, 116, 237, 170, 24.0, 19, ABpraaapp, 7908, 0, 0, 0, , 0, 0, 0, 0, 0, 
112, 1, 108, 117, -1, 268, 161, 20.0, 17, ABpraaaaa, 9818, 0, 0, 0, , 0, 0, 0, 0, 0, 
113, 1, 109, 118, -1, 246, 165, 19.0, 19, ABpraaaap, 10437, 0, 0, 0, , 0, 0, 0, 0, 0, 
114, 1, 110, 119, -1, 102, 222, 19.0, 21, ABprappap, 10075, 0, 0, 0, , 0, 0, 0, 0, 0, 
115, 1, 111, 120, -1, 124, 206, 19.0, 21, ABprappaa, 12573, 0, 0, 0, , 0, 0, 0, 0, 0, 
116, 1, 112, 121, -1, 98, 238, 16.0, 19, ABprapppa, 9360, 0, 0, 0, , 0, 0, 0, 0, 0, 
117, 1, 113, 122, -1, 81, 259, 14.0, 21, ABprapppp, 10353, 0, 0, 0, , 0, 0, 0, 0, 0, 
118, 1, 114, 123, -1, 169, 197, 29.0, 19, ABprapaaa, 10628, 0, 0, 0, , 0, 0, 0, 0, 0, 
119, 1, 115, 124, -1, 140, 213, 26.0, 19, ABprapaap, 11187, 0, 0, 0, , 0, 0, 0, 0, 0, 
120, 1, 116, 125, 126, 84, 253, 20.0, 21, ABprapapp, 9374, 0, 0, 0, , 0, 0, 0, 0, 0, 
121, 1, 117, 127, -1, 94, 239, 25.0, 21, ABprapapa, 13669, 0, 0, 0, , 0, 0, 0, 0, 0, 
122, 1, 118, 128, -1, 195, 206, 20.0, 17, MSppppa, 7074, 0, 0, 0, , 0, 0, 0, 0, 0, 
123, 1, 119, 129, -1, 174, 217, 23.0, 19, MSppppp, 8497, 0, 0, 0, , 0, 0, 0, 0, 0, 
124, 1, 120, 130, -1, 224, 215, 17.0, 19, MSpppaa, 8086, 0, 0, 0, , 0, 0, 0, 0, 0, 
125, 1, 121, 131, -1, 197, 228, 17.0, 17, MSpppap, 7297, 0, 0, 0, , 0, 0, 0, 0, 0, 
126, 1, 122, 132, -1, 250, 196, 17.0, 15, MSppaap, 6139, 0, 0, 0, , 0, 0, 0, 0, 0, 
127, 1, 123, 133, -1, 265, 182, 18.0, 17, MSppaaa, 7861, 0, 0, 0, , 0, 0, 0, 0, 0, 
128, 1, 124, 134, -1, 210, 194, 24.0, 17, MSppapp, 7063, 0, 0, 0, , 0, 0, 0, 0, 0, 
129, 1, 125, 135, -1, 234, 198, 21.0, 17, MSppapa, 7226, 0, 0, 0, , 0, 0, 0, 0, 0, 
130, 1, 126, 136, -1, 209, 260, 18.0, 19, MSpapap, 9716, 0, 0, 0, , 0, 0, 0, 0, 0, 
131, 1, 127, 137, -1, 236, 246, 19.0, 19, MSpapaa, 10674, 0, 0, 0, , 0, 0, 0, 0, 0, 
132, 1, 128, 138, -1, 195, 271, 13.0, 17, MSpappa, 7124, 0, 0, 0, , 0, 0, 0, 0, 0, 
133, 1, 129, 139, -1, 177, 280, 12.0, 21, MSpappp, 11194, 0, 0, 0, , 0, 0, 0, 0, 0, 
134, 1, 130, 140, -1, 277, 197, 25.0, 19, MSpaaap, 10856, 0, 0, 0, , 0, 0, 0, 0, 0, 
135, 1, 131, 141, -1, 309, 193, 21.0, 19, MSpaaaa, 10743, 0, 0, 0, , 0, 0, 0, 0, 0, 
136, 1, 132, 142, -1, 269, 213, 22.0, 23, MSpaapa, 30036, 0, 0, 0, , 0, 0, 0, 0, 0, 
137, 1, 133, 143, -1, 238, 221, 23.0, 15, MSpaapp, 6537, 0, 0, 0, , 0, 0, 0, 0, 0, 
138, 1, 134, 144, -1, 248, 308, 21.0, 17, MSapppa, 6483, 0, 0, 0, , 0, 0, 0, 0, 0, 
139, 1, 135, 145, -1, 215, 312, 25.0, 17, MSapppp, 8443, 0, 0, 0, , 0, 0, 0, 0, 0, 
140, 1, 136, 146, -1, 266, 289, 20.0, 19, MSappaa, 7584, 0, 0, 0, , 0, 0, 0, 0, 0, 
141, 1, 137, 147, -1, 229, 300, 18.0, 15, MSappap, 6096, 0, 0, 0, , 0, 0, 0, 0, 0, 
142, 1, 138, 148, -1, 254, 298, 26.0, 19, MSapapp, 7475, 0, 0, 0, , 0, 0, 0, 0, 0, 
143, 1, 139, 149, -1, 283, 283, 24.0, 19, MSapapa, 7882, 0, 0, 0, , 0, 0, 0, 0, 0, 
144, 1, 140, 150, -1, 296, 268, 21.0, 17, MSapaap, 7232, 0, 0, 0, , 0, 0, 0, 0, 0, 
145, 1, 141, 151, -1, 322, 254, 22.0, 19, MSapaaa, 8878, 0, 0, 0, , 0, 0, 0, 0, 0, 
146, 1, 142, 152, -1, 328, 208, 24.0, 21, MSaaaaa, 10953, 0, 0, 0, , 0, 0, 0, 0, 0, 
147, 1, 143, 153, -1, 300, 224, 28.0, 19, MSaaaap, 8360, 0, 0, 0, , 0, 0, 0, 0, 0, 
148, 1, 144, 154, -1, 304, 231, 23.0, 23, MSaaapa, 11648, 0, 0, 0, , 0, 0, 0, 0, 0, 
149, 1, 145, 155, -1, 267, 239, 24.0, 17, MSaaapp, 6737, 0, 0, 0, , 0, 0, 0, 0, 0, 
150, 1, 146, 156, -1, 205, 297, 14.0, 19, MSaappp, 8116, 0, 0, 0, , 0, 0, 0, 0, 0, 
151, 1, 147, 157, -1, 221, 284, 13.0, 15, MSaappa, 6002, 0, 0, 0, , 0, 0, 0, 0, 0, 
152, 1, 148, 158, -1, 267, 258, 20.0, 21, MSaapaa, 11263, 0, 0, 0, , 0, 0, 0, 0, 0, 
153, 1, 149, 159, -1, 236, 275, 18.0, 19, MSaapap, 7471, 0, 0, 0, , 0, 0, 0, 0, 0, 
154, 1, 150, 160, -1, 217, 289, 25.0, 23, Ealp, 36441, 0, 0, 0, , 0, 0, 0, 0, 0, 
155, 1, 151, 161, -1, 137, 309, 23.0, 27, Eplp, 52640, 0, 0, 0, , 0, 0, 0, 0, 0, 
156, 1, 152, 162, -1, 132, 339, 19.0, 21, Cappa, 8939, 0, 0, 0, , 0, 0, 0, 0, 0, 
157, 1, 153, 163, -1, 110, 333, 16.0, 19, Cappp, 9662, 0, 0, 0, , 0, 0, 0, 0, 0, 
158, 1, 154, 164, -1, 154, 310, 15.0, 21, Capaa, 10009, 0, 0, 0, , 0, 0, 0, 0, 0, 
159, 1, 155, 165, -1, 130, 320, 14.0, 19, Capap, 10404, 0, 0, 0, , 0, 0, 0, 0, 0, 
160, 1, 156, 166, -1, 116, 320, 30.0, 15, Caaapa, 5572, 0, 0, 0, , 0, 0, 0, 0, 0, 
161, 1, 156, 167, -1, 99, 335, 25.0, 15, Caaapp, 5297, 0, 0, 0, , 0, 0, 0, 0, 0, 
162, 1, 157, 168, 169, 150, 307, 31.0, 19, Caaaa, 10092, 0, 0, 0, , 0, 0, 0, 0, 0, 
163, 1, 158, 170, -1, 78, 336, 17.0, 19, Caapp, 10211, 0, 0, 0, , 0, 0, 0, 0, 0, 
164, 1, 159, 171, -1, 85, 350, 21.0, 21, Caapa, 8496, 0, 0, 0, , 0, 0, 0, 0, 0, 
165, 1, 160, 172, -1, 75, 309, 13.0, 21, Cpapp, 11791, 0, 0, 0, , 0, 0, 0, 0, 0, 
166, 1, 161, 173, -1, 66, 315, 21.0, 23, Cpapa, 14554, 0, 0, 0, , 0, 0, 0, 0, 0, 
167, 1, 162, 174, -1, 156, 255, 32.0, 15, Cpaaaa, 4662, 0, 0, 0, , 0, 0, 0, 0, 0, 
168, 1, 162, 175, -1, 133, 267, 32.0, 15, Cpaaap, 4779, 0, 0, 0, , 0, 0, 0, 0, 0, 
169, 1, 163, 176, -1, 108, 284, 32.0, 17, Cpaapa, 6855, 0, 0, 0, , 0, 0, 0, 0, 0, 
170, 1, 164, 177, -1, 87, 303, 27.0, 17, Cpaapp, 5780, 0, 0, 0, , 0, 0, 0, 0, 0, 
171, 1, 165, 178, -1, 144, 280, 14.0, 19, Cppaa, 11014, 0, 0, 0, , 0, 0, 0, 0, 0, 
172, 1, 166, 179, -1, 122, 296, 14.0, 19, Cppap, 9889, 0, 0, 0, , 0, 0, 0, 0, 0, 
173, 1, 167, 180, -1, 98, 307, 14.0, 19, Cpppp, 11609, 0, 0, 0, , 0, 0, 0, 0, 0, 
174, 1, 168, 181, -1, 91, 285, 17.0, 19, Cpppa, 10963, 0, 0, 0, , 0, 0, 0, 0, 0, 
175, 1, 169, 182, -1, 173, 316, 15.0, 17, Daap, 6962, 0, 0, 0, , 0, 0, 0, 0, 0, 
176, 1, 170, 183, -1, 207, 308, 19.0, 17, Daaa, 7082, 0, 0, 0, , 0, 0, 0, 0, 0, 
177, 1, 171, 184, -1, 182, 318, 20.0, 21, Dapp, 10363, 0, 0, 0, , 0, 0, 0, 0, 0, 
178, 1, 172, 185, -1, 155, 257, 16.0, 17, Dpap, 6940, 0, 0, 0, , 0, 0, 0, 0, 0, 
179, 1, 173, 186, -1, 173, 229, 18.0, 19, Dpaa, 8143, 0, 0, 0, , 0, 0, 0, 0, 0, 
180, 1, 174, 187, -1, 124, 266, 19.0, 21, Dppp, 9950, 0, 0, 0, , 0, 0, 0, 0, 0, 
181, 1, 175, 188, -1, 152, 239, 18.0, 17, Dppa, 6816, 0, 0, 0, , 0, 0, 0, 0, 0, 
182, 1, 176, 189, -1, 188, 274, 19.0, 21, Z3, 12223, 0, 0, 0, , 0, 0, 0, 0, 0, 
183, 1, 177, 190, -1, 155, 284, 20.0, 23, Z2, 36456, 0, 0, 0, , 0, 0, 0, 0, 0, 
184, 0, 178, -1, -1, 381, 244, 24.0, 17, , 10702, 0, 0, 0, , 0, 0, 0, 0, 0, 
185, 1, 179, 192, -1, 306, 304, 28.0, 17, ABalpppppa, 7931, 0, 0, 0, , 0, 0, 0, 0, 0, 
186, 1, 180, 193, -1, 278, 311, 27.0, 19, ABalpppppp, 8819, 0, 0, 0, , 0, 0, 0, 0, 0, 
187, 1, 181, 194, -1, 305, 282, 29.0, 15, ABalppppap, 5136, 0, 0, 0, , 0, 0, 0, 0, 0, 
188, 1, 182, 195, -1, 326, 259, 28.0, 15, ABalppppaa, 5459, 0, 0, 0, , 0, 0, 0, 0, 0, 
189, 1, 183, 196, -1, 345, 269, 26.0, 19, ABalpppaa, 10616, 0, 0, 0, , 0, 0, 0, 0, 0, 
190, 1, 184, 197, -1, 325, 291, 26.0, 21, ABalpppap, 16682, 0, 0, 0, , 0, 0, 0, 0, 0, 
191, 1, 185, 198, -1, 344, 271, 20.0, 19, ABalppaaa, 9010, 0, 0, 0, , 0, 0, 0, 0, 0, 
192, 1, 186, 199, -1, 332, 290, 20.0, 19, ABalppaap, 8874, 0, 0, 0, , 0, 0, 0, 0, 0, 
193, 1, 187, 200, -1, 279, 308, 16.0, 15, ABalppappp, 5751, 0, 0, 0, , 0, 0, 0, 0, 0, 
194, 1, 188, 201, -1, 299, 293, 14.0, 15, ABalppappa, 6341, 0, 0, 0, , 0, 0, 0, 0, 0, 
195, 1, 189, 202, 203, 317, 282, 14.0, 19, ABalppapa, 10148, 0, 0, 0, , 0, 0, 0, 0, 0, 
196, 1, 190, 204, -1, 286, 280, 11.0, 19, ABalpapap, 11259, 0, 0, 0, , 0, 0, 0, 0, 0, 
197, 1, 191, 205, -1, 312, 260, 10.0, 19, ABalpapaa, 10922, 0, 0, 0, , 0, 0, 0, 0, 0, 
198, 1, 192, 206, -1, 269, 256, 11.0, 19, ABalpappap, 7764, 0, 0, 0, , 0, 0, 0, 0, 0, 
199, 1, 193, 207, -1, 292, 250, 9.0, 17, ABalpappaa, 6687, 0, 0, 0, , 0, 0, 0, 0, 0, 
200, 1, 194, 208, -1, 254, 267, 15.0, 19, ABalpapppp, 6997, 0, 0, 0, , 0, 0, 0, 0, 0, 
201, 1, 195, 209, -1, 285, 264, 16.0, 17, ABalpapppa, 7396, 0, 0, 0, , 0, 0, 0, 0, 0, 
202, 1, 196, 210, -1, 305, 233, 11.0, 17, ABalpaaap, 10183, 0, 0, 0, , 0, 0, 0, 0, 0, 
203, 1, 197, 211, -1, 326, 215, 10.0, 21, ABalpaaaa, 11297, 0, 0, 0, , 0, 0, 0, 0, 0, 
204, 1, 198, 212, -1, 318, 260, 16.0, 21, ABalpaapp, 10071, 0, 0, 0, , 0, 0, 0, 0, 0, 
205, 1, 199, 213, -1, 325, 242, 14.0, 19, ABalpaapap, 6050, 0, 0, 0, , 0, 0, 0, 0, 0, 
206, 1, 200, 214, -1, 343, 214, 15.0, 17, ABalpaapaa, 6455, 0, 0, 0, , 0, 0, 0, 0, 0, 
207, 1, 201, 215, -1, 152, 246, 24.0, 25, Epra, 29223, 0, 0, 0, , 0, 0, 0, 0, 0, 
208, 1, 202, 216, -1, 232, 234, 27.0, 29, Eara, 56673, 0, 0, 0, , 0, 0, 0, 0, 0, 
209, 1, 203, 217, -1, 194, 244, 23.0, 25, Earp, 17146, 0, 0, 0, , 0, 0, 0, 0, 0, 
210, 1, 204, 218, -1, 257, 259, 28.0, 25, Eala, 65535, 0, 0, 0, , 0, 0, 0, 0, 0, 
211, 1, 205, 219, -1, 174, 277, 27.0, 27, Epla, 54051, 0, 0, 0, , 0, 0, 0, 0, 0, 
212, 1, 206, 220, -1, 106, 280, 22.0, 25, Eprp, 28662, 0, 0, 0, , 0, 0, 0, 0, 0, 
213, 1, 207, 221, -1, 185, 311, 26.0, 19, Dapa, 8938, 0, 0, 0, , 0, 0, 0, 0, 0, 
