1, 1, 1, 1, -1, 309, 206, 24.0, 17, ABaraappaa, 14138, 0, 0, 0, , 0, 0, 0, 0, 0, 
2, 1, 2, 2, -1, 275, 209, 24.0, 17, ABaraappapp, 8106, 0, 0, 0, , 0, 0, 0, 0, 0, 
3, 1, 3, 3, -1, 293, 204, 24.0, 17, ABaraappapa, 6716, 0, 0, 0, , 0, 0, 0, 0, 0, 
4, 1, 4, 4, -1, 251, 219, 21.0, 17, ABaraapppap, 7405, 0, 0, 0, , 0, 0, 0, 0, 0, 
5, 1, 5, 5, -1, 264, 212, 20.0, 15, ABaraapppaa, 5235, 0, 0, 0, , 0, 0, 0, 0, 0, 
6, 1, 6, 6, -1, 237, 236, 20.0, 13, ABaraappppp, 4444, 0, 0, 0, , 0, 0, 0, 0, 0, 
7, 1, 7, 7, -1, 256, 266, 20.0, 15, ABaraapapp, 8281, 0, 0, 0, , 0, 0, 0, 0, 0, 
8, 1, 8, 8, -1, 267, 255, 23.0, 17, ABaraapapap, 15692, 0, 0, 0, , 0, 0, 0, 0, 0, 
9, 1, 9, 9, -1, 280, 247, 23.0, 17, ABaraapapaa, 10311, 0, 0, 0, , 0, 0, 0, 0, 0, 
10, 1, 10, 10, -1, 323, 225, 23.0, 17, ABaraapaaa, 9930, 0, 0, 0, , 0, 0, 0, 0, 0, 
11, 1, 11, 11, -1, 289, 235, 25.0, 15, ABaraapaapp, 6395, 0, 0, 0, , 0, 0, 0, 0, 0, 
12, 1, 12, 12, -1, 307, 230, 24.0, 15, ABaraapaapa, 7956, 0, 0, 0, , 0, 0, 0, 0, 0, 
13, 1, 13, 13, -1, 313, 218, 11.0, 17, ABaraaappa, 8681, 0, 0, 0, , 0, 0, 0, 0, 0, 
14, 1, 14, 14, -1, 302, 206, 12.0, 11, ABaraaapppa, 4328, 0, 0, 0, , 0, 0, 0, 0, 0, 
15, 1, 15, 15, -1, 277, 209, 10.0, 11, ABaraaapppp, 3599, 0, 0, 0, , 0, 0, 0, 0, 0, 
16, 1, 16, 16, -1, 316, 213, 19.0, 13, ABaraaapaaa, 3079, 0, 0, 0, , 0, 0, 0, 0, 0, 
17, 1, 502, 17, -1, 291, 219, 19.0, 15, ABaraaapapa, 2936, 0, 0, 0, , 0, 0, 0, 0, 0, 
18, 1, 18, 18, -1, 302, 207, 20.0, 13, ABaraaapaap, 6479, 0, 0, 0, , 0, 0, 0, 0, 0, 
19, 1, 19, 19, -1, 279, 219, 21.0, 15, ABaraaapapp, 7282, 0, 0, 0, , 0, 0, 0, 0, 0, 
20, 1, 20, 20, -1, 315, 232, 17.0, 17, ABaraaaaaa, 7400, 0, 0, 0, , 0, 0, 0, 0, 0, 
21, 1, 21, 21, -1, 301, 210, 16.0, 17, ABaraaaaap, 8979, 0, 0, 0, , 0, 0, 0, 0, 0, 
22, 1, 22, 22, -1, 309, 225, 28.0, 11, ABaraaaapp, 5007, 0, 0, 0, , 0, 0, 0, 0, 0, 
23, 1, 23, 23, -1, 327, 211, 19.0, 15, ABaraaaapa, 7448, 0, 0, 0, , 0, 0, 0, 0, 0, 
24, 1, 24, 24, -1, 239, 246, 11.0, 13, ABarapapapp, 7406, 0, 0, 0, , 0, 0, 0, 0, 0, 
25, 1, 25, 25, -1, 256, 239, 11.0, 13, ABarapapapa, 6495, 0, 0, 0, , 0, 0, 0, 0, 0, 
26, 1, 26, 26, -1, 260, 236, 13.0, 15, ABarapapaap, 6136, 0, 0, 0, , 0, 0, 0, 0, 0, 
27, 1, 27, 27, -1, 274, 223, 15.0, 13, ABarapapaaa, 6166, 0, 0, 0, , 0, 0, 0, 0, 0, 
28, 1, 28, 28, -1, 219, 240, 13.0, 17, ABarapapppp, 6328, 0, 0, 0, , 0, 0, 0, 0, 0, 
29, 1, 29, 507, -1, 241, 233, 13.0, 15, ABarapapppa, 4988, 0, 0, 0, , 0, 0, 0, 0, 0, 
30, 1, 30, 29, -1, 248, 226, 16.0, 19, ABarapappa, 11760, 0, 0, 0, , 0, 0, 0, 0, 0, 
31, 1, 31, 30, -1, 278, 228, 12.0, 15, ABarapaaap, 12420, 0, 0, 0, , 0, 0, 0, 0, 0, 
32, 1, 32, 31, -1, 294, 223, 13.0, 15, ABarapaaaa, 9659, 0, 0, 0, , 0, 0, 0, 0, 0, 
33, 1, 33, 32, -1, 281, 216, 17.0, 17, ABarapaapa, 10922, 0, 0, 0, , 0, 0, 0, 0, 0, 
34, 1, 34, 33, -1, 247, 219, 18.0, 15, ABarapaappp, 7533, 0, 0, 0, , 0, 0, 0, 0, 0, 
35, 1, 35, 34, -1, 264, 232, 18.0, 15, ABarapaappa, 6064, 0, 0, 0, , 0, 0, 0, 0, 0, 
36, 1, 36, 35, -1, 258, 199, 10.0, 13, ABarapppapa, 5722, 0, 0, 0, , 0, 0, 0, 0, 0, 
37, 1, 37, 36, -1, 238, 210, 10.0, 11, ABarapppapp, 4117, 0, 0, 0, , 0, 0, 0, 0, 0, 
38, 1, 38, 37, -1, 285, 194, 11.0, 13, ABarapppaaa, 4804, 0, 0, 0, , 0, 0, 0, 0, 0, 
39, 1, 38, 38, -1, 266, 191, 11.0, 13, ABarapppaap, 4716, 0, 0, 0, , 0, 0, 0, 0, 0, 
40, 1, 39, 39, -1, 253, 199, 13.0, 13, ABarappppap, 4779, 0, 0, 0, , 0, 0, 0, 0, 0, 
41, 1, 40, 40, -1, 271, 187, 14.0, 13, ABarappppaa, 4821, 0, 0, 0, , 0, 0, 0, 0, 0, 
42, 1, 41, 41, -1, 239, 196, 12.0, 11, ABarapppppa, 3692, 0, 0, 0, , 0, 0, 0, 0, 0, 
43, 1, 42, 42, -1, 222, 190, 12.0, 13, ABarapppppp, 4865, 0, 0, 0, , 0, 0, 0, 0, 0, 
44, 1, 43, 43, -1, 259, 217, 11.0, 17, ABarappaaa, 10118, 0, 0, 0, , 0, 0, 0, 0, 0, 
45, 1, 44, 44, -1, 236, 227, 10.0, 17, ABarappaap, 10161, 0, 0, 0, , 0, 0, 0, 0, 0, 
46, 1, 45, 45, -1, 210, 219, 9.0, 15, ABarappapap, 6276, 0, 0, 0, , 0, 0, 0, 0, 0, 
47, 1, 46, 46, -1, 224, 202, 10.0, 15, ABarappapaa, 6097, 0, 0, 0, , 0, 0, 0, 0, 0, 
48, 1, 47, 47, 48, 189, 207, 11.0, 15, ABarappapp, 13328, 0, 0, 0, , 0, 0, 0, 0, 0, 
49, 1, 48, 49, -1, 223, 177, 31.0, 17, ABarpapppa, 6977, 0, 0, 0, , 0, 0, 0, 0, 0, 
50, 1, 49, 50, -1, 216, 189, 35.0, 19, ABarpapppp, 12036, 0, 0, 0, , 0, 0, 0, 0, 0, 
51, 1, 50, 51, -1, 245, 174, 33.0, 19, ABarpappap, 5970, 0, 0, 0, , 0, 0, 0, 0, 0, 
52, 1, 51, 52, -1, 298, 185, 35.0, 19, ABarpapaaa, 6629, 0, 0, 0, , 0, 0, 0, 0, 0, 
53, 1, 52, 53, -1, 295, 190, 32.0, 13, ABarpapaapa, 4555, 0, 0, 0, , 0, 0, 0, 0, 0, 
54, 1, 53, 54, -1, 278, 198, 35.0, 15, ABarpapaapp, 4596, 0, 0, 0, , 0, 0, 0, 0, 0, 
55, 1, 54, 55, -1, 242, 215, 34.0, 15, ABarpapapp, 6489, 0, 0, 0, , 0, 0, 0, 0, 0, 
56, 1, 55, 56, -1, 277, 220, 35.0, 15, ABarpapapa, 5760, 0, 0, 0, , 0, 0, 0, 0, 0, 
57, 1, 56, 57, -1, 214, 265, 34.0, 19, ABarpaappp, 5635, 0, 0, 0, , 0, 0, 0, 0, 0, 
58, 1, 57, 58, -1, 258, 220, 34.0, 13, ABarpaapaa, 4710, 0, 0, 0, , 0, 0, 0, 0, 0, 
59, 1, 58, 59, -1, 245, 253, 34.0, 19, ABarpaapap, 12414, 0, 0, 0, , 0, 0, 0, 0, 0, 
60, 1, 59, 60, -1, 329, 208, 32.0, 15, ABarpaaaaa, 7963, 0, 0, 0, , 0, 0, 0, 0, 0, 
61, 1, 60, 61, -1, 303, 233, 35.0, 17, ABarpaaaap, 8516, 0, 0, 0, , 0, 0, 0, 0, 0, 
62, 1, 61, 62, -1, 274, 235, 35.0, 13, ABarpaaapp, 3624, 0, 0, 0, , 0, 0, 0, 0, 0, 
63, 1, 62, 63, -1, 297, 212, 35.0, 17, ABarpaaapa, 7649, 0, 0, 0, , 0, 0, 0, 0, 0, 
64, 1, 63, 64, -1, 233, 318, 34.0, 15, ABarppaaap, 4577, 0, 0, 0, , 0, 0, 0, 0, 0, 
65, 1, 64, 65, -1, 236, 291, 34.0, 15, ABarppaaaa, 4134, 0, 0, 0, , 0, 0, 0, 0, 0, 
66, 1, 65, 66, -1, 187, 330, 33.0, 15, ABarppaapp, 5804, 0, 0, 0, , 0, 0, 0, 0, 0, 
67, 1, 66, 67, -1, 138, 351, 31.0, 17, ABarppappa, 8164, 0, 0, 0, , 0, 0, 0, 0, 0, 
68, 1, 67, 68, -1, 109, 357, 22.0, 17, ABarppappp, 5865, 0, 0, 0, , 0, 0, 0, 0, 0, 
69, 1, 68, 69, -1, 190, 348, 32.0, 17, ABarppapap, 7016, 0, 0, 0, , 0, 0, 0, 0, 0, 
70, 1, 69, 70, -1, 214, 332, 34.0, 17, ABarppapaa, 13201, 0, 0, 0, , 0, 0, 0, 0, 0, 
71, 1, 70, 71, -1, 72, 258, 21.0, 17, ABarpppppp, 5999, 0, 0, 0, , 0, 0, 0, 0, 0, 
72, 1, 71, 72, -1, 98, 244, 29.0, 17, ABarpppppa, 5831, 0, 0, 0, , 0, 0, 0, 0, 0, 
73, 1, 72, 73, -1, 161, 196, 31.0, 15, ABarppppaa, 6415, 0, 0, 0, , 0, 0, 0, 0, 0, 
74, 1, 73, 74, -1, 135, 212, 31.0, 17, ABarppppap, 5728, 0, 0, 0, , 0, 0, 0, 0, 0, 
75, 1, 74, 75, -1, 186, 196, 34.0, 17, ABarpppaap, 6729, 0, 0, 0, , 0, 0, 0, 0, 0, 
76, 1, 75, 76, -1, 209, 212, 34.0, 17, ABarpppaaa, 5051, 0, 0, 0, , 0, 0, 0, 0, 0, 
77, 1, 76, 77, -1, 319, 187, 26.0, 19, ABalappppaa, 4329, 0, 0, 0, , 0, 0, 0, 0, 0, 
78, 1, 77, 78, -1, 301, 181, 28.0, 11, ABalappppap, 2615, 0, 0, 0, , 0, 0, 0, 0, 0, 
79, 1, 78, 79, -1, 275, 180, 34.0, 13, ABalapppppp, 1953, 0, 0, 0, , 0, 0, 0, 0, 0, 
80, 1, 79, 80, -1, 342, 196, 24.0, 13, ABalapppaaa, 1781, 0, 0, 0, , 0, 0, 0, 0, 0, 
81, 1, 80, 81, -1, 334, 187, 29.0, 13, ABalapppaap, 3623, 0, 0, 0, , 0, 0, 0, 0, 0, 
82, 1, 81, 82, -1, 319, 197, 31.0, 11, ABalapppapa, 2083, 0, 0, 0, , 0, 0, 0, 0, 0, 
83, 1, 82, 83, -1, 305, 200, 34.0, 13, ABalapppapp, 1462, 0, 0, 0, , 0, 0, 0, 0, 0, 
84, 1, 83, 84, -1, 312, 182, 24.0, 15, ABalappapa, 5368, 0, 0, 0, , 0, 0, 0, 0, 0, 
85, 1, 84, 85, -1, 344, 221, 27.0, 17, ABalappaap, 5339, 0, 0, 0, , 0, 0, 0, 0, 0, 
86, 1, 85, 86, -1, 322, 170, 25.0, 13, ABalappappa, 3375, 0, 0, 0, , 0, 0, 0, 0, 0, 
87, 1, 86, 87, -1, 299, 164, 26.0, 13, ABalappappp, 3175, 0, 0, 0, , 0, 0, 0, 0, 0, 
88, 1, 87, 88, -1, 306, 274, 36.0, 13, ABalapapppp, 2364, 0, 0, 0, , 0, 0, 0, 0, 0, 
89, 1, 88, 89, -1, 320, 259, 33.0, 13, ABalapapppa, 3012, 0, 0, 0, , 0, 0, 0, 0, 0, 
90, 1, 89, 90, -1, 338, 243, 27.0, 17, ABalapappaa, 5898, 0, 0, 0, , 0, 0, 0, 0, 0, 
91, 1, 90, 91, -1, 327, 259, 29.0, 13, ABalapappap, 3549, 0, 0, 0, , 0, 0, 0, 0, 0, 
92, 1, 91, 92, -1, 325, 226, 34.0, 15, ABalapapaa, 5320, 0, 0, 0, , 0, 0, 0, 0, 0, 
93, 1, 92, 93, -1, 310, 250, 32.0, 15, ABalapapapp, 2808, 0, 0, 0, , 0, 0, 0, 0, 0, 
94, 1, 93, 94, -1, 340, 244, 25.0, 19, ABalapaaaa, 17668, 0, 0, 0, , 0, 0, 0, 0, 0, 
95, 1, 94, 95, -1, 353, 257, 26.0, 15, ABalapaaapa, 4031, 0, 0, 0, , 0, 0, 0, 0, 0, 
96, 1, 95, 96, -1, 342, 271, 30.0, 15, ABalapaaapp, 4464, 0, 0, 0, , 0, 0, 0, 0, 0, 
97, 1, 96, 97, -1, 335, 258, 24.0, 15, ABalapaappa, 5882, 0, 0, 0, , 0, 0, 0, 0, 0, 
98, 1, 97, 98, -1, 328, 265, 20.0, 17, ABalapaapa, 6126, 0, 0, 0, , 0, 0, 0, 0, 0, 
99, 1, 98, 99, -1, 336, 274, 24.0, 15, ABalapaappp, 3166, 0, 0, 0, , 0, 0, 0, 0, 0, 
100, 1, 99, 100, -1, 311, 190, 14.0, 15, ABalaapaaa, 7677, 0, 0, 0, , 0, 0, 0, 0, 0, 
101, 1, 100, 101, -1, 246, 181, 10.0, 13, ABalaapapa, 5053, 0, 0, 0, , 0, 0, 0, 0, 0, 
102, 1, 101, 102, -1, 300, 188, 11.0, 15, ABalaapaap, 7737, 0, 0, 0, , 0, 0, 0, 0, 0, 
103, 1, 102, 103, -1, 287, 180, 15.0, 17, ABalaappap, 3999, 0, 0, 0, , 0, 0, 0, 0, 0, 
104, 1, 103, 104, -1, 283, 171, 13.0, 17, ABalaappaa, 4990, 0, 0, 0, , 0, 0, 0, 0, 0, 
105, 1, 104, 105, -1, 299, 169, 24.0, 15, ABalaappppp, 4866, 0, 0, 0, , 0, 0, 0, 0, 0, 
106, 1, 105, 106, -1, 312, 172, 20.0, 13, ABalaappppa, 3316, 0, 0, 0, , 0, 0, 0, 0, 0, 
107, 1, 106, 107, -1, 297, 184, 21.0, 17, ABalaapppa, 7405, 0, 0, 0, , 0, 0, 0, 0, 0, 
108, 1, 107, 108, -1, 347, 254, 13.0, 17, ABalaaaalp, 14574, 0, 0, 0, , 0, 0, 0, 0, 0, 
109, 1, 108, 109, -1, 328, 199, 16.0, 15, ABalaaaarr, 7477, 0, 0, 0, , 0, 0, 0, 0, 0, 
110, 1, 109, 110, -1, 342, 223, 17.0, 15, ABalaaaarl, 12798, 0, 0, 0, , 0, 0, 0, 0, 0, 
111, 1, 110, 111, -1, 331, 188, 21.0, 17, ABalaaappl, 6526, 0, 0, 0, , 0, 0, 0, 0, 0, 
112, 1, 111, 112, -1, 320, 187, 18.0, 13, ABalaaapprr, 3884, 0, 0, 0, , 0, 0, 0, 0, 0, 
113, 1, 112, 113, -1, 300, 178, 17.0, 13, ABalaaapprl, 4013, 0, 0, 0, , 0, 0, 0, 0, 0, 
114, 1, 113, 114, -1, 346, 219, 22.0, 17, ABalaaapar, 8062, 0, 0, 0, , 0, 0, 0, 0, 0, 
115, 1, 114, 115, -1, 344, 265, 20.0, 15, ABalaaapalr, 7970, 0, 0, 0, , 0, 0, 0, 0, 0, 
116, 1, 115, 116, -1, 159, 325, 11.0, 13, ABplppppapa, 5040, 0, 0, 0, , 0, 0, 0, 0, 0, 
117, 1, 116, 117, -1, 150, 310, 10.0, 13, ABplppppapp, 4550, 0, 0, 0, , 0, 0, 0, 0, 0, 
118, 1, 117, 118, -1, 177, 308, 10.0, 13, ABplppppaaa, 5198, 0, 0, 0, , 0, 0, 0, 0, 0, 
119, 1, 118, 119, -1, 168, 310, 11.0, 13, ABplppppaap, 3935, 0, 0, 0, , 0, 0, 0, 0, 0, 
120, 1, 119, 120, -1, 91, 322, 12.0, 15, ABplppppppp, 4778, 0, 0, 0, , 0, 0, 0, 0, 0, 
121, 1, 120, 121, -1, 113, 310, 10.0, 13, ABplppppppa, 3469, 0, 0, 0, , 0, 0, 0, 0, 0, 
122, 1, 121, 122, -1, 150, 307, 14.0, 19, ABplpppppa, 17520, 0, 0, 0, , 0, 0, 0, 0, 0, 
123, 1, 122, 123, -1, 125, 311, 12.0, 13, ABplpppapp, 5014, 0, 0, 0, , 0, 0, 0, 0, 0, 
124, 1, 123, 124, -1, 138, 325, 10.0, 13, ABplpppapaa, 4935, 0, 0, 0, , 0, 0, 0, 0, 0, 
125, 1, 124, 125, -1, 133, 343, 11.0, 15, ABplpppaapp, 4631, 0, 0, 0, , 0, 0, 0, 0, 0, 
126, 1, 125, 126, -1, 152, 341, 11.0, 15, ABplpppaapa, 4353, 0, 0, 0, , 0, 0, 0, 0, 0, 
127, 1, 126, 127, -1, 181, 330, 10.0, 13, ABplpppaaaa, 4688, 0, 0, 0, , 0, 0, 0, 0, 0, 
128, 1, 127, 128, -1, 167, 345, 13.0, 13, ABplpppaaap, 5219, 0, 0, 0, , 0, 0, 0, 0, 0, 
129, 1, 128, 129, -1, 188, 338, 14.0, 17, ABplppappp, 8915, 0, 0, 0, , 0, 0, 0, 0, 0, 
130, 1, 129, 130, -1, 212, 332, 14.0, 15, ABplppappa, 8150, 0, 0, 0, , 0, 0, 0, 0, 0, 
131, 1, 130, 131, -1, 210, 347, 17.0, 13, ABplppapaap, 4882, 0, 0, 0, , 0, 0, 0, 0, 0, 
132, 1, 131, 132, -1, 194, 343, 17.0, 19, ABplppapap, 9272, 0, 0, 0, , 0, 0, 0, 0, 0, 
133, 1, 132, 133, -1, 205, 314, 11.0, 13, ABplppaappa, 3945, 0, 0, 0, , 0, 0, 0, 0, 0, 
134, 1, 132, 134, -1, 195, 320, 10.0, 13, ABplppaappp, 4929, 0, 0, 0, , 0, 0, 0, 0, 0, 
135, 1, 133, 135, -1, 264, 313, 19.0, 13, ABplppaaaaa, 5784, 0, 0, 0, , 0, 0, 0, 0, 0, 
136, 1, 134, 136, -1, 251, 315, 18.0, 13, ABplppaaap, 4777, 0, 0, 0, , 0, 0, 0, 0, 0, 
137, 1, 135, 137, -1, 245, 273, 10.0, 15, ABplpappaaa, 7311, 0, 0, 0, , 0, 0, 0, 0, 0, 
138, 1, 136, 138, -1, 222, 280, 9.0, 15, ABplpappaap, 2856, 0, 0, 0, , 0, 0, 0, 0, 0, 
139, 1, 137, 139, -1, 215, 268, 11.0, 17, ABplpappap, 7918, 0, 0, 0, , 0, 0, 0, 0, 0, 
140, 1, 138, 140, 141, 158, 290, 10.0, 15, ABplpapppp, 7074, 0, 0, 0, , 0, 0, 0, 0, 0, 
141, 1, 139, 142, -1, 184, 286, 10.0, 13, ABplpapppaa, 6335, 0, 0, 0, , 0, 0, 0, 0, 0, 
142, 1, 140, 143, -1, 163, 271, 10.0, 13, ABplpapppap, 5005, 0, 0, 0, , 0, 0, 0, 0, 0, 
143, 1, 141, 144, -1, 216, 301, 11.0, 13, ABplpapappa, 3604, 0, 0, 0, , 0, 0, 0, 0, 0, 
144, 1, 142, 145, -1, 191, 300, 10.0, 13, ABplpapappp, 3338, 0, 0, 0, , 0, 0, 0, 0, 0, 
145, 1, 143, 146, -1, 221, 319, 11.0, 13, ABplpapapap, 4244, 0, 0, 0, , 0, 0, 0, 0, 0, 
146, 1, 144, 147, -1, 243, 301, 13.0, 13, ABplpapapaa, 4870, 0, 0, 0, , 0, 0, 0, 0, 0, 
147, 1, 145, 148, -1, 261, 310, 15.0, 13, ABplpapaap, 5212, 0, 0, 0, , 0, 0, 0, 0, 0, 
148, 1, 146, 149, 150, 264, 292, 13.0, 15, ABplpapaaa, 6985, 0, 0, 0, , 0, 0, 0, 0, 0, 
149, 1, 147, 151, -1, 251, 332, 15.0, 13, ABplpaaaapp, 7219, 0, 0, 0, , 0, 0, 0, 0, 0, 
150, 1, 148, 152, -1, 262, 321, 12.0, 17, ABplpaaaapa, 6918, 0, 0, 0, , 0, 0, 0, 0, 0, 
151, 1, 149, 153, -1, 291, 292, 16.0, 15, ABplpaaaaap, 5275, 0, 0, 0, , 0, 0, 0, 0, 0, 
152, 1, 150, 154, -1, 309, 275, 16.0, 15, ABplpaaaaaa, 6513, 0, 0, 0, , 0, 0, 0, 0, 0, 
153, 1, 151, 155, -1, 305, 305, 18.0, 17, ABplpaaapa, 10215, 0, 0, 0, , 0, 0, 0, 0, 0, 
154, 1, 152, 156, -1, 288, 312, 15.0, 13, ABplpaaappa, 6332, 0, 0, 0, , 0, 0, 0, 0, 0, 
155, 1, 153, 157, -1, 275, 321, 16.0, 13, ABplpaaappp, 4771, 0, 0, 0, , 0, 0, 0, 0, 0, 
156, 1, 154, 158, -1, 264, 308, 26.0, 13, ABplpaappap, 4965, 0, 0, 0, , 0, 0, 0, 0, 0, 
157, 1, 155, 159, -1, 286, 300, 24.0, 15, ABplpaappaa, 5685, 0, 0, 0, , 0, 0, 0, 0, 0, 
158, 1, 156, 160, -1, 288, 322, 18.0, 13, ABplpaapppa, 3904, 0, 0, 0, , 0, 0, 0, 0, 0, 
159, 1, 157, 161, -1, 295, 318, 20.0, 15, ABplpaapapp, 3942, 0, 0, 0, , 0, 0, 0, 0, 0, 
160, 1, 158, 162, -1, 272, 328, 20.0, 15, ABplpaapppp, 5615, 0, 0, 0, , 0, 0, 0, 0, 0, 
161, 1, 159, 163, -1, 297, 295, 20.0, 13, ABplpaapaap, 5554, 0, 0, 0, , 0, 0, 0, 0, 0, 
162, 1, 160, 164, -1, 304, 275, 18.0, 13, ABplpaapaaa, 6666, 0, 0, 0, , 0, 0, 0, 0, 0, 
163, 1, 161, 165, -1, 303, 312, 25.0, 15, ABplpaapapa, 5046, 0, 0, 0, , 0, 0, 0, 0, 0, 
164, 1, 162, 166, -1, 271, 328, 26.0, 15, ABplaappap, 6567, 0, 0, 0, , 0, 0, 0, 0, 0, 
165, 1, 163, 167, -1, 285, 322, 24.0, 15, ABplaappaa, 6349, 0, 0, 0, , 0, 0, 0, 0, 0, 
166, 1, 164, 168, -1, 256, 331, 26.0, 17, ABplaapppa, 14031, 0, 0, 0, , 0, 0, 0, 0, 0, 
167, 1, 165, 169, -1, 230, 347, 24.0, 17, ABplaapppp, 8238, 0, 0, 0, , 0, 0, 0, 0, 0, 
168, 1, 166, 170, -1, 337, 253, 31.0, 15, ABplaapaaa, 6994, 0, 0, 0, , 0, 0, 0, 0, 0, 
169, 1, 167, 171, -1, 340, 269, 33.0, 13, ABplaapaapa, 5308, 0, 0, 0, , 0, 0, 0, 0, 0, 
170, 1, 168, 172, -1, 323, 280, 31.0, 15, ABplaapaapp, 7951, 0, 0, 0, , 0, 0, 0, 0, 0, 
171, 1, 169, 173, -1, 296, 296, 30.0, 17, ABplaapappp, 6886, 0, 0, 0, , 0, 0, 0, 0, 0, 
172, 1, 170, 174, -1, 304, 279, 30.0, 13, ABplaapappa, 5347, 0, 0, 0, , 0, 0, 0, 0, 0, 
173, 1, 171, 175, -1, 302, 282, 26.0, 15, ABplaapapa, 7858, 0, 0, 0, , 0, 0, 0, 0, 0, 
174, 1, 172, 176, -1, 296, 257, 35.0, 15, ABplaaaaapp, 6429, 0, 0, 0, , 0, 0, 0, 0, 0, 
175, 1, 173, 177, -1, 306, 256, 30.0, 15, ABplaaaaapa, 4014, 0, 0, 0, , 0, 0, 0, 0, 0, 
176, 1, 174, 178, -1, 320, 247, 36.0, 17, ABplaaaaaa, 6149, 0, 0, 0, , 0, 0, 0, 0, 0, 
177, 1, 175, 179, -1, 265, 265, 35.0, 17, ABplaaaapp, 7407, 0, 0, 0, , 0, 0, 0, 0, 0, 
178, 1, 176, 180, -1, 278, 252, 34.0, 15, ABplaaaapa, 7723, 0, 0, 0, , 0, 0, 0, 0, 0, 
179, 1, 177, 181, -1, 263, 293, 34.0, 15, ABplaaappp, 7274, 0, 0, 0, , 0, 0, 0, 0, 0, 
180, 1, 178, 182, -1, 277, 299, 33.0, 15, ABplaaappa, 6738, 0, 0, 0, , 0, 0, 0, 0, 0, 
181, 1, 179, 183, -1, 295, 299, 33.0, 17, ABplaaapap, 7871, 0, 0, 0, , 0, 0, 0, 0, 0, 
182, 1, 180, 184, -1, 304, 284, 34.0, 15, ABplaaapaa, 5741, 0, 0, 0, , 0, 0, 0, 0, 0, 
183, 1, 181, 185, -1, 137, 352, 14.0, 17, ABplappppa, 8083, 0, 0, 0, , 0, 0, 0, 0, 0, 
184, 1, 182, 186, -1, 107, 337, 13.0, 15, ABplappppp, 6639, 0, 0, 0, , 0, 0, 0, 0, 0, 
185, 1, 183, 187, -1, 121, 344, 17.0, 15, ABplapppaa, 5778, 0, 0, 0, , 0, 0, 0, 0, 0, 
186, 1, 184, 188, -1, 124, 333, 13.0, 15, ABplapppap, 6029, 0, 0, 0, , 0, 0, 0, 0, 0, 
187, 1, 185, 189, -1, 194, 357, 25.0, 15, ABplappaaa, 7747, 0, 0, 0, , 0, 0, 0, 0, 0, 
188, 1, 186, 190, -1, 175, 361, 25.0, 15, ABplappaap, 7666, 0, 0, 0, , 0, 0, 0, 0, 0, 
189, 1, 187, 191, -1, 162, 363, 22.0, 15, ABplappapp, 7221, 0, 0, 0, , 0, 0, 0, 0, 0, 
190, 1, 188, 192, -1, 163, 347, 32.0, 17, ABplappapa, 8642, 0, 0, 0, , 0, 0, 0, 0, 0, 
191, 1, 189, 193, -1, 209, 352, 27.0, 15, ABplapaapp, 8448, 0, 0, 0, , 0, 0, 0, 0, 0, 
192, 1, 190, 194, -1, 243, 339, 28.0, 15, ABplapaapa, 8019, 0, 0, 0, , 0, 0, 0, 0, 0, 
193, 1, 191, 195, -1, 242, 299, 31.0, 15, ABplapaaaap, 7045, 0, 0, 0, , 0, 0, 0, 0, 0, 
194, 1, 192, 196, 197, 247, 319, 30.0, 15, ABplapaaap, 7158, 0, 0, 0, , 0, 0, 0, 0, 0, 
195, 1, 193, 198, -1, 104, 344, 18.0, 17, ABplapappp, 9279, 0, 0, 0, , 0, 0, 0, 0, 0, 
196, 1, 194, 199, -1, 142, 370, 22.0, 15, ABplapapap, 6483, 0, 0, 0, , 0, 0, 0, 0, 0, 
197, 1, 195, 200, -1, 132, 363, 18.0, 17, ABplapappa, 7943, 0, 0, 0, , 0, 0, 0, 0, 0, 
198, 1, 196, 201, -1, 126, 357, 28.0, 17, ABplapapaa, 8920, 0, 0, 0, , 0, 0, 0, 0, 0, 
199, 1, 197, 202, -1, 220, 214, 13.0, 17, ABprpapaaa, 6982, 0, 0, 0, , 0, 0, 0, 0, 0, 
200, 1, 198, 203, -1, 207, 201, 13.0, 15, ABprpapaap, 4660, 0, 0, 0, , 0, 0, 0, 0, 0, 
201, 1, 199, 204, -1, 179, 238, 11.0, 13, ABprpapappa, 4157, 0, 0, 0, , 0, 0, 0, 0, 0, 
202, 1, 200, 205, -1, 175, 258, 10.0, 13, ABprpapappp, 5100, 0, 0, 0, , 0, 0, 0, 0, 0, 
203, 1, 201, 206, -1, 179, 228, 12.0, 15, ABprpapapap, 3921, 0, 0, 0, , 0, 0, 0, 0, 0, 
204, 1, 202, 207, -1, 206, 228, 12.0, 13, ABprpapapaa, 3525, 0, 0, 0, , 0, 0, 0, 0, 0, 
205, 1, 203, 208, -1, 134, 292, 11.0, 11, ABprpappppp, 2958, 0, 0, 0, , 0, 0, 0, 0, 0, 
206, 1, 204, 209, -1, 148, 280, 14.0, 15, ABprpappppa, 5045, 0, 0, 0, , 0, 0, 0, 0, 0, 
207, 1, 205, 210, -1, 198, 248, 11.0, 15, ABprpapppaa, 6344, 0, 0, 0, , 0, 0, 0, 0, 0, 
208, 1, 206, 211, -1, 186, 267, 11.0, 15, ABprpapppap, 4808, 0, 0, 0, , 0, 0, 0, 0, 0, 
209, 1, 208, 212, -1, 199, 281, 10.0, 17, ABprpappapp, 4588, 0, 0, 0, , 0, 0, 0, 0, 0, 
210, 1, 209, 213, -1, 211, 240, 9.0, 13, ABprpappaap, 4317, 0, 0, 0, , 0, 0, 0, 0, 0, 
211, 1, 210, 214, -1, 227, 247, 9.0, 15, ABprpappaaa, 3914, 0, 0, 0, , 0, 0, 0, 0, 0, 
212, 1, 211, 215, -1, 234, 180, 16.0, 15, ABprpaaaaap, 5500, 0, 0, 0, , 0, 0, 0, 0, 0, 
213, 1, 212, 216, -1, 256, 178, 17.0, 13, ABprpaapaaa, 10914, 0, 0, 0, , 0, 0, 0, 0, 0, 
214, 1, 213, 217, -1, 183, 188, 12.0, 15, ABprpaaaapp, 6068, 0, 0, 0, , 0, 0, 0, 0, 0, 
215, 1, 214, 218, -1, 206, 188, 11.0, 15, ABprpaaaapa, 5853, 0, 0, 0, , 0, 0, 0, 0, 0, 
216, 1, 215, 219, -1, 222, 173, 13.0, 13, ABprpaaappa, 4893, 0, 0, 0, , 0, 0, 0, 0, 0, 
217, 1, 216, 220, -1, 218, 185, 14.0, 15, ABprpaaappp, 3562, 0, 0, 0, , 0, 0, 0, 0, 0, 
218, 1, 217, 221, -1, 240, 171, 12.0, 15, ABprpaaapa, 17302, 0, 0, 0, , 0, 0, 0, 0, 0, 
219, 1, 218, 222, -1, 244, 171, 19.0, 15, ABprpaapaap, 5496, 0, 0, 0, , 0, 0, 0, 0, 0, 
220, 1, 219, 223, -1, 242, 158, 22.0, 15, ABprpaapapa, 6163, 0, 0, 0, , 0, 0, 0, 0, 0, 
221, 1, 220, 224, -1, 230, 160, 18.0, 15, ABprpaapapp, 6437, 0, 0, 0, , 0, 0, 0, 0, 0, 
222, 1, 221, 225, -1, 221, 164, 17.0, 17, ABprpaapppa, 4357, 0, 0, 0, , 0, 0, 0, 0, 0, 
223, 1, 222, 226, -1, 210, 167, 18.0, 15, ABprpaapppp, 4979, 0, 0, 0, , 0, 0, 0, 0, 0, 
224, 1, 223, 227, -1, 217, 188, 26.0, 15, ABprpaappap, 5406, 0, 0, 0, , 0, 0, 0, 0, 0, 
225, 1, 224, 228, -1, 231, 184, 22.0, 15, ABprpaappaa, 5893, 0, 0, 0, , 0, 0, 0, 0, 0, 
226, 1, 225, 229, -1, 87, 260, 11.0, 15, ABprpppaapp, 5841, 0, 0, 0, , 0, 0, 0, 0, 0, 
227, 1, 226, 230, -1, 107, 250, 11.0, 13, ABprpppaapa, 4824, 0, 0, 0, , 0, 0, 0, 0, 0, 
228, 1, 227, 231, -1, 114, 239, 11.0, 17, ABprpppaaap, 7787, 0, 0, 0, , 0, 0, 0, 0, 0, 
229, 1, 228, 232, -1, 144, 238, 11.0, 13, ABprpppaaaa, 5307, 0, 0, 0, , 0, 0, 0, 0, 0, 
230, 1, 229, 233, -1, 115, 265, 10.0, 13, ABprpppapaa, 4685, 0, 0, 0, , 0, 0, 0, 0, 0, 
231, 1, 230, 234, -1, 113, 283, 10.0, 13, ABprpppapap, 3276, 0, 0, 0, , 0, 0, 0, 0, 0, 
232, 1, 231, 235, -1, 119, 297, 10.0, 13, ABprpppapp, 4733, 0, 0, 0, , 0, 0, 0, 0, 0, 
233, 1, 232, 236, -1, 134, 255, 10.0, 15, ABprppppapa, 4267, 0, 0, 0, , 0, 0, 0, 0, 0, 
234, 1, 233, 237, -1, 129, 276, 10.0, 13, ABprppppapp, 4869, 0, 0, 0, , 0, 0, 0, 0, 0, 
235, 1, 234, 238, -1, 153, 261, 10.0, 13, ABprppppaaa, 4881, 0, 0, 0, , 0, 0, 0, 0, 0, 
236, 1, 235, 239, -1, 142, 271, 12.0, 13, ABprppppaap, 4809, 0, 0, 0, , 0, 0, 0, 0, 0, 
237, 1, 236, 240, -1, 86, 299, 10.0, 15, ABprppppppp, 4691, 0, 0, 0, , 0, 0, 0, 0, 0, 
238, 1, 237, 241, -1, 104, 296, 10.0, 13, ABprppppppa, 2732, 0, 0, 0, , 0, 0, 0, 0, 0, 
239, 1, 238, 242, -1, 133, 264, 15.0, 13, ABprpppppaa, 4700, 0, 0, 0, , 0, 0, 0, 0, 0, 
240, 1, 239, 243, -1, 121, 283, 13.0, 13, ABprpppppap, 4367, 0, 0, 0, , 0, 0, 0, 0, 0, 
241, 1, 240, 244, -1, 184, 210, 15.0, 19, ABprppaapa, 7701, 0, 0, 0, , 0, 0, 0, 0, 0, 
242, 1, 241, 245, -1, 162, 240, 10.0, 17, ABprppaapp, 10106, 0, 0, 0, , 0, 0, 0, 0, 0, 
243, 1, 242, 246, -1, 207, 180, 17.0, 15, ABprppaaaaa, 4486, 0, 0, 0, , 0, 0, 0, 0, 0, 
244, 1, 243, 247, -1, 188, 191, 16.0, 13, ABprppaaaap, 5572, 0, 0, 0, , 0, 0, 0, 0, 0, 
245, 1, 244, 248, -1, 190, 176, 20.0, 13, ABprppaaap, 5436, 0, 0, 0, , 0, 0, 0, 0, 0, 
246, 1, 245, 249, -1, 166, 196, 14.0, 13, ABprppapaaa, 6712, 0, 0, 0, , 0, 0, 0, 0, 0, 
247, 1, 246, 250, -1, 149, 205, 15.0, 13, ABprppapaap, 4899, 0, 0, 0, , 0, 0, 0, 0, 0, 
248, 1, 247, 251, -1, 134, 218, 14.0, 17, ABprppapap, 7387, 0, 0, 0, , 0, 0, 0, 0, 0, 
249, 1, 248, 252, -1, 122, 230, 13.0, 19, ABprppappp, 7590, 0, 0, 0, , 0, 0, 0, 0, 0, 
250, 1, 249, 253, -1, 158, 218, 12.0, 19, ABprppappa, 9028, 0, 0, 0, , 0, 0, 0, 0, 0, 
251, 1, 250, 254, -1, 318, 177, 31.0, 15, ABpraapaaa, 7992, 0, 0, 0, , 0, 0, 0, 0, 0, 
252, 1, 251, 255, -1, 294, 168, 30.0, 15, ABpraapaapa, 5113, 0, 0, 0, , 0, 0, 0, 0, 0, 
253, 1, 252, 256, -1, 263, 181, 26.0, 17, ABpraapapa, 8904, 0, 0, 0, , 0, 0, 0, 0, 0, 
254, 1, 253, 257, -1, 241, 172, 29.0, 15, ABpraapappp, 5932, 0, 0, 0, , 0, 0, 0, 0, 0, 
255, 1, 254, 258, -1, 258, 179, 29.0, 13, ABpraapappa, 5295, 0, 0, 0, , 0, 0, 0, 0, 0, 
256, 1, 255, 259, -1, 159, 191, 21.0, 17, ABpraapppp, 7451, 0, 0, 0, , 0, 0, 0, 0, 0, 
257, 1, 256, 260, -1, 188, 177, 24.0, 17, ABpraapppa, 8010, 0, 0, 0, , 0, 0, 0, 0, 0, 
258, 1, 257, 261, -1, 207, 170, 24.0, 17, ABpraappap, 6064, 0, 0, 0, , 0, 0, 0, 0, 0, 
259, 1, 258, 262, -1, 223, 165, 22.0, 13, ABpraappaa, 5838, 0, 0, 0, , 0, 0, 0, 0, 0, 
260, 1, 259, 263, -1, 279, 167, 26.0, 17, ABpraaapap, 7902, 0, 0, 0, , 0, 0, 0, 0, 0, 
261, 1, 260, 264, -1, 279, 178, 20.0, 15, ABpraaapaa, 6327, 0, 0, 0, , 0, 0, 0, 0, 0, 
262, 1, 261, 265, -1, 261, 176, 20.0, 11, ABpraaappaa, 3278, 0, 0, 0, , 0, 0, 0, 0, 0, 
263, 1, 261, 266, -1, 252, 178, 23.0, 13, ABpraaappap, 4066, 0, 0, 0, , 0, 0, 0, 0, 0, 
264, 1, 262, 267, -1, 240, 191, 25.0, 15, ABpraaapppa, 5554, 0, 0, 0, , 0, 0, 0, 0, 0, 
265, 1, 263, 268, -1, 227, 172, 26.0, 13, ABpraaapppp, 4118, 0, 0, 0, , 0, 0, 0, 0, 0, 
266, 1, 264, 269, -1, 288, 161, 20.0, 17, ABpraaaaap, 8379, 0, 0, 0, , 0, 0, 0, 0, 0, 
267, 1, 265, 270, -1, 272, 167, 15.0, 15, ABpraaaaaa, 7627, 0, 0, 0, , 0, 0, 0, 0, 0, 
268, 1, 266, 271, -1, 266, 162, 19.0, 15, ABpraaaapa, 7171, 0, 0, 0, , 0, 0, 0, 0, 0, 
269, 1, 267, 272, -1, 275, 160, 23.0, 13, ABpraaaappa, 6039, 0, 0, 0, , 0, 0, 0, 0, 0, 
270, 1, 268, 273, -1, 256, 161, 25.0, 15, ABpraaaappp, 3814, 0, 0, 0, , 0, 0, 0, 0, 0, 
271, 1, 269, 274, -1, 107, 223, 19.0, 17, ABprappapp, 16042, 0, 0, 0, , 0, 0, 0, 0, 0, 
272, 1, 270, 275, -1, 113, 223, 29.0, 15, ABprappapa, 5295, 0, 0, 0, , 0, 0, 0, 0, 0, 
273, 1, 271, 276, -1, 115, 213, 23.0, 15, ABprappaap, 7603, 0, 0, 0, , 0, 0, 0, 0, 0, 
274, 1, 272, 277, -1, 136, 206, 20.0, 17, ABprappaaa, 12300, 0, 0, 0, , 0, 0, 0, 0, 0, 
275, 1, 273, 278, -1, 87, 263, 16.0, 17, ABprapppaa, 4646, 0, 0, 0, , 0, 0, 0, 0, 0, 
276, 1, 274, 279, -1, 99, 270, 13.0, 15, ABprapppap, 7044, 0, 0, 0, , 0, 0, 0, 0, 0, 
277, 1, 275, 280, -1, 75, 280, 13.0, 17, ABprappppp, 6724, 0, 0, 0, , 0, 0, 0, 0, 0, 
278, 1, 276, 281, -1, 81, 254, 14.0, 17, ABprappppa, 7671, 0, 0, 0, , 0, 0, 0, 0, 0, 
279, 1, 277, 282, -1, 203, 191, 28.0, 13, ABprapaaapa, 4867, 0, 0, 0, , 0, 0, 0, 0, 0, 
280, 1, 278, 283, -1, 179, 186, 29.0, 13, ABprapaaapp, 3805, 0, 0, 0, , 0, 0, 0, 0, 0, 
281, 1, 279, 284, -1, 210, 201, 31.0, 17, ABprapaaaa, 7940, 0, 0, 0, , 0, 0, 0, 0, 0, 
282, 1, 280, 285, -1, 141, 197, 24.0, 13, ABprapaapp, 8165, 0, 0, 0, , 0, 0, 0, 0, 0, 
283, 1, 281, 286, -1, 170, 183, 24.0, 15, ABprapaapa, 6698, 0, 0, 0, , 0, 0, 0, 0, 0, 
284, 1, 282, 287, -1, 89, 241, 16.0, 17, ABprapappa, 7182, 0, 0, 0, , 0, 0, 0, 0, 0, 
285, 1, 283, 288, -1, 75, 276, 19.0, 15, ABprapappp, 7984, 0, 0, 0, , 0, 0, 0, 0, 0, 
286, 1, 284, 289, -1, 90, 236, 22.0, 15, ABprapapap, 7376, 0, 0, 0, , 0, 0, 0, 0, 0, 
287, 1, 285, 290, -1, 82, 256, 27.0, 15, ABprapapaa, 7056, 0, 0, 0, , 0, 0, 0, 0, 0, 
288, 1, 286, 291, -1, 227, 205, 26.0, 13, MSppppap, 4930, 0, 0, 0, , 0, 0, 0, 0, 0, 
289, 1, 287, 292, -1, 221, 196, 19.0, 15, MSppppaa, 3285, 0, 0, 0, , 0, 0, 0, 0, 0, 
290, 1, 288, 293, -1, 234, 213, 30.0, 15, MSpppppa, 4741, 0, 0, 0, , 0, 0, 0, 0, 0, 
291, 1, 289, 294, -1, 200, 221, 30.0, 15, MSpppppp, 4272, 0, 0, 0, , 0, 0, 0, 0, 0, 
292, 1, 290, 295, -1, 207, 227, 17.0, 13, MSpppaaa, 4387, 0, 0, 0, , 0, 0, 0, 0, 0, 
293, 1, 291, 296, -1, 180, 228, 20.0, 17, MSpppaap, 3537, 0, 0, 0, , 0, 0, 0, 0, 0, 
294, 1, 292, 297, -1, 189, 214, 18.0, 15, MSpppapp, 3754, 0, 0, 0, , 0, 0, 0, 0, 0, 
295, 1, 293, 298, -1, 205, 207, 19.0, 13, MSpppapa, 3492, 0, 0, 0, , 0, 0, 0, 0, 0, 
296, 1, 294, 299, -1, 220, 212, 17.0, 13, MSppaapp, 5541, 0, 0, 0, , 0, 0, 0, 0, 0, 
297, 1, 295, 300, -1, 240, 207, 16.0, 11, MSppaapa, 4018, 0, 0, 0, , 0, 0, 0, 0, 0, 
298, 1, 296, 301, -1, 270, 205, 15.0, 11, MSppaaaa, 2300, 0, 0, 0, , 0, 0, 0, 0, 0, 
299, 1, 297, 302, -1, 276, 192, 22.0, 15, MSppaaap, 6048, 0, 0, 0, , 0, 0, 0, 0, 0, 
300, 1, 298, 303, -1, 280, 187, 29.0, 13, MSppappa, 5253, 0, 0, 0, , 0, 0, 0, 0, 0, 
301, 1, 299, 304, -1, 250, 195, 20.0, 17, MSppapaa, 5679, 0, 0, 0, , 0, 0, 0, 0, 0, 
302, 1, 300, 305, -1, 233, 192, 17.0, 15, MSppapap, 3484, 0, 0, 0, , 0, 0, 0, 0, 0, 
303, 1, 301, 306, -1, 195, 265, 14.0, 13, MSpapappp, 3962, 0, 0, 0, , 0, 0, 0, 0, 0, 
304, 1, 302, 307, -1, 213, 258, 16.0, 15, MSpapappa, 3673, 0, 0, 0, , 0, 0, 0, 0, 0, 
305, 1, 303, 308, -1, 202, 250, 18.0, 15, MSpapapa, 6951, 0, 0, 0, , 0, 0, 0, 0, 0, 
306, 1, 304, 309, -1, 243, 245, 17.0, 13, MSpapaaaa, 4042, 0, 0, 0, , 0, 0, 0, 0, 0, 
307, 1, 305, 310, -1, 228, 246, 16.0, 15, MSpapaaap, 4411, 0, 0, 0, , 0, 0, 0, 0, 0, 
308, 1, 306, 311, -1, 221, 239, 20.0, 15, MSpapaapa, 4141, 0, 0, 0, , 0, 0, 0, 0, 0, 
309, 1, 307, 312, -1, 210, 246, 22.0, 15, MSpapaapp, 5175, 0, 0, 0, , 0, 0, 0, 0, 0, 
310, 1, 308, 313, -1, 175, 300, 13.0, 15, MSpappaa, 4126, 0, 0, 0, , 0, 0, 0, 0, 0, 
311, 0, 309, -1, -1, 154, 259, 14.0, 13, , 8136, 0, 0, 0, , 0, 0, 0, 0, 0, 
312, 1, 310, 314, -1, 156, 236, 15.0, 17, MSpapppp, 6463, 0, 0, 0, , 0, 0, 0, 0, 0, 
313, 1, 311, 315, -1, 168, 223, 17.0, 15, MSpapppa, 2852, 0, 0, 0, , 0, 0, 0, 0, 0, 
314, 1, 312, 316, -1, 256, 225, 28.0, 15, MSpaaappa, 5007, 0, 0, 0, , 0, 0, 0, 0, 0, 
315, 1, 313, 317, -1, 234, 237, 27.0, 15, MSpaaappp, 5980, 0, 0, 0, , 0, 0, 0, 0, 0, 
316, 1, 314, 318, -1, 247, 242, 30.0, 15, MSpaaapa, 7563, 0, 0, 0, , 0, 0, 0, 0, 0, 
317, 1, 315, 319, -1, 283, 211, 28.0, 17, MSpaaaapa, 4345, 0, 0, 0, , 0, 0, 0, 0, 0, 
318, 1, 316, 320, -1, 267, 212, 30.0, 15, MSpaaaapp, 5122, 0, 0, 0, , 0, 0, 0, 0, 0, 
319, 1, 317, 321, -1, 292, 207, 31.0, 15, MSpaaaaa, 5965, 0, 0, 0, , 0, 0, 0, 0, 0, 
320, 1, 6, 322, -1, 238, 227, 20.0, 13, ABaraappppa, 4591, 0, 0, 0, , 0, 0, 0, 0, 0, 
321, 1, 319, 323, -1, 254, 219, 24.0, 15, MSpaapapa, 4618, 0, 0, 0, , 0, 0, 0, 0, 0, 
322, 1, 320, 324, -1, 258, 204, 27.0, 15, MSpaapaa, 6329, 0, 0, 0, , 0, 0, 0, 0, 0, 
323, 1, 321, 325, -1, 187, 257, 24.0, 19, Earap, 2971, 0, 0, 0, , 0, 0, 0, 0, 0, 
324, 1, 322, 326, -1, 265, 301, 22.0, 19, MSapppaa, 3781, 0, 0, 0, , 0, 0, 0, 0, 0, 
325, 1, 323, 327, -1, 253, 283, 26.0, 13, MSapppap, 5377, 0, 0, 0, , 0, 0, 0, 0, 0, 
326, 1, 324, 328, -1, 247, 278, 30.0, 15, MSappppa, 4021, 0, 0, 0, , 0, 0, 0, 0, 0, 
327, 1, 325, 329, -1, 210, 306, 30.0, 15, MSappppp, 3879, 0, 0, 0, , 0, 0, 0, 0, 0, 
328, 1, 326, 330, -1, 203, 318, 19.0, 17, MSappaap, 3599, 0, 0, 0, , 0, 0, 0, 0, 0, 
329, 1, 327, 331, -1, 231, 299, 21.0, 15, MSappaaa, 4966, 0, 0, 0, , 0, 0, 0, 0, 0, 
330, 1, 328, 332, -1, 235, 309, 20.0, 13, MSappapp, 2963, 0, 0, 0, , 0, 0, 0, 0, 0, 
331, 1, 329, 333, -1, 250, 306, 21.0, 11, MSappapa, 3754, 0, 0, 0, , 0, 0, 0, 0, 0, 
332, 1, 330, 334, -1, 290, 267, 29.0, 15, MSapappa, 4229, 0, 0, 0, , 0, 0, 0, 0, 0, 
333, 1, 331, 335, -1, 270, 273, 30.0, 15, MSapappp, 6275, 0, 0, 0, , 0, 0, 0, 0, 0, 
334, 1, 332, 336, -1, 276, 293, 18.0, 15, MSapapap, 5924, 0, 0, 0, , 0, 0, 0, 0, 0, 
335, 1, 333, 337, -1, 276, 277, 22.0, 15, MSapapaa, 6636, 0, 0, 0, , 0, 0, 0, 0, 0, 
336, 1, 334, 338, -1, 250, 295, 18.0, 17, MSapaapp, 4672, 0, 0, 0, , 0, 0, 0, 0, 0, 
337, 1, 335, 339, -1, 290, 270, 17.0, 11, MSapaapa, 3857, 0, 0, 0, , 0, 0, 0, 0, 0, 
338, 1, 336, 340, -1, 322, 253, 17.0, 13, MSapaaaa, 5246, 0, 0, 0, , 0, 0, 0, 0, 0, 
339, 1, 337, 341, -1, 316, 254, 25.0, 15, MSapaaap, 6406, 0, 0, 0, , 0, 0, 0, 0, 0, 
340, 1, 338, 342, -1, 319, 211, 28.0, 15, MSaaaaapa, 4506, 0, 0, 0, , 0, 0, 0, 0, 0, 
341, 1, 339, 343, -1, 306, 229, 31.0, 15, MSaaaaapp, 4315, 0, 0, 0, , 0, 0, 0, 0, 0, 
342, 1, 340, 344, -1, 330, 207, 24.0, 15, MSaaaaaa, 7125, 0, 0, 0, , 0, 0, 0, 0, 0, 
343, 1, 341, 345, -1, 289, 227, 31.0, 13, MSaaaapaa, 3361, 0, 0, 0, , 0, 0, 0, 0, 0, 
344, 1, 342, 346, -1, 270, 235, 30.0, 13, MSaaaapap, 4044, 0, 0, 0, , 0, 0, 0, 0, 0, 
345, 1, 343, 347, -1, 258, 260, 28.0, 13, MSaaaappp, 3759, 0, 0, 0, , 0, 0, 0, 0, 0, 
346, 1, 343, 348, -1, 270, 252, 28.0, 13, MSaaaappa, 4445, 0, 0, 0, , 0, 0, 0, 0, 0, 
347, 1, 344, 349, -1, 253, 252, 25.0, 15, MSaaapapp, 3177, 0, 0, 0, , 0, 0, 0, 0, 0, 
348, 1, 345, 350, -1, 286, 250, 29.0, 11, MSaaapaap, 2863, 0, 0, 0, , 0, 0, 0, 0, 0, 
349, 1, 346, 351, -1, 304, 242, 28.0, 13, MSaaapaaa, 2792, 0, 0, 0, , 0, 0, 0, 0, 0, 
350, 1, 347, 352, -1, 244, 264, 27.0, 11, MSaaappa, 3406, 0, 0, 0, , 0, 0, 0, 0, 0, 
351, 1, 348, 353, -1, 231, 255, 27.0, 13, MSaaappp, 4215, 0, 0, 0, , 0, 0, 0, 0, 0, 
352, 1, 349, 354, -1, 190, 313, 15.0, 15, MSaapppp, 5718, 0, 0, 0, , 0, 0, 0, 0, 0, 
353, 1, 350, 355, -1, 214, 306, 16.0, 19, MSaapppa, 12214, 0, 0, 0, , 0, 0, 0, 0, 0, 
354, 1, 351, 356, -1, 249, 278, 16.0, 13, MSaapaaap, 3359, 0, 0, 0, , 0, 0, 0, 0, 0, 
355, 1, 352, 357, -1, 261, 271, 17.0, 13, MSaapaaaa, 2331, 0, 0, 0, , 0, 0, 0, 0, 0, 
356, 1, 353, 358, -1, 213, 288, 17.0, 15, MSaapappp, 3849, 0, 0, 0, , 0, 0, 0, 0, 0, 
357, 1, 354, 359, -1, 231, 276, 18.0, 15, MSaapappa, 4031, 0, 0, 0, , 0, 0, 0, 0, 0, 
358, 1, 355, 360, -1, 227, 279, 20.0, 15, MSaapapa, 6805, 0, 0, 0, , 0, 0, 0, 0, 0, 
359, 1, 356, 361, -1, 207, 280, 21.0, 23, Ealpa, 23903, 0, 0, 0, , 0, 0, 0, 0, 0, 
360, 1, 357, 362, -1, 165, 301, 21.0, 19, Ealpp, 10847, 0, 0, 0, , 0, 0, 0, 0, 0, 
361, 1, 358, 363, -1, 129, 304, 22.0, 21, Eplpa, 14911, 0, 0, 0, , 0, 0, 0, 0, 0, 
362, 1, 359, 364, -1, 134, 336, 19.0, 19, Cappap, 7057, 0, 0, 0, , 0, 0, 0, 0, 0, 
363, 1, 360, 365, -1, 157, 340, 25.0, 19, Cappaa, 9522, 0, 0, 0, , 0, 0, 0, 0, 0, 
364, 1, 361, 366, -1, 121, 338, 25.0, 15, Capppa, 7419, 0, 0, 0, , 0, 0, 0, 0, 0, 
365, 1, 362, 367, -1, 107, 322, 16.0, 15, Capppp, 7102, 0, 0, 0, , 0, 0, 0, 0, 0, 
366, 1, 363, 368, -1, 155, 343, 21.0, 17, Capapa, 7648, 0, 0, 0, , 0, 0, 0, 0, 0, 
367, 1, 364, 369, -1, 152, 329, 14.0, 19, Capapp, 8668, 0, 0, 0, , 0, 0, 0, 0, 0, 
368, 1, 365, 370, -1, 172, 327, 17.0, 21, Capaap, 19969, 0, 0, 0, , 0, 0, 0, 0, 0, 
369, 1, 366, 371, -1, 194, 330, 22.0, 19, Capaaa, 9457, 0, 0, 0, , 0, 0, 0, 0, 0, 
370, 1, 367, 372, -1, 86, 322, 28.0, 21, Caaapp, 10814, 0, 0, 0, , 0, 0, 0, 0, 0, 
371, 1, 368, 373, -1, 80, 323, 17.0, 19, Caappd, 9306, 0, 0, 0, , 0, 0, 0, 0, 0, 
372, 1, 369, 374, -1, 82, 324, 13.0, 17, Caappv, 5983, 0, 0, 0, , 0, 0, 0, 0, 0, 
373, 1, 370, 375, 376, 95, 305, 14.0, 19, Caapa, 28433, 0, 0, 0, , 0, 0, 0, 0, 0, 
374, 1, 371, 377, -1, 64, 306, 19.0, 19, Cpappd, 7184, 0, 0, 0, , 0, 0, 0, 0, 0, 
375, 1, 372, 378, -1, 71, 303, 14.0, 15, Cpappv, 6320, 0, 0, 0, , 0, 0, 0, 0, 0, 
376, 1, 373, 379, -1, 78, 332, 22.0, 15, Cpapaa, 5171, 0, 0, 0, , 0, 0, 0, 0, 0, 
377, 1, 374, 380, -1, 86, 293, 31.0, 21, Cpaapp, 15919, 0, 0, 0, , 0, 0, 0, 0, 0, 
378, 1, 375, 381, -1, 136, 241, 17.0, 19, Cppaap, 8970, 0, 0, 0, , 0, 0, 0, 0, 0, 
379, 1, 376, 382, -1, 149, 225, 21.0, 19, Cppaaa, 28941, 0, 0, 0, , 0, 0, 0, 0, 0, 
380, 1, 377, 383, -1, 119, 241, 23.0, 19, Cppapa, 9875, 0, 0, 0, , 0, 0, 0, 0, 0, 
381, 1, 378, 384, -1, 115, 250, 15.0, 19, Cppapp, 12590, 0, 0, 0, , 0, 0, 0, 0, 0, 
382, 1, 379, 385, -1, 117, 244, 28.0, 13, Cpppaap, 5478, 0, 0, 0, , 0, 0, 0, 0, 0, 
383, 1, 380, 386, -1, 136, 224, 24.0, 15, Cpppaaa, 5729, 0, 0, 0, , 0, 0, 0, 0, 0, 
384, 1, 381, 387, -1, 101, 260, 19.0, 19, Cpppap, 9227, 0, 0, 0, , 0, 0, 0, 0, 0, 
385, 1, 382, 388, -1, 236, 319, 23.0, 15, Daapa, 5546, 0, 0, 0, , 0, 0, 0, 0, 0, 
386, 1, 383, 389, -1, 221, 329, 20.0, 15, Daapp, 6223, 0, 0, 0, , 0, 0, 0, 0, 0, 
387, 1, 384, 390, -1, 247, 298, 25.0, 15, Daaaa, 4798, 0, 0, 0, , 0, 0, 0, 0, 0, 
388, 1, 385, 391, -1, 229, 305, 27.0, 15, Daaap, 5271, 0, 0, 0, , 0, 0, 0, 0, 0, 
389, 1, 386, 392, -1, 191, 319, 29.0, 19, Dappa, 6864, 0, 0, 0, , 0, 0, 0, 0, 0, 
390, 1, 387, 393, -1, 157, 329, 29.0, 15, Dappp, 4157, 0, 0, 0, , 0, 0, 0, 0, 0, 
391, 1, 388, 394, -1, 170, 207, 19.0, 17, Dpapp, 4825, 0, 0, 0, , 0, 0, 0, 0, 0, 
392, 1, 389, 395, -1, 193, 204, 22.0, 15, Dpapa, 4523, 0, 0, 0, , 0, 0, 0, 0, 0, 
393, 1, 390, 396, -1, 201, 208, 26.0, 15, Dpaap, 3833, 0, 0, 0, , 0, 0, 0, 0, 0, 
394, 1, 391, 397, -1, 215, 206, 22.0, 15, Dpaaa, 4948, 0, 0, 0, , 0, 0, 0, 0, 0, 
395, 1, 392, 398, -1, 143, 233, 29.0, 17, Dpppp, 5507, 0, 0, 0, , 0, 0, 0, 0, 0, 
396, 1, 393, 399, -1, 169, 224, 27.0, 15, Dpppa, 3704, 0, 0, 0, , 0, 0, 0, 0, 0, 
397, 1, 394, 400, -1, 183, 204, 25.0, 17, Dppaa, 7662, 0, 0, 0, , 0, 0, 0, 0, 0, 
398, 1, 395, 401, -1, 157, 209, 23.0, 13, Dppap, 5085, 0, 0, 0, , 0, 0, 0, 0, 0, 
399, 1, 396, 402, -1, 157, 256, 16.0, 21, Z2, 17172, 0, 0, 0, , 0, 0, 0, 0, 0, 
400, 0, 397, -1, -1, 380, 244, 24.0, 15, , 7856, 0, 0, 0, , 0, 0, 0, 0, 0, 
401, 1, 398, 404, -1, 328, 297, 21.0, 13, ABalpppappa, 3782, 0, 0, 0, , 0, 0, 0, 0, 0, 
402, 1, 399, 405, -1, 320, 300, 25.0, 15, ABalpppappp, 5219, 0, 0, 0, , 0, 0, 0, 0, 0, 
403, 1, 400, 406, -1, 303, 277, 23.0, 13, ABalpppppaa, 5444, 0, 0, 0, , 0, 0, 0, 0, 0, 
404, 1, 401, 407, -1, 290, 283, 23.0, 11, ABalpppppap, 3546, 0, 0, 0, , 0, 0, 0, 0, 0, 
405, 1, 402, 408, -1, 275, 287, 26.0, 15, ABalppppppa, 5100, 0, 0, 0, , 0, 0, 0, 0, 0, 
406, 1, 403, 409, -1, 284, 307, 28.0, 15, ABalppppppp, 5083, 0, 0, 0, , 0, 0, 0, 0, 0, 
407, 1, 404, 410, -1, 328, 295, 28.0, 13, ABalppppapp, 3918, 0, 0, 0, , 0, 0, 0, 0, 0, 
408, 1, 405, 411, -1, 339, 281, 26.0, 15, ABalppppapa, 4593, 0, 0, 0, , 0, 0, 0, 0, 0, 
409, 1, 406, 412, -1, 315, 271, 19.0, 13, ABalppppaad, 3891, 0, 0, 0, , 0, 0, 0, 0, 0, 
410, 1, 407, 413, -1, 319, 279, 24.0, 13, ABalppppaav, 4086, 0, 0, 0, , 0, 0, 0, 0, 0, 
411, 1, 408, 414, -1, 329, 285, 17.0, 17, ABalpppaaa, 6101, 0, 0, 0, , 0, 0, 0, 0, 0, 
412, 1, 409, 415, -1, 340, 286, 22.0, 17, ABalpppaap, 9339, 0, 0, 0, , 0, 0, 0, 0, 0, 
413, 1, 410, 416, -1, 317, 291, 18.0, 13, ABalpppapad, 3179, 0, 0, 0, , 0, 0, 0, 0, 0, 
414, 1, 411, 417, -1, 313, 301, 22.0, 13, ABalpppapav, 4614, 0, 0, 0, , 0, 0, 0, 0, 0, 
415, 1, 412, 418, -1, 336, 260, 16.0, 13, ABalppaaaa, 5109, 0, 0, 0, , 0, 0, 0, 0, 0, 
416, 1, 413, 419, -1, 342, 274, 16.0, 15, ABalppaaap, 5816, 0, 0, 0, , 0, 0, 0, 0, 0, 
417, 1, 414, 420, -1, 306, 297, 14.0, 13, ABalppaapp, 4032, 0, 0, 0, , 0, 0, 0, 0, 0, 
418, 1, 415, 421, -1, 318, 287, 13.0, 13, ABalppaapa, 6700, 0, 0, 0, , 0, 0, 0, 0, 0, 
419, 1, 416, 422, -1, 288, 288, 12.0, 15, ABalppapppa, 5453, 0, 0, 0, , 0, 0, 0, 0, 0, 
420, 1, 417, 423, -1, 281, 303, 12.0, 13, ABalppapppp, 5210, 0, 0, 0, , 0, 0, 0, 0, 0, 
421, 1, 418, 424, -1, 301, 275, 13.0, 13, ABalppappap, 4866, 0, 0, 0, , 0, 0, 0, 0, 0, 
422, 1, 419, 425, -1, 320, 266, 15.0, 11, ABalppappaa, 3914, 0, 0, 0, , 0, 0, 0, 0, 0, 
423, 1, 420, 426, -1, 301, 267, 9.0, 15, ABalppapapa, 4950, 0, 0, 0, , 0, 0, 0, 0, 0, 
424, 1, 421, 427, -1, 279, 289, 9.0, 15, ABalppapapp, 5261, 0, 0, 0, , 0, 0, 0, 0, 0, 
425, 1, 422, 428, -1, 332, 267, 12.0, 15, ABalppapaaa, 5184, 0, 0, 0, , 0, 0, 0, 0, 0, 
426, 1, 423, 429, -1, 312, 273, 11.0, 15, ABalppapaap, 4563, 0, 0, 0, , 0, 0, 0, 0, 0, 
427, 1, 424, 430, -1, 250, 295, 10.0, 17, ABalpapapap, 8039, 0, 0, 0, , 0, 0, 0, 0, 0, 
428, 1, 425, 431, -1, 270, 274, 10.0, 15, ABalpapapaa, 5796, 0, 0, 0, , 0, 0, 0, 0, 0, 
429, 1, 426, 432, -1, 248, 314, 11.0, 13, ABalpapappa, 5316, 0, 0, 0, , 0, 0, 0, 0, 0, 
430, 1, 427, 433, -1, 233, 331, 13.0, 15, ABalpapappp, 5268, 0, 0, 0, , 0, 0, 0, 0, 0, 
431, 1, 428, 434, -1, 276, 243, 10.0, 19, ABalpapaap, 24575, 0, 0, 0, , 0, 0, 0, 0, 0, 
432, 1, 429, 435, -1, 309, 253, 10.0, 13, ABalpapaaaa, 5120, 0, 0, 0, , 0, 0, 0, 0, 0, 
433, 1, 430, 436, -1, 286, 263, 10.0, 13, ABalpapaaap, 6012, 0, 0, 0, , 0, 0, 0, 0, 0, 
434, 1, 431, 437, -1, 267, 258, 11.0, 15, ABalpappapa, 6429, 0, 0, 0, , 0, 0, 0, 0, 0, 
435, 1, 432, 438, -1, 243, 266, 11.0, 17, ABalpappapp, 9815, 0, 0, 0, , 0, 0, 0, 0, 0, 
436, 1, 433, 439, -1, 284, 255, 14.0, 15, ABalpappaap, 5718, 0, 0, 0, , 0, 0, 0, 0, 0, 
437, 1, 434, 440, -1, 281, 236, 15.0, 11, ABalpappaaa, 4550, 0, 0, 0, , 0, 0, 0, 0, 0, 
438, 1, 435, 441, -1, 238, 270, 14.0, 17, ABalpappppp, 7658, 0, 0, 0, , 0, 0, 0, 0, 0, 
439, 1, 436, 442, -1, 262, 263, 13.0, 15, ABalpappppa, 5891, 0, 0, 0, , 0, 0, 0, 0, 0, 
440, 1, 437, 443, -1, 272, 258, 16.0, 19, ABalpapppa, 11299, 0, 0, 0, , 0, 0, 0, 0, 0, 
441, 1, 438, 444, -1, 276, 256, 19.0, 17, ABalpaaapp, 7602, 0, 0, 0, , 0, 0, 0, 0, 0, 
442, 1, 439, 445, -1, 295, 250, 18.0, 17, ABalpaaapa, 11330, 0, 0, 0, , 0, 0, 0, 0, 0, 
443, 1, 440, 446, -1, 294, 243, 11.0, 15, ABalpaaaap, 7221, 0, 0, 0, , 0, 0, 0, 0, 0, 
444, 1, 441, 447, -1, 303, 243, 14.0, 17, ABalpaaaaa, 9175, 0, 0, 0, , 0, 0, 0, 0, 0, 
445, 1, 442, 448, -1, 334, 234, 13.0, 13, ABalpaapppa, 5024, 0, 0, 0, , 0, 0, 0, 0, 0, 
446, 1, 443, 449, -1, 324, 254, 11.0, 11, ABalpaapppp, 3607, 0, 0, 0, , 0, 0, 0, 0, 0, 
447, 1, 444, 450, -1, 321, 224, 14.0, 13, ABalpaappaa, 4834, 0, 0, 0, , 0, 0, 0, 0, 0, 
448, 1, 445, 451, -1, 318, 238, 11.0, 13, ABalpaappap, 3762, 0, 0, 0, , 0, 0, 0, 0, 0, 
449, 1, 446, 452, -1, 295, 250, 21.0, 13, ABalpaapapp, 5292, 0, 0, 0, , 0, 0, 0, 0, 0, 
450, 1, 447, 453, -1, 304, 242, 20.0, 15, ABalpaapapa, 5164, 0, 0, 0, , 0, 0, 0, 0, 0, 
451, 1, 448, 454, -1, 319, 244, 21.0, 13, ABalpaapaap, 4165, 0, 0, 0, , 0, 0, 0, 0, 0, 
452, 1, 449, 455, -1, 330, 230, 19.0, 11, ABalpaapaaa, 3754, 0, 0, 0, , 0, 0, 0, 0, 0, 
453, 1, 450, 456, -1, 173, 266, 28.0, 21, Epraa, 35593, 0, 0, 0, , 0, 0, 0, 0, 0, 
454, 1, 451, 497, -1, 144, 276, 27.0, 21, Eprap, 8192, 0, 0, 0, , 0, 0, 0, 0, 0, 
455, 1, 452, 458, -1, 202, 235, 24.0, 11, MSpaapp, 3256, 0, 0, 0, , 0, 0, 0, 0, 0, 
456, 1, 453, 459, -1, 159, 264, 24.0, 21, Earpp, 14566, 0, 0, 0, , 0, 0, 0, 0, 0, 
457, 1, 454, 460, -1, 188, 285, 25.0, 21, Ealap, 29559, 0, 0, 0, , 0, 0, 0, 0, 0, 
458, 1, 455, 461, -1, 212, 271, 27.0, 23, Ealaa, 26159, 0, 0, 0, , 0, 0, 0, 0, 0, 
459, 1, 456, 462, -1, 167, 290, 27.0, 19, Eplaa, 37827, 0, 0, 0, , 0, 0, 0, 0, 0, 
460, 1, 457, 463, -1, 147, 293, 22.0, 17, Eplap, 7500, 0, 0, 0, , 0, 0, 0, 0, 0, 
461, 1, 458, 464, -1, 127, 277, 19.0, 19, Eprpp, 9853, 0, 0, 0, , 0, 0, 0, 0, 0, 
462, 1, 459, 465, -1, 188, 337, 27.0, 15, Dapap, 5706, 0, 0, 0, , 0, 0, 0, 0, 0, 
463, 1, 460, 466, -1, 215, 323, 26.0, 15, Dapaa, 6910, 0, 0, 0, , 0, 0, 0, 0, 0, 
464, 1, 461, 467, -1, 228, 270, 23.0, 19, MSaapaapp, 3769, 0, 0, 0, , 0, 0, 0, 0, 0, 
465, 1, 462, 468, -1, 241, 264, 22.0, 13, MSaapaapa, 2952, 0, 0, 0, , 0, 0, 0, 0, 0, 
466, 1, 463, 469, -1, 153, 212, 31.0, 15, ABarpppapp, 5276, 0, 0, 0, , 0, 0, 0, 0, 0, 
467, 1, 464, 470, -1, 235, 319, 15.0, 17, ABplppaapa, 8811, 0, 0, 0, , 0, 0, 0, 0, 0, 
468, 1, 465, 471, -1, 67, 296, 25.0, 19, Cpapap, 16462, 0, 0, 0, , 0, 0, 0, 0, 0, 
469, 0, 466, -1, -1, 210, 249, 24.0, 13, , 3529, 0, 0, 0, , 0, 0, 0, 0, 0, 
470, 1, 467, 473, -1, 346, 246, 17.0, 17, ABalaaaala, 8434, 0, 0, 0, , 0, 0, 0, 0, 0, 
471, 1, 468, 474, -1, 261, 181, 35.0, 13, ABarpappaa, 4257, 0, 0, 0, , 0, 0, 0, 0, 0, 
472, 1, 469, 475, -1, 340, 206, 28.0, 13, ABalappaaa, 4654, 0, 0, 0, , 0, 0, 0, 0, 0, 
473, 1, 470, 476, -1, 98, 267, 27.0, 15, Cppppa, 5221, 0, 0, 0, , 0, 0, 0, 0, 0, 
474, 1, 471, 477, -1, 92, 286, 17.0, 19, Cppppp, 20124, 0, 0, 0, , 0, 0, 0, 0, 0, 
475, 1, 472, 478, -1, 188, 262, 18.0, 19, Earpa, 13155, 0, 0, 0, , 0, 0, 0, 0, 0, 
476, 1, 473, 479, -1, 252, 198, 31.0, 15, MSppappp, 6726, 0, 0, 0, , 0, 0, 0, 0, 0, 
477, 1, 474, 480, -1, 126, 274, 24.0, 21, Eprpa, 10769, 0, 0, 0, , 0, 0, 0, 0, 0, 
478, 1, 475, 481, -1, 226, 247, 34.0, 17, ABarpaappa, 6343, 0, 0, 0, , 0, 0, 0, 0, 0, 
479, 1, 476, 482, -1, 209, 297, 34.0, 23, ABarppaapa, 14607, 0, 0, 0, , 0, 0, 0, 0, 0, 
480, 1, 478, 483, -1, 129, 302, 17.0, 23, Eplpp, 34249, 0, 0, 0, , 0, 0, 0, 0, 0, 
481, 1, 479, 484, -1, 205, 287, 14.0, 13, MSaappap, 5255, 0, 0, 0, , 0, 0, 0, 0, 0, 
482, 1, 480, 485, -1, 184, 289, 15.0, 19, Z3, 14829, 0, 0, 0, , 0, 0, 0, 0, 0, 
483, 1, 481, 486, -1, 261, 174, 11.0, 17, ABalaapapp, 6186, 0, 0, 0, , 0, 0, 0, 0, 0, 
484, 1, 482, 487, -1, 215, 271, 14.0, 13, MSaappaa, 4472, 0, 0, 0, , 0, 0, 0, 0, 0, 
485, 0, 483, -1, -1, 185, 255, 24.0, 21, , 32797, 0, 0, 0, , 0, 0, 0, 0, 0, 
486, 1, 484, 489, -1, 271, 244, 26.0, 13, MSaaapapa, 2679, 0, 0, 0, , 0, 0, 0, 0, 0, 
487, 1, 485, 490, -1, 251, 327, 20.0, 13, ABplppaaaap, 6014, 0, 0, 0, , 0, 0, 0, 0, 0, 
488, 1, 486, 491, -1, 129, 310, 10.0, 17, ABplpppapap, 2756, 0, 0, 0, , 0, 0, 0, 0, 0, 
489, 1, 487, 492, -1, 272, 167, 30.0, 15, ABpraapaapp, 6056, 0, 0, 0, , 0, 0, 0, 0, 0, 
490, 1, 488, 493, -1, 237, 341, 17.0, 13, ABplppapaaa, 5109, 0, 0, 0, , 0, 0, 0, 0, 0, 
491, 1, 489, 494, -1, 211, 246, 27.0, 17, Earaa, 7988, 0, 0, 0, , 0, 0, 0, 0, 0, 
492, 1, 490, 495, -1, 331, 228, 32.0, 15, ABalapapapa, 2942, 0, 0, 0, , 0, 0, 0, 0, 0, 
493, 1, 491, 496, -1, 347, 240, 20.0, 15, ABalaaapall, 5272, 0, 0, 0, , 0, 0, 0, 0, 0, 
494, 0, 492, -1, -1, 142, 276, 27.0, 11, , 663, 0, 0, 0, , 0, 0, 0, 0, 0, 
495, 1, 493, 498, -1, 257, 190, 16.0, 13, ABprpaaaaaa, 5497, 0, 0, 0, , 0, 0, 0, 0, 0, 
496, 1, 494, 499, -1, 181, 253, 34.0, 17, Cpaaaa, 6330, 0, 0, 0, , 0, 0, 0, 0, 0, 
497, 1, 495, 500, -1, 140, 297, 34.0, 17, Caaaap, 1801, 0, 0, 0, , 0, 0, 0, 0, 0, 
498, 1, 496, 501, -1, 166, 276, 13.0, 13, MSpappap, 5199, 0, 0, 0, , 0, 0, 0, 0, 0, 
499, 1, 504, 502, -1, 236, 237, 23.0, 13, MSpaapapp, 3079, 0, 0, 0, , 0, 0, 0, 0, 0, 
500, 0, -1, -1, -1, 211, 242, 29.0, 17, , 3854, 0, 0, 0, , 0, 0, 0, 0, 0, 
501, 1, 497, 505, -1, 247, 299, 33.0, 15, ABplapaaaaa, 8427, 0, 0, 0, , 0, 0, 0, 0, 0, 
502, 1, 498, 504, -1, 190, 225, 35.0, 18, ABarpppapa, 3404, 0, 0, 0, , 0, 0, 0, 0, 0, 
503, 1, 477, 506, -1, 140, 261, 34.0, 19, Cpaaap, 4284, 0, 0, 0, , 0, 0, 0, 0, 0, 
504, 1, 499, 508, -1, 113, 291, 33.0, 15, Cpaapa, 0, 0, 0, 0, , 0, 0, 0, 0, 0, 
505, 1, 500, 509, -1, 112, 321, 33.0, 15, Caaapa, 0, 0, 0, 0, , 0, 0, 0, 0, 0, 
506, 1, 501, 510, -1, 184, 302, 33.0, 17, Caaaaa, 0, 0, 0, 0, , 0, 0, 0, 0, 0, 
507, 0, 207, -1, -1, 197, 252, 8.0, 13, , 1966, 0, 0, 0, , 0, 0, 0, 0, 0, 
508, 1, 503, 512, -1, 294, 174, 32.0, 13, ABalapppppa, 0, 0, 0, 0, , 0, 0, 0, 0, 0, 
509, 1, 207, 513, -1, 197, 244, 9.0, 16, ABprpappapa, 1966, 0, 0, 0, , 0, 0, 0, 0, 0, 
