1, 1, 1, 1, -1, 294, 201, 13.0, 31, ABaraa, 45683, 0, 0, 0, , 0, 0, 0, 0, 0, 
2, 1, 2, 2, -1, 235, 200, 13.0, 29, ABarap, 38748, 0, 0, 0, , 0, 0, 0, 0, 0, 
3, 1, 3, 3, -1, 247, 170, 24.0, 31, ABarpa, 46163, 0, 0, 0, , 0, 0, 0, 0, 0, 
4, 1, 4, 4, -1, 198, 208, 27.0, 33, ABarpp, 46379, 0, 0, 0, , 0, 0, 0, 0, 0, 
5, 1, 5, 5, -1, 305, 178, 22.0, 33, ABalap, 43645, 0, 0, 0, , 0, 0, 0, 0, 0, 
6, 1, 6, 6, -1, 351, 195, 18.0, 31, ABalaa, 42744, 0, 0, 0, , 0, 0, 0, 0, 0, 
7, 1, 7, 7, -1, 203, 336, 28.0, 31, ABplpp, 43041, 0, 0, 0, , 0, 0, 0, 0, 0, 
8, 1, 8, 8, -1, 259, 320, 25.0, 29, ABplpa, 41561, 0, 0, 0, , 0, 0, 0, 0, 0, 
9, 1, 9, 9, -1, 297, 210, 31.0, 33, ABplaa, 47004, 0, 0, 0, , 0, 0, 0, 0, 0, 
10, 1, 10, 10, -1, 244, 249, 30.0, 33, ABplap, 65535, 0, 0, 0, , 0, 0, 0, 0, 0, 
11, 0, 11, -1, -1, 166, 199, 29.0, 21, , 12226, 0, 0, 0, , 0, 0, 0, 0, 0, 
12, 1, 12, 12, -1, 158, 241, 11.0, 29, ABprpa, 37652, 0, 0, 0, , 0, 0, 0, 0, 0, 
13, 1, 13, 13, -1, 99, 273, 12.0, 31, ABprpp, 39445, 0, 0, 0, , 0, 0, 0, 0, 0, 
14, 1, 14, 14, -1, 188, 184, 16.0, 33, ABpraa, 47431, 0, 0, 0, , 0, 0, 0, 0, 0, 
15, 1, 15, 15, -1, 133, 213, 22.0, 31, ABprap, 43472, 0, 0, 0, , 0, 0, 0, 0, 0, 
16, 1, 16, 16, -1, 208, 275, 13.0, 25, MSpp, 19729, 0, 0, 0, , 0, 0, 0, 0, 0, 
17, 1, 17, 17, -1, 248, 262, 14.0, 25, MSpa, 17759, 0, 0, 0, , 0, 0, 0, 0, 0, 
18, 1, 18, 18, -1, 288, 291, 19.0, 23, MSap, 19171, 0, 0, 0, , 0, 0, 0, 0, 0, 
19, 1, 19, 19, -1, 314, 268, 14.0, 25, MSaa, 21319, 0, 0, 0, , 0, 0, 0, 0, 0, 
20, 1, 20, 20, -1, 190, 315, 16.0, 35, Ea, 60967, 0, 0, 0, , 0, 0, 0, 0, 0, 
21, 1, 21, 21, -1, 147, 329, 19.0, 37, Ep, 64979, 0, 0, 0, , 0, 0, 0, 0, 0, 
22, 1, 22, 22, -1, 183, 260, 25.0, 31, Ca, 54458, 0, 0, 0, , 0, 0, 0, 0, 0, 
23, 1, 23, 23, -1, 112, 276, 23.0, 31, Cp, 58582, 0, 0, 0, , 0, 0, 0, 0, 0, 
24, 1, 24, 24, -1, 84, 317, 19.0, 29, D, 38606, 0, 0, 0, , 0, 0, 0, 0, 0, 
25, 1, 25, 25, -1, 116, 357, 20.0, 25, P4, 24177, 0, 0, 0, , 0, 0, 0, 0, 0, 
26, 0, 26, -1, -1, 389, 240, 23.0, 21, , 20615, 0, 0, 0, , 0, 0, 0, 0, 0, 
27, 1, 27, 27, -1, 309, 276, 29.0, 31, ABalpp, 44836, 0, 0, 0, , 0, 0, 0, 0, 0, 
28, 1, 28, 28, -1, 358, 242, 21.0, 29, ABalpa, 42080, 0, 0, 0, , 0, 0, 0, 0, 0, 
