1, 1, 1, 1, -1, 272, 201, 12.0, 27, ABaraap, 27525, 0, 0, 0, , 0, 0, 0, 0, 0, 
2, 1, 2, 2, -1, 299, 170, 16.0, 25, ABaraaa, 24132, 0, 0, 0, , 0, 0, 0, 0, 0, 
3, 1, 3, 3, -1, 246, 170, 16.0, 27, ABarapa, 25771, 0, 0, 0, , 0, 0, 0, 0, 0, 
4, 1, 4, 4, -1, 217, 202, 12.0, 27, ABarapp, 28821, 0, 0, 0, , 0, 0, 0, 0, 0, 
5, 1, 5, 5, -1, 237, 215, 20.0, 27, ABarpap, 35989, 0, 0, 0, , 0, 0, 0, 0, 0, 
6, 1, 6, 6, -1, 261, 172, 28.0, 27, ABarpaa, 27430, 0, 0, 0, , 0, 0, 0, 0, 0, 
7, 1, 7, 7, -1, 229, 209, 28.0, 25, ABarppa, 33013, 0, 0, 0, , 0, 0, 0, 0, 0, 
8, 1, 8, 8, -1, 180, 224, 27.0, 27, ABarppp, 32504, 0, 0, 0, , 0, 0, 0, 0, 0, 
9, 1, 9, 9, -1, 304, 214, 22.0, 27, ABalapp, 26345, 0, 0, 0, , 0, 0, 0, 0, 0, 
10, 1, 10, 10, -1, 306, 176, 28.0, 27, ABalapa, 25712, 0, 0, 0, , 0, 0, 0, 0, 0, 
11, 1, 11, 11, -1, 343, 209, 14.0, 25, ABalaap, 23532, 0, 0, 0, , 0, 0, 0, 0, 0, 
12, 1, 12, 12, -1, 345, 183, 22.0, 27, ABalaaa, 23705, 0, 0, 0, , 0, 0, 0, 0, 0, 
13, 1, 13, 13, -1, 195, 353, 23.0, 27, ABplppp, 22438, 0, 0, 0, , 0, 0, 0, 0, 0, 
14, 1, 14, 14, -1, 234, 322, 31.0, 27, ABplppa, 25150, 0, 0, 0, , 0, 0, 0, 0, 0, 
15, 1, 15, 15, -1, 237, 339, 21.0, 27, ABplpap, 28112, 0, 0, 0, , 0, 0, 0, 0, 0, 
16, 1, 16, 16, -1, 277, 319, 27.0, 27, ABplpaa, 24970, 0, 0, 0, , 0, 0, 0, 0, 0, 
17, 1, 17, 17, -1, 306, 257, 31.0, 27, ABplaap, 33253, 0, 0, 0, , 0, 0, 0, 0, 0, 
18, 1, 18, 18, -1, 308, 214, 32.0, 27, ABplaaa, 28692, 0, 0, 0, , 0, 0, 0, 0, 0, 
19, 1, 19, 19, -1, 245, 285, 27.0, 25, ABplapp, 25220, 0, 0, 0, , 0, 0, 0, 0, 0, 
20, 1, 20, 20, -1, 267, 232, 30.0, 27, ABplapa, 28383, 0, 0, 0, , 0, 0, 0, 0, 0, 
21, 1, 21, 21, -1, 123, 253, 12.0, 27, ABprpap, 23969, 0, 0, 0, , 0, 0, 0, 0, 0, 
22, 1, 22, 22, -1, 138, 204, 16.0, 27, ABprpaa, 27172, 0, 0, 0, , 0, 0, 0, 0, 0, 
23, 1, 23, 23, -1, 85, 284, 14.0, 27, ABprppp, 26785, 0, 0, 0, , 0, 0, 0, 0, 0, 
24, 1, 24, 24, -1, 95, 237, 17.0, 25, ABprppa, 21714, 0, 0, 0, , 0, 0, 0, 0, 0, 
25, 1, 25, 25, -1, 176, 195, 18.0, 29, ABpraap, 28969, 0, 0, 0, , 0, 0, 0, 0, 0, 
26, 1, 26, 26, -1, 210, 172, 23.0, 25, ABpraaa, 25978, 0, 0, 0, , 0, 0, 0, 0, 0, 
27, 1, 27, 27, -1, 120, 238, 22.0, 29, ABprapp, 27795, 0, 0, 0, , 0, 0, 0, 0, 0, 
28, 1, 28, 28, -1, 149, 207, 27.0, 25, ABprapa, 25069, 0, 0, 0, , 0, 0, 0, 0, 0, 
29, 1, 29, 29, -1, 162, 281, 11.0, 25, MSppp, 18371, 0, 0, 0, , 0, 0, 0, 0, 0, 
30, 1, 30, 30, -1, 184, 227, 12.0, 25, MSppa, 21043, 0, 0, 0, , 0, 0, 0, 0, 0, 
31, 1, 31, 31, -1, 213, 270, 10.0, 27, MSpap, 20724, 0, 0, 0, , 0, 0, 0, 0, 0, 
32, 1, 32, 32, -1, 255, 234, 13.0, 23, MSpaa, 20494, 0, 0, 0, , 0, 0, 0, 0, 0, 
33, 1, 33, 33, -1, 242, 300, 14.0, 23, MSapp, 19188, 0, 0, 0, , 0, 0, 0, 0, 0, 
34, 1, 34, 34, -1, 284, 293, 18.0, 23, MSapa, 19353, 0, 0, 0, , 0, 0, 0, 0, 0, 
35, 1, 35, 35, -1, 316, 230, 12.0, 27, MSaaa, 23224, 0, 0, 0, , 0, 0, 0, 0, 0, 
36, 1, 36, 36, -1, 274, 272, 12.0, 25, MSaap, 21370, 0, 0, 0, , 0, 0, 0, 0, 0, 
37, 1, 37, 37, -1, 211, 307, 20.0, 29, Eal, 30162, 0, 0, 0, , 0, 0, 0, 0, 0, 
38, 1, 38, 38, -1, 159, 321, 23.0, 29, Epl, 30461, 0, 0, 0, , 0, 0, 0, 0, 0, 
39, 1, 39, 39, -1, 174, 326, 31.0, 29, Cap, 34076, 0, 0, 0, , 0, 0, 0, 0, 0, 
40, 1, 40, 40, -1, 202, 262, 28.0, 25, Caa, 30566, 0, 0, 0, , 0, 0, 0, 0, 0, 
41, 1, 41, 41, -1, 134, 279, 29.0, 31, Cpa, 38565, 0, 0, 0, , 0, 0, 0, 0, 0, 
42, 1, 42, 42, -1, 96, 320, 26.0, 29, Cpp, 34550, 0, 0, 0, , 0, 0, 0, 0, 0, 
43, 1, 43, 43, -1, 136, 362, 21.0, 25, Da, 18997, 0, 0, 0, , 0, 0, 0, 0, 0, 
44, 1, 44, 44, -1, 97, 324, 14.0, 23, Dp, 21298, 0, 0, 0, , 0, 0, 0, 0, 0, 
45, 1, 45, 45, -1, 140, 338, 14.0, 27, P4, 28339, 0, 0, 0, , 0, 0, 0, 0, 0, 
46, 0, 46, -1, -1, 386, 241, 23.0, 19, , 15789, 0, 0, 0, , 0, 0, 0, 0, 0, 
47, 1, 47, 47, -1, 309, 294, 24.0, 27, ABalppp, 27916, 0, 0, 0, , 0, 0, 0, 0, 0, 
48, 1, 48, 48, -1, 344, 264, 25.0, 25, ABalppa, 26695, 0, 0, 0, , 0, 0, 0, 0, 0, 
49, 1, 49, 49, -1, 338, 271, 16.0, 29, ABalpap, 26816, 0, 0, 0, , 0, 0, 0, 0, 0, 
50, 1, 50, 50, -1, 361, 227, 21.0, 27, ABalpaa, 23188, 0, 0, 0, , 0, 0, 0, 0, 0, 
51, 1, 51, 51, -1, 123, 283, 18.0, 29, Epr, 32157, 0, 0, 0, , 0, 0, 0, 0, 0, 
52, 1, 52, 52, -1, 186, 260, 18.0, 29, Ear, 33079, 0, 0, 0, , 0, 0, 0, 0, 0, 
