1, 1, 1, 1, -1, 279, 206, 12.0, 27, ABaraap, 25619, 0, 0, 0, , 0, 0, 0, 0, 0, 
2, 1, 2, 2, -1, 295, 177, 16.0, 27, ABaraaa, 25320, 0, 0, 0, , 0, 0, 0, 0, 0, 
3, 1, 3, 3, -1, 237, 174, 16.0, 25, ABarapa, 23533, 0, 0, 0, , 0, 0, 0, 0, 0, 
4, 1, 4, 4, -1, 208, 205, 12.0, 25, ABarapp, 23848, 0, 0, 0, , 0, 0, 0, 0, 0, 
5, 1, 5, 5, -1, 237, 213, 18.0, 25, ABarpap, 28251, 0, 0, 0, , 0, 0, 0, 0, 0, 
6, 1, 6, 6, -1, 254, 169, 25.0, 33, ABarpaa, 35915, 0, 0, 0, , 0, 0, 0, 0, 0, 
7, 1, 7, 7, -1, 227, 206, 26.0, 23, ABarppa, 27112, 0, 0, 0, , 0, 0, 0, 0, 0, 
8, 1, 8, 8, -1, 182, 224, 22.0, 23, ABarppp, 24027, 0, 0, 0, , 0, 0, 0, 0, 0, 
9, 1, 9, 9, -1, 282, 214, 24.0, 27, ABalapp, 25465, 0, 0, 0, , 0, 0, 0, 0, 0, 
10, 1, 10, 10, -1, 304, 174, 26.0, 25, ABalapa, 24197, 0, 0, 0, , 0, 0, 0, 0, 0, 
11, 1, 11, 11, -1, 326, 212, 19.0, 27, ABalaap, 21974, 0, 0, 0, , 0, 0, 0, 0, 0, 
12, 1, 12, 12, -1, 342, 181, 22.0, 25, ABalaaa, 24604, 0, 0, 0, , 0, 0, 0, 0, 0, 
13, 1, 13, 13, -1, 207, 343, 24.0, 25, ABplppp, 15661, 0, 0, 0, , 0, 0, 0, 0, 0, 
14, 1, 14, 14, -1, 246, 327, 28.0, 25, ABplppa, 29639, 0, 0, 0, , 0, 0, 0, 0, 0, 
15, 1, 15, 15, -1, 241, 330, 19.0, 27, ABplpap, 28975, 0, 0, 0, , 0, 0, 0, 0, 0, 
16, 1, 16, 16, -1, 285, 319, 24.0, 25, ABplpaa, 23002, 0, 0, 0, , 0, 0, 0, 0, 0, 
17, 1, 17, 17, -1, 292, 262, 30.0, 19, ABplaapp, 9186, 0, 0, 0, , 0, 0, 0, 0, 0, 
18, 1, 17, 18, -1, 324, 243, 31.0, 17, ABplaapa, 8876, 0, 0, 0, , 0, 0, 0, 0, 0, 
19, 1, 18, 19, -1, 316, 206, 31.0, 27, ABplaaa, 23331, 0, 0, 0, , 0, 0, 0, 0, 0, 
20, 1, 19, 20, -1, 244, 286, 28.0, 25, ABplapp, 19282, 0, 0, 0, , 0, 0, 0, 0, 0, 
21, 1, 20, 21, 22, 265, 233, 31.0, 21, ABplapa, 16942, 0, 0, 0, , 0, 0, 0, 0, 0, 
22, 1, 21, 23, -1, 113, 263, 12.0, 25, ABprpap, 24127, 0, 0, 0, , 0, 0, 0, 0, 0, 
23, 1, 22, 24, -1, 119, 221, 15.0, 27, ABprpaa, 27699, 0, 0, 0, , 0, 0, 0, 0, 0, 
24, 1, 23, 25, -1, 101, 303, 14.0, 27, ABprppp, 25512, 0, 0, 0, , 0, 0, 0, 0, 0, 
25, 1, 24, 26, -1, 79, 259, 18.0, 27, ABprppa, 22196, 0, 0, 0, , 0, 0, 0, 0, 0, 
26, 1, 25, 27, 28, 160, 200, 18.0, 25, ABpraap, 35917, 0, 0, 0, , 0, 0, 0, 0, 0, 
27, 1, 26, 29, -1, 199, 176, 22.0, 27, ABpraaa, 25535, 0, 0, 0, , 0, 0, 0, 0, 0, 
28, 1, 27, 30, -1, 112, 262, 22.0, 23, ABprapp, 16572, 0, 0, 0, , 0, 0, 0, 0, 0, 
29, 1, 28, 31, -1, 134, 215, 24.0, 25, ABprapa, 24704, 0, 0, 0, , 0, 0, 0, 0, 0, 
30, 1, 29, 32, -1, 156, 280, 10.0, 25, MSppp, 22165, 0, 0, 0, , 0, 0, 0, 0, 0, 
31, 1, 30, 33, -1, 180, 233, 11.0, 25, MSppa, 22249, 0, 0, 0, , 0, 0, 0, 0, 0, 
32, 1, 31, 34, -1, 222, 276, 10.0, 27, MSpap, 34801, 0, 0, 0, , 0, 0, 0, 0, 0, 
33, 1, 32, 35, -1, 253, 235, 13.0, 25, MSpaa, 22091, 0, 0, 0, , 0, 0, 0, 0, 0, 
34, 1, 33, 36, -1, 240, 310, 12.0, 25, MSapp, 19606, 0, 0, 0, , 0, 0, 0, 0, 0, 
35, 1, 34, 37, -1, 285, 294, 14.0, 25, MSapa, 20276, 0, 0, 0, , 0, 0, 0, 0, 0, 
36, 1, 35, 38, -1, 316, 229, 12.0, 27, MSaaa, 29527, 0, 0, 0, , 0, 0, 0, 0, 0, 
37, 1, 36, 39, -1, 284, 267, 11.0, 27, MSaap, 24007, 0, 0, 0, , 0, 0, 0, 0, 0, 
38, 1, 37, 40, -1, 221, 280, 18.0, 25, Eal, 42555, 0, 0, 0, , 0, 0, 0, 0, 0, 
39, 1, 38, 41, -1, 169, 315, 23.0, 29, Epl, 62817, 0, 0, 0, , 0, 0, 0, 0, 0, 
40, 1, 39, 42, -1, 181, 329, 30.0, 29, Cap, 30190, 0, 0, 0, , 0, 0, 0, 0, 0, 
41, 1, 40, 43, -1, 205, 244, 31.0, 23, Caaa, 13794, 0, 0, 0, , 0, 0, 0, 0, 0, 
42, 1, 41, 44, -1, 180, 277, 30.0, 21, Caap, 14267, 0, 0, 0, , 0, 0, 0, 0, 0, 
43, 1, 42, 45, -1, 131, 304, 30.0, 25, Cpap, 20048, 0, 0, 0, , 0, 0, 0, 0, 0, 
44, 1, 43, 46, -1, 138, 250, 33.0, 23, Cpaa, 20130, 0, 0, 0, , 0, 0, 0, 0, 0, 
45, 1, 44, 47, -1, 83, 312, 26.0, 21, Cppa, 13051, 0, 0, 0, , 0, 0, 0, 0, 0, 
46, 1, 45, 48, -1, 115, 334, 26.0, 19, Cppp, 12548, 0, 0, 0, , 0, 0, 0, 0, 0, 
47, 1, 46, 49, -1, 149, 361, 21.0, 25, Da, 24465, 0, 0, 0, , 0, 0, 0, 0, 0, 
48, 1, 47, 50, -1, 118, 338, 16.0, 25, Dp, 22488, 0, 0, 0, , 0, 0, 0, 0, 0, 
49, 1, 48, 51, -1, 161, 334, 14.0, 25, P4, 28447, 0, 0, 0, , 0, 0, 0, 0, 0, 
50, 0, 49, -1, -1, 385, 242, 23.0, 17, , 15396, 0, 0, 0, , 0, 0, 0, 0, 0, 
51, 1, 50, 53, -1, 301, 277, 24.0, 23, ABalppp, 17372, 0, 0, 0, , 0, 0, 0, 0, 0, 
52, 1, 51, 54, -1, 346, 262, 25.0, 29, ABalppa, 26016, 0, 0, 0, , 0, 0, 0, 0, 0, 
53, 1, 52, 55, 56, 339, 261, 17.0, 21, ABalpap, 15328, 0, 0, 0, , 0, 0, 0, 0, 0, 
54, 1, 53, 57, -1, 361, 223, 21.0, 25, ABalpaa, 23423, 0, 0, 0, , 0, 0, 0, 0, 0, 
55, 1, 54, 58, -1, 141, 289, 18.0, 29, Epr, 31206, 0, 0, 0, , 0, 0, 0, 0, 0, 
56, 1, 55, 59, -1, 184, 262, 17.0, 29, Ear, 65535, 0, 0, 0, , 0, 0, 0, 0, 0, 
57, 0, 56, -1, -1, 172, 241, 28.0, 15, , 3778, 0, 0, 0, , 0, 0, 0, 0, 0, 
