1, 1, 1, 1, 2, 278, 206, 13.0, 19, ABaraap, 15398, 0, 0, 0, , 0, 0, 0, 0, 0, 
2, 1, 2, 3, -1, 294, 181, 16.0, 25, ABaraaa, 49711, 0, 0, 0, , 0, 0, 0, 0, 0, 
3, 1, 3, 4, 5, 245, 178, 15.0, 24, ABarapa, 13026, 0, 0, 0, , 0, 0, 0, 0, 0, 
4, 1, 4, 6, 7, 208, 207, 13.0, 19, ABarapp, 12955, 0, 0, 0, , 0, 0, 0, 0, 0, 
5, 1, 5, 8, 9, 241, 211, 19.0, 21, ABarpap, 19183, 0, 0, 0, , 0, 0, 0, 0, 0, 
6, 1, 6, 10, -1, 258, 174, 29.0, 19, ABarpaap, 9423, 0, 0, 0, , 0, 0, 0, 0, 0, 
7, 1, 6, 11, -1, 264, 161, 23.0, 17, ABarpaaa, 7510, 0, 0, 0, , 0, 0, 0, 0, 0, 
8, 1, 7, 12, -1, 229, 189, 30.0, 17, ABarppaa, 9040, 0, 0, 0, , 0, 0, 0, 0, 0, 
9, 1, 7, 13, -1, 221, 210, 29.0, 17, ABarppap, 8141, 0, 0, 0, , 0, 0, 0, 0, 0, 
10, 1, 8, 14, 15, 184, 214, 24.0, 23, ABarppp, 16159, 0, 0, 0, , 0, 0, 0, 0, 0, 
11, 1, 9, 16, -1, 282, 220, 23.0, 21, ABalapp, 15010, 0, 0, 0, , 0, 0, 0, 0, 0, 
12, 1, 10, 17, 18, 304, 171, 24.0, 23, ABalapa, 11176, 0, 0, 0, , 0, 0, 0, 0, 0, 
13, 1, 11, 19, -1, 318, 222, 20.0, 27, ABalaap, 23692, 0, 0, 0, , 0, 0, 0, 0, 0, 
14, 1, 12, 20, -1, 342, 183, 20.0, 27, ABalaaa, 28458, 0, 0, 0, , 0, 0, 0, 0, 0, 
15, 1, 13, 21, -1, 190, 346, 22.0, 19, ABplpppp, 8794, 0, 0, 0, , 0, 0, 0, 0, 0, 
16, 1, 13, 22, -1, 214, 345, 25.0, 19, ABplpppa, 8185, 0, 0, 0, , 0, 0, 0, 0, 0, 
17, 1, 14, 23, -1, 240, 326, 29.0, 21, ABplppa, 17256, 0, 0, 0, , 0, 0, 0, 0, 0, 
18, 1, 15, 24, 25, 244, 330, 20.0, 25, ABplpap, 15728, 0, 0, 0, , 0, 0, 0, 0, 0, 
19, 1, 16, 26, -1, 280, 320, 24.0, 23, ABplpaa, 14174, 0, 0, 0, , 0, 0, 0, 0, 0, 
20, 1, 17, 27, -1, 290, 261, 30.0, 23, ABplaapp, 14807, 0, 0, 0, , 0, 0, 0, 0, 0, 
21, 1, 18, 28, -1, 326, 244, 32.0, 21, ABplaapa, 13701, 0, 0, 0, , 0, 0, 0, 0, 0, 
22, 1, 19, 29, 30, 326, 207, 32.0, 21, ABplaaa, 12351, 0, 0, 0, , 0, 0, 0, 0, 0, 
23, 1, 20, 31, -1, 225, 289, 29.0, 17, ABplappp, 11682, 0, 0, 0, , 0, 0, 0, 0, 0, 
24, 1, 20, 32, -1, 254, 282, 31.0, 17, ABplappa, 7956, 0, 0, 0, , 0, 0, 0, 0, 0, 
25, 1, 21, 33, -1, 285, 218, 33.0, 17, ABplapaa, 10607, 0, 0, 0, , 0, 0, 0, 0, 0, 
26, 1, 22, 34, -1, 252, 238, 31.0, 19, ABplapap, 8389, 0, 0, 0, , 0, 0, 0, 0, 0, 
27, 1, 23, 35, 36, 113, 263, 12.0, 21, ABprpap, 14282, 0, 0, 0, , 0, 0, 0, 0, 0, 
28, 1, 24, 37, -1, 120, 219, 15.0, 25, ABprpaa, 14461, 0, 0, 0, , 0, 0, 0, 0, 0, 
29, 1, 25, 38, -1, 97, 300, 15.0, 23, ABprppp, 14597, 0, 0, 0, , 0, 0, 0, 0, 0, 
30, 1, 26, 39, -1, 81, 261, 17.0, 25, ABprppa, 22999, 0, 0, 0, , 0, 0, 0, 0, 0, 
31, 1, 27, 40, -1, 166, 193, 14.0, 17, ABpraapa, 7975, 0, 0, 0, , 0, 0, 0, 0, 0, 
32, 1, 28, 41, -1, 160, 220, 17.0, 19, ABpraapp, 9270, 0, 0, 0, , 0, 0, 0, 0, 0, 
33, 1, 29, 42, -1, 197, 176, 21.0, 25, ABpraaa, 20562, 0, 0, 0, , 0, 0, 0, 0, 0, 
34, 1, 30, 43, -1, 102, 250, 23.0, 19, ABprappa, 8016, 0, 0, 0, , 0, 0, 0, 0, 0, 
35, 1, 30, 44, -1, 104, 273, 25.0, 19, ABprappp, 8311, 0, 0, 0, , 0, 0, 0, 0, 0, 
36, 1, 31, 45, 46, 139, 207, 25.0, 25, ABprapa, 16385, 0, 0, 0, , 0, 0, 0, 0, 0, 
37, 1, 32, 47, -1, 155, 278, 10.0, 25, MSppp, 22338, 0, 0, 0, , 0, 0, 0, 0, 0, 
38, 1, 33, 48, -1, 181, 235, 11.0, 25, MSppa, 22804, 0, 0, 0, , 0, 0, 0, 0, 0, 
39, 1, 34, 49, -1, 221, 278, 11.0, 27, MSpap, 35897, 0, 0, 0, , 0, 0, 0, 0, 0, 
40, 1, 35, 50, -1, 253, 242, 13.0, 25, MSpaa, 21781, 0, 0, 0, , 0, 0, 0, 0, 0, 
41, 1, 36, 51, -1, 237, 311, 11.0, 25, MSapp, 21615, 0, 0, 0, , 0, 0, 0, 0, 0, 
42, 1, 37, 52, -1, 280, 299, 14.0, 27, MSapa, 19995, 0, 0, 0, , 0, 0, 0, 0, 0, 
43, 1, 38, 53, -1, 319, 236, 12.0, 27, MSaaa, 27164, 0, 0, 0, , 0, 0, 0, 0, 0, 
44, 1, 39, 54, -1, 281, 267, 12.0, 27, MSaap, 46781, 0, 0, 0, , 0, 0, 0, 0, 0, 
45, 1, 40, 55, -1, 220, 283, 19.0, 25, Eal, 41763, 0, 0, 0, , 0, 0, 0, 0, 0, 
46, 1, 41, 56, -1, 165, 312, 21.0, 29, Epl, 38730, 0, 0, 0, , 0, 0, 0, 0, 0, 
47, 1, 42, 57, 58, 175, 326, 30.0, 23, Cap, 17465, 0, 0, 0, , 0, 0, 0, 0, 0, 
48, 1, 43, 59, -1, 204, 239, 31.0, 23, Caaa, 15690, 0, 0, 0, , 0, 0, 0, 0, 0, 
49, 1, 44, 60, -1, 174, 281, 29.0, 23, Caap, 15667, 0, 0, 0, , 0, 0, 0, 0, 0, 
50, 1, 45, 61, -1, 124, 307, 33.0, 25, Cpap, 21022, 0, 0, 0, , 0, 0, 0, 0, 0, 
51, 1, 46, 62, -1, 139, 244, 32.0, 25, Cpaa, 21709, 0, 0, 0, , 0, 0, 0, 0, 0, 
52, 1, 47, 63, -1, 83, 307, 26.0, 25, Cppa, 15740, 0, 0, 0, , 0, 0, 0, 0, 0, 
53, 1, 48, 64, -1, 114, 337, 26.0, 23, Cppp, 17892, 0, 0, 0, , 0, 0, 0, 0, 0, 
54, 1, 49, 65, -1, 153, 358, 19.0, 23, Da, 22383, 0, 0, 0, , 0, 0, 0, 0, 0, 
55, 1, 50, 66, -1, 120, 336, 17.0, 25, Dp, 22425, 0, 0, 0, , 0, 0, 0, 0, 0, 
56, 1, 51, 67, -1, 161, 330, 14.0, 27, P4, 27858, 0, 0, 0, , 0, 0, 0, 0, 0, 
57, 0, 52, -1, -1, 386, 242, 23.0, 17, , 14141, 0, 0, 0, , 0, 0, 0, 0, 0, 
58, 1, 53, 69, -1, 290, 284, 22.0, 17, ABalpppp, 8435, 0, 0, 0, , 0, 0, 0, 0, 0, 
59, 1, 53, 70, -1, 316, 276, 23.0, 17, ABalpppa, 11179, 0, 0, 0, , 0, 0, 0, 0, 0, 
60, 1, 54, 71, 72, 346, 260, 25.0, 23, ABalppa, 13860, 0, 0, 0, , 0, 0, 0, 0, 0, 
61, 1, 55, 73, -1, 355, 254, 16.0, 19, ABalpapa, 8648, 0, 0, 0, , 0, 0, 0, 0, 0, 
62, 1, 56, 74, -1, 324, 276, 16.0, 19, ABalpapp, 9731, 0, 0, 0, , 0, 0, 0, 0, 0, 
63, 1, 57, 75, -1, 356, 226, 20.0, 21, ABalpaa, 13245, 0, 0, 0, , 0, 0, 0, 0, 0, 
64, 1, 58, 76, -1, 136, 284, 20.0, 31, Epr, 65535, 0, 0, 0, , 0, 0, 0, 0, 0, 
65, 1, 59, 77, -1, 185, 262, 17.0, 29, Ear, 65535, 0, 0, 0, , 0, 0, 0, 0, 0, 
66, 0, 60, -1, -1, 166, 237, 27.0, 15, , 3719, 0, 0, 0, , 0, 0, 0, 0, 0, 
