1, 1, 1, 1, -1, 275, 201, 10.0, 23, ABaraapp, 18544, 0, 0, 0, , 0, 0, 0, 0, 0, 
2, 1, 2, 2, -1, 312, 195, 12.0, 23, ABaraapa, 16453, 0, 0, 0, , 0, 0, 0, 0, 0, 
3, 1, 3, 3, -1, 292, 183, 19.0, 23, ABaraaap, 16923, 0, 0, 0, , 0, 0, 0, 0, 0, 
4, 1, 4, 4, -1, 333, 184, 16.0, 21, ABaraaaa, 12833, 0, 0, 0, , 0, 0, 0, 0, 0, 
5, 1, 5, 5, -1, 243, 175, 13.0, 23, ABarapap, 15134, 0, 0, 0, , 0, 0, 0, 0, 0, 
6, 1, 6, 6, -1, 278, 171, 15.0, 21, ABarapaa, 14823, 0, 0, 0, , 0, 0, 0, 0, 0, 
7, 1, 7, 7, -1, 190, 206, 18.0, 21, ABarappp, 13729, 0, 0, 0, , 0, 0, 0, 0, 0, 
8, 1, 8, 8, -1, 219, 189, 14.0, 23, ABarappa, 14306, 0, 0, 0, , 0, 0, 0, 0, 0, 
9, 1, 9, 9, -1, 218, 204, 23.0, 23, ABarpapp, 16702, 0, 0, 0, , 0, 0, 0, 0, 0, 
10, 1, 10, 10, -1, 255, 186, 23.0, 23, ABarpapa, 17528, 0, 0, 0, , 0, 0, 0, 0, 0, 
11, 1, 11, 11, -1, 247, 183, 30.0, 25, ABarpaap, 19262, 0, 0, 0, , 0, 0, 0, 0, 0, 
12, 1, 12, 12, -1, 276, 161, 25.0, 21, ABarpaaa, 12739, 0, 0, 0, , 0, 0, 0, 0, 0, 
13, 1, 13, 13, -1, 224, 204, 31.0, 21, ABarppaa, 16632, 0, 0, 0, , 0, 0, 0, 0, 0, 
14, 1, 14, 14, -1, 222, 241, 28.0, 23, ABarppap, 16004, 0, 0, 0, , 0, 0, 0, 0, 0, 
15, 1, 15, 15, -1, 153, 248, 27.0, 23, ABarpppp, 17771, 0, 0, 0, , 0, 0, 0, 0, 0, 
16, 1, 16, 16, -1, 184, 212, 27.0, 23, ABarpppa, 15521, 0, 0, 0, , 0, 0, 0, 0, 0, 
17, 1, 17, 17, -1, 262, 223, 26.0, 23, ABalappp, 15456, 0, 0, 0, , 0, 0, 0, 0, 0, 
18, 1, 18, 18, -1, 298, 208, 27.0, 23, ABalappa, 18727, 0, 0, 0, , 0, 0, 0, 0, 0, 
19, 1, 19, 19, -1, 290, 184, 30.0, 21, ABalapap, 14168, 0, 0, 0, , 0, 0, 0, 0, 0, 
20, 1, 20, 20, -1, 325, 177, 28.0, 23, ABalapaa, 15831, 0, 0, 0, , 0, 0, 0, 0, 0, 
21, 1, 21, 21, -1, 321, 209, 20.0, 21, ABalaapa, 13610, 0, 0, 0, , 0, 0, 0, 0, 0, 
22, 1, 22, 22, -1, 284, 222, 21.0, 23, ABalaapp, 14880, 0, 0, 0, , 0, 0, 0, 0, 0, 
23, 1, 23, 23, -1, 358, 199, 19.0, 21, ABalaaaa, 14148, 0, 0, 0, , 0, 0, 0, 0, 0, 
24, 1, 24, 24, -1, 336, 200, 24.0, 23, ABalaaap, 14560, 0, 0, 0, , 0, 0, 0, 0, 0, 
25, 1, 25, 25, -1, 201, 351, 20.0, 23, ABplpppp, 14331, 0, 0, 0, , 0, 0, 0, 0, 0, 
26, 1, 26, 26, -1, 210, 343, 27.0, 21, ABplpppa, 12818, 0, 0, 0, , 0, 0, 0, 0, 0, 
27, 1, 27, 27, -1, 237, 332, 29.0, 21, ABplppap, 17004, 0, 0, 0, , 0, 0, 0, 0, 0, 
28, 1, 28, 28, -1, 267, 311, 30.0, 21, ABplppaa, 13152, 0, 0, 0, , 0, 0, 0, 0, 0, 
29, 1, 29, 29, -1, 236, 339, 21.0, 23, ABplpapp, 18841, 0, 0, 0, , 0, 0, 0, 0, 0, 
30, 1, 30, 30, -1, 276, 326, 23.0, 21, ABplpapa, 15870, 0, 0, 0, , 0, 0, 0, 0, 0, 
31, 1, 31, 31, -1, 321, 293, 23.0, 21, ABplpaaa, 13353, 0, 0, 0, , 0, 0, 0, 0, 0, 
32, 1, 32, 32, -1, 295, 311, 27.0, 21, ABplpaap, 11905, 0, 0, 0, , 0, 0, 0, 0, 0, 
33, 1, 33, 33, -1, 284, 273, 28.0, 25, ABplaapp, 21195, 0, 0, 0, , 0, 0, 0, 0, 0, 
34, 1, 34, 34, -1, 323, 250, 31.0, 25, ABplaapa, 17849, 0, 0, 0, , 0, 0, 0, 0, 0, 
35, 1, 35, 35, -1, 336, 216, 31.0, 23, ABplaaaa, 17073, 0, 0, 0, , 0, 0, 0, 0, 0, 
36, 1, 36, 36, -1, 299, 214, 33.0, 21, ABplaaap, 16880, 0, 0, 0, , 0, 0, 0, 0, 0, 
37, 1, 37, 37, -1, 213, 313, 30.0, 21, ABplappp, 13584, 0, 0, 0, , 0, 0, 0, 0, 0, 
38, 1, 38, 38, -1, 247, 287, 31.0, 23, ABplappa, 18131, 0, 0, 0, , 0, 0, 0, 0, 0, 
39, 1, 39, 39, -1, 287, 242, 32.0, 21, ABplapaa, 14882, 0, 0, 0, , 0, 0, 0, 0, 0, 
40, 1, 40, 40, -1, 248, 250, 32.0, 23, ABplapap, 16768, 0, 0, 0, , 0, 0, 0, 0, 0, 
41, 1, 41, 41, -1, 139, 220, 11.0, 23, ABprpapa, 14757, 0, 0, 0, , 0, 0, 0, 0, 0, 
42, 1, 42, 42, -1, 113, 254, 11.0, 23, ABprpapp, 15846, 0, 0, 0, , 0, 0, 0, 0, 0, 
43, 1, 43, 43, -1, 156, 195, 13.0, 21, ABprpaaa, 15407, 0, 0, 0, , 0, 0, 0, 0, 0, 
44, 1, 44, 44, -1, 123, 212, 17.0, 23, ABprpaap, 16082, 0, 0, 0, , 0, 0, 0, 0, 0, 
45, 1, 45, 45, -1, 71, 284, 15.0, 21, ABprpppa, 13035, 0, 0, 0, , 0, 0, 0, 0, 0, 
46, 1, 46, 46, -1, 98, 297, 12.0, 23, ABprpppp, 15023, 0, 0, 0, , 0, 0, 0, 0, 0, 
47, 1, 47, 47, -1, 101, 229, 16.0, 21, ABprppaa, 11632, 0, 0, 0, , 0, 0, 0, 0, 0, 
48, 1, 48, 48, -1, 86, 261, 16.0, 21, ABprppap, 12536, 0, 0, 0, , 0, 0, 0, 0, 0, 
49, 1, 49, 49, -1, 179, 179, 18.0, 23, ABpraapa, 15301, 0, 0, 0, , 0, 0, 0, 0, 0, 
50, 1, 50, 50, -1, 149, 205, 24.0, 25, ABpraapp, 19570, 0, 0, 0, , 0, 0, 0, 0, 0, 
51, 1, 51, 51, -1, 193, 177, 26.0, 23, ABpraaap, 14297, 0, 0, 0, , 0, 0, 0, 0, 0, 
52, 1, 52, 52, -1, 229, 167, 20.0, 23, ABpraaaa, 14887, 0, 0, 0, , 0, 0, 0, 0, 0, 
53, 1, 53, 53, -1, 102, 239, 22.0, 25, ABprappa, 19445, 0, 0, 0, , 0, 0, 0, 0, 0, 
54, 1, 54, 54, -1, 83, 283, 22.0, 23, ABprappp, 14783, 0, 0, 0, , 0, 0, 0, 0, 0, 
55, 1, 55, 55, -1, 161, 201, 31.0, 23, ABprapaa, 15443, 0, 0, 0, , 0, 0, 0, 0, 0, 
56, 1, 56, 56, -1, 118, 229, 29.0, 23, ABprapap, 18699, 0, 0, 0, , 0, 0, 0, 0, 0, 
57, 1, 57, 57, -1, 139, 288, 13.0, 19, MSpppp, 10025, 0, 0, 0, , 0, 0, 0, 0, 0, 
58, 1, 58, 58, -1, 152, 254, 13.0, 19, MSpppa, 9453, 0, 0, 0, , 0, 0, 0, 0, 0, 
59, 1, 59, 59, -1, 197, 216, 13.0, 19, MSppaa, 11178, 0, 0, 0, , 0, 0, 0, 0, 0, 
60, 1, 60, 60, -1, 173, 240, 12.0, 19, MSppap, 9895, 0, 0, 0, , 0, 0, 0, 0, 0, 
61, 1, 61, 61, -1, 220, 255, 11.0, 23, MSpapa, 15549, 0, 0, 0, , 0, 0, 0, 0, 0, 
62, 1, 62, 62, -1, 182, 281, 11.0, 21, MSpapp, 13102, 0, 0, 0, , 0, 0, 0, 0, 0, 
63, 1, 63, 63, -1, 258, 213, 15.0, 23, MSpaaa, 14238, 0, 0, 0, , 0, 0, 0, 0, 0, 
64, 1, 64, 64, -1, 227, 239, 14.0, 21, MSpaap, 11861, 0, 0, 0, , 0, 0, 0, 0, 0, 
65, 1, 65, 65, -1, 201, 327, 15.0, 17, MSappp, 6862, 0, 0, 0, , 0, 0, 0, 0, 0, 
66, 1, 65, 66, -1, 225, 312, 13.0, 17, MSappa, 7514, 0, 0, 0, , 0, 0, 0, 0, 0, 
67, 1, 66, 67, -1, 248, 311, 16.0, 17, MSapap, 8329, 0, 0, 0, , 0, 0, 0, 0, 0, 
68, 1, 66, 68, -1, 271, 295, 17.0, 17, MSapaa, 9090, 0, 0, 0, , 0, 0, 0, 0, 0, 
69, 1, 67, 69, -1, 326, 233, 13.0, 21, MSaaaa, 13301, 0, 0, 0, , 0, 0, 0, 0, 0, 
70, 1, 68, 70, -1, 281, 244, 12.0, 21, MSaaap, 14673, 0, 0, 0, , 0, 0, 0, 0, 0, 
71, 1, 69, 71, -1, 231, 283, 11.0, 23, MSaapp, 12604, 0, 0, 0, , 0, 0, 0, 0, 0, 
72, 1, 70, 72, -1, 265, 265, 12.0, 23, MSaapa, 14328, 0, 0, 0, , 0, 0, 0, 0, 0, 
73, 1, 71, 73, -1, 227, 282, 21.0, 33, Eal, 65535, 0, 0, 0, , 0, 0, 0, 0, 0, 
74, 1, 72, 74, -1, 172, 304, 20.0, 25, Epl, 44783, 0, 0, 0, , 0, 0, 0, 0, 0, 
75, 1, 73, 75, -1, 149, 348, 28.0, 25, Capp, 17890, 0, 0, 0, , 0, 0, 0, 0, 0, 
76, 1, 74, 76, -1, 184, 333, 28.0, 21, Capa, 17191, 0, 0, 0, , 0, 0, 0, 0, 0, 
77, 1, 75, 77, -1, 190, 261, 30.0, 23, Caaa, 17606, 0, 0, 0, , 0, 0, 0, 0, 0, 
78, 1, 76, 78, -1, 145, 319, 33.0, 23, Caap, 16288, 0, 0, 0, , 0, 0, 0, 0, 0, 
79, 1, 77, 79, -1, 103, 326, 29.0, 27, Cpap, 21649, 0, 0, 0, , 0, 0, 0, 0, 0, 
80, 1, 78, 80, -1, 127, 270, 31.0, 25, Cpaa, 46472, 0, 0, 0, , 0, 0, 0, 0, 0, 
81, 1, 79, 81, -1, 82, 322, 20.0, 25, Cppa, 19520, 0, 0, 0, , 0, 0, 0, 0, 0, 
82, 1, 80, 82, -1, 117, 343, 22.0, 27, Cppp, 21600, 0, 0, 0, , 0, 0, 0, 0, 0, 
83, 1, 81, 83, -1, 156, 350, 18.0, 23, Da, 24542, 0, 0, 0, , 0, 0, 0, 0, 0, 
84, 1, 82, 84, -1, 120, 327, 14.0, 25, Dp, 22476, 0, 0, 0, , 0, 0, 0, 0, 0, 
85, 1, 83, 85, -1, 181, 308, 12.0, 19, Z3, 10695, 0, 0, 0, , 0, 0, 0, 0, 0, 
86, 1, 84, 86, -1, 152, 321, 12.0, 17, Z2, 10584, 0, 0, 0, , 0, 0, 0, 0, 0, 
87, 0, 85, -1, -1, 384, 242, 24.0, 17, , 13464, 0, 0, 0, , 0, 0, 0, 0, 0, 
88, 1, 86, 88, -1, 279, 283, 22.0, 25, ABalpppp, 24135, 0, 0, 0, , 0, 0, 0, 0, 0, 
89, 1, 87, 89, -1, 310, 255, 21.0, 23, ABalpppa, 16469, 0, 0, 0, , 0, 0, 0, 0, 0, 
90, 1, 88, 90, -1, 364, 256, 26.0, 19, ABalppaa, 9732, 0, 0, 0, , 0, 0, 0, 0, 0, 
91, 1, 89, 91, -1, 338, 266, 23.0, 21, ABalppap, 15518, 0, 0, 0, , 0, 0, 0, 0, 0, 
92, 1, 90, 92, -1, 350, 260, 15.0, 23, ABalpapa, 15766, 0, 0, 0, , 0, 0, 0, 0, 0, 
93, 1, 91, 93, -1, 306, 272, 13.0, 25, ABalpapp, 18608, 0, 0, 0, , 0, 0, 0, 0, 0, 
94, 1, 92, 94, -1, 351, 216, 13.0, 23, ABalpaaa, 14960, 0, 0, 0, , 0, 0, 0, 0, 0, 
95, 1, 93, 95, -1, 352, 237, 21.0, 23, ABalpaap, 16033, 0, 0, 0, , 0, 0, 0, 0, 0, 
96, 1, 94, 96, -1, 132, 282, 22.0, 29, Epr, 65535, 0, 0, 0, , 0, 0, 0, 0, 0, 
97, 1, 95, 97, -1, 190, 248, 20.0, 31, Ear, 65535, 0, 0, 0, , 0, 0, 0, 0, 0, 
