1, 1, 1, 1, -1, 281, 218, 12.0, 17, ABaraappa, 9037, 0, 0, 0, , 0, 0, 0, 0, 0, 
2, 1, 2, 2, -1, 255, 238, 11.0, 21, ABaraappp, 9933, 0, 0, 0, , 0, 0, 0, 0, 0, 
3, 1, 3, 3, -1, 304, 232, 13.0, 19, ABaraapap, 9867, 0, 0, 0, , 0, 0, 0, 0, 0, 
4, 1, 4, 4, -1, 333, 217, 12.0, 19, ABaraapaa, 10274, 0, 0, 0, , 0, 0, 0, 0, 0, 
5, 1, 5, 5, -1, 266, 179, 13.0, 19, ABaraaapp, 8088, 0, 0, 0, , 0, 0, 0, 0, 0, 
6, 1, 6, 6, -1, 301, 177, 14.0, 21, ABaraaapa, 11772, 0, 0, 0, , 0, 0, 0, 0, 0, 
7, 1, 7, 7, -1, 327, 184, 16.0, 15, ABaraaaaa, 7143, 0, 0, 0, , 0, 0, 0, 0, 0, 
8, 1, 8, 8, -1, 307, 204, 13.0, 15, ABaraaaap, 7027, 0, 0, 0, , 0, 0, 0, 0, 0, 
9, 1, 9, 9, -1, 242, 181, 11.0, 21, ABarapapa, 11807, 0, 0, 0, , 0, 0, 0, 0, 0, 
10, 1, 10, 10, -1, 229, 214, 10.0, 21, ABarapapp, 9844, 0, 0, 0, , 0, 0, 0, 0, 0, 
11, 1, 11, 11, -1, 291, 197, 10.0, 19, ABarapaaa, 8965, 0, 0, 0, , 0, 0, 0, 0, 0, 
12, 1, 12, 12, -1, 256, 204, 11.0, 19, ABarapaap, 9353, 0, 0, 0, , 0, 0, 0, 0, 0, 
13, 1, 13, 13, -1, 217, 180, 17.0, 19, ABarapppa, 8424, 0, 0, 0, , 0, 0, 0, 0, 0, 
14, 1, 14, 14, -1, 190, 201, 17.0, 17, ABarapppp, 8625, 0, 0, 0, , 0, 0, 0, 0, 0, 
15, 1, 15, 15, -1, 246, 188, 15.0, 19, ABarappaa, 10265, 0, 0, 0, , 0, 0, 0, 0, 0, 
16, 1, 16, 16, -1, 208, 205, 12.0, 19, ABarappap, 8244, 0, 0, 0, , 0, 0, 0, 0, 0, 
17, 1, 17, 17, -1, 214, 204, 30.0, 17, ABarpappp, 10564, 0, 0, 0, , 0, 0, 0, 0, 0, 
18, 1, 18, 18, -1, 247, 189, 33.0, 19, ABarpappa, 8289, 0, 0, 0, , 0, 0, 0, 0, 0, 
19, 1, 19, 19, -1, 293, 174, 31.0, 19, ABarpapaa, 8764, 0, 0, 0, , 0, 0, 0, 0, 0, 
20, 1, 20, 20, -1, 264, 174, 32.0, 19, ABarpapap, 9666, 0, 0, 0, , 0, 0, 0, 0, 0, 
21, 1, 21, 21, -1, 226, 249, 32.0, 19, ABarpaapp, 9594, 0, 0, 0, , 0, 0, 0, 0, 0, 
22, 1, 22, 22, -1, 267, 236, 31.0, 19, ABarpaapa, 11173, 0, 0, 0, , 0, 0, 0, 0, 0, 
23, 1, 23, 23, 24, 288, 211, 33.0, 20, ABarpaaa, 8506, 0, 0, 0, , 0, 0, 0, 0, 0, 
24, 1, 24, 25, -1, 245, 270, 32.0, 17, ABarppaaa, 7208, 0, 0, 0, , 0, 0, 0, 0, 0, 
25, 1, 25, 26, -1, 214, 286, 31.0, 19, ABarppaap, 7920, 0, 0, 0, , 0, 0, 0, 0, 0, 
26, 1, 26, 27, -1, 170, 325, 28.0, 21, ABarppapp, 9967, 0, 0, 0, , 0, 0, 0, 0, 0, 
27, 1, 27, 28, -1, 204, 304, 30.0, 17, ABarppapa, 8116, 0, 0, 0, , 0, 0, 0, 0, 0, 
28, 1, 28, 29, -1, 132, 272, 28.0, 19, ABarppppp, 8292, 0, 0, 0, , 0, 0, 0, 0, 0, 
29, 1, 29, 30, -1, 163, 249, 30.0, 17, ABarppppa, 7088, 0, 0, 0, , 0, 0, 0, 0, 0, 
30, 1, 30, 31, -1, 208, 222, 34.0, 19, ABarpppaa, 8191, 0, 0, 0, , 0, 0, 0, 0, 0, 
31, 1, 31, 32, -1, 181, 244, 32.0, 19, ABarpppap, 10241, 0, 0, 0, , 0, 0, 0, 0, 0, 
32, 1, 32, 33, -1, 243, 214, 31.0, 19, ABalapppp, 7837, 0, 0, 0, , 0, 0, 0, 0, 0, 
33, 1, 33, 34, -1, 277, 197, 28.0, 17, ABalapppa, 7511, 0, 0, 0, , 0, 0, 0, 0, 0, 
34, 1, 34, 35, -1, 327, 199, 29.0, 15, ABalappaa, 7720, 0, 0, 0, , 0, 0, 0, 0, 0, 
35, 1, 35, 36, -1, 301, 198, 30.0, 17, ABalappap, 6920, 0, 0, 0, , 0, 0, 0, 0, 0, 
36, 1, 36, 37, -1, 294, 251, 29.0, 19, ABalapapp, 10336, 0, 0, 0, , 0, 0, 0, 0, 0, 
37, 1, 37, 38, -1, 318, 229, 33.0, 19, ABalapapa, 8627, 0, 0, 0, , 0, 0, 0, 0, 0, 
38, 1, 38, 39, -1, 336, 215, 27.0, 17, ABalapaaa, 8302, 0, 0, 0, , 0, 0, 0, 0, 0, 
39, 1, 39, 40, -1, 333, 237, 30.0, 19, ABalapaap, 9189, 0, 0, 0, , 0, 0, 0, 0, 0, 
40, 1, 40, 41, -1, 316, 177, 22.0, 15, ABalaapaa, 5776, 0, 0, 0, , 0, 0, 0, 0, 0, 
41, 1, 40, 42, -1, 300, 172, 22.0, 15, ABalaapap, 5870, 0, 0, 0, , 0, 0, 0, 0, 0, 
42, 1, 41, 43, -1, 284, 172, 25.0, 19, ABalaappa, 8339, 0, 0, 0, , 0, 0, 0, 0, 0, 
43, 1, 42, 44, -1, 252, 187, 28.0, 20, ABalaappp, 10818, 0, 0, 0, , 0, 0, 0, 0, 0, 
44, 1, 43, 45, -1, 349, 199, 26.0, 19, ABalaaaal, 8034, 0, 0, 0, , 0, 0, 0, 0, 0, 
45, 1, 44, 46, -1, 339, 183, 19.0, 21, ABalaaaar, 8342, 0, 0, 0, , 0, 0, 0, 0, 0, 
46, 1, 45, 47, -1, 304, 198, 25.0, 19, ABalaaapp, 12782, 0, 0, 0, , 0, 0, 0, 0, 0, 
47, 1, 46, 48, -1, 337, 182, 26.0, 17, ABalaaapa, 7201, 0, 0, 0, , 0, 0, 0, 0, 0, 
48, 1, 47, 49, -1, 190, 321, 12.0, 19, ABplppppa, 8006, 0, 0, 0, , 0, 0, 0, 0, 0, 
49, 1, 48, 50, -1, 161, 331, 11.0, 19, ABplppppp, 9451, 0, 0, 0, , 0, 0, 0, 0, 0, 
50, 1, 49, 51, -1, 172, 351, 15.0, 19, ABplpppap, 8348, 0, 0, 0, , 0, 0, 0, 0, 0, 
51, 1, 50, 52, -1, 200, 345, 15.0, 19, ABplpppaa, 8636, 0, 0, 0, , 0, 0, 0, 0, 0, 
52, 1, 51, 53, -1, 205, 333, 20.0, 19, ABplppapp, 7335, 0, 0, 0, , 0, 0, 0, 0, 0, 
53, 1, 52, 54, -1, 236, 332, 16.0, 19, ABplppapa, 9126, 0, 0, 0, , 0, 0, 0, 0, 0, 
54, 1, 53, 55, -1, 255, 328, 15.0, 19, ABplppaap, 9532, 0, 0, 0, , 0, 0, 0, 0, 0, 
55, 1, 54, 56, -1, 280, 318, 16.0, 17, ABplppaaa, 11770, 0, 0, 0, , 0, 0, 0, 0, 0, 
56, 1, 55, 57, -1, 239, 307, 11.0, 21, ABplpappa, 10860, 0, 0, 0, , 0, 0, 0, 0, 0, 
57, 1, 56, 58, -1, 212, 316, 11.0, 19, ABplpappp, 9614, 0, 0, 0, , 0, 0, 0, 0, 0, 
58, 1, 57, 59, -1, 263, 299, 12.0, 19, ABplpapap, 8301, 0, 0, 0, , 0, 0, 0, 0, 0, 
59, 1, 58, 60, -1, 292, 297, 11.0, 19, ABplpapaa, 8339, 0, 0, 0, , 0, 0, 0, 0, 0, 
60, 1, 59, 61, -1, 329, 288, 19.0, 19, ABplpaaaa, 9774, 0, 0, 0, , 0, 0, 0, 0, 0, 
61, 1, 60, 62, -1, 304, 305, 19.0, 19, ABplpaaap, 7852, 0, 0, 0, , 0, 0, 0, 0, 0, 
62, 1, 61, 63, -1, 284, 318, 22.0, 19, ABplpaapp, 10482, 0, 0, 0, , 0, 0, 0, 0, 0, 
63, 1, 62, 64, -1, 314, 302, 24.0, 21, ABplpaapa, 8750, 0, 0, 0, , 0, 0, 0, 0, 0, 
64, 1, 63, 65, -1, 279, 316, 29.0, 19, ABplaappa, 9997, 0, 0, 0, , 0, 0, 0, 0, 0, 
65, 1, 64, 66, -1, 246, 321, 25.0, 23, ABplaappp, 12791, 0, 0, 0, , 0, 0, 0, 0, 0, 
66, 1, 65, 67, -1, 332, 286, 28.0, 19, ABplaapaa, 9938, 0, 0, 0, , 0, 0, 0, 0, 0, 
67, 1, 66, 68, -1, 297, 291, 33.0, 21, ABplaapap, 10311, 0, 0, 0, , 0, 0, 0, 0, 0, 
68, 1, 67, 69, -1, 352, 261, 29.0, 19, ABplaaaaa, 8874, 0, 0, 0, , 0, 0, 0, 0, 0, 
69, 1, 68, 70, -1, 318, 260, 34.0, 21, ABplaaaap, 9095, 0, 0, 0, , 0, 0, 0, 0, 0, 
70, 1, 69, 71, -1, 267, 264, 33.0, 19, ABplaaapp, 8175, 0, 0, 0, , 0, 0, 0, 0, 0, 
71, 1, 70, 72, -1, 292, 249, 34.0, 17, ABplaaapa, 10756, 0, 0, 0, , 0, 0, 0, 0, 0, 
72, 1, 71, 73, -1, 146, 352, 20.0, 19, ABplapppp, 8962, 0, 0, 0, , 0, 0, 0, 0, 0, 
73, 1, 72, 74, -1, 182, 341, 21.0, 19, ABplapppa, 8200, 0, 0, 0, , 0, 0, 0, 0, 0, 
74, 1, 73, 75, -1, 235, 343, 23.0, 21, ABplappaa, 12126, 0, 0, 0, , 0, 0, 0, 0, 0, 
75, 1, 74, 76, -1, 198, 348, 24.0, 21, ABplappap, 10411, 0, 0, 0, , 0, 0, 0, 0, 0, 
76, 1, 75, 77, -1, 234, 326, 32.0, 19, ABplapaap, 8988, 0, 0, 0, , 0, 0, 0, 0, 0, 
77, 1, 76, 78, -1, 254, 299, 33.0, 19, ABplapaaa, 9791, 0, 0, 0, , 0, 0, 0, 0, 0, 
78, 1, 77, 79, -1, 168, 351, 26.0, 21, ABplapapp, 10115, 0, 0, 0, , 0, 0, 0, 0, 0, 
79, 1, 78, 80, -1, 211, 339, 31.0, 21, ABplapapa, 11891, 0, 0, 0, , 0, 0, 0, 0, 0, 
80, 1, 79, 81, -1, 187, 202, 10.0, 19, ABprpapaa, 8955, 0, 0, 0, , 0, 0, 0, 0, 0, 
81, 1, 80, 82, -1, 164, 199, 11.0, 19, ABprpapap, 8834, 0, 0, 0, , 0, 0, 0, 0, 0, 
82, 1, 81, 83, -1, 138, 228, 11.0, 19, ABprpappp, 8434, 0, 0, 0, , 0, 0, 0, 0, 0, 
83, 1, 82, 84, -1, 161, 222, 11.0, 19, ABprpappa, 9741, 0, 0, 0, , 0, 0, 0, 0, 0, 
84, 1, 83, 85, -1, 207, 171, 14.0, 19, ABprpaaaa, 10635, 0, 0, 0, , 0, 0, 0, 0, 0, 
85, 1, 84, 86, -1, 172, 183, 15.0, 19, ABprpaaap, 9279, 0, 0, 0, , 0, 0, 0, 0, 0, 
86, 1, 85, 87, -1, 193, 177, 21.0, 19, ABprpaapa, 8617, 0, 0, 0, , 0, 0, 0, 0, 0, 
87, 1, 86, 88, -1, 163, 191, 21.0, 19, ABprpaapp, 9093, 0, 0, 0, , 0, 0, 0, 0, 0, 
88, 1, 87, 89, -1, 109, 217, 18.0, 19, ABprpppaa, 7399, 0, 0, 0, , 0, 0, 0, 0, 0, 
89, 1, 88, 90, -1, 77, 253, 16.0, 19, ABprpppap, 9589, 0, 0, 0, , 0, 0, 0, 0, 0, 
90, 1, 89, 91, -1, 112, 232, 11.0, 19, ABprppppa, 8292, 0, 0, 0, , 0, 0, 0, 0, 0, 
91, 1, 90, 92, -1, 90, 259, 11.0, 19, ABprppppp, 9849, 0, 0, 0, , 0, 0, 0, 0, 0, 
92, 1, 91, 93, -1, 124, 208, 14.0, 17, ABprppaap, 8022, 0, 0, 0, , 0, 0, 0, 0, 0, 
93, 1, 92, 94, -1, 147, 198, 18.0, 17, ABprppaaa, 7220, 0, 0, 0, , 0, 0, 0, 0, 0, 
94, 1, 93, 95, -1, 145, 226, 16.0, 17, ABprppapa, 7896, 0, 0, 0, , 0, 0, 0, 0, 0, 
95, 1, 94, 96, -1, 116, 243, 17.0, 19, ABprppapp, 8821, 0, 0, 0, , 0, 0, 0, 0, 0, 
96, 1, 95, 97, -1, 219, 163, 22.0, 17, ABpraapaa, 7809, 0, 0, 0, , 0, 0, 0, 0, 0, 
97, 1, 96, 98, -1, 201, 182, 28.0, 19, ABpraapap, 8781, 0, 0, 0, , 0, 0, 0, 0, 0, 
98, 1, 97, 99, -1, 157, 204, 26.0, 23, ABpraappp, 13303, 0, 0, 0, , 0, 0, 0, 0, 0, 
99, 1, 98, 100, -1, 181, 194, 29.0, 19, ABpraappa, 10214, 0, 0, 0, , 0, 0, 0, 0, 0, 
100, 1, 99, 101, -1, 257, 160, 24.0, 17, ABpraaapa, 7855, 0, 0, 0, , 0, 0, 0, 0, 0, 
101, 1, 100, 102, -1, 229, 173, 28.0, 19, ABpraaapp, 9897, 0, 0, 0, , 0, 0, 0, 0, 0, 
102, 1, 101, 103, -1, 274, 169, 18.0, 17, ABpraaaaa, 8208, 0, 0, 0, , 0, 0, 0, 0, 0, 
103, 1, 102, 104, -1, 244, 172, 20.0, 19, ABpraaaap, 7041, 0, 0, 0, , 0, 0, 0, 0, 0, 
104, 1, 103, 105, -1, 103, 232, 24.0, 21, ABprappap, 10154, 0, 0, 0, , 0, 0, 0, 0, 0, 
105, 1, 104, 106, -1, 128, 209, 22.0, 21, ABprappaa, 10371, 0, 0, 0, , 0, 0, 0, 0, 0, 
106, 1, 105, 107, -1, 88, 247, 21.0, 19, ABprapppa, 7867, 0, 0, 0, , 0, 0, 0, 0, 0, 
107, 1, 106, 108, -1, 78, 279, 20.0, 21, ABprapppp, 7522, 0, 0, 0, , 0, 0, 0, 0, 0, 
108, 1, 107, 109, -1, 177, 206, 34.0, 19, ABprapaaa, 9511, 0, 0, 0, , 0, 0, 0, 0, 0, 
109, 1, 108, 110, -1, 146, 221, 33.0, 19, ABprapaap, 8554, 0, 0, 0, , 0, 0, 0, 0, 0, 
110, 1, 109, 111, -1, 100, 257, 29.0, 21, ABprapapp, 10515, 0, 0, 0, , 0, 0, 0, 0, 0, 
111, 1, 110, 112, -1, 123, 227, 31.0, 19, ABprapapa, 11246, 0, 0, 0, , 0, 0, 0, 0, 0, 
112, 1, 111, 113, -1, 168, 231, 19.0, 21, MSpppp, 11277, 0, 0, 0, , 0, 0, 0, 0, 0, 
113, 1, 112, 114, -1, 191, 226, 19.0, 21, MSpppa, 11662, 0, 0, 0, , 0, 0, 0, 0, 0, 
114, 1, 113, 115, -1, 237, 200, 21.0, 21, MSppaa, 33871, 0, 0, 0, , 0, 0, 0, 0, 0, 
115, 1, 114, 116, -1, 210, 210, 21.0, 21, MSppap, 11959, 0, 0, 0, , 0, 0, 0, 0, 0, 
116, 1, 115, 117, -1, 197, 256, 13.0, 17, MSpapap, 6072, 0, 0, 0, , 0, 0, 0, 0, 0, 
117, 1, 116, 118, -1, 229, 239, 13.0, 17, MSpapaa, 7934, 0, 0, 0, , 0, 0, 0, 0, 0, 
118, 1, 117, 119, -1, 172, 258, 11.0, 23, MSpapp, 14248, 0, 0, 0, , 0, 0, 0, 0, 0, 
119, 1, 118, 120, -1, 264, 208, 22.0, 19, MSpaaap, 7910, 0, 0, 0, , 0, 0, 0, 0, 0, 
120, 1, 119, 121, -1, 294, 198, 17.0, 15, MSpaaaa, 6577, 0, 0, 0, , 0, 0, 0, 0, 0, 
121, 1, 120, 122, -1, 247, 228, 18.0, 21, MSpaap, 12960, 0, 0, 0, , 0, 0, 0, 0, 0, 
122, 1, 121, 123, -1, 213, 306, 18.0, 21, MSappp, 13720, 0, 0, 0, , 0, 0, 0, 0, 0, 
123, 1, 122, 124, -1, 220, 277, 17.0, 19, MSappa, 10178, 0, 0, 0, , 0, 0, 0, 0, 0, 
124, 1, 123, 125, -1, 256, 293, 19.0, 23, MSapap, 15100, 0, 0, 0, , 0, 0, 0, 0, 0, 
125, 1, 124, 126, -1, 296, 264, 21.0, 23, MSapaa, 13538, 0, 0, 0, , 0, 0, 0, 0, 0, 
126, 1, 125, 127, -1, 323, 207, 19.0, 17, MSaaaaa, 6412, 0, 0, 0, , 0, 0, 0, 0, 0, 
127, 1, 126, 128, -1, 306, 229, 25.0, 17, MSaaaap, 6309, 0, 0, 0, , 0, 0, 0, 0, 0, 
128, 1, 127, 129, 130, 282, 237, 19.0, 17, MSaaap, 9265, 0, 0, 0, , 0, 0, 0, 0, 0, 
129, 1, 128, 131, -1, 207, 282, 11.0, 23, MSaapp, 15295, 0, 0, 0, , 0, 0, 0, 0, 0, 
130, 1, 129, 132, -1, 269, 263, 15.0, 15, MSaapaa, 5946, 0, 0, 0, , 0, 0, 0, 0, 0, 
131, 1, 130, 133, -1, 237, 277, 13.0, 15, MSaapap, 5803, 0, 0, 0, , 0, 0, 0, 0, 0, 
132, 1, 131, 134, -1, 220, 290, 24.0, 23, Ealp, 19079, 0, 0, 0, , 0, 0, 0, 0, 0, 
133, 1, 132, 135, -1, 148, 312, 23.0, 25, Eplp, 37028, 0, 0, 0, , 0, 0, 0, 0, 0, 
134, 1, 133, 136, -1, 119, 341, 19.0, 21, Capp, 9382, 0, 0, 0, , 0, 0, 0, 0, 0, 
135, 1, 134, 137, -1, 128, 338, 12.0, 25, Capa, 17978, 0, 0, 0, , 0, 0, 0, 0, 0, 
136, 1, 135, 138, -1, 133, 331, 29.0, 21, Caaap, 10369, 0, 0, 0, , 0, 0, 0, 0, 0, 
137, 1, 136, 139, -1, 175, 304, 33.0, 23, Caaaa, 28321, 0, 0, 0, , 0, 0, 0, 0, 0, 
138, 1, 137, 140, -1, 105, 363, 23.0, 19, Caapp, 7580, 0, 0, 0, , 0, 0, 0, 0, 0, 
139, 1, 138, 141, -1, 123, 354, 29.0, 19, Caapa, 8630, 0, 0, 0, , 0, 0, 0, 0, 0, 
140, 1, 139, 142, -1, 82, 346, 21.0, 21, Cpapp, 10563, 0, 0, 0, , 0, 0, 0, 0, 0, 
141, 1, 140, 143, -1, 97, 321, 28.0, 23, Cpapa, 13969, 0, 0, 0, , 0, 0, 0, 0, 0, 
142, 1, 141, 144, -1, 150, 273, 34.0, 23, Cpaaa, 8639, 0, 0, 0, , 0, 0, 0, 0, 0, 
143, 1, 142, 145, -1, 108, 295, 31.0, 23, Cpaap, 19182, 0, 0, 0, , 0, 0, 0, 0, 0, 
144, 1, 143, 146, 147, 80, 293, 14.0, 19, Cppa, 9667, 0, 0, 0, , 0, 0, 0, 0, 0, 
145, 1, 144, 148, -1, 83, 322, 15.0, 21, Cpppp, 12218, 0, 0, 0, , 0, 0, 0, 0, 0, 
146, 1, 145, 149, -1, 85, 303, 23.0, 21, Cpppa, 11321, 0, 0, 0, , 0, 0, 0, 0, 0, 
147, 1, 146, 150, -1, 171, 303, 13.0, 21, Daa, 13201, 0, 0, 0, , 0, 0, 0, 0, 0, 
148, 1, 147, 151, -1, 140, 312, 15.0, 23, Dap, 18863, 0, 0, 0, , 0, 0, 0, 0, 0, 
149, 1, 148, 152, -1, 133, 261, 12.0, 21, Dpa, 11210, 0, 0, 0, , 0, 0, 0, 0, 0, 
150, 1, 149, 153, -1, 115, 291, 15.0, 23, Dpp, 12757, 0, 0, 0, , 0, 0, 0, 0, 0, 
151, 1, 150, 154, -1, 186, 276, 16.0, 21, Z3, 12649, 0, 0, 0, , 0, 0, 0, 0, 0, 
152, 1, 151, 155, -1, 152, 277, 18.0, 21, Z2, 13738, 0, 0, 0, , 0, 0, 0, 0, 0, 
153, 0, 152, -1, -1, 383, 242, 23.0, 15, , 12231, 0, 0, 0, , 0, 0, 0, 0, 0, 
154, 1, 153, 157, -1, 264, 292, 26.0, 21, ABalppppp, 12934, 0, 0, 0, , 0, 0, 0, 0, 0, 
155, 1, 154, 158, -1, 297, 277, 27.0, 19, ABalppppa, 11875, 0, 0, 0, , 0, 0, 0, 0, 0, 
156, 1, 155, 159, -1, 338, 247, 24.0, 19, ABalpppaa, 8048, 0, 0, 0, , 0, 0, 0, 0, 0, 
157, 1, 156, 160, -1, 322, 271, 25.0, 21, ABalpppap, 10027, 0, 0, 0, , 0, 0, 0, 0, 0, 
158, 1, 157, 161, -1, 360, 245, 23.0, 17, ABalppaaa, 6926, 0, 0, 0, , 0, 0, 0, 0, 0, 
159, 1, 158, 162, -1, 346, 273, 20.0, 17, ABalppaap, 8681, 0, 0, 0, , 0, 0, 0, 0, 0, 
160, 1, 159, 163, -1, 292, 280, 15.0, 21, ABalppapp, 11002, 0, 0, 0, , 0, 0, 0, 0, 0, 
161, 1, 160, 164, -1, 331, 267, 16.0, 19, ABalppapa, 8989, 0, 0, 0, , 0, 0, 0, 0, 0, 
162, 1, 161, 165, -1, 330, 250, 12.0, 19, ABalpapap, 9341, 0, 0, 0, , 0, 0, 0, 0, 0, 
163, 1, 162, 166, -1, 359, 247, 15.0, 17, ABalpapaa, 8596, 0, 0, 0, , 0, 0, 0, 0, 0, 
164, 1, 163, 167, -1, 311, 259, 11.0, 19, ABalpappa, 11411, 0, 0, 0, , 0, 0, 0, 0, 0, 
165, 1, 164, 168, -1, 282, 250, 10.0, 21, ABalpappp, 11491, 0, 0, 0, , 0, 0, 0, 0, 0, 
166, 1, 165, 169, -1, 358, 226, 15.0, 17, ABalpaaap, 7902, 0, 0, 0, , 0, 0, 0, 0, 0, 
167, 1, 166, 170, -1, 348, 193, 16.0, 19, ABalpaaaa, 8821, 0, 0, 0, , 0, 0, 0, 0, 0, 
168, 1, 167, 171, -1, 324, 244, 18.0, 19, ABalpaapp, 8780, 0, 0, 0, , 0, 0, 0, 0, 0, 
169, 1, 168, 172, -1, 360, 213, 21.0, 21, ABalpaapa, 12365, 0, 0, 0, , 0, 0, 0, 0, 0, 
170, 1, 169, 173, -1, 146, 246, 23.0, 25, Epra, 38135, 0, 0, 0, , 0, 0, 0, 0, 0, 
171, 1, 170, 174, -1, 230, 235, 24.0, 23, Eara, 28328, 0, 0, 0, , 0, 0, 0, 0, 0, 
172, 1, 171, 175, -1, 191, 251, 22.0, 23, Earp, 20136, 0, 0, 0, , 0, 0, 0, 0, 0, 
173, 1, 172, 176, -1, 252, 262, 23.0, 27, Eala, 65535, 0, 0, 0, , 0, 0, 0, 0, 0, 
174, 1, 173, 177, -1, 184, 290, 24.0, 25, Epla, 64392, 0, 0, 0, , 0, 0, 0, 0, 0, 
175, 1, 174, 178, -1, 118, 275, 22.0, 27, Eprp, 65535, 0, 0, 0, , 0, 0, 0, 0, 0, 
