1, 1, 1, 1, -1, 277, 212, 15.0, 19, ABaraappa, 11657, 0, 0, 0, , 0, 0, 0, 0, 0, 
2, 1, 2, 2, -1, 255, 230, 13.0, 19, ABaraappp, 9660, 0, 0, 0, , 0, 0, 0, 0, 0, 
3, 1, 3, 3, -1, 296, 235, 16.0, 19, ABaraapap, 12200, 0, 0, 0, , 0, 0, 0, 0, 0, 
4, 1, 4, 4, -1, 319, 215, 16.0, 19, ABaraapaa, 10700, 0, 0, 0, , 0, 0, 0, 0, 0, 
5, 1, 5, 5, -1, 274, 176, 13.0, 19, ABaraaapp, 10341, 0, 0, 0, , 0, 0, 0, 0, 0, 
6, 1, 6, 6, -1, 300, 181, 13.0, 21, ABaraaapa, 11840, 0, 0, 0, , 0, 0, 0, 0, 0, 
7, 1, 7, 7, -1, 323, 184, 17.0, 17, ABaraaaaa, 8395, 0, 0, 0, , 0, 0, 0, 0, 0, 
8, 1, 8, 8, -1, 302, 201, 15.0, 17, ABaraaaap, 8360, 0, 0, 0, , 0, 0, 0, 0, 0, 
9, 1, 9, 9, -1, 244, 210, 11.0, 19, ABarapapa, 10505, 0, 0, 0, , 0, 0, 0, 0, 0, 
10, 1, 10, 10, -1, 225, 234, 11.0, 21, ABarapapp, 12172, 0, 0, 0, , 0, 0, 0, 0, 0, 
11, 1, 11, 11, -1, 294, 208, 11.0, 19, ABarapaaa, 9617, 0, 0, 0, , 0, 0, 0, 0, 0, 
12, 1, 12, 12, -1, 270, 206, 11.0, 19, ABarapaap, 12060, 0, 0, 0, , 0, 0, 0, 0, 0, 
13, 1, 13, 13, -1, 228, 187, 13.0, 17, ABarapppa, 8725, 0, 0, 0, , 0, 0, 0, 0, 0, 
14, 1, 14, 14, -1, 203, 188, 13.0, 17, ABarapppp, 8418, 0, 0, 0, , 0, 0, 0, 0, 0, 
15, 1, 15, 15, -1, 251, 183, 11.0, 17, ABarappaa, 10603, 0, 0, 0, , 0, 0, 0, 0, 0, 
16, 1, 16, 16, -1, 215, 208, 11.0, 19, ABarappap, 9211, 0, 0, 0, , 0, 0, 0, 0, 0, 
17, 1, 17, 17, -1, 202, 211, 29.0, 21, ABarpappp, 14714, 0, 0, 0, , 0, 0, 0, 0, 0, 
18, 1, 18, 18, -1, 228, 200, 32.0, 17, ABarpappa, 10037, 0, 0, 0, , 0, 0, 0, 0, 0, 
19, 1, 19, 19, -1, 277, 191, 35.0, 21, ABarpapaa, 9935, 0, 0, 0, , 0, 0, 0, 0, 0, 
20, 1, 20, 20, -1, 251, 192, 35.0, 19, ABarpapap, 10220, 0, 0, 0, , 0, 0, 0, 0, 0, 
21, 1, 21, 21, -1, 207, 256, 33.0, 21, ABarpaapp, 11503, 0, 0, 0, , 0, 0, 0, 0, 0, 
22, 1, 22, 22, -1, 252, 236, 33.0, 19, ABarpaapa, 12635, 0, 0, 0, , 0, 0, 0, 0, 0, 
23, 1, 23, 23, -1, 307, 220, 35.0, 21, ABarpaaaa, 10231, 0, 0, 0, , 0, 0, 0, 0, 0, 
24, 1, 24, 24, -1, 282, 225, 33.0, 17, ABarpaaap, 8355, 0, 0, 0, , 0, 0, 0, 0, 0, 
25, 1, 25, 25, -1, 223, 276, 32.0, 17, ABarppaaa, 7571, 0, 0, 0, , 0, 0, 0, 0, 0, 
26, 1, 26, 26, -1, 206, 300, 33.0, 19, ABarppaap, 15882, 0, 0, 0, , 0, 0, 0, 0, 0, 
27, 1, 27, 27, -1, 153, 338, 28.0, 21, ABarppapp, 10409, 0, 0, 0, , 0, 0, 0, 0, 0, 
28, 1, 28, 28, -1, 188, 326, 32.0, 19, ABarppapa, 8792, 0, 0, 0, , 0, 0, 0, 0, 0, 
29, 1, 29, 29, -1, 113, 260, 31.0, 21, ABarppppp, 11042, 0, 0, 0, , 0, 0, 0, 0, 0, 
30, 1, 30, 30, -1, 147, 240, 31.0, 19, ABarppppa, 11232, 0, 0, 0, , 0, 0, 0, 0, 0, 
31, 1, 31, 31, -1, 195, 219, 34.0, 19, ABarpppaa, 8538, 0, 0, 0, , 0, 0, 0, 0, 0, 
32, 1, 32, 32, -1, 174, 229, 32.0, 19, ABarpppap, 9731, 0, 0, 0, , 0, 0, 0, 0, 0, 
33, 1, 33, 33, -1, 252, 201, 30.0, 21, ABalapppp, 12780, 0, 0, 0, , 0, 0, 0, 0, 0, 
34, 1, 34, 34, -1, 295, 188, 31.0, 21, ABalapppa, 10405, 0, 0, 0, , 0, 0, 0, 0, 0, 
35, 1, 35, 35, -1, 329, 199, 28.0, 19, ABalappaa, 8212, 0, 0, 0, , 0, 0, 0, 0, 0, 
36, 1, 36, 36, -1, 310, 202, 29.0, 19, ABalappap, 7429, 0, 0, 0, , 0, 0, 0, 0, 0, 
37, 1, 37, 37, -1, 297, 264, 28.0, 21, ABalapapp, 10662, 0, 0, 0, , 0, 0, 0, 0, 0, 
38, 1, 38, 38, -1, 324, 234, 31.0, 19, ABalapapa, 8867, 0, 0, 0, , 0, 0, 0, 0, 0, 
39, 1, 39, 39, -1, 354, 228, 26.0, 19, ABalapaaa, 9950, 0, 0, 0, , 0, 0, 0, 0, 0, 
40, 1, 40, 40, -1, 339, 247, 27.0, 19, ABalapaap, 9594, 0, 0, 0, , 0, 0, 0, 0, 0, 
41, 1, 41, 41, -1, 323, 170, 21.0, 19, ABalaapaa, 9742, 0, 0, 0, , 0, 0, 0, 0, 0, 
42, 1, 42, 42, -1, 297, 164, 21.0, 17, ABalaapap, 8775, 0, 0, 0, , 0, 0, 0, 0, 0, 
43, 1, 43, 43, -1, 296, 174, 26.0, 19, ABalaappa, 8299, 0, 0, 0, , 0, 0, 0, 0, 0, 
44, 1, 44, 44, -1, 272, 171, 29.0, 21, ABalaappp, 10249, 0, 0, 0, , 0, 0, 0, 0, 0, 
45, 1, 45, 45, -1, 356, 217, 21.0, 21, ABalaaaal, 11434, 0, 0, 0, , 0, 0, 0, 0, 0, 
46, 1, 46, 46, -1, 345, 191, 18.0, 19, ABalaaaar, 10190, 0, 0, 0, , 0, 0, 0, 0, 0, 
47, 1, 47, 47, -1, 329, 179, 25.0, 19, ABalaaapp, 9234, 0, 0, 0, , 0, 0, 0, 0, 0, 
48, 1, 48, 48, -1, 350, 197, 25.0, 19, ABalaaapa, 8584, 0, 0, 0, , 0, 0, 0, 0, 0, 
49, 1, 49, 49, -1, 203, 324, 13.0, 21, ABplppppa, 9877, 0, 0, 0, , 0, 0, 0, 0, 0, 
50, 1, 50, 50, -1, 177, 322, 11.0, 19, ABplppppp, 10621, 0, 0, 0, , 0, 0, 0, 0, 0, 
51, 1, 51, 51, -1, 175, 342, 14.0, 19, ABplpppap, 10675, 0, 0, 0, , 0, 0, 0, 0, 0, 
52, 1, 52, 52, -1, 208, 345, 16.0, 21, ABplpppaa, 11134, 0, 0, 0, , 0, 0, 0, 0, 0, 
53, 1, 53, 53, -1, 205, 336, 21.0, 19, ABplppapp, 11693, 0, 0, 0, , 0, 0, 0, 0, 0, 
54, 1, 54, 54, -1, 234, 330, 20.0, 19, ABplppapa, 10794, 0, 0, 0, , 0, 0, 0, 0, 0, 
55, 1, 55, 55, -1, 239, 327, 15.0, 19, ABplppaap, 14035, 0, 0, 0, , 0, 0, 0, 0, 0, 
56, 1, 56, 56, -1, 264, 325, 16.0, 19, ABplppaaa, 9752, 0, 0, 0, , 0, 0, 0, 0, 0, 
57, 1, 57, 57, -1, 242, 295, 11.0, 21, ABplpappa, 12729, 0, 0, 0, , 0, 0, 0, 0, 0, 
58, 1, 58, 58, -1, 218, 311, 10.0, 21, ABplpappp, 10684, 0, 0, 0, , 0, 0, 0, 0, 0, 
59, 1, 59, 59, -1, 263, 305, 13.0, 21, ABplpapap, 9825, 0, 0, 0, , 0, 0, 0, 0, 0, 
60, 1, 60, 60, -1, 279, 295, 11.0, 19, ABplpapaa, 9838, 0, 0, 0, , 0, 0, 0, 0, 0, 
61, 1, 61, 61, -1, 312, 294, 18.0, 19, ABplpaaaa, 9248, 0, 0, 0, , 0, 0, 0, 0, 0, 
62, 1, 62, 62, -1, 289, 317, 17.0, 17, ABplpaaap, 8456, 0, 0, 0, , 0, 0, 0, 0, 0, 
63, 1, 63, 63, -1, 265, 328, 21.0, 21, ABplpaapp, 12696, 0, 0, 0, , 0, 0, 0, 0, 0, 
64, 1, 64, 64, -1, 301, 304, 22.0, 21, ABplpaapa, 9190, 0, 0, 0, , 0, 0, 0, 0, 0, 
65, 1, 65, 65, -1, 261, 323, 30.0, 19, ABplaappa, 11669, 0, 0, 0, , 0, 0, 0, 0, 0, 
66, 1, 66, 66, -1, 240, 332, 26.0, 25, ABplaappp, 14217, 0, 0, 0, , 0, 0, 0, 0, 0, 
67, 1, 67, 67, -1, 315, 283, 32.0, 19, ABplaapaa, 11826, 0, 0, 0, , 0, 0, 0, 0, 0, 
68, 1, 68, 68, -1, 279, 298, 33.0, 21, ABplaapap, 12217, 0, 0, 0, , 0, 0, 0, 0, 0, 
69, 1, 69, 69, -1, 321, 258, 33.0, 17, ABplaaaaa, 10500, 0, 0, 0, , 0, 0, 0, 0, 0, 
70, 1, 70, 70, -1, 295, 254, 34.0, 19, ABplaaaap, 9093, 0, 0, 0, , 0, 0, 0, 0, 0, 
71, 1, 71, 71, -1, 248, 273, 33.0, 21, ABplaaapp, 12502, 0, 0, 0, , 0, 0, 0, 0, 0, 
72, 1, 72, 72, -1, 272, 251, 33.0, 17, ABplaaapa, 9014, 0, 0, 0, , 0, 0, 0, 0, 0, 
73, 1, 73, 73, -1, 155, 352, 17.0, 19, ABplapppp, 8400, 0, 0, 0, , 0, 0, 0, 0, 0, 
74, 1, 74, 74, -1, 182, 351, 19.0, 19, ABplapppa, 12558, 0, 0, 0, , 0, 0, 0, 0, 0, 
75, 1, 75, 75, -1, 214, 350, 26.0, 23, ABplappaa, 12530, 0, 0, 0, , 0, 0, 0, 0, 0, 
76, 1, 76, 76, -1, 182, 355, 24.0, 21, ABplappap, 13449, 0, 0, 0, , 0, 0, 0, 0, 0, 
77, 1, 77, 77, -1, 216, 329, 31.0, 21, ABplapaap, 10196, 0, 0, 0, , 0, 0, 0, 0, 0, 
78, 1, 78, 78, -1, 238, 308, 33.0, 19, ABplapaaa, 11530, 0, 0, 0, , 0, 0, 0, 0, 0, 
79, 1, 79, 79, -1, 152, 358, 24.0, 21, ABplapapp, 11873, 0, 0, 0, , 0, 0, 0, 0, 0, 
80, 1, 80, 80, -1, 179, 350, 31.0, 21, ABplapapa, 11898, 0, 0, 0, , 0, 0, 0, 0, 0, 
81, 1, 81, 81, -1, 188, 200, 11.0, 19, ABprpapaa, 8579, 0, 0, 0, , 0, 0, 0, 0, 0, 
82, 1, 82, 82, -1, 168, 195, 12.0, 19, ABprpapap, 12512, 0, 0, 0, , 0, 0, 0, 0, 0, 
83, 1, 83, 83, -1, 155, 224, 10.0, 19, ABprpappp, 9245, 0, 0, 0, , 0, 0, 0, 0, 0, 
84, 1, 84, 84, -1, 180, 221, 10.0, 19, ABprpappa, 10452, 0, 0, 0, , 0, 0, 0, 0, 0, 
85, 1, 85, 85, -1, 221, 169, 16.0, 19, ABprpaaaa, 12173, 0, 0, 0, , 0, 0, 0, 0, 0, 
86, 1, 86, 86, -1, 190, 174, 17.0, 19, ABprpaaap, 10814, 0, 0, 0, , 0, 0, 0, 0, 0, 
87, 1, 87, 87, -1, 211, 173, 21.0, 19, ABprpaapa, 11114, 0, 0, 0, , 0, 0, 0, 0, 0, 
88, 1, 88, 88, -1, 174, 183, 21.0, 21, ABprpaapp, 11087, 0, 0, 0, , 0, 0, 0, 0, 0, 
89, 1, 89, 89, -1, 114, 216, 14.0, 19, ABprpppaa, 9346, 0, 0, 0, , 0, 0, 0, 0, 0, 
90, 1, 90, 90, -1, 93, 244, 13.0, 19, ABprpppap, 8792, 0, 0, 0, , 0, 0, 0, 0, 0, 
91, 1, 91, 91, -1, 134, 233, 13.0, 19, ABprppppa, 8825, 0, 0, 0, , 0, 0, 0, 0, 0, 
92, 1, 92, 92, -1, 110, 256, 11.0, 19, ABprppppp, 11309, 0, 0, 0, , 0, 0, 0, 0, 0, 
93, 1, 93, 93, -1, 140, 204, 15.0, 19, ABprppaap, 9699, 0, 0, 0, , 0, 0, 0, 0, 0, 
94, 1, 94, 94, -1, 162, 199, 17.0, 17, ABprppaaa, 8021, 0, 0, 0, , 0, 0, 0, 0, 0, 
95, 1, 95, 95, -1, 135, 218, 18.0, 19, ABprppapa, 8078, 0, 0, 0, , 0, 0, 0, 0, 0, 
96, 1, 96, 96, -1, 114, 239, 18.0, 19, ABprppapp, 8062, 0, 0, 0, , 0, 0, 0, 0, 0, 
97, 1, 97, 97, -1, 232, 171, 30.0, 19, ABpraapaa, 12555, 0, 0, 0, , 0, 0, 0, 0, 0, 
98, 1, 98, 98, -1, 200, 185, 31.0, 19, ABpraapap, 10035, 0, 0, 0, , 0, 0, 0, 0, 0, 
99, 1, 99, 99, -1, 154, 202, 24.0, 21, ABpraappp, 13005, 0, 0, 0, , 0, 0, 0, 0, 0, 
100, 1, 100, 100, -1, 180, 183, 27.0, 21, ABpraappa, 10162, 0, 0, 0, , 0, 0, 0, 0, 0, 
101, 1, 101, 101, -1, 259, 168, 25.0, 19, ABpraaapa, 7196, 0, 0, 0, , 0, 0, 0, 0, 0, 
102, 1, 102, 102, -1, 226, 170, 25.0, 21, ABpraaapp, 12924, 0, 0, 0, , 0, 0, 0, 0, 0, 
103, 1, 103, 103, -1, 271, 161, 21.0, 17, ABpraaaaa, 10332, 0, 0, 0, , 0, 0, 0, 0, 0, 
104, 1, 104, 104, -1, 244, 160, 21.0, 19, ABpraaaap, 10770, 0, 0, 0, , 0, 0, 0, 0, 0, 
105, 1, 105, 105, -1, 92, 239, 20.0, 19, ABprappap, 9480, 0, 0, 0, , 0, 0, 0, 0, 0, 
106, 1, 106, 106, -1, 114, 217, 23.0, 21, ABprappaa, 11135, 0, 0, 0, , 0, 0, 0, 0, 0, 
107, 1, 107, 107, -1, 82, 254, 18.0, 19, ABprapppa, 10239, 0, 0, 0, , 0, 0, 0, 0, 0, 
108, 1, 108, 108, -1, 82, 272, 15.0, 19, ABprapppp, 9686, 0, 0, 0, , 0, 0, 0, 0, 0, 
109, 1, 109, 109, -1, 165, 200, 31.0, 19, ABprapaaa, 11696, 0, 0, 0, , 0, 0, 0, 0, 0, 
110, 1, 110, 110, -1, 138, 217, 30.0, 19, ABprapaap, 9407, 0, 0, 0, , 0, 0, 0, 0, 0, 
111, 1, 111, 111, -1, 82, 269, 24.0, 19, ABprapapp, 10092, 0, 0, 0, , 0, 0, 0, 0, 0, 
112, 1, 112, 112, -1, 104, 235, 28.0, 21, ABprapapa, 11401, 0, 0, 0, , 0, 0, 0, 0, 0, 
113, 1, 113, 113, -1, 185, 209, 20.0, 19, MSppppa, 6739, 0, 0, 0, , 0, 0, 0, 0, 0, 
114, 1, 114, 114, -1, 160, 232, 20.0, 19, MSppppp, 8057, 0, 0, 0, , 0, 0, 0, 0, 0, 
115, 1, 115, 115, -1, 214, 212, 18.0, 17, MSpppaa, 8405, 0, 0, 0, , 0, 0, 0, 0, 0, 
116, 1, 116, 116, -1, 185, 235, 15.0, 17, MSpppap, 7176, 0, 0, 0, , 0, 0, 0, 0, 0, 
117, 1, 117, 117, -1, 238, 198, 19.0, 17, MSppaap, 7849, 0, 0, 0, , 0, 0, 0, 0, 0, 
118, 1, 118, 118, -1, 262, 184, 19.0, 17, MSppaaa, 7356, 0, 0, 0, , 0, 0, 0, 0, 0, 
119, 1, 119, 119, -1, 199, 202, 24.0, 19, MSppapp, 8472, 0, 0, 0, , 0, 0, 0, 0, 0, 
120, 1, 120, 120, -1, 228, 197, 23.0, 19, MSppapa, 8449, 0, 0, 0, , 0, 0, 0, 0, 0, 
121, 1, 121, 121, -1, 207, 253, 14.0, 19, MSpapap, 8098, 0, 0, 0, , 0, 0, 0, 0, 0, 
122, 1, 122, 122, -1, 235, 236, 17.0, 19, MSpapaa, 8706, 0, 0, 0, , 0, 0, 0, 0, 0, 
123, 1, 123, 123, -1, 198, 255, 10.0, 19, MSpappa, 10019, 0, 0, 0, , 0, 0, 0, 0, 0, 
124, 1, 124, 124, -1, 177, 272, 11.0, 21, MSpappp, 10307, 0, 0, 0, , 0, 0, 0, 0, 0, 
125, 1, 125, 125, -1, 273, 201, 25.0, 21, MSpaaap, 11833, 0, 0, 0, , 0, 0, 0, 0, 0, 
126, 1, 126, 126, -1, 303, 191, 21.0, 19, MSpaaaa, 8537, 0, 0, 0, , 0, 0, 0, 0, 0, 
127, 1, 127, 127, -1, 267, 212, 21.0, 21, MSpaapa, 11748, 0, 0, 0, , 0, 0, 0, 0, 0, 
128, 1, 128, 128, -1, 241, 224, 21.0, 15, MSpaapp, 6819, 0, 0, 0, , 0, 0, 0, 0, 0, 
129, 1, 129, 129, -1, 246, 305, 21.0, 15, MSapppa, 6879, 0, 0, 0, , 0, 0, 0, 0, 0, 
130, 1, 130, 130, -1, 215, 306, 22.0, 15, MSapppp, 5422, 0, 0, 0, , 0, 0, 0, 0, 0, 
131, 1, 131, 131, -1, 255, 277, 18.0, 17, MSappaa, 6030, 0, 0, 0, , 0, 0, 0, 0, 0, 
132, 1, 131, 132, -1, 229, 289, 16.0, 15, MSappap, 5928, 0, 0, 0, , 0, 0, 0, 0, 0, 
133, 1, 132, 133, -1, 246, 298, 27.0, 19, MSapapp, 7731, 0, 0, 0, , 0, 0, 0, 0, 0, 
134, 1, 133, 134, -1, 275, 289, 21.0, 17, MSapapa, 8354, 0, 0, 0, , 0, 0, 0, 0, 0, 
135, 1, 134, 135, -1, 285, 266, 22.0, 17, MSapaap, 7445, 0, 0, 0, , 0, 0, 0, 0, 0, 
136, 1, 135, 136, -1, 322, 255, 21.0, 19, MSapaaa, 9318, 0, 0, 0, , 0, 0, 0, 0, 0, 
137, 1, 136, 137, -1, 329, 213, 22.0, 19, MSaaaaa, 10251, 0, 0, 0, , 0, 0, 0, 0, 0, 
138, 1, 137, 138, -1, 305, 231, 26.0, 19, MSaaaap, 10466, 0, 0, 0, , 0, 0, 0, 0, 0, 
139, 1, 138, 139, -1, 300, 229, 22.0, 21, MSaaapa, 14918, 0, 0, 0, , 0, 0, 0, 0, 0, 
140, 1, 139, 140, -1, 265, 243, 22.0, 17, MSaaapp, 7469, 0, 0, 0, , 0, 0, 0, 0, 0, 
141, 1, 140, 141, -1, 202, 285, 12.0, 19, MSaappp, 8320, 0, 0, 0, , 0, 0, 0, 0, 0, 
142, 1, 141, 142, -1, 228, 270, 10.0, 17, MSaappa, 7665, 0, 0, 0, , 0, 0, 0, 0, 0, 
143, 1, 142, 143, -1, 271, 253, 17.0, 19, MSaapaa, 9190, 0, 0, 0, , 0, 0, 0, 0, 0, 
144, 1, 143, 144, -1, 236, 263, 14.0, 17, MSaapap, 8884, 0, 0, 0, , 0, 0, 0, 0, 0, 
145, 1, 144, 145, -1, 222, 279, 25.0, 25, Ealp, 18545, 0, 0, 0, , 0, 0, 0, 0, 0, 
146, 1, 145, 146, -1, 142, 310, 24.0, 27, Eplp, 65535, 0, 0, 0, , 0, 0, 0, 0, 0, 
147, 1, 146, 147, -1, 134, 339, 18.0, 19, Cappa, 9395, 0, 0, 0, , 0, 0, 0, 0, 0, 
148, 1, 147, 148, -1, 112, 335, 18.0, 19, Cappp, 8857, 0, 0, 0, , 0, 0, 0, 0, 0, 
149, 1, 148, 149, -1, 156, 304, 13.0, 21, Capaa, 13423, 0, 0, 0, , 0, 0, 0, 0, 0, 
150, 1, 149, 150, -1, 127, 331, 13.0, 23, Capap, 12425, 0, 0, 0, , 0, 0, 0, 0, 0, 
151, 1, 150, 151, -1, 114, 335, 28.0, 23, Caaap, 13368, 0, 0, 0, , 0, 0, 0, 0, 0, 
152, 1, 151, 152, -1, 155, 314, 33.0, 25, Caaaa, 13711, 0, 0, 0, , 0, 0, 0, 0, 0, 
153, 1, 152, 153, -1, 92, 351, 21.0, 19, Caapp, 8706, 0, 0, 0, , 0, 0, 0, 0, 0, 
154, 1, 153, 154, -1, 108, 360, 25.0, 19, Caapa, 9553, 0, 0, 0, , 0, 0, 0, 0, 0, 
155, 1, 154, 155, -1, 74, 333, 19.0, 19, Cpapp, 12352, 0, 0, 0, , 0, 0, 0, 0, 0, 
156, 1, 155, 156, -1, 80, 322, 26.0, 23, Cpapa, 14388, 0, 0, 0, , 0, 0, 0, 0, 0, 
157, 1, 156, 157, -1, 159, 266, 32.0, 21, Cpaaa, 8554, 0, 0, 0, , 0, 0, 0, 0, 0, 
158, 1, 157, 158, -1, 104, 297, 31.0, 23, Cpaap, 15281, 0, 0, 0, , 0, 0, 0, 0, 0, 
159, 1, 158, 159, -1, 125, 284, 13.0, 21, Cppaa, 10634, 0, 0, 0, , 0, 0, 0, 0, 0, 
160, 1, 159, 160, -1, 105, 307, 12.0, 21, Cppap, 11620, 0, 0, 0, , 0, 0, 0, 0, 0, 
161, 1, 160, 161, -1, 98, 316, 17.0, 21, Cpppp, 12720, 0, 0, 0, , 0, 0, 0, 0, 0, 
162, 1, 161, 162, -1, 88, 292, 19.0, 21, Cpppa, 12413, 0, 0, 0, , 0, 0, 0, 0, 0, 
163, 1, 162, 163, -1, 199, 300, 16.0, 21, Daa, 11318, 0, 0, 0, , 0, 0, 0, 0, 0, 
164, 1, 163, 164, -1, 183, 306, 21.0, 21, Dap, 13948, 0, 0, 0, , 0, 0, 0, 0, 0, 
165, 1, 164, 165, -1, 160, 248, 14.0, 21, Dpa, 11484, 0, 0, 0, , 0, 0, 0, 0, 0, 
166, 1, 165, 166, -1, 136, 262, 19.0, 21, Dpp, 12400, 0, 0, 0, , 0, 0, 0, 0, 0, 
167, 1, 166, 167, -1, 193, 267, 18.0, 21, Z3, 15621, 0, 0, 0, , 0, 0, 0, 0, 0, 
168, 1, 167, 168, -1, 158, 280, 20.0, 21, Z2, 15052, 0, 0, 0, , 0, 0, 0, 0, 0, 
169, 0, 168, -1, -1, 382, 243, 24.0, 17, , 10579, 0, 0, 0, , 0, 0, 0, 0, 0, 
170, 1, 169, 170, -1, 283, 310, 27.0, 21, ABalppppp, 12090, 0, 0, 0, , 0, 0, 0, 0, 0, 
171, 1, 170, 171, -1, 312, 286, 27.0, 19, ABalppppa, 12382, 0, 0, 0, , 0, 0, 0, 0, 0, 
172, 1, 171, 172, -1, 342, 266, 25.0, 19, ABalpppaa, 9740, 0, 0, 0, , 0, 0, 0, 0, 0, 
173, 1, 172, 173, -1, 326, 287, 24.0, 21, ABalpppap, 10686, 0, 0, 0, , 0, 0, 0, 0, 0, 
174, 1, 173, 174, -1, 349, 265, 18.0, 17, ABalppaaa, 8262, 0, 0, 0, , 0, 0, 0, 0, 0, 
175, 1, 174, 175, -1, 335, 281, 19.0, 17, ABalppaap, 9530, 0, 0, 0, , 0, 0, 0, 0, 0, 
176, 1, 175, 176, -1, 293, 290, 14.0, 23, ABalppapp, 9463, 0, 0, 0, , 0, 0, 0, 0, 0, 
177, 1, 176, 177, -1, 316, 275, 14.0, 19, ABalppapa, 8833, 0, 0, 0, , 0, 0, 0, 0, 0, 
178, 1, 177, 178, -1, 309, 260, 10.0, 21, ABalpapap, 13180, 0, 0, 0, , 0, 0, 0, 0, 0, 
179, 1, 178, 179, -1, 333, 245, 12.0, 19, ABalpapaa, 11689, 0, 0, 0, , 0, 0, 0, 0, 0, 
180, 1, 179, 180, -1, 290, 239, 11.0, 21, ABalpappa, 10482, 0, 0, 0, , 0, 0, 0, 0, 0, 
181, 1, 180, 181, -1, 270, 259, 12.0, 23, ABalpappp, 13877, 0, 0, 0, , 0, 0, 0, 0, 0, 
182, 1, 181, 182, -1, 324, 220, 12.0, 17, ABalpaaap, 9975, 0, 0, 0, , 0, 0, 0, 0, 0, 
183, 1, 182, 183, -1, 331, 197, 12.0, 19, ABalpaaaa, 9597, 0, 0, 0, , 0, 0, 0, 0, 0, 
184, 1, 183, 184, -1, 326, 253, 16.0, 19, ABalpaapp, 12939, 0, 0, 0, , 0, 0, 0, 0, 0, 
185, 1, 184, 185, -1, 348, 224, 14.0, 21, ABalpaapa, 14296, 0, 0, 0, , 0, 0, 0, 0, 0, 
186, 1, 185, 186, -1, 156, 246, 24.0, 25, Epra, 37185, 0, 0, 0, , 0, 0, 0, 0, 0, 
187, 1, 186, 187, -1, 235, 227, 26.0, 25, Eara, 17489, 0, 0, 0, , 0, 0, 0, 0, 0, 
188, 1, 187, 188, -1, 197, 241, 22.0, 25, Earp, 20467, 0, 0, 0, , 0, 0, 0, 0, 0, 
189, 1, 188, 189, -1, 260, 259, 27.0, 27, Eala, 65535, 0, 0, 0, , 0, 0, 0, 0, 0, 
190, 1, 189, 190, -1, 184, 278, 28.0, 29, Epla, 65535, 0, 0, 0, , 0, 0, 0, 0, 0, 
191, 1, 190, 191, -1, 113, 286, 25.0, 27, Eprp, 45720, 0, 0, 0, , 0, 0, 0, 0, 0, 
