1, 1, 1, 1, -1, 311, 201, 17.0, 15, ABaraappaa, 6017, 0, 0, 0, , 0, 0, 0, 0, 0, 
2, 1, 2, 2, -1, 295, 212, 18.0, 15, ABaraappap, 6848, 0, 0, 0, , 0, 0, 0, 0, 0, 
3, 1, 3, 3, -1, 274, 222, 18.0, 15, ABaraapppa, 8316, 0, 0, 0, , 0, 0, 0, 0, 0, 
4, 1, 4, 4, -1, 251, 221, 18.0, 15, ABaraapppp, 5601, 0, 0, 0, , 0, 0, 0, 0, 0, 
5, 1, 5, 5, -1, 273, 248, 20.0, 15, ABaraapapp, 7283, 0, 0, 0, , 0, 0, 0, 0, 0, 
6, 1, 6, 6, -1, 294, 238, 19.0, 17, ABaraapapa, 7828, 0, 0, 0, , 0, 0, 0, 0, 0, 
7, 1, 7, 7, -1, 334, 227, 17.0, 15, ABaraapaaa, 6024, 0, 0, 0, , 0, 0, 0, 0, 0, 
8, 1, 8, 8, -1, 311, 232, 18.0, 17, ABaraapaap, 7781, 0, 0, 0, , 0, 0, 0, 0, 0, 
9, 1, 9, 9, -1, 298, 187, 11.0, 15, ABaraaappa, 6712, 0, 0, 0, , 0, 0, 0, 0, 0, 
10, 1, 10, 10, -1, 281, 191, 13.0, 15, ABaraaappp, 6157, 0, 0, 0, , 0, 0, 0, 0, 0, 
11, 1, 11, 11, -1, 330, 208, 11.0, 17, ABaraaapaa, 6862, 0, 0, 0, , 0, 0, 0, 0, 0, 
12, 1, 12, 12, -1, 305, 207, 13.0, 17, ABaraaapap, 6703, 0, 0, 0, , 0, 0, 0, 0, 0, 
13, 1, 13, 13, -1, 347, 209, 14.0, 15, ABaraaaaaa, 5873, 0, 0, 0, , 0, 0, 0, 0, 0, 
14, 1, 14, 14, -1, 325, 194, 15.0, 13, ABaraaaaap, 4475, 0, 0, 0, , 0, 0, 0, 0, 0, 
15, 1, 15, 15, -1, 328, 209, 19.0, 17, ABaraaaap, 9938, 0, 0, 0, , 0, 0, 0, 0, 0, 
16, 1, 16, 16, -1, 241, 251, 10.0, 15, ABarapapap, 7485, 0, 0, 0, , 0, 0, 0, 0, 0, 
17, 1, 17, 17, -1, 261, 239, 11.0, 15, ABarapapaa, 7667, 0, 0, 0, , 0, 0, 0, 0, 0, 
18, 1, 18, 18, -1, 229, 261, 13.0, 17, ABarapappp, 9073, 0, 0, 0, , 0, 0, 0, 0, 0, 
19, 1, 19, 19, -1, 247, 235, 13.0, 17, ABarapappa, 7034, 0, 0, 0, , 0, 0, 0, 0, 0, 
20, 1, 20, 20, -1, 277, 240, 11.0, 13, ABarapaaap, 6452, 0, 0, 0, , 0, 0, 0, 0, 0, 
21, 1, 21, 21, -1, 300, 225, 11.0, 15, ABarapaaaa, 5905, 0, 0, 0, , 0, 0, 0, 0, 0, 
22, 1, 22, 22, -1, 285, 213, 12.0, 15, ABarapaapa, 6671, 0, 0, 0, , 0, 0, 0, 0, 0, 
23, 1, 23, 23, -1, 267, 224, 14.0, 17, ABarapaapp, 6728, 0, 0, 0, , 0, 0, 0, 0, 0, 
24, 1, 24, 24, -1, 243, 199, 11.0, 15, ABarapppap, 6081, 0, 0, 0, , 0, 0, 0, 0, 0, 
25, 1, 25, 25, -1, 266, 194, 12.0, 17, ABarapppaa, 7141, 0, 0, 0, , 0, 0, 0, 0, 0, 
26, 1, 26, 26, -1, 235, 180, 11.0, 15, ABarappppa, 7287, 0, 0, 0, , 0, 0, 0, 0, 0, 
27, 1, 27, 27, -1, 219, 186, 13.0, 15, ABarappppp, 6414, 0, 0, 0, , 0, 0, 0, 0, 0, 
28, 1, 28, 28, -1, 261, 213, 11.0, 17, ABarappaaa, 8243, 0, 0, 0, , 0, 0, 0, 0, 0, 
29, 1, 29, 29, -1, 237, 230, 10.0, 15, ABarappaap, 7098, 0, 0, 0, , 0, 0, 0, 0, 0, 
30, 1, 30, 30, -1, 225, 204, 10.0, 15, ABarappapa, 6996, 0, 0, 0, , 0, 0, 0, 0, 0, 
31, 1, 31, 31, -1, 214, 222, 10.0, 15, ABarappapp, 6778, 0, 0, 0, , 0, 0, 0, 0, 0, 
32, 1, 32, 32, -1, 204, 198, 34.0, 17, ABarpapppa, 5525, 0, 0, 0, , 0, 0, 0, 0, 0, 
33, 1, 33, 33, -1, 194, 192, 29.0, 17, ABarpapppp, 6065, 0, 0, 0, , 0, 0, 0, 0, 0, 
34, 1, 34, 34, -1, 223, 202, 34.0, 15, ABarpappap, 4889, 0, 0, 0, , 0, 0, 0, 0, 0, 
35, 1, 35, 35, -1, 287, 189, 35.0, 17, ABarpapaaa, 6360, 0, 0, 0, , 0, 0, 0, 0, 0, 
36, 1, 36, 36, -1, 259, 181, 34.0, 17, ABarpapaap, 4948, 0, 0, 0, , 0, 0, 0, 0, 0, 
37, 1, 37, 37, -1, 246, 216, 34.0, 15, ABarpapapp, 6615, 0, 0, 0, , 0, 0, 0, 0, 0, 
38, 1, 38, 38, -1, 269, 205, 33.0, 15, ABarpapapa, 5281, 0, 0, 0, , 0, 0, 0, 0, 0, 
39, 1, 39, 39, -1, 189, 263, 34.0, 17, ABarpaappp, 4805, 0, 0, 0, , 0, 0, 0, 0, 0, 
40, 1, 40, 40, -1, 210, 239, 35.0, 17, ABarpaappa, 6149, 0, 0, 0, , 0, 0, 0, 0, 0, 
41, 1, 41, 41, -1, 258, 229, 33.0, 15, ABarpaapaa, 4797, 0, 0, 0, , 0, 0, 0, 0, 0, 
42, 1, 42, 42, -1, 234, 241, 34.0, 19, ABarpaapap, 6801, 0, 0, 0, , 0, 0, 0, 0, 0, 
43, 1, 43, 43, -1, 311, 215, 34.0, 21, ABarpaaaa, 11099, 0, 0, 0, , 0, 0, 0, 0, 0, 
44, 1, 44, 44, -1, 284, 219, 34.0, 19, ABarpaaap, 8787, 0, 0, 0, , 0, 0, 0, 0, 0, 
45, 1, 45, 45, -1, 211, 289, 33.0, 19, ABarppaaa, 9690, 0, 0, 0, , 0, 0, 0, 0, 0, 
46, 1, 46, 46, -1, 166, 310, 32.0, 15, ABarppaapp, 4734, 0, 0, 0, , 0, 0, 0, 0, 0, 
47, 1, 47, 47, -1, 189, 289, 32.0, 15, ABarppaapa, 4892, 0, 0, 0, , 0, 0, 0, 0, 0, 
48, 1, 48, 48, -1, 146, 332, 32.0, 15, ABarppappa, 5178, 0, 0, 0, , 0, 0, 0, 0, 0, 
49, 1, 49, 49, -1, 125, 337, 27.0, 15, ABarppappp, 4557, 0, 0, 0, , 0, 0, 0, 0, 0, 
50, 1, 50, 50, -1, 174, 333, 32.0, 15, ABarppapap, 4307, 0, 0, 0, , 0, 0, 0, 0, 0, 
51, 1, 51, 51, -1, 197, 327, 32.0, 15, ABarppapaa, 5338, 0, 0, 0, , 0, 0, 0, 0, 0, 
52, 1, 52, 52, 53, 99, 248, 28.0, 17, ABarppppp, 11478, 0, 0, 0, , 0, 0, 0, 0, 0, 
53, 1, 53, 54, -1, 139, 219, 30.0, 15, ABarppppaa, 4667, 0, 0, 0, , 0, 0, 0, 0, 0, 
54, 1, 54, 55, -1, 117, 231, 27.0, 15, ABarppppap, 4840, 0, 0, 0, , 0, 0, 0, 0, 0, 
55, 1, 55, 56, -1, 171, 213, 32.0, 15, ABarpppaap, 4475, 0, 0, 0, , 0, 0, 0, 0, 0, 
56, 1, 56, 57, -1, 193, 210, 34.0, 13, ABarpppaaa, 3975, 0, 0, 0, , 0, 0, 0, 0, 0, 
57, 1, 57, 58, -1, 116, 260, 33.0, 17, Cpaaap, 5065, 0, 0, 0, , 0, 0, 0, 0, 0, 
58, 1, 58, 59, -1, 272, 187, 30.0, 19, ABalappppa, 5126, 0, 0, 0, , 0, 0, 0, 0, 0, 
59, 1, 59, 60, -1, 246, 200, 30.0, 17, ABalappppp, 4637, 0, 0, 0, , 0, 0, 0, 0, 0, 
60, 1, 60, 61, -1, 324, 195, 30.0, 15, ABalapppaa, 5350, 0, 0, 0, , 0, 0, 0, 0, 0, 
61, 1, 61, 62, -1, 296, 194, 32.0, 17, ABalapppap, 5592, 0, 0, 0, , 0, 0, 0, 0, 0, 
62, 1, 62, 63, -1, 335, 176, 29.0, 15, ABalappapa, 4761, 0, 0, 0, , 0, 0, 0, 0, 0, 
63, 1, 63, 64, -1, 338, 196, 27.0, 15, ABalappaap, 4019, 0, 0, 0, , 0, 0, 0, 0, 0, 
64, 1, 64, 65, -1, 316, 179, 32.0, 15, ABalappapp, 5375, 0, 0, 0, , 0, 0, 0, 0, 0, 
65, 1, 65, 66, -1, 284, 266, 30.0, 17, ABalapappp, 5852, 0, 0, 0, , 0, 0, 0, 0, 0, 
66, 1, 66, 67, -1, 311, 256, 29.0, 17, ABalapappa, 5148, 0, 0, 0, , 0, 0, 0, 0, 0, 
67, 1, 67, 68, -1, 338, 218, 31.0, 15, ABalapapaa, 5532, 0, 0, 0, , 0, 0, 0, 0, 0, 
68, 1, 68, 69, -1, 322, 237, 31.0, 15, ABalapapap, 4563, 0, 0, 0, , 0, 0, 0, 0, 0, 
69, 1, 69, 70, -1, 361, 224, 26.0, 15, ABalapaaaa, 5193, 0, 0, 0, , 0, 0, 0, 0, 0, 
70, 1, 70, 71, -1, 347, 236, 28.0, 15, ABalapaaap, 5937, 0, 0, 0, , 0, 0, 0, 0, 0, 
71, 1, 71, 72, -1, 361, 246, 26.0, 15, ABalapaapa, 4742, 0, 0, 0, , 0, 0, 0, 0, 0, 
72, 1, 72, 73, -1, 340, 255, 26.0, 17, ABalapaapp, 7306, 0, 0, 0, , 0, 0, 0, 0, 0, 
73, 1, 73, 74, 76, 314, 178, 17.0, 15, ABalaapaa, 8123, 0, 0, 0, , 0, 0, 0, 0, 0, 
74, 1, 74, 339, -1, 284, 166, 19.0, 13, ABalaapapp, 5774, 0, 0, 0, , 0, 0, 0, 0, 0, 
75, 1, 74, 75, -1, 298, 173, 16.0, 13, ABalaapapa, 5061, 0, 0, 0, , 0, 0, 0, 0, 0, 
76, 1, 75, 77, -1, 292, 179, 25.0, 19, ABalaappap, 12066, 0, 0, 0, , 0, 0, 0, 0, 0, 
77, 1, 76, 78, -1, 307, 164, 21.0, 13, ABalaappaa, 4751, 0, 0, 0, , 0, 0, 0, 0, 0, 
78, 1, 77, 79, -1, 299, 173, 29.0, 17, ABalaapppp, 5148, 0, 0, 0, , 0, 0, 0, 0, 0, 
79, 1, 78, 80, -1, 320, 173, 26.0, 17, ABalaapppa, 6441, 0, 0, 0, , 0, 0, 0, 0, 0, 
80, 1, 79, 81, -1, 347, 259, 18.0, 15, ABalaaaalp, 6073, 0, 0, 0, , 0, 0, 0, 0, 0, 
81, 1, 80, 82, -1, 336, 185, 18.0, 15, ABalaaaarr, 5315, 0, 0, 0, , 0, 0, 0, 0, 0, 
82, 1, 81, 83, -1, 356, 212, 19.0, 15, ABalaaaarl, 6181, 0, 0, 0, , 0, 0, 0, 0, 0, 
83, 1, 82, 84, -1, 348, 182, 22.0, 15, ABalaaappl, 4994, 0, 0, 0, , 0, 0, 0, 0, 0, 
84, 1, 83, 85, -1, 323, 173, 22.0, 15, ABalaaappr, 5949, 0, 0, 0, , 0, 0, 0, 0, 0, 
85, 1, 84, 86, -1, 359, 197, 23.0, 15, ABalaaapar, 5091, 0, 0, 0, , 0, 0, 0, 0, 0, 
86, 1, 85, 87, -1, 361, 219, 23.0, 17, ABalaaapal, 7977, 0, 0, 0, , 0, 0, 0, 0, 0, 
87, 1, 86, 88, -1, 174, 329, 12.0, 17, ABplppppap, 8583, 0, 0, 0, , 0, 0, 0, 0, 0, 
88, 1, 87, 89, -1, 197, 326, 11.0, 17, ABplppppaa, 6178, 0, 0, 0, , 0, 0, 0, 0, 0, 
89, 1, 88, 90, -1, 140, 306, 11.0, 17, ABplpppppp, 5170, 0, 0, 0, , 0, 0, 0, 0, 0, 
90, 1, 89, 91, -1, 156, 320, 10.0, 15, ABplpppppa, 6446, 0, 0, 0, , 0, 0, 0, 0, 0, 
91, 1, 90, 92, -1, 128, 335, 13.0, 15, ABplpppapp, 4546, 0, 0, 0, , 0, 0, 0, 0, 0, 
92, 1, 91, 93, -1, 150, 344, 13.0, 19, ABplpppapa, 7548, 0, 0, 0, , 0, 0, 0, 0, 0, 
93, 1, 92, 94, -1, 178, 339, 15.0, 15, ABplpppaap, 6396, 0, 0, 0, , 0, 0, 0, 0, 0, 
94, 1, 93, 95, -1, 201, 339, 14.0, 15, ABplpppaaa, 4806, 0, 0, 0, , 0, 0, 0, 0, 0, 
95, 1, 94, 96, -1, 191, 352, 17.0, 15, ABplppappp, 5968, 0, 0, 0, , 0, 0, 0, 0, 0, 
96, 1, 95, 97, -1, 215, 346, 18.0, 15, ABplppappa, 6246, 0, 0, 0, , 0, 0, 0, 0, 0, 
97, 1, 96, 98, -1, 249, 328, 18.0, 17, ABplppapaa, 5143, 0, 0, 0, , 0, 0, 0, 0, 0, 
98, 1, 97, 99, -1, 235, 344, 18.0, 15, ABplppapap, 5834, 0, 0, 0, , 0, 0, 0, 0, 0, 
99, 1, 98, 100, -1, 220, 338, 13.0, 15, ABplppaapp, 6024, 0, 0, 0, , 0, 0, 0, 0, 0, 
100, 1, 99, 101, -1, 278, 316, 17.0, 17, ABplppaaaa, 8112, 0, 0, 0, , 0, 0, 0, 0, 0, 
101, 1, 100, 102, -1, 263, 328, 18.0, 17, ABplppaaap, 6335, 0, 0, 0, , 0, 0, 0, 0, 0, 
102, 1, 101, 103, -1, 240, 284, 10.0, 23, ABplpappaa, 11364, 0, 0, 0, , 0, 0, 0, 0, 0, 
103, 1, 102, 104, -1, 208, 288, 9.0, 15, ABplpappap, 6940, 0, 0, 0, , 0, 0, 0, 0, 0, 
104, 1, 103, 105, -1, 171, 304, 10.0, 15, ABplpapppp, 6895, 0, 0, 0, , 0, 0, 0, 0, 0, 
105, 1, 104, 106, -1, 199, 303, 10.0, 15, ABplpapppa, 6469, 0, 0, 0, , 0, 0, 0, 0, 0, 
106, 1, 105, 107, -1, 223, 316, 11.0, 17, ABplpapapp, 7251, 0, 0, 0, , 0, 0, 0, 0, 0, 
107, 1, 106, 108, -1, 246, 317, 11.0, 17, ABplpapapa, 5471, 0, 0, 0, , 0, 0, 0, 0, 0, 
108, 1, 107, 109, -1, 258, 313, 14.0, 15, ABplpapaap, 5068, 0, 0, 0, , 0, 0, 0, 0, 0, 
109, 1, 108, 110, -1, 268, 302, 11.0, 15, ABplpapaaa, 5264, 0, 0, 0, , 0, 0, 0, 0, 0, 
110, 1, 109, 111, -1, 296, 295, 19.0, 15, ABplpaaaap, 7924, 0, 0, 0, , 0, 0, 0, 0, 0, 
111, 1, 110, 112, -1, 311, 280, 20.0, 17, ABplpaaaaa, 8214, 0, 0, 0, , 0, 0, 0, 0, 0, 
112, 1, 111, 113, -1, 306, 313, 20.0, 15, ABplpaaapa, 5144, 0, 0, 0, , 0, 0, 0, 0, 0, 
113, 1, 112, 114, -1, 287, 319, 21.0, 17, ABplpaaapp, 6361, 0, 0, 0, , 0, 0, 0, 0, 0, 
114, 1, 113, 115, -1, 277, 323, 25.0, 15, ABplpaappa, 6476, 0, 0, 0, , 0, 0, 0, 0, 0, 
115, 1, 114, 116, -1, 264, 337, 22.0, 15, ABplpaappp, 5906, 0, 0, 0, , 0, 0, 0, 0, 0, 
116, 1, 115, 117, -1, 312, 299, 23.0, 15, ABplpaapaa, 6653, 0, 0, 0, , 0, 0, 0, 0, 0, 
117, 1, 116, 118, -1, 295, 317, 25.0, 15, ABplpaapap, 5416, 0, 0, 0, , 0, 0, 0, 0, 0, 
118, 1, 117, 119, -1, 260, 325, 30.0, 15, ABplaappap, 7832, 0, 0, 0, , 0, 0, 0, 0, 0, 
119, 1, 118, 120, -1, 286, 309, 33.0, 15, ABplaappaa, 5602, 0, 0, 0, , 0, 0, 0, 0, 0, 
120, 1, 119, 121, -1, 255, 332, 26.0, 17, ABplaapppa, 7545, 0, 0, 0, , 0, 0, 0, 0, 0, 
121, 1, 120, 122, -1, 233, 342, 27.0, 17, ABplaapppp, 7980, 0, 0, 0, , 0, 0, 0, 0, 0, 
122, 1, 121, 123, -1, 331, 263, 32.0, 17, ABplaapaaa, 6386, 0, 0, 0, , 0, 0, 0, 0, 0, 
123, 1, 122, 124, -1, 316, 277, 34.0, 15, ABplaapaap, 7393, 0, 0, 0, , 0, 0, 0, 0, 0, 
124, 1, 123, 125, -1, 267, 292, 35.0, 17, ABplaapapp, 9190, 0, 0, 0, , 0, 0, 0, 0, 0, 
125, 1, 124, 126, -1, 292, 288, 34.0, 17, ABplaapapa, 6191, 0, 0, 0, , 0, 0, 0, 0, 0, 
126, 1, 125, 127, -1, 301, 260, 34.0, 15, ABplaaaaap, 5877, 0, 0, 0, , 0, 0, 0, 0, 0, 
127, 1, 126, 128, -1, 328, 244, 35.0, 15, ABplaaaaaa, 5724, 0, 0, 0, , 0, 0, 0, 0, 0, 
128, 1, 127, 129, -1, 266, 246, 34.0, 15, ABplaaaapp, 5067, 0, 0, 0, , 0, 0, 0, 0, 0, 
129, 1, 128, 130, -1, 294, 236, 34.0, 15, ABplaaaapa, 6286, 0, 0, 0, , 0, 0, 0, 0, 0, 
130, 1, 129, 131, -1, 236, 295, 34.0, 15, ABplaaappp, 5865, 0, 0, 0, , 0, 0, 0, 0, 0, 
131, 1, 130, 132, -1, 242, 272, 33.0, 17, ABplaaappa, 6348, 0, 0, 0, , 0, 0, 0, 0, 0, 
132, 1, 131, 133, -1, 259, 265, 33.0, 15, ABplaaapap, 5716, 0, 0, 0, , 0, 0, 0, 0, 0, 
133, 1, 132, 134, -1, 283, 259, 34.0, 13, ABplaaapaa, 5449, 0, 0, 0, , 0, 0, 0, 0, 0, 
134, 1, 133, 135, -1, 149, 356, 19.0, 15, ABplappppa, 4008, 0, 0, 0, , 0, 0, 0, 0, 0, 
135, 1, 133, 136, -1, 125, 347, 17.0, 15, ABplappppp, 5089, 0, 0, 0, , 0, 0, 0, 0, 0, 
136, 1, 134, 137, 138, 169, 352, 18.0, 19, ABplapppa, 8123, 0, 0, 0, , 0, 0, 0, 0, 0, 
137, 1, 135, 139, -1, 216, 355, 24.0, 17, ABplappaaa, 6936, 0, 0, 0, , 0, 0, 0, 0, 0, 
138, 1, 136, 140, -1, 185, 357, 23.0, 17, ABplappaap, 7254, 0, 0, 0, , 0, 0, 0, 0, 0, 
139, 1, 137, 141, -1, 159, 361, 24.0, 17, ABplappapp, 6622, 0, 0, 0, , 0, 0, 0, 0, 0, 
140, 1, 138, 142, -1, 175, 353, 29.0, 17, ABplappapa, 7831, 0, 0, 0, , 0, 0, 0, 0, 0, 
141, 1, 139, 143, -1, 198, 352, 29.0, 17, ABplapaapp, 7663, 0, 0, 0, , 0, 0, 0, 0, 0, 
142, 1, 140, 144, -1, 215, 330, 29.0, 15, ABplapaapa, 5584, 0, 0, 0, , 0, 0, 0, 0, 0, 
143, 1, 141, 145, -1, 240, 313, 31.0, 15, ABplapaaaa, 7037, 0, 0, 0, , 0, 0, 0, 0, 0, 
144, 1, 142, 146, -1, 217, 315, 31.0, 17, ABplapaaap, 5723, 0, 0, 0, , 0, 0, 0, 0, 0, 
145, 1, 143, 147, -1, 111, 342, 21.0, 17, ABplapappp, 7345, 0, 0, 0, , 0, 0, 0, 0, 0, 
146, 1, 144, 148, -1, 136, 359, 27.0, 17, ABplapapap, 5903, 0, 0, 0, , 0, 0, 0, 0, 0, 
147, 1, 145, 149, -1, 127, 353, 23.0, 17, ABplapappa, 6491, 0, 0, 0, , 0, 0, 0, 0, 0, 
148, 1, 146, 150, -1, 151, 354, 31.0, 17, ABplapapaa, 6375, 0, 0, 0, , 0, 0, 0, 0, 0, 
149, 1, 147, 151, -1, 207, 201, 11.0, 15, ABprpapaaa, 5232, 0, 0, 0, , 0, 0, 0, 0, 0, 
150, 1, 148, 152, -1, 188, 208, 11.0, 15, ABprpapaap, 5622, 0, 0, 0, , 0, 0, 0, 0, 0, 
151, 1, 149, 153, -1, 168, 237, 10.0, 17, ABprpapapp, 7203, 0, 0, 0, , 0, 0, 0, 0, 0, 
152, 1, 150, 154, -1, 192, 229, 10.0, 17, ABprpapapa, 6688, 0, 0, 0, , 0, 0, 0, 0, 0, 
153, 1, 151, 155, -1, 145, 279, 10.0, 17, ABprpapppp, 7488, 0, 0, 0, , 0, 0, 0, 0, 0, 
154, 1, 152, 156, -1, 165, 264, 9.0, 17, ABprpapppa, 6472, 0, 0, 0, , 0, 0, 0, 0, 0, 
155, 1, 153, 157, -1, 194, 257, 10.0, 19, ABprpappap, 8233, 0, 0, 0, , 0, 0, 0, 0, 0, 
156, 1, 154, 158, -1, 213, 240, 11.0, 17, ABprpappaa, 6818, 0, 0, 0, , 0, 0, 0, 0, 0, 
157, 1, 155, 159, -1, 262, 177, 15.0, 15, ABprpaaaaa, 7028, 0, 0, 0, , 0, 0, 0, 0, 0, 
158, 1, 156, 160, -1, 240, 179, 15.0, 17, ABprpaaaap, 7222, 0, 0, 0, , 0, 0, 0, 0, 0, 
159, 1, 157, 161, -1, 204, 174, 16.0, 15, ABprpaaapp, 7481, 0, 0, 0, , 0, 0, 0, 0, 0, 
160, 1, 158, 162, -1, 224, 168, 16.0, 15, ABprpaaapa, 7377, 0, 0, 0, , 0, 0, 0, 0, 0, 
161, 1, 159, 163, -1, 245, 163, 18.0, 15, ABprpaapaa, 6418, 0, 0, 0, , 0, 0, 0, 0, 0, 
162, 1, 160, 164, -1, 221, 167, 20.0, 15, ABprpaapap, 6508, 0, 0, 0, , 0, 0, 0, 0, 0, 
163, 1, 161, 165, -1, 180, 178, 16.0, 15, ABprpaappp, 6373, 0, 0, 0, , 0, 0, 0, 0, 0, 
164, 1, 162, 166, -1, 202, 174, 20.0, 15, ABprpaappa, 7463, 0, 0, 0, , 0, 0, 0, 0, 0, 
165, 1, 163, 167, -1, 106, 241, 10.0, 17, ABprpppaap, 7141, 0, 0, 0, , 0, 0, 0, 0, 0, 
166, 1, 164, 168, -1, 127, 224, 11.0, 15, ABprpppaaa, 6038, 0, 0, 0, , 0, 0, 0, 0, 0, 
167, 1, 165, 169, -1, 96, 261, 10.0, 19, ABprpppapa, 6147, 0, 0, 0, , 0, 0, 0, 0, 0, 
168, 1, 166, 170, -1, 98, 286, 10.0, 15, ABprpppapp, 4603, 0, 0, 0, , 0, 0, 0, 0, 0, 
169, 1, 167, 171, -1, 132, 251, 10.0, 19, ABprppppap, 7136, 0, 0, 0, , 0, 0, 0, 0, 0, 
170, 1, 168, 172, -1, 151, 238, 11.0, 15, ABprppppaa, 4891, 0, 0, 0, , 0, 0, 0, 0, 0, 
171, 1, 169, 173, -1, 124, 297, 11.0, 17, ABprpppppp, 5976, 0, 0, 0, , 0, 0, 0, 0, 0, 
172, 1, 170, 174, -1, 120, 277, 10.0, 17, ABprpppppa, 6883, 0, 0, 0, , 0, 0, 0, 0, 0, 
173, 1, 171, 175, -1, 170, 216, 11.0, 15, ABprppaapa, 6097, 0, 0, 0, , 0, 0, 0, 0, 0, 
174, 1, 172, 176, -1, 144, 223, 10.0, 15, ABprppaapp, 6120, 0, 0, 0, , 0, 0, 0, 0, 0, 
175, 1, 173, 177, 178, 191, 189, 12.0, 15, ABprppaaa, 7930, 0, 0, 0, , 0, 0, 0, 0, 0, 
176, 1, 174, 179, -1, 172, 194, 13.0, 15, ABprppapaa, 6022, 0, 0, 0, , 0, 0, 0, 0, 0, 
177, 1, 175, 180, -1, 152, 200, 13.0, 15, ABprppapap, 5930, 0, 0, 0, , 0, 0, 0, 0, 0, 
178, 1, 176, 181, -1, 115, 230, 14.0, 17, ABprppappp, 5566, 0, 0, 0, , 0, 0, 0, 0, 0, 
179, 1, 177, 182, -1, 136, 207, 13.0, 17, ABprppappa, 5090, 0, 0, 0, , 0, 0, 0, 0, 0, 
180, 1, 178, 183, -1, 284, 170, 32.0, 15, ABpraapaaa, 6163, 0, 0, 0, , 0, 0, 0, 0, 0, 
181, 1, 179, 184, -1, 255, 168, 31.0, 17, ABpraapaap, 6747, 0, 0, 0, , 0, 0, 0, 0, 0, 
182, 1, 180, 185, -1, 234, 176, 31.0, 15, ABpraapapa, 5913, 0, 0, 0, , 0, 0, 0, 0, 0, 
183, 1, 181, 186, -1, 211, 175, 30.0, 17, ABpraapapp, 7408, 0, 0, 0, , 0, 0, 0, 0, 0, 
184, 1, 182, 187, -1, 150, 193, 19.0, 17, ABpraapppp, 7918, 0, 0, 0, , 0, 0, 0, 0, 0, 
185, 1, 183, 188, -1, 176, 181, 22.0, 17, ABpraapppa, 8877, 0, 0, 0, , 0, 0, 0, 0, 0, 
186, 1, 184, 189, -1, 191, 176, 25.0, 17, ABpraappap, 5428, 0, 0, 0, , 0, 0, 0, 0, 0, 
187, 1, 185, 190, -1, 216, 163, 25.0, 15, ABpraappaa, 5339, 0, 0, 0, , 0, 0, 0, 0, 0, 
188, 1, 186, 191, -1, 255, 170, 27.0, 19, ABpraaapap, 7239, 0, 0, 0, , 0, 0, 0, 0, 0, 
189, 1, 187, 192, -1, 277, 171, 27.0, 17, ABpraaapaa, 4882, 0, 0, 0, , 0, 0, 0, 0, 0, 
190, 1, 188, 193, -1, 246, 185, 26.0, 15, ABpraaappa, 6401, 0, 0, 0, , 0, 0, 0, 0, 0, 
191, 1, 189, 194, -1, 226, 176, 26.0, 17, ABpraaappp, 6436, 0, 0, 0, , 0, 0, 0, 0, 0, 
192, 1, 190, 195, -1, 264, 161, 24.0, 15, ABpraaaaap, 5814, 0, 0, 0, , 0, 0, 0, 0, 0, 
193, 1, 191, 196, -1, 289, 166, 22.0, 15, ABpraaaaaa, 6005, 0, 0, 0, , 0, 0, 0, 0, 0, 
194, 1, 192, 197, -1, 261, 163, 19.0, 15, ABpraaaapa, 6090, 0, 0, 0, , 0, 0, 0, 0, 0, 
195, 1, 193, 198, -1, 237, 159, 24.0, 19, ABpraaaapp, 7190, 0, 0, 0, , 0, 0, 0, 0, 0, 
196, 1, 194, 199, -1, 89, 238, 18.0, 17, ABprappapp, 5438, 0, 0, 0, , 0, 0, 0, 0, 0, 
197, 1, 195, 200, -1, 108, 219, 23.0, 15, ABprappapa, 6228, 0, 0, 0, , 0, 0, 0, 0, 0, 
198, 1, 196, 201, -1, 110, 220, 18.0, 17, ABprappaap, 7837, 0, 0, 0, , 0, 0, 0, 0, 0, 
199, 1, 197, 202, -1, 131, 200, 17.0, 17, ABprappaaa, 5852, 0, 0, 0, , 0, 0, 0, 0, 0, 
200, 1, 198, 203, -1, 102, 250, 14.0, 17, ABprapppa, 7833, 0, 0, 0, , 0, 0, 0, 0, 0, 
201, 1, 199, 204, -1, 77, 289, 12.0, 15, ABprappppp, 4391, 0, 0, 0, , 0, 0, 0, 0, 0, 
202, 1, 200, 205, -1, 86, 263, 15.0, 15, ABprappppa, 4926, 0, 0, 0, , 0, 0, 0, 0, 0, 
203, 1, 201, 206, -1, 155, 206, 26.0, 19, ABprapaaap, 5253, 0, 0, 0, , 0, 0, 0, 0, 0, 
204, 1, 202, 207, -1, 176, 194, 28.0, 15, ABprapaaaa, 6005, 0, 0, 0, , 0, 0, 0, 0, 0, 
205, 1, 203, 208, -1, 124, 208, 23.0, 17, ABprapaapp, 7457, 0, 0, 0, , 0, 0, 0, 0, 0, 
206, 1, 204, 209, -1, 148, 204, 24.0, 17, ABprapaapa, 7150, 0, 0, 0, , 0, 0, 0, 0, 0, 
207, 1, 205, 210, -1, 72, 273, 20.0, 15, ABprapappa, 6123, 0, 0, 0, , 0, 0, 0, 0, 0, 
208, 1, 206, 211, -1, 70, 279, 16.0, 15, ABprapappp, 6263, 0, 0, 0, , 0, 0, 0, 0, 0, 
209, 1, 207, 212, -1, 80, 257, 22.0, 17, ABprapapap, 6154, 0, 0, 0, , 0, 0, 0, 0, 0, 
210, 1, 208, 213, -1, 86, 239, 24.0, 15, ABprapapaa, 6293, 0, 0, 0, , 0, 0, 0, 0, 0, 
211, 1, 209, 214, -1, 215, 195, 19.0, 19, MSppppa, 9689, 0, 0, 0, , 0, 0, 0, 0, 0, 
212, 1, 210, 215, -1, 187, 209, 24.0, 21, MSppppp, 9232, 0, 0, 0, , 0, 0, 0, 0, 0, 
213, 1, 211, 216, -1, 227, 209, 16.0, 19, MSpppaa, 8063, 0, 0, 0, , 0, 0, 0, 0, 0, 
214, 1, 212, 217, -1, 199, 207, 17.0, 17, MSpppap, 7045, 0, 0, 0, , 0, 0, 0, 0, 0, 
215, 1, 213, 218, -1, 256, 198, 16.0, 17, MSppaap, 7474, 0, 0, 0, , 0, 0, 0, 0, 0, 
216, 1, 214, 219, -1, 280, 190, 18.0, 17, MSppaaa, 8609, 0, 0, 0, , 0, 0, 0, 0, 0, 
217, 1, 215, 220, -1, 221, 196, 24.0, 19, MSppapp, 10106, 0, 0, 0, , 0, 0, 0, 0, 0, 
218, 1, 216, 221, -1, 252, 186, 21.0, 19, MSppapa, 9884, 0, 0, 0, , 0, 0, 0, 0, 0, 
219, 1, 217, 222, -1, 201, 258, 15.0, 17, MSpapapp, 6064, 0, 0, 0, , 0, 0, 0, 0, 0, 
220, 1, 218, 223, -1, 223, 239, 15.0, 15, MSpapapa, 7159, 0, 0, 0, , 0, 0, 0, 0, 0, 
221, 1, 219, 224, -1, 257, 246, 18.0, 15, MSpapaaa, 5890, 0, 0, 0, , 0, 0, 0, 0, 0, 
222, 1, 220, 225, -1, 227, 237, 18.0, 17, MSpapaap, 6498, 0, 0, 0, , 0, 0, 0, 0, 0, 
223, 1, 221, 226, -1, 200, 277, 12.0, 17, MSpappa, 6610, 0, 0, 0, , 0, 0, 0, 0, 0, 
224, 1, 222, 227, -1, 176, 271, 13.0, 23, MSpappp, 27571, 0, 0, 0, , 0, 0, 0, 0, 0, 
225, 1, 223, 228, -1, 270, 216, 27.0, 19, MSpaaapp, 9117, 0, 0, 0, , 0, 0, 0, 0, 0, 
226, 1, 224, 229, -1, 298, 202, 27.0, 17, MSpaaapa, 7254, 0, 0, 0, , 0, 0, 0, 0, 0, 
227, 1, 225, 230, -1, 309, 208, 23.0, 19, MSpaaaap, 7552, 0, 0, 0, , 0, 0, 0, 0, 0, 
228, 1, 226, 231, -1, 328, 192, 21.0, 15, MSpaaaaa, 4836, 0, 0, 0, , 0, 0, 0, 0, 0, 
229, 1, 227, 232, -1, 253, 213, 23.0, 19, MSpaapap, 7563, 0, 0, 0, , 0, 0, 0, 0, 0, 
230, 1, 228, 233, -1, 287, 205, 22.0, 15, MSpaapaa, 5557, 0, 0, 0, , 0, 0, 0, 0, 0, 
231, 1, 229, 234, -1, 227, 219, 22.0, 17, MSpaapp, 7049, 0, 0, 0, , 0, 0, 0, 0, 0, 
232, 1, 230, 235, -1, 261, 301, 23.0, 21, MSapppa, 8494, 0, 0, 0, , 0, 0, 0, 0, 0, 
233, 1, 231, 236, -1, 236, 310, 26.0, 21, MSapppp, 8679, 0, 0, 0, , 0, 0, 0, 0, 0, 
234, 1, 232, 237, -1, 257, 289, 20.0, 17, MSappaa, 9015, 0, 0, 0, , 0, 0, 0, 0, 0, 
235, 1, 233, 238, -1, 237, 302, 19.0, 17, MSappap, 7813, 0, 0, 0, , 0, 0, 0, 0, 0, 
236, 1, 234, 239, -1, 255, 286, 28.0, 21, MSapapp, 17627, 0, 0, 0, , 0, 0, 0, 0, 0, 
237, 1, 235, 240, -1, 290, 275, 24.0, 21, MSapapa, 11021, 0, 0, 0, , 0, 0, 0, 0, 0, 
238, 1, 236, 241, -1, 295, 263, 20.0, 17, MSapaap, 8204, 0, 0, 0, , 0, 0, 0, 0, 0, 
239, 1, 237, 242, -1, 327, 252, 22.0, 19, MSapaaa, 9878, 0, 0, 0, , 0, 0, 0, 0, 0, 
240, 1, 238, 243, -1, 323, 219, 28.0, 19, MSaaaaap, 26290, 0, 0, 0, , 0, 0, 0, 0, 0, 
241, 1, 239, 244, -1, 340, 210, 23.0, 15, MSaaaaaa, 4312, 0, 0, 0, , 0, 0, 0, 0, 0, 
242, 1, 240, 245, -1, 308, 218, 30.0, 15, MSaaaapa, 6801, 0, 0, 0, , 0, 0, 0, 0, 0, 
243, 1, 241, 246, -1, 274, 239, 29.0, 15, MSaaaapp, 6063, 0, 0, 0, , 0, 0, 0, 0, 0, 
244, 1, 242, 247, -1, 284, 242, 25.0, 15, MSaaapap, 5312, 0, 0, 0, , 0, 0, 0, 0, 0, 
245, 1, 243, 248, -1, 311, 240, 24.0, 19, MSaaapaa, 6893, 0, 0, 0, , 0, 0, 0, 0, 0, 
246, 1, 244, 249, -1, 264, 241, 25.0, 15, MSaaapp, 7901, 0, 0, 0, , 0, 0, 0, 0, 0, 
247, 1, 245, 250, -1, 208, 304, 14.0, 15, MSaappp, 2098, 0, 0, 0, , 0, 0, 0, 0, 0, 
248, 1, 246, 251, -1, 219, 287, 13.0, 15, MSaappa, 6634, 0, 0, 0, , 0, 0, 0, 0, 0, 
249, 1, 247, 252, -1, 270, 271, 19.0, 17, MSaapaaa, 5602, 0, 0, 0, , 0, 0, 0, 0, 0, 
250, 1, 248, 253, -1, 221, 279, 17.0, 17, MSaapapp, 6422, 0, 0, 0, , 0, 0, 0, 0, 0, 
251, 1, 249, 254, -1, 251, 273, 16.0, 15, MSaapapa, 4650, 0, 0, 0, , 0, 0, 0, 0, 0, 
252, 1, 250, 255, -1, 221, 282, 23.0, 17, Ealpa, 6069, 0, 0, 0, , 0, 0, 0, 0, 0, 
253, 1, 250, 256, -1, 204, 289, 24.0, 15, Ealpp, 6268, 0, 0, 0, , 0, 0, 0, 0, 0, 
254, 1, 251, 257, -1, 141, 303, 23.0, 27, Eplp, 65535, 0, 0, 0, , 0, 0, 0, 0, 0, 
255, 1, 252, 258, -1, 156, 334, 23.0, 21, Cappa, 10525, 0, 0, 0, , 0, 0, 0, 0, 0, 
256, 1, 253, 259, -1, 134, 321, 17.0, 25, Cappp, 17095, 0, 0, 0, , 0, 0, 0, 0, 0, 
257, 1, 254, 260, -1, 153, 314, 15.0, 23, Capap, 14036, 0, 0, 0, , 0, 0, 0, 0, 0, 
258, 1, 255, 261, -1, 172, 304, 15.0, 19, Capaa, 11922, 0, 0, 0, , 0, 0, 0, 0, 0, 
259, 1, 256, 262, -1, 104, 320, 31.0, 17, Caaapa, 4910, 0, 0, 0, , 0, 0, 0, 0, 0, 
260, 1, 257, 263, -1, 91, 327, 23.0, 19, Caaapp, 8393, 0, 0, 0, , 0, 0, 0, 0, 0, 
261, 1, 258, 264, -1, 101, 341, 14.0, 15, Caappd, 5845, 0, 0, 0, , 0, 0, 0, 0, 0, 
262, 1, 332, 265, -1, 103, 316, 13.0, 19, Caappv, 4593, 0, 0, 0, , 0, 0, 0, 0, 0, 
263, 1, 259, 266, -1, 110, 318, 15.0, 19, Caapa, 4647, 0, 0, 0, , 0, 0, 0, 0, 0, 
264, 1, 260, 267, -1, 69, 305, 16.0, 17, Cpappd, 7475, 0, 0, 0, , 0, 0, 0, 0, 0, 
265, 1, 261, 268, -1, 88, 309, 11.0, 15, Cpappv, 6437, 0, 0, 0, , 0, 0, 0, 0, 0, 
266, 1, 262, 269, -1, 81, 330, 16.0, 17, Cpapaa, 6826, 0, 0, 0, , 0, 0, 0, 0, 0, 
267, 1, 263, 270, -1, 154, 258, 33.0, 19, Cpaaaa, 2092, 0, 0, 0, , 0, 0, 0, 0, 0, 
268, 1, 264, 271, -1, 82, 302, 26.0, 17, Cpaapp, 8231, 0, 0, 0, , 0, 0, 0, 0, 0, 
269, 1, 265, 272, -1, 157, 254, 15.0, 21, Cppaa, 11585, 0, 0, 0, , 0, 0, 0, 0, 0, 
270, 1, 266, 273, -1, 130, 269, 15.0, 19, Cppap, 10416, 0, 0, 0, , 0, 0, 0, 0, 0, 
271, 1, 267, 274, -1, 110, 300, 16.0, 15, Cpppp, 3183, 0, 0, 0, , 0, 0, 0, 0, 0, 
272, 1, 268, 275, -1, 124, 250, 20.0, 17, Cpppaa, 6776, 0, 0, 0, , 0, 0, 0, 0, 0, 
273, 1, 269, 276, -1, 112, 278, 18.0, 17, Cpppap, 6800, 0, 0, 0, , 0, 0, 0, 0, 0, 
274, 1, 270, 277, -1, 204, 319, 18.0, 19, Daap, 8290, 0, 0, 0, , 0, 0, 0, 0, 0, 
275, 1, 271, 278, -1, 220, 323, 23.0, 19, Daaa, 9291, 0, 0, 0, , 0, 0, 0, 0, 0, 
276, 1, 272, 279, -1, 189, 326, 22.0, 19, Dapp, 9753, 0, 0, 0, , 0, 0, 0, 0, 0, 
277, 1, 273, 280, -1, 183, 230, 15.0, 17, Dpap, 7941, 0, 0, 0, , 0, 0, 0, 0, 0, 
278, 1, 274, 281, -1, 177, 204, 19.0, 17, Dpaa, 8089, 0, 0, 0, , 0, 0, 0, 0, 0, 
279, 1, 275, 282, -1, 142, 233, 20.0, 19, Dppp, 13449, 0, 0, 0, , 0, 0, 0, 0, 0, 
280, 1, 276, 283, -1, 161, 223, 19.0, 19, Dppa, 9260, 0, 0, 0, , 0, 0, 0, 0, 0, 
281, 1, 277, 284, -1, 193, 281, 18.0, 21, Z3, 25647, 0, 0, 0, , 0, 0, 0, 0, 0, 
282, 1, 278, 285, -1, 158, 275, 20.0, 23, Z2, 19111, 0, 0, 0, , 0, 0, 0, 0, 0, 
283, 0, 279, -1, -1, 381, 243, 24.0, 15, , 9080, 0, 0, 0, , 0, 0, 0, 0, 0, 
284, 1, 280, 287, -1, 313, 303, 28.0, 17, ABalpppapp, 7398, 0, 0, 0, , 0, 0, 0, 0, 0, 
285, 1, 281, 288, -1, 295, 294, 28.0, 15, ABalpppppa, 5837, 0, 0, 0, , 0, 0, 0, 0, 0, 
286, 1, 282, 289, -1, 276, 307, 29.0, 19, ABalpppppp, 7632, 0, 0, 0, , 0, 0, 0, 0, 0, 
287, 1, 283, 290, -1, 306, 279, 29.0, 17, ABalppppap, 6154, 0, 0, 0, , 0, 0, 0, 0, 0, 
288, 1, 284, 291, -1, 324, 272, 26.0, 17, ABalppppaa, 5332, 0, 0, 0, , 0, 0, 0, 0, 0, 
289, 1, 285, 292, -1, 341, 283, 24.0, 15, ABalpppaaa, 5211, 0, 0, 0, , 0, 0, 0, 0, 0, 
290, 1, 286, 293, -1, 334, 280, 30.0, 17, ABalpppaap, 6720, 0, 0, 0, , 0, 0, 0, 0, 0, 
291, 1, 287, 294, -1, 328, 293, 25.0, 15, ABalpppapa, 4923, 0, 0, 0, , 0, 0, 0, 0, 0, 
292, 1, 288, 295, -1, 359, 253, 22.0, 15, ABalppaaaa, 5653, 0, 0, 0, , 0, 0, 0, 0, 0, 
293, 1, 289, 296, -1, 348, 275, 21.0, 17, ABalppaaap, 5326, 0, 0, 0, , 0, 0, 0, 0, 0, 
294, 1, 290, 297, -1, 325, 298, 19.0, 17, ABalppaapp, 5473, 0, 0, 0, , 0, 0, 0, 0, 0, 
295, 1, 291, 298, -1, 336, 278, 18.0, 15, ABalppaapa, 5108, 0, 0, 0, , 0, 0, 0, 0, 0, 
296, 1, 292, 299, -1, 283, 308, 14.0, 15, ABalppappp, 7255, 0, 0, 0, , 0, 0, 0, 0, 0, 
297, 1, 293, 300, -1, 305, 300, 14.0, 17, ABalppappa, 7794, 0, 0, 0, , 0, 0, 0, 0, 0, 
298, 1, 294, 301, -1, 309, 278, 15.0, 17, ABalppapap, 7552, 0, 0, 0, , 0, 0, 0, 0, 0, 
299, 1, 295, 302, -1, 328, 273, 14.0, 15, ABalppapaa, 6600, 0, 0, 0, , 0, 0, 0, 0, 0, 
300, 1, 296, 303, -1, 300, 287, 11.0, 17, ABalpapapa, 6687, 0, 0, 0, , 0, 0, 0, 0, 0, 
301, 1, 297, 304, -1, 278, 286, 11.0, 15, ABalpapapp, 7795, 0, 0, 0, , 0, 0, 0, 0, 0, 
302, 1, 298, 305, -1, 304, 268, 10.0, 15, ABalpapaap, 6514, 0, 0, 0, , 0, 0, 0, 0, 0, 
303, 1, 299, 306, -1, 316, 254, 11.0, 15, ABalpapaaa, 6609, 0, 0, 0, , 0, 0, 0, 0, 0, 
304, 1, 300, 307, -1, 277, 262, 12.0, 17, ABalpappap, 7328, 0, 0, 0, , 0, 0, 0, 0, 0, 
305, 1, 301, 308, -1, 294, 250, 11.0, 15, ABalpappaa, 6403, 0, 0, 0, , 0, 0, 0, 0, 0, 
306, 1, 302, 309, -1, 259, 279, 13.0, 19, ABalpapppp, 9384, 0, 0, 0, , 0, 0, 0, 0, 0, 
307, 1, 303, 310, -1, 281, 272, 16.0, 15, ABalpapppa, 5927, 0, 0, 0, , 0, 0, 0, 0, 0, 
308, 1, 304, 311, -1, 282, 250, 16.0, 15, ABalpaaapp, 4878, 0, 0, 0, , 0, 0, 0, 0, 0, 
309, 1, 305, 312, -1, 301, 240, 14.0, 15, ABalpaaapa, 4704, 0, 0, 0, , 0, 0, 0, 0, 0, 
310, 1, 306, 313, -1, 315, 236, 10.0, 13, ABalpaaaap, 4583, 0, 0, 0, , 0, 0, 0, 0, 0, 
311, 1, 307, 314, -1, 339, 228, 12.0, 17, ABalpaaaaa, 4919, 0, 0, 0, , 0, 0, 0, 0, 0, 
312, 1, 308, 315, -1, 309, 260, 16.0, 17, ABalpaappp, 5821, 0, 0, 0, , 0, 0, 0, 0, 0, 
313, 1, 309, 316, -1, 339, 256, 13.0, 15, ABalpaappa, 7011, 0, 0, 0, , 0, 0, 0, 0, 0, 
314, 1, 310, 317, -1, 323, 243, 15.0, 17, ABalpaapap, 5781, 0, 0, 0, , 0, 0, 0, 0, 0, 
315, 1, 311, 318, -1, 351, 229, 15.0, 15, ABalpaapaa, 5037, 0, 0, 0, , 0, 0, 0, 0, 0, 
316, 1, 312, 319, -1, 164, 250, 22.0, 23, Epra, 34702, 0, 0, 0, , 0, 0, 0, 0, 0, 
317, 0, 313, -1, -1, 223, 224, 26.0, 15, , 1059, 0, 0, 0, , 0, 0, 0, 0, 0, 
318, 1, 314, 321, -1, 203, 248, 21.0, 23, Earp, 53788, 0, 0, 0, , 0, 0, 0, 0, 0, 
319, 1, 315, 322, -1, 211, 264, 29.0, 19, Ealap, 10321, 0, 0, 0, , 0, 0, 0, 0, 0, 
320, 1, 316, 323, -1, 250, 258, 26.0, 19, Ealaa, 10228, 0, 0, 0, , 0, 0, 0, 0, 0, 
321, 1, 317, 324, -1, 168, 284, 28.0, 19, Epla, 12138, 0, 0, 0, , 0, 0, 0, 0, 0, 
322, 1, 318, 325, -1, 130, 273, 23.0, 27, Eprp, 40757, 0, 0, 0, , 0, 0, 0, 0, 0, 
323, 1, 319, 326, -1, 190, 320, 26.0, 17, Dapa, 7486, 0, 0, 0, , 0, 0, 0, 0, 0, 
324, 1, 320, 327, -1, 243, 270, 21.0, 17, MSaapaap, 7256, 0, 0, 0, , 0, 0, 0, 0, 0, 
325, 1, 321, 328, -1, 136, 243, 31.0, 15, ABarpppapp, 5126, 0, 0, 0, , 0, 0, 0, 0, 0, 
326, 1, 322, 329, -1, 100, 282, 32.0, 21, Cpaapa, 8300, 0, 0, 0, , 0, 0, 0, 0, 0, 
327, 1, 323, 330, -1, 149, 298, 33.0, 15, Caaaaa, 2840, 0, 0, 0, , 0, 0, 0, 0, 0, 
328, 1, 324, 331, -1, 242, 328, 15.0, 15, ABplppaapa, 6738, 0, 0, 0, , 0, 0, 0, 0, 0, 
329, 1, 325, 332, -1, 66, 300, 23.0, 19, Cpapap, 8648, 0, 0, 0, , 0, 0, 0, 0, 0, 
330, 1, 326, 341, -1, 231, 230, 26.0, 27, Eara, 34089, 0, 0, 0, , 0, 0, 0, 0, 0, 
331, 1, 327, 334, -1, 352, 232, 20.0, 15, ABalaaaala, 6128, 0, 0, 0, , 0, 0, 0, 0, 0, 
332, 1, 328, 335, -1, 123, 305, 33.0, 19, Caaaap, 3648, 0, 0, 0, , 0, 0, 0, 0, 0, 
333, 1, 329, 336, -1, 244, 187, 35.0, 15, ABarpappaa, 3953, 0, 0, 0, , 0, 0, 0, 0, 0, 
334, 1, 63, 337, -1, 347, 193, 25.0, 15, ABalappaaa, 4365, 0, 0, 0, , 0, 0, 0, 0, 0, 
335, 1, 331, 340, -1, 170, 236, 33.42857, 17, ABarpppapa, 4286, 0, 0, 0, , 0, 0, 0, 0, 0, 
