1, 1, 1, 1, -1, 311, 202, 18.0, 17, ABaraappaa, 7095, 0, 0, 0, , 0, 0, 0, 0, 0, 
2, 1, 2, 2, -1, 294, 215, 18.0, 17, ABaraappap, 7470, 0, 0, 0, , 0, 0, 0, 0, 0, 
3, 1, 3, 3, -1, 273, 221, 18.0, 17, ABaraapppa, 7027, 0, 0, 0, , 0, 0, 0, 0, 0, 
4, 1, 4, 4, -1, 250, 220, 18.0, 15, ABaraapppp, 6263, 0, 0, 0, , 0, 0, 0, 0, 0, 
5, 1, 5, 5, -1, 275, 258, 23.0, 17, ABaraapapp, 8096, 0, 0, 0, , 0, 0, 0, 0, 0, 
6, 1, 6, 6, -1, 293, 243, 19.0, 19, ABaraapapa, 9707, 0, 0, 0, , 0, 0, 0, 0, 0, 
7, 1, 7, 7, -1, 331, 225, 17.0, 17, ABaraapaaa, 8163, 0, 0, 0, , 0, 0, 0, 0, 0, 
8, 1, 8, 8, -1, 310, 231, 18.0, 17, ABaraapaap, 8331, 0, 0, 0, , 0, 0, 0, 0, 0, 
9, 1, 9, 9, -1, 301, 187, 12.0, 15, ABaraaappa, 5957, 0, 0, 0, , 0, 0, 0, 0, 0, 
10, 1, 10, 10, -1, 281, 198, 11.0, 17, ABaraaappp, 6207, 0, 0, 0, , 0, 0, 0, 0, 0, 
11, 1, 11, 11, -1, 325, 210, 12.0, 15, ABaraaapaa, 6838, 0, 0, 0, , 0, 0, 0, 0, 0, 
12, 1, 12, 12, -1, 305, 207, 13.0, 15, ABaraaapap, 5973, 0, 0, 0, , 0, 0, 0, 0, 0, 
13, 1, 13, 13, -1, 344, 211, 14.0, 15, ABaraaaaaa, 5516, 0, 0, 0, , 0, 0, 0, 0, 0, 
14, 1, 14, 14, -1, 321, 192, 14.0, 15, ABaraaaaap, 5352, 0, 0, 0, , 0, 0, 0, 0, 0, 
15, 1, 15, 15, -1, 318, 221, 22.0, 17, ABaraaaapp, 5979, 0, 0, 0, , 0, 0, 0, 0, 0, 
16, 1, 16, 16, -1, 332, 202, 17.0, 15, ABaraaaapa, 5830, 0, 0, 0, , 0, 0, 0, 0, 0, 
17, 1, 17, 17, -1, 243, 251, 10.0, 17, ABarapapap, 7095, 0, 0, 0, , 0, 0, 0, 0, 0, 
18, 1, 18, 18, -1, 262, 238, 11.0, 15, ABarapapaa, 7749, 0, 0, 0, , 0, 0, 0, 0, 0, 
19, 1, 19, 19, -1, 223, 259, 12.0, 17, ABarapappp, 8716, 0, 0, 0, , 0, 0, 0, 0, 0, 
20, 1, 20, 20, -1, 245, 235, 13.0, 15, ABarapappa, 6878, 0, 0, 0, , 0, 0, 0, 0, 0, 
21, 1, 21, 21, -1, 278, 238, 10.0, 15, ABarapaaap, 6466, 0, 0, 0, , 0, 0, 0, 0, 0, 
22, 1, 22, 22, -1, 294, 225, 10.0, 17, ABarapaaaa, 6747, 0, 0, 0, , 0, 0, 0, 0, 0, 
23, 1, 23, 23, -1, 288, 213, 12.0, 15, ABarapaapa, 7923, 0, 0, 0, , 0, 0, 0, 0, 0, 
24, 1, 24, 24, -1, 270, 228, 14.0, 17, ABarapaapp, 7600, 0, 0, 0, , 0, 0, 0, 0, 0, 
25, 1, 25, 25, -1, 246, 208, 11.0, 15, ABarapppap, 5858, 0, 0, 0, , 0, 0, 0, 0, 0, 
26, 1, 26, 26, -1, 268, 190, 11.0, 17, ABarapppaa, 8258, 0, 0, 0, , 0, 0, 0, 0, 0, 
27, 1, 27, 27, -1, 238, 193, 12.0, 15, ABarappppa, 6462, 0, 0, 0, , 0, 0, 0, 0, 0, 
28, 1, 28, 28, -1, 217, 194, 12.0, 15, ABarappppp, 6483, 0, 0, 0, , 0, 0, 0, 0, 0, 
29, 1, 29, 29, -1, 265, 217, 10.0, 15, ABarappaaa, 6552, 0, 0, 0, , 0, 0, 0, 0, 0, 
30, 1, 30, 30, -1, 240, 229, 10.0, 15, ABarappaap, 8405, 0, 0, 0, , 0, 0, 0, 0, 0, 
31, 1, 31, 31, -1, 223, 213, 10.0, 17, ABarappapa, 6583, 0, 0, 0, , 0, 0, 0, 0, 0, 
32, 1, 32, 32, -1, 200, 224, 10.0, 15, ABarappapp, 7648, 0, 0, 0, , 0, 0, 0, 0, 0, 
33, 1, 33, 33, -1, 214, 197, 33.0, 17, ABarpapppa, 5515, 0, 0, 0, , 0, 0, 0, 0, 0, 
34, 1, 34, 34, -1, 195, 195, 31.0, 21, ABarpapppp, 5062, 0, 0, 0, , 0, 0, 0, 0, 0, 
35, 1, 35, 35, -1, 230, 192, 33.0, 17, ABarpappap, 5336, 0, 0, 0, , 0, 0, 0, 0, 0, 
36, 1, 36, 36, -1, 293, 191, 35.0, 17, ABarpapaaa, 6518, 0, 0, 0, , 0, 0, 0, 0, 0, 
37, 1, 37, 37, -1, 270, 185, 34.0, 17, ABarpapaap, 7830, 0, 0, 0, , 0, 0, 0, 0, 0, 
38, 1, 38, 38, -1, 245, 216, 32.0, 15, ABarpapapp, 5713, 0, 0, 0, , 0, 0, 0, 0, 0, 
39, 1, 39, 39, -1, 266, 206, 33.0, 15, ABarpapapa, 6840, 0, 0, 0, , 0, 0, 0, 0, 0, 
40, 1, 40, 40, -1, 196, 273, 34.0, 17, ABarpaappp, 3133, 0, 0, 0, , 0, 0, 0, 0, 0, 
41, 1, 41, 41, -1, 254, 231, 34.0, 13, ABarpaapaa, 4630, 0, 0, 0, , 0, 0, 0, 0, 0, 
42, 1, 42, 42, -1, 234, 235, 33.0, 17, ABarpaapap, 4589, 0, 0, 0, , 0, 0, 0, 0, 0, 
43, 1, 43, 43, -1, 322, 197, 33.0, 17, ABarpaaaaa, 7884, 0, 0, 0, , 0, 0, 0, 0, 0, 
44, 1, 44, 44, -1, 304, 226, 35.0, 15, ABarpaaaap, 6165, 0, 0, 0, , 0, 0, 0, 0, 0, 
45, 1, 45, 45, -1, 271, 223, 35.0, 15, ABarpaaapp, 4917, 0, 0, 0, , 0, 0, 0, 0, 0, 
46, 1, 46, 46, -1, 295, 212, 33.0, 15, ABarpaaapa, 6761, 0, 0, 0, , 0, 0, 0, 0, 0, 
47, 1, 47, 47, -1, 209, 309, 34.0, 15, ABarppaaap, 4305, 0, 0, 0, , 0, 0, 0, 0, 0, 
48, 1, 48, 48, -1, 219, 283, 35.0, 15, ABarppaaaa, 4290, 0, 0, 0, , 0, 0, 0, 0, 0, 
49, 1, 49, 49, -1, 161, 322, 35.0, 15, ABarppaapp, 4818, 0, 0, 0, , 0, 0, 0, 0, 0, 
50, 1, 50, 50, -1, 144, 333, 32.0, 17, ABarppappa, 4553, 0, 0, 0, , 0, 0, 0, 0, 0, 
51, 1, 51, 51, -1, 117, 343, 25.0, 17, ABarppappp, 6186, 0, 0, 0, , 0, 0, 0, 0, 0, 
52, 1, 52, 52, -1, 172, 342, 31.0, 17, ABarppapap, 5773, 0, 0, 0, , 0, 0, 0, 0, 0, 
53, 1, 53, 53, -1, 199, 336, 34.0, 17, ABarppapaa, 4825, 0, 0, 0, , 0, 0, 0, 0, 0, 
54, 1, 54, 54, -1, 83, 266, 25.0, 17, ABarpppppp, 6165, 0, 0, 0, , 0, 0, 0, 0, 0, 
55, 1, 55, 55, -1, 110, 244, 30.0, 17, ABarpppppa, 5132, 0, 0, 0, , 0, 0, 0, 0, 0, 
56, 1, 56, 56, -1, 150, 208, 29.0, 15, ABarppppaa, 5790, 0, 0, 0, , 0, 0, 0, 0, 0, 
57, 1, 57, 57, -1, 122, 220, 26.0, 15, ABarppppap, 4743, 0, 0, 0, , 0, 0, 0, 0, 0, 
58, 1, 58, 58, -1, 171, 205, 32.0, 15, ABarpppaap, 5244, 0, 0, 0, , 0, 0, 0, 0, 0, 
59, 1, 59, 59, -1, 196, 210, 36.0, 15, ABarpppaaa, 4218, 0, 0, 0, , 0, 0, 0, 0, 0, 
60, 1, 60, 60, -1, 278, 185, 29.0, 15, ABalappppa, 4698, 0, 0, 0, , 0, 0, 0, 0, 0, 
61, 1, 61, 61, -1, 249, 192, 30.0, 17, ABalappppp, 5369, 0, 0, 0, , 0, 0, 0, 0, 0, 
62, 1, 62, 62, -1, 321, 193, 28.0, 17, ABalapppaa, 5827, 0, 0, 0, , 0, 0, 0, 0, 0, 
63, 1, 63, 63, -1, 300, 189, 30.0, 15, ABalapppap, 5130, 0, 0, 0, , 0, 0, 0, 0, 0, 
64, 1, 64, 64, -1, 335, 176, 26.0, 15, ABalappapa, 5412, 0, 0, 0, , 0, 0, 0, 0, 0, 
65, 1, 65, 65, -1, 338, 200, 26.0, 17, ABalappaap, 5595, 0, 0, 0, , 0, 0, 0, 0, 0, 
66, 1, 66, 66, -1, 322, 173, 28.0, 19, ABalappapp, 6422, 0, 0, 0, , 0, 0, 0, 0, 0, 
67, 1, 67, 67, -1, 296, 261, 31.0, 17, ABalapappp, 7189, 0, 0, 0, , 0, 0, 0, 0, 0, 
68, 1, 68, 68, -1, 322, 257, 29.0, 17, ABalapappa, 6803, 0, 0, 0, , 0, 0, 0, 0, 0, 
69, 1, 69, 69, -1, 336, 215, 30.0, 15, ABalapapaa, 5675, 0, 0, 0, , 0, 0, 0, 0, 0, 
70, 1, 70, 70, -1, 326, 228, 31.0, 19, ABalapapap, 7461, 0, 0, 0, , 0, 0, 0, 0, 0, 
71, 1, 71, 71, -1, 357, 230, 24.0, 15, ABalapaaaa, 5265, 0, 0, 0, , 0, 0, 0, 0, 0, 
72, 1, 72, 72, -1, 345, 235, 27.0, 15, ABalapaaap, 6623, 0, 0, 0, , 0, 0, 0, 0, 0, 
73, 1, 73, 73, -1, 348, 250, 24.0, 15, ABalapaapa, 6189, 0, 0, 0, , 0, 0, 0, 0, 0, 
74, 1, 74, 74, -1, 334, 259, 26.0, 17, ABalapaapp, 6582, 0, 0, 0, , 0, 0, 0, 0, 0, 
75, 1, 75, 75, -1, 319, 173, 17.0, 15, ABalaapaaa, 6408, 0, 0, 0, , 0, 0, 0, 0, 0, 
76, 1, 76, 76, -1, 276, 174, 13.0, 15, ABalaapapa, 4733, 0, 0, 0, , 0, 0, 0, 0, 0, 
77, 1, 77, 77, -1, 297, 171, 14.0, 17, ABalaapaap, 6291, 0, 0, 0, , 0, 0, 0, 0, 0, 
78, 1, 78, 78, -1, 294, 176, 20.0, 17, ABalaappap, 6765, 0, 0, 0, , 0, 0, 0, 0, 0, 
79, 1, 79, 79, -1, 307, 162, 19.0, 13, ABalaappaa, 4410, 0, 0, 0, , 0, 0, 0, 0, 0, 
80, 1, 80, 80, -1, 292, 175, 25.0, 17, ABalaapppp, 3375, 0, 0, 0, , 0, 0, 0, 0, 0, 
81, 1, 81, 81, -1, 312, 178, 24.0, 17, ABalaapppa, 5356, 0, 0, 0, , 0, 0, 0, 0, 0, 
82, 1, 82, 82, -1, 343, 262, 16.0, 17, ABalaaaalp, 7097, 0, 0, 0, , 0, 0, 0, 0, 0, 
83, 1, 83, 83, -1, 335, 185, 17.0, 15, ABalaaaarr, 5019, 0, 0, 0, , 0, 0, 0, 0, 0, 
84, 1, 84, 84, -1, 354, 212, 17.0, 17, ABalaaaarl, 7690, 0, 0, 0, , 0, 0, 0, 0, 0, 
85, 1, 85, 85, -1, 340, 184, 22.0, 15, ABalaaappl, 5606, 0, 0, 0, , 0, 0, 0, 0, 0, 
86, 1, 86, 86, -1, 324, 173, 21.0, 17, ABalaaappr, 6600, 0, 0, 0, , 0, 0, 0, 0, 0, 
87, 1, 87, 87, -1, 353, 202, 21.0, 15, ABalaaapar, 4964, 0, 0, 0, , 0, 0, 0, 0, 0, 
88, 1, 88, 88, -1, 355, 223, 21.0, 15, ABalaaapal, 5364, 0, 0, 0, , 0, 0, 0, 0, 0, 
89, 1, 89, 89, -1, 173, 328, 11.0, 17, ABplppppap, 6789, 0, 0, 0, , 0, 0, 0, 0, 0, 
90, 1, 90, 90, -1, 193, 321, 11.0, 15, ABplppppaa, 6142, 0, 0, 0, , 0, 0, 0, 0, 0, 
91, 1, 91, 91, -1, 135, 313, 10.0, 15, ABplpppppp, 6641, 0, 0, 0, , 0, 0, 0, 0, 0, 
92, 1, 92, 92, -1, 157, 313, 11.0, 15, ABplpppppa, 6552, 0, 0, 0, , 0, 0, 0, 0, 0, 
93, 1, 93, 93, -1, 134, 335, 11.0, 13, ABplpppapp, 5528, 0, 0, 0, , 0, 0, 0, 0, 0, 
94, 1, 94, 94, -1, 149, 342, 12.0, 17, ABplpppapa, 6771, 0, 0, 0, , 0, 0, 0, 0, 0, 
95, 1, 95, 95, -1, 172, 346, 15.0, 15, ABplpppaap, 6721, 0, 0, 0, , 0, 0, 0, 0, 0, 
96, 1, 96, 96, -1, 190, 336, 14.0, 15, ABplpppaaa, 6031, 0, 0, 0, , 0, 0, 0, 0, 0, 
97, 1, 97, 97, -1, 191, 347, 17.0, 15, ABplppappp, 6290, 0, 0, 0, , 0, 0, 0, 0, 0, 
98, 1, 98, 98, -1, 211, 345, 18.0, 15, ABplppappa, 6349, 0, 0, 0, , 0, 0, 0, 0, 0, 
99, 1, 99, 99, -1, 247, 329, 16.0, 17, ABplppapaa, 6651, 0, 0, 0, , 0, 0, 0, 0, 0, 
100, 1, 100, 100, -1, 231, 343, 17.0, 15, ABplppapap, 6426, 0, 0, 0, , 0, 0, 0, 0, 0, 
101, 1, 101, 101, -1, 211, 336, 13.0, 15, ABplppaapp, 5456, 0, 0, 0, , 0, 0, 0, 0, 0, 
102, 1, 102, 102, -1, 267, 320, 17.0, 15, ABplppaaaa, 6593, 0, 0, 0, , 0, 0, 0, 0, 0, 
103, 1, 103, 103, -1, 264, 334, 19.0, 13, ABplppaaap, 7484, 0, 0, 0, , 0, 0, 0, 0, 0, 
104, 1, 104, 104, -1, 231, 284, 10.0, 23, ABplpappaa, 31179, 0, 0, 0, , 0, 0, 0, 0, 0, 
105, 1, 105, 105, -1, 208, 285, 9.0, 13, ABplpappap, 5964, 0, 0, 0, , 0, 0, 0, 0, 0, 
106, 1, 106, 106, -1, 171, 302, 10.0, 17, ABplpapppp, 7024, 0, 0, 0, , 0, 0, 0, 0, 0, 
107, 1, 107, 107, -1, 195, 299, 9.0, 17, ABplpapppa, 6935, 0, 0, 0, , 0, 0, 0, 0, 0, 
108, 1, 108, 108, -1, 214, 316, 11.0, 15, ABplpapapp, 5258, 0, 0, 0, , 0, 0, 0, 0, 0, 
109, 1, 109, 109, -1, 235, 312, 11.0, 15, ABplpapapa, 7002, 0, 0, 0, , 0, 0, 0, 0, 0, 
110, 1, 110, 110, -1, 245, 309, 15.0, 15, ABplpapaap, 7132, 0, 0, 0, , 0, 0, 0, 0, 0, 
111, 1, 111, 111, -1, 260, 305, 13.0, 15, ABplpapaaa, 5257, 0, 0, 0, , 0, 0, 0, 0, 0, 
112, 1, 112, 112, -1, 285, 301, 18.0, 17, ABplpaaaap, 8316, 0, 0, 0, , 0, 0, 0, 0, 0, 
113, 1, 113, 113, -1, 306, 291, 18.0, 17, ABplpaaaaa, 6598, 0, 0, 0, , 0, 0, 0, 0, 0, 
114, 1, 114, 114, -1, 303, 314, 18.0, 15, ABplpaaapa, 6485, 0, 0, 0, , 0, 0, 0, 0, 0, 
115, 1, 115, 115, -1, 283, 320, 20.0, 15, ABplpaaapp, 6445, 0, 0, 0, , 0, 0, 0, 0, 0, 
116, 1, 116, 116, -1, 276, 325, 25.0, 17, ABplpaappa, 7371, 0, 0, 0, , 0, 0, 0, 0, 0, 
117, 1, 117, 117, -1, 263, 336, 22.0, 15, ABplpaappp, 5421, 0, 0, 0, , 0, 0, 0, 0, 0, 
118, 1, 118, 118, -1, 310, 300, 21.0, 17, ABplpaapaa, 4441, 0, 0, 0, , 0, 0, 0, 0, 0, 
119, 1, 119, 119, -1, 294, 317, 24.0, 17, ABplpaapap, 8591, 0, 0, 0, , 0, 0, 0, 0, 0, 
120, 1, 120, 120, -1, 260, 318, 31.0, 17, ABplaappap, 7882, 0, 0, 0, , 0, 0, 0, 0, 0, 
121, 1, 121, 121, -1, 286, 309, 33.0, 15, ABplaappaa, 6166, 0, 0, 0, , 0, 0, 0, 0, 0, 
122, 1, 122, 122, -1, 253, 332, 26.0, 17, ABplaapppa, 6815, 0, 0, 0, , 0, 0, 0, 0, 0, 
123, 1, 123, 123, -1, 233, 344, 26.0, 17, ABplaapppp, 8370, 0, 0, 0, , 0, 0, 0, 0, 0, 
124, 1, 124, 124, -1, 332, 265, 33.0, 17, ABplaapaaa, 7316, 0, 0, 0, , 0, 0, 0, 0, 0, 
125, 1, 125, 125, -1, 312, 272, 34.0, 17, ABplaapaap, 7222, 0, 0, 0, , 0, 0, 0, 0, 0, 
126, 1, 126, 126, -1, 276, 287, 33.0, 19, ABplaapapp, 9319, 0, 0, 0, , 0, 0, 0, 0, 0, 
127, 1, 127, 127, -1, 304, 290, 33.0, 15, ABplaapapa, 6505, 0, 0, 0, , 0, 0, 0, 0, 0, 
128, 1, 128, 128, -1, 309, 246, 34.0, 17, ABplaaaaap, 7012, 0, 0, 0, , 0, 0, 0, 0, 0, 
129, 1, 129, 129, -1, 328, 235, 35.0, 15, ABplaaaaaa, 7620, 0, 0, 0, , 0, 0, 0, 0, 0, 
130, 1, 130, 130, -1, 270, 248, 33.0, 15, ABplaaaapp, 6423, 0, 0, 0, , 0, 0, 0, 0, 0, 
131, 1, 131, 131, -1, 287, 235, 34.0, 15, ABplaaaapa, 6209, 0, 0, 0, , 0, 0, 0, 0, 0, 
132, 1, 132, 132, -1, 234, 293, 34.0, 17, ABplaaappp, 10505, 0, 0, 0, , 0, 0, 0, 0, 0, 
133, 1, 133, 133, -1, 252, 277, 34.0, 17, ABplaaappa, 6290, 0, 0, 0, , 0, 0, 0, 0, 0, 
134, 1, 134, 134, -1, 271, 269, 34.0, 15, ABplaaapap, 6104, 0, 0, 0, , 0, 0, 0, 0, 0, 
135, 1, 135, 135, -1, 290, 261, 35.0, 13, ABplaaapaa, 6130, 0, 0, 0, , 0, 0, 0, 0, 0, 
136, 1, 136, 136, -1, 132, 362, 17.0, 15, ABplappppa, 5964, 0, 0, 0, , 0, 0, 0, 0, 0, 
137, 1, 137, 137, -1, 110, 346, 14.0, 17, ABplappppp, 6712, 0, 0, 0, , 0, 0, 0, 0, 0, 
138, 1, 138, 138, -1, 173, 352, 19.0, 15, ABplapppaa, 6178, 0, 0, 0, , 0, 0, 0, 0, 0, 
139, 1, 139, 139, -1, 151, 353, 18.0, 15, ABplapppap, 6125, 0, 0, 0, , 0, 0, 0, 0, 0, 
140, 1, 140, 140, -1, 212, 352, 24.0, 17, ABplappaaa, 7347, 0, 0, 0, , 0, 0, 0, 0, 0, 
141, 1, 141, 141, -1, 186, 358, 23.0, 17, ABplappaap, 7030, 0, 0, 0, , 0, 0, 0, 0, 0, 
142, 1, 142, 142, -1, 158, 356, 23.0, 17, ABplappapp, 7286, 0, 0, 0, , 0, 0, 0, 0, 0, 
143, 1, 143, 143, -1, 169, 353, 28.0, 17, ABplappapa, 8729, 0, 0, 0, , 0, 0, 0, 0, 0, 
144, 1, 144, 144, -1, 199, 350, 29.0, 17, ABplapaapp, 7150, 0, 0, 0, , 0, 0, 0, 0, 0, 
145, 1, 145, 145, -1, 216, 336, 30.0, 15, ABplapaapa, 5273, 0, 0, 0, , 0, 0, 0, 0, 0, 
146, 1, 146, 146, -1, 241, 309, 30.0, 15, ABplapaaaa, 6128, 0, 0, 0, , 0, 0, 0, 0, 0, 
147, 1, 147, 147, -1, 224, 317, 31.0, 15, ABplapaaap, 5721, 0, 0, 0, , 0, 0, 0, 0, 0, 
148, 1, 148, 148, -1, 109, 352, 19.0, 15, ABplapappp, 6924, 0, 0, 0, , 0, 0, 0, 0, 0, 
149, 1, 149, 149, -1, 136, 361, 25.0, 17, ABplapapap, 7196, 0, 0, 0, , 0, 0, 0, 0, 0, 
150, 1, 150, 150, -1, 122, 359, 22.0, 17, ABplapappa, 6795, 0, 0, 0, , 0, 0, 0, 0, 0, 
151, 1, 151, 151, -1, 143, 353, 29.0, 17, ABplapapaa, 6894, 0, 0, 0, , 0, 0, 0, 0, 0, 
152, 1, 152, 152, -1, 207, 213, 13.0, 15, ABprpapaaa, 6680, 0, 0, 0, , 0, 0, 0, 0, 0, 
153, 1, 153, 153, -1, 189, 210, 12.0, 15, ABprpapaap, 5008, 0, 0, 0, , 0, 0, 0, 0, 0, 
154, 1, 154, 154, -1, 165, 242, 10.0, 15, ABprpapapp, 5674, 0, 0, 0, , 0, 0, 0, 0, 0, 
155, 1, 155, 155, -1, 184, 234, 10.0, 15, ABprpapapa, 6207, 0, 0, 0, , 0, 0, 0, 0, 0, 
156, 1, 156, 156, -1, 145, 288, 10.0, 17, ABprpapppp, 7174, 0, 0, 0, , 0, 0, 0, 0, 0, 
157, 1, 157, 157, -1, 171, 269, 9.0, 19, ABprpapppa, 8734, 0, 0, 0, , 0, 0, 0, 0, 0, 
158, 1, 158, 158, -1, 197, 263, 10.0, 19, ABprpappap, 6566, 0, 0, 0, , 0, 0, 0, 0, 0, 
159, 1, 159, 159, -1, 211, 243, 10.0, 17, ABprpappaa, 7244, 0, 0, 0, , 0, 0, 0, 0, 0, 
160, 1, 160, 160, -1, 257, 182, 13.0, 15, ABprpaaaaa, 7318, 0, 0, 0, , 0, 0, 0, 0, 0, 
161, 1, 161, 161, -1, 240, 177, 12.0, 15, ABprpaaaap, 7054, 0, 0, 0, , 0, 0, 0, 0, 0, 
162, 1, 162, 162, -1, 211, 175, 14.0, 17, ABprpaaapp, 7367, 0, 0, 0, , 0, 0, 0, 0, 0, 
163, 1, 163, 163, -1, 228, 177, 15.0, 15, ABprpaaapa, 7067, 0, 0, 0, , 0, 0, 0, 0, 0, 
164, 1, 164, 164, -1, 247, 166, 17.0, 17, ABprpaapaa, 6823, 0, 0, 0, , 0, 0, 0, 0, 0, 
165, 1, 165, 165, -1, 220, 165, 18.0, 17, ABprpaapap, 7028, 0, 0, 0, , 0, 0, 0, 0, 0, 
166, 1, 166, 166, -1, 188, 176, 16.0, 15, ABprpaappp, 7300, 0, 0, 0, , 0, 0, 0, 0, 0, 
167, 1, 167, 167, -1, 206, 177, 19.0, 15, ABprpaappa, 7358, 0, 0, 0, , 0, 0, 0, 0, 0, 
168, 1, 168, 168, -1, 115, 249, 11.0, 15, ABprpppaap, 5271, 0, 0, 0, , 0, 0, 0, 0, 0, 
169, 1, 169, 169, -1, 134, 235, 11.0, 15, ABprpppaaa, 6449, 0, 0, 0, , 0, 0, 0, 0, 0, 
170, 1, 170, 170, -1, 103, 266, 11.0, 17, ABprpppapa, 6964, 0, 0, 0, , 0, 0, 0, 0, 0, 
171, 1, 171, 171, -1, 102, 293, 9.0, 15, ABprpppapp, 4907, 0, 0, 0, , 0, 0, 0, 0, 0, 
172, 1, 172, 172, -1, 137, 262, 11.0, 17, ABprppppap, 6774, 0, 0, 0, , 0, 0, 0, 0, 0, 
173, 1, 173, 173, -1, 149, 249, 11.0, 15, ABprppppaa, 5608, 0, 0, 0, , 0, 0, 0, 0, 0, 
174, 1, 174, 174, -1, 130, 300, 13.0, 15, ABprpppppp, 6010, 0, 0, 0, , 0, 0, 0, 0, 0, 
175, 1, 175, 175, -1, 121, 283, 11.0, 17, ABprpppppa, 7942, 0, 0, 0, , 0, 0, 0, 0, 0, 
176, 1, 176, 176, -1, 167, 224, 12.0, 15, ABprppaapa, 6386, 0, 0, 0, , 0, 0, 0, 0, 0, 
177, 1, 177, 177, -1, 150, 225, 11.0, 15, ABprppaapp, 5821, 0, 0, 0, , 0, 0, 0, 0, 0, 
178, 1, 178, 178, -1, 199, 186, 12.0, 15, ABprppaaaa, 6407, 0, 0, 0, , 0, 0, 0, 0, 0, 
179, 1, 179, 179, -1, 181, 183, 11.0, 13, ABprppaaap, 5857, 0, 0, 0, , 0, 0, 0, 0, 0, 
180, 1, 180, 180, -1, 175, 197, 13.0, 15, ABprppapaa, 5825, 0, 0, 0, , 0, 0, 0, 0, 0, 
181, 1, 181, 181, -1, 159, 205, 13.0, 15, ABprppapap, 5722, 0, 0, 0, , 0, 0, 0, 0, 0, 
182, 1, 182, 182, -1, 122, 224, 13.0, 15, ABprppappp, 6394, 0, 0, 0, , 0, 0, 0, 0, 0, 
183, 1, 183, 183, -1, 139, 211, 13.0, 15, ABprppappa, 6538, 0, 0, 0, , 0, 0, 0, 0, 0, 
184, 1, 184, 184, -1, 290, 170, 30.0, 15, ABpraapaaa, 7329, 0, 0, 0, , 0, 0, 0, 0, 0, 
185, 1, 185, 185, -1, 263, 169, 30.0, 15, ABpraapaap, 9774, 0, 0, 0, , 0, 0, 0, 0, 0, 
186, 1, 186, 186, -1, 240, 171, 30.0, 15, ABpraapapa, 6562, 0, 0, 0, , 0, 0, 0, 0, 0, 
187, 1, 187, 187, -1, 219, 179, 30.0, 17, ABpraapapp, 8187, 0, 0, 0, , 0, 0, 0, 0, 0, 
188, 1, 188, 188, -1, 153, 192, 19.0, 17, ABpraapppp, 6838, 0, 0, 0, , 0, 0, 0, 0, 0, 
189, 1, 189, 189, -1, 177, 181, 22.0, 17, ABpraapppa, 6966, 0, 0, 0, , 0, 0, 0, 0, 0, 
190, 1, 190, 190, -1, 193, 175, 24.0, 17, ABpraappap, 7166, 0, 0, 0, , 0, 0, 0, 0, 0, 
191, 1, 191, 191, -1, 216, 163, 25.0, 15, ABpraappaa, 5202, 0, 0, 0, , 0, 0, 0, 0, 0, 
192, 1, 192, 192, -1, 262, 170, 26.0, 17, ABpraaapap, 6611, 0, 0, 0, , 0, 0, 0, 0, 0, 
193, 1, 193, 193, -1, 274, 176, 25.0, 17, ABpraaapaa, 6035, 0, 0, 0, , 0, 0, 0, 0, 0, 
194, 1, 194, 194, -1, 245, 174, 26.0, 15, ABpraaappa, 6075, 0, 0, 0, , 0, 0, 0, 0, 0, 
195, 1, 195, 195, -1, 220, 177, 24.0, 19, ABpraaappp, 9551, 0, 0, 0, , 0, 0, 0, 0, 0, 
196, 1, 196, 196, -1, 267, 157, 23.0, 15, ABpraaaaap, 6271, 0, 0, 0, , 0, 0, 0, 0, 0, 
197, 1, 197, 197, -1, 286, 160, 22.0, 15, ABpraaaaaa, 5308, 0, 0, 0, , 0, 0, 0, 0, 0, 
198, 1, 198, 198, -1, 259, 160, 20.0, 15, ABpraaaapa, 5485, 0, 0, 0, , 0, 0, 0, 0, 0, 
199, 1, 199, 199, -1, 238, 160, 22.0, 15, ABpraaaapp, 6922, 0, 0, 0, , 0, 0, 0, 0, 0, 
200, 1, 200, 200, -1, 96, 231, 20.0, 15, ABprappapp, 6371, 0, 0, 0, , 0, 0, 0, 0, 0, 
201, 1, 201, 201, -1, 114, 219, 23.0, 15, ABprappapa, 6684, 0, 0, 0, , 0, 0, 0, 0, 0, 
202, 1, 202, 202, -1, 117, 218, 18.0, 17, ABprappaap, 8606, 0, 0, 0, , 0, 0, 0, 0, 0, 
203, 1, 203, 203, -1, 136, 203, 17.0, 17, ABprappaaa, 7580, 0, 0, 0, , 0, 0, 0, 0, 0, 
204, 1, 204, 204, -1, 107, 231, 14.0, 15, ABprapppaa, 4529, 0, 0, 0, , 0, 0, 0, 0, 0, 
205, 1, 205, 205, -1, 97, 249, 14.0, 15, ABprapppap, 5050, 0, 0, 0, , 0, 0, 0, 0, 0, 
206, 1, 206, 206, -1, 83, 283, 12.0, 15, ABprappppp, 6747, 0, 0, 0, , 0, 0, 0, 0, 0, 
207, 1, 207, 207, -1, 84, 259, 13.0, 15, ABprappppa, 6360, 0, 0, 0, , 0, 0, 0, 0, 0, 
208, 1, 208, 208, -1, 169, 203, 27.0, 15, ABprapaaap, 8096, 0, 0, 0, , 0, 0, 0, 0, 0, 
209, 1, 209, 209, -1, 188, 195, 27.0, 15, ABprapaaaa, 6353, 0, 0, 0, , 0, 0, 0, 0, 0, 
210, 1, 210, 210, -1, 141, 203, 23.0, 15, ABprapaapp, 6617, 0, 0, 0, , 0, 0, 0, 0, 0, 
211, 1, 211, 211, -1, 160, 196, 24.0, 15, ABprapaapa, 6127, 0, 0, 0, , 0, 0, 0, 0, 0, 
212, 1, 212, 212, -1, 71, 255, 18.0, 15, ABprapappa, 8103, 0, 0, 0, , 0, 0, 0, 0, 0, 
213, 1, 213, 213, -1, 68, 276, 16.0, 15, ABprapappp, 6256, 0, 0, 0, , 0, 0, 0, 0, 0, 
214, 1, 214, 214, -1, 79, 251, 22.0, 17, ABprapapap, 7328, 0, 0, 0, , 0, 0, 0, 0, 0, 
215, 1, 215, 215, -1, 94, 240, 26.0, 17, ABprapapaa, 7584, 0, 0, 0, , 0, 0, 0, 0, 0, 
216, 1, 216, 216, -1, 218, 197, 21.0, 17, MSppppa, 8250, 0, 0, 0, , 0, 0, 0, 0, 0, 
217, 1, 217, 217, -1, 199, 214, 25.0, 19, MSppppp, 8166, 0, 0, 0, , 0, 0, 0, 0, 0, 
218, 1, 218, 218, -1, 229, 215, 16.0, 17, MSpppaa, 12452, 0, 0, 0, , 0, 0, 0, 0, 0, 
219, 1, 219, 219, -1, 205, 212, 17.0, 19, MSpppap, 7649, 0, 0, 0, , 0, 0, 0, 0, 0, 
220, 1, 220, 220, -1, 252, 197, 17.0, 19, MSppaap, 7983, 0, 0, 0, , 0, 0, 0, 0, 0, 
221, 1, 221, 221, -1, 290, 184, 16.0, 15, MSppaaaa, 4277, 0, 0, 0, , 0, 0, 0, 0, 0, 
222, 1, 222, 222, -1, 272, 193, 19.0, 15, MSppaaap, 5623, 0, 0, 0, , 0, 0, 0, 0, 0, 
223, 1, 223, 223, -1, 240, 192, 24.0, 15, MSppappa, 4768, 0, 0, 0, , 0, 0, 0, 0, 0, 
224, 1, 224, 224, -1, 259, 179, 20.0, 13, MSppapaa, 4852, 0, 0, 0, , 0, 0, 0, 0, 0, 
225, 1, 225, 225, -1, 239, 194, 20.0, 15, MSppapap, 5724, 0, 0, 0, , 0, 0, 0, 0, 0, 
226, 1, 226, 226, -1, 202, 260, 15.0, 17, MSpapapp, 6404, 0, 0, 0, , 0, 0, 0, 0, 0, 
227, 1, 227, 227, -1, 216, 242, 15.0, 15, MSpapapa, 5484, 0, 0, 0, , 0, 0, 0, 0, 0, 
228, 1, 228, 228, -1, 257, 245, 17.0, 15, MSpapaaa, 6225, 0, 0, 0, , 0, 0, 0, 0, 0, 
229, 1, 229, 229, -1, 234, 242, 18.0, 17, MSpapaap, 7005, 0, 0, 0, , 0, 0, 0, 0, 0, 
230, 1, 230, 230, -1, 189, 287, 13.0, 21, MSpappa, 17964, 0, 0, 0, , 0, 0, 0, 0, 0, 
231, 1, 231, 231, -1, 176, 257, 14.0, 21, MSpappp, 9810, 0, 0, 0, , 0, 0, 0, 0, 0, 
232, 1, 232, 232, -1, 267, 218, 28.0, 19, MSpaaapp, 9784, 0, 0, 0, , 0, 0, 0, 0, 0, 
233, 1, 233, 233, -1, 290, 204, 27.0, 15, MSpaaapa, 5059, 0, 0, 0, , 0, 0, 0, 0, 0, 
234, 1, 234, 234, -1, 303, 206, 24.0, 19, MSpaaaap, 7748, 0, 0, 0, , 0, 0, 0, 0, 0, 
235, 1, 235, 235, -1, 323, 195, 21.0, 15, MSpaaaaa, 5747, 0, 0, 0, , 0, 0, 0, 0, 0, 
236, 1, 236, 236, -1, 259, 210, 22.0, 17, MSpaapap, 6628, 0, 0, 0, , 0, 0, 0, 0, 0, 
237, 1, 237, 237, -1, 283, 200, 21.0, 15, MSpaapaa, 5720, 0, 0, 0, , 0, 0, 0, 0, 0, 
238, 1, 238, 238, -1, 209, 243, 25.0, 17, Earap, 8204, 0, 0, 0, , 0, 0, 0, 0, 0, 
239, 1, 239, 239, -1, 257, 302, 24.0, 19, MSapppa, 7943, 0, 0, 0, , 0, 0, 0, 0, 0, 
240, 1, 240, 240, -1, 230, 302, 27.0, 16, MSapppp, 4234, 0, 0, 0, , 0, 0, 0, 0, 0, 
241, 1, 241, 241, -1, 254, 287, 21.0, 19, MSappaa, 8318, 0, 0, 0, , 0, 0, 0, 0, 0, 
242, 1, 242, 242, -1, 243, 306, 19.0, 19, MSappap, 7098, 0, 0, 0, , 0, 0, 0, 0, 0, 
243, 1, 243, 243, -1, 280, 278, 28.0, 15, MSapappa, 5070, 0, 0, 0, , 0, 0, 0, 0, 0, 
244, 1, 244, 244, -1, 252, 282, 27.0, 13, MSapappp, 4358, 0, 0, 0, , 0, 0, 0, 0, 0, 
245, 1, 245, 245, -1, 277, 285, 23.0, 17, MSapapap, 6139, 0, 0, 0, , 0, 0, 0, 0, 0, 
246, 1, 246, 246, -1, 305, 273, 23.0, 15, MSapapaa, 5163, 0, 0, 0, , 0, 0, 0, 0, 0, 
247, 1, 247, 247, -1, 290, 277, 20.0, 17, MSapaap, 7391, 0, 0, 0, , 0, 0, 0, 0, 0, 
248, 1, 248, 248, -1, 336, 251, 20.0, 15, MSapaaaa, 4874, 0, 0, 0, , 0, 0, 0, 0, 0, 
249, 1, 249, 249, -1, 311, 256, 21.0, 15, MSapaaap, 5262, 0, 0, 0, , 0, 0, 0, 0, 0, 
250, 1, 250, 250, -1, 321, 220, 27.0, 19, MSaaaaap, 6961, 0, 0, 0, , 0, 0, 0, 0, 0, 
251, 1, 251, 251, -1, 338, 215, 22.0, 15, MSaaaaaa, 4356, 0, 0, 0, , 0, 0, 0, 0, 0, 
252, 1, 252, 252, -1, 304, 222, 29.0, 15, MSaaaapa, 6391, 0, 0, 0, , 0, 0, 0, 0, 0, 
253, 1, 253, 253, -1, 282, 239, 29.0, 15, MSaaaapp, 6644, 0, 0, 0, , 0, 0, 0, 0, 0, 
254, 1, 254, 254, -1, 286, 242, 24.0, 15, MSaaapap, 5547, 0, 0, 0, , 0, 0, 0, 0, 0, 
255, 1, 255, 255, -1, 308, 238, 25.0, 17, MSaaapaa, 6683, 0, 0, 0, , 0, 0, 0, 0, 0, 
256, 1, 256, 256, -1, 264, 244, 26.0, 15, MSaaapp, 7683, 0, 0, 0, , 0, 0, 0, 0, 0, 
257, 1, 257, 257, -1, 211, 308, 16.0, 21, MSaappp, 20840, 0, 0, 0, , 0, 0, 0, 0, 0, 
258, 1, 258, 258, -1, 213, 288, 13.0, 15, MSaappa, 7099, 0, 0, 0, , 0, 0, 0, 0, 0, 
259, 1, 259, 259, -1, 271, 267, 19.0, 15, MSaapaaa, 5438, 0, 0, 0, , 0, 0, 0, 0, 0, 
260, 1, 260, 260, -1, 228, 281, 17.0, 15, MSaapapp, 5846, 0, 0, 0, , 0, 0, 0, 0, 0, 
261, 1, 261, 261, -1, 250, 271, 17.0, 15, MSaapapa, 4678, 0, 0, 0, , 0, 0, 0, 0, 0, 
262, 1, 262, 262, -1, 228, 277, 23.0, 19, Ealpa, 10192, 0, 0, 0, , 0, 0, 0, 0, 0, 
263, 1, 263, 263, -1, 195, 283, 23.0, 19, Ealpp, 13259, 0, 0, 0, , 0, 0, 0, 0, 0, 
264, 1, 264, 264, -1, 137, 306, 26.0, 17, Eplpa, 6175, 0, 0, 0, , 0, 0, 0, 0, 0, 
265, 1, 265, 265, -1, 138, 337, 21.0, 17, Cappap, 4979, 0, 0, 0, , 0, 0, 0, 0, 0, 
266, 1, 266, 266, -1, 161, 324, 22.0, 17, Cappaa, 7146, 0, 0, 0, , 0, 0, 0, 0, 0, 
267, 1, 267, 267, -1, 129, 334, 18.0, 15, Capppa, 5469, 0, 0, 0, , 0, 0, 0, 0, 0, 
268, 1, 267, 268, -1, 123, 323, 13.0, 15, Capppp, 4968, 0, 0, 0, , 0, 0, 0, 0, 0, 
269, 1, 268, 269, -1, 155, 327, 16.0, 19, Capap, 20743, 0, 0, 0, , 0, 0, 0, 0, 0, 
270, 1, 269, 270, -1, 178, 315, 18.0, 17, Capaa, 6091, 0, 0, 0, , 0, 0, 0, 0, 0, 
271, 1, 270, 359, -1, 109, 322, 33.0, 17, Caaapa, 1856, 0, 0, 0, , 0, 0, 0, 0, 0, 
272, 1, 271, 271, -1, 88, 329, 26.0, 19, Caaapp, 16947, 0, 0, 0, , 0, 0, 0, 0, 0, 
273, 1, 272, 272, -1, 90, 335, 16.0, 17, Caappd, 6952, 0, 0, 0, , 0, 0, 0, 0, 0, 
274, 1, 273, 273, -1, 89, 319, 11.0, 17, Caappv, 4458, 0, 0, 0, , 0, 0, 0, 0, 0, 
275, 1, 274, 274, -1, 99, 316, 13.0, 19, Caapa, 9828, 0, 0, 0, , 0, 0, 0, 0, 0, 
276, 1, 275, 275, -1, 71, 299, 17.0, 17, Cpappd, 6873, 0, 0, 0, , 0, 0, 0, 0, 0, 
277, 1, 276, 276, -1, 76, 307, 12.0, 17, Cpappv, 7096, 0, 0, 0, , 0, 0, 0, 0, 0, 
278, 1, 277, 277, -1, 76, 321, 19.0, 17, Cpapaa, 7165, 0, 0, 0, , 0, 0, 0, 0, 0, 
279, 1, 278, 278, -1, 85, 300, 27.0, 21, Cpaapp, 7591, 0, 0, 0, , 0, 0, 0, 0, 0, 
280, 1, 279, 279, -1, 148, 276, 14.0, 17, Cppaap, 6327, 0, 0, 0, , 0, 0, 0, 0, 0, 
281, 1, 280, 280, -1, 160, 236, 17.0, 17, Cppaaa, 7704, 0, 0, 0, , 0, 0, 0, 0, 0, 
282, 1, 281, 281, -1, 138, 250, 17.0, 19, Cppapa, 8552, 0, 0, 0, , 0, 0, 0, 0, 0, 
283, 1, 282, 282, -1, 123, 280, 15.0, 19, Cppapp, 7557, 0, 0, 0, , 0, 0, 0, 0, 0, 
284, 1, 283, 283, -1, 127, 241, 22.0, 17, Cpppaa, 8234, 0, 0, 0, , 0, 0, 0, 0, 0, 
285, 1, 284, 284, -1, 108, 255, 19.0, 19, Cpppap, 7757, 0, 0, 0, , 0, 0, 0, 0, 0, 
286, 1, 285, 285, -1, 211, 317, 20.0, 19, Daap, 9055, 0, 0, 0, , 0, 0, 0, 0, 0, 
287, 1, 286, 286, -1, 232, 318, 24.0, 19, Daaa, 8018, 0, 0, 0, , 0, 0, 0, 0, 0, 
288, 1, 287, 287, -1, 192, 326, 24.0, 21, Dapp, 22601, 0, 0, 0, , 0, 0, 0, 0, 0, 
289, 1, 288, 288, -1, 187, 228, 17.0, 19, Dpap, 8331, 0, 0, 0, , 0, 0, 0, 0, 0, 
290, 1, 289, 289, -1, 191, 203, 19.0, 17, Dpaa, 9064, 0, 0, 0, , 0, 0, 0, 0, 0, 
291, 1, 290, 290, -1, 152, 233, 22.0, 19, Dppp, 11613, 0, 0, 0, , 0, 0, 0, 0, 0, 
292, 1, 291, 291, -1, 169, 217, 20.0, 19, Dppa, 8973, 0, 0, 0, , 0, 0, 0, 0, 0, 
293, 1, 292, 292, -1, 189, 282, 16.0, 19, Z3, 13544, 0, 0, 0, , 0, 0, 0, 0, 0, 
294, 1, 293, 293, -1, 152, 288, 19.0, 19, Z2, 13379, 0, 0, 0, , 0, 0, 0, 0, 0, 
295, 0, 294, -1, -1, 381, 244, 24.0, 15, , 8994, 0, 0, 0, , 0, 0, 0, 0, 0, 
296, 1, 295, 295, -1, 317, 301, 28.0, 17, ABalpppapp, 7087, 0, 0, 0, , 0, 0, 0, 0, 0, 
297, 1, 296, 296, -1, 298, 299, 27.0, 15, ABalpppppa, 6521, 0, 0, 0, , 0, 0, 0, 0, 0, 
298, 1, 297, 297, -1, 275, 307, 28.0, 17, ABalpppppp, 7863, 0, 0, 0, , 0, 0, 0, 0, 0, 
299, 1, 298, 298, -1, 309, 280, 29.0, 17, ABalppppap, 7107, 0, 0, 0, , 0, 0, 0, 0, 0, 
300, 1, 299, 299, -1, 324, 276, 25.0, 15, ABalppppaa, 6261, 0, 0, 0, , 0, 0, 0, 0, 0, 
301, 1, 300, 300, -1, 342, 281, 24.0, 15, ABalpppaaa, 6278, 0, 0, 0, , 0, 0, 0, 0, 0, 
302, 1, 301, 301, -1, 338, 282, 29.0, 15, ABalpppaap, 6590, 0, 0, 0, , 0, 0, 0, 0, 0, 
303, 1, 302, 302, -1, 325, 297, 24.0, 15, ABalpppapa, 6425, 0, 0, 0, , 0, 0, 0, 0, 0, 
304, 1, 303, 303, -1, 359, 255, 21.0, 13, ABalppaaaa, 4790, 0, 0, 0, , 0, 0, 0, 0, 0, 
305, 1, 304, 304, -1, 350, 268, 21.0, 15, ABalppaaap, 5942, 0, 0, 0, , 0, 0, 0, 0, 0, 
306, 1, 305, 305, -1, 329, 291, 20.0, 17, ABalppaapp, 6511, 0, 0, 0, , 0, 0, 0, 0, 0, 
307, 1, 306, 306, -1, 339, 281, 18.0, 13, ABalppaapa, 5109, 0, 0, 0, , 0, 0, 0, 0, 0, 
308, 1, 307, 307, -1, 279, 310, 13.0, 17, ABalppappp, 7888, 0, 0, 0, , 0, 0, 0, 0, 0, 
309, 1, 308, 308, -1, 301, 298, 14.0, 19, ABalppappa, 7502, 0, 0, 0, , 0, 0, 0, 0, 0, 
310, 1, 309, 309, -1, 304, 282, 13.0, 15, ABalppapap, 6046, 0, 0, 0, , 0, 0, 0, 0, 0, 
311, 1, 310, 310, -1, 320, 277, 12.0, 15, ABalppapaa, 6935, 0, 0, 0, , 0, 0, 0, 0, 0, 
312, 1, 311, 311, -1, 290, 290, 11.0, 17, ABalpapapa, 8077, 0, 0, 0, , 0, 0, 0, 0, 0, 
313, 1, 312, 312, -1, 267, 294, 10.0, 17, ABalpapapp, 8153, 0, 0, 0, , 0, 0, 0, 0, 0, 
314, 1, 313, 313, -1, 292, 271, 10.0, 15, ABalpapaap, 6974, 0, 0, 0, , 0, 0, 0, 0, 0, 
315, 1, 314, 314, -1, 305, 259, 10.0, 17, ABalpapaaa, 8153, 0, 0, 0, , 0, 0, 0, 0, 0, 
316, 1, 315, 315, -1, 267, 264, 12.0, 19, ABalpappap, 8809, 0, 0, 0, , 0, 0, 0, 0, 0, 
317, 1, 316, 316, -1, 284, 254, 11.0, 15, ABalpappaa, 6496, 0, 0, 0, , 0, 0, 0, 0, 0, 
318, 1, 317, 317, -1, 250, 279, 14.0, 21, ABalpapppp, 11236, 0, 0, 0, , 0, 0, 0, 0, 0, 
319, 1, 318, 318, -1, 278, 270, 16.0, 17, ABalpapppa, 7581, 0, 0, 0, , 0, 0, 0, 0, 0, 
320, 1, 319, 319, -1, 293, 256, 17.0, 15, ABalpaaapp, 6708, 0, 0, 0, , 0, 0, 0, 0, 0, 
321, 1, 320, 320, -1, 301, 247, 13.0, 15, ABalpaaapa, 6793, 0, 0, 0, , 0, 0, 0, 0, 0, 
322, 1, 321, 321, -1, 310, 238, 10.0, 15, ABalpaaaap, 7029, 0, 0, 0, , 0, 0, 0, 0, 0, 
323, 1, 322, 322, -1, 341, 243, 11.0, 17, ABalpaaaaa, 7274, 0, 0, 0, , 0, 0, 0, 0, 0, 
324, 1, 323, 323, -1, 312, 265, 15.0, 17, ABalpaappp, 6266, 0, 0, 0, , 0, 0, 0, 0, 0, 
325, 1, 324, 324, -1, 332, 260, 12.0, 15, ABalpaappa, 6807, 0, 0, 0, , 0, 0, 0, 0, 0, 
326, 1, 325, 325, -1, 321, 240, 14.0, 19, ABalpaapap, 7343, 0, 0, 0, , 0, 0, 0, 0, 0, 
327, 1, 326, 326, -1, 339, 227, 15.0, 17, ABalpaapaa, 5646, 0, 0, 0, , 0, 0, 0, 0, 0, 
328, 1, 327, 327, -1, 176, 241, 26.0, 19, Epraa, 9066, 0, 0, 0, , 0, 0, 0, 0, 0, 
329, 1, 328, 328, -1, 141, 260, 24.0, 17, Eprap, 7193, 0, 0, 0, , 0, 0, 0, 0, 0, 
330, 1, 329, 329, -1, 229, 225, 22.0, 15, MSpaapp, 6555, 0, 0, 0, , 0, 0, 0, 0, 0, 
331, 1, 330, 330, -1, 170, 259, 21.0, 19, Earpp, 12436, 0, 0, 0, , 0, 0, 0, 0, 0, 
332, 1, 331, 331, -1, 210, 266, 28.0, 19, Ealap, 11051, 0, 0, 0, , 0, 0, 0, 0, 0, 
333, 1, 332, 332, -1, 248, 258, 27.0, 21, Ealaa, 48927, 0, 0, 0, , 0, 0, 0, 0, 0, 
334, 1, 333, 333, -1, 184, 278, 29.0, 19, Eplaa, 9110, 0, 0, 0, , 0, 0, 0, 0, 0, 
335, 1, 334, 334, -1, 161, 298, 26.0, 23, Eplap, 35153, 0, 0, 0, , 0, 0, 0, 0, 0, 
336, 1, 335, 335, 355, 122, 279, 22.0, 21, Eprp, 9060, 0, 0, 0, , 0, 0, 0, 0, 0, 
337, 1, 336, 336, -1, 196, 322, 28.0, 19, Dapa, 10263, 0, 0, 0, , 0, 0, 0, 0, 0, 
338, 1, 337, 337, -1, 247, 260, 22.0, 19, MSaapaap, 8793, 0, 0, 0, , 0, 0, 0, 0, 0, 
339, 1, 338, 338, -1, 134, 235, 30.0, 15, ABarpppapp, 5248, 0, 0, 0, , 0, 0, 0, 0, 0, 
340, 1, 339, 339, -1, 154, 295, 33.0, 17, Caaaaa, 3469, 0, 0, 0, , 0, 0, 0, 0, 0, 
341, 1, 340, 340, -1, 232, 331, 13.0, 15, ABplppaapa, 6855, 0, 0, 0, , 0, 0, 0, 0, 0, 
342, 1, 341, 341, -1, 68, 297, 22.0, 17, Cpapap, 7648, 0, 0, 0, , 0, 0, 0, 0, 0, 
343, 1, 342, 342, -1, 245, 228, 24.0, 19, Earaa, 10736, 0, 0, 0, , 0, 0, 0, 0, 0, 
344, 1, 343, 343, -1, 353, 241, 18.0, 15, ABalaaaala, 5588, 0, 0, 0, , 0, 0, 0, 0, 0, 
345, 1, 344, 344, -1, 246, 189, 35.0, 13, ABarpappaa, 6636, 0, 0, 0, , 0, 0, 0, 0, 0, 
346, 1, 345, 345, -1, 351, 194, 25.0, 15, ABalappaaa, 3914, 0, 0, 0, , 0, 0, 0, 0, 0, 
347, 1, 346, 346, -1, 92, 269, 18.0, 17, Cppppa, 7604, 0, 0, 0, , 0, 0, 0, 0, 0, 
348, 1, 347, 347, -1, 104, 302, 15.0, 19, Cppppp, 7781, 0, 0, 0, , 0, 0, 0, 0, 0, 
349, 1, 348, 348, -1, 275, 165, 18.0, 15, ABalaapapp, 6716, 0, 0, 0, , 0, 0, 0, 0, 0, 
350, 1, 349, 349, -1, 170, 230, 34.0, 19, ABarpppapa, 1891, 0, 0, 0, , 0, 0, 0, 0, 0, 
351, 1, 350, 350, -1, 212, 242, 20.0, 19, Earpa, 9183, 0, 0, 0, , 0, 0, 0, 0, 0, 
352, 1, 351, 351, -1, 121, 312, 20.0, 15, Eplpp, 6260, 0, 0, 0, , 0, 0, 0, 0, 0, 
353, 1, 352, 352, -1, 223, 204, 27.0, 15, MSppappp, 4452, 0, 0, 0, , 0, 0, 0, 0, 0, 
354, 1, 353, 353, -1, 120, 255, 32.0, 19, Cpaaap, 2019, 0, 0, 0, , 0, 0, 0, 0, 0, 
355, 1, 354, 354, -1, 187, 297, 34.0, 19, ABarppaapa, 1689, 0, 0, 0, , 0, 0, 0, 0, 0, 
356, 0, 355, -1, -1, 119, 282, 24.0, 17, , 4331, 0, 0, 0, , 0, 0, 0, 0, 0, 
357, 1, 356, 356, -1, 100, 275, 31.0, 19, Cpaapa, 5406, 0, 0, 0, , 0, 0, 0, 0, 0, 
358, 1, 357, 357, -1, 210, 240, 34.0, 17, ABarpaappa, 3057, 0, 0, 0, , 0, 0, 0, 0, 0, 
359, 1, 358, 358, -1, 151, 254, 32.0, 17, Cpaaaa, 5192, 0, 0, 0, , 0, 0, 0, 0, 0, 
360, 1, 359, 360, -1, 127, 298, 33.0, 15, Caaaap, 0, 0, 0, 0, , 0, 0, 0, 0, 0, 
