1, 1, 1, 1, -1, 308, 205, 20.0, 15, ABaraappaa, 6666, 0, 0, 0, , 0, 0, 0, 0, 0, 
2, 1, 2, 2, -1, 283, 214, 18.0, 17, ABaraappap, 9766, 0, 0, 0, , 0, 0, 0, 0, 0, 
3, 1, 3, 3, -1, 267, 226, 19.0, 19, ABaraapppa, 8755, 0, 0, 0, , 0, 0, 0, 0, 0, 
4, 1, 4, 4, -1, 246, 223, 19.0, 17, ABaraapppp, 8156, 0, 0, 0, , 0, 0, 0, 0, 0, 
5, 1, 5, 5, -1, 278, 262, 22.0, 15, ABaraapapp, 8538, 0, 0, 0, , 0, 0, 0, 0, 0, 
6, 1, 6, 6, -1, 290, 249, 19.0, 19, ABaraapapa, 11323, 0, 0, 0, , 0, 0, 0, 0, 0, 
7, 1, 7, 7, -1, 323, 218, 19.0, 17, ABaraapaaa, 9431, 0, 0, 0, , 0, 0, 0, 0, 0, 
8, 1, 8, 8, -1, 304, 232, 21.0, 17, ABaraapaap, 10559, 0, 0, 0, , 0, 0, 0, 0, 0, 
9, 1, 9, 9, -1, 294, 197, 11.0, 15, ABaraaappa, 7011, 0, 0, 0, , 0, 0, 0, 0, 0, 
10, 1, 10, 10, -1, 275, 206, 11.0, 15, ABaraaappp, 5608, 0, 0, 0, , 0, 0, 0, 0, 0, 
11, 1, 11, 11, -1, 317, 211, 15.0, 15, ABaraaapaa, 7003, 0, 0, 0, , 0, 0, 0, 0, 0, 
12, 1, 12, 12, -1, 298, 210, 15.0, 17, ABaraaapap, 6025, 0, 0, 0, , 0, 0, 0, 0, 0, 
13, 1, 13, 13, -1, 335, 214, 13.0, 17, ABaraaaaaa, 6642, 0, 0, 0, , 0, 0, 0, 0, 0, 
14, 1, 14, 14, -1, 312, 195, 14.0, 15, ABaraaaaap, 6083, 0, 0, 0, , 0, 0, 0, 0, 0, 
15, 1, 15, 15, -1, 323, 222, 23.0, 15, ABaraaaapp, 6667, 0, 0, 0, , 0, 0, 0, 0, 0, 
16, 1, 16, 16, -1, 332, 202, 18.0, 15, ABaraaaapa, 5455, 0, 0, 0, , 0, 0, 0, 0, 0, 
17, 1, 17, 17, -1, 243, 250, 10.0, 17, ABarapapap, 8080, 0, 0, 0, , 0, 0, 0, 0, 0, 
18, 1, 18, 18, -1, 262, 236, 11.0, 15, ABarapapaa, 9635, 0, 0, 0, , 0, 0, 0, 0, 0, 
19, 1, 19, 19, -1, 226, 253, 14.0, 21, ABarapappp, 25073, 0, 0, 0, , 0, 0, 0, 0, 0, 
20, 1, 20, 20, -1, 249, 240, 14.0, 17, ABarapappa, 7694, 0, 0, 0, , 0, 0, 0, 0, 0, 
21, 1, 21, 21, -1, 276, 236, 10.0, 15, ABarapaaap, 9488, 0, 0, 0, , 0, 0, 0, 0, 0, 
22, 1, 22, 22, -1, 292, 228, 11.0, 15, ABarapaaaa, 9070, 0, 0, 0, , 0, 0, 0, 0, 0, 
23, 1, 23, 23, -1, 285, 220, 13.0, 15, ABarapaapa, 8860, 0, 0, 0, , 0, 0, 0, 0, 0, 
24, 1, 24, 24, -1, 265, 229, 15.0, 17, ABarapaapp, 10583, 0, 0, 0, , 0, 0, 0, 0, 0, 
25, 1, 25, 25, -1, 240, 213, 11.0, 13, ABarapppap, 6291, 0, 0, 0, , 0, 0, 0, 0, 0, 
26, 1, 26, 26, -1, 260, 191, 11.0, 15, ABarapppaa, 8236, 0, 0, 0, , 0, 0, 0, 0, 0, 
27, 1, 27, 27, -1, 231, 197, 12.0, 15, ABarappppa, 7599, 0, 0, 0, , 0, 0, 0, 0, 0, 
28, 1, 28, 28, -1, 214, 195, 11.0, 15, ABarappppp, 7521, 0, 0, 0, , 0, 0, 0, 0, 0, 
29, 1, 29, 29, -1, 258, 216, 11.0, 15, ABarappaaa, 7768, 0, 0, 0, , 0, 0, 0, 0, 0, 
30, 1, 30, 30, -1, 237, 230, 10.0, 15, ABarappaap, 8397, 0, 0, 0, , 0, 0, 0, 0, 0, 
31, 1, 31, 31, -1, 218, 221, 10.0, 17, ABarappapa, 8651, 0, 0, 0, , 0, 0, 0, 0, 0, 
32, 1, 32, 32, -1, 194, 228, 10.0, 15, ABarappapp, 8715, 0, 0, 0, , 0, 0, 0, 0, 0, 
33, 1, 33, 33, -1, 212, 183, 32.0, 17, ABarpapppa, 5782, 0, 0, 0, , 0, 0, 0, 0, 0, 
34, 1, 34, 34, -1, 197, 195, 32.0, 19, ABarpapppp, 11674, 0, 0, 0, , 0, 0, 0, 0, 0, 
35, 1, 35, 35, -1, 233, 187, 34.0, 13, ABarpappap, 3664, 0, 0, 0, , 0, 0, 0, 0, 0, 
36, 1, 36, 36, -1, 292, 187, 35.0, 15, ABarpapaaa, 4745, 0, 0, 0, , 0, 0, 0, 0, 0, 
37, 1, 37, 37, -1, 276, 189, 33.0, 15, ABarpapaap, 6652, 0, 0, 0, , 0, 0, 0, 0, 0, 
38, 1, 38, 38, -1, 244, 212, 33.0, 15, ABarpapapp, 6370, 0, 0, 0, , 0, 0, 0, 0, 0, 
39, 1, 39, 39, -1, 271, 207, 33.0, 15, ABarpapapa, 4973, 0, 0, 0, , 0, 0, 0, 0, 0, 
40, 1, 40, 40, -1, 196, 274, 34.0, 19, ABarpaappp, 5135, 0, 0, 0, , 0, 0, 0, 0, 0, 
41, 1, 41, 41, -1, 259, 226, 34.0, 15, ABarpaapaa, 4978, 0, 0, 0, , 0, 0, 0, 0, 0, 
42, 1, 42, 42, -1, 237, 234, 34.0, 17, ABarpaapap, 5367, 0, 0, 0, , 0, 0, 0, 0, 0, 
43, 1, 43, 43, -1, 324, 203, 33.0, 17, ABarpaaaaa, 6051, 0, 0, 0, , 0, 0, 0, 0, 0, 
44, 1, 44, 44, -1, 314, 220, 34.0, 15, ABarpaaaap, 5205, 0, 0, 0, , 0, 0, 0, 0, 0, 
45, 1, 45, 45, -1, 281, 220, 34.0, 15, ABarpaaapp, 3806, 0, 0, 0, , 0, 0, 0, 0, 0, 
46, 1, 46, 46, -1, 298, 210, 34.0, 15, ABarpaaapa, 5394, 0, 0, 0, , 0, 0, 0, 0, 0, 
47, 1, 47, 47, -1, 217, 305, 34.0, 15, ABarppaaap, 4302, 0, 0, 0, , 0, 0, 0, 0, 0, 
48, 1, 48, 48, -1, 224, 284, 35.0, 15, ABarppaaaa, 3851, 0, 0, 0, , 0, 0, 0, 0, 0, 
49, 1, 49, 49, -1, 167, 331, 34.0, 15, ABarppaapp, 5305, 0, 0, 0, , 0, 0, 0, 0, 0, 
50, 1, 50, 50, -1, 144, 340, 31.0, 17, ABarppappa, 6141, 0, 0, 0, , 0, 0, 0, 0, 0, 
51, 1, 51, 51, -1, 113, 348, 24.0, 17, ABarppappp, 6319, 0, 0, 0, , 0, 0, 0, 0, 0, 
52, 1, 52, 52, -1, 183, 350, 30.0, 17, ABarppapap, 6159, 0, 0, 0, , 0, 0, 0, 0, 0, 
53, 1, 53, 53, -1, 202, 336, 34.0, 17, ABarppapaa, 4546, 0, 0, 0, , 0, 0, 0, 0, 0, 
54, 1, 54, 54, -1, 79, 272, 24.0, 17, ABarpppppp, 5908, 0, 0, 0, , 0, 0, 0, 0, 0, 
55, 1, 55, 55, -1, 108, 241, 29.0, 17, ABarpppppa, 6349, 0, 0, 0, , 0, 0, 0, 0, 0, 
56, 1, 56, 56, -1, 152, 203, 29.0, 17, ABarppppaa, 6005, 0, 0, 0, , 0, 0, 0, 0, 0, 
57, 1, 57, 57, -1, 124, 218, 27.0, 17, ABarppppap, 6151, 0, 0, 0, , 0, 0, 0, 0, 0, 
58, 1, 58, 58, -1, 178, 203, 33.0, 19, ABarpppaap, 6840, 0, 0, 0, , 0, 0, 0, 0, 0, 
59, 1, 59, 59, -1, 199, 211, 35.0, 15, ABarpppaaa, 5185, 0, 0, 0, , 0, 0, 0, 0, 0, 
60, 1, 60, 60, -1, 293, 175, 28.0, 17, ABalappppa, 5004, 0, 0, 0, , 0, 0, 0, 0, 0, 
61, 1, 61, 61, -1, 257, 185, 31.0, 15, ABalappppp, 4132, 0, 0, 0, , 0, 0, 0, 0, 0, 
62, 1, 62, 62, -1, 325, 191, 28.0, 17, ABalapppaa, 6699, 0, 0, 0, , 0, 0, 0, 0, 0, 
63, 1, 63, 63, -1, 303, 193, 31.0, 17, ABalapppap, 6335, 0, 0, 0, , 0, 0, 0, 0, 0, 
64, 1, 64, 64, -1, 328, 178, 25.0, 15, ABalappapa, 5992, 0, 0, 0, , 0, 0, 0, 0, 0, 
65, 1, 65, 65, -1, 345, 205, 26.0, 17, ABalappaap, 5880, 0, 0, 0, , 0, 0, 0, 0, 0, 
66, 1, 66, 66, -1, 312, 175, 26.0, 17, ABalappapp, 6010, 0, 0, 0, , 0, 0, 0, 0, 0, 
67, 1, 67, 67, -1, 306, 259, 31.0, 15, ABalapappp, 5841, 0, 0, 0, , 0, 0, 0, 0, 0, 
68, 1, 68, 68, -1, 332, 256, 29.0, 17, ABalapappa, 6276, 0, 0, 0, , 0, 0, 0, 0, 0, 
69, 1, 69, 69, -1, 336, 214, 29.0, 13, ABalapapaa, 4300, 0, 0, 0, , 0, 0, 0, 0, 0, 
70, 1, 70, 70, -1, 332, 231, 30.0, 15, ABalapapap, 5715, 0, 0, 0, , 0, 0, 0, 0, 0, 
71, 1, 71, 71, -1, 350, 227, 24.0, 15, ABalapaaaa, 6963, 0, 0, 0, , 0, 0, 0, 0, 0, 
72, 1, 72, 72, -1, 348, 243, 25.0, 17, ABalapaaap, 7006, 0, 0, 0, , 0, 0, 0, 0, 0, 
73, 1, 73, 73, -1, 344, 256, 22.0, 17, ABalapaapa, 6464, 0, 0, 0, , 0, 0, 0, 0, 0, 
74, 1, 74, 74, -1, 338, 262, 25.0, 17, ABalapaapp, 6073, 0, 0, 0, , 0, 0, 0, 0, 0, 
75, 1, 75, 75, -1, 308, 178, 14.0, 15, ABalaapaaa, 4943, 0, 0, 0, , 0, 0, 0, 0, 0, 
76, 1, 76, 76, -1, 270, 179, 12.0, 15, ABalaapapa, 5121, 0, 0, 0, , 0, 0, 0, 0, 0, 
77, 1, 77, 77, -1, 287, 180, 12.0, 15, ABalaapaap, 4955, 0, 0, 0, , 0, 0, 0, 0, 0, 
78, 1, 78, 78, -1, 288, 180, 18.0, 17, ABalaappap, 4996, 0, 0, 0, , 0, 0, 0, 0, 0, 
79, 1, 79, 79, -1, 294, 168, 16.0, 13, ABalaappaa, 4708, 0, 0, 0, , 0, 0, 0, 0, 0, 
80, 1, 80, 80, -1, 298, 164, 24.0, 17, ABalaapppp, 6141, 0, 0, 0, , 0, 0, 0, 0, 0, 
81, 1, 81, 81, -1, 309, 174, 21.0, 17, ABalaapppa, 5435, 0, 0, 0, , 0, 0, 0, 0, 0, 
82, 1, 82, 82, -1, 334, 268, 15.0, 15, ABalaaaalp, 5710, 0, 0, 0, , 0, 0, 0, 0, 0, 
83, 1, 83, 83, -1, 329, 187, 16.0, 15, ABalaaaarr, 5581, 0, 0, 0, , 0, 0, 0, 0, 0, 
84, 1, 84, 84, -1, 350, 217, 16.0, 15, ABalaaaarl, 6569, 0, 0, 0, , 0, 0, 0, 0, 0, 
85, 1, 85, 85, -1, 334, 180, 21.0, 15, ABalaaappl, 6272, 0, 0, 0, , 0, 0, 0, 0, 0, 
86, 1, 86, 86, -1, 317, 174, 18.0, 17, ABalaaappr, 7440, 0, 0, 0, , 0, 0, 0, 0, 0, 
87, 1, 87, 87, -1, 351, 202, 20.0, 15, ABalaaapar, 6451, 0, 0, 0, , 0, 0, 0, 0, 0, 
88, 1, 88, 88, -1, 350, 228, 20.0, 17, ABalaaapal, 8123, 0, 0, 0, , 0, 0, 0, 0, 0, 
89, 1, 89, 89, -1, 168, 324, 11.0, 17, ABplppppap, 7149, 0, 0, 0, , 0, 0, 0, 0, 0, 
90, 1, 90, 90, -1, 188, 315, 11.0, 15, ABplppppaa, 7237, 0, 0, 0, , 0, 0, 0, 0, 0, 
91, 1, 91, 91, -1, 132, 313, 10.0, 15, ABplpppppp, 6901, 0, 0, 0, , 0, 0, 0, 0, 0, 
92, 1, 92, 92, -1, 153, 307, 11.0, 15, ABplpppppa, 6716, 0, 0, 0, , 0, 0, 0, 0, 0, 
93, 1, 93, 93, -1, 141, 332, 10.0, 15, ABplpppapp, 5406, 0, 0, 0, , 0, 0, 0, 0, 0, 
94, 1, 94, 94, -1, 152, 338, 12.0, 17, ABplpppapa, 7169, 0, 0, 0, , 0, 0, 0, 0, 0, 
95, 1, 95, 95, -1, 173, 345, 14.0, 15, ABplpppaap, 7528, 0, 0, 0, , 0, 0, 0, 0, 0, 
96, 1, 96, 96, -1, 187, 331, 14.0, 15, ABplpppaaa, 5932, 0, 0, 0, , 0, 0, 0, 0, 0, 
97, 1, 97, 97, -1, 192, 346, 16.0, 15, ABplppappp, 5454, 0, 0, 0, , 0, 0, 0, 0, 0, 
98, 1, 98, 98, -1, 212, 342, 16.0, 15, ABplppappa, 6475, 0, 0, 0, , 0, 0, 0, 0, 0, 
99, 1, 99, 99, -1, 246, 330, 16.0, 17, ABplppapaa, 7193, 0, 0, 0, , 0, 0, 0, 0, 0, 
100, 1, 100, 100, -1, 228, 338, 16.0, 15, ABplppapap, 6346, 0, 0, 0, , 0, 0, 0, 0, 0, 
101, 1, 101, 101, -1, 206, 333, 12.0, 15, ABplppaapp, 7525, 0, 0, 0, , 0, 0, 0, 0, 0, 
102, 1, 102, 102, -1, 259, 322, 19.0, 15, ABplppaaaa, 5876, 0, 0, 0, , 0, 0, 0, 0, 0, 
103, 1, 103, 103, -1, 262, 336, 19.0, 13, ABplppaaap, 5419, 0, 0, 0, , 0, 0, 0, 0, 0, 
104, 1, 104, 104, -1, 234, 275, 9.0, 23, ABplpappaa, 37861, 0, 0, 0, , 0, 0, 0, 0, 0, 
105, 1, 105, 105, -1, 213, 279, 11.0, 13, ABplpappap, 6414, 0, 0, 0, , 0, 0, 0, 0, 0, 
106, 1, 106, 106, -1, 172, 301, 10.0, 15, ABplpapppp, 7064, 0, 0, 0, , 0, 0, 0, 0, 0, 
107, 1, 107, 107, -1, 192, 290, 10.0, 17, ABplpapppa, 7591, 0, 0, 0, , 0, 0, 0, 0, 0, 
108, 1, 108, 108, -1, 208, 308, 10.0, 17, ABplpapapp, 7286, 0, 0, 0, , 0, 0, 0, 0, 0, 
109, 1, 109, 109, -1, 227, 307, 12.0, 15, ABplpapapa, 6527, 0, 0, 0, , 0, 0, 0, 0, 0, 
110, 1, 110, 110, -1, 242, 308, 14.0, 17, ABplpapaap, 6978, 0, 0, 0, , 0, 0, 0, 0, 0, 
111, 1, 111, 111, -1, 258, 298, 14.0, 15, ABplpapaaa, 6326, 0, 0, 0, , 0, 0, 0, 0, 0, 
112, 1, 112, 112, -1, 279, 314, 17.0, 17, ABplpaaaap, 9799, 0, 0, 0, , 0, 0, 0, 0, 0, 
113, 1, 113, 113, -1, 297, 299, 17.0, 17, ABplpaaaaa, 9037, 0, 0, 0, , 0, 0, 0, 0, 0, 
114, 1, 114, 114, -1, 302, 312, 19.0, 15, ABplpaaapa, 7018, 0, 0, 0, , 0, 0, 0, 0, 0, 
115, 1, 115, 115, -1, 281, 322, 20.0, 17, ABplpaaapp, 8030, 0, 0, 0, , 0, 0, 0, 0, 0, 
116, 1, 116, 116, -1, 276, 320, 26.0, 17, ABplpaappa, 7646, 0, 0, 0, , 0, 0, 0, 0, 0, 
117, 1, 117, 117, -1, 267, 335, 23.0, 17, ABplpaappp, 7470, 0, 0, 0, , 0, 0, 0, 0, 0, 
118, 1, 118, 118, -1, 306, 299, 22.0, 19, ABplpaapaa, 8610, 0, 0, 0, , 0, 0, 0, 0, 0, 
119, 1, 119, 119, -1, 293, 320, 23.0, 17, ABplpaapap, 7911, 0, 0, 0, , 0, 0, 0, 0, 0, 
120, 1, 120, 120, -1, 267, 317, 32.0, 19, ABplaappap, 18697, 0, 0, 0, , 0, 0, 0, 0, 0, 
121, 1, 121, 121, -1, 294, 314, 31.0, 17, ABplaappaa, 5996, 0, 0, 0, , 0, 0, 0, 0, 0, 
122, 1, 122, 122, -1, 251, 333, 28.0, 17, ABplaapppa, 7960, 0, 0, 0, , 0, 0, 0, 0, 0, 
123, 1, 123, 123, -1, 232, 346, 25.0, 19, ABplaapppp, 8895, 0, 0, 0, , 0, 0, 0, 0, 0, 
124, 1, 124, 124, -1, 337, 268, 32.0, 17, ABplaapaaa, 7586, 0, 0, 0, , 0, 0, 0, 0, 0, 
125, 1, 125, 125, -1, 318, 274, 34.0, 17, ABplaapaap, 8966, 0, 0, 0, , 0, 0, 0, 0, 0, 
126, 1, 126, 126, -1, 294, 284, 34.0, 17, ABplaapapp, 6895, 0, 0, 0, , 0, 0, 0, 0, 0, 
127, 1, 127, 127, -1, 313, 295, 31.0, 17, ABplaapapa, 7174, 0, 0, 0, , 0, 0, 0, 0, 0, 
128, 1, 128, 128, -1, 310, 242, 34.0, 15, ABplaaaaap, 6283, 0, 0, 0, , 0, 0, 0, 0, 0, 
129, 1, 129, 129, -1, 329, 236, 34.0, 15, ABplaaaaaa, 6294, 0, 0, 0, , 0, 0, 0, 0, 0, 
130, 1, 130, 130, -1, 272, 249, 33.0, 15, ABplaaaapp, 6028, 0, 0, 0, , 0, 0, 0, 0, 0, 
131, 1, 131, 131, -1, 292, 232, 35.0, 15, ABplaaaapa, 5538, 0, 0, 0, , 0, 0, 0, 0, 0, 
132, 1, 132, 132, -1, 244, 294, 35.0, 17, ABplaaappp, 6355, 0, 0, 0, , 0, 0, 0, 0, 0, 
133, 1, 133, 133, -1, 262, 284, 34.0, 17, ABplaaappa, 7310, 0, 0, 0, , 0, 0, 0, 0, 0, 
134, 1, 134, 134, -1, 277, 269, 34.0, 15, ABplaaapap, 6358, 0, 0, 0, , 0, 0, 0, 0, 0, 
135, 1, 135, 135, -1, 293, 265, 36.0, 15, ABplaaapaa, 6246, 0, 0, 0, , 0, 0, 0, 0, 0, 
136, 1, 136, 136, -1, 133, 353, 15.0, 15, ABplappppa, 5184, 0, 0, 0, , 0, 0, 0, 0, 0, 
137, 1, 137, 137, -1, 118, 340, 12.0, 17, ABplappppp, 6639, 0, 0, 0, , 0, 0, 0, 0, 0, 
138, 1, 138, 138, -1, 172, 351, 18.0, 15, ABplapppaa, 6655, 0, 0, 0, , 0, 0, 0, 0, 0, 
139, 1, 139, 139, -1, 152, 344, 16.0, 15, ABplapppap, 6323, 0, 0, 0, , 0, 0, 0, 0, 0, 
140, 1, 140, 140, -1, 211, 353, 23.0, 17, ABplappaaa, 7635, 0, 0, 0, , 0, 0, 0, 0, 0, 
141, 1, 141, 141, -1, 188, 356, 22.0, 17, ABplappaap, 7952, 0, 0, 0, , 0, 0, 0, 0, 0, 
142, 1, 142, 142, -1, 161, 358, 23.0, 17, ABplappapp, 7399, 0, 0, 0, , 0, 0, 0, 0, 0, 
143, 1, 143, 143, -1, 169, 355, 27.0, 19, ABplappapa, 7817, 0, 0, 0, , 0, 0, 0, 0, 0, 
144, 1, 144, 144, -1, 207, 350, 28.0, 15, ABplapaapp, 7800, 0, 0, 0, , 0, 0, 0, 0, 0, 
145, 1, 145, 145, -1, 222, 339, 32.0, 15, ABplapaapa, 5972, 0, 0, 0, , 0, 0, 0, 0, 0, 
146, 1, 146, 146, -1, 242, 311, 31.0, 15, ABplapaaaa, 6367, 0, 0, 0, , 0, 0, 0, 0, 0, 
147, 1, 147, 147, -1, 226, 320, 31.0, 15, ABplapaaap, 6001, 0, 0, 0, , 0, 0, 0, 0, 0, 
148, 1, 148, 148, -1, 110, 351, 17.0, 15, ABplapappp, 6478, 0, 0, 0, , 0, 0, 0, 0, 0, 
149, 1, 149, 149, -1, 134, 362, 23.0, 17, ABplapapap, 7354, 0, 0, 0, , 0, 0, 0, 0, 0, 
150, 1, 150, 150, -1, 126, 363, 20.0, 19, ABplapappa, 8013, 0, 0, 0, , 0, 0, 0, 0, 0, 
151, 1, 151, 151, -1, 137, 356, 28.0, 17, ABplapapaa, 7006, 0, 0, 0, , 0, 0, 0, 0, 0, 
152, 1, 152, 152, -1, 205, 214, 12.0, 15, ABprpapaaa, 4583, 0, 0, 0, , 0, 0, 0, 0, 0, 
153, 1, 153, 153, -1, 185, 209, 11.0, 15, ABprpapaap, 6379, 0, 0, 0, , 0, 0, 0, 0, 0, 
154, 1, 154, 154, -1, 165, 248, 10.0, 17, ABprpapapp, 6119, 0, 0, 0, , 0, 0, 0, 0, 0, 
155, 1, 155, 155, -1, 185, 242, 11.0, 17, ABprpapapa, 7182, 0, 0, 0, , 0, 0, 0, 0, 0, 
156, 1, 156, 156, -1, 154, 284, 12.0, 15, ABprpapppp, 6695, 0, 0, 0, , 0, 0, 0, 0, 0, 
157, 1, 157, 157, -1, 178, 267, 11.0, 17, ABprpapppa, 6542, 0, 0, 0, , 0, 0, 0, 0, 0, 
158, 1, 158, 158, -1, 196, 263, 10.0, 17, ABprpappap, 7652, 0, 0, 0, , 0, 0, 0, 0, 0, 
159, 1, 159, 159, -1, 213, 245, 10.0, 17, ABprpappaa, 8495, 0, 0, 0, , 0, 0, 0, 0, 0, 
160, 1, 160, 160, -1, 246, 181, 13.0, 15, ABprpaaaaa, 7885, 0, 0, 0, , 0, 0, 0, 0, 0, 
161, 1, 161, 161, -1, 225, 178, 11.0, 17, ABprpaaaap, 7858, 0, 0, 0, , 0, 0, 0, 0, 0, 
162, 1, 162, 162, -1, 211, 180, 15.0, 17, ABprpaaapp, 6295, 0, 0, 0, , 0, 0, 0, 0, 0, 
163, 1, 163, 163, -1, 232, 180, 16.0, 15, ABprpaaapa, 7650, 0, 0, 0, , 0, 0, 0, 0, 0, 
164, 1, 164, 164, -1, 245, 171, 17.0, 17, ABprpaapaa, 7534, 0, 0, 0, , 0, 0, 0, 0, 0, 
165, 1, 165, 165, -1, 218, 169, 18.0, 17, ABprpaapap, 7308, 0, 0, 0, , 0, 0, 0, 0, 0, 
166, 1, 166, 166, -1, 194, 172, 16.0, 15, ABprpaappp, 7752, 0, 0, 0, , 0, 0, 0, 0, 0, 
167, 1, 167, 167, -1, 206, 174, 21.0, 17, ABprpaappa, 6649, 0, 0, 0, , 0, 0, 0, 0, 0, 
168, 1, 168, 168, -1, 110, 247, 11.0, 15, ABprpppaap, 5828, 0, 0, 0, , 0, 0, 0, 0, 0, 
169, 1, 169, 169, -1, 129, 233, 11.0, 17, ABprpppaaa, 7112, 0, 0, 0, , 0, 0, 0, 0, 0, 
170, 1, 170, 170, -1, 107, 269, 11.0, 17, ABprpppapa, 5256, 0, 0, 0, , 0, 0, 0, 0, 0, 
171, 1, 171, 171, -1, 115, 282, 10.0, 13, ABprpppapp, 5900, 0, 0, 0, , 0, 0, 0, 0, 0, 
172, 1, 172, 172, -1, 132, 257, 11.0, 17, ABprppppap, 8285, 0, 0, 0, , 0, 0, 0, 0, 0, 
173, 1, 173, 173, -1, 152, 254, 11.0, 15, ABprppppaa, 6119, 0, 0, 0, , 0, 0, 0, 0, 0, 
174, 1, 174, 174, -1, 127, 297, 11.0, 15, ABprpppppp, 5893, 0, 0, 0, , 0, 0, 0, 0, 0, 
175, 1, 175, 175, -1, 135, 279, 11.0, 15, ABprpppppa, 6095, 0, 0, 0, , 0, 0, 0, 0, 0, 
176, 1, 176, 176, -1, 168, 227, 11.0, 15, ABprppaapa, 5630, 0, 0, 0, , 0, 0, 0, 0, 0, 
177, 1, 177, 177, -1, 150, 231, 11.0, 15, ABprppaapp, 6029, 0, 0, 0, , 0, 0, 0, 0, 0, 
178, 1, 178, 178, -1, 195, 189, 11.0, 17, ABprppaaaa, 7409, 0, 0, 0, , 0, 0, 0, 0, 0, 
179, 1, 179, 179, -1, 180, 187, 14.0, 13, ABprppaaap, 6303, 0, 0, 0, , 0, 0, 0, 0, 0, 
180, 1, 180, 180, -1, 170, 200, 12.0, 15, ABprppapaa, 5907, 0, 0, 0, , 0, 0, 0, 0, 0, 
181, 1, 181, 181, -1, 154, 206, 12.0, 15, ABprppapap, 6326, 0, 0, 0, , 0, 0, 0, 0, 0, 
182, 1, 182, 182, -1, 120, 222, 13.0, 15, ABprppappp, 6892, 0, 0, 0, , 0, 0, 0, 0, 0, 
183, 1, 183, 183, -1, 142, 213, 12.0, 15, ABprppappa, 5718, 0, 0, 0, , 0, 0, 0, 0, 0, 
184, 1, 184, 184, -1, 293, 169, 32.0, 17, ABpraapaaa, 7243, 0, 0, 0, , 0, 0, 0, 0, 0, 
185, 1, 185, 185, -1, 267, 168, 30.0, 17, ABpraapaap, 7892, 0, 0, 0, , 0, 0, 0, 0, 0, 
186, 1, 186, 186, -1, 247, 166, 28.0, 15, ABpraapapa, 8065, 0, 0, 0, , 0, 0, 0, 0, 0, 
187, 1, 187, 187, -1, 228, 179, 29.0, 17, ABpraapapp, 8511, 0, 0, 0, , 0, 0, 0, 0, 0, 
188, 1, 188, 188, -1, 151, 193, 18.0, 17, ABpraapppp, 6727, 0, 0, 0, , 0, 0, 0, 0, 0, 
189, 1, 189, 189, -1, 174, 182, 20.0, 17, ABpraapppa, 7341, 0, 0, 0, , 0, 0, 0, 0, 0, 
190, 1, 190, 190, -1, 191, 175, 25.0, 17, ABpraappap, 6602, 0, 0, 0, , 0, 0, 0, 0, 0, 
191, 1, 191, 191, -1, 212, 164, 25.0, 15, ABpraappaa, 5617, 0, 0, 0, , 0, 0, 0, 0, 0, 
192, 1, 192, 192, -1, 264, 163, 25.0, 15, ABpraaapap, 6523, 0, 0, 0, , 0, 0, 0, 0, 0, 
193, 1, 193, 193, -1, 280, 170, 24.0, 15, ABpraaapaa, 5936, 0, 0, 0, , 0, 0, 0, 0, 0, 
194, 1, 194, 194, -1, 247, 168, 24.0, 15, ABpraaappa, 6622, 0, 0, 0, , 0, 0, 0, 0, 0, 
195, 1, 195, 195, -1, 227, 175, 25.0, 16, ABpraaappp, 5234, 0, 0, 0, , 0, 0, 0, 0, 0, 
196, 1, 196, 196, -1, 270, 157, 21.0, 17, ABpraaaaap, 7195, 0, 0, 0, , 0, 0, 0, 0, 0, 
197, 1, 197, 197, -1, 282, 163, 19.0, 15, ABpraaaaaa, 7176, 0, 0, 0, , 0, 0, 0, 0, 0, 
198, 1, 198, 198, -1, 259, 163, 19.0, 15, ABpraaaapa, 6131, 0, 0, 0, , 0, 0, 0, 0, 0, 
199, 1, 199, 199, -1, 238, 160, 21.0, 17, ABpraaaapp, 7542, 0, 0, 0, , 0, 0, 0, 0, 0, 
200, 1, 200, 200, -1, 97, 233, 20.0, 17, ABprappapp, 7304, 0, 0, 0, , 0, 0, 0, 0, 0, 
201, 1, 201, 201, -1, 111, 223, 24.0, 15, ABprappapa, 5675, 0, 0, 0, , 0, 0, 0, 0, 0, 
202, 1, 202, 202, -1, 117, 218, 19.0, 17, ABprappaap, 7178, 0, 0, 0, , 0, 0, 0, 0, 0, 
203, 1, 203, 203, -1, 134, 207, 17.0, 17, ABprappaaa, 6951, 0, 0, 0, , 0, 0, 0, 0, 0, 
204, 1, 204, 204, -1, 107, 236, 16.0, 15, ABprapppaa, 6382, 0, 0, 0, , 0, 0, 0, 0, 0, 
205, 1, 205, 205, -1, 97, 253, 14.0, 15, ABprapppap, 6095, 0, 0, 0, , 0, 0, 0, 0, 0, 
206, 1, 206, 206, -1, 84, 285, 12.0, 15, ABprappppp, 6723, 0, 0, 0, , 0, 0, 0, 0, 0, 
207, 1, 207, 207, -1, 87, 264, 13.0, 17, ABprappppa, 6499, 0, 0, 0, , 0, 0, 0, 0, 0, 
208, 1, 208, 208, -1, 171, 200, 27.0, 15, ABprapaaap, 7409, 0, 0, 0, , 0, 0, 0, 0, 0, 
209, 1, 209, 209, -1, 189, 196, 27.0, 15, ABprapaaaa, 7317, 0, 0, 0, , 0, 0, 0, 0, 0, 
210, 1, 210, 210, -1, 137, 203, 22.0, 17, ABprapaapp, 7482, 0, 0, 0, , 0, 0, 0, 0, 0, 
211, 1, 211, 211, -1, 156, 192, 24.0, 15, ABprapaapa, 6074, 0, 0, 0, , 0, 0, 0, 0, 0, 
212, 1, 212, 212, -1, 76, 253, 18.0, 17, ABprapappa, 7200, 0, 0, 0, , 0, 0, 0, 0, 0, 
213, 1, 213, 213, -1, 73, 271, 16.0, 15, ABprapappp, 5369, 0, 0, 0, , 0, 0, 0, 0, 0, 
214, 1, 214, 214, -1, 83, 253, 22.0, 15, ABprapapap, 7173, 0, 0, 0, , 0, 0, 0, 0, 0, 
215, 1, 215, 215, -1, 93, 248, 26.0, 17, ABprapapaa, 8570, 0, 0, 0, , 0, 0, 0, 0, 0, 
216, 1, 216, 216, 217, 220, 198, 20.0, 17, MSppppa, 9959, 0, 0, 0, , 0, 0, 0, 0, 0, 
217, 1, 217, 218, -1, 204, 211, 26.0, 17, MSppppp, 9057, 0, 0, 0, , 0, 0, 0, 0, 0, 
218, 1, 218, 219, 220, 216, 224, 17.0, 19, MSpppaa, 6864, 0, 0, 0, , 0, 0, 0, 0, 0, 
219, 1, 219, 221, -1, 197, 207, 15.0, 19, MSpppap, 6145, 0, 0, 0, , 0, 0, 0, 0, 0, 
220, 1, 220, 222, -1, 244, 202, 17.0, 17, MSppaap, 7601, 0, 0, 0, , 0, 0, 0, 0, 0, 
221, 1, 221, 223, -1, 278, 192, 15.0, 15, MSppaaaa, 5410, 0, 0, 0, , 0, 0, 0, 0, 0, 
222, 1, 222, 224, -1, 267, 191, 19.0, 17, MSppaaap, 4929, 0, 0, 0, , 0, 0, 0, 0, 0, 
223, 1, 223, 225, -1, 255, 189, 26.0, 15, MSppappa, 4689, 0, 0, 0, , 0, 0, 0, 0, 0, 
224, 1, 224, 226, -1, 262, 181, 21.0, 15, MSppapaa, 4633, 0, 0, 0, , 0, 0, 0, 0, 0, 
225, 1, 225, 227, -1, 243, 190, 21.0, 15, MSppapap, 5511, 0, 0, 0, , 0, 0, 0, 0, 0, 
226, 1, 226, 228, -1, 200, 266, 16.0, 17, MSpapapp, 7091, 0, 0, 0, , 0, 0, 0, 0, 0, 
227, 1, 227, 229, -1, 217, 251, 16.0, 15, MSpapapa, 5154, 0, 0, 0, , 0, 0, 0, 0, 0, 
228, 1, 228, 230, -1, 249, 247, 17.0, 15, MSpapaaa, 6301, 0, 0, 0, , 0, 0, 0, 0, 0, 
229, 1, 229, 231, -1, 227, 243, 20.0, 19, MSpapaap, 8172, 0, 0, 0, , 0, 0, 0, 0, 0, 
230, 1, 230, 232, -1, 182, 287, 14.0, 23, MSpappa, 43533, 0, 0, 0, , 0, 0, 0, 0, 0, 
231, 1, 231, 233, -1, 165, 271, 15.0, 15, MSpapppp, 4581, 0, 0, 0, , 0, 0, 0, 0, 0, 
232, 1, 232, 234, -1, 181, 239, 16.0, 15, MSpapppa, 5192, 0, 0, 0, , 0, 0, 0, 0, 0, 
233, 1, 233, 235, -1, 265, 222, 28.0, 19, MSpaaapp, 9729, 0, 0, 0, , 0, 0, 0, 0, 0, 
234, 1, 234, 236, -1, 287, 211, 29.0, 15, MSpaaapa, 6749, 0, 0, 0, , 0, 0, 0, 0, 0, 
235, 1, 235, 237, -1, 301, 205, 24.0, 19, MSpaaaap, 9440, 0, 0, 0, , 0, 0, 0, 0, 0, 
236, 1, 236, 238, -1, 321, 192, 21.0, 15, MSpaaaaa, 6097, 0, 0, 0, , 0, 0, 0, 0, 0, 
237, 1, 237, 239, -1, 257, 210, 23.0, 19, MSpaapap, 14294, 0, 0, 0, , 0, 0, 0, 0, 0, 
238, 1, 238, 240, -1, 281, 202, 22.0, 17, MSpaapaa, 6413, 0, 0, 0, , 0, 0, 0, 0, 0, 
239, 1, 239, 241, -1, 205, 239, 26.0, 19, Earap, 9166, 0, 0, 0, , 0, 0, 0, 0, 0, 
240, 1, 240, 242, -1, 271, 294, 23.0, 13, MSapppaa, 4253, 0, 0, 0, , 0, 0, 0, 0, 0, 
241, 1, 241, 243, -1, 251, 302, 27.0, 13, MSapppap, 3113, 0, 0, 0, , 0, 0, 0, 0, 0, 
242, 1, 242, 244, -1, 228, 297, 28.0, 17, MSapppp, 6561, 0, 0, 0, , 0, 0, 0, 0, 0, 
243, 1, 243, 245, -1, 250, 292, 22.0, 15, MSappaa, 8176, 0, 0, 0, , 0, 0, 0, 0, 0, 
244, 1, 244, 246, -1, 243, 309, 19.0, 17, MSappap, 6337, 0, 0, 0, , 0, 0, 0, 0, 0, 
245, 1, 245, 247, -1, 290, 264, 27.0, 15, MSapappa, 5964, 0, 0, 0, , 0, 0, 0, 0, 0, 
246, 1, 246, 248, -1, 260, 283, 28.0, 15, MSapappp, 6391, 0, 0, 0, , 0, 0, 0, 0, 0, 
247, 1, 247, 249, -1, 285, 282, 23.0, 15, MSapapap, 5901, 0, 0, 0, , 0, 0, 0, 0, 0, 
248, 1, 248, 250, -1, 306, 268, 23.0, 15, MSapapaa, 6068, 0, 0, 0, , 0, 0, 0, 0, 0, 
249, 1, 249, 251, -1, 285, 283, 19.0, 19, MSapaap, 9447, 0, 0, 0, , 0, 0, 0, 0, 0, 
250, 1, 250, 252, -1, 334, 250, 19.0, 15, MSapaaaa, 5017, 0, 0, 0, , 0, 0, 0, 0, 0, 
251, 1, 251, 253, -1, 316, 261, 20.0, 15, MSapaaap, 5951, 0, 0, 0, , 0, 0, 0, 0, 0, 
252, 1, 252, 254, -1, 321, 218, 27.0, 19, MSaaaaap, 7952, 0, 0, 0, , 0, 0, 0, 0, 0, 
253, 1, 253, 255, -1, 338, 213, 22.0, 15, MSaaaaaa, 4721, 0, 0, 0, , 0, 0, 0, 0, 0, 
254, 1, 254, 256, -1, 302, 226, 30.0, 15, MSaaaapa, 5185, 0, 0, 0, , 0, 0, 0, 0, 0, 
255, 1, 255, 257, -1, 282, 242, 29.0, 15, MSaaaapp, 6968, 0, 0, 0, , 0, 0, 0, 0, 0, 
256, 1, 256, 258, -1, 284, 241, 24.0, 17, MSaaapap, 6911, 0, 0, 0, , 0, 0, 0, 0, 0, 
257, 1, 257, 259, -1, 306, 239, 26.0, 19, MSaaapaa, 8282, 0, 0, 0, , 0, 0, 0, 0, 0, 
258, 1, 258, 260, -1, 272, 253, 27.0, 13, MSaaappa, 3671, 0, 0, 0, , 0, 0, 0, 0, 0, 
259, 1, 259, 261, -1, 254, 241, 27.0, 13, MSaaappp, 4349, 0, 0, 0, , 0, 0, 0, 0, 0, 
260, 1, 260, 262, -1, 206, 309, 16.0, 19, MSaappp, 10711, 0, 0, 0, , 0, 0, 0, 0, 0, 
261, 1, 261, 263, -1, 211, 286, 14.0, 17, MSaappa, 7591, 0, 0, 0, , 0, 0, 0, 0, 0, 
262, 1, 262, 264, -1, 268, 266, 19.0, 17, MSaapaaa, 7839, 0, 0, 0, , 0, 0, 0, 0, 0, 
263, 1, 263, 265, -1, 225, 282, 19.0, 17, MSaapapp, 6963, 0, 0, 0, , 0, 0, 0, 0, 0, 
264, 1, 264, 266, -1, 247, 268, 18.0, 15, MSaapapa, 5430, 0, 0, 0, , 0, 0, 0, 0, 0, 
265, 1, 265, 267, -1, 227, 276, 24.0, 19, Ealpa, 21333, 0, 0, 0, , 0, 0, 0, 0, 0, 
266, 1, 266, 268, -1, 193, 286, 22.0, 17, Ealpp, 8979, 0, 0, 0, , 0, 0, 0, 0, 0, 
267, 1, 267, 269, -1, 136, 299, 24.0, 19, Eplpa, 11242, 0, 0, 0, , 0, 0, 0, 0, 0, 
268, 1, 268, 270, -1, 147, 337, 21.0, 17, Cappap, 6502, 0, 0, 0, , 0, 0, 0, 0, 0, 
269, 1, 269, 271, -1, 161, 321, 23.0, 17, Cappaa, 6955, 0, 0, 0, , 0, 0, 0, 0, 0, 
270, 1, 270, 272, -1, 129, 341, 19.0, 17, Capppa, 6204, 0, 0, 0, , 0, 0, 0, 0, 0, 
271, 1, 271, 273, -1, 120, 318, 14.0, 17, Capppp, 5280, 0, 0, 0, , 0, 0, 0, 0, 0, 
272, 1, 272, 274, -1, 166, 319, 20.0, 17, Capapa, 7389, 0, 0, 0, , 0, 0, 0, 0, 0, 
273, 1, 273, 275, -1, 139, 322, 14.0, 15, Capapp, 5847, 0, 0, 0, , 0, 0, 0, 0, 0, 
274, 1, 274, 276, -1, 166, 310, 16.0, 17, Capaap, 7581, 0, 0, 0, , 0, 0, 0, 0, 0, 
275, 1, 275, 277, -1, 192, 319, 20.0, 19, Capaaa, 7419, 0, 0, 0, , 0, 0, 0, 0, 0, 
276, 1, 276, 278, -1, 85, 331, 25.0, 19, Caaapp, 19173, 0, 0, 0, , 0, 0, 0, 0, 0, 
277, 1, 277, 279, -1, 93, 332, 15.0, 19, Caappd, 6624, 0, 0, 0, , 0, 0, 0, 0, 0, 
278, 1, 278, 280, -1, 87, 318, 11.0, 17, Caappv, 4282, 0, 0, 0, , 0, 0, 0, 0, 0, 
279, 1, 279, 281, -1, 104, 314, 11.0, 19, Caapa, 8520, 0, 0, 0, , 0, 0, 0, 0, 0, 
280, 1, 280, 282, -1, 69, 298, 17.0, 19, Cpappd, 7457, 0, 0, 0, , 0, 0, 0, 0, 0, 
281, 1, 281, 283, -1, 81, 305, 12.0, 15, Cpappv, 4845, 0, 0, 0, , 0, 0, 0, 0, 0, 
282, 1, 282, 284, -1, 77, 329, 19.0, 19, Cpapaa, 8675, 0, 0, 0, , 0, 0, 0, 0, 0, 
283, 1, 283, 285, -1, 81, 301, 28.0, 21, Cpaapp, 13243, 0, 0, 0, , 0, 0, 0, 0, 0, 
284, 1, 284, 286, -1, 144, 264, 16.0, 17, Cppaap, 6950, 0, 0, 0, , 0, 0, 0, 0, 0, 
285, 1, 285, 287, -1, 154, 235, 17.0, 17, Cppaaa, 7456, 0, 0, 0, , 0, 0, 0, 0, 0, 
286, 1, 286, 288, -1, 131, 243, 18.0, 17, Cppapa, 8478, 0, 0, 0, , 0, 0, 0, 0, 0, 
287, 1, 287, 289, -1, 121, 267, 15.0, 19, Cppapp, 5608, 0, 0, 0, , 0, 0, 0, 0, 0, 
288, 1, 288, 290, -1, 127, 242, 23.0, 17, Cpppaa, 8763, 0, 0, 0, , 0, 0, 0, 0, 0, 
289, 1, 289, 291, -1, 113, 260, 19.0, 19, Cpppap, 10352, 0, 0, 0, , 0, 0, 0, 0, 0, 
290, 1, 290, 292, -1, 220, 318, 22.0, 19, Daap, 10657, 0, 0, 0, , 0, 0, 0, 0, 0, 
291, 1, 291, 293, -1, 240, 316, 24.0, 17, Daaa, 9024, 0, 0, 0, , 0, 0, 0, 0, 0, 
292, 1, 292, 294, -1, 183, 325, 25.0, 19, Dapp, 10535, 0, 0, 0, , 0, 0, 0, 0, 0, 
293, 1, 293, 295, -1, 184, 219, 17.0, 17, Dpap, 8112, 0, 0, 0, , 0, 0, 0, 0, 0, 
294, 1, 294, 296, -1, 196, 202, 20.0, 19, Dpaa, 8473, 0, 0, 0, , 0, 0, 0, 0, 0, 
295, 1, 295, 297, -1, 153, 234, 23.0, 17, Dppp, 11011, 0, 0, 0, , 0, 0, 0, 0, 0, 
296, 1, 296, 298, -1, 165, 213, 20.0, 19, Dppa, 9004, 0, 0, 0, , 0, 0, 0, 0, 0, 
297, 1, 297, 299, -1, 185, 289, 16.0, 19, Z3, 18212, 0, 0, 0, , 0, 0, 0, 0, 0, 
298, 1, 298, 300, -1, 152, 287, 18.0, 21, Z2, 12460, 0, 0, 0, , 0, 0, 0, 0, 0, 
299, 0, 299, -1, -1, 381, 244, 24.0, 15, , 9094, 0, 0, 0, , 0, 0, 0, 0, 0, 
300, 1, 300, 302, -1, 320, 300, 25.0, 17, ABalpppapp, 7245, 0, 0, 0, , 0, 0, 0, 0, 0, 
301, 1, 301, 303, -1, 302, 295, 25.0, 17, ABalpppppa, 8804, 0, 0, 0, , 0, 0, 0, 0, 0, 
302, 1, 302, 304, 305, 284, 301, 29.0, 15, ABalpppppp, 7155, 0, 0, 0, , 0, 0, 0, 0, 0, 
303, 1, 303, 306, -1, 316, 278, 29.0, 17, ABalppppap, 6824, 0, 0, 0, , 0, 0, 0, 0, 0, 
304, 1, 304, 307, -1, 327, 276, 24.0, 15, ABalppppaa, 7156, 0, 0, 0, , 0, 0, 0, 0, 0, 
305, 1, 305, 308, -1, 348, 280, 22.0, 15, ABalpppaaa, 6395, 0, 0, 0, , 0, 0, 0, 0, 0, 
306, 1, 306, 309, -1, 340, 285, 28.0, 15, ABalpppaap, 7109, 0, 0, 0, , 0, 0, 0, 0, 0, 
307, 1, 307, 310, -1, 327, 294, 21.0, 15, ABalpppapa, 11248, 0, 0, 0, , 0, 0, 0, 0, 0, 
308, 1, 308, 311, -1, 352, 251, 19.0, 13, ABalppaaaa, 6029, 0, 0, 0, , 0, 0, 0, 0, 0, 
309, 1, 309, 312, -1, 350, 265, 18.0, 15, ABalppaaap, 5553, 0, 0, 0, , 0, 0, 0, 0, 0, 
310, 1, 310, 313, -1, 326, 292, 18.0, 17, ABalppaapp, 8301, 0, 0, 0, , 0, 0, 0, 0, 0, 
311, 1, 311, 314, -1, 333, 282, 17.0, 13, ABalppaapa, 5772, 0, 0, 0, , 0, 0, 0, 0, 0, 
312, 1, 312, 315, -1, 275, 313, 13.0, 17, ABalppappp, 10022, 0, 0, 0, , 0, 0, 0, 0, 0, 
313, 1, 313, 316, -1, 290, 297, 14.0, 19, ABalppappa, 7846, 0, 0, 0, , 0, 0, 0, 0, 0, 
314, 1, 314, 317, -1, 296, 294, 11.0, 15, ABalppapap, 6219, 0, 0, 0, , 0, 0, 0, 0, 0, 
315, 1, 315, 318, -1, 309, 282, 11.0, 15, ABalppapaa, 8349, 0, 0, 0, , 0, 0, 0, 0, 0, 
316, 1, 316, 319, -1, 276, 291, 10.0, 17, ABalpapapa, 8223, 0, 0, 0, , 0, 0, 0, 0, 0, 
317, 1, 317, 320, -1, 257, 311, 11.0, 17, ABalpapapp, 9663, 0, 0, 0, , 0, 0, 0, 0, 0, 
318, 1, 318, 321, -1, 285, 273, 10.0, 15, ABalpapaap, 7723, 0, 0, 0, , 0, 0, 0, 0, 0, 
319, 1, 319, 322, -1, 303, 259, 10.0, 15, ABalpapaaa, 8946, 0, 0, 0, , 0, 0, 0, 0, 0, 
320, 1, 320, 323, -1, 262, 264, 10.0, 19, ABalpappap, 7175, 0, 0, 0, , 0, 0, 0, 0, 0, 
321, 1, 321, 324, -1, 283, 252, 11.0, 15, ABalpappaa, 8165, 0, 0, 0, , 0, 0, 0, 0, 0, 
322, 1, 322, 325, -1, 235, 279, 15.0, 15, ABalpappppp, 4494, 0, 0, 0, , 0, 0, 0, 0, 0, 
323, 1, 323, 326, -1, 264, 274, 15.0, 13, ABalpappppa, 4823, 0, 0, 0, , 0, 0, 0, 0, 0, 
324, 1, 324, 327, -1, 279, 265, 15.0, 17, ABalpapppa, 7905, 0, 0, 0, , 0, 0, 0, 0, 0, 
325, 1, 325, 328, -1, 295, 262, 17.0, 15, ABalpaaapp, 7055, 0, 0, 0, , 0, 0, 0, 0, 0, 
326, 1, 326, 329, -1, 298, 248, 14.0, 15, ABalpaaapa, 7555, 0, 0, 0, , 0, 0, 0, 0, 0, 
327, 1, 327, 330, -1, 307, 239, 10.0, 15, ABalpaaaap, 5970, 0, 0, 0, , 0, 0, 0, 0, 0, 
328, 1, 328, 331, -1, 328, 238, 11.0, 15, ABalpaaaaa, 7799, 0, 0, 0, , 0, 0, 0, 0, 0, 
329, 1, 329, 332, -1, 314, 270, 14.0, 15, ABalpaappp, 8053, 0, 0, 0, , 0, 0, 0, 0, 0, 
330, 1, 330, 333, -1, 331, 256, 11.0, 17, ABalpaappa, 7981, 0, 0, 0, , 0, 0, 0, 0, 0, 
331, 1, 331, 334, -1, 311, 241, 15.0, 19, ABalpaapap, 7021, 0, 0, 0, , 0, 0, 0, 0, 0, 
332, 1, 332, 335, -1, 333, 227, 16.0, 15, ABalpaapaa, 5911, 0, 0, 0, , 0, 0, 0, 0, 0, 
333, 1, 333, 336, -1, 179, 242, 27.0, 19, Epraa, 28686, 0, 0, 0, , 0, 0, 0, 0, 0, 
334, 1, 334, 337, -1, 149, 261, 26.0, 21, Eprap, 31587, 0, 0, 0, , 0, 0, 0, 0, 0, 
335, 1, 335, 338, -1, 226, 220, 24.0, 13, MSpaapp, 6008, 0, 0, 0, , 0, 0, 0, 0, 0, 
336, 1, 336, 339, -1, 170, 257, 21.0, 21, Earpp, 24836, 0, 0, 0, , 0, 0, 0, 0, 0, 
337, 1, 337, 340, -1, 207, 267, 28.0, 19, Ealap, 9822, 0, 0, 0, , 0, 0, 0, 0, 0, 
338, 1, 338, 341, -1, 247, 259, 28.0, 21, Ealaa, 27418, 0, 0, 0, , 0, 0, 0, 0, 0, 
339, 1, 339, 342, -1, 186, 273, 28.0, 19, Eplaa, 12775, 0, 0, 0, , 0, 0, 0, 0, 0, 
340, 1, 340, 343, -1, 154, 293, 27.0, 21, Eplap, 10902, 0, 0, 0, , 0, 0, 0, 0, 0, 
341, 1, 341, 344, -1, 121, 290, 20.0, 19, Eprpp, 11134, 0, 0, 0, , 0, 0, 0, 0, 0, 
342, 1, 342, 345, -1, 208, 324, 27.0, 19, Dapa, 11033, 0, 0, 0, , 0, 0, 0, 0, 0, 
343, 1, 343, 346, -1, 251, 264, 23.0, 19, MSaapaap, 8733, 0, 0, 0, , 0, 0, 0, 0, 0, 
344, 1, 344, 347, -1, 136, 226, 31.0, 15, ABarpppapp, 5829, 0, 0, 0, , 0, 0, 0, 0, 0, 
345, 1, 345, 348, -1, 229, 327, 12.0, 15, ABplppaapa, 7437, 0, 0, 0, , 0, 0, 0, 0, 0, 
346, 1, 346, 349, -1, 68, 300, 22.0, 17, Cpapap, 8169, 0, 0, 0, , 0, 0, 0, 0, 0, 
347, 1, 347, 350, -1, 244, 227, 24.0, 17, Earaa, 11399, 0, 0, 0, , 0, 0, 0, 0, 0, 
348, 1, 348, 351, -1, 348, 244, 15.0, 15, ABalaaaala, 5576, 0, 0, 0, , 0, 0, 0, 0, 0, 
349, 1, 349, 352, -1, 249, 189, 35.0, 15, ABarpappaa, 5116, 0, 0, 0, , 0, 0, 0, 0, 0, 
350, 1, 350, 353, -1, 346, 189, 23.0, 13, ABalappaaa, 4726, 0, 0, 0, , 0, 0, 0, 0, 0, 
351, 1, 351, 354, -1, 94, 272, 18.0, 17, Cppppa, 7138, 0, 0, 0, , 0, 0, 0, 0, 0, 
352, 1, 352, 355, -1, 106, 298, 15.0, 19, Cppppp, 8447, 0, 0, 0, , 0, 0, 0, 0, 0, 
353, 1, 353, 356, -1, 268, 170, 16.0, 17, ABalaapapp, 7159, 0, 0, 0, , 0, 0, 0, 0, 0, 
354, 1, 354, 357, -1, 169, 223, 35.0, 19, ABarpppapa, 3879, 0, 0, 0, , 0, 0, 0, 0, 0, 
355, 1, 355, 358, -1, 203, 246, 20.0, 21, Earpa, 9740, 0, 0, 0, , 0, 0, 0, 0, 0, 
356, 1, 356, 359, -1, 124, 315, 20.0, 21, Eplpp, 11529, 0, 0, 0, , 0, 0, 0, 0, 0, 
357, 1, 357, 360, -1, 232, 200, 27.0, 15, MSppappp, 6552, 0, 0, 0, , 0, 0, 0, 0, 0, 
358, 1, 358, 361, -1, 132, 272, 25.0, 19, Eprpa, 10357, 0, 0, 0, , 0, 0, 0, 0, 0, 
359, 1, 359, 362, -1, 211, 238, 34.0, 17, ABarpaappa, 4900, 0, 0, 0, , 0, 0, 0, 0, 0, 
360, 1, 360, 363, -1, 192, 304, 34.0, 19, ABarppaapa, 5323, 0, 0, 0, , 0, 0, 0, 0, 0, 
361, 1, 361, 364, -1, 119, 257, 34.0, 19, Cpaaap, 4011, 0, 0, 0, , 0, 0, 0, 0, 0, 
362, 1, 362, 365, -1, 154, 248, 33.0, 17, Cpaaaa, 1885, 0, 0, 0, , 0, 0, 0, 0, 0, 
363, 1, 364, 366, -1, 110, 326, 32.0, 21, Caaapa, 6116, 0, 0, 0, , 0, 0, 0, 0, 0, 
364, 1, 363, 367, -1, 101, 278, 33.0, 21, Cpaapa, 2350, 0, 0, 0, , 0, 0, 0, 0, 0, 
365, 1, 365, 368, -1, 127, 301, 33.0, 15, Caaaap, 0, 0, 0, 0, , 0, 0, 0, 0, 0, 
366, 1, 366, 369, -1, 162, 303, 33.0, 19, Caaaaa, 1825, 0, 0, 0, , 0, 0, 0, 0, 0, 
