1, 1, 1, 1, -1, 308, 206, 21.0, 17, ABaraappaa, 6993, 0, 0, 0, , 0, 0, 0, 0, 0, 
2, 1, 2, 2, -1, 286, 211, 19.0, 17, ABaraappap, 10433, 0, 0, 0, , 0, 0, 0, 0, 0, 
3, 1, 3, 3, -1, 268, 225, 19.0, 19, ABaraapppa, 11800, 0, 0, 0, , 0, 0, 0, 0, 0, 
4, 1, 4, 4, -1, 245, 223, 20.0, 15, ABaraapppp, 8670, 0, 0, 0, , 0, 0, 0, 0, 0, 
5, 1, 5, 5, -1, 274, 262, 23.0, 15, ABaraapapp, 9041, 0, 0, 0, , 0, 0, 0, 0, 0, 
6, 1, 6, 6, -1, 286, 253, 20.0, 19, ABaraapapa, 11710, 0, 0, 0, , 0, 0, 0, 0, 0, 
7, 1, 7, 7, -1, 320, 221, 20.0, 15, ABaraapaaa, 9210, 0, 0, 0, , 0, 0, 0, 0, 0, 
8, 1, 8, 8, -1, 303, 235, 22.0, 19, ABaraapaap, 12912, 0, 0, 0, , 0, 0, 0, 0, 0, 
9, 1, 9, 9, -1, 300, 201, 11.0, 15, ABaraaappa, 7360, 0, 0, 0, , 0, 0, 0, 0, 0, 
10, 1, 10, 10, -1, 280, 205, 10.0, 15, ABaraaappp, 7262, 0, 0, 0, , 0, 0, 0, 0, 0, 
11, 1, 11, 11, -1, 321, 211, 16.0, 15, ABaraaapaa, 6907, 0, 0, 0, , 0, 0, 0, 0, 0, 
12, 1, 12, 12, -1, 304, 221, 16.0, 16, ABaraaapap, 6496, 0, 0, 0, , 0, 0, 0, 0, 0, 
13, 1, 13, 13, -1, 338, 215, 14.0, 15, ABaraaaaaa, 6166, 0, 0, 0, , 0, 0, 0, 0, 0, 
14, 1, 14, 14, -1, 315, 197, 14.0, 15, ABaraaaaap, 5961, 0, 0, 0, , 0, 0, 0, 0, 0, 
15, 1, 15, 15, -1, 324, 223, 24.0, 15, ABaraaaapp, 7174, 0, 0, 0, , 0, 0, 0, 0, 0, 
16, 1, 16, 16, -1, 331, 203, 20.0, 15, ABaraaaapa, 6288, 0, 0, 0, , 0, 0, 0, 0, 0, 
17, 1, 17, 17, -1, 245, 245, 10.0, 17, ABarapapap, 9733, 0, 0, 0, , 0, 0, 0, 0, 0, 
18, 1, 18, 18, -1, 264, 235, 11.0, 15, ABarapapaa, 9693, 0, 0, 0, , 0, 0, 0, 0, 0, 
19, 1, 19, 19, -1, 207, 254, 14.0, 15, ABarapapppp, 5917, 0, 0, 0, , 0, 0, 0, 0, 0, 
20, 1, 20, 20, -1, 234, 241, 13.0, 13, ABarapapppa, 5668, 0, 0, 0, , 0, 0, 0, 0, 0, 
21, 1, 21, 21, -1, 251, 232, 14.0, 15, ABarapappa, 7844, 0, 0, 0, , 0, 0, 0, 0, 0, 
22, 1, 22, 22, -1, 277, 234, 9.0, 15, ABarapaaap, 9876, 0, 0, 0, , 0, 0, 0, 0, 0, 
23, 1, 23, 23, -1, 294, 227, 11.0, 17, ABarapaaaa, 9093, 0, 0, 0, , 0, 0, 0, 0, 0, 
24, 1, 24, 24, -1, 288, 218, 14.0, 15, ABarapaapa, 8543, 0, 0, 0, , 0, 0, 0, 0, 0, 
25, 1, 25, 25, -1, 268, 227, 15.0, 19, ABarapaapp, 11433, 0, 0, 0, , 0, 0, 0, 0, 0, 
26, 1, 26, 26, -1, 241, 207, 10.0, 17, ABarapppap, 7526, 0, 0, 0, , 0, 0, 0, 0, 0, 
27, 1, 27, 27, -1, 265, 189, 11.0, 15, ABarapppaa, 8577, 0, 0, 0, , 0, 0, 0, 0, 0, 
28, 1, 28, 28, -1, 239, 196, 12.0, 17, ABarappppa, 8480, 0, 0, 0, , 0, 0, 0, 0, 0, 
29, 1, 29, 29, -1, 214, 197, 11.0, 17, ABarappppp, 8408, 0, 0, 0, , 0, 0, 0, 0, 0, 
30, 1, 30, 30, -1, 261, 214, 11.0, 15, ABarappaaa, 8644, 0, 0, 0, , 0, 0, 0, 0, 0, 
31, 1, 31, 31, -1, 235, 227, 10.0, 15, ABarappaap, 8216, 0, 0, 0, , 0, 0, 0, 0, 0, 
32, 1, 32, 32, -1, 217, 219, 10.0, 17, ABarappapa, 10347, 0, 0, 0, , 0, 0, 0, 0, 0, 
33, 1, 33, 33, -1, 195, 224, 10.0, 15, ABarappapp, 8772, 0, 0, 0, , 0, 0, 0, 0, 0, 
34, 1, 34, 34, -1, 209, 178, 31.0, 15, ABarpapppa, 7007, 0, 0, 0, , 0, 0, 0, 0, 0, 
35, 1, 35, 35, -1, 196, 193, 33.0, 19, ABarpapppp, 6006, 0, 0, 0, , 0, 0, 0, 0, 0, 
36, 1, 36, 36, -1, 230, 183, 33.0, 17, ABarpappap, 5840, 0, 0, 0, , 0, 0, 0, 0, 0, 
37, 1, 37, 37, -1, 292, 185, 35.0, 15, ABarpapaaa, 4477, 0, 0, 0, , 0, 0, 0, 0, 0, 
38, 1, 38, 38, -1, 274, 192, 34.0, 15, ABarpapaap, 6772, 0, 0, 0, , 0, 0, 0, 0, 0, 
39, 1, 39, 39, -1, 235, 210, 34.0, 17, ABarpapapp, 7592, 0, 0, 0, , 0, 0, 0, 0, 0, 
40, 1, 40, 40, -1, 266, 207, 33.0, 15, ABarpapapa, 5821, 0, 0, 0, , 0, 0, 0, 0, 0, 
41, 1, 41, 41, -1, 194, 266, 34.0, 21, ABarpaappp, 22615, 0, 0, 0, , 0, 0, 0, 0, 0, 
42, 1, 42, 42, -1, 257, 224, 34.0, 15, ABarpaapaa, 6265, 0, 0, 0, , 0, 0, 0, 0, 0, 
43, 1, 43, 43, -1, 237, 237, 34.0, 21, ABarpaapap, 23257, 0, 0, 0, , 0, 0, 0, 0, 0, 
44, 1, 44, 44, -1, 324, 201, 33.0, 17, ABarpaaaaa, 7621, 0, 0, 0, , 0, 0, 0, 0, 0, 
45, 1, 45, 45, -1, 311, 222, 35.0, 15, ABarpaaaap, 5680, 0, 0, 0, , 0, 0, 0, 0, 0, 
46, 1, 46, 46, -1, 283, 218, 34.0, 13, ABarpaaapp, 4481, 0, 0, 0, , 0, 0, 0, 0, 0, 
47, 1, 47, 47, -1, 299, 209, 34.0, 17, ABarpaaapa, 5945, 0, 0, 0, , 0, 0, 0, 0, 0, 
48, 1, 48, 48, -1, 220, 302, 34.0, 15, ABarppaaap, 4095, 0, 0, 0, , 0, 0, 0, 0, 0, 
49, 1, 49, 49, -1, 226, 282, 35.0, 15, ABarppaaaa, 3908, 0, 0, 0, , 0, 0, 0, 0, 0, 
50, 1, 50, 50, -1, 171, 330, 33.0, 15, ABarppaapp, 5348, 0, 0, 0, , 0, 0, 0, 0, 0, 
51, 1, 51, 51, -1, 145, 346, 30.0, 17, ABarppappa, 6271, 0, 0, 0, , 0, 0, 0, 0, 0, 
52, 1, 52, 52, -1, 114, 351, 24.0, 17, ABarppappp, 6683, 0, 0, 0, , 0, 0, 0, 0, 0, 
53, 1, 53, 53, -1, 187, 346, 31.0, 17, ABarppapap, 6765, 0, 0, 0, , 0, 0, 0, 0, 0, 
54, 1, 54, 54, -1, 206, 331, 34.0, 17, ABarppapaa, 4651, 0, 0, 0, , 0, 0, 0, 0, 0, 
55, 1, 55, 55, -1, 75, 277, 24.0, 15, ABarpppppp, 6559, 0, 0, 0, , 0, 0, 0, 0, 0, 
56, 1, 56, 56, -1, 102, 247, 30.0, 17, ABarpppppa, 6369, 0, 0, 0, , 0, 0, 0, 0, 0, 
57, 1, 57, 57, -1, 150, 203, 29.0, 17, ABarppppaa, 5967, 0, 0, 0, , 0, 0, 0, 0, 0, 
58, 1, 58, 58, -1, 124, 216, 27.0, 17, ABarppppap, 6418, 0, 0, 0, , 0, 0, 0, 0, 0, 
59, 1, 59, 59, -1, 175, 202, 33.0, 17, ABarpppaap, 6349, 0, 0, 0, , 0, 0, 0, 0, 0, 
60, 1, 60, 60, -1, 195, 207, 35.0, 15, ABarpppaaa, 5268, 0, 0, 0, , 0, 0, 0, 0, 0, 
61, 1, 61, 61, -1, 292, 176, 28.0, 19, ABalappppa, 5797, 0, 0, 0, , 0, 0, 0, 0, 0, 
62, 1, 62, 62, -1, 261, 179, 33.0, 15, ABalappppp, 3349, 0, 0, 0, , 0, 0, 0, 0, 0, 
63, 1, 63, 63, -1, 323, 189, 28.0, 17, ABalapppaa, 7104, 0, 0, 0, , 0, 0, 0, 0, 0, 
64, 1, 64, 64, -1, 302, 192, 31.0, 17, ABalapppap, 5473, 0, 0, 0, , 0, 0, 0, 0, 0, 
65, 1, 65, 65, -1, 323, 176, 25.0, 15, ABalappapa, 5360, 0, 0, 0, , 0, 0, 0, 0, 0, 
66, 1, 66, 66, -1, 344, 208, 27.0, 17, ABalappaap, 4595, 0, 0, 0, , 0, 0, 0, 0, 0, 
67, 1, 67, 67, -1, 303, 173, 26.0, 17, ABalappapp, 14528, 0, 0, 0, , 0, 0, 0, 0, 0, 
68, 1, 68, 68, -1, 311, 260, 33.0, 13, ABalapappp, 4304, 0, 0, 0, , 0, 0, 0, 0, 0, 
69, 1, 69, 69, -1, 332, 257, 30.0, 19, ABalapappa, 7388, 0, 0, 0, , 0, 0, 0, 0, 0, 
70, 1, 70, 70, -1, 331, 221, 31.0, 13, ABalapapaa, 4414, 0, 0, 0, , 0, 0, 0, 0, 0, 
71, 1, 71, 71, -1, 322, 235, 31.0, 15, ABalapapap, 4789, 0, 0, 0, , 0, 0, 0, 0, 0, 
72, 1, 72, 72, -1, 355, 228, 24.0, 17, ABalapaaaa, 7488, 0, 0, 0, , 0, 0, 0, 0, 0, 
73, 1, 73, 73, -1, 343, 245, 26.0, 15, ABalapaaap, 7101, 0, 0, 0, , 0, 0, 0, 0, 0, 
74, 1, 74, 74, -1, 339, 258, 22.0, 15, ABalapaapa, 6983, 0, 0, 0, , 0, 0, 0, 0, 0, 
75, 1, 75, 75, -1, 339, 262, 26.0, 17, ABalapaapp, 7654, 0, 0, 0, , 0, 0, 0, 0, 0, 
76, 1, 76, 76, -1, 308, 182, 14.0, 15, ABalaapaaa, 6167, 0, 0, 0, , 0, 0, 0, 0, 0, 
77, 1, 77, 77, -1, 274, 176, 13.0, 13, ABalaapapa, 6795, 0, 0, 0, , 0, 0, 0, 0, 0, 
78, 1, 78, 78, -1, 289, 183, 12.0, 15, ABalaapaap, 4726, 0, 0, 0, , 0, 0, 0, 0, 0, 
79, 1, 79, 79, -1, 288, 179, 18.0, 15, ABalaappap, 4160, 0, 0, 0, , 0, 0, 0, 0, 0, 
80, 1, 80, 80, -1, 295, 168, 16.0, 13, ABalaappaa, 5065, 0, 0, 0, , 0, 0, 0, 0, 0, 
81, 1, 81, 81, -1, 299, 169, 22.0, 19, ABalaapppp, 7693, 0, 0, 0, , 0, 0, 0, 0, 0, 
82, 1, 82, 82, -1, 307, 179, 20.0, 17, ABalaapppa, 6099, 0, 0, 0, , 0, 0, 0, 0, 0, 
83, 1, 83, 83, -1, 337, 267, 16.0, 17, ABalaaaalp, 6728, 0, 0, 0, , 0, 0, 0, 0, 0, 
84, 1, 84, 84, -1, 332, 190, 17.0, 15, ABalaaaarr, 6837, 0, 0, 0, , 0, 0, 0, 0, 0, 
85, 1, 85, 85, -1, 351, 220, 17.0, 17, ABalaaaarl, 6757, 0, 0, 0, , 0, 0, 0, 0, 0, 
86, 1, 86, 86, -1, 332, 180, 22.0, 15, ABalaaappl, 7345, 0, 0, 0, , 0, 0, 0, 0, 0, 
87, 1, 87, 87, -1, 320, 175, 18.0, 17, ABalaaappr, 7477, 0, 0, 0, , 0, 0, 0, 0, 0, 
88, 1, 88, 88, -1, 350, 202, 22.0, 17, ABalaaapar, 5506, 0, 0, 0, , 0, 0, 0, 0, 0, 
89, 1, 89, 89, -1, 350, 235, 21.0, 15, ABalaaapal, 5344, 0, 0, 0, , 0, 0, 0, 0, 0, 
90, 1, 90, 90, -1, 167, 320, 11.0, 17, ABplppppap, 8507, 0, 0, 0, , 0, 0, 0, 0, 0, 
91, 1, 91, 91, -1, 188, 313, 10.0, 15, ABplppppaa, 7003, 0, 0, 0, , 0, 0, 0, 0, 0, 
92, 1, 92, 92, -1, 128, 311, 11.0, 15, ABplpppppp, 7524, 0, 0, 0, , 0, 0, 0, 0, 0, 
93, 1, 93, 93, -1, 152, 302, 12.0, 15, ABplpppppa, 7087, 0, 0, 0, , 0, 0, 0, 0, 0, 
94, 1, 94, 94, -1, 141, 324, 10.0, 15, ABplpppapp, 5112, 0, 0, 0, , 0, 0, 0, 0, 0, 
95, 1, 95, 95, -1, 151, 333, 11.0, 17, ABplpppapa, 7615, 0, 0, 0, , 0, 0, 0, 0, 0, 
96, 1, 96, 96, -1, 170, 342, 13.0, 15, ABplpppaap, 8401, 0, 0, 0, , 0, 0, 0, 0, 0, 
97, 1, 97, 97, -1, 187, 330, 13.0, 15, ABplpppaaa, 6540, 0, 0, 0, , 0, 0, 0, 0, 0, 
98, 1, 98, 98, -1, 195, 343, 15.0, 15, ABplppappp, 7065, 0, 0, 0, , 0, 0, 0, 0, 0, 
99, 1, 99, 99, -1, 213, 335, 15.0, 15, ABplppappa, 7041, 0, 0, 0, , 0, 0, 0, 0, 0, 
100, 1, 100, 100, -1, 244, 334, 17.0, 17, ABplppapaa, 7290, 0, 0, 0, , 0, 0, 0, 0, 0, 
101, 1, 101, 101, -1, 225, 340, 17.0, 17, ABplppapap, 7232, 0, 0, 0, , 0, 0, 0, 0, 0, 
102, 1, 102, 102, -1, 207, 325, 11.0, 17, ABplppaapp, 7941, 0, 0, 0, , 0, 0, 0, 0, 0, 
103, 1, 103, 103, -1, 259, 326, 19.0, 17, ABplppaaaa, 6380, 0, 0, 0, , 0, 0, 0, 0, 0, 
104, 1, 104, 104, -1, 258, 338, 21.0, 15, ABplppaaap, 6171, 0, 0, 0, , 0, 0, 0, 0, 0, 
105, 1, 105, 105, 106, 231, 277, 11.0, 17, ABplpappaa, 8460, 0, 0, 0, , 0, 0, 0, 0, 0, 
106, 1, 106, 107, -1, 218, 273, 12.0, 13, ABplpappap, 6443, 0, 0, 0, , 0, 0, 0, 0, 0, 
107, 1, 107, 108, -1, 173, 299, 10.0, 15, ABplpapppp, 7232, 0, 0, 0, , 0, 0, 0, 0, 0, 
108, 1, 108, 109, -1, 193, 284, 10.0, 15, ABplpapppa, 7457, 0, 0, 0, , 0, 0, 0, 0, 0, 
109, 1, 109, 110, -1, 212, 303, 11.0, 17, ABplpapapp, 7441, 0, 0, 0, , 0, 0, 0, 0, 0, 
110, 1, 110, 111, -1, 231, 305, 12.0, 15, ABplpapapa, 5318, 0, 0, 0, , 0, 0, 0, 0, 0, 
111, 1, 111, 112, -1, 251, 310, 15.0, 15, ABplpapaap, 6828, 0, 0, 0, , 0, 0, 0, 0, 0, 
112, 1, 112, 113, -1, 261, 295, 15.0, 17, ABplpapaaa, 6609, 0, 0, 0, , 0, 0, 0, 0, 0, 
113, 1, 113, 114, -1, 272, 320, 16.0, 19, ABplpaaaap, 10354, 0, 0, 0, , 0, 0, 0, 0, 0, 
114, 1, 114, 115, -1, 299, 296, 17.0, 19, ABplpaaaaa, 8735, 0, 0, 0, , 0, 0, 0, 0, 0, 
115, 1, 115, 116, -1, 296, 312, 18.0, 15, ABplpaaapa, 8091, 0, 0, 0, , 0, 0, 0, 0, 0, 
116, 1, 116, 117, -1, 283, 319, 20.0, 17, ABplpaaapp, 7792, 0, 0, 0, , 0, 0, 0, 0, 0, 
117, 1, 117, 118, -1, 283, 309, 25.0, 17, ABplpaappa, 7530, 0, 0, 0, , 0, 0, 0, 0, 0, 
118, 1, 118, 119, -1, 273, 330, 24.0, 17, ABplpaappp, 6804, 0, 0, 0, , 0, 0, 0, 0, 0, 
119, 1, 119, 120, -1, 306, 298, 20.0, 17, ABplpaapaa, 7029, 0, 0, 0, , 0, 0, 0, 0, 0, 
120, 1, 120, 121, -1, 297, 320, 23.0, 15, ABplpaapap, 8409, 0, 0, 0, , 0, 0, 0, 0, 0, 
121, 1, 121, 122, -1, 268, 324, 31.0, 17, ABplaappap, 7724, 0, 0, 0, , 0, 0, 0, 0, 0, 
122, 1, 122, 123, -1, 296, 318, 29.0, 15, ABplaappaa, 6208, 0, 0, 0, , 0, 0, 0, 0, 0, 
123, 1, 123, 124, -1, 252, 335, 28.0, 17, ABplaapppa, 8606, 0, 0, 0, , 0, 0, 0, 0, 0, 
124, 1, 124, 125, -1, 231, 346, 25.0, 19, ABplaapppp, 8812, 0, 0, 0, , 0, 0, 0, 0, 0, 
125, 1, 125, 126, -1, 334, 270, 33.0, 17, ABplaapaaa, 8311, 0, 0, 0, , 0, 0, 0, 0, 0, 
126, 1, 126, 127, -1, 314, 279, 34.0, 17, ABplaapaap, 11720, 0, 0, 0, , 0, 0, 0, 0, 0, 
127, 1, 127, 128, -1, 288, 285, 32.0, 21, ABplaapapp, 17682, 0, 0, 0, , 0, 0, 0, 0, 0, 
128, 1, 128, 129, -1, 305, 295, 30.0, 17, ABplaapapa, 7177, 0, 0, 0, , 0, 0, 0, 0, 0, 
129, 1, 129, 130, -1, 304, 244, 35.0, 15, ABplaaaaap, 6896, 0, 0, 0, , 0, 0, 0, 0, 0, 
130, 1, 130, 131, -1, 325, 240, 35.0, 15, ABplaaaaaa, 6226, 0, 0, 0, , 0, 0, 0, 0, 0, 
131, 1, 131, 132, -1, 267, 252, 34.0, 17, ABplaaaapp, 8029, 0, 0, 0, , 0, 0, 0, 0, 0, 
132, 1, 132, 133, -1, 286, 235, 35.0, 17, ABplaaaapa, 6545, 0, 0, 0, , 0, 0, 0, 0, 0, 
133, 1, 133, 134, -1, 244, 290, 34.0, 17, ABplaaappp, 6851, 0, 0, 0, , 0, 0, 0, 0, 0, 
134, 1, 134, 135, -1, 264, 286, 33.0, 15, ABplaaappa, 6011, 0, 0, 0, , 0, 0, 0, 0, 0, 
135, 1, 135, 136, -1, 281, 275, 33.0, 17, ABplaaapap, 7117, 0, 0, 0, , 0, 0, 0, 0, 0, 
136, 1, 136, 137, -1, 292, 265, 36.0, 15, ABplaaapaa, 5106, 0, 0, 0, , 0, 0, 0, 0, 0, 
137, 1, 137, 138, -1, 128, 351, 14.0, 15, ABplappppa, 6608, 0, 0, 0, , 0, 0, 0, 0, 0, 
138, 1, 138, 139, -1, 121, 332, 11.0, 17, ABplappppp, 7092, 0, 0, 0, , 0, 0, 0, 0, 0, 
139, 1, 139, 140, -1, 169, 350, 18.0, 15, ABplapppaa, 7036, 0, 0, 0, , 0, 0, 0, 0, 0, 
140, 1, 140, 141, -1, 147, 345, 15.0, 17, ABplapppap, 6927, 0, 0, 0, , 0, 0, 0, 0, 0, 
141, 1, 141, 142, -1, 206, 352, 23.0, 15, ABplappaaa, 7735, 0, 0, 0, , 0, 0, 0, 0, 0, 
142, 1, 142, 143, -1, 186, 356, 23.0, 15, ABplappaap, 9788, 0, 0, 0, , 0, 0, 0, 0, 0, 
143, 1, 143, 144, -1, 161, 358, 22.0, 17, ABplappapp, 7086, 0, 0, 0, , 0, 0, 0, 0, 0, 
144, 1, 144, 145, -1, 171, 351, 27.0, 19, ABplappapa, 8002, 0, 0, 0, , 0, 0, 0, 0, 0, 
145, 1, 145, 146, -1, 208, 352, 28.0, 17, ABplapaapp, 7419, 0, 0, 0, , 0, 0, 0, 0, 0, 
146, 1, 146, 147, -1, 224, 341, 32.0, 15, ABplapaapa, 7140, 0, 0, 0, , 0, 0, 0, 0, 0, 
147, 1, 147, 148, -1, 244, 310, 31.0, 15, ABplapaaaa, 6302, 0, 0, 0, , 0, 0, 0, 0, 0, 
148, 1, 148, 149, -1, 230, 322, 32.0, 15, ABplapaaap, 7153, 0, 0, 0, , 0, 0, 0, 0, 0, 
149, 1, 149, 150, -1, 111, 347, 17.0, 15, ABplapappp, 6790, 0, 0, 0, , 0, 0, 0, 0, 0, 
150, 1, 150, 151, -1, 134, 363, 23.0, 17, ABplapapap, 7413, 0, 0, 0, , 0, 0, 0, 0, 0, 
151, 1, 151, 152, -1, 127, 361, 19.0, 17, ABplapappa, 8147, 0, 0, 0, , 0, 0, 0, 0, 0, 
152, 1, 152, 153, -1, 139, 355, 27.0, 17, ABplapapaa, 7911, 0, 0, 0, , 0, 0, 0, 0, 0, 
153, 1, 153, 154, -1, 213, 217, 13.0, 17, ABprpapaaa, 7160, 0, 0, 0, , 0, 0, 0, 0, 0, 
154, 1, 154, 155, -1, 188, 207, 11.0, 15, ABprpapaap, 6702, 0, 0, 0, , 0, 0, 0, 0, 0, 
155, 1, 155, 156, -1, 169, 247, 10.0, 15, ABprpapapp, 5456, 0, 0, 0, , 0, 0, 0, 0, 0, 
156, 1, 156, 157, -1, 184, 237, 11.0, 15, ABprpapapa, 7125, 0, 0, 0, , 0, 0, 0, 0, 0, 
157, 1, 157, 158, -1, 154, 280, 12.0, 17, ABprpapppp, 6918, 0, 0, 0, , 0, 0, 0, 0, 0, 
158, 1, 158, 159, -1, 178, 265, 11.0, 17, ABprpapppa, 7118, 0, 0, 0, , 0, 0, 0, 0, 0, 
159, 1, 159, 160, -1, 198, 262, 10.0, 17, ABprpappap, 7797, 0, 0, 0, , 0, 0, 0, 0, 0, 
160, 1, 160, 161, -1, 214, 244, 10.0, 17, ABprpappaa, 8266, 0, 0, 0, , 0, 0, 0, 0, 0, 
161, 1, 161, 162, -1, 246, 179, 13.0, 15, ABprpaaaaa, 8353, 0, 0, 0, , 0, 0, 0, 0, 0, 
162, 1, 162, 163, -1, 217, 179, 11.0, 19, ABprpaaaap, 9297, 0, 0, 0, , 0, 0, 0, 0, 0, 
163, 1, 163, 164, -1, 215, 178, 15.0, 17, ABprpaaapp, 8927, 0, 0, 0, , 0, 0, 0, 0, 0, 
164, 1, 164, 165, -1, 233, 181, 15.0, 15, ABprpaaapa, 7709, 0, 0, 0, , 0, 0, 0, 0, 0, 
165, 1, 165, 166, -1, 245, 174, 17.0, 17, ABprpaapaa, 8297, 0, 0, 0, , 0, 0, 0, 0, 0, 
166, 1, 166, 167, -1, 217, 164, 18.0, 15, ABprpaapap, 8004, 0, 0, 0, , 0, 0, 0, 0, 0, 
167, 1, 167, 168, -1, 196, 172, 16.0, 15, ABprpaappp, 7662, 0, 0, 0, , 0, 0, 0, 0, 0, 
168, 1, 168, 169, -1, 213, 177, 21.0, 17, ABprpaappa, 8550, 0, 0, 0, , 0, 0, 0, 0, 0, 
169, 1, 169, 170, -1, 106, 243, 11.0, 17, ABprpppaap, 7226, 0, 0, 0, , 0, 0, 0, 0, 0, 
170, 1, 170, 171, -1, 129, 235, 11.0, 15, ABprpppaaa, 8260, 0, 0, 0, , 0, 0, 0, 0, 0, 
171, 1, 171, 172, -1, 107, 261, 10.0, 17, ABprpppapa, 6829, 0, 0, 0, , 0, 0, 0, 0, 0, 
172, 1, 172, 173, -1, 112, 278, 9.0, 13, ABprpppapp, 4702, 0, 0, 0, , 0, 0, 0, 0, 0, 
173, 1, 173, 174, -1, 133, 256, 11.0, 15, ABprppppap, 6407, 0, 0, 0, , 0, 0, 0, 0, 0, 
174, 1, 174, 175, -1, 154, 258, 11.0, 15, ABprppppaa, 6251, 0, 0, 0, , 0, 0, 0, 0, 0, 
175, 1, 175, 176, -1, 127, 293, 10.0, 17, ABprpppppp, 7091, 0, 0, 0, , 0, 0, 0, 0, 0, 
176, 1, 176, 177, -1, 131, 277, 12.0, 17, ABprpppppa, 6484, 0, 0, 0, , 0, 0, 0, 0, 0, 
177, 1, 177, 178, -1, 167, 224, 11.0, 15, ABprppaapa, 6882, 0, 0, 0, , 0, 0, 0, 0, 0, 
178, 1, 178, 179, -1, 151, 236, 11.0, 15, ABprppaapp, 6835, 0, 0, 0, , 0, 0, 0, 0, 0, 
179, 1, 179, 180, -1, 190, 187, 12.0, 17, ABprppaaaa, 9094, 0, 0, 0, , 0, 0, 0, 0, 0, 
180, 1, 180, 181, -1, 179, 185, 17.0, 13, ABprppaaap, 5085, 0, 0, 0, , 0, 0, 0, 0, 0, 
181, 1, 181, 182, -1, 170, 199, 13.0, 17, ABprppapaa, 7510, 0, 0, 0, , 0, 0, 0, 0, 0, 
182, 1, 182, 183, -1, 152, 205, 12.0, 15, ABprppapap, 6986, 0, 0, 0, , 0, 0, 0, 0, 0, 
183, 1, 183, 184, -1, 117, 226, 14.0, 17, ABprppappp, 7175, 0, 0, 0, , 0, 0, 0, 0, 0, 
184, 1, 184, 185, -1, 138, 217, 12.0, 15, ABprppappa, 6184, 0, 0, 0, , 0, 0, 0, 0, 0, 
185, 1, 185, 186, -1, 301, 172, 32.0, 17, ABpraapaaa, 7689, 0, 0, 0, , 0, 0, 0, 0, 0, 
186, 1, 186, 187, -1, 269, 166, 30.0, 17, ABpraapaap, 8057, 0, 0, 0, , 0, 0, 0, 0, 0, 
187, 1, 187, 188, -1, 252, 172, 27.0, 15, ABpraapapa, 8463, 0, 0, 0, , 0, 0, 0, 0, 0, 
188, 1, 188, 189, -1, 234, 179, 29.0, 17, ABpraapapp, 8736, 0, 0, 0, , 0, 0, 0, 0, 0, 
189, 1, 189, 190, -1, 149, 192, 19.0, 17, ABpraapppp, 7185, 0, 0, 0, , 0, 0, 0, 0, 0, 
190, 1, 190, 191, -1, 175, 181, 21.0, 17, ABpraapppa, 7130, 0, 0, 0, , 0, 0, 0, 0, 0, 
191, 1, 191, 192, -1, 194, 172, 24.0, 17, ABpraappap, 6561, 0, 0, 0, , 0, 0, 0, 0, 0, 
192, 1, 192, 193, -1, 216, 162, 26.0, 15, ABpraappaa, 5803, 0, 0, 0, , 0, 0, 0, 0, 0, 
193, 1, 193, 194, -1, 264, 162, 25.0, 15, ABpraaapap, 8448, 0, 0, 0, , 0, 0, 0, 0, 0, 
194, 1, 194, 195, -1, 280, 169, 22.0, 15, ABpraaapaa, 6542, 0, 0, 0, , 0, 0, 0, 0, 0, 
195, 1, 195, 196, -1, 251, 172, 23.0, 15, ABpraaappa, 6734, 0, 0, 0, , 0, 0, 0, 0, 0, 
196, 1, 196, 197, -1, 225, 180, 25.0, 19, ABpraaappp, 27619, 0, 0, 0, , 0, 0, 0, 0, 0, 
197, 1, 197, 198, -1, 265, 158, 21.0, 15, ABpraaaaap, 7013, 0, 0, 0, , 0, 0, 0, 0, 0, 
198, 1, 198, 199, -1, 279, 161, 18.0, 15, ABpraaaaaa, 7128, 0, 0, 0, , 0, 0, 0, 0, 0, 
199, 1, 199, 200, -1, 257, 165, 18.0, 15, ABpraaaapa, 6934, 0, 0, 0, , 0, 0, 0, 0, 0, 
200, 1, 200, 201, -1, 238, 161, 21.0, 17, ABpraaaapp, 7716, 0, 0, 0, , 0, 0, 0, 0, 0, 
201, 1, 201, 202, -1, 93, 234, 21.0, 17, ABprappapp, 7664, 0, 0, 0, , 0, 0, 0, 0, 0, 
202, 1, 202, 203, -1, 107, 225, 25.0, 15, ABprappapa, 6848, 0, 0, 0, , 0, 0, 0, 0, 0, 
203, 1, 203, 204, -1, 112, 217, 20.0, 17, ABprappaap, 7370, 0, 0, 0, , 0, 0, 0, 0, 0, 
204, 1, 204, 205, -1, 134, 209, 17.0, 17, ABprappaaa, 7877, 0, 0, 0, , 0, 0, 0, 0, 0, 
205, 1, 205, 206, -1, 102, 238, 16.0, 15, ABprapppaa, 6830, 0, 0, 0, , 0, 0, 0, 0, 0, 
206, 1, 206, 207, -1, 94, 257, 15.0, 15, ABprapppap, 6603, 0, 0, 0, , 0, 0, 0, 0, 0, 
207, 1, 207, 208, -1, 87, 285, 11.0, 17, ABprappppp, 7440, 0, 0, 0, , 0, 0, 0, 0, 0, 
208, 1, 208, 209, -1, 81, 268, 13.0, 15, ABprappppa, 6393, 0, 0, 0, , 0, 0, 0, 0, 0, 
209, 1, 209, 210, -1, 171, 196, 28.0, 15, ABprapaaap, 6502, 0, 0, 0, , 0, 0, 0, 0, 0, 
210, 1, 210, 211, -1, 190, 194, 27.0, 15, ABprapaaaa, 6586, 0, 0, 0, , 0, 0, 0, 0, 0, 
211, 1, 211, 212, -1, 135, 203, 23.0, 17, ABprapaapp, 9833, 0, 0, 0, , 0, 0, 0, 0, 0, 
212, 1, 212, 213, -1, 155, 190, 25.0, 15, ABprapaapa, 7266, 0, 0, 0, , 0, 0, 0, 0, 0, 
213, 1, 213, 214, -1, 74, 256, 18.0, 17, ABprapappa, 8477, 0, 0, 0, , 0, 0, 0, 0, 0, 
214, 1, 214, 215, -1, 70, 277, 17.0, 15, ABprapappp, 6824, 0, 0, 0, , 0, 0, 0, 0, 0, 
215, 1, 215, 216, -1, 79, 256, 22.0, 17, ABprapapap, 8760, 0, 0, 0, , 0, 0, 0, 0, 0, 
216, 1, 216, 217, -1, 89, 255, 27.0, 17, ABprapapaa, 8105, 0, 0, 0, , 0, 0, 0, 0, 0, 
217, 1, 217, 218, -1, 211, 201, 24.0, 13, MSppppap, 3865, 0, 0, 0, , 0, 0, 0, 0, 0, 
218, 1, 218, 219, -1, 224, 196, 17.0, 15, MSppppaa, 4071, 0, 0, 0, , 0, 0, 0, 0, 0, 
219, 1, 219, 220, -1, 215, 203, 28.0, 15, MSpppppa, 4679, 0, 0, 0, , 0, 0, 0, 0, 0, 
220, 1, 220, 221, -1, 187, 216, 27.0, 13, MSpppppp, 4170, 0, 0, 0, , 0, 0, 0, 0, 0, 
221, 1, 221, 222, -1, 231, 225, 16.0, 13, MSpppaaa, 4123, 0, 0, 0, , 0, 0, 0, 0, 0, 
222, 1, 222, 223, -1, 202, 227, 19.0, 15, MSpppaap, 4994, 0, 0, 0, , 0, 0, 0, 0, 0, 
223, 1, 223, 224, -1, 196, 206, 16.0, 17, MSpppap, 8106, 0, 0, 0, , 0, 0, 0, 0, 0, 
224, 1, 224, 225, -1, 238, 209, 17.0, 15, MSppaapp, 4436, 0, 0, 0, , 0, 0, 0, 0, 0, 
225, 1, 225, 226, -1, 253, 202, 15.0, 13, MSppaapa, 3977, 0, 0, 0, , 0, 0, 0, 0, 0, 
226, 1, 226, 227, -1, 282, 193, 15.0, 15, MSppaaaa, 4753, 0, 0, 0, , 0, 0, 0, 0, 0, 
227, 1, 227, 228, -1, 266, 193, 18.0, 15, MSppaaap, 5655, 0, 0, 0, , 0, 0, 0, 0, 0, 
228, 1, 228, 229, -1, 262, 191, 27.0, 15, MSppappa, 5573, 0, 0, 0, , 0, 0, 0, 0, 0, 
229, 1, 229, 230, -1, 262, 184, 20.0, 15, MSppapaa, 4403, 0, 0, 0, , 0, 0, 0, 0, 0, 
230, 1, 230, 231, -1, 241, 191, 20.0, 15, MSppapap, 5194, 0, 0, 0, , 0, 0, 0, 0, 0, 
231, 1, 231, 232, -1, 196, 265, 16.0, 16, MSpapapp, 6251, 0, 0, 0, , 0, 0, 0, 0, 0, 
232, 1, 232, 233, -1, 216, 245, 17.0, 17, MSpapapa, 5496, 0, 0, 0, , 0, 0, 0, 0, 0, 
233, 1, 233, 234, -1, 248, 245, 18.0, 17, MSpapaaa, 6977, 0, 0, 0, , 0, 0, 0, 0, 0, 
234, 1, 234, 235, -1, 224, 239, 21.0, 17, MSpapaap, 6190, 0, 0, 0, , 0, 0, 0, 0, 0, 
235, 1, 235, 236, -1, 182, 286, 14.0, 21, MSpappa, 20572, 0, 0, 0, , 0, 0, 0, 0, 0, 
236, 1, 236, 237, -1, 166, 263, 16.0, 15, MSpapppp, 6103, 0, 0, 0, , 0, 0, 0, 0, 0, 
237, 1, 237, 238, -1, 167, 238, 16.0, 17, MSpapppa, 6278, 0, 0, 0, , 0, 0, 0, 0, 0, 
238, 1, 238, 239, -1, 260, 223, 28.0, 17, MSpaaapp, 10318, 0, 0, 0, , 0, 0, 0, 0, 0, 
239, 1, 239, 240, -1, 282, 216, 30.0, 15, MSpaaapa, 6925, 0, 0, 0, , 0, 0, 0, 0, 0, 
240, 1, 240, 241, -1, 294, 203, 26.0, 21, MSpaaaap, 13431, 0, 0, 0, , 0, 0, 0, 0, 0, 
241, 1, 241, 242, -1, 317, 195, 23.0, 15, MSpaaaaa, 6425, 0, 0, 0, , 0, 0, 0, 0, 0, 
242, 1, 242, 243, -1, 257, 209, 22.0, 19, MSpaapap, 13470, 0, 0, 0, , 0, 0, 0, 0, 0, 
243, 1, 243, 244, -1, 279, 201, 22.0, 17, MSpaapaa, 6468, 0, 0, 0, , 0, 0, 0, 0, 0, 
244, 1, 244, 245, -1, 200, 239, 27.0, 21, Earap, 24240, 0, 0, 0, , 0, 0, 0, 0, 0, 
245, 1, 245, 246, -1, 269, 290, 24.0, 15, MSapppaa, 4767, 0, 0, 0, , 0, 0, 0, 0, 0, 
246, 1, 246, 247, -1, 255, 295, 27.0, 15, MSapppap, 4171, 0, 0, 0, , 0, 0, 0, 0, 0, 
247, 1, 247, 248, 249, 228, 292, 28.0, 17, MSapppp, 5944, 0, 0, 0, , 0, 0, 0, 0, 0, 
248, 1, 248, 250, -1, 247, 287, 22.0, 19, MSappaa, 12363, 0, 0, 0, , 0, 0, 0, 0, 0, 
249, 1, 249, 251, -1, 249, 310, 19.0, 15, MSappap, 6485, 0, 0, 0, , 0, 0, 0, 0, 0, 
250, 1, 250, 252, -1, 295, 262, 28.0, 17, MSapappa, 6591, 0, 0, 0, , 0, 0, 0, 0, 0, 
251, 1, 251, 253, -1, 262, 280, 28.0, 17, MSapappp, 6257, 0, 0, 0, , 0, 0, 0, 0, 0, 
252, 1, 252, 254, -1, 285, 278, 24.0, 17, MSapapap, 9739, 0, 0, 0, , 0, 0, 0, 0, 0, 
253, 1, 253, 255, -1, 308, 267, 22.0, 15, MSapapaa, 5210, 0, 0, 0, , 0, 0, 0, 0, 0, 
254, 0, 254, -1, -1, 281, 287, 19.0, 15, , 3786, 0, 0, 0, , 0, 0, 0, 0, 0, 
255, 1, 254, 256, 257, 276, 285, 18.0, 17, MSapaap, 2810, 0, 0, 0, , 0, 0, 0, 0, 0, 
256, 1, 255, 258, -1, 331, 249, 19.0, 13, MSapaaaa, 4210, 0, 0, 0, , 0, 0, 0, 0, 0, 
257, 1, 256, 259, -1, 315, 260, 19.0, 15, MSapaaap, 4830, 0, 0, 0, , 0, 0, 0, 0, 0, 
258, 1, 257, 260, -1, 319, 219, 28.0, 19, MSaaaaap, 6782, 0, 0, 0, , 0, 0, 0, 0, 0, 
259, 1, 258, 261, -1, 338, 214, 23.0, 15, MSaaaaaa, 5628, 0, 0, 0, , 0, 0, 0, 0, 0, 
260, 1, 259, 262, -1, 298, 228, 30.0, 15, MSaaaapa, 6112, 0, 0, 0, , 0, 0, 0, 0, 0, 
261, 1, 260, 263, -1, 273, 245, 29.0, 15, MSaaaapp, 6428, 0, 0, 0, , 0, 0, 0, 0, 0, 
262, 1, 261, 264, -1, 279, 243, 25.0, 16, MSaaapap, 7361, 0, 0, 0, , 0, 0, 0, 0, 0, 
263, 1, 262, 265, -1, 301, 237, 25.0, 17, MSaaapaa, 7701, 0, 0, 0, , 0, 0, 0, 0, 0, 
264, 1, 263, 266, -1, 268, 255, 28.0, 15, MSaaappa, 5731, 0, 0, 0, , 0, 0, 0, 0, 0, 
265, 1, 264, 267, -1, 249, 241, 27.0, 15, MSaaappp, 5266, 0, 0, 0, , 0, 0, 0, 0, 0, 
266, 1, 265, 268, -1, 191, 312, 15.0, 15, MSaapppp, 4483, 0, 0, 0, , 0, 0, 0, 0, 0, 
267, 1, 266, 269, -1, 222, 305, 17.0, 17, MSaapppa, 5715, 0, 0, 0, , 0, 0, 0, 0, 0, 
268, 1, 267, 270, -1, 209, 286, 15.0, 17, MSaappa, 6484, 0, 0, 0, , 0, 0, 0, 0, 0, 
269, 1, 268, 271, -1, 265, 264, 19.0, 17, MSaapaaa, 8241, 0, 0, 0, , 0, 0, 0, 0, 0, 
270, 1, 269, 272, -1, 222, 279, 18.0, 15, MSaapapp, 5361, 0, 0, 0, , 0, 0, 0, 0, 0, 
271, 1, 270, 273, -1, 242, 265, 20.0, 15, MSaapapa, 7652, 0, 0, 0, , 0, 0, 0, 0, 0, 
272, 1, 271, 274, -1, 216, 278, 23.0, 19, Ealpa, 10512, 0, 0, 0, , 0, 0, 0, 0, 0, 
273, 1, 272, 275, -1, 187, 285, 24.0, 16, Ealpp, 7135, 0, 0, 0, , 0, 0, 0, 0, 0, 
274, 1, 273, 276, -1, 140, 303, 25.0, 21, Eplpa, 40002, 0, 0, 0, , 0, 0, 0, 0, 0, 
275, 1, 274, 277, -1, 148, 337, 21.0, 17, Cappap, 7127, 0, 0, 0, , 0, 0, 0, 0, 0, 
276, 1, 275, 278, -1, 163, 319, 22.0, 17, Cappaa, 6625, 0, 0, 0, , 0, 0, 0, 0, 0, 
277, 1, 276, 279, -1, 128, 338, 20.0, 17, Capppa, 7074, 0, 0, 0, , 0, 0, 0, 0, 0, 
278, 1, 277, 280, -1, 122, 319, 15.0, 19, Capppp, 4867, 0, 0, 0, , 0, 0, 0, 0, 0, 
279, 1, 278, 281, -1, 170, 328, 19.0, 17, Capapa, 5779, 0, 0, 0, , 0, 0, 0, 0, 0, 
280, 1, 279, 282, -1, 144, 318, 16.0, 17, Capapp, 6742, 0, 0, 0, , 0, 0, 0, 0, 0, 
281, 1, 280, 283, -1, 168, 310, 16.0, 17, Capaap, 6835, 0, 0, 0, , 0, 0, 0, 0, 0, 
282, 1, 281, 284, -1, 198, 319, 21.0, 17, Capaaa, 7257, 0, 0, 0, , 0, 0, 0, 0, 0, 
283, 1, 282, 285, -1, 85, 335, 25.0, 19, Caaapp, 8893, 0, 0, 0, , 0, 0, 0, 0, 0, 
284, 1, 283, 286, -1, 91, 331, 14.0, 19, Caappd, 7472, 0, 0, 0, , 0, 0, 0, 0, 0, 
285, 1, 284, 287, -1, 88, 317, 11.0, 15, Caappv, 4049, 0, 0, 0, , 0, 0, 0, 0, 0, 
286, 1, 285, 288, -1, 105, 309, 12.0, 17, Caapa, 8851, 0, 0, 0, , 0, 0, 0, 0, 0, 
287, 1, 286, 289, -1, 70, 301, 18.0, 17, Cpappd, 6688, 0, 0, 0, , 0, 0, 0, 0, 0, 
288, 1, 287, 290, -1, 81, 304, 13.0, 15, Cpappv, 6048, 0, 0, 0, , 0, 0, 0, 0, 0, 
289, 1, 288, 291, -1, 76, 330, 19.0, 19, Cpapaa, 10181, 0, 0, 0, , 0, 0, 0, 0, 0, 
290, 1, 289, 292, -1, 80, 306, 29.0, 21, Cpaapp, 21616, 0, 0, 0, , 0, 0, 0, 0, 0, 
291, 1, 290, 293, -1, 144, 260, 16.0, 19, Cppaap, 9059, 0, 0, 0, , 0, 0, 0, 0, 0, 
292, 1, 291, 294, -1, 147, 230, 19.0, 19, Cppaaa, 9211, 0, 0, 0, , 0, 0, 0, 0, 0, 
293, 1, 292, 295, -1, 125, 244, 19.0, 17, Cppapa, 8562, 0, 0, 0, , 0, 0, 0, 0, 0, 
294, 1, 293, 296, -1, 116, 265, 15.0, 17, Cppapp, 6187, 0, 0, 0, , 0, 0, 0, 0, 0, 
295, 1, 294, 297, -1, 125, 238, 23.0, 19, Cpppaa, 8973, 0, 0, 0, , 0, 0, 0, 0, 0, 
296, 1, 295, 298, -1, 109, 259, 19.0, 17, Cpppap, 7284, 0, 0, 0, , 0, 0, 0, 0, 0, 
297, 1, 296, 299, -1, 228, 317, 22.0, 23, Daap, 10514, 0, 0, 0, , 0, 0, 0, 0, 0, 
298, 1, 297, 300, -1, 246, 310, 25.0, 19, Daaa, 12122, 0, 0, 0, , 0, 0, 0, 0, 0, 
299, 1, 298, 301, -1, 193, 321, 27.0, 15, Dappa, 5319, 0, 0, 0, , 0, 0, 0, 0, 0, 
300, 1, 298, 302, -1, 174, 323, 25.0, 15, Dappp, 4569, 0, 0, 0, , 0, 0, 0, 0, 0, 
301, 1, 299, 303, -1, 180, 219, 16.0, 17, Dpap, 9222, 0, 0, 0, , 0, 0, 0, 0, 0, 
302, 1, 300, 304, -1, 200, 202, 20.0, 19, Dpaa, 9804, 0, 0, 0, , 0, 0, 0, 0, 0, 
303, 1, 301, 305, -1, 142, 242, 25.0, 15, Dpppp, 4988, 0, 0, 0, , 0, 0, 0, 0, 0, 
304, 1, 302, 306, -1, 165, 220, 24.0, 17, Dpppa, 4575, 0, 0, 0, , 0, 0, 0, 0, 0, 
305, 1, 303, 307, -1, 169, 206, 20.0, 17, Dppa, 7953, 0, 0, 0, , 0, 0, 0, 0, 0, 
306, 1, 304, 308, -1, 187, 290, 17.0, 19, Z3, 10569, 0, 0, 0, , 0, 0, 0, 0, 0, 
307, 1, 305, 309, -1, 151, 284, 18.0, 21, Z2, 13121, 0, 0, 0, , 0, 0, 0, 0, 0, 
308, 0, 306, -1, -1, 381, 244, 24.0, 15, , 10486, 0, 0, 0, , 0, 0, 0, 0, 0, 
309, 1, 307, 311, -1, 326, 299, 25.0, 15, ABalpppapp, 8117, 0, 0, 0, , 0, 0, 0, 0, 0, 
310, 1, 308, 312, -1, 308, 291, 23.0, 17, ABalpppppa, 8110, 0, 0, 0, , 0, 0, 0, 0, 0, 
311, 1, 309, 313, -1, 295, 292, 26.0, 15, ABalppppppa, 3898, 0, 0, 0, , 0, 0, 0, 0, 0, 
312, 1, 310, 314, -1, 280, 308, 31.0, 15, ABalppppppp, 5583, 0, 0, 0, , 0, 0, 0, 0, 0, 
313, 1, 311, 315, -1, 318, 279, 29.0, 17, ABalppppap, 7921, 0, 0, 0, , 0, 0, 0, 0, 0, 
314, 1, 312, 316, -1, 326, 275, 24.0, 15, ABalppppaa, 6586, 0, 0, 0, , 0, 0, 0, 0, 0, 
315, 1, 313, 317, -1, 345, 281, 21.0, 15, ABalpppaaa, 6529, 0, 0, 0, , 0, 0, 0, 0, 0, 
316, 1, 314, 318, -1, 344, 282, 26.0, 15, ABalpppaap, 6877, 0, 0, 0, , 0, 0, 0, 0, 0, 
317, 1, 315, 319, -1, 327, 295, 21.0, 15, ABalpppapa, 7985, 0, 0, 0, , 0, 0, 0, 0, 0, 
318, 1, 316, 320, -1, 352, 253, 20.0, 13, ABalppaaaa, 6104, 0, 0, 0, , 0, 0, 0, 0, 0, 
319, 1, 317, 321, -1, 353, 266, 19.0, 16, ABalppaaap, 4969, 0, 0, 0, , 0, 0, 0, 0, 0, 
320, 1, 318, 322, -1, 319, 291, 17.0, 15, ABalppaapp, 6239, 0, 0, 0, , 0, 0, 0, 0, 0, 
321, 1, 319, 323, -1, 329, 283, 17.0, 13, ABalppaapa, 5688, 0, 0, 0, , 0, 0, 0, 0, 0, 
322, 1, 320, 324, -1, 279, 307, 13.0, 17, ABalppappp, 8352, 0, 0, 0, , 0, 0, 0, 0, 0, 
323, 1, 321, 325, -1, 292, 291, 13.0, 15, ABalppappa, 9153, 0, 0, 0, , 0, 0, 0, 0, 0, 
324, 1, 322, 326, -1, 294, 290, 10.0, 15, ABalppapap, 8366, 0, 0, 0, , 0, 0, 0, 0, 0, 
325, 1, 323, 327, -1, 310, 280, 11.0, 15, ABalppapaa, 9168, 0, 0, 0, , 0, 0, 0, 0, 0, 
326, 1, 324, 328, -1, 271, 286, 10.0, 17, ABalpapapa, 8251, 0, 0, 0, , 0, 0, 0, 0, 0, 
327, 1, 325, 329, -1, 259, 313, 11.0, 17, ABalpapapp, 9845, 0, 0, 0, , 0, 0, 0, 0, 0, 
328, 1, 326, 330, -1, 283, 270, 10.0, 15, ABalpapaap, 8697, 0, 0, 0, , 0, 0, 0, 0, 0, 
329, 1, 327, 331, -1, 302, 258, 10.0, 17, ABalpapaaa, 7293, 0, 0, 0, , 0, 0, 0, 0, 0, 
330, 1, 328, 332, -1, 260, 264, 12.0, 15, ABalpappap, 8960, 0, 0, 0, , 0, 0, 0, 0, 0, 
331, 1, 329, 333, -1, 282, 252, 11.0, 15, ABalpappaa, 8934, 0, 0, 0, , 0, 0, 0, 0, 0, 
332, 1, 330, 334, -1, 232, 267, 16.0, 19, ABalpappppp, 5960, 0, 0, 0, , 0, 0, 0, 0, 0, 
333, 1, 331, 335, -1, 260, 272, 15.0, 17, ABalpappppa, 6136, 0, 0, 0, , 0, 0, 0, 0, 0, 
334, 1, 332, 336, -1, 273, 254, 15.0, 15, ABalpapppa, 6707, 0, 0, 0, , 0, 0, 0, 0, 0, 
335, 1, 333, 337, -1, 289, 261, 16.0, 15, ABalpaaapp, 7328, 0, 0, 0, , 0, 0, 0, 0, 0, 
336, 1, 334, 338, -1, 304, 243, 13.0, 15, ABalpaaapa, 8023, 0, 0, 0, , 0, 0, 0, 0, 0, 
337, 1, 335, 339, -1, 308, 240, 10.0, 15, ABalpaaaap, 6430, 0, 0, 0, , 0, 0, 0, 0, 0, 
338, 1, 336, 340, -1, 328, 235, 11.0, 17, ABalpaaaaa, 9931, 0, 0, 0, , 0, 0, 0, 0, 0, 
339, 1, 337, 341, -1, 321, 267, 13.0, 17, ABalpaappp, 7693, 0, 0, 0, , 0, 0, 0, 0, 0, 
340, 1, 338, 342, -1, 331, 251, 11.0, 17, ABalpaappa, 8799, 0, 0, 0, , 0, 0, 0, 0, 0, 
341, 1, 339, 343, -1, 300, 246, 18.0, 15, ABalpaapapp, 5768, 0, 0, 0, , 0, 0, 0, 0, 0, 
342, 1, 340, 344, -1, 323, 233, 14.0, 15, ABalpaapapa, 5490, 0, 0, 0, , 0, 0, 0, 0, 0, 
343, 1, 341, 345, -1, 334, 227, 18.0, 15, ABalpaapaa, 6922, 0, 0, 0, , 0, 0, 0, 0, 0, 
344, 1, 342, 346, -1, 175, 248, 28.0, 21, Epraa, 37042, 0, 0, 0, , 0, 0, 0, 0, 0, 
345, 1, 343, 347, -1, 148, 263, 27.0, 19, Eprap, 10353, 0, 0, 0, , 0, 0, 0, 0, 0, 
346, 1, 344, 348, -1, 220, 215, 24.0, 13, MSpaapp, 5260, 0, 0, 0, , 0, 0, 0, 0, 0, 
347, 1, 345, 349, -1, 166, 254, 22.0, 21, Earpp, 24502, 0, 0, 0, , 0, 0, 0, 0, 0, 
348, 1, 346, 350, -1, 203, 266, 28.0, 21, Ealap, 9122, 0, 0, 0, , 0, 0, 0, 0, 0, 
349, 1, 347, 351, -1, 243, 259, 28.0, 19, Ealaa, 11240, 0, 0, 0, , 0, 0, 0, 0, 0, 
350, 1, 348, 352, -1, 180, 274, 29.0, 21, Eplaa, 35871, 0, 0, 0, , 0, 0, 0, 0, 0, 
351, 1, 349, 353, -1, 155, 290, 26.0, 19, Eplap, 10955, 0, 0, 0, , 0, 0, 0, 0, 0, 
352, 1, 350, 354, -1, 119, 285, 21.0, 19, Eprpp, 10748, 0, 0, 0, , 0, 0, 0, 0, 0, 
353, 1, 351, 355, -1, 212, 329, 26.0, 15, Dapa, 5597, 0, 0, 0, , 0, 0, 0, 0, 0, 
354, 1, 352, 356, -1, 246, 264, 23.0, 19, MSaapaap, 8620, 0, 0, 0, , 0, 0, 0, 0, 0, 
355, 1, 353, 357, -1, 133, 223, 31.0, 17, ABarpppapp, 6812, 0, 0, 0, , 0, 0, 0, 0, 0, 
356, 1, 354, 358, -1, 234, 326, 13.0, 15, ABplppaapa, 7683, 0, 0, 0, , 0, 0, 0, 0, 0, 
357, 1, 355, 359, -1, 68, 305, 23.0, 17, Cpapap, 8055, 0, 0, 0, , 0, 0, 0, 0, 0, 
358, 1, 356, 360, -1, 239, 223, 25.0, 19, Earaa, 11704, 0, 0, 0, , 0, 0, 0, 0, 0, 
359, 1, 357, 361, -1, 347, 246, 15.0, 15, ABalaaaala, 7033, 0, 0, 0, , 0, 0, 0, 0, 0, 
360, 1, 358, 362, -1, 247, 186, 35.0, 15, ABarpappaa, 6207, 0, 0, 0, , 0, 0, 0, 0, 0, 
361, 1, 359, 363, -1, 347, 193, 25.0, 13, ABalappaaa, 4023, 0, 0, 0, , 0, 0, 0, 0, 0, 
362, 1, 360, 364, -1, 93, 277, 20.0, 17, Cppppa, 7274, 0, 0, 0, , 0, 0, 0, 0, 0, 
363, 1, 361, 365, -1, 106, 294, 15.0, 19, Cppppp, 8218, 0, 0, 0, , 0, 0, 0, 0, 0, 
364, 1, 362, 366, -1, 269, 172, 15.0, 17, ABalaapapp, 5231, 0, 0, 0, , 0, 0, 0, 0, 0, 
365, 1, 363, 367, -1, 169, 225, 34.0, 19, ABarpppapa, 5735, 0, 0, 0, , 0, 0, 0, 0, 0, 
366, 1, 364, 368, -1, 196, 246, 21.0, 21, Earpa, 12088, 0, 0, 0, , 0, 0, 0, 0, 0, 
367, 1, 365, 369, -1, 125, 309, 20.0, 21, Eplpp, 15494, 0, 0, 0, , 0, 0, 0, 0, 0, 
368, 1, 366, 370, -1, 237, 199, 28.0, 15, MSppappp, 6165, 0, 0, 0, , 0, 0, 0, 0, 0, 
369, 1, 367, 371, -1, 130, 273, 25.0, 21, Eprpa, 19955, 0, 0, 0, , 0, 0, 0, 0, 0, 
370, 1, 368, 372, -1, 213, 245, 34.0, 19, ABarpaappa, 5599, 0, 0, 0, , 0, 0, 0, 0, 0, 
371, 1, 369, 373, -1, 195, 303, 34.0, 15, ABarppaapa, 4393, 0, 0, 0, , 0, 0, 0, 0, 0, 
372, 1, 370, 374, -1, 117, 260, 33.0, 17, Cpaaap, 3869, 0, 0, 0, , 0, 0, 0, 0, 0, 
373, 1, 371, 375, -1, 115, 330, 31.0, 17, Caaapa, 2908, 0, 0, 0, , 0, 0, 0, 0, 0, 
374, 1, 372, 376, -1, 102, 287, 33.0, 19, Cpaapa, 5790, 0, 0, 0, , 0, 0, 0, 0, 0, 
375, 1, 373, 378, -1, 148, 251, 34.0, 21, Cpaaaa, 2531, 0, 0, 0, , 0, 0, 0, 0, 0, 
376, 1, 374, 377, -1, 172, 309, 33.0, 17, Caaaaa, 3039, 0, 0, 0, , 0, 0, 0, 0, 0, 
377, 1, 375, 379, -1, 132, 312, 33.0, 15, Caaaap, 0, 0, 0, 0, , 0, 0, 0, 0, 0, 
