1, 1, 1, 1, -1, 307, 202, 22.0, 15, ABaraappaa, 7754, 0, 0, 0, , 0, 0, 0, 0, 0, 
2, 1, 2, 2, -1, 287, 208, 21.0, 17, ABaraappap, 12101, 0, 0, 0, , 0, 0, 0, 0, 0, 
3, 1, 3, 3, -1, 255, 231, 21.0, 15, ABaraapppap, 5236, 0, 0, 0, , 0, 0, 0, 0, 0, 
4, 1, 4, 4, -1, 271, 222, 20.0, 15, ABaraapppaa, 5055, 0, 0, 0, , 0, 0, 0, 0, 0, 
5, 1, 5, 5, -1, 239, 221, 19.0, 17, ABaraapppp, 9238, 0, 0, 0, , 0, 0, 0, 0, 0, 
6, 1, 6, 6, -1, 269, 269, 21.0, 15, ABaraapapp, 9919, 0, 0, 0, , 0, 0, 0, 0, 0, 
7, 1, 7, 7, -1, 266, 249, 21.0, 13, ABaraapapap, 6447, 0, 0, 0, , 0, 0, 0, 0, 0, 
8, 1, 8, 8, -1, 289, 241, 21.0, 15, ABaraapapaa, 6299, 0, 0, 0, , 0, 0, 0, 0, 0, 
9, 1, 9, 9, -1, 320, 215, 22.0, 19, ABaraapaaa, 8671, 0, 0, 0, , 0, 0, 0, 0, 0, 
10, 1, 10, 10, -1, 309, 231, 21.0, 19, ABaraapaap, 12249, 0, 0, 0, , 0, 0, 0, 0, 0, 
11, 1, 11, 11, -1, 301, 203, 10.0, 15, ABaraaappa, 7515, 0, 0, 0, , 0, 0, 0, 0, 0, 
12, 1, 12, 12, -1, 284, 201, 10.0, 15, ABaraaappp, 7622, 0, 0, 0, , 0, 0, 0, 0, 0, 
13, 1, 13, 13, -1, 318, 204, 18.0, 17, ABaraaapaa, 9109, 0, 0, 0, , 0, 0, 0, 0, 0, 
14, 1, 14, 14, -1, 307, 213, 16.0, 15, ABaraaapapa, 4491, 0, 0, 0, , 0, 0, 0, 0, 0, 
15, 1, 15, 15, -1, 283, 222, 18.0, 15, ABaraaapapp, 4352, 0, 0, 0, , 0, 0, 0, 0, 0, 
16, 1, 16, 16, -1, 330, 226, 14.0, 17, ABaraaaaaa, 9952, 0, 0, 0, , 0, 0, 0, 0, 0, 
17, 1, 17, 17, -1, 316, 201, 13.0, 15, ABaraaaaap, 8029, 0, 0, 0, , 0, 0, 0, 0, 0, 
18, 1, 18, 18, -1, 319, 226, 25.0, 11, ABaraaaapp, 5323, 0, 0, 0, , 0, 0, 0, 0, 0, 
19, 1, 19, 19, -1, 333, 203, 20.0, 15, ABaraaaapa, 5030, 0, 0, 0, , 0, 0, 0, 0, 0, 
20, 1, 20, 20, -1, 245, 241, 10.0, 17, ABarapapap, 13129, 0, 0, 0, , 0, 0, 0, 0, 0, 
21, 1, 21, 21, -1, 265, 227, 11.0, 17, ABarapapaa, 11696, 0, 0, 0, , 0, 0, 0, 0, 0, 
22, 1, 22, 22, -1, 211, 248, 13.0, 15, ABarapapppp, 6232, 0, 0, 0, , 0, 0, 0, 0, 0, 
23, 1, 23, 23, -1, 231, 244, 14.0, 13, ABarapapppa, 7845, 0, 0, 0, , 0, 0, 0, 0, 0, 
24, 1, 24, 24, -1, 246, 234, 14.0, 17, ABarapappa, 9257, 0, 0, 0, , 0, 0, 0, 0, 0, 
25, 1, 25, 25, -1, 282, 235, 9.0, 15, ABarapaaap, 9633, 0, 0, 0, , 0, 0, 0, 0, 0, 
26, 1, 26, 26, -1, 297, 223, 10.0, 15, ABarapaaaa, 8057, 0, 0, 0, , 0, 0, 0, 0, 0, 
27, 1, 27, 27, -1, 289, 220, 14.0, 17, ABarapaapa, 12229, 0, 0, 0, , 0, 0, 0, 0, 0, 
28, 1, 28, 28, -1, 256, 233, 18.0, 13, ABarapaappp, 7539, 0, 0, 0, , 0, 0, 0, 0, 0, 
29, 1, 29, 29, -1, 270, 228, 14.0, 15, ABarapaappa, 8611, 0, 0, 0, , 0, 0, 0, 0, 0, 
30, 1, 30, 30, -1, 240, 201, 10.0, 17, ABarapppap, 7874, 0, 0, 0, , 0, 0, 0, 0, 0, 
31, 1, 31, 31, -1, 270, 186, 10.0, 15, ABarapppaa, 9387, 0, 0, 0, , 0, 0, 0, 0, 0, 
32, 1, 32, 32, -1, 252, 193, 12.0, 15, ABarappppa, 7031, 0, 0, 0, , 0, 0, 0, 0, 0, 
33, 1, 33, 33, -1, 219, 197, 11.0, 17, ABarappppp, 8323, 0, 0, 0, , 0, 0, 0, 0, 0, 
34, 1, 34, 34, -1, 260, 209, 10.0, 15, ABarappaaa, 8180, 0, 0, 0, , 0, 0, 0, 0, 0, 
35, 1, 35, 35, -1, 236, 222, 10.0, 15, ABarappaap, 9508, 0, 0, 0, , 0, 0, 0, 0, 0, 
36, 1, 36, 36, -1, 216, 219, 10.0, 17, ABarappapa, 13440, 0, 0, 0, , 0, 0, 0, 0, 0, 
37, 1, 37, 37, -1, 191, 211, 10.0, 19, ABarappapp, 9696, 0, 0, 0, , 0, 0, 0, 0, 0, 
38, 1, 38, 38, -1, 219, 179, 31.0, 15, ABarpapppa, 6053, 0, 0, 0, , 0, 0, 0, 0, 0, 
39, 1, 39, 39, -1, 209, 194, 34.0, 17, ABarpapppp, 6904, 0, 0, 0, , 0, 0, 0, 0, 0, 
40, 1, 40, 40, -1, 237, 176, 32.0, 19, ABarpappap, 7010, 0, 0, 0, , 0, 0, 0, 0, 0, 
41, 1, 41, 41, -1, 289, 191, 35.0, 17, ABarpapaaa, 6654, 0, 0, 0, , 0, 0, 0, 0, 0, 
42, 1, 42, 42, -1, 273, 196, 31.0, 15, ABarpapaap, 7588, 0, 0, 0, , 0, 0, 0, 0, 0, 
43, 1, 43, 43, -1, 232, 215, 34.0, 17, ABarpapapp, 6487, 0, 0, 0, , 0, 0, 0, 0, 0, 
44, 1, 44, 44, -1, 266, 210, 33.0, 15, ABarpapapa, 5665, 0, 0, 0, , 0, 0, 0, 0, 0, 
45, 1, 45, 45, -1, 205, 275, 34.0, 17, ABarpaappp, 5888, 0, 0, 0, , 0, 0, 0, 0, 0, 
46, 1, 46, 46, -1, 252, 220, 35.0, 15, ABarpaapaa, 4873, 0, 0, 0, , 0, 0, 0, 0, 0, 
47, 1, 47, 47, -1, 239, 246, 34.0, 19, ABarpaapap, 6770, 0, 0, 0, , 0, 0, 0, 0, 0, 
48, 1, 48, 48, -1, 326, 207, 33.0, 15, ABarpaaaaa, 7915, 0, 0, 0, , 0, 0, 0, 0, 0, 
49, 1, 49, 49, -1, 301, 228, 35.0, 15, ABarpaaaap, 5662, 0, 0, 0, , 0, 0, 0, 0, 0, 
50, 1, 50, 50, -1, 276, 223, 35.0, 13, ABarpaaapp, 3596, 0, 0, 0, , 0, 0, 0, 0, 0, 
51, 1, 51, 51, -1, 297, 210, 35.0, 19, ABarpaaapa, 6629, 0, 0, 0, , 0, 0, 0, 0, 0, 
52, 1, 52, 52, -1, 224, 313, 34.0, 17, ABarppaaap, 6078, 0, 0, 0, , 0, 0, 0, 0, 0, 
53, 1, 53, 53, -1, 230, 289, 35.0, 13, ABarppaaaa, 4326, 0, 0, 0, , 0, 0, 0, 0, 0, 
54, 1, 54, 54, -1, 166, 332, 34.0, 17, ABarppaapp, 7290, 0, 0, 0, , 0, 0, 0, 0, 0, 
55, 1, 55, 55, -1, 143, 349, 31.0, 17, ABarppappa, 7280, 0, 0, 0, , 0, 0, 0, 0, 0, 
56, 1, 56, 56, -1, 110, 350, 23.0, 17, ABarppappp, 6477, 0, 0, 0, , 0, 0, 0, 0, 0, 
57, 1, 57, 57, -1, 187, 345, 32.0, 19, ABarppapap, 7521, 0, 0, 0, , 0, 0, 0, 0, 0, 
58, 1, 58, 58, -1, 210, 334, 34.0, 17, ABarppapaa, 11935, 0, 0, 0, , 0, 0, 0, 0, 0, 
59, 1, 59, 59, -1, 71, 274, 23.0, 17, ABarpppppp, 6394, 0, 0, 0, , 0, 0, 0, 0, 0, 
60, 1, 60, 60, -1, 100, 245, 29.0, 17, ABarpppppa, 6106, 0, 0, 0, , 0, 0, 0, 0, 0, 
61, 1, 61, 61, -1, 153, 200, 30.0, 15, ABarppppaa, 6023, 0, 0, 0, , 0, 0, 0, 0, 0, 
62, 1, 62, 62, -1, 125, 212, 29.0, 17, ABarppppap, 5762, 0, 0, 0, , 0, 0, 0, 0, 0, 
63, 1, 63, 63, -1, 180, 199, 34.0, 19, ABarpppaap, 7302, 0, 0, 0, , 0, 0, 0, 0, 0, 
64, 1, 64, 64, -1, 203, 214, 34.0, 15, ABarpppaaa, 4670, 0, 0, 0, , 0, 0, 0, 0, 0, 
65, 1, 65, 65, -1, 313, 180, 28.0, 13, ABalappppaa, 2595, 0, 0, 0, , 0, 0, 0, 0, 0, 
66, 1, 66, 66, -1, 286, 176, 30.0, 13, ABalappppap, 2710, 0, 0, 0, , 0, 0, 0, 0, 0, 
67, 1, 67, 67, -1, 271, 177, 34.0, 19, ABalappppp, 5946, 0, 0, 0, , 0, 0, 0, 0, 0, 
68, 1, 68, 68, -1, 327, 191, 28.0, 13, ABalapppaa, 4929, 0, 0, 0, , 0, 0, 0, 0, 0, 
69, 1, 69, 69, -1, 307, 193, 32.0, 15, ABalapppap, 4402, 0, 0, 0, , 0, 0, 0, 0, 0, 
70, 1, 70, 70, -1, 315, 172, 24.0, 15, ABalappapa, 6005, 0, 0, 0, , 0, 0, 0, 0, 0, 
71, 1, 71, 71, -1, 347, 214, 26.0, 17, ABalappaap, 3861, 0, 0, 0, , 0, 0, 0, 0, 0, 
72, 1, 72, 72, -1, 296, 167, 26.0, 19, ABalappapp, 5760, 0, 0, 0, , 0, 0, 0, 0, 0, 
73, 1, 73, 73, -1, 311, 264, 34.0, 15, ABalapappp, 3934, 0, 0, 0, , 0, 0, 0, 0, 0, 
74, 1, 74, 74, -1, 339, 241, 28.0, 15, ABalapappaa, 4571, 0, 0, 0, , 0, 0, 0, 0, 0, 
75, 1, 75, 75, -1, 318, 255, 30.0, 13, ABalapappap, 3476, 0, 0, 0, , 0, 0, 0, 0, 0, 
76, 1, 76, 76, -1, 325, 223, 31.0, 15, ABalapapaa, 6357, 0, 0, 0, , 0, 0, 0, 0, 0, 
77, 1, 77, 77, -1, 322, 237, 33.0, 15, ABalapapap, 3386, 0, 0, 0, , 0, 0, 0, 0, 0, 
78, 1, 78, 78, -1, 351, 238, 25.0, 17, ABalapaaaa, 8001, 0, 0, 0, , 0, 0, 0, 0, 0, 
79, 1, 79, 79, -1, 342, 262, 29.0, 19, ABalapaaap, 10384, 0, 0, 0, , 0, 0, 0, 0, 0, 
80, 1, 80, 80, -1, 341, 256, 22.0, 15, ABalapaapa, 7363, 0, 0, 0, , 0, 0, 0, 0, 0, 
81, 1, 81, 81, -1, 331, 263, 25.0, 19, ABalapaapp, 24548, 0, 0, 0, , 0, 0, 0, 0, 0, 
82, 1, 82, 82, -1, 306, 181, 14.0, 15, ABalaapaaa, 6777, 0, 0, 0, , 0, 0, 0, 0, 0, 
83, 1, 83, 83, -1, 259, 176, 12.0, 13, ABalaapapa, 5690, 0, 0, 0, , 0, 0, 0, 0, 0, 
84, 1, 84, 84, -1, 287, 179, 12.0, 15, ABalaapaap, 7006, 0, 0, 0, , 0, 0, 0, 0, 0, 
85, 1, 85, 85, -1, 286, 182, 17.0, 17, ABalaappap, 6562, 0, 0, 0, , 0, 0, 0, 0, 0, 
86, 1, 86, 86, -1, 293, 171, 16.0, 17, ABalaappaa, 5448, 0, 0, 0, , 0, 0, 0, 0, 0, 
87, 1, 87, 87, -1, 294, 164, 23.0, 17, ABalaapppp, 14056, 0, 0, 0, , 0, 0, 0, 0, 0, 
88, 1, 88, 88, -1, 297, 180, 21.0, 15, ABalaapppa, 5639, 0, 0, 0, , 0, 0, 0, 0, 0, 
89, 1, 89, 89, -1, 340, 264, 14.0, 17, ABalaaaalp, 8705, 0, 0, 0, , 0, 0, 0, 0, 0, 
90, 1, 90, 90, -1, 329, 187, 17.0, 15, ABalaaaarr, 6695, 0, 0, 0, , 0, 0, 0, 0, 0, 
91, 1, 91, 91, -1, 349, 216, 19.0, 17, ABalaaaarl, 7205, 0, 0, 0, , 0, 0, 0, 0, 0, 
92, 1, 92, 92, -1, 330, 182, 22.0, 15, ABalaaappl, 8024, 0, 0, 0, , 0, 0, 0, 0, 0, 
93, 1, 93, 93, -1, 315, 175, 19.0, 15, ABalaaappr, 6830, 0, 0, 0, , 0, 0, 0, 0, 0, 
94, 1, 94, 94, -1, 350, 205, 22.0, 17, ABalaaapar, 6556, 0, 0, 0, , 0, 0, 0, 0, 0, 
95, 1, 95, 95, -1, 351, 242, 21.0, 17, ABalaaapal, 8518, 0, 0, 0, , 0, 0, 0, 0, 0, 
96, 1, 96, 96, -1, 158, 316, 11.0, 17, ABplppppap, 6939, 0, 0, 0, , 0, 0, 0, 0, 0, 
97, 1, 97, 97, -1, 181, 311, 10.0, 17, ABplppppaa, 8069, 0, 0, 0, , 0, 0, 0, 0, 0, 
98, 1, 98, 98, -1, 113, 315, 11.0, 15, ABplpppppp, 6594, 0, 0, 0, , 0, 0, 0, 0, 0, 
99, 1, 99, 99, -1, 154, 301, 14.0, 17, ABplpppppa, 7833, 0, 0, 0, , 0, 0, 0, 0, 0, 
100, 1, 100, 100, -1, 134, 311, 12.0, 15, ABplpppapp, 8458, 0, 0, 0, , 0, 0, 0, 0, 0, 
101, 1, 101, 101, -1, 152, 334, 11.0, 13, ABplpppapaa, 4077, 0, 0, 0, , 0, 0, 0, 0, 0, 
102, 1, 102, 102, -1, 159, 343, 13.0, 17, ABplpppaap, 8588, 0, 0, 0, , 0, 0, 0, 0, 0, 
103, 1, 103, 103, -1, 179, 333, 11.0, 17, ABplpppaaa, 8247, 0, 0, 0, , 0, 0, 0, 0, 0, 
104, 1, 104, 104, -1, 187, 344, 14.0, 15, ABplppappp, 7648, 0, 0, 0, , 0, 0, 0, 0, 0, 
105, 1, 105, 105, -1, 211, 339, 14.0, 15, ABplppappa, 8039, 0, 0, 0, , 0, 0, 0, 0, 0, 
106, 1, 106, 106, -1, 242, 338, 18.0, 17, ABplppapaa, 9876, 0, 0, 0, , 0, 0, 0, 0, 0, 
107, 1, 107, 107, -1, 216, 344, 18.0, 17, ABplppapap, 9359, 0, 0, 0, , 0, 0, 0, 0, 0, 
108, 1, 108, 108, -1, 203, 325, 11.0, 17, ABplppaapp, 8306, 0, 0, 0, , 0, 0, 0, 0, 0, 
109, 1, 109, 109, -1, 264, 322, 18.0, 17, ABplppaaaa, 8155, 0, 0, 0, , 0, 0, 0, 0, 0, 
110, 1, 110, 110, -1, 260, 325, 22.0, 15, ABplppaaap, 8204, 0, 0, 0, , 0, 0, 0, 0, 0, 
111, 1, 111, 111, -1, 248, 277, 9.0, 15, ABplpappaaa, 6442, 0, 0, 0, , 0, 0, 0, 0, 0, 
112, 1, 112, 112, -1, 226, 290, 10.0, 17, ABplpappaap, 7908, 0, 0, 0, , 0, 0, 0, 0, 0, 
113, 1, 113, 113, -1, 222, 270, 10.0, 13, ABplpappap, 5681, 0, 0, 0, , 0, 0, 0, 0, 0, 
114, 1, 114, 114, -1, 165, 295, 10.0, 17, ABplpapppp, 7772, 0, 0, 0, , 0, 0, 0, 0, 0, 
115, 1, 115, 115, -1, 185, 282, 10.0, 17, ABplpapppa, 8809, 0, 0, 0, , 0, 0, 0, 0, 0, 
116, 1, 116, 116, -1, 205, 304, 10.0, 17, ABplpapapp, 7951, 0, 0, 0, , 0, 0, 0, 0, 0, 
117, 1, 117, 117, -1, 230, 311, 12.0, 17, ABplpapapa, 8064, 0, 0, 0, , 0, 0, 0, 0, 0, 
118, 1, 118, 118, -1, 249, 315, 15.0, 15, ABplpapaap, 6043, 0, 0, 0, , 0, 0, 0, 0, 0, 
119, 1, 119, 119, -1, 258, 297, 14.0, 15, ABplpapaaa, 8661, 0, 0, 0, , 0, 0, 0, 0, 0, 
120, 1, 120, 120, -1, 269, 324, 15.0, 17, ABplpaaaap, 11631, 0, 0, 0, , 0, 0, 0, 0, 0, 
121, 1, 121, 121, -1, 291, 292, 16.0, 17, ABplpaaaaa, 9995, 0, 0, 0, , 0, 0, 0, 0, 0, 
122, 1, 122, 122, -1, 290, 310, 18.0, 15, ABplpaaapa, 8427, 0, 0, 0, , 0, 0, 0, 0, 0, 
123, 1, 123, 123, -1, 283, 318, 19.0, 17, ABplpaaapp, 10030, 0, 0, 0, , 0, 0, 0, 0, 0, 
124, 1, 124, 124, -1, 281, 302, 25.0, 17, ABplpaappa, 7227, 0, 0, 0, , 0, 0, 0, 0, 0, 
125, 1, 125, 125, -1, 278, 323, 24.0, 17, ABplpaappp, 8347, 0, 0, 0, , 0, 0, 0, 0, 0, 
126, 1, 126, 126, -1, 298, 292, 20.0, 17, ABplpaapaa, 9427, 0, 0, 0, , 0, 0, 0, 0, 0, 
127, 1, 127, 127, -1, 298, 318, 23.0, 15, ABplpaapap, 8137, 0, 0, 0, , 0, 0, 0, 0, 0, 
128, 1, 128, 128, -1, 271, 324, 29.0, 17, ABplaappap, 7477, 0, 0, 0, , 0, 0, 0, 0, 0, 
129, 1, 129, 129, -1, 290, 320, 28.0, 15, ABplaappaa, 5348, 0, 0, 0, , 0, 0, 0, 0, 0, 
130, 1, 130, 130, -1, 254, 328, 28.0, 17, ABplaapppa, 7555, 0, 0, 0, , 0, 0, 0, 0, 0, 
131, 1, 131, 131, -1, 232, 344, 26.0, 17, ABplaapppp, 10196, 0, 0, 0, , 0, 0, 0, 0, 0, 
132, 1, 132, 132, -1, 336, 263, 33.0, 17, ABplaapaaa, 9092, 0, 0, 0, , 0, 0, 0, 0, 0, 
133, 1, 133, 133, -1, 324, 277, 32.0, 17, ABplaapaap, 8849, 0, 0, 0, , 0, 0, 0, 0, 0, 
134, 1, 134, 134, -1, 302, 282, 31.0, 17, ABplaapapp, 9607, 0, 0, 0, , 0, 0, 0, 0, 0, 
135, 1, 135, 135, -1, 307, 287, 27.0, 21, ABplaapapa, 7046, 0, 0, 0, , 0, 0, 0, 0, 0, 
136, 1, 136, 136, -1, 294, 255, 35.0, 17, ABplaaaaap, 12735, 0, 0, 0, , 0, 0, 0, 0, 0, 
137, 1, 137, 137, -1, 313, 246, 36.0, 15, ABplaaaaaa, 6345, 0, 0, 0, , 0, 0, 0, 0, 0, 
138, 1, 138, 138, -1, 264, 256, 34.0, 15, ABplaaaapp, 5974, 0, 0, 0, , 0, 0, 0, 0, 0, 
139, 1, 139, 139, -1, 280, 241, 35.0, 13, ABplaaaapa, 6562, 0, 0, 0, , 0, 0, 0, 0, 0, 
140, 1, 140, 140, -1, 251, 287, 34.0, 17, ABplaaappp, 7076, 0, 0, 0, , 0, 0, 0, 0, 0, 
141, 1, 141, 141, -1, 269, 294, 34.0, 17, ABplaaappa, 6950, 0, 0, 0, , 0, 0, 0, 0, 0, 
142, 1, 142, 142, -1, 285, 289, 34.0, 17, ABplaaapap, 6380, 0, 0, 0, , 0, 0, 0, 0, 0, 
143, 1, 143, 143, -1, 294, 278, 35.0, 15, ABplaaapaa, 5300, 0, 0, 0, , 0, 0, 0, 0, 0, 
144, 1, 144, 144, -1, 123, 353, 15.0, 17, ABplappppa, 6663, 0, 0, 0, , 0, 0, 0, 0, 0, 
145, 1, 145, 145, -1, 108, 332, 11.0, 17, ABplappppp, 6761, 0, 0, 0, , 0, 0, 0, 0, 0, 
146, 1, 146, 146, -1, 146, 349, 16.0, 15, ABplapppaa, 7867, 0, 0, 0, , 0, 0, 0, 0, 0, 
147, 1, 147, 147, -1, 130, 336, 13.0, 15, ABplapppap, 6397, 0, 0, 0, , 0, 0, 0, 0, 0, 
148, 1, 148, 148, -1, 201, 357, 24.0, 17, ABplappaaa, 8914, 0, 0, 0, , 0, 0, 0, 0, 0, 
149, 1, 149, 149, -1, 183, 360, 23.0, 15, ABplappaap, 7614, 0, 0, 0, , 0, 0, 0, 0, 0, 
150, 1, 150, 150, -1, 165, 359, 22.0, 15, ABplappapp, 8010, 0, 0, 0, , 0, 0, 0, 0, 0, 
151, 1, 151, 151, -1, 167, 352, 29.0, 17, ABplappapa, 8576, 0, 0, 0, , 0, 0, 0, 0, 0, 
152, 1, 152, 152, -1, 209, 352, 28.0, 17, ABplapaapp, 7562, 0, 0, 0, , 0, 0, 0, 0, 0, 
153, 1, 153, 153, -1, 234, 336, 32.0, 15, ABplapaapa, 6504, 0, 0, 0, , 0, 0, 0, 0, 0, 
154, 1, 154, 154, -1, 243, 301, 31.0, 15, ABplapaaaa, 7339, 0, 0, 0, , 0, 0, 0, 0, 0, 
155, 1, 155, 155, -1, 239, 318, 31.0, 17, ABplapaaap, 8484, 0, 0, 0, , 0, 0, 0, 0, 0, 
156, 1, 156, 156, -1, 105, 344, 17.0, 19, ABplapappp, 7870, 0, 0, 0, , 0, 0, 0, 0, 0, 
157, 1, 157, 157, -1, 142, 365, 22.0, 15, ABplapapap, 6642, 0, 0, 0, , 0, 0, 0, 0, 0, 
158, 1, 158, 158, -1, 123, 362, 19.0, 17, ABplapappa, 7483, 0, 0, 0, , 0, 0, 0, 0, 0, 
159, 1, 159, 159, -1, 136, 358, 27.0, 17, ABplapapaa, 8409, 0, 0, 0, , 0, 0, 0, 0, 0, 
160, 1, 160, 160, -1, 211, 221, 13.0, 17, ABprpapaaa, 7772, 0, 0, 0, , 0, 0, 0, 0, 0, 
161, 1, 161, 161, -1, 192, 207, 13.0, 17, ABprpapaap, 6625, 0, 0, 0, , 0, 0, 0, 0, 0, 
162, 1, 162, 162, -1, 176, 248, 10.0, 17, ABprpapapp, 8143, 0, 0, 0, , 0, 0, 0, 0, 0, 
163, 1, 163, 163, -1, 190, 233, 12.0, 17, ABprpapapa, 7550, 0, 0, 0, , 0, 0, 0, 0, 0, 
164, 1, 164, 164, -1, 155, 277, 12.0, 15, ABprpapppp, 6936, 0, 0, 0, , 0, 0, 0, 0, 0, 
165, 1, 165, 165, -1, 189, 266, 12.0, 21, ABprpapppa, 14165, 0, 0, 0, , 0, 0, 0, 0, 0, 
166, 1, 166, 166, -1, 200, 260, 9.0, 21, ABprpappap, 35943, 0, 0, 0, , 0, 0, 0, 0, 0, 
167, 1, 167, 167, -1, 218, 242, 10.0, 19, ABprpappaa, 8444, 0, 0, 0, , 0, 0, 0, 0, 0, 
168, 1, 168, 168, -1, 243, 195, 15.0, 19, ABprpaaaaa, 11740, 0, 0, 0, , 0, 0, 0, 0, 0, 
169, 1, 169, 169, -1, 210, 179, 11.0, 17, ABprpaaaap, 9491, 0, 0, 0, , 0, 0, 0, 0, 0, 
170, 1, 170, 170, -1, 216, 177, 15.0, 15, ABprpaaapp, 8986, 0, 0, 0, , 0, 0, 0, 0, 0, 
171, 1, 171, 171, -1, 231, 179, 15.0, 15, ABprpaaapa, 8340, 0, 0, 0, , 0, 0, 0, 0, 0, 
172, 1, 172, 172, -1, 245, 178, 18.0, 17, ABprpaapaa, 8361, 0, 0, 0, , 0, 0, 0, 0, 0, 
173, 1, 173, 173, -1, 224, 162, 18.0, 15, ABprpaapap, 8218, 0, 0, 0, , 0, 0, 0, 0, 0, 
174, 1, 174, 174, -1, 205, 172, 18.0, 19, ABprpaappp, 10636, 0, 0, 0, , 0, 0, 0, 0, 0, 
175, 1, 175, 175, -1, 217, 183, 23.0, 17, ABprpaappa, 7956, 0, 0, 0, , 0, 0, 0, 0, 0, 
176, 1, 176, 176, -1, 105, 244, 12.0, 17, ABprpppaap, 8545, 0, 0, 0, , 0, 0, 0, 0, 0, 
177, 1, 177, 177, -1, 129, 235, 11.0, 17, ABprpppaaa, 7715, 0, 0, 0, , 0, 0, 0, 0, 0, 
178, 1, 178, 178, -1, 114, 255, 10.0, 13, ABprpppapaa, 3784, 0, 0, 0, , 0, 0, 0, 0, 0, 
179, 1, 179, 179, -1, 112, 284, 10.0, 13, ABprpppapap, 4038, 0, 0, 0, , 0, 0, 0, 0, 0, 
180, 1, 180, 180, -1, 126, 281, 9.0, 15, ABprpppapp, 7064, 0, 0, 0, , 0, 0, 0, 0, 0, 
181, 1, 181, 181, -1, 133, 259, 10.0, 15, ABprppppap, 7068, 0, 0, 0, , 0, 0, 0, 0, 0, 
182, 1, 182, 182, -1, 157, 256, 10.0, 15, ABprppppaa, 8701, 0, 0, 0, , 0, 0, 0, 0, 0, 
183, 1, 183, 183, -1, 111, 298, 10.0, 15, ABprpppppp, 6535, 0, 0, 0, , 0, 0, 0, 0, 0, 
184, 1, 184, 184, -1, 135, 277, 13.0, 17, ABprpppppa, 6189, 0, 0, 0, , 0, 0, 0, 0, 0, 
185, 1, 185, 185, -1, 171, 219, 12.0, 15, ABprppaapa, 7342, 0, 0, 0, , 0, 0, 0, 0, 0, 
186, 1, 186, 186, -1, 156, 235, 11.0, 15, ABprppaapp, 6265, 0, 0, 0, , 0, 0, 0, 0, 0, 
187, 1, 187, 187, -1, 189, 187, 14.0, 19, ABprppaaaa, 9219, 0, 0, 0, , 0, 0, 0, 0, 0, 
188, 1, 188, 188, -1, 179, 178, 20.0, 13, ABprppaaap, 5725, 0, 0, 0, , 0, 0, 0, 0, 0, 
189, 1, 189, 189, -1, 167, 199, 14.0, 17, ABprppapaa, 8471, 0, 0, 0, , 0, 0, 0, 0, 0, 
190, 1, 190, 190, -1, 143, 204, 14.0, 15, ABprppapap, 7876, 0, 0, 0, , 0, 0, 0, 0, 0, 
191, 1, 191, 191, -1, 117, 228, 14.0, 17, ABprppappp, 6940, 0, 0, 0, , 0, 0, 0, 0, 0, 
192, 1, 192, 192, -1, 142, 218, 12.0, 17, ABprppappa, 7949, 0, 0, 0, , 0, 0, 0, 0, 0, 
193, 1, 193, 193, -1, 301, 173, 33.0, 17, ABpraapaaa, 8718, 0, 0, 0, , 0, 0, 0, 0, 0, 
194, 1, 194, 194, -1, 270, 163, 29.0, 17, ABpraapaap, 9626, 0, 0, 0, , 0, 0, 0, 0, 0, 
195, 1, 195, 195, -1, 257, 178, 24.0, 17, ABpraapapa, 9043, 0, 0, 0, , 0, 0, 0, 0, 0, 
196, 1, 196, 196, -1, 251, 179, 28.0, 15, ABpraapapp, 8221, 0, 0, 0, , 0, 0, 0, 0, 0, 
197, 1, 197, 197, -1, 155, 188, 21.0, 17, ABpraapppp, 8668, 0, 0, 0, , 0, 0, 0, 0, 0, 
198, 1, 198, 198, -1, 180, 180, 23.0, 15, ABpraapppa, 4562, 0, 0, 0, , 0, 0, 0, 0, 0, 
199, 1, 199, 199, -1, 196, 171, 24.0, 15, ABpraappap, 5937, 0, 0, 0, , 0, 0, 0, 0, 0, 
200, 1, 200, 200, -1, 214, 162, 23.0, 15, ABpraappaa, 5030, 0, 0, 0, , 0, 0, 0, 0, 0, 
201, 1, 201, 201, -1, 267, 161, 24.0, 15, ABpraaapap, 7688, 0, 0, 0, , 0, 0, 0, 0, 0, 
202, 1, 202, 202, -1, 278, 171, 21.0, 15, ABpraaapaa, 6149, 0, 0, 0, , 0, 0, 0, 0, 0, 
203, 1, 203, 203, -1, 249, 174, 21.0, 19, ABpraaappa, 6844, 0, 0, 0, , 0, 0, 0, 0, 0, 
204, 1, 204, 204, -1, 236, 192, 23.0, 15, ABpraaapppa, 5312, 0, 0, 0, , 0, 0, 0, 0, 0, 
205, 1, 205, 205, -1, 221, 175, 26.0, 19, ABpraaapppp, 5308, 0, 0, 0, , 0, 0, 0, 0, 0, 
206, 1, 206, 206, -1, 264, 157, 20.0, 15, ABpraaaaap, 6746, 0, 0, 0, , 0, 0, 0, 0, 0, 
207, 1, 207, 207, -1, 277, 164, 17.0, 15, ABpraaaaaa, 7510, 0, 0, 0, , 0, 0, 0, 0, 0, 
208, 1, 208, 208, -1, 258, 169, 18.0, 17, ABpraaaapa, 6077, 0, 0, 0, , 0, 0, 0, 0, 0, 
209, 1, 209, 209, -1, 240, 159, 23.0, 15, ABpraaaapp, 8682, 0, 0, 0, , 0, 0, 0, 0, 0, 
210, 1, 210, 210, -1, 96, 231, 20.0, 15, ABprappapp, 8054, 0, 0, 0, , 0, 0, 0, 0, 0, 
211, 1, 211, 211, -1, 107, 224, 26.0, 15, ABprappapa, 5822, 0, 0, 0, , 0, 0, 0, 0, 0, 
212, 1, 212, 212, -1, 113, 215, 20.0, 15, ABprappaap, 7302, 0, 0, 0, , 0, 0, 0, 0, 0, 
213, 1, 213, 213, -1, 134, 208, 19.0, 17, ABprappaaa, 9072, 0, 0, 0, , 0, 0, 0, 0, 0, 
214, 1, 214, 214, -1, 95, 253, 15.0, 15, ABprapppaa, 6820, 0, 0, 0, , 0, 0, 0, 0, 0, 
215, 1, 215, 215, -1, 99, 269, 13.0, 15, ABprapppap, 5400, 0, 0, 0, , 0, 0, 0, 0, 0, 
216, 1, 216, 216, -1, 81, 281, 12.0, 15, ABprappppp, 7519, 0, 0, 0, , 0, 0, 0, 0, 0, 
217, 1, 217, 217, -1, 79, 266, 14.0, 15, ABprappppa, 6753, 0, 0, 0, , 0, 0, 0, 0, 0, 
218, 1, 218, 218, -1, 173, 197, 29.0, 15, ABprapaaap, 6520, 0, 0, 0, , 0, 0, 0, 0, 0, 
219, 1, 219, 219, -1, 193, 194, 29.0, 17, ABprapaaaa, 7642, 0, 0, 0, , 0, 0, 0, 0, 0, 
220, 1, 220, 220, -1, 135, 200, 24.0, 15, ABprapaapp, 7772, 0, 0, 0, , 0, 0, 0, 0, 0, 
221, 1, 221, 221, -1, 165, 185, 26.0, 15, ABprapaapa, 6061, 0, 0, 0, , 0, 0, 0, 0, 0, 
222, 1, 222, 222, -1, 77, 252, 18.0, 19, ABprapappa, 9626, 0, 0, 0, , 0, 0, 0, 0, 0, 
223, 1, 223, 223, -1, 73, 278, 18.0, 17, ABprapappp, 7420, 0, 0, 0, , 0, 0, 0, 0, 0, 
224, 1, 224, 224, -1, 82, 248, 22.0, 15, ABprapapap, 8703, 0, 0, 0, , 0, 0, 0, 0, 0, 
225, 1, 225, 225, -1, 85, 254, 26.0, 17, ABprapapaa, 7266, 0, 0, 0, , 0, 0, 0, 0, 0, 
226, 1, 226, 226, -1, 216, 199, 25.0, 13, MSppppap, 3483, 0, 0, 0, , 0, 0, 0, 0, 0, 
227, 1, 227, 227, -1, 224, 201, 20.0, 15, MSppppaa, 4163, 0, 0, 0, , 0, 0, 0, 0, 0, 
228, 1, 228, 228, -1, 222, 205, 29.0, 15, MSpppppa, 5481, 0, 0, 0, , 0, 0, 0, 0, 0, 
229, 1, 229, 229, -1, 191, 218, 29.0, 15, MSpppppp, 3849, 0, 0, 0, , 0, 0, 0, 0, 0, 
230, 1, 230, 230, -1, 215, 222, 15.0, 15, MSpppaaa, 6796, 0, 0, 0, , 0, 0, 0, 0, 0, 
231, 1, 231, 231, -1, 207, 225, 20.0, 15, MSpppaap, 5292, 0, 0, 0, , 0, 0, 0, 0, 0, 
232, 1, 232, 232, -1, 191, 222, 20.0, 15, MSpppapp, 5830, 0, 0, 0, , 0, 0, 0, 0, 0, 
233, 1, 233, 233, -1, 203, 203, 16.0, 13, MSpppapa, 3994, 0, 0, 0, , 0, 0, 0, 0, 0, 
234, 1, 234, 234, -1, 231, 212, 16.0, 15, MSppaapp, 4336, 0, 0, 0, , 0, 0, 0, 0, 0, 
235, 1, 235, 235, -1, 252, 217, 15.0, 11, MSppaapa, 3393, 0, 0, 0, , 0, 0, 0, 0, 0, 
236, 1, 236, 236, -1, 285, 199, 15.0, 15, MSppaaaa, 5613, 0, 0, 0, , 0, 0, 0, 0, 0, 
237, 1, 237, 237, -1, 268, 204, 17.0, 17, MSppaaap, 6358, 0, 0, 0, , 0, 0, 0, 0, 0, 
238, 1, 238, 238, -1, 275, 187, 26.0, 13, MSppappa, 4173, 0, 0, 0, , 0, 0, 0, 0, 0, 
239, 1, 239, 239, -1, 267, 189, 20.0, 13, MSppapaa, 5335, 0, 0, 0, , 0, 0, 0, 0, 0, 
240, 1, 240, 240, -1, 247, 200, 19.0, 15, MSppapap, 4630, 0, 0, 0, , 0, 0, 0, 0, 0, 
241, 1, 241, 241, -1, 202, 262, 16.0, 17, MSpapapp, 6897, 0, 0, 0, , 0, 0, 0, 0, 0, 
242, 1, 242, 242, -1, 212, 246, 18.0, 15, MSpapapa, 7476, 0, 0, 0, , 0, 0, 0, 0, 0, 
243, 1, 243, 243, -1, 251, 247, 16.0, 11, MSpapaaaa, 2105, 0, 0, 0, , 0, 0, 0, 0, 0, 
244, 1, 244, 244, -1, 230, 250, 20.0, 15, MSpapaaap, 4800, 0, 0, 0, , 0, 0, 0, 0, 0, 
245, 1, 245, 245, -1, 227, 229, 20.0, 13, MSpapaapa, 3354, 0, 0, 0, , 0, 0, 0, 0, 0, 
246, 1, 246, 246, -1, 212, 250, 22.0, 15, MSpapaapp, 5102, 0, 0, 0, , 0, 0, 0, 0, 0, 
247, 1, 247, 247, -1, 183, 298, 14.0, 15, MSpappaa, 4829, 0, 0, 0, , 0, 0, 0, 0, 0, 
248, 1, 248, 248, -1, 174, 275, 14.0, 15, MSpappap, 4839, 0, 0, 0, , 0, 0, 0, 0, 0, 
249, 1, 249, 249, -1, 168, 254, 14.0, 17, MSpapppp, 4889, 0, 0, 0, , 0, 0, 0, 0, 0, 
250, 1, 250, 250, -1, 165, 231, 16.0, 17, MSpapppa, 5531, 0, 0, 0, , 0, 0, 0, 0, 0, 
251, 1, 251, 251, -1, 268, 217, 28.0, 15, MSpaaappa, 5153, 0, 0, 0, , 0, 0, 0, 0, 0, 
252, 1, 252, 252, -1, 243, 238, 29.0, 15, MSpaaappp, 4660, 0, 0, 0, , 0, 0, 0, 0, 0, 
253, 1, 253, 253, -1, 263, 233, 31.0, 15, MSpaaapa, 7073, 0, 0, 0, , 0, 0, 0, 0, 0, 
254, 1, 254, 254, 255, 289, 210, 27.0, 19, MSpaaaap, 5919, 0, 0, 0, , 0, 0, 0, 0, 0, 
255, 1, 255, 256, -1, 309, 197, 26.0, 15, MSpaaaaa, 7466, 0, 0, 0, , 0, 0, 0, 0, 0, 
256, 1, 256, 257, -1, 250, 219, 24.0, 21, MSpaapap, 7452, 0, 0, 0, , 0, 0, 0, 0, 0, 
257, 1, 257, 258, -1, 268, 202, 24.0, 17, MSpaapaa, 6239, 0, 0, 0, , 0, 0, 0, 0, 0, 
258, 1, 258, 259, -1, 195, 242, 26.0, 23, Earap, 35978, 0, 0, 0, , 0, 0, 0, 0, 0, 
259, 1, 259, 260, -1, 264, 287, 23.0, 13, MSapppaa, 2970, 0, 0, 0, , 0, 0, 0, 0, 0, 
260, 1, 260, 261, -1, 255, 291, 27.0, 15, MSapppap, 4261, 0, 0, 0, , 0, 0, 0, 0, 0, 
261, 1, 261, 262, -1, 242, 286, 29.0, 15, MSappppa, 4217, 0, 0, 0, , 0, 0, 0, 0, 0, 
262, 1, 262, 263, -1, 210, 307, 28.0, 13, MSappppp, 3473, 0, 0, 0, , 0, 0, 0, 0, 0, 
263, 1, 263, 264, -1, 224, 306, 22.0, 15, MSappaap, 5616, 0, 0, 0, , 0, 0, 0, 0, 0, 
264, 1, 264, 265, -1, 246, 289, 20.0, 15, MSappaaa, 4171, 0, 0, 0, , 0, 0, 0, 0, 0, 
265, 1, 265, 266, -1, 227, 315, 18.0, 17, MSappapp, 3489, 0, 0, 0, , 0, 0, 0, 0, 0, 
266, 1, 266, 267, -1, 251, 305, 20.0, 13, MSappapa, 4527, 0, 0, 0, , 0, 0, 0, 0, 0, 
267, 1, 267, 268, -1, 301, 261, 26.0, 15, MSapappa, 5808, 0, 0, 0, , 0, 0, 0, 0, 0, 
268, 1, 268, 269, -1, 268, 272, 29.0, 17, MSapappp, 5748, 0, 0, 0, , 0, 0, 0, 0, 0, 
269, 1, 269, 270, -1, 281, 279, 20.0, 13, MSapapap, 5512, 0, 0, 0, , 0, 0, 0, 0, 0, 
270, 1, 270, 271, -1, 294, 265, 22.0, 17, MSapapaa, 5260, 0, 0, 0, , 0, 0, 0, 0, 0, 
271, 1, 271, 272, -1, 262, 294, 18.0, 17, MSapaapp, 5899, 0, 0, 0, , 0, 0, 0, 0, 0, 
272, 1, 272, 273, -1, 284, 272, 16.0, 13, MSapaapa, 4000, 0, 0, 0, , 0, 0, 0, 0, 0, 
273, 1, 273, 274, -1, 333, 247, 20.0, 15, MSapaaaa, 4629, 0, 0, 0, , 0, 0, 0, 0, 0, 
274, 1, 274, 275, -1, 308, 262, 19.0, 15, MSapaaap, 6056, 0, 0, 0, , 0, 0, 0, 0, 0, 
275, 1, 275, 276, -1, 325, 215, 28.0, 17, MSaaaaapa, 4897, 0, 0, 0, , 0, 0, 0, 0, 0, 
276, 1, 276, 277, -1, 303, 227, 32.0, 13, MSaaaaapp, 4739, 0, 0, 0, , 0, 0, 0, 0, 0, 
277, 1, 277, 278, -1, 337, 217, 24.0, 19, MSaaaaaa, 5166, 0, 0, 0, , 0, 0, 0, 0, 0, 
278, 1, 278, 279, -1, 285, 232, 30.0, 15, MSaaaapa, 7387, 0, 0, 0, , 0, 0, 0, 0, 0, 
279, 1, 279, 280, -1, 269, 251, 28.0, 17, MSaaaapp, 5561, 0, 0, 0, , 0, 0, 0, 0, 0, 
280, 1, 280, 281, -1, 276, 242, 25.0, 21, MSaaapap, 7809, 0, 0, 0, , 0, 0, 0, 0, 0, 
281, 1, 281, 282, 283, 302, 237, 27.0, 15, MSaaapaa, 6648, 0, 0, 0, , 0, 0, 0, 0, 0, 
282, 1, 282, 284, -1, 263, 260, 26.0, 15, MSaaappa, 4408, 0, 0, 0, , 0, 0, 0, 0, 0, 
283, 1, 283, 285, -1, 247, 255, 27.0, 15, MSaaappp, 4671, 0, 0, 0, , 0, 0, 0, 0, 0, 
284, 1, 284, 286, -1, 191, 321, 16.0, 15, MSaapppp, 6040, 0, 0, 0, , 0, 0, 0, 0, 0, 
285, 1, 285, 287, -1, 210, 311, 16.0, 17, MSaapppa, 5028, 0, 0, 0, , 0, 0, 0, 0, 0, 
286, 1, 286, 288, -1, 254, 269, 17.0, 17, MSaapaaa, 7270, 0, 0, 0, , 0, 0, 0, 0, 0, 
287, 1, 287, 289, -1, 225, 289, 17.0, 17, MSaapapp, 7606, 0, 0, 0, , 0, 0, 0, 0, 0, 
288, 1, 288, 290, -1, 232, 271, 19.0, 15, MSaapapa, 5683, 0, 0, 0, , 0, 0, 0, 0, 0, 
289, 1, 289, 291, -1, 212, 281, 23.0, 21, Ealpa, 34711, 0, 0, 0, , 0, 0, 0, 0, 0, 
290, 1, 290, 292, -1, 184, 287, 24.0, 19, Ealpp, 9722, 0, 0, 0, , 0, 0, 0, 0, 0, 
291, 1, 291, 293, -1, 136, 304, 24.0, 21, Eplpa, 39407, 0, 0, 0, , 0, 0, 0, 0, 0, 
292, 1, 292, 294, -1, 144, 340, 20.0, 17, Cappap, 6160, 0, 0, 0, , 0, 0, 0, 0, 0, 
293, 1, 293, 295, -1, 164, 333, 23.0, 19, Cappaa, 9576, 0, 0, 0, , 0, 0, 0, 0, 0, 
294, 1, 294, 296, -1, 124, 336, 21.0, 17, Capppa, 7496, 0, 0, 0, , 0, 0, 0, 0, 0, 
295, 1, 295, 297, -1, 115, 321, 16.0, 19, Capppp, 7178, 0, 0, 0, , 0, 0, 0, 0, 0, 
296, 1, 296, 298, -1, 167, 333, 19.0, 19, Capapa, 8340, 0, 0, 0, , 0, 0, 0, 0, 0, 
297, 1, 297, 299, -1, 145, 322, 16.0, 17, Capapp, 6664, 0, 0, 0, , 0, 0, 0, 0, 0, 
298, 1, 298, 300, -1, 171, 314, 17.0, 19, Capaap, 6771, 0, 0, 0, , 0, 0, 0, 0, 0, 
299, 1, 299, 301, -1, 193, 325, 21.0, 15, Capaaa, 10469, 0, 0, 0, , 0, 0, 0, 0, 0, 
300, 1, 300, 302, -1, 87, 332, 27.0, 19, Caaapp, 7252, 0, 0, 0, , 0, 0, 0, 0, 0, 
301, 1, 301, 303, -1, 83, 327, 16.0, 19, Caappd, 11536, 0, 0, 0, , 0, 0, 0, 0, 0, 
302, 1, 302, 304, -1, 83, 319, 12.0, 15, Caappv, 5501, 0, 0, 0, , 0, 0, 0, 0, 0, 
303, 1, 303, 305, -1, 99, 302, 13.0, 17, Caapa, 8695, 0, 0, 0, , 0, 0, 0, 0, 0, 
304, 1, 304, 306, -1, 65, 302, 18.0, 17, Cpappd, 7757, 0, 0, 0, , 0, 0, 0, 0, 0, 
305, 1, 305, 307, -1, 73, 301, 13.0, 15, Cpappv, 6142, 0, 0, 0, , 0, 0, 0, 0, 0, 
306, 1, 306, 308, -1, 75, 333, 21.0, 21, Cpapaa, 8049, 0, 0, 0, , 0, 0, 0, 0, 0, 
307, 1, 307, 309, -1, 81, 302, 29.0, 21, Cpaapp, 24653, 0, 0, 0, , 0, 0, 0, 0, 0, 
308, 1, 308, 310, -1, 145, 253, 16.0, 17, Cppaap, 7989, 0, 0, 0, , 0, 0, 0, 0, 0, 
309, 1, 309, 311, -1, 146, 229, 18.0, 17, Cppaaa, 8198, 0, 0, 0, , 0, 0, 0, 0, 0, 
310, 1, 310, 312, -1, 122, 239, 21.0, 17, Cppapa, 7358, 0, 0, 0, , 0, 0, 0, 0, 0, 
311, 1, 311, 313, -1, 120, 255, 15.0, 17, Cppapp, 8202, 0, 0, 0, , 0, 0, 0, 0, 0, 
312, 1, 312, 314, -1, 130, 231, 24.0, 19, Cpppaa, 9269, 0, 0, 0, , 0, 0, 0, 0, 0, 
313, 1, 313, 315, -1, 111, 257, 19.0, 17, Cpppap, 8048, 0, 0, 0, , 0, 0, 0, 0, 0, 
314, 1, 314, 316, -1, 240, 314, 23.0, 15, Daapa, 5500, 0, 0, 0, , 0, 0, 0, 0, 0, 
315, 1, 315, 317, -1, 212, 324, 22.0, 17, Daapp, 5608, 0, 0, 0, , 0, 0, 0, 0, 0, 
316, 1, 316, 318, -1, 252, 300, 24.0, 15, Daaaa, 5748, 0, 0, 0, , 0, 0, 0, 0, 0, 
317, 1, 317, 319, -1, 232, 305, 26.0, 15, Daaap, 4494, 0, 0, 0, , 0, 0, 0, 0, 0, 
318, 1, 318, 320, -1, 191, 318, 28.0, 15, Dappa, 5925, 0, 0, 0, , 0, 0, 0, 0, 0, 
319, 1, 319, 321, -1, 159, 329, 27.0, 17, Dappp, 6110, 0, 0, 0, , 0, 0, 0, 0, 0, 
320, 1, 320, 322, -1, 169, 211, 18.0, 15, Dpapp, 3994, 0, 0, 0, , 0, 0, 0, 0, 0, 
321, 1, 320, 323, -1, 187, 207, 19.0, 13, Dpapa, 5718, 0, 0, 0, , 0, 0, 0, 0, 0, 
322, 1, 321, 324, -1, 195, 208, 25.0, 17, Dpaap, 4877, 0, 0, 0, , 0, 0, 0, 0, 0, 
323, 1, 322, 325, -1, 207, 195, 19.0, 15, Dpaaa, 4644, 0, 0, 0, , 0, 0, 0, 0, 0, 
324, 1, 323, 326, -1, 134, 241, 28.0, 17, Dpppp, 5045, 0, 0, 0, , 0, 0, 0, 0, 0, 
325, 1, 324, 327, -1, 163, 223, 25.0, 19, Dpppa, 7126, 0, 0, 0, , 0, 0, 0, 0, 0, 
326, 1, 325, 328, -1, 183, 204, 23.0, 17, Dppaa, 6350, 0, 0, 0, , 0, 0, 0, 0, 0, 
327, 1, 326, 329, -1, 152, 210, 22.0, 15, Dppap, 4639, 0, 0, 0, , 0, 0, 0, 0, 0, 
328, 1, 327, 330, -1, 187, 291, 18.0, 19, Z3, 8100, 0, 0, 0, , 0, 0, 0, 0, 0, 
329, 1, 328, 331, -1, 155, 275, 17.0, 21, Z2, 11800, 0, 0, 0, , 0, 0, 0, 0, 0, 
330, 0, 329, -1, -1, 380, 244, 24.0, 15, , 8679, 0, 0, 0, , 0, 0, 0, 0, 0, 
331, 1, 330, 333, -1, 328, 292, 23.0, 17, ABalpppapp, 9240, 0, 0, 0, , 0, 0, 0, 0, 0, 
332, 1, 331, 334, -1, 309, 281, 21.0, 13, ABalpppppaa, 3333, 0, 0, 0, , 0, 0, 0, 0, 0, 
333, 1, 332, 335, -1, 298, 292, 25.0, 13, ABalpppppap, 4349, 0, 0, 0, , 0, 0, 0, 0, 0, 
334, 1, 333, 336, -1, 283, 280, 25.0, 13, ABalppppppa, 4491, 0, 0, 0, , 0, 0, 0, 0, 0, 
335, 1, 334, 337, -1, 282, 300, 30.0, 17, ABalppppppp, 6221, 0, 0, 0, , 0, 0, 0, 0, 0, 
336, 1, 335, 338, -1, 325, 279, 27.0, 17, ABalppppap, 7748, 0, 0, 0, , 0, 0, 0, 0, 0, 
337, 1, 336, 339, -1, 326, 274, 20.0, 17, ABalppppaa, 7578, 0, 0, 0, , 0, 0, 0, 0, 0, 
338, 1, 337, 340, -1, 338, 283, 17.0, 15, ABalpppaaa, 6110, 0, 0, 0, , 0, 0, 0, 0, 0, 
339, 1, 338, 341, -1, 345, 283, 23.0, 15, ABalpppaap, 7125, 0, 0, 0, , 0, 0, 0, 0, 0, 
340, 1, 339, 342, -1, 319, 300, 19.0, 17, ABalpppapa, 8385, 0, 0, 0, , 0, 0, 0, 0, 0, 
341, 1, 340, 343, -1, 337, 258, 18.0, 17, ABalppaaaa, 10504, 0, 0, 0, , 0, 0, 0, 0, 0, 
342, 1, 341, 344, -1, 349, 268, 18.0, 15, ABalppaaap, 5336, 0, 0, 0, , 0, 0, 0, 0, 0, 
343, 1, 342, 345, -1, 310, 299, 15.0, 15, ABalppaapp, 7304, 0, 0, 0, , 0, 0, 0, 0, 0, 
344, 1, 343, 346, -1, 322, 289, 15.0, 15, ABalppaapa, 6889, 0, 0, 0, , 0, 0, 0, 0, 0, 
345, 1, 344, 347, -1, 288, 297, 12.0, 13, ABalppapppa, 5148, 0, 0, 0, , 0, 0, 0, 0, 0, 
346, 1, 344, 348, -1, 276, 303, 13.0, 13, ABalppapppp, 4200, 0, 0, 0, , 0, 0, 0, 0, 0, 
347, 1, 345, 349, -1, 304, 276, 15.0, 17, ABalppappa, 8350, 0, 0, 0, , 0, 0, 0, 0, 0, 
348, 1, 346, 350, -1, 294, 283, 10.0, 15, ABalppapap, 8733, 0, 0, 0, , 0, 0, 0, 0, 0, 
349, 1, 347, 351, -1, 313, 276, 11.0, 15, ABalppapaa, 7890, 0, 0, 0, , 0, 0, 0, 0, 0, 
350, 1, 348, 352, -1, 274, 280, 10.0, 17, ABalpapapa, 10799, 0, 0, 0, , 0, 0, 0, 0, 0, 
351, 1, 349, 353, -1, 257, 318, 11.0, 19, ABalpapapp, 26147, 0, 0, 0, , 0, 0, 0, 0, 0, 
352, 1, 350, 354, -1, 279, 258, 9.0, 17, ABalpapaap, 9969, 0, 0, 0, , 0, 0, 0, 0, 0, 
353, 1, 351, 355, -1, 301, 260, 10.0, 17, ABalpapaaa, 9242, 0, 0, 0, , 0, 0, 0, 0, 0, 
354, 1, 352, 356, -1, 267, 256, 12.0, 15, ABalpappapa, 6343, 0, 0, 0, , 0, 0, 0, 0, 0, 
355, 1, 353, 357, -1, 241, 262, 11.0, 15, ABalpappapp, 5897, 0, 0, 0, , 0, 0, 0, 0, 0, 
356, 1, 354, 358, -1, 288, 248, 13.0, 15, ABalpappaa, 9151, 0, 0, 0, , 0, 0, 0, 0, 0, 
357, 1, 355, 359, -1, 236, 273, 14.0, 17, ABalpappppp, 6049, 0, 0, 0, , 0, 0, 0, 0, 0, 
358, 1, 356, 360, -1, 260, 273, 14.0, 15, ABalpappppa, 6389, 0, 0, 0, , 0, 0, 0, 0, 0, 
359, 1, 357, 361, -1, 270, 256, 15.0, 17, ABalpapppa, 14751, 0, 0, 0, , 0, 0, 0, 0, 0, 
360, 1, 358, 362, -1, 281, 256, 18.0, 15, ABalpaaapp, 6571, 0, 0, 0, , 0, 0, 0, 0, 0, 
361, 1, 359, 363, -1, 303, 241, 14.0, 15, ABalpaaapa, 9725, 0, 0, 0, , 0, 0, 0, 0, 0, 
362, 1, 360, 364, -1, 308, 241, 10.0, 15, ABalpaaaap, 7637, 0, 0, 0, , 0, 0, 0, 0, 0, 
363, 1, 361, 365, -1, 318, 226, 11.0, 15, ABalpaaaaa, 6765, 0, 0, 0, , 0, 0, 0, 0, 0, 
364, 1, 362, 366, -1, 325, 260, 12.0, 15, ABalpaappp, 7970, 0, 0, 0, , 0, 0, 0, 0, 0, 
365, 1, 363, 367, -1, 334, 238, 11.0, 19, ABalpaappa, 9276, 0, 0, 0, , 0, 0, 0, 0, 0, 
366, 1, 364, 368, -1, 302, 244, 18.0, 15, ABalpaapapp, 6590, 0, 0, 0, , 0, 0, 0, 0, 0, 
367, 1, 365, 369, -1, 317, 237, 17.0, 15, ABalpaapapa, 4728, 0, 0, 0, , 0, 0, 0, 0, 0, 
368, 1, 366, 370, -1, 333, 225, 18.0, 15, ABalpaapaa, 7970, 0, 0, 0, , 0, 0, 0, 0, 0, 
369, 1, 367, 371, -1, 175, 255, 27.0, 19, Epraa, 18291, 0, 0, 0, , 0, 0, 0, 0, 0, 
370, 1, 368, 372, -1, 152, 267, 26.0, 19, Eprap, 11730, 0, 0, 0, , 0, 0, 0, 0, 0, 
371, 1, 369, 373, -1, 218, 226, 24.0, 13, MSpaapp, 4381, 0, 0, 0, , 0, 0, 0, 0, 0, 
372, 1, 370, 374, -1, 167, 259, 23.0, 21, Earpp, 12830, 0, 0, 0, , 0, 0, 0, 0, 0, 
373, 1, 371, 375, -1, 198, 273, 27.0, 21, Ealap, 29207, 0, 0, 0, , 0, 0, 0, 0, 0, 
374, 1, 372, 376, -1, 224, 261, 28.0, 21, Ealaa, 38939, 0, 0, 0, , 0, 0, 0, 0, 0, 
375, 1, 373, 377, -1, 174, 279, 29.0, 21, Eplaa, 21133, 0, 0, 0, , 0, 0, 0, 0, 0, 
376, 1, 374, 378, -1, 153, 291, 25.0, 19, Eplap, 11181, 0, 0, 0, , 0, 0, 0, 0, 0, 
377, 1, 375, 379, -1, 124, 280, 21.0, 21, Eprpp, 10074, 0, 0, 0, , 0, 0, 0, 0, 0, 
378, 1, 376, 380, -1, 190, 335, 26.0, 17, Dapap, 5210, 0, 0, 0, , 0, 0, 0, 0, 0, 
379, 1, 377, 381, -1, 217, 320, 25.0, 15, Dapaa, 5984, 0, 0, 0, , 0, 0, 0, 0, 0, 
380, 1, 378, 382, -1, 233, 271, 24.0, 15, MSaapaapp, 4024, 0, 0, 0, , 0, 0, 0, 0, 0, 
381, 1, 378, 383, -1, 253, 262, 22.0, 11, MSaapaapa, 2556, 0, 0, 0, , 0, 0, 0, 0, 0, 
382, 1, 379, 384, -1, 143, 218, 32.0, 15, ABarpppapp, 4661, 0, 0, 0, , 0, 0, 0, 0, 0, 
383, 1, 380, 385, -1, 229, 328, 13.0, 15, ABplppaapa, 8245, 0, 0, 0, , 0, 0, 0, 0, 0, 
384, 1, 381, 386, -1, 67, 303, 24.0, 17, Cpapap, 7226, 0, 0, 0, , 0, 0, 0, 0, 0, 
385, 1, 382, 387, -1, 225, 235, 27.0, 19, Earaa, 7127, 0, 0, 0, , 0, 0, 0, 0, 0, 
386, 1, 383, 388, -1, 347, 245, 15.0, 15, ABalaaaala, 7297, 0, 0, 0, , 0, 0, 0, 0, 0, 
387, 1, 384, 389, -1, 247, 188, 34.0, 15, ABarpappaa, 5320, 0, 0, 0, , 0, 0, 0, 0, 0, 
388, 1, 385, 390, -1, 342, 200, 27.0, 13, ABalappaaa, 3586, 0, 0, 0, , 0, 0, 0, 0, 0, 
389, 1, 386, 391, -1, 94, 270, 21.0, 19, Cppppa, 7594, 0, 0, 0, , 0, 0, 0, 0, 0, 
390, 1, 387, 392, -1, 98, 288, 16.0, 19, Cppppp, 6312, 0, 0, 0, , 0, 0, 0, 0, 0, 
391, 1, 388, 393, -1, 189, 248, 20.0, 19, Earpa, 11953, 0, 0, 0, , 0, 0, 0, 0, 0, 
392, 1, 389, 394, -1, 244, 200, 29.0, 15, MSppappp, 6505, 0, 0, 0, , 0, 0, 0, 0, 0, 
393, 1, 390, 395, -1, 132, 273, 24.0, 21, Eprpa, 12196, 0, 0, 0, , 0, 0, 0, 0, 0, 
394, 1, 391, 396, -1, 217, 252, 34.0, 19, ABarpaappa, 5774, 0, 0, 0, , 0, 0, 0, 0, 0, 
395, 1, 392, 397, -1, 196, 305, 34.0, 19, ABarppaapa, 4252, 0, 0, 0, , 0, 0, 0, 0, 0, 
396, 1, 393, 398, -1, 117, 254, 33.0, 19, Cpaaap, 5499, 0, 0, 0, , 0, 0, 0, 0, 0, 
397, 1, 394, 399, -1, 118, 331, 32.0, 21, Caaapa, 19308, 0, 0, 0, , 0, 0, 0, 0, 0, 
398, 1, 395, 400, -1, 103, 284, 32.0, 19, Cpaapa, 2078, 0, 0, 0, , 0, 0, 0, 0, 0, 
399, 1, 396, 401, -1, 135, 300, 19.0, 21, Eplpp, 57641, 0, 0, 0, , 0, 0, 0, 0, 0, 
400, 1, 397, 402, -1, 203, 291, 14.0, 13, MSaappap, 4402, 0, 0, 0, , 0, 0, 0, 0, 0, 
401, 0, 398, -1, -1, 171, 273, 29.0, 15, , 6355, 0, 0, 0, , 0, 0, 0, 0, 0, 
402, 0, -1, -1, -1, 184, 293, 16.0, 17, , 6112, 0, 0, 0, , 0, 0, 0, 0, 0, 
403, 1, 401, 405, -1, 183, 228, 35.0, 19, ABarpppapa, 4361, 0, 0, 0, , 0, 0, 0, 0, 0, 
404, 1, 399, 406, -1, 265, 177, 15.0, 15, ABalaapapp, 5039, 0, 0, 0, , 0, 0, 0, 0, 0, 
405, 1, 400, 407, -1, 215, 277, 13.333333, 14, MSaappaa, 5744, 0, 0, 0, , 0, 0, 0, 0, 0, 
406, 1, 402, 408, -1, 156, 247, 34.0, 20, Cpaaaa, 2531, 0, 0, 0, , 0, 0, 0, 0, 0, 
407, 1, 403, 409, -1, 131, 314, 33.0, 15, Caaaap, 0, 0, 0, 0, , 0, 0, 0, 0, 0, 
408, 1, 404, 410, -1, 169, 305, 33.0, 17, Caaaaa, 0, 0, 0, 0, , 0, 0, 0, 0, 0, 
409, 1, 405, 411, -1, 134, 315, 9.0, 10, ABplpppapap, 0, 0, 0, 0, , 0, 0, 0, 0, 0, 
