1, 1, 1, 1, -1, 307, 201, 22.0, 17, ABaraappaa, 9616, 0, 0, 0, , 0, 0, 0, 0, 0, 
2, 1, 2, 2, -1, 288, 209, 20.0, 17, ABaraappap, 17228, 0, 0, 0, , 0, 0, 0, 0, 0, 
3, 1, 3, 3, -1, 255, 231, 20.0, 13, ABaraapppap, 5136, 0, 0, 0, , 0, 0, 0, 0, 0, 
4, 1, 4, 4, -1, 271, 222, 20.0, 15, ABaraapppaa, 5122, 0, 0, 0, , 0, 0, 0, 0, 0, 
5, 1, 5, 5, -1, 239, 222, 19.0, 17, ABaraapppp, 9083, 0, 0, 0, , 0, 0, 0, 0, 0, 
6, 1, 6, 6, -1, 270, 269, 21.0, 15, ABaraapapp, 9913, 0, 0, 0, , 0, 0, 0, 0, 0, 
7, 1, 7, 7, -1, 268, 250, 21.0, 15, ABaraapapap, 5701, 0, 0, 0, , 0, 0, 0, 0, 0, 
8, 1, 8, 8, -1, 288, 241, 20.0, 15, ABaraapapaa, 7309, 0, 0, 0, , 0, 0, 0, 0, 0, 
9, 1, 9, 9, -1, 322, 214, 22.0, 19, ABaraapaaa, 10599, 0, 0, 0, , 0, 0, 0, 0, 0, 
10, 1, 10, 10, -1, 308, 232, 21.0, 19, ABaraapaap, 10486, 0, 0, 0, , 0, 0, 0, 0, 0, 
11, 1, 11, 11, -1, 299, 202, 10.0, 15, ABaraaappa, 6739, 0, 0, 0, , 0, 0, 0, 0, 0, 
12, 1, 12, 12, -1, 280, 201, 10.0, 15, ABaraaappp, 6045, 0, 0, 0, , 0, 0, 0, 0, 0, 
13, 1, 13, 13, -1, 320, 204, 17.0, 17, ABaraaapaa, 9272, 0, 0, 0, , 0, 0, 0, 0, 0, 
14, 1, 14, 14, -1, 307, 213, 16.0, 15, ABaraaapapa, 4573, 0, 0, 0, , 0, 0, 0, 0, 0, 
15, 1, 15, 15, -1, 281, 223, 18.0, 15, ABaraaapapp, 4331, 0, 0, 0, , 0, 0, 0, 0, 0, 
16, 1, 16, 16, -1, 328, 225, 14.0, 17, ABaraaaaaa, 10195, 0, 0, 0, , 0, 0, 0, 0, 0, 
17, 1, 17, 17, -1, 314, 203, 13.0, 15, ABaraaaaap, 8476, 0, 0, 0, , 0, 0, 0, 0, 0, 
18, 1, 18, 18, -1, 325, 225, 25.0, 13, ABaraaaapp, 6779, 0, 0, 0, , 0, 0, 0, 0, 0, 
19, 1, 19, 19, -1, 336, 204, 19.0, 15, ABaraaaapa, 5957, 0, 0, 0, , 0, 0, 0, 0, 0, 
20, 1, 20, 20, -1, 246, 240, 11.0, 19, ABarapapap, 13103, 0, 0, 0, , 0, 0, 0, 0, 0, 
21, 1, 21, 21, -1, 267, 226, 11.0, 17, ABarapapaa, 13470, 0, 0, 0, , 0, 0, 0, 0, 0, 
22, 1, 22, 22, -1, 213, 246, 13.0, 17, ABarapapppp, 6366, 0, 0, 0, , 0, 0, 0, 0, 0, 
23, 1, 23, 23, -1, 232, 244, 14.0, 15, ABarapapppa, 5065, 0, 0, 0, , 0, 0, 0, 0, 0, 
24, 1, 24, 24, -1, 247, 233, 14.0, 17, ABarapappa, 13626, 0, 0, 0, , 0, 0, 0, 0, 0, 
25, 1, 25, 25, -1, 283, 235, 9.0, 15, ABarapaaap, 9397, 0, 0, 0, , 0, 0, 0, 0, 0, 
26, 1, 26, 26, -1, 296, 223, 10.0, 15, ABarapaaaa, 8613, 0, 0, 0, , 0, 0, 0, 0, 0, 
27, 1, 27, 27, -1, 287, 218, 14.0, 19, ABarapaapa, 9532, 0, 0, 0, , 0, 0, 0, 0, 0, 
28, 1, 28, 28, -1, 255, 233, 17.0, 13, ABarapaappp, 7634, 0, 0, 0, , 0, 0, 0, 0, 0, 
29, 1, 29, 29, -1, 271, 227, 14.0, 15, ABarapaappa, 8330, 0, 0, 0, , 0, 0, 0, 0, 0, 
30, 1, 30, 30, -1, 241, 200, 10.0, 17, ABarapppap, 7853, 0, 0, 0, , 0, 0, 0, 0, 0, 
31, 1, 31, 31, -1, 270, 184, 10.0, 17, ABarapppaa, 7892, 0, 0, 0, , 0, 0, 0, 0, 0, 
32, 1, 32, 32, -1, 253, 193, 13.0, 17, ABarappppa, 6829, 0, 0, 0, , 0, 0, 0, 0, 0, 
33, 1, 33, 33, -1, 219, 196, 11.0, 17, ABarappppp, 8813, 0, 0, 0, , 0, 0, 0, 0, 0, 
34, 1, 34, 34, -1, 259, 210, 10.0, 17, ABarappaaa, 9842, 0, 0, 0, , 0, 0, 0, 0, 0, 
35, 1, 35, 35, -1, 236, 221, 10.0, 15, ABarappaap, 9533, 0, 0, 0, , 0, 0, 0, 0, 0, 
36, 1, 36, 36, -1, 217, 217, 10.0, 17, ABarappapa, 13639, 0, 0, 0, , 0, 0, 0, 0, 0, 
37, 1, 37, 37, -1, 191, 212, 10.0, 19, ABarappapp, 11317, 0, 0, 0, , 0, 0, 0, 0, 0, 
38, 1, 38, 38, -1, 220, 180, 31.0, 15, ABarpapppa, 7292, 0, 0, 0, , 0, 0, 0, 0, 0, 
39, 1, 39, 39, -1, 209, 195, 34.0, 17, ABarpapppp, 8044, 0, 0, 0, , 0, 0, 0, 0, 0, 
40, 1, 40, 40, -1, 238, 175, 32.0, 17, ABarpappap, 6617, 0, 0, 0, , 0, 0, 0, 0, 0, 
41, 1, 41, 41, -1, 287, 193, 35.0, 15, ABarpapaaa, 7223, 0, 0, 0, , 0, 0, 0, 0, 0, 
42, 1, 42, 42, -1, 277, 197, 31.0, 15, ABarpapaap, 6793, 0, 0, 0, , 0, 0, 0, 0, 0, 
43, 1, 43, 43, -1, 234, 215, 34.0, 17, ABarpapapp, 6515, 0, 0, 0, , 0, 0, 0, 0, 0, 
44, 1, 44, 44, -1, 268, 211, 33.0, 15, ABarpapapa, 5463, 0, 0, 0, , 0, 0, 0, 0, 0, 
45, 1, 45, 45, -1, 206, 274, 33.0, 17, ABarpaappp, 5409, 0, 0, 0, , 0, 0, 0, 0, 0, 
46, 1, 46, 46, -1, 253, 220, 35.0, 13, ABarpaapaa, 4492, 0, 0, 0, , 0, 0, 0, 0, 0, 
47, 1, 47, 47, -1, 236, 246, 34.0, 19, ABarpaapap, 20704, 0, 0, 0, , 0, 0, 0, 0, 0, 
48, 1, 48, 48, -1, 329, 206, 33.0, 15, ABarpaaaaa, 7911, 0, 0, 0, , 0, 0, 0, 0, 0, 
49, 1, 49, 49, -1, 300, 230, 35.0, 15, ABarpaaaap, 6630, 0, 0, 0, , 0, 0, 0, 0, 0, 
50, 1, 50, 50, -1, 276, 226, 35.0, 11, ABarpaaapp, 4407, 0, 0, 0, , 0, 0, 0, 0, 0, 
51, 1, 51, 51, -1, 295, 211, 35.0, 17, ABarpaaapa, 6685, 0, 0, 0, , 0, 0, 0, 0, 0, 
52, 1, 52, 52, -1, 223, 311, 34.0, 15, ABarppaaap, 5437, 0, 0, 0, , 0, 0, 0, 0, 0, 
53, 1, 53, 53, -1, 230, 289, 34.0, 15, ABarppaaaa, 4608, 0, 0, 0, , 0, 0, 0, 0, 0, 
54, 1, 54, 54, -1, 167, 334, 34.0, 15, ABarppaapp, 6832, 0, 0, 0, , 0, 0, 0, 0, 0, 
55, 1, 55, 55, -1, 142, 349, 31.0, 15, ABarppappa, 7782, 0, 0, 0, , 0, 0, 0, 0, 0, 
56, 1, 56, 56, -1, 112, 353, 23.0, 17, ABarppappp, 5488, 0, 0, 0, , 0, 0, 0, 0, 0, 
57, 1, 57, 57, -1, 188, 344, 32.0, 19, ABarppapap, 7782, 0, 0, 0, , 0, 0, 0, 0, 0, 
58, 1, 58, 58, -1, 210, 331, 33.0, 17, ABarppapaa, 6033, 0, 0, 0, , 0, 0, 0, 0, 0, 
59, 1, 59, 59, -1, 70, 273, 22.0, 17, ABarpppppp, 6054, 0, 0, 0, , 0, 0, 0, 0, 0, 
60, 1, 60, 60, -1, 100, 244, 29.0, 17, ABarpppppa, 5826, 0, 0, 0, , 0, 0, 0, 0, 0, 
61, 1, 61, 61, -1, 154, 200, 30.0, 15, ABarppppaa, 5357, 0, 0, 0, , 0, 0, 0, 0, 0, 
62, 1, 62, 62, -1, 126, 212, 29.0, 15, ABarppppap, 6572, 0, 0, 0, , 0, 0, 0, 0, 0, 
63, 1, 63, 63, -1, 179, 201, 35.0, 17, ABarpppaap, 9130, 0, 0, 0, , 0, 0, 0, 0, 0, 
64, 1, 64, 64, -1, 203, 216, 35.0, 15, ABarpppaaa, 4664, 0, 0, 0, , 0, 0, 0, 0, 0, 
65, 1, 65, 65, -1, 312, 177, 28.0, 13, ABalappppaa, 3242, 0, 0, 0, , 0, 0, 0, 0, 0, 
66, 1, 66, 66, -1, 285, 177, 30.0, 11, ABalappppap, 2350, 0, 0, 0, , 0, 0, 0, 0, 0, 
67, 1, 67, 67, -1, 272, 179, 34.0, 19, ABalappppp, 5730, 0, 0, 0, , 0, 0, 0, 0, 0, 
68, 1, 68, 68, -1, 327, 189, 28.0, 15, ABalapppaa, 5787, 0, 0, 0, , 0, 0, 0, 0, 0, 
69, 1, 69, 69, 70, 307, 195, 32.0, 15, ABalapppap, 4520, 0, 0, 0, , 0, 0, 0, 0, 0, 
70, 1, 70, 71, -1, 315, 172, 23.0, 15, ABalappapa, 5391, 0, 0, 0, , 0, 0, 0, 0, 0, 
71, 1, 71, 72, -1, 350, 209, 25.0, 15, ABalappaap, 4295, 0, 0, 0, , 0, 0, 0, 0, 0, 
72, 1, 72, 73, -1, 297, 166, 26.0, 17, ABalappapp, 7143, 0, 0, 0, , 0, 0, 0, 0, 0, 
73, 1, 73, 74, -1, 309, 264, 34.0, 17, ABalapappp, 5150, 0, 0, 0, , 0, 0, 0, 0, 0, 
74, 1, 74, 75, -1, 340, 241, 29.0, 15, ABalapappaa, 4355, 0, 0, 0, , 0, 0, 0, 0, 0, 
75, 1, 75, 76, -1, 315, 257, 31.0, 15, ABalapappap, 3539, 0, 0, 0, , 0, 0, 0, 0, 0, 
76, 1, 76, 77, -1, 325, 221, 32.0, 17, ABalapapaa, 8082, 0, 0, 0, , 0, 0, 0, 0, 0, 
77, 1, 77, 78, -1, 319, 238, 32.0, 15, ABalapapap, 3868, 0, 0, 0, , 0, 0, 0, 0, 0, 
78, 1, 78, 79, -1, 351, 238, 25.0, 17, ABalapaaaa, 8010, 0, 0, 0, , 0, 0, 0, 0, 0, 
79, 1, 79, 80, -1, 342, 262, 29.0, 19, ABalapaaap, 8427, 0, 0, 0, , 0, 0, 0, 0, 0, 
80, 1, 80, 81, -1, 338, 257, 22.0, 17, ABalapaapa, 5772, 0, 0, 0, , 0, 0, 0, 0, 0, 
81, 1, 81, 82, -1, 332, 263, 25.0, 19, ABalapaapp, 11173, 0, 0, 0, , 0, 0, 0, 0, 0, 
82, 1, 82, 83, -1, 308, 183, 14.0, 15, ABalaapaaa, 6709, 0, 0, 0, , 0, 0, 0, 0, 0, 
83, 1, 83, 84, -1, 257, 175, 12.0, 13, ABalaapapa, 5528, 0, 0, 0, , 0, 0, 0, 0, 0, 
84, 1, 84, 85, -1, 287, 179, 12.0, 15, ABalaapaap, 6745, 0, 0, 0, , 0, 0, 0, 0, 0, 
85, 1, 85, 86, -1, 287, 182, 17.0, 17, ABalaappap, 4969, 0, 0, 0, , 0, 0, 0, 0, 0, 
86, 1, 86, 87, -1, 294, 172, 16.0, 17, ABalaappaa, 5587, 0, 0, 0, , 0, 0, 0, 0, 0, 
87, 1, 87, 88, -1, 293, 162, 21.0, 15, ABalaapppp, 4840, 0, 0, 0, , 0, 0, 0, 0, 0, 
88, 1, 88, 89, -1, 295, 181, 21.0, 15, ABalaapppa, 5392, 0, 0, 0, , 0, 0, 0, 0, 0, 
89, 1, 89, 90, -1, 342, 262, 14.0, 17, ABalaaaalp, 6660, 0, 0, 0, , 0, 0, 0, 0, 0, 
90, 1, 90, 91, -1, 330, 187, 17.0, 15, ABalaaaarr, 7624, 0, 0, 0, , 0, 0, 0, 0, 0, 
91, 1, 91, 92, -1, 349, 217, 18.0, 15, ABalaaaarl, 8105, 0, 0, 0, , 0, 0, 0, 0, 0, 
92, 1, 92, 93, -1, 331, 183, 21.0, 15, ABalaaappl, 6939, 0, 0, 0, , 0, 0, 0, 0, 0, 
93, 1, 93, 94, -1, 315, 177, 18.0, 15, ABalaaappr, 7036, 0, 0, 0, , 0, 0, 0, 0, 0, 
94, 1, 94, 95, -1, 351, 205, 22.0, 17, ABalaaapar, 5441, 0, 0, 0, , 0, 0, 0, 0, 0, 
95, 1, 95, 96, -1, 352, 244, 21.0, 17, ABalaaapal, 8695, 0, 0, 0, , 0, 0, 0, 0, 0, 
96, 1, 96, 97, 98, 157, 317, 11.0, 17, ABplppppap, 6937, 0, 0, 0, , 0, 0, 0, 0, 0, 
97, 1, 97, 99, -1, 182, 311, 11.0, 17, ABplppppaa, 6975, 0, 0, 0, , 0, 0, 0, 0, 0, 
98, 1, 98, 100, -1, 112, 317, 11.0, 15, ABplpppppp, 7712, 0, 0, 0, , 0, 0, 0, 0, 0, 
99, 1, 99, 101, -1, 152, 301, 14.0, 15, ABplpppppa, 7344, 0, 0, 0, , 0, 0, 0, 0, 0, 
100, 1, 100, 102, -1, 133, 311, 12.0, 15, ABplpppapp, 7171, 0, 0, 0, , 0, 0, 0, 0, 0, 
101, 1, 101, 103, -1, 150, 335, 11.0, 15, ABplpppapaa, 4126, 0, 0, 0, , 0, 0, 0, 0, 0, 
102, 1, 102, 104, -1, 158, 344, 13.0, 19, ABplpppaap, 7821, 0, 0, 0, , 0, 0, 0, 0, 0, 
103, 1, 103, 105, -1, 178, 334, 11.0, 15, ABplpppaaa, 7923, 0, 0, 0, , 0, 0, 0, 0, 0, 
104, 1, 104, 106, -1, 185, 344, 14.0, 15, ABplppappp, 7986, 0, 0, 0, , 0, 0, 0, 0, 0, 
105, 1, 105, 107, -1, 210, 339, 14.0, 17, ABplppappa, 7617, 0, 0, 0, , 0, 0, 0, 0, 0, 
106, 1, 106, 108, -1, 243, 339, 18.0, 17, ABplppapaa, 9561, 0, 0, 0, , 0, 0, 0, 0, 0, 
107, 1, 107, 109, -1, 215, 346, 18.0, 17, ABplppapap, 9164, 0, 0, 0, , 0, 0, 0, 0, 0, 
108, 1, 108, 110, -1, 203, 324, 11.0, 17, ABplppaapp, 6878, 0, 0, 0, , 0, 0, 0, 0, 0, 
109, 1, 109, 111, -1, 266, 324, 19.0, 15, ABplppaaaa, 8576, 0, 0, 0, , 0, 0, 0, 0, 0, 
110, 1, 110, 112, -1, 261, 325, 21.0, 15, ABplppaaap, 7729, 0, 0, 0, , 0, 0, 0, 0, 0, 
111, 1, 111, 113, -1, 248, 276, 9.0, 17, ABplpappaaa, 5439, 0, 0, 0, , 0, 0, 0, 0, 0, 
112, 1, 112, 114, -1, 227, 289, 10.0, 17, ABplpappaap, 6707, 0, 0, 0, , 0, 0, 0, 0, 0, 
113, 1, 113, 115, -1, 222, 270, 10.0, 15, ABplpappap, 7373, 0, 0, 0, , 0, 0, 0, 0, 0, 
114, 1, 114, 116, -1, 166, 294, 10.0, 17, ABplpapppp, 7993, 0, 0, 0, , 0, 0, 0, 0, 0, 
115, 1, 115, 117, -1, 186, 282, 10.0, 17, ABplpapppa, 8978, 0, 0, 0, , 0, 0, 0, 0, 0, 
116, 1, 116, 118, -1, 205, 304, 10.0, 17, ABplpapapp, 7670, 0, 0, 0, , 0, 0, 0, 0, 0, 
117, 1, 117, 119, -1, 230, 310, 12.0, 17, ABplpapapa, 7165, 0, 0, 0, , 0, 0, 0, 0, 0, 
118, 1, 118, 120, -1, 248, 316, 15.0, 15, ABplpapaap, 6091, 0, 0, 0, , 0, 0, 0, 0, 0, 
119, 1, 119, 121, -1, 257, 297, 14.0, 15, ABplpapaaa, 8237, 0, 0, 0, , 0, 0, 0, 0, 0, 
120, 1, 120, 122, -1, 270, 325, 15.0, 21, ABplpaaaap, 11662, 0, 0, 0, , 0, 0, 0, 0, 0, 
121, 1, 121, 123, -1, 291, 291, 17.0, 15, ABplpaaaaa, 9514, 0, 0, 0, , 0, 0, 0, 0, 0, 
122, 1, 122, 124, -1, 292, 310, 18.0, 19, ABplpaaapa, 10612, 0, 0, 0, , 0, 0, 0, 0, 0, 
123, 1, 123, 125, -1, 284, 317, 19.0, 17, ABplpaaapp, 6871, 0, 0, 0, , 0, 0, 0, 0, 0, 
124, 1, 124, 126, -1, 281, 304, 25.0, 17, ABplpaappa, 7832, 0, 0, 0, , 0, 0, 0, 0, 0, 
125, 1, 125, 127, -1, 280, 324, 23.0, 17, ABplpaappp, 8475, 0, 0, 0, , 0, 0, 0, 0, 0, 
126, 1, 126, 128, -1, 297, 293, 20.0, 15, ABplpaapaa, 8085, 0, 0, 0, , 0, 0, 0, 0, 0, 
127, 1, 127, 129, -1, 299, 316, 23.0, 15, ABplpaapap, 7939, 0, 0, 0, , 0, 0, 0, 0, 0, 
128, 1, 128, 130, -1, 271, 325, 29.0, 15, ABplaappap, 7596, 0, 0, 0, , 0, 0, 0, 0, 0, 
129, 1, 129, 131, -1, 289, 321, 27.0, 15, ABplaappaa, 6287, 0, 0, 0, , 0, 0, 0, 0, 0, 
130, 1, 130, 132, -1, 253, 329, 28.0, 17, ABplaapppa, 7693, 0, 0, 0, , 0, 0, 0, 0, 0, 
131, 1, 131, 133, -1, 232, 344, 25.0, 17, ABplaapppp, 9804, 0, 0, 0, , 0, 0, 0, 0, 0, 
132, 1, 132, 134, -1, 335, 261, 33.0, 17, ABplaapaaa, 9476, 0, 0, 0, , 0, 0, 0, 0, 0, 
133, 1, 133, 135, -1, 325, 277, 32.0, 17, ABplaapaap, 8930, 0, 0, 0, , 0, 0, 0, 0, 0, 
134, 1, 134, 136, -1, 301, 280, 30.0, 19, ABplaapapp, 9905, 0, 0, 0, , 0, 0, 0, 0, 0, 
135, 1, 135, 137, -1, 304, 282, 27.0, 19, ABplaapapa, 10742, 0, 0, 0, , 0, 0, 0, 0, 0, 
136, 1, 136, 138, -1, 293, 255, 34.0, 15, ABplaaaaap, 7166, 0, 0, 0, , 0, 0, 0, 0, 0, 
137, 1, 137, 139, -1, 314, 246, 36.0, 15, ABplaaaaaa, 6617, 0, 0, 0, , 0, 0, 0, 0, 0, 
138, 1, 138, 140, -1, 262, 258, 34.0, 15, ABplaaaapp, 7686, 0, 0, 0, , 0, 0, 0, 0, 0, 
139, 1, 139, 141, -1, 278, 245, 35.0, 13, ABplaaaapa, 5043, 0, 0, 0, , 0, 0, 0, 0, 0, 
140, 1, 140, 142, -1, 251, 288, 34.0, 19, ABplaaappp, 7495, 0, 0, 0, , 0, 0, 0, 0, 0, 
141, 1, 141, 143, -1, 269, 295, 34.0, 17, ABplaaappa, 6356, 0, 0, 0, , 0, 0, 0, 0, 0, 
142, 1, 142, 144, -1, 285, 291, 34.0, 15, ABplaaapap, 5665, 0, 0, 0, , 0, 0, 0, 0, 0, 
143, 1, 143, 145, -1, 294, 279, 35.0, 15, ABplaaapaa, 6409, 0, 0, 0, , 0, 0, 0, 0, 0, 
144, 1, 144, 146, -1, 122, 353, 15.0, 15, ABplappppa, 6679, 0, 0, 0, , 0, 0, 0, 0, 0, 
145, 1, 145, 147, -1, 107, 334, 11.0, 15, ABplappppp, 6586, 0, 0, 0, , 0, 0, 0, 0, 0, 
146, 1, 146, 148, -1, 146, 349, 16.0, 15, ABplapppaa, 7892, 0, 0, 0, , 0, 0, 0, 0, 0, 
147, 1, 147, 149, -1, 129, 335, 13.0, 15, ABplapppap, 5498, 0, 0, 0, , 0, 0, 0, 0, 0, 
148, 1, 148, 150, -1, 200, 356, 24.0, 15, ABplappaaa, 8081, 0, 0, 0, , 0, 0, 0, 0, 0, 
149, 1, 149, 151, -1, 182, 360, 23.0, 15, ABplappaap, 7735, 0, 0, 0, , 0, 0, 0, 0, 0, 
150, 1, 150, 152, -1, 164, 359, 22.0, 15, ABplappapp, 7989, 0, 0, 0, , 0, 0, 0, 0, 0, 
151, 1, 151, 153, -1, 168, 353, 29.0, 17, ABplappapa, 9222, 0, 0, 0, , 0, 0, 0, 0, 0, 
152, 1, 152, 154, -1, 210, 351, 28.0, 17, ABplapaapp, 8014, 0, 0, 0, , 0, 0, 0, 0, 0, 
153, 1, 153, 155, -1, 233, 334, 32.0, 15, ABplapaapa, 6423, 0, 0, 0, , 0, 0, 0, 0, 0, 
154, 1, 154, 156, -1, 243, 301, 31.0, 15, ABplapaaaa, 7316, 0, 0, 0, , 0, 0, 0, 0, 0, 
155, 1, 155, 157, -1, 237, 316, 31.0, 17, ABplapaaap, 8116, 0, 0, 0, , 0, 0, 0, 0, 0, 
156, 1, 156, 158, -1, 105, 344, 17.0, 17, ABplapappp, 6659, 0, 0, 0, , 0, 0, 0, 0, 0, 
157, 1, 157, 159, -1, 142, 365, 22.0, 15, ABplapapap, 6562, 0, 0, 0, , 0, 0, 0, 0, 0, 
158, 1, 158, 160, -1, 124, 360, 19.0, 17, ABplapappa, 7817, 0, 0, 0, , 0, 0, 0, 0, 0, 
159, 1, 159, 161, -1, 136, 355, 26.0, 19, ABplapapaa, 10036, 0, 0, 0, , 0, 0, 0, 0, 0, 
160, 1, 160, 162, -1, 211, 220, 13.0, 17, ABprpapaaa, 7269, 0, 0, 0, , 0, 0, 0, 0, 0, 
161, 1, 161, 163, -1, 191, 206, 13.0, 17, ABprpapaap, 7762, 0, 0, 0, , 0, 0, 0, 0, 0, 
162, 1, 162, 164, -1, 178, 249, 10.0, 17, ABprpapapp, 7748, 0, 0, 0, , 0, 0, 0, 0, 0, 
163, 1, 163, 165, -1, 191, 233, 12.0, 15, ABprpapapa, 7280, 0, 0, 0, , 0, 0, 0, 0, 0, 
164, 1, 164, 166, -1, 156, 277, 12.0, 15, ABprpapppp, 6974, 0, 0, 0, , 0, 0, 0, 0, 0, 
165, 1, 165, 167, -1, 191, 267, 12.0, 17, ABprpapppa, 6680, 0, 0, 0, , 0, 0, 0, 0, 0, 
166, 1, 166, 168, -1, 203, 264, 10.0, 13, ABprpappap, 2064, 0, 0, 0, , 0, 0, 0, 0, 0, 
167, 1, 167, 169, -1, 220, 243, 9.0, 19, ABprpappaa, 11431, 0, 0, 0, , 0, 0, 0, 0, 0, 
168, 1, 168, 170, -1, 243, 194, 15.0, 19, ABprpaaaaa, 33359, 0, 0, 0, , 0, 0, 0, 0, 0, 
169, 1, 169, 171, -1, 208, 179, 11.0, 19, ABprpaaaap, 10965, 0, 0, 0, , 0, 0, 0, 0, 0, 
170, 1, 170, 172, -1, 215, 177, 15.0, 17, ABprpaaapp, 10181, 0, 0, 0, , 0, 0, 0, 0, 0, 
171, 1, 171, 173, -1, 231, 178, 15.0, 15, ABprpaaapa, 8216, 0, 0, 0, , 0, 0, 0, 0, 0, 
172, 1, 172, 174, -1, 244, 178, 18.0, 17, ABprpaapaa, 8906, 0, 0, 0, , 0, 0, 0, 0, 0, 
173, 1, 173, 175, -1, 223, 163, 19.0, 17, ABprpaapap, 8498, 0, 0, 0, , 0, 0, 0, 0, 0, 
174, 1, 174, 176, -1, 208, 172, 18.0, 17, ABprpaappp, 8936, 0, 0, 0, , 0, 0, 0, 0, 0, 
175, 1, 175, 177, -1, 217, 182, 23.0, 17, ABprpaappa, 11723, 0, 0, 0, , 0, 0, 0, 0, 0, 
176, 1, 176, 178, -1, 106, 243, 12.0, 17, ABprpppaap, 8454, 0, 0, 0, , 0, 0, 0, 0, 0, 
177, 1, 177, 179, -1, 129, 237, 11.0, 17, ABprpppaaa, 8129, 0, 0, 0, , 0, 0, 0, 0, 0, 
178, 1, 178, 180, -1, 113, 255, 10.0, 13, ABprpppapaa, 3858, 0, 0, 0, , 0, 0, 0, 0, 0, 
179, 1, 179, 181, -1, 111, 284, 10.0, 13, ABprpppapap, 4430, 0, 0, 0, , 0, 0, 0, 0, 0, 
180, 1, 180, 182, -1, 127, 282, 9.0, 15, ABprpppapp, 6290, 0, 0, 0, , 0, 0, 0, 0, 0, 
181, 1, 181, 183, -1, 134, 261, 10.0, 17, ABprppppap, 5501, 0, 0, 0, , 0, 0, 0, 0, 0, 
182, 1, 182, 184, -1, 157, 256, 10.0, 15, ABprppppaa, 8511, 0, 0, 0, , 0, 0, 0, 0, 0, 
183, 1, 183, 185, -1, 112, 299, 11.0, 17, ABprpppppp, 6834, 0, 0, 0, , 0, 0, 0, 0, 0, 
184, 1, 184, 186, -1, 134, 277, 13.0, 17, ABprpppppa, 6644, 0, 0, 0, , 0, 0, 0, 0, 0, 
185, 1, 185, 187, -1, 173, 220, 12.0, 15, ABprppaapa, 7174, 0, 0, 0, , 0, 0, 0, 0, 0, 
186, 1, 186, 188, -1, 158, 236, 11.0, 15, ABprppaapp, 7824, 0, 0, 0, , 0, 0, 0, 0, 0, 
187, 1, 187, 189, -1, 188, 188, 15.0, 19, ABprppaaaa, 31044, 0, 0, 0, , 0, 0, 0, 0, 0, 
188, 1, 188, 190, -1, 180, 176, 20.0, 13, ABprppaaap, 5496, 0, 0, 0, , 0, 0, 0, 0, 0, 
189, 1, 189, 191, -1, 165, 198, 14.0, 19, ABprppapaa, 9102, 0, 0, 0, , 0, 0, 0, 0, 0, 
190, 1, 190, 192, -1, 140, 206, 14.0, 17, ABprppapap, 8111, 0, 0, 0, , 0, 0, 0, 0, 0, 
191, 1, 191, 193, -1, 119, 227, 13.0, 17, ABprppappp, 8478, 0, 0, 0, , 0, 0, 0, 0, 0, 
192, 1, 192, 194, -1, 143, 219, 12.0, 17, ABprppappa, 6186, 0, 0, 0, , 0, 0, 0, 0, 0, 
193, 1, 193, 195, -1, 302, 173, 33.0, 17, ABpraapaaa, 8637, 0, 0, 0, , 0, 0, 0, 0, 0, 
194, 1, 194, 196, -1, 272, 164, 30.0, 17, ABpraapaap, 9877, 0, 0, 0, , 0, 0, 0, 0, 0, 
195, 1, 195, 197, -1, 261, 180, 24.0, 15, ABpraapapa, 8448, 0, 0, 0, , 0, 0, 0, 0, 0, 
196, 1, 196, 198, -1, 248, 178, 28.0, 15, ABpraapapp, 6349, 0, 0, 0, , 0, 0, 0, 0, 0, 
197, 1, 197, 199, -1, 155, 190, 20.0, 17, ABpraapppp, 7329, 0, 0, 0, , 0, 0, 0, 0, 0, 
198, 1, 198, 200, -1, 180, 178, 23.0, 15, ABpraapppa, 4536, 0, 0, 0, , 0, 0, 0, 0, 0, 
199, 1, 199, 201, -1, 197, 170, 23.0, 17, ABpraappap, 5617, 0, 0, 0, , 0, 0, 0, 0, 0, 
200, 1, 200, 202, -1, 215, 161, 23.0, 13, ABpraappaa, 5883, 0, 0, 0, , 0, 0, 0, 0, 0, 
201, 1, 201, 203, -1, 270, 161, 25.0, 15, ABpraaapap, 8776, 0, 0, 0, , 0, 0, 0, 0, 0, 
202, 1, 202, 204, -1, 276, 172, 21.0, 15, ABpraaapaa, 5619, 0, 0, 0, , 0, 0, 0, 0, 0, 
203, 1, 203, 205, -1, 248, 175, 21.0, 19, ABpraaappa, 11588, 0, 0, 0, , 0, 0, 0, 0, 0, 
204, 1, 204, 206, -1, 237, 191, 23.0, 15, ABpraaapppa, 5496, 0, 0, 0, , 0, 0, 0, 0, 0, 
205, 1, 205, 207, -1, 223, 176, 26.0, 21, ABpraaapppp, 3348, 0, 0, 0, , 0, 0, 0, 0, 0, 
206, 1, 206, 208, -1, 264, 158, 20.0, 15, ABpraaaaap, 7279, 0, 0, 0, , 0, 0, 0, 0, 0, 
207, 1, 207, 209, -1, 277, 164, 17.0, 15, ABpraaaaaa, 8409, 0, 0, 0, , 0, 0, 0, 0, 0, 
208, 1, 208, 210, -1, 258, 168, 18.0, 15, ABpraaaapa, 6925, 0, 0, 0, , 0, 0, 0, 0, 0, 
209, 1, 209, 211, -1, 241, 159, 22.0, 15, ABpraaaapp, 8435, 0, 0, 0, , 0, 0, 0, 0, 0, 
210, 1, 210, 212, -1, 99, 228, 21.0, 15, ABprappapp, 7361, 0, 0, 0, , 0, 0, 0, 0, 0, 
211, 1, 211, 213, -1, 108, 223, 26.0, 15, ABprappapa, 8367, 0, 0, 0, , 0, 0, 0, 0, 0, 
212, 1, 212, 214, -1, 115, 213, 20.0, 15, ABprappaap, 8135, 0, 0, 0, , 0, 0, 0, 0, 0, 
213, 1, 213, 215, -1, 134, 207, 19.0, 17, ABprappaaa, 7956, 0, 0, 0, , 0, 0, 0, 0, 0, 
214, 1, 214, 216, -1, 95, 253, 15.0, 15, ABprapppaa, 5351, 0, 0, 0, , 0, 0, 0, 0, 0, 
215, 1, 215, 217, -1, 99, 270, 13.0, 15, ABprapppap, 6085, 0, 0, 0, , 0, 0, 0, 0, 0, 
216, 1, 216, 218, -1, 82, 281, 12.0, 15, ABprappppp, 7094, 0, 0, 0, , 0, 0, 0, 0, 0, 
217, 1, 217, 219, -1, 79, 264, 13.0, 15, ABprappppa, 6617, 0, 0, 0, , 0, 0, 0, 0, 0, 
218, 1, 218, 220, -1, 175, 196, 29.0, 17, ABprapaaap, 7863, 0, 0, 0, , 0, 0, 0, 0, 0, 
219, 1, 219, 221, -1, 195, 196, 29.0, 17, ABprapaaaa, 7777, 0, 0, 0, , 0, 0, 0, 0, 0, 
220, 1, 220, 222, -1, 137, 201, 24.0, 15, ABprapaapp, 9117, 0, 0, 0, , 0, 0, 0, 0, 0, 
221, 1, 221, 223, -1, 167, 185, 26.0, 15, ABprapaapa, 7356, 0, 0, 0, , 0, 0, 0, 0, 0, 
222, 1, 222, 224, -1, 79, 249, 17.0, 15, ABprapappa, 7356, 0, 0, 0, , 0, 0, 0, 0, 0, 
223, 1, 223, 225, -1, 73, 278, 17.0, 17, ABprapappp, 7702, 0, 0, 0, , 0, 0, 0, 0, 0, 
224, 1, 224, 226, -1, 83, 247, 22.0, 15, ABprapapap, 8742, 0, 0, 0, , 0, 0, 0, 0, 0, 
225, 1, 225, 227, -1, 87, 254, 26.0, 17, ABprapapaa, 7480, 0, 0, 0, , 0, 0, 0, 0, 0, 
226, 1, 226, 228, -1, 216, 201, 25.0, 15, MSppppap, 5077, 0, 0, 0, , 0, 0, 0, 0, 0, 
227, 1, 227, 229, -1, 225, 201, 20.0, 15, MSppppaa, 4098, 0, 0, 0, , 0, 0, 0, 0, 0, 
228, 1, 228, 230, -1, 223, 205, 29.0, 15, MSpppppa, 5629, 0, 0, 0, , 0, 0, 0, 0, 0, 
229, 1, 229, 231, -1, 191, 218, 28.0, 15, MSpppppp, 4532, 0, 0, 0, , 0, 0, 0, 0, 0, 
230, 1, 230, 232, -1, 216, 222, 15.0, 15, MSpppaaa, 4203, 0, 0, 0, , 0, 0, 0, 0, 0, 
231, 1, 231, 233, -1, 207, 226, 19.0, 15, MSpppaap, 4798, 0, 0, 0, , 0, 0, 0, 0, 0, 
232, 1, 232, 234, -1, 191, 221, 19.0, 13, MSpppapp, 4672, 0, 0, 0, , 0, 0, 0, 0, 0, 
233, 1, 233, 235, -1, 204, 202, 16.0, 13, MSpppapa, 4187, 0, 0, 0, , 0, 0, 0, 0, 0, 
234, 1, 234, 236, -1, 230, 211, 16.0, 13, MSppaapp, 4225, 0, 0, 0, , 0, 0, 0, 0, 0, 
235, 1, 235, 237, -1, 251, 216, 15.0, 11, MSppaapa, 3545, 0, 0, 0, , 0, 0, 0, 0, 0, 
236, 1, 236, 238, -1, 286, 198, 16.0, 15, MSppaaaa, 5357, 0, 0, 0, , 0, 0, 0, 0, 0, 
237, 1, 237, 239, -1, 268, 201, 18.0, 15, MSppaaap, 5943, 0, 0, 0, , 0, 0, 0, 0, 0, 
238, 1, 238, 240, -1, 276, 191, 26.0, 17, MSppappa, 6433, 0, 0, 0, , 0, 0, 0, 0, 0, 
239, 1, 239, 241, -1, 264, 193, 21.0, 15, MSppapaa, 5462, 0, 0, 0, , 0, 0, 0, 0, 0, 
240, 1, 240, 242, -1, 247, 201, 19.0, 13, MSppapap, 4345, 0, 0, 0, , 0, 0, 0, 0, 0, 
241, 1, 241, 243, -1, 203, 261, 16.0, 19, MSpapapp, 5788, 0, 0, 0, , 0, 0, 0, 0, 0, 
242, 1, 242, 244, -1, 215, 246, 18.0, 17, MSpapapa, 6590, 0, 0, 0, , 0, 0, 0, 0, 0, 
243, 1, 243, 245, -1, 253, 246, 16.0, 13, MSpapaaaa, 2422, 0, 0, 0, , 0, 0, 0, 0, 0, 
244, 1, 244, 246, -1, 233, 250, 21.0, 15, MSpapaaap, 4654, 0, 0, 0, , 0, 0, 0, 0, 0, 
245, 1, 245, 247, -1, 226, 228, 20.0, 13, MSpapaapa, 3298, 0, 0, 0, , 0, 0, 0, 0, 0, 
246, 1, 246, 248, -1, 214, 251, 21.0, 15, MSpapaapp, 5162, 0, 0, 0, , 0, 0, 0, 0, 0, 
247, 1, 247, 249, -1, 182, 297, 14.0, 15, MSpappaa, 5002, 0, 0, 0, , 0, 0, 0, 0, 0, 
248, 1, 248, 250, -1, 176, 276, 14.0, 15, MSpappap, 4884, 0, 0, 0, , 0, 0, 0, 0, 0, 
249, 1, 249, 251, -1, 168, 255, 14.0, 15, MSpapppp, 4040, 0, 0, 0, , 0, 0, 0, 0, 0, 
250, 1, 250, 252, -1, 165, 231, 15.0, 17, MSpapppa, 6763, 0, 0, 0, , 0, 0, 0, 0, 0, 
251, 1, 251, 253, -1, 264, 219, 28.0, 17, MSpaaappa, 4614, 0, 0, 0, , 0, 0, 0, 0, 0, 
252, 1, 252, 254, -1, 242, 239, 29.0, 15, MSpaaappp, 4992, 0, 0, 0, , 0, 0, 0, 0, 0, 
253, 1, 253, 255, -1, 261, 234, 31.0, 15, MSpaaapa, 6241, 0, 0, 0, , 0, 0, 0, 0, 0, 
254, 1, 254, 256, -1, 301, 208, 26.0, 15, MSpaaaapa, 4141, 0, 0, 0, , 0, 0, 0, 0, 0, 
255, 1, 254, 257, -1, 279, 216, 28.0, 15, MSpaaaapp, 4821, 0, 0, 0, , 0, 0, 0, 0, 0, 
256, 1, 255, 258, -1, 313, 194, 25.0, 15, MSpaaaaa, 7465, 0, 0, 0, , 0, 0, 0, 0, 0, 
257, 1, 256, 259, -1, 251, 220, 24.0, 19, MSpaapap, 7867, 0, 0, 0, , 0, 0, 0, 0, 0, 
258, 1, 257, 260, -1, 271, 204, 24.0, 17, MSpaapaa, 6298, 0, 0, 0, , 0, 0, 0, 0, 0, 
259, 1, 258, 261, -1, 192, 244, 25.0, 21, Earap, 17357, 0, 0, 0, , 0, 0, 0, 0, 0, 
260, 1, 259, 262, -1, 266, 289, 23.0, 13, MSapppaa, 3144, 0, 0, 0, , 0, 0, 0, 0, 0, 
261, 1, 260, 263, -1, 255, 293, 26.0, 17, MSapppap, 5319, 0, 0, 0, , 0, 0, 0, 0, 0, 
262, 1, 261, 264, -1, 242, 285, 29.0, 15, MSappppa, 4323, 0, 0, 0, , 0, 0, 0, 0, 0, 
263, 1, 262, 265, -1, 209, 308, 28.0, 15, MSappppp, 3582, 0, 0, 0, , 0, 0, 0, 0, 0, 
264, 1, 263, 266, -1, 223, 307, 21.0, 17, MSappaap, 4777, 0, 0, 0, , 0, 0, 0, 0, 0, 
265, 1, 264, 267, -1, 247, 289, 21.0, 15, MSappaaa, 4460, 0, 0, 0, , 0, 0, 0, 0, 0, 
266, 1, 265, 268, -1, 228, 318, 17.0, 17, MSappapp, 5609, 0, 0, 0, , 0, 0, 0, 0, 0, 
267, 1, 266, 269, -1, 251, 305, 20.0, 13, MSappapa, 4370, 0, 0, 0, , 0, 0, 0, 0, 0, 
268, 1, 267, 270, -1, 304, 258, 26.0, 15, MSapappa, 6022, 0, 0, 0, , 0, 0, 0, 0, 0, 
269, 1, 268, 271, -1, 268, 272, 29.0, 15, MSapappp, 5511, 0, 0, 0, , 0, 0, 0, 0, 0, 
270, 1, 269, 272, -1, 280, 279, 19.0, 13, MSapapap, 4268, 0, 0, 0, , 0, 0, 0, 0, 0, 
271, 1, 270, 273, -1, 293, 265, 22.0, 17, MSapapaa, 6021, 0, 0, 0, , 0, 0, 0, 0, 0, 
272, 1, 271, 274, -1, 262, 295, 18.0, 17, MSapaapp, 6898, 0, 0, 0, , 0, 0, 0, 0, 0, 
273, 1, 272, 275, -1, 286, 272, 15.0, 15, MSapaapa, 4088, 0, 0, 0, , 0, 0, 0, 0, 0, 
274, 1, 273, 276, -1, 334, 246, 20.0, 15, MSapaaaa, 4589, 0, 0, 0, , 0, 0, 0, 0, 0, 
275, 1, 274, 277, -1, 307, 262, 19.0, 15, MSapaaap, 5713, 0, 0, 0, , 0, 0, 0, 0, 0, 
276, 1, 275, 278, -1, 326, 213, 28.0, 17, MSaaaaapa, 4694, 0, 0, 0, , 0, 0, 0, 0, 0, 
277, 1, 276, 279, -1, 302, 228, 31.0, 15, MSaaaaapp, 6032, 0, 0, 0, , 0, 0, 0, 0, 0, 
278, 1, 277, 280, -1, 340, 218, 24.0, 17, MSaaaaaa, 4555, 0, 0, 0, , 0, 0, 0, 0, 0, 
279, 1, 278, 281, -1, 284, 234, 30.0, 15, MSaaaapa, 5081, 0, 0, 0, , 0, 0, 0, 0, 0, 
280, 1, 279, 282, -1, 267, 253, 28.0, 17, MSaaaapp, 5813, 0, 0, 0, , 0, 0, 0, 0, 0, 
281, 1, 280, 283, -1, 276, 240, 24.0, 15, MSaaapap, 2942, 0, 0, 0, , 0, 0, 0, 0, 0, 
282, 1, 281, 284, -1, 290, 241, 26.0, 13, MSaaapaap, 3463, 0, 0, 0, , 0, 0, 0, 0, 0, 
283, 1, 281, 285, -1, 312, 233, 27.0, 13, MSaaapaaa, 3264, 0, 0, 0, , 0, 0, 0, 0, 0, 
284, 1, 282, 286, -1, 261, 262, 26.0, 15, MSaaappa, 4367, 0, 0, 0, , 0, 0, 0, 0, 0, 
285, 1, 283, 287, -1, 246, 256, 27.0, 13, MSaaappp, 4776, 0, 0, 0, , 0, 0, 0, 0, 0, 
286, 1, 284, 288, -1, 190, 321, 16.0, 15, MSaapppp, 5116, 0, 0, 0, , 0, 0, 0, 0, 0, 
287, 1, 285, 289, -1, 209, 313, 16.0, 17, MSaapppa, 5569, 0, 0, 0, , 0, 0, 0, 0, 0, 
288, 1, 286, 290, -1, 254, 270, 16.0, 17, MSaapaaa, 8756, 0, 0, 0, , 0, 0, 0, 0, 0, 
289, 1, 287, 291, -1, 226, 288, 17.0, 17, MSaapapp, 6633, 0, 0, 0, , 0, 0, 0, 0, 0, 
290, 1, 288, 292, -1, 233, 270, 19.0, 15, MSaapapa, 6114, 0, 0, 0, , 0, 0, 0, 0, 0, 
291, 1, 289, 293, -1, 212, 282, 22.0, 23, Ealpa, 30278, 0, 0, 0, , 0, 0, 0, 0, 0, 
292, 1, 290, 294, -1, 183, 288, 23.0, 19, Ealpp, 11593, 0, 0, 0, , 0, 0, 0, 0, 0, 
293, 1, 291, 295, -1, 135, 303, 24.0, 21, Eplpa, 11830, 0, 0, 0, , 0, 0, 0, 0, 0, 
294, 1, 292, 296, -1, 144, 340, 19.0, 17, Cappap, 7769, 0, 0, 0, , 0, 0, 0, 0, 0, 
295, 1, 293, 297, -1, 164, 334, 23.0, 19, Cappaa, 8488, 0, 0, 0, , 0, 0, 0, 0, 0, 
296, 1, 294, 298, -1, 124, 336, 21.0, 15, Capppa, 6779, 0, 0, 0, , 0, 0, 0, 0, 0, 
297, 1, 295, 299, -1, 114, 322, 16.0, 17, Capppp, 6852, 0, 0, 0, , 0, 0, 0, 0, 0, 
298, 1, 296, 300, -1, 168, 333, 19.0, 17, Capapa, 7959, 0, 0, 0, , 0, 0, 0, 0, 0, 
299, 1, 297, 301, -1, 147, 322, 16.0, 17, Capapp, 6376, 0, 0, 0, , 0, 0, 0, 0, 0, 
300, 1, 298, 302, -1, 171, 314, 17.0, 19, Capaap, 7982, 0, 0, 0, , 0, 0, 0, 0, 0, 
301, 1, 299, 303, -1, 194, 325, 21.0, 17, Capaaa, 7127, 0, 0, 0, , 0, 0, 0, 0, 0, 
302, 1, 300, 304, -1, 86, 334, 27.0, 21, Caaapp, 17246, 0, 0, 0, , 0, 0, 0, 0, 0, 
303, 1, 301, 305, -1, 82, 328, 16.0, 19, Caappd, 35264, 0, 0, 0, , 0, 0, 0, 0, 0, 
304, 1, 302, 306, -1, 83, 320, 12.0, 15, Caappv, 4219, 0, 0, 0, , 0, 0, 0, 0, 0, 
305, 1, 303, 307, -1, 98, 303, 13.0, 17, Caapa, 7596, 0, 0, 0, , 0, 0, 0, 0, 0, 
306, 1, 304, 308, -1, 65, 304, 18.0, 19, Cpappd, 7819, 0, 0, 0, , 0, 0, 0, 0, 0, 
307, 1, 305, 309, -1, 74, 302, 13.0, 15, Cpappv, 6215, 0, 0, 0, , 0, 0, 0, 0, 0, 
308, 1, 306, 310, -1, 76, 335, 21.0, 19, Cpapaa, 9953, 0, 0, 0, , 0, 0, 0, 0, 0, 
309, 1, 307, 311, -1, 80, 301, 30.0, 19, Cpaapp, 10924, 0, 0, 0, , 0, 0, 0, 0, 0, 
310, 1, 308, 312, -1, 146, 252, 15.0, 17, Cppaap, 7302, 0, 0, 0, , 0, 0, 0, 0, 0, 
311, 1, 309, 313, -1, 147, 229, 18.0, 17, Cppaaa, 8206, 0, 0, 0, , 0, 0, 0, 0, 0, 
312, 1, 310, 314, -1, 122, 240, 21.0, 17, Cppapa, 7734, 0, 0, 0, , 0, 0, 0, 0, 0, 
313, 1, 311, 315, -1, 121, 253, 15.0, 19, Cppapp, 6322, 0, 0, 0, , 0, 0, 0, 0, 0, 
314, 1, 312, 316, -1, 130, 232, 24.0, 19, Cpppaa, 8598, 0, 0, 0, , 0, 0, 0, 0, 0, 
315, 1, 313, 317, -1, 110, 258, 18.0, 19, Cpppap, 7715, 0, 0, 0, , 0, 0, 0, 0, 0, 
316, 1, 314, 318, -1, 240, 316, 22.0, 15, Daapa, 5502, 0, 0, 0, , 0, 0, 0, 0, 0, 
317, 1, 315, 319, -1, 214, 325, 21.0, 17, Daapp, 5697, 0, 0, 0, , 0, 0, 0, 0, 0, 
318, 1, 316, 320, -1, 252, 299, 24.0, 17, Daaaa, 5423, 0, 0, 0, , 0, 0, 0, 0, 0, 
319, 1, 317, 321, -1, 233, 304, 26.0, 15, Daaap, 4536, 0, 0, 0, , 0, 0, 0, 0, 0, 
320, 1, 318, 322, -1, 190, 319, 29.0, 15, Dappa, 6718, 0, 0, 0, , 0, 0, 0, 0, 0, 
321, 1, 319, 323, -1, 158, 330, 27.0, 17, Dappp, 6558, 0, 0, 0, , 0, 0, 0, 0, 0, 
322, 1, 320, 324, -1, 168, 210, 17.0, 13, Dpapp, 4758, 0, 0, 0, , 0, 0, 0, 0, 0, 
323, 1, 321, 325, -1, 191, 203, 19.0, 13, Dpapa, 3765, 0, 0, 0, , 0, 0, 0, 0, 0, 
324, 1, 322, 326, -1, 195, 209, 24.0, 15, Dpaap, 4530, 0, 0, 0, , 0, 0, 0, 0, 0, 
325, 1, 323, 327, -1, 209, 196, 19.0, 15, Dpaaa, 5079, 0, 0, 0, , 0, 0, 0, 0, 0, 
326, 1, 324, 328, -1, 134, 240, 28.0, 15, Dpppp, 6488, 0, 0, 0, , 0, 0, 0, 0, 0, 
327, 1, 325, 329, -1, 165, 222, 26.0, 19, Dpppa, 6829, 0, 0, 0, , 0, 0, 0, 0, 0, 
328, 1, 326, 330, -1, 182, 203, 23.0, 17, Dppaa, 6138, 0, 0, 0, , 0, 0, 0, 0, 0, 
329, 1, 327, 331, -1, 154, 210, 21.0, 15, Dppap, 4634, 0, 0, 0, , 0, 0, 0, 0, 0, 
330, 1, 328, 332, -1, 188, 291, 18.0, 19, Z3, 7723, 0, 0, 0, , 0, 0, 0, 0, 0, 
331, 1, 329, 333, -1, 155, 275, 16.0, 21, Z2, 56265, 0, 0, 0, , 0, 0, 0, 0, 0, 
332, 0, 330, -1, -1, 381, 244, 24.0, 15, , 8597, 0, 0, 0, , 0, 0, 0, 0, 0, 
333, 1, 331, 335, -1, 329, 296, 24.0, 16, ABalpppapp, 5800, 0, 0, 0, , 0, 0, 0, 0, 0, 
334, 1, 332, 336, -1, 310, 280, 21.0, 13, ABalpppppaa, 3348, 0, 0, 0, , 0, 0, 0, 0, 0, 
335, 1, 333, 337, -1, 297, 293, 25.0, 13, ABalpppppap, 4833, 0, 0, 0, , 0, 0, 0, 0, 0, 
336, 1, 334, 338, -1, 283, 281, 25.0, 13, ABalppppppa, 4644, 0, 0, 0, , 0, 0, 0, 0, 0, 
337, 1, 335, 339, -1, 282, 301, 30.0, 17, ABalppppppp, 7201, 0, 0, 0, , 0, 0, 0, 0, 0, 
338, 1, 336, 340, -1, 326, 280, 28.0, 17, ABalppppap, 9576, 0, 0, 0, , 0, 0, 0, 0, 0, 
339, 1, 337, 341, -1, 327, 274, 20.0, 17, ABalppppaa, 13687, 0, 0, 0, , 0, 0, 0, 0, 0, 
340, 1, 338, 342, -1, 338, 282, 17.0, 17, ABalpppaaa, 6001, 0, 0, 0, , 0, 0, 0, 0, 0, 
341, 1, 339, 343, -1, 344, 285, 22.0, 15, ABalpppaap, 8155, 0, 0, 0, , 0, 0, 0, 0, 0, 
342, 1, 340, 344, -1, 319, 301, 20.0, 17, ABalpppapa, 8250, 0, 0, 0, , 0, 0, 0, 0, 0, 
343, 1, 341, 345, -1, 335, 260, 17.0, 17, ABalppaaaa, 6689, 0, 0, 0, , 0, 0, 0, 0, 0, 
344, 1, 342, 346, -1, 349, 267, 18.0, 17, ABalppaaap, 6957, 0, 0, 0, , 0, 0, 0, 0, 0, 
345, 1, 343, 347, -1, 311, 299, 15.0, 15, ABalppaapp, 7379, 0, 0, 0, , 0, 0, 0, 0, 0, 
346, 1, 344, 348, -1, 323, 289, 15.0, 15, ABalppaapa, 6638, 0, 0, 0, , 0, 0, 0, 0, 0, 
347, 1, 345, 349, -1, 294, 293, 12.0, 13, ABalppapppa, 4232, 0, 0, 0, , 0, 0, 0, 0, 0, 
348, 1, 346, 350, -1, 272, 302, 13.0, 13, ABalppapppp, 3951, 0, 0, 0, , 0, 0, 0, 0, 0, 
349, 1, 347, 351, -1, 306, 276, 15.0, 17, ABalppappa, 7951, 0, 0, 0, , 0, 0, 0, 0, 0, 
350, 1, 348, 352, -1, 294, 279, 10.0, 17, ABalppapap, 9033, 0, 0, 0, , 0, 0, 0, 0, 0, 
351, 1, 349, 353, -1, 316, 274, 11.0, 17, ABalppapaa, 6702, 0, 0, 0, , 0, 0, 0, 0, 0, 
352, 1, 350, 354, -1, 272, 282, 10.0, 17, ABalpapapa, 10881, 0, 0, 0, , 0, 0, 0, 0, 0, 
353, 1, 351, 355, -1, 257, 318, 11.0, 19, ABalpapapp, 10507, 0, 0, 0, , 0, 0, 0, 0, 0, 
354, 1, 352, 356, -1, 279, 261, 10.0, 15, ABalpapaap, 9618, 0, 0, 0, , 0, 0, 0, 0, 0, 
355, 1, 353, 357, -1, 303, 259, 10.0, 15, ABalpapaaa, 9609, 0, 0, 0, , 0, 0, 0, 0, 0, 
356, 1, 354, 358, -1, 267, 255, 12.0, 15, ABalpappapa, 6877, 0, 0, 0, , 0, 0, 0, 0, 0, 
357, 1, 355, 359, -1, 242, 263, 11.0, 15, ABalpappapp, 5082, 0, 0, 0, , 0, 0, 0, 0, 0, 
358, 1, 356, 360, -1, 284, 246, 13.0, 13, ABalpappaa, 11215, 0, 0, 0, , 0, 0, 0, 0, 0, 
359, 1, 357, 361, -1, 235, 274, 14.0, 17, ABalpappppp, 6080, 0, 0, 0, , 0, 0, 0, 0, 0, 
360, 1, 358, 362, -1, 260, 273, 14.0, 15, ABalpappppa, 5650, 0, 0, 0, , 0, 0, 0, 0, 0, 
361, 1, 359, 363, -1, 272, 258, 15.0, 17, ABalpapppa, 10654, 0, 0, 0, , 0, 0, 0, 0, 0, 
362, 1, 360, 364, -1, 282, 255, 17.0, 15, ABalpaaapp, 7801, 0, 0, 0, , 0, 0, 0, 0, 0, 
363, 1, 361, 365, -1, 304, 242, 14.0, 15, ABalpaaapa, 10181, 0, 0, 0, , 0, 0, 0, 0, 0, 
364, 1, 362, 366, -1, 307, 240, 10.0, 15, ABalpaaaap, 7228, 0, 0, 0, , 0, 0, 0, 0, 0, 
365, 1, 363, 367, -1, 317, 228, 11.0, 17, ABalpaaaaa, 6053, 0, 0, 0, , 0, 0, 0, 0, 0, 
366, 1, 364, 368, -1, 326, 259, 13.0, 15, ABalpaappp, 7727, 0, 0, 0, , 0, 0, 0, 0, 0, 
367, 1, 365, 369, -1, 331, 239, 10.0, 17, ABalpaappa, 8748, 0, 0, 0, , 0, 0, 0, 0, 0, 
368, 1, 366, 370, -1, 302, 243, 18.0, 15, ABalpaapapp, 5201, 0, 0, 0, , 0, 0, 0, 0, 0, 
369, 1, 367, 371, -1, 318, 239, 17.0, 15, ABalpaapapa, 4667, 0, 0, 0, , 0, 0, 0, 0, 0, 
370, 1, 368, 372, 373, 331, 225, 18.0, 17, ABalpaapaa, 8381, 0, 0, 0, , 0, 0, 0, 0, 0, 
371, 1, 369, 374, -1, 173, 256, 27.0, 19, Epraa, 9533, 0, 0, 0, , 0, 0, 0, 0, 0, 
372, 1, 370, 375, -1, 149, 266, 26.0, 21, Eprap, 25202, 0, 0, 0, , 0, 0, 0, 0, 0, 
373, 1, 371, 376, -1, 215, 227, 24.0, 13, MSpaapp, 4518, 0, 0, 0, , 0, 0, 0, 0, 0, 
374, 1, 372, 377, -1, 168, 259, 22.0, 19, Earpp, 11073, 0, 0, 0, , 0, 0, 0, 0, 0, 
375, 1, 373, 378, -1, 198, 274, 27.0, 21, Ealap, 36495, 0, 0, 0, , 0, 0, 0, 0, 0, 
376, 1, 374, 379, -1, 223, 261, 27.0, 23, Ealaa, 33490, 0, 0, 0, , 0, 0, 0, 0, 0, 
377, 1, 375, 380, -1, 171, 277, 29.0, 23, Eplaa, 62247, 0, 0, 0, , 0, 0, 0, 0, 0, 
378, 1, 376, 381, -1, 153, 291, 25.0, 19, Eplap, 19204, 0, 0, 0, , 0, 0, 0, 0, 0, 
379, 1, 377, 382, -1, 125, 280, 21.0, 19, Eprpp, 10887, 0, 0, 0, , 0, 0, 0, 0, 0, 
380, 1, 378, 383, -1, 191, 335, 26.0, 17, Dapap, 7354, 0, 0, 0, , 0, 0, 0, 0, 0, 
381, 1, 379, 384, -1, 218, 321, 25.0, 17, Dapaa, 7099, 0, 0, 0, , 0, 0, 0, 0, 0, 
382, 1, 380, 385, -1, 233, 273, 24.0, 15, MSaapaapp, 4151, 0, 0, 0, , 0, 0, 0, 0, 0, 
383, 1, 381, 386, -1, 254, 263, 21.0, 11, MSaapaapa, 2622, 0, 0, 0, , 0, 0, 0, 0, 0, 
384, 1, 382, 387, -1, 144, 218, 33.0, 15, ABarpppapp, 8753, 0, 0, 0, , 0, 0, 0, 0, 0, 
385, 1, 383, 388, -1, 230, 327, 12.0, 15, ABplppaapa, 7773, 0, 0, 0, , 0, 0, 0, 0, 0, 
386, 1, 384, 389, -1, 67, 302, 24.0, 19, Cpapap, 8455, 0, 0, 0, , 0, 0, 0, 0, 0, 
387, 1, 385, 390, -1, 223, 233, 27.0, 19, Earaa, 7678, 0, 0, 0, , 0, 0, 0, 0, 0, 
388, 1, 386, 391, -1, 348, 244, 16.0, 15, ABalaaaala, 7142, 0, 0, 0, , 0, 0, 0, 0, 0, 
389, 1, 387, 392, -1, 248, 188, 34.0, 15, ABarpappaa, 4091, 0, 0, 0, , 0, 0, 0, 0, 0, 
390, 1, 388, 393, -1, 343, 196, 26.0, 13, ABalappaaa, 4389, 0, 0, 0, , 0, 0, 0, 0, 0, 
391, 1, 389, 394, -1, 96, 268, 22.0, 19, Cppppa, 8391, 0, 0, 0, , 0, 0, 0, 0, 0, 
392, 1, 390, 395, -1, 97, 287, 16.0, 19, Cppppp, 7143, 0, 0, 0, , 0, 0, 0, 0, 0, 
393, 1, 391, 396, -1, 191, 249, 20.0, 19, Earpa, 10967, 0, 0, 0, , 0, 0, 0, 0, 0, 
394, 1, 392, 397, -1, 244, 200, 30.0, 15, MSppappp, 6838, 0, 0, 0, , 0, 0, 0, 0, 0, 
395, 1, 393, 398, -1, 131, 272, 24.0, 21, Eprpa, 11283, 0, 0, 0, , 0, 0, 0, 0, 0, 
396, 1, 394, 399, -1, 215, 251, 34.0, 19, ABarpaappa, 5480, 0, 0, 0, , 0, 0, 0, 0, 0, 
397, 1, 395, 400, -1, 196, 301, 34.0, 19, ABarppaapa, 5935, 0, 0, 0, , 0, 0, 0, 0, 0, 
398, 1, 396, 401, -1, 117, 252, 33.0, 21, Cpaaap, 5802, 0, 0, 0, , 0, 0, 0, 0, 0, 
399, 1, 397, 402, -1, 115, 331, 32.0, 19, Caaapa, 13678, 0, 0, 0, , 0, 0, 0, 0, 0, 
400, 1, 398, 403, -1, 102, 284, 33.0, 21, Cpaapa, 4674, 0, 0, 0, , 0, 0, 0, 0, 0, 
401, 1, 399, 404, -1, 134, 300, 19.0, 21, Eplpp, 58710, 0, 0, 0, , 0, 0, 0, 0, 0, 
402, 1, 400, 405, -1, 203, 291, 14.0, 15, MSaappap, 3838, 0, 0, 0, , 0, 0, 0, 0, 0, 
403, 0, 401, -1, -1, 169, 276, 29.0, 15, , 6355, 0, 0, 0, , 0, 0, 0, 0, 0, 
404, 0, 402, -1, -1, 184, 295, 16.0, 15, , 8335, 0, 0, 0, , 0, 0, 0, 0, 0, 
405, 1, 403, 408, -1, 181, 228, 34.0, 19, ABarpppapa, 4119, 0, 0, 0, , 0, 0, 0, 0, 0, 
406, 1, 404, 409, -1, 265, 177, 15.0, 17, ABalaapapp, 4066, 0, 0, 0, , 0, 0, 0, 0, 0, 
407, 1, 405, 410, -1, 218, 274, 13.0, 13, MSaappaa, 4271, 0, 0, 0, , 0, 0, 0, 0, 0, 
408, 1, 406, 411, -1, 156, 246, 34.0, 20, Cpaaaa, 2531, 0, 0, 0, , 0, 0, 0, 0, 0, 
409, 1, 407, 412, -1, 132, 315, 33.0, 15, Caaaap, 0, 0, 0, 0, , 0, 0, 0, 0, 0, 
410, 1, 408, 413, -1, 170, 305, 33.0, 17, Caaaaa, 0, 0, 0, 0, , 0, 0, 0, 0, 0, 
411, 1, 409, 414, -1, 133, 314, 9.0, 10, ABplpppapap, 0, 0, 0, 0, , 0, 0, 0, 0, 0, 
