1, 1, 1, 1, -1, 310, 207, 24.0, 17, ABaraappaa, 16083, 0, 0, 0, , 0, 0, 0, 0, 0, 
2, 1, 2, 2, -1, 276, 211, 24.0, 15, ABaraappapp, 7619, 0, 0, 0, , 0, 0, 0, 0, 0, 
3, 1, 3, 3, -1, 293, 205, 24.0, 15, ABaraappapa, 5451, 0, 0, 0, , 0, 0, 0, 0, 0, 
4, 1, 4, 4, -1, 252, 222, 21.0, 15, ABaraapppap, 6419, 0, 0, 0, , 0, 0, 0, 0, 0, 
5, 1, 5, 5, -1, 264, 214, 20.0, 13, ABaraapppaa, 4163, 0, 0, 0, , 0, 0, 0, 0, 0, 
6, 1, 6, 6, 320, 238, 233, 19.0, 17, ABaraapppp, 2262, 0, 0, 0, , 0, 0, 0, 0, 0, 
7, 1, 7, 7, -1, 258, 266, 20.0, 17, ABaraapapp, 11316, 0, 0, 0, , 0, 0, 0, 0, 0, 
8, 1, 8, 8, -1, 266, 252, 22.0, 15, ABaraapapap, 5626, 0, 0, 0, , 0, 0, 0, 0, 0, 
9, 1, 9, 9, -1, 282, 249, 23.0, 15, ABaraapapaa, 7575, 0, 0, 0, , 0, 0, 0, 0, 0, 
10, 1, 10, 10, -1, 322, 226, 23.0, 19, ABaraapaaa, 8830, 0, 0, 0, , 0, 0, 0, 0, 0, 
11, 1, 11, 11, -1, 288, 232, 25.0, 15, ABaraapaapp, 7676, 0, 0, 0, , 0, 0, 0, 0, 0, 
12, 1, 12, 12, -1, 306, 232, 24.0, 13, ABaraapaapa, 6392, 0, 0, 0, , 0, 0, 0, 0, 0, 
13, 1, 13, 13, -1, 311, 215, 12.0, 15, ABaraaappa, 7893, 0, 0, 0, , 0, 0, 0, 0, 0, 
14, 1, 14, 14, -1, 299, 207, 12.0, 11, ABaraaapppa, 3734, 0, 0, 0, , 0, 0, 0, 0, 0, 
15, 1, 14, 15, -1, 277, 211, 10.0, 11, ABaraaapppp, 3385, 0, 0, 0, , 0, 0, 0, 0, 0, 
16, 1, 15, 16, -1, 314, 214, 18.0, 13, ABaraaapaaa, 3940, 0, 0, 0, , 0, 0, 0, 0, 0, 
17, 0, -1, -1, -1, 292, 217, 20.0, 13, , 2783, 0, 0, 0, , 0, 0, 0, 0, 0, 
18, 1, 17, 18, -1, 302, 206, 20.0, 15, ABaraaapaap, 5482, 0, 0, 0, , 0, 0, 0, 0, 0, 
19, 1, 18, 19, -1, 279, 220, 21.0, 15, ABaraaapapp, 5805, 0, 0, 0, , 0, 0, 0, 0, 0, 
20, 1, 19, 20, -1, 315, 233, 17.0, 15, ABaraaaaaa, 17301, 0, 0, 0, , 0, 0, 0, 0, 0, 
21, 1, 20, 21, -1, 300, 211, 16.0, 15, ABaraaaaap, 6276, 0, 0, 0, , 0, 0, 0, 0, 0, 
22, 1, 21, 22, -1, 310, 226, 28.0, 13, ABaraaaapp, 5102, 0, 0, 0, , 0, 0, 0, 0, 0, 
23, 1, 22, 23, -1, 327, 213, 19.0, 15, ABaraaaapa, 6787, 0, 0, 0, , 0, 0, 0, 0, 0, 
24, 1, 23, 24, -1, 240, 248, 11.0, 13, ABarapapapp, 7238, 0, 0, 0, , 0, 0, 0, 0, 0, 
25, 1, 24, 25, -1, 257, 242, 11.0, 13, ABarapapapa, 6978, 0, 0, 0, , 0, 0, 0, 0, 0, 
26, 1, 25, 26, -1, 261, 238, 13.0, 15, ABarapapaap, 4287, 0, 0, 0, , 0, 0, 0, 0, 0, 
27, 1, 26, 27, -1, 272, 223, 16.0, 13, ABarapapaaa, 7064, 0, 0, 0, , 0, 0, 0, 0, 0, 
28, 1, 27, 28, -1, 220, 241, 13.0, 19, ABarapapppp, 7603, 0, 0, 0, , 0, 0, 0, 0, 0, 
29, 1, 28, 29, -1, 241, 232, 13.0, 15, ABarapapppa, 5208, 0, 0, 0, , 0, 0, 0, 0, 0, 
30, 1, 29, 30, -1, 248, 229, 15.0, 19, ABarapappa, 11811, 0, 0, 0, , 0, 0, 0, 0, 0, 
31, 1, 30, 31, -1, 280, 229, 11.0, 15, ABarapaaap, 12414, 0, 0, 0, , 0, 0, 0, 0, 0, 
32, 1, 31, 32, -1, 293, 226, 13.0, 15, ABarapaaaa, 10954, 0, 0, 0, , 0, 0, 0, 0, 0, 
33, 1, 32, 33, -1, 282, 219, 17.0, 19, ABarapaapa, 11107, 0, 0, 0, , 0, 0, 0, 0, 0, 
34, 1, 33, 34, -1, 246, 220, 18.0, 17, ABarapaappp, 8357, 0, 0, 0, , 0, 0, 0, 0, 0, 
35, 1, 34, 35, -1, 264, 233, 18.0, 15, ABarapaappa, 6005, 0, 0, 0, , 0, 0, 0, 0, 0, 
36, 1, 35, 36, -1, 260, 199, 10.0, 13, ABarapppapa, 4392, 0, 0, 0, , 0, 0, 0, 0, 0, 
37, 1, 36, 37, -1, 239, 210, 10.0, 11, ABarapppapp, 5037, 0, 0, 0, , 0, 0, 0, 0, 0, 
38, 1, 37, 38, 39, 274, 192, 11.0, 15, ABarapppaa, 10327, 0, 0, 0, , 0, 0, 0, 0, 0, 
39, 1, 38, 40, -1, 255, 199, 13.0, 13, ABarappppap, 4727, 0, 0, 0, , 0, 0, 0, 0, 0, 
40, 1, 39, 41, -1, 272, 186, 15.0, 13, ABarappppaa, 4518, 0, 0, 0, , 0, 0, 0, 0, 0, 
41, 1, 40, 42, -1, 240, 195, 12.0, 13, ABarapppppa, 4020, 0, 0, 0, , 0, 0, 0, 0, 0, 
42, 1, 41, 43, -1, 223, 191, 12.0, 13, ABarapppppp, 4783, 0, 0, 0, , 0, 0, 0, 0, 0, 
43, 1, 42, 44, -1, 260, 219, 11.0, 17, ABarappaaa, 11241, 0, 0, 0, , 0, 0, 0, 0, 0, 
44, 1, 43, 45, -1, 237, 227, 10.0, 19, ABarappaap, 12861, 0, 0, 0, , 0, 0, 0, 0, 0, 
45, 1, 44, 46, -1, 212, 221, 10.0, 17, ABarappapap, 8023, 0, 0, 0, , 0, 0, 0, 0, 0, 
46, 1, 45, 47, -1, 225, 205, 10.0, 15, ABarappapaa, 6965, 0, 0, 0, , 0, 0, 0, 0, 0, 
47, 1, 46, 48, -1, 190, 208, 11.0, 13, ABarappapp, 6406, 0, 0, 0, , 0, 0, 0, 0, 0, 
48, 1, 47, 49, -1, 222, 178, 31.0, 17, ABarpapppa, 6049, 0, 0, 0, , 0, 0, 0, 0, 0, 
49, 1, 48, 50, -1, 215, 187, 34.0, 19, ABarpapppp, 6556, 0, 0, 0, , 0, 0, 0, 0, 0, 
50, 1, 49, 51, -1, 245, 176, 33.0, 17, ABarpappap, 6025, 0, 0, 0, , 0, 0, 0, 0, 0, 
51, 1, 50, 52, -1, 299, 186, 35.0, 19, ABarpapaaa, 6500, 0, 0, 0, , 0, 0, 0, 0, 0, 
52, 1, 51, 53, -1, 293, 191, 32.0, 13, ABarpapaapa, 3746, 0, 0, 0, , 0, 0, 0, 0, 0, 
53, 1, 52, 54, -1, 278, 197, 35.0, 17, ABarpapaapp, 4215, 0, 0, 0, , 0, 0, 0, 0, 0, 
54, 1, 53, 55, -1, 240, 215, 35.0, 15, ABarpapapp, 7740, 0, 0, 0, , 0, 0, 0, 0, 0, 
55, 1, 54, 56, -1, 276, 220, 35.0, 15, ABarpapapa, 5742, 0, 0, 0, , 0, 0, 0, 0, 0, 
56, 1, 55, 57, -1, 213, 266, 34.0, 17, ABarpaappp, 5983, 0, 0, 0, , 0, 0, 0, 0, 0, 
57, 1, 56, 58, -1, 257, 221, 35.0, 13, ABarpaapaa, 4823, 0, 0, 0, , 0, 0, 0, 0, 0, 
58, 1, 57, 59, -1, 244, 253, 34.0, 21, ABarpaapap, 18910, 0, 0, 0, , 0, 0, 0, 0, 0, 
59, 1, 58, 60, -1, 325, 209, 33.0, 15, ABarpaaaaa, 7310, 0, 0, 0, , 0, 0, 0, 0, 0, 
60, 1, 59, 61, -1, 303, 233, 35.0, 15, ABarpaaaap, 6371, 0, 0, 0, , 0, 0, 0, 0, 0, 
61, 1, 60, 62, -1, 274, 236, 35.0, 13, ABarpaaapp, 4569, 0, 0, 0, , 0, 0, 0, 0, 0, 
62, 1, 61, 63, -1, 296, 213, 35.0, 17, ABarpaaapa, 8333, 0, 0, 0, , 0, 0, 0, 0, 0, 
63, 1, 62, 64, -1, 233, 319, 35.0, 17, ABarppaaap, 6668, 0, 0, 0, , 0, 0, 0, 0, 0, 
64, 1, 63, 65, -1, 237, 292, 35.0, 15, ABarppaaaa, 5258, 0, 0, 0, , 0, 0, 0, 0, 0, 
65, 1, 64, 66, -1, 186, 330, 34.0, 17, ABarppaapp, 5952, 0, 0, 0, , 0, 0, 0, 0, 0, 
66, 1, 65, 67, -1, 138, 351, 31.0, 17, ABarppappa, 6785, 0, 0, 0, , 0, 0, 0, 0, 0, 
67, 1, 66, 68, -1, 111, 358, 22.0, 17, ABarppappp, 5716, 0, 0, 0, , 0, 0, 0, 0, 0, 
68, 1, 67, 69, -1, 191, 349, 32.0, 17, ABarppapap, 6946, 0, 0, 0, , 0, 0, 0, 0, 0, 
69, 1, 68, 70, -1, 215, 333, 33.0, 17, ABarppapaa, 6191, 0, 0, 0, , 0, 0, 0, 0, 0, 
70, 1, 69, 71, -1, 71, 259, 21.0, 15, ABarpppppp, 5577, 0, 0, 0, , 0, 0, 0, 0, 0, 
71, 1, 70, 72, -1, 98, 245, 29.0, 17, ABarpppppa, 6084, 0, 0, 0, , 0, 0, 0, 0, 0, 
72, 1, 71, 73, -1, 161, 196, 30.0, 15, ABarppppaa, 5406, 0, 0, 0, , 0, 0, 0, 0, 0, 
73, 1, 72, 74, -1, 134, 213, 31.0, 17, ABarppppap, 5893, 0, 0, 0, , 0, 0, 0, 0, 0, 
74, 1, 73, 75, -1, 185, 196, 34.0, 19, ABarpppaap, 13422, 0, 0, 0, , 0, 0, 0, 0, 0, 
75, 1, 74, 76, -1, 208, 212, 34.0, 15, ABarpppaaa, 4532, 0, 0, 0, , 0, 0, 0, 0, 0, 
76, 1, 75, 77, -1, 318, 187, 27.0, 15, ABalappppaa, 2663, 0, 0, 0, , 0, 0, 0, 0, 0, 
77, 1, 76, 78, -1, 302, 183, 29.0, 13, ABalappppap, 2822, 0, 0, 0, , 0, 0, 0, 0, 0, 
78, 1, 77, 79, -1, 274, 178, 34.0, 13, ABalapppppp, 1907, 0, 0, 0, , 0, 0, 0, 0, 0, 
79, 1, 78, 80, -1, 342, 196, 24.0, 13, ABalapppaaa, 2559, 0, 0, 0, , 0, 0, 0, 0, 0, 
80, 1, 79, 81, -1, 336, 188, 29.0, 13, ABalapppaap, 3568, 0, 0, 0, , 0, 0, 0, 0, 0, 
81, 1, 80, 82, -1, 320, 197, 30.0, 11, ABalapppapa, 1472, 0, 0, 0, , 0, 0, 0, 0, 0, 
82, 1, 81, 83, -1, 305, 201, 34.0, 9, ABalapppapp, 433, 0, 0, 0, , 0, 0, 0, 0, 0, 
83, 1, 82, 84, -1, 312, 183, 24.0, 15, ABalappapa, 6000, 0, 0, 0, , 0, 0, 0, 0, 0, 
84, 1, 83, 85, -1, 345, 222, 26.0, 15, ABalappaap, 5402, 0, 0, 0, , 0, 0, 0, 0, 0, 
85, 1, 84, 86, -1, 322, 169, 24.0, 13, ABalappappa, 2630, 0, 0, 0, , 0, 0, 0, 0, 0, 
86, 1, 85, 87, -1, 299, 165, 27.0, 13, ABalappappp, 1975, 0, 0, 0, , 0, 0, 0, 0, 0, 
87, 1, 86, 88, -1, 304, 273, 36.0, 13, ABalapapppp, 2703, 0, 0, 0, , 0, 0, 0, 0, 0, 
88, 1, 87, 89, -1, 321, 261, 33.0, 13, ABalapapppa, 3328, 0, 0, 0, , 0, 0, 0, 0, 0, 
89, 1, 88, 90, -1, 339, 243, 27.0, 15, ABalapappaa, 4507, 0, 0, 0, , 0, 0, 0, 0, 0, 
90, 1, 89, 91, -1, 326, 259, 30.0, 15, ABalapappap, 3422, 0, 0, 0, , 0, 0, 0, 0, 0, 
91, 1, 90, 92, -1, 325, 226, 34.0, 15, ABalapapaa, 5107, 0, 0, 0, , 0, 0, 0, 0, 0, 
92, 1, 91, 93, -1, 313, 249, 33.0, 13, ABalapapapp, 3197, 0, 0, 0, , 0, 0, 0, 0, 0, 
93, 1, 92, 94, -1, 343, 242, 25.0, 17, ABalapaaaa, 7953, 0, 0, 0, , 0, 0, 0, 0, 0, 
94, 1, 93, 95, -1, 354, 254, 27.0, 15, ABalapaaapa, 4881, 0, 0, 0, , 0, 0, 0, 0, 0, 
95, 1, 94, 96, -1, 338, 270, 30.0, 15, ABalapaaapp, 5094, 0, 0, 0, , 0, 0, 0, 0, 0, 
96, 1, 95, 97, -1, 339, 257, 24.0, 15, ABalapaappa, 4869, 0, 0, 0, , 0, 0, 0, 0, 0, 
97, 1, 96, 98, -1, 331, 265, 21.0, 15, ABalapaapa, 7378, 0, 0, 0, , 0, 0, 0, 0, 0, 
98, 1, 97, 99, -1, 338, 275, 24.0, 15, ABalapaappp, 2825, 0, 0, 0, , 0, 0, 0, 0, 0, 
99, 1, 98, 100, -1, 309, 192, 14.0, 15, ABalaapaaa, 7100, 0, 0, 0, , 0, 0, 0, 0, 0, 
100, 1, 99, 101, -1, 248, 182, 10.0, 15, ABalaapapa, 5509, 0, 0, 0, , 0, 0, 0, 0, 0, 
101, 1, 100, 102, -1, 295, 189, 11.0, 15, ABalaapaap, 7669, 0, 0, 0, , 0, 0, 0, 0, 0, 
102, 1, 101, 103, -1, 290, 187, 14.0, 13, ABalaappap, 3472, 0, 0, 0, , 0, 0, 0, 0, 0, 
103, 1, 102, 104, -1, 285, 171, 13.0, 15, ABalaappaa, 5103, 0, 0, 0, , 0, 0, 0, 0, 0, 
104, 1, 103, 105, -1, 300, 167, 24.0, 15, ABalaappppp, 3653, 0, 0, 0, , 0, 0, 0, 0, 0, 
105, 1, 104, 106, -1, 312, 173, 20.0, 13, ABalaappppa, 3379, 0, 0, 0, , 0, 0, 0, 0, 0, 
106, 1, 105, 107, -1, 296, 183, 21.0, 19, ABalaapppa, 7193, 0, 0, 0, , 0, 0, 0, 0, 0, 
107, 1, 106, 108, -1, 348, 256, 13.0, 17, ABalaaaalp, 8604, 0, 0, 0, , 0, 0, 0, 0, 0, 
108, 1, 107, 109, -1, 328, 200, 16.0, 17, ABalaaaarr, 8721, 0, 0, 0, , 0, 0, 0, 0, 0, 
109, 1, 108, 110, -1, 343, 224, 17.0, 17, ABalaaaarl, 13047, 0, 0, 0, , 0, 0, 0, 0, 0, 
110, 1, 109, 111, -1, 330, 190, 21.0, 17, ABalaaappl, 6480, 0, 0, 0, , 0, 0, 0, 0, 0, 
111, 1, 110, 112, -1, 320, 189, 18.0, 15, ABalaaapprr, 4241, 0, 0, 0, , 0, 0, 0, 0, 0, 
112, 1, 111, 113, -1, 301, 181, 17.0, 15, ABalaaapprl, 4330, 0, 0, 0, , 0, 0, 0, 0, 0, 
113, 1, 112, 114, -1, 346, 218, 22.0, 19, ABalaaapar, 8601, 0, 0, 0, , 0, 0, 0, 0, 0, 
114, 1, 113, 115, -1, 346, 264, 20.0, 15, ABalaaapalr, 2786, 0, 0, 0, , 0, 0, 0, 0, 0, 
115, 1, 114, 116, -1, 158, 326, 11.0, 13, ABplppppapa, 4741, 0, 0, 0, , 0, 0, 0, 0, 0, 
116, 1, 115, 117, -1, 149, 312, 10.0, 13, ABplppppapp, 4505, 0, 0, 0, , 0, 0, 0, 0, 0, 
117, 1, 116, 118, -1, 179, 310, 10.0, 13, ABplppppaaa, 5138, 0, 0, 0, , 0, 0, 0, 0, 0, 
118, 1, 117, 119, -1, 168, 311, 11.0, 13, ABplppppaap, 4505, 0, 0, 0, , 0, 0, 0, 0, 0, 
119, 1, 118, 120, -1, 94, 320, 11.0, 13, ABplppppppp, 3809, 0, 0, 0, , 0, 0, 0, 0, 0, 
120, 1, 118, 121, -1, 111, 311, 10.0, 13, ABplppppppa, 3254, 0, 0, 0, , 0, 0, 0, 0, 0, 
121, 1, 119, 122, -1, 150, 304, 14.0, 19, ABplpppppa, 7901, 0, 0, 0, , 0, 0, 0, 0, 0, 
122, 1, 120, 123, -1, 125, 312, 12.0, 13, ABplpppapp, 4979, 0, 0, 0, , 0, 0, 0, 0, 0, 
123, 1, 121, 124, -1, 138, 327, 10.0, 13, ABplpppapaa, 5236, 0, 0, 0, , 0, 0, 0, 0, 0, 
124, 1, 122, 125, -1, 133, 343, 11.0, 13, ABplpppaapp, 4354, 0, 0, 0, , 0, 0, 0, 0, 0, 
125, 1, 123, 126, -1, 153, 343, 12.0, 13, ABplpppaapa, 4205, 0, 0, 0, , 0, 0, 0, 0, 0, 
126, 1, 124, 127, -1, 182, 330, 10.0, 13, ABplpppaaaa, 4809, 0, 0, 0, , 0, 0, 0, 0, 0, 
127, 1, 125, 128, -1, 167, 345, 13.0, 13, ABplpppaaap, 5309, 0, 0, 0, , 0, 0, 0, 0, 0, 
128, 1, 126, 129, -1, 187, 339, 14.0, 17, ABplppappp, 7161, 0, 0, 0, , 0, 0, 0, 0, 0, 
129, 1, 127, 130, -1, 212, 334, 14.0, 15, ABplppappa, 7765, 0, 0, 0, , 0, 0, 0, 0, 0, 
130, 1, 128, 131, -1, 209, 347, 17.0, 13, ABplppapaap, 4433, 0, 0, 0, , 0, 0, 0, 0, 0, 
131, 1, 129, 132, -1, 195, 344, 18.0, 15, ABplppapap, 9066, 0, 0, 0, , 0, 0, 0, 0, 0, 
132, 1, 130, 133, 134, 200, 320, 11.0, 15, ABplppaapp, 9063, 0, 0, 0, , 0, 0, 0, 0, 0, 
133, 1, 131, 135, -1, 265, 314, 19.0, 13, ABplppaaaaa, 5649, 0, 0, 0, , 0, 0, 0, 0, 0, 
134, 1, 132, 136, -1, 250, 315, 18.0, 13, ABplppaaap, 4840, 0, 0, 0, , 0, 0, 0, 0, 0, 
135, 1, 133, 137, -1, 247, 275, 10.0, 15, ABplpappaaa, 5124, 0, 0, 0, , 0, 0, 0, 0, 0, 
136, 1, 134, 138, -1, 225, 285, 10.0, 15, ABplpappaap, 5337, 0, 0, 0, , 0, 0, 0, 0, 0, 
137, 1, 135, 139, -1, 216, 269, 11.0, 17, ABplpappap, 8487, 0, 0, 0, , 0, 0, 0, 0, 0, 
138, 1, 136, 140, -1, 158, 292, 10.0, 15, ABplpapppp, 6982, 0, 0, 0, , 0, 0, 0, 0, 0, 
139, 1, 137, 141, -1, 186, 288, 10.0, 13, ABplpapppaa, 4927, 0, 0, 0, , 0, 0, 0, 0, 0, 
140, 1, 138, 142, -1, 163, 274, 10.0, 13, ABplpapppap, 4902, 0, 0, 0, , 0, 0, 0, 0, 0, 
141, 1, 139, 143, -1, 216, 305, 11.0, 13, ABplpapappa, 3864, 0, 0, 0, , 0, 0, 0, 0, 0, 
142, 1, 140, 144, -1, 194, 300, 10.0, 11, ABplpapappp, 3314, 0, 0, 0, , 0, 0, 0, 0, 0, 
143, 1, 141, 145, -1, 220, 320, 11.0, 13, ABplpapapap, 4322, 0, 0, 0, , 0, 0, 0, 0, 0, 
144, 1, 142, 146, -1, 245, 302, 14.0, 13, ABplpapapaa, 3814, 0, 0, 0, , 0, 0, 0, 0, 0, 
145, 1, 143, 147, -1, 261, 310, 15.0, 15, ABplpapaap, 7152, 0, 0, 0, , 0, 0, 0, 0, 0, 
146, 1, 144, 148, -1, 265, 293, 13.0, 15, ABplpapaaa, 6911, 0, 0, 0, , 0, 0, 0, 0, 0, 
147, 1, 145, 149, -1, 251, 334, 15.0, 13, ABplpaaaapp, 6015, 0, 0, 0, , 0, 0, 0, 0, 0, 
148, 1, 146, 150, -1, 265, 320, 12.0, 15, ABplpaaaapa, 5963, 0, 0, 0, , 0, 0, 0, 0, 0, 
149, 1, 147, 151, -1, 292, 292, 16.0, 15, ABplpaaaaap, 5429, 0, 0, 0, , 0, 0, 0, 0, 0, 
150, 1, 148, 152, -1, 310, 275, 16.0, 15, ABplpaaaaaa, 6897, 0, 0, 0, , 0, 0, 0, 0, 0, 
151, 1, 149, 153, -1, 304, 305, 18.0, 17, ABplpaaapa, 7998, 0, 0, 0, , 0, 0, 0, 0, 0, 
152, 1, 150, 154, -1, 290, 313, 15.0, 15, ABplpaaappa, 5190, 0, 0, 0, , 0, 0, 0, 0, 0, 
153, 1, 151, 155, -1, 275, 323, 16.0, 13, ABplpaaappp, 5760, 0, 0, 0, , 0, 0, 0, 0, 0, 
154, 1, 152, 156, -1, 264, 310, 26.0, 13, ABplpaappap, 5393, 0, 0, 0, , 0, 0, 0, 0, 0, 
155, 1, 153, 157, -1, 284, 298, 24.0, 15, ABplpaappaa, 4616, 0, 0, 0, , 0, 0, 0, 0, 0, 
156, 1, 497, 158, -1, 288, 324, 18.0, 13, ABplpaapppa, 4891, 0, 0, 0, , 0, 0, 0, 0, 0, 
157, 1, 155, 159, -1, 293, 318, 20.0, 13, ABplpaapapp, 5342, 0, 0, 0, , 0, 0, 0, 0, 0, 
158, 1, 156, 160, -1, 271, 330, 20.0, 13, ABplpaapppp, 6015, 0, 0, 0, , 0, 0, 0, 0, 0, 
159, 1, 157, 161, -1, 297, 294, 21.0, 13, ABplpaapaap, 4654, 0, 0, 0, , 0, 0, 0, 0, 0, 
160, 1, 157, 162, -1, 304, 277, 19.0, 13, ABplpaapaaa, 5677, 0, 0, 0, , 0, 0, 0, 0, 0, 
161, 1, 158, 163, -1, 303, 312, 24.0, 15, ABplpaapapa, 5074, 0, 0, 0, , 0, 0, 0, 0, 0, 
162, 1, 159, 164, -1, 273, 329, 26.0, 15, ABplaappap, 6303, 0, 0, 0, , 0, 0, 0, 0, 0, 
163, 1, 160, 165, -1, 285, 322, 24.0, 13, ABplaappaa, 5134, 0, 0, 0, , 0, 0, 0, 0, 0, 
164, 1, 161, 166, -1, 256, 334, 26.0, 17, ABplaapppa, 5521, 0, 0, 0, , 0, 0, 0, 0, 0, 
165, 1, 162, 167, -1, 229, 348, 25.0, 17, ABplaapppp, 8957, 0, 0, 0, , 0, 0, 0, 0, 0, 
166, 1, 163, 168, -1, 338, 254, 33.0, 15, ABplaapaaa, 7939, 0, 0, 0, , 0, 0, 0, 0, 0, 
167, 1, 164, 169, -1, 339, 271, 33.0, 13, ABplaapaapa, 5376, 0, 0, 0, , 0, 0, 0, 0, 0, 
168, 1, 165, 170, -1, 321, 281, 31.0, 15, ABplaapaapp, 5522, 0, 0, 0, , 0, 0, 0, 0, 0, 
169, 1, 166, 171, -1, 298, 299, 30.0, 17, ABplaapappp, 6862, 0, 0, 0, , 0, 0, 0, 0, 0, 
170, 1, 167, 172, -1, 303, 279, 30.0, 15, ABplaapappa, 6139, 0, 0, 0, , 0, 0, 0, 0, 0, 
171, 1, 168, 173, -1, 305, 280, 27.0, 17, ABplaapapa, 11278, 0, 0, 0, , 0, 0, 0, 0, 0, 
172, 1, 169, 174, -1, 295, 258, 35.0, 13, ABplaaaaapp, 5814, 0, 0, 0, , 0, 0, 0, 0, 0, 
173, 1, 170, 175, -1, 307, 256, 30.0, 15, ABplaaaaapa, 4146, 0, 0, 0, , 0, 0, 0, 0, 0, 
174, 1, 171, 176, -1, 319, 247, 36.0, 17, ABplaaaaaa, 8855, 0, 0, 0, , 0, 0, 0, 0, 0, 
175, 1, 172, 177, -1, 264, 266, 35.0, 17, ABplaaaapp, 5750, 0, 0, 0, , 0, 0, 0, 0, 0, 
176, 1, 173, 178, -1, 277, 254, 34.0, 13, ABplaaaapa, 5952, 0, 0, 0, , 0, 0, 0, 0, 0, 
177, 1, 174, 179, -1, 261, 291, 33.0, 13, ABplaaappp, 3282, 0, 0, 0, , 0, 0, 0, 0, 0, 
178, 1, 175, 180, -1, 276, 299, 33.0, 17, ABplaaappa, 6601, 0, 0, 0, , 0, 0, 0, 0, 0, 
179, 1, 176, 181, -1, 292, 300, 33.0, 17, ABplaaapap, 8985, 0, 0, 0, , 0, 0, 0, 0, 0, 
180, 1, 177, 182, -1, 301, 286, 34.0, 15, ABplaaapaa, 5881, 0, 0, 0, , 0, 0, 0, 0, 0, 
181, 1, 178, 183, -1, 133, 354, 14.0, 15, ABplappppa, 5650, 0, 0, 0, , 0, 0, 0, 0, 0, 
182, 1, 179, 184, -1, 106, 337, 13.0, 15, ABplappppp, 6690, 0, 0, 0, , 0, 0, 0, 0, 0, 
183, 1, 180, 185, -1, 121, 344, 17.0, 17, ABplapppaa, 5914, 0, 0, 0, , 0, 0, 0, 0, 0, 
184, 1, 181, 186, -1, 123, 333, 13.0, 15, ABplapppap, 6777, 0, 0, 0, , 0, 0, 0, 0, 0, 
185, 1, 182, 187, -1, 193, 358, 25.0, 15, ABplappaaa, 7265, 0, 0, 0, , 0, 0, 0, 0, 0, 
186, 1, 183, 188, -1, 175, 361, 26.0, 15, ABplappaap, 6905, 0, 0, 0, , 0, 0, 0, 0, 0, 
187, 1, 184, 189, -1, 162, 364, 22.0, 15, ABplappapp, 7195, 0, 0, 0, , 0, 0, 0, 0, 0, 
188, 1, 185, 190, -1, 162, 348, 32.0, 17, ABplappapa, 8865, 0, 0, 0, , 0, 0, 0, 0, 0, 
189, 1, 186, 191, -1, 209, 352, 27.0, 15, ABplapaapp, 7412, 0, 0, 0, , 0, 0, 0, 0, 0, 
190, 1, 187, 192, -1, 243, 340, 28.0, 15, ABplapaapa, 6777, 0, 0, 0, , 0, 0, 0, 0, 0, 
191, 1, 188, 193, -1, 239, 300, 31.0, 15, ABplapaaaap, 6240, 0, 0, 0, , 0, 0, 0, 0, 0, 
192, 1, 189, 194, -1, 247, 321, 30.0, 17, ABplapaaap, 7877, 0, 0, 0, , 0, 0, 0, 0, 0, 
193, 1, 190, 195, -1, 104, 344, 18.0, 19, ABplapappp, 8688, 0, 0, 0, , 0, 0, 0, 0, 0, 
194, 1, 191, 196, -1, 142, 371, 23.0, 15, ABplapapap, 6190, 0, 0, 0, , 0, 0, 0, 0, 0, 
195, 1, 192, 197, -1, 132, 363, 18.0, 17, ABplapappa, 8039, 0, 0, 0, , 0, 0, 0, 0, 0, 
196, 1, 193, 198, -1, 125, 358, 28.0, 15, ABplapapaa, 7625, 0, 0, 0, , 0, 0, 0, 0, 0, 
197, 1, 194, 199, -1, 221, 215, 13.0, 17, ABprpapaaa, 8192, 0, 0, 0, , 0, 0, 0, 0, 0, 
198, 1, 195, 200, -1, 206, 201, 14.0, 17, ABprpapaap, 4294, 0, 0, 0, , 0, 0, 0, 0, 0, 
199, 1, 196, 201, -1, 180, 240, 11.0, 13, ABprpapappa, 3851, 0, 0, 0, , 0, 0, 0, 0, 0, 
200, 1, 197, 202, -1, 175, 260, 10.0, 13, ABprpapappp, 4951, 0, 0, 0, , 0, 0, 0, 0, 0, 
201, 1, 198, 203, -1, 182, 227, 12.0, 11, ABprpapapap, 4363, 0, 0, 0, , 0, 0, 0, 0, 0, 
202, 1, 199, 204, -1, 207, 231, 12.0, 13, ABprpapapaa, 3891, 0, 0, 0, , 0, 0, 0, 0, 0, 
203, 1, 200, 205, -1, 134, 293, 11.0, 13, ABprpappppp, 3007, 0, 0, 0, , 0, 0, 0, 0, 0, 
204, 1, 201, 206, -1, 148, 279, 14.0, 15, ABprpappppa, 4173, 0, 0, 0, , 0, 0, 0, 0, 0, 
205, 1, 202, 207, -1, 201, 250, 11.0, 15, ABprpapppaa, 6310, 0, 0, 0, , 0, 0, 0, 0, 0, 
206, 1, 203, 208, -1, 186, 269, 11.0, 15, ABprpapppap, 5128, 0, 0, 0, , 0, 0, 0, 0, 0, 
207, 1, 204, 509, -1, 197, 247, 9.0, 17, ABprpappapa, 1966, 0, 0, 0, , 0, 0, 0, 0, 0, 
208, 1, 205, 209, -1, 202, 283, 10.0, 15, ABprpappapp, 2413, 0, 0, 0, , 0, 0, 0, 0, 0, 
209, 1, 206, 210, -1, 213, 241, 9.0, 13, ABprpappaap, 4221, 0, 0, 0, , 0, 0, 0, 0, 0, 
210, 1, 207, 211, -1, 229, 249, 9.0, 15, ABprpappaaa, 5199, 0, 0, 0, , 0, 0, 0, 0, 0, 
211, 1, 208, 212, -1, 234, 180, 16.0, 15, ABprpaaaaap, 5762, 0, 0, 0, , 0, 0, 0, 0, 0, 
212, 1, 209, 213, -1, 256, 177, 17.0, 13, ABprpaapaaa, 5320, 0, 0, 0, , 0, 0, 0, 0, 0, 
213, 1, 210, 214, -1, 183, 190, 12.0, 15, ABprpaaaapp, 5016, 0, 0, 0, , 0, 0, 0, 0, 0, 
214, 1, 211, 215, -1, 208, 186, 11.0, 15, ABprpaaaapa, 6036, 0, 0, 0, , 0, 0, 0, 0, 0, 
215, 1, 212, 216, -1, 223, 172, 13.0, 15, ABprpaaappa, 4989, 0, 0, 0, , 0, 0, 0, 0, 0, 
216, 1, 213, 217, -1, 219, 186, 14.0, 15, ABprpaaappp, 3439, 0, 0, 0, , 0, 0, 0, 0, 0, 
217, 1, 214, 218, -1, 241, 170, 13.0, 15, ABprpaaapa, 14577, 0, 0, 0, , 0, 0, 0, 0, 0, 
218, 1, 215, 219, -1, 241, 172, 19.0, 13, ABprpaapaap, 4793, 0, 0, 0, , 0, 0, 0, 0, 0, 
219, 1, 216, 220, -1, 240, 158, 22.0, 15, ABprpaapapa, 6402, 0, 0, 0, , 0, 0, 0, 0, 0, 
220, 1, 217, 221, -1, 229, 162, 19.0, 15, ABprpaapapp, 4760, 0, 0, 0, , 0, 0, 0, 0, 0, 
221, 1, 218, 222, -1, 220, 165, 17.0, 15, ABprpaapppa, 3870, 0, 0, 0, , 0, 0, 0, 0, 0, 
222, 1, 219, 223, -1, 208, 169, 19.0, 15, ABprpaapppp, 5397, 0, 0, 0, , 0, 0, 0, 0, 0, 
223, 1, 220, 224, -1, 214, 189, 26.0, 15, ABprpaappap, 4620, 0, 0, 0, , 0, 0, 0, 0, 0, 
224, 1, 221, 225, -1, 231, 183, 22.0, 15, ABprpaappaa, 5134, 0, 0, 0, , 0, 0, 0, 0, 0, 
225, 1, 222, 226, -1, 92, 256, 11.0, 15, ABprpppaapp, 4490, 0, 0, 0, , 0, 0, 0, 0, 0, 
226, 1, 222, 227, -1, 109, 251, 10.0, 13, ABprpppaapa, 4013, 0, 0, 0, , 0, 0, 0, 0, 0, 
227, 1, 223, 228, -1, 118, 244, 10.0, 13, ABprpppaaap, 5453, 0, 0, 0, , 0, 0, 0, 0, 0, 
228, 1, 224, 229, -1, 146, 241, 11.0, 13, ABprpppaaaa, 5009, 0, 0, 0, , 0, 0, 0, 0, 0, 
229, 1, 225, 230, -1, 117, 265, 10.0, 13, ABprpppapaa, 4523, 0, 0, 0, , 0, 0, 0, 0, 0, 
230, 1, 226, 231, -1, 114, 282, 11.0, 15, ABprpppapap, 3061, 0, 0, 0, , 0, 0, 0, 0, 0, 
231, 1, 227, 232, -1, 120, 298, 10.0, 13, ABprpppapp, 4725, 0, 0, 0, , 0, 0, 0, 0, 0, 
232, 1, 228, 233, -1, 136, 257, 10.0, 13, ABprppppapa, 3937, 0, 0, 0, , 0, 0, 0, 0, 0, 
233, 1, 229, 234, -1, 130, 277, 10.0, 13, ABprppppapp, 3788, 0, 0, 0, , 0, 0, 0, 0, 0, 
234, 1, 230, 235, -1, 154, 263, 10.0, 13, ABprppppaaa, 3884, 0, 0, 0, , 0, 0, 0, 0, 0, 
235, 1, 231, 236, -1, 144, 273, 12.0, 13, ABprppppaap, 4519, 0, 0, 0, , 0, 0, 0, 0, 0, 
236, 1, 232, 237, -1, 83, 300, 10.0, 15, ABprppppppp, 5964, 0, 0, 0, , 0, 0, 0, 0, 0, 
237, 1, 233, 238, -1, 104, 294, 10.0, 13, ABprppppppa, 4234, 0, 0, 0, , 0, 0, 0, 0, 0, 
238, 1, 234, 239, -1, 133, 266, 16.0, 13, ABprpppppaa, 3810, 0, 0, 0, , 0, 0, 0, 0, 0, 
239, 1, 235, 240, -1, 121, 287, 14.0, 13, ABprpppppap, 4081, 0, 0, 0, , 0, 0, 0, 0, 0, 
240, 1, 236, 241, -1, 185, 209, 15.0, 17, ABprppaapa, 7849, 0, 0, 0, , 0, 0, 0, 0, 0, 
241, 1, 237, 242, -1, 164, 241, 10.0, 17, ABprppaapp, 8353, 0, 0, 0, , 0, 0, 0, 0, 0, 
242, 1, 238, 243, -1, 203, 181, 17.0, 15, ABprppaaaaa, 5041, 0, 0, 0, , 0, 0, 0, 0, 0, 
243, 1, 238, 244, -1, 191, 191, 16.0, 13, ABprppaaaap, 4174, 0, 0, 0, , 0, 0, 0, 0, 0, 
244, 1, 239, 245, -1, 185, 178, 20.0, 13, ABprppaaap, 6698, 0, 0, 0, , 0, 0, 0, 0, 0, 
245, 1, 240, 246, -1, 166, 197, 14.0, 15, ABprppapaaa, 5008, 0, 0, 0, , 0, 0, 0, 0, 0, 
246, 1, 241, 247, -1, 149, 207, 15.0, 13, ABprppapaap, 3690, 0, 0, 0, , 0, 0, 0, 0, 0, 
247, 1, 242, 248, -1, 137, 220, 14.0, 15, ABprppapap, 4808, 0, 0, 0, , 0, 0, 0, 0, 0, 
248, 1, 243, 249, -1, 123, 230, 12.0, 19, ABprppappp, 13341, 0, 0, 0, , 0, 0, 0, 0, 0, 
249, 1, 244, 250, -1, 157, 220, 12.0, 17, ABprppappa, 7358, 0, 0, 0, , 0, 0, 0, 0, 0, 
250, 1, 245, 251, -1, 320, 179, 32.0, 15, ABpraapaaa, 8534, 0, 0, 0, , 0, 0, 0, 0, 0, 
251, 1, 246, 252, -1, 293, 168, 30.0, 15, ABpraapaapa, 5360, 0, 0, 0, , 0, 0, 0, 0, 0, 
252, 1, 247, 253, -1, 262, 183, 26.0, 17, ABpraapapa, 9461, 0, 0, 0, , 0, 0, 0, 0, 0, 
253, 1, 248, 254, -1, 241, 172, 29.0, 15, ABpraapappp, 5837, 0, 0, 0, , 0, 0, 0, 0, 0, 
254, 1, 249, 255, -1, 258, 180, 29.0, 13, ABpraapappa, 5123, 0, 0, 0, , 0, 0, 0, 0, 0, 
255, 1, 250, 256, -1, 156, 192, 20.0, 15, ABpraapppp, 6076, 0, 0, 0, , 0, 0, 0, 0, 0, 
256, 1, 251, 257, -1, 186, 177, 23.0, 15, ABpraapppa, 4561, 0, 0, 0, , 0, 0, 0, 0, 0, 
257, 1, 252, 258, -1, 207, 170, 24.0, 17, ABpraappap, 7081, 0, 0, 0, , 0, 0, 0, 0, 0, 
258, 1, 253, 259, -1, 222, 167, 22.0, 13, ABpraappaa, 5691, 0, 0, 0, , 0, 0, 0, 0, 0, 
259, 1, 254, 260, -1, 280, 169, 26.0, 17, ABpraaapap, 8017, 0, 0, 0, , 0, 0, 0, 0, 0, 
260, 1, 255, 261, -1, 277, 176, 21.0, 15, ABpraaapaa, 6087, 0, 0, 0, , 0, 0, 0, 0, 0, 
261, 1, 256, 262, 263, 257, 179, 22.0, 17, ABpraaappa, 7189, 0, 0, 0, , 0, 0, 0, 0, 0, 
262, 1, 257, 264, -1, 240, 192, 25.0, 15, ABpraaapppa, 5399, 0, 0, 0, , 0, 0, 0, 0, 0, 
263, 1, 258, 265, -1, 227, 174, 26.0, 11, ABpraaapppp, 668, 0, 0, 0, , 0, 0, 0, 0, 0, 
264, 1, 259, 266, -1, 287, 160, 21.0, 17, ABpraaaaap, 7128, 0, 0, 0, , 0, 0, 0, 0, 0, 
265, 1, 260, 267, -1, 273, 167, 15.0, 15, ABpraaaaaa, 8499, 0, 0, 0, , 0, 0, 0, 0, 0, 
266, 1, 261, 268, -1, 266, 163, 19.0, 17, ABpraaaapa, 7071, 0, 0, 0, , 0, 0, 0, 0, 0, 
267, 1, 262, 269, -1, 271, 158, 23.0, 13, ABpraaaappa, 4343, 0, 0, 0, , 0, 0, 0, 0, 0, 
268, 1, 263, 270, -1, 255, 164, 26.0, 15, ABpraaaappp, 4916, 0, 0, 0, , 0, 0, 0, 0, 0, 
269, 1, 264, 271, -1, 106, 224, 20.0, 17, ABprappapp, 8124, 0, 0, 0, , 0, 0, 0, 0, 0, 
270, 1, 265, 272, -1, 113, 225, 29.0, 15, ABprappapa, 7142, 0, 0, 0, , 0, 0, 0, 0, 0, 
271, 1, 266, 273, -1, 114, 215, 23.0, 17, ABprappaap, 8787, 0, 0, 0, , 0, 0, 0, 0, 0, 
272, 1, 267, 274, -1, 137, 207, 20.0, 17, ABprappaaa, 9777, 0, 0, 0, , 0, 0, 0, 0, 0, 
273, 1, 268, 275, -1, 87, 265, 16.0, 17, ABprapppaa, 7260, 0, 0, 0, , 0, 0, 0, 0, 0, 
274, 1, 269, 276, -1, 98, 271, 13.0, 15, ABprapppap, 6843, 0, 0, 0, , 0, 0, 0, 0, 0, 
275, 1, 270, 277, -1, 76, 277, 13.0, 17, ABprappppp, 6816, 0, 0, 0, , 0, 0, 0, 0, 0, 
276, 1, 271, 278, -1, 81, 253, 14.0, 15, ABprappppa, 7976, 0, 0, 0, , 0, 0, 0, 0, 0, 
277, 1, 272, 279, -1, 201, 189, 28.0, 15, ABprapaaapa, 4063, 0, 0, 0, , 0, 0, 0, 0, 0, 
278, 1, 272, 280, -1, 180, 188, 28.0, 15, ABprapaaapp, 4682, 0, 0, 0, , 0, 0, 0, 0, 0, 
279, 1, 273, 281, -1, 209, 202, 31.0, 17, ABprapaaaa, 8002, 0, 0, 0, , 0, 0, 0, 0, 0, 
280, 1, 274, 282, -1, 140, 198, 25.0, 13, ABprapaapp, 9963, 0, 0, 0, , 0, 0, 0, 0, 0, 
281, 1, 275, 283, -1, 170, 184, 24.0, 15, ABprapaapa, 6992, 0, 0, 0, , 0, 0, 0, 0, 0, 
282, 1, 276, 284, -1, 91, 240, 17.0, 17, ABprapappa, 7475, 0, 0, 0, , 0, 0, 0, 0, 0, 
283, 1, 277, 285, -1, 74, 276, 19.0, 15, ABprapappp, 8309, 0, 0, 0, , 0, 0, 0, 0, 0, 
284, 1, 278, 286, -1, 90, 238, 22.0, 15, ABprapapap, 7454, 0, 0, 0, , 0, 0, 0, 0, 0, 
285, 1, 279, 287, -1, 83, 257, 27.0, 17, ABprapapaa, 16131, 0, 0, 0, , 0, 0, 0, 0, 0, 
286, 1, 280, 288, -1, 225, 206, 26.0, 13, MSppppap, 4483, 0, 0, 0, , 0, 0, 0, 0, 0, 
287, 1, 281, 289, -1, 222, 196, 20.0, 15, MSppppaa, 4792, 0, 0, 0, , 0, 0, 0, 0, 0, 
288, 1, 282, 290, -1, 236, 214, 31.0, 15, MSpppppa, 5903, 0, 0, 0, , 0, 0, 0, 0, 0, 
289, 1, 283, 291, -1, 197, 219, 30.0, 15, MSpppppp, 3863, 0, 0, 0, , 0, 0, 0, 0, 0, 
290, 1, 284, 292, -1, 209, 225, 17.0, 13, MSpppaaa, 3361, 0, 0, 0, , 0, 0, 0, 0, 0, 
291, 1, 285, 293, -1, 182, 227, 20.0, 17, MSpppaap, 6133, 0, 0, 0, , 0, 0, 0, 0, 0, 
292, 1, 286, 294, -1, 190, 212, 18.0, 15, MSpppapp, 3873, 0, 0, 0, , 0, 0, 0, 0, 0, 
293, 1, 287, 295, -1, 205, 208, 18.0, 11, MSpppapa, 3200, 0, 0, 0, , 0, 0, 0, 0, 0, 
294, 1, 288, 296, -1, 223, 213, 17.0, 15, MSppaapp, 5990, 0, 0, 0, , 0, 0, 0, 0, 0, 
295, 1, 289, 297, -1, 242, 206, 16.0, 11, MSppaapa, 3970, 0, 0, 0, , 0, 0, 0, 0, 0, 
296, 1, 290, 298, -1, 271, 205, 15.0, 13, MSppaaaa, 3158, 0, 0, 0, , 0, 0, 0, 0, 0, 
297, 1, 291, 299, -1, 275, 192, 22.0, 15, MSppaaap, 5401, 0, 0, 0, , 0, 0, 0, 0, 0, 
298, 1, 292, 300, -1, 281, 187, 28.0, 15, MSppappa, 5161, 0, 0, 0, , 0, 0, 0, 0, 0, 
299, 1, 293, 301, -1, 249, 198, 21.0, 15, MSppapaa, 5616, 0, 0, 0, , 0, 0, 0, 0, 0, 
300, 1, 294, 302, -1, 233, 193, 17.0, 15, MSppapap, 4543, 0, 0, 0, , 0, 0, 0, 0, 0, 
301, 1, 295, 303, -1, 195, 265, 14.0, 13, MSpapappp, 3808, 0, 0, 0, , 0, 0, 0, 0, 0, 
302, 1, 296, 304, -1, 213, 259, 16.0, 15, MSpapappa, 3581, 0, 0, 0, , 0, 0, 0, 0, 0, 
303, 1, 297, 305, -1, 202, 248, 18.0, 15, MSpapapa, 6865, 0, 0, 0, , 0, 0, 0, 0, 0, 
304, 1, 298, 306, -1, 245, 246, 17.0, 13, MSpapaaaa, 3692, 0, 0, 0, , 0, 0, 0, 0, 0, 
305, 1, 299, 307, -1, 229, 247, 17.0, 15, MSpapaaap, 4584, 0, 0, 0, , 0, 0, 0, 0, 0, 
306, 1, 300, 308, -1, 222, 239, 20.0, 13, MSpapaapa, 3850, 0, 0, 0, , 0, 0, 0, 0, 0, 
307, 1, 301, 309, -1, 211, 245, 22.0, 17, MSpapaapp, 5253, 0, 0, 0, , 0, 0, 0, 0, 0, 
308, 1, 302, 310, -1, 175, 301, 13.0, 15, MSpappaa, 4310, 0, 0, 0, , 0, 0, 0, 0, 0, 
309, 0, 303, -1, -1, 156, 259, 13.0, 13, , 2196, 0, 0, 0, , 0, 0, 0, 0, 0, 
310, 1, 304, 312, -1, 160, 238, 14.0, 15, MSpapppp, 5549, 0, 0, 0, , 0, 0, 0, 0, 0, 
311, 1, 305, 313, -1, 169, 224, 17.0, 15, MSpapppa, 3178, 0, 0, 0, , 0, 0, 0, 0, 0, 
312, 1, 306, 314, -1, 258, 225, 29.0, 15, MSpaaappa, 5654, 0, 0, 0, , 0, 0, 0, 0, 0, 
313, 1, 307, 315, -1, 236, 237, 27.0, 15, MSpaaappp, 7510, 0, 0, 0, , 0, 0, 0, 0, 0, 
314, 1, 308, 316, -1, 247, 242, 30.0, 15, MSpaaapa, 7298, 0, 0, 0, , 0, 0, 0, 0, 0, 
315, 1, 309, 317, -1, 284, 210, 28.0, 19, MSpaaaapa, 4251, 0, 0, 0, , 0, 0, 0, 0, 0, 
316, 1, 310, 318, -1, 268, 210, 30.0, 15, MSpaaaapp, 5498, 0, 0, 0, , 0, 0, 0, 0, 0, 
317, 1, 311, 319, -1, 293, 206, 30.0, 17, MSpaaaaa, 8639, 0, 0, 0, , 0, 0, 0, 0, 0, 
318, 0, 312, -1, -1, 238, 231, 21.0, 15, , 8020, 0, 0, 0, , 0, 0, 0, 0, 0, 
319, 1, 313, 321, -1, 254, 220, 24.0, 15, MSpaapapa, 4959, 0, 0, 0, , 0, 0, 0, 0, 0, 
320, 1, 314, 322, -1, 258, 206, 27.0, 15, MSpaapaa, 5723, 0, 0, 0, , 0, 0, 0, 0, 0, 
321, 1, 315, 323, -1, 187, 257, 24.0, 19, Earap, 2971, 0, 0, 0, , 0, 0, 0, 0, 0, 
322, 1, 316, 324, -1, 266, 302, 22.0, 17, MSapppaa, 3022, 0, 0, 0, , 0, 0, 0, 0, 0, 
323, 1, 317, 325, -1, 255, 283, 26.0, 15, MSapppap, 4717, 0, 0, 0, , 0, 0, 0, 0, 0, 
324, 1, 318, 326, -1, 244, 278, 31.0, 13, MSappppa, 4885, 0, 0, 0, , 0, 0, 0, 0, 0, 
325, 1, 319, 327, -1, 211, 307, 30.0, 13, MSappppp, 3478, 0, 0, 0, , 0, 0, 0, 0, 0, 
326, 1, 320, 328, -1, 205, 318, 20.0, 15, MSappaap, 4474, 0, 0, 0, , 0, 0, 0, 0, 0, 
327, 1, 321, 329, -1, 233, 298, 22.0, 15, MSappaaa, 5036, 0, 0, 0, , 0, 0, 0, 0, 0, 
328, 1, 322, 330, -1, 233, 310, 20.0, 15, MSappapp, 1751, 0, 0, 0, , 0, 0, 0, 0, 0, 
329, 1, 323, 331, -1, 250, 308, 21.0, 13, MSappapa, 2402, 0, 0, 0, , 0, 0, 0, 0, 0, 
330, 1, 324, 332, -1, 291, 265, 28.0, 15, MSapappa, 4672, 0, 0, 0, , 0, 0, 0, 0, 0, 
331, 1, 325, 333, -1, 269, 274, 30.0, 15, MSapappp, 4861, 0, 0, 0, , 0, 0, 0, 0, 0, 
332, 1, 326, 334, -1, 277, 293, 18.0, 15, MSapapap, 5972, 0, 0, 0, , 0, 0, 0, 0, 0, 
333, 1, 327, 335, -1, 279, 278, 22.0, 15, MSapapaa, 5874, 0, 0, 0, , 0, 0, 0, 0, 0, 
334, 1, 328, 336, -1, 252, 296, 18.0, 15, MSapaapp, 5753, 0, 0, 0, , 0, 0, 0, 0, 0, 
335, 1, 329, 337, -1, 291, 270, 17.0, 11, MSapaapa, 3817, 0, 0, 0, , 0, 0, 0, 0, 0, 
336, 1, 330, 338, -1, 324, 254, 17.0, 15, MSapaaaa, 5219, 0, 0, 0, , 0, 0, 0, 0, 0, 
337, 1, 331, 339, -1, 318, 253, 25.0, 15, MSapaaap, 7428, 0, 0, 0, , 0, 0, 0, 0, 0, 
338, 1, 332, 340, -1, 317, 211, 28.0, 17, MSaaaaapa, 4287, 0, 0, 0, , 0, 0, 0, 0, 0, 
339, 1, 333, 341, -1, 307, 232, 31.0, 15, MSaaaaapp, 3120, 0, 0, 0, , 0, 0, 0, 0, 0, 
340, 1, 334, 342, -1, 330, 208, 25.0, 17, MSaaaaaa, 7202, 0, 0, 0, , 0, 0, 0, 0, 0, 
341, 1, 335, 343, -1, 289, 226, 31.0, 13, MSaaaapaa, 3675, 0, 0, 0, , 0, 0, 0, 0, 0, 
342, 1, 336, 344, -1, 270, 236, 31.0, 15, MSaaaapap, 5285, 0, 0, 0, , 0, 0, 0, 0, 0, 
343, 1, 337, 345, 346, 264, 256, 28.0, 17, MSaaaapp, 6293, 0, 0, 0, , 0, 0, 0, 0, 0, 
344, 1, 338, 347, -1, 252, 252, 25.0, 13, MSaaapapp, 2490, 0, 0, 0, , 0, 0, 0, 0, 0, 
345, 1, 339, 348, -1, 286, 249, 29.0, 13, MSaaapaap, 4190, 0, 0, 0, , 0, 0, 0, 0, 0, 
346, 1, 340, 349, -1, 305, 244, 28.0, 13, MSaaapaaa, 3068, 0, 0, 0, , 0, 0, 0, 0, 0, 
347, 1, 341, 350, -1, 247, 265, 27.0, 13, MSaaappa, 4401, 0, 0, 0, , 0, 0, 0, 0, 0, 
348, 1, 342, 351, -1, 232, 255, 28.0, 13, MSaaappp, 4524, 0, 0, 0, , 0, 0, 0, 0, 0, 
349, 1, 343, 352, -1, 190, 315, 16.0, 15, MSaapppp, 5586, 0, 0, 0, , 0, 0, 0, 0, 0, 
350, 1, 344, 353, -1, 214, 307, 15.0, 15, MSaapppa, 5348, 0, 0, 0, , 0, 0, 0, 0, 0, 
351, 1, 345, 354, -1, 250, 279, 17.0, 13, MSaapaaap, 3883, 0, 0, 0, , 0, 0, 0, 0, 0, 
352, 1, 346, 355, -1, 261, 272, 17.0, 13, MSaapaaaa, 2270, 0, 0, 0, , 0, 0, 0, 0, 0, 
353, 1, 347, 356, -1, 213, 290, 17.0, 13, MSaapappp, 5012, 0, 0, 0, , 0, 0, 0, 0, 0, 
354, 1, 348, 357, -1, 232, 276, 17.0, 15, MSaapappa, 4415, 0, 0, 0, , 0, 0, 0, 0, 0, 
355, 1, 349, 358, -1, 227, 279, 21.0, 15, MSaapapa, 7170, 0, 0, 0, , 0, 0, 0, 0, 0, 
356, 1, 350, 359, -1, 208, 282, 21.0, 21, Ealpa, 28890, 0, 0, 0, , 0, 0, 0, 0, 0, 
357, 1, 351, 360, -1, 167, 302, 22.0, 19, Ealpp, 28275, 0, 0, 0, , 0, 0, 0, 0, 0, 
358, 1, 352, 361, -1, 130, 304, 22.0, 21, Eplpa, 13525, 0, 0, 0, , 0, 0, 0, 0, 0, 
359, 1, 353, 362, -1, 134, 337, 20.0, 17, Cappap, 7655, 0, 0, 0, , 0, 0, 0, 0, 0, 
360, 1, 354, 363, -1, 157, 340, 25.0, 19, Cappaa, 8827, 0, 0, 0, , 0, 0, 0, 0, 0, 
361, 1, 355, 364, -1, 120, 338, 25.0, 19, Capppa, 8123, 0, 0, 0, , 0, 0, 0, 0, 0, 
362, 1, 356, 365, -1, 107, 322, 16.0, 15, Capppp, 6024, 0, 0, 0, , 0, 0, 0, 0, 0, 
363, 1, 357, 366, -1, 155, 343, 21.0, 17, Capapa, 8431, 0, 0, 0, , 0, 0, 0, 0, 0, 
364, 1, 358, 367, -1, 150, 330, 15.0, 19, Capapp, 6851, 0, 0, 0, , 0, 0, 0, 0, 0, 
365, 1, 359, 368, -1, 173, 328, 17.0, 19, Capaap, 15983, 0, 0, 0, , 0, 0, 0, 0, 0, 
366, 1, 360, 369, -1, 192, 329, 22.0, 19, Capaaa, 20532, 0, 0, 0, , 0, 0, 0, 0, 0, 
367, 1, 361, 370, -1, 84, 323, 28.0, 21, Caaapp, 28819, 0, 0, 0, , 0, 0, 0, 0, 0, 
368, 1, 362, 371, -1, 79, 324, 17.0, 21, Caappd, 19528, 0, 0, 0, , 0, 0, 0, 0, 0, 
369, 1, 363, 372, -1, 83, 325, 13.0, 15, Caappv, 5495, 0, 0, 0, , 0, 0, 0, 0, 0, 
370, 1, 364, 373, -1, 97, 302, 13.0, 15, Caapa, 5226, 0, 0, 0, , 0, 0, 0, 0, 0, 
371, 1, 365, 374, -1, 64, 304, 19.0, 17, Cpappd, 7090, 0, 0, 0, , 0, 0, 0, 0, 0, 
372, 1, 366, 375, -1, 71, 304, 14.0, 17, Cpappv, 6390, 0, 0, 0, , 0, 0, 0, 0, 0, 
373, 1, 367, 376, -1, 76, 332, 22.0, 17, Cpapaa, 8517, 0, 0, 0, , 0, 0, 0, 0, 0, 
374, 1, 368, 377, -1, 85, 292, 31.0, 21, Cpaapp, 7468, 0, 0, 0, , 0, 0, 0, 0, 0, 
375, 1, 369, 378, -1, 138, 242, 17.0, 17, Cppaap, 8945, 0, 0, 0, , 0, 0, 0, 0, 0, 
376, 1, 370, 379, -1, 150, 228, 21.0, 19, Cppaaa, 8520, 0, 0, 0, , 0, 0, 0, 0, 0, 
377, 1, 371, 380, -1, 120, 243, 22.0, 19, Cppapa, 11464, 0, 0, 0, , 0, 0, 0, 0, 0, 
378, 1, 372, 381, -1, 117, 251, 15.0, 19, Cppapp, 7482, 0, 0, 0, , 0, 0, 0, 0, 0, 
379, 1, 373, 382, -1, 120, 244, 28.0, 15, Cpppaap, 4309, 0, 0, 0, , 0, 0, 0, 0, 0, 
380, 1, 374, 383, -1, 135, 226, 24.0, 15, Cpppaaa, 5273, 0, 0, 0, , 0, 0, 0, 0, 0, 
381, 1, 375, 384, -1, 100, 262, 20.0, 17, Cpppap, 9552, 0, 0, 0, , 0, 0, 0, 0, 0, 
382, 1, 376, 385, -1, 235, 320, 23.0, 15, Daapa, 5151, 0, 0, 0, , 0, 0, 0, 0, 0, 
383, 1, 377, 386, -1, 221, 331, 20.0, 15, Daapp, 5788, 0, 0, 0, , 0, 0, 0, 0, 0, 
384, 1, 378, 387, -1, 247, 298, 25.0, 15, Daaaa, 5272, 0, 0, 0, , 0, 0, 0, 0, 0, 
385, 1, 379, 388, -1, 231, 303, 27.0, 15, Daaap, 5624, 0, 0, 0, , 0, 0, 0, 0, 0, 
386, 1, 380, 389, -1, 192, 319, 29.0, 19, Dappa, 6742, 0, 0, 0, , 0, 0, 0, 0, 0, 
387, 1, 381, 390, -1, 158, 330, 29.0, 15, Dappp, 5303, 0, 0, 0, , 0, 0, 0, 0, 0, 
388, 1, 382, 391, -1, 170, 209, 19.0, 15, Dpapp, 5202, 0, 0, 0, , 0, 0, 0, 0, 0, 
389, 1, 383, 392, -1, 194, 204, 22.0, 15, Dpapa, 5332, 0, 0, 0, , 0, 0, 0, 0, 0, 
390, 1, 384, 393, -1, 201, 209, 27.0, 15, Dpaap, 5173, 0, 0, 0, , 0, 0, 0, 0, 0, 
391, 1, 385, 394, -1, 213, 204, 22.0, 15, Dpaaa, 5747, 0, 0, 0, , 0, 0, 0, 0, 0, 
392, 1, 386, 395, -1, 142, 237, 29.0, 17, Dpppp, 5844, 0, 0, 0, , 0, 0, 0, 0, 0, 
393, 1, 387, 396, -1, 168, 224, 28.0, 19, Dpppa, 5856, 0, 0, 0, , 0, 0, 0, 0, 0, 
394, 1, 388, 397, -1, 182, 204, 25.0, 17, Dppaa, 5429, 0, 0, 0, , 0, 0, 0, 0, 0, 
395, 1, 389, 398, -1, 156, 210, 23.0, 13, Dppap, 4300, 0, 0, 0, , 0, 0, 0, 0, 0, 
396, 1, 390, 399, -1, 158, 256, 15.0, 21, Z2, 52291, 0, 0, 0, , 0, 0, 0, 0, 0, 
397, 0, 391, -1, -1, 381, 244, 24.0, 15, , 9530, 0, 0, 0, , 0, 0, 0, 0, 0, 
398, 1, 392, 401, -1, 330, 299, 22.0, 13, ABalpppappa, 3674, 0, 0, 0, , 0, 0, 0, 0, 0, 
399, 1, 393, 402, -1, 319, 300, 26.0, 15, ABalpppappp, 4885, 0, 0, 0, , 0, 0, 0, 0, 0, 
400, 1, 394, 403, -1, 306, 277, 23.0, 13, ABalpppppaa, 4192, 0, 0, 0, , 0, 0, 0, 0, 0, 
401, 1, 395, 404, -1, 291, 282, 24.0, 13, ABalpppppap, 3729, 0, 0, 0, , 0, 0, 0, 0, 0, 
402, 1, 396, 405, -1, 276, 287, 27.0, 15, ABalppppppa, 4780, 0, 0, 0, , 0, 0, 0, 0, 0, 
403, 1, 397, 406, -1, 283, 307, 28.0, 17, ABalppppppp, 5383, 0, 0, 0, , 0, 0, 0, 0, 0, 
404, 1, 398, 407, -1, 326, 296, 29.0, 13, ABalppppapp, 4536, 0, 0, 0, , 0, 0, 0, 0, 0, 
405, 1, 399, 408, -1, 339, 282, 27.0, 15, ABalppppapa, 7156, 0, 0, 0, , 0, 0, 0, 0, 0, 
406, 1, 400, 409, -1, 316, 271, 19.0, 13, ABalppppaad, 4103, 0, 0, 0, , 0, 0, 0, 0, 0, 
407, 1, 401, 410, -1, 320, 280, 24.0, 13, ABalppppaav, 4481, 0, 0, 0, , 0, 0, 0, 0, 0, 
408, 1, 402, 411, -1, 332, 286, 17.0, 15, ABalpppaaa, 6685, 0, 0, 0, , 0, 0, 0, 0, 0, 
409, 1, 403, 412, -1, 340, 287, 22.0, 17, ABalpppaap, 9635, 0, 0, 0, , 0, 0, 0, 0, 0, 
410, 1, 404, 413, -1, 318, 292, 18.0, 13, ABalpppapad, 3560, 0, 0, 0, , 0, 0, 0, 0, 0, 
411, 1, 405, 414, -1, 314, 304, 22.0, 15, ABalpppapav, 4662, 0, 0, 0, , 0, 0, 0, 0, 0, 
412, 1, 406, 415, -1, 336, 262, 17.0, 13, ABalppaaaa, 5538, 0, 0, 0, , 0, 0, 0, 0, 0, 
413, 1, 407, 416, -1, 343, 273, 16.0, 13, ABalppaaap, 4270, 0, 0, 0, , 0, 0, 0, 0, 0, 
414, 1, 408, 417, -1, 305, 296, 14.0, 15, ABalppaapp, 6579, 0, 0, 0, , 0, 0, 0, 0, 0, 
415, 1, 409, 418, -1, 318, 288, 13.0, 13, ABalppaapa, 7152, 0, 0, 0, , 0, 0, 0, 0, 0, 
416, 1, 410, 419, -1, 288, 289, 13.0, 13, ABalppapppa, 4495, 0, 0, 0, , 0, 0, 0, 0, 0, 
417, 1, 411, 420, -1, 282, 304, 12.0, 13, ABalppapppp, 5237, 0, 0, 0, , 0, 0, 0, 0, 0, 
418, 1, 412, 421, -1, 301, 276, 13.0, 13, ABalppappap, 4352, 0, 0, 0, , 0, 0, 0, 0, 0, 
419, 1, 413, 422, -1, 321, 267, 15.0, 13, ABalppappaa, 3617, 0, 0, 0, , 0, 0, 0, 0, 0, 
420, 1, 414, 423, -1, 304, 267, 9.0, 15, ABalppapapa, 5145, 0, 0, 0, , 0, 0, 0, 0, 0, 
421, 1, 415, 424, -1, 281, 286, 10.0, 13, ABalppapapp, 6111, 0, 0, 0, , 0, 0, 0, 0, 0, 
422, 1, 416, 425, -1, 333, 267, 12.0, 15, ABalppapaaa, 4974, 0, 0, 0, , 0, 0, 0, 0, 0, 
423, 1, 417, 426, -1, 314, 275, 11.0, 15, ABalppapaap, 5137, 0, 0, 0, , 0, 0, 0, 0, 0, 
424, 1, 418, 427, -1, 252, 294, 10.0, 15, ABalpapapap, 8234, 0, 0, 0, , 0, 0, 0, 0, 0, 
425, 1, 419, 428, -1, 270, 275, 10.0, 13, ABalpapapaa, 6194, 0, 0, 0, , 0, 0, 0, 0, 0, 
426, 1, 420, 429, -1, 251, 316, 12.0, 13, ABalpapappa, 6648, 0, 0, 0, , 0, 0, 0, 0, 0, 
427, 1, 421, 430, -1, 234, 332, 13.0, 13, ABalpapappp, 5076, 0, 0, 0, , 0, 0, 0, 0, 0, 
428, 1, 422, 431, -1, 276, 247, 9.0, 19, ABalpapaap, 39024, 0, 0, 0, , 0, 0, 0, 0, 0, 
429, 1, 423, 432, -1, 312, 252, 10.0, 13, ABalpapaaaa, 6413, 0, 0, 0, , 0, 0, 0, 0, 0, 
430, 1, 424, 433, -1, 289, 263, 11.0, 13, ABalpapaaap, 6996, 0, 0, 0, , 0, 0, 0, 0, 0, 
431, 1, 425, 434, -1, 268, 260, 11.0, 15, ABalpappapa, 4774, 0, 0, 0, , 0, 0, 0, 0, 0, 
432, 1, 426, 435, -1, 245, 268, 11.0, 17, ABalpappapp, 9104, 0, 0, 0, , 0, 0, 0, 0, 0, 
433, 1, 427, 436, -1, 285, 255, 14.0, 15, ABalpappaap, 5222, 0, 0, 0, , 0, 0, 0, 0, 0, 
434, 1, 428, 437, -1, 280, 237, 15.0, 11, ABalpappaaa, 4642, 0, 0, 0, , 0, 0, 0, 0, 0, 
435, 1, 429, 438, -1, 237, 272, 14.0, 19, ABalpappppp, 7789, 0, 0, 0, , 0, 0, 0, 0, 0, 
436, 1, 430, 439, -1, 262, 268, 14.0, 15, ABalpappppa, 6950, 0, 0, 0, , 0, 0, 0, 0, 0, 
437, 1, 431, 440, -1, 272, 259, 16.0, 15, ABalpapppa, 8598, 0, 0, 0, , 0, 0, 0, 0, 0, 
438, 1, 432, 441, -1, 277, 256, 19.0, 15, ABalpaaapp, 8978, 0, 0, 0, , 0, 0, 0, 0, 0, 
439, 1, 433, 442, -1, 296, 251, 18.0, 15, ABalpaaapa, 10915, 0, 0, 0, , 0, 0, 0, 0, 0, 
440, 1, 434, 443, -1, 294, 245, 11.0, 15, ABalpaaaap, 7009, 0, 0, 0, , 0, 0, 0, 0, 0, 
441, 1, 435, 444, -1, 303, 245, 14.0, 17, ABalpaaaaa, 8810, 0, 0, 0, , 0, 0, 0, 0, 0, 
442, 1, 436, 445, -1, 334, 234, 13.0, 13, ABalpaapppa, 3969, 0, 0, 0, , 0, 0, 0, 0, 0, 
443, 1, 437, 446, -1, 326, 255, 12.0, 13, ABalpaapppp, 4403, 0, 0, 0, , 0, 0, 0, 0, 0, 
444, 1, 438, 447, -1, 318, 230, 14.0, 13, ABalpaappaa, 5002, 0, 0, 0, , 0, 0, 0, 0, 0, 
445, 1, 438, 448, -1, 319, 235, 12.0, 13, ABalpaappap, 4175, 0, 0, 0, , 0, 0, 0, 0, 0, 
446, 1, 439, 449, -1, 294, 251, 22.0, 15, ABalpaapapp, 5113, 0, 0, 0, , 0, 0, 0, 0, 0, 
447, 1, 440, 450, -1, 305, 242, 20.0, 15, ABalpaapapa, 5368, 0, 0, 0, , 0, 0, 0, 0, 0, 
448, 1, 441, 451, -1, 322, 245, 21.0, 13, ABalpaapaap, 4215, 0, 0, 0, , 0, 0, 0, 0, 0, 
449, 1, 442, 452, -1, 329, 231, 19.0, 13, ABalpaapaaa, 3731, 0, 0, 0, , 0, 0, 0, 0, 0, 
450, 1, 443, 453, -1, 170, 266, 28.0, 15, Epraa, 4315, 0, 0, 0, , 0, 0, 0, 0, 0, 
451, 1, 444, 454, -1, 145, 276, 27.0, 21, Eprap, 10419, 0, 0, 0, , 0, 0, 0, 0, 0, 
452, 1, 445, 455, -1, 205, 236, 24.0, 13, MSpaapp, 3823, 0, 0, 0, , 0, 0, 0, 0, 0, 
453, 1, 446, 456, -1, 159, 264, 24.0, 21, Earpp, 19072, 0, 0, 0, , 0, 0, 0, 0, 0, 
454, 1, 447, 457, -1, 189, 285, 25.0, 19, Ealap, 21924, 0, 0, 0, , 0, 0, 0, 0, 0, 
455, 1, 448, 458, -1, 213, 272, 27.0, 23, Ealaa, 65535, 0, 0, 0, , 0, 0, 0, 0, 0, 
456, 1, 449, 459, -1, 167, 289, 28.0, 21, Eplaa, 16494, 0, 0, 0, , 0, 0, 0, 0, 0, 
457, 1, 450, 460, -1, 148, 295, 22.0, 15, Eplap, 4704, 0, 0, 0, , 0, 0, 0, 0, 0, 
458, 1, 451, 461, -1, 124, 280, 19.0, 21, Eprpp, 14301, 0, 0, 0, , 0, 0, 0, 0, 0, 
459, 1, 452, 462, -1, 188, 338, 27.0, 15, Dapap, 4466, 0, 0, 0, , 0, 0, 0, 0, 0, 
460, 1, 453, 463, -1, 215, 323, 26.0, 15, Dapaa, 6228, 0, 0, 0, , 0, 0, 0, 0, 0, 
461, 1, 454, 464, -1, 227, 268, 23.0, 19, MSaapaapp, 4144, 0, 0, 0, , 0, 0, 0, 0, 0, 
462, 1, 455, 465, -1, 242, 264, 22.0, 13, MSaapaapa, 3687, 0, 0, 0, , 0, 0, 0, 0, 0, 
463, 1, 456, 466, -1, 152, 212, 31.0, 15, ABarpppapp, 6231, 0, 0, 0, , 0, 0, 0, 0, 0, 
464, 1, 457, 467, -1, 233, 318, 15.0, 17, ABplppaapa, 8068, 0, 0, 0, , 0, 0, 0, 0, 0, 
465, 1, 458, 468, -1, 66, 297, 24.0, 19, Cpapap, 7767, 0, 0, 0, , 0, 0, 0, 0, 0, 
466, 0, 459, -1, -1, 212, 249, 25.0, 13, , 3446, 0, 0, 0, , 0, 0, 0, 0, 0, 
467, 1, 460, 470, -1, 346, 246, 17.0, 15, ABalaaaala, 7528, 0, 0, 0, , 0, 0, 0, 0, 0, 
468, 1, 461, 471, -1, 259, 180, 35.0, 15, ABarpappaa, 4410, 0, 0, 0, , 0, 0, 0, 0, 0, 
469, 1, 462, 472, -1, 339, 209, 28.0, 15, ABalappaaa, 4414, 0, 0, 0, , 0, 0, 0, 0, 0, 
470, 1, 463, 473, -1, 98, 269, 26.0, 19, Cppppa, 8859, 0, 0, 0, , 0, 0, 0, 0, 0, 
471, 1, 464, 474, -1, 92, 286, 17.0, 19, Cppppp, 14021, 0, 0, 0, , 0, 0, 0, 0, 0, 
472, 1, 465, 475, -1, 188, 262, 19.0, 21, Earpa, 39588, 0, 0, 0, , 0, 0, 0, 0, 0, 
473, 1, 466, 476, -1, 251, 198, 31.0, 15, MSppappp, 7059, 0, 0, 0, , 0, 0, 0, 0, 0, 
474, 1, 467, 477, -1, 127, 277, 24.0, 21, Eprpa, 22790, 0, 0, 0, , 0, 0, 0, 0, 0, 
475, 1, 468, 478, -1, 225, 246, 34.0, 17, ABarpaappa, 6574, 0, 0, 0, , 0, 0, 0, 0, 0, 
476, 1, 469, 479, -1, 209, 298, 34.0, 19, ABarppaapa, 5789, 0, 0, 0, , 0, 0, 0, 0, 0, 
477, 1, 470, 503, -1, 137, 259, 34.0, 19, Cpaaap, 4284, 0, 0, 0, , 0, 0, 0, 0, 0, 
478, 1, 471, 480, -1, 129, 303, 17.0, 23, Eplpp, 17323, 0, 0, 0, , 0, 0, 0, 0, 0, 
479, 1, 472, 481, -1, 206, 288, 14.0, 13, MSaappap, 5255, 0, 0, 0, , 0, 0, 0, 0, 0, 
480, 1, 473, 482, -1, 184, 288, 16.0, 21, Z3, 32346, 0, 0, 0, , 0, 0, 0, 0, 0, 
481, 1, 474, 483, -1, 262, 174, 12.0, 15, ABalaapapp, 7809, 0, 0, 0, , 0, 0, 0, 0, 0, 
482, 1, 475, 484, -1, 215, 272, 14.0, 15, MSaappaa, 4747, 0, 0, 0, , 0, 0, 0, 0, 0, 
483, 0, 476, -1, -1, 187, 254, 25.0, 21, , 23808, 0, 0, 0, , 0, 0, 0, 0, 0, 
484, 1, 477, 486, -1, 271, 244, 26.0, 13, MSaaapapa, 3148, 0, 0, 0, , 0, 0, 0, 0, 0, 
485, 1, 478, 487, -1, 251, 327, 21.0, 11, ABplppaaaap, 5188, 0, 0, 0, , 0, 0, 0, 0, 0, 
486, 1, 479, 488, -1, 132, 309, 9.0, 13, ABplpppapap, 1887, 0, 0, 0, , 0, 0, 0, 0, 0, 
487, 1, 480, 489, -1, 270, 169, 31.0, 15, ABpraapaapp, 5504, 0, 0, 0, , 0, 0, 0, 0, 0, 
488, 1, 481, 490, -1, 239, 342, 18.0, 13, ABplppapaaa, 7178, 0, 0, 0, , 0, 0, 0, 0, 0, 
489, 1, 482, 491, -1, 212, 247, 27.0, 17, Earaa, 6027, 0, 0, 0, , 0, 0, 0, 0, 0, 
490, 1, 483, 492, -1, 333, 227, 32.0, 15, ABalapapapa, 3025, 0, 0, 0, , 0, 0, 0, 0, 0, 
491, 1, 484, 493, -1, 348, 240, 20.0, 15, ABalaaapall, 5455, 0, 0, 0, , 0, 0, 0, 0, 0, 
492, 0, 485, -1, -1, 142, 274, 27.0, 11, , 663, 0, 0, 0, , 0, 0, 0, 0, 0, 
493, 1, 486, 495, -1, 258, 190, 17.0, 13, ABprpaaaaaa, 6423, 0, 0, 0, , 0, 0, 0, 0, 0, 
494, 1, 487, 496, -1, 181, 255, 34.0, 19, Cpaaaa, 1963, 0, 0, 0, , 0, 0, 0, 0, 0, 
495, 1, 488, 497, -1, 142, 298, 34.0, 19, Caaaap, 1882, 0, 0, 0, , 0, 0, 0, 0, 0, 
496, 1, 489, 498, -1, 166, 276, 13.0, 15, MSpappap, 5314, 0, 0, 0, , 0, 0, 0, 0, 0, 
497, 1, 490, 501, -1, 244, 300, 32.0, 16, ABplapaaaaa, 8427, 0, 0, 0, , 0, 0, 0, 0, 0, 
498, 1, 491, 502, -1, 190, 226, 35.0, 18, ABarpppapa, 3404, 0, 0, 0, , 0, 0, 0, 0, 0, 
499, 1, 492, 504, -1, 115, 292, 33.0, 15, Cpaapa, 0, 0, 0, 0, , 0, 0, 0, 0, 0, 
500, 1, 493, 505, -1, 113, 323, 33.0, 15, Caaapa, 0, 0, 0, 0, , 0, 0, 0, 0, 0, 
501, 1, 494, 506, -1, 182, 301, 33.0, 17, Caaaaa, 0, 0, 0, 0, , 0, 0, 0, 0, 0, 
502, 1, 495, 17, -1, 292, 220, 18.857143, 15, ABaraaapapa, 4288, 0, 0, 0, , 0, 0, 0, 0, 0, 
503, 1, 496, 508, -1, 293, 174, 32.0, 13, ABalapppppa, 0, 0, 0, 0, , 0, 0, 0, 0, 0, 
504, 1, 312, 499, -1, 236, 234, 23.0, 13, MSpaapapp, 2824, 0, 0, 0, , 0, 0, 0, 0, 0, 
