1, 1, 1, 1, -1, 309, 208, 24.0, 15, ABaraappaa, 10737, 0, 0, 0, , 0, 0, 0, 0, 0, 
2, 1, 2, 2, -1, 273, 211, 24.0, 15, ABaraappapp, 7451, 0, 0, 0, , 0, 0, 0, 0, 0, 
3, 1, 3, 3, -1, 290, 205, 24.0, 15, ABaraappapa, 6599, 0, 0, 0, , 0, 0, 0, 0, 0, 
4, 1, 4, 4, -1, 251, 225, 21.0, 15, ABaraapppap, 7538, 0, 0, 0, , 0, 0, 0, 0, 0, 
5, 1, 5, 5, -1, 264, 213, 21.0, 15, ABaraapppaa, 5957, 0, 0, 0, , 0, 0, 0, 0, 0, 
6, 1, 6, 6, -1, 236, 241, 20.0, 15, ABaraappppp, 5064, 0, 0, 0, , 0, 0, 0, 0, 0, 
7, 1, 7, 7, -1, 255, 263, 20.0, 15, ABaraapapp, 12468, 0, 0, 0, , 0, 0, 0, 0, 0, 
8, 1, 8, 8, -1, 267, 258, 23.0, 15, ABaraapapap, 7073, 0, 0, 0, , 0, 0, 0, 0, 0, 
9, 1, 9, 9, -1, 279, 250, 23.0, 17, ABaraapapaa, 6001, 0, 0, 0, , 0, 0, 0, 0, 0, 
10, 1, 10, 10, -1, 319, 227, 23.0, 17, ABaraapaaa, 10591, 0, 0, 0, , 0, 0, 0, 0, 0, 
11, 1, 11, 11, -1, 289, 236, 26.0, 15, ABaraapaapp, 7967, 0, 0, 0, , 0, 0, 0, 0, 0, 
12, 1, 12, 12, -1, 304, 231, 24.0, 13, ABaraapaapa, 5945, 0, 0, 0, , 0, 0, 0, 0, 0, 
13, 1, 13, 13, -1, 314, 220, 11.0, 17, ABaraaappa, 8804, 0, 0, 0, , 0, 0, 0, 0, 0, 
14, 1, 14, 14, -1, 307, 205, 13.0, 11, ABaraaapppa, 4532, 0, 0, 0, , 0, 0, 0, 0, 0, 
15, 1, 15, 15, -1, 278, 206, 10.0, 11, ABaraaapppp, 3501, 0, 0, 0, , 0, 0, 0, 0, 0, 
16, 1, 16, 16, -1, 314, 214, 19.0, 13, ABaraaapaaa, 4369, 0, 0, 0, , 0, 0, 0, 0, 0, 
17, 1, 17, 17, -1, 290, 222, 20.0, 13, ABaraaapapa, 1988, 0, 0, 0, , 0, 0, 0, 0, 0, 
18, 1, 18, 18, -1, 299, 209, 20.0, 15, ABaraaapaap, 6525, 0, 0, 0, , 0, 0, 0, 0, 0, 
19, 1, 19, 19, -1, 278, 222, 21.0, 15, ABaraaapapp, 4875, 0, 0, 0, , 0, 0, 0, 0, 0, 
20, 1, 20, 20, -1, 312, 234, 17.0, 15, ABaraaaaaa, 7499, 0, 0, 0, , 0, 0, 0, 0, 0, 
21, 1, 21, 21, -1, 301, 211, 16.0, 17, ABaraaaaap, 7956, 0, 0, 0, , 0, 0, 0, 0, 0, 
22, 1, 22, 22, -1, 309, 226, 28.0, 13, ABaraaaapp, 5191, 0, 0, 0, , 0, 0, 0, 0, 0, 
23, 1, 23, 23, -1, 327, 213, 19.0, 15, ABaraaaapa, 6824, 0, 0, 0, , 0, 0, 0, 0, 0, 
24, 1, 24, 24, -1, 241, 246, 11.0, 13, ABarapapapp, 7482, 0, 0, 0, , 0, 0, 0, 0, 0, 
25, 1, 25, 25, -1, 256, 237, 11.0, 13, ABarapapapa, 5865, 0, 0, 0, , 0, 0, 0, 0, 0, 
26, 1, 26, 26, -1, 263, 233, 14.0, 15, ABarapapaap, 7735, 0, 0, 0, , 0, 0, 0, 0, 0, 
27, 1, 27, 27, -1, 272, 220, 16.0, 15, ABarapapaaa, 5035, 0, 0, 0, , 0, 0, 0, 0, 0, 
28, 1, 28, 28, -1, 219, 241, 13.0, 17, ABarapapppp, 7421, 0, 0, 0, , 0, 0, 0, 0, 0, 
29, 1, 29, 29, -1, 247, 224, 16.0, 15, ABarapappa, 11844, 0, 0, 0, , 0, 0, 0, 0, 0, 
30, 1, 30, 30, -1, 281, 227, 11.0, 15, ABarapaaap, 11954, 0, 0, 0, , 0, 0, 0, 0, 0, 
31, 1, 31, 31, -1, 294, 223, 13.0, 15, ABarapaaaa, 11179, 0, 0, 0, , 0, 0, 0, 0, 0, 
32, 1, 32, 32, -1, 280, 214, 17.0, 17, ABarapaapa, 10996, 0, 0, 0, , 0, 0, 0, 0, 0, 
33, 1, 33, 33, -1, 247, 219, 18.0, 17, ABarapaappp, 8780, 0, 0, 0, , 0, 0, 0, 0, 0, 
34, 1, 34, 34, -1, 264, 231, 18.0, 13, ABarapaappa, 7347, 0, 0, 0, , 0, 0, 0, 0, 0, 
35, 1, 35, 35, -1, 260, 198, 10.0, 13, ABarapppapa, 5049, 0, 0, 0, , 0, 0, 0, 0, 0, 
36, 1, 36, 36, -1, 236, 209, 10.0, 11, ABarapppapp, 3583, 0, 0, 0, , 0, 0, 0, 0, 0, 
37, 1, 37, 37, -1, 290, 197, 10.0, 13, ABarapppaaa, 4873, 0, 0, 0, , 0, 0, 0, 0, 0, 
38, 1, 38, 38, -1, 268, 187, 10.0, 13, ABarapppaap, 4807, 0, 0, 0, , 0, 0, 0, 0, 0, 
39, 1, 39, 39, -1, 254, 197, 14.0, 13, ABarappppap, 7130, 0, 0, 0, , 0, 0, 0, 0, 0, 
40, 1, 40, 40, -1, 270, 189, 14.0, 13, ABarappppaa, 5236, 0, 0, 0, , 0, 0, 0, 0, 0, 
41, 1, 41, 41, -1, 242, 196, 12.0, 13, ABarapppppa, 4191, 0, 0, 0, , 0, 0, 0, 0, 0, 
42, 1, 42, 42, -1, 226, 188, 12.0, 13, ABarapppppp, 3931, 0, 0, 0, , 0, 0, 0, 0, 0, 
43, 1, 43, 43, -1, 250, 215, 11.0, 13, ABarappaaap, 4795, 0, 0, 0, , 0, 0, 0, 0, 0, 
44, 1, 43, 44, -1, 266, 218, 11.0, 13, ABarappaaaa, 5049, 0, 0, 0, , 0, 0, 0, 0, 0, 
45, 1, 44, 45, -1, 239, 227, 11.0, 17, ABarappaap, 19325, 0, 0, 0, , 0, 0, 0, 0, 0, 
46, 1, 45, 46, -1, 216, 219, 10.0, 15, ABarappapap, 7733, 0, 0, 0, , 0, 0, 0, 0, 0, 
47, 1, 46, 47, -1, 224, 196, 10.0, 13, ABarappapaa, 6008, 0, 0, 0, , 0, 0, 0, 0, 0, 
48, 1, 47, 48, -1, 175, 209, 12.0, 13, ABarappappp, 6653, 0, 0, 0, , 0, 0, 0, 0, 0, 
49, 1, 48, 49, -1, 201, 207, 10.0, 13, ABarappappa, 5534, 0, 0, 0, , 0, 0, 0, 0, 0, 
50, 1, 49, 50, -1, 222, 176, 31.0, 17, ABarpapppa, 6182, 0, 0, 0, , 0, 0, 0, 0, 0, 
51, 1, 50, 51, -1, 216, 186, 34.0, 15, ABarpapppp, 4706, 0, 0, 0, , 0, 0, 0, 0, 0, 
52, 1, 51, 52, -1, 246, 175, 33.0, 17, ABarpappap, 5700, 0, 0, 0, , 0, 0, 0, 0, 0, 
53, 1, 52, 53, -1, 299, 187, 35.0, 19, ABarpapaaa, 5745, 0, 0, 0, , 0, 0, 0, 0, 0, 
54, 1, 53, 54, -1, 293, 193, 32.0, 13, ABarpapaapa, 4535, 0, 0, 0, , 0, 0, 0, 0, 0, 
55, 1, 54, 55, -1, 278, 196, 34.0, 15, ABarpapaapp, 4115, 0, 0, 0, , 0, 0, 0, 0, 0, 
56, 1, 55, 56, -1, 240, 214, 35.0, 15, ABarpapapp, 6114, 0, 0, 0, , 0, 0, 0, 0, 0, 
57, 1, 56, 57, -1, 276, 218, 35.0, 15, ABarpapapa, 5042, 0, 0, 0, , 0, 0, 0, 0, 0, 
58, 1, 57, 58, -1, 217, 267, 35.0, 17, ABarpaappp, 8846, 0, 0, 0, , 0, 0, 0, 0, 0, 
59, 1, 58, 59, -1, 257, 216, 35.0, 13, ABarpaapaa, 4207, 0, 0, 0, , 0, 0, 0, 0, 0, 
60, 1, 59, 60, -1, 247, 250, 34.0, 21, ABarpaapap, 9671, 0, 0, 0, , 0, 0, 0, 0, 0, 
61, 1, 60, 61, -1, 328, 211, 32.0, 15, ABarpaaaaa, 6836, 0, 0, 0, , 0, 0, 0, 0, 0, 
62, 1, 61, 62, -1, 303, 235, 35.0, 17, ABarpaaaap, 7138, 0, 0, 0, , 0, 0, 0, 0, 0, 
63, 1, 62, 63, -1, 274, 235, 35.0, 11, ABarpaaapp, 4421, 0, 0, 0, , 0, 0, 0, 0, 0, 
64, 1, 63, 64, -1, 298, 212, 36.0, 17, ABarpaaapa, 8551, 0, 0, 0, , 0, 0, 0, 0, 0, 
65, 1, 64, 65, -1, 234, 323, 34.0, 17, ABarppaaap, 7295, 0, 0, 0, , 0, 0, 0, 0, 0, 
66, 1, 65, 66, -1, 237, 292, 35.0, 13, ABarppaaaa, 4641, 0, 0, 0, , 0, 0, 0, 0, 0, 
67, 1, 66, 67, -1, 192, 331, 33.0, 15, ABarppaapp, 5296, 0, 0, 0, , 0, 0, 0, 0, 0, 
68, 1, 67, 68, -1, 139, 352, 31.0, 17, ABarppappa, 7268, 0, 0, 0, , 0, 0, 0, 0, 0, 
69, 1, 68, 69, -1, 109, 360, 22.0, 15, ABarppappp, 6042, 0, 0, 0, , 0, 0, 0, 0, 0, 
70, 1, 69, 70, -1, 191, 351, 31.0, 17, ABarppapap, 6348, 0, 0, 0, , 0, 0, 0, 0, 0, 
71, 1, 70, 71, -1, 215, 334, 33.0, 17, ABarppapaa, 7392, 0, 0, 0, , 0, 0, 0, 0, 0, 
72, 1, 71, 72, -1, 73, 257, 21.0, 17, ABarpppppp, 6080, 0, 0, 0, , 0, 0, 0, 0, 0, 
73, 1, 72, 73, -1, 98, 244, 29.0, 17, ABarpppppa, 5817, 0, 0, 0, , 0, 0, 0, 0, 0, 
74, 1, 73, 74, -1, 165, 197, 31.0, 15, ABarppppaa, 5360, 0, 0, 0, , 0, 0, 0, 0, 0, 
75, 1, 74, 75, -1, 136, 214, 32.0, 15, ABarppppap, 6016, 0, 0, 0, , 0, 0, 0, 0, 0, 
76, 1, 75, 76, -1, 188, 194, 34.0, 17, ABarpppaap, 6925, 0, 0, 0, , 0, 0, 0, 0, 0, 
77, 1, 76, 77, -1, 209, 213, 35.0, 15, ABarpppaaa, 3802, 0, 0, 0, , 0, 0, 0, 0, 0, 
78, 1, 77, 78, -1, 328, 190, 26.0, 13, ABalappppaa, 2200, 0, 0, 0, , 0, 0, 0, 0, 0, 
79, 1, 78, 79, -1, 303, 185, 28.0, 13, ABalappppap, 2987, 0, 0, 0, , 0, 0, 0, 0, 0, 
80, 1, 79, 80, -1, 277, 178, 33.0, 13, ABalapppppp, 2360, 0, 0, 0, , 0, 0, 0, 0, 0, 
81, 1, 80, 81, -1, 343, 201, 24.0, 15, ABalapppaaa, 2314, 0, 0, 0, , 0, 0, 0, 0, 0, 
82, 1, 81, 82, -1, 333, 190, 29.0, 13, ABalapppaap, 6900, 0, 0, 0, , 0, 0, 0, 0, 0, 
83, 1, 82, 83, -1, 320, 200, 30.0, 11, ABalapppapa, 1393, 0, 0, 0, , 0, 0, 0, 0, 0, 
84, 1, 84, 84, -1, 316, 183, 24.0, 15, ABalappapa, 5570, 0, 0, 0, , 0, 0, 0, 0, 0, 
85, 1, 85, 85, -1, 343, 222, 27.0, 17, ABalappaap, 9999, 0, 0, 0, , 0, 0, 0, 0, 0, 
86, 1, 86, 86, -1, 324, 170, 25.0, 13, ABalappappa, 3548, 0, 0, 0, , 0, 0, 0, 0, 0, 
87, 1, 87, 87, -1, 304, 168, 27.0, 13, ABalappappp, 2885, 0, 0, 0, , 0, 0, 0, 0, 0, 
88, 1, 88, 88, -1, 310, 272, 36.0, 15, ABalapapppp, 1413, 0, 0, 0, , 0, 0, 0, 0, 0, 
89, 1, 89, 89, -1, 321, 263, 32.0, 11, ABalapapppa, 2568, 0, 0, 0, , 0, 0, 0, 0, 0, 
90, 1, 90, 90, -1, 337, 244, 27.0, 17, ABalapappaa, 6102, 0, 0, 0, , 0, 0, 0, 0, 0, 
91, 1, 91, 91, -1, 326, 261, 29.0, 13, ABalapappap, 3310, 0, 0, 0, , 0, 0, 0, 0, 0, 
92, 1, 92, 92, -1, 327, 229, 33.0, 15, ABalapapaa, 6483, 0, 0, 0, , 0, 0, 0, 0, 0, 
93, 1, 93, 93, -1, 311, 249, 32.0, 13, ABalapapapp, 1984, 0, 0, 0, , 0, 0, 0, 0, 0, 
94, 1, 94, 94, -1, 342, 244, 24.0, 19, ABalapaaaa, 9426, 0, 0, 0, , 0, 0, 0, 0, 0, 
95, 1, 95, 95, -1, 353, 257, 26.0, 13, ABalapaaapa, 3490, 0, 0, 0, , 0, 0, 0, 0, 0, 
96, 1, 96, 96, -1, 343, 269, 29.0, 15, ABalapaaapp, 4378, 0, 0, 0, , 0, 0, 0, 0, 0, 
97, 1, 97, 97, -1, 339, 256, 22.0, 15, ABalapaappa, 4205, 0, 0, 0, , 0, 0, 0, 0, 0, 
98, 1, 98, 98, -1, 329, 267, 20.0, 15, ABalapaapa, 6779, 0, 0, 0, , 0, 0, 0, 0, 0, 
99, 1, 99, 99, -1, 336, 273, 24.0, 15, ABalapaappp, 9215, 0, 0, 0, , 0, 0, 0, 0, 0, 
100, 1, 100, 100, -1, 313, 191, 15.0, 15, ABalaapaaa, 6954, 0, 0, 0, , 0, 0, 0, 0, 0, 
101, 1, 101, 101, -1, 247, 179, 10.0, 15, ABalaapapa, 6238, 0, 0, 0, , 0, 0, 0, 0, 0, 
102, 1, 102, 102, -1, 305, 189, 12.0, 15, ABalaapaap, 6364, 0, 0, 0, , 0, 0, 0, 0, 0, 
103, 1, 103, 103, 104, 289, 185, 14.0, 15, ABalaappap, 5471, 0, 0, 0, , 0, 0, 0, 0, 0, 
104, 1, 104, 105, -1, 284, 173, 13.0, 17, ABalaappaa, 3618, 0, 0, 0, , 0, 0, 0, 0, 0, 
105, 1, 105, 106, -1, 302, 169, 24.0, 15, ABalaappppp, 4898, 0, 0, 0, , 0, 0, 0, 0, 0, 
106, 1, 106, 107, -1, 315, 174, 20.0, 13, ABalaappppa, 4043, 0, 0, 0, , 0, 0, 0, 0, 0, 
107, 1, 107, 108, -1, 299, 185, 21.0, 15, ABalaapppa, 7178, 0, 0, 0, , 0, 0, 0, 0, 0, 
108, 1, 108, 109, -1, 345, 249, 13.0, 17, ABalaaaalp, 10349, 0, 0, 0, , 0, 0, 0, 0, 0, 
109, 1, 109, 110, -1, 329, 199, 17.0, 17, ABalaaaarr, 6580, 0, 0, 0, , 0, 0, 0, 0, 0, 
110, 1, 110, 111, -1, 342, 222, 17.0, 15, ABalaaaarl, 9766, 0, 0, 0, , 0, 0, 0, 0, 0, 
111, 1, 111, 112, -1, 333, 192, 21.0, 17, ABalaaappl, 6270, 0, 0, 0, , 0, 0, 0, 0, 0, 
112, 1, 112, 113, -1, 320, 189, 19.0, 13, ABalaaapprr, 3993, 0, 0, 0, , 0, 0, 0, 0, 0, 
113, 1, 113, 114, -1, 301, 178, 17.0, 15, ABalaaapprl, 4030, 0, 0, 0, , 0, 0, 0, 0, 0, 
114, 1, 114, 115, -1, 344, 220, 22.0, 17, ABalaaapar, 7963, 0, 0, 0, , 0, 0, 0, 0, 0, 
115, 1, 115, 116, -1, 344, 265, 19.0, 15, ABalaaapalr, 4985, 0, 0, 0, , 0, 0, 0, 0, 0, 
116, 1, 116, 117, -1, 159, 327, 10.0, 15, ABplppppapa, 5286, 0, 0, 0, , 0, 0, 0, 0, 0, 
117, 1, 117, 118, -1, 149, 314, 10.0, 13, ABplppppapp, 4354, 0, 0, 0, , 0, 0, 0, 0, 0, 
118, 1, 118, 119, -1, 176, 307, 10.0, 13, ABplppppaaa, 4510, 0, 0, 0, , 0, 0, 0, 0, 0, 
119, 1, 119, 120, -1, 166, 307, 10.0, 13, ABplppppaap, 5276, 0, 0, 0, , 0, 0, 0, 0, 0, 
120, 1, 120, 121, -1, 92, 325, 12.0, 13, ABplppppppp, 4981, 0, 0, 0, , 0, 0, 0, 0, 0, 
121, 1, 121, 122, -1, 112, 313, 10.0, 13, ABplppppppa, 3829, 0, 0, 0, , 0, 0, 0, 0, 0, 
122, 1, 122, 123, -1, 143, 309, 13.0, 13, ABplpppppap, 4444, 0, 0, 0, , 0, 0, 0, 0, 0, 
123, 1, 122, 124, -1, 156, 305, 15.0, 13, ABplpppppaa, 5536, 0, 0, 0, , 0, 0, 0, 0, 0, 
124, 1, 123, 125, -1, 124, 312, 12.0, 13, ABplpppapp, 5403, 0, 0, 0, , 0, 0, 0, 0, 0, 
125, 1, 124, 126, -1, 136, 325, 10.0, 13, ABplpppapaa, 4757, 0, 0, 0, , 0, 0, 0, 0, 0, 
126, 1, 125, 127, -1, 133, 342, 11.0, 13, ABplpppaapp, 4331, 0, 0, 0, , 0, 0, 0, 0, 0, 
127, 1, 126, 128, -1, 151, 342, 12.0, 15, ABplpppaapa, 4405, 0, 0, 0, , 0, 0, 0, 0, 0, 
128, 1, 127, 129, -1, 179, 333, 10.0, 15, ABplpppaaaa, 5620, 0, 0, 0, , 0, 0, 0, 0, 0, 
129, 1, 128, 130, -1, 167, 346, 13.0, 13, ABplpppaaap, 4538, 0, 0, 0, , 0, 0, 0, 0, 0, 
130, 1, 129, 131, -1, 188, 338, 14.0, 17, ABplppappp, 7999, 0, 0, 0, , 0, 0, 0, 0, 0, 
131, 1, 130, 132, 133, 211, 330, 14.0, 15, ABplppappa, 7340, 0, 0, 0, , 0, 0, 0, 0, 0, 
132, 1, 131, 134, -1, 212, 346, 17.0, 13, ABplppapaap, 4359, 0, 0, 0, , 0, 0, 0, 0, 0, 
133, 1, 132, 135, -1, 194, 344, 17.0, 21, ABplppapap, 30021, 0, 0, 0, , 0, 0, 0, 0, 0, 
134, 1, 133, 136, -1, 210, 311, 11.0, 13, ABplppaappa, 5951, 0, 0, 0, , 0, 0, 0, 0, 0, 
135, 1, 134, 137, -1, 190, 321, 10.0, 13, ABplppaappp, 5000, 0, 0, 0, , 0, 0, 0, 0, 0, 
136, 1, 135, 138, -1, 264, 311, 19.0, 13, ABplppaaaaa, 5248, 0, 0, 0, , 0, 0, 0, 0, 0, 
137, 1, 136, 139, -1, 252, 316, 18.0, 13, ABplppaaap, 5470, 0, 0, 0, , 0, 0, 0, 0, 0, 
138, 1, 137, 140, -1, 245, 271, 9.0, 15, ABplpappaaa, 6743, 0, 0, 0, , 0, 0, 0, 0, 0, 
139, 1, 138, 141, -1, 228, 284, 10.0, 15, ABplpappaap, 4841, 0, 0, 0, , 0, 0, 0, 0, 0, 
140, 1, 139, 142, -1, 217, 269, 11.0, 15, ABplpappap, 8157, 0, 0, 0, , 0, 0, 0, 0, 0, 
141, 1, 140, 143, -1, 146, 297, 10.0, 13, ABplpappppp, 4423, 0, 0, 0, , 0, 0, 0, 0, 0, 
142, 1, 141, 144, -1, 167, 283, 11.0, 13, ABplpappppa, 4958, 0, 0, 0, , 0, 0, 0, 0, 0, 
143, 1, 142, 145, -1, 186, 285, 10.0, 15, ABplpapppaa, 4041, 0, 0, 0, , 0, 0, 0, 0, 0, 
144, 1, 143, 146, -1, 165, 267, 9.0, 15, ABplpapppap, 5453, 0, 0, 0, , 0, 0, 0, 0, 0, 
145, 1, 144, 147, -1, 216, 298, 10.0, 13, ABplpapappa, 4723, 0, 0, 0, , 0, 0, 0, 0, 0, 
146, 1, 145, 148, -1, 191, 301, 10.0, 13, ABplpapappp, 4549, 0, 0, 0, , 0, 0, 0, 0, 0, 
147, 1, 146, 149, -1, 224, 314, 12.0, 13, ABplpapapap, 3292, 0, 0, 0, , 0, 0, 0, 0, 0, 
148, 1, 147, 150, -1, 240, 304, 13.0, 11, ABplpapapaa, 3127, 0, 0, 0, , 0, 0, 0, 0, 0, 
149, 1, 148, 151, -1, 260, 308, 14.0, 15, ABplpapaap, 4817, 0, 0, 0, , 0, 0, 0, 0, 0, 
150, 1, 149, 152, -1, 253, 295, 13.0, 13, ABplpapaaap, 9266, 0, 0, 0, , 0, 0, 0, 0, 0, 
151, 1, 150, 153, -1, 274, 287, 12.0, 11, ABplpapaaaa, 3810, 0, 0, 0, , 0, 0, 0, 0, 0, 
152, 1, 151, 154, -1, 250, 334, 15.0, 13, ABplpaaaapp, 5350, 0, 0, 0, , 0, 0, 0, 0, 0, 
153, 1, 152, 155, -1, 263, 323, 13.0, 15, ABplpaaaapa, 7260, 0, 0, 0, , 0, 0, 0, 0, 0, 
154, 1, 153, 156, -1, 290, 290, 17.0, 13, ABplpaaaaap, 6165, 0, 0, 0, , 0, 0, 0, 0, 0, 
155, 1, 154, 157, -1, 310, 275, 16.0, 15, ABplpaaaaaa, 6126, 0, 0, 0, , 0, 0, 0, 0, 0, 
156, 1, 155, 158, -1, 305, 306, 18.0, 19, ABplpaaapa, 10003, 0, 0, 0, , 0, 0, 0, 0, 0, 
157, 1, 156, 159, -1, 287, 311, 15.0, 15, ABplpaaappa, 5732, 0, 0, 0, , 0, 0, 0, 0, 0, 
158, 1, 157, 160, -1, 276, 317, 16.0, 15, ABplpaaappp, 5382, 0, 0, 0, , 0, 0, 0, 0, 0, 
159, 1, 158, 161, -1, 264, 308, 26.0, 13, ABplpaappap, 4716, 0, 0, 0, , 0, 0, 0, 0, 0, 
160, 1, 159, 162, -1, 283, 299, 24.0, 15, ABplpaappaa, 8204, 0, 0, 0, , 0, 0, 0, 0, 0, 
161, 1, 160, 163, -1, 290, 320, 18.0, 13, ABplpaapppa, 4582, 0, 0, 0, , 0, 0, 0, 0, 0, 
162, 1, 161, 164, -1, 299, 319, 21.0, 13, ABplpaapapp, 5056, 0, 0, 0, , 0, 0, 0, 0, 0, 
163, 1, 162, 165, -1, 275, 325, 20.0, 15, ABplpaapppp, 5268, 0, 0, 0, , 0, 0, 0, 0, 0, 
164, 1, 163, 166, -1, 298, 298, 20.0, 13, ABplpaapaap, 3547, 0, 0, 0, , 0, 0, 0, 0, 0, 
165, 1, 164, 167, -1, 304, 277, 19.0, 13, ABplpaapaaa, 6034, 0, 0, 0, , 0, 0, 0, 0, 0, 
166, 1, 165, 168, -1, 304, 312, 25.0, 15, ABplpaapapa, 6761, 0, 0, 0, , 0, 0, 0, 0, 0, 
167, 1, 166, 169, -1, 272, 330, 24.0, 17, ABplaappap, 7432, 0, 0, 0, , 0, 0, 0, 0, 0, 
168, 1, 167, 170, -1, 286, 322, 23.0, 15, ABplaappaa, 6291, 0, 0, 0, , 0, 0, 0, 0, 0, 
169, 1, 168, 171, -1, 257, 332, 26.0, 19, ABplaapppa, 25046, 0, 0, 0, , 0, 0, 0, 0, 0, 
170, 1, 169, 172, -1, 230, 346, 25.0, 17, ABplaapppp, 7497, 0, 0, 0, , 0, 0, 0, 0, 0, 
171, 1, 170, 173, -1, 336, 253, 32.0, 17, ABplaapaaa, 6565, 0, 0, 0, , 0, 0, 0, 0, 0, 
172, 1, 171, 174, -1, 340, 272, 33.0, 13, ABplaapaapa, 5145, 0, 0, 0, , 0, 0, 0, 0, 0, 
173, 1, 172, 175, -1, 323, 282, 31.0, 15, ABplaapaapp, 7134, 0, 0, 0, , 0, 0, 0, 0, 0, 
174, 1, 173, 176, -1, 292, 293, 30.0, 17, ABplaapappp, 5572, 0, 0, 0, , 0, 0, 0, 0, 0, 
175, 1, 174, 177, -1, 305, 280, 30.0, 13, ABplaapappa, 4479, 0, 0, 0, , 0, 0, 0, 0, 0, 
176, 1, 175, 178, -1, 306, 286, 26.0, 13, ABplaapapa, 4747, 0, 0, 0, , 0, 0, 0, 0, 0, 
177, 1, 176, 179, -1, 295, 259, 35.0, 13, ABplaaaaapp, 5273, 0, 0, 0, , 0, 0, 0, 0, 0, 
178, 1, 177, 180, -1, 308, 259, 30.0, 13, ABplaaaaapa, 3807, 0, 0, 0, , 0, 0, 0, 0, 0, 
179, 1, 178, 181, -1, 320, 249, 36.0, 17, ABplaaaaaa, 7066, 0, 0, 0, , 0, 0, 0, 0, 0, 
180, 1, 179, 182, -1, 267, 267, 34.0, 17, ABplaaaapp, 7754, 0, 0, 0, , 0, 0, 0, 0, 0, 
181, 1, 180, 183, -1, 278, 253, 34.0, 13, ABplaaaapa, 6275, 0, 0, 0, , 0, 0, 0, 0, 0, 
182, 1, 181, 184, -1, 261, 296, 33.0, 15, ABplaaappp, 4792, 0, 0, 0, , 0, 0, 0, 0, 0, 
183, 1, 182, 185, -1, 277, 302, 33.0, 15, ABplaaappa, 6400, 0, 0, 0, , 0, 0, 0, 0, 0, 
184, 1, 183, 186, -1, 296, 300, 33.0, 17, ABplaaapap, 6895, 0, 0, 0, , 0, 0, 0, 0, 0, 
185, 1, 184, 187, -1, 305, 283, 34.0, 13, ABplaaapaa, 6747, 0, 0, 0, , 0, 0, 0, 0, 0, 
186, 1, 185, 188, -1, 139, 351, 15.0, 17, ABplappppa, 7639, 0, 0, 0, , 0, 0, 0, 0, 0, 
187, 1, 186, 189, -1, 107, 338, 13.0, 15, ABplappppp, 6904, 0, 0, 0, , 0, 0, 0, 0, 0, 
188, 1, 187, 190, -1, 118, 346, 17.0, 15, ABplapppaa, 5888, 0, 0, 0, , 0, 0, 0, 0, 0, 
189, 1, 188, 191, -1, 124, 335, 14.0, 15, ABplapppap, 5510, 0, 0, 0, , 0, 0, 0, 0, 0, 
190, 1, 189, 192, -1, 193, 357, 25.0, 15, ABplappaaa, 7281, 0, 0, 0, , 0, 0, 0, 0, 0, 
191, 1, 190, 193, -1, 175, 362, 26.0, 15, ABplappaap, 7032, 0, 0, 0, , 0, 0, 0, 0, 0, 
192, 1, 191, 194, -1, 163, 363, 22.0, 15, ABplappapp, 7328, 0, 0, 0, , 0, 0, 0, 0, 0, 
193, 1, 192, 195, -1, 164, 347, 32.0, 17, ABplappapa, 7158, 0, 0, 0, , 0, 0, 0, 0, 0, 
194, 1, 193, 196, -1, 209, 353, 26.0, 15, ABplapaapp, 7301, 0, 0, 0, , 0, 0, 0, 0, 0, 
195, 1, 194, 197, -1, 244, 337, 27.0, 15, ABplapaapa, 7695, 0, 0, 0, , 0, 0, 0, 0, 0, 
196, 1, 195, 512, -1, 244, 305, 34.0, 15, ABplapaaaap, 4638, 0, 0, 0, , 0, 0, 0, 0, 0, 
197, 1, 196, 199, -1, 238, 329, 31.0, 13, ABplapaaapp, 4410, 0, 0, 0, , 0, 0, 0, 0, 0, 
198, 1, 197, 200, -1, 254, 313, 29.0, 13, ABplapaaapa, 4384, 0, 0, 0, , 0, 0, 0, 0, 0, 
199, 1, 198, 201, -1, 101, 345, 19.0, 19, ABplapappp, 6040, 0, 0, 0, , 0, 0, 0, 0, 0, 
200, 1, 199, 202, -1, 141, 371, 22.0, 17, ABplapapap, 7458, 0, 0, 0, , 0, 0, 0, 0, 0, 
201, 1, 200, 203, -1, 132, 363, 18.0, 17, ABplapappa, 7981, 0, 0, 0, , 0, 0, 0, 0, 0, 
202, 1, 201, 204, -1, 125, 360, 27.0, 19, ABplapapaa, 9577, 0, 0, 0, , 0, 0, 0, 0, 0, 
203, 1, 202, 205, 303, 223, 213, 13.0, 15, ABprpapaaa, 5307, 0, 0, 0, , 0, 0, 0, 0, 0, 
204, 1, 203, 206, -1, 199, 202, 14.0, 11, ABprpapaapp, 3397, 0, 0, 0, , 0, 0, 0, 0, 0, 
205, 1, 204, 207, -1, 182, 236, 11.0, 13, ABprpapappa, 4074, 0, 0, 0, , 0, 0, 0, 0, 0, 
206, 1, 205, 208, -1, 178, 256, 10.0, 13, ABprpapappp, 4909, 0, 0, 0, , 0, 0, 0, 0, 0, 
207, 1, 206, 209, -1, 183, 226, 12.0, 13, ABprpapapap, 3893, 0, 0, 0, , 0, 0, 0, 0, 0, 
208, 1, 207, 210, -1, 208, 224, 13.0, 13, ABprpapapaa, 3880, 0, 0, 0, , 0, 0, 0, 0, 0, 
209, 1, 208, 211, -1, 132, 293, 12.0, 11, ABprpappppp, 3068, 0, 0, 0, , 0, 0, 0, 0, 0, 
210, 1, 209, 212, -1, 148, 282, 14.0, 13, ABprpappppa, 4482, 0, 0, 0, , 0, 0, 0, 0, 0, 
211, 1, 210, 213, -1, 199, 245, 11.0, 15, ABprpapppaa, 8460, 0, 0, 0, , 0, 0, 0, 0, 0, 
212, 1, 211, 214, -1, 190, 265, 11.0, 15, ABprpapppap, 5114, 0, 0, 0, , 0, 0, 0, 0, 0, 
213, 1, 212, 215, -1, 202, 280, 10.0, 17, ABprpappapp, 4816, 0, 0, 0, , 0, 0, 0, 0, 0, 
214, 1, 213, 216, -1, 214, 237, 10.0, 13, ABprpappaap, 4853, 0, 0, 0, , 0, 0, 0, 0, 0, 
215, 1, 214, 217, -1, 230, 246, 9.0, 15, ABprpappaaa, 3995, 0, 0, 0, , 0, 0, 0, 0, 0, 
216, 1, 215, 218, -1, 238, 183, 16.0, 15, ABprpaaaaap, 5825, 0, 0, 0, , 0, 0, 0, 0, 0, 
217, 1, 216, 219, -1, 257, 181, 17.0, 15, ABprpaapaaa, 11693, 0, 0, 0, , 0, 0, 0, 0, 0, 
218, 1, 217, 220, -1, 185, 193, 12.0, 13, ABprpaaaapp, 6279, 0, 0, 0, , 0, 0, 0, 0, 0, 
219, 1, 218, 221, -1, 206, 189, 11.0, 15, ABprpaaaapa, 5113, 0, 0, 0, , 0, 0, 0, 0, 0, 
220, 1, 219, 222, -1, 227, 174, 14.0, 15, ABprpaaappa, 4760, 0, 0, 0, , 0, 0, 0, 0, 0, 
221, 1, 203, 223, -1, 217, 194, 14.0, 11, ABprpapaapa, 3522, 0, 0, 0, , 0, 0, 0, 0, 0, 
222, 1, 220, 224, -1, 219, 182, 15.0, 15, ABprpaaappp, 5020, 0, 0, 0, , 0, 0, 0, 0, 0, 
223, 1, 221, 225, -1, 241, 171, 13.0, 15, ABprpaaapa, 9387, 0, 0, 0, , 0, 0, 0, 0, 0, 
224, 1, 222, 226, -1, 246, 172, 20.0, 13, ABprpaapaap, 4570, 0, 0, 0, , 0, 0, 0, 0, 0, 
225, 1, 223, 227, -1, 245, 158, 22.0, 15, ABprpaapapa, 5202, 0, 0, 0, , 0, 0, 0, 0, 0, 
226, 1, 224, 228, -1, 234, 160, 19.0, 15, ABprpaapapp, 5824, 0, 0, 0, , 0, 0, 0, 0, 0, 
227, 1, 225, 229, -1, 226, 163, 17.0, 17, ABprpaapppa, 4383, 0, 0, 0, , 0, 0, 0, 0, 0, 
228, 1, 226, 230, -1, 216, 167, 18.0, 17, ABprpaapppp, 5502, 0, 0, 0, , 0, 0, 0, 0, 0, 
229, 1, 227, 231, -1, 220, 189, 26.0, 15, ABprpaappap, 5718, 0, 0, 0, , 0, 0, 0, 0, 0, 
230, 1, 228, 232, -1, 233, 184, 22.0, 17, ABprpaappaa, 6521, 0, 0, 0, , 0, 0, 0, 0, 0, 
231, 1, 229, 233, -1, 86, 264, 10.0, 15, ABprpppaapp, 4656, 0, 0, 0, , 0, 0, 0, 0, 0, 
232, 1, 230, 234, -1, 107, 252, 10.0, 15, ABprpppaapa, 5296, 0, 0, 0, , 0, 0, 0, 0, 0, 
233, 1, 231, 235, -1, 113, 238, 11.0, 15, ABprpppaaap, 5680, 0, 0, 0, , 0, 0, 0, 0, 0, 
234, 1, 232, 236, -1, 146, 240, 11.0, 15, ABprpppaaaa, 6435, 0, 0, 0, , 0, 0, 0, 0, 0, 
235, 1, 233, 237, -1, 115, 272, 9.0, 13, ABprpppapaa, 4146, 0, 0, 0, , 0, 0, 0, 0, 0, 
236, 1, 234, 238, -1, 111, 287, 10.0, 13, ABprpppapap, 3098, 0, 0, 0, , 0, 0, 0, 0, 0, 
237, 1, 235, 239, -1, 118, 300, 11.0, 13, ABprpppapp, 5755, 0, 0, 0, , 0, 0, 0, 0, 0, 
238, 1, 236, 240, -1, 135, 256, 10.0, 15, ABprppppapa, 4812, 0, 0, 0, , 0, 0, 0, 0, 0, 
239, 1, 237, 241, -1, 130, 279, 10.0, 15, ABprppppapp, 4137, 0, 0, 0, , 0, 0, 0, 0, 0, 
240, 1, 238, 242, -1, 153, 264, 9.0, 15, ABprppppaaa, 5471, 0, 0, 0, , 0, 0, 0, 0, 0, 
241, 1, 239, 243, -1, 145, 273, 11.0, 13, ABprppppaap, 3623, 0, 0, 0, , 0, 0, 0, 0, 0, 
242, 1, 240, 244, -1, 83, 298, 10.0, 15, ABprppppppp, 5474, 0, 0, 0, , 0, 0, 0, 0, 0, 
243, 1, 241, 245, -1, 101, 298, 9.0, 13, ABprppppppa, 3330, 0, 0, 0, , 0, 0, 0, 0, 0, 
244, 1, 242, 246, -1, 133, 262, 15.0, 15, ABprpppppaa, 4319, 0, 0, 0, , 0, 0, 0, 0, 0, 
245, 1, 243, 247, -1, 120, 282, 14.0, 13, ABprpppppap, 3753, 0, 0, 0, , 0, 0, 0, 0, 0, 
246, 1, 244, 248, -1, 188, 213, 14.0, 15, ABprppaapa, 7548, 0, 0, 0, , 0, 0, 0, 0, 0, 
247, 1, 245, 249, -1, 164, 241, 10.0, 15, ABprppaapp, 5882, 0, 0, 0, , 0, 0, 0, 0, 0, 
248, 1, 246, 250, -1, 209, 182, 17.0, 15, ABprppaaaaa, 4304, 0, 0, 0, , 0, 0, 0, 0, 0, 
249, 1, 247, 251, -1, 189, 192, 16.0, 13, ABprppaaaap, 4328, 0, 0, 0, , 0, 0, 0, 0, 0, 
250, 1, 248, 252, -1, 193, 179, 20.0, 13, ABprppaaap, 5141, 0, 0, 0, , 0, 0, 0, 0, 0, 
251, 1, 249, 253, -1, 167, 199, 15.0, 15, ABprppapaaa, 4268, 0, 0, 0, , 0, 0, 0, 0, 0, 
252, 1, 250, 254, -1, 149, 203, 16.0, 13, ABprppapaap, 4273, 0, 0, 0, , 0, 0, 0, 0, 0, 
253, 1, 251, 255, -1, 134, 219, 14.0, 17, ABprppapap, 7854, 0, 0, 0, , 0, 0, 0, 0, 0, 
254, 1, 252, 256, -1, 127, 231, 12.0, 19, ABprppappp, 6995, 0, 0, 0, , 0, 0, 0, 0, 0, 
255, 1, 253, 257, -1, 156, 218, 12.0, 17, ABprppappa, 6940, 0, 0, 0, , 0, 0, 0, 0, 0, 
256, 1, 254, 258, -1, 318, 182, 32.0, 13, ABpraapaaa, 6065, 0, 0, 0, , 0, 0, 0, 0, 0, 
257, 1, 255, 259, -1, 294, 169, 30.0, 15, ABpraapaapa, 4954, 0, 0, 0, , 0, 0, 0, 0, 0, 
258, 1, 256, 260, -1, 266, 180, 26.0, 15, ABpraapapa, 9726, 0, 0, 0, , 0, 0, 0, 0, 0, 
259, 1, 257, 261, -1, 242, 175, 30.0, 15, ABpraapappp, 6393, 0, 0, 0, , 0, 0, 0, 0, 0, 
260, 1, 258, 262, -1, 260, 179, 29.0, 13, ABpraapappa, 5065, 0, 0, 0, , 0, 0, 0, 0, 0, 
261, 1, 259, 263, -1, 159, 191, 22.0, 15, ABpraapppp, 6231, 0, 0, 0, , 0, 0, 0, 0, 0, 
262, 1, 260, 264, -1, 190, 177, 24.0, 17, ABpraapppa, 4961, 0, 0, 0, , 0, 0, 0, 0, 0, 
263, 1, 261, 265, -1, 208, 170, 23.0, 15, ABpraappap, 8400, 0, 0, 0, , 0, 0, 0, 0, 0, 
264, 1, 262, 266, -1, 225, 165, 23.0, 15, ABpraappaa, 4801, 0, 0, 0, , 0, 0, 0, 0, 0, 
265, 1, 263, 267, -1, 283, 168, 26.0, 17, ABpraaapap, 6982, 0, 0, 0, , 0, 0, 0, 0, 0, 
266, 1, 264, 268, -1, 281, 181, 19.0, 15, ABpraaapaa, 6764, 0, 0, 0, , 0, 0, 0, 0, 0, 
267, 1, 265, 269, -1, 266, 176, 21.0, 15, ABpraaappaa, 3737, 0, 0, 0, , 0, 0, 0, 0, 0, 
268, 1, 266, 270, -1, 253, 174, 24.0, 13, ABpraaappap, 3691, 0, 0, 0, , 0, 0, 0, 0, 0, 
269, 1, 267, 271, -1, 245, 191, 26.0, 15, ABpraaapppa, 5460, 0, 0, 0, , 0, 0, 0, 0, 0, 
270, 1, 268, 272, -1, 231, 177, 27.0, 19, ABpraaapppp, 10109, 0, 0, 0, , 0, 0, 0, 0, 0, 
271, 1, 269, 273, -1, 291, 162, 20.0, 17, ABpraaaaap, 7284, 0, 0, 0, , 0, 0, 0, 0, 0, 
272, 1, 270, 274, -1, 273, 167, 15.0, 17, ABpraaaaaa, 8799, 0, 0, 0, , 0, 0, 0, 0, 0, 
273, 1, 271, 275, -1, 268, 165, 19.0, 17, ABpraaaapa, 6690, 0, 0, 0, , 0, 0, 0, 0, 0, 
274, 1, 272, 276, -1, 282, 161, 23.0, 13, ABpraaaappa, 4572, 0, 0, 0, , 0, 0, 0, 0, 0, 
275, 1, 273, 277, -1, 259, 158, 25.0, 15, ABpraaaappp, 5403, 0, 0, 0, , 0, 0, 0, 0, 0, 
276, 1, 274, 278, -1, 106, 223, 20.0, 15, ABprappapp, 7744, 0, 0, 0, , 0, 0, 0, 0, 0, 
277, 1, 275, 279, -1, 114, 225, 30.0, 15, ABprappapa, 14805, 0, 0, 0, , 0, 0, 0, 0, 0, 
278, 1, 276, 280, -1, 114, 213, 23.0, 15, ABprappaap, 7076, 0, 0, 0, , 0, 0, 0, 0, 0, 
279, 1, 277, 281, -1, 134, 205, 20.0, 15, ABprappaaa, 8268, 0, 0, 0, , 0, 0, 0, 0, 0, 
280, 1, 278, 282, -1, 88, 262, 17.0, 15, ABprapppaa, 7318, 0, 0, 0, , 0, 0, 0, 0, 0, 
281, 1, 279, 283, -1, 100, 269, 13.0, 15, ABprapppap, 6987, 0, 0, 0, , 0, 0, 0, 0, 0, 
282, 1, 280, 284, -1, 75, 279, 13.0, 17, ABprappppp, 7225, 0, 0, 0, , 0, 0, 0, 0, 0, 
283, 1, 281, 285, -1, 83, 252, 14.0, 17, ABprappppa, 8731, 0, 0, 0, , 0, 0, 0, 0, 0, 
284, 1, 282, 286, -1, 202, 187, 28.0, 15, ABprapaaapa, 4742, 0, 0, 0, , 0, 0, 0, 0, 0, 
285, 1, 283, 287, -1, 181, 189, 29.0, 15, ABprapaaapp, 3872, 0, 0, 0, , 0, 0, 0, 0, 0, 
286, 1, 284, 288, -1, 212, 200, 31.0, 15, ABprapaaaa, 5988, 0, 0, 0, , 0, 0, 0, 0, 0, 
287, 1, 285, 289, -1, 141, 197, 25.0, 13, ABprapaapp, 9217, 0, 0, 0, , 0, 0, 0, 0, 0, 
288, 1, 286, 290, -1, 172, 183, 24.0, 15, ABprapaapa, 7082, 0, 0, 0, , 0, 0, 0, 0, 0, 
289, 1, 287, 291, -1, 91, 240, 16.0, 17, ABprapappa, 7841, 0, 0, 0, , 0, 0, 0, 0, 0, 
290, 1, 288, 292, -1, 77, 276, 19.0, 17, ABprapappp, 7788, 0, 0, 0, , 0, 0, 0, 0, 0, 
291, 1, 289, 293, -1, 89, 237, 22.0, 15, ABprapapap, 7116, 0, 0, 0, , 0, 0, 0, 0, 0, 
292, 1, 290, 294, -1, 83, 256, 27.0, 15, ABprapapaa, 7460, 0, 0, 0, , 0, 0, 0, 0, 0, 
293, 1, 291, 295, -1, 228, 207, 26.0, 15, MSppppap, 4247, 0, 0, 0, , 0, 0, 0, 0, 0, 
294, 1, 292, 296, -1, 222, 199, 20.0, 15, MSppppaa, 4123, 0, 0, 0, , 0, 0, 0, 0, 0, 
295, 1, 293, 297, -1, 233, 215, 30.0, 15, MSpppppa, 5238, 0, 0, 0, , 0, 0, 0, 0, 0, 
296, 1, 294, 298, -1, 199, 221, 30.0, 17, MSpppppp, 4469, 0, 0, 0, , 0, 0, 0, 0, 0, 
297, 1, 295, 299, -1, 207, 226, 18.0, 17, MSpppaaa, 3610, 0, 0, 0, , 0, 0, 0, 0, 0, 
298, 1, 296, 300, -1, 174, 227, 20.0, 15, MSpppaap, 5547, 0, 0, 0, , 0, 0, 0, 0, 0, 
299, 1, 297, 301, -1, 191, 214, 18.0, 15, MSpppapp, 3816, 0, 0, 0, , 0, 0, 0, 0, 0, 
300, 1, 298, 302, -1, 209, 205, 19.0, 11, MSpppapa, 3279, 0, 0, 0, , 0, 0, 0, 0, 0, 
301, 1, 299, 304, -1, 211, 220, 16.0, 15, MSppaapp, 9642, 0, 0, 0, , 0, 0, 0, 0, 0, 
302, 1, 300, 305, -1, 235, 206, 16.0, 11, MSppaapa, 4092, 0, 0, 0, , 0, 0, 0, 0, 0, 
303, 1, 301, 306, -1, 276, 205, 14.0, 13, MSppaaaa, 1826, 0, 0, 0, , 0, 0, 0, 0, 0, 
304, 1, 302, 307, -1, 280, 191, 23.0, 17, MSppaaap, 6119, 0, 0, 0, , 0, 0, 0, 0, 0, 
305, 1, 303, 308, -1, 278, 188, 29.0, 15, MSppappa, 4443, 0, 0, 0, , 0, 0, 0, 0, 0, 
306, 1, 304, 309, -1, 254, 195, 21.0, 15, MSppapaa, 5958, 0, 0, 0, , 0, 0, 0, 0, 0, 
307, 1, 305, 310, -1, 237, 190, 18.0, 17, MSppapap, 5145, 0, 0, 0, , 0, 0, 0, 0, 0, 
308, 1, 306, 311, -1, 197, 264, 14.0, 13, MSpapappp, 3987, 0, 0, 0, , 0, 0, 0, 0, 0, 
309, 1, 307, 312, -1, 214, 256, 16.0, 13, MSpapappa, 3149, 0, 0, 0, , 0, 0, 0, 0, 0, 
310, 1, 308, 313, -1, 203, 250, 19.0, 17, MSpapapa, 8373, 0, 0, 0, , 0, 0, 0, 0, 0, 
311, 1, 309, 314, -1, 243, 240, 17.0, 13, MSpapaaaa, 3726, 0, 0, 0, , 0, 0, 0, 0, 0, 
312, 1, 310, 315, -1, 228, 246, 17.0, 15, MSpapaaap, 3778, 0, 0, 0, , 0, 0, 0, 0, 0, 
313, 1, 311, 316, -1, 219, 239, 20.0, 13, MSpapaapa, 4842, 0, 0, 0, , 0, 0, 0, 0, 0, 
314, 1, 312, 317, -1, 207, 249, 22.0, 15, MSpapaapp, 4819, 0, 0, 0, , 0, 0, 0, 0, 0, 
315, 1, 313, 318, -1, 173, 302, 13.0, 17, MSpappaa, 6356, 0, 0, 0, , 0, 0, 0, 0, 0, 
316, 1, 314, 319, -1, 152, 238, 15.0, 15, MSpapppp, 5360, 0, 0, 0, , 0, 0, 0, 0, 0, 
317, 1, 315, 320, -1, 171, 225, 17.0, 19, MSpapppa, 17058, 0, 0, 0, , 0, 0, 0, 0, 0, 
318, 1, 316, 321, -1, 257, 232, 28.0, 15, MSpaaappa, 5411, 0, 0, 0, , 0, 0, 0, 0, 0, 
319, 1, 317, 322, -1, 234, 239, 27.0, 15, MSpaaappp, 9528, 0, 0, 0, , 0, 0, 0, 0, 0, 
320, 1, 318, 323, -1, 243, 246, 30.0, 19, MSpaaapa, 8684, 0, 0, 0, , 0, 0, 0, 0, 0, 
321, 1, 319, 324, -1, 286, 213, 28.0, 17, MSpaaaapa, 6929, 0, 0, 0, , 0, 0, 0, 0, 0, 
322, 1, 320, 325, -1, 265, 213, 30.0, 15, MSpaaaapp, 5877, 0, 0, 0, , 0, 0, 0, 0, 0, 
323, 1, 321, 326, -1, 287, 211, 31.0, 17, MSpaaaaa, 9114, 0, 0, 0, , 0, 0, 0, 0, 0, 
324, 1, 322, 327, -1, 238, 218, 19.0, 15, ABaraappppa, 3539, 0, 0, 0, , 0, 0, 0, 0, 0, 
325, 1, 323, 525, -1, 253, 222, 24.0, 15, MSpaapapa, 4807, 0, 0, 0, , 0, 0, 0, 0, 0, 
326, 1, 324, 329, -1, 257, 211, 27.0, 17, MSpaapaa, 5103, 0, 0, 0, , 0, 0, 0, 0, 0, 
327, 1, 325, 330, -1, 187, 256, 24.0, 23, Earap, 1596, 0, 0, 0, , 0, 0, 0, 0, 0, 
328, 1, 326, 331, -1, 264, 301, 22.0, 17, MSapppaa, 3295, 0, 0, 0, , 0, 0, 0, 0, 0, 
329, 1, 327, 332, -1, 256, 282, 26.0, 13, MSapppap, 4361, 0, 0, 0, , 0, 0, 0, 0, 0, 
330, 1, 328, 333, -1, 243, 281, 31.0, 15, MSappppa, 4116, 0, 0, 0, , 0, 0, 0, 0, 0, 
331, 1, 329, 334, -1, 211, 306, 30.0, 15, MSappppp, 3830, 0, 0, 0, , 0, 0, 0, 0, 0, 
332, 1, 330, 335, -1, 198, 319, 19.0, 15, MSappaap, 2308, 0, 0, 0, , 0, 0, 0, 0, 0, 
333, 1, 331, 336, -1, 229, 300, 21.0, 15, MSappaaa, 3655, 0, 0, 0, , 0, 0, 0, 0, 0, 
334, 1, 332, 337, -1, 238, 312, 20.0, 11, MSappapp, 2277, 0, 0, 0, , 0, 0, 0, 0, 0, 
335, 1, 333, 338, -1, 250, 302, 21.0, 11, MSappapa, 3104, 0, 0, 0, , 0, 0, 0, 0, 0, 
336, 1, 334, 339, -1, 290, 268, 30.0, 15, MSapappa, 7331, 0, 0, 0, , 0, 0, 0, 0, 0, 
337, 1, 335, 340, -1, 266, 271, 30.0, 15, MSapappp, 5030, 0, 0, 0, , 0, 0, 0, 0, 0, 
338, 1, 336, 341, -1, 273, 291, 18.0, 15, MSapapap, 7414, 0, 0, 0, , 0, 0, 0, 0, 0, 
339, 1, 337, 342, -1, 275, 278, 22.0, 15, MSapapaa, 5419, 0, 0, 0, , 0, 0, 0, 0, 0, 
340, 1, 338, 343, -1, 240, 298, 17.0, 15, MSapaapp, 4728, 0, 0, 0, , 0, 0, 0, 0, 0, 
341, 1, 339, 344, -1, 288, 272, 17.0, 11, MSapaapa, 3830, 0, 0, 0, , 0, 0, 0, 0, 0, 
342, 1, 340, 345, -1, 322, 251, 16.0, 15, MSapaaaa, 4490, 0, 0, 0, , 0, 0, 0, 0, 0, 
343, 1, 341, 346, -1, 315, 257, 25.0, 15, MSapaaap, 6381, 0, 0, 0, , 0, 0, 0, 0, 0, 
344, 1, 342, 347, -1, 312, 211, 29.0, 13, MSaaaaapa, 3501, 0, 0, 0, , 0, 0, 0, 0, 0, 
345, 1, 343, 348, -1, 305, 230, 32.0, 15, MSaaaaapp, 4006, 0, 0, 0, , 0, 0, 0, 0, 0, 
346, 1, 344, 349, -1, 329, 209, 24.0, 15, MSaaaaaa, 6885, 0, 0, 0, , 0, 0, 0, 0, 0, 
347, 1, 345, 350, -1, 287, 229, 31.0, 13, MSaaaapaa, 4270, 0, 0, 0, , 0, 0, 0, 0, 0, 
348, 1, 346, 351, -1, 268, 238, 30.0, 13, MSaaaapap, 4033, 0, 0, 0, , 0, 0, 0, 0, 0, 
349, 1, 347, 352, -1, 249, 264, 28.0, 15, MSaaaappp, 3586, 0, 0, 0, , 0, 0, 0, 0, 0, 
350, 1, 348, 353, -1, 271, 253, 29.0, 13, MSaaaappa, 4755, 0, 0, 0, , 0, 0, 0, 0, 0, 
351, 1, 349, 354, -1, 251, 255, 25.0, 13, MSaaapapp, 3529, 0, 0, 0, , 0, 0, 0, 0, 0, 
352, 1, 350, 355, -1, 287, 251, 29.0, 11, MSaaapaap, 2785, 0, 0, 0, , 0, 0, 0, 0, 0, 
353, 1, 351, 356, -1, 304, 245, 28.0, 13, MSaaapaaa, 3037, 0, 0, 0, , 0, 0, 0, 0, 0, 
354, 1, 352, 357, -1, 232, 274, 27.0, 13, MSaaappa, 3304, 0, 0, 0, , 0, 0, 0, 0, 0, 
355, 1, 353, 358, -1, 229, 257, 27.0, 13, MSaaappp, 4544, 0, 0, 0, , 0, 0, 0, 0, 0, 
356, 1, 354, 359, -1, 189, 313, 15.0, 15, MSaapppp, 5975, 0, 0, 0, , 0, 0, 0, 0, 0, 
357, 1, 355, 360, -1, 213, 308, 16.0, 17, MSaapppa, 10967, 0, 0, 0, , 0, 0, 0, 0, 0, 
358, 1, 356, 361, -1, 247, 279, 17.0, 15, MSaapaaap, 3779, 0, 0, 0, , 0, 0, 0, 0, 0, 
359, 1, 357, 362, -1, 258, 267, 17.0, 13, MSaapaaaa, 2539, 0, 0, 0, , 0, 0, 0, 0, 0, 
360, 1, 358, 363, -1, 211, 288, 17.0, 15, MSaapappp, 3579, 0, 0, 0, , 0, 0, 0, 0, 0, 
361, 1, 359, 364, -1, 230, 277, 17.0, 13, MSaapappa, 4288, 0, 0, 0, , 0, 0, 0, 0, 0, 
362, 1, 360, 365, -1, 225, 280, 20.0, 15, MSaapapa, 6717, 0, 0, 0, , 0, 0, 0, 0, 0, 
363, 1, 361, 366, -1, 205, 284, 21.0, 21, Ealpa, 24995, 0, 0, 0, , 0, 0, 0, 0, 0, 
364, 1, 362, 367, -1, 165, 304, 22.0, 21, Ealpp, 26963, 0, 0, 0, , 0, 0, 0, 0, 0, 
365, 1, 363, 368, -1, 129, 307, 23.0, 21, Eplpa, 50501, 0, 0, 0, , 0, 0, 0, 0, 0, 
366, 1, 364, 369, -1, 130, 338, 20.0, 19, Cappap, 7907, 0, 0, 0, , 0, 0, 0, 0, 0, 
367, 1, 365, 370, -1, 154, 340, 26.0, 17, Cappaa, 9025, 0, 0, 0, , 0, 0, 0, 0, 0, 
368, 1, 366, 371, -1, 118, 339, 25.0, 17, Capppa, 8601, 0, 0, 0, , 0, 0, 0, 0, 0, 
369, 1, 367, 372, -1, 106, 321, 16.0, 17, Capppp, 11527, 0, 0, 0, , 0, 0, 0, 0, 0, 
370, 1, 368, 373, -1, 152, 345, 22.0, 17, Capapa, 9505, 0, 0, 0, , 0, 0, 0, 0, 0, 
371, 1, 369, 374, -1, 153, 329, 14.0, 17, Capapp, 7721, 0, 0, 0, , 0, 0, 0, 0, 0, 
372, 1, 370, 375, -1, 169, 330, 18.0, 21, Capaap, 17903, 0, 0, 0, , 0, 0, 0, 0, 0, 
373, 1, 371, 376, -1, 192, 331, 22.0, 19, Capaaa, 9376, 0, 0, 0, , 0, 0, 0, 0, 0, 
374, 1, 372, 377, -1, 86, 320, 28.0, 21, Caaapp, 10001, 0, 0, 0, , 0, 0, 0, 0, 0, 
375, 1, 373, 378, -1, 80, 320, 17.0, 23, Caappd, 14933, 0, 0, 0, , 0, 0, 0, 0, 0, 
376, 1, 374, 379, -1, 80, 326, 13.0, 13, Caappv, 4080, 0, 0, 0, , 0, 0, 0, 0, 0, 
377, 1, 375, 380, -1, 103, 297, 15.0, 13, Caapaa, 3495, 0, 0, 0, , 0, 0, 0, 0, 0, 
378, 1, 376, 381, -1, 92, 308, 11.0, 13, Caapap, 3067, 0, 0, 0, , 0, 0, 0, 0, 0, 
379, 1, 377, 382, -1, 63, 304, 19.0, 19, Cpappd, 7314, 0, 0, 0, , 0, 0, 0, 0, 0, 
380, 1, 378, 383, -1, 74, 304, 14.0, 17, Cpappv, 5766, 0, 0, 0, , 0, 0, 0, 0, 0, 
381, 1, 379, 384, -1, 76, 333, 22.0, 17, Cpapaa, 11934, 0, 0, 0, , 0, 0, 0, 0, 0, 
382, 1, 380, 385, -1, 86, 293, 31.0, 21, Cpaapp, 2750, 0, 0, 0, , 0, 0, 0, 0, 0, 
383, 1, 381, 386, -1, 133, 240, 17.0, 19, Cppaap, 8750, 0, 0, 0, , 0, 0, 0, 0, 0, 
384, 1, 382, 387, -1, 148, 224, 21.0, 21, Cppaaa, 15137, 0, 0, 0, , 0, 0, 0, 0, 0, 
385, 1, 383, 388, -1, 120, 242, 24.0, 19, Cppapa, 10679, 0, 0, 0, , 0, 0, 0, 0, 0, 
386, 1, 384, 389, -1, 117, 251, 15.0, 21, Cppapp, 12925, 0, 0, 0, , 0, 0, 0, 0, 0, 
387, 1, 385, 390, -1, 117, 246, 28.0, 17, Cpppaap, 4954, 0, 0, 0, , 0, 0, 0, 0, 0, 
388, 1, 386, 391, -1, 135, 223, 25.0, 15, Cpppaaa, 4731, 0, 0, 0, , 0, 0, 0, 0, 0, 
389, 1, 387, 392, -1, 99, 263, 20.0, 15, Cpppap, 5648, 0, 0, 0, , 0, 0, 0, 0, 0, 
390, 1, 388, 393, -1, 236, 320, 24.0, 15, Daapa, 6104, 0, 0, 0, , 0, 0, 0, 0, 0, 
391, 1, 389, 394, -1, 220, 328, 20.0, 15, Daapp, 6142, 0, 0, 0, , 0, 0, 0, 0, 0, 
392, 1, 390, 395, -1, 246, 297, 24.0, 15, Daaaa, 5627, 0, 0, 0, , 0, 0, 0, 0, 0, 
393, 1, 391, 396, -1, 231, 308, 27.0, 15, Daaap, 5628, 0, 0, 0, , 0, 0, 0, 0, 0, 
394, 1, 392, 397, -1, 194, 319, 29.0, 19, Dappa, 6993, 0, 0, 0, , 0, 0, 0, 0, 0, 
395, 1, 393, 398, -1, 157, 328, 30.0, 17, Dappp, 5615, 0, 0, 0, , 0, 0, 0, 0, 0, 
396, 1, 394, 399, -1, 171, 208, 19.0, 15, Dpapp, 4831, 0, 0, 0, , 0, 0, 0, 0, 0, 
397, 1, 395, 400, -1, 195, 205, 22.0, 15, Dpapa, 4505, 0, 0, 0, , 0, 0, 0, 0, 0, 
398, 1, 396, 401, -1, 201, 210, 27.0, 13, Dpaap, 3692, 0, 0, 0, , 0, 0, 0, 0, 0, 
399, 1, 397, 402, -1, 215, 206, 23.0, 15, Dpaaa, 5597, 0, 0, 0, , 0, 0, 0, 0, 0, 
400, 1, 398, 403, -1, 141, 235, 30.0, 17, Dpppp, 7568, 0, 0, 0, , 0, 0, 0, 0, 0, 
401, 1, 399, 404, -1, 167, 224, 28.0, 17, Dpppa, 8369, 0, 0, 0, , 0, 0, 0, 0, 0, 
402, 1, 400, 405, -1, 184, 205, 25.0, 17, Dppaa, 6412, 0, 0, 0, , 0, 0, 0, 0, 0, 
403, 1, 401, 406, -1, 159, 210, 24.0, 15, Dppap, 4985, 0, 0, 0, , 0, 0, 0, 0, 0, 
404, 1, 402, 407, -1, 159, 256, 14.0, 25, Z2, 5133, 0, 0, 0, , 0, 0, 0, 0, 0, 
405, 0, 403, -1, -1, 381, 244, 24.0, 15, , 9513, 0, 0, 0, , 0, 0, 0, 0, 0, 
406, 1, 404, 409, -1, 328, 299, 21.0, 11, ABalpppappa, 3528, 0, 0, 0, , 0, 0, 0, 0, 0, 
407, 1, 405, 410, -1, 322, 300, 26.0, 15, ABalpppappp, 5400, 0, 0, 0, , 0, 0, 0, 0, 0, 
408, 1, 406, 411, -1, 303, 279, 23.0, 13, ABalpppppaa, 4582, 0, 0, 0, , 0, 0, 0, 0, 0, 
409, 1, 407, 412, -1, 289, 285, 23.0, 13, ABalpppppap, 3327, 0, 0, 0, , 0, 0, 0, 0, 0, 
410, 1, 408, 413, -1, 275, 288, 26.0, 15, ABalppppppa, 5469, 0, 0, 0, , 0, 0, 0, 0, 0, 
411, 1, 409, 414, -1, 285, 308, 28.0, 17, ABalppppppp, 5558, 0, 0, 0, , 0, 0, 0, 0, 0, 
412, 1, 410, 415, -1, 333, 292, 28.0, 13, ABalppppapp, 4807, 0, 0, 0, , 0, 0, 0, 0, 0, 
413, 1, 411, 416, -1, 340, 277, 26.0, 17, ABalppppapa, 6681, 0, 0, 0, , 0, 0, 0, 0, 0, 
414, 1, 412, 417, -1, 314, 271, 20.0, 13, ABalppppaad, 3923, 0, 0, 0, , 0, 0, 0, 0, 0, 
415, 1, 413, 418, -1, 319, 279, 24.0, 15, ABalppppaav, 4796, 0, 0, 0, , 0, 0, 0, 0, 0, 
416, 1, 414, 419, -1, 331, 285, 17.0, 15, ABalpppaaa, 6625, 0, 0, 0, , 0, 0, 0, 0, 0, 
417, 1, 415, 420, -1, 341, 286, 22.0, 17, ABalpppaap, 9554, 0, 0, 0, , 0, 0, 0, 0, 0, 
418, 1, 416, 421, -1, 318, 292, 18.0, 13, ABalpppapad, 3317, 0, 0, 0, , 0, 0, 0, 0, 0, 
419, 1, 417, 422, -1, 314, 304, 22.0, 15, ABalpppapav, 4495, 0, 0, 0, , 0, 0, 0, 0, 0, 
420, 1, 418, 423, -1, 337, 262, 16.0, 13, ABalppaaaa, 3478, 0, 0, 0, , 0, 0, 0, 0, 0, 
421, 1, 419, 520, -1, 349, 264, 16.0, 13, ABalppaaapa, 4392, 0, 0, 0, , 0, 0, 0, 0, 0, 
422, 1, 419, 425, -1, 337, 271, 14.0, 15, ABalppaaapp, 3288, 0, 0, 0, , 0, 0, 0, 0, 0, 
423, 1, 420, 426, 427, 303, 294, 14.0, 15, ABalppaapp, 5845, 0, 0, 0, , 0, 0, 0, 0, 0, 
424, 1, 421, 428, -1, 315, 289, 13.0, 15, ABalppaapa, 6230, 0, 0, 0, , 0, 0, 0, 0, 0, 
425, 1, 422, 429, -1, 289, 284, 12.0, 15, ABalppapppa, 5155, 0, 0, 0, , 0, 0, 0, 0, 0, 
426, 1, 423, 430, -1, 281, 302, 12.0, 13, ABalppapppp, 5001, 0, 0, 0, , 0, 0, 0, 0, 0, 
427, 1, 424, 431, -1, 302, 273, 13.0, 13, ABalppappap, 6247, 0, 0, 0, , 0, 0, 0, 0, 0, 
428, 1, 425, 432, -1, 321, 263, 15.0, 13, ABalppappaa, 4253, 0, 0, 0, , 0, 0, 0, 0, 0, 
429, 1, 426, 433, -1, 301, 269, 9.0, 13, ABalppapapa, 4601, 0, 0, 0, , 0, 0, 0, 0, 0, 
430, 1, 427, 434, -1, 279, 290, 9.0, 15, ABalppapapp, 6182, 0, 0, 0, , 0, 0, 0, 0, 0, 
431, 1, 428, 435, -1, 330, 264, 12.0, 15, ABalppapaaa, 6204, 0, 0, 0, , 0, 0, 0, 0, 0, 
432, 1, 429, 436, -1, 312, 277, 11.0, 15, ABalppapaap, 4318, 0, 0, 0, , 0, 0, 0, 0, 0, 
433, 1, 430, 437, -1, 252, 295, 9.0, 17, ABalpapapap, 9546, 0, 0, 0, , 0, 0, 0, 0, 0, 
434, 1, 431, 438, -1, 268, 274, 10.0, 15, ABalpapapaa, 6037, 0, 0, 0, , 0, 0, 0, 0, 0, 
435, 1, 432, 439, -1, 252, 317, 11.0, 17, ABalpapappa, 8134, 0, 0, 0, , 0, 0, 0, 0, 0, 
436, 1, 433, 440, -1, 229, 332, 13.0, 13, ABalpapappp, 6170, 0, 0, 0, , 0, 0, 0, 0, 0, 
437, 1, 434, 441, -1, 274, 240, 10.0, 15, ABalpapaap, 8161, 0, 0, 0, , 0, 0, 0, 0, 0, 
438, 1, 435, 442, -1, 307, 256, 10.0, 13, ABalpapaaaa, 5477, 0, 0, 0, , 0, 0, 0, 0, 0, 
439, 1, 436, 443, -1, 285, 262, 10.0, 15, ABalpapaaap, 5646, 0, 0, 0, , 0, 0, 0, 0, 0, 
440, 1, 437, 444, -1, 269, 256, 11.0, 15, ABalpappapa, 6242, 0, 0, 0, , 0, 0, 0, 0, 0, 
441, 1, 438, 445, -1, 244, 265, 11.0, 15, ABalpappapp, 4945, 0, 0, 0, , 0, 0, 0, 0, 0, 
442, 1, 439, 446, -1, 285, 254, 14.0, 17, ABalpappaap, 7070, 0, 0, 0, , 0, 0, 0, 0, 0, 
443, 1, 440, 447, -1, 283, 235, 15.0, 11, ABalpappaaa, 4667, 0, 0, 0, , 0, 0, 0, 0, 0, 
444, 1, 441, 522, -1, 238, 270, 14.0, 17, ABalpappppp, 11145, 0, 0, 0, , 0, 0, 0, 0, 0, 
445, 1, 442, 521, -1, 261, 261, 13.0, 15, ABalpappppa, 4346, 0, 0, 0, , 0, 0, 0, 0, 0, 
446, 1, 443, 449, -1, 272, 259, 16.0, 19, ABalpapppa, 11745, 0, 0, 0, , 0, 0, 0, 0, 0, 
447, 1, 444, 450, -1, 276, 259, 20.0, 15, ABalpaaapp, 9771, 0, 0, 0, , 0, 0, 0, 0, 0, 
448, 1, 445, 451, -1, 295, 252, 18.0, 17, ABalpaaapa, 11120, 0, 0, 0, , 0, 0, 0, 0, 0, 
449, 1, 446, 452, -1, 294, 245, 11.0, 15, ABalpaaaap, 8709, 0, 0, 0, , 0, 0, 0, 0, 0, 
450, 1, 447, 453, -1, 303, 242, 14.0, 17, ABalpaaaaa, 12114, 0, 0, 0, , 0, 0, 0, 0, 0, 
451, 1, 448, 454, -1, 331, 231, 12.0, 13, ABalpaapppa, 4282, 0, 0, 0, , 0, 0, 0, 0, 0, 
452, 1, 449, 455, -1, 322, 256, 11.0, 13, ABalpaapppp, 4302, 0, 0, 0, , 0, 0, 0, 0, 0, 
453, 1, 450, 456, -1, 322, 225, 15.0, 15, ABalpaappaa, 3954, 0, 0, 0, , 0, 0, 0, 0, 0, 
454, 1, 451, 457, -1, 316, 239, 11.0, 15, ABalpaappap, 4385, 0, 0, 0, , 0, 0, 0, 0, 0, 
455, 1, 452, 458, -1, 295, 255, 22.0, 15, ABalpaapapp, 6868, 0, 0, 0, , 0, 0, 0, 0, 0, 
456, 1, 453, 459, -1, 302, 244, 21.0, 17, ABalpaapapa, 6013, 0, 0, 0, , 0, 0, 0, 0, 0, 
457, 1, 454, 460, -1, 318, 245, 21.0, 13, ABalpaapaap, 5440, 0, 0, 0, , 0, 0, 0, 0, 0, 
458, 1, 455, 461, -1, 327, 231, 19.0, 13, ABalpaapaaa, 3670, 0, 0, 0, , 0, 0, 0, 0, 0, 
459, 1, 456, 462, -1, 173, 266, 27.0, 19, Epraa, 5438, 0, 0, 0, , 0, 0, 0, 0, 0, 
460, 0, -1, -1, -1, 165, 290, 29.0, 17, , 13853, 0, 0, 0, , 0, 0, 0, 0, 0, 
461, 1, 458, 464, -1, 203, 237, 26.0, 11, MSpaapp, 1988, 0, 0, 0, , 0, 0, 0, 0, 0, 
462, 1, 459, 465, -1, 156, 260, 25.0, 17, Earpp, 8608, 0, 0, 0, , 0, 0, 0, 0, 0, 
463, 1, 460, 466, -1, 187, 286, 25.0, 21, Ealap, 50229, 0, 0, 0, , 0, 0, 0, 0, 0, 
464, 1, 461, 467, -1, 209, 274, 27.0, 21, Ealaa, 39064, 0, 0, 0, , 0, 0, 0, 0, 0, 
465, 1, 462, 468, -1, 166, 292, 27.0, 21, Eplaa, 31357, 0, 0, 0, , 0, 0, 0, 0, 0, 
466, 1, 463, 469, -1, 146, 296, 23.0, 17, Eplap, 5884, 0, 0, 0, , 0, 0, 0, 0, 0, 
467, 1, 464, 470, -1, 129, 277, 19.0, 19, Eprpp, 11262, 0, 0, 0, , 0, 0, 0, 0, 0, 
468, 1, 465, 471, -1, 186, 339, 27.0, 17, Dapap, 4896, 0, 0, 0, , 0, 0, 0, 0, 0, 
469, 1, 466, 472, -1, 214, 326, 25.0, 15, Dapaa, 6381, 0, 0, 0, , 0, 0, 0, 0, 0, 
470, 1, 467, 473, -1, 225, 273, 23.0, 17, MSaapaapp, 3246, 0, 0, 0, , 0, 0, 0, 0, 0, 
471, 1, 468, 474, -1, 239, 264, 22.0, 13, MSaapaapa, 3609, 0, 0, 0, , 0, 0, 0, 0, 0, 
472, 1, 469, 475, -1, 154, 212, 32.0, 15, ABarpppapp, 6065, 0, 0, 0, , 0, 0, 0, 0, 0, 
473, 1, 470, 476, -1, 238, 320, 15.0, 17, ABplppaapa, 9348, 0, 0, 0, , 0, 0, 0, 0, 0, 
474, 1, 471, 477, -1, 67, 295, 24.0, 19, Cpapap, 18198, 0, 0, 0, , 0, 0, 0, 0, 0, 
475, 0, 472, -1, -1, 207, 251, 24.0, 13, , 5269, 0, 0, 0, , 0, 0, 0, 0, 0, 
476, 1, 473, 479, -1, 344, 244, 17.0, 15, ABalaaaala, 8562, 0, 0, 0, , 0, 0, 0, 0, 0, 
477, 1, 474, 480, -1, 263, 181, 35.0, 13, ABarpappaa, 4103, 0, 0, 0, , 0, 0, 0, 0, 0, 
478, 1, 475, 481, -1, 342, 206, 28.0, 15, ABalappaaa, 4672, 0, 0, 0, , 0, 0, 0, 0, 0, 
479, 1, 476, 482, -1, 100, 269, 27.0, 15, Cppppa, 6437, 0, 0, 0, , 0, 0, 0, 0, 0, 
480, 1, 477, 510, -1, 92, 285, 17.0, 21, Cppppp, 9464, 0, 0, 0, , 0, 0, 0, 0, 0, 
481, 1, 478, 484, -1, 189, 262, 18.0, 19, Earpa, 19839, 0, 0, 0, , 0, 0, 0, 0, 0, 
482, 1, 479, 485, -1, 251, 199, 31.0, 15, MSppappp, 6187, 0, 0, 0, , 0, 0, 0, 0, 0, 
483, 1, 480, 486, -1, 128, 277, 23.0, 19, Eprpa, 10840, 0, 0, 0, , 0, 0, 0, 0, 0, 
484, 1, 481, 487, -1, 227, 248, 34.0, 17, ABarpaappa, 7400, 0, 0, 0, , 0, 0, 0, 0, 0, 
485, 1, 482, 488, -1, 211, 298, 35.0, 21, ABarppaapa, 19380, 0, 0, 0, , 0, 0, 0, 0, 0, 
486, 1, 483, 489, -1, 130, 301, 17.0, 23, Eplpp, 33552, 0, 0, 0, , 0, 0, 0, 0, 0, 
487, 1, 484, 490, -1, 204, 286, 13.0, 13, MSaappap, 5113, 0, 0, 0, , 0, 0, 0, 0, 0, 
488, 1, 485, 491, -1, 184, 289, 16.0, 19, Z3, 17417, 0, 0, 0, , 0, 0, 0, 0, 0, 
489, 1, 486, 492, -1, 261, 174, 12.0, 17, ABalaapapp, 6454, 0, 0, 0, , 0, 0, 0, 0, 0, 
490, 1, 487, 493, -1, 213, 271, 14.0, 13, MSaappaa, 4038, 0, 0, 0, , 0, 0, 0, 0, 0, 
491, 0, 488, -1, -1, 186, 256, 24.0, 23, , 17687, 0, 0, 0, , 0, 0, 0, 0, 0, 
492, 1, 489, 495, -1, 270, 248, 27.0, 15, MSaaapapa, 2604, 0, 0, 0, , 0, 0, 0, 0, 0, 
493, 1, 490, 496, -1, 253, 322, 20.0, 15, ABplppaaaap, 2936, 0, 0, 0, , 0, 0, 0, 0, 0, 
494, 1, 491, 497, -1, 129, 311, 10.0, 13, ABplpppapap, 2343, 0, 0, 0, , 0, 0, 0, 0, 0, 
495, 1, 492, 498, -1, 273, 167, 31.0, 15, ABpraapaapp, 5479, 0, 0, 0, , 0, 0, 0, 0, 0, 
496, 1, 493, 499, -1, 236, 338, 18.0, 15, ABplppapaaa, 4456, 0, 0, 0, , 0, 0, 0, 0, 0, 
497, 1, 494, 500, -1, 212, 247, 27.0, 17, Earaa, 9484, 0, 0, 0, , 0, 0, 0, 0, 0, 
498, 1, 495, 501, -1, 334, 232, 31.0, 15, ABalapapapa, 2837, 0, 0, 0, , 0, 0, 0, 0, 0, 
499, 1, 496, 502, -1, 347, 238, 20.0, 13, ABalaaapall, 4362, 0, 0, 0, , 0, 0, 0, 0, 0, 
500, 1, 497, 503, -1, 145, 280, 27.0, 17, Eprap, 7734, 0, 0, 0, , 0, 0, 0, 0, 0, 
501, 1, 498, 504, -1, 259, 193, 16.0, 15, ABprpaaaaaa, 6975, 0, 0, 0, , 0, 0, 0, 0, 0, 
502, 1, 499, 505, -1, 185, 259, 34.0, 19, Cpaaaa, 6629, 0, 0, 0, , 0, 0, 0, 0, 0, 
503, 1, 500, 517, -1, 138, 293, 34.0, 17, Caaaap, 2971, 0, 0, 0, , 0, 0, 0, 0, 0, 
504, 1, 501, 506, -1, 165, 279, 13.0, 15, MSpappap, 5580, 0, 0, 0, , 0, 0, 0, 0, 0, 
505, 1, 502, 507, -1, 233, 239, 24.0, 15, MSpaapapp, 4514, 0, 0, 0, , 0, 0, 0, 0, 0, 
506, 0, 503, -1, -1, 209, 243, 28.0, 21, , 8361, 0, 0, 0, , 0, 0, 0, 0, 0, 
507, 1, 504, 509, -1, 188, 222, 35.0, 19, ABarpppapa, 3887, 0, 0, 0, , 0, 0, 0, 0, 0, 
508, 1, 505, 511, -1, 248, 298, 29.5, 14, ABplapaaaaa, 8427, 0, 0, 0, , 0, 0, 0, 0, 0, 
509, 1, 506, 513, -1, 146, 266, 34.0, 18, Cpaaap, 4284, 0, 0, 0, , 0, 0, 0, 0, 0, 
510, 1, 507, 514, -1, 241, 233, 13.0, 15, ABarapapppa, 4988, 0, 0, 0, , 0, 0, 0, 0, 0, 
511, 1, 508, 515, -1, 117, 291, 33.0, 15, Cpaapa, 0, 0, 0, 0, , 0, 0, 0, 0, 0, 
512, 1, 509, 516, -1, 111, 318, 33.0, 15, Caaapa, 0, 0, 0, 0, , 0, 0, 0, 0, 0, 
513, 1, 510, 518, -1, 188, 305, 33.0, 17, Caaaaa, 0, 0, 0, 0, , 0, 0, 0, 0, 0, 
514, 0, 511, -1, -1, 198, 251, 8.0, 13, , 1966, 0, 0, 0, , 0, 0, 0, 0, 0, 
515, 1, 512, 523, -1, 298, 175, 32.0, 13, ABalapppppa, 0, 0, 0, 0, , 0, 0, 0, 0, 0, 
516, 1, 83, 524, -1, 305, 202, 33.81818, 11, ABalapppapp, 828, 0, 0, 0, , 0, 0, 0, 0, 0, 
517, 1, 513, 526, -1, 199, 238, 9.0, 13, ABprpappapa, 0, 0, 0, 0, , 0, 0, 0, 0, 0, 
