1, 1, 1, 1, -1, 312, 208, 22.0, 13, ABaraappaaa, 5206, 0, 0, 0, , 0, 0, 0, 0, 0, 
2, 1, 2, 2, -1, 298, 209, 25.0, 13, ABaraappaap, 7196, 0, 0, 0, , 0, 0, 0, 0, 0, 
3, 1, 3, 3, -1, 267, 210, 24.0, 15, ABaraappapp, 6663, 0, 0, 0, , 0, 0, 0, 0, 0, 
4, 1, 4, 4, -1, 288, 207, 24.0, 17, ABaraappapa, 6072, 0, 0, 0, , 0, 0, 0, 0, 0, 
5, 1, 5, 5, -1, 248, 231, 24.0, 15, MSpaapapa, 4587, 0, 0, 0, , 0, 0, 0, 0, 0, 
6, 1, 6, 6, -1, 251, 217, 21.0, 17, ABaraapppaa, 9863, 0, 0, 0, , 0, 0, 0, 0, 0, 
7, 1, 7, 7, -1, 242, 240, 20.0, 13, ABaraappppp, 4766, 0, 0, 0, , 0, 0, 0, 0, 0, 
8, 1, 8, 8, -1, 254, 274, 21.0, 15, ABaraapappa, 8136, 0, 0, 0, , 0, 0, 0, 0, 0, 
9, 1, 9, 9, -1, 247, 255, 20.0, 13, ABaraapappp, 6602, 0, 0, 0, , 0, 0, 0, 0, 0, 
10, 1, 10, 10, -1, 256, 269, 24.0, 19, ABaraapapap, 7263, 0, 0, 0, , 0, 0, 0, 0, 0, 
11, 1, 11, 11, -1, 269, 260, 24.0, 17, ABaraapapaa, 9142, 0, 0, 0, , 0, 0, 0, 0, 0, 
12, 1, 12, 12, -1, 317, 223, 22.0, 13, ABaraapaaaa, 8031, 0, 0, 0, , 0, 0, 0, 0, 0, 
13, 1, 13, 13, -1, 309, 227, 25.0, 13, ABaraapaaap, 6832, 0, 0, 0, , 0, 0, 0, 0, 0, 
14, 1, 14, 14, -1, 290, 250, 25.0, 15, ABaraapaapp, 5855, 0, 0, 0, , 0, 0, 0, 0, 0, 
15, 1, 15, 15, -1, 301, 236, 23.0, 13, ABaraapaapa, 8349, 0, 0, 0, , 0, 0, 0, 0, 0, 
16, 1, 16, 16, -1, 310, 210, 10.0, 15, ABaraaappap, 10149, 0, 0, 0, , 0, 0, 0, 0, 0, 
17, 1, 17, 17, -1, 324, 213, 14.0, 13, ABaraaappaa, 4248, 0, 0, 0, , 0, 0, 0, 0, 0, 
18, 1, 18, 18, -1, 316, 201, 13.0, 13, ABaraaapppa, 4086, 0, 0, 0, , 0, 0, 0, 0, 0, 
19, 1, 19, 19, -1, 283, 207, 9.0, 13, ABaraaapppp, 4037, 0, 0, 0, , 0, 0, 0, 0, 0, 
20, 1, 20, 20, -1, 308, 213, 18.0, 15, ABaraaapaaa, 6790, 0, 0, 0, , 0, 0, 0, 0, 0, 
21, 1, 21, 21, -1, 284, 213, 22.0, 15, ABaraaapapa, 4838, 0, 0, 0, , 0, 0, 0, 0, 0, 
22, 1, 22, 22, -1, 298, 204, 20.0, 13, ABaraaapaap, 3938, 0, 0, 0, , 0, 0, 0, 0, 0, 
23, 1, 23, 23, -1, 266, 221, 21.0, 15, ABaraaapapp, 3566, 0, 0, 0, , 0, 0, 0, 0, 0, 
24, 1, 24, 24, -1, 296, 229, 17.0, 13, ABaraaaaaap, 3509, 0, 0, 0, , 0, 0, 0, 0, 0, 
25, 1, 25, 25, -1, 319, 233, 17.0, 13, ABaraaaaaaa, 4656, 0, 0, 0, , 0, 0, 0, 0, 0, 
26, 1, 26, 26, -1, 289, 210, 18.0, 11, ABaraaaaapp, 4882, 0, 0, 0, , 0, 0, 0, 0, 0, 
27, 1, 27, 27, -1, 306, 215, 15.0, 13, ABaraaaaapa, 4484, 0, 0, 0, , 0, 0, 0, 0, 0, 
28, 1, 28, 28, -1, 290, 230, 26.0, 11, ABaraaaapp, 4672, 0, 0, 0, , 0, 0, 0, 0, 0, 
29, 1, 29, 29, -1, 323, 213, 18.0, 17, ABaraaaapa, 15404, 0, 0, 0, , 0, 0, 0, 0, 0, 
30, 1, 30, 30, -1, 236, 253, 10.0, 15, ABarapapapp, 7793, 0, 0, 0, , 0, 0, 0, 0, 0, 
31, 1, 31, 31, -1, 257, 239, 11.0, 17, ABarapapapa, 6555, 0, 0, 0, , 0, 0, 0, 0, 0, 
32, 1, 32, 32, -1, 264, 239, 15.0, 13, ABarapapaap, 5606, 0, 0, 0, , 0, 0, 0, 0, 0, 
33, 1, 33, 33, -1, 266, 222, 14.0, 13, ABarapapaaa, 6823, 0, 0, 0, , 0, 0, 0, 0, 0, 
34, 1, 34, 34, -1, 224, 241, 13.0, 17, ABarapapppp, 6333, 0, 0, 0, , 0, 0, 0, 0, 0, 
35, 1, 35, 35, -1, 250, 226, 16.0, 15, ABarapappa, 13753, 0, 0, 0, , 0, 0, 0, 0, 0, 
36, 1, 36, 36, -1, 284, 226, 11.0, 15, ABarapaaap, 7063, 0, 0, 0, , 0, 0, 0, 0, 0, 
37, 1, 37, 37, -1, 282, 232, 14.0, 13, ABarapaaaap, 6495, 0, 0, 0, , 0, 0, 0, 0, 0, 
38, 1, 38, 38, -1, 277, 221, 16.0, 13, ABarapaapap, 5681, 0, 0, 0, , 0, 0, 0, 0, 0, 
39, 1, 39, 39, -1, 272, 209, 19.0, 13, ABarapaapaa, 6574, 0, 0, 0, , 0, 0, 0, 0, 0, 
40, 1, 40, 40, -1, 264, 228, 18.0, 15, ABarapaappa, 7969, 0, 0, 0, , 0, 0, 0, 0, 0, 
41, 1, 41, 41, -1, 260, 201, 10.0, 13, ABarapppapa, 4933, 0, 0, 0, , 0, 0, 0, 0, 0, 
42, 1, 42, 42, -1, 238, 212, 10.0, 15, ABarapppapp, 5180, 0, 0, 0, , 0, 0, 0, 0, 0, 
43, 1, 43, 43, -1, 290, 196, 11.0, 13, ABarapppaaa, 5415, 0, 0, 0, , 0, 0, 0, 0, 0, 
44, 1, 44, 44, -1, 275, 192, 10.0, 13, ABarapppaap, 4870, 0, 0, 0, , 0, 0, 0, 0, 0, 
45, 1, 45, 45, -1, 267, 195, 14.0, 13, ABarappppap, 8604, 0, 0, 0, , 0, 0, 0, 0, 0, 
46, 1, 46, 46, -1, 282, 189, 14.0, 13, ABarappppaa, 4875, 0, 0, 0, , 0, 0, 0, 0, 0, 
47, 1, 47, 47, -1, 250, 196, 12.0, 13, ABarapppppa, 4709, 0, 0, 0, , 0, 0, 0, 0, 0, 
48, 1, 48, 48, -1, 232, 192, 11.0, 13, ABarapppppp, 5871, 0, 0, 0, , 0, 0, 0, 0, 0, 
49, 1, 49, 49, -1, 246, 215, 11.0, 15, ABarappaaap, 3857, 0, 0, 0, , 0, 0, 0, 0, 0, 
50, 1, 50, 50, -1, 269, 212, 11.0, 13, ABarappaaaa, 5700, 0, 0, 0, , 0, 0, 0, 0, 0, 
51, 1, 51, 51, -1, 261, 226, 10.0, 13, ABarappaapa, 6475, 0, 0, 0, , 0, 0, 0, 0, 0, 
52, 1, 52, 52, -1, 240, 230, 10.0, 13, ABarappaapp, 6428, 0, 0, 0, , 0, 0, 0, 0, 0, 
53, 1, 53, 53, -1, 215, 218, 9.0, 19, ABarappapap, 8723, 0, 0, 0, , 0, 0, 0, 0, 0, 
54, 1, 54, 54, -1, 220, 195, 10.0, 15, ABarappapaa, 7169, 0, 0, 0, , 0, 0, 0, 0, 0, 
55, 1, 55, 55, -1, 178, 214, 12.0, 15, ABarappappp, 6485, 0, 0, 0, , 0, 0, 0, 0, 0, 
56, 1, 56, 56, -1, 190, 216, 11.0, 15, ABarappappa, 7124, 0, 0, 0, , 0, 0, 0, 0, 0, 
57, 1, 57, 57, -1, 233, 170, 31.0, 15, ABarpapppa, 5751, 0, 0, 0, , 0, 0, 0, 0, 0, 
58, 1, 58, 58, -1, 226, 184, 33.0, 15, ABarpapppp, 3407, 0, 0, 0, , 0, 0, 0, 0, 0, 
59, 1, 59, 59, -1, 258, 170, 32.0, 17, ABarpappap, 6527, 0, 0, 0, , 0, 0, 0, 0, 0, 
60, 1, 60, 60, -1, 297, 188, 34.0, 13, ABarpapaaap, 4062, 0, 0, 0, , 0, 0, 0, 0, 0, 
61, 1, 61, 61, -1, 287, 192, 27.0, 11, ABarpapaapa, 3864, 0, 0, 0, , 0, 0, 0, 0, 0, 
62, 1, 62, 62, -1, 288, 195, 30.0, 13, ABarpapaapp, 3465, 0, 0, 0, , 0, 0, 0, 0, 0, 
63, 1, 63, 63, -1, 252, 210, 35.0, 19, ABarpapapp, 6549, 0, 0, 0, , 0, 0, 0, 0, 0, 
64, 1, 64, 64, -1, 292, 216, 35.0, 15, ABarpapapa, 6378, 0, 0, 0, , 0, 0, 0, 0, 0, 
65, 1, 65, 65, -1, 235, 269, 34.0, 15, ABarpaappp, 7570, 0, 0, 0, , 0, 0, 0, 0, 0, 
66, 1, 66, 66, -1, 271, 217, 35.0, 13, ABarpaapaa, 3866, 0, 0, 0, , 0, 0, 0, 0, 0, 
67, 1, 67, 67, -1, 260, 261, 35.0, 15, ABarpaapap, 4860, 0, 0, 0, , 0, 0, 0, 0, 0, 
68, 1, 68, 68, -1, 330, 213, 32.0, 17, ABarpaaaaa, 13095, 0, 0, 0, , 0, 0, 0, 0, 0, 
69, 1, 69, 69, -1, 312, 232, 34.0, 17, ABarpaaaap, 7914, 0, 0, 0, , 0, 0, 0, 0, 0, 
70, 1, 70, 70, -1, 289, 231, 35.0, 11, ABarpaaapp, 3762, 0, 0, 0, , 0, 0, 0, 0, 0, 
71, 1, 71, 71, -1, 309, 209, 34.0, 15, ABarpaaapa, 8405, 0, 0, 0, , 0, 0, 0, 0, 0, 
72, 1, 72, 72, -1, 252, 328, 32.0, 15, ABarppaaap, 5864, 0, 0, 0, , 0, 0, 0, 0, 0, 
73, 1, 73, 73, -1, 213, 331, 31.0, 15, ABarppaapp, 5779, 0, 0, 0, , 0, 0, 0, 0, 0, 
74, 1, 74, 74, -1, 145, 353, 31.0, 17, ABarppappa, 7863, 0, 0, 0, , 0, 0, 0, 0, 0, 
75, 1, 75, 75, -1, 111, 359, 23.0, 21, ABarppappp, 13886, 0, 0, 0, , 0, 0, 0, 0, 0, 
76, 1, 76, 76, -1, 201, 349, 31.0, 15, ABarppapap, 6596, 0, 0, 0, , 0, 0, 0, 0, 0, 
77, 1, 77, 77, -1, 228, 338, 32.0, 17, ABarppapaa, 6582, 0, 0, 0, , 0, 0, 0, 0, 0, 
78, 1, 78, 78, -1, 76, 253, 22.0, 15, ABarpppppp, 5956, 0, 0, 0, , 0, 0, 0, 0, 0, 
79, 1, 79, 79, -1, 105, 232, 29.0, 15, ABarpppppa, 5695, 0, 0, 0, , 0, 0, 0, 0, 0, 
80, 1, 80, 80, -1, 173, 193, 32.0, 15, ABarppppaa, 6017, 0, 0, 0, , 0, 0, 0, 0, 0, 
81, 1, 81, 81, -1, 146, 210, 32.0, 17, ABarppppap, 5486, 0, 0, 0, , 0, 0, 0, 0, 0, 
82, 1, 82, 82, -1, 196, 187, 33.0, 17, ABarpppaap, 9854, 0, 0, 0, , 0, 0, 0, 0, 0, 
83, 1, 83, 83, -1, 224, 207, 34.0, 15, ABarpppaaa, 4981, 0, 0, 0, , 0, 0, 0, 0, 0, 
84, 1, 84, 84, -1, 324, 191, 24.0, 13, ABalappppaa, 4482, 0, 0, 0, , 0, 0, 0, 0, 0, 
85, 1, 85, 85, -1, 320, 184, 27.0, 13, ABalappppap, 3087, 0, 0, 0, , 0, 0, 0, 0, 0, 
86, 1, 86, 86, -1, 289, 178, 31.0, 11, ABalapppppp, 2059, 0, 0, 0, , 0, 0, 0, 0, 0, 
87, 1, 87, 87, -1, 331, 205, 24.0, 9, ABalapppaaa, 491, 0, 0, 0, , 0, 0, 0, 0, 0, 
88, 1, 88, 88, -1, 322, 198, 28.0, 13, ABalapppaap, 3127, 0, 0, 0, , 0, 0, 0, 0, 0, 
89, 1, 89, 89, -1, 318, 199, 30.0, 15, ABalapppapa, 2196, 0, 0, 0, , 0, 0, 0, 0, 0, 
90, 1, 90, 90, 91, 306, 181, 25.0, 15, ABalappapa, 4503, 0, 0, 0, , 0, 0, 0, 0, 0, 
91, 1, 91, 92, -1, 333, 211, 29.0, 13, ABalappaaa, 3948, 0, 0, 0, , 0, 0, 0, 0, 0, 
92, 1, 92, 93, -1, 323, 176, 23.0, 13, ABalappappa, 2381, 0, 0, 0, , 0, 0, 0, 0, 0, 
93, 1, 93, 94, -1, 310, 165, 24.0, 13, ABalappappp, 1926, 0, 0, 0, , 0, 0, 0, 0, 0, 
94, 1, 94, 95, -1, 319, 268, 33.0, 11, ABalapapppp, 2689, 0, 0, 0, , 0, 0, 0, 0, 0, 
95, 1, 95, 96, -1, 331, 266, 31.0, 9, ABalapapppa, 1811, 0, 0, 0, , 0, 0, 0, 0, 0, 
96, 1, 96, 97, -1, 341, 234, 25.0, 15, ABalapappaa, 2949, 0, 0, 0, , 0, 0, 0, 0, 0, 
97, 1, 97, 98, -1, 334, 249, 28.0, 15, ABalapappap, 5120, 0, 0, 0, , 0, 0, 0, 0, 0, 
98, 1, 98, 99, -1, 325, 232, 31.0, 15, ABalapapaa, 5348, 0, 0, 0, , 0, 0, 0, 0, 0, 
99, 1, 99, 100, -1, 321, 245, 31.0, 15, ABalapapapp, 2455, 0, 0, 0, , 0, 0, 0, 0, 0, 
100, 1, 100, 101, -1, 333, 251, 26.0, 17, ABalapaaaa, 16488, 0, 0, 0, , 0, 0, 0, 0, 0, 
101, 1, 101, 102, -1, 351, 253, 25.0, 15, ABalapaaapa, 4742, 0, 0, 0, , 0, 0, 0, 0, 0, 
102, 1, 102, 103, -1, 347, 268, 28.0, 15, ABalapaaapp, 3938, 0, 0, 0, , 0, 0, 0, 0, 0, 
103, 1, 103, 104, -1, 345, 261, 21.0, 15, ABalapaappa, 4017, 0, 0, 0, , 0, 0, 0, 0, 0, 
104, 1, 104, 105, -1, 322, 281, 17.0, 13, ABalapaapap, 3236, 0, 0, 0, , 0, 0, 0, 0, 0, 
105, 1, 105, 106, -1, 328, 259, 19.0, 13, ABalapaapaa, 5487, 0, 0, 0, , 0, 0, 0, 0, 0, 
106, 1, 106, 107, -1, 334, 272, 22.0, 15, ABalapaappp, 3762, 0, 0, 0, , 0, 0, 0, 0, 0, 
107, 1, 107, 108, -1, 317, 188, 15.0, 19, ABalaapaaa, 8839, 0, 0, 0, , 0, 0, 0, 0, 0, 
108, 1, 108, 109, -1, 239, 176, 10.0, 15, ABalaapapa, 7379, 0, 0, 0, , 0, 0, 0, 0, 0, 
109, 1, 109, 110, -1, 303, 189, 12.0, 15, ABalaapaap, 7542, 0, 0, 0, , 0, 0, 0, 0, 0, 
110, 1, 110, 111, -1, 298, 174, 14.0, 13, ABalaappapa, 4160, 0, 0, 0, , 0, 0, 0, 0, 0, 
111, 1, 111, 112, -1, 278, 170, 13.0, 13, ABalaappaa, 5069, 0, 0, 0, , 0, 0, 0, 0, 0, 
112, 1, 112, 113, -1, 305, 171, 22.0, 17, ABalaappppp, 3349, 0, 0, 0, , 0, 0, 0, 0, 0, 
113, 1, 113, 114, -1, 310, 187, 20.0, 15, ABalaappppa, 3794, 0, 0, 0, , 0, 0, 0, 0, 0, 
114, 1, 114, 115, -1, 296, 180, 21.0, 11, ABalaapppaa, 3967, 0, 0, 0, , 0, 0, 0, 0, 0, 
115, 1, 115, 116, -1, 293, 187, 17.0, 17, ABalaapppap, 2801, 0, 0, 0, , 0, 0, 0, 0, 0, 
116, 1, 116, 117, 118, 343, 250, 13.0, 17, ABalaaaalp, 6178, 0, 0, 0, , 0, 0, 0, 0, 0, 
117, 1, 117, 119, -1, 333, 202, 21.0, 13, ABalaaaarrp, 3829, 0, 0, 0, , 0, 0, 0, 0, 0, 
118, 1, 118, 120, -1, 331, 194, 18.0, 13, ABalaaaarra, 4092, 0, 0, 0, , 0, 0, 0, 0, 0, 
119, 1, 119, 121, -1, 338, 212, 18.0, 13, ABalaaaarlp, 3553, 0, 0, 0, , 0, 0, 0, 0, 0, 
120, 1, 120, 122, -1, 342, 230, 19.0, 13, ABalaaaarla, 4031, 0, 0, 0, , 0, 0, 0, 0, 0, 
121, 1, 121, 123, -1, 333, 181, 21.0, 13, ABalaaapplr, 3847, 0, 0, 0, , 0, 0, 0, 0, 0, 
122, 1, 122, 124, -1, 319, 189, 18.0, 13, ABalaaapprr, 7134, 0, 0, 0, , 0, 0, 0, 0, 0, 
123, 1, 123, 125, -1, 307, 177, 17.0, 15, ABalaaapprl, 3902, 0, 0, 0, , 0, 0, 0, 0, 0, 
124, 0, 124, -1, -1, 341, 217, 26.0, 13, , 2989, 0, 0, 0, , 0, 0, 0, 0, 0, 
125, 1, 125, 127, -1, 152, 324, 10.0, 15, ABplppppapa, 4329, 0, 0, 0, , 0, 0, 0, 0, 0, 
126, 1, 126, 128, -1, 142, 308, 10.0, 13, ABplppppapp, 4065, 0, 0, 0, , 0, 0, 0, 0, 0, 
127, 1, 127, 129, -1, 167, 303, 10.0, 13, ABplppppaaa, 4261, 0, 0, 0, , 0, 0, 0, 0, 0, 
128, 1, 128, 130, -1, 157, 306, 11.0, 13, ABplppppaap, 3640, 0, 0, 0, , 0, 0, 0, 0, 0, 
129, 1, 129, 131, -1, 88, 325, 13.0, 13, ABplppppppp, 4178, 0, 0, 0, , 0, 0, 0, 0, 0, 
130, 1, 130, 132, -1, 96, 320, 11.0, 13, ABplppppppa, 3885, 0, 0, 0, , 0, 0, 0, 0, 0, 
131, 1, 131, 133, -1, 132, 316, 14.0, 15, ABplpppppap, 4415, 0, 0, 0, , 0, 0, 0, 0, 0, 
132, 1, 132, 134, -1, 149, 313, 15.0, 15, ABplpppppaa, 4964, 0, 0, 0, , 0, 0, 0, 0, 0, 
133, 1, 133, 135, -1, 115, 300, 13.0, 11, ABplpppapp, 3787, 0, 0, 0, , 0, 0, 0, 0, 0, 
134, 1, 134, 136, -1, 128, 316, 9.0, 15, ABplpppapaa, 5078, 0, 0, 0, , 0, 0, 0, 0, 0, 
135, 1, 135, 137, -1, 128, 335, 10.0, 15, ABplpppaapp, 4838, 0, 0, 0, , 0, 0, 0, 0, 0, 
136, 1, 136, 591, -1, 141, 336, 11.0, 13, ABplpppaapa, 4459, 0, 0, 0, , 0, 0, 0, 0, 0, 
137, 1, 137, 138, -1, 175, 320, 10.0, 13, ABplpppaaaa, 4193, 0, 0, 0, , 0, 0, 0, 0, 0, 
138, 1, 138, 139, -1, 163, 337, 11.0, 15, ABplpppaaap, 6326, 0, 0, 0, , 0, 0, 0, 0, 0, 
139, 1, 139, 140, -1, 170, 337, 13.0, 15, ABplppapppp, 3797, 0, 0, 0, , 0, 0, 0, 0, 0, 
140, 1, 140, 141, -1, 191, 329, 12.0, 15, ABplppapppa, 4359, 0, 0, 0, , 0, 0, 0, 0, 0, 
141, 1, 141, 142, -1, 199, 316, 11.0, 13, ABplppappap, 4942, 0, 0, 0, , 0, 0, 0, 0, 0, 
142, 1, 142, 143, -1, 210, 312, 14.0, 13, ABplppappaa, 3942, 0, 0, 0, , 0, 0, 0, 0, 0, 
143, 1, 143, 144, -1, 207, 332, 14.0, 13, ABplppapaap, 4560, 0, 0, 0, , 0, 0, 0, 0, 0, 
144, 1, 144, 145, -1, 198, 336, 16.0, 13, ABplppapapa, 4463, 0, 0, 0, , 0, 0, 0, 0, 0, 
145, 1, 145, 146, -1, 180, 335, 17.0, 13, ABplppapapp, 5012, 0, 0, 0, , 0, 0, 0, 0, 0, 
146, 1, 146, 147, -1, 201, 301, 10.0, 13, ABplppaappa, 4419, 0, 0, 0, , 0, 0, 0, 0, 0, 
147, 1, 147, 148, -1, 187, 309, 10.0, 13, ABplppaappp, 4270, 0, 0, 0, , 0, 0, 0, 0, 0, 
148, 1, 148, 149, -1, 266, 299, 18.0, 13, ABplppaaaaa, 4630, 0, 0, 0, , 0, 0, 0, 0, 0, 
149, 1, 149, 150, -1, 254, 307, 18.0, 11, ABplppaaap, 4455, 0, 0, 0, , 0, 0, 0, 0, 0, 
150, 1, 150, 151, -1, 243, 271, 9.0, 17, ABplpappaaa, 5388, 0, 0, 0, , 0, 0, 0, 0, 0, 
151, 1, 151, 152, -1, 231, 281, 10.0, 15, ABplpappaap, 1533, 0, 0, 0, , 0, 0, 0, 0, 0, 
152, 1, 152, 153, -1, 219, 276, 12.0, 13, ABplpappap, 5514, 0, 0, 0, , 0, 0, 0, 0, 0, 
153, 1, 153, 154, -1, 142, 296, 11.0, 15, ABplpappppp, 5118, 0, 0, 0, , 0, 0, 0, 0, 0, 
154, 1, 154, 155, -1, 159, 283, 11.0, 11, ABplpappppa, 3963, 0, 0, 0, , 0, 0, 0, 0, 0, 
155, 1, 155, 156, -1, 177, 284, 10.0, 13, ABplpapppaa, 4616, 0, 0, 0, , 0, 0, 0, 0, 0, 
156, 1, 156, 157, -1, 164, 266, 10.0, 13, ABplpapppap, 4254, 0, 0, 0, , 0, 0, 0, 0, 0, 
157, 1, 157, 158, -1, 211, 291, 10.0, 13, ABplpapappa, 3637, 0, 0, 0, , 0, 0, 0, 0, 0, 
158, 1, 158, 159, -1, 189, 288, 11.0, 15, ABplpapappp, 3584, 0, 0, 0, , 0, 0, 0, 0, 0, 
159, 1, 159, 160, -1, 224, 298, 14.0, 11, ABplpapapap, 3642, 0, 0, 0, , 0, 0, 0, 0, 0, 
160, 1, 160, 161, -1, 239, 296, 14.0, 13, ABplpapapaa, 3856, 0, 0, 0, , 0, 0, 0, 0, 0, 
161, 1, 161, 162, -1, 272, 291, 13.0, 11, ABplpapaapa, 2922, 0, 0, 0, , 0, 0, 0, 0, 0, 
162, 1, 162, 163, -1, 256, 300, 14.0, 13, ABplpapaapp, 2908, 0, 0, 0, , 0, 0, 0, 0, 0, 
163, 1, 163, 164, -1, 258, 288, 13.0, 13, ABplpapaaap, 4144, 0, 0, 0, , 0, 0, 0, 0, 0, 
164, 1, 164, 165, -1, 273, 281, 12.0, 13, ABplpapaaaa, 4025, 0, 0, 0, , 0, 0, 0, 0, 0, 
165, 1, 165, 166, -1, 226, 331, 13.0, 15, ABplpaaaapp, 7322, 0, 0, 0, , 0, 0, 0, 0, 0, 
166, 1, 166, 167, -1, 238, 318, 12.0, 15, ABplpaaaapa, 6242, 0, 0, 0, , 0, 0, 0, 0, 0, 
167, 1, 167, 168, -1, 312, 271, 16.0, 15, ABplpaaaaaa, 7293, 0, 0, 0, , 0, 0, 0, 0, 0, 
168, 1, 168, 169, -1, 302, 307, 15.0, 13, ABplpaaapap, 5967, 0, 0, 0, , 0, 0, 0, 0, 0, 
169, 1, 169, 170, -1, 313, 294, 14.0, 13, ABplpaaapaa, 5243, 0, 0, 0, , 0, 0, 0, 0, 0, 
170, 1, 170, 171, -1, 290, 292, 14.0, 15, ABplpaaappa, 5542, 0, 0, 0, , 0, 0, 0, 0, 0, 
171, 1, 171, 172, -1, 281, 294, 16.0, 13, ABplpaaappp, 5423, 0, 0, 0, , 0, 0, 0, 0, 0, 
172, 1, 172, 173, -1, 267, 314, 25.0, 15, ABplpaappap, 4324, 0, 0, 0, , 0, 0, 0, 0, 0, 
173, 1, 173, 174, -1, 284, 303, 22.0, 15, ABplpaappaa, 6162, 0, 0, 0, , 0, 0, 0, 0, 0, 
174, 1, 174, 175, -1, 293, 304, 18.0, 11, ABplpaapppa, 2150, 0, 0, 0, , 0, 0, 0, 0, 0, 
175, 1, 175, 176, -1, 306, 312, 18.0, 13, ABplpaapapp, 6323, 0, 0, 0, , 0, 0, 0, 0, 0, 
176, 1, 176, 177, -1, 278, 309, 15.0, 11, ABplpaapppp, 3662, 0, 0, 0, , 0, 0, 0, 0, 0, 
177, 1, 177, 178, -1, 302, 291, 19.0, 15, ABplpaapaap, 5700, 0, 0, 0, , 0, 0, 0, 0, 0, 
178, 1, 178, 179, -1, 305, 272, 18.0, 15, ABplpaapaaa, 4364, 0, 0, 0, , 0, 0, 0, 0, 0, 
179, 1, 179, 180, -1, 317, 307, 22.0, 15, ABplpaapapa, 6797, 0, 0, 0, , 0, 0, 0, 0, 0, 
180, 1, 180, 181, -1, 272, 325, 18.0, 13, ABplaappap, 6406, 0, 0, 0, , 0, 0, 0, 0, 0, 
181, 1, 181, 182, -1, 289, 320, 19.0, 13, ABplaappaa, 5178, 0, 0, 0, , 0, 0, 0, 0, 0, 
182, 1, 182, 183, -1, 263, 331, 21.0, 15, ABplaapppa, 9352, 0, 0, 0, , 0, 0, 0, 0, 0, 
183, 1, 183, 184, -1, 232, 344, 23.0, 15, ABplaapppp, 4782, 0, 0, 0, , 0, 0, 0, 0, 0, 
184, 1, 184, 185, -1, 346, 232, 28.0, 15, ABplaapaaaa, 6115, 0, 0, 0, , 0, 0, 0, 0, 0, 
185, 1, 185, 186, -1, 345, 252, 31.0, 15, ABplaapaaap, 4906, 0, 0, 0, , 0, 0, 0, 0, 0, 
186, 1, 186, 187, -1, 341, 274, 31.0, 13, ABplaapaapa, 4988, 0, 0, 0, , 0, 0, 0, 0, 0, 
187, 1, 187, 188, -1, 327, 286, 28.0, 15, ABplaapaapp, 5127, 0, 0, 0, , 0, 0, 0, 0, 0, 
188, 1, 188, 189, -1, 294, 298, 29.0, 17, ABplaapappp, 5458, 0, 0, 0, , 0, 0, 0, 0, 0, 
189, 1, 189, 190, -1, 306, 279, 28.0, 15, ABplaapappa, 6901, 0, 0, 0, , 0, 0, 0, 0, 0, 
190, 1, 190, 191, -1, 297, 291, 25.0, 15, ABplaapapap, 5498, 0, 0, 0, , 0, 0, 0, 0, 0, 
191, 1, 191, 192, -1, 303, 276, 25.0, 13, ABplaapapaa, 4571, 0, 0, 0, , 0, 0, 0, 0, 0, 
192, 1, 192, 193, -1, 308, 257, 33.0, 15, ABplaaaaapp, 7509, 0, 0, 0, , 0, 0, 0, 0, 0, 
193, 1, 193, 194, -1, 316, 257, 29.0, 13, ABplaaaaapa, 4871, 0, 0, 0, , 0, 0, 0, 0, 0, 
194, 1, 194, 195, -1, 331, 250, 34.0, 15, ABplaaaaaa, 6929, 0, 0, 0, , 0, 0, 0, 0, 0, 
195, 1, 195, 196, -1, 277, 257, 34.0, 17, ABplaaaapp, 7122, 0, 0, 0, , 0, 0, 0, 0, 0, 
196, 1, 196, 197, -1, 297, 253, 35.0, 17, ABplaaaapa, 6679, 0, 0, 0, , 0, 0, 0, 0, 0, 
197, 1, 197, 198, -1, 293, 300, 32.0, 17, ABplaaappa, 11330, 0, 0, 0, , 0, 0, 0, 0, 0, 
198, 1, 198, 199, -1, 276, 308, 32.0, 19, ABplaaappp, 15016, 0, 0, 0, , 0, 0, 0, 0, 0, 
199, 1, 199, 200, -1, 308, 301, 31.0, 15, ABplaaapap, 5903, 0, 0, 0, , 0, 0, 0, 0, 0, 
200, 1, 200, 201, -1, 318, 283, 32.0, 13, ABplaaapaa, 5590, 0, 0, 0, , 0, 0, 0, 0, 0, 
201, 1, 201, 202, -1, 126, 351, 14.0, 15, ABplappppa, 6291, 0, 0, 0, , 0, 0, 0, 0, 0, 
202, 1, 202, 203, -1, 102, 336, 13.0, 15, ABplappppp, 6218, 0, 0, 0, , 0, 0, 0, 0, 0, 
203, 1, 203, 204, -1, 112, 348, 17.0, 17, ABplapppaa, 6904, 0, 0, 0, , 0, 0, 0, 0, 0, 
204, 1, 204, 205, -1, 116, 324, 13.0, 11, ABplapppapp, 3223, 0, 0, 0, , 0, 0, 0, 0, 0, 
205, 1, 205, 206, -1, 121, 337, 13.0, 11, ABplapppapa, 3467, 0, 0, 0, , 0, 0, 0, 0, 0, 
206, 1, 206, 207, -1, 198, 352, 23.0, 13, ABplappaaa, 6729, 0, 0, 0, , 0, 0, 0, 0, 0, 
207, 1, 207, 208, -1, 178, 359, 24.0, 15, ABplappaap, 7737, 0, 0, 0, , 0, 0, 0, 0, 0, 
208, 1, 208, 209, -1, 162, 360, 21.0, 15, ABplappapp, 7251, 0, 0, 0, , 0, 0, 0, 0, 0, 
209, 1, 209, 210, -1, 172, 350, 31.0, 17, ABplappapa, 7172, 0, 0, 0, , 0, 0, 0, 0, 0, 
210, 1, 210, 211, -1, 215, 351, 25.0, 15, ABplapaapp, 8953, 0, 0, 0, , 0, 0, 0, 0, 0, 
211, 1, 211, 212, -1, 250, 339, 22.0, 15, ABplapaapa, 8225, 0, 0, 0, , 0, 0, 0, 0, 0, 
212, 1, 212, 213, -1, 258, 297, 34.0, 13, ABarppaaaa, 6964, 0, 0, 0, , 0, 0, 0, 0, 0, 
213, 1, 213, 214, -1, 245, 329, 26.0, 17, ABplapaaapp, 3667, 0, 0, 0, , 0, 0, 0, 0, 0, 
214, 1, 214, 215, -1, 249, 318, 27.0, 17, ABplapaaapa, 4855, 0, 0, 0, , 0, 0, 0, 0, 0, 
215, 1, 215, 216, -1, 103, 355, 20.0, 13, ABplapapppa, 3692, 0, 0, 0, , 0, 0, 0, 0, 0, 
216, 1, 216, 217, -1, 89, 341, 17.0, 15, ABplapapppp, 5004, 0, 0, 0, , 0, 0, 0, 0, 0, 
217, 1, 217, 218, -1, 141, 368, 22.0, 17, ABplapapap, 6361, 0, 0, 0, , 0, 0, 0, 0, 0, 
218, 1, 218, 219, -1, 132, 361, 18.0, 15, ABplapappa, 7312, 0, 0, 0, , 0, 0, 0, 0, 0, 
219, 1, 219, 220, -1, 126, 360, 27.0, 19, ABplapapaa, 7717, 0, 0, 0, , 0, 0, 0, 0, 0, 
220, 1, 220, 221, -1, 234, 212, 12.0, 11, ABprpapaaaa, 4534, 0, 0, 0, , 0, 0, 0, 0, 0, 
221, 1, 221, 222, -1, 215, 200, 12.0, 13, ABprpapaapp, 2928, 0, 0, 0, , 0, 0, 0, 0, 0, 
222, 1, 222, 223, -1, 183, 236, 11.0, 13, ABprpapappa, 4089, 0, 0, 0, , 0, 0, 0, 0, 0, 
223, 1, 223, 224, -1, 181, 262, 10.0, 17, ABprpapappp, 4715, 0, 0, 0, , 0, 0, 0, 0, 0, 
224, 1, 224, 225, -1, 194, 229, 13.0, 13, ABprpapapap, 3413, 0, 0, 0, , 0, 0, 0, 0, 0, 
225, 1, 225, 226, -1, 206, 223, 12.0, 11, ABprpapapaa, 3146, 0, 0, 0, , 0, 0, 0, 0, 0, 
226, 1, 226, 227, -1, 127, 291, 13.0, 15, ABprpappppp, 5412, 0, 0, 0, , 0, 0, 0, 0, 0, 
227, 1, 227, 228, -1, 147, 290, 13.0, 15, ABprpappppa, 3184, 0, 0, 0, , 0, 0, 0, 0, 0, 
228, 1, 228, 229, -1, 211, 238, 12.0, 13, ABprpapppaa, 3935, 0, 0, 0, , 0, 0, 0, 0, 0, 
229, 1, 229, 230, -1, 196, 252, 12.0, 15, ABprpapppap, 4692, 0, 0, 0, , 0, 0, 0, 0, 0, 
230, 1, 230, 231, -1, 199, 275, 10.0, 15, ABprpappapp, 5877, 0, 0, 0, , 0, 0, 0, 0, 0, 
231, 1, 231, 232, -1, 221, 233, 10.0, 13, ABprpappaap, 2877, 0, 0, 0, , 0, 0, 0, 0, 0, 
232, 1, 232, 233, -1, 231, 245, 9.0, 15, ABprpappaaa, 3945, 0, 0, 0, , 0, 0, 0, 0, 0, 
233, 1, 233, 234, -1, 250, 187, 16.0, 15, ABprpaaaaap, 5702, 0, 0, 0, , 0, 0, 0, 0, 0, 
234, 1, 234, 235, -1, 263, 191, 18.0, 13, ABprpaapaaa, 6105, 0, 0, 0, , 0, 0, 0, 0, 0, 
235, 1, 235, 236, -1, 180, 198, 13.0, 13, ABprpaaaapp, 6189, 0, 0, 0, , 0, 0, 0, 0, 0, 
236, 1, 236, 237, -1, 198, 200, 11.0, 15, ABprpaaaapa, 5576, 0, 0, 0, , 0, 0, 0, 0, 0, 
237, 1, 237, 238, -1, 240, 184, 15.0, 13, ABprpaaappa, 4825, 0, 0, 0, , 0, 0, 0, 0, 0, 
238, 1, 238, 239, -1, 228, 202, 14.0, 15, ABprpapaapa, 3951, 0, 0, 0, , 0, 0, 0, 0, 0, 
239, 1, 239, 240, -1, 226, 185, 14.0, 15, ABprpaaappp, 5029, 0, 0, 0, , 0, 0, 0, 0, 0, 
240, 1, 240, 241, -1, 256, 173, 12.0, 13, ABprpaaapaa, 4927, 0, 0, 0, , 0, 0, 0, 0, 0, 
241, 1, 241, 242, -1, 241, 165, 15.0, 15, ABprpaaapap, 6349, 0, 0, 0, , 0, 0, 0, 0, 0, 
242, 1, 242, 243, -1, 247, 177, 20.0, 13, ABprpaapaap, 5374, 0, 0, 0, , 0, 0, 0, 0, 0, 
243, 1, 243, 244, -1, 258, 158, 21.0, 15, ABprpaapapa, 6625, 0, 0, 0, , 0, 0, 0, 0, 0, 
244, 1, 244, 245, -1, 241, 162, 19.0, 13, ABprpaapapp, 5145, 0, 0, 0, , 0, 0, 0, 0, 0, 
245, 1, 245, 246, -1, 236, 168, 17.0, 13, ABprpaapppa, 2798, 0, 0, 0, , 0, 0, 0, 0, 0, 
246, 1, 246, 247, -1, 223, 174, 16.0, 15, ABprpaapppp, 4448, 0, 0, 0, , 0, 0, 0, 0, 0, 
247, 1, 247, 248, -1, 217, 185, 26.0, 13, ABprpaappap, 4251, 0, 0, 0, , 0, 0, 0, 0, 0, 
248, 1, 248, 249, -1, 231, 181, 23.0, 15, ABprpaappaa, 4738, 0, 0, 0, , 0, 0, 0, 0, 0, 
249, 1, 249, 250, -1, 84, 266, 10.0, 15, ABprpppaapp, 5433, 0, 0, 0, , 0, 0, 0, 0, 0, 
250, 1, 250, 251, -1, 101, 260, 11.0, 15, ABprpppaapa, 4666, 0, 0, 0, , 0, 0, 0, 0, 0, 
251, 1, 251, 252, -1, 118, 240, 11.0, 15, ABprpppaaap, 5043, 0, 0, 0, , 0, 0, 0, 0, 0, 
252, 1, 252, 253, -1, 143, 249, 11.0, 15, ABprpppaaaa, 5683, 0, 0, 0, , 0, 0, 0, 0, 0, 
253, 1, 253, 254, -1, 110, 276, 10.0, 13, ABprpppapaa, 5380, 0, 0, 0, , 0, 0, 0, 0, 0, 
254, 1, 254, 255, -1, 101, 293, 10.0, 13, ABprpppapap, 4041, 0, 0, 0, , 0, 0, 0, 0, 0, 
255, 1, 255, 256, -1, 107, 308, 10.0, 13, ABprpppapp, 4686, 0, 0, 0, , 0, 0, 0, 0, 0, 
256, 1, 256, 257, -1, 130, 260, 10.0, 15, ABprppppapa, 4621, 0, 0, 0, , 0, 0, 0, 0, 0, 
257, 1, 257, 258, -1, 122, 282, 11.0, 13, ABprppppapp, 4670, 0, 0, 0, , 0, 0, 0, 0, 0, 
258, 1, 258, 259, -1, 150, 268, 11.0, 13, ABprppppaaa, 5244, 0, 0, 0, , 0, 0, 0, 0, 0, 
259, 1, 259, 260, -1, 138, 274, 11.0, 13, ABprppppaap, 3835, 0, 0, 0, , 0, 0, 0, 0, 0, 
260, 1, 260, 261, -1, 73, 300, 13.0, 13, ABprppppppp, 4709, 0, 0, 0, , 0, 0, 0, 0, 0, 
261, 1, 261, 262, -1, 86, 306, 10.0, 13, ABprppppppa, 6108, 0, 0, 0, , 0, 0, 0, 0, 0, 
262, 1, 262, 263, -1, 125, 261, 15.0, 15, ABprpppppaa, 4477, 0, 0, 0, , 0, 0, 0, 0, 0, 
263, 1, 263, 264, -1, 108, 275, 15.0, 13, ABprpppppap, 3880, 0, 0, 0, , 0, 0, 0, 0, 0, 
264, 1, 264, 265, -1, 182, 215, 14.0, 13, ABprppaapap, 5878, 0, 0, 0, , 0, 0, 0, 0, 0, 
265, 1, 265, 266, -1, 202, 210, 14.0, 13, ABprppaapaa, 4470, 0, 0, 0, , 0, 0, 0, 0, 0, 
266, 1, 266, 267, -1, 176, 242, 10.0, 15, ABprppaappa, 5745, 0, 0, 0, , 0, 0, 0, 0, 0, 
267, 1, 267, 268, -1, 159, 247, 10.0, 13, ABprppaappp, 4721, 0, 0, 0, , 0, 0, 0, 0, 0, 
268, 1, 268, 269, -1, 219, 194, 17.0, 13, ABprppaaaaa, 5536, 0, 0, 0, , 0, 0, 0, 0, 0, 
269, 1, 269, 270, -1, 206, 193, 15.0, 15, ABprppaaaap, 4339, 0, 0, 0, , 0, 0, 0, 0, 0, 
270, 1, 270, 271, -1, 199, 182, 17.0, 11, ABprppaaap, 5065, 0, 0, 0, , 0, 0, 0, 0, 0, 
271, 1, 271, 272, -1, 170, 206, 16.0, 15, ABprppapaaa, 4715, 0, 0, 0, , 0, 0, 0, 0, 0, 
272, 1, 272, 273, -1, 157, 213, 15.0, 13, ABprppapaap, 4244, 0, 0, 0, , 0, 0, 0, 0, 0, 
273, 1, 273, 274, -1, 143, 215, 15.0, 11, ABprppapapa, 4469, 0, 0, 0, , 0, 0, 0, 0, 0, 
274, 1, 274, 275, -1, 128, 229, 16.0, 13, ABprppapapp, 3982, 0, 0, 0, , 0, 0, 0, 0, 0, 
275, 1, 275, 276, -1, 139, 235, 12.0, 17, ABprppappp, 8167, 0, 0, 0, , 0, 0, 0, 0, 0, 
276, 1, 276, 277, -1, 167, 220, 13.0, 13, ABprppappaa, 4102, 0, 0, 0, , 0, 0, 0, 0, 0, 
277, 1, 277, 278, -1, 156, 228, 11.0, 13, ABprppappap, 4399, 0, 0, 0, , 0, 0, 0, 0, 0, 
278, 1, 278, 279, -1, 337, 188, 29.0, 15, ABpraapaaaa, 5257, 0, 0, 0, , 0, 0, 0, 0, 0, 
279, 1, 279, 280, -1, 318, 182, 33.0, 15, ABarpapaaaa, 4314, 0, 0, 0, , 0, 0, 0, 0, 0, 
280, 1, 280, 281, -1, 324, 178, 31.0, 15, ABpraapaaap, 6192, 0, 0, 0, , 0, 0, 0, 0, 0, 
281, 1, 281, 282, -1, 300, 167, 27.0, 13, ABpraapaapa, 5184, 0, 0, 0, , 0, 0, 0, 0, 0, 
282, 1, 282, 283, -1, 250, 176, 25.0, 15, ABpraapapap, 6279, 0, 0, 0, , 0, 0, 0, 0, 0, 
283, 1, 283, 284, -1, 272, 182, 25.0, 13, ABpraapapaa, 4690, 0, 0, 0, , 0, 0, 0, 0, 0, 
284, 1, 284, 285, -1, 246, 169, 29.0, 15, ABpraapappp, 12066, 0, 0, 0, , 0, 0, 0, 0, 0, 
285, 1, 285, 286, -1, 264, 178, 28.0, 13, ABpraapappa, 4750, 0, 0, 0, , 0, 0, 0, 0, 0, 
286, 1, 286, 287, -1, 167, 188, 23.0, 17, ABpraapppp, 6562, 0, 0, 0, , 0, 0, 0, 0, 0, 
287, 1, 287, 288, -1, 194, 173, 21.0, 15, ABpraapppa, 4673, 0, 0, 0, , 0, 0, 0, 0, 0, 
288, 1, 288, 289, -1, 211, 171, 19.0, 15, ABpraappap, 11763, 0, 0, 0, , 0, 0, 0, 0, 0, 
289, 1, 289, 290, -1, 228, 162, 20.0, 13, ABpraappaa, 4354, 0, 0, 0, , 0, 0, 0, 0, 0, 
290, 1, 290, 291, -1, 292, 170, 24.0, 13, ABpraaapapa, 4099, 0, 0, 0, , 0, 0, 0, 0, 0, 
291, 1, 291, 292, -1, 275, 163, 25.0, 13, ABpraaapapp, 4426, 0, 0, 0, , 0, 0, 0, 0, 0, 
292, 1, 292, 293, -1, 276, 177, 22.0, 13, ABpraaapaad, 3088, 0, 0, 0, , 0, 0, 0, 0, 0, 
293, 1, 292, 294, -1, 278, 179, 20.0, 15, ABpraaapaav, 5706, 0, 0, 0, , 0, 0, 0, 0, 0, 
294, 1, 293, 295, -1, 260, 187, 21.0, 13, ABpraaappaa, 3082, 0, 0, 0, , 0, 0, 0, 0, 0, 
295, 1, 294, 296, -1, 249, 178, 23.0, 13, ABpraaappap, 6325, 0, 0, 0, , 0, 0, 0, 0, 0, 
296, 1, 295, 297, -1, 235, 185, 28.0, 13, ABpraaapppa, 4434, 0, 0, 0, , 0, 0, 0, 0, 0, 
297, 1, 296, 298, -1, 227, 168, 25.0, 15, ABpraaapppp, 5817, 0, 0, 0, , 0, 0, 0, 0, 0, 
298, 1, 297, 299, -1, 282, 161, 20.0, 13, ABpraaaaapd, 2934, 0, 0, 0, , 0, 0, 0, 0, 0, 
299, 1, 297, 300, -1, 293, 165, 19.0, 13, ABpraaaaapv, 8529, 0, 0, 0, , 0, 0, 0, 0, 0, 
300, 1, 298, 301, -1, 285, 172, 16.0, 15, ABpraaaaaaa, 4957, 0, 0, 0, , 0, 0, 0, 0, 0, 
301, 1, 299, 302, -1, 264, 169, 14.0, 13, ABpraaaaaap, 3582, 0, 0, 0, , 0, 0, 0, 0, 0, 
302, 1, 300, 303, -1, 263, 172, 16.0, 15, ABpraaaapav, 6556, 0, 0, 0, , 0, 0, 0, 0, 0, 
303, 1, 301, 304, -1, 271, 160, 18.0, 15, ABpraaaapad, 4708, 0, 0, 0, , 0, 0, 0, 0, 0, 
304, 1, 302, 305, -1, 277, 157, 23.0, 13, ABpraaaappa, 4894, 0, 0, 0, , 0, 0, 0, 0, 0, 
305, 1, 303, 306, -1, 263, 164, 24.0, 15, ABpraaaappp, 4071, 0, 0, 0, , 0, 0, 0, 0, 0, 
306, 1, 304, 307, -1, 111, 220, 20.0, 15, ABprappapp, 8109, 0, 0, 0, , 0, 0, 0, 0, 0, 
307, 1, 305, 308, -1, 124, 218, 30.0, 15, ABprappapa, 7136, 0, 0, 0, , 0, 0, 0, 0, 0, 
308, 1, 306, 309, -1, 122, 209, 23.0, 15, ABprappaap, 8797, 0, 0, 0, , 0, 0, 0, 0, 0, 
309, 1, 307, 310, -1, 144, 211, 20.0, 17, ABprappaaa, 9135, 0, 0, 0, , 0, 0, 0, 0, 0, 
310, 1, 308, 311, -1, 84, 258, 17.0, 15, ABprapppaa, 7944, 0, 0, 0, , 0, 0, 0, 0, 0, 
311, 1, 309, 312, -1, 93, 280, 12.0, 13, ABprapppapp, 3779, 0, 0, 0, , 0, 0, 0, 0, 0, 
312, 1, 310, 313, -1, 90, 264, 13.0, 11, ABprapppapa, 3374, 0, 0, 0, , 0, 0, 0, 0, 0, 
313, 1, 311, 314, -1, 73, 274, 14.0, 19, ABprappppp, 29766, 0, 0, 0, , 0, 0, 0, 0, 0, 
314, 1, 312, 315, -1, 84, 250, 14.0, 17, ABprappppa, 16813, 0, 0, 0, , 0, 0, 0, 0, 0, 
315, 1, 313, 316, -1, 204, 192, 28.0, 15, ABprapaaapa, 5507, 0, 0, 0, , 0, 0, 0, 0, 0, 
316, 1, 314, 317, -1, 186, 188, 26.0, 15, ABprapaaapp, 4090, 0, 0, 0, , 0, 0, 0, 0, 0, 
317, 1, 315, 318, -1, 214, 200, 33.0, 17, ABprapaaaap, 4481, 0, 0, 0, , 0, 0, 0, 0, 0, 
318, 1, 316, 319, -1, 221, 202, 31.0, 13, ABprapaaaaa, 4854, 0, 0, 0, , 0, 0, 0, 0, 0, 
319, 1, 317, 320, -1, 149, 195, 24.0, 13, ABprapaapp, 8117, 0, 0, 0, , 0, 0, 0, 0, 0, 
320, 1, 318, 321, -1, 178, 183, 19.0, 13, ABprapaapa, 7059, 0, 0, 0, , 0, 0, 0, 0, 0, 
321, 1, 319, 322, -1, 92, 239, 16.0, 17, ABprapappa, 6022, 0, 0, 0, , 0, 0, 0, 0, 0, 
322, 1, 320, 323, -1, 73, 277, 18.0, 15, ABprapapppp, 5290, 0, 0, 0, , 0, 0, 0, 0, 0, 
323, 1, 321, 324, -1, 66, 269, 21.0, 13, ABprapapppa, 3505, 0, 0, 0, , 0, 0, 0, 0, 0, 
324, 1, 322, 325, -1, 94, 232, 20.0, 15, ABprapapap, 7249, 0, 0, 0, , 0, 0, 0, 0, 0, 
325, 1, 323, 326, -1, 86, 250, 27.0, 19, ABprapapaa, 7138, 0, 0, 0, , 0, 0, 0, 0, 0, 
326, 1, 324, 327, -1, 237, 202, 29.0, 15, MSppppap, 3370, 0, 0, 0, , 0, 0, 0, 0, 0, 
327, 1, 325, 328, -1, 225, 203, 20.0, 13, MSppppaa, 3291, 0, 0, 0, , 0, 0, 0, 0, 0, 
328, 1, 326, 329, -1, 239, 220, 32.0, 13, MSpppppa, 2188, 0, 0, 0, , 0, 0, 0, 0, 0, 
329, 1, 327, 330, -1, 214, 225, 31.0, 15, MSpppppp, 3336, 0, 0, 0, , 0, 0, 0, 0, 0, 
330, 1, 328, 331, -1, 216, 215, 23.0, 13, MSpppaaa, 3676, 0, 0, 0, , 0, 0, 0, 0, 0, 
331, 1, 329, 332, -1, 142, 244, 19.0, 17, MSpppaap, 4126, 0, 0, 0, , 0, 0, 0, 0, 0, 
332, 1, 330, 333, -1, 200, 212, 18.0, 15, MSpppapp, 4178, 0, 0, 0, , 0, 0, 0, 0, 0, 
333, 1, 331, 334, -1, 213, 216, 17.0, 13, MSpppapa, 3128, 0, 0, 0, , 0, 0, 0, 0, 0, 
334, 1, 332, 335, -1, 220, 217, 13.0, 13, ABprpapaaap, 4759, 0, 0, 0, , 0, 0, 0, 0, 0, 
335, 1, 333, 336, -1, 175, 246, 12.0, 17, MSppaapp, 5945, 0, 0, 0, , 0, 0, 0, 0, 0, 
336, 1, 334, 337, -1, 245, 206, 16.0, 13, MSppaapa, 4652, 0, 0, 0, , 0, 0, 0, 0, 0, 
337, 1, 335, 338, -1, 284, 206, 15.0, 15, MSppaaaa, 2173, 0, 0, 0, , 0, 0, 0, 0, 0, 
338, 1, 336, 339, -1, 285, 191, 25.0, 13, MSppaaap, 4697, 0, 0, 0, , 0, 0, 0, 0, 0, 
339, 1, 337, 340, -1, 262, 190, 29.0, 15, MSppappa, 5096, 0, 0, 0, , 0, 0, 0, 0, 0, 
340, 1, 338, 341, -1, 243, 196, 23.0, 15, MSppapaa, 6064, 0, 0, 0, , 0, 0, 0, 0, 0, 
341, 1, 339, 342, -1, 239, 194, 19.0, 15, MSppapap, 4550, 0, 0, 0, , 0, 0, 0, 0, 0, 
342, 1, 340, 343, -1, 199, 258, 15.0, 15, MSpapappp, 3622, 0, 0, 0, , 0, 0, 0, 0, 0, 
343, 1, 341, 344, -1, 213, 247, 18.0, 15, MSpapappa, 5547, 0, 0, 0, , 0, 0, 0, 0, 0, 
344, 1, 342, 345, -1, 196, 243, 18.0, 15, MSpapapa, 6834, 0, 0, 0, , 0, 0, 0, 0, 0, 
345, 1, 344, 346, -1, 224, 232, 17.0, 15, MSpapaaap, 10346, 0, 0, 0, , 0, 0, 0, 0, 0, 
346, 1, 345, 347, -1, 205, 234, 23.0, 15, MSpapaapp, 9038, 0, 0, 0, , 0, 0, 0, 0, 0, 
347, 0, 346, -1, -1, 192, 240, 24.0, 11, , 2456, 0, 0, 0, , 0, 0, 0, 0, 0, 
348, 0, 347, -1, -1, 204, 258, 23.0, 11, , 2178, 0, 0, 0, , 0, 0, 0, 0, 0, 
349, 1, 348, 350, -1, 165, 319, 14.0, 13, MSpappaa, 4832, 0, 0, 0, , 0, 0, 0, 0, 0, 
350, 1, 349, 351, -1, 152, 230, 17.0, 15, MSpapppp, 2843, 0, 0, 0, , 0, 0, 0, 0, 0, 
351, 1, 350, 352, -1, 176, 219, 19.0, 21, MSpapppa, 11621, 0, 0, 0, , 0, 0, 0, 0, 0, 
352, 1, 351, 353, -1, 250, 233, 28.0, 15, MSpaaappa, 5876, 0, 0, 0, , 0, 0, 0, 0, 0, 
353, 1, 352, 354, -1, 231, 237, 28.0, 15, MSpaaappp, 5931, 0, 0, 0, , 0, 0, 0, 0, 0, 
354, 1, 353, 355, -1, 252, 251, 31.0, 15, MSpaaapaa, 4342, 0, 0, 0, , 0, 0, 0, 0, 0, 
355, 1, 354, 356, -1, 229, 251, 30.0, 13, MSpaaapap, 3494, 0, 0, 0, , 0, 0, 0, 0, 0, 
356, 1, 355, 357, -1, 279, 215, 27.0, 17, MSpaaaapa, 5783, 0, 0, 0, , 0, 0, 0, 0, 0, 
357, 1, 356, 358, -1, 263, 220, 28.0, 15, MSpaaaapp, 3628, 0, 0, 0, , 0, 0, 0, 0, 0, 
358, 1, 357, 359, -1, 271, 221, 31.0, 19, MSpaaaaa, 13958, 0, 0, 0, , 0, 0, 0, 0, 0, 
359, 1, 358, 360, -1, 232, 221, 19.0, 13, ABaraappppa, 5270, 0, 0, 0, , 0, 0, 0, 0, 0, 
360, 1, 359, 361, -1, 235, 223, 22.0, 15, ABaraapppap, 6189, 0, 0, 0, , 0, 0, 0, 0, 0, 
361, 1, 360, 362, -1, 235, 220, 27.0, 13, MSpaapaap, 3889, 0, 0, 0, , 0, 0, 0, 0, 0, 
362, 1, 361, 363, -1, 254, 214, 26.0, 13, MSpaapaaa, 2994, 0, 0, 0, , 0, 0, 0, 0, 0, 
363, 1, 362, 364, -1, 182, 257, 25.0, 21, Earap, 7590, 0, 0, 0, , 0, 0, 0, 0, 0, 
364, 1, 363, 365, -1, 266, 299, 20.0, 11, MSapppaa, 2061, 0, 0, 0, , 0, 0, 0, 0, 0, 
365, 1, 364, 366, -1, 253, 287, 27.0, 15, MSapppap, 4223, 0, 0, 0, , 0, 0, 0, 0, 0, 
366, 1, 365, 367, -1, 246, 281, 30.0, 15, MSappppa, 4203, 0, 0, 0, , 0, 0, 0, 0, 0, 
367, 1, 366, 368, -1, 218, 300, 30.0, 15, MSappppp, 3855, 0, 0, 0, , 0, 0, 0, 0, 0, 
368, 1, 367, 369, -1, 164, 318, 18.0, 13, MSappaap, 5579, 0, 0, 0, , 0, 0, 0, 0, 0, 
369, 1, 368, 370, -1, 234, 297, 22.0, 15, MSappaaa, 3598, 0, 0, 0, , 0, 0, 0, 0, 0, 
370, 1, 369, 371, -1, 239, 300, 19.0, 11, MSappapp, 2690, 0, 0, 0, , 0, 0, 0, 0, 0, 
371, 1, 370, 372, -1, 251, 294, 20.0, 11, MSappapa, 2633, 0, 0, 0, , 0, 0, 0, 0, 0, 
372, 1, 371, 373, -1, 288, 275, 30.0, 19, MSapappa, 21588, 0, 0, 0, , 0, 0, 0, 0, 0, 
373, 1, 372, 374, -1, 280, 263, 31.0, 19, MSapappp, 8060, 0, 0, 0, , 0, 0, 0, 0, 0, 
374, 1, 373, 375, -1, 274, 281, 18.0, 13, MSapapap, 4350, 0, 0, 0, , 0, 0, 0, 0, 0, 
375, 1, 374, 376, -1, 277, 281, 24.0, 17, MSapapaa, 6777, 0, 0, 0, , 0, 0, 0, 0, 0, 
376, 1, 375, 377, -1, 204, 296, 14.0, 17, MSapaapp, 4428, 0, 0, 0, , 0, 0, 0, 0, 0, 
377, 1, 376, 378, -1, 285, 277, 17.0, 13, MSapaapa, 4309, 0, 0, 0, , 0, 0, 0, 0, 0, 
378, 1, 377, 379, -1, 316, 251, 16.0, 15, MSapaaaa, 4709, 0, 0, 0, , 0, 0, 0, 0, 0, 
379, 1, 378, 380, -1, 313, 259, 25.0, 15, MSapaaap, 6657, 0, 0, 0, , 0, 0, 0, 0, 0, 
380, 1, 379, 381, -1, 303, 217, 28.0, 17, MSaaaaapa, 4985, 0, 0, 0, , 0, 0, 0, 0, 0, 
381, 1, 380, 382, -1, 296, 232, 31.0, 17, MSaaaaapp, 6140, 0, 0, 0, , 0, 0, 0, 0, 0, 
382, 1, 381, 383, -1, 323, 217, 25.0, 17, MSaaaaaa, 7120, 0, 0, 0, , 0, 0, 0, 0, 0, 
383, 1, 382, 384, -1, 281, 236, 31.0, 13, MSaaaapaa, 3539, 0, 0, 0, , 0, 0, 0, 0, 0, 
384, 1, 383, 385, -1, 267, 244, 30.0, 13, MSaaaapap, 4289, 0, 0, 0, , 0, 0, 0, 0, 0, 
385, 1, 384, 386, -1, 243, 263, 28.0, 15, MSaaaappp, 8441, 0, 0, 0, , 0, 0, 0, 0, 0, 
386, 1, 385, 387, -1, 260, 259, 29.0, 13, MSaaaappa, 4154, 0, 0, 0, , 0, 0, 0, 0, 0, 
387, 1, 386, 388, -1, 242, 264, 25.0, 15, MSaaapapp, 3092, 0, 0, 0, , 0, 0, 0, 0, 0, 
388, 1, 387, 389, -1, 280, 257, 28.0, 13, MSaaapaap, 3601, 0, 0, 0, , 0, 0, 0, 0, 0, 
389, 0, 388, -1, -1, 301, 245, 27.0, 13, , 2045, 0, 0, 0, , 0, 0, 0, 0, 0, 
390, 1, 389, 391, -1, 227, 274, 27.0, 11, MSaaappa, 3665, 0, 0, 0, , 0, 0, 0, 0, 0, 
391, 1, 390, 392, -1, 226, 266, 30.0, 15, MSaaappp, 4464, 0, 0, 0, , 0, 0, 0, 0, 0, 
392, 1, 391, 393, -1, 183, 316, 16.0, 15, MSaapppp, 5655, 0, 0, 0, , 0, 0, 0, 0, 0, 
393, 1, 392, 394, -1, 206, 317, 18.0, 15, MSaapppa, 4058, 0, 0, 0, , 0, 0, 0, 0, 0, 
394, 1, 393, 395, -1, 237, 277, 16.0, 15, MSaapaaap, 4859, 0, 0, 0, , 0, 0, 0, 0, 0, 
395, 1, 394, 396, -1, 254, 277, 18.0, 15, MSaapaaaa, 4683, 0, 0, 0, , 0, 0, 0, 0, 0, 
396, 1, 395, 397, -1, 209, 278, 17.0, 15, MSaapappp, 3983, 0, 0, 0, , 0, 0, 0, 0, 0, 
397, 1, 396, 398, -1, 233, 278, 18.0, 15, MSaapappa, 6233, 0, 0, 0, , 0, 0, 0, 0, 0, 
398, 1, 397, 399, -1, 219, 280, 20.0, 15, MSaapapa, 6608, 0, 0, 0, , 0, 0, 0, 0, 0, 
399, 1, 398, 400, -1, 198, 284, 20.0, 19, Ealpa, 13809, 0, 0, 0, , 0, 0, 0, 0, 0, 
400, 1, 399, 401, -1, 157, 300, 23.0, 19, Ealpp, 17970, 0, 0, 0, , 0, 0, 0, 0, 0, 
401, 1, 401, 402, -1, 119, 337, 20.0, 21, Cappap, 17750, 0, 0, 0, , 0, 0, 0, 0, 0, 
402, 1, 402, 403, -1, 168, 340, 26.0, 15, Cappaaa, 5315, 0, 0, 0, , 0, 0, 0, 0, 0, 
403, 1, 403, 404, -1, 111, 335, 26.0, 17, Capppa, 7890, 0, 0, 0, , 0, 0, 0, 0, 0, 
404, 1, 404, 405, -1, 100, 321, 16.0, 15, Capppp, 4087, 0, 0, 0, , 0, 0, 0, 0, 0, 
405, 1, 405, 406, -1, 140, 343, 25.0, 21, Capapa, 8698, 0, 0, 0, , 0, 0, 0, 0, 0, 
406, 1, 406, 407, -1, 144, 336, 15.0, 17, Capapp, 9153, 0, 0, 0, , 0, 0, 0, 0, 0, 
407, 1, 407, 408, -1, 157, 341, 19.0, 19, Capaap, 4024, 0, 0, 0, , 0, 0, 0, 0, 0, 
408, 1, 408, 409, -1, 188, 333, 23.0, 19, Capaaa, 9350, 0, 0, 0, , 0, 0, 0, 0, 0, 
409, 1, 409, 410, -1, 85, 286, 30.0, 15, Caaapp, 5334, 0, 0, 0, , 0, 0, 0, 0, 0, 
410, 1, 410, 411, -1, 66, 298, 18.0, 17, Caappd, 3953, 0, 0, 0, , 0, 0, 0, 0, 0, 
411, 1, 411, 412, -1, 74, 323, 14.0, 15, Caappv, 4678, 0, 0, 0, , 0, 0, 0, 0, 0, 
412, 1, 412, 413, -1, 94, 306, 15.0, 13, Caapaa, 3443, 0, 0, 0, , 0, 0, 0, 0, 0, 
413, 1, 413, 414, -1, 72, 311, 22.0, 19, Cpappd, 27382, 0, 0, 0, , 0, 0, 0, 0, 0, 
414, 1, 414, 415, -1, 75, 314, 17.0, 19, Cpappv, 9894, 0, 0, 0, , 0, 0, 0, 0, 0, 
415, 1, 415, 416, -1, 79, 329, 25.0, 21, Cpapaa, 25877, 0, 0, 0, , 0, 0, 0, 0, 0, 
416, 1, 416, 417, -1, 121, 239, 20.0, 17, Cppaap, 12063, 0, 0, 0, , 0, 0, 0, 0, 0, 
417, 1, 417, 418, -1, 133, 227, 22.0, 13, Cppaaap, 2884, 0, 0, 0, , 0, 0, 0, 0, 0, 
418, 1, 418, 419, -1, 160, 214, 24.0, 17, Cppaaaa, 5398, 0, 0, 0, , 0, 0, 0, 0, 0, 
419, 1, 419, 420, -1, 122, 239, 25.0, 15, Cppapaa, 4728, 0, 0, 0, , 0, 0, 0, 0, 0, 
420, 1, 420, 421, -1, 110, 253, 15.0, 17, Cppapp, 7533, 0, 0, 0, , 0, 0, 0, 0, 0, 
421, 1, 421, 422, -1, 127, 246, 30.0, 15, Cpppaap, 5808, 0, 0, 0, , 0, 0, 0, 0, 0, 
422, 1, 422, 423, -1, 143, 223, 27.0, 15, Cpppaaa, 5393, 0, 0, 0, , 0, 0, 0, 0, 0, 
423, 1, 423, 424, -1, 94, 268, 18.0, 13, Cpppapp, 5639, 0, 0, 0, , 0, 0, 0, 0, 0, 
424, 1, 424, 425, -1, 101, 253, 23.0, 13, Cpppapa, 5770, 0, 0, 0, , 0, 0, 0, 0, 0, 
425, 1, 425, 426, -1, 241, 315, 22.0, 15, Daapa, 5596, 0, 0, 0, , 0, 0, 0, 0, 0, 
426, 1, 426, 427, -1, 226, 327, 21.0, 15, Daapp, 5750, 0, 0, 0, , 0, 0, 0, 0, 0, 
427, 1, 427, 428, -1, 253, 300, 24.0, 17, Daaaa, 6275, 0, 0, 0, , 0, 0, 0, 0, 0, 
428, 1, 428, 429, -1, 234, 306, 27.0, 13, Daaap, 4057, 0, 0, 0, , 0, 0, 0, 0, 0, 
429, 1, 429, 430, -1, 200, 314, 30.0, 17, Dappa, 7145, 0, 0, 0, , 0, 0, 0, 0, 0, 
430, 1, 430, 431, -1, 161, 329, 31.0, 17, Dappp, 5442, 0, 0, 0, , 0, 0, 0, 0, 0, 
431, 1, 431, 432, -1, 181, 203, 21.0, 13, Dpapp, 5254, 0, 0, 0, , 0, 0, 0, 0, 0, 
432, 1, 432, 433, -1, 201, 200, 22.0, 17, Dpapa, 4826, 0, 0, 0, , 0, 0, 0, 0, 0, 
433, 1, 433, 434, -1, 206, 213, 28.0, 15, Dpaap, 3819, 0, 0, 0, , 0, 0, 0, 0, 0, 
434, 1, 434, 435, -1, 217, 199, 25.0, 15, Dpaaa, 3754, 0, 0, 0, , 0, 0, 0, 0, 0, 
435, 1, 435, 436, -1, 153, 229, 30.0, 17, Dpppp, 6768, 0, 0, 0, , 0, 0, 0, 0, 0, 
436, 1, 436, 437, -1, 178, 225, 31.0, 19, Dpppa, 12428, 0, 0, 0, , 0, 0, 0, 0, 0, 
437, 1, 437, 438, -1, 187, 208, 25.0, 19, Dppaa, 14860, 0, 0, 0, , 0, 0, 0, 0, 0, 
438, 1, 438, 439, -1, 163, 215, 26.0, 15, Dppap, 8272, 0, 0, 0, , 0, 0, 0, 0, 0, 
439, 1, 439, 440, -1, 157, 248, 16.0, 21, Z2, 65535, 0, 0, 0, , 0, 0, 0, 0, 0, 
440, 0, 440, -1, -1, 380, 244, 24.0, 15, , 7688, 0, 0, 0, , 0, 0, 0, 0, 0, 
441, 1, 441, 442, -1, 319, 295, 24.0, 15, ABalpppappa, 4687, 0, 0, 0, , 0, 0, 0, 0, 0, 
442, 1, 442, 443, -1, 317, 288, 26.0, 19, ABalpppappp, 2976, 0, 0, 0, , 0, 0, 0, 0, 0, 
443, 1, 443, 444, -1, 301, 279, 22.0, 13, ABalpppppaa, 4155, 0, 0, 0, , 0, 0, 0, 0, 0, 
444, 1, 444, 445, -1, 290, 290, 23.0, 15, ABalpppppap, 3294, 0, 0, 0, , 0, 0, 0, 0, 0, 
445, 1, 445, 446, -1, 276, 302, 27.0, 15, ABalppppppa, 4675, 0, 0, 0, , 0, 0, 0, 0, 0, 
446, 1, 446, 447, -1, 291, 315, 25.0, 19, ABalppppppp, 6505, 0, 0, 0, , 0, 0, 0, 0, 0, 
447, 1, 447, 448, -1, 337, 278, 26.0, 11, ABalppppapp, 3133, 0, 0, 0, , 0, 0, 0, 0, 0, 
448, 0, 448, -1, -1, 338, 277, 25.0, 17, , 1923, 0, 0, 0, , 0, 0, 0, 0, 0, 
449, 1, 450, 450, -1, 323, 283, 21.0, 13, ABalppppaav, 4236, 0, 0, 0, , 0, 0, 0, 0, 0, 
450, 0, 450, -1, -1, 318, 282, 25.0, 11, , 1223, 0, 0, 0, , 0, 0, 0, 0, 0, 
451, 1, 451, 452, -1, 341, 284, 17.0, 15, ABalpppaaaa, 4206, 0, 0, 0, , 0, 0, 0, 0, 0, 
452, 1, 452, 453, -1, 329, 283, 14.0, 13, ABalpppaaap, 4101, 0, 0, 0, , 0, 0, 0, 0, 0, 
453, 1, 453, 454, -1, 349, 277, 20.0, 15, ABalpppaapd, 4213, 0, 0, 0, , 0, 0, 0, 0, 0, 
454, 1, 454, 455, -1, 337, 289, 24.0, 13, ABalpppaapv, 4074, 0, 0, 0, , 0, 0, 0, 0, 0, 
455, 1, 455, 456, -1, 326, 293, 17.0, 13, ABalpppapad, 4600, 0, 0, 0, , 0, 0, 0, 0, 0, 
456, 1, 456, 457, -1, 321, 302, 18.0, 13, ABalpppapav, 4168, 0, 0, 0, , 0, 0, 0, 0, 0, 
457, 1, 457, 458, -1, 350, 258, 18.0, 13, ABalaaapalr, 2888, 0, 0, 0, , 0, 0, 0, 0, 0, 
458, 1, 458, 459, -1, 345, 265, 15.0, 11, ABalppaaaa, 5530, 0, 0, 0, , 0, 0, 0, 0, 0, 
459, 1, 459, 461, -1, 338, 269, 13.0, 13, ABalppaaapp, 3035, 0, 0, 0, , 0, 0, 0, 0, 0, 
460, 1, 460, 462, -1, 283, 304, 11.0, 15, ABalppaappp, 5093, 0, 0, 0, , 0, 0, 0, 0, 0, 
461, 1, 461, 463, -1, 313, 277, 10.0, 13, ABalppaapa, 5442, 0, 0, 0, , 0, 0, 0, 0, 0, 
462, 1, 462, 464, -1, 299, 279, 16.0, 15, ABplpaaaaap, 7351, 0, 0, 0, , 0, 0, 0, 0, 0, 
463, 1, 463, 465, -1, 297, 278, 13.0, 13, ABalppapppa, 3826, 0, 0, 0, , 0, 0, 0, 0, 0, 
464, 1, 464, 466, -1, 313, 267, 14.0, 13, ABalppappap, 5854, 0, 0, 0, , 0, 0, 0, 0, 0, 
465, 1, 465, 467, -1, 330, 260, 16.0, 13, ABalppappaa, 4357, 0, 0, 0, , 0, 0, 0, 0, 0, 
466, 1, 466, 468, -1, 298, 267, 10.0, 13, ABalppapapa, 4326, 0, 0, 0, , 0, 0, 0, 0, 0, 
467, 1, 467, 469, -1, 277, 289, 9.0, 15, ABalppapapp, 4915, 0, 0, 0, , 0, 0, 0, 0, 0, 
468, 1, 468, 470, -1, 328, 260, 11.0, 13, ABalppapaaa, 5080, 0, 0, 0, , 0, 0, 0, 0, 0, 
469, 1, 469, 471, -1, 313, 262, 11.0, 11, ABalppapaap, 4183, 0, 0, 0, , 0, 0, 0, 0, 0, 
470, 1, 470, 472, -1, 248, 301, 11.0, 15, ABalpapapap, 7049, 0, 0, 0, , 0, 0, 0, 0, 0, 
471, 1, 471, 473, -1, 260, 283, 10.0, 17, ABalpapapaa, 7382, 0, 0, 0, , 0, 0, 0, 0, 0, 
472, 1, 472, 474, -1, 226, 311, 10.0, 13, ABalpapappa, 6337, 0, 0, 0, , 0, 0, 0, 0, 0, 
473, 1, 473, 475, -1, 220, 315, 13.0, 15, ABalpapappp, 7850, 0, 0, 0, , 0, 0, 0, 0, 0, 
474, 1, 474, 476, -1, 262, 243, 10.0, 19, ABalpapaapp, 6877, 0, 0, 0, , 0, 0, 0, 0, 0, 
475, 1, 475, 477, -1, 283, 242, 9.0, 15, ABalpapaapa, 8645, 0, 0, 0, , 0, 0, 0, 0, 0, 
476, 1, 476, 478, -1, 304, 253, 9.0, 15, ABalpapaaaa, 6983, 0, 0, 0, , 0, 0, 0, 0, 0, 
477, 1, 477, 479, -1, 280, 264, 10.0, 19, ABalpapaaap, 7343, 0, 0, 0, , 0, 0, 0, 0, 0, 
478, 1, 478, 480, -1, 275, 250, 11.0, 19, ABalpappapa, 9341, 0, 0, 0, , 0, 0, 0, 0, 0, 
479, 1, 479, 481, -1, 296, 245, 15.0, 13, ABalpaaaaap, 6387, 0, 0, 0, , 0, 0, 0, 0, 0, 
480, 1, 480, 482, -1, 280, 235, 17.0, 13, ABalpappaaa, 5920, 0, 0, 0, , 0, 0, 0, 0, 0, 
481, 1, 481, 483, -1, 226, 264, 13.0, 15, ABalpappapp, 4992, 0, 0, 0, , 0, 0, 0, 0, 0, 
482, 1, 482, 484, 485, 269, 261, 17.0, 15, ABalpapppa, 8065, 0, 0, 0, , 0, 0, 0, 0, 0, 
483, 1, 483, 486, -1, 304, 249, 17.0, 15, ABalpaaapaa, 3734, 0, 0, 0, , 0, 0, 0, 0, 0, 
484, 1, 484, 487, -1, 296, 259, 21.0, 13, ABalpaaapap, 4267, 0, 0, 0, , 0, 0, 0, 0, 0, 
485, 1, 485, 488, 489, 298, 244, 12.0, 17, ABalpaaaap, 8747, 0, 0, 0, , 0, 0, 0, 0, 0, 
486, 1, 486, 490, -1, 285, 254, 16.0, 17, ABalpappaap, 19227, 0, 0, 0, , 0, 0, 0, 0, 0, 
487, 1, 487, 491, -1, 312, 235, 14.0, 13, ABalpaaaaaa, 5961, 0, 0, 0, , 0, 0, 0, 0, 0, 
488, 1, 488, 492, -1, 338, 227, 14.0, 13, ABalpaapppa, 5634, 0, 0, 0, , 0, 0, 0, 0, 0, 
489, 1, 489, 493, -1, 322, 245, 11.0, 13, ABalpaapppp, 3826, 0, 0, 0, , 0, 0, 0, 0, 0, 
490, 1, 490, 494, -1, 325, 224, 13.0, 15, ABalpaappaa, 3956, 0, 0, 0, , 0, 0, 0, 0, 0, 
491, 1, 491, 495, -1, 315, 233, 11.0, 13, ABalpaappap, 5224, 0, 0, 0, , 0, 0, 0, 0, 0, 
492, 1, 492, 496, -1, 301, 244, 20.0, 13, ABalpaapapa, 3725, 0, 0, 0, , 0, 0, 0, 0, 0, 
493, 1, 493, 497, -1, 315, 241, 21.0, 13, ABalpaapaap, 4920, 0, 0, 0, , 0, 0, 0, 0, 0, 
494, 1, 494, 498, -1, 320, 231, 19.0, 15, ABalpaapaaa, 6241, 0, 0, 0, , 0, 0, 0, 0, 0, 
495, 1, 495, 499, -1, 168, 266, 28.0, 13, Epraa, 4076, 0, 0, 0, , 0, 0, 0, 0, 0, 
496, 0, 496, -1, -1, 157, 288, 28.0, 13, , 2095, 0, 0, 0, , 0, 0, 0, 0, 0, 
497, 1, 497, 501, -1, 203, 251, 26.0, 21, Earaa, 40627, 0, 0, 0, , 0, 0, 0, 0, 0, 
498, 1, 498, 502, -1, 151, 267, 25.0, 21, Earpp, 3105, 0, 0, 0, , 0, 0, 0, 0, 0, 
499, 1, 499, 503, -1, 182, 282, 24.0, 15, Ealap, 3255, 0, 0, 0, , 0, 0, 0, 0, 0, 
500, 1, 500, 504, -1, 208, 275, 25.0, 21, Ealaa, 19335, 0, 0, 0, , 0, 0, 0, 0, 0, 
501, 1, 501, 505, -1, 164, 292, 26.0, 19, Eplaa, 8302, 0, 0, 0, , 0, 0, 0, 0, 0, 
502, 1, 502, 506, -1, 134, 301, 25.0, 19, Eplap, 29724, 0, 0, 0, , 0, 0, 0, 0, 0, 
503, 1, 503, 507, -1, 126, 276, 19.0, 23, Eprpp, 9637, 0, 0, 0, , 0, 0, 0, 0, 0, 
504, 1, 504, 508, -1, 191, 334, 28.0, 15, Dapap, 6049, 0, 0, 0, , 0, 0, 0, 0, 0, 
505, 1, 505, 509, -1, 215, 326, 24.0, 17, Dapaa, 4751, 0, 0, 0, , 0, 0, 0, 0, 0, 
506, 1, 506, 510, -1, 226, 279, 23.0, 15, MSaapaapp, 4887, 0, 0, 0, , 0, 0, 0, 0, 0, 
507, 1, 507, 511, -1, 236, 268, 22.0, 13, MSaapaapa, 2925, 0, 0, 0, , 0, 0, 0, 0, 0, 
508, 1, 508, 512, -1, 165, 207, 32.0, 13, ABarpppapp, 5868, 0, 0, 0, , 0, 0, 0, 0, 0, 
509, 1, 509, 513, -1, 228, 312, 16.0, 13, ABplppaapap, 5602, 0, 0, 0, , 0, 0, 0, 0, 0, 
510, 1, 510, 514, -1, 245, 306, 15.0, 13, ABplppaapaa, 5201, 0, 0, 0, , 0, 0, 0, 0, 0, 
511, 1, 511, 515, -1, 75, 300, 26.0, 19, Cpapap, 7101, 0, 0, 0, , 0, 0, 0, 0, 0, 
512, 1, 512, 516, -1, 341, 243, 17.0, 13, ABalaaaala, 12115, 0, 0, 0, , 0, 0, 0, 0, 0, 
513, 1, 513, 517, -1, 276, 175, 33.0, 15, ABarpappaa, 4305, 0, 0, 0, , 0, 0, 0, 0, 0, 
514, 1, 514, 518, -1, 104, 263, 29.0, 15, Cppppaa, 5863, 0, 0, 0, , 0, 0, 0, 0, 0, 
515, 1, 515, 519, -1, 87, 276, 24.0, 15, Cppppap, 6192, 0, 0, 0, , 0, 0, 0, 0, 0, 
516, 1, 516, 520, -1, 93, 289, 15.0, 15, Cpppppv, 5596, 0, 0, 0, , 0, 0, 0, 0, 0, 
517, 1, 517, 521, -1, 186, 262, 18.0, 19, Earpa, 11886, 0, 0, 0, , 0, 0, 0, 0, 0, 
518, 1, 518, 522, -1, 264, 196, 31.0, 17, MSppappp, 5666, 0, 0, 0, , 0, 0, 0, 0, 0, 
519, 0, 519, -1, -1, 137, 281, 26.0, 19, , 5945, 0, 0, 0, , 0, 0, 0, 0, 0, 
520, 1, 520, 524, -1, 239, 243, 35.0, 17, ABarpaappa, 6695, 0, 0, 0, , 0, 0, 0, 0, 0, 
521, 1, 521, 525, -1, 228, 307, 34.0, 19, ABarppaapa, 5245, 0, 0, 0, , 0, 0, 0, 0, 0, 
522, 1, 522, 526, -1, 124, 298, 16.0, 23, Eplpp, 8057, 0, 0, 0, , 0, 0, 0, 0, 0, 
523, 1, 523, 527, -1, 199, 277, 15.0, 15, MSaappap, 3940, 0, 0, 0, , 0, 0, 0, 0, 0, 
524, 1, 524, 528, -1, 175, 295, 16.0, 21, Z3, 5765, 0, 0, 0, , 0, 0, 0, 0, 0, 
525, 1, 525, 529, -1, 265, 181, 10.0, 13, ABalaapappa, 3609, 0, 0, 0, , 0, 0, 0, 0, 0, 
526, 1, 526, 530, -1, 208, 270, 14.0, 13, MSaappaa, 3775, 0, 0, 0, , 0, 0, 0, 0, 0, 
527, 0, 527, -1, -1, 173, 275, 27.0, 17, , 4333, 0, 0, 0, , 0, 0, 0, 0, 0, 
528, 1, 528, 532, -1, 255, 317, 16.0, 15, ABplppaaaap, 5250, 0, 0, 0, , 0, 0, 0, 0, 0, 
529, 1, 529, 533, -1, 122, 300, 10.0, 13, ABplpppapap, 2385, 0, 0, 0, , 0, 0, 0, 0, 0, 
530, 1, 530, 534, -1, 226, 329, 17.0, 15, ABplppapaaa, 6413, 0, 0, 0, , 0, 0, 0, 0, 0, 
531, 1, 531, 535, -1, 345, 245, 21.0, 15, ABalaaapall, 5503, 0, 0, 0, , 0, 0, 0, 0, 0, 
532, 1, 532, 536, -1, 136, 280, 27.0, 21, Eprap, 2670, 0, 0, 0, , 0, 0, 0, 0, 0, 
533, 1, 533, 537, -1, 269, 192, 16.0, 15, ABprpaaaaaa, 7543, 0, 0, 0, , 0, 0, 0, 0, 0, 
534, 1, 534, 538, -1, 204, 276, 34.0, 15, Cpaaaa, 3662, 0, 0, 0, , 0, 0, 0, 0, 0, 
535, 1, 535, 539, -1, 150, 267, 13.0, 13, MSpappap, 6125, 0, 0, 0, , 0, 0, 0, 0, 0, 
536, 1, 536, 540, -1, 224, 243, 24.0, 13, MSpaapapp, 5145, 0, 0, 0, , 0, 0, 0, 0, 0, 
537, 0, 537, -1, -1, 206, 246, 28.0, 13, , 6188, 0, 0, 0, , 0, 0, 0, 0, 0, 
538, 1, 538, 542, -1, 201, 225, 35.0, 23, ABarpppapa, 8936, 0, 0, 0, , 0, 0, 0, 0, 0, 
539, 1, 539, 543, -1, 83, 284, 21.0, 17, Cpppppd, 5494, 0, 0, 0, , 0, 0, 0, 0, 0, 
540, 1, 540, 544, -1, 256, 295, 29.0, 15, ABplapaaaaa, 5236, 0, 0, 0, , 0, 0, 0, 0, 0, 
541, 1, 400, 545, -1, 129, 304, 21.0, 23, Eplpa, 38768, 0, 0, 0, , 0, 0, 0, 0, 0, 
542, 0, 542, -1, -1, 237, 282, 12.0, 13, , 2039, 0, 0, 0, , 0, 0, 0, 0, 0, 
543, 1, 543, 547, -1, 258, 308, 32.0, 17, ABplapaaaap, 5188, 0, 0, 0, , 0, 0, 0, 0, 0, 
544, 1, 544, 548, -1, 355, 271, 16.0, 13, ABalppaaapa, 1883, 0, 0, 0, , 0, 0, 0, 0, 0, 
545, 1, 545, 549, -1, 249, 261, 14.0, 15, ABalpappppp, 7479, 0, 0, 0, , 0, 0, 0, 0, 0, 
546, 0, 546, -1, -1, 153, 247, 16.0, 15, , 3803, 0, 0, 0, , 0, 0, 0, 0, 0, 
547, 1, 547, 551, -1, 344, 211, 23.0, 13, ABalaaaparr, 3693, 0, 0, 0, , 0, 0, 0, 0, 0, 
548, 1, 548, 552, -1, 348, 231, 23.0, 13, ABalaaaparl, 5179, 0, 0, 0, , 0, 0, 0, 0, 0, 
549, 1, 549, 553, -1, 264, 261, 20.0, 11, ABalpaaappp, 4216, 0, 0, 0, , 0, 0, 0, 0, 0, 
550, 1, 550, 554, -1, 283, 254, 20.0, 13, ABalpaaappa, 9038, 0, 0, 0, , 0, 0, 0, 0, 0, 
551, 0, 551, -1, -1, 206, 275, 24.0, 21, , 6383, 0, 0, 0, , 0, 0, 0, 0, 0, 
552, 1, 552, 556, -1, 209, 253, 9.0, 13, ABprpappapa, 4061, 0, 0, 0, , 0, 0, 0, 0, 0, 
553, 0, 553, -1, -1, 173, 295, 14.0, 19, , 10243, 0, 0, 0, , 0, 0, 0, 0, 0, 
554, 1, 554, 558, -1, 138, 337, 29.0, 15, Cappaap, 6638, 0, 0, 0, , 0, 0, 0, 0, 0, 
555, 1, 555, 559, -1, 268, 255, 13.0, 15, ABalpappppa, 6735, 0, 0, 0, , 0, 0, 0, 0, 0, 
556, 1, 556, 560, -1, 245, 234, 13.0, 17, ABarapapppa, 5020, 0, 0, 0, , 0, 0, 0, 0, 0, 
557, 0, 557, -1, -1, 183, 260, 24.0, 21, , 16294, 0, 0, 0, , 0, 0, 0, 0, 0, 
558, 1, 558, 562, -1, 302, 200, 31.0, 15, ABalapppapp, 1630, 0, 0, 0, , 0, 0, 0, 0, 0, 
559, 0, 559, -1, -1, 206, 244, 9.0, 13, , 3555, 0, 0, 0, , 0, 0, 0, 0, 0, 
560, 1, 560, 564, -1, 223, 244, 21.0, 17, MSpapaapa, 6870, 0, 0, 0, , 0, 0, 0, 0, 0, 
561, 1, 561, 565, -1, 280, 167, 28.0, 17, ABpraapaapp, 6456, 0, 0, 0, , 0, 0, 0, 0, 0, 
562, 1, 562, 566, -1, 307, 179, 29.0, 11, ABalapppppa, 1620, 0, 0, 0, , 0, 0, 0, 0, 0, 
563, 0, 563, -1, -1, 164, 191, 21.0, 13, , 3589, 0, 0, 0, , 0, 0, 0, 0, 0, 
564, 0, 564, -1, -1, 232, 347, 21.0, 15, , 4060, 0, 0, 0, , 0, 0, 0, 0, 0, 
565, 1, 565, 569, -1, 302, 221, 11.0, 13, ABarapaaaaa, 6552, 0, 0, 0, , 0, 0, 0, 0, 0, 
566, 0, 566, -1, -1, 95, 322, 18.0, 15, , 6014, 0, 0, 0, , 0, 0, 0, 0, 0, 
567, 1, 568, 571, -1, 287, 283, 12.0, 15, ABalppapppp, 5191, 0, 0, 0, , 0, 0, 0, 0, 0, 
568, 1, 569, 572, -1, 341, 195, 24.0, 11, ABalaaappll, 3211, 0, 0, 0, , 0, 0, 0, 0, 0, 
569, 0, 570, -1, -1, 181, 286, 23.0, 19, , 15192, 0, 0, 0, , 0, 0, 0, 0, 0, 
570, 1, 419, 574, -1, 116, 245, 25.0, 13, Cppapap, 4220, 0, 0, 0, , 0, 0, 0, 0, 0, 
571, 0, 572, -1, -1, 156, 341, 20.0, 17, , 6810, 0, 0, 0, , 0, 0, 0, 0, 0, 
572, 1, 573, 575, -1, 284, 177, 11.0, 15, ABalaappapp, 2360, 0, 0, 0, , 0, 0, 0, 0, 0, 
573, 1, 574, 576, -1, 124, 276, 23.0, 21, Eprpa, 20279, 0, 0, 0, , 0, 0, 0, 0, 0, 
574, 0, 575, -1, -1, 151, 268, 24.0, 21, , 6283, 0, 0, 0, , 0, 0, 0, 0, 0, 
575, 0, 576, -1, -1, 219, 180, 31.0, 13, , 1255, 0, 0, 0, , 0, 0, 0, 0, 0, 
576, 1, 578, 579, -1, 248, 222, 18.0, 15, ABarapaappp, 4727, 0, 0, 0, , 0, 0, 0, 0, 0, 
577, 1, 587, 580, -1, 313, 275, 20.0, 11, ABalppppaad, 3236, 0, 0, 0, , 0, 0, 0, 0, 0, 
578, 0, -1, -1, -1, 269, 265, 26.0, 11, , 1998, 0, 0, 0, , 0, 0, 0, 0, 0, 
579, 1, 577, 583, -1, 172, 298, 34.0, 17, Cpaaap, 3681, 0, 0, 0, , 0, 0, 0, 0, 0, 
580, 1, 579, 584, -1, 102, 306, 32.0, 15, Cpaapp, 0, 0, 0, 0, , 0, 0, 0, 0, 0, 
581, 1, 580, 585, -1, 129, 297, 33.0, 15, Cpaapa, 0, 0, 0, 0, , 0, 0, 0, 0, 0, 
582, 1, 581, 586, -1, 110, 281, 33.0, 15, Caaapa, 0, 0, 0, 0, , 0, 0, 0, 0, 0, 
583, 1, 343, 587, -1, 226, 230, 16.0, 15, MSpapaaaa, 6676, 0, 0, 0, , 0, 0, 0, 0, 0, 
584, 1, 582, 588, -1, 141, 272, 33.0, 15, Caaaap, 0, 0, 0, 0, , 0, 0, 0, 0, 0, 
585, 1, 583, 589, -1, 197, 307, 33.0, 15, Caaaaa, 1004, 0, 0, 0, , 0, 0, 0, 0, 0, 
586, 1, 584, 590, -1, 90, 305, 12.75, 13, Caapap, 3460, 0, 0, 0, , 0, 0, 0, 0, 0, 
587, 1, 585, 592, -1, 312, 286, 11.4, 14, ABalppaappa, 2703, 0, 0, 0, , 0, 0, 0, 0, 0, 
588, 0, 586, -1, -1, 285, 248, 23.5, 19, , 4788, 0, 0, 0, , 0, 0, 0, 0, 0, 
589, 1, 588, 594, -1, 265, 264, 27.0, 13, MSaaapapa, 0, 0, 0, 0, , 0, 0, 0, 0, 0, 
590, 1, 589, 595, -1, 286, 252, 23.0, 15, ABalpaapapp, 4028, 0, 0, 0, , 0, 0, 0, 0, 0, 
591, 1, 590, 449, -1, 341, 270, 25.166666, 16, ABalppppapa, 3606, 0, 0, 0, , 0, 0, 0, 0, 0, 
592, 1, 591, 596, -1, 325, 229, 29.0, 15, ABalapapapa, 0, 0, 0, 0, , 0, 0, 0, 0, 0, 
593, 1, 592, 597, -1, 340, 218, 26.0, 14, ABalappaap, 3141, 0, 0, 0, , 0, 0, 0, 0, 0, 
594, 1, 593, 598, -1, 300, 247, 27.0, 13, MSaaapaaa, 0, 0, 0, 0, , 0, 0, 0, 0, 0, 
595, 1, 594, 599, -1, 243, 184, 12.0, 13, ABalaapappp, 0, 0, 0, 0, , 0, 0, 0, 0, 0, 
