1, 1, 1, 1, -1, 237, 216, 31.0, 17, ABaraappapp, 7460, 0, 0, 0, , 0, 0, 0, 0, 0, 
2, 1, 2, 2, -1, 278, 215, 29.0, 13, ABaraappapa, 9778, 0, 0, 0, , 0, 0, 0, 0, 0, 
3, 1, 3, 3, -1, 223, 211, 26.0, 17, ABaraapppaa, 16726, 0, 0, 0, , 0, 0, 0, 0, 0, 
4, 1, 4, 4, -1, 218, 226, 21.0, 15, ABaraappppp, 5706, 0, 0, 0, , 0, 0, 0, 0, 0, 
5, 1, 5, 5, -1, 256, 297, 22.0, 15, ABaraapappa, 8547, 0, 0, 0, , 0, 0, 0, 0, 0, 
6, 1, 6, 6, -1, 246, 283, 20.0, 15, ABaraapappp, 6894, 0, 0, 0, , 0, 0, 0, 0, 0, 
7, 1, 7, 7, -1, 253, 296, 29.0, 17, ABaraapapap, 7091, 0, 0, 0, , 0, 0, 0, 0, 0, 
8, 1, 8, 651, -1, 259, 293, 26.0, 15, ABaraapapaa, 7853, 0, 0, 0, , 0, 0, 0, 0, 0, 
9, 1, 9, 8, -1, 300, 234, 27.0, 15, ABaraapaaaa, 8780, 0, 0, 0, , 0, 0, 0, 0, 0, 
10, 1, 10, 9, -1, 297, 244, 29.0, 15, ABaraapaaap, 8582, 0, 0, 0, , 0, 0, 0, 0, 0, 
11, 0, 11, -1, -1, 272, 261, 32.0, 15, , 10051, 0, 0, 0, , 0, 0, 0, 0, 0, 
12, 1, 12, 11, -1, 297, 256, 29.0, 15, ABaraapaapa, 7713, 0, 0, 0, , 0, 0, 0, 0, 0, 
13, 1, 13, 12, -1, 293, 220, 21.0, 13, ABaraaappaa, 2915, 0, 0, 0, , 0, 0, 0, 0, 0, 
14, 1, 14, 13, -1, 307, 214, 16.0, 13, ABaraaapppa, 4036, 0, 0, 0, , 0, 0, 0, 0, 0, 
15, 1, 15, 14, -1, 307, 206, 18.0, 15, ABaraaapppp, 5076, 0, 0, 0, , 0, 0, 0, 0, 0, 
16, 1, 16, 15, -1, 284, 216, 24.0, 15, ABaraaapaaa, 7065, 0, 0, 0, , 0, 0, 0, 0, 0, 
17, 0, 17, -1, -1, 237, 209, 28.0, 19, , 6367, 0, 0, 0, , 0, 0, 0, 0, 0, 
18, 1, 18, 17, -1, 284, 258, 23.0, 15, ABaraaaaaap, 5403, 0, 0, 0, , 0, 0, 0, 0, 0, 
19, 1, 19, 18, -1, 264, 222, 24.0, 13, ABaraaaaapp, 3428, 0, 0, 0, , 0, 0, 0, 0, 0, 
20, 1, 20, 19, -1, 280, 219, 22.0, 13, ABaraaaaapa, 3092, 0, 0, 0, , 0, 0, 0, 0, 0, 
21, 1, 21, 20, -1, 266, 250, 28.0, 11, ABaraaaapp, 3397, 0, 0, 0, , 0, 0, 0, 0, 0, 
22, 1, 22, 21, -1, 295, 234, 24.0, 13, ABaraaaapaa, 8375, 0, 0, 0, , 0, 0, 0, 0, 0, 
23, 1, 23, 22, -1, 208, 262, 20.0, 17, ABalpappapp, 4147, 0, 0, 0, , 0, 0, 0, 0, 0, 
24, 1, 24, 23, -1, 266, 246, 17.0, 11, ABalpappapa, 3471, 0, 0, 0, , 0, 0, 0, 0, 0, 
25, 1, 25, 24, -1, 248, 210, 21.0, 17, ABarapapaap, 7658, 0, 0, 0, , 0, 0, 0, 0, 0, 
26, 1, 26, 25, -1, 242, 237, 15.0, 17, ABprpapppaa, 5190, 0, 0, 0, , 0, 0, 0, 0, 0, 
27, 1, 27, 26, -1, 242, 202, 23.0, 13, ABarapappaa, 7277, 0, 0, 0, , 0, 0, 0, 0, 0, 
28, 0, 28, -1, -1, 271, 231, 17.0, 13, , 5255, 0, 0, 0, , 0, 0, 0, 0, 0, 
29, 1, 29, 28, -1, 280, 231, 14.0, 17, ABarappaapa, 7354, 0, 0, 0, , 0, 0, 0, 0, 0, 
30, 1, 30, 29, -1, 256, 235, 17.0, 11, ABarapaaapp, 7957, 0, 0, 0, , 0, 0, 0, 0, 0, 
31, 0, 31, -1, -1, 253, 224, 18.0, 13, , 10794, 0, 0, 0, , 0, 0, 0, 0, 0, 
32, 1, 32, 31, -1, 264, 224, 19.0, 15, ABarapaaapa, 6225, 0, 0, 0, , 0, 0, 0, 0, 0, 
33, 1, 34, 32, -1, 260, 207, 24.0, 13, ABarapaapap, 7065, 0, 0, 0, , 0, 0, 0, 0, 0, 
34, 1, 35, 33, -1, 254, 229, 27.0, 13, ABarapaapaa, 7599, 0, 0, 0, , 0, 0, 0, 0, 0, 
35, 1, 36, 34, -1, 245, 203, 27.0, 17, ABarapaappa, 19095, 0, 0, 0, , 0, 0, 0, 0, 0, 
36, 1, 37, 35, -1, 264, 221, 11.0, 13, ABarapppapa, 5926, 0, 0, 0, , 0, 0, 0, 0, 0, 
37, 1, 38, 36, -1, 284, 212, 10.0, 15, ABarapppapp, 7861, 0, 0, 0, , 0, 0, 0, 0, 0, 
38, 1, 39, 37, -1, 294, 198, 17.0, 15, ABarapppaaa, 5652, 0, 0, 0, , 0, 0, 0, 0, 0, 
39, 1, 40, 38, -1, 300, 204, 13.0, 11, ABarapppaap, 7954, 0, 0, 0, , 0, 0, 0, 0, 0, 
40, 0, 41, -1, -1, 284, 177, 17.0, 9, , 1297, 0, 0, 0, , 0, 0, 0, 0, 0, 
41, 1, 42, 40, -1, 270, 176, 19.0, 13, ABalaapppap, 2619, 0, 0, 0, , 0, 0, 0, 0, 0, 
42, 1, 43, 41, -1, 267, 215, 14.0, 11, ABarapppppa, 4358, 0, 0, 0, , 0, 0, 0, 0, 0, 
43, 1, 44, 42, -1, 280, 210, 15.0, 13, ABarapppppp, 4431, 0, 0, 0, , 0, 0, 0, 0, 0, 
44, 1, 45, 43, -1, 280, 230, 11.0, 11, ABarappaaap, 7170, 0, 0, 0, , 0, 0, 0, 0, 0, 
45, 1, 46, 44, -1, 284, 215, 17.0, 13, ABarappaaaa, 8289, 0, 0, 0, , 0, 0, 0, 0, 0, 
46, 0, -1, -1, -1, 284, 240, 14.0, 13, , 3554, 0, 0, 0, , 0, 0, 0, 0, 0, 
47, 1, 48, 46, -1, 239, 232, 10.0, 19, ABarappapap, 28711, 0, 0, 0, , 0, 0, 0, 0, 0, 
48, 1, 49, 47, -1, 257, 234, 12.0, 14, ABarappapaa, 6075, 0, 0, 0, , 0, 0, 0, 0, 0, 
49, 1, 50, 48, -1, 207, 229, 11.0, 13, ABarappappp, 5827, 0, 0, 0, , 0, 0, 0, 0, 0, 
50, 1, 51, 49, -1, 191, 244, 14.0, 10, ABprpapppap, 2864, 0, 0, 0, , 0, 0, 0, 0, 0, 
51, 1, 52, 50, -1, 276, 159, 27.0, 15, ABarpapppa, 5343, 0, 0, 0, , 0, 0, 0, 0, 0, 
52, 0, 53, -1, -1, 300, 185, 29.0, 15, , 5259, 0, 0, 0, , 0, 0, 0, 0, 0, 
53, 1, 54, 52, -1, 316, 192, 30.0, 15, ABarpapaaap, 4357, 0, 0, 0, , 0, 0, 0, 0, 0, 
54, 1, 55, 53, -1, 314, 225, 35.0, 19, ABarpapapp, 4037, 0, 0, 0, , 0, 0, 0, 0, 0, 
55, 1, 56, 54, -1, 346, 196, 28.0, 17, ABarpapapa, 11035, 0, 0, 0, , 0, 0, 0, 0, 0, 
56, 1, 57, 55, -1, 322, 191, 35.0, 17, ABarpaapaa, 5558, 0, 0, 0, , 0, 0, 0, 0, 0, 
57, 1, 58, 56, -1, 345, 210, 24.0, 15, ABarpaaaaar, 6020, 0, 0, 0, , 0, 0, 0, 0, 0, 
58, 1, 59, 57, -1, 345, 211, 26.0, 13, ABarpaaaapa, 4426, 0, 0, 0, , 0, 0, 0, 0, 0, 
59, 1, 60, 58, -1, 336, 194, 31.0, 15, ABarpaaapp, 7135, 0, 0, 0, , 0, 0, 0, 0, 0, 
60, 1, 61, 59, -1, 336, 200, 25.0, 13, ABarpaaapaa, 2535, 0, 0, 0, , 0, 0, 0, 0, 0, 
61, 1, 62, 60, -1, 329, 187, 28.0, 13, ABarpaaapap, 2201, 0, 0, 0, , 0, 0, 0, 0, 0, 
62, 1, 63, 61, -1, 280, 331, 24.0, 13, ABarppaaap, 4664, 0, 0, 0, , 0, 0, 0, 0, 0, 
63, 1, 64, 62, -1, 243, 332, 28.0, 15, ABarppaapp, 6777, 0, 0, 0, , 0, 0, 0, 0, 0, 
64, 1, 65, 63, -1, 167, 361, 26.0, 17, ABarppappa, 6962, 0, 0, 0, , 0, 0, 0, 0, 0, 
65, 1, 66, 64, -1, 122, 365, 19.0, 17, ABarppappp, 4931, 0, 0, 0, , 0, 0, 0, 0, 0, 
66, 1, 67, 65, -1, 226, 346, 25.0, 17, ABarppapap, 4788, 0, 0, 0, , 0, 0, 0, 0, 0, 
67, 1, 68, 66, -1, 255, 342, 25.0, 15, ABarppapaa, 4282, 0, 0, 0, , 0, 0, 0, 0, 0, 
68, 1, 69, 67, -1, 120, 220, 27.0, 15, ABarpppppa, 5379, 0, 0, 0, , 0, 0, 0, 0, 0, 
69, 1, 70, 68, -1, 189, 185, 29.0, 15, ABarppppaa, 3727, 0, 0, 0, , 0, 0, 0, 0, 0, 
70, 1, 71, 69, -1, 166, 203, 31.0, 13, ABarppppap, 4624, 0, 0, 0, , 0, 0, 0, 0, 0, 
71, 1, 72, 70, -1, 214, 169, 28.0, 15, ABarpppaap, 4556, 0, 0, 0, , 0, 0, 0, 0, 0, 
72, 1, 73, 71, -1, 315, 211, 24.0, 11, ABalapppaap, 1909, 0, 0, 0, , 0, 0, 0, 0, 0, 
73, 1, 74, 72, -1, 325, 188, 22.0, 11, ABalappppap, 1189, 0, 0, 0, , 0, 0, 0, 0, 0, 
74, 1, 75, 73, -1, 320, 227, 26.0, 11, ABalapppaaa, 2272, 0, 0, 0, , 0, 0, 0, 0, 0, 
75, 1, 76, 74, -1, 315, 211, 27.0, 11, ABalappaaa, 4972, 0, 0, 0, , 0, 0, 0, 0, 0, 
76, 0, 77, -1, -1, 318, 182, 23.0, 9, , 419, 0, 0, 0, , 0, 0, 0, 0, 0, 
77, 0, 78, -1, -1, 316, 181, 24.0, 7, , 351, 0, 0, 0, , 0, 0, 0, 0, 0, 
78, 1, 79, 77, -1, 329, 249, 26.0, 11, ABalapapppa, 1423, 0, 0, 0, , 0, 0, 0, 0, 0, 
79, 1, 80, 78, -1, 347, 247, 26.0, 13, ABalapapppp, 2724, 0, 0, 0, , 0, 0, 0, 0, 0, 
80, 0, 81, -1, -1, 326, 226, 23.0, 11, , 1121, 0, 0, 0, , 0, 0, 0, 0, 0, 
81, 1, 82, 80, -1, 340, 227, 25.0, 13, ABplaaaaaaa, 5283, 0, 0, 0, , 0, 0, 0, 0, 0, 
82, 0, -1, -1, -1, 315, 226, 36.0, 19, , 12976, 0, 0, 0, , 0, 0, 0, 0, 0, 
83, 1, 84, 82, -1, 312, 214, 30.0, 9, ABalapppapa, 1329, 0, 0, 0, , 0, 0, 0, 0, 0, 
84, 1, 85, 83, -1, 321, 280, 28.0, 11, ABalapaaaap, 3020, 0, 0, 0, , 0, 0, 0, 0, 0, 
85, 1, 86, 84, -1, 327, 263, 26.0, 15, ABalapaaaaa, 6441, 0, 0, 0, , 0, 0, 0, 0, 0, 
86, 1, 87, 85, -1, 321, 246, 23.0, 15, ABalaaapall, 3796, 0, 0, 0, , 0, 0, 0, 0, 0, 
87, 1, 88, 86, -1, 331, 260, 23.0, 13, ABalppppapa, 2778, 0, 0, 0, , 0, 0, 0, 0, 0, 
88, 1, 89, 87, -1, 343, 277, 21.0, 14, ABalapaapap, 997, 0, 0, 0, , 0, 0, 0, 0, 0, 
89, 1, 90, 88, -1, 305, 202, 21.0, 15, ABalaapaaal, 9327, 0, 0, 0, , 0, 0, 0, 0, 0, 
90, 1, 91, 89, -1, 284, 196, 12.0, 11, ABalaapapa, 6246, 0, 0, 0, , 0, 0, 0, 0, 0, 
91, 1, 92, 90, -1, 300, 188, 18.0, 15, ABalaapaapa, 3022, 0, 0, 0, , 0, 0, 0, 0, 0, 
92, 1, 93, 91, -1, 309, 191, 14.0, 13, ABalaapaapp, 3235, 0, 0, 0, , 0, 0, 0, 0, 0, 
93, 1, 94, 92, -1, 282, 188, 18.0, 13, ABarappppaa, 4825, 0, 0, 0, , 0, 0, 0, 0, 0, 
94, 1, 95, 93, -1, 261, 167, 17.0, 11, ABalaapppaa, 3737, 0, 0, 0, , 0, 0, 0, 0, 0, 
95, 1, 96, 94, -1, 334, 234, 14.0, 13, ABalaaaalpp, 4249, 0, 0, 0, , 0, 0, 0, 0, 0, 
96, 1, 97, 95, -1, 334, 243, 16.0, 13, ABalaaaalpa, 2900, 0, 0, 0, , 0, 0, 0, 0, 0, 
97, 1, 98, 96, -1, 317, 207, 21.0, 13, ABalaaaarrp, 4569, 0, 0, 0, , 0, 0, 0, 0, 0, 
98, 1, 99, 97, -1, 314, 198, 17.0, 13, ABalaaaarra, 4010, 0, 0, 0, , 0, 0, 0, 0, 0, 
99, 1, 100, 98, -1, 321, 221, 21.0, 13, ABalaaaarlp, 5393, 0, 0, 0, , 0, 0, 0, 0, 0, 
100, 1, 101, 99, -1, 333, 230, 17.0, 13, ABalaaaarla, 10924, 0, 0, 0, , 0, 0, 0, 0, 0, 
101, 1, 102, 100, -1, 322, 197, 18.0, 13, ABalaaapplr, 3863, 0, 0, 0, , 0, 0, 0, 0, 0, 
102, 1, 103, 101, -1, 297, 197, 24.0, 15, ABalaaapprr, 4288, 0, 0, 0, , 0, 0, 0, 0, 0, 
103, 1, 104, 102, -1, 304, 167, 18.0, 13, ABpraaaaapv, 4141, 0, 0, 0, , 0, 0, 0, 0, 0, 
104, 1, 105, 103, -1, 309, 178, 16.0, 13, ABalaaapprl, 3621, 0, 0, 0, , 0, 0, 0, 0, 0, 
105, 1, 106, 104, -1, 324, 210, 28.0, 13, ABalappaap, 2107, 0, 0, 0, , 0, 0, 0, 0, 0, 
106, 1, 107, 105, -1, 149, 300, 12.0, 13, ABplppppapa, 4421, 0, 0, 0, , 0, 0, 0, 0, 0, 
107, 0, 108, -1, -1, 112, 279, 11.0, 7, , 471, 0, 0, 0, , 0, 0, 0, 0, 0, 
108, 1, 109, 107, -1, 133, 295, 12.0, 13, ABplppppapp, 4621, 0, 0, 0, , 0, 0, 0, 0, 0, 
109, 1, 110, 108, -1, 143, 304, 15.0, 13, ABplppppaaa, 4226, 0, 0, 0, , 0, 0, 0, 0, 0, 
110, 1, 111, 109, -1, 134, 300, 16.0, 13, ABplppppaap, 5155, 0, 0, 0, , 0, 0, 0, 0, 0, 
111, 1, 112, 110, -1, 85, 313, 13.0, 13, ABplppppppp, 4146, 0, 0, 0, , 0, 0, 0, 0, 0, 
112, 1, 113, 111, -1, 93, 308, 12.0, 13, ABplppppppa, 3897, 0, 0, 0, , 0, 0, 0, 0, 0, 
113, 1, 114, 112, -1, 128, 332, 18.0, 15, ABplpppppap, 6104, 0, 0, 0, , 0, 0, 0, 0, 0, 
114, 1, 115, 113, -1, 136, 317, 17.0, 13, ABplpppppaa, 5170, 0, 0, 0, , 0, 0, 0, 0, 0, 
115, 1, 116, 114, -1, 126, 313, 10.0, 11, ABplpppapaa, 5035, 0, 0, 0, , 0, 0, 0, 0, 0, 
116, 1, 117, 115, -1, 121, 323, 14.0, 11, ABplpppaapp, 3975, 0, 0, 0, , 0, 0, 0, 0, 0, 
117, 1, 118, 116, -1, 161, 309, 11.0, 15, ABplpppaaaa, 3121, 0, 0, 0, , 0, 0, 0, 0, 0, 
118, 1, 119, 117, -1, 162, 318, 14.0, 15, ABplpppaaap, 6008, 0, 0, 0, , 0, 0, 0, 0, 0, 
119, 1, 120, 118, -1, 166, 306, 14.0, 13, ABplppapppp, 4164, 0, 0, 0, , 0, 0, 0, 0, 0, 
120, 1, 121, 119, -1, 175, 289, 15.0, 13, ABplppapppa, 3830, 0, 0, 0, , 0, 0, 0, 0, 0, 
121, 1, 122, 120, -1, 191, 284, 17.0, 15, ABplppappap, 3927, 0, 0, 0, , 0, 0, 0, 0, 0, 
122, 1, 123, 121, -1, 205, 288, 15.0, 11, ABplppappaa, 1164, 0, 0, 0, , 0, 0, 0, 0, 0, 
123, 1, 124, 122, -1, 187, 293, 15.0, 11, ABplppapapa, 3978, 0, 0, 0, , 0, 0, 0, 0, 0, 
124, 1, 125, 123, -1, 176, 308, 15.0, 13, ABplppapapp, 4973, 0, 0, 0, , 0, 0, 0, 0, 0, 
125, 0, 126, -1, -1, 206, 284, 16.0, 17, , 5956, 0, 0, 0, , 0, 0, 0, 0, 0, 
126, 1, 127, 124, -1, 173, 292, 12.0, 13, ABplppaappp, 5946, 0, 0, 0, , 0, 0, 0, 0, 0, 
127, 1, 128, 125, -1, 250, 247, 14.0, 13, ABplpappaaa, 3234, 0, 0, 0, , 0, 0, 0, 0, 0, 
128, 1, 129, 126, -1, 204, 270, 20.0, 11, MSaappaa, 1853, 0, 0, 0, , 0, 0, 0, 0, 0, 
129, 1, 130, 127, -1, 120, 289, 15.0, 15, ABplpappppp, 3546, 0, 0, 0, , 0, 0, 0, 0, 0, 
130, 1, 131, 128, -1, 140, 281, 16.0, 13, ABplpappppa, 3349, 0, 0, 0, , 0, 0, 0, 0, 0, 
131, 1, 132, 129, -1, 149, 290, 14.0, 13, ABplpapppaa, 3500, 0, 0, 0, , 0, 0, 0, 0, 0, 
132, 1, 133, 130, -1, 137, 264, 15.0, 13, ABplpapppap, 3790, 0, 0, 0, , 0, 0, 0, 0, 0, 
133, 1, 134, 131, -1, 219, 285, 13.0, 11, ABplpapappa, 3224, 0, 0, 0, , 0, 0, 0, 0, 0, 
134, 1, 135, 132, -1, 171, 274, 15.0, 13, ABplpapappp, 2431, 0, 0, 0, , 0, 0, 0, 0, 0, 
135, 1, 136, 133, -1, 249, 284, 14.0, 13, ABplpapapap, 6277, 0, 0, 0, , 0, 0, 0, 0, 0, 
136, 1, 137, 134, -1, 246, 281, 16.0, 13, ABplpapapaa, 8832, 0, 0, 0, , 0, 0, 0, 0, 0, 
137, 1, 138, 135, -1, 268, 264, 13.0, 11, ABplpapaapa, 2668, 0, 0, 0, , 0, 0, 0, 0, 0, 
138, 1, 139, 136, -1, 267, 277, 12.0, 13, ABplpapaapp, 4239, 0, 0, 0, , 0, 0, 0, 0, 0, 
139, 1, 140, 137, -1, 248, 270, 12.0, 13, ABplpapaaap, 3883, 0, 0, 0, , 0, 0, 0, 0, 0, 
140, 1, 141, 138, -1, 257, 265, 15.0, 13, ABplpapaaaa, 3612, 0, 0, 0, , 0, 0, 0, 0, 0, 
141, 1, 142, 139, -1, 198, 303, 16.0, 11, ABplppapaap, 3920, 0, 0, 0, , 0, 0, 0, 0, 0, 
142, 0, -1, -1, -1, 229, 270, 13.0, 11, , 3618, 0, 0, 0, , 0, 0, 0, 0, 0, 
143, 1, 144, 141, -1, 316, 275, 17.0, 13, ABplpaaaaaa, 7672, 0, 0, 0, , 0, 0, 0, 0, 0, 
144, 1, 145, 142, -1, 306, 271, 15.0, 13, ABplpaaappa, 5158, 0, 0, 0, , 0, 0, 0, 0, 0, 
145, 1, 146, 143, -1, 315, 254, 13.0, 11, ABplpaaapaa, 2731, 0, 0, 0, , 0, 0, 0, 0, 0, 
146, 0, 147, -1, -1, 296, 286, 18.0, 9, , 707, 0, 0, 0, , 0, 0, 0, 0, 0, 
147, 1, 148, 145, -1, 283, 321, 20.0, 13, ABplpaappap, 6495, 0, 0, 0, , 0, 0, 0, 0, 0, 
148, 1, 149, 146, -1, 272, 309, 20.0, 13, ABplpaappaa, 4225, 0, 0, 0, , 0, 0, 0, 0, 0, 
149, 1, 150, 147, -1, 289, 277, 15.0, 15, ABplpaaappp, 5675, 0, 0, 0, , 0, 0, 0, 0, 0, 
150, 1, 151, 148, -1, 308, 271, 11.0, 17, ABplpaapapp, 18231, 0, 0, 0, , 0, 0, 0, 0, 0, 
151, 1, 152, 149, -1, 285, 266, 11.0, 15, ABplpaapppp, 5333, 0, 0, 0, , 0, 0, 0, 0, 0, 
152, 1, 153, 150, -1, 287, 310, 18.0, 15, ABplpaapaap, 6623, 0, 0, 0, , 0, 0, 0, 0, 0, 
153, 1, 154, 151, -1, 311, 282, 21.0, 13, ABplpaapaaa, 6308, 0, 0, 0, , 0, 0, 0, 0, 0, 
154, 1, 155, 152, -1, 354, 273, 17.0, 13, ABplpaapapa, 5903, 0, 0, 0, , 0, 0, 0, 0, 0, 
155, 0, 156, -1, -1, 266, 318, 14.0, 15, , 2512, 0, 0, 0, , 0, 0, 0, 0, 0, 
156, 1, 157, 154, -1, 246, 327, 15.0, 17, ABplaapppp, 5608, 0, 0, 0, , 0, 0, 0, 0, 0, 
157, 1, 158, 155, -1, 345, 211, 20.0, 15, ABplaapaaaa, 5148, 0, 0, 0, , 0, 0, 0, 0, 0, 
158, 1, 159, 156, -1, 352, 227, 22.0, 13, ABplaapaaap, 7093, 0, 0, 0, , 0, 0, 0, 0, 0, 
159, 1, 160, 157, -1, 347, 263, 22.0, 11, ABplaapaapa, 4917, 0, 0, 0, , 0, 0, 0, 0, 0, 
160, 1, 161, 158, -1, 335, 283, 22.0, 15, ABplaapaapp, 7272, 0, 0, 0, , 0, 0, 0, 0, 0, 
161, 1, 162, 159, -1, 298, 313, 26.0, 15, ABplaapappp, 6186, 0, 0, 0, , 0, 0, 0, 0, 0, 
162, 1, 163, 160, -1, 296, 296, 27.0, 13, ABplaapappa, 4371, 0, 0, 0, , 0, 0, 0, 0, 0, 
163, 1, 164, 161, -1, 273, 314, 26.0, 13, ABplaapapap, 3609, 0, 0, 0, , 0, 0, 0, 0, 0, 
164, 1, 165, 162, -1, 280, 306, 24.0, 15, ABplaapapaa, 5884, 0, 0, 0, , 0, 0, 0, 0, 0, 
165, 1, 166, 163, -1, 327, 249, 30.0, 17, ABplaaaaapp, 4687, 0, 0, 0, , 0, 0, 0, 0, 0, 
166, 1, 167, 164, -1, 311, 269, 28.0, 17, MSapaaap, 4746, 0, 0, 0, , 0, 0, 0, 0, 0, 
167, 1, 168, 165, -1, 349, 227, 27.0, 13, ABarpaaaapp, 3305, 0, 0, 0, , 0, 0, 0, 0, 0, 
168, 1, 169, 166, -1, 341, 239, 29.0, 11, ABplaaaaaap, 2284, 0, 0, 0, , 0, 0, 0, 0, 0, 
169, 1, 170, 167, -1, 334, 223, 34.0, 15, ABplaaaapp, 6043, 0, 0, 0, , 0, 0, 0, 0, 0, 
170, 0, 171, -1, -1, 339, 282, 28.0, 15, , 4552, 0, 0, 0, , 0, 0, 0, 0, 0, 
171, 1, 172, 169, -1, 320, 300, 28.0, 19, ABplaaappp, 12648, 0, 0, 0, , 0, 0, 0, 0, 0, 
172, 1, 173, 170, -1, 354, 268, 25.0, 19, ABplaaapap, 4247, 0, 0, 0, , 0, 0, 0, 0, 0, 
173, 1, 174, 171, -1, 355, 248, 23.0, 13, ABplaaapaa, 5537, 0, 0, 0, , 0, 0, 0, 0, 0, 
174, 1, 175, 172, -1, 141, 311, 10.0, 13, ABplappppa, 3482, 0, 0, 0, , 0, 0, 0, 0, 0, 
175, 1, 176, 173, -1, 92, 330, 12.0, 13, ABplappppp, 6302, 0, 0, 0, , 0, 0, 0, 0, 0, 
176, 1, 177, 174, -1, 124, 351, 16.0, 13, ABplapppaaa, 3622, 0, 0, 0, , 0, 0, 0, 0, 0, 
177, 1, 178, 175, -1, 108, 332, 13.0, 13, ABplapppapp, 2040, 0, 0, 0, , 0, 0, 0, 0, 0, 
178, 1, 179, 176, -1, 105, 335, 11.0, 11, ABplapppapa, 3673, 0, 0, 0, , 0, 0, 0, 0, 0, 
179, 1, 180, 177, -1, 209, 339, 20.0, 17, ABplappaaa, 8650, 0, 0, 0, , 0, 0, 0, 0, 0, 
180, 1, 181, 178, -1, 187, 343, 19.0, 15, ABplappaap, 10001, 0, 0, 0, , 0, 0, 0, 0, 0, 
181, 1, 182, 179, -1, 168, 346, 18.0, 15, ABplappapp, 8877, 0, 0, 0, , 0, 0, 0, 0, 0, 
182, 1, 183, 180, -1, 191, 353, 26.0, 15, ABplappapa, 7298, 0, 0, 0, , 0, 0, 0, 0, 0, 
183, 1, 184, 181, -1, 223, 330, 16.0, 15, ABplapaapp, 9024, 0, 0, 0, , 0, 0, 0, 0, 0, 
184, 1, 185, 182, -1, 237, 300, 10.0, 15, ABplapaapa, 10457, 0, 0, 0, , 0, 0, 0, 0, 0, 
185, 1, 186, 183, -1, 307, 292, 32.0, 13, ABarppaaaa, 4141, 0, 0, 0, , 0, 0, 0, 0, 0, 
186, 1, 187, 184, -1, 246, 330, 23.0, 15, ABplapaaapp, 6259, 0, 0, 0, , 0, 0, 0, 0, 0, 
187, 1, 188, 185, -1, 107, 364, 18.0, 11, ABplapapppa, 3144, 0, 0, 0, , 0, 0, 0, 0, 0, 
188, 1, 189, 186, -1, 96, 340, 15.0, 17, ABplapapppp, 4551, 0, 0, 0, , 0, 0, 0, 0, 0, 
189, 1, 190, 187, -1, 151, 353, 16.0, 17, ABplapapap, 6214, 0, 0, 0, , 0, 0, 0, 0, 0, 
190, 1, 191, 188, -1, 142, 341, 12.0, 15, ABplapappa, 6095, 0, 0, 0, , 0, 0, 0, 0, 0, 
191, 1, 192, 189, -1, 146, 368, 22.0, 17, ABplapapaa, 8095, 0, 0, 0, , 0, 0, 0, 0, 0, 
192, 1, 193, 190, -1, 235, 228, 14.0, 15, ABprpapaaaa, 2770, 0, 0, 0, , 0, 0, 0, 0, 0, 
193, 1, 194, 191, -1, 239, 214, 13.0, 13, ABprpapaapp, 2183, 0, 0, 0, , 0, 0, 0, 0, 0, 
194, 1, 195, 192, -1, 203, 238, 14.0, 13, ABprpapappa, 3552, 0, 0, 0, , 0, 0, 0, 0, 0, 
195, 1, 196, 193, -1, 163, 287, 14.0, 13, ABprpapappp, 2833, 0, 0, 0, , 0, 0, 0, 0, 0, 
196, 1, 197, 685, -1, 215, 227, 13.0, 13, ABprpapapap, 6277, 0, 0, 0, , 0, 0, 0, 0, 0, 
197, 1, 198, 194, -1, 216, 230, 15.0, 15, ABprpapapaa, 5689, 0, 0, 0, , 0, 0, 0, 0, 0, 
198, 0, 199, -1, -1, 105, 307, 19.0, 17, , 16092, 0, 0, 0, , 0, 0, 0, 0, 0, 
199, 1, 200, 196, -1, 114, 276, 18.0, 15, ABprpappppa, 4419, 0, 0, 0, , 0, 0, 0, 0, 0, 
200, 1, 201, 197, -1, 187, 277, 14.0, 14, ABprpappapp, 2940, 0, 0, 0, , 0, 0, 0, 0, 0, 
201, 1, 202, 198, -1, 233, 252, 11.0, 13, ABprpappaap, 3966, 0, 0, 0, , 0, 0, 0, 0, 0, 
202, 1, 203, 199, -1, 267, 237, 13.0, 9, ABprpappaaa, 785, 0, 0, 0, , 0, 0, 0, 0, 0, 
203, 1, 204, 200, -1, 234, 183, 16.0, 13, ABprpaaaaap, 6610, 0, 0, 0, , 0, 0, 0, 0, 0, 
204, 1, 205, 201, -1, 251, 179, 19.0, 15, ABpraaappaa, 6033, 0, 0, 0, , 0, 0, 0, 0, 0, 
205, 1, 206, 202, -1, 175, 257, 13.0, 13, ABprpaaaapp, 6159, 0, 0, 0, , 0, 0, 0, 0, 0, 
206, 1, 207, 203, -1, 218, 246, 10.0, 19, ABprpaaaapa, 30104, 0, 0, 0, , 0, 0, 0, 0, 0, 
207, 1, 208, 204, -1, 269, 190, 17.0, 15, ABprpaaaaaa, 6388, 0, 0, 0, , 0, 0, 0, 0, 0, 
208, 1, 209, 205, -1, 252, 220, 14.0, 13, ABprpapaapa, 3648, 0, 0, 0, , 0, 0, 0, 0, 0, 
209, 1, 210, 206, -1, 249, 201, 16.0, 9, ABprpaaappp, 5300, 0, 0, 0, , 0, 0, 0, 0, 0, 
210, 1, 211, 207, -1, 283, 196, 14.0, 11, ABprpaaapaa, 5998, 0, 0, 0, , 0, 0, 0, 0, 0, 
211, 1, 212, 208, -1, 263, 185, 13.0, 15, ABprpaaapap, 5387, 0, 0, 0, , 0, 0, 0, 0, 0, 
212, 1, 213, 209, -1, 224, 174, 17.0, 13, ABprpaapaap, 5965, 0, 0, 0, , 0, 0, 0, 0, 0, 
213, 1, 214, 210, -1, 297, 158, 21.0, 15, ABprpaapapa, 6237, 0, 0, 0, , 0, 0, 0, 0, 0, 
214, 1, 215, 211, -1, 265, 191, 11.0, 13, ABprpaapapp, 7174, 0, 0, 0, , 0, 0, 0, 0, 0, 
215, 1, 216, 212, -1, 259, 207, 11.0, 13, ABprpaapppp, 4836, 0, 0, 0, , 0, 0, 0, 0, 0, 
216, 1, 217, 213, -1, 214, 179, 19.0, 13, ABprpaappap, 4949, 0, 0, 0, , 0, 0, 0, 0, 0, 
217, 1, 218, 214, -1, 230, 182, 19.0, 13, ABprpaappaa, 4400, 0, 0, 0, , 0, 0, 0, 0, 0, 
218, 1, 219, 654, -1, 95, 253, 13.0, 13, ABprpppaapp, 4777, 0, 0, 0, , 0, 0, 0, 0, 0, 
219, 1, 220, 216, -1, 98, 261, 17.0, 15, ABprpppaapa, 3866, 0, 0, 0, , 0, 0, 0, 0, 0, 
220, 1, 221, 217, -1, 133, 241, 16.0, 15, ABprpppaaap, 6644, 0, 0, 0, , 0, 0, 0, 0, 0, 
221, 1, 222, 218, -1, 139, 253, 13.0, 17, ABprpppaaaa, 7006, 0, 0, 0, , 0, 0, 0, 0, 0, 
222, 1, 223, 219, -1, 107, 265, 12.0, 13, ABprpppapaa, 4704, 0, 0, 0, , 0, 0, 0, 0, 0, 
223, 1, 224, 220, -1, 98, 286, 10.0, 15, ABprpppapap, 3942, 0, 0, 0, , 0, 0, 0, 0, 0, 
224, 0, 225, -1, -1, 116, 302, 9.0, 11, , 1914, 0, 0, 0, , 0, 0, 0, 0, 0, 
225, 1, 226, 222, -1, 137, 260, 11.0, 17, ABprppppapa, 8461, 0, 0, 0, , 0, 0, 0, 0, 0, 
226, 1, 227, 223, -1, 127, 275, 12.0, 13, ABprppppapp, 4515, 0, 0, 0, , 0, 0, 0, 0, 0, 
227, 1, 228, 224, -1, 127, 265, 17.0, 13, ABprppppaaa, 4269, 0, 0, 0, , 0, 0, 0, 0, 0, 
228, 1, 229, 225, -1, 121, 272, 16.0, 13, ABprppppaap, 4486, 0, 0, 0, , 0, 0, 0, 0, 0, 
229, 1, 230, 226, -1, 90, 292, 12.0, 13, ABprppppppa, 4901, 0, 0, 0, , 0, 0, 0, 0, 0, 
230, 1, 231, 227, -1, 118, 254, 19.0, 13, ABprpppppaa, 4541, 0, 0, 0, , 0, 0, 0, 0, 0, 
231, 1, 232, 228, -1, 100, 262, 20.0, 11, ABprpppppap, 5356, 0, 0, 0, , 0, 0, 0, 0, 0, 
232, 1, 233, 229, -1, 219, 207, 13.0, 13, ABprppaapap, 5206, 0, 0, 0, , 0, 0, 0, 0, 0, 
233, 0, 234, -1, -1, 215, 219, 10.0, 13, , 7660, 0, 0, 0, , 0, 0, 0, 0, 0, 
234, 1, 235, 231, -1, 199, 256, 15.0, 13, ABprppaappa, 3091, 0, 0, 0, , 0, 0, 0, 0, 0, 
235, 1, 236, 232, -1, 163, 268, 13.0, 13, ABprppaappp, 5288, 0, 0, 0, , 0, 0, 0, 0, 0, 
236, 1, 237, 233, -1, 229, 193, 13.0, 15, ABprppaaaaa, 11727, 0, 0, 0, , 0, 0, 0, 0, 0, 
237, 1, 238, 234, -1, 213, 189, 15.0, 15, ABprppaaaap, 6898, 0, 0, 0, , 0, 0, 0, 0, 0, 
238, 1, 240, 235, -1, 187, 232, 13.0, 15, ABprppapaaa, 4980, 0, 0, 0, , 0, 0, 0, 0, 0, 
239, 1, 241, 236, -1, 177, 249, 17.0, 13, ABprppapaap, 4206, 0, 0, 0, , 0, 0, 0, 0, 0, 
240, 1, 242, 237, -1, 169, 264, 17.0, 13, ABprppapapa, 3046, 0, 0, 0, , 0, 0, 0, 0, 0, 
241, 1, 243, 238, -1, 156, 254, 17.0, 11, ABprppapapp, 3404, 0, 0, 0, , 0, 0, 0, 0, 0, 
242, 1, 244, 239, -1, 158, 272, 16.0, 13, ABprppapppa, 3879, 0, 0, 0, , 0, 0, 0, 0, 0, 
243, 1, 245, 240, -1, 145, 256, 16.0, 13, ABprppapppp, 3352, 0, 0, 0, , 0, 0, 0, 0, 0, 
244, 1, 246, 241, -1, 185, 251, 16.0, 13, ABprppappaa, 3583, 0, 0, 0, , 0, 0, 0, 0, 0, 
245, 1, 247, 242, -1, 183, 268, 17.0, 13, ABprppappap, 3222, 0, 0, 0, , 0, 0, 0, 0, 0, 
246, 1, 248, 243, -1, 339, 198, 20.0, 13, ABpraapaaaa, 5457, 0, 0, 0, , 0, 0, 0, 0, 0, 
247, 1, 249, 244, -1, 327, 193, 26.0, 13, ABarpapaaaa, 4084, 0, 0, 0, , 0, 0, 0, 0, 0, 
248, 1, 250, 245, -1, 337, 185, 21.0, 13, ABpraapaaap, 4282, 0, 0, 0, , 0, 0, 0, 0, 0, 
249, 1, 251, 246, -1, 292, 170, 22.0, 13, ABpraapaapa, 4800, 0, 0, 0, , 0, 0, 0, 0, 0, 
250, 1, 252, 247, -1, 227, 183, 28.0, 15, ABpraapapap, 5225, 0, 0, 0, , 0, 0, 0, 0, 0, 
251, 1, 253, 248, -1, 229, 186, 25.0, 15, ABpraapapaa, 5611, 0, 0, 0, , 0, 0, 0, 0, 0, 
252, 1, 254, 665, -1, 238, 166, 26.0, 15, ABpraapappp, 6917, 0, 0, 0, , 0, 0, 0, 0, 0, 
253, 1, 255, 250, -1, 243, 186, 28.0, 13, ABpraapappa, 5147, 0, 0, 0, , 0, 0, 0, 0, 0, 
254, 1, 256, 251, -1, 190, 192, 17.0, 19, ABpraapppp, 5035, 0, 0, 0, , 0, 0, 0, 0, 0, 
255, 1, 257, 252, -1, 279, 189, 9.0, 17, ABpraappaa, 6806, 0, 0, 0, , 0, 0, 0, 0, 0, 
256, 1, 258, 253, -1, 291, 181, 24.0, 15, ABpraaapapa, 4357, 0, 0, 0, , 0, 0, 0, 0, 0, 
257, 1, 259, 254, -1, 304, 179, 22.0, 11, ABpraaapapp, 4005, 0, 0, 0, , 0, 0, 0, 0, 0, 
258, 1, 260, 255, -1, 259, 183, 25.0, 13, ABpraaapaad, 3336, 0, 0, 0, , 0, 0, 0, 0, 0, 
259, 1, 261, 256, -1, 273, 175, 24.0, 11, ABpraaapaav, 4277, 0, 0, 0, , 0, 0, 0, 0, 0, 
260, 1, 262, 257, -1, 244, 178, 22.0, 13, ABpraaappap, 4391, 0, 0, 0, , 0, 0, 0, 0, 0, 
261, 1, 263, 258, -1, 227, 169, 23.0, 13, ABpraaapppa, 3758, 0, 0, 0, , 0, 0, 0, 0, 0, 
262, 1, 264, 259, -1, 315, 168, 19.0, 13, ABpraaaaapd, 4443, 0, 0, 0, , 0, 0, 0, 0, 0, 
263, 1, 265, 260, -1, 280, 167, 16.0, 13, ABpraaaaaaa, 4778, 0, 0, 0, , 0, 0, 0, 0, 0, 
264, 1, 266, 261, -1, 295, 181, 12.0, 13, ABpraaaaaap, 5344, 0, 0, 0, , 0, 0, 0, 0, 0, 
265, 1, 267, 262, -1, 253, 175, 16.0, 13, ABpraaaapav, 4728, 0, 0, 0, , 0, 0, 0, 0, 0, 
266, 1, 268, 263, -1, 280, 170, 14.0, 15, ABpraaaapad, 32297, 0, 0, 0, , 0, 0, 0, 0, 0, 
267, 1, 269, 264, -1, 257, 167, 25.0, 11, ABpraaaappa, 3505, 0, 0, 0, , 0, 0, 0, 0, 0, 
268, 1, 270, 265, -1, 261, 175, 28.0, 17, ABpraaaappp, 4596, 0, 0, 0, , 0, 0, 0, 0, 0, 
269, 1, 271, 266, -1, 126, 228, 21.0, 15, ABprappapp, 9223, 0, 0, 0, , 0, 0, 0, 0, 0, 
270, 1, 272, 267, -1, 143, 210, 28.0, 15, ABprappapa, 7241, 0, 0, 0, , 0, 0, 0, 0, 0, 
271, 1, 273, 268, -1, 143, 219, 22.0, 15, ABprappaap, 8138, 0, 0, 0, , 0, 0, 0, 0, 0, 
272, 1, 274, 269, -1, 161, 214, 23.0, 15, ABprappaaa, 9831, 0, 0, 0, , 0, 0, 0, 0, 0, 
273, 1, 275, 270, -1, 76, 246, 17.0, 11, ABprapppaap, 5011, 0, 0, 0, , 0, 0, 0, 0, 0, 
274, 1, 276, 271, -1, 89, 247, 16.0, 13, ABprapppaaa, 4076, 0, 0, 0, , 0, 0, 0, 0, 0, 
275, 1, 277, 272, -1, 90, 268, 15.0, 13, ABprapppapp, 3209, 0, 0, 0, , 0, 0, 0, 0, 0, 
276, 1, 278, 273, -1, 81, 262, 11.0, 11, ABprapppapa, 3966, 0, 0, 0, , 0, 0, 0, 0, 0, 
277, 1, 279, 274, -1, 75, 274, 12.0, 17, ABprappppp, 7288, 0, 0, 0, , 0, 0, 0, 0, 0, 
278, 1, 280, 275, -1, 119, 262, 10.0, 19, ABprappppa, 7547, 0, 0, 0, , 0, 0, 0, 0, 0, 
279, 1, 281, 276, -1, 205, 184, 24.0, 15, ABprapaaapa, 12208, 0, 0, 0, , 0, 0, 0, 0, 0, 
280, 1, 282, 277, -1, 190, 196, 25.0, 14, ABprapaaapp, 4176, 0, 0, 0, , 0, 0, 0, 0, 0, 
281, 1, 283, 278, -1, 229, 182, 31.0, 15, ABprapaaaap, 6638, 0, 0, 0, , 0, 0, 0, 0, 0, 
282, 1, 284, 279, -1, 172, 207, 19.0, 15, ABprapaapp, 7571, 0, 0, 0, , 0, 0, 0, 0, 0, 
283, 1, 285, 280, -1, 200, 220, 11.0, 15, ABprapaapa, 7622, 0, 0, 0, , 0, 0, 0, 0, 0, 
284, 1, 286, 281, -1, 106, 237, 13.0, 15, ABprapappa, 6940, 0, 0, 0, , 0, 0, 0, 0, 0, 
285, 1, 287, 282, -1, 74, 266, 16.0, 15, ABprapapppp, 4013, 0, 0, 0, , 0, 0, 0, 0, 0, 
286, 1, 288, 283, -1, 75, 244, 19.0, 11, ABprapapppa, 4049, 0, 0, 0, , 0, 0, 0, 0, 0, 
287, 1, 289, 284, -1, 111, 228, 18.0, 15, ABprapapap, 7381, 0, 0, 0, , 0, 0, 0, 0, 0, 
288, 1, 290, 285, -1, 95, 234, 25.0, 17, ABprapapaa, 8903, 0, 0, 0, , 0, 0, 0, 0, 0, 
289, 1, 291, 286, -1, 246, 197, 32.0, 13, MSppppap, 3315, 0, 0, 0, , 0, 0, 0, 0, 0, 
290, 1, 292, 287, -1, 231, 194, 22.0, 11, MSppppaa, 2354, 0, 0, 0, , 0, 0, 0, 0, 0, 
291, 1, 293, 288, -1, 275, 208, 35.0, 17, MSpppppa, 10609, 0, 0, 0, , 0, 0, 0, 0, 0, 
292, 1, 294, 289, -1, 232, 218, 34.0, 17, MSpppppp, 3940, 0, 0, 0, , 0, 0, 0, 0, 0, 
293, 1, 295, 290, -1, 264, 196, 31.0, 15, MSpppaaa, 4427, 0, 0, 0, , 0, 0, 0, 0, 0, 
294, 1, 296, 291, -1, 128, 252, 26.0, 15, MSpppaap, 3239, 0, 0, 0, , 0, 0, 0, 0, 0, 
295, 1, 297, 292, -1, 228, 226, 13.0, 13, ABprpapaaap, 2933, 0, 0, 0, , 0, 0, 0, 0, 0, 
296, 1, 298, 293, -1, 139, 285, 20.0, 15, MSppaapp, 10185, 0, 0, 0, , 0, 0, 0, 0, 0, 
297, 1, 299, 294, -1, 258, 192, 24.0, 11, MSppaapa, 2451, 0, 0, 0, , 0, 0, 0, 0, 0, 
298, 1, 704, 295, -1, 270, 204, 21.0, 11, MSppaaaad, 2699, 0, 0, 0, , 0, 0, 0, 0, 0, 
299, 0, 301, -1, -1, 285, 188, 30.0, 11, , 2310, 0, 0, 0, , 0, 0, 0, 0, 0, 
300, 1, 302, 297, -1, 200, 201, 28.0, 15, MSppapaa, 3509, 0, 0, 0, , 0, 0, 0, 0, 0, 
301, 1, 303, 298, -1, 252, 192, 20.0, 11, MSppapap, 1197, 0, 0, 0, , 0, 0, 0, 0, 0, 
302, 1, 304, 299, -1, 194, 257, 21.0, 13, MSpapappp, 3472, 0, 0, 0, , 0, 0, 0, 0, 0, 
303, 1, 305, 300, -1, 210, 245, 22.0, 15, MSpapapaa, 5041, 0, 0, 0, , 0, 0, 0, 0, 0, 
304, 1, 306, 301, -1, 206, 234, 19.0, 15, MSpapaaap, 4769, 0, 0, 0, , 0, 0, 0, 0, 0, 
305, 1, 307, 302, -1, 196, 234, 25.0, 13, MSpapaapp, 5414, 0, 0, 0, , 0, 0, 0, 0, 0, 
306, 1, 308, 303, -1, 172, 326, 19.0, 13, MSpappaa, 5188, 0, 0, 0, , 0, 0, 0, 0, 0, 
307, 1, 309, 304, -1, 168, 241, 20.0, 13, MSpappppa, 2913, 0, 0, 0, , 0, 0, 0, 0, 0, 
308, 1, 310, 305, -1, 151, 243, 22.0, 13, MSpappppp, 4343, 0, 0, 0, , 0, 0, 0, 0, 0, 
309, 1, 311, 306, -1, 232, 247, 34.0, 17, MSpaaappp, 4321, 0, 0, 0, , 0, 0, 0, 0, 0, 
310, 1, 312, 307, -1, 242, 268, 31.0, 13, MSpaaapaa, 4000, 0, 0, 0, , 0, 0, 0, 0, 0, 
311, 1, 313, 308, -1, 217, 258, 32.0, 11, MSpaaapap, 4210, 0, 0, 0, , 0, 0, 0, 0, 0, 
312, 1, 314, 309, -1, 277, 221, 32.0, 19, MSpaaaapa, 5947, 0, 0, 0, , 0, 0, 0, 0, 0, 
313, 1, 315, 310, -1, 257, 224, 32.0, 17, MSpaaaapp, 5605, 0, 0, 0, , 0, 0, 0, 0, 0, 
314, 1, 316, 311, -1, 273, 252, 34.0, 17, MSpaaaaaa, 5994, 0, 0, 0, , 0, 0, 0, 0, 0, 
315, 1, 317, 312, -1, 252, 250, 32.0, 11, MSpaaaaap, 4149, 0, 0, 0, , 0, 0, 0, 0, 0, 
316, 1, 318, 313, -1, 214, 208, 24.0, 13, ABaraappppa, 5524, 0, 0, 0, , 0, 0, 0, 0, 0, 
317, 1, 319, 314, -1, 217, 213, 29.0, 17, ABaraapppap, 18424, 0, 0, 0, , 0, 0, 0, 0, 0, 
318, 1, 320, 315, -1, 227, 242, 32.0, 13, MSpaapaap, 2668, 0, 0, 0, , 0, 0, 0, 0, 0, 
319, 1, 321, 316, -1, 251, 238, 34.0, 15, MSpaaappa, 4772, 0, 0, 0, , 0, 0, 0, 0, 0, 
320, 1, 322, 317, -1, 239, 232, 30.0, 11, MSpaapaaa, 2785, 0, 0, 0, , 0, 0, 0, 0, 0, 
321, 1, 323, 318, -1, 273, 299, 31.0, 13, MSapppap, 3193, 0, 0, 0, , 0, 0, 0, 0, 0, 
322, 1, 324, 319, -1, 289, 269, 35.0, 21, MSappppa, 10705, 0, 0, 0, , 0, 0, 0, 0, 0, 
323, 0, 325, -1, -1, 242, 286, 31.0, 11, , 2327, 0, 0, 0, , 0, 0, 0, 0, 0, 
324, 1, 326, 321, -1, 149, 334, 20.0, 13, MSappaap, 3920, 0, 0, 0, , 0, 0, 0, 0, 0, 
325, 1, 327, 322, -1, 291, 279, 31.0, 13, MSappaaa, 2936, 0, 0, 0, , 0, 0, 0, 0, 0, 
326, 0, 328, -1, -1, 278, 286, 15.0, 9, , 1304, 0, 0, 0, , 0, 0, 0, 0, 0, 
327, 0, 329, -1, -1, 268, 285, 16.0, 13, , 2512, 0, 0, 0, , 0, 0, 0, 0, 0, 
328, 1, 330, 325, -1, 264, 280, 31.0, 17, ABaraapaapp, 9067, 0, 0, 0, , 0, 0, 0, 0, 0, 
329, 1, 331, 326, -1, 308, 245, 33.0, 15, MSapappp, 4056, 0, 0, 0, , 0, 0, 0, 0, 0, 
330, 1, 332, 327, -1, 248, 317, 26.0, 13, MSapapaa, 2316, 0, 0, 0, , 0, 0, 0, 0, 0, 
331, 1, 333, 328, -1, 155, 280, 20.0, 15, MSapaapp, 5877, 0, 0, 0, , 0, 0, 0, 0, 0, 
332, 1, 334, 329, -1, 295, 285, 18.0, 15, MSapapap, 6462, 0, 0, 0, , 0, 0, 0, 0, 0, 
333, 1, 335, 330, -1, 297, 265, 20.0, 13, MSapaaaa, 4356, 0, 0, 0, , 0, 0, 0, 0, 0, 
334, 1, 336, 331, -1, 275, 238, 28.0, 11, MSaaaaapap, 1889, 0, 0, 0, , 0, 0, 0, 0, 0, 
335, 1, 337, 332, -1, 298, 229, 32.0, 11, MSaaaaapaa, 3181, 0, 0, 0, , 0, 0, 0, 0, 0, 
336, 1, 338, 705, -1, 273, 265, 33.0, 15, MSaaaaapp, 8954, 0, 0, 0, , 0, 0, 0, 0, 0, 
337, 1, 339, 334, -1, 297, 210, 27.0, 14, MSaaaaaar, 3808, 0, 0, 0, , 0, 0, 0, 0, 0, 
338, 1, 340, 335, -1, 314, 246, 27.0, 11, MSaaaaaal, 3644, 0, 0, 0, , 0, 0, 0, 0, 0, 
339, 1, 341, 336, -1, 250, 257, 35.0, 15, MSaaaapaa, 4209, 0, 0, 0, , 0, 0, 0, 0, 0, 
340, 1, 342, 337, -1, 255, 267, 32.0, 13, MSaaaapap, 3721, 0, 0, 0, , 0, 0, 0, 0, 0, 
341, 1, 343, 338, -1, 231, 271, 32.0, 13, MSaaaappa, 4267, 0, 0, 0, , 0, 0, 0, 0, 0, 
342, 1, 344, 339, -1, 230, 291, 30.0, 11, MSaaapapp, 1803, 0, 0, 0, , 0, 0, 0, 0, 0, 
343, 1, 345, 340, -1, 217, 295, 30.0, 11, MSaaappa, 2917, 0, 0, 0, , 0, 0, 0, 0, 0, 
344, 1, 346, 341, -1, 214, 275, 32.0, 13, MSaaappp, 2953, 0, 0, 0, , 0, 0, 0, 0, 0, 
345, 1, 347, 342, -1, 189, 317, 18.0, 15, MSaapppp, 5212, 0, 0, 0, , 0, 0, 0, 0, 0, 
346, 1, 348, 343, -1, 229, 274, 19.0, 13, MSaapaaap, 4062, 0, 0, 0, , 0, 0, 0, 0, 0, 
347, 1, 349, 344, -1, 251, 275, 18.0, 13, MSaapaaaa, 2650, 0, 0, 0, , 0, 0, 0, 0, 0, 
348, 1, 350, 345, -1, 213, 283, 20.0, 13, MSaapappp, 2890, 0, 0, 0, , 0, 0, 0, 0, 0, 
349, 1, 351, 346, -1, 242, 300, 26.0, 15, MSaapappa, 9746, 0, 0, 0, , 0, 0, 0, 0, 0, 
350, 1, 352, 347, -1, 231, 275, 22.0, 13, MSaapapaa, 7931, 0, 0, 0, , 0, 0, 0, 0, 0, 
351, 1, 353, 348, -1, 226, 289, 19.0, 13, MSaapapap, 3836, 0, 0, 0, , 0, 0, 0, 0, 0, 
352, 1, 354, 349, -1, 102, 314, 24.0, 25, Eplpa, 806, 0, 0, 0, , 0, 0, 0, 0, 0, 
353, 1, 355, 350, -1, 114, 352, 22.0, 17, Cappapa, 7346, 0, 0, 0, , 0, 0, 0, 0, 0, 
354, 1, 356, 351, -1, 104, 345, 19.0, 17, Cappapp, 4842, 0, 0, 0, , 0, 0, 0, 0, 0, 
355, 1, 357, 352, -1, 189, 335, 30.0, 15, Cappaaa, 4453, 0, 0, 0, , 0, 0, 0, 0, 0, 
356, 1, 358, 353, -1, 82, 339, 23.0, 15, Capppap, 4685, 0, 0, 0, , 0, 0, 0, 0, 0, 
357, 1, 359, 354, -1, 108, 346, 30.0, 15, Capppaa, 3163, 0, 0, 0, , 0, 0, 0, 0, 0, 
358, 1, 360, 355, -1, 125, 353, 25.0, 13, Capapap, 5304, 0, 0, 0, , 0, 0, 0, 0, 0, 
359, 1, 361, 356, -1, 160, 345, 29.0, 19, Capapaa, 6312, 0, 0, 0, , 0, 0, 0, 0, 0, 
360, 1, 362, 357, -1, 138, 317, 14.0, 13, Capappp, 8085, 0, 0, 0, , 0, 0, 0, 0, 0, 
361, 1, 363, 358, -1, 147, 335, 17.0, 13, Capappa, 6339, 0, 0, 0, , 0, 0, 0, 0, 0, 
362, 1, 364, 359, -1, 189, 338, 22.0, 13, Capaaap, 4696, 0, 0, 0, , 0, 0, 0, 0, 0, 
363, 1, 365, 360, -1, 214, 328, 21.0, 15, Capaaaa, 5301, 0, 0, 0, , 0, 0, 0, 0, 0, 
364, 0, 366, -1, -1, 80, 292, 14.0, 15, , 4186, 0, 0, 0, , 0, 0, 0, 0, 0, 
365, 1, 367, 362, -1, 68, 304, 14.0, 15, Caappv, 4725, 0, 0, 0, , 0, 0, 0, 0, 0, 
366, 1, 368, 363, -1, 107, 303, 10.0, 13, Caapap, 4645, 0, 0, 0, , 0, 0, 0, 0, 0, 
367, 1, 369, 364, -1, 89, 356, 19.0, 13, Cpappd, 5301, 0, 0, 0, , 0, 0, 0, 0, 0, 
368, 1, 370, 365, -1, 74, 327, 14.0, 15, Cpappv, 5222, 0, 0, 0, , 0, 0, 0, 0, 0, 
369, 1, 371, 366, -1, 67, 268, 24.0, 16, Cpapaa, 1179, 0, 0, 0, , 0, 0, 0, 0, 0, 
370, 1, 372, 367, -1, 114, 244, 25.0, 13, Cppaapp, 5316, 0, 0, 0, , 0, 0, 0, 0, 0, 
371, 1, 373, 368, -1, 141, 235, 25.0, 15, Cppaapa, 4893, 0, 0, 0, , 0, 0, 0, 0, 0, 
372, 1, 374, 369, -1, 160, 226, 24.0, 13, Cppaaap, 3803, 0, 0, 0, , 0, 0, 0, 0, 0, 
373, 1, 375, 370, -1, 178, 221, 23.0, 15, Cppaaaa, 4735, 0, 0, 0, , 0, 0, 0, 0, 0, 
374, 1, 376, 371, -1, 138, 243, 32.0, 15, Cppapaa, 6282, 0, 0, 0, , 0, 0, 0, 0, 0, 
375, 1, 377, 372, -1, 116, 254, 15.0, 13, Cppappp, 4409, 0, 0, 0, , 0, 0, 0, 0, 0, 
376, 1, 378, 373, -1, 106, 245, 19.0, 13, Cppappa, 5050, 0, 0, 0, , 0, 0, 0, 0, 0, 
377, 1, 379, 374, -1, 134, 260, 35.0, 17, Cpppaap, 4941, 0, 0, 0, , 0, 0, 0, 0, 0, 
378, 1, 380, 375, -1, 165, 231, 31.0, 13, Cpppaaa, 5881, 0, 0, 0, , 0, 0, 0, 0, 0, 
379, 1, 381, 376, -1, 79, 270, 21.0, 15, Cpppapp, 6192, 0, 0, 0, , 0, 0, 0, 0, 0, 
380, 1, 382, 377, -1, 87, 263, 26.0, 17, Cpppapa, 6171, 0, 0, 0, , 0, 0, 0, 0, 0, 
381, 1, 383, 378, -1, 251, 301, 16.0, 13, Daapa, 3970, 0, 0, 0, , 0, 0, 0, 0, 0, 
382, 1, 384, 379, -1, 236, 306, 15.0, 17, Daapp, 4537, 0, 0, 0, , 0, 0, 0, 0, 0, 
383, 1, 385, 380, -1, 254, 309, 20.0, 14, Daaaa, 6673, 0, 0, 0, , 0, 0, 0, 0, 0, 
384, 1, 386, 381, -1, 242, 310, 31.0, 15, Daaap, 4239, 0, 0, 0, , 0, 0, 0, 0, 0, 
385, 1, 387, 382, -1, 221, 297, 34.0, 15, Dappaa, 3869, 0, 0, 0, , 0, 0, 0, 0, 0, 
386, 1, 388, 383, -1, 205, 316, 32.0, 15, Dappap, 1408, 0, 0, 0, , 0, 0, 0, 0, 0, 
387, 1, 389, 384, -1, 174, 324, 33.0, 15, Dapppp, 2769, 0, 0, 0, , 0, 0, 0, 0, 0, 
388, 1, 389, 385, -1, 189, 316, 34.0, 15, Dapppa, 2067, 0, 0, 0, , 0, 0, 0, 0, 0, 
389, 1, 390, 386, -1, 199, 214, 16.0, 15, Dpapp, 5980, 0, 0, 0, , 0, 0, 0, 0, 0, 
390, 1, 391, 387, -1, 213, 206, 18.0, 15, Dpapa, 4176, 0, 0, 0, , 0, 0, 0, 0, 0, 
391, 1, 392, 388, -1, 213, 206, 32.0, 19, Dpaap, 14179, 0, 0, 0, , 0, 0, 0, 0, 0, 
392, 0, 393, -1, -1, 214, 194, 34.0, 11, , 949, 0, 0, 0, , 0, 0, 0, 0, 0, 
393, 1, 394, 390, -1, 213, 196, 21.0, 13, Dpaaa, 3425, 0, 0, 0, , 0, 0, 0, 0, 0, 
394, 1, 395, 391, -1, 183, 242, 32.0, 11, Dppppa, 1463, 0, 0, 0, , 0, 0, 0, 0, 0, 
395, 1, 396, 392, -1, 159, 248, 34.0, 11, Dppppp, 1237, 0, 0, 0, , 0, 0, 0, 0, 0, 
396, 1, 397, 393, -1, 198, 250, 34.0, 15, Dpppap, 3139, 0, 0, 0, , 0, 0, 0, 0, 0, 
397, 1, 398, 394, -1, 215, 232, 35.0, 17, Dpppaa, 4628, 0, 0, 0, , 0, 0, 0, 0, 0, 
398, 1, 399, 395, -1, 195, 203, 21.0, 15, Dppaa, 5520, 0, 0, 0, , 0, 0, 0, 0, 0, 
399, 1, 400, 396, -1, 183, 220, 31.0, 13, Dppap, 5268, 0, 0, 0, , 0, 0, 0, 0, 0, 
400, 0, 401, -1, -1, 381, 244, 24.0, 15, , 7819, 0, 0, 0, , 0, 0, 0, 0, 0, 
401, 0, 402, -1, -1, 291, 287, 22.0, 9, , 739, 0, 0, 0, , 0, 0, 0, 0, 0, 
402, 0, 403, -1, -1, 310, 296, 25.0, 13, , 1028, 0, 0, 0, , 0, 0, 0, 0, 0, 
403, 1, 404, 400, -1, 301, 311, 22.0, 13, ABalppppppaa, 2624, 0, 0, 0, , 0, 0, 0, 0, 0, 
404, 1, 405, 401, -1, 282, 322, 23.0, 13, ABalppppppap, 2365, 0, 0, 0, , 0, 0, 0, 0, 0, 
405, 1, 406, 402, -1, 310, 309, 19.0, 13, ABalpppppppa, 3002, 0, 0, 0, , 0, 0, 0, 0, 0, 
406, 1, 407, 403, -1, 341, 254, 22.0, 11, ABalppppapp, 3769, 0, 0, 0, , 0, 0, 0, 0, 0, 
407, 1, 408, 404, -1, 333, 274, 16.0, 11, ABalpppaaaa, 2500, 0, 0, 0, , 0, 0, 0, 0, 0, 
408, 1, 409, 405, -1, 335, 257, 12.0, 13, ABalpppaaap, 34335, 0, 0, 0, , 0, 0, 0, 0, 0, 
409, 1, 410, 406, -1, 347, 266, 16.0, 11, ABalpppaapd, 3889, 0, 0, 0, , 0, 0, 0, 0, 0, 
410, 1, 411, 407, -1, 351, 251, 18.0, 13, ABalpppaapv, 4752, 0, 0, 0, , 0, 0, 0, 0, 0, 
411, 1, 412, 408, -1, 311, 293, 15.0, 17, ABalpppapad, 3878, 0, 0, 0, , 0, 0, 0, 0, 0, 
412, 1, 413, 409, -1, 330, 276, 13.0, 13, ABalpppapav, 10534, 0, 0, 0, , 0, 0, 0, 0, 0, 
413, 1, 414, 410, -1, 347, 250, 16.0, 13, ABalaaapalr, 2520, 0, 0, 0, , 0, 0, 0, 0, 0, 
414, 1, 415, 411, -1, 338, 249, 12.0, 15, ABalppaaapp, 3522, 0, 0, 0, , 0, 0, 0, 0, 0, 
415, 1, 416, 412, -1, 307, 261, 12.0, 13, ABalppaappp, 1860, 0, 0, 0, , 0, 0, 0, 0, 0, 
416, 1, 417, 413, -1, 285, 302, 15.0, 15, ABplpaaaaap, 8854, 0, 0, 0, , 0, 0, 0, 0, 0, 
417, 1, 418, 414, -1, 289, 260, 14.0, 13, ABalppapppa, 3730, 0, 0, 0, , 0, 0, 0, 0, 0, 
418, 1, 419, 415, -1, 316, 259, 19.0, 15, ABalppappaa, 5909, 0, 0, 0, , 0, 0, 0, 0, 0, 
419, 1, 420, 416, -1, 320, 269, 21.0, 13, ABalapaappa, 2609, 0, 0, 0, , 0, 0, 0, 0, 0, 
420, 1, 421, 417, -1, 278, 253, 12.0, 13, ABalppapapa, 6006, 0, 0, 0, , 0, 0, 0, 0, 0, 
421, 1, 422, 418, -1, 300, 248, 11.0, 17, ABalppapapp, 6082, 0, 0, 0, , 0, 0, 0, 0, 0, 
422, 1, 423, 419, -1, 298, 241, 10.0, 17, ABplaappaa, 6009, 0, 0, 0, , 0, 0, 0, 0, 0, 
423, 1, 424, 420, -1, 322, 242, 17.0, 13, ABalppapaaa, 3733, 0, 0, 0, , 0, 0, 0, 0, 0, 
424, 1, 425, 421, -1, 267, 251, 13.0, 13, ABalpapapaa, 7558, 0, 0, 0, , 0, 0, 0, 0, 0, 
425, 1, 426, 422, -1, 204, 285, 11.0, 13, ABalpapappa, 7909, 0, 0, 0, , 0, 0, 0, 0, 0, 
426, 1, 427, 423, -1, 302, 225, 11.0, 11, ABalpapaapp, 6446, 0, 0, 0, , 0, 0, 0, 0, 0, 
427, 1, 428, 424, -1, 293, 231, 16.0, 13, ABalpapaapa, 5965, 0, 0, 0, , 0, 0, 0, 0, 0, 
428, 0, 707, -1, -1, 317, 229, 12.0, 14, , 12013, 0, 0, 0, , 0, 0, 0, 0, 0, 
429, 1, 430, 426, -1, 275, 249, 20.0, 17, ABalpaaaapa, 4944, 0, 0, 0, , 0, 0, 0, 0, 0, 
430, 1, 431, 427, -1, 276, 259, 18.0, 15, ABalpaaaaap, 5811, 0, 0, 0, , 0, 0, 0, 0, 0, 
431, 1, 432, 428, -1, 251, 246, 21.0, 11, ABalpappaaa, 5836, 0, 0, 0, , 0, 0, 0, 0, 0, 
432, 1, 433, 429, -1, 275, 282, 20.0, 13, ABalpapppaa, 5782, 0, 0, 0, , 0, 0, 0, 0, 0, 
433, 1, 434, 430, -1, 253, 259, 22.0, 11, ABalpapppap, 5938, 0, 0, 0, , 0, 0, 0, 0, 0, 
434, 1, 435, 431, -1, 293, 270, 24.0, 13, ABalpaaapaa, 5030, 0, 0, 0, , 0, 0, 0, 0, 0, 
435, 1, 436, 432, -1, 291, 270, 27.0, 13, ABalpaaapap, 4503, 0, 0, 0, , 0, 0, 0, 0, 0, 
436, 1, 437, 433, -1, 255, 255, 17.0, 11, ABalpaaaapp, 5671, 0, 0, 0, , 0, 0, 0, 0, 0, 
437, 1, 438, 434, -1, 285, 250, 21.0, 13, ABalpaaaaaa, 6561, 0, 0, 0, , 0, 0, 0, 0, 0, 
438, 1, 439, 435, -1, 278, 270, 20.0, 13, ABalpappaap, 3900, 0, 0, 0, , 0, 0, 0, 0, 0, 
439, 0, 440, -1, -1, 293, 235, 18.0, 11, , 4759, 0, 0, 0, , 0, 0, 0, 0, 0, 
440, 1, 441, 437, -1, 315, 228, 19.0, 15, ABalpaapppa, 4069, 0, 0, 0, , 0, 0, 0, 0, 0, 
441, 1, 442, 438, -1, 324, 223, 15.0, 13, ABalpaapppp, 4092, 0, 0, 0, , 0, 0, 0, 0, 0, 
442, 1, 443, 439, -1, 303, 231, 20.0, 15, ABalpaappaa, 4924, 0, 0, 0, , 0, 0, 0, 0, 0, 
443, 1, 444, 440, -1, 280, 268, 27.0, 15, ABalpaapapa, 6738, 0, 0, 0, , 0, 0, 0, 0, 0, 
444, 0, 445, -1, -1, 290, 251, 26.0, 15, , 3891, 0, 0, 0, , 0, 0, 0, 0, 0, 
445, 0, 446, -1, -1, 299, 247, 22.0, 11, , 4109, 0, 0, 0, , 0, 0, 0, 0, 0, 
446, 1, 447, 443, -1, 177, 279, 31.0, 17, Earap, 7287, 0, 0, 0, , 0, 0, 0, 0, 0, 
447, 1, 448, 444, -1, 136, 312, 26.0, 15, Ealpp, 6216, 0, 0, 0, , 0, 0, 0, 0, 0, 
448, 0, 449, -1, -1, 180, 266, 24.0, 19, , 44217, 0, 0, 0, , 0, 0, 0, 0, 0, 
449, 1, 450, 446, -1, 137, 291, 31.0, 19, Earpp, 3780, 0, 0, 0, , 0, 0, 0, 0, 0, 
450, 0, 451, -1, -1, 169, 300, 26.0, 15, , 7400, 0, 0, 0, , 0, 0, 0, 0, 0, 
451, 1, 452, 448, -1, 214, 291, 26.0, 23, Ealaa, 16060, 0, 0, 0, , 0, 0, 0, 0, 0, 
452, 1, 453, 449, -1, 106, 286, 21.0, 25, Eprpp, 1891, 0, 0, 0, , 0, 0, 0, 0, 0, 
453, 1, 454, 450, -1, 210, 326, 29.0, 13, Dapap, 7486, 0, 0, 0, , 0, 0, 0, 0, 0, 
454, 1, 455, 451, -1, 231, 315, 20.0, 17, Dapaa, 5737, 0, 0, 0, , 0, 0, 0, 0, 0, 
455, 1, 456, 452, -1, 229, 297, 23.0, 15, MSaapaapp, 4557, 0, 0, 0, , 0, 0, 0, 0, 0, 
456, 1, 457, 453, -1, 240, 300, 22.0, 13, MSaapaapa, 4045, 0, 0, 0, , 0, 0, 0, 0, 0, 
457, 1, 458, 454, -1, 184, 202, 30.0, 13, ABarpppapp, 3904, 0, 0, 0, , 0, 0, 0, 0, 0, 
458, 1, 459, 455, -1, 263, 297, 13.0, 15, ABplppaapap, 7207, 0, 0, 0, , 0, 0, 0, 0, 0, 
459, 1, 460, 456, -1, 249, 291, 10.0, 11, ABplppaapaa, 5180, 0, 0, 0, , 0, 0, 0, 0, 0, 
460, 1, 461, 457, -1, 331, 243, 19.0, 13, ABalaaaalal, 2109, 0, 0, 0, , 0, 0, 0, 0, 0, 
461, 1, 462, 458, -1, 294, 182, 27.0, 11, ABalapppppa, 3870, 0, 0, 0, , 0, 0, 0, 0, 0, 
462, 1, 463, 459, -1, 320, 169, 24.0, 13, ABarpappaa, 4237, 0, 0, 0, , 0, 0, 0, 0, 0, 
463, 1, 464, 460, -1, 101, 281, 35.0, 19, Cppppaa, 9616, 0, 0, 0, , 0, 0, 0, 0, 0, 
464, 1, 465, 461, -1, 72, 286, 27.0, 15, Cppppap, 6044, 0, 0, 0, , 0, 0, 0, 0, 0, 
465, 1, 466, 462, -1, 103, 278, 14.0, 13, Cpppppv, 4067, 0, 0, 0, , 0, 0, 0, 0, 0, 
466, 1, 467, 463, -1, 178, 263, 25.0, 13, Earpa, 1991, 0, 0, 0, , 0, 0, 0, 0, 0, 
467, 1, 468, 464, -1, 301, 192, 31.0, 15, ABarpapaapp, 4947, 0, 0, 0, , 0, 0, 0, 0, 0, 
468, 0, 469, -1, -1, 118, 301, 30.0, 13, , 3935, 0, 0, 0, , 0, 0, 0, 0, 0, 
469, 1, 470, 466, -1, 278, 229, 36.0, 21, ABarpaappa, 25701, 0, 0, 0, , 0, 0, 0, 0, 0, 
470, 0, 471, -1, -1, 266, 303, 34.0, 19, , 12054, 0, 0, 0, , 0, 0, 0, 0, 0, 
471, 0, 472, -1, -1, 116, 313, 26.0, 17, , 4426, 0, 0, 0, , 0, 0, 0, 0, 0, 
472, 1, 473, 469, -1, 195, 277, 20.0, 13, MSaappap, 3510, 0, 0, 0, , 0, 0, 0, 0, 0, 
473, 1, 474, 470, -1, 286, 216, 13.0, 11, ABalaapappa, 1486, 0, 0, 0, , 0, 0, 0, 0, 0, 
474, 0, 475, -1, -1, 137, 289, 28.0, 17, , 7300, 0, 0, 0, , 0, 0, 0, 0, 0, 
475, 1, 476, 472, -1, 218, 302, 12.0, 13, ABplppapaaa, 6898, 0, 0, 0, , 0, 0, 0, 0, 0, 
476, 1, 477, 473, -1, 323, 240, 21.0, 13, ABalaaaalar, 4776, 0, 0, 0, , 0, 0, 0, 0, 0, 
477, 0, -1, -1, -1, 279, 195, 15.0, 15, , 3648, 0, 0, 0, , 0, 0, 0, 0, 0, 
478, 1, 479, 475, -1, 142, 247, 19.0, 15, MSpappap, 4676, 0, 0, 0, , 0, 0, 0, 0, 0, 
479, 1, 480, 476, -1, 207, 245, 31.0, 11, MSpaapapp, 656, 0, 0, 0, , 0, 0, 0, 0, 0, 
480, 1, 481, 477, -1, 70, 297, 18.0, 15, Cpppppd, 6003, 0, 0, 0, , 0, 0, 0, 0, 0, 
481, 1, 482, 478, -1, 300, 301, 30.0, 15, ABplapaaaaa, 4900, 0, 0, 0, , 0, 0, 0, 0, 0, 
482, 0, 483, -1, -1, 208, 265, 18.0, 9, , 935, 0, 0, 0, , 0, 0, 0, 0, 0, 
483, 1, 484, 480, -1, 288, 307, 32.0, 15, ABplapaaaap, 4032, 0, 0, 0, , 0, 0, 0, 0, 0, 
484, 1, 485, 481, -1, 329, 260, 16.0, 13, ABalppaaapa, 2023, 0, 0, 0, , 0, 0, 0, 0, 0, 
485, 1, 486, 482, -1, 259, 263, 20.0, 17, ABalpappppp, 6584, 0, 0, 0, , 0, 0, 0, 0, 0, 
486, 1, 487, 483, -1, 334, 216, 18.0, 13, ABalaaaparr, 3550, 0, 0, 0, , 0, 0, 0, 0, 0, 
487, 1, 488, 484, -1, 341, 227, 18.0, 15, ABalaaaparl, 2883, 0, 0, 0, , 0, 0, 0, 0, 0, 
488, 1, 489, 485, -1, 266, 283, 23.0, 13, ABalpaaappp, 5832, 0, 0, 0, , 0, 0, 0, 0, 0, 
489, 1, 490, 486, -1, 277, 281, 24.0, 13, ABalpaaappa, 6956, 0, 0, 0, , 0, 0, 0, 0, 0, 
490, 1, 491, 487, -1, 190, 287, 24.0, 19, Ealpa, 8930, 0, 0, 0, , 0, 0, 0, 0, 0, 
491, 1, 492, 488, -1, 226, 245, 14.0, 15, ABprpappapa, 4439, 0, 0, 0, , 0, 0, 0, 0, 0, 
492, 1, 493, 489, -1, 160, 307, 18.0, 22, Z3, 3756, 0, 0, 0, , 0, 0, 0, 0, 0, 
493, 1, 494, 490, -1, 150, 336, 33.0, 17, Cappaap, 5436, 0, 0, 0, , 0, 0, 0, 0, 0, 
494, 1, 495, 491, -1, 275, 239, 17.0, 13, ABarappaapp, 6442, 0, 0, 0, , 0, 0, 0, 0, 0, 
495, 1, 496, 492, -1, 203, 224, 27.0, 15, MSpapappa, 4106, 0, 0, 0, , 0, 0, 0, 0, 0, 
496, 1, 497, 493, -1, 199, 219, 23.0, 15, MSpapaapa, 6379, 0, 0, 0, , 0, 0, 0, 0, 0, 
497, 1, 498, 494, -1, 275, 161, 23.0, 15, ABpraapaapp, 5537, 0, 0, 0, , 0, 0, 0, 0, 0, 
498, 0, 499, -1, -1, 284, 183, 26.0, 13, , 1767, 0, 0, 0, , 0, 0, 0, 0, 0, 
499, 1, 500, 496, -1, 269, 223, 21.0, 15, ABarapaaaaa, 9323, 0, 0, 0, , 0, 0, 0, 0, 0, 
500, 1, 501, 497, -1, 298, 253, 16.0, 13, ABalppapppp, 4630, 0, 0, 0, , 0, 0, 0, 0, 0, 
501, 1, 502, 498, -1, 328, 202, 18.0, 11, ABalaaappll, 2363, 0, 0, 0, , 0, 0, 0, 0, 0, 
502, 1, 503, 499, -1, 109, 256, 31.0, 15, Cppapap, 6039, 0, 0, 0, , 0, 0, 0, 0, 0, 
503, 1, 504, 500, -1, 233, 218, 23.0, 14, ABarapaappp, 8253, 0, 0, 0, , 0, 0, 0, 0, 0, 
504, 1, 505, 501, -1, 305, 293, 22.0, 11, ABalppppaad, 3811, 0, 0, 0, , 0, 0, 0, 0, 0, 
505, 1, 506, 502, -1, 243, 290, 34.0, 17, MSappppp, 5012, 0, 0, 0, , 0, 0, 0, 0, 0, 
506, 0, 507, -1, -1, 274, 319, 15.0, 15, , 1578, 0, 0, 0, , 0, 0, 0, 0, 0, 
507, 1, 508, 504, -1, 278, 284, 27.0, 13, ABalpaapapp, 4216, 0, 0, 0, , 0, 0, 0, 0, 0, 
508, 1, 509, 505, -1, 124, 337, 15.0, 13, ABplpppaapa, 4517, 0, 0, 0, , 0, 0, 0, 0, 0, 
509, 1, 510, 506, -1, 344, 218, 31.0, 17, ABplaaaapa, 12402, 0, 0, 0, , 0, 0, 0, 0, 0, 
510, 0, 511, -1, -1, 214, 294, 28.0, 13, , 1100, 0, 0, 0, , 0, 0, 0, 0, 0, 
511, 0, 512, -1, -1, 186, 193, 18.0, 13, , 2341, 0, 0, 0, , 0, 0, 0, 0, 0, 
512, 1, 513, 509, -1, 225, 228, 19.0, 15, MSpapaaaa, 3039, 0, 0, 0, , 0, 0, 0, 0, 0, 
513, 1, 514, 510, -1, 191, 225, 16.0, 13, MSpapppaa, 3557, 0, 0, 0, , 0, 0, 0, 0, 0, 
514, 1, 515, 511, -1, 182, 234, 19.0, 13, MSpapppap, 3209, 0, 0, 0, , 0, 0, 0, 0, 0, 
515, 0, 516, -1, -1, 298, 239, 36.0, 15, , 2691, 0, 0, 0, , 0, 0, 0, 0, 0, 
516, 1, 517, 513, -1, 271, 182, 21.0, 13, ABprpaapaaa, 6252, 0, 0, 0, , 0, 0, 0, 0, 0, 
517, 1, 518, 514, -1, 243, 247, 18.0, 11, ABalpappppa, 988, 0, 0, 0, , 0, 0, 0, 0, 0, 
518, 1, 519, 515, -1, 300, 308, 16.0, 11, ABalpppppppp, 2308, 0, 0, 0, , 0, 0, 0, 0, 0, 
519, 1, 520, 516, -1, 94, 308, 10.0, 11, ABprpppapp, 3878, 0, 0, 0, , 0, 0, 0, 0, 0, 
520, 0, 521, -1, -1, 144, 311, 30.0, 11, , 1740, 0, 0, 0, , 0, 0, 0, 0, 0, 
521, 1, 522, 518, -1, 240, 203, 12.0, 13, ABprpaapppa, 5493, 0, 0, 0, , 0, 0, 0, 0, 0, 
522, 1, 523, 519, -1, 161, 285, 32.0, 15, Epraa, 1934, 0, 0, 0, , 0, 0, 0, 0, 0, 
523, 0, 524, -1, -1, 299, 202, 21.0, 19, , 15574, 0, 0, 0, , 0, 0, 0, 0, 0, 
524, 1, 525, 521, -1, 343, 201, 22.0, 15, ABarpaaaaal, 5447, 0, 0, 0, , 0, 0, 0, 0, 0, 
525, 1, 526, 522, -1, 98, 294, 14.0, 13, Caapaa, 1716, 0, 0, 0, , 0, 0, 0, 0, 0, 
526, 1, 527, 523, -1, 211, 189, 34.0, 23, ABarpppapa, 53905, 0, 0, 0, , 0, 0, 0, 0, 0, 
527, 1, 528, 524, -1, 265, 292, 17.0, 11, MSappapp, 1508, 0, 0, 0, , 0, 0, 0, 0, 0, 
528, 1, 529, 525, -1, 87, 235, 20.0, 13, ABarpppppp, 3116, 0, 0, 0, , 0, 0, 0, 0, 0, 
529, 1, 530, 526, -1, 239, 197, 17.0, 11, MSpppapa, 3286, 0, 0, 0, , 0, 0, 0, 0, 0, 
530, 1, 531, 527, -1, 309, 274, 31.0, 15, MSapappa, 3783, 0, 0, 0, , 0, 0, 0, 0, 0, 
531, 1, 532, 528, -1, 118, 296, 28.0, 15, Eprap, 2599, 0, 0, 0, , 0, 0, 0, 0, 0, 
532, 1, 533, 529, -1, 299, 208, 33.0, 15, MSppappp, 8235, 0, 0, 0, , 0, 0, 0, 0, 0, 
533, 1, 534, 530, -1, 99, 358, 25.0, 19, Cpapap, 1879, 0, 0, 0, , 0, 0, 0, 0, 0, 
534, 1, 535, 531, -1, 110, 309, 13.0, 13, Cappppd, 4121, 0, 0, 0, , 0, 0, 0, 0, 0, 
535, 1, 536, 532, -1, 228, 261, 29.0, 15, MSaaaappp, 6004, 0, 0, 0, , 0, 0, 0, 0, 0, 
536, 1, 537, 533, -1, 113, 351, 14.0, 13, ABplapppaap, 4314, 0, 0, 0, , 0, 0, 0, 0, 0, 
537, 1, 538, 534, -1, 135, 261, 22.0, 23, Z2, 5702, 0, 0, 0, , 0, 0, 0, 0, 0, 
538, 1, 539, 535, -1, 327, 267, 30.0, 11, ABplaaaaapa, 2832, 0, 0, 0, , 0, 0, 0, 0, 0, 
539, 1, 540, 536, -1, 196, 243, 20.0, 11, MSpapapap, 3519, 0, 0, 0, , 0, 0, 0, 0, 0, 
540, 1, 541, 537, -1, 114, 319, 29.0, 19, Eplap, 5488, 0, 0, 0, , 0, 0, 0, 0, 0, 
541, 0, 542, -1, -1, 95, 315, 25.0, 15, , 2920, 0, 0, 0, , 0, 0, 0, 0, 0, 
542, 1, 543, 539, -1, 110, 307, 18.0, 25, Eplpp, 50990, 0, 0, 0, , 0, 0, 0, 0, 0, 
543, 0, 544, -1, -1, 112, 289, 22.0, 19, , 9284, 0, 0, 0, , 0, 0, 0, 0, 0, 
544, 0, 545, -1, -1, 334, 253, 14.0, 13, , 4178, 0, 0, 0, , 0, 0, 0, 0, 0, 
545, 1, 546, 541, -1, 139, 346, 21.0, 15, Capaapp, 5775, 0, 0, 0, , 0, 0, 0, 0, 0, 
546, 1, 547, 542, -1, 165, 345, 23.0, 15, Capaapa, 5237, 0, 0, 0, , 0, 0, 0, 0, 0, 
547, 1, 548, 543, -1, 245, 185, 11.0, 17, ABpraappap, 8950, 0, 0, 0, , 0, 0, 0, 0, 0, 
548, 1, 549, 544, -1, 283, 188, 32.0, 13, MSppappa, 4392, 0, 0, 0, , 0, 0, 0, 0, 0, 
549, 0, 550, -1, -1, 209, 252, 14.0, 9, , 2150, 0, 0, 0, , 0, 0, 0, 0, 0, 
550, 0, 551, -1, -1, 135, 263, 23.0, 21, , 21872, 0, 0, 0, , 0, 0, 0, 0, 0, 
551, 0, 552, -1, -1, 196, 273, 29.0, 15, , 1596, 0, 0, 0, , 0, 0, 0, 0, 0, 
552, 0, 553, -1, -1, 202, 255, 26.0, 11, , 3620, 0, 0, 0, , 0, 0, 0, 0, 0, 
553, 1, 554, 549, -1, 239, 167, 16.0, 11, ABpraaappppp, 2707, 0, 0, 0, , 0, 0, 0, 0, 0, 
554, 1, 555, 550, -1, 245, 160, 21.0, 14, ABpraaappppa, 3313, 0, 0, 0, , 0, 0, 0, 0, 0, 
555, 1, 556, 551, -1, 301, 292, 19.0, 13, ABalpppppaa, 4321, 0, 0, 0, , 0, 0, 0, 0, 0, 
556, 0, 557, -1, -1, 327, 292, 22.0, 11, , 3153, 0, 0, 0, , 0, 0, 0, 0, 0, 
557, 1, 558, 553, -1, 276, 194, 28.0, 17, MSppaaap, 13347, 0, 0, 0, , 0, 0, 0, 0, 0, 
558, 0, 559, -1, -1, 160, 288, 31.0, 21, , 65535, 0, 0, 0, , 0, 0, 0, 0, 0, 
559, 1, 560, 555, -1, 214, 258, 18.0, 17, ABarapapapp, 8817, 0, 0, 0, , 0, 0, 0, 0, 0, 
560, 0, 561, -1, -1, 78, 327, 18.0, 13, , 950, 0, 0, 0, , 0, 0, 0, 0, 0, 
561, 1, 562, 557, -1, 210, 312, 18.0, 13, MSaapppap, 2772, 0, 0, 0, , 0, 0, 0, 0, 0, 
562, 1, 563, 558, -1, 228, 334, 32.0, 17, Caaaaa, 10743, 0, 0, 0, , 0, 0, 0, 0, 0, 
563, 1, 564, 559, -1, 61, 276, 18.0, 13, Caappd, 4257, 0, 0, 0, , 0, 0, 0, 0, 0, 
564, 1, 565, 560, -1, 91, 250, 30.0, 17, Caaapp, 3009, 0, 0, 0, , 0, 0, 0, 0, 0, 
565, 1, 566, 561, -1, 261, 327, 23.0, 15, ABplapaaapa, 6554, 0, 0, 0, , 0, 0, 0, 0, 0, 
566, 1, 567, 562, -1, 238, 224, 21.0, 11, ABarapapppp, 3914, 0, 0, 0, , 0, 0, 0, 0, 0, 
567, 1, 568, 563, -1, 223, 296, 17.0, 13, MSaapppaa, 2218, 0, 0, 0, , 0, 0, 0, 0, 0, 
568, 1, 569, 674, -1, 197, 262, 28.0, 19, Earaa, 17011, 0, 0, 0, , 0, 0, 0, 0, 0, 
569, 1, 570, 565, -1, 193, 263, 14.0, 13, ABarappappa, 6749, 0, 0, 0, , 0, 0, 0, 0, 0, 
570, 1, 571, 566, -1, 301, 242, 24.0, 15, ABalpaapaaa, 3338, 0, 0, 0, , 0, 0, 0, 0, 0, 
571, 0, 572, -1, -1, 173, 289, 25.0, 13, , 4452, 0, 0, 0, , 0, 0, 0, 0, 0, 
572, 1, 573, 568, -1, 148, 308, 31.0, 17, Eplaa, 2935, 0, 0, 0, , 0, 0, 0, 0, 0, 
573, 0, 574, -1, -1, 107, 312, 23.0, 15, , 3998, 0, 0, 0, , 0, 0, 0, 0, 0, 
574, 1, 575, 675, -1, 248, 164, 29.0, 23, ABarpapppp, 986, 0, 0, 0, , 0, 0, 0, 0, 0, 
575, 1, 576, 571, -1, 194, 296, 13.0, 15, ABplpaaaapp, 15237, 0, 0, 0, , 0, 0, 0, 0, 0, 
576, 0, 577, -1, -1, 261, 323, 18.0, 11, , 3799, 0, 0, 0, , 0, 0, 0, 0, 0, 
577, 0, 578, -1, -1, 105, 287, 20.0, 19, , 7271, 0, 0, 0, , 0, 0, 0, 0, 0, 
578, 0, 579, -1, -1, 140, 264, 21.0, 13, , 7131, 0, 0, 0, , 0, 0, 0, 0, 0, 
579, 1, 580, 575, -1, 243, 234, 23.0, 13, ABarapappap, 7371, 0, 0, 0, , 0, 0, 0, 0, 0, 
580, 0, 581, -1, -1, 119, 295, 9.0, 15, , 2532, 0, 0, 0, , 0, 0, 0, 0, 0, 
581, 0, 582, -1, -1, 270, 202, 13.0, 14, , 186, 0, 0, 0, , 0, 0, 0, 0, 0, 
582, 0, 583, -1, -1, 234, 252, 22.0, 11, , 1191, 0, 0, 0, , 0, 0, 0, 0, 0, 
583, 1, 584, 580, -1, 119, 304, 16.0, 15, ABprpappppp, 5071, 0, 0, 0, , 0, 0, 0, 0, 0, 
584, 0, 586, -1, -1, 199, 260, 30.0, 19, , 6481, 0, 0, 0, , 0, 0, 0, 0, 0, 
585, 1, 587, 582, -1, 280, 282, 12.0, 13, ABplpaapppa, 5866, 0, 0, 0, , 0, 0, 0, 0, 0, 
586, 1, 588, 583, -1, 248, 262, 11.0, 17, ABalpapapap, 7237, 0, 0, 0, , 0, 0, 0, 0, 0, 
587, 1, 589, 584, -1, 237, 287, 12.0, 15, ABalpapappp, 11213, 0, 0, 0, , 0, 0, 0, 0, 0, 
588, 1, 591, 585, -1, 102, 294, 26.0, 19, Eprpa, 7053, 0, 0, 0, , 0, 0, 0, 0, 0, 
589, 1, 592, 586, -1, 338, 286, 26.0, 13, ABplaaappa, 4221, 0, 0, 0, , 0, 0, 0, 0, 0, 
590, 1, 593, 587, -1, 331, 232, 29.0, 13, ABalapapapp, 2990, 0, 0, 0, , 0, 0, 0, 0, 0, 
591, 1, 594, 588, -1, 323, 205, 32.0, 9, ABalapppapp, 1217, 0, 0, 0, , 0, 0, 0, 0, 0, 
592, 0, 595, -1, -1, 299, 237, 14.0, 11, , 5183, 0, 0, 0, , 0, 0, 0, 0, 0, 
593, 0, 596, -1, -1, 233, 245, 18.0, 11, , 6727, 0, 0, 0, , 0, 0, 0, 0, 0, 
594, 1, 597, 591, -1, 229, 208, 18.0, 11, MSpppapp, 2699, 0, 0, 0, , 0, 0, 0, 0, 0, 
595, 1, 598, 592, -1, 304, 290, 24.0, 13, ABalppppaav, 2521, 0, 0, 0, , 0, 0, 0, 0, 0, 
596, 0, 599, -1, -1, 236, 318, 25.0, 11, , 1908, 0, 0, 0, , 0, 0, 0, 0, 0, 
597, 1, 600, 594, -1, 285, 222, 28.0, 13, ABaraappaap, 6908, 0, 0, 0, , 0, 0, 0, 0, 0, 
598, 1, 601, 595, -1, 295, 224, 28.0, 15, ABaraappaaa, 4780, 0, 0, 0, , 0, 0, 0, 0, 0, 
599, 1, 602, 596, -1, 267, 296, 10.0, 17, ABplaapppa, 5136, 0, 0, 0, , 0, 0, 0, 0, 0, 
600, 0, 603, -1, -1, 250, 332, 16.0, 13, , 856, 0, 0, 0, , 0, 0, 0, 0, 0, 
601, 0, 604, -1, -1, 161, 305, 19.0, 21, , 36275, 0, 0, 0, , 0, 0, 0, 0, 0, 
602, 1, 605, 599, -1, 287, 303, 22.0, 15, ABalpppppap, 4882, 0, 0, 0, , 0, 0, 0, 0, 0, 
603, 0, 606, -1, -1, 178, 240, 23.0, 9, , 421, 0, 0, 0, , 0, 0, 0, 0, 0, 
604, 1, 607, 601, -1, 135, 359, 30.0, 19, Cpaapp, 10660, 0, 0, 0, , 0, 0, 0, 0, 0, 
605, 0, 608, -1, -1, 242, 172, 31.0, 11, , 2405, 0, 0, 0, , 0, 0, 0, 0, 0, 
606, 0, 609, -1, -1, 313, 256, 14.0, 15, , 6520, 0, 0, 0, , 0, 0, 0, 0, 0, 
607, 0, 610, -1, -1, 285, 175, 18.0, 9, , 660, 0, 0, 0, , 0, 0, 0, 0, 0, 
608, 1, 611, 605, -1, 270, 284, 28.0, 13, MSaaapaap, 1204, 0, 0, 0, , 0, 0, 0, 0, 0, 
609, 0, 612, -1, -1, 248, 162, 30.0, 11, , 1991, 0, 0, 0, , 0, 0, 0, 0, 0, 
610, 0, 613, -1, -1, 209, 263, 13.0, 9, , 484, 0, 0, 0, , 0, 0, 0, 0, 0, 
611, 0, 614, -1, -1, 84, 350, 20.0, 13, , 2035, 0, 0, 0, , 0, 0, 0, 0, 0, 
612, 0, 615, -1, -1, 340, 237, 22.0, 11, , 2406, 0, 0, 0, , 0, 0, 0, 0, 0, 
613, 1, 616, 666, -1, 247, 183, 33.0, 13, ABarpppaaa, 3508, 0, 0, 0, , 0, 0, 0, 0, 0, 
614, 1, 617, 610, -1, 78, 323, 17.0, 19, Cappppv, 4307, 0, 0, 0, , 0, 0, 0, 0, 0, 
615, 0, 618, -1, -1, 118, 283, 9.0, 13, , 2363, 0, 0, 0, , 0, 0, 0, 0, 0, 
616, 1, 619, 612, -1, 125, 293, 10.0, 15, ABplpppapap, 4298, 0, 0, 0, , 0, 0, 0, 0, 0, 
617, 1, 620, 613, -1, 277, 300, 13.0, 13, ABplppaaaaa, 7100, 0, 0, 0, , 0, 0, 0, 0, 0, 
618, 1, 621, 614, -1, 297, 174, 15.0, 11, ABalaappaa, 3683, 0, 0, 0, , 0, 0, 0, 0, 0, 
619, 0, 622, -1, -1, 261, 208, 18.0, 9, , 1687, 0, 0, 0, , 0, 0, 0, 0, 0, 
620, 1, 623, 616, -1, 297, 222, 24.0, 11, ABaraaaapap, 2514, 0, 0, 0, , 0, 0, 0, 0, 0, 
621, 1, 624, 617, -1, 260, 209, 28.0, 14, ABaraaapapa, 3651, 0, 0, 0, , 0, 0, 0, 0, 0, 
622, 0, 625, -1, -1, 182, 268, 27.0, 19, , 7653, 0, 0, 0, , 0, 0, 0, 0, 0, 
623, 1, 626, 619, -1, 219, 236, 30.0, 15, MSpaapapa, 3376, 0, 0, 0, , 0, 0, 0, 0, 0, 
624, 1, 627, 620, -1, 305, 237, 16.0, 17, ABalpapaaaa, 5223, 0, 0, 0, , 0, 0, 0, 0, 0, 
625, 0, 628, -1, -1, 64, 267, 18.0, 13, , 1424, 0, 0, 0, , 0, 0, 0, 0, 0, 
626, 0, 629, -1, -1, 221, 211, 27.0, 17, , 5589, 0, 0, 0, , 0, 0, 0, 0, 0, 
627, 1, 661, 623, -1, 301, 168, 29.0, 15, ABarpappap, 7059, 0, 0, 0, , 0, 0, 0, 0, 0, 
628, 0, 631, -1, -1, 157, 291, 33.0, 17, , 2970, 0, 0, 0, , 0, 0, 0, 0, 0, 
629, 0, 632, -1, -1, 242, 230, 20.0, 11, , 1256, 0, 0, 0, , 0, 0, 0, 0, 0, 
630, 0, 633, -1, -1, 286, 177, 20.0, 7, , 473, 0, 0, 0, , 0, 0, 0, 0, 0, 
631, 1, 634, 626, -1, 239, 193, 36.0, 23, ABarpaappp, 14495, 0, 0, 0, , 0, 0, 0, 0, 0, 
632, 0, 635, -1, -1, 284, 275, 21.0, 11, , 2029, 0, 0, 0, , 0, 0, 0, 0, 0, 
633, 0, 636, -1, -1, 101, 300, 27.0, 15, , 1491, 0, 0, 0, , 0, 0, 0, 0, 0, 
634, 0, 637, -1, -1, 195, 286, 30.0, 11, , 1171, 0, 0, 0, , 0, 0, 0, 0, 0, 
635, 0, 638, -1, -1, 153, 304, 28.0, 17, , 4703, 0, 0, 0, , 0, 0, 0, 0, 0, 
636, 1, 639, 630, -1, 334, 261, 20.0, 11, ABalapaappp, 3529, 0, 0, 0, , 0, 0, 0, 0, 0, 
637, 0, 640, -1, -1, 69, 266, 24.0, 15, , 7184, 0, 0, 0, , 0, 0, 0, 0, 0, 
638, 1, 641, 632, -1, 277, 175, 29.0, 11, ABalappapap, 1781, 0, 0, 0, , 0, 0, 0, 0, 0, 
639, 1, 643, 633, -1, 292, 287, 10.0, 17, ABplaappap, 6498, 0, 0, 0, , 0, 0, 0, 0, 0, 
640, 0, 644, -1, -1, 226, 191, 10.0, 9, , 761, 0, 0, 0, , 0, 0, 0, 0, 0, 
641, 0, 645, -1, -1, 269, 319, 15.0, 21, , 18772, 0, 0, 0, , 0, 0, 0, 0, 0, 
642, 1, 646, 636, -1, 112, 239, 33.0, 17, Caaapa, 8841, 0, 0, 0, , 0, 0, 0, 0, 0, 
643, 1, 647, 637, -1, 239, 314, 35.0, 17, Cpaaaa, 1841, 0, 0, 0, , 0, 0, 0, 0, 0, 
644, 1, 648, 638, -1, 316, 298, 26.0, 13, ABalpppappp, 961, 0, 0, 0, , 0, 0, 0, 0, 0, 
645, 1, 649, 639, -1, 206, 278, 14.0, 11, ABplppaappa, 4960, 0, 0, 0, , 0, 0, 0, 0, 0, 
646, 0, 650, -1, -1, 153, 305, 18.0, 11, , 933, 0, 0, 0, , 0, 0, 0, 0, 0, 
647, 1, 471, 641, -1, 265, 303, 35.0, 19, ABarppaapa, 63523, 0, 0, 0, , 0, 0, 0, 0, 0, 
648, 0, 652, -1, -1, 227, 202, 9.0, 11, , 2745, 0, 0, 0, , 0, 0, 0, 0, 0, 
649, 0, 653, -1, -1, 159, 313, 18.0, 11, , 1463, 0, 0, 0, , 0, 0, 0, 0, 0, 
650, 0, 654, -1, -1, 192, 284, 23.0, 11, , 1703, 0, 0, 0, , 0, 0, 0, 0, 0, 
651, 0, 655, -1, -1, 170, 276, 28.0, 15, , 3358, 0, 0, 0, , 0, 0, 0, 0, 0, 
652, 0, 656, -1, -1, 255, 165, 31.0, 13, , 1531, 0, 0, 0, , 0, 0, 0, 0, 0, 
653, 0, 658, -1, -1, 259, 163, 23.0, 11, , 1383, 0, 0, 0, , 0, 0, 0, 0, 0, 
654, 0, 659, -1, -1, 100, 358, 26.0, 17, , 3630, 0, 0, 0, , 0, 0, 0, 0, 0, 
655, 1, 679, 649, -1, 225, 269, 11.0, 15, ABplpaaaapa, 9164, 0, 0, 0, , 0, 0, 0, 0, 0, 
656, 1, 677, 650, -1, 309, 275, 12.0, 15, ABplpaaapap, 11184, 0, 0, 0, , 0, 0, 0, 0, 0, 
657, 0, -1, -1, -1, 259, 290, 25.0, 17, , 12669, 0, 0, 0, , 0, 0, 0, 0, 0, 
658, 0, -1, -1, -1, 201, 240, 30.0, 13, , 2544, 0, 0, 0, , 0, 0, 0, 0, 0, 
659, 0, -1, -1, -1, 324, 232, 33.0, 11, , 2916, 0, 0, 0, , 0, 0, 0, 0, 0, 
660, 0, -1, -1, -1, 96, 256, 11.0, 11, , 903, 0, 0, 0, , 0, 0, 0, 0, 0, 
661, 0, 660, -1, -1, 333, 221, 28.0, 15, , 0, 0, 0, 0, , 0, 0, 0, 0, 0, 
662, 1, 662, 667, -1, 203, 334, 34.0, 18, Cpaaap, 0, 0, 0, 0, , 0, 0, 0, 0, 0, 
663, 1, 583, 668, -1, 232, 247, 20.142857, 13, ABarapapaaa, 6858, 0, 0, 0, , 0, 0, 0, 0, 0, 
664, 1, 663, 30, -1, 255, 228, 20.0, 13, ABarapaaaap, 0, 0, 0, 0, , 0, 0, 0, 0, 0, 
665, 1, 664, 669, -1, 229, 250, 17.777779, 16, ABarapapppa, 3780, 0, 0, 0, , 0, 0, 0, 0, 0, 
666, 1, 665, 670, -1, 168, 295, 24.0, 15, Ealap, 3651, 0, 0, 0, , 0, 0, 0, 0, 0, 
667, 1, 666, 671, -1, 269, 297, 20.428572, 14, MSapppaa, 916, 0, 0, 0, , 0, 0, 0, 0, 0, 
668, 0, 667, -1, -1, 119, 295, 33.0, 15, , 0, 0, 0, 0, , 0, 0, 0, 0, 0, 
669, 1, 668, 673, -1, 148, 234, 33.0, 15, Caaaap, 0, 0, 0, 0, , 0, 0, 0, 0, 0, 
670, 1, 669, 676, -1, 221, 205, 9.545455, 14, ABpraapppa, 1810, 0, 0, 0, , 0, 0, 0, 0, 0, 
671, 0, 670, -1, -1, 303, 274, 15.473684, 12, , 3745, 0, 0, 0, , 0, 0, 0, 0, 0, 
672, 1, 590, 678, -1, 285, 222, 19.0, 15, ABaraaappap, 3286, 0, 0, 0, , 0, 0, 0, 0, 0, 
673, 0, 671, -1, -1, 326, 214, 24.0, 14, , 485, 0, 0, 0, , 0, 0, 0, 0, 0, 
674, 1, 672, 680, -1, 305, 168, 24.0, 15, ABalappappp, 0, 0, 0, 0, , 0, 0, 0, 0, 0, 
675, 1, 673, 681, -1, 346, 252, 24.0, 13, ABalapaaapp, 0, 0, 0, 0, , 0, 0, 0, 0, 0, 
676, 1, 674, 682, -1, 319, 282, 18.0, 13, ABalapaapaa, 0, 0, 0, 0, , 0, 0, 0, 0, 0, 
677, 1, 675, 683, -1, 304, 183, 20.4, 13, ABalaappppp, 1277, 0, 0, 0, , 0, 0, 0, 0, 0, 
678, 1, 676, 684, -1, 76, 292, 12.5625, 13, ABprppppppp, 0, 0, 0, 0, , 0, 0, 0, 0, 0, 
679, 1, 678, 709, -1, 275, 213, 26.0, 13, ABaraaapaap, 5618, 0, 0, 0, , 0, 0, 0, 0, 0, 
680, 1, 680, 661, -1, 268, 195, 15.0, 14, ABprpaaappa, 3648, 0, 0, 0, , 0, 0, 0, 0, 0, 
681, 1, 681, 474, -1, 283, 194, 15.0, 14, ABarappppap, 6058, 0, 0, 0, , 0, 0, 0, 0, 0, 
682, 1, 682, 688, -1, 286, 180, 20.0, 13, ABalaappppa, 0, 0, 0, 0, , 0, 0, 0, 0, 0, 
683, 1, 683, 689, -1, 297, 248, 22.0, 13, ABaraaaaaaa, 0, 0, 0, 0, , 0, 0, 0, 0, 0, 
684, 1, 684, 690, -1, 290, 236, 12.0, 13, ABalpapaaap, 0, 0, 0, 0, , 0, 0, 0, 0, 0, 
685, 1, 685, 691, -1, 289, 181, 16.0, 13, ABalaappapa, 0, 0, 0, 0, , 0, 0, 0, 0, 0, 
686, 1, 686, 692, -1, 241, 281, 30.0, 13, MSaaapapa, 0, 0, 0, 0, , 0, 0, 0, 0, 0, 
687, 1, 687, 693, -1, 265, 319, 16.0, 16, ABplppaaaap, 0, 0, 0, 0, , 0, 0, 0, 0, 0, 
688, 1, 688, 694, -1, 220, 267, 14.0, 15, ABplpappaap, 0, 0, 0, 0, , 0, 0, 0, 0, 0, 
689, 1, 689, 695, -1, 234, 212, 28.0, 13, ABaraaapapp, 0, 0, 0, 0, , 0, 0, 0, 0, 0, 
690, 1, 690, 696, -1, 288, 253, 25.0, 13, ABalpaapaap, 0, 0, 0, 0, , 0, 0, 0, 0, 0, 
691, 1, 691, 697, -1, 292, 234, 18.0, 13, ABalpaappap, 0, 0, 0, 0, , 0, 0, 0, 0, 0, 
692, 1, 692, 698, -1, 340, 238, 22.0, 13, ABalapaaapa, 0, 0, 0, 0, , 0, 0, 0, 0, 0, 
693, 1, 693, 699, -1, 303, 179, 16.0, 11, ABalaappapp, 0, 0, 0, 0, , 0, 0, 0, 0, 0, 
694, 1, 694, 700, -1, 293, 201, 19.0, 13, ABalaapaaar, 0, 0, 0, 0, , 0, 0, 0, 0, 0, 
695, 1, 695, 701, -1, 314, 226, 31.0, 15, ABalapapapa, 0, 0, 0, 0, , 0, 0, 0, 0, 0, 
696, 1, 696, 702, -1, 300, 187, 29.0, 13, ABalapppppp, 0, 0, 0, 0, , 0, 0, 0, 0, 0, 
697, 1, 697, 703, -1, 313, 254, 16.0, 13, ABalppappap, 0, 0, 0, 0, , 0, 0, 0, 0, 0, 
698, 0, 698, -1, -1, 285, 259, 31.0, 13, , 0, 0, 0, 0, , 0, 0, 0, 0, 0, 
699, 1, 699, 333, -1, 282, 258, 31.0, 13, MSaaapaaa, 0, 0, 0, 0, , 0, 0, 0, 0, 0, 
700, 0, 700, -1, -1, 273, 261, 10.505618, 13, , 0, 0, 0, 0, , 0, 0, 0, 0, 0, 
701, 1, 701, 707, -1, 272, 201, 12.0, 13, ABalaapappp, 0, 0, 0, 0, , 0, 0, 0, 0, 0, 
702, 1, 702, 708, -1, 325, 229, 22.0, 15, ABalapappaa, 0, 0, 0, 0, , 0, 0, 0, 0, 0, 
703, 1, 703, 710, -1, 270, 231, 17.0, 13, ABarapapapa, 0, 0, 0, 0, , 0, 0, 0, 0, 0, 
704, 1, 704, 711, -1, 259, 209, 19.0, 13, MSppaaaav, 0, 0, 0, 0, , 0, 0, 0, 0, 0, 
705, 1, 705, 712, -1, 214, 221, 9.0, 13, ABprppaapaa, 0, 0, 0, 0, , 0, 0, 0, 0, 0, 
706, 1, 706, 713, -1, 283, 186, 30.0, 13, ABarpapaapa, 0, 0, 0, 0, , 0, 0, 0, 0, 0, 
707, 1, 708, 714, -1, 319, 230, 13.384615, 13, ABalppapaap, 6741, 0, 0, 0, , 0, 0, 0, 0, 0, 
708, 0, 709, -1, -1, 305, 235, 12.923077, 13, , 0, 0, 0, 0, , 0, 0, 0, 0, 0, 
709, 0, 710, -1, -1, 160, 315, 35.526318, 15, , 0, 0, 0, 0, , 0, 0, 0, 0, 0, 
710, 1, 711, 717, -1, 161, 338, 35.333332, 15, Cpaapa, 0, 0, 0, 0, , 0, 0, 0, 0, 0, 
711, 1, 712, 718, -1, 300, 241, 35.0, 15, ABarpaapap, 0, 0, 0, 0, , 0, 0, 0, 0, 0, 
712, 0, 713, -1, -1, 308, 239, 10.857142, 13, , 0, 0, 0, 0, , 0, 0, 0, 0, 0, 
713, 1, 714, 720, -1, 280, 182, 26.0, 13, ABalappapaa, 0, 0, 0, 0, , 0, 0, 0, 0, 0, 
714, 1, 715, 721, -1, 310, 200, 24.0, 13, ABalappppaa, 0, 0, 0, 0, , 0, 0, 0, 0, 0, 
715, 0, 716, -1, -1, 344, 225, 29.0, 11, , 0, 0, 0, 0, , 0, 0, 0, 0, 0, 
716, 1, 718, 722, -1, 315, 184, 23.333334, 11, ABalappappa, 0, 0, 0, 0, , 0, 0, 0, 0, 0, 
717, 1, 719, 723, -1, 338, 227, 23.0, 13, ABalapappap, 0, 0, 0, 0, , 0, 0, 0, 0, 0, 
