1, 1, 1, 1, -1, 273, 214, 27.0, 13, ABaraaapaap, 4817, 0, 0, 0, , 0, 0, 0, 0, 0, 
2, 1, 2, 2, -1, 232, 210, 28.0, 13, ABaraaapapp, 3888, 0, 0, 0, , 0, 0, 0, 0, 0, 
3, 1, 3, 3, -1, 219, 226, 21.0, 15, ABaraappppp, 5096, 0, 0, 0, , 0, 0, 0, 0, 0, 
4, 1, 4, 4, -1, 253, 297, 22.0, 17, ABaraapappa, 7552, 0, 0, 0, , 0, 0, 0, 0, 0, 
5, 1, 5, 5, -1, 250, 286, 20.0, 15, ABaraapappp, 7867, 0, 0, 0, , 0, 0, 0, 0, 0, 
6, 1, 6, 6, -1, 254, 296, 28.0, 15, ABaraapapap, 8437, 0, 0, 0, , 0, 0, 0, 0, 0, 
7, 1, 7, 7, -1, 297, 236, 27.0, 15, ABaraapaaaa, 6081, 0, 0, 0, , 0, 0, 0, 0, 0, 
8, 1, 8, 8, -1, 296, 246, 29.0, 13, ABaraapaaap, 15754, 0, 0, 0, , 0, 0, 0, 0, 0, 
9, 1, 9, 9, -1, 279, 268, 32.0, 15, MSaaaaapp, 5032, 0, 0, 0, , 0, 0, 0, 0, 0, 
10, 1, 10, 10, -1, 296, 255, 30.0, 15, ABaraapaapa, 14614, 0, 0, 0, , 0, 0, 0, 0, 0, 
11, 1, 11, 11, -1, 295, 219, 22.0, 13, ABaraaappaa, 4531, 0, 0, 0, , 0, 0, 0, 0, 0, 
12, 1, 12, 12, -1, 306, 211, 19.0, 14, ABaraaapppa, 3669, 0, 0, 0, , 0, 0, 0, 0, 0, 
13, 1, 13, 13, -1, 301, 203, 21.0, 13, ABaraaapppp, 4290, 0, 0, 0, , 0, 0, 0, 0, 0, 
14, 1, 14, 14, -1, 282, 222, 25.0, 15, ABaraaapaaa, 5981, 0, 0, 0, , 0, 0, 0, 0, 0, 
15, 1, 15, 15, -1, 229, 225, 30.0, 17, ABaraappapp, 7290, 0, 0, 0, , 0, 0, 0, 0, 0, 
16, 1, 16, 16, -1, 288, 264, 23.0, 13, ABaraaaaaap, 4596, 0, 0, 0, , 0, 0, 0, 0, 0, 
17, 1, 17, 17, -1, 271, 259, 26.0, 11, ABaraaaapp, 862, 0, 0, 0, , 0, 0, 0, 0, 0, 
18, 1, 18, 18, -1, 294, 232, 24.0, 13, ABaraaaapaa, 5488, 0, 0, 0, , 0, 0, 0, 0, 0, 
19, 1, 19, 19, -1, 207, 262, 19.0, 11, ABalpappapp, 3164, 0, 0, 0, , 0, 0, 0, 0, 0, 
20, 1, 20, 20, -1, 265, 242, 18.0, 15, ABalpappapa, 5754, 0, 0, 0, , 0, 0, 0, 0, 0, 
21, 1, 21, 21, -1, 245, 208, 21.0, 17, ABarapapaap, 19068, 0, 0, 0, , 0, 0, 0, 0, 0, 
22, 1, 22, 22, -1, 255, 241, 13.0, 11, ABprpappaap, 5248, 0, 0, 0, , 0, 0, 0, 0, 0, 
23, 1, 23, 23, -1, 241, 204, 24.0, 15, ABarapappaa, 7053, 0, 0, 0, , 0, 0, 0, 0, 0, 
24, 1, 24, 24, -1, 285, 224, 11.0, 9, ABalaapappa, 1986, 0, 0, 0, , 0, 0, 0, 0, 0, 
25, 1, 25, 25, -1, 266, 239, 20.0, 11, ABarapaaapp, 7536, 0, 0, 0, , 0, 0, 0, 0, 0, 
26, 1, 26, 26, -1, 257, 208, 26.0, 13, ABarapaapap, 7171, 0, 0, 0, , 0, 0, 0, 0, 0, 
27, 1, 27, 27, -1, 253, 227, 27.0, 13, ABarapaapaa, 7553, 0, 0, 0, , 0, 0, 0, 0, 0, 
28, 1, 28, 28, -1, 268, 221, 11.0, 13, ABarapppapa, 3858, 0, 0, 0, , 0, 0, 0, 0, 0, 
29, 1, 29, 29, -1, 295, 208, 10.0, 13, ABarapppapp, 5499, 0, 0, 0, , 0, 0, 0, 0, 0, 
30, 1, 30, 30, -1, 281, 200, 20.0, 13, ABarapppaaa, 5564, 0, 0, 0, , 0, 0, 0, 0, 0, 
31, 1, 31, 31, -1, 300, 210, 13.0, 11, ABarapppaap, 5079, 0, 0, 0, , 0, 0, 0, 0, 0, 
32, 1, 32, 32, -1, 258, 178, 18.0, 13, ABalaapppap, 1801, 0, 0, 0, , 0, 0, 0, 0, 0, 
33, 1, 33, 33, -1, 279, 211, 12.0, 11, ABarapppppa, 789, 0, 0, 0, , 0, 0, 0, 0, 0, 
34, 1, 34, 34, -1, 277, 211, 15.0, 13, ABarapppppp, 7374, 0, 0, 0, , 0, 0, 0, 0, 0, 
35, 1, 35, 35, -1, 290, 211, 17.0, 15, ABarappaaaa, 6997, 0, 0, 0, , 0, 0, 0, 0, 0, 
36, 1, 36, 36, -1, 293, 225, 14.0, 13, ABarappaapa, 7988, 0, 0, 0, , 0, 0, 0, 0, 0, 
37, 1, 37, 37, -1, 245, 224, 10.0, 19, ABarappapap, 29309, 0, 0, 0, , 0, 0, 0, 0, 0, 
38, 1, 38, 38, -1, 267, 229, 13.0, 13, ABarappapaa, 10316, 0, 0, 0, , 0, 0, 0, 0, 0, 
39, 1, 39, 39, -1, 223, 213, 12.0, 11, ABarappappp, 13833, 0, 0, 0, , 0, 0, 0, 0, 0, 
40, 1, 40, 40, -1, 213, 233, 11.0, 13, ABprpapappa, 4040, 0, 0, 0, , 0, 0, 0, 0, 0, 
41, 1, 41, 41, -1, 284, 160, 25.0, 15, ABarpapppa, 5260, 0, 0, 0, , 0, 0, 0, 0, 0, 
42, 0, 42, -1, -1, 294, 182, 29.0, 13, , 1981, 0, 0, 0, , 0, 0, 0, 0, 0, 
43, 0, 43, -1, -1, 311, 187, 28.0, 13, , 3581, 0, 0, 0, , 0, 0, 0, 0, 0, 
44, 1, 44, 44, -1, 349, 193, 23.0, 14, ABarpapapa, 5247, 0, 0, 0, , 0, 0, 0, 0, 0, 
45, 1, 45, 45, -1, 340, 189, 31.0, 15, ABarpaapaa, 5672, 0, 0, 0, , 0, 0, 0, 0, 0, 
46, 1, 46, 46, -1, 347, 209, 23.0, 11, ABarpaaaaar, 3513, 0, 0, 0, , 0, 0, 0, 0, 0, 
47, 1, 47, 47, -1, 344, 212, 26.0, 11, ABarpaaaapa, 4058, 0, 0, 0, , 0, 0, 0, 0, 0, 
48, 1, 48, 48, -1, 344, 186, 27.0, 13, ABarpaaapp, 6006, 0, 0, 0, , 0, 0, 0, 0, 0, 
49, 1, 49, 49, -1, 332, 206, 25.0, 11, ABarpaaapaa, 2669, 0, 0, 0, , 0, 0, 0, 0, 0, 
50, 1, 50, 50, -1, 334, 180, 25.0, 13, ABarpaaapap, 3446, 0, 0, 0, , 0, 0, 0, 0, 0, 
51, 1, 51, 51, -1, 286, 328, 22.0, 13, ABarppaaap, 3754, 0, 0, 0, , 0, 0, 0, 0, 0, 
52, 1, 52, 52, -1, 255, 326, 27.0, 13, ABarppaapp, 6349, 0, 0, 0, , 0, 0, 0, 0, 0, 
53, 1, 53, 53, -1, 171, 359, 26.0, 15, ABarppappa, 5822, 0, 0, 0, , 0, 0, 0, 0, 0, 
54, 1, 54, 54, -1, 237, 345, 24.0, 17, ABarppapap, 18458, 0, 0, 0, , 0, 0, 0, 0, 0, 
55, 1, 55, 55, -1, 265, 339, 23.0, 15, ABarppapaa, 4564, 0, 0, 0, , 0, 0, 0, 0, 0, 
56, 1, 56, 56, -1, 128, 228, 29.0, 17, ABarpppppa, 6808, 0, 0, 0, , 0, 0, 0, 0, 0, 
57, 1, 57, 57, -1, 194, 188, 28.0, 15, ABarppppaa, 3835, 0, 0, 0, , 0, 0, 0, 0, 0, 
58, 1, 58, 58, -1, 175, 207, 29.0, 17, ABarppppap, 5818, 0, 0, 0, , 0, 0, 0, 0, 0, 
59, 1, 59, 59, -1, 220, 170, 28.0, 17, ABarpppaap, 3788, 0, 0, 0, , 0, 0, 0, 0, 0, 
60, 1, 60, 60, -1, 313, 216, 27.0, 11, ABalapppaap, 846, 0, 0, 0, , 0, 0, 0, 0, 0, 
61, 0, 61, -1, -1, 326, 197, 27.0, 13, , 1986, 0, 0, 0, , 0, 0, 0, 0, 0, 
62, 1, 62, 62, -1, 315, 227, 28.0, 13, ABalapppaaa, 3354, 0, 0, 0, , 0, 0, 0, 0, 0, 
63, 0, 63, -1, -1, 338, 228, 31.0, 11, , 1021, 0, 0, 0, , 0, 0, 0, 0, 0, 
64, 0, 64, -1, -1, 300, 173, 29.0, 13, , 2000, 0, 0, 0, , 0, 0, 0, 0, 0, 
65, 0, 65, -1, -1, 324, 270, 26.0, 13, , 4704, 0, 0, 0, , 0, 0, 0, 0, 0, 
66, 0, 66, -1, -1, 340, 227, 24.0, 11, , 1305, 0, 0, 0, , 0, 0, 0, 0, 0, 
67, 0, 67, -1, -1, 338, 226, 29.0, 11, , 3246, 0, 0, 0, , 0, 0, 0, 0, 0, 
68, 1, 68, 68, -1, 335, 218, 34.0, 19, ABarpapapp, 5981, 0, 0, 0, , 0, 0, 0, 0, 0, 
69, 0, 69, -1, -1, 335, 215, 35.0, 13, , 4931, 0, 0, 0, , 0, 0, 0, 0, 0, 
70, 1, 70, 70, -1, 320, 299, 28.0, 11, ABalapaaaap, 3565, 0, 0, 0, , 0, 0, 0, 0, 0, 
71, 1, 71, 71, -1, 328, 279, 28.0, 13, ABalapaaaaa, 6585, 0, 0, 0, , 0, 0, 0, 0, 0, 
72, 1, 72, 697, -1, 329, 261, 26.0, 15, ABalaaapall, 4100, 0, 0, 0, , 0, 0, 0, 0, 0, 
73, 0, 73, -1, -1, 328, 294, 20.0, 9, , 446, 0, 0, 0, , 0, 0, 0, 0, 0, 
74, 1, 74, 73, -1, 290, 201, 23.0, 13, ABalaapaaar, 2455, 0, 0, 0, , 0, 0, 0, 0, 0, 
75, 1, 75, 74, -1, 288, 195, 12.0, 11, ABalaapapa, 6154, 0, 0, 0, , 0, 0, 0, 0, 0, 
76, 1, 76, 75, -1, 286, 183, 18.0, 11, ABalaapaapa, 5385, 0, 0, 0, , 0, 0, 0, 0, 0, 
77, 1, 77, 76, -1, 306, 186, 15.0, 11, ABalaappaa, 4018, 0, 0, 0, , 0, 0, 0, 0, 0, 
78, 1, 78, 77, -1, 268, 185, 21.0, 13, ABarappppaa, 4160, 0, 0, 0, , 0, 0, 0, 0, 0, 
79, 1, 79, 78, -1, 250, 172, 16.0, 13, ABalaapppaa, 2525, 0, 0, 0, , 0, 0, 0, 0, 0, 
80, 1, 80, 79, -1, 304, 207, 24.0, 13, ABalaaaarrp, 4119, 0, 0, 0, , 0, 0, 0, 0, 0, 
81, 1, 81, 80, -1, 297, 196, 18.0, 11, ABalaapaapp, 3186, 0, 0, 0, , 0, 0, 0, 0, 0, 
82, 1, 82, 81, -1, 315, 197, 18.0, 11, ABalaaaarra, 3650, 0, 0, 0, , 0, 0, 0, 0, 0, 
83, 1, 83, 82, -1, 316, 241, 23.0, 11, ABalaaaarlp, 3166, 0, 0, 0, , 0, 0, 0, 0, 0, 
84, 1, 84, 83, -1, 330, 225, 17.0, 15, ABalaaaarla, 6926, 0, 0, 0, , 0, 0, 0, 0, 0, 
85, 1, 85, 84, -1, 324, 240, 18.0, 11, ABalaaaalpp, 4281, 0, 0, 0, , 0, 0, 0, 0, 0, 
86, 0, 86, -1, -1, 314, 195, 23.0, 13, , 2846, 0, 0, 0, , 0, 0, 0, 0, 0, 
87, 1, 87, 86, -1, 286, 189, 27.0, 17, ABalaaapprr, 3433, 0, 0, 0, , 0, 0, 0, 0, 0, 
88, 1, 89, 87, -1, 292, 171, 16.0, 15, ABpraaaaapv, 4467, 0, 0, 0, , 0, 0, 0, 0, 0, 
89, 0, 90, -1, -1, 326, 214, 29.0, 11, , 1737, 0, 0, 0, , 0, 0, 0, 0, 0, 
90, 1, 91, 89, -1, 326, 217, 31.0, 11, ABalappaap, 2231, 0, 0, 0, , 0, 0, 0, 0, 0, 
91, 0, 92, -1, -1, 107, 294, 11.0, 9, , 549, 0, 0, 0, , 0, 0, 0, 0, 0, 
92, 1, 93, 91, -1, 119, 297, 12.0, 15, ABplppppapp, 4785, 0, 0, 0, , 0, 0, 0, 0, 0, 
93, 1, 94, 92, -1, 132, 310, 15.0, 13, ABplppppaaa, 4340, 0, 0, 0, , 0, 0, 0, 0, 0, 
94, 1, 95, 93, -1, 122, 304, 16.0, 13, ABplppppaap, 4950, 0, 0, 0, , 0, 0, 0, 0, 0, 
95, 1, 96, 94, -1, 79, 309, 13.0, 13, ABplppppppp, 4518, 0, 0, 0, , 0, 0, 0, 0, 0, 
96, 1, 97, 95, -1, 90, 305, 12.0, 11, ABplppppppa, 2526, 0, 0, 0, , 0, 0, 0, 0, 0, 
97, 1, 98, 96, -1, 116, 340, 19.0, 15, ABplpppppap, 5314, 0, 0, 0, , 0, 0, 0, 0, 0, 
98, 1, 99, 97, -1, 120, 322, 18.0, 13, ABplpppppaa, 4239, 0, 0, 0, , 0, 0, 0, 0, 0, 
99, 1, 100, 98, -1, 117, 324, 11.0, 11, ABplpppapaa, 4503, 0, 0, 0, , 0, 0, 0, 0, 0, 
100, 1, 101, 99, -1, 117, 328, 14.0, 11, ABplpppaapp, 4074, 0, 0, 0, , 0, 0, 0, 0, 0, 
101, 1, 102, 100, -1, 150, 306, 10.0, 15, ABplpppaaaa, 6369, 0, 0, 0, , 0, 0, 0, 0, 0, 
102, 1, 103, 101, -1, 153, 316, 15.0, 15, ABplpppaaap, 5738, 0, 0, 0, , 0, 0, 0, 0, 0, 
103, 1, 104, 102, -1, 156, 304, 15.0, 11, ABplppapppp, 3478, 0, 0, 0, , 0, 0, 0, 0, 0, 
104, 1, 105, 103, -1, 177, 287, 14.0, 13, ABplppapppa, 4904, 0, 0, 0, , 0, 0, 0, 0, 0, 
105, 1, 106, 104, -1, 200, 285, 14.0, 13, ABplppappap, 4798, 0, 0, 0, , 0, 0, 0, 0, 0, 
106, 1, 107, 105, -1, 211, 283, 13.0, 11, ABplppappaa, 3867, 0, 0, 0, , 0, 0, 0, 0, 0, 
107, 1, 108, 106, -1, 189, 298, 14.0, 13, ABplppapapa, 4176, 0, 0, 0, , 0, 0, 0, 0, 0, 
108, 1, 109, 107, -1, 174, 303, 15.0, 11, ABplppapapp, 3482, 0, 0, 0, , 0, 0, 0, 0, 0, 
109, 1, 110, 108, -1, 163, 295, 13.0, 13, ABplppaappp, 5247, 0, 0, 0, , 0, 0, 0, 0, 0, 
110, 0, 111, -1, -1, 280, 231, 17.0, 13, , 6848, 0, 0, 0, , 0, 0, 0, 0, 0, 
111, 1, 112, 110, -1, 192, 271, 19.0, 13, MSaappap, 3591, 0, 0, 0, , 0, 0, 0, 0, 0, 
112, 1, 113, 111, -1, 110, 292, 15.0, 13, ABplpappppp, 3134, 0, 0, 0, , 0, 0, 0, 0, 0, 
113, 1, 114, 112, -1, 130, 288, 16.0, 13, ABplpappppa, 4204, 0, 0, 0, , 0, 0, 0, 0, 0, 
114, 1, 115, 113, -1, 133, 298, 13.0, 13, ABplpapppaa, 3468, 0, 0, 0, , 0, 0, 0, 0, 0, 
115, 1, 116, 114, -1, 122, 271, 15.0, 13, ABplpapppap, 5751, 0, 0, 0, , 0, 0, 0, 0, 0, 
116, 1, 117, 115, -1, 236, 272, 11.0, 11, ABplpapappa, 3701, 0, 0, 0, , 0, 0, 0, 0, 0, 
117, 1, 118, 116, -1, 168, 275, 14.0, 11, ABplpapappp, 2997, 0, 0, 0, , 0, 0, 0, 0, 0, 
118, 1, 119, 117, -1, 242, 275, 14.0, 15, ABplpapapap, 4147, 0, 0, 0, , 0, 0, 0, 0, 0, 
119, 1, 120, 118, -1, 230, 284, 15.0, 13, ABplpapapaa, 3952, 0, 0, 0, , 0, 0, 0, 0, 0, 
120, 1, 121, 119, -1, 278, 265, 13.0, 13, ABplpapaapp, 3965, 0, 0, 0, , 0, 0, 0, 0, 0, 
121, 1, 122, 120, -1, 265, 259, 13.0, 11, ABplpapaapa, 1127, 0, 0, 0, , 0, 0, 0, 0, 0, 
122, 1, 123, 121, -1, 249, 266, 13.0, 13, ABplpapaaap, 2715, 0, 0, 0, , 0, 0, 0, 0, 0, 
123, 1, 124, 122, -1, 256, 264, 15.0, 13, ABplpapaaaa, 2975, 0, 0, 0, , 0, 0, 0, 0, 0, 
124, 1, 125, 123, -1, 205, 292, 15.0, 17, ABplppapaap, 6023, 0, 0, 0, , 0, 0, 0, 0, 0, 
125, 1, 126, 124, -1, 316, 278, 17.0, 17, ABplpaaaaaa, 6980, 0, 0, 0, , 0, 0, 0, 0, 0, 
126, 1, 127, 125, -1, 314, 253, 10.0, 17, ABplpaapapp, 6573, 0, 0, 0, , 0, 0, 0, 0, 0, 
127, 0, 128, -1, -1, 306, 256, 17.0, 13, , 3209, 0, 0, 0, , 0, 0, 0, 0, 0, 
128, 0, 129, -1, -1, 281, 275, 18.0, 13, , 5750, 0, 0, 0, , 0, 0, 0, 0, 0, 
129, 1, 130, 128, -1, 278, 320, 19.0, 13, ABplpaappap, 4780, 0, 0, 0, , 0, 0, 0, 0, 0, 
130, 1, 131, 129, -1, 275, 306, 17.0, 13, ABplpaappaa, 4313, 0, 0, 0, , 0, 0, 0, 0, 0, 
131, 0, 132, -1, -1, 288, 267, 11.0, 17, , 5921, 0, 0, 0, , 0, 0, 0, 0, 0, 
132, 1, 133, 131, -1, 293, 314, 17.0, 15, ABplpaapaap, 6794, 0, 0, 0, , 0, 0, 0, 0, 0, 
133, 0, 134, -1, -1, 303, 293, 22.0, 11, , 1142, 0, 0, 0, , 0, 0, 0, 0, 0, 
134, 1, 135, 133, -1, 351, 257, 19.0, 15, ABplpaapapa, 6643, 0, 0, 0, , 0, 0, 0, 0, 0, 
135, 0, 136, -1, -1, 262, 331, 17.0, 14, , 671, 0, 0, 0, , 0, 0, 0, 0, 0, 
136, 1, 137, 134, -1, 335, 209, 20.0, 15, ABplaapaaaa, 4756, 0, 0, 0, , 0, 0, 0, 0, 0, 
137, 1, 138, 135, -1, 354, 225, 23.0, 11, ABplaapaaap, 3982, 0, 0, 0, , 0, 0, 0, 0, 0, 
138, 1, 139, 136, -1, 339, 262, 21.0, 13, ABplaapaapa, 4498, 0, 0, 0, , 0, 0, 0, 0, 0, 
139, 1, 140, 137, -1, 332, 283, 24.0, 15, ABplaapaapp, 4716, 0, 0, 0, , 0, 0, 0, 0, 0, 
140, 1, 141, 138, -1, 308, 307, 24.0, 13, ABplaapapppa, 4187, 0, 0, 0, , 0, 0, 0, 0, 0, 
141, 1, 142, 139, -1, 287, 316, 25.0, 11, ABplaapapppp, 3087, 0, 0, 0, , 0, 0, 0, 0, 0, 
142, 1, 143, 140, -1, 284, 300, 25.0, 11, ABplaapappa, 4660, 0, 0, 0, , 0, 0, 0, 0, 0, 
143, 1, 144, 141, -1, 270, 310, 27.0, 13, ABplaapapap, 5215, 0, 0, 0, , 0, 0, 0, 0, 0, 
144, 1, 145, 142, -1, 270, 309, 23.0, 13, ABplaapapaa, 4392, 0, 0, 0, , 0, 0, 0, 0, 0, 
145, 1, 146, 143, -1, 334, 244, 29.0, 13, ABplaaaaapp, 2186, 0, 0, 0, , 0, 0, 0, 0, 0, 
146, 1, 147, 144, -1, 316, 264, 30.0, 13, MSapaaap, 4138, 0, 0, 0, , 0, 0, 0, 0, 0, 
147, 1, 148, 145, -1, 356, 236, 25.0, 15, ABarpaaaapp, 3608, 0, 0, 0, , 0, 0, 0, 0, 0, 
148, 1, 149, 146, -1, 340, 226, 27.0, 13, ABplaaaaaaa, 4868, 0, 0, 0, , 0, 0, 0, 0, 0, 
149, 1, 150, 147, -1, 347, 216, 31.0, 15, ABplaaaapp, 5372, 0, 0, 0, , 0, 0, 0, 0, 0, 
150, 0, 151, -1, -1, 352, 274, 24.0, 13, , 2959, 0, 0, 0, , 0, 0, 0, 0, 0, 
151, 0, 152, -1, -1, 333, 295, 26.0, 15, , 5468, 0, 0, 0, , 0, 0, 0, 0, 0, 
152, 1, 153, 150, -1, 331, 297, 25.0, 17, ABplaaappp, 5425, 0, 0, 0, , 0, 0, 0, 0, 0, 
153, 1, 154, 151, -1, 360, 262, 20.0, 15, ABplaaapap, 3356, 0, 0, 0, , 0, 0, 0, 0, 0, 
154, 1, 155, 152, -1, 352, 239, 18.0, 13, ABplaaapaa, 4591, 0, 0, 0, , 0, 0, 0, 0, 0, 
155, 1, 156, 153, -1, 129, 309, 9.0, 19, ABplappppa, 25858, 0, 0, 0, , 0, 0, 0, 0, 0, 
156, 1, 157, 154, -1, 85, 331, 13.0, 15, ABplappppp, 5708, 0, 0, 0, , 0, 0, 0, 0, 0, 
157, 1, 158, 155, -1, 120, 346, 14.0, 13, ABplapppaaa, 4424, 0, 0, 0, , 0, 0, 0, 0, 0, 
158, 1, 159, 156, -1, 103, 330, 14.0, 13, ABplapppapp, 3665, 0, 0, 0, , 0, 0, 0, 0, 0, 
159, 1, 160, 157, -1, 98, 343, 12.0, 11, ABplapppapa, 2683, 0, 0, 0, , 0, 0, 0, 0, 0, 
160, 1, 161, 158, -1, 216, 339, 20.0, 17, ABplappaaa, 14696, 0, 0, 0, , 0, 0, 0, 0, 0, 
161, 1, 162, 159, -1, 189, 347, 20.0, 15, ABplappaap, 9448, 0, 0, 0, , 0, 0, 0, 0, 0, 
162, 1, 163, 160, -1, 169, 350, 19.0, 15, ABplappapp, 6087, 0, 0, 0, , 0, 0, 0, 0, 0, 
163, 1, 164, 161, -1, 198, 351, 26.0, 17, ABplappapa, 7950, 0, 0, 0, , 0, 0, 0, 0, 0, 
164, 1, 165, 162, -1, 233, 331, 16.0, 15, ABplapaapp, 8975, 0, 0, 0, , 0, 0, 0, 0, 0, 
165, 1, 166, 163, -1, 248, 287, 10.0, 17, ABplapaapa, 10045, 0, 0, 0, , 0, 0, 0, 0, 0, 
166, 1, 167, 164, -1, 314, 291, 31.0, 15, ABarppaaaa, 4302, 0, 0, 0, , 0, 0, 0, 0, 0, 
167, 1, 168, 165, -1, 255, 328, 22.0, 13, ABplapaaapp, 5652, 0, 0, 0, , 0, 0, 0, 0, 0, 
168, 1, 169, 166, -1, 107, 370, 19.0, 11, ABplapapppa, 2368, 0, 0, 0, , 0, 0, 0, 0, 0, 
169, 1, 170, 167, -1, 146, 356, 17.0, 17, ABplapapap, 5716, 0, 0, 0, , 0, 0, 0, 0, 0, 
170, 1, 171, 168, -1, 134, 345, 12.0, 15, ABplapappa, 5423, 0, 0, 0, , 0, 0, 0, 0, 0, 
171, 1, 172, 169, -1, 141, 369, 22.0, 17, ABplapapaa, 8221, 0, 0, 0, , 0, 0, 0, 0, 0, 
172, 1, 173, 170, -1, 243, 227, 15.0, 15, ABprpapaaaa, 5375, 0, 0, 0, , 0, 0, 0, 0, 0, 
173, 1, 174, 171, -1, 250, 211, 13.0, 13, ABprpapaapp, 2372, 0, 0, 0, , 0, 0, 0, 0, 0, 
174, 1, 175, 172, -1, 149, 293, 14.0, 11, ABprpapappp, 2276, 0, 0, 0, , 0, 0, 0, 0, 0, 
175, 1, 176, 173, -1, 218, 230, 14.0, 14, ABprpapapaa, 5833, 0, 0, 0, , 0, 0, 0, 0, 0, 
176, 1, 177, 174, -1, 93, 303, 17.0, 15, Eplppa, 4980, 0, 0, 0, , 0, 0, 0, 0, 0, 
177, 1, 178, 175, -1, 103, 280, 17.0, 15, ABprpappppa, 7665, 0, 0, 0, , 0, 0, 0, 0, 0, 
178, 1, 179, 176, -1, 185, 290, 12.0, 14, ABprpappapp, 1883, 0, 0, 0, , 0, 0, 0, 0, 0, 
179, 1, 180, 177, -1, 251, 239, 15.0, 13, ABprpapppaa, 5923, 0, 0, 0, , 0, 0, 0, 0, 0, 
180, 1, 181, 178, -1, 282, 232, 15.0, 11, ABprpappaaa, 3767, 0, 0, 0, , 0, 0, 0, 0, 0, 
181, 1, 182, 179, -1, 230, 183, 15.0, 13, ABprpaaaaap, 4153, 0, 0, 0, , 0, 0, 0, 0, 0, 
182, 1, 183, 180, -1, 244, 182, 19.0, 13, ABpraaappaa, 5049, 0, 0, 0, , 0, 0, 0, 0, 0, 
183, 1, 184, 181, -1, 186, 266, 12.0, 15, ABprpaaaapp, 7291, 0, 0, 0, , 0, 0, 0, 0, 0, 
184, 1, 185, 182, -1, 234, 240, 10.0, 15, ABprpaaaapa, 4846, 0, 0, 0, , 0, 0, 0, 0, 0, 
185, 1, 186, 183, -1, 267, 194, 18.0, 13, ABprpaaaaaa, 5897, 0, 0, 0, , 0, 0, 0, 0, 0, 
186, 1, 187, 184, -1, 255, 219, 14.0, 14, ABprpapaapa, 3216, 0, 0, 0, , 0, 0, 0, 0, 0, 
187, 1, 188, 185, -1, 257, 195, 15.0, 13, ABprpaaappp, 6495, 0, 0, 0, , 0, 0, 0, 0, 0, 
188, 1, 189, 186, -1, 282, 185, 11.0, 15, ABprpaaapap, 3541, 0, 0, 0, , 0, 0, 0, 0, 0, 
189, 1, 190, 187, -1, 221, 172, 18.0, 13, ABprpaapaap, 5998, 0, 0, 0, , 0, 0, 0, 0, 0, 
190, 1, 191, 188, -1, 313, 170, 20.0, 15, ABprpaapapa, 5791, 0, 0, 0, , 0, 0, 0, 0, 0, 
191, 1, 192, 189, -1, 287, 196, 10.0, 17, ABprpaapapp, 8133, 0, 0, 0, , 0, 0, 0, 0, 0, 
192, 1, 193, 190, -1, 256, 204, 11.0, 17, ABprpaapppp, 8544, 0, 0, 0, , 0, 0, 0, 0, 0, 
193, 1, 194, 191, -1, 214, 178, 21.0, 13, ABprpaappap, 6015, 0, 0, 0, , 0, 0, 0, 0, 0, 
194, 1, 195, 192, -1, 228, 185, 19.0, 13, ABprpaappaa, 6308, 0, 0, 0, , 0, 0, 0, 0, 0, 
195, 1, 196, 193, -1, 96, 257, 19.0, 13, ABprpppaapa, 5789, 0, 0, 0, , 0, 0, 0, 0, 0, 
196, 1, 197, 194, -1, 142, 261, 16.0, 13, ABprpppaaap, 6836, 0, 0, 0, , 0, 0, 0, 0, 0, 
197, 1, 198, 195, -1, 139, 261, 13.0, 17, ABprpppaaaa, 4909, 0, 0, 0, , 0, 0, 0, 0, 0, 
198, 1, 199, 196, -1, 96, 260, 11.0, 13, ABprpppapaa, 4793, 0, 0, 0, , 0, 0, 0, 0, 0, 
199, 0, 200, -1, -1, 106, 286, 11.0, 14, , 1366, 0, 0, 0, , 0, 0, 0, 0, 0, 
200, 1, 201, 198, -1, 127, 259, 11.0, 15, ABprppppapa, 4373, 0, 0, 0, , 0, 0, 0, 0, 0, 
201, 1, 202, 199, -1, 118, 273, 11.0, 13, ABprppppapp, 2964, 0, 0, 0, , 0, 0, 0, 0, 0, 
202, 1, 203, 200, -1, 125, 271, 17.0, 13, ABprppppaaa, 4249, 0, 0, 0, , 0, 0, 0, 0, 0, 
203, 1, 204, 201, -1, 113, 275, 16.0, 15, ABprppppaap, 4445, 0, 0, 0, , 0, 0, 0, 0, 0, 
204, 1, 205, 202, -1, 125, 259, 21.0, 13, ABprpppppaa, 7918, 0, 0, 0, , 0, 0, 0, 0, 0, 
205, 1, 206, 203, -1, 104, 262, 21.0, 15, ABprpppppap, 4098, 0, 0, 0, , 0, 0, 0, 0, 0, 
206, 1, 207, 204, -1, 217, 191, 15.0, 13, ABprppaapap, 4869, 0, 0, 0, , 0, 0, 0, 0, 0, 
207, 0, 208, -1, -1, 219, 197, 12.0, 11, , 6971, 0, 0, 0, , 0, 0, 0, 0, 0, 
208, 1, 209, 206, -1, 208, 250, 12.0, 17, ABprppaappa, 6105, 0, 0, 0, , 0, 0, 0, 0, 0, 
209, 1, 210, 207, -1, 154, 278, 14.0, 13, ABprppaappp, 4087, 0, 0, 0, , 0, 0, 0, 0, 0, 
210, 1, 211, 208, -1, 225, 181, 13.0, 13, ABprppaaaaa, 6783, 0, 0, 0, , 0, 0, 0, 0, 0, 
211, 1, 212, 209, -1, 207, 187, 17.0, 15, ABprppaaaap, 5796, 0, 0, 0, , 0, 0, 0, 0, 0, 
212, 1, 213, 210, -1, 197, 228, 11.0, 15, ABprppapaaa, 6265, 0, 0, 0, , 0, 0, 0, 0, 0, 
213, 1, 214, 211, -1, 188, 257, 16.0, 13, ABprppapaap, 4766, 0, 0, 0, , 0, 0, 0, 0, 0, 
214, 1, 215, 212, -1, 177, 270, 16.0, 11, ABprppapapa, 3011, 0, 0, 0, , 0, 0, 0, 0, 0, 
215, 1, 216, 213, -1, 159, 275, 18.0, 13, ABprppapapp, 3881, 0, 0, 0, , 0, 0, 0, 0, 0, 
216, 1, 217, 214, -1, 163, 292, 16.0, 11, ABprppapppa, 1586, 0, 0, 0, , 0, 0, 0, 0, 0, 
217, 1, 218, 215, -1, 144, 276, 15.0, 13, ABprppapppp, 2199, 0, 0, 0, , 0, 0, 0, 0, 0, 
218, 1, 219, 216, -1, 192, 257, 14.0, 17, ABprppappaa, 11775, 0, 0, 0, , 0, 0, 0, 0, 0, 
219, 1, 220, 217, -1, 191, 276, 16.0, 13, ABprppappap, 3022, 0, 0, 0, , 0, 0, 0, 0, 0, 
220, 1, 221, 218, -1, 324, 207, 22.0, 13, ABpraapaaaa, 5945, 0, 0, 0, , 0, 0, 0, 0, 0, 
221, 1, 222, 219, -1, 326, 180, 29.0, 13, ABarpapaaap, 4219, 0, 0, 0, , 0, 0, 0, 0, 0, 
222, 1, 223, 220, -1, 333, 189, 21.0, 11, ABpraapaaap, 3871, 0, 0, 0, , 0, 0, 0, 0, 0, 
223, 1, 224, 221, -1, 296, 174, 21.0, 11, ABpraapaapa, 4474, 0, 0, 0, , 0, 0, 0, 0, 0, 
224, 1, 225, 222, -1, 226, 187, 28.0, 13, ABpraapapap, 3151, 0, 0, 0, , 0, 0, 0, 0, 0, 
225, 1, 226, 223, -1, 220, 192, 25.0, 13, ABpraapapaa, 3915, 0, 0, 0, , 0, 0, 0, 0, 0, 
226, 0, 227, -1, -1, 241, 158, 22.0, 11, , 689, 0, 0, 0, , 0, 0, 0, 0, 0, 
227, 1, 228, 225, -1, 230, 191, 26.0, 15, ABpraapappa, 7137, 0, 0, 0, , 0, 0, 0, 0, 0, 
228, 1, 229, 226, -1, 190, 189, 19.0, 13, ABpraapppp, 3211, 0, 0, 0, , 0, 0, 0, 0, 0, 
229, 1, 230, 227, -1, 310, 202, 10.0, 13, ABpraappaa, 5638, 0, 0, 0, , 0, 0, 0, 0, 0, 
230, 1, 231, 228, -1, 276, 183, 26.0, 15, ABpraaapapa, 4408, 0, 0, 0, , 0, 0, 0, 0, 0, 
231, 1, 232, 229, -1, 291, 179, 24.0, 11, ABpraaapapp, 2247, 0, 0, 0, , 0, 0, 0, 0, 0, 
232, 1, 233, 230, -1, 247, 185, 24.0, 13, ABpraaapaad, 5363, 0, 0, 0, , 0, 0, 0, 0, 0, 
233, 1, 234, 231, -1, 232, 186, 22.0, 13, ABpraaappap, 4276, 0, 0, 0, , 0, 0, 0, 0, 0, 
234, 1, 235, 232, -1, 217, 178, 24.0, 11, ABpraaapppap, 2948, 0, 0, 0, , 0, 0, 0, 0, 0, 
235, 1, 236, 233, -1, 309, 182, 18.0, 13, ABpraaaaapd, 3898, 0, 0, 0, , 0, 0, 0, 0, 0, 
236, 1, 237, 234, -1, 262, 171, 15.0, 15, ABpraaaaaaa, 7018, 0, 0, 0, , 0, 0, 0, 0, 0, 
237, 1, 238, 235, -1, 296, 193, 14.0, 13, ABpraaaaaap, 7173, 0, 0, 0, , 0, 0, 0, 0, 0, 
238, 1, 239, 236, -1, 245, 179, 14.0, 13, ABpraaaapav, 5044, 0, 0, 0, , 0, 0, 0, 0, 0, 
239, 0, 240, -1, -1, 273, 175, 18.0, 11, , 2389, 0, 0, 0, , 0, 0, 0, 0, 0, 
240, 1, 241, 238, -1, 252, 170, 24.0, 9, ABpraaaappa, 2352, 0, 0, 0, , 0, 0, 0, 0, 0, 
241, 1, 242, 239, -1, 252, 176, 27.0, 13, ABpraaaappp, 2353, 0, 0, 0, , 0, 0, 0, 0, 0, 
242, 1, 243, 240, -1, 135, 236, 21.0, 15, ABprappapp, 8735, 0, 0, 0, , 0, 0, 0, 0, 0, 
243, 1, 244, 241, -1, 151, 218, 29.0, 15, ABprappapa, 6530, 0, 0, 0, , 0, 0, 0, 0, 0, 
244, 1, 245, 242, -1, 150, 226, 23.0, 15, ABprappaap, 6356, 0, 0, 0, , 0, 0, 0, 0, 0, 
245, 1, 246, 243, -1, 168, 220, 23.0, 13, ABprappaaa, 9259, 0, 0, 0, , 0, 0, 0, 0, 0, 
246, 1, 247, 244, -1, 91, 244, 17.0, 13, ABprapppaaa, 4299, 0, 0, 0, , 0, 0, 0, 0, 0, 
247, 1, 248, 245, -1, 89, 260, 16.0, 15, ABprapppapp, 2842, 0, 0, 0, , 0, 0, 0, 0, 0, 
248, 1, 249, 246, -1, 76, 253, 14.0, 11, ABprapppapa, 3167, 0, 0, 0, , 0, 0, 0, 0, 0, 
249, 1, 250, 247, -1, 72, 269, 13.0, 15, ABprappppp, 8473, 0, 0, 0, , 0, 0, 0, 0, 0, 
250, 1, 251, 248, -1, 115, 269, 10.0, 17, ABprappppa, 8398, 0, 0, 0, , 0, 0, 0, 0, 0, 
251, 1, 252, 249, -1, 204, 192, 23.0, 13, ABprapaaapa, 3881, 0, 0, 0, , 0, 0, 0, 0, 0, 
252, 1, 253, 250, -1, 193, 202, 25.0, 13, ABprapaaapp, 4653, 0, 0, 0, , 0, 0, 0, 0, 0, 
253, 0, 254, -1, -1, 247, 185, 29.0, 9, , 1690, 0, 0, 0, , 0, 0, 0, 0, 0, 
254, 1, 255, 252, -1, 179, 204, 20.0, 17, ABprapaapp, 8888, 0, 0, 0, , 0, 0, 0, 0, 0, 
255, 1, 256, 253, -1, 212, 213, 10.0, 15, ABprapaapa, 8186, 0, 0, 0, , 0, 0, 0, 0, 0, 
256, 1, 257, 254, -1, 109, 236, 15.0, 15, ABprapappa, 6859, 0, 0, 0, , 0, 0, 0, 0, 0, 
257, 1, 258, 255, -1, 72, 267, 17.0, 17, ABprapapppp, 4458, 0, 0, 0, , 0, 0, 0, 0, 0, 
258, 1, 259, 256, -1, 113, 232, 21.0, 15, ABprapapap, 6946, 0, 0, 0, , 0, 0, 0, 0, 0, 
259, 1, 260, 257, -1, 106, 236, 27.0, 17, ABprapapaa, 6903, 0, 0, 0, , 0, 0, 0, 0, 0, 
260, 1, 261, 258, -1, 252, 197, 32.0, 15, MSppppap, 5732, 0, 0, 0, , 0, 0, 0, 0, 0, 
261, 1, 262, 259, -1, 232, 200, 19.0, 11, MSppppaa, 3000, 0, 0, 0, , 0, 0, 0, 0, 0, 
262, 1, 263, 260, -1, 296, 205, 35.0, 19, MSpppppa, 4610, 0, 0, 0, , 0, 0, 0, 0, 0, 
263, 1, 264, 261, -1, 252, 213, 35.0, 15, MSpppppp, 6461, 0, 0, 0, , 0, 0, 0, 0, 0, 
264, 1, 265, 262, -1, 279, 209, 34.0, 13, MSpppaaa, 3442, 0, 0, 0, , 0, 0, 0, 0, 0, 
265, 1, 266, 263, -1, 141, 255, 26.0, 15, MSpppaap, 2500, 0, 0, 0, , 0, 0, 0, 0, 0, 
266, 1, 267, 264, -1, 236, 229, 13.0, 13, ABprpapaaap, 3443, 0, 0, 0, , 0, 0, 0, 0, 0, 
267, 1, 268, 265, -1, 128, 286, 20.0, 15, MSppaapp, 4680, 0, 0, 0, , 0, 0, 0, 0, 0, 
268, 0, 269, -1, -1, 257, 190, 26.0, 11, , 1746, 0, 0, 0, , 0, 0, 0, 0, 0, 
269, 1, 270, 267, -1, 269, 200, 24.0, 11, MSppaaaad, 2576, 0, 0, 0, , 0, 0, 0, 0, 0, 
270, 0, 271, -1, -1, 302, 174, 30.0, 11, , 1616, 0, 0, 0, , 0, 0, 0, 0, 0, 
271, 0, 272, -1, -1, 197, 211, 27.0, 11, , 1251, 0, 0, 0, , 0, 0, 0, 0, 0, 
272, 1, 273, 269, -1, 254, 191, 22.0, 15, MSppapap, 3608, 0, 0, 0, , 0, 0, 0, 0, 0, 
273, 1, 274, 270, -1, 193, 255, 21.0, 13, MSpapappp, 4125, 0, 0, 0, , 0, 0, 0, 0, 0, 
274, 1, 275, 271, -1, 209, 250, 21.0, 13, MSpapapaa, 3435, 0, 0, 0, , 0, 0, 0, 0, 0, 
275, 1, 276, 272, -1, 212, 231, 19.0, 15, MSpapaaap, 5013, 0, 0, 0, , 0, 0, 0, 0, 0, 
276, 1, 277, 273, -1, 199, 239, 25.0, 15, MSpapaapp, 5025, 0, 0, 0, , 0, 0, 0, 0, 0, 
277, 1, 278, 274, -1, 172, 323, 17.0, 15, MSpappaa, 4979, 0, 0, 0, , 0, 0, 0, 0, 0, 
278, 1, 279, 275, -1, 171, 246, 17.0, 15, MSpappppa, 3425, 0, 0, 0, , 0, 0, 0, 0, 0, 
279, 1, 280, 276, -1, 164, 255, 19.0, 13, MSpappppp, 2348, 0, 0, 0, , 0, 0, 0, 0, 0, 
280, 1, 281, 277, -1, 235, 256, 33.0, 15, MSpaaappp, 6259, 0, 0, 0, , 0, 0, 0, 0, 0, 
281, 1, 282, 278, -1, 241, 275, 30.0, 13, MSpaaapaa, 4878, 0, 0, 0, , 0, 0, 0, 0, 0, 
282, 1, 283, 279, -1, 218, 267, 32.0, 13, MSpaaapap, 4674, 0, 0, 0, , 0, 0, 0, 0, 0, 
283, 1, 284, 280, -1, 257, 230, 32.0, 19, MSpaaaapp, 22267, 0, 0, 0, , 0, 0, 0, 0, 0, 
284, 1, 285, 281, -1, 269, 254, 34.0, 15, MSpaaaaaa, 12709, 0, 0, 0, , 0, 0, 0, 0, 0, 
285, 1, 286, 282, -1, 247, 252, 29.0, 13, MSpaaaaap, 4505, 0, 0, 0, , 0, 0, 0, 0, 0, 
286, 1, 287, 283, -1, 211, 218, 24.0, 13, ABaraappppa, 5675, 0, 0, 0, , 0, 0, 0, 0, 0, 
287, 1, 288, 284, -1, 213, 220, 29.0, 13, ABaraapppap, 4527, 0, 0, 0, , 0, 0, 0, 0, 0, 
288, 1, 289, 285, -1, 238, 258, 31.0, 13, MSpaapaap, 3726, 0, 0, 0, , 0, 0, 0, 0, 0, 
289, 1, 290, 286, -1, 249, 246, 32.0, 15, MSpaaappa, 6590, 0, 0, 0, , 0, 0, 0, 0, 0, 
290, 1, 291, 287, -1, 231, 237, 31.0, 13, MSpaapaaa, 3309, 0, 0, 0, , 0, 0, 0, 0, 0, 
291, 1, 292, 288, -1, 287, 293, 32.0, 15, MSapppap, 2378, 0, 0, 0, , 0, 0, 0, 0, 0, 
292, 1, 293, 289, -1, 310, 258, 36.0, 21, MSappppa, 14345, 0, 0, 0, , 0, 0, 0, 0, 0, 
293, 1, 295, 290, -1, 136, 339, 20.0, 13, MSappaap, 1940, 0, 0, 0, , 0, 0, 0, 0, 0, 
294, 1, 296, 291, -1, 299, 256, 33.0, 13, MSappaaa, 2106, 0, 0, 0, , 0, 0, 0, 0, 0, 
295, 1, 297, 292, -1, 265, 282, 30.0, 17, ABaraapaapp, 7824, 0, 0, 0, , 0, 0, 0, 0, 0, 
296, 1, 298, 293, -1, 326, 242, 31.0, 13, MSapappp, 2196, 0, 0, 0, , 0, 0, 0, 0, 0, 
297, 1, 299, 294, -1, 146, 290, 19.0, 17, MSapaapp, 11286, 0, 0, 0, , 0, 0, 0, 0, 0, 
298, 1, 300, 295, -1, 305, 267, 25.0, 11, MSapaaaad, 2975, 0, 0, 0, , 0, 0, 0, 0, 0, 
299, 1, 301, 296, -1, 279, 240, 33.0, 11, MSaaaaapap, 3305, 0, 0, 0, , 0, 0, 0, 0, 0, 
300, 1, 302, 297, -1, 276, 257, 30.0, 11, MSaaapaaa, 1229, 0, 0, 0, , 0, 0, 0, 0, 0, 
301, 1, 303, 298, -1, 290, 206, 29.0, 15, MSaaaaaar, 4794, 0, 0, 0, , 0, 0, 0, 0, 0, 
302, 1, 304, 299, -1, 315, 247, 28.0, 13, MSaaaaaal, 4347, 0, 0, 0, , 0, 0, 0, 0, 0, 
303, 1, 305, 300, -1, 252, 261, 34.0, 15, MSaaaapaa, 4977, 0, 0, 0, , 0, 0, 0, 0, 0, 
304, 1, 306, 301, -1, 261, 272, 32.0, 15, MSaaaapap, 4428, 0, 0, 0, , 0, 0, 0, 0, 0, 
305, 1, 307, 302, -1, 230, 275, 31.0, 13, MSaaaappa, 4182, 0, 0, 0, , 0, 0, 0, 0, 0, 
306, 1, 308, 303, -1, 240, 293, 30.0, 14, MSaaapapa, 2221, 0, 0, 0, , 0, 0, 0, 0, 0, 
307, 1, 309, 304, -1, 227, 295, 28.0, 13, MSaaapapp, 3179, 0, 0, 0, , 0, 0, 0, 0, 0, 
308, 1, 310, 305, -1, 212, 302, 29.0, 11, MSaaappa, 2956, 0, 0, 0, , 0, 0, 0, 0, 0, 
309, 1, 311, 306, -1, 219, 286, 32.0, 13, MSaaappp, 3643, 0, 0, 0, , 0, 0, 0, 0, 0, 
310, 1, 312, 307, -1, 205, 311, 16.0, 11, MSaappppa, 3004, 0, 0, 0, , 0, 0, 0, 0, 0, 
311, 1, 313, 308, -1, 189, 320, 17.0, 13, MSaappppp, 2799, 0, 0, 0, , 0, 0, 0, 0, 0, 
312, 1, 314, 309, -1, 236, 276, 18.0, 13, MSaapaaap, 3414, 0, 0, 0, , 0, 0, 0, 0, 0, 
313, 1, 315, 310, -1, 251, 272, 18.0, 11, MSaapaaaa, 2252, 0, 0, 0, , 0, 0, 0, 0, 0, 
314, 1, 316, 311, -1, 217, 287, 19.0, 11, MSaapappp, 2633, 0, 0, 0, , 0, 0, 0, 0, 0, 
315, 1, 317, 312, -1, 240, 302, 26.0, 15, MSaapappa, 4851, 0, 0, 0, , 0, 0, 0, 0, 0, 
316, 1, 318, 313, -1, 232, 282, 22.0, 15, MSaapapaa, 4117, 0, 0, 0, , 0, 0, 0, 0, 0, 
317, 1, 319, 314, -1, 231, 290, 19.0, 11, MSaapapap, 3237, 0, 0, 0, , 0, 0, 0, 0, 0, 
318, 1, 320, 315, -1, 100, 313, 25.0, 17, Eplpa, 7160, 0, 0, 0, , 0, 0, 0, 0, 0, 
319, 1, 321, 316, -1, 105, 355, 23.0, 15, Cappapa, 8060, 0, 0, 0, , 0, 0, 0, 0, 0, 
320, 1, 322, 317, -1, 92, 348, 21.0, 13, Cappapp, 6017, 0, 0, 0, , 0, 0, 0, 0, 0, 
321, 1, 323, 318, -1, 200, 325, 30.0, 15, Cappaaa, 4887, 0, 0, 0, , 0, 0, 0, 0, 0, 
322, 1, 324, 319, -1, 78, 342, 24.0, 15, Capppap, 7718, 0, 0, 0, , 0, 0, 0, 0, 0, 
323, 1, 325, 320, -1, 114, 346, 32.0, 14, Capppaa, 2123, 0, 0, 0, , 0, 0, 0, 0, 0, 
324, 1, 326, 321, -1, 125, 357, 28.0, 15, Capapap, 5592, 0, 0, 0, , 0, 0, 0, 0, 0, 
325, 1, 327, 322, -1, 164, 345, 31.0, 13, Capapaa, 5575, 0, 0, 0, , 0, 0, 0, 0, 0, 
326, 1, 328, 323, -1, 135, 324, 13.0, 13, Capappp, 5764, 0, 0, 0, , 0, 0, 0, 0, 0, 
327, 1, 329, 324, -1, 147, 338, 15.0, 17, Capappa, 4126, 0, 0, 0, , 0, 0, 0, 0, 0, 
328, 1, 330, 325, -1, 199, 330, 20.0, 13, Capaaap, 3633, 0, 0, 0, , 0, 0, 0, 0, 0, 
329, 1, 331, 326, -1, 218, 322, 18.0, 13, Capaaaa, 4903, 0, 0, 0, , 0, 0, 0, 0, 0, 
330, 0, 332, -1, -1, 80, 291, 15.0, 15, , 4137, 0, 0, 0, , 0, 0, 0, 0, 0, 
331, 1, 333, 328, -1, 64, 295, 15.0, 15, Caappv, 4535, 0, 0, 0, , 0, 0, 0, 0, 0, 
332, 0, 334, -1, -1, 99, 279, 9.0, 9, , 1590, 0, 0, 0, , 0, 0, 0, 0, 0, 
333, 1, 335, 330, -1, 87, 362, 20.0, 13, Cpappd, 1361, 0, 0, 0, , 0, 0, 0, 0, 0, 
334, 1, 336, 331, -1, 69, 322, 15.0, 15, Cpappv, 5849, 0, 0, 0, , 0, 0, 0, 0, 0, 
335, 1, 337, 332, -1, 124, 247, 24.0, 15, Cppaapp, 5381, 0, 0, 0, , 0, 0, 0, 0, 0, 
336, 1, 338, 333, -1, 151, 244, 24.0, 13, Cppaapa, 4153, 0, 0, 0, , 0, 0, 0, 0, 0, 
337, 1, 339, 334, -1, 166, 239, 21.0, 13, Cppaaap, 4051, 0, 0, 0, , 0, 0, 0, 0, 0, 
338, 1, 340, 335, -1, 181, 230, 19.0, 15, Cppaaaa, 6015, 0, 0, 0, , 0, 0, 0, 0, 0, 
339, 1, 341, 336, -1, 154, 254, 33.0, 15, Cppapaa, 5195, 0, 0, 0, , 0, 0, 0, 0, 0, 
340, 1, 342, 337, -1, 112, 256, 15.0, 13, Cppappp, 4331, 0, 0, 0, , 0, 0, 0, 0, 0, 
341, 1, 343, 338, -1, 115, 249, 19.0, 13, Cppappa, 5136, 0, 0, 0, , 0, 0, 0, 0, 0, 
342, 1, 344, 339, -1, 157, 273, 35.0, 17, Cpppaap, 4387, 0, 0, 0, , 0, 0, 0, 0, 0, 
343, 1, 345, 340, -1, 182, 238, 32.0, 13, Cpppaaa, 3802, 0, 0, 0, , 0, 0, 0, 0, 0, 
344, 1, 346, 341, -1, 73, 276, 25.0, 15, Cpppapp, 8190, 0, 0, 0, , 0, 0, 0, 0, 0, 
345, 1, 347, 342, -1, 91, 271, 32.0, 15, Cpppapa, 4096, 0, 0, 0, , 0, 0, 0, 0, 0, 
346, 1, 348, 343, -1, 261, 291, 15.0, 15, Daapa, 4110, 0, 0, 0, , 0, 0, 0, 0, 0, 
347, 1, 349, 344, -1, 245, 295, 14.0, 13, Daapp, 4863, 0, 0, 0, , 0, 0, 0, 0, 0, 
348, 1, 350, 345, -1, 258, 304, 19.0, 11, Daaaa, 1589, 0, 0, 0, , 0, 0, 0, 0, 0, 
349, 1, 351, 346, -1, 252, 306, 31.0, 15, Daaap, 4752, 0, 0, 0, , 0, 0, 0, 0, 0, 
350, 1, 352, 347, -1, 244, 294, 34.0, 13, Dappaa, 1838, 0, 0, 0, , 0, 0, 0, 0, 0, 
351, 1, 353, 348, -1, 206, 213, 15.0, 15, Dpapp, 4909, 0, 0, 0, , 0, 0, 0, 0, 0, 
352, 1, 354, 349, -1, 218, 207, 16.0, 15, Dpapa, 3860, 0, 0, 0, , 0, 0, 0, 0, 0, 
353, 1, 355, 350, -1, 225, 207, 33.0, 13, Dpaap, 6097, 0, 0, 0, , 0, 0, 0, 0, 0, 
354, 1, 356, 351, -1, 214, 204, 20.0, 13, Dpaaa, 3481, 0, 0, 0, , 0, 0, 0, 0, 0, 
355, 1, 357, 352, -1, 193, 255, 33.0, 13, Dppppa, 2572, 0, 0, 0, , 0, 0, 0, 0, 0, 
356, 1, 358, 353, -1, 213, 249, 34.0, 15, Dpppap, 4375, 0, 0, 0, , 0, 0, 0, 0, 0, 
357, 1, 359, 354, -1, 235, 228, 35.0, 19, Dpppaa, 11143, 0, 0, 0, , 0, 0, 0, 0, 0, 
358, 1, 360, 355, -1, 197, 212, 20.0, 15, Dppaa, 5656, 0, 0, 0, , 0, 0, 0, 0, 0, 
359, 1, 361, 356, -1, 199, 227, 32.0, 15, Dppap, 3228, 0, 0, 0, , 0, 0, 0, 0, 0, 
360, 0, 362, -1, -1, 380, 245, 24.0, 15, , 7384, 0, 0, 0, , 0, 0, 0, 0, 0, 
361, 0, 363, -1, -1, 305, 284, 30.0, 11, , 3200, 0, 0, 0, , 0, 0, 0, 0, 0, 
362, 0, 364, -1, -1, 294, 313, 21.0, 11, , 2489, 0, 0, 0, , 0, 0, 0, 0, 0, 
363, 1, 365, 360, -1, 285, 328, 20.0, 11, ABalppppppap, 2800, 0, 0, 0, , 0, 0, 0, 0, 0, 
364, 1, 366, 361, -1, 312, 307, 19.0, 13, ABalpppppppa, 2777, 0, 0, 0, , 0, 0, 0, 0, 0, 
365, 0, 367, -1, -1, 361, 258, 22.0, 15, , 3213, 0, 0, 0, , 0, 0, 0, 0, 0, 
366, 1, 368, 363, -1, 323, 287, 15.0, 15, ABalpppaaaa, 3645, 0, 0, 0, , 0, 0, 0, 0, 0, 
367, 1, 369, 364, -1, 323, 248, 15.0, 19, ABalpppaaap, 5849, 0, 0, 0, , 0, 0, 0, 0, 0, 
368, 1, 370, 365, -1, 335, 264, 16.0, 13, ABalpppaapd, 5221, 0, 0, 0, , 0, 0, 0, 0, 0, 
369, 1, 371, 366, -1, 336, 248, 19.0, 11, ABalpppaapv, 5642, 0, 0, 0, , 0, 0, 0, 0, 0, 
370, 1, 372, 367, -1, 304, 292, 14.0, 13, ABalpppapad, 3761, 0, 0, 0, , 0, 0, 0, 0, 0, 
371, 0, 372, -1, -1, 305, 292, 16.0, 13, , 1141, 0, 0, 0, , 0, 0, 0, 0, 0, 
372, 1, 373, 369, -1, 336, 268, 14.0, 13, ABalpppapav, 5272, 0, 0, 0, , 0, 0, 0, 0, 0, 
373, 0, 374, -1, -1, 342, 242, 15.0, 9, , 658, 0, 0, 0, , 0, 0, 0, 0, 0, 
374, 1, 375, 371, -1, 334, 253, 15.0, 15, ABalppaaapp, 5691, 0, 0, 0, , 0, 0, 0, 0, 0, 
375, 1, 376, 372, -1, 289, 300, 14.0, 13, ABplpaaaaap, 6603, 0, 0, 0, , 0, 0, 0, 0, 0, 
376, 1, 377, 373, -1, 293, 253, 13.0, 11, ABalppapppa, 3124, 0, 0, 0, , 0, 0, 0, 0, 0, 
377, 1, 378, 374, -1, 310, 276, 20.0, 13, ABalppappaa, 4822, 0, 0, 0, , 0, 0, 0, 0, 0, 
378, 1, 379, 375, -1, 316, 271, 22.0, 14, ABalapaappa, 5173, 0, 0, 0, , 0, 0, 0, 0, 0, 
379, 1, 380, 376, -1, 279, 252, 11.0, 13, ABalppapapa, 4950, 0, 0, 0, , 0, 0, 0, 0, 0, 
380, 1, 381, 377, -1, 313, 239, 11.0, 11, ABalppapapp, 2666, 0, 0, 0, , 0, 0, 0, 0, 0, 
381, 1, 382, 378, -1, 321, 227, 10.0, 15, ABplaappaa, 6205, 0, 0, 0, , 0, 0, 0, 0, 0, 
382, 1, 383, 379, -1, 313, 253, 20.0, 13, ABalppapaaa, 5697, 0, 0, 0, , 0, 0, 0, 0, 0, 
383, 1, 384, 380, -1, 276, 248, 14.0, 15, ABalpapapaa, 7773, 0, 0, 0, , 0, 0, 0, 0, 0, 
384, 1, 385, 381, -1, 215, 277, 9.0, 17, ABalpapappa, 8119, 0, 0, 0, , 0, 0, 0, 0, 0, 
385, 1, 386, 382, -1, 314, 217, 13.0, 13, ABalpapaapp, 6978, 0, 0, 0, , 0, 0, 0, 0, 0, 
386, 1, 387, 383, -1, 311, 234, 15.0, 13, ABalppapaap, 3110, 0, 0, 0, , 0, 0, 0, 0, 0, 
387, 1, 388, 384, -1, 279, 252, 19.0, 13, ABalpaaaapa, 5420, 0, 0, 0, , 0, 0, 0, 0, 0, 
388, 1, 389, 385, -1, 273, 261, 18.0, 13, ABalpaaaaap, 5055, 0, 0, 0, , 0, 0, 0, 0, 0, 
389, 1, 390, 386, -1, 254, 248, 21.0, 11, ABalpappaaa, 4873, 0, 0, 0, , 0, 0, 0, 0, 0, 
390, 1, 391, 387, -1, 283, 281, 22.0, 13, ABalpapppaa, 6492, 0, 0, 0, , 0, 0, 0, 0, 0, 
391, 1, 392, 388, -1, 260, 267, 18.0, 11, ABalpapppap, 7119, 0, 0, 0, , 0, 0, 0, 0, 0, 
392, 1, 393, 389, -1, 289, 274, 29.0, 15, ABalpaapapa, 4973, 0, 0, 0, , 0, 0, 0, 0, 0, 
393, 1, 394, 390, -1, 255, 255, 17.0, 13, ABalpaaaapp, 7068, 0, 0, 0, , 0, 0, 0, 0, 0, 
394, 1, 395, 391, -1, 283, 250, 21.0, 13, ABalpaaaaaa, 5847, 0, 0, 0, , 0, 0, 0, 0, 0, 
395, 1, 396, 392, -1, 277, 271, 20.0, 14, ABalpappaap, 2686, 0, 0, 0, , 0, 0, 0, 0, 0, 
396, 0, 397, -1, -1, 301, 230, 18.0, 11, , 3902, 0, 0, 0, , 0, 0, 0, 0, 0, 
397, 1, 398, 394, -1, 315, 226, 22.0, 13, ABalpaapppa, 2783, 0, 0, 0, , 0, 0, 0, 0, 0, 
398, 1, 399, 395, -1, 325, 225, 19.0, 17, ABalpaapppp, 3609, 0, 0, 0, , 0, 0, 0, 0, 0, 
399, 1, 400, 396, -1, 305, 227, 21.0, 15, ABalpaappaa, 4586, 0, 0, 0, , 0, 0, 0, 0, 0, 
400, 0, 401, -1, -1, 291, 254, 26.0, 13, , 3595, 0, 0, 0, , 0, 0, 0, 0, 0, 
401, 0, 402, -1, -1, 284, 267, 16.0, 13, , 3407, 0, 0, 0, , 0, 0, 0, 0, 0, 
402, 0, 403, -1, -1, 182, 275, 28.0, 11, , 460, 0, 0, 0, , 0, 0, 0, 0, 0, 
403, 1, 404, 400, -1, 137, 320, 27.0, 19, Ealpp, 2842, 0, 0, 0, , 0, 0, 0, 0, 0, 
404, 1, 405, 401, -1, 138, 295, 28.0, 21, Earpp, 25594, 0, 0, 0, , 0, 0, 0, 0, 0, 
405, 0, 406, -1, -1, 169, 300, 23.0, 19, , 10709, 0, 0, 0, , 0, 0, 0, 0, 0, 
406, 0, 407, -1, -1, 197, 292, 22.0, 21, , 49394, 0, 0, 0, , 0, 0, 0, 0, 0, 
407, 1, 408, 404, -1, 98, 292, 24.0, 19, Eprpp, 2034, 0, 0, 0, , 0, 0, 0, 0, 0, 
408, 1, 409, 405, -1, 226, 317, 32.0, 17, Dapap, 13491, 0, 0, 0, , 0, 0, 0, 0, 0, 
409, 1, 410, 406, -1, 235, 314, 18.0, 17, Dapaa, 14988, 0, 0, 0, , 0, 0, 0, 0, 0, 
410, 1, 411, 407, -1, 229, 300, 23.0, 13, MSaapaapp, 4916, 0, 0, 0, , 0, 0, 0, 0, 0, 
411, 1, 412, 408, -1, 241, 303, 20.0, 11, MSaapaapa, 2683, 0, 0, 0, , 0, 0, 0, 0, 0, 
412, 1, 413, 409, -1, 196, 207, 31.0, 17, ABarpppapp, 11103, 0, 0, 0, , 0, 0, 0, 0, 0, 
413, 1, 414, 410, -1, 273, 305, 13.0, 17, ABplppaapap, 3348, 0, 0, 0, , 0, 0, 0, 0, 0, 
414, 1, 415, 411, -1, 274, 298, 10.0, 11, ABplppaapaa, 5735, 0, 0, 0, , 0, 0, 0, 0, 0, 
415, 1, 416, 412, -1, 322, 252, 23.0, 13, ABalaaaalal, 3123, 0, 0, 0, , 0, 0, 0, 0, 0, 
416, 1, 417, 413, -1, 287, 187, 33.0, 13, MSppappa, 1806, 0, 0, 0, , 0, 0, 0, 0, 0, 
417, 1, 418, 414, -1, 324, 178, 19.0, 13, ABarpappaa, 3360, 0, 0, 0, , 0, 0, 0, 0, 0, 
418, 1, 419, 415, -1, 114, 293, 35.0, 17, Cppppaa, 6512, 0, 0, 0, , 0, 0, 0, 0, 0, 
419, 1, 420, 416, -1, 73, 294, 29.0, 15, Cppppap, 5498, 0, 0, 0, , 0, 0, 0, 0, 0, 
420, 1, 421, 417, -1, 94, 273, 14.0, 15, Cpppppv, 3428, 0, 0, 0, , 0, 0, 0, 0, 0, 
421, 1, 422, 418, -1, 312, 188, 29.0, 13, ABarpapaapp, 1229, 0, 0, 0, , 0, 0, 0, 0, 0, 
422, 0, 423, -1, -1, 117, 302, 31.0, 19, , 6403, 0, 0, 0, , 0, 0, 0, 0, 0, 
423, 0, 424, -1, -1, 119, 321, 28.0, 13, , 5543, 0, 0, 0, , 0, 0, 0, 0, 0, 
424, 1, 425, 421, -1, 306, 225, 16.0, 13, ABalpapaapa, 3067, 0, 0, 0, , 0, 0, 0, 0, 0, 
425, 0, 426, -1, -1, 145, 300, 29.0, 13, , 1558, 0, 0, 0, , 0, 0, 0, 0, 0, 
426, 1, 427, 423, -1, 229, 295, 10.0, 15, ABplppapaaa, 7810, 0, 0, 0, , 0, 0, 0, 0, 0, 
427, 1, 428, 424, -1, 335, 250, 24.0, 11, ABalaaaalar, 3785, 0, 0, 0, , 0, 0, 0, 0, 0, 
428, 1, 429, 425, -1, 281, 202, 17.0, 13, ABarappppap, 5056, 0, 0, 0, , 0, 0, 0, 0, 0, 
429, 1, 430, 426, -1, 148, 256, 19.0, 15, MSpappap, 4937, 0, 0, 0, , 0, 0, 0, 0, 0, 
430, 1, 431, 427, -1, 216, 243, 31.0, 15, MSpaapapa, 4709, 0, 0, 0, , 0, 0, 0, 0, 0, 
431, 1, 432, 428, -1, 68, 301, 20.0, 15, Cpppppd, 6381, 0, 0, 0, , 0, 0, 0, 0, 0, 
432, 1, 433, 429, -1, 300, 303, 29.0, 13, ABplapaaaaa, 3463, 0, 0, 0, , 0, 0, 0, 0, 0, 
433, 1, 434, 430, -1, 208, 271, 21.0, 15, MSaappaa, 6153, 0, 0, 0, , 0, 0, 0, 0, 0, 
434, 1, 435, 431, -1, 290, 313, 29.0, 17, ABplapaaaap, 18814, 0, 0, 0, , 0, 0, 0, 0, 0, 
435, 1, 436, 432, -1, 320, 256, 18.0, 11, ABalaaaalpa, 2331, 0, 0, 0, , 0, 0, 0, 0, 0, 
436, 1, 437, 433, -1, 331, 228, 22.0, 13, ABalaaaparr, 4253, 0, 0, 0, , 0, 0, 0, 0, 0, 
437, 1, 438, 434, -1, 343, 226, 20.0, 11, ABalaaaparl, 2997, 0, 0, 0, , 0, 0, 0, 0, 0, 
438, 1, 439, 435, -1, 266, 288, 23.0, 13, ABalpaaappp, 4379, 0, 0, 0, , 0, 0, 0, 0, 0, 
439, 1, 440, 436, -1, 274, 279, 24.0, 14, ABalpaaappa, 2488, 0, 0, 0, , 0, 0, 0, 0, 0, 
440, 1, 407, 437, -1, 203, 294, 19.0, 14, Ealaad, 1846, 0, 0, 0, , 0, 0, 0, 0, 0, 
441, 1, 442, 438, -1, 230, 236, 16.0, 13, ABprpappapa, 3451, 0, 0, 0, , 0, 0, 0, 0, 0, 
442, 1, 443, 439, -1, 140, 319, 19.0, 25, Z3, 1209, 0, 0, 0, , 0, 0, 0, 0, 0, 
443, 1, 444, 440, -1, 152, 344, 34.0, 14, Cappaap, 4187, 0, 0, 0, , 0, 0, 0, 0, 0, 
444, 1, 445, 441, -1, 282, 234, 19.0, 13, ABarappaapp, 9669, 0, 0, 0, , 0, 0, 0, 0, 0, 
445, 1, 446, 442, -1, 203, 228, 27.0, 13, MSpapappa, 1400, 0, 0, 0, , 0, 0, 0, 0, 0, 
446, 1, 447, 443, -1, 215, 237, 23.0, 11, MSpapaapaa, 3138, 0, 0, 0, , 0, 0, 0, 0, 0, 
447, 1, 448, 444, -1, 196, 221, 22.0, 15, MSpapaapap, 3114, 0, 0, 0, , 0, 0, 0, 0, 0, 
448, 1, 449, 445, -1, 282, 166, 22.0, 15, ABpraapaapp, 5201, 0, 0, 0, , 0, 0, 0, 0, 0, 
449, 0, 450, -1, -1, 275, 172, 29.0, 15, , 2358, 0, 0, 0, , 0, 0, 0, 0, 0, 
450, 1, 451, 447, -1, 275, 219, 23.0, 13, ABaraaaaapa, 1896, 0, 0, 0, , 0, 0, 0, 0, 0, 
451, 1, 452, 448, -1, 298, 249, 15.0, 13, ABalppapppp, 5552, 0, 0, 0, , 0, 0, 0, 0, 0, 
452, 1, 453, 449, -1, 318, 193, 21.0, 15, ABalaaappll, 4553, 0, 0, 0, , 0, 0, 0, 0, 0, 
453, 1, 454, 450, -1, 114, 265, 35.0, 15, Cppapap, 4831, 0, 0, 0, , 0, 0, 0, 0, 0, 
454, 1, 455, 451, -1, 301, 293, 26.0, 17, ABalppppaav, 6361, 0, 0, 0, , 0, 0, 0, 0, 0, 
455, 1, 456, 452, -1, 271, 283, 35.0, 13, MSappppp, 2124, 0, 0, 0, , 0, 0, 0, 0, 0, 
456, 1, 457, 453, -1, 284, 286, 27.0, 15, ABalpaapapp, 4066, 0, 0, 0, , 0, 0, 0, 0, 0, 
457, 1, 458, 454, -1, 116, 344, 16.0, 17, ABplpppaapa, 6634, 0, 0, 0, , 0, 0, 0, 0, 0, 
458, 0, 459, -1, -1, 220, 311, 27.0, 14, , 2013, 0, 0, 0, , 0, 0, 0, 0, 0, 
459, 1, 460, 455, -1, 229, 231, 19.0, 13, MSpapaaaa, 4407, 0, 0, 0, , 0, 0, 0, 0, 0, 
460, 1, 461, 456, -1, 196, 227, 15.0, 15, MSpapppaa, 5116, 0, 0, 0, , 0, 0, 0, 0, 0, 
461, 1, 462, 457, -1, 184, 239, 16.0, 15, MSpapppap, 3761, 0, 0, 0, , 0, 0, 0, 0, 0, 
462, 1, 463, 458, -1, 266, 176, 23.0, 13, ABprpaapaaa, 5502, 0, 0, 0, , 0, 0, 0, 0, 0, 
463, 1, 464, 459, -1, 305, 304, 15.0, 13, ABalpppppppp, 2186, 0, 0, 0, , 0, 0, 0, 0, 0, 
464, 1, 465, 460, -1, 96, 310, 10.0, 15, Caapap, 10359, 0, 0, 0, , 0, 0, 0, 0, 0, 
465, 0, 466, -1, -1, 156, 316, 30.0, 15, , 2843, 0, 0, 0, , 0, 0, 0, 0, 0, 
466, 1, 467, 746, -1, 298, 187, 22.0, 11, ABalaappppp, 2080, 0, 0, 0, , 0, 0, 0, 0, 0, 
467, 1, 468, 463, -1, 341, 204, 22.0, 11, ABarpaaaaal, 3752, 0, 0, 0, , 0, 0, 0, 0, 0, 
468, 1, 469, 464, -1, 92, 288, 13.0, 13, ABprppppppa, 3572, 0, 0, 0, , 0, 0, 0, 0, 0, 
469, 1, 470, 465, -1, 215, 193, 33.0, 15, ABarpppapa, 8147, 0, 0, 0, , 0, 0, 0, 0, 0, 
470, 1, 471, 466, -1, 284, 279, 15.0, 15, MSappapp, 3863, 0, 0, 0, , 0, 0, 0, 0, 0, 
471, 1, 472, 467, -1, 93, 233, 21.0, 11, ABarpppppp, 2382, 0, 0, 0, , 0, 0, 0, 0, 0, 
472, 1, 473, 468, -1, 247, 197, 15.0, 11, MSpppapa, 2348, 0, 0, 0, , 0, 0, 0, 0, 0, 
473, 1, 474, 469, -1, 307, 277, 31.0, 17, MSapappa, 3564, 0, 0, 0, , 0, 0, 0, 0, 0, 
474, 1, 475, 470, -1, 305, 202, 32.0, 13, MSppappp, 1838, 0, 0, 0, , 0, 0, 0, 0, 0, 
475, 1, 476, 471, -1, 104, 313, 13.0, 13, Cappppd, 5371, 0, 0, 0, , 0, 0, 0, 0, 0, 
476, 1, 477, 472, -1, 224, 265, 28.0, 15, MSaaaappp, 4694, 0, 0, 0, , 0, 0, 0, 0, 0, 
477, 1, 478, 473, -1, 109, 360, 16.0, 13, ABplapppaap, 4985, 0, 0, 0, , 0, 0, 0, 0, 0, 
478, 1, 479, 474, -1, 139, 268, 23.0, 21, Z2, 65535, 0, 0, 0, , 0, 0, 0, 0, 0, 
479, 1, 480, 475, -1, 338, 258, 30.0, 11, ABplaaaaapa, 3037, 0, 0, 0, , 0, 0, 0, 0, 0, 
480, 1, 481, 476, -1, 198, 240, 21.0, 11, MSpapapap, 3067, 0, 0, 0, , 0, 0, 0, 0, 0, 
481, 0, 482, -1, -1, 119, 344, 33.0, 17, , 3261, 0, 0, 0, , 0, 0, 0, 0, 0, 
482, 0, 483, -1, -1, 89, 321, 24.0, 11, , 962, 0, 0, 0, , 0, 0, 0, 0, 0, 
483, 1, 484, 478, -1, 96, 319, 23.0, 17, Eplppp, 9269, 0, 0, 0, , 0, 0, 0, 0, 0, 
484, 0, 485, -1, -1, 327, 279, 18.0, 13, , 4682, 0, 0, 0, , 0, 0, 0, 0, 0, 
485, 1, 486, 481, -1, 153, 343, 21.0, 17, Capaapp, 5009, 0, 0, 0, , 0, 0, 0, 0, 0, 
486, 1, 487, 482, -1, 182, 343, 23.0, 15, Capaapa, 4405, 0, 0, 0, , 0, 0, 0, 0, 0, 
487, 1, 488, 483, -1, 262, 178, 11.0, 19, ABpraappap, 11915, 0, 0, 0, , 0, 0, 0, 0, 0, 
488, 1, 489, 484, -1, 195, 291, 23.0, 15, Ealpa, 6592, 0, 0, 0, , 0, 0, 0, 0, 0, 
489, 0, 490, -1, -1, 204, 282, 29.0, 17, , 15968, 0, 0, 0, , 0, 0, 0, 0, 0, 
490, 1, 491, 486, -1, 236, 167, 16.0, 11, ABpraaappppp, 2235, 0, 0, 0, , 0, 0, 0, 0, 0, 
491, 1, 493, 487, -1, 296, 297, 19.0, 13, ABalpppppaa, 3890, 0, 0, 0, , 0, 0, 0, 0, 0, 
492, 1, 494, 488, -1, 314, 288, 23.0, 13, ABplpaapaaa, 5898, 0, 0, 0, , 0, 0, 0, 0, 0, 
493, 1, 495, 489, -1, 274, 195, 30.0, 17, MSppaaap, 10921, 0, 0, 0, , 0, 0, 0, 0, 0, 
494, 0, 496, -1, -1, 181, 291, 30.0, 13, , 3118, 0, 0, 0, , 0, 0, 0, 0, 0, 
495, 1, 497, 491, -1, 220, 262, 19.0, 13, ABarapapapp, 7912, 0, 0, 0, , 0, 0, 0, 0, 0, 
496, 1, 498, 492, -1, 74, 321, 18.0, 17, Cappppv, 5577, 0, 0, 0, , 0, 0, 0, 0, 0, 
497, 1, 499, 493, -1, 219, 305, 15.0, 13, MSaapppap, 3315, 0, 0, 0, , 0, 0, 0, 0, 0, 
498, 1, 500, 494, -1, 262, 321, 22.0, 13, ABplapaaapa, 3218, 0, 0, 0, , 0, 0, 0, 0, 0, 
499, 1, 501, 495, -1, 246, 233, 23.0, 15, ABarapapppp, 8995, 0, 0, 0, , 0, 0, 0, 0, 0, 
500, 1, 502, 496, -1, 230, 299, 15.0, 11, MSaapppaa, 3176, 0, 0, 0, , 0, 0, 0, 0, 0, 
501, 1, 503, 497, -1, 206, 268, 11.0, 13, ABarappappa, 6239, 0, 0, 0, , 0, 0, 0, 0, 0, 
502, 1, 504, 498, -1, 294, 249, 22.0, 13, ABaraaaaaaa, 4131, 0, 0, 0, , 0, 0, 0, 0, 0, 
503, 1, 505, 499, -1, 176, 295, 23.0, 11, Ealap, 569, 0, 0, 0, , 0, 0, 0, 0, 0, 
504, 0, 506, -1, -1, 165, 293, 23.0, 11, , 1812, 0, 0, 0, , 0, 0, 0, 0, 0, 
505, 0, 507, -1, -1, 141, 297, 31.0, 17, , 1879, 0, 0, 0, , 0, 0, 0, 0, 0, 
506, 0, 508, -1, -1, 103, 314, 26.0, 19, , 19355, 0, 0, 0, , 0, 0, 0, 0, 0, 
507, 1, 509, 502, -1, 200, 287, 11.0, 17, ABplpaaaapp, 7048, 0, 0, 0, , 0, 0, 0, 0, 0, 
508, 0, 510, -1, -1, 268, 321, 23.0, 13, , 2175, 0, 0, 0, , 0, 0, 0, 0, 0, 
509, 0, 511, -1, -1, 137, 268, 23.0, 13, , 2976, 0, 0, 0, , 0, 0, 0, 0, 0, 
510, 1, 512, 505, -1, 242, 237, 20.0, 11, ABarapappap, 4829, 0, 0, 0, , 0, 0, 0, 0, 0, 
511, 0, 513, -1, -1, 272, 198, 13.0, 11, , 2882, 0, 0, 0, , 0, 0, 0, 0, 0, 
512, 1, 514, 507, -1, 111, 306, 16.0, 13, ABprpappppp, 5053, 0, 0, 0, , 0, 0, 0, 0, 0, 
513, 1, 515, 508, -1, 185, 251, 25.0, 17, Earaad, 5068, 0, 0, 0, , 0, 0, 0, 0, 0, 
514, 1, 516, 509, -1, 271, 277, 11.0, 15, ABplpaapppa, 5761, 0, 0, 0, , 0, 0, 0, 0, 0, 
515, 1, 517, 510, -1, 257, 249, 11.0, 17, ABalpapapap, 8117, 0, 0, 0, , 0, 0, 0, 0, 0, 
516, 1, 518, 511, -1, 256, 277, 11.0, 15, ABalpapappp, 7010, 0, 0, 0, , 0, 0, 0, 0, 0, 
517, 1, 519, 512, -1, 98, 295, 26.0, 11, Eprpa, 614, 0, 0, 0, , 0, 0, 0, 0, 0, 
518, 1, 717, 513, -1, 352, 277, 22.0, 15, ABplaaappa, 4489, 0, 0, 0, , 0, 0, 0, 0, 0, 
519, 1, 521, 514, -1, 313, 229, 32.0, 11, ABalapapapa, 560, 0, 0, 0, , 0, 0, 0, 0, 0, 
520, 1, 522, 515, -1, 334, 197, 29.0, 11, ABalapppapp, 671, 0, 0, 0, , 0, 0, 0, 0, 0, 
521, 0, 523, -1, -1, 291, 240, 12.0, 11, , 2788, 0, 0, 0, , 0, 0, 0, 0, 0, 
522, 1, 524, 517, -1, 305, 232, 11.0, 13, ABalpapaaap, 4326, 0, 0, 0, , 0, 0, 0, 0, 0, 
523, 1, 525, 518, -1, 236, 207, 17.0, 13, MSpppapp, 3489, 0, 0, 0, , 0, 0, 0, 0, 0, 
524, 1, 526, 519, -1, 300, 293, 23.0, 11, ABalppppaad, 3260, 0, 0, 0, , 0, 0, 0, 0, 0, 
525, 1, 527, 520, -1, 237, 320, 25.0, 17, MSapapaa, 2448, 0, 0, 0, , 0, 0, 0, 0, 0, 
526, 0, 528, -1, -1, 280, 214, 33.0, 14, , 3168, 0, 0, 0, , 0, 0, 0, 0, 0, 
527, 1, 529, 522, -1, 293, 227, 29.0, 17, ABaraappaaa, 5862, 0, 0, 0, , 0, 0, 0, 0, 0, 
528, 0, 530, -1, -1, 251, 329, 14.0, 13, , 2177, 0, 0, 0, , 0, 0, 0, 0, 0, 
529, 0, 531, -1, -1, 147, 320, 19.0, 15, , 5356, 0, 0, 0, , 0, 0, 0, 0, 0, 
530, 1, 532, 525, -1, 281, 304, 21.0, 17, ABalpppppap, 2827, 0, 0, 0, , 0, 0, 0, 0, 0, 
531, 1, 533, 526, -1, 313, 255, 12.0, 13, ABalppaappp, 3217, 0, 0, 0, , 0, 0, 0, 0, 0, 
532, 1, 534, 527, -1, 270, 284, 28.0, 13, MSaaapaap, 2040, 0, 0, 0, , 0, 0, 0, 0, 0, 
533, 0, 535, -1, -1, 254, 162, 29.0, 13, , 1457, 0, 0, 0, , 0, 0, 0, 0, 0, 
534, 0, 536, -1, -1, 335, 241, 23.0, 11, , 1531, 0, 0, 0, , 0, 0, 0, 0, 0, 
535, 0, 537, -1, -1, 112, 301, 9.0, 17, , 4486, 0, 0, 0, , 0, 0, 0, 0, 0, 
536, 1, 538, 531, -1, 291, 301, 12.0, 13, ABplppaaaaa, 5658, 0, 0, 0, , 0, 0, 0, 0, 0, 
537, 1, 539, 532, -1, 259, 222, 19.0, 15, ABarapaaapa, 9359, 0, 0, 0, , 0, 0, 0, 0, 0, 
538, 1, 540, 533, -1, 283, 226, 30.0, 13, ABaraappaap, 4854, 0, 0, 0, , 0, 0, 0, 0, 0, 
539, 1, 541, 534, -1, 292, 224, 26.0, 11, ABaraaaapap, 2092, 0, 0, 0, , 0, 0, 0, 0, 0, 
540, 1, 542, 535, -1, 246, 213, 30.0, 15, ABaraaapapa, 3890, 0, 0, 0, , 0, 0, 0, 0, 0, 
541, 1, 543, 536, -1, 188, 276, 26.0, 21, Earpa, 20767, 0, 0, 0, , 0, 0, 0, 0, 0, 
542, 0, 544, -1, -1, 212, 240, 30.0, 15, , 4561, 0, 0, 0, , 0, 0, 0, 0, 0, 
543, 1, 545, 538, -1, 306, 240, 18.0, 14, ABalpapaaaa, 6156, 0, 0, 0, , 0, 0, 0, 0, 0, 
544, 1, 546, 539, -1, 67, 261, 21.0, 19, Caappd, 15434, 0, 0, 0, , 0, 0, 0, 0, 0, 
545, 0, 547, -1, -1, 224, 221, 26.0, 17, , 6001, 0, 0, 0, , 0, 0, 0, 0, 0, 
546, 0, 548, -1, -1, 300, 175, 27.0, 13, , 5250, 0, 0, 0, , 0, 0, 0, 0, 0, 
547, 1, 549, 542, -1, 255, 184, 32.0, 15, ABarpppaaa, 4138, 0, 0, 0, , 0, 0, 0, 0, 0, 
548, 0, 550, -1, -1, 94, 306, 27.0, 15, , 1227, 0, 0, 0, , 0, 0, 0, 0, 0, 
549, 0, 551, -1, -1, 156, 313, 27.0, 19, , 8689, 0, 0, 0, , 0, 0, 0, 0, 0, 
550, 1, 552, 545, -1, 325, 262, 22.0, 13, ABalapaappp, 2857, 0, 0, 0, , 0, 0, 0, 0, 0, 
551, 1, 553, 546, -1, 81, 254, 25.0, 19, Cpapaa, 8894, 0, 0, 0, , 0, 0, 0, 0, 0, 
552, 1, 554, 547, -1, 266, 176, 32.0, 11, ABalappapap, 2551, 0, 0, 0, , 0, 0, 0, 0, 0, 
553, 1, 555, 548, -1, 302, 279, 9.0, 21, ABplaappap, 9155, 0, 0, 0, , 0, 0, 0, 0, 0, 
554, 0, 556, -1, -1, 237, 188, 10.0, 9, , 2178, 0, 0, 0, , 0, 0, 0, 0, 0, 
555, 1, 557, 550, -1, 316, 295, 26.0, 14, ABalpppapppp, 1310, 0, 0, 0, , 0, 0, 0, 0, 0, 
556, 1, 558, 551, -1, 221, 275, 12.0, 13, ABplppaappa, 4933, 0, 0, 0, , 0, 0, 0, 0, 0, 
557, 1, 559, 552, -1, 266, 240, 36.0, 21, ABarppaapa, 9867, 0, 0, 0, , 0, 0, 0, 0, 0, 
558, 0, 560, -1, -1, 238, 200, 10.0, 11, , 1858, 0, 0, 0, , 0, 0, 0, 0, 0, 
559, 0, 561, -1, -1, 259, 153, 21.0, 9, , 528, 0, 0, 0, , 0, 0, 0, 0, 0, 
560, 1, 562, 555, -1, 112, 369, 24.0, 15, Cpapap, 2984, 0, 0, 0, , 0, 0, 0, 0, 0, 
561, 1, 563, 556, -1, 239, 251, 12.0, 15, ABplpaaaapa, 7697, 0, 0, 0, , 0, 0, 0, 0, 0, 
562, 1, 564, 557, -1, 328, 253, 11.0, 17, ABplpaaapap, 6149, 0, 0, 0, , 0, 0, 0, 0, 0, 
563, 1, 565, 558, -1, 253, 281, 25.0, 14, ABaraapapaa, 4509, 0, 0, 0, , 0, 0, 0, 0, 0, 
564, 0, 566, -1, -1, 315, 243, 32.0, 13, , 3210, 0, 0, 0, , 0, 0, 0, 0, 0, 
565, 1, 567, 560, -1, 92, 250, 13.0, 13, ABprpppaapp, 4764, 0, 0, 0, , 0, 0, 0, 0, 0, 
566, 1, 568, 561, -1, 136, 308, 11.0, 15, ABplppppapa, 2803, 0, 0, 0, , 0, 0, 0, 0, 0, 
567, 1, 569, 562, -1, 197, 247, 12.0, 13, ABprpapppap, 3886, 0, 0, 0, , 0, 0, 0, 0, 0, 
568, 1, 570, 563, -1, 296, 284, 20.0, 13, MSapapap, 3227, 0, 0, 0, , 0, 0, 0, 0, 0, 
569, 1, 571, 564, -1, 113, 322, 30.0, 20, Eplap, 1993, 0, 0, 0, , 0, 0, 0, 0, 0, 
570, 0, 572, -1, -1, 194, 280, 27.0, 11, , 1598, 0, 0, 0, , 0, 0, 0, 0, 0, 
571, 1, 573, 566, -1, 249, 183, 35.0, 19, ABarpaappp, 6269, 0, 0, 0, , 0, 0, 0, 0, 0, 
572, 1, 574, 567, -1, 272, 292, 19.0, 14, MSapppaa, 4878, 0, 0, 0, , 0, 0, 0, 0, 0, 
573, 0, 575, -1, -1, 224, 252, 13.0, 9, , 455, 0, 0, 0, , 0, 0, 0, 0, 0, 
574, 1, 576, 569, -1, 297, 245, 24.0, 15, ABalpaapaaa, 5920, 0, 0, 0, , 0, 0, 0, 0, 0, 
575, 0, 578, -1, -1, 138, 320, 30.0, 13, , 2139, 0, 0, 0, , 0, 0, 0, 0, 0, 
576, 0, 579, -1, -1, 325, 228, 33.0, 11, , 1942, 0, 0, 0, , 0, 0, 0, 0, 0, 
577, 1, 580, 571, -1, 236, 170, 25.0, 17, ABpraapappp, 53558, 0, 0, 0, , 0, 0, 0, 0, 0, 
578, 0, 581, -1, -1, 280, 316, 14.0, 11, , 3215, 0, 0, 0, , 0, 0, 0, 0, 0, 
579, 1, 582, 573, -1, 253, 327, 14.0, 13, ABplaapppp, 2075, 0, 0, 0, , 0, 0, 0, 0, 0, 
580, 1, 583, 574, -1, 263, 216, 32.0, 17, MSpaaaapa, 7096, 0, 0, 0, , 0, 0, 0, 0, 0, 
581, 1, 585, 575, -1, 158, 314, 28.0, 19, Eplaa, 5275, 0, 0, 0, , 0, 0, 0, 0, 0, 
582, 1, 586, 576, -1, 319, 189, 22.0, 11, ABalaaapplr, 1758, 0, 0, 0, , 0, 0, 0, 0, 0, 
583, 1, 587, 577, -1, 332, 263, 24.0, 11, ABalppppapp, 3290, 0, 0, 0, , 0, 0, 0, 0, 0, 
584, 1, 588, 578, -1, 245, 207, 27.0, 15, ABarapaappa, 8543, 0, 0, 0, , 0, 0, 0, 0, 0, 
585, 1, 589, 579, -1, 309, 165, 24.0, 17, ABarpappap, 3411, 0, 0, 0, , 0, 0, 0, 0, 0, 
586, 1, 590, 580, -1, 218, 308, 34.0, 15, Dappap, 3387, 0, 0, 0, , 0, 0, 0, 0, 0, 
587, 0, -1, -1, -1, 234, 251, 24.0, 9, , 1272, 0, 0, 0, , 0, 0, 0, 0, 0, 
588, 0, 592, -1, -1, 326, 224, 24.0, 10, , 1676, 0, 0, 0, , 0, 0, 0, 0, 0, 
589, 1, 593, 583, -1, 351, 238, 28.0, 11, ABplaaaaaap, 3580, 0, 0, 0, , 0, 0, 0, 0, 0, 
590, 0, 594, -1, -1, 260, 214, 34.0, 14, , 4371, 0, 0, 0, , 0, 0, 0, 0, 0, 
591, 1, 595, 585, -1, 185, 296, 28.0, 19, Earap, 55232, 0, 0, 0, , 0, 0, 0, 0, 0, 
592, 1, 596, 586, -1, 324, 198, 27.0, 13, ABarpapaaaa, 4023, 0, 0, 0, , 0, 0, 0, 0, 0, 
593, 0, 597, -1, -1, 265, 180, 28.0, 11, , 1838, 0, 0, 0, , 0, 0, 0, 0, 0, 
594, 0, 598, -1, -1, 137, 323, 18.0, 11, , 770, 0, 0, 0, , 0, 0, 0, 0, 0, 
595, 0, 599, -1, -1, 189, 254, 24.0, 11, , 1494, 0, 0, 0, , 0, 0, 0, 0, 0, 
596, 0, 600, -1, -1, 119, 301, 29.0, 15, , 5446, 0, 0, 0, , 0, 0, 0, 0, 0, 
597, 0, 601, -1, -1, 124, 307, 31.0, 15, , 1475, 0, 0, 0, , 0, 0, 0, 0, 0, 
598, 1, 602, 592, -1, 310, 270, 13.0, 17, ABplpaaappp, 11273, 0, 0, 0, , 0, 0, 0, 0, 0, 
599, 1, 603, 593, -1, 271, 172, 24.0, 11, ABpraaapaav, 2456, 0, 0, 0, , 0, 0, 0, 0, 0, 
600, 1, 605, 594, -1, 295, 237, 36.0, 15, ABarpaappa, 1033, 0, 0, 0, , 0, 0, 0, 0, 0, 
601, 0, 606, -1, -1, 170, 298, 22.0, 19, , 4149, 0, 0, 0, , 0, 0, 0, 0, 0, 
602, 1, 607, 596, -1, 309, 261, 14.0, 11, ABplpaaappa, 3331, 0, 0, 0, , 0, 0, 0, 0, 0, 
603, 0, 608, -1, -1, 81, 242, 19.0, 11, , 5128, 0, 0, 0, , 0, 0, 0, 0, 0, 
604, 1, 609, 598, -1, 233, 218, 23.0, 15, ABarapaappp, 5630, 0, 0, 0, , 0, 0, 0, 0, 0, 
605, 0, 610, -1, -1, 325, 281, 20.0, 9, , 1041, 0, 0, 0, , 0, 0, 0, 0, 0, 
606, 1, 611, 600, -1, 309, 289, 18.0, 11, ABalapaapaa, 2893, 0, 0, 0, , 0, 0, 0, 0, 0, 
607, 0, 612, -1, -1, 253, 206, 18.0, 11, , 3023, 0, 0, 0, , 0, 0, 0, 0, 0, 
608, 1, 613, 602, -1, 342, 276, 21.0, 11, ABalapaapap, 4402, 0, 0, 0, , 0, 0, 0, 0, 0, 
609, 0, 614, -1, -1, 196, 269, 24.0, 9, , 549, 0, 0, 0, , 0, 0, 0, 0, 0, 
610, 1, 615, 604, -1, 275, 215, 30.0, 13, ABaraappapa, 7381, 0, 0, 0, , 0, 0, 0, 0, 0, 
611, 1, 616, 605, -1, 92, 339, 17.0, 17, ABplapapppp, 8804, 0, 0, 0, , 0, 0, 0, 0, 0, 
612, 1, 617, 606, -1, 233, 250, 21.0, 11, ABarapapaaa, 5598, 0, 0, 0, , 0, 0, 0, 0, 0, 
613, 1, 618, 607, -1, 266, 220, 21.0, 15, ABarapaaaaa, 12771, 0, 0, 0, , 0, 0, 0, 0, 0, 
614, 1, 619, 608, -1, 141, 366, 29.0, 13, Cpaapp, 974, 0, 0, 0, , 0, 0, 0, 0, 0, 
615, 0, 620, -1, -1, 88, 268, 30.0, 15, , 4424, 0, 0, 0, , 0, 0, 0, 0, 0, 
616, 0, 621, -1, -1, 348, 263, 26.0, 13, , 3318, 0, 0, 0, , 0, 0, 0, 0, 0, 
617, 1, 622, 611, -1, 334, 274, 26.0, 13, ABalppppapa, 4005, 0, 0, 0, , 0, 0, 0, 0, 0, 
618, 0, 623, -1, -1, 261, 265, 21.0, 15, , 10537, 0, 0, 0, , 0, 0, 0, 0, 0, 
619, 0, 624, -1, -1, 307, 226, 34.0, 11, , 806, 0, 0, 0, , 0, 0, 0, 0, 0, 
620, 0, 625, -1, -1, 190, 193, 17.0, 15, , 4895, 0, 0, 0, , 0, 0, 0, 0, 0, 
621, 0, 626, -1, -1, 106, 367, 25.0, 13, , 1621, 0, 0, 0, , 0, 0, 0, 0, 0, 
622, 0, 627, -1, -1, 317, 275, 28.0, 14, , 1425, 0, 0, 0, , 0, 0, 0, 0, 0, 
623, 1, 628, 617, -1, 194, 215, 26.0, 13, MSppapaa, 2539, 0, 0, 0, , 0, 0, 0, 0, 0, 
624, 1, 629, 618, -1, 103, 249, 31.0, 17, Caaapp, 4272, 0, 0, 0, , 0, 0, 0, 0, 0, 
625, 1, 630, 619, -1, 287, 238, 10.0, 11, ABarappaaap, 6710, 0, 0, 0, , 0, 0, 0, 0, 0, 
626, 0, 631, -1, -1, 261, 251, 26.0, 17, , 14597, 0, 0, 0, , 0, 0, 0, 0, 0, 
627, 0, 632, -1, -1, 264, 255, 27.0, 17, , 7070, 0, 0, 0, , 0, 0, 0, 0, 0, 
628, 0, 634, -1, -1, 294, 199, 25.0, 13, , 4308, 0, 0, 0, , 0, 0, 0, 0, 0, 
629, 0, 635, -1, -1, 305, 222, 11.0, 13, , 2459, 0, 0, 0, , 0, 0, 0, 0, 0, 
630, 0, 636, -1, -1, 285, 278, 15.0, 11, , 1373, 0, 0, 0, , 0, 0, 0, 0, 0, 
631, 0, 637, -1, -1, 255, 154, 23.0, 13, , 2739, 0, 0, 0, , 0, 0, 0, 0, 0, 
632, 0, 638, -1, -1, 109, 295, 26.0, 17, , 5889, 0, 0, 0, , 0, 0, 0, 0, 0, 
633, 1, 639, 627, -1, 200, 248, 29.0, 13, MSpaapapp, 941, 0, 0, 0, , 0, 0, 0, 0, 0, 
634, 0, 640, -1, -1, 285, 183, 20.0, 7, , 775, 0, 0, 0, , 0, 0, 0, 0, 0, 
635, 0, 641, -1, -1, 105, 292, 21.0, 17, , 8463, 0, 0, 0, , 0, 0, 0, 0, 0, 
636, 1, 642, 630, -1, 273, 195, 15.0, 13, ABprpaaappa, 5804, 0, 0, 0, , 0, 0, 0, 0, 0, 
637, 0, 643, -1, -1, 261, 321, 17.0, 17, , 3491, 0, 0, 0, , 0, 0, 0, 0, 0, 
638, 1, 644, 632, -1, 236, 195, 11.0, 11, ABpraapppa, 1012, 0, 0, 0, , 0, 0, 0, 0, 0, 
639, 1, 645, 633, -1, 322, 241, 13.0, 15, ABplpaaapaa, 4260, 0, 0, 0, , 0, 0, 0, 0, 0, 
640, 0, 646, -1, -1, 92, 359, 19.0, 21, , 9295, 0, 0, 0, , 0, 0, 0, 0, 0, 
641, 1, 647, 635, -1, 355, 207, 27.0, 19, ABplaaaapa, 3548, 0, 0, 0, , 0, 0, 0, 0, 0, 
642, 1, 648, 636, -1, 200, 315, 33.0, 11, Dapppa, 589, 0, 0, 0, , 0, 0, 0, 0, 0, 
643, 0, 649, -1, -1, 236, 323, 23.0, 17, , 5411, 0, 0, 0, , 0, 0, 0, 0, 0, 
644, 1, 650, 638, -1, 284, 178, 14.0, 15, ABpraaaapad, 5812, 0, 0, 0, , 0, 0, 0, 0, 0, 
645, 0, 651, -1, -1, 94, 288, 23.0, 15, , 6616, 0, 0, 0, , 0, 0, 0, 0, 0, 
646, 0, 652, -1, -1, 280, 260, 26.0, 14, , 1945, 0, 0, 0, , 0, 0, 0, 0, 0, 
647, 1, 653, 641, -1, 291, 270, 25.0, 15, ABalpaaapaa, 4264, 0, 0, 0, , 0, 0, 0, 0, 0, 
648, 1, 654, 642, -1, 163, 292, 28.0, 17, Epraa, 4287, 0, 0, 0, , 0, 0, 0, 0, 0, 
649, 0, 655, -1, -1, 217, 344, 31.0, 15, , 2775, 0, 0, 0, , 0, 0, 0, 0, 0, 
650, 1, 656, 644, -1, 204, 284, 31.0, 17, Earaav, 10546, 0, 0, 0, , 0, 0, 0, 0, 0, 
651, 1, 657, 645, -1, 90, 288, 10.0, 17, ABprpppapap, 4765, 0, 0, 0, , 0, 0, 0, 0, 0, 
652, 0, 658, -1, -1, 329, 230, 19.0, 11, , 893, 0, 0, 0, , 0, 0, 0, 0, 0, 
653, 1, 659, 647, -1, 290, 221, 19.0, 9, ABaraaappap, 2197, 0, 0, 0, , 0, 0, 0, 0, 0, 
654, 1, 691, 648, -1, 348, 256, 24.0, 11, ABalapaaapp, 3236, 0, 0, 0, , 0, 0, 0, 0, 0, 
655, 0, 661, -1, -1, 311, 195, 12.0, 13, , 1954, 0, 0, 0, , 0, 0, 0, 0, 0, 
656, 0, 662, -1, -1, 271, 320, 15.0, 13, , 5232, 0, 0, 0, , 0, 0, 0, 0, 0, 
657, 1, 663, 694, -1, 246, 251, 19.0, 13, ABalpappppa, 1865, 0, 0, 0, , 0, 0, 0, 0, 0, 
658, 1, 664, 651, -1, 280, 283, 9.0, 17, ABplaapppa, 6274, 0, 0, 0, , 0, 0, 0, 0, 0, 
659, 0, 665, -1, -1, 260, 323, 21.0, 15, , 4209, 0, 0, 0, , 0, 0, 0, 0, 0, 
660, 0, 666, -1, -1, 102, 314, 10.0, 11, , 3125, 0, 0, 0, , 0, 0, 0, 0, 0, 
661, 1, 667, 654, -1, 119, 364, 19.0, 15, ABarppappp, 5036, 0, 0, 0, , 0, 0, 0, 0, 0, 
662, 0, 668, -1, -1, 342, 240, 27.0, 11, , 613, 0, 0, 0, , 0, 0, 0, 0, 0, 
663, 0, 669, -1, -1, 285, 186, 31.0, 11, , 3077, 0, 0, 0, , 0, 0, 0, 0, 0, 
664, 1, 670, 657, -1, 295, 236, 32.0, 15, MSaaaaapaa, 2410, 0, 0, 0, , 0, 0, 0, 0, 0, 
665, 0, 671, -1, -1, 331, 242, 35.0, 13, , 955, 0, 0, 0, , 0, 0, 0, 0, 0, 
666, 0, 672, -1, -1, 101, 297, 29.0, 17, , 2737, 0, 0, 0, , 0, 0, 0, 0, 0, 
667, 0, 673, -1, -1, 235, 259, 15.0, 9, , 2750, 0, 0, 0, , 0, 0, 0, 0, 0, 
668, 0, 674, -1, -1, 260, 161, 27.0, 17, , 11658, 0, 0, 0, , 0, 0, 0, 0, 0, 
669, 0, 675, -1, -1, 145, 366, 27.0, 13, , 5206, 0, 0, 0, , 0, 0, 0, 0, 0, 
670, 1, 695, 662, -1, 269, 238, 15.0, 11, ABplpappaaa, 2327, 0, 0, 0, , 0, 0, 0, 0, 0, 
671, 0, -1, -1, -1, 258, 320, 16.0, 11, , 2635, 0, 0, 0, , 0, 0, 0, 0, 0, 
672, 1, 679, 664, -1, 232, 257, 18.0, 13, ABarapapppa, 3585, 0, 0, 0, , 0, 0, 0, 0, 0, 
673, 1, 676, 665, -1, 244, 161, 20.0, 17, ABpraaappppa, 3606, 0, 0, 0, , 0, 0, 0, 0, 0, 
674, 0, -1, -1, -1, 178, 262, 20.0, 9, , 861, 0, 0, 0, , 0, 0, 0, 0, 0, 
675, 1, 73, 667, -1, 332, 292, 21.0, 13, ABalpppapppa, 1117, 0, 0, 0, , 0, 0, 0, 0, 0, 
676, 1, 696, 668, -1, 215, 311, 26.0, 17, Ealaav, 4418, 0, 0, 0, , 0, 0, 0, 0, 0, 
677, 0, -1, -1, -1, 94, 306, 27.0, 17, , 3382, 0, 0, 0, , 0, 0, 0, 0, 0, 
678, 0, -1, -1, -1, 134, 318, 28.0, 11, , 2886, 0, 0, 0, , 0, 0, 0, 0, 0, 
679, 0, -1, -1, -1, 262, 162, 29.0, 13, , 2622, 0, 0, 0, , 0, 0, 0, 0, 0, 
680, 1, 681, 672, -1, 183, 324, 34.0, 13, Dapppp, 1132, 0, 0, 0, , 0, 0, 0, 0, 0, 
681, 1, 254, 679, -1, 241, 180, 31.0, 17, ABprapaaaap, 6562, 0, 0, 0, , 0, 0, 0, 0, 0, 
682, 1, 677, 684, -1, 215, 338, 33.0, 15, Cpaaap, 0, 0, 0, 0, , 0, 0, 0, 0, 0, 
683, 0, 678, -1, -1, 272, 183, 18.0, 11, , 0, 0, 0, 0, , 0, 0, 0, 0, 0, 
684, 1, 680, 677, -1, 251, 224, 19.0, 13, ABarapaaaap, 9839, 0, 0, 0, , 0, 0, 0, 0, 0, 
685, 1, 682, 686, -1, 172, 259, 33.0, 13, Dppppp, 0, 0, 0, 0, , 0, 0, 0, 0, 0, 
686, 1, 683, 687, -1, 128, 248, 33.0, 15, Caaapa, 0, 0, 0, 0, , 0, 0, 0, 0, 0, 
687, 0, 684, -1, -1, 115, 321, 33.0, 15, , 0, 0, 0, 0, , 0, 0, 0, 0, 0, 
688, 1, 685, 690, -1, 253, 308, 34.0, 15, Cpaaaa, 0, 0, 0, 0, , 0, 0, 0, 0, 0, 
689, 1, 686, 691, -1, 164, 233, 33.0, 15, Caaaap, 0, 0, 0, 0, , 0, 0, 0, 0, 0, 
690, 1, 687, 692, -1, 233, 331, 30.818182, 11, Caaaaa, 541, 0, 0, 0, , 0, 0, 0, 0, 0, 
691, 1, 688, 693, -1, 264, 215, 23.785715, 17, ABaraaaaapp, 3581, 0, 0, 0, , 0, 0, 0, 0, 0, 
692, 1, 689, 695, -1, 261, 262, 22.105263, 16, ABalpappppp, 5338, 0, 0, 0, , 0, 0, 0, 0, 0, 
693, 1, 690, 696, -1, 301, 176, 24.0, 11, ABalappappp, 0, 0, 0, 0, , 0, 0, 0, 0, 0, 
694, 0, 88, -1, -1, 289, 190, 15.875, 11, , 596, 0, 0, 0, , 0, 0, 0, 0, 0, 
695, 1, 692, 699, -1, 76, 289, 13.0, 13, ABprppppppp, 0, 0, 0, 0, , 0, 0, 0, 0, 0, 
696, 1, 693, 700, -1, 222, 226, 12.0, 13, ABprpapapap, 0, 0, 0, 0, , 0, 0, 0, 0, 0, 
697, 1, 694, 701, -1, 229, 214, 13.0, 15, ABprpaapppa, 0, 0, 0, 0, , 0, 0, 0, 0, 0, 
698, 1, 374, 676, -1, 337, 246, 16.5, 12, ABalaaapalr, 1366, 0, 0, 0, , 0, 0, 0, 0, 0, 
699, 1, 492, 678, -1, 228, 169, 22.0, 13, ABpraaapppaa, 2618, 0, 0, 0, , 0, 0, 0, 0, 0, 
700, 1, 697, 702, -1, 294, 200, 12.5, 13, ABprpaaapaa, 0, 0, 0, 0, , 0, 0, 0, 0, 0, 
701, 1, 698, 703, -1, 113, 303, 10.0, 15, ABplpppapap, 0, 0, 0, 0, , 0, 0, 0, 0, 0, 
702, 1, 699, 704, -1, 271, 179, 17.5, 13, ABalaappapa, 0, 0, 0, 0, , 0, 0, 0, 0, 0, 
703, 0, 700, -1, -1, 339, 260, 21.333334, 13, , 0, 0, 0, 0, , 0, 0, 0, 0, 0, 
704, 1, 701, 706, -1, 107, 290, 13.0, 13, Caapaa, 0, 0, 0, 0, , 0, 0, 0, 0, 0, 
705, 1, 702, 707, -1, 260, 325, 17.0, 16, ABplppaaaap, 0, 0, 0, 0, , 0, 0, 0, 0, 0, 
706, 1, 703, 708, -1, 215, 255, 15.0, 15, ABplpappaap, 0, 0, 0, 0, , 0, 0, 0, 0, 0, 
707, 1, 704, 709, -1, 223, 221, 26.0, 13, ABaraapppaa, 0, 0, 0, 0, , 0, 0, 0, 0, 0, 
708, 1, 705, 710, -1, 323, 271, 19.0, 13, ABalppaaapa, 0, 0, 0, 0, , 0, 0, 0, 0, 0, 
709, 1, 706, 711, -1, 291, 255, 26.0, 13, ABalpaapaap, 0, 0, 0, 0, , 0, 0, 0, 0, 0, 
710, 0, 707, -1, -1, 279, 272, 30.0, 16, , 0, 0, 0, 0, , 0, 0, 0, 0, 0, 
711, 1, 708, 713, -1, 300, 230, 18.0, 13, ABalpaappap, 0, 0, 0, 0, , 0, 0, 0, 0, 0, 
712, 1, 709, 714, -1, 335, 241, 22.0, 13, ABalapaaapa, 0, 0, 0, 0, , 0, 0, 0, 0, 0, 
713, 1, 710, 715, -1, 284, 185, 21.0, 13, ABalaappppa, 0, 0, 0, 0, , 0, 0, 0, 0, 0, 
714, 1, 711, 716, -1, 289, 185, 16.0, 11, ABalaappapp, 0, 0, 0, 0, , 0, 0, 0, 0, 0, 
715, 1, 712, 717, -1, 301, 181, 17.0, 15, ABalaaapprl, 0, 0, 0, 0, , 0, 0, 0, 0, 0, 
716, 1, 713, 718, -1, 333, 229, 30.0, 11, ABalapapapp, 0, 0, 0, 0, , 0, 0, 0, 0, 0, 
717, 0, 714, -1, -1, 330, 270, 29.0, 13, , 0, 0, 0, 0, , 0, 0, 0, 0, 0, 
718, 0, 715, -1, -1, 293, 184, 29.0, 13, , 0, 0, 0, 0, , 0, 0, 0, 0, 0, 
719, 1, 716, 721, -1, 306, 259, 18.0, 13, ABalppappap, 0, 0, 0, 0, , 0, 0, 0, 0, 0, 
720, 1, 718, 722, -1, 310, 215, 31.545454, 10, ABalapppapa, 1235, 0, 0, 0, , 0, 0, 0, 0, 0, 
721, 0, 719, -1, -1, 290, 302, 10.247191, 12, , 0, 0, 0, 0, , 0, 0, 0, 0, 0, 
722, 1, 720, 724, -1, 273, 200, 13.0, 13, ABalaapappp, 0, 0, 0, 0, , 0, 0, 0, 0, 0, 
723, 1, 721, 725, -1, 324, 228, 26.0, 13, ABalapappaa, 0, 0, 0, 0, , 0, 0, 0, 0, 0, 
724, 1, 722, 726, -1, 277, 231, 18.0, 13, ABarapapapa, 0, 0, 0, 0, , 0, 0, 0, 0, 0, 
725, 1, 621, 610, -1, 346, 256, 27.0, 12, ABalapapppp, 3122, 0, 0, 0, , 0, 0, 0, 0, 0, 
726, 1, 723, 728, -1, 119, 303, 28.2, 15, Eprap, 0, 0, 0, 0, , 0, 0, 0, 0, 0, 
727, 0, 724, -1, -1, 120, 304, 31.0, 15, , 0, 0, 0, 0, , 0, 0, 0, 0, 0, 
728, 1, 725, 730, -1, 250, 204, 18.0, 13, MSppaaaav, 0, 0, 0, 0, , 0, 0, 0, 0, 0, 
729, 1, 726, 731, -1, 219, 194, 11.0, 13, ABprppaapaa, 0, 0, 0, 0, , 0, 0, 0, 0, 0, 
730, 1, 727, 732, -1, 80, 241, 20.5, 11, ABprapppaap, 5107, 0, 0, 0, , 0, 0, 0, 0, 0, 
731, 1, 728, 733, -1, 282, 266, 10.0, 15, ABplpaapppp, 0, 0, 0, 0, , 0, 0, 0, 0, 0, 
732, 0, 730, -1, -1, 308, 231, 11.333333, 13, , 0, 0, 0, 0, , 0, 0, 0, 0, 0, 
733, 0, 731, -1, -1, 324, 193, 25.0, 13, , 1986, 0, 0, 0, , 0, 0, 0, 0, 0, 
734, 1, 732, 737, -1, 275, 172, 28.5, 13, ABalapppppa, 0, 0, 0, 0, , 0, 0, 0, 0, 0, 
735, 0, 733, -1, -1, 160, 318, 34.5, 15, , 0, 0, 0, 0, , 0, 0, 0, 0, 0, 
736, 1, 734, 739, -1, 176, 347, 32.727272, 15, Cpaapa, 0, 0, 0, 0, , 0, 0, 0, 0, 0, 
737, 1, 735, 740, -1, 324, 238, 35.0, 15, ABarpaapap, 0, 0, 0, 0, , 0, 0, 0, 0, 0, 
738, 1, 736, 741, -1, 259, 161, 27.0, 15, ABarpapppp, 0, 0, 0, 0, , 0, 0, 0, 0, 0, 
739, 1, 737, 742, -1, 290, 313, 21.0, 11, ABalppppppaa, 0, 0, 0, 0, , 0, 0, 0, 0, 0, 
740, 0, 738, -1, -1, 276, 339, 9.214286, 13, , 0, 0, 0, 0, , 0, 0, 0, 0, 0, 
741, 1, 739, 744, -1, 328, 278, 30.0, 11, ABalapapppa, 0, 0, 0, 0, , 0, 0, 0, 0, 0, 
742, 1, 740, 745, -1, 264, 182, 28.0, 13, ABalappapaa, 0, 0, 0, 0, , 0, 0, 0, 0, 0, 
743, 1, 741, 747, -1, 322, 192, 25.0, 13, ABalappppap, 0, 0, 0, 0, , 0, 0, 0, 0, 0, 
744, 0, 742, -1, -1, 301, 178, 26.0, 11, , 0, 0, 0, 0, , 0, 0, 0, 0, 0, 
745, 0, 742, -1, -1, 301, 178, 26.0, 11, , 0, 0, 0, 0, , 0, 0, 0, 0, 0, 
746, 1, 743, 750, -1, 285, 268, 17.0, 15, MSapaaaav, 0, 0, 0, 0, , 0, 0, 0, 0, 0, 
747, 1, 744, 751, -1, 295, 184, 29.0, 13, ABalapppppp, 0, 0, 0, 0, , 0, 0, 0, 0, 0, 
748, 1, 745, 752, -1, 292, 198, 25.0, 12, ABalaapaaal, 0, 0, 0, 0, , 0, 0, 0, 0, 0, 
749, 1, 746, 753, -1, 308, 203, 26.0, 13, ABalappppaa, 0, 0, 0, 0, , 0, 0, 0, 0, 0, 
750, 1, 747, 754, -1, 341, 228, 24.75, 13, ABalapappap, 0, 0, 0, 0, , 0, 0, 0, 0, 0, 
751, 1, 748, 755, -1, 301, 178, 26.25, 11, ABalappappa, 0, 0, 0, 0, , 0, 0, 0, 0, 0, 
