1, 1, 1, 1, -1, 287, 199, 12.0, 25, ABaraa, 21888, 0, 0, 0, , 0, 0, 0, 0, 0, 
2, 1, 2, 2, -1, 246, 199, 14.0, 27, ABarap, 22077, 0, 0, 0, , 0, 0, 0, 0, 0, 
3, 1, 3, 3, -1, 240, 178, 25.0, 29, ABarpa, 28440, 0, 0, 0, , 0, 0, 0, 0, 0, 
4, 1, 4, 4, -1, 203, 209, 27.0, 27, ABarpp, 24703, 0, 0, 0, , 0, 0, 0, 0, 0, 
5, 1, 5, 5, -1, 315, 182, 24.0, 27, ABalap, 26929, 0, 0, 0, , 0, 0, 0, 0, 0, 
6, 1, 6, 6, -1, 352, 186, 21.0, 27, ABalaa, 26475, 0, 0, 0, , 0, 0, 0, 0, 0, 
7, 1, 7, 7, -1, 215, 321, 26.0, 27, ABplpp, 28731, 0, 0, 0, , 0, 0, 0, 0, 0, 
8, 1, 8, 8, -1, 262, 317, 22.0, 27, ABplpa, 25796, 0, 0, 0, , 0, 0, 0, 0, 0, 
9, 1, 9, 9, -1, 291, 228, 29.0, 25, ABplaa, 24692, 0, 0, 0, , 0, 0, 0, 0, 0, 
10, 1, 10, 10, -1, 256, 251, 29.0, 25, ABplap, 26823, 0, 0, 0, , 0, 0, 0, 0, 0, 
11, 0, 11, -1, -1, 166, 201, 28.0, 19, , 14189, 0, 0, 0, , 0, 0, 0, 0, 0, 
12, 1, 12, 12, -1, 158, 252, 11.0, 23, ABprpa, 19610, 0, 0, 0, , 0, 0, 0, 0, 0, 
13, 1, 13, 13, -1, 126, 274, 14.0, 25, ABprpp, 20241, 0, 0, 0, , 0, 0, 0, 0, 0, 
14, 1, 14, 14, -1, 182, 193, 16.0, 27, ABpraa, 24750, 0, 0, 0, , 0, 0, 0, 0, 0, 
15, 1, 15, 15, -1, 139, 228, 22.0, 27, ABprap, 25449, 0, 0, 0, , 0, 0, 0, 0, 0, 
16, 1, 16, 16, -1, 225, 270, 14.0, 37, MSp, 65535, 0, 0, 0, , 0, 0, 0, 0, 0, 
17, 1, 17, 17, -1, 285, 261, 12.0, 33, MSa, 65535, 0, 0, 0, , 0, 0, 0, 0, 0, 
18, 1, 18, 18, -1, 197, 315, 15.0, 35, Ea, 65535, 0, 0, 0, , 0, 0, 0, 0, 0, 
19, 1, 19, 19, -1, 152, 334, 19.0, 29, Ep, 50870, 0, 0, 0, , 0, 0, 0, 0, 0, 
20, 1, 20, 20, -1, 176, 264, 27.0, 31, Ca, 56355, 0, 0, 0, , 0, 0, 0, 0, 0, 
21, 1, 21, 21, -1, 121, 286, 28.0, 35, Cp, 65535, 0, 0, 0, , 0, 0, 0, 0, 0, 
22, 1, 22, 22, -1, 88, 309, 19.0, 25, D, 22201, 0, 0, 0, , 0, 0, 0, 0, 0, 
23, 1, 23, 23, -1, 116, 346, 17.0, 23, P4, 18137, 0, 0, 0, , 0, 0, 0, 0, 0, 
24, 0, 24, -1, -1, 389, 239, 23.0, 19, , 17860, 0, 0, 0, , 0, 0, 0, 0, 0, 
25, 1, 25, 25, -1, 323, 270, 25.0, 25, ABalpp, 24153, 0, 0, 0, , 0, 0, 0, 0, 0, 
26, 1, 26, 26, -1, 349, 252, 17.0, 29, ABalpa, 24981, 0, 0, 0, , 0, 0, 0, 0, 0, 
