1, 1, 1, 1, -1, 280, 210, 11.0, 25, ABaraap, 23658, 0, 0, 0, , 0, 0, 0, 0, 0, 
2, 1, 2, 2, -1, 310, 174, 15.0, 25, ABaraaa, 22828, 0, 0, 0, , 0, 0, 0, 0, 0, 
3, 1, 3, 3, -1, 254, 169, 15.0, 27, ABarapa, 24475, 0, 0, 0, , 0, 0, 0, 0, 0, 
4, 1, 4, 4, -1, 217, 211, 11.0, 25, ABarapp, 23363, 0, 0, 0, , 0, 0, 0, 0, 0, 
5, 1, 5, 5, -1, 238, 209, 20.0, 27, ABarpap, 24109, 0, 0, 0, , 0, 0, 0, 0, 0, 
6, 1, 6, 6, -1, 262, 169, 27.0, 27, ABarpaa, 23124, 0, 0, 0, , 0, 0, 0, 0, 0, 
7, 1, 7, 7, -1, 230, 199, 30.0, 27, ABarppa, 26621, 0, 0, 0, , 0, 0, 0, 0, 0, 
8, 1, 8, 8, -1, 184, 209, 25.0, 25, ABarppp, 22076, 0, 0, 0, , 0, 0, 0, 0, 0, 
9, 1, 9, 9, -1, 301, 217, 24.0, 27, ABalapp, 46888, 0, 0, 0, , 0, 0, 0, 0, 0, 
10, 1, 10, 10, -1, 314, 171, 26.0, 27, ABalapa, 25140, 0, 0, 0, , 0, 0, 0, 0, 0, 
11, 1, 11, 11, -1, 339, 220, 12.0, 25, ABalaap, 22547, 0, 0, 0, , 0, 0, 0, 0, 0, 
12, 1, 12, 12, -1, 349, 183, 21.0, 27, ABalaaa, 23226, 0, 0, 0, , 0, 0, 0, 0, 0, 
13, 1, 13, 13, -1, 191, 352, 21.0, 25, ABplppp, 22277, 0, 0, 0, , 0, 0, 0, 0, 0, 
14, 1, 14, 14, -1, 229, 331, 30.0, 25, ABplppa, 23122, 0, 0, 0, , 0, 0, 0, 0, 0, 
15, 1, 15, 15, -1, 230, 339, 18.0, 25, ABplpap, 24914, 0, 0, 0, , 0, 0, 0, 0, 0, 
16, 1, 16, 16, -1, 275, 323, 28.0, 27, ABplpaa, 25332, 0, 0, 0, , 0, 0, 0, 0, 0, 
17, 1, 17, 17, -1, 297, 255, 29.0, 27, ABplaap, 29059, 0, 0, 0, , 0, 0, 0, 0, 0, 
18, 1, 18, 18, -1, 302, 201, 33.0, 27, ABplaaa, 26622, 0, 0, 0, , 0, 0, 0, 0, 0, 
19, 1, 19, 19, -1, 243, 282, 28.0, 27, ABplapp, 25066, 0, 0, 0, , 0, 0, 0, 0, 0, 
20, 1, 20, 20, -1, 263, 227, 29.0, 25, ABplapa, 27041, 0, 0, 0, , 0, 0, 0, 0, 0, 
21, 0, 21, -1, -1, 176, 222, 30.0, 19, , 6615, 0, 0, 0, , 0, 0, 0, 0, 0, 
22, 1, 22, 22, -1, 121, 255, 11.0, 25, ABprpap, 22405, 0, 0, 0, , 0, 0, 0, 0, 0, 
23, 1, 23, 23, -1, 141, 205, 14.0, 25, ABprpaa, 21846, 0, 0, 0, , 0, 0, 0, 0, 0, 
24, 1, 24, 24, -1, 82, 286, 15.0, 25, ABprppp, 22214, 0, 0, 0, , 0, 0, 0, 0, 0, 
25, 1, 25, 25, -1, 93, 237, 17.0, 25, ABprppa, 23186, 0, 0, 0, , 0, 0, 0, 0, 0, 
26, 1, 26, 26, -1, 176, 199, 15.0, 27, ABpraap, 26866, 0, 0, 0, , 0, 0, 0, 0, 0, 
27, 1, 27, 27, -1, 219, 168, 22.0, 25, ABpraaa, 21836, 0, 0, 0, , 0, 0, 0, 0, 0, 
28, 1, 28, 28, -1, 111, 239, 25.0, 27, ABprapp, 22713, 0, 0, 0, , 0, 0, 0, 0, 0, 
29, 1, 29, 29, -1, 152, 201, 24.0, 25, ABprapa, 21613, 0, 0, 0, , 0, 0, 0, 0, 0, 
30, 1, 30, 30, 31, 178, 246, 12.0, 25, MSpp, 18767, 0, 0, 0, , 0, 0, 0, 0, 0, 
31, 1, 31, 32, -1, 224, 270, 12.0, 19, MSpap, 10700, 0, 0, 0, , 0, 0, 0, 0, 0, 
32, 1, 32, 33, -1, 251, 239, 13.0, 19, MSpaa, 11183, 0, 0, 0, , 0, 0, 0, 0, 0, 
33, 1, 33, 34, -1, 266, 293, 16.0, 31, MSap, 65535, 0, 0, 0, , 0, 0, 0, 0, 0, 
34, 1, 34, 35, -1, 312, 246, 14.0, 21, MSaaa, 10999, 0, 0, 0, , 0, 0, 0, 0, 0, 
35, 1, 34, 36, -1, 288, 265, 14.0, 19, MSaap, 11952, 0, 0, 0, , 0, 0, 0, 0, 0, 
36, 1, 35, 37, -1, 226, 306, 22.0, 27, Eal, 24319, 0, 0, 0, , 0, 0, 0, 0, 0, 
37, 1, 36, 38, -1, 172, 322, 22.0, 25, Epl, 28397, 0, 0, 0, , 0, 0, 0, 0, 0, 
38, 1, 37, 39, -1, 171, 325, 28.0, 29, Cap, 65535, 0, 0, 0, , 0, 0, 0, 0, 0, 
39, 1, 38, 40, -1, 192, 252, 29.0, 23, Caa, 32093, 0, 0, 0, , 0, 0, 0, 0, 0, 
40, 1, 39, 41, -1, 123, 274, 30.0, 31, Cpa, 65535, 0, 0, 0, , 0, 0, 0, 0, 0, 
41, 1, 40, 42, -1, 97, 313, 25.0, 31, Cpp, 36999, 0, 0, 0, , 0, 0, 0, 0, 0, 
42, 1, 41, 43, -1, 113, 356, 20.0, 21, Da, 14606, 0, 0, 0, , 0, 0, 0, 0, 0, 
43, 1, 42, 44, -1, 98, 328, 13.0, 23, Dp, 14859, 0, 0, 0, , 0, 0, 0, 0, 0, 
44, 1, 43, 45, -1, 144, 337, 15.0, 29, P4, 29419, 0, 0, 0, , 0, 0, 0, 0, 0, 
45, 0, 44, -1, -1, 387, 241, 23.0, 19, , 14806, 0, 0, 0, , 0, 0, 0, 0, 0, 
46, 1, 45, 47, -1, 301, 305, 22.0, 25, ABalppp, 24814, 0, 0, 0, , 0, 0, 0, 0, 0, 
47, 1, 46, 48, -1, 340, 273, 27.0, 27, ABalppa, 34319, 0, 0, 0, , 0, 0, 0, 0, 0, 
48, 1, 47, 49, -1, 340, 274, 18.0, 27, ABalpap, 31510, 0, 0, 0, , 0, 0, 0, 0, 0, 
49, 1, 48, 50, -1, 362, 225, 24.0, 27, ABalpaa, 23873, 0, 0, 0, , 0, 0, 0, 0, 0, 
50, 1, 49, 51, -1, 130, 267, 17.0, 27, Epr, 26361, 0, 0, 0, , 0, 0, 0, 0, 0, 
51, 1, 50, 52, -1, 187, 243, 22.0, 27, Ear, 37271, 0, 0, 0, , 0, 0, 0, 0, 0, 
