1, 1, 1, 1, -1, 264, 224, 13.0, 21, ABaraapp, 10774, 0, 0, 0, , 0, 0, 0, 0, 0, 
2, 1, 2, 2, -1, 293, 207, 11.0, 21, ABaraapa, 9377, 0, 0, 0, , 0, 0, 0, 0, 0, 
3, 1, 3, 3, -1, 293, 185, 18.0, 19, ABaraaap, 7531, 0, 0, 0, , 0, 0, 0, 0, 0, 
4, 1, 4, 4, -1, 311, 189, 13.0, 17, ABaraaaa, 7711, 0, 0, 0, , 0, 0, 0, 0, 0, 
5, 1, 5, 5, -1, 238, 186, 13.0, 21, ABarapap, 10398, 0, 0, 0, , 0, 0, 0, 0, 0, 
6, 1, 6, 6, -1, 265, 171, 14.0, 19, ABarapaa, 10473, 0, 0, 0, , 0, 0, 0, 0, 0, 
7, 1, 7, 7, -1, 205, 226, 13.0, 19, ABarappp, 9686, 0, 0, 0, , 0, 0, 0, 0, 0, 
8, 1, 8, 8, -1, 219, 200, 11.0, 21, ABarappa, 10284, 0, 0, 0, , 0, 0, 0, 0, 0, 
9, 1, 9, 9, -1, 230, 224, 21.0, 21, ABarpapp, 11953, 0, 0, 0, , 0, 0, 0, 0, 0, 
10, 1, 10, 10, -1, 254, 199, 20.0, 21, ABarpapa, 9688, 0, 0, 0, , 0, 0, 0, 0, 0, 
11, 1, 11, 11, -1, 260, 172, 30.0, 25, ABarpaap, 15905, 0, 0, 0, , 0, 0, 0, 0, 0, 
12, 1, 12, 12, -1, 265, 157, 22.0, 21, ABarpaaa, 11532, 0, 0, 0, , 0, 0, 0, 0, 0, 
13, 1, 13, 13, -1, 224, 178, 28.0, 21, ABarppaa, 13998, 0, 0, 0, , 0, 0, 0, 0, 0, 
14, 1, 14, 14, -1, 204, 210, 29.0, 21, ABarppap, 16010, 0, 0, 0, , 0, 0, 0, 0, 0, 
15, 1, 15, 15, -1, 168, 238, 26.0, 19, ABarpppp, 10763, 0, 0, 0, , 0, 0, 0, 0, 0, 
16, 1, 16, 16, -1, 194, 207, 23.0, 19, ABarpppa, 13583, 0, 0, 0, , 0, 0, 0, 0, 0, 
17, 1, 17, 17, -1, 267, 231, 25.0, 19, ABalappp, 9577, 0, 0, 0, , 0, 0, 0, 0, 0, 
18, 1, 18, 18, -1, 291, 213, 23.0, 15, ABalappa, 9020, 0, 0, 0, , 0, 0, 0, 0, 0, 
19, 1, 19, 19, -1, 291, 184, 27.0, 19, ABalapap, 9280, 0, 0, 0, , 0, 0, 0, 0, 0, 
20, 1, 20, 20, -1, 315, 164, 24.0, 21, ABalapaa, 9935, 0, 0, 0, , 0, 0, 0, 0, 0, 
21, 1, 21, 21, 22, 314, 222, 21.0, 21, ABalaap, 23214, 0, 0, 0, , 0, 0, 0, 0, 0, 
22, 1, 22, 23, -1, 341, 194, 17.0, 17, ABalaaaa, 7870, 0, 0, 0, , 0, 0, 0, 0, 0, 
23, 1, 22, 24, -1, 327, 187, 21.0, 19, ABalaaap, 7855, 0, 0, 0, , 0, 0, 0, 0, 0, 
24, 1, 23, 25, -1, 172, 351, 21.0, 21, ABplpppp, 11082, 0, 0, 0, , 0, 0, 0, 0, 0, 
25, 1, 24, 26, -1, 205, 349, 25.0, 21, ABplpppa, 11615, 0, 0, 0, , 0, 0, 0, 0, 0, 
26, 1, 25, 27, -1, 221, 331, 29.0, 19, ABplppap, 9600, 0, 0, 0, , 0, 0, 0, 0, 0, 
27, 1, 26, 28, -1, 251, 325, 30.0, 19, ABplppaa, 8072, 0, 0, 0, , 0, 0, 0, 0, 0, 
28, 1, 27, 29, -1, 216, 340, 18.0, 21, ABplpapp, 8906, 0, 0, 0, , 0, 0, 0, 0, 0, 
29, 1, 28, 30, -1, 251, 338, 20.0, 19, ABplpapa, 10412, 0, 0, 0, , 0, 0, 0, 0, 0, 
30, 1, 29, 31, -1, 302, 309, 24.0, 19, ABplpaaa, 9921, 0, 0, 0, , 0, 0, 0, 0, 0, 
31, 1, 30, 32, -1, 270, 320, 25.0, 19, ABplpaap, 8800, 0, 0, 0, , 0, 0, 0, 0, 0, 
32, 1, 31, 33, -1, 286, 267, 31.0, 25, ABplaapp, 43563, 0, 0, 0, , 0, 0, 0, 0, 0, 
33, 1, 32, 34, -1, 332, 231, 30.0, 25, ABplaapa, 38106, 0, 0, 0, , 0, 0, 0, 0, 0, 
34, 1, 33, 35, -1, 353, 200, 28.0, 19, ABplaaaa, 11269, 0, 0, 0, , 0, 0, 0, 0, 0, 
35, 1, 34, 36, -1, 315, 202, 31.0, 21, ABplaaap, 10605, 0, 0, 0, , 0, 0, 0, 0, 0, 
36, 1, 35, 37, -1, 214, 301, 30.0, 21, ABplappp, 9688, 0, 0, 0, , 0, 0, 0, 0, 0, 
37, 1, 36, 38, -1, 251, 283, 31.0, 21, ABplappa, 10235, 0, 0, 0, , 0, 0, 0, 0, 0, 
38, 1, 37, 39, -1, 290, 215, 33.0, 19, ABplapaa, 10080, 0, 0, 0, , 0, 0, 0, 0, 0, 
39, 1, 38, 40, -1, 243, 231, 32.0, 23, ABplapap, 12114, 0, 0, 0, , 0, 0, 0, 0, 0, 
40, 1, 39, 41, -1, 124, 245, 11.0, 23, ABprpapa, 9709, 0, 0, 0, , 0, 0, 0, 0, 0, 
41, 1, 40, 42, -1, 114, 280, 12.0, 19, ABprpapp, 10218, 0, 0, 0, , 0, 0, 0, 0, 0, 
42, 1, 41, 43, -1, 146, 203, 13.0, 19, ABprpaaa, 10099, 0, 0, 0, , 0, 0, 0, 0, 0, 
43, 1, 42, 44, -1, 122, 222, 16.0, 19, ABprpaap, 7952, 0, 0, 0, , 0, 0, 0, 0, 0, 
44, 1, 43, 45, -1, 78, 284, 15.0, 19, ABprpppa, 7938, 0, 0, 0, , 0, 0, 0, 0, 0, 
45, 1, 44, 46, -1, 92, 313, 16.0, 19, ABprpppp, 8478, 0, 0, 0, , 0, 0, 0, 0, 0, 
46, 1, 45, 47, -1, 95, 246, 15.0, 17, ABprppaa, 7190, 0, 0, 0, , 0, 0, 0, 0, 0, 
47, 1, 45, 48, -1, 90, 257, 16.0, 19, ABprppap, 7808, 0, 0, 0, , 0, 0, 0, 0, 0, 
48, 1, 46, 49, -1, 182, 191, 14.0, 23, ABpraapa, 15056, 0, 0, 0, , 0, 0, 0, 0, 0, 
49, 1, 47, 50, -1, 165, 224, 19.0, 23, ABpraapp, 15476, 0, 0, 0, , 0, 0, 0, 0, 0, 
50, 1, 48, 51, -1, 194, 183, 21.0, 17, ABpraaap, 6634, 0, 0, 0, , 0, 0, 0, 0, 0, 
51, 1, 48, 52, -1, 218, 171, 19.0, 17, ABpraaaa, 6873, 0, 0, 0, , 0, 0, 0, 0, 0, 
52, 1, 49, 53, -1, 99, 238, 24.0, 21, ABprappa, 26732, 0, 0, 0, , 0, 0, 0, 0, 0, 
53, 1, 50, 54, -1, 99, 276, 24.0, 23, ABprappp, 12026, 0, 0, 0, , 0, 0, 0, 0, 0, 
54, 1, 51, 55, -1, 151, 190, 23.0, 21, ABprapaa, 12080, 0, 0, 0, , 0, 0, 0, 0, 0, 
55, 1, 52, 56, -1, 134, 217, 27.0, 23, ABprapap, 12837, 0, 0, 0, , 0, 0, 0, 0, 0, 
56, 1, 53, 57, -1, 153, 276, 10.0, 25, MSppp, 21054, 0, 0, 0, , 0, 0, 0, 0, 0, 
57, 1, 54, 58, -1, 179, 237, 11.0, 27, MSppa, 65535, 0, 0, 0, , 0, 0, 0, 0, 0, 
58, 1, 55, 59, -1, 211, 289, 11.0, 27, MSpap, 65535, 0, 0, 0, , 0, 0, 0, 0, 0, 
59, 1, 56, 60, -1, 248, 252, 13.0, 25, MSpaa, 25469, 0, 0, 0, , 0, 0, 0, 0, 0, 
60, 1, 57, 61, -1, 236, 317, 12.0, 25, MSapp, 22008, 0, 0, 0, , 0, 0, 0, 0, 0, 
61, 1, 58, 62, -1, 275, 303, 14.0, 25, MSapa, 23026, 0, 0, 0, , 0, 0, 0, 0, 0, 
62, 1, 59, 63, -1, 317, 243, 12.0, 29, MSaaa, 65535, 0, 0, 0, , 0, 0, 0, 0, 0, 
63, 1, 60, 64, -1, 279, 269, 11.0, 27, MSaap, 30094, 0, 0, 0, , 0, 0, 0, 0, 0, 
64, 1, 61, 65, -1, 228, 293, 21.0, 29, Eal, 65535, 0, 0, 0, , 0, 0, 0, 0, 0, 
65, 1, 62, 66, -1, 165, 306, 23.0, 31, Epl, 65535, 0, 0, 0, , 0, 0, 0, 0, 0, 
66, 1, 63, 67, -1, 150, 335, 29.0, 19, Capp, 10692, 0, 0, 0, , 0, 0, 0, 0, 0, 
67, 1, 64, 68, -1, 186, 335, 31.0, 19, Capa, 11147, 0, 0, 0, , 0, 0, 0, 0, 0, 
68, 1, 65, 69, -1, 207, 251, 30.0, 25, Caaa, 15750, 0, 0, 0, , 0, 0, 0, 0, 0, 
69, 1, 66, 70, -1, 166, 301, 31.0, 23, Caap, 14501, 0, 0, 0, , 0, 0, 0, 0, 0, 
70, 1, 67, 71, -1, 117, 310, 32.0, 27, Cpap, 40847, 0, 0, 0, , 0, 0, 0, 0, 0, 
71, 1, 68, 72, -1, 135, 254, 32.0, 25, Cpaa, 41896, 0, 0, 0, , 0, 0, 0, 0, 0, 
72, 1, 69, 73, -1, 75, 303, 23.0, 23, Cppa, 18713, 0, 0, 0, , 0, 0, 0, 0, 0, 
73, 1, 70, 74, -1, 106, 343, 25.0, 25, Cppp, 20372, 0, 0, 0, , 0, 0, 0, 0, 0, 
74, 1, 71, 75, -1, 140, 355, 20.0, 27, Da, 30259, 0, 0, 0, , 0, 0, 0, 0, 0, 
75, 1, 72, 76, -1, 118, 335, 15.0, 25, Dp, 20608, 0, 0, 0, , 0, 0, 0, 0, 0, 
76, 1, 73, 77, -1, 156, 321, 13.0, 29, P4, 26164, 0, 0, 0, , 0, 0, 0, 0, 0, 
77, 0, 74, -1, -1, 385, 242, 23.0, 17, , 13468, 0, 0, 0, , 0, 0, 0, 0, 0, 
78, 1, 75, 79, -1, 276, 282, 22.0, 21, ABalpppp, 14405, 0, 0, 0, , 0, 0, 0, 0, 0, 
79, 1, 76, 80, -1, 313, 275, 25.0, 19, ABalpppa, 12089, 0, 0, 0, , 0, 0, 0, 0, 0, 
80, 1, 77, 81, -1, 365, 253, 25.0, 17, ABalppaa, 7034, 0, 0, 0, , 0, 0, 0, 0, 0, 
81, 1, 78, 82, -1, 342, 269, 27.0, 19, ABalppap, 11194, 0, 0, 0, , 0, 0, 0, 0, 0, 
82, 1, 79, 83, -1, 356, 258, 15.0, 21, ABalpapa, 13376, 0, 0, 0, , 0, 0, 0, 0, 0, 
83, 1, 80, 84, -1, 315, 278, 16.0, 21, ABalpapp, 14293, 0, 0, 0, , 0, 0, 0, 0, 0, 
84, 1, 81, 85, -1, 354, 217, 15.0, 21, ABalpaaa, 9627, 0, 0, 0, , 0, 0, 0, 0, 0, 
85, 1, 82, 86, -1, 355, 235, 21.0, 21, ABalpaap, 9551, 0, 0, 0, , 0, 0, 0, 0, 0, 
86, 1, 83, 87, -1, 130, 280, 20.0, 31, Epr, 65535, 0, 0, 0, , 0, 0, 0, 0, 0, 
87, 1, 84, 88, -1, 186, 262, 17.0, 31, Ear, 65535, 0, 0, 0, , 0, 0, 0, 0, 0, 
