1, 1, 1, 1, -1, 278, 203, 10.0, 23, ABaraapp, 16366, 0, 0, 0, , 0, 0, 0, 0, 0, 
2, 1, 2, 2, -1, 315, 193, 12.0, 23, ABaraapa, 16105, 0, 0, 0, , 0, 0, 0, 0, 0, 
3, 1, 3, 3, -1, 287, 186, 18.0, 23, ABaraaap, 17240, 0, 0, 0, , 0, 0, 0, 0, 0, 
4, 1, 4, 4, -1, 334, 185, 16.0, 21, ABaraaaa, 12699, 0, 0, 0, , 0, 0, 0, 0, 0, 
5, 1, 5, 5, -1, 239, 177, 13.0, 23, ABarapap, 17266, 0, 0, 0, , 0, 0, 0, 0, 0, 
6, 1, 6, 6, -1, 275, 171, 14.0, 23, ABarapaa, 14847, 0, 0, 0, , 0, 0, 0, 0, 0, 
7, 1, 7, 7, -1, 192, 208, 17.0, 21, ABarappp, 12418, 0, 0, 0, , 0, 0, 0, 0, 0, 
8, 1, 8, 8, -1, 215, 195, 12.0, 23, ABarappa, 14627, 0, 0, 0, , 0, 0, 0, 0, 0, 
9, 1, 9, 9, -1, 218, 206, 21.0, 23, ABarpapp, 15192, 0, 0, 0, , 0, 0, 0, 0, 0, 
10, 1, 10, 10, -1, 254, 185, 22.0, 23, ABarpapa, 17164, 0, 0, 0, , 0, 0, 0, 0, 0, 
11, 1, 11, 11, -1, 249, 180, 30.0, 23, ABarpaap, 20308, 0, 0, 0, , 0, 0, 0, 0, 0, 
12, 1, 12, 12, -1, 275, 160, 23.0, 21, ABarpaaa, 14621, 0, 0, 0, , 0, 0, 0, 0, 0, 
13, 1, 13, 13, -1, 223, 194, 32.0, 23, ABarppaa, 17316, 0, 0, 0, , 0, 0, 0, 0, 0, 
14, 1, 14, 14, -1, 217, 234, 28.0, 23, ABarppap, 29907, 0, 0, 0, , 0, 0, 0, 0, 0, 
15, 1, 15, 15, -1, 154, 247, 26.0, 21, ABarpppp, 16973, 0, 0, 0, , 0, 0, 0, 0, 0, 
16, 1, 16, 16, -1, 188, 211, 25.0, 23, ABarpppa, 17938, 0, 0, 0, , 0, 0, 0, 0, 0, 
17, 1, 17, 17, -1, 262, 220, 27.0, 23, ABalappp, 16441, 0, 0, 0, , 0, 0, 0, 0, 0, 
18, 1, 18, 18, -1, 300, 205, 26.0, 23, ABalappa, 18847, 0, 0, 0, , 0, 0, 0, 0, 0, 
19, 1, 19, 19, -1, 286, 177, 31.0, 23, ABalapap, 15831, 0, 0, 0, , 0, 0, 0, 0, 0, 
20, 1, 20, 20, -1, 325, 175, 27.0, 23, ABalapaa, 13673, 0, 0, 0, , 0, 0, 0, 0, 0, 
21, 1, 21, 21, -1, 321, 211, 20.0, 21, ABalaapa, 14642, 0, 0, 0, , 0, 0, 0, 0, 0, 
22, 1, 22, 22, -1, 287, 225, 21.0, 23, ABalaapp, 15030, 0, 0, 0, , 0, 0, 0, 0, 0, 
23, 1, 23, 23, -1, 358, 199, 18.0, 21, ABalaaaa, 14020, 0, 0, 0, , 0, 0, 0, 0, 0, 
24, 1, 24, 24, -1, 334, 194, 23.0, 21, ABalaaap, 14405, 0, 0, 0, , 0, 0, 0, 0, 0, 
25, 1, 25, 25, -1, 196, 350, 20.0, 21, ABplpppp, 15666, 0, 0, 0, , 0, 0, 0, 0, 0, 
26, 1, 26, 26, -1, 211, 342, 28.0, 23, ABplpppa, 13951, 0, 0, 0, , 0, 0, 0, 0, 0, 
27, 1, 27, 27, -1, 235, 331, 30.0, 21, ABplppap, 13280, 0, 0, 0, , 0, 0, 0, 0, 0, 
28, 1, 28, 28, -1, 264, 313, 30.0, 21, ABplppaa, 13469, 0, 0, 0, , 0, 0, 0, 0, 0, 
29, 1, 29, 29, -1, 234, 340, 22.0, 23, ABplpapp, 17686, 0, 0, 0, , 0, 0, 0, 0, 0, 
30, 1, 30, 30, -1, 276, 327, 23.0, 21, ABplpapa, 15821, 0, 0, 0, , 0, 0, 0, 0, 0, 
31, 1, 31, 31, -1, 317, 300, 23.0, 21, ABplpaaa, 15238, 0, 0, 0, , 0, 0, 0, 0, 0, 
32, 1, 32, 32, -1, 290, 310, 28.0, 21, ABplpaap, 13354, 0, 0, 0, , 0, 0, 0, 0, 0, 
33, 1, 33, 33, -1, 283, 268, 30.0, 25, ABplaapp, 18747, 0, 0, 0, , 0, 0, 0, 0, 0, 
34, 1, 34, 34, -1, 324, 246, 31.0, 23, ABplaapa, 18173, 0, 0, 0, , 0, 0, 0, 0, 0, 
35, 1, 35, 35, -1, 338, 213, 31.0, 23, ABplaaaa, 15177, 0, 0, 0, , 0, 0, 0, 0, 0, 
36, 1, 36, 36, -1, 303, 207, 33.0, 21, ABplaaap, 19138, 0, 0, 0, , 0, 0, 0, 0, 0, 
37, 1, 37, 37, -1, 213, 307, 31.0, 21, ABplappp, 13851, 0, 0, 0, , 0, 0, 0, 0, 0, 
38, 1, 38, 38, -1, 247, 283, 31.0, 23, ABplappa, 15362, 0, 0, 0, , 0, 0, 0, 0, 0, 
39, 1, 39, 39, -1, 284, 231, 33.0, 21, ABplapaa, 14781, 0, 0, 0, , 0, 0, 0, 0, 0, 
40, 1, 40, 40, -1, 242, 247, 33.0, 23, ABplapap, 14461, 0, 0, 0, , 0, 0, 0, 0, 0, 
41, 1, 41, 41, -1, 133, 226, 11.0, 23, ABprpapa, 14647, 0, 0, 0, , 0, 0, 0, 0, 0, 
42, 1, 42, 42, -1, 110, 260, 11.0, 23, ABprpapp, 17073, 0, 0, 0, , 0, 0, 0, 0, 0, 
43, 1, 43, 43, -1, 153, 200, 12.0, 23, ABprpaaa, 14744, 0, 0, 0, , 0, 0, 0, 0, 0, 
44, 1, 44, 44, -1, 121, 216, 17.0, 23, ABprpaap, 14469, 0, 0, 0, , 0, 0, 0, 0, 0, 
45, 1, 45, 45, -1, 70, 291, 15.0, 21, ABprpppa, 13512, 0, 0, 0, , 0, 0, 0, 0, 0, 
46, 1, 46, 46, -1, 102, 299, 12.0, 23, ABprpppp, 16745, 0, 0, 0, , 0, 0, 0, 0, 0, 
47, 1, 47, 47, -1, 97, 234, 15.0, 21, ABprppaa, 14296, 0, 0, 0, , 0, 0, 0, 0, 0, 
48, 1, 48, 48, -1, 84, 267, 17.0, 21, ABprppap, 14029, 0, 0, 0, , 0, 0, 0, 0, 0, 
49, 1, 49, 49, -1, 177, 183, 15.0, 21, ABpraapa, 15876, 0, 0, 0, , 0, 0, 0, 0, 0, 
50, 1, 50, 50, -1, 147, 205, 23.0, 25, ABpraapp, 19199, 0, 0, 0, , 0, 0, 0, 0, 0, 
51, 1, 51, 51, -1, 188, 177, 24.0, 21, ABpraaap, 15559, 0, 0, 0, , 0, 0, 0, 0, 0, 
52, 1, 52, 52, -1, 226, 166, 19.0, 23, ABpraaaa, 16535, 0, 0, 0, , 0, 0, 0, 0, 0, 
53, 1, 53, 53, -1, 103, 238, 22.0, 25, ABprappa, 19248, 0, 0, 0, , 0, 0, 0, 0, 0, 
54, 1, 54, 54, -1, 85, 286, 22.0, 23, ABprappp, 14363, 0, 0, 0, , 0, 0, 0, 0, 0, 
55, 1, 55, 55, -1, 160, 198, 29.0, 23, ABprapaa, 16278, 0, 0, 0, , 0, 0, 0, 0, 0, 
56, 1, 56, 56, -1, 123, 228, 29.0, 23, ABprapap, 16503, 0, 0, 0, , 0, 0, 0, 0, 0, 
57, 1, 57, 57, -1, 143, 285, 12.0, 17, MSpppp, 8734, 0, 0, 0, , 0, 0, 0, 0, 0, 
58, 1, 57, 58, -1, 155, 258, 13.0, 17, MSpppa, 8257, 0, 0, 0, , 0, 0, 0, 0, 0, 
59, 1, 58, 59, -1, 186, 226, 13.0, 17, MSppaa, 8740, 0, 0, 0, , 0, 0, 0, 0, 0, 
60, 1, 58, 60, -1, 172, 245, 12.0, 17, MSppap, 8663, 0, 0, 0, , 0, 0, 0, 0, 0, 
61, 1, 59, 61, -1, 223, 262, 12.0, 21, MSpapa, 15292, 0, 0, 0, , 0, 0, 0, 0, 0, 
62, 1, 60, 62, -1, 187, 291, 12.0, 21, MSpapp, 15268, 0, 0, 0, , 0, 0, 0, 0, 0, 
63, 1, 61, 63, -1, 262, 218, 15.0, 21, MSpaaa, 12864, 0, 0, 0, , 0, 0, 0, 0, 0, 
64, 1, 62, 64, -1, 233, 236, 13.0, 19, MSpaap, 12538, 0, 0, 0, , 0, 0, 0, 0, 0, 
65, 1, 63, 65, -1, 218, 322, 14.0, 23, MSapp, 14774, 0, 0, 0, , 0, 0, 0, 0, 0, 
66, 1, 64, 66, -1, 263, 309, 16.0, 23, MSapa, 17334, 0, 0, 0, , 0, 0, 0, 0, 0, 
67, 1, 65, 67, -1, 327, 238, 14.0, 21, MSaaaa, 14272, 0, 0, 0, , 0, 0, 0, 0, 0, 
68, 1, 66, 68, -1, 285, 244, 12.0, 21, MSaaap, 12557, 0, 0, 0, , 0, 0, 0, 0, 0, 
69, 1, 67, 69, -1, 239, 286, 11.0, 19, MSaapp, 11247, 0, 0, 0, , 0, 0, 0, 0, 0, 
70, 1, 68, 70, -1, 270, 269, 13.0, 19, MSaapa, 11577, 0, 0, 0, , 0, 0, 0, 0, 0, 
71, 1, 69, 71, -1, 230, 278, 21.0, 31, Eal, 65535, 0, 0, 0, , 0, 0, 0, 0, 0, 
72, 1, 70, 72, -1, 170, 306, 21.0, 27, Epl, 45292, 0, 0, 0, , 0, 0, 0, 0, 0, 
73, 1, 71, 73, -1, 150, 350, 28.0, 25, Capp, 18896, 0, 0, 0, , 0, 0, 0, 0, 0, 
74, 1, 72, 74, -1, 184, 332, 31.0, 23, Capa, 16401, 0, 0, 0, , 0, 0, 0, 0, 0, 
75, 1, 73, 75, -1, 184, 260, 31.0, 27, Caaa, 17778, 0, 0, 0, , 0, 0, 0, 0, 0, 
76, 1, 74, 76, -1, 145, 315, 32.0, 21, Caap, 16324, 0, 0, 0, , 0, 0, 0, 0, 0, 
77, 1, 75, 77, -1, 100, 324, 30.0, 25, Cpap, 22030, 0, 0, 0, , 0, 0, 0, 0, 0, 
78, 1, 76, 78, -1, 123, 267, 31.0, 27, Cpaa, 65535, 0, 0, 0, , 0, 0, 0, 0, 0, 
79, 1, 77, 79, -1, 79, 321, 20.0, 23, Cppa, 19030, 0, 0, 0, , 0, 0, 0, 0, 0, 
80, 1, 78, 80, -1, 108, 345, 23.0, 25, Cppp, 22839, 0, 0, 0, , 0, 0, 0, 0, 0, 
81, 1, 79, 81, -1, 158, 354, 18.0, 25, Da, 25572, 0, 0, 0, , 0, 0, 0, 0, 0, 
82, 1, 80, 82, -1, 126, 332, 15.0, 25, Dp, 22222, 0, 0, 0, , 0, 0, 0, 0, 0, 
83, 1, 81, 83, 84, 165, 315, 13.0, 19, P4, 15713, 0, 0, 0, , 0, 0, 0, 0, 0, 
84, 0, 82, -1, -1, 384, 242, 24.0, 17, , 13623, 0, 0, 0, , 0, 0, 0, 0, 0, 
85, 1, 83, 86, -1, 276, 279, 22.0, 25, ABalpppp, 43106, 0, 0, 0, , 0, 0, 0, 0, 0, 
86, 1, 84, 87, -1, 313, 255, 23.0, 23, ABalpppa, 15609, 0, 0, 0, , 0, 0, 0, 0, 0, 
87, 1, 85, 88, -1, 364, 253, 27.0, 21, ABalppaa, 11027, 0, 0, 0, , 0, 0, 0, 0, 0, 
88, 1, 86, 89, -1, 338, 273, 24.0, 23, ABalppap, 16557, 0, 0, 0, , 0, 0, 0, 0, 0, 
89, 1, 87, 90, -1, 352, 264, 16.0, 23, ABalpapa, 17311, 0, 0, 0, , 0, 0, 0, 0, 0, 
90, 1, 88, 91, -1, 311, 276, 15.0, 23, ABalpapp, 16615, 0, 0, 0, , 0, 0, 0, 0, 0, 
91, 1, 89, 92, -1, 355, 223, 14.0, 23, ABalpaaa, 14827, 0, 0, 0, , 0, 0, 0, 0, 0, 
92, 1, 90, 93, -1, 350, 239, 22.0, 25, ABalpaap, 15965, 0, 0, 0, , 0, 0, 0, 0, 0, 
93, 1, 91, 94, -1, 132, 282, 22.0, 29, Epr, 65535, 0, 0, 0, , 0, 0, 0, 0, 0, 
94, 1, 92, 95, -1, 195, 248, 20.0, 31, Ear, 35981, 0, 0, 0, , 0, 0, 0, 0, 0, 
