1, 1, 1, 1, -1, 275, 225, 10.0, 23, ABaraapp, 17135, 0, 0, 0, , 0, 0, 0, 0, 0, 
2, 1, 2, 2, -1, 312, 199, 11.0, 23, ABaraapa, 16945, 0, 0, 0, , 0, 0, 0, 0, 0, 
3, 1, 3, 3, -1, 292, 173, 15.0, 23, ABaraaap, 15715, 0, 0, 0, , 0, 0, 0, 0, 0, 
4, 1, 4, 4, -1, 328, 180, 18.0, 21, ABaraaaa, 15095, 0, 0, 0, , 0, 0, 0, 0, 0, 
5, 1, 5, 5, -1, 234, 197, 11.0, 23, ABarapap, 15196, 0, 0, 0, , 0, 0, 0, 0, 0, 
6, 1, 6, 6, -1, 269, 183, 11.0, 23, ABarapaa, 15831, 0, 0, 0, , 0, 0, 0, 0, 0, 
7, 1, 7, 7, -1, 188, 202, 17.0, 23, ABarappp, 14475, 0, 0, 0, , 0, 0, 0, 0, 0, 
8, 1, 8, 8, -1, 214, 182, 15.0, 21, ABarappa, 15084, 0, 0, 0, , 0, 0, 0, 0, 0, 
9, 1, 9, 9, -1, 203, 202, 28.0, 23, ABarpapp, 18086, 0, 0, 0, , 0, 0, 0, 0, 0, 
10, 1, 10, 10, -1, 238, 174, 29.0, 23, ABarpapa, 17100, 0, 0, 0, , 0, 0, 0, 0, 0, 
11, 1, 11, 11, -1, 242, 215, 32.0, 25, ABarpaap, 25394, 0, 0, 0, , 0, 0, 0, 0, 0, 
12, 1, 12, 12, -1, 270, 176, 33.0, 21, ABarpaaa, 12765, 0, 0, 0, , 0, 0, 0, 0, 0, 
13, 1, 13, 13, -1, 241, 247, 30.0, 21, ABarppaa, 14638, 0, 0, 0, , 0, 0, 0, 0, 0, 
14, 1, 14, 14, -1, 212, 277, 28.0, 25, ABarppap, 16967, 0, 0, 0, , 0, 0, 0, 0, 0, 
15, 1, 15, 15, -1, 155, 249, 26.0, 25, ABarpppp, 17166, 0, 0, 0, , 0, 0, 0, 0, 0, 
16, 1, 16, 16, -1, 189, 230, 29.0, 25, ABarpppa, 14855, 0, 0, 0, , 0, 0, 0, 0, 0, 
17, 1, 17, 17, -1, 250, 217, 26.0, 23, ABalappp, 20679, 0, 0, 0, , 0, 0, 0, 0, 0, 
18, 1, 18, 18, -1, 275, 197, 28.0, 23, ABalappa, 14004, 0, 0, 0, , 0, 0, 0, 0, 0, 
19, 1, 19, 19, -1, 302, 199, 31.0, 23, ABalapap, 15725, 0, 0, 0, , 0, 0, 0, 0, 0, 
20, 1, 20, 20, -1, 332, 207, 31.0, 23, ABalapaa, 17060, 0, 0, 0, , 0, 0, 0, 0, 0, 
21, 1, 21, 21, -1, 293, 184, 21.0, 23, ABalaapa, 15127, 0, 0, 0, , 0, 0, 0, 0, 0, 
22, 1, 22, 22, -1, 257, 182, 22.0, 23, ABalaapp, 14626, 0, 0, 0, , 0, 0, 0, 0, 0, 
23, 1, 23, 23, -1, 346, 186, 24.0, 23, ABalaaaa, 15604, 0, 0, 0, , 0, 0, 0, 0, 0, 
24, 1, 24, 24, -1, 317, 185, 24.0, 23, ABalaaap, 13478, 0, 0, 0, , 0, 0, 0, 0, 0, 
25, 1, 25, 25, -1, 192, 351, 20.0, 21, ABplpppp, 14790, 0, 0, 0, , 0, 0, 0, 0, 0, 
26, 1, 26, 26, -1, 219, 347, 23.0, 21, ABplpppa, 14568, 0, 0, 0, , 0, 0, 0, 0, 0, 
27, 1, 27, 27, -1, 244, 330, 21.0, 21, ABplppap, 20854, 0, 0, 0, , 0, 0, 0, 0, 0, 
28, 1, 28, 28, -1, 277, 319, 22.0, 21, ABplppaa, 13927, 0, 0, 0, , 0, 0, 0, 0, 0, 
29, 1, 29, 29, -1, 249, 326, 15.0, 25, ABplpapp, 22068, 0, 0, 0, , 0, 0, 0, 0, 0, 
30, 1, 30, 30, -1, 286, 308, 15.0, 23, ABplpapa, 16351, 0, 0, 0, , 0, 0, 0, 0, 0, 
31, 1, 31, 31, -1, 328, 287, 23.0, 21, ABplpaaa, 14416, 0, 0, 0, , 0, 0, 0, 0, 0, 
32, 1, 32, 32, -1, 306, 309, 24.0, 23, ABplpaap, 15434, 0, 0, 0, , 0, 0, 0, 0, 0, 
33, 1, 33, 33, -1, 274, 287, 28.0, 25, ABplaapp, 18997, 0, 0, 0, , 0, 0, 0, 0, 0, 
34, 1, 34, 34, -1, 315, 271, 31.0, 23, ABplaapa, 16853, 0, 0, 0, , 0, 0, 0, 0, 0, 
35, 1, 35, 35, -1, 325, 240, 32.0, 23, ABplaaaa, 20641, 0, 0, 0, , 0, 0, 0, 0, 0, 
36, 1, 36, 36, -1, 283, 236, 31.0, 23, ABplaaap, 18325, 0, 0, 0, , 0, 0, 0, 0, 0, 
37, 1, 37, 37, -1, 203, 327, 27.0, 21, ABplappp, 15555, 0, 0, 0, , 0, 0, 0, 0, 0, 
38, 1, 38, 38, -1, 245, 324, 28.0, 23, ABplappa, 20472, 0, 0, 0, , 0, 0, 0, 0, 0, 
39, 1, 39, 39, -1, 278, 265, 33.0, 21, ABplapaa, 14990, 0, 0, 0, , 0, 0, 0, 0, 0, 
40, 1, 40, 40, -1, 240, 296, 31.0, 21, ABplapap, 19065, 0, 0, 0, , 0, 0, 0, 0, 0, 
41, 1, 41, 41, -1, 155, 208, 11.0, 23, ABprpapa, 15717, 0, 0, 0, , 0, 0, 0, 0, 0, 
42, 1, 42, 42, -1, 129, 224, 12.0, 21, ABprpapp, 16030, 0, 0, 0, , 0, 0, 0, 0, 0, 
43, 1, 43, 43, -1, 176, 185, 13.0, 23, ABprpaaa, 16626, 0, 0, 0, , 0, 0, 0, 0, 0, 
44, 1, 44, 44, -1, 146, 202, 18.0, 23, ABprpaap, 16521, 0, 0, 0, , 0, 0, 0, 0, 0, 
45, 1, 45, 45, -1, 84, 253, 16.0, 21, ABprpppa, 15605, 0, 0, 0, , 0, 0, 0, 0, 0, 
46, 1, 46, 46, -1, 92, 279, 12.0, 25, ABprpppp, 18842, 0, 0, 0, , 0, 0, 0, 0, 0, 
47, 1, 47, 47, -1, 122, 216, 18.0, 21, ABprppaa, 12947, 0, 0, 0, , 0, 0, 0, 0, 0, 
48, 1, 48, 48, -1, 110, 242, 15.0, 21, ABprppap, 13951, 0, 0, 0, , 0, 0, 0, 0, 0, 
49, 1, 49, 49, -1, 175, 182, 22.0, 23, ABpraapa, 16675, 0, 0, 0, , 0, 0, 0, 0, 0, 
50, 1, 50, 50, -1, 154, 207, 24.0, 23, ABpraapp, 18980, 0, 0, 0, , 0, 0, 0, 0, 0, 
51, 1, 51, 51, -1, 206, 173, 25.0, 25, ABpraaap, 17051, 0, 0, 0, , 0, 0, 0, 0, 0, 
52, 1, 52, 52, -1, 231, 169, 21.0, 23, ABpraaaa, 14803, 0, 0, 0, , 0, 0, 0, 0, 0, 
53, 1, 53, 53, -1, 103, 241, 21.0, 25, ABprappa, 23992, 0, 0, 0, , 0, 0, 0, 0, 0, 
54, 1, 54, 54, -1, 84, 270, 22.0, 23, ABprappp, 15857, 0, 0, 0, , 0, 0, 0, 0, 0, 
55, 1, 55, 55, -1, 161, 214, 33.0, 21, ABprapaa, 16159, 0, 0, 0, , 0, 0, 0, 0, 0, 
56, 1, 56, 56, -1, 113, 237, 28.0, 23, ABprapap, 18241, 0, 0, 0, , 0, 0, 0, 0, 0, 
57, 1, 57, 57, -1, 149, 268, 13.0, 21, MSpppp, 12160, 0, 0, 0, , 0, 0, 0, 0, 0, 
58, 1, 58, 58, -1, 165, 242, 14.0, 21, MSpppa, 11799, 0, 0, 0, , 0, 0, 0, 0, 0, 
59, 1, 59, 59, -1, 218, 214, 14.0, 21, MSppaa, 11541, 0, 0, 0, , 0, 0, 0, 0, 0, 
60, 1, 60, 60, -1, 190, 234, 14.0, 21, MSppap, 12361, 0, 0, 0, , 0, 0, 0, 0, 0, 
61, 1, 61, 61, -1, 225, 252, 11.0, 23, MSpapa, 15346, 0, 0, 0, , 0, 0, 0, 0, 0, 
62, 1, 62, 62, -1, 180, 274, 10.0, 23, MSpapp, 12637, 0, 0, 0, , 0, 0, 0, 0, 0, 
63, 1, 63, 63, -1, 275, 203, 16.0, 23, MSpaaa, 15521, 0, 0, 0, , 0, 0, 0, 0, 0, 
64, 1, 64, 64, -1, 245, 230, 14.0, 21, MSpaap, 13939, 0, 0, 0, , 0, 0, 0, 0, 0, 
65, 1, 65, 65, -1, 199, 321, 18.0, 21, MSappp, 11042, 0, 0, 0, , 0, 0, 0, 0, 0, 
66, 1, 66, 66, -1, 225, 298, 14.0, 21, MSappa, 10175, 0, 0, 0, , 0, 0, 0, 0, 0, 
67, 1, 67, 67, -1, 248, 289, 17.0, 21, MSapap, 12890, 0, 0, 0, , 0, 0, 0, 0, 0, 
68, 1, 68, 68, -1, 279, 261, 16.0, 21, MSapaa, 17807, 0, 0, 0, , 0, 0, 0, 0, 0, 
69, 1, 69, 69, -1, 323, 214, 17.0, 23, MSaaaa, 16666, 0, 0, 0, , 0, 0, 0, 0, 0, 
70, 1, 70, 70, -1, 286, 235, 16.0, 23, MSaaap, 15860, 0, 0, 0, , 0, 0, 0, 0, 0, 
71, 1, 71, 71, -1, 230, 283, 10.0, 21, MSaapp, 13170, 0, 0, 0, , 0, 0, 0, 0, 0, 
72, 1, 72, 72, -1, 275, 262, 11.0, 23, MSaapa, 21411, 0, 0, 0, , 0, 0, 0, 0, 0, 
73, 1, 73, 73, -1, 216, 299, 21.0, 23, Ealp, 14775, 0, 0, 0, , 0, 0, 0, 0, 0, 
74, 1, 74, 74, -1, 148, 328, 22.0, 19, Eplp, 10578, 0, 0, 0, , 0, 0, 0, 0, 0, 
75, 1, 75, 75, -1, 137, 359, 26.0, 25, Capp, 55125, 0, 0, 0, , 0, 0, 0, 0, 0, 
76, 1, 76, 76, -1, 172, 355, 25.0, 25, Capa, 17806, 0, 0, 0, , 0, 0, 0, 0, 0, 
77, 1, 77, 77, -1, 179, 290, 30.0, 23, Caaa, 30445, 0, 0, 0, , 0, 0, 0, 0, 0, 
78, 1, 78, 78, -1, 136, 337, 32.0, 23, Caap, 15589, 0, 0, 0, , 0, 0, 0, 0, 0, 
79, 1, 79, 79, -1, 102, 325, 28.0, 23, Cpap, 18609, 0, 0, 0, , 0, 0, 0, 0, 0, 
80, 1, 80, 80, -1, 135, 280, 31.0, 23, Cpaa, 14426, 0, 0, 0, , 0, 0, 0, 0, 0, 
81, 1, 81, 81, -1, 67, 308, 20.0, 25, Cppa, 21664, 0, 0, 0, , 0, 0, 0, 0, 0, 
82, 1, 82, 82, -1, 96, 338, 20.0, 27, Cppp, 57039, 0, 0, 0, , 0, 0, 0, 0, 0, 
83, 1, 83, 83, -1, 176, 331, 14.0, 21, Daa, 11609, 0, 0, 0, , 0, 0, 0, 0, 0, 
84, 1, 84, 84, -1, 133, 347, 17.0, 23, Dap, 13343, 0, 0, 0, , 0, 0, 0, 0, 0, 
85, 1, 85, 85, -1, 127, 288, 11.0, 17, Dpa, 9833, 0, 0, 0, , 0, 0, 0, 0, 0, 
86, 1, 86, 86, -1, 111, 321, 14.0, 19, Dpp, 9925, 0, 0, 0, , 0, 0, 0, 0, 0, 
87, 1, 87, 87, -1, 191, 294, 13.0, 21, Z3, 13552, 0, 0, 0, , 0, 0, 0, 0, 0, 
88, 1, 88, 88, -1, 145, 304, 14.0, 21, Z2, 12991, 0, 0, 0, , 0, 0, 0, 0, 0, 
89, 0, 89, -1, -1, 384, 242, 24.0, 17, , 12636, 0, 0, 0, , 0, 0, 0, 0, 0, 
90, 1, 90, 90, -1, 290, 272, 21.0, 25, ABalpppp, 17654, 0, 0, 0, , 0, 0, 0, 0, 0, 
91, 1, 91, 91, -1, 312, 241, 23.0, 23, ABalpppa, 17277, 0, 0, 0, , 0, 0, 0, 0, 0, 
92, 1, 92, 92, -1, 364, 259, 21.0, 21, ABalppaa, 12572, 0, 0, 0, , 0, 0, 0, 0, 0, 
93, 1, 93, 93, -1, 336, 263, 19.0, 23, ABalppap, 18372, 0, 0, 0, , 0, 0, 0, 0, 0, 
94, 1, 94, 94, -1, 356, 230, 15.0, 25, ABalpapa, 19623, 0, 0, 0, , 0, 0, 0, 0, 0, 
95, 1, 95, 95, -1, 318, 250, 12.0, 23, ABalpapp, 19655, 0, 0, 0, , 0, 0, 0, 0, 0, 
96, 1, 96, 96, -1, 356, 200, 18.0, 21, ABalpaaa, 14079, 0, 0, 0, , 0, 0, 0, 0, 0, 
97, 1, 97, 97, -1, 353, 229, 22.0, 23, ABalpaap, 17519, 0, 0, 0, , 0, 0, 0, 0, 0, 
98, 1, 98, 98, -1, 137, 266, 20.0, 21, Epra, 11013, 0, 0, 0, , 0, 0, 0, 0, 0, 
99, 1, 99, 99, -1, 215, 227, 21.0, 19, Eara, 9525, 0, 0, 0, , 0, 0, 0, 0, 0, 
100, 1, 100, 100, -1, 186, 256, 21.0, 19, Earp, 9238, 0, 0, 0, , 0, 0, 0, 0, 0, 
101, 1, 101, 101, -1, 248, 258, 20.0, 25, Eala, 19982, 0, 0, 0, , 0, 0, 0, 0, 0, 
102, 1, 102, 102, -1, 176, 293, 22.0, 21, Epla, 13055, 0, 0, 0, , 0, 0, 0, 0, 0, 
103, 1, 103, 103, -1, 108, 301, 21.0, 21, Eprp, 12872, 0, 0, 0, , 0, 0, 0, 0, 0, 
