1, 1, 1, 1, -1, 276, 227, 10.0, 23, ABaraapp, 16318, 0, 0, 0, , 0, 0, 0, 0, 0, 
2, 1, 2, 2, -1, 315, 201, 11.0, 25, ABaraapa, 17024, 0, 0, 0, , 0, 0, 0, 0, 0, 
3, 1, 3, 3, -1, 293, 174, 14.0, 23, ABaraaap, 17794, 0, 0, 0, , 0, 0, 0, 0, 0, 
4, 1, 4, 4, -1, 327, 179, 18.0, 21, ABaraaaa, 13967, 0, 0, 0, , 0, 0, 0, 0, 0, 
5, 1, 5, 5, -1, 232, 200, 12.0, 23, ABarapap, 17419, 0, 0, 0, , 0, 0, 0, 0, 0, 
6, 1, 6, 6, -1, 269, 185, 11.0, 23, ABarapaa, 16682, 0, 0, 0, , 0, 0, 0, 0, 0, 
7, 1, 7, 7, -1, 187, 204, 17.0, 23, ABarappp, 14320, 0, 0, 0, , 0, 0, 0, 0, 0, 
8, 1, 8, 8, -1, 216, 181, 15.0, 23, ABarappa, 15047, 0, 0, 0, , 0, 0, 0, 0, 0, 
9, 1, 9, 9, -1, 204, 204, 28.0, 23, ABarpapp, 16862, 0, 0, 0, , 0, 0, 0, 0, 0, 
10, 1, 10, 10, -1, 237, 173, 29.0, 25, ABarpapa, 18951, 0, 0, 0, , 0, 0, 0, 0, 0, 
11, 1, 11, 11, -1, 244, 218, 32.0, 25, ABarpaap, 20488, 0, 0, 0, , 0, 0, 0, 0, 0, 
12, 1, 12, 12, -1, 269, 177, 33.0, 23, ABarpaaa, 16545, 0, 0, 0, , 0, 0, 0, 0, 0, 
13, 1, 13, 13, -1, 241, 251, 29.0, 21, ABarppaa, 17298, 0, 0, 0, , 0, 0, 0, 0, 0, 
14, 1, 14, 14, -1, 212, 283, 28.0, 25, ABarppap, 17990, 0, 0, 0, , 0, 0, 0, 0, 0, 
15, 1, 15, 15, -1, 158, 250, 25.0, 21, ABarpppp, 15789, 0, 0, 0, , 0, 0, 0, 0, 0, 
16, 1, 16, 16, -1, 190, 230, 29.0, 23, ABarpppa, 15360, 0, 0, 0, , 0, 0, 0, 0, 0, 
17, 1, 17, 17, -1, 254, 214, 26.0, 23, ABalappp, 20003, 0, 0, 0, , 0, 0, 0, 0, 0, 
18, 1, 18, 18, -1, 276, 193, 28.0, 23, ABalappa, 15244, 0, 0, 0, , 0, 0, 0, 0, 0, 
19, 1, 19, 19, -1, 301, 201, 31.0, 23, ABalapap, 14981, 0, 0, 0, , 0, 0, 0, 0, 0, 
20, 1, 20, 20, -1, 332, 205, 30.0, 25, ABalapaa, 17214, 0, 0, 0, , 0, 0, 0, 0, 0, 
21, 1, 21, 21, -1, 290, 180, 21.0, 23, ABalaapa, 16052, 0, 0, 0, , 0, 0, 0, 0, 0, 
22, 1, 22, 22, -1, 256, 183, 22.0, 23, ABalaapp, 14924, 0, 0, 0, , 0, 0, 0, 0, 0, 
23, 1, 23, 23, -1, 344, 183, 24.0, 21, ABalaaaa, 14668, 0, 0, 0, , 0, 0, 0, 0, 0, 
24, 1, 24, 24, -1, 317, 184, 24.0, 21, ABalaaap, 15249, 0, 0, 0, , 0, 0, 0, 0, 0, 
25, 1, 25, 25, -1, 192, 350, 20.0, 21, ABplpppp, 15133, 0, 0, 0, , 0, 0, 0, 0, 0, 
26, 1, 26, 26, -1, 220, 347, 23.0, 21, ABplpppa, 15009, 0, 0, 0, , 0, 0, 0, 0, 0, 
27, 1, 27, 27, -1, 245, 327, 20.0, 21, ABplppap, 21524, 0, 0, 0, , 0, 0, 0, 0, 0, 
28, 1, 28, 28, -1, 277, 316, 21.0, 21, ABplppaa, 14697, 0, 0, 0, , 0, 0, 0, 0, 0, 
29, 1, 29, 29, -1, 248, 323, 15.0, 25, ABplpapp, 23683, 0, 0, 0, , 0, 0, 0, 0, 0, 
30, 1, 30, 30, -1, 288, 305, 14.0, 23, ABplpapa, 16316, 0, 0, 0, , 0, 0, 0, 0, 0, 
31, 1, 31, 31, -1, 326, 288, 21.0, 21, ABplpaaa, 14643, 0, 0, 0, , 0, 0, 0, 0, 0, 
32, 1, 32, 32, -1, 307, 309, 24.0, 23, ABplpaap, 15666, 0, 0, 0, , 0, 0, 0, 0, 0, 
33, 1, 33, 33, -1, 275, 289, 29.0, 23, ABplaapp, 18128, 0, 0, 0, , 0, 0, 0, 0, 0, 
34, 1, 34, 34, -1, 314, 270, 31.0, 23, ABplaapa, 18118, 0, 0, 0, , 0, 0, 0, 0, 0, 
35, 1, 35, 35, -1, 327, 238, 32.0, 23, ABplaaaa, 17661, 0, 0, 0, , 0, 0, 0, 0, 0, 
36, 1, 36, 36, -1, 285, 237, 32.0, 21, ABplaaap, 17225, 0, 0, 0, , 0, 0, 0, 0, 0, 
37, 1, 37, 37, -1, 201, 329, 26.0, 23, ABplappp, 16027, 0, 0, 0, , 0, 0, 0, 0, 0, 
38, 1, 38, 38, -1, 247, 327, 28.0, 25, ABplappa, 18272, 0, 0, 0, , 0, 0, 0, 0, 0, 
39, 1, 39, 39, -1, 277, 267, 34.0, 21, ABplapaa, 15369, 0, 0, 0, , 0, 0, 0, 0, 0, 
40, 1, 40, 40, -1, 239, 302, 32.0, 25, ABplapap, 20006, 0, 0, 0, , 0, 0, 0, 0, 0, 
41, 1, 41, 41, -1, 162, 207, 11.0, 23, ABprpapa, 15698, 0, 0, 0, , 0, 0, 0, 0, 0, 
42, 1, 42, 42, -1, 132, 222, 12.0, 23, ABprpapp, 13969, 0, 0, 0, , 0, 0, 0, 0, 0, 
43, 1, 43, 43, -1, 180, 182, 13.0, 23, ABprpaaa, 16438, 0, 0, 0, , 0, 0, 0, 0, 0, 
44, 1, 44, 44, -1, 149, 201, 18.0, 25, ABprpaap, 16531, 0, 0, 0, , 0, 0, 0, 0, 0, 
45, 1, 45, 45, -1, 83, 251, 15.0, 21, ABprpppa, 16135, 0, 0, 0, , 0, 0, 0, 0, 0, 
46, 1, 46, 46, -1, 92, 277, 12.0, 25, ABprpppp, 15991, 0, 0, 0, , 0, 0, 0, 0, 0, 
47, 1, 47, 47, -1, 123, 213, 18.0, 21, ABprppaa, 12762, 0, 0, 0, , 0, 0, 0, 0, 0, 
48, 1, 48, 48, -1, 110, 241, 15.0, 21, ABprppap, 13961, 0, 0, 0, , 0, 0, 0, 0, 0, 
49, 1, 49, 49, -1, 180, 182, 22.0, 23, ABpraapa, 16831, 0, 0, 0, , 0, 0, 0, 0, 0, 
50, 1, 50, 50, -1, 157, 202, 25.0, 25, ABpraapp, 19747, 0, 0, 0, , 0, 0, 0, 0, 0, 
51, 1, 51, 51, -1, 207, 173, 26.0, 23, ABpraaap, 16306, 0, 0, 0, , 0, 0, 0, 0, 0, 
52, 1, 52, 52, -1, 232, 166, 21.0, 21, ABpraaaa, 13924, 0, 0, 0, , 0, 0, 0, 0, 0, 
53, 1, 53, 53, -1, 103, 236, 22.0, 25, ABprappa, 20646, 0, 0, 0, , 0, 0, 0, 0, 0, 
54, 1, 54, 54, -1, 83, 269, 22.0, 23, ABprappp, 16189, 0, 0, 0, , 0, 0, 0, 0, 0, 
55, 1, 55, 55, -1, 158, 216, 34.0, 23, ABprapaa, 15881, 0, 0, 0, , 0, 0, 0, 0, 0, 
56, 1, 56, 56, -1, 113, 238, 28.0, 23, ABprapap, 16386, 0, 0, 0, , 0, 0, 0, 0, 0, 
57, 1, 57, 57, -1, 150, 265, 14.0, 21, MSpppp, 10508, 0, 0, 0, , 0, 0, 0, 0, 0, 
58, 1, 58, 58, -1, 165, 241, 15.0, 21, MSpppa, 11139, 0, 0, 0, , 0, 0, 0, 0, 0, 
59, 1, 59, 59, -1, 220, 218, 15.0, 19, MSppaa, 10781, 0, 0, 0, , 0, 0, 0, 0, 0, 
60, 1, 60, 60, -1, 192, 236, 15.0, 21, MSppap, 11790, 0, 0, 0, , 0, 0, 0, 0, 0, 
61, 1, 61, 61, -1, 227, 252, 11.0, 23, MSpapa, 16101, 0, 0, 0, , 0, 0, 0, 0, 0, 
62, 1, 62, 62, -1, 180, 274, 10.0, 23, MSpapp, 14621, 0, 0, 0, , 0, 0, 0, 0, 0, 
63, 1, 63, 63, -1, 274, 202, 17.0, 23, MSpaaa, 15883, 0, 0, 0, , 0, 0, 0, 0, 0, 
64, 1, 64, 64, -1, 246, 231, 15.0, 21, MSpaap, 12370, 0, 0, 0, , 0, 0, 0, 0, 0, 
65, 1, 65, 65, -1, 203, 320, 17.0, 21, MSappp, 10690, 0, 0, 0, , 0, 0, 0, 0, 0, 
66, 1, 66, 66, -1, 226, 295, 14.0, 21, MSappa, 11664, 0, 0, 0, , 0, 0, 0, 0, 0, 
67, 1, 67, 67, -1, 251, 286, 16.0, 23, MSapap, 14333, 0, 0, 0, , 0, 0, 0, 0, 0, 
68, 1, 68, 68, -1, 279, 261, 16.0, 21, MSapaa, 18180, 0, 0, 0, , 0, 0, 0, 0, 0, 
69, 1, 69, 69, -1, 323, 212, 17.0, 21, MSaaaa, 14658, 0, 0, 0, , 0, 0, 0, 0, 0, 
70, 1, 70, 70, -1, 286, 233, 17.0, 21, MSaaap, 14546, 0, 0, 0, , 0, 0, 0, 0, 0, 
71, 1, 71, 71, -1, 231, 283, 10.0, 21, MSaapp, 15780, 0, 0, 0, , 0, 0, 0, 0, 0, 
72, 1, 72, 72, -1, 279, 264, 11.0, 25, MSaapa, 21137, 0, 0, 0, , 0, 0, 0, 0, 0, 
73, 1, 73, 73, -1, 216, 297, 20.0, 23, Ealp, 17292, 0, 0, 0, , 0, 0, 0, 0, 0, 
74, 1, 74, 74, -1, 146, 329, 21.0, 21, Eplp, 13927, 0, 0, 0, , 0, 0, 0, 0, 0, 
75, 1, 75, 75, -1, 137, 359, 26.0, 25, Capp, 23549, 0, 0, 0, , 0, 0, 0, 0, 0, 
76, 1, 76, 76, -1, 166, 359, 23.0, 23, Capa, 18809, 0, 0, 0, , 0, 0, 0, 0, 0, 
77, 1, 77, 77, -1, 177, 293, 30.0, 21, Caaa, 15510, 0, 0, 0, , 0, 0, 0, 0, 0, 
78, 1, 78, 78, -1, 134, 340, 31.0, 21, Caap, 14658, 0, 0, 0, , 0, 0, 0, 0, 0, 
79, 1, 79, 79, -1, 105, 320, 28.0, 23, Cpap, 29353, 0, 0, 0, , 0, 0, 0, 0, 0, 
80, 1, 80, 80, 81, 131, 280, 30.0, 21, Cpaa, 15245, 0, 0, 0, , 0, 0, 0, 0, 0, 
81, 1, 81, 82, -1, 67, 307, 20.0, 25, Cppa, 22156, 0, 0, 0, , 0, 0, 0, 0, 0, 
82, 1, 82, 83, -1, 97, 335, 20.0, 25, Cppp, 22572, 0, 0, 0, , 0, 0, 0, 0, 0, 
83, 1, 83, 84, -1, 175, 328, 13.0, 21, Daa, 13365, 0, 0, 0, , 0, 0, 0, 0, 0, 
84, 1, 84, 85, -1, 128, 350, 17.0, 21, Dap, 14551, 0, 0, 0, , 0, 0, 0, 0, 0, 
85, 1, 85, 86, -1, 128, 285, 11.0, 17, Dpa, 9315, 0, 0, 0, , 0, 0, 0, 0, 0, 
86, 1, 86, 87, -1, 108, 321, 13.0, 19, Dpp, 10292, 0, 0, 0, , 0, 0, 0, 0, 0, 
87, 1, 87, 88, -1, 191, 294, 13.0, 21, Z3, 14010, 0, 0, 0, , 0, 0, 0, 0, 0, 
88, 1, 88, 89, -1, 146, 304, 14.0, 21, Z2, 13440, 0, 0, 0, , 0, 0, 0, 0, 0, 
89, 0, 89, -1, -1, 383, 242, 24.0, 17, , 12843, 0, 0, 0, , 0, 0, 0, 0, 0, 
90, 1, 90, 91, -1, 290, 273, 22.0, 27, ABalpppp, 44972, 0, 0, 0, , 0, 0, 0, 0, 0, 
91, 1, 91, 92, -1, 316, 240, 24.0, 23, ABalpppa, 16713, 0, 0, 0, , 0, 0, 0, 0, 0, 
92, 1, 92, 93, -1, 363, 258, 21.0, 21, ABalppaa, 11853, 0, 0, 0, , 0, 0, 0, 0, 0, 
93, 1, 93, 94, -1, 338, 262, 18.0, 23, ABalppap, 16618, 0, 0, 0, , 0, 0, 0, 0, 0, 
94, 1, 94, 95, -1, 355, 230, 15.0, 25, ABalpapa, 17423, 0, 0, 0, , 0, 0, 0, 0, 0, 
95, 1, 95, 96, -1, 318, 248, 12.0, 23, ABalpapp, 17434, 0, 0, 0, , 0, 0, 0, 0, 0, 
96, 1, 96, 97, -1, 356, 199, 19.0, 21, ABalpaaa, 14366, 0, 0, 0, , 0, 0, 0, 0, 0, 
97, 1, 97, 98, -1, 354, 228, 22.0, 21, ABalpaap, 16001, 0, 0, 0, , 0, 0, 0, 0, 0, 
98, 1, 98, 99, -1, 138, 262, 19.0, 21, Epra, 14048, 0, 0, 0, , 0, 0, 0, 0, 0, 
99, 1, 99, 100, -1, 218, 226, 22.0, 21, Eara, 11958, 0, 0, 0, , 0, 0, 0, 0, 0, 
100, 1, 100, 101, -1, 184, 261, 21.0, 21, Earp, 10747, 0, 0, 0, , 0, 0, 0, 0, 0, 
101, 1, 101, 102, -1, 248, 259, 21.0, 25, Eala, 18337, 0, 0, 0, , 0, 0, 0, 0, 0, 
102, 1, 102, 103, -1, 177, 293, 21.0, 21, Epla, 15189, 0, 0, 0, , 0, 0, 0, 0, 0, 
103, 1, 103, 104, -1, 106, 299, 20.0, 23, Eprp, 16575, 0, 0, 0, , 0, 0, 0, 0, 0, 
