1, 1, 1, 1, -1, 277, 210, 15.0, 19, ABaraappa, 10223, 0, 0, 0, , 0, 0, 0, 0, 0, 
2, 1, 2, 2, -1, 254, 226, 14.0, 19, ABaraappp, 9131, 0, 0, 0, , 0, 0, 0, 0, 0, 
3, 1, 3, 3, -1, 296, 234, 16.0, 19, ABaraapap, 12191, 0, 0, 0, , 0, 0, 0, 0, 0, 
4, 1, 4, 4, -1, 318, 214, 16.0, 19, ABaraapaa, 9485, 0, 0, 0, , 0, 0, 0, 0, 0, 
5, 1, 5, 5, -1, 271, 174, 13.0, 19, ABaraaapp, 9053, 0, 0, 0, , 0, 0, 0, 0, 0, 
6, 1, 6, 6, -1, 297, 179, 13.0, 19, ABaraaapa, 11040, 0, 0, 0, , 0, 0, 0, 0, 0, 
7, 1, 7, 7, -1, 322, 182, 16.0, 19, ABaraaaaa, 8551, 0, 0, 0, , 0, 0, 0, 0, 0, 
8, 1, 8, 8, -1, 302, 200, 15.0, 17, ABaraaaap, 7713, 0, 0, 0, , 0, 0, 0, 0, 0, 
9, 1, 9, 9, -1, 241, 207, 11.0, 19, ABarapapa, 10042, 0, 0, 0, , 0, 0, 0, 0, 0, 
10, 1, 10, 10, -1, 225, 231, 11.0, 23, ABarapapp, 12492, 0, 0, 0, , 0, 0, 0, 0, 0, 
11, 1, 11, 11, -1, 295, 204, 10.0, 19, ABarapaaa, 9780, 0, 0, 0, , 0, 0, 0, 0, 0, 
12, 1, 12, 12, -1, 269, 205, 11.0, 19, ABarapaap, 11898, 0, 0, 0, , 0, 0, 0, 0, 0, 
13, 1, 13, 13, -1, 222, 185, 13.0, 17, ABarapppa, 8641, 0, 0, 0, , 0, 0, 0, 0, 0, 
14, 1, 14, 14, -1, 198, 191, 14.0, 19, ABarapppp, 8513, 0, 0, 0, , 0, 0, 0, 0, 0, 
15, 1, 15, 15, -1, 247, 181, 12.0, 17, ABarappaa, 8752, 0, 0, 0, , 0, 0, 0, 0, 0, 
16, 1, 16, 16, -1, 214, 207, 12.0, 17, ABarappap, 8424, 0, 0, 0, , 0, 0, 0, 0, 0, 
17, 1, 17, 17, -1, 208, 211, 30.0, 23, ABarpappp, 11051, 0, 0, 0, , 0, 0, 0, 0, 0, 
18, 1, 18, 18, -1, 231, 198, 33.0, 19, ABarpappa, 8324, 0, 0, 0, , 0, 0, 0, 0, 0, 
19, 1, 19, 19, -1, 278, 194, 34.0, 21, ABarpapaa, 10395, 0, 0, 0, , 0, 0, 0, 0, 0, 
20, 1, 20, 20, -1, 254, 190, 34.0, 21, ABarpapap, 9193, 0, 0, 0, , 0, 0, 0, 0, 0, 
21, 1, 21, 21, -1, 209, 257, 32.0, 21, ABarpaapp, 9892, 0, 0, 0, , 0, 0, 0, 0, 0, 
22, 1, 22, 22, -1, 253, 239, 33.0, 21, ABarpaapa, 10543, 0, 0, 0, , 0, 0, 0, 0, 0, 
23, 1, 23, 23, -1, 310, 224, 34.0, 19, ABarpaaaa, 9397, 0, 0, 0, , 0, 0, 0, 0, 0, 
24, 1, 24, 24, -1, 283, 228, 32.0, 17, ABarpaaap, 8530, 0, 0, 0, , 0, 0, 0, 0, 0, 
25, 1, 25, 25, -1, 226, 279, 33.0, 17, ABarppaaa, 9791, 0, 0, 0, , 0, 0, 0, 0, 0, 
26, 1, 26, 26, -1, 206, 300, 32.0, 21, ABarppaap, 9053, 0, 0, 0, , 0, 0, 0, 0, 0, 
27, 1, 27, 27, -1, 150, 340, 28.0, 21, ABarppapp, 10477, 0, 0, 0, , 0, 0, 0, 0, 0, 
28, 1, 28, 28, -1, 186, 322, 31.0, 21, ABarppapa, 8404, 0, 0, 0, , 0, 0, 0, 0, 0, 
29, 1, 29, 29, -1, 117, 260, 31.0, 21, ABarppppp, 10579, 0, 0, 0, , 0, 0, 0, 0, 0, 
30, 1, 30, 30, -1, 149, 240, 31.0, 19, ABarppppa, 8660, 0, 0, 0, , 0, 0, 0, 0, 0, 
31, 1, 31, 31, -1, 199, 223, 34.0, 19, ABarpppaa, 9140, 0, 0, 0, , 0, 0, 0, 0, 0, 
32, 1, 32, 32, -1, 174, 232, 33.0, 19, ABarpppap, 9627, 0, 0, 0, , 0, 0, 0, 0, 0, 
33, 1, 33, 33, -1, 254, 206, 31.0, 21, ABalapppp, 9573, 0, 0, 0, , 0, 0, 0, 0, 0, 
34, 1, 34, 34, -1, 298, 195, 32.0, 21, ABalapppa, 9720, 0, 0, 0, , 0, 0, 0, 0, 0, 
35, 1, 35, 35, -1, 329, 197, 28.0, 19, ABalappaa, 7924, 0, 0, 0, , 0, 0, 0, 0, 0, 
36, 1, 36, 36, -1, 310, 202, 28.0, 19, ABalappap, 8938, 0, 0, 0, , 0, 0, 0, 0, 0, 
37, 1, 37, 37, -1, 299, 265, 27.0, 19, ABalapapp, 12560, 0, 0, 0, , 0, 0, 0, 0, 0, 
38, 1, 38, 38, -1, 323, 238, 30.0, 19, ABalapapa, 8247, 0, 0, 0, , 0, 0, 0, 0, 0, 
39, 1, 39, 39, -1, 352, 227, 26.0, 19, ABalapaaa, 8372, 0, 0, 0, , 0, 0, 0, 0, 0, 
40, 1, 40, 40, -1, 340, 247, 27.0, 19, ABalapaap, 9539, 0, 0, 0, , 0, 0, 0, 0, 0, 
41, 1, 41, 41, -1, 326, 170, 21.0, 19, ABalaapaa, 10341, 0, 0, 0, , 0, 0, 0, 0, 0, 
42, 1, 42, 42, -1, 299, 165, 21.0, 17, ABalaapap, 9039, 0, 0, 0, , 0, 0, 0, 0, 0, 
43, 1, 43, 43, -1, 298, 174, 26.0, 19, ABalaappa, 9488, 0, 0, 0, , 0, 0, 0, 0, 0, 
44, 1, 44, 44, -1, 274, 177, 29.0, 21, ABalaappp, 9969, 0, 0, 0, , 0, 0, 0, 0, 0, 
45, 1, 45, 45, -1, 356, 215, 21.0, 19, ABalaaaal, 9578, 0, 0, 0, , 0, 0, 0, 0, 0, 
46, 1, 46, 46, -1, 347, 190, 18.0, 19, ABalaaaar, 8895, 0, 0, 0, , 0, 0, 0, 0, 0, 
47, 1, 47, 47, -1, 332, 177, 25.0, 19, ABalaaapp, 10943, 0, 0, 0, , 0, 0, 0, 0, 0, 
48, 1, 48, 48, -1, 348, 197, 24.0, 19, ABalaaapa, 9162, 0, 0, 0, , 0, 0, 0, 0, 0, 
49, 1, 49, 49, -1, 203, 323, 13.0, 19, ABplppppa, 9670, 0, 0, 0, , 0, 0, 0, 0, 0, 
50, 1, 50, 50, -1, 178, 323, 10.0, 19, ABplppppp, 10075, 0, 0, 0, , 0, 0, 0, 0, 0, 
51, 1, 51, 51, -1, 176, 341, 14.0, 19, ABplpppap, 9654, 0, 0, 0, , 0, 0, 0, 0, 0, 
52, 1, 52, 52, -1, 206, 343, 16.0, 19, ABplpppaa, 11982, 0, 0, 0, , 0, 0, 0, 0, 0, 
53, 1, 53, 53, -1, 203, 335, 21.0, 19, ABplppapp, 10711, 0, 0, 0, , 0, 0, 0, 0, 0, 
54, 1, 54, 54, -1, 234, 333, 19.0, 19, ABplppapa, 11452, 0, 0, 0, , 0, 0, 0, 0, 0, 
55, 1, 55, 55, -1, 237, 328, 14.0, 21, ABplppaap, 12908, 0, 0, 0, , 0, 0, 0, 0, 0, 
56, 1, 56, 56, -1, 260, 325, 16.0, 19, ABplppaaa, 11578, 0, 0, 0, , 0, 0, 0, 0, 0, 
57, 1, 57, 57, -1, 240, 294, 10.0, 21, ABplpappa, 12336, 0, 0, 0, , 0, 0, 0, 0, 0, 
58, 1, 58, 58, -1, 217, 310, 10.0, 19, ABplpappp, 9593, 0, 0, 0, , 0, 0, 0, 0, 0, 
59, 1, 59, 59, -1, 260, 304, 13.0, 19, ABplpapap, 9696, 0, 0, 0, , 0, 0, 0, 0, 0, 
60, 1, 60, 60, -1, 278, 294, 11.0, 19, ABplpapaa, 8995, 0, 0, 0, , 0, 0, 0, 0, 0, 
61, 1, 61, 61, -1, 311, 293, 17.0, 19, ABplpaaaa, 8913, 0, 0, 0, , 0, 0, 0, 0, 0, 
62, 1, 62, 62, -1, 287, 315, 17.0, 19, ABplpaaap, 8786, 0, 0, 0, , 0, 0, 0, 0, 0, 
63, 1, 63, 63, -1, 263, 328, 21.0, 21, ABplpaapp, 12727, 0, 0, 0, , 0, 0, 0, 0, 0, 
64, 1, 64, 64, -1, 298, 306, 21.0, 19, ABplpaapa, 9788, 0, 0, 0, , 0, 0, 0, 0, 0, 
65, 1, 65, 65, -1, 262, 323, 29.0, 19, ABplaappa, 10454, 0, 0, 0, , 0, 0, 0, 0, 0, 
66, 1, 66, 66, -1, 240, 335, 26.0, 25, ABplaappp, 19937, 0, 0, 0, , 0, 0, 0, 0, 0, 
67, 1, 67, 67, -1, 316, 284, 32.0, 19, ABplaapaa, 10849, 0, 0, 0, , 0, 0, 0, 0, 0, 
68, 1, 68, 68, -1, 282, 299, 33.0, 21, ABplaapap, 11005, 0, 0, 0, , 0, 0, 0, 0, 0, 
69, 1, 69, 69, -1, 323, 258, 33.0, 17, ABplaaaaa, 8834, 0, 0, 0, , 0, 0, 0, 0, 0, 
70, 1, 70, 70, -1, 297, 257, 33.0, 19, ABplaaaap, 11421, 0, 0, 0, , 0, 0, 0, 0, 0, 
71, 1, 71, 71, -1, 250, 272, 33.0, 21, ABplaaapp, 12770, 0, 0, 0, , 0, 0, 0, 0, 0, 
72, 1, 72, 72, -1, 277, 251, 34.0, 17, ABplaaapa, 7468, 0, 0, 0, , 0, 0, 0, 0, 0, 
73, 1, 73, 73, -1, 154, 351, 17.0, 19, ABplapppp, 9420, 0, 0, 0, , 0, 0, 0, 0, 0, 
74, 1, 74, 74, -1, 180, 350, 19.0, 19, ABplapppa, 11544, 0, 0, 0, , 0, 0, 0, 0, 0, 
75, 1, 75, 75, -1, 212, 349, 26.0, 23, ABplappaa, 12413, 0, 0, 0, , 0, 0, 0, 0, 0, 
76, 1, 76, 76, -1, 182, 356, 24.0, 21, ABplappap, 13582, 0, 0, 0, , 0, 0, 0, 0, 0, 
77, 1, 77, 77, -1, 216, 329, 31.0, 21, ABplapaap, 8630, 0, 0, 0, , 0, 0, 0, 0, 0, 
78, 1, 78, 78, -1, 240, 307, 33.0, 19, ABplapaaa, 10184, 0, 0, 0, , 0, 0, 0, 0, 0, 
79, 1, 79, 79, -1, 152, 358, 24.0, 21, ABplapapp, 11365, 0, 0, 0, , 0, 0, 0, 0, 0, 
80, 1, 80, 80, -1, 180, 349, 30.0, 21, ABplapapa, 10314, 0, 0, 0, , 0, 0, 0, 0, 0, 
81, 1, 81, 81, -1, 186, 199, 10.0, 17, ABprpapaa, 8970, 0, 0, 0, , 0, 0, 0, 0, 0, 
82, 1, 82, 82, -1, 166, 195, 12.0, 19, ABprpapap, 11823, 0, 0, 0, , 0, 0, 0, 0, 0, 
83, 1, 83, 83, -1, 156, 225, 10.0, 19, ABprpappp, 8754, 0, 0, 0, , 0, 0, 0, 0, 0, 
84, 1, 84, 84, -1, 181, 223, 11.0, 19, ABprpappa, 10343, 0, 0, 0, , 0, 0, 0, 0, 0, 
85, 1, 85, 85, -1, 218, 168, 16.0, 19, ABprpaaaa, 11140, 0, 0, 0, , 0, 0, 0, 0, 0, 
86, 1, 86, 86, -1, 187, 173, 17.0, 19, ABprpaaap, 10280, 0, 0, 0, , 0, 0, 0, 0, 0, 
87, 1, 87, 87, -1, 210, 172, 21.0, 21, ABprpaapa, 11165, 0, 0, 0, , 0, 0, 0, 0, 0, 
88, 1, 88, 88, -1, 174, 184, 21.0, 19, ABprpaapp, 8950, 0, 0, 0, , 0, 0, 0, 0, 0, 
89, 1, 89, 89, -1, 114, 215, 14.0, 19, ABprpppaa, 10676, 0, 0, 0, , 0, 0, 0, 0, 0, 
90, 1, 90, 90, -1, 91, 242, 14.0, 19, ABprpppap, 8619, 0, 0, 0, , 0, 0, 0, 0, 0, 
91, 1, 91, 91, -1, 133, 232, 13.0, 19, ABprppppa, 8998, 0, 0, 0, , 0, 0, 0, 0, 0, 
92, 1, 92, 92, -1, 109, 254, 11.0, 21, ABprppppp, 9378, 0, 0, 0, , 0, 0, 0, 0, 0, 
93, 1, 93, 93, -1, 139, 204, 15.0, 19, ABprppaap, 8616, 0, 0, 0, , 0, 0, 0, 0, 0, 
94, 1, 94, 94, -1, 161, 200, 17.0, 19, ABprppaaa, 8068, 0, 0, 0, , 0, 0, 0, 0, 0, 
95, 1, 95, 95, -1, 136, 217, 18.0, 19, ABprppapa, 8385, 0, 0, 0, , 0, 0, 0, 0, 0, 
96, 1, 96, 96, -1, 114, 238, 18.0, 19, ABprppapp, 7956, 0, 0, 0, , 0, 0, 0, 0, 0, 
97, 1, 97, 97, -1, 232, 171, 30.0, 19, ABpraapaa, 10149, 0, 0, 0, , 0, 0, 0, 0, 0, 
98, 1, 98, 98, -1, 200, 187, 31.0, 21, ABpraapap, 10175, 0, 0, 0, , 0, 0, 0, 0, 0, 
99, 1, 99, 99, -1, 154, 202, 24.0, 21, ABpraappp, 14551, 0, 0, 0, , 0, 0, 0, 0, 0, 
100, 1, 100, 100, -1, 183, 183, 27.0, 19, ABpraappa, 9278, 0, 0, 0, , 0, 0, 0, 0, 0, 
101, 1, 101, 101, -1, 262, 166, 25.0, 19, ABpraaapa, 9648, 0, 0, 0, , 0, 0, 0, 0, 0, 
102, 1, 102, 102, -1, 230, 171, 25.0, 23, ABpraaapp, 13261, 0, 0, 0, , 0, 0, 0, 0, 0, 
103, 1, 103, 103, -1, 269, 159, 20.0, 19, ABpraaaaa, 10080, 0, 0, 0, , 0, 0, 0, 0, 0, 
104, 1, 104, 104, -1, 242, 160, 21.0, 19, ABpraaaap, 10173, 0, 0, 0, , 0, 0, 0, 0, 0, 
105, 1, 105, 105, -1, 93, 238, 21.0, 21, ABprappap, 10577, 0, 0, 0, , 0, 0, 0, 0, 0, 
106, 1, 106, 106, -1, 119, 215, 23.0, 21, ABprappaa, 11648, 0, 0, 0, , 0, 0, 0, 0, 0, 
107, 1, 107, 107, -1, 80, 253, 18.0, 19, ABprapppa, 8978, 0, 0, 0, , 0, 0, 0, 0, 0, 
108, 1, 108, 108, -1, 81, 269, 15.0, 19, ABprapppp, 9795, 0, 0, 0, , 0, 0, 0, 0, 0, 
109, 1, 109, 109, -1, 169, 201, 32.0, 19, ABprapaaa, 9555, 0, 0, 0, , 0, 0, 0, 0, 0, 
110, 1, 110, 110, -1, 143, 215, 30.0, 19, ABprapaap, 9833, 0, 0, 0, , 0, 0, 0, 0, 0, 
111, 1, 111, 111, -1, 82, 263, 26.0, 19, ABprapapp, 10547, 0, 0, 0, , 0, 0, 0, 0, 0, 
112, 1, 112, 112, -1, 108, 232, 28.0, 21, ABprapapa, 10069, 0, 0, 0, , 0, 0, 0, 0, 0, 
113, 1, 113, 113, -1, 184, 210, 21.0, 15, MSppppa, 5714, 0, 0, 0, , 0, 0, 0, 0, 0, 
114, 1, 114, 114, -1, 162, 232, 21.0, 17, MSppppp, 5898, 0, 0, 0, , 0, 0, 0, 0, 0, 
115, 1, 115, 115, -1, 215, 212, 18.0, 17, MSpppaa, 8059, 0, 0, 0, , 0, 0, 0, 0, 0, 
116, 1, 116, 116, -1, 184, 235, 15.0, 17, MSpppap, 7039, 0, 0, 0, , 0, 0, 0, 0, 0, 
117, 1, 117, 117, -1, 239, 198, 19.0, 17, MSppaap, 6631, 0, 0, 0, , 0, 0, 0, 0, 0, 
118, 1, 118, 118, -1, 262, 183, 19.0, 17, MSppaaa, 7098, 0, 0, 0, , 0, 0, 0, 0, 0, 
119, 1, 119, 119, -1, 200, 201, 24.0, 19, MSppapp, 8575, 0, 0, 0, , 0, 0, 0, 0, 0, 
120, 1, 120, 120, -1, 228, 197, 23.0, 19, MSppapa, 8494, 0, 0, 0, , 0, 0, 0, 0, 0, 
121, 1, 121, 121, -1, 207, 254, 13.0, 19, MSpapap, 8299, 0, 0, 0, , 0, 0, 0, 0, 0, 
122, 1, 122, 122, -1, 232, 234, 16.0, 19, MSpapaa, 8631, 0, 0, 0, , 0, 0, 0, 0, 0, 
123, 1, 123, 123, -1, 196, 251, 10.0, 17, MSpappa, 8577, 0, 0, 0, , 0, 0, 0, 0, 0, 
124, 1, 124, 124, -1, 174, 271, 12.0, 21, MSpappp, 9976, 0, 0, 0, , 0, 0, 0, 0, 0, 
125, 1, 125, 125, -1, 271, 202, 26.0, 21, MSpaaap, 10730, 0, 0, 0, , 0, 0, 0, 0, 0, 
126, 1, 126, 126, -1, 303, 188, 21.0, 19, MSpaaaa, 9595, 0, 0, 0, , 0, 0, 0, 0, 0, 
127, 1, 127, 127, -1, 268, 212, 21.0, 21, MSpaapa, 11736, 0, 0, 0, , 0, 0, 0, 0, 0, 
128, 1, 128, 128, -1, 241, 228, 21.0, 17, MSpaapp, 6935, 0, 0, 0, , 0, 0, 0, 0, 0, 
129, 1, 129, 129, -1, 240, 306, 21.0, 15, MSapppa, 6482, 0, 0, 0, , 0, 0, 0, 0, 0, 
130, 1, 129, 130, -1, 218, 309, 21.0, 15, MSapppp, 6168, 0, 0, 0, , 0, 0, 0, 0, 0, 
131, 1, 130, 131, 132, 240, 283, 17.0, 17, MSappa, 8979, 0, 0, 0, , 0, 0, 0, 0, 0, 
132, 1, 131, 133, -1, 246, 297, 27.0, 19, MSapapp, 8975, 0, 0, 0, , 0, 0, 0, 0, 0, 
133, 1, 132, 134, -1, 272, 288, 20.0, 17, MSapapa, 7220, 0, 0, 0, , 0, 0, 0, 0, 0, 
134, 1, 133, 135, -1, 284, 267, 21.0, 19, MSapaap, 7379, 0, 0, 0, , 0, 0, 0, 0, 0, 
135, 1, 134, 136, -1, 321, 254, 21.0, 19, MSapaaa, 9350, 0, 0, 0, , 0, 0, 0, 0, 0, 
136, 1, 135, 137, -1, 327, 211, 22.0, 19, MSaaaaa, 10563, 0, 0, 0, , 0, 0, 0, 0, 0, 
137, 1, 136, 138, -1, 306, 232, 25.0, 19, MSaaaap, 9430, 0, 0, 0, , 0, 0, 0, 0, 0, 
138, 1, 137, 139, -1, 299, 228, 21.0, 21, MSaaapa, 12424, 0, 0, 0, , 0, 0, 0, 0, 0, 
139, 1, 138, 140, -1, 264, 246, 21.0, 17, MSaaapp, 7268, 0, 0, 0, , 0, 0, 0, 0, 0, 
140, 1, 139, 141, -1, 199, 285, 12.0, 19, MSaappp, 9005, 0, 0, 0, , 0, 0, 0, 0, 0, 
141, 1, 140, 142, -1, 227, 270, 10.0, 17, MSaappa, 7563, 0, 0, 0, , 0, 0, 0, 0, 0, 
142, 1, 141, 143, -1, 271, 253, 17.0, 19, MSaapaa, 10215, 0, 0, 0, , 0, 0, 0, 0, 0, 
143, 1, 142, 144, -1, 237, 259, 13.0, 19, MSaapap, 8140, 0, 0, 0, , 0, 0, 0, 0, 0, 
144, 1, 143, 145, -1, 222, 279, 24.0, 23, Ealp, 19309, 0, 0, 0, , 0, 0, 0, 0, 0, 
145, 1, 144, 146, -1, 141, 309, 23.0, 27, Eplp, 36611, 0, 0, 0, , 0, 0, 0, 0, 0, 
146, 1, 145, 147, -1, 134, 343, 19.0, 19, Cappa, 9044, 0, 0, 0, , 0, 0, 0, 0, 0, 
147, 1, 146, 148, -1, 110, 337, 17.0, 19, Cappp, 7906, 0, 0, 0, , 0, 0, 0, 0, 0, 
148, 1, 147, 149, -1, 157, 306, 12.0, 21, Capaa, 12480, 0, 0, 0, , 0, 0, 0, 0, 0, 
149, 1, 148, 150, -1, 125, 326, 14.0, 21, Capap, 10768, 0, 0, 0, , 0, 0, 0, 0, 0, 
150, 1, 149, 151, -1, 113, 336, 27.0, 21, Caaap, 13556, 0, 0, 0, , 0, 0, 0, 0, 0, 
151, 1, 150, 152, -1, 156, 314, 33.0, 23, Caaaa, 23794, 0, 0, 0, , 0, 0, 0, 0, 0, 
152, 1, 151, 153, -1, 94, 352, 21.0, 19, Caapp, 8820, 0, 0, 0, , 0, 0, 0, 0, 0, 
153, 1, 152, 154, -1, 110, 361, 25.0, 19, Caapa, 8792, 0, 0, 0, , 0, 0, 0, 0, 0, 
154, 1, 153, 155, -1, 75, 335, 18.0, 21, Cpapp, 11513, 0, 0, 0, , 0, 0, 0, 0, 0, 
155, 1, 154, 156, -1, 80, 322, 26.0, 23, Cpapa, 15120, 0, 0, 0, , 0, 0, 0, 0, 0, 
156, 1, 155, 157, -1, 157, 268, 32.0, 23, Cpaaa, 24577, 0, 0, 0, , 0, 0, 0, 0, 0, 
157, 1, 156, 158, -1, 104, 297, 32.0, 25, Cpaap, 14806, 0, 0, 0, , 0, 0, 0, 0, 0, 
158, 1, 157, 159, -1, 122, 282, 12.0, 21, Cppaa, 10959, 0, 0, 0, , 0, 0, 0, 0, 0, 
159, 1, 158, 160, -1, 100, 304, 12.0, 21, Cppap, 15181, 0, 0, 0, , 0, 0, 0, 0, 0, 
160, 1, 159, 161, -1, 100, 312, 17.0, 21, Cpppp, 13814, 0, 0, 0, , 0, 0, 0, 0, 0, 
161, 1, 160, 162, -1, 86, 291, 19.0, 21, Cpppa, 12047, 0, 0, 0, , 0, 0, 0, 0, 0, 
162, 1, 161, 163, -1, 196, 298, 16.0, 21, Daa, 11323, 0, 0, 0, , 0, 0, 0, 0, 0, 
163, 1, 162, 164, -1, 181, 306, 21.0, 23, Dap, 14868, 0, 0, 0, , 0, 0, 0, 0, 0, 
164, 1, 163, 165, -1, 157, 249, 15.0, 21, Dpa, 12429, 0, 0, 0, , 0, 0, 0, 0, 0, 
165, 1, 164, 166, -1, 131, 264, 19.0, 21, Dpp, 13758, 0, 0, 0, , 0, 0, 0, 0, 0, 
166, 1, 165, 167, -1, 191, 267, 18.0, 21, Z3, 13711, 0, 0, 0, , 0, 0, 0, 0, 0, 
167, 1, 166, 168, -1, 155, 278, 19.0, 21, Z2, 13972, 0, 0, 0, , 0, 0, 0, 0, 0, 
168, 0, 167, -1, -1, 382, 242, 24.0, 17, , 12670, 0, 0, 0, , 0, 0, 0, 0, 0, 
169, 1, 168, 170, -1, 282, 311, 26.0, 21, ABalppppp, 11908, 0, 0, 0, , 0, 0, 0, 0, 0, 
170, 1, 169, 171, -1, 306, 289, 27.0, 21, ABalppppa, 10819, 0, 0, 0, , 0, 0, 0, 0, 0, 
171, 1, 170, 172, -1, 340, 266, 24.0, 19, ABalpppaa, 8303, 0, 0, 0, , 0, 0, 0, 0, 0, 
172, 1, 171, 173, -1, 324, 287, 23.0, 21, ABalpppap, 12405, 0, 0, 0, , 0, 0, 0, 0, 0, 
173, 1, 172, 174, -1, 349, 267, 18.0, 19, ABalppaaa, 8084, 0, 0, 0, , 0, 0, 0, 0, 0, 
174, 1, 173, 175, -1, 333, 280, 19.0, 17, ABalppaap, 8238, 0, 0, 0, , 0, 0, 0, 0, 0, 
175, 1, 174, 176, -1, 292, 287, 14.0, 23, ABalppapp, 11448, 0, 0, 0, , 0, 0, 0, 0, 0, 
176, 1, 175, 177, -1, 316, 273, 14.0, 19, ABalppapa, 9237, 0, 0, 0, , 0, 0, 0, 0, 0, 
177, 1, 176, 178, -1, 311, 256, 10.0, 19, ABalpapap, 9971, 0, 0, 0, , 0, 0, 0, 0, 0, 
178, 1, 177, 179, -1, 336, 246, 12.0, 21, ABalpapaa, 12077, 0, 0, 0, , 0, 0, 0, 0, 0, 
179, 1, 178, 180, -1, 289, 237, 11.0, 19, ABalpappa, 13179, 0, 0, 0, , 0, 0, 0, 0, 0, 
180, 1, 179, 181, -1, 269, 252, 12.0, 21, ABalpappp, 19823, 0, 0, 0, , 0, 0, 0, 0, 0, 
181, 1, 180, 182, -1, 329, 220, 12.0, 19, ABalpaaap, 9267, 0, 0, 0, , 0, 0, 0, 0, 0, 
182, 1, 181, 183, -1, 328, 196, 12.0, 19, ABalpaaaa, 8998, 0, 0, 0, , 0, 0, 0, 0, 0, 
183, 1, 182, 184, -1, 329, 250, 16.0, 19, ABalpaapp, 11527, 0, 0, 0, , 0, 0, 0, 0, 0, 
184, 1, 183, 185, -1, 349, 223, 15.0, 21, ABalpaapa, 13284, 0, 0, 0, , 0, 0, 0, 0, 0, 
185, 1, 184, 186, -1, 154, 249, 24.0, 25, Epra, 31926, 0, 0, 0, , 0, 0, 0, 0, 0, 
186, 1, 185, 187, -1, 236, 227, 24.0, 21, Eara, 19566, 0, 0, 0, , 0, 0, 0, 0, 0, 
187, 1, 186, 188, -1, 197, 242, 22.0, 25, Earp, 21074, 0, 0, 0, , 0, 0, 0, 0, 0, 
188, 1, 187, 189, -1, 262, 259, 27.0, 27, Eala, 65535, 0, 0, 0, , 0, 0, 0, 0, 0, 
189, 1, 188, 190, -1, 184, 280, 27.0, 27, Epla, 65535, 0, 0, 0, , 0, 0, 0, 0, 0, 
190, 1, 189, 191, -1, 110, 285, 25.0, 25, Eprp, 40983, 0, 0, 0, , 0, 0, 0, 0, 0, 
