1, 1, 1, 1, -1, 306, 201, 22.0, 17, ABaraappaa, 9516, 0, 0, 0, , 0, 0, 0, 0, 0, 
2, 1, 2, 2, -1, 289, 206, 20.0, 17, ABaraappap, 11349, 0, 0, 0, , 0, 0, 0, 0, 0, 
3, 1, 3, 3, -1, 255, 232, 20.0, 13, ABaraapppap, 4969, 0, 0, 0, , 0, 0, 0, 0, 0, 
4, 1, 4, 4, -1, 270, 220, 20.0, 15, ABaraapppaa, 6075, 0, 0, 0, , 0, 0, 0, 0, 0, 
5, 1, 5, 5, -1, 239, 222, 18.0, 17, ABaraapppp, 9594, 0, 0, 0, , 0, 0, 0, 0, 0, 
6, 1, 6, 6, -1, 268, 269, 21.0, 17, ABaraapapp, 9765, 0, 0, 0, , 0, 0, 0, 0, 0, 
7, 1, 7, 7, -1, 266, 252, 21.0, 13, ABaraapapap, 5513, 0, 0, 0, , 0, 0, 0, 0, 0, 
8, 1, 8, 8, -1, 288, 241, 20.0, 15, ABaraapapaa, 6794, 0, 0, 0, , 0, 0, 0, 0, 0, 
9, 1, 9, 9, -1, 316, 215, 22.0, 19, ABaraapaaa, 7149, 0, 0, 0, , 0, 0, 0, 0, 0, 
10, 1, 10, 10, -1, 307, 233, 22.0, 19, ABaraapaap, 11098, 0, 0, 0, , 0, 0, 0, 0, 0, 
11, 1, 11, 11, -1, 300, 203, 11.0, 15, ABaraaappa, 7265, 0, 0, 0, , 0, 0, 0, 0, 0, 
12, 1, 12, 12, -1, 283, 202, 10.0, 15, ABaraaappp, 7072, 0, 0, 0, , 0, 0, 0, 0, 0, 
13, 1, 13, 13, -1, 320, 204, 18.0, 15, ABaraaapaa, 7771, 0, 0, 0, , 0, 0, 0, 0, 0, 
14, 1, 14, 14, -1, 306, 215, 16.0, 13, ABaraaapapa, 3992, 0, 0, 0, , 0, 0, 0, 0, 0, 
15, 1, 15, 15, -1, 282, 222, 18.0, 13, ABaraaapapp, 4153, 0, 0, 0, , 0, 0, 0, 0, 0, 
16, 1, 16, 16, -1, 331, 225, 14.0, 17, ABaraaaaaa, 10074, 0, 0, 0, , 0, 0, 0, 0, 0, 
17, 1, 17, 17, -1, 315, 202, 13.0, 17, ABaraaaaap, 8043, 0, 0, 0, , 0, 0, 0, 0, 0, 
18, 1, 18, 18, -1, 319, 225, 25.0, 11, ABaraaaapp, 6400, 0, 0, 0, , 0, 0, 0, 0, 0, 
19, 1, 19, 19, -1, 333, 203, 20.0, 15, ABaraaaapa, 6093, 0, 0, 0, , 0, 0, 0, 0, 0, 
20, 1, 20, 20, -1, 246, 240, 10.0, 19, ABarapapap, 13406, 0, 0, 0, , 0, 0, 0, 0, 0, 
21, 1, 21, 21, -1, 266, 229, 10.0, 17, ABarapapaa, 11576, 0, 0, 0, , 0, 0, 0, 0, 0, 
22, 1, 22, 22, -1, 211, 248, 13.0, 15, ABarapapppp, 7436, 0, 0, 0, , 0, 0, 0, 0, 0, 
23, 1, 23, 23, -1, 231, 242, 13.0, 13, ABarapapppa, 5011, 0, 0, 0, , 0, 0, 0, 0, 0, 
24, 1, 24, 24, -1, 246, 233, 14.0, 17, ABarapappa, 8780, 0, 0, 0, , 0, 0, 0, 0, 0, 
25, 1, 25, 25, -1, 284, 234, 9.0, 17, ABarapaaap, 9774, 0, 0, 0, , 0, 0, 0, 0, 0, 
26, 1, 26, 26, -1, 299, 223, 10.0, 15, ABarapaaaa, 8130, 0, 0, 0, , 0, 0, 0, 0, 0, 
27, 1, 27, 27, -1, 289, 220, 14.0, 17, ABarapaapa, 9632, 0, 0, 0, , 0, 0, 0, 0, 0, 
28, 1, 28, 28, -1, 257, 234, 17.0, 13, ABarapaappp, 7033, 0, 0, 0, , 0, 0, 0, 0, 0, 
29, 1, 29, 29, -1, 271, 229, 14.0, 13, ABarapaappa, 7418, 0, 0, 0, , 0, 0, 0, 0, 0, 
30, 1, 30, 30, -1, 239, 201, 10.0, 17, ABarapppap, 7807, 0, 0, 0, , 0, 0, 0, 0, 0, 
31, 1, 31, 31, -1, 270, 186, 10.0, 15, ABarapppaa, 8926, 0, 0, 0, , 0, 0, 0, 0, 0, 
32, 1, 32, 32, -1, 252, 192, 12.0, 15, ABarappppa, 9188, 0, 0, 0, , 0, 0, 0, 0, 0, 
33, 1, 33, 33, -1, 219, 198, 12.0, 15, ABarappppp, 7976, 0, 0, 0, , 0, 0, 0, 0, 0, 
34, 1, 34, 34, -1, 260, 209, 10.0, 15, ABarappaaa, 9569, 0, 0, 0, , 0, 0, 0, 0, 0, 
35, 1, 35, 35, -1, 236, 221, 10.0, 15, ABarappaap, 9331, 0, 0, 0, , 0, 0, 0, 0, 0, 
36, 1, 36, 36, -1, 216, 219, 10.0, 17, ABarappapa, 12209, 0, 0, 0, , 0, 0, 0, 0, 0, 
37, 1, 37, 37, -1, 194, 213, 10.0, 17, ABarappapp, 11638, 0, 0, 0, , 0, 0, 0, 0, 0, 
38, 1, 38, 38, -1, 218, 179, 31.0, 17, ABarpapppa, 7026, 0, 0, 0, , 0, 0, 0, 0, 0, 
39, 1, 39, 39, -1, 210, 195, 33.0, 19, ABarpapppp, 10869, 0, 0, 0, , 0, 0, 0, 0, 0, 
40, 1, 40, 40, -1, 238, 177, 33.0, 17, ABarpappap, 4240, 0, 0, 0, , 0, 0, 0, 0, 0, 
41, 1, 41, 41, -1, 292, 189, 35.0, 17, ABarpapaaa, 6977, 0, 0, 0, , 0, 0, 0, 0, 0, 
42, 1, 42, 42, -1, 274, 196, 32.0, 17, ABarpapaap, 7828, 0, 0, 0, , 0, 0, 0, 0, 0, 
43, 1, 43, 43, -1, 233, 214, 34.0, 17, ABarpapapp, 7997, 0, 0, 0, , 0, 0, 0, 0, 0, 
44, 1, 44, 44, -1, 266, 210, 33.0, 13, ABarpapapa, 5972, 0, 0, 0, , 0, 0, 0, 0, 0, 
45, 1, 45, 45, -1, 203, 272, 33.0, 17, ABarpaappp, 3953, 0, 0, 0, , 0, 0, 0, 0, 0, 
46, 1, 46, 46, -1, 253, 219, 34.0, 15, ABarpaapaa, 5179, 0, 0, 0, , 0, 0, 0, 0, 0, 
47, 1, 47, 47, -1, 241, 249, 34.0, 19, ABarpaapap, 6929, 0, 0, 0, , 0, 0, 0, 0, 0, 
48, 1, 48, 48, -1, 328, 205, 32.0, 17, ABarpaaaaa, 6938, 0, 0, 0, , 0, 0, 0, 0, 0, 
49, 1, 49, 49, -1, 305, 227, 35.0, 15, ABarpaaaap, 6471, 0, 0, 0, , 0, 0, 0, 0, 0, 
50, 1, 50, 50, -1, 278, 222, 35.0, 13, ABarpaaapp, 4288, 0, 0, 0, , 0, 0, 0, 0, 0, 
51, 1, 51, 51, -1, 295, 210, 35.0, 15, ABarpaaapa, 7404, 0, 0, 0, , 0, 0, 0, 0, 0, 
52, 1, 52, 52, -1, 221, 309, 35.0, 15, ABarppaaap, 5775, 0, 0, 0, , 0, 0, 0, 0, 0, 
53, 1, 53, 53, -1, 229, 286, 35.0, 13, ABarppaaaa, 4704, 0, 0, 0, , 0, 0, 0, 0, 0, 
54, 1, 54, 54, -1, 164, 331, 34.0, 17, ABarppaapp, 6904, 0, 0, 0, , 0, 0, 0, 0, 0, 
55, 1, 55, 55, -1, 141, 349, 30.0, 17, ABarppappa, 6125, 0, 0, 0, , 0, 0, 0, 0, 0, 
56, 1, 56, 56, -1, 111, 351, 23.0, 17, ABarppappp, 6710, 0, 0, 0, , 0, 0, 0, 0, 0, 
57, 1, 57, 57, -1, 186, 345, 32.0, 19, ABarppapap, 6812, 0, 0, 0, , 0, 0, 0, 0, 0, 
58, 1, 58, 58, -1, 210, 333, 33.0, 15, ABarppapaa, 5686, 0, 0, 0, , 0, 0, 0, 0, 0, 
59, 1, 59, 59, -1, 71, 272, 23.0, 17, ABarpppppp, 6951, 0, 0, 0, , 0, 0, 0, 0, 0, 
60, 1, 60, 60, -1, 102, 244, 30.0, 15, ABarpppppa, 5852, 0, 0, 0, , 0, 0, 0, 0, 0, 
61, 1, 61, 61, -1, 154, 199, 30.0, 15, ABarppppaa, 5251, 0, 0, 0, , 0, 0, 0, 0, 0, 
62, 1, 62, 62, -1, 125, 213, 29.0, 17, ABarppppap, 5271, 0, 0, 0, , 0, 0, 0, 0, 0, 
63, 1, 63, 63, -1, 181, 199, 34.0, 19, ABarpppaap, 15998, 0, 0, 0, , 0, 0, 0, 0, 0, 
64, 1, 64, 64, -1, 203, 215, 34.0, 15, ABarpppaaa, 5400, 0, 0, 0, , 0, 0, 0, 0, 0, 
65, 1, 65, 65, -1, 312, 181, 28.0, 13, ABalappppaa, 2738, 0, 0, 0, , 0, 0, 0, 0, 0, 
66, 1, 66, 66, -1, 287, 176, 30.0, 13, ABalappppap, 2501, 0, 0, 0, , 0, 0, 0, 0, 0, 
67, 1, 67, 67, -1, 270, 178, 33.0, 16, ABalappppp, 4439, 0, 0, 0, , 0, 0, 0, 0, 0, 
68, 1, 68, 68, -1, 327, 190, 28.0, 15, ABalapppaa, 5930, 0, 0, 0, , 0, 0, 0, 0, 0, 
69, 1, 69, 69, -1, 307, 193, 32.0, 13, ABalapppap, 2966, 0, 0, 0, , 0, 0, 0, 0, 0, 
70, 1, 70, 70, -1, 316, 171, 24.0, 15, ABalappapa, 4601, 0, 0, 0, , 0, 0, 0, 0, 0, 
71, 1, 71, 71, -1, 349, 212, 26.0, 15, ABalappaap, 3812, 0, 0, 0, , 0, 0, 0, 0, 0, 
72, 1, 72, 72, -1, 297, 172, 26.0, 17, ABalappapp, 6957, 0, 0, 0, , 0, 0, 0, 0, 0, 
73, 1, 73, 73, -1, 315, 263, 34.0, 13, ABalapappp, 2606, 0, 0, 0, , 0, 0, 0, 0, 0, 
74, 1, 74, 74, -1, 338, 242, 28.0, 13, ABalapappaa, 3652, 0, 0, 0, , 0, 0, 0, 0, 0, 
75, 1, 75, 75, -1, 318, 256, 30.0, 13, ABalapappap, 4144, 0, 0, 0, , 0, 0, 0, 0, 0, 
76, 1, 76, 76, -1, 327, 224, 32.0, 13, ABalapapaa, 4188, 0, 0, 0, , 0, 0, 0, 0, 0, 
77, 1, 77, 77, -1, 322, 239, 32.0, 15, ABalapapap, 4956, 0, 0, 0, , 0, 0, 0, 0, 0, 
78, 1, 78, 78, -1, 351, 237, 25.0, 15, ABalapaaaa, 7198, 0, 0, 0, , 0, 0, 0, 0, 0, 
79, 1, 79, 79, -1, 343, 262, 28.0, 17, ABalapaaap, 8465, 0, 0, 0, , 0, 0, 0, 0, 0, 
80, 1, 80, 80, -1, 342, 253, 22.0, 17, ABalapaapa, 7842, 0, 0, 0, , 0, 0, 0, 0, 0, 
81, 1, 81, 81, -1, 329, 261, 24.0, 21, ABalapaapp, 11725, 0, 0, 0, , 0, 0, 0, 0, 0, 
82, 1, 82, 82, -1, 306, 183, 14.0, 15, ABalaapaaa, 6416, 0, 0, 0, , 0, 0, 0, 0, 0, 
83, 1, 83, 83, -1, 262, 176, 13.0, 13, ABalaapapa, 5982, 0, 0, 0, , 0, 0, 0, 0, 0, 
84, 1, 84, 84, -1, 287, 180, 12.0, 15, ABalaapaap, 7317, 0, 0, 0, , 0, 0, 0, 0, 0, 
85, 1, 85, 85, -1, 287, 183, 17.0, 17, ABalaappap, 6691, 0, 0, 0, , 0, 0, 0, 0, 0, 
86, 1, 86, 86, -1, 294, 170, 16.0, 17, ABalaappaa, 5149, 0, 0, 0, , 0, 0, 0, 0, 0, 
87, 1, 87, 87, -1, 295, 164, 22.0, 17, ABalaapppp, 7424, 0, 0, 0, , 0, 0, 0, 0, 0, 
88, 1, 88, 88, -1, 298, 181, 21.0, 17, ABalaapppa, 6390, 0, 0, 0, , 0, 0, 0, 0, 0, 
89, 1, 89, 89, -1, 335, 265, 15.0, 17, ABalaaaalp, 8960, 0, 0, 0, , 0, 0, 0, 0, 0, 
90, 1, 90, 90, -1, 331, 188, 17.0, 15, ABalaaaarr, 7492, 0, 0, 0, , 0, 0, 0, 0, 0, 
91, 1, 91, 91, -1, 349, 215, 18.0, 16, ABalaaaarl, 5955, 0, 0, 0, , 0, 0, 0, 0, 0, 
92, 1, 92, 92, -1, 329, 183, 22.0, 15, ABalaaappl, 7047, 0, 0, 0, , 0, 0, 0, 0, 0, 
93, 1, 93, 93, -1, 315, 177, 18.0, 17, ABalaaappr, 5988, 0, 0, 0, , 0, 0, 0, 0, 0, 
94, 1, 94, 94, -1, 350, 203, 22.0, 17, ABalaaapar, 5671, 0, 0, 0, , 0, 0, 0, 0, 0, 
95, 1, 95, 95, -1, 350, 239, 20.0, 15, ABalaaapal, 7034, 0, 0, 0, , 0, 0, 0, 0, 0, 
96, 1, 96, 96, -1, 161, 317, 11.0, 17, ABplppppap, 7916, 0, 0, 0, , 0, 0, 0, 0, 0, 
97, 1, 97, 97, -1, 182, 311, 10.0, 15, ABplppppaa, 7245, 0, 0, 0, , 0, 0, 0, 0, 0, 
98, 1, 98, 98, -1, 115, 316, 12.0, 13, ABplpppppp, 8194, 0, 0, 0, , 0, 0, 0, 0, 0, 
99, 1, 99, 99, -1, 155, 300, 14.0, 17, ABplpppppa, 7650, 0, 0, 0, , 0, 0, 0, 0, 0, 
100, 1, 100, 100, -1, 134, 311, 13.0, 15, ABplpppapp, 6924, 0, 0, 0, , 0, 0, 0, 0, 0, 
101, 1, 101, 101, -1, 153, 334, 11.0, 13, ABplpppapaa, 4580, 0, 0, 0, , 0, 0, 0, 0, 0, 
102, 1, 102, 102, -1, 160, 343, 13.0, 17, ABplpppaap, 6782, 0, 0, 0, , 0, 0, 0, 0, 0, 
103, 1, 103, 103, -1, 181, 333, 12.0, 17, ABplpppaaa, 7933, 0, 0, 0, , 0, 0, 0, 0, 0, 
104, 1, 104, 104, -1, 185, 344, 15.0, 15, ABplppappp, 7490, 0, 0, 0, , 0, 0, 0, 0, 0, 
105, 1, 105, 105, -1, 211, 339, 14.0, 17, ABplppappa, 7858, 0, 0, 0, , 0, 0, 0, 0, 0, 
106, 1, 106, 106, -1, 242, 337, 18.0, 17, ABplppapaa, 9002, 0, 0, 0, , 0, 0, 0, 0, 0, 
107, 1, 107, 107, -1, 217, 343, 18.0, 19, ABplppapap, 9349, 0, 0, 0, , 0, 0, 0, 0, 0, 
108, 1, 108, 108, -1, 203, 326, 11.0, 17, ABplppaapp, 8593, 0, 0, 0, , 0, 0, 0, 0, 0, 
109, 1, 109, 109, -1, 262, 322, 19.0, 19, ABplppaaaa, 8134, 0, 0, 0, , 0, 0, 0, 0, 0, 
110, 1, 110, 110, -1, 260, 327, 22.0, 15, ABplppaaap, 8022, 0, 0, 0, , 0, 0, 0, 0, 0, 
111, 1, 111, 111, -1, 247, 280, 9.0, 15, ABplpappaaa, 6376, 0, 0, 0, , 0, 0, 0, 0, 0, 
112, 1, 112, 112, -1, 224, 289, 10.0, 19, ABplpappaap, 22143, 0, 0, 0, , 0, 0, 0, 0, 0, 
113, 1, 113, 113, -1, 220, 269, 10.0, 13, ABplpappap, 6685, 0, 0, 0, , 0, 0, 0, 0, 0, 
114, 1, 114, 114, -1, 166, 296, 10.0, 17, ABplpapppp, 7567, 0, 0, 0, , 0, 0, 0, 0, 0, 
115, 1, 115, 115, -1, 184, 282, 10.0, 17, ABplpapppa, 8229, 0, 0, 0, , 0, 0, 0, 0, 0, 
116, 1, 116, 116, -1, 204, 303, 10.0, 17, ABplpapapp, 7948, 0, 0, 0, , 0, 0, 0, 0, 0, 
117, 1, 117, 117, -1, 229, 309, 13.0, 17, ABplpapapa, 7123, 0, 0, 0, , 0, 0, 0, 0, 0, 
118, 1, 118, 118, -1, 248, 315, 15.0, 15, ABplpapaap, 6596, 0, 0, 0, , 0, 0, 0, 0, 0, 
119, 1, 119, 119, -1, 258, 298, 14.0, 15, ABplpapaaa, 8363, 0, 0, 0, , 0, 0, 0, 0, 0, 
120, 1, 120, 120, -1, 269, 323, 15.0, 17, ABplpaaaap, 11943, 0, 0, 0, , 0, 0, 0, 0, 0, 
121, 1, 121, 121, -1, 292, 290, 16.0, 17, ABplpaaaaa, 10997, 0, 0, 0, , 0, 0, 0, 0, 0, 
122, 1, 122, 122, -1, 286, 306, 19.0, 15, ABplpaaapa, 8614, 0, 0, 0, , 0, 0, 0, 0, 0, 
123, 1, 123, 123, -1, 283, 319, 18.0, 17, ABplpaaapp, 6442, 0, 0, 0, , 0, 0, 0, 0, 0, 
124, 1, 124, 124, -1, 282, 302, 25.0, 17, ABplpaappa, 8016, 0, 0, 0, , 0, 0, 0, 0, 0, 
125, 1, 125, 125, -1, 279, 325, 24.0, 17, ABplpaappp, 8105, 0, 0, 0, , 0, 0, 0, 0, 0, 
126, 1, 126, 126, -1, 297, 292, 20.0, 15, ABplpaapaa, 9045, 0, 0, 0, , 0, 0, 0, 0, 0, 
127, 1, 127, 127, -1, 297, 318, 22.0, 15, ABplpaapap, 7825, 0, 0, 0, , 0, 0, 0, 0, 0, 
128, 1, 128, 128, -1, 269, 324, 29.0, 17, ABplaappap, 7464, 0, 0, 0, , 0, 0, 0, 0, 0, 
129, 1, 129, 129, -1, 288, 319, 28.0, 15, ABplaappaa, 5134, 0, 0, 0, , 0, 0, 0, 0, 0, 
130, 1, 130, 130, -1, 252, 328, 29.0, 15, ABplaapppa, 6565, 0, 0, 0, , 0, 0, 0, 0, 0, 
131, 1, 131, 131, -1, 232, 344, 26.0, 17, ABplaapppp, 8599, 0, 0, 0, , 0, 0, 0, 0, 0, 
132, 1, 132, 132, -1, 336, 264, 33.0, 15, ABplaapaaa, 11886, 0, 0, 0, , 0, 0, 0, 0, 0, 
133, 1, 133, 133, -1, 322, 278, 32.0, 17, ABplaapaap, 8741, 0, 0, 0, , 0, 0, 0, 0, 0, 
134, 1, 134, 134, -1, 302, 283, 30.0, 19, ABplaapapp, 9458, 0, 0, 0, , 0, 0, 0, 0, 0, 
135, 1, 135, 135, -1, 307, 289, 28.0, 21, ABplaapapa, 7897, 0, 0, 0, , 0, 0, 0, 0, 0, 
136, 1, 136, 136, -1, 297, 251, 34.0, 17, ABplaaaaap, 6268, 0, 0, 0, , 0, 0, 0, 0, 0, 
137, 1, 137, 137, -1, 317, 244, 35.0, 15, ABplaaaaaa, 6288, 0, 0, 0, , 0, 0, 0, 0, 0, 
138, 1, 138, 138, -1, 265, 255, 34.0, 15, ABplaaaapp, 6910, 0, 0, 0, , 0, 0, 0, 0, 0, 
139, 1, 139, 139, -1, 281, 240, 35.0, 13, ABplaaaapa, 5066, 0, 0, 0, , 0, 0, 0, 0, 0, 
140, 1, 140, 140, -1, 252, 286, 33.0, 17, ABplaaappp, 6889, 0, 0, 0, , 0, 0, 0, 0, 0, 
141, 1, 141, 141, -1, 269, 293, 34.0, 17, ABplaaappa, 6169, 0, 0, 0, , 0, 0, 0, 0, 0, 
142, 1, 142, 142, -1, 287, 291, 34.0, 17, ABplaaapap, 5715, 0, 0, 0, , 0, 0, 0, 0, 0, 
143, 1, 143, 143, -1, 296, 278, 35.0, 13, ABplaaapaa, 4997, 0, 0, 0, , 0, 0, 0, 0, 0, 
144, 1, 144, 144, -1, 123, 352, 15.0, 15, ABplappppa, 6574, 0, 0, 0, , 0, 0, 0, 0, 0, 
145, 1, 145, 145, -1, 109, 334, 11.0, 15, ABplappppp, 6601, 0, 0, 0, , 0, 0, 0, 0, 0, 
146, 1, 146, 146, -1, 148, 348, 16.0, 15, ABplapppaa, 7668, 0, 0, 0, , 0, 0, 0, 0, 0, 
147, 1, 147, 147, -1, 130, 336, 13.0, 15, ABplapppap, 6390, 0, 0, 0, , 0, 0, 0, 0, 0, 
148, 1, 148, 148, -1, 201, 356, 24.0, 15, ABplappaaa, 8460, 0, 0, 0, , 0, 0, 0, 0, 0, 
149, 1, 149, 149, -1, 183, 360, 24.0, 15, ABplappaap, 7227, 0, 0, 0, , 0, 0, 0, 0, 0, 
150, 1, 150, 150, -1, 165, 359, 22.0, 15, ABplappapp, 7860, 0, 0, 0, , 0, 0, 0, 0, 0, 
151, 1, 151, 151, -1, 168, 351, 28.0, 15, ABplappapa, 8185, 0, 0, 0, , 0, 0, 0, 0, 0, 
152, 1, 152, 152, -1, 208, 352, 28.0, 17, ABplapaapp, 7568, 0, 0, 0, , 0, 0, 0, 0, 0, 
153, 1, 153, 153, -1, 233, 336, 32.0, 15, ABplapaapa, 7358, 0, 0, 0, , 0, 0, 0, 0, 0, 
154, 1, 154, 154, -1, 243, 300, 31.0, 15, ABplapaaaa, 7262, 0, 0, 0, , 0, 0, 0, 0, 0, 
155, 1, 155, 155, -1, 236, 317, 31.0, 17, ABplapaaap, 6518, 0, 0, 0, , 0, 0, 0, 0, 0, 
156, 1, 156, 156, -1, 106, 345, 17.0, 17, ABplapappp, 7880, 0, 0, 0, , 0, 0, 0, 0, 0, 
157, 1, 157, 157, -1, 142, 366, 22.0, 15, ABplapapap, 7663, 0, 0, 0, , 0, 0, 0, 0, 0, 
158, 1, 158, 158, -1, 124, 362, 19.0, 17, ABplapappa, 7949, 0, 0, 0, , 0, 0, 0, 0, 0, 
159, 1, 159, 159, -1, 135, 356, 26.0, 19, ABplapapaa, 8018, 0, 0, 0, , 0, 0, 0, 0, 0, 
160, 1, 160, 160, -1, 211, 220, 13.0, 17, ABprpapaaa, 8942, 0, 0, 0, , 0, 0, 0, 0, 0, 
161, 1, 161, 161, -1, 192, 208, 13.0, 17, ABprpapaap, 7238, 0, 0, 0, , 0, 0, 0, 0, 0, 
162, 1, 162, 162, -1, 174, 249, 10.0, 17, ABprpapapp, 8399, 0, 0, 0, , 0, 0, 0, 0, 0, 
163, 1, 163, 163, -1, 190, 235, 12.0, 15, ABprpapapa, 7533, 0, 0, 0, , 0, 0, 0, 0, 0, 
164, 1, 164, 164, -1, 156, 278, 12.0, 15, ABprpapppp, 8917, 0, 0, 0, , 0, 0, 0, 0, 0, 
165, 1, 165, 165, -1, 188, 266, 12.0, 19, ABprpapppa, 14722, 0, 0, 0, , 0, 0, 0, 0, 0, 
166, 1, 166, 166, -1, 200, 259, 9.0, 19, ABprpappap, 12158, 0, 0, 0, , 0, 0, 0, 0, 0, 
167, 1, 167, 167, -1, 219, 242, 9.0, 19, ABprpappaa, 10668, 0, 0, 0, , 0, 0, 0, 0, 0, 
168, 1, 168, 168, -1, 243, 194, 15.0, 17, ABprpaaaaa, 8314, 0, 0, 0, , 0, 0, 0, 0, 0, 
169, 1, 169, 169, -1, 211, 180, 11.0, 19, ABprpaaaap, 10479, 0, 0, 0, , 0, 0, 0, 0, 0, 
170, 1, 170, 170, -1, 215, 175, 14.0, 17, ABprpaaapp, 9561, 0, 0, 0, , 0, 0, 0, 0, 0, 
171, 1, 171, 171, -1, 229, 182, 15.0, 15, ABprpaaapa, 7499, 0, 0, 0, , 0, 0, 0, 0, 0, 
172, 1, 172, 172, -1, 245, 177, 17.0, 17, ABprpaapaa, 8027, 0, 0, 0, , 0, 0, 0, 0, 0, 
173, 1, 173, 173, -1, 223, 161, 19.0, 17, ABprpaapap, 9191, 0, 0, 0, , 0, 0, 0, 0, 0, 
174, 1, 174, 174, -1, 207, 173, 18.0, 17, ABprpaappp, 7712, 0, 0, 0, , 0, 0, 0, 0, 0, 
175, 1, 175, 175, -1, 218, 182, 23.0, 17, ABprpaappa, 8718, 0, 0, 0, , 0, 0, 0, 0, 0, 
176, 1, 176, 176, -1, 104, 246, 11.0, 15, ABprpppaap, 7938, 0, 0, 0, , 0, 0, 0, 0, 0, 
177, 1, 177, 177, -1, 129, 236, 11.0, 17, ABprpppaaa, 8719, 0, 0, 0, , 0, 0, 0, 0, 0, 
178, 1, 178, 178, -1, 116, 255, 10.0, 13, ABprpppapaa, 3609, 0, 0, 0, , 0, 0, 0, 0, 0, 
179, 1, 179, 179, -1, 111, 283, 11.0, 13, ABprpppapap, 1796, 0, 0, 0, , 0, 0, 0, 0, 0, 
180, 1, 180, 180, -1, 125, 281, 9.0, 15, ABprpppapp, 6704, 0, 0, 0, , 0, 0, 0, 0, 0, 
181, 1, 181, 181, -1, 133, 260, 11.0, 19, ABprppppap, 18831, 0, 0, 0, , 0, 0, 0, 0, 0, 
182, 1, 182, 182, -1, 156, 259, 11.0, 15, ABprppppaa, 8210, 0, 0, 0, , 0, 0, 0, 0, 0, 
183, 1, 183, 183, -1, 114, 299, 11.0, 15, ABprpppppp, 6247, 0, 0, 0, , 0, 0, 0, 0, 0, 
184, 1, 184, 184, -1, 135, 279, 13.0, 17, ABprpppppa, 8730, 0, 0, 0, , 0, 0, 0, 0, 0, 
185, 1, 185, 185, -1, 172, 220, 12.0, 15, ABprppaapa, 7691, 0, 0, 0, , 0, 0, 0, 0, 0, 
186, 1, 186, 186, -1, 155, 237, 11.0, 15, ABprppaapp, 6287, 0, 0, 0, , 0, 0, 0, 0, 0, 
187, 1, 187, 187, -1, 189, 187, 14.0, 19, ABprppaaaa, 10017, 0, 0, 0, , 0, 0, 0, 0, 0, 
188, 1, 188, 188, -1, 181, 178, 20.0, 13, ABprppaaap, 5652, 0, 0, 0, , 0, 0, 0, 0, 0, 
189, 1, 189, 189, -1, 167, 199, 13.0, 17, ABprppapaa, 8345, 0, 0, 0, , 0, 0, 0, 0, 0, 
190, 1, 190, 190, -1, 143, 204, 14.0, 17, ABprppapap, 6125, 0, 0, 0, , 0, 0, 0, 0, 0, 
191, 1, 191, 191, -1, 118, 229, 14.0, 17, ABprppappp, 8154, 0, 0, 0, , 0, 0, 0, 0, 0, 
192, 1, 192, 192, -1, 141, 219, 12.0, 15, ABprppappa, 6990, 0, 0, 0, , 0, 0, 0, 0, 0, 
193, 1, 193, 193, -1, 302, 172, 32.0, 17, ABpraapaaa, 7765, 0, 0, 0, , 0, 0, 0, 0, 0, 
194, 1, 194, 194, -1, 272, 164, 29.0, 19, ABpraapaap, 9912, 0, 0, 0, , 0, 0, 0, 0, 0, 
195, 1, 195, 195, -1, 257, 178, 25.0, 17, ABpraapapa, 8338, 0, 0, 0, , 0, 0, 0, 0, 0, 
196, 1, 196, 196, -1, 251, 177, 29.0, 17, ABpraapapp, 10364, 0, 0, 0, , 0, 0, 0, 0, 0, 
197, 1, 197, 197, -1, 155, 189, 21.0, 17, ABpraapppp, 8807, 0, 0, 0, , 0, 0, 0, 0, 0, 
198, 1, 198, 198, -1, 180, 178, 23.0, 15, ABpraapppa, 4123, 0, 0, 0, , 0, 0, 0, 0, 0, 
199, 1, 199, 199, -1, 196, 171, 23.0, 17, ABpraappap, 6832, 0, 0, 0, , 0, 0, 0, 0, 0, 
200, 1, 200, 200, -1, 214, 162, 23.0, 15, ABpraappaa, 6177, 0, 0, 0, , 0, 0, 0, 0, 0, 
201, 1, 201, 201, -1, 267, 163, 25.0, 15, ABpraaapap, 9176, 0, 0, 0, , 0, 0, 0, 0, 0, 
202, 1, 202, 202, -1, 279, 171, 21.0, 15, ABpraaapaa, 7255, 0, 0, 0, , 0, 0, 0, 0, 0, 
203, 1, 203, 203, -1, 249, 175, 21.0, 17, ABpraaappa, 6265, 0, 0, 0, , 0, 0, 0, 0, 0, 
204, 1, 204, 204, -1, 237, 190, 23.0, 15, ABpraaapppa, 5241, 0, 0, 0, , 0, 0, 0, 0, 0, 
205, 1, 205, 205, -1, 222, 173, 27.0, 19, ABpraaapppp, 5819, 0, 0, 0, , 0, 0, 0, 0, 0, 
206, 1, 206, 206, -1, 266, 158, 20.0, 15, ABpraaaaap, 6981, 0, 0, 0, , 0, 0, 0, 0, 0, 
207, 1, 207, 207, -1, 278, 164, 17.0, 15, ABpraaaaaa, 7526, 0, 0, 0, , 0, 0, 0, 0, 0, 
208, 1, 208, 208, -1, 257, 166, 18.0, 15, ABpraaaapa, 6393, 0, 0, 0, , 0, 0, 0, 0, 0, 
209, 1, 209, 209, -1, 242, 158, 22.0, 15, ABpraaaapp, 7178, 0, 0, 0, , 0, 0, 0, 0, 0, 
210, 1, 210, 210, -1, 98, 230, 20.0, 15, ABprappapp, 8357, 0, 0, 0, , 0, 0, 0, 0, 0, 
211, 1, 211, 211, -1, 107, 222, 25.0, 15, ABprappapa, 7358, 0, 0, 0, , 0, 0, 0, 0, 0, 
212, 1, 212, 212, -1, 115, 215, 19.0, 15, ABprappaap, 8071, 0, 0, 0, , 0, 0, 0, 0, 0, 
213, 1, 213, 213, -1, 134, 205, 18.0, 17, ABprappaaa, 7942, 0, 0, 0, , 0, 0, 0, 0, 0, 
214, 1, 214, 214, -1, 93, 250, 15.0, 15, ABprapppaa, 5800, 0, 0, 0, , 0, 0, 0, 0, 0, 
215, 1, 215, 215, -1, 99, 269, 13.0, 15, ABprapppap, 5198, 0, 0, 0, , 0, 0, 0, 0, 0, 
216, 1, 216, 216, -1, 83, 282, 11.0, 17, ABprappppp, 7372, 0, 0, 0, , 0, 0, 0, 0, 0, 
217, 1, 217, 217, -1, 78, 267, 14.0, 15, ABprappppa, 6568, 0, 0, 0, , 0, 0, 0, 0, 0, 
218, 1, 218, 218, -1, 173, 197, 29.0, 15, ABprapaaap, 6973, 0, 0, 0, , 0, 0, 0, 0, 0, 
219, 1, 219, 219, -1, 194, 195, 29.0, 17, ABprapaaaa, 7429, 0, 0, 0, , 0, 0, 0, 0, 0, 
220, 1, 220, 220, -1, 135, 200, 24.0, 17, ABprapaapp, 9002, 0, 0, 0, , 0, 0, 0, 0, 0, 
221, 1, 221, 221, -1, 164, 185, 26.0, 15, ABprapaapa, 7040, 0, 0, 0, , 0, 0, 0, 0, 0, 
222, 1, 222, 222, -1, 78, 251, 18.0, 17, ABprapappa, 8878, 0, 0, 0, , 0, 0, 0, 0, 0, 
223, 1, 223, 223, -1, 73, 277, 17.0, 17, ABprapappp, 8069, 0, 0, 0, , 0, 0, 0, 0, 0, 
224, 1, 224, 224, -1, 83, 248, 22.0, 15, ABprapapap, 8591, 0, 0, 0, , 0, 0, 0, 0, 0, 
225, 1, 225, 225, -1, 88, 254, 26.0, 17, ABprapapaa, 7361, 0, 0, 0, , 0, 0, 0, 0, 0, 
226, 1, 226, 226, -1, 218, 198, 25.0, 13, MSppppap, 3232, 0, 0, 0, , 0, 0, 0, 0, 0, 
227, 1, 227, 227, -1, 225, 202, 20.0, 15, MSppppaa, 5029, 0, 0, 0, , 0, 0, 0, 0, 0, 
228, 1, 228, 228, -1, 222, 205, 29.0, 15, MSpppppa, 4622, 0, 0, 0, , 0, 0, 0, 0, 0, 
229, 1, 229, 229, -1, 189, 219, 29.0, 15, MSpppppp, 4770, 0, 0, 0, , 0, 0, 0, 0, 0, 
230, 1, 230, 230, -1, 218, 223, 16.0, 15, MSpppaaa, 2929, 0, 0, 0, , 0, 0, 0, 0, 0, 
231, 1, 231, 231, -1, 206, 224, 20.0, 15, MSpppaap, 5105, 0, 0, 0, , 0, 0, 0, 0, 0, 
232, 1, 232, 232, -1, 191, 220, 20.0, 15, MSpppapp, 5013, 0, 0, 0, , 0, 0, 0, 0, 0, 
233, 1, 233, 233, -1, 199, 202, 16.0, 13, MSpppapa, 3843, 0, 0, 0, , 0, 0, 0, 0, 0, 
234, 1, 234, 234, -1, 230, 211, 16.0, 15, MSppaapp, 4161, 0, 0, 0, , 0, 0, 0, 0, 0, 
235, 1, 235, 235, -1, 253, 217, 15.0, 13, MSppaapa, 3592, 0, 0, 0, , 0, 0, 0, 0, 0, 
236, 1, 236, 236, -1, 284, 199, 15.0, 13, MSppaaaa, 5255, 0, 0, 0, , 0, 0, 0, 0, 0, 
237, 1, 237, 237, -1, 267, 202, 17.0, 15, MSppaaap, 4711, 0, 0, 0, , 0, 0, 0, 0, 0, 
238, 1, 238, 238, -1, 273, 189, 27.0, 13, MSppappa, 4725, 0, 0, 0, , 0, 0, 0, 0, 0, 
239, 1, 239, 239, -1, 266, 189, 20.0, 13, MSppapaa, 4444, 0, 0, 0, , 0, 0, 0, 0, 0, 
240, 1, 240, 240, -1, 247, 199, 19.0, 15, MSppapap, 6084, 0, 0, 0, , 0, 0, 0, 0, 0, 
241, 1, 241, 241, -1, 202, 262, 16.0, 17, MSpapapp, 6845, 0, 0, 0, , 0, 0, 0, 0, 0, 
242, 1, 242, 242, -1, 212, 247, 18.0, 15, MSpapapa, 6269, 0, 0, 0, , 0, 0, 0, 0, 0, 
243, 1, 243, 243, -1, 250, 248, 16.0, 11, MSpapaaaa, 2735, 0, 0, 0, , 0, 0, 0, 0, 0, 
244, 1, 244, 244, -1, 231, 248, 20.0, 13, MSpapaaap, 4332, 0, 0, 0, , 0, 0, 0, 0, 0, 
245, 1, 245, 245, -1, 226, 229, 20.0, 13, MSpapaapa, 3362, 0, 0, 0, , 0, 0, 0, 0, 0, 
246, 1, 246, 246, -1, 213, 251, 22.0, 15, MSpapaapp, 4972, 0, 0, 0, , 0, 0, 0, 0, 0, 
247, 1, 247, 247, -1, 184, 300, 14.0, 15, MSpappaa, 4655, 0, 0, 0, , 0, 0, 0, 0, 0, 
248, 1, 248, 248, -1, 172, 275, 14.0, 15, MSpappap, 4295, 0, 0, 0, , 0, 0, 0, 0, 0, 
249, 1, 249, 249, -1, 168, 255, 14.0, 17, MSpapppp, 4587, 0, 0, 0, , 0, 0, 0, 0, 0, 
250, 1, 250, 250, -1, 166, 231, 16.0, 17, MSpapppa, 5797, 0, 0, 0, , 0, 0, 0, 0, 0, 
251, 1, 251, 251, -1, 269, 216, 28.0, 15, MSpaaappa, 4990, 0, 0, 0, , 0, 0, 0, 0, 0, 
252, 1, 252, 252, -1, 244, 235, 29.0, 13, MSpaaappp, 4228, 0, 0, 0, , 0, 0, 0, 0, 0, 
253, 1, 253, 253, -1, 266, 232, 31.0, 15, MSpaaapa, 6607, 0, 0, 0, , 0, 0, 0, 0, 0, 
254, 1, 254, 254, -1, 290, 212, 27.0, 19, MSpaaaap, 11047, 0, 0, 0, , 0, 0, 0, 0, 0, 
255, 1, 255, 255, -1, 310, 198, 26.0, 15, MSpaaaaa, 6170, 0, 0, 0, , 0, 0, 0, 0, 0, 
256, 1, 256, 256, -1, 249, 218, 24.0, 21, MSpaapap, 31749, 0, 0, 0, , 0, 0, 0, 0, 0, 
257, 1, 257, 257, -1, 270, 203, 24.0, 15, MSpaapaa, 5833, 0, 0, 0, , 0, 0, 0, 0, 0, 
258, 1, 258, 258, -1, 195, 243, 26.0, 23, Earap, 25413, 0, 0, 0, , 0, 0, 0, 0, 0, 
259, 1, 259, 259, -1, 265, 289, 23.0, 13, MSapppaa, 2748, 0, 0, 0, , 0, 0, 0, 0, 0, 
260, 1, 260, 260, -1, 255, 292, 26.0, 15, MSapppap, 3908, 0, 0, 0, , 0, 0, 0, 0, 0, 
261, 1, 261, 261, -1, 241, 286, 29.0, 15, MSappppa, 4524, 0, 0, 0, , 0, 0, 0, 0, 0, 
262, 1, 262, 262, -1, 210, 307, 28.0, 13, MSappppp, 3262, 0, 0, 0, , 0, 0, 0, 0, 0, 
263, 1, 263, 263, -1, 222, 305, 21.0, 15, MSappaap, 8969, 0, 0, 0, , 0, 0, 0, 0, 0, 
264, 1, 264, 264, -1, 246, 288, 20.0, 15, MSappaaa, 4181, 0, 0, 0, , 0, 0, 0, 0, 0, 
265, 1, 265, 265, -1, 228, 313, 18.0, 15, MSappapp, 2781, 0, 0, 0, , 0, 0, 0, 0, 0, 
266, 1, 266, 266, -1, 250, 304, 20.0, 13, MSappapa, 4509, 0, 0, 0, , 0, 0, 0, 0, 0, 
267, 1, 267, 267, -1, 300, 261, 27.0, 17, MSapappa, 7082, 0, 0, 0, , 0, 0, 0, 0, 0, 
268, 1, 268, 268, -1, 268, 273, 29.0, 15, MSapappp, 6015, 0, 0, 0, , 0, 0, 0, 0, 0, 
269, 1, 269, 269, -1, 282, 278, 20.0, 13, MSapapap, 4284, 0, 0, 0, , 0, 0, 0, 0, 0, 
270, 1, 270, 270, -1, 295, 265, 23.0, 17, MSapapaa, 6951, 0, 0, 0, , 0, 0, 0, 0, 0, 
271, 1, 271, 271, -1, 263, 294, 18.0, 15, MSapaapp, 5077, 0, 0, 0, , 0, 0, 0, 0, 0, 
272, 1, 272, 272, -1, 285, 271, 16.0, 13, MSapaapa, 4000, 0, 0, 0, , 0, 0, 0, 0, 0, 
273, 1, 273, 273, -1, 333, 244, 20.0, 15, MSapaaaa, 5042, 0, 0, 0, , 0, 0, 0, 0, 0, 
274, 1, 274, 274, -1, 307, 262, 18.0, 15, MSapaaap, 5821, 0, 0, 0, , 0, 0, 0, 0, 0, 
275, 1, 275, 275, -1, 329, 214, 27.0, 17, MSaaaaapa, 4557, 0, 0, 0, , 0, 0, 0, 0, 0, 
276, 1, 276, 276, -1, 304, 227, 31.0, 13, MSaaaaapp, 4260, 0, 0, 0, , 0, 0, 0, 0, 0, 
277, 1, 277, 277, -1, 337, 215, 24.0, 19, MSaaaaaa, 6437, 0, 0, 0, , 0, 0, 0, 0, 0, 
278, 1, 278, 278, -1, 287, 232, 30.0, 15, MSaaaapa, 6724, 0, 0, 0, , 0, 0, 0, 0, 0, 
279, 1, 279, 279, -1, 271, 251, 28.0, 15, MSaaaapp, 7056, 0, 0, 0, , 0, 0, 0, 0, 0, 
280, 1, 280, 280, -1, 276, 242, 24.0, 17, MSaaapap, 5018, 0, 0, 0, , 0, 0, 0, 0, 0, 
281, 1, 281, 281, -1, 301, 237, 26.0, 15, MSaaapaa, 6231, 0, 0, 0, , 0, 0, 0, 0, 0, 
282, 1, 282, 282, -1, 263, 259, 26.0, 15, MSaaappa, 4177, 0, 0, 0, , 0, 0, 0, 0, 0, 
283, 1, 283, 283, -1, 248, 252, 27.0, 15, MSaaappp, 4785, 0, 0, 0, , 0, 0, 0, 0, 0, 
284, 1, 284, 284, -1, 192, 321, 16.0, 15, MSaapppp, 5124, 0, 0, 0, , 0, 0, 0, 0, 0, 
285, 1, 285, 285, -1, 211, 314, 16.0, 17, MSaapppa, 5206, 0, 0, 0, , 0, 0, 0, 0, 0, 
286, 1, 286, 286, -1, 257, 270, 17.0, 17, MSaapaaa, 7348, 0, 0, 0, , 0, 0, 0, 0, 0, 
287, 1, 287, 287, -1, 224, 287, 17.0, 17, MSaapapp, 6692, 0, 0, 0, , 0, 0, 0, 0, 0, 
288, 1, 288, 288, -1, 231, 268, 19.0, 15, MSaapapa, 6007, 0, 0, 0, , 0, 0, 0, 0, 0, 
289, 1, 289, 289, -1, 213, 279, 23.0, 21, Ealpa, 34024, 0, 0, 0, , 0, 0, 0, 0, 0, 
290, 1, 290, 290, -1, 185, 287, 23.0, 19, Ealpp, 11133, 0, 0, 0, , 0, 0, 0, 0, 0, 
291, 1, 291, 291, -1, 137, 304, 24.0, 23, Eplpa, 41930, 0, 0, 0, , 0, 0, 0, 0, 0, 
292, 1, 292, 292, -1, 147, 339, 20.0, 17, Cappap, 7187, 0, 0, 0, , 0, 0, 0, 0, 0, 
293, 1, 293, 293, -1, 162, 333, 23.0, 21, Cappaa, 8653, 0, 0, 0, , 0, 0, 0, 0, 0, 
294, 1, 294, 294, -1, 127, 336, 21.0, 17, Capppa, 7380, 0, 0, 0, , 0, 0, 0, 0, 0, 
295, 1, 295, 295, -1, 114, 318, 16.0, 19, Capppp, 11851, 0, 0, 0, , 0, 0, 0, 0, 0, 
296, 1, 296, 296, -1, 169, 331, 19.0, 19, Capapa, 7950, 0, 0, 0, , 0, 0, 0, 0, 0, 
297, 1, 297, 297, -1, 148, 322, 16.0, 17, Capapp, 5396, 0, 0, 0, , 0, 0, 0, 0, 0, 
298, 1, 298, 298, -1, 172, 312, 17.0, 19, Capaap, 6340, 0, 0, 0, , 0, 0, 0, 0, 0, 
299, 1, 299, 299, -1, 193, 325, 21.0, 17, Capaaa, 6704, 0, 0, 0, , 0, 0, 0, 0, 0, 
300, 1, 300, 300, -1, 86, 332, 27.0, 19, Caaapp, 7264, 0, 0, 0, , 0, 0, 0, 0, 0, 
301, 1, 301, 301, -1, 83, 329, 16.0, 21, Caappd, 16738, 0, 0, 0, , 0, 0, 0, 0, 0, 
302, 1, 302, 302, -1, 85, 319, 12.0, 15, Caappv, 5173, 0, 0, 0, , 0, 0, 0, 0, 0, 
303, 1, 303, 303, -1, 99, 303, 13.0, 15, Caapa, 7713, 0, 0, 0, , 0, 0, 0, 0, 0, 
304, 1, 304, 304, -1, 64, 303, 18.0, 19, Cpappd, 6982, 0, 0, 0, , 0, 0, 0, 0, 0, 
305, 1, 305, 305, -1, 75, 302, 13.0, 17, Cpappv, 6493, 0, 0, 0, , 0, 0, 0, 0, 0, 
306, 1, 306, 306, -1, 75, 332, 21.0, 19, Cpapaa, 9372, 0, 0, 0, , 0, 0, 0, 0, 0, 
307, 1, 307, 307, -1, 81, 301, 29.0, 21, Cpaapp, 21738, 0, 0, 0, , 0, 0, 0, 0, 0, 
308, 1, 308, 308, -1, 144, 254, 16.0, 19, Cppaap, 7543, 0, 0, 0, , 0, 0, 0, 0, 0, 
309, 1, 309, 309, -1, 147, 227, 18.0, 19, Cppaaa, 8100, 0, 0, 0, , 0, 0, 0, 0, 0, 
310, 1, 310, 310, -1, 125, 238, 20.0, 19, Cppapa, 10071, 0, 0, 0, , 0, 0, 0, 0, 0, 
311, 1, 311, 311, -1, 118, 256, 15.0, 19, Cppapp, 8143, 0, 0, 0, , 0, 0, 0, 0, 0, 
312, 1, 312, 312, -1, 129, 231, 24.0, 17, Cpppaa, 6885, 0, 0, 0, , 0, 0, 0, 0, 0, 
313, 1, 313, 313, -1, 112, 257, 19.0, 17, Cpppap, 9268, 0, 0, 0, , 0, 0, 0, 0, 0, 
314, 1, 314, 314, -1, 241, 312, 23.0, 15, Daapa, 5357, 0, 0, 0, , 0, 0, 0, 0, 0, 
315, 1, 315, 315, -1, 211, 323, 22.0, 17, Daapp, 5255, 0, 0, 0, , 0, 0, 0, 0, 0, 
316, 1, 316, 316, -1, 252, 300, 24.0, 15, Daaaa, 5923, 0, 0, 0, , 0, 0, 0, 0, 0, 
317, 1, 317, 317, -1, 231, 305, 26.0, 15, Daaap, 4225, 0, 0, 0, , 0, 0, 0, 0, 0, 
318, 1, 318, 318, -1, 193, 318, 28.0, 15, Dappa, 5892, 0, 0, 0, , 0, 0, 0, 0, 0, 
319, 1, 319, 319, -1, 158, 329, 27.0, 17, Dappp, 6323, 0, 0, 0, , 0, 0, 0, 0, 0, 
320, 1, 320, 320, 321, 179, 208, 18.0, 19, Dpap, 6978, 0, 0, 0, , 0, 0, 0, 0, 0, 
321, 1, 321, 322, -1, 197, 209, 25.0, 17, Dpaap, 5644, 0, 0, 0, , 0, 0, 0, 0, 0, 
322, 1, 322, 323, -1, 207, 196, 19.0, 15, Dpaaa, 5281, 0, 0, 0, , 0, 0, 0, 0, 0, 
323, 1, 323, 324, -1, 132, 241, 28.0, 17, Dpppp, 5973, 0, 0, 0, , 0, 0, 0, 0, 0, 
324, 1, 324, 325, -1, 161, 222, 25.0, 19, Dpppa, 7162, 0, 0, 0, , 0, 0, 0, 0, 0, 
325, 1, 325, 326, -1, 184, 203, 23.0, 17, Dppaa, 5655, 0, 0, 0, , 0, 0, 0, 0, 0, 
326, 1, 326, 327, -1, 153, 210, 22.0, 15, Dppap, 4867, 0, 0, 0, , 0, 0, 0, 0, 0, 
327, 1, 327, 328, -1, 188, 291, 17.0, 21, Z3, 13564, 0, 0, 0, , 0, 0, 0, 0, 0, 
328, 1, 328, 329, -1, 154, 276, 17.0, 21, Z2, 36231, 0, 0, 0, , 0, 0, 0, 0, 0, 
329, 0, 329, -1, -1, 381, 243, 24.0, 15, , 8609, 0, 0, 0, , 0, 0, 0, 0, 0, 
330, 1, 330, 331, -1, 328, 293, 24.0, 19, ABalpppapp, 9861, 0, 0, 0, , 0, 0, 0, 0, 0, 
331, 1, 331, 332, -1, 310, 281, 22.0, 13, ABalpppppaa, 4043, 0, 0, 0, , 0, 0, 0, 0, 0, 
332, 1, 332, 333, -1, 298, 292, 25.0, 13, ABalpppppap, 3970, 0, 0, 0, , 0, 0, 0, 0, 0, 
333, 1, 333, 334, -1, 283, 280, 25.0, 13, ABalppppppa, 4509, 0, 0, 0, , 0, 0, 0, 0, 0, 
334, 1, 334, 335, -1, 282, 301, 30.0, 17, ABalppppppp, 6618, 0, 0, 0, , 0, 0, 0, 0, 0, 
335, 1, 335, 336, -1, 324, 278, 27.0, 17, ABalppppap, 7727, 0, 0, 0, , 0, 0, 0, 0, 0, 
336, 1, 336, 337, -1, 324, 273, 20.0, 17, ABalppppaa, 7474, 0, 0, 0, , 0, 0, 0, 0, 0, 
337, 1, 337, 338, -1, 339, 282, 17.0, 15, ABalpppaaa, 6631, 0, 0, 0, , 0, 0, 0, 0, 0, 
338, 1, 338, 339, -1, 344, 283, 22.0, 15, ABalpppaap, 7868, 0, 0, 0, , 0, 0, 0, 0, 0, 
339, 1, 339, 340, -1, 320, 299, 19.0, 17, ABalpppapa, 8509, 0, 0, 0, , 0, 0, 0, 0, 0, 
340, 1, 340, 341, -1, 339, 256, 18.0, 15, ABalppaaaa, 7120, 0, 0, 0, , 0, 0, 0, 0, 0, 
341, 1, 341, 342, -1, 350, 266, 18.0, 16, ABalppaaap, 5582, 0, 0, 0, , 0, 0, 0, 0, 0, 
342, 1, 342, 343, -1, 311, 299, 15.0, 15, ABalppaapp, 6999, 0, 0, 0, , 0, 0, 0, 0, 0, 
343, 1, 343, 344, -1, 321, 288, 15.0, 13, ABalppaapa, 5393, 0, 0, 0, , 0, 0, 0, 0, 0, 
344, 1, 344, 345, 346, 279, 303, 12.0, 17, ABalppappp, 7779, 0, 0, 0, , 0, 0, 0, 0, 0, 
345, 1, 345, 347, -1, 304, 277, 14.0, 17, ABalppappa, 8599, 0, 0, 0, , 0, 0, 0, 0, 0, 
346, 1, 346, 348, -1, 292, 286, 10.0, 17, ABalppapap, 9291, 0, 0, 0, , 0, 0, 0, 0, 0, 
347, 1, 347, 349, -1, 310, 277, 11.0, 17, ABalppapaa, 8511, 0, 0, 0, , 0, 0, 0, 0, 0, 
348, 1, 348, 350, -1, 273, 283, 11.0, 17, ABalpapapa, 10689, 0, 0, 0, , 0, 0, 0, 0, 0, 
349, 1, 349, 351, -1, 255, 319, 11.0, 17, ABalpapapp, 23101, 0, 0, 0, , 0, 0, 0, 0, 0, 
350, 1, 350, 352, -1, 280, 260, 9.0, 17, ABalpapaap, 9959, 0, 0, 0, , 0, 0, 0, 0, 0, 
351, 1, 351, 353, -1, 301, 261, 11.0, 17, ABalpapaaa, 9066, 0, 0, 0, , 0, 0, 0, 0, 0, 
352, 1, 352, 354, -1, 267, 257, 11.0, 15, ABalpappapa, 7565, 0, 0, 0, , 0, 0, 0, 0, 0, 
353, 1, 353, 355, -1, 241, 264, 11.0, 15, ABalpappapp, 6992, 0, 0, 0, , 0, 0, 0, 0, 0, 
354, 1, 354, 356, -1, 286, 247, 13.0, 17, ABalpappaa, 15854, 0, 0, 0, , 0, 0, 0, 0, 0, 
355, 1, 355, 357, -1, 235, 273, 14.0, 17, ABalpappppp, 7083, 0, 0, 0, , 0, 0, 0, 0, 0, 
356, 1, 356, 358, -1, 259, 274, 13.0, 13, ABalpappppa, 5611, 0, 0, 0, , 0, 0, 0, 0, 0, 
357, 1, 357, 359, -1, 268, 257, 14.0, 15, ABalpapppa, 13599, 0, 0, 0, , 0, 0, 0, 0, 0, 
358, 1, 358, 360, -1, 282, 255, 17.0, 15, ABalpaaapp, 6507, 0, 0, 0, , 0, 0, 0, 0, 0, 
359, 1, 359, 361, -1, 302, 242, 14.0, 15, ABalpaaapa, 8112, 0, 0, 0, , 0, 0, 0, 0, 0, 
360, 1, 360, 362, -1, 308, 242, 10.0, 13, ABalpaaaap, 7103, 0, 0, 0, , 0, 0, 0, 0, 0, 
361, 1, 361, 363, -1, 318, 226, 11.0, 15, ABalpaaaaa, 6243, 0, 0, 0, , 0, 0, 0, 0, 0, 
362, 1, 362, 364, -1, 323, 261, 13.0, 15, ABalpaappp, 8352, 0, 0, 0, , 0, 0, 0, 0, 0, 
363, 1, 363, 365, -1, 331, 241, 11.0, 17, ABalpaappa, 8831, 0, 0, 0, , 0, 0, 0, 0, 0, 
364, 1, 364, 366, -1, 303, 244, 18.0, 15, ABalpaapapp, 4961, 0, 0, 0, , 0, 0, 0, 0, 0, 
365, 1, 365, 367, -1, 318, 237, 17.0, 15, ABalpaapapa, 5369, 0, 0, 0, , 0, 0, 0, 0, 0, 
366, 1, 366, 368, -1, 331, 222, 18.0, 15, ABalpaapaa, 8242, 0, 0, 0, , 0, 0, 0, 0, 0, 
367, 1, 367, 369, -1, 174, 254, 27.0, 19, Epraa, 9785, 0, 0, 0, , 0, 0, 0, 0, 0, 
368, 1, 368, 370, -1, 150, 266, 26.0, 21, Eprap, 15183, 0, 0, 0, , 0, 0, 0, 0, 0, 
369, 1, 369, 371, -1, 224, 218, 25.0, 13, MSpaapp, 4077, 0, 0, 0, , 0, 0, 0, 0, 0, 
370, 1, 370, 372, -1, 166, 259, 22.0, 21, Earpp, 11799, 0, 0, 0, , 0, 0, 0, 0, 0, 
371, 1, 371, 373, -1, 199, 271, 27.0, 21, Ealap, 47012, 0, 0, 0, , 0, 0, 0, 0, 0, 
372, 1, 372, 374, -1, 227, 261, 27.0, 21, Ealaa, 37602, 0, 0, 0, , 0, 0, 0, 0, 0, 
373, 1, 373, 375, -1, 175, 278, 28.0, 21, Eplaa, 13196, 0, 0, 0, , 0, 0, 0, 0, 0, 
374, 1, 374, 376, -1, 153, 290, 26.0, 19, Eplap, 19549, 0, 0, 0, , 0, 0, 0, 0, 0, 
375, 1, 375, 377, -1, 122, 281, 21.0, 21, Eprpp, 11411, 0, 0, 0, , 0, 0, 0, 0, 0, 
376, 1, 376, 378, -1, 191, 334, 26.0, 17, Dapap, 6591, 0, 0, 0, , 0, 0, 0, 0, 0, 
377, 1, 377, 379, -1, 218, 321, 26.0, 17, Dapaa, 5901, 0, 0, 0, , 0, 0, 0, 0, 0, 
378, 1, 378, 380, 381, 245, 267, 23.0, 15, MSaapaap, 5782, 0, 0, 0, , 0, 0, 0, 0, 0, 
379, 1, 379, 382, -1, 144, 217, 32.0, 15, ABarpppapp, 6399, 0, 0, 0, , 0, 0, 0, 0, 0, 
380, 1, 380, 383, -1, 229, 327, 12.0, 17, ABplppaapa, 7831, 0, 0, 0, , 0, 0, 0, 0, 0, 
381, 1, 381, 384, -1, 66, 302, 24.0, 17, Cpapap, 8140, 0, 0, 0, , 0, 0, 0, 0, 0, 
382, 1, 382, 385, -1, 228, 237, 26.0, 19, Earaa, 10387, 0, 0, 0, , 0, 0, 0, 0, 0, 
383, 1, 383, 386, -1, 346, 244, 15.0, 15, ABalaaaala, 6069, 0, 0, 0, , 0, 0, 0, 0, 0, 
384, 1, 384, 387, -1, 245, 189, 34.0, 15, ABarpappaa, 4882, 0, 0, 0, , 0, 0, 0, 0, 0, 
385, 1, 385, 388, -1, 344, 196, 27.0, 13, ABalappaaa, 3532, 0, 0, 0, , 0, 0, 0, 0, 0, 
386, 1, 386, 389, -1, 94, 270, 21.0, 17, Cppppa, 8976, 0, 0, 0, , 0, 0, 0, 0, 0, 
387, 1, 387, 390, -1, 97, 287, 16.0, 19, Cppppp, 6646, 0, 0, 0, , 0, 0, 0, 0, 0, 
388, 1, 388, 391, -1, 190, 247, 20.0, 17, Earpa, 11485, 0, 0, 0, , 0, 0, 0, 0, 0, 
389, 1, 389, 392, -1, 244, 199, 29.0, 15, MSppappp, 6546, 0, 0, 0, , 0, 0, 0, 0, 0, 
390, 1, 390, 393, -1, 132, 271, 25.0, 21, Eprpa, 21003, 0, 0, 0, , 0, 0, 0, 0, 0, 
391, 1, 391, 394, -1, 217, 251, 33.0, 17, ABarpaappa, 5647, 0, 0, 0, , 0, 0, 0, 0, 0, 
392, 1, 392, 395, -1, 195, 303, 34.0, 19, ABarppaapa, 4245, 0, 0, 0, , 0, 0, 0, 0, 0, 
393, 1, 393, 396, -1, 119, 253, 33.0, 21, Cpaaap, 4390, 0, 0, 0, , 0, 0, 0, 0, 0, 
394, 1, 394, 397, -1, 114, 330, 32.0, 19, Caaapa, 8371, 0, 0, 0, , 0, 0, 0, 0, 0, 
395, 1, 395, 398, -1, 104, 284, 32.0, 19, Cpaapa, 2280, 0, 0, 0, , 0, 0, 0, 0, 0, 
396, 1, 396, 399, -1, 134, 300, 19.0, 23, Eplpp, 50333, 0, 0, 0, , 0, 0, 0, 0, 0, 
397, 1, 397, 400, -1, 203, 290, 14.0, 13, MSaappap, 3604, 0, 0, 0, , 0, 0, 0, 0, 0, 
398, 0, 399, -1, -1, 173, 271, 29.0, 15, , 6355, 0, 0, 0, , 0, 0, 0, 0, 0, 
399, 1, 400, 404, -1, 265, 176, 15.0, 16, ABalaapapp, 4247, 0, 0, 0, , 0, 0, 0, 0, 0, 
400, 1, 397, 405, -1, 212, 280, 13.666667, 15, MSaappaa, 5744, 0, 0, 0, , 0, 0, 0, 0, 0, 
401, 1, 398, 403, -1, 182, 228, 34.5, 19, ABarpppapa, 3838, 0, 0, 0, , 0, 0, 0, 0, 0, 
402, 1, 401, 406, -1, 155, 247, 34.0, 20, Cpaaaa, 2531, 0, 0, 0, , 0, 0, 0, 0, 0, 
403, 1, 402, 407, -1, 131, 314, 33.0, 15, Caaaap, 0, 0, 0, 0, , 0, 0, 0, 0, 0, 
404, 1, 403, 408, -1, 168, 306, 33.0, 17, Caaaaa, 0, 0, 0, 0, , 0, 0, 0, 0, 0, 
405, 1, 404, 409, -1, 134, 316, 9.0, 10, ABplpppapap, 0, 0, 0, 0, , 0, 0, 0, 0, 0, 
