1, 1, 1, 1, -1, 311, 204, 23.0, 17, ABaraappaa, 10251, 0, 0, 0, , 0, 0, 0, 0, 0, 
2, 1, 2, 2, -1, 278, 219, 22.0, 15, ABaraappapp, 6520, 0, 0, 0, , 0, 0, 0, 0, 0, 
3, 1, 3, 3, -1, 300, 209, 21.0, 15, ABaraappapa, 5078, 0, 0, 0, , 0, 0, 0, 0, 0, 
4, 1, 4, 4, -1, 255, 230, 21.0, 15, ABaraapppap, 5191, 0, 0, 0, , 0, 0, 0, 0, 0, 
5, 1, 5, 5, -1, 271, 222, 19.0, 15, ABaraapppaa, 5701, 0, 0, 0, , 0, 0, 0, 0, 0, 
6, 1, 6, 6, -1, 238, 223, 20.0, 17, ABaraapppp, 9301, 0, 0, 0, , 0, 0, 0, 0, 0, 
7, 1, 7, 7, -1, 265, 270, 21.0, 17, ABaraapapp, 10870, 0, 0, 0, , 0, 0, 0, 0, 0, 
8, 1, 8, 8, -1, 268, 253, 22.0, 15, ABaraapapap, 6344, 0, 0, 0, , 0, 0, 0, 0, 0, 
9, 1, 9, 9, -1, 285, 245, 21.0, 17, ABaraapapaa, 6817, 0, 0, 0, , 0, 0, 0, 0, 0, 
10, 1, 10, 10, -1, 331, 224, 23.0, 17, ABaraapaaa, 11308, 0, 0, 0, , 0, 0, 0, 0, 0, 
11, 1, 11, 11, -1, 295, 237, 25.0, 17, ABaraapaapp, 7776, 0, 0, 0, , 0, 0, 0, 0, 0, 
12, 1, 12, 12, -1, 314, 226, 23.0, 13, ABaraapaapa, 5477, 0, 0, 0, , 0, 0, 0, 0, 0, 
13, 1, 13, 13, -1, 310, 210, 10.0, 17, ABaraaappa, 9297, 0, 0, 0, , 0, 0, 0, 0, 0, 
14, 1, 14, 14, -1, 290, 203, 10.0, 15, ABaraaappp, 7890, 0, 0, 0, , 0, 0, 0, 0, 0, 
15, 1, 15, 15, 16, 318, 210, 19.0, 15, ABaraaapaa, 7079, 0, 0, 0, , 0, 0, 0, 0, 0, 
16, 1, 16, 17, -1, 300, 218, 18.0, 15, ABaraaapapa, 4038, 0, 0, 0, , 0, 0, 0, 0, 0, 
17, 1, 17, 18, -1, 289, 226, 19.0, 13, ABaraaapapp, 4549, 0, 0, 0, , 0, 0, 0, 0, 0, 
18, 1, 18, 19, -1, 324, 229, 15.0, 17, ABaraaaaaa, 8819, 0, 0, 0, , 0, 0, 0, 0, 0, 
19, 1, 19, 20, -1, 311, 209, 14.0, 17, ABaraaaaap, 9135, 0, 0, 0, , 0, 0, 0, 0, 0, 
20, 1, 20, 21, -1, 323, 231, 26.0, 13, ABaraaaapp, 5307, 0, 0, 0, , 0, 0, 0, 0, 0, 
21, 1, 21, 22, -1, 333, 206, 19.0, 15, ABaraaaapa, 5539, 0, 0, 0, , 0, 0, 0, 0, 0, 
22, 1, 22, 23, -1, 243, 252, 12.0, 13, ABarapapapp, 5675, 0, 0, 0, , 0, 0, 0, 0, 0, 
23, 1, 23, 24, -1, 263, 237, 11.0, 13, ABarapapapa, 5631, 0, 0, 0, , 0, 0, 0, 0, 0, 
24, 1, 24, 25, -1, 271, 226, 14.0, 15, ABarapapaa, 8743, 0, 0, 0, , 0, 0, 0, 0, 0, 
25, 1, 25, 26, -1, 217, 239, 13.0, 17, ABarapapppp, 7914, 0, 0, 0, , 0, 0, 0, 0, 0, 
26, 1, 26, 27, -1, 237, 237, 14.0, 13, ABarapapppa, 5549, 0, 0, 0, , 0, 0, 0, 0, 0, 
27, 1, 27, 28, -1, 252, 234, 15.0, 15, ABarapappa, 10973, 0, 0, 0, , 0, 0, 0, 0, 0, 
28, 1, 28, 29, -1, 284, 236, 11.0, 15, ABarapaaap, 10743, 0, 0, 0, , 0, 0, 0, 0, 0, 
29, 1, 29, 30, -1, 296, 223, 12.0, 15, ABarapaaaa, 9336, 0, 0, 0, , 0, 0, 0, 0, 0, 
30, 1, 30, 31, -1, 288, 221, 15.0, 19, ABarapaapa, 16337, 0, 0, 0, , 0, 0, 0, 0, 0, 
31, 1, 31, 32, -1, 250, 227, 17.0, 15, ABarapaappp, 5134, 0, 0, 0, , 0, 0, 0, 0, 0, 
32, 1, 32, 33, -1, 270, 238, 18.0, 13, ABarapaappa, 5837, 0, 0, 0, , 0, 0, 0, 0, 0, 
33, 1, 33, 34, -1, 257, 207, 10.0, 17, ABarapppap, 9063, 0, 0, 0, , 0, 0, 0, 0, 0, 
34, 1, 34, 35, -1, 277, 188, 10.0, 17, ABarapppaa, 8603, 0, 0, 0, , 0, 0, 0, 0, 0, 
35, 1, 35, 36, -1, 263, 192, 13.0, 15, ABarappppa, 8845, 0, 0, 0, , 0, 0, 0, 0, 0, 
36, 1, 36, 37, -1, 241, 197, 11.0, 13, ABarapppppa, 5256, 0, 0, 0, , 0, 0, 0, 0, 0, 
37, 1, 37, 38, -1, 216, 201, 12.0, 13, ABarapppppp, 3816, 0, 0, 0, , 0, 0, 0, 0, 0, 
38, 1, 38, 39, -1, 272, 217, 10.0, 17, ABarappaaa, 11691, 0, 0, 0, , 0, 0, 0, 0, 0, 
39, 1, 39, 40, -1, 242, 228, 10.0, 17, ABarappaap, 11029, 0, 0, 0, , 0, 0, 0, 0, 0, 
40, 1, 40, 41, -1, 228, 213, 10.0, 17, ABarappapa, 10258, 0, 0, 0, , 0, 0, 0, 0, 0, 
41, 1, 41, 42, -1, 196, 212, 10.0, 19, ABarappapp, 12838, 0, 0, 0, , 0, 0, 0, 0, 0, 
42, 1, 42, 43, -1, 222, 178, 32.0, 15, ABarpapppa, 7404, 0, 0, 0, , 0, 0, 0, 0, 0, 
43, 1, 43, 44, -1, 215, 193, 34.0, 17, ABarpapppp, 6423, 0, 0, 0, , 0, 0, 0, 0, 0, 
44, 1, 44, 45, -1, 247, 175, 32.0, 17, ABarpappap, 6533, 0, 0, 0, , 0, 0, 0, 0, 0, 
45, 1, 45, 46, -1, 295, 188, 35.0, 19, ABarpapaaa, 7401, 0, 0, 0, , 0, 0, 0, 0, 0, 
46, 1, 46, 47, 48, 280, 198, 32.0, 17, ABarpapaap, 7618, 0, 0, 0, , 0, 0, 0, 0, 0, 
47, 1, 47, 49, -1, 237, 218, 34.0, 15, ABarpapapp, 6207, 0, 0, 0, , 0, 0, 0, 0, 0, 
48, 1, 48, 50, -1, 269, 215, 34.0, 15, ABarpapapa, 6885, 0, 0, 0, , 0, 0, 0, 0, 0, 
49, 1, 49, 51, -1, 212, 273, 34.0, 15, ABarpaappp, 6143, 0, 0, 0, , 0, 0, 0, 0, 0, 
50, 1, 50, 52, -1, 254, 219, 35.0, 13, ABarpaapaa, 5519, 0, 0, 0, , 0, 0, 0, 0, 0, 
51, 1, 51, 53, -1, 240, 250, 34.0, 21, ABarpaapap, 26843, 0, 0, 0, , 0, 0, 0, 0, 0, 
52, 1, 52, 54, -1, 326, 210, 33.0, 17, ABarpaaaaa, 7929, 0, 0, 0, , 0, 0, 0, 0, 0, 
53, 1, 53, 55, -1, 299, 234, 35.0, 15, ABarpaaaap, 6005, 0, 0, 0, , 0, 0, 0, 0, 0, 
54, 1, 54, 56, -1, 275, 236, 35.0, 13, ABarpaaapp, 3544, 0, 0, 0, , 0, 0, 0, 0, 0, 
55, 1, 55, 57, -1, 291, 213, 36.0, 15, ABarpaaapa, 6605, 0, 0, 0, , 0, 0, 0, 0, 0, 
56, 1, 56, 58, -1, 229, 320, 34.0, 17, ABarppaaap, 6320, 0, 0, 0, , 0, 0, 0, 0, 0, 
57, 1, 57, 59, -1, 233, 292, 34.0, 15, ABarppaaaa, 4849, 0, 0, 0, , 0, 0, 0, 0, 0, 
58, 1, 58, 60, -1, 175, 331, 34.0, 15, ABarppaapp, 5293, 0, 0, 0, , 0, 0, 0, 0, 0, 
59, 1, 59, 61, -1, 138, 351, 30.0, 17, ABarppappa, 6929, 0, 0, 0, , 0, 0, 0, 0, 0, 
60, 1, 60, 62, -1, 110, 358, 21.0, 15, ABarppappp, 6131, 0, 0, 0, , 0, 0, 0, 0, 0, 
61, 1, 61, 63, -1, 188, 346, 32.0, 17, ABarppapap, 6557, 0, 0, 0, , 0, 0, 0, 0, 0, 
62, 1, 62, 64, -1, 211, 338, 33.0, 15, ABarppapaa, 6792, 0, 0, 0, , 0, 0, 0, 0, 0, 
63, 1, 63, 65, -1, 70, 264, 21.0, 17, ABarpppppp, 5850, 0, 0, 0, , 0, 0, 0, 0, 0, 
64, 1, 64, 66, -1, 99, 247, 30.0, 17, ABarpppppa, 6694, 0, 0, 0, , 0, 0, 0, 0, 0, 
65, 1, 65, 67, -1, 160, 198, 30.0, 17, ABarppppaa, 6216, 0, 0, 0, , 0, 0, 0, 0, 0, 
66, 1, 66, 68, -1, 130, 214, 30.0, 15, ABarppppap, 5662, 0, 0, 0, , 0, 0, 0, 0, 0, 
67, 1, 67, 69, -1, 184, 197, 34.0, 17, ABarpppaap, 8496, 0, 0, 0, , 0, 0, 0, 0, 0, 
68, 1, 68, 70, -1, 202, 214, 34.0, 15, ABarpppaaa, 4421, 0, 0, 0, , 0, 0, 0, 0, 0, 
69, 1, 69, 71, -1, 312, 184, 27.0, 13, ABalappppaa, 7108, 0, 0, 0, , 0, 0, 0, 0, 0, 
70, 1, 70, 72, -1, 293, 180, 28.0, 13, ABalappppap, 2630, 0, 0, 0, , 0, 0, 0, 0, 0, 
71, 1, 71, 73, -1, 292, 175, 32.0, 13, ABalapppppa, 1504, 0, 0, 0, , 0, 0, 0, 0, 0, 
72, 1, 72, 74, -1, 267, 177, 33.0, 13, ABalapppppp, 2596, 0, 0, 0, , 0, 0, 0, 0, 0, 
73, 1, 73, 75, -1, 327, 191, 27.0, 13, ABalapppaa, 3666, 0, 0, 0, , 0, 0, 0, 0, 0, 
74, 1, 74, 76, -1, 321, 194, 31.0, 13, ABalapppapa, 2811, 0, 0, 0, , 0, 0, 0, 0, 0, 
75, 1, 75, 77, -1, 298, 204, 33.0, 13, ABalapppapp, 1949, 0, 0, 0, , 0, 0, 0, 0, 0, 
76, 1, 76, 78, -1, 317, 175, 23.0, 17, ABalappapa, 5155, 0, 0, 0, , 0, 0, 0, 0, 0, 
77, 1, 77, 79, -1, 343, 214, 27.0, 15, ABalappaap, 5759, 0, 0, 0, , 0, 0, 0, 0, 0, 
78, 1, 78, 80, -1, 302, 166, 26.0, 17, ABalappapp, 6061, 0, 0, 0, , 0, 0, 0, 0, 0, 
79, 1, 79, 81, -1, 312, 261, 34.0, 15, ABalapappp, 3763, 0, 0, 0, , 0, 0, 0, 0, 0, 
80, 1, 80, 82, -1, 342, 243, 28.0, 17, ABalapappaa, 3973, 0, 0, 0, , 0, 0, 0, 0, 0, 
81, 1, 81, 83, -1, 321, 258, 30.0, 13, ABalapappap, 3504, 0, 0, 0, , 0, 0, 0, 0, 0, 
82, 1, 82, 84, -1, 326, 225, 34.0, 17, ABalapapaa, 6947, 0, 0, 0, , 0, 0, 0, 0, 0, 
83, 1, 83, 85, -1, 322, 238, 32.0, 15, ABalapapap, 4204, 0, 0, 0, , 0, 0, 0, 0, 0, 
84, 1, 84, 86, -1, 351, 237, 25.0, 15, ABalapaaaa, 7510, 0, 0, 0, , 0, 0, 0, 0, 0, 
85, 1, 85, 87, -1, 338, 265, 29.0, 17, ABalapaaap, 7696, 0, 0, 0, , 0, 0, 0, 0, 0, 
86, 1, 86, 88, -1, 354, 257, 24.0, 15, ABalapaappa, 4891, 0, 0, 0, , 0, 0, 0, 0, 0, 
87, 1, 87, 89, -1, 340, 254, 22.0, 15, ABalapaapa, 7821, 0, 0, 0, , 0, 0, 0, 0, 0, 
88, 1, 88, 90, -1, 345, 275, 24.0, 15, ABalapaappp, 4924, 0, 0, 0, , 0, 0, 0, 0, 0, 
89, 1, 89, 91, -1, 309, 186, 15.0, 15, ABalaapaaa, 7372, 0, 0, 0, , 0, 0, 0, 0, 0, 
90, 1, 90, 92, -1, 250, 179, 10.0, 15, ABalaapapa, 5883, 0, 0, 0, , 0, 0, 0, 0, 0, 
91, 1, 91, 93, -1, 295, 183, 12.0, 15, ABalaapaap, 5582, 0, 0, 0, , 0, 0, 0, 0, 0, 
92, 1, 92, 94, -1, 283, 183, 15.0, 17, ABalaappap, 5052, 0, 0, 0, , 0, 0, 0, 0, 0, 
93, 1, 93, 95, -1, 289, 170, 15.0, 15, ABalaappaa, 6163, 0, 0, 0, , 0, 0, 0, 0, 0, 
94, 1, 94, 96, 97, 296, 171, 21.0, 17, ABalaapppp, 11810, 0, 0, 0, , 0, 0, 0, 0, 0, 
95, 1, 95, 98, -1, 292, 185, 19.0, 19, ABalaapppa, 5909, 0, 0, 0, , 0, 0, 0, 0, 0, 
96, 1, 96, 99, -1, 346, 259, 13.0, 15, ABalaaaalp, 6504, 0, 0, 0, , 0, 0, 0, 0, 0, 
97, 1, 97, 100, -1, 328, 190, 17.0, 15, ABalaaaarr, 6910, 0, 0, 0, , 0, 0, 0, 0, 0, 
98, 1, 98, 101, -1, 349, 215, 18.0, 17, ABalaaaarl, 7730, 0, 0, 0, , 0, 0, 0, 0, 0, 
99, 1, 99, 102, -1, 332, 185, 21.0, 15, ABalaaappl, 7061, 0, 0, 0, , 0, 0, 0, 0, 0, 
100, 1, 100, 103, -1, 312, 179, 18.0, 17, ABalaaappr, 8301, 0, 0, 0, , 0, 0, 0, 0, 0, 
101, 1, 101, 104, -1, 350, 212, 23.0, 17, ABalaaapar, 7353, 0, 0, 0, , 0, 0, 0, 0, 0, 
102, 1, 102, 105, -1, 351, 243, 20.0, 19, ABalaaapal, 9316, 0, 0, 0, , 0, 0, 0, 0, 0, 
103, 1, 103, 106, -1, 159, 326, 10.0, 13, ABplppppapa, 4294, 0, 0, 0, , 0, 0, 0, 0, 0, 
104, 1, 104, 107, -1, 149, 307, 10.0, 13, ABplppppapp, 5225, 0, 0, 0, , 0, 0, 0, 0, 0, 
105, 1, 105, 108, -1, 184, 307, 9.0, 13, ABplppppaaa, 4614, 0, 0, 0, , 0, 0, 0, 0, 0, 
106, 1, 106, 109, -1, 170, 312, 10.0, 13, ABplppppaap, 3737, 0, 0, 0, , 0, 0, 0, 0, 0, 
107, 1, 107, 110, -1, 107, 315, 11.0, 17, ABplpppppp, 8097, 0, 0, 0, , 0, 0, 0, 0, 0, 
108, 1, 108, 111, -1, 152, 306, 13.0, 19, ABplpppppa, 8502, 0, 0, 0, , 0, 0, 0, 0, 0, 
109, 1, 109, 112, -1, 130, 313, 12.0, 13, ABplpppapp, 7110, 0, 0, 0, , 0, 0, 0, 0, 0, 
110, 1, 110, 113, -1, 142, 329, 10.0, 13, ABplpppapaa, 4964, 0, 0, 0, , 0, 0, 0, 0, 0, 
111, 1, 111, 114, -1, 151, 342, 12.0, 17, ABplpppaap, 8681, 0, 0, 0, , 0, 0, 0, 0, 0, 
112, 1, 112, 115, -1, 176, 333, 12.0, 15, ABplpppaaa, 8419, 0, 0, 0, , 0, 0, 0, 0, 0, 
113, 1, 113, 116, -1, 187, 344, 14.0, 17, ABplppappp, 8297, 0, 0, 0, , 0, 0, 0, 0, 0, 
114, 1, 114, 117, -1, 212, 337, 13.0, 17, ABplppappa, 7703, 0, 0, 0, , 0, 0, 0, 0, 0, 
115, 1, 115, 118, -1, 231, 342, 17.0, 15, ABplppapaa, 7798, 0, 0, 0, , 0, 0, 0, 0, 0, 
116, 1, 116, 119, -1, 206, 348, 18.0, 17, ABplppapap, 18461, 0, 0, 0, , 0, 0, 0, 0, 0, 
117, 1, 117, 120, -1, 201, 322, 11.0, 17, ABplppaapp, 9476, 0, 0, 0, , 0, 0, 0, 0, 0, 
118, 1, 118, 121, -1, 267, 320, 18.0, 13, ABplppaaaaa, 5004, 0, 0, 0, , 0, 0, 0, 0, 0, 
119, 1, 119, 122, -1, 251, 328, 20.0, 15, ABplppaaap, 7362, 0, 0, 0, , 0, 0, 0, 0, 0, 
120, 1, 120, 123, -1, 243, 271, 10.0, 15, ABplpappaaa, 8285, 0, 0, 0, , 0, 0, 0, 0, 0, 
121, 1, 121, 124, -1, 223, 285, 10.0, 17, ABplpappaap, 8358, 0, 0, 0, , 0, 0, 0, 0, 0, 
122, 1, 122, 125, -1, 218, 265, 10.0, 15, ABplpappap, 6162, 0, 0, 0, , 0, 0, 0, 0, 0, 
123, 1, 123, 126, -1, 164, 291, 10.0, 17, ABplpapppp, 6117, 0, 0, 0, , 0, 0, 0, 0, 0, 
124, 1, 124, 127, -1, 181, 278, 10.0, 17, ABplpapppa, 8168, 0, 0, 0, , 0, 0, 0, 0, 0, 
125, 1, 125, 128, -1, 204, 298, 10.0, 17, ABplpapapp, 8424, 0, 0, 0, , 0, 0, 0, 0, 0, 
126, 1, 126, 129, -1, 229, 308, 11.0, 17, ABplpapapa, 6638, 0, 0, 0, , 0, 0, 0, 0, 0, 
127, 1, 127, 130, -1, 251, 313, 15.0, 17, ABplpapaap, 7057, 0, 0, 0, , 0, 0, 0, 0, 0, 
128, 1, 128, 131, -1, 267, 295, 14.0, 16, ABplpapaaa, 4566, 0, 0, 0, , 0, 0, 0, 0, 0, 
129, 1, 129, 132, -1, 253, 333, 16.0, 13, ABplpaaaapp, 6131, 0, 0, 0, , 0, 0, 0, 0, 0, 
130, 1, 130, 133, -1, 270, 320, 14.0, 15, ABplpaaaapa, 5924, 0, 0, 0, , 0, 0, 0, 0, 0, 
131, 1, 131, 134, -1, 296, 292, 16.0, 17, ABplpaaaaa, 10806, 0, 0, 0, , 0, 0, 0, 0, 0, 
132, 1, 132, 135, -1, 299, 308, 18.0, 15, ABplpaaapa, 7128, 0, 0, 0, , 0, 0, 0, 0, 0, 
133, 1, 133, 136, -1, 282, 316, 16.0, 15, ABplpaaapp, 7775, 0, 0, 0, , 0, 0, 0, 0, 0, 
134, 1, 134, 137, -1, 280, 298, 24.0, 17, ABplpaappa, 9864, 0, 0, 0, , 0, 0, 0, 0, 0, 
135, 1, 135, 138, -1, 282, 322, 20.0, 13, ABplpaappp, 5088, 0, 0, 0, , 0, 0, 0, 0, 0, 
136, 1, 136, 139, -1, 299, 287, 20.0, 19, ABplpaapaa, 11621, 0, 0, 0, , 0, 0, 0, 0, 0, 
137, 1, 137, 140, -1, 296, 317, 23.0, 19, ABplpaapap, 9947, 0, 0, 0, , 0, 0, 0, 0, 0, 
138, 1, 138, 141, -1, 268, 330, 25.0, 19, ABplaappap, 7412, 0, 0, 0, , 0, 0, 0, 0, 0, 
139, 1, 139, 142, -1, 283, 323, 26.0, 15, ABplaappaa, 5288, 0, 0, 0, , 0, 0, 0, 0, 0, 
140, 1, 140, 143, -1, 256, 328, 29.0, 17, ABplaapppa, 12847, 0, 0, 0, , 0, 0, 0, 0, 0, 
141, 1, 141, 144, -1, 229, 348, 25.0, 19, ABplaapppp, 9392, 0, 0, 0, , 0, 0, 0, 0, 0, 
142, 1, 142, 145, -1, 334, 264, 34.0, 17, ABplaapaaa, 17821, 0, 0, 0, , 0, 0, 0, 0, 0, 
143, 1, 143, 146, 147, 323, 279, 32.0, 17, ABplaapaap, 8546, 0, 0, 0, , 0, 0, 0, 0, 0, 
144, 1, 144, 148, -1, 294, 303, 30.0, 17, ABplaapappp, 5025, 0, 0, 0, , 0, 0, 0, 0, 0, 
145, 1, 145, 149, -1, 306, 278, 29.0, 13, ABplaapappa, 7860, 0, 0, 0, , 0, 0, 0, 0, 0, 
146, 1, 146, 150, -1, 308, 279, 26.0, 21, ABplaapapa, 26031, 0, 0, 0, , 0, 0, 0, 0, 0, 
147, 1, 147, 151, -1, 298, 252, 32.0, 17, ABplaaaaap, 7327, 0, 0, 0, , 0, 0, 0, 0, 0, 
148, 1, 148, 152, -1, 313, 250, 36.0, 15, ABplaaaaaa, 5598, 0, 0, 0, , 0, 0, 0, 0, 0, 
149, 1, 149, 153, -1, 261, 266, 34.0, 17, ABplaaaapp, 6601, 0, 0, 0, , 0, 0, 0, 0, 0, 
150, 1, 150, 154, -1, 278, 253, 34.0, 13, ABplaaaapa, 6105, 0, 0, 0, , 0, 0, 0, 0, 0, 
151, 1, 151, 155, -1, 257, 291, 34.0, 15, ABplaaappp, 5719, 0, 0, 0, , 0, 0, 0, 0, 0, 
152, 1, 152, 156, -1, 273, 299, 34.0, 15, ABplaaappa, 5609, 0, 0, 0, , 0, 0, 0, 0, 0, 
153, 1, 153, 157, -1, 290, 288, 33.0, 17, ABplaaapap, 5017, 0, 0, 0, , 0, 0, 0, 0, 0, 
154, 1, 154, 158, -1, 298, 281, 35.0, 15, ABplaaapaa, 6390, 0, 0, 0, , 0, 0, 0, 0, 0, 
155, 1, 155, 159, -1, 127, 356, 15.0, 17, ABplappppa, 14353, 0, 0, 0, , 0, 0, 0, 0, 0, 
156, 1, 156, 160, -1, 109, 335, 12.0, 15, ABplappppp, 6307, 0, 0, 0, , 0, 0, 0, 0, 0, 
157, 1, 157, 161, -1, 134, 344, 17.0, 17, ABplapppaa, 6293, 0, 0, 0, , 0, 0, 0, 0, 0, 
158, 1, 158, 162, -1, 128, 334, 13.0, 15, ABplapppap, 5953, 0, 0, 0, , 0, 0, 0, 0, 0, 
159, 1, 159, 163, -1, 196, 357, 24.0, 15, ABplappaaa, 8210, 0, 0, 0, , 0, 0, 0, 0, 0, 
160, 1, 160, 164, -1, 177, 361, 25.0, 15, ABplappaap, 7768, 0, 0, 0, , 0, 0, 0, 0, 0, 
161, 1, 161, 165, -1, 163, 361, 22.0, 15, ABplappapp, 7436, 0, 0, 0, , 0, 0, 0, 0, 0, 
162, 1, 162, 166, -1, 163, 350, 31.0, 17, ABplappapa, 8801, 0, 0, 0, , 0, 0, 0, 0, 0, 
163, 1, 163, 167, -1, 207, 353, 28.0, 17, ABplapaapp, 7969, 0, 0, 0, , 0, 0, 0, 0, 0, 
164, 1, 164, 168, -1, 238, 339, 29.0, 15, ABplapaapa, 6697, 0, 0, 0, , 0, 0, 0, 0, 0, 
165, 1, 165, 169, -1, 243, 303, 32.0, 17, ABplapaaaa, 7889, 0, 0, 0, , 0, 0, 0, 0, 0, 
166, 1, 166, 170, -1, 243, 319, 30.0, 17, ABplapaaap, 6798, 0, 0, 0, , 0, 0, 0, 0, 0, 
167, 1, 167, 171, -1, 105, 343, 18.0, 19, ABplapappp, 8640, 0, 0, 0, , 0, 0, 0, 0, 0, 
168, 1, 168, 172, -1, 141, 370, 22.0, 15, ABplapapap, 7468, 0, 0, 0, , 0, 0, 0, 0, 0, 
169, 1, 169, 173, -1, 130, 362, 18.0, 17, ABplapappa, 7569, 0, 0, 0, , 0, 0, 0, 0, 0, 
170, 1, 170, 174, -1, 133, 359, 26.0, 17, ABplapapaa, 8756, 0, 0, 0, , 0, 0, 0, 0, 0, 
171, 1, 171, 175, -1, 215, 221, 13.0, 17, ABprpapaaa, 7390, 0, 0, 0, , 0, 0, 0, 0, 0, 
172, 1, 172, 176, -1, 197, 207, 13.0, 15, ABprpapaap, 6457, 0, 0, 0, , 0, 0, 0, 0, 0, 
173, 1, 173, 177, 178, 179, 248, 10.0, 17, ABprpapapp, 7667, 0, 0, 0, , 0, 0, 0, 0, 0, 
174, 1, 174, 179, -1, 194, 229, 12.0, 15, ABprpapapa, 6581, 0, 0, 0, , 0, 0, 0, 0, 0, 
175, 1, 175, 180, -1, 148, 287, 13.0, 17, ABprpapppp, 7767, 0, 0, 0, , 0, 0, 0, 0, 0, 
176, 1, 176, 181, -1, 195, 258, 13.0, 16, ABprpapppa, 2623, 0, 0, 0, , 0, 0, 0, 0, 0, 
177, 1, 177, 182, -1, 203, 248, 11.0, 15, ABprpappapa, 4961, 0, 0, 0, , 0, 0, 0, 0, 0, 
178, 1, 178, 183, -1, 193, 273, 9.0, 17, ABprpappapp, 8413, 0, 0, 0, , 0, 0, 0, 0, 0, 
179, 1, 179, 184, -1, 215, 236, 10.0, 15, ABprpappaap, 4641, 0, 0, 0, , 0, 0, 0, 0, 0, 
180, 1, 180, 185, -1, 238, 247, 9.0, 13, ABprpappaaa, 5428, 0, 0, 0, , 0, 0, 0, 0, 0, 
181, 1, 181, 186, -1, 245, 188, 15.0, 17, ABprpaaaaa, 9407, 0, 0, 0, , 0, 0, 0, 0, 0, 
182, 1, 182, 187, -1, 192, 190, 13.0, 13, ABprpaaaapp, 7466, 0, 0, 0, , 0, 0, 0, 0, 0, 
183, 1, 183, 188, -1, 213, 186, 11.0, 13, ABprpaaaapa, 7317, 0, 0, 0, , 0, 0, 0, 0, 0, 
184, 1, 184, 189, 190, 219, 179, 14.0, 17, ABprpaaapp, 8690, 0, 0, 0, , 0, 0, 0, 0, 0, 
185, 1, 185, 191, -1, 236, 170, 14.0, 15, ABprpaaapa, 8700, 0, 0, 0, , 0, 0, 0, 0, 0, 
186, 1, 186, 192, -1, 246, 177, 19.0, 15, ABprpaapaa, 10997, 0, 0, 0, , 0, 0, 0, 0, 0, 
187, 1, 187, 193, -1, 227, 165, 19.0, 15, ABprpaapap, 7557, 0, 0, 0, , 0, 0, 0, 0, 0, 
188, 1, 188, 194, -1, 210, 171, 18.0, 16, ABprpaappp, 6549, 0, 0, 0, , 0, 0, 0, 0, 0, 
189, 1, 189, 195, -1, 216, 183, 23.0, 17, ABprpaappa, 8571, 0, 0, 0, , 0, 0, 0, 0, 0, 
190, 1, 190, 196, -1, 106, 248, 11.0, 17, ABprpppaap, 9390, 0, 0, 0, , 0, 0, 0, 0, 0, 
191, 1, 191, 197, -1, 130, 235, 11.0, 15, ABprpppaaa, 8652, 0, 0, 0, , 0, 0, 0, 0, 0, 
192, 1, 192, 198, -1, 121, 260, 10.0, 13, ABprpppapaa, 3973, 0, 0, 0, , 0, 0, 0, 0, 0, 
193, 1, 193, 199, -1, 112, 280, 10.0, 15, ABprpppapap, 4274, 0, 0, 0, , 0, 0, 0, 0, 0, 
194, 1, 194, 200, -1, 122, 293, 9.0, 13, ABprpppapp, 6176, 0, 0, 0, , 0, 0, 0, 0, 0, 
195, 1, 195, 201, -1, 139, 249, 10.0, 13, ABprppppapa, 3633, 0, 0, 0, , 0, 0, 0, 0, 0, 
196, 1, 196, 202, -1, 134, 278, 10.0, 15, ABprppppapp, 4768, 0, 0, 0, , 0, 0, 0, 0, 0, 
197, 1, 197, 203, -1, 164, 264, 10.0, 13, ABprppppaaa, 3790, 0, 0, 0, , 0, 0, 0, 0, 0, 
198, 1, 197, 204, -1, 146, 267, 11.0, 13, ABprppppaap, 4595, 0, 0, 0, , 0, 0, 0, 0, 0, 
199, 1, 198, 205, 206, 101, 294, 10.0, 15, ABprpppppp, 7339, 0, 0, 0, , 0, 0, 0, 0, 0, 
200, 1, 199, 207, -1, 130, 274, 14.0, 19, ABprpppppa, 8240, 0, 0, 0, , 0, 0, 0, 0, 0, 
201, 1, 200, 208, -1, 178, 217, 13.0, 15, ABprppaapa, 7308, 0, 0, 0, , 0, 0, 0, 0, 0, 
202, 1, 201, 209, -1, 159, 242, 11.0, 17, ABprppaapp, 8650, 0, 0, 0, , 0, 0, 0, 0, 0, 
203, 1, 202, 210, -1, 195, 193, 16.0, 19, ABprppaaaa, 9445, 0, 0, 0, , 0, 0, 0, 0, 0, 
204, 1, 203, 211, -1, 179, 179, 19.0, 13, ABprppaaap, 5032, 0, 0, 0, , 0, 0, 0, 0, 0, 
205, 1, 204, 212, -1, 162, 204, 14.0, 17, ABprppapaa, 10157, 0, 0, 0, , 0, 0, 0, 0, 0, 
206, 1, 205, 213, -1, 136, 212, 14.0, 17, ABprppapap, 8654, 0, 0, 0, , 0, 0, 0, 0, 0, 
207, 1, 206, 214, -1, 117, 230, 13.0, 17, ABprppappp, 8061, 0, 0, 0, , 0, 0, 0, 0, 0, 
208, 1, 207, 215, -1, 153, 222, 12.0, 17, ABprppappa, 7865, 0, 0, 0, , 0, 0, 0, 0, 0, 
209, 1, 208, 216, -1, 310, 175, 32.0, 17, ABpraapaaa, 9448, 0, 0, 0, , 0, 0, 0, 0, 0, 
210, 1, 209, 217, -1, 277, 167, 29.0, 15, ABpraapaap, 4909, 0, 0, 0, , 0, 0, 0, 0, 0, 
211, 1, 210, 218, -1, 258, 181, 25.0, 19, ABpraapapa, 9574, 0, 0, 0, , 0, 0, 0, 0, 0, 
212, 1, 211, 219, -1, 238, 173, 29.0, 17, ABpraapappp, 6081, 0, 0, 0, , 0, 0, 0, 0, 0, 
213, 1, 212, 220, -1, 259, 176, 28.0, 15, ABpraapappa, 5819, 0, 0, 0, , 0, 0, 0, 0, 0, 
214, 1, 213, 221, -1, 158, 191, 22.0, 15, ABpraapppp, 7469, 0, 0, 0, , 0, 0, 0, 0, 0, 
215, 1, 214, 222, -1, 180, 180, 21.0, 13, ABpraapppa, 2486, 0, 0, 0, , 0, 0, 0, 0, 0, 
216, 1, 215, 223, -1, 199, 171, 23.0, 15, ABpraappap, 6238, 0, 0, 0, , 0, 0, 0, 0, 0, 
217, 1, 216, 224, -1, 216, 164, 23.0, 13, ABpraappaa, 5317, 0, 0, 0, , 0, 0, 0, 0, 0, 
218, 1, 217, 225, -1, 272, 166, 24.0, 17, ABpraaapap, 8310, 0, 0, 0, , 0, 0, 0, 0, 0, 
219, 1, 218, 226, -1, 273, 178, 20.0, 15, ABpraaapaa, 5149, 0, 0, 0, , 0, 0, 0, 0, 0, 
220, 1, 219, 227, -1, 250, 180, 22.0, 17, ABpraaappa, 7108, 0, 0, 0, , 0, 0, 0, 0, 0, 
221, 1, 220, 228, -1, 238, 192, 24.0, 17, ABpraaapppa, 5563, 0, 0, 0, , 0, 0, 0, 0, 0, 
222, 1, 221, 229, -1, 223, 178, 27.0, 19, ABpraaapppp, 4623, 0, 0, 0, , 0, 0, 0, 0, 0, 
223, 1, 222, 230, -1, 275, 159, 20.0, 15, ABpraaaaap, 7126, 0, 0, 0, , 0, 0, 0, 0, 0, 
224, 1, 223, 231, -1, 271, 166, 16.0, 15, ABpraaaaaa, 6879, 0, 0, 0, , 0, 0, 0, 0, 0, 
225, 1, 224, 232, -1, 260, 165, 19.0, 17, ABpraaaapa, 7583, 0, 0, 0, , 0, 0, 0, 0, 0, 
226, 1, 225, 233, -1, 248, 158, 23.0, 19, ABpraaaapp, 8567, 0, 0, 0, , 0, 0, 0, 0, 0, 
227, 1, 226, 234, -1, 102, 225, 20.0, 15, ABprappapp, 7842, 0, 0, 0, , 0, 0, 0, 0, 0, 
228, 1, 227, 235, -1, 109, 223, 27.0, 15, ABprappapa, 7162, 0, 0, 0, , 0, 0, 0, 0, 0, 
229, 1, 228, 236, -1, 116, 212, 21.0, 15, ABprappaap, 6796, 0, 0, 0, , 0, 0, 0, 0, 0, 
230, 1, 229, 237, -1, 137, 207, 20.0, 15, ABprappaaa, 7791, 0, 0, 0, , 0, 0, 0, 0, 0, 
231, 1, 230, 238, -1, 92, 258, 15.0, 15, ABprapppaa, 6803, 0, 0, 0, , 0, 0, 0, 0, 0, 
232, 1, 231, 239, -1, 98, 268, 13.0, 15, ABprapppap, 7079, 0, 0, 0, , 0, 0, 0, 0, 0, 
233, 1, 232, 240, -1, 78, 280, 12.0, 17, ABprappppp, 7620, 0, 0, 0, , 0, 0, 0, 0, 0, 
234, 1, 233, 241, -1, 77, 259, 14.0, 15, ABprappppa, 11650, 0, 0, 0, , 0, 0, 0, 0, 0, 
235, 1, 234, 242, -1, 187, 194, 28.0, 19, ABprapaaap, 7744, 0, 0, 0, , 0, 0, 0, 0, 0, 
236, 1, 235, 243, -1, 204, 201, 31.0, 15, ABprapaaaa, 6692, 0, 0, 0, , 0, 0, 0, 0, 0, 
237, 1, 236, 244, -1, 139, 200, 24.0, 15, ABprapaapp, 7684, 0, 0, 0, , 0, 0, 0, 0, 0, 
238, 1, 237, 245, -1, 170, 183, 25.0, 15, ABprapaapa, 6913, 0, 0, 0, , 0, 0, 0, 0, 0, 
239, 1, 238, 246, -1, 86, 243, 17.0, 17, ABprapappa, 8339, 0, 0, 0, , 0, 0, 0, 0, 0, 
240, 1, 239, 247, -1, 72, 280, 18.0, 15, ABprapappp, 7210, 0, 0, 0, , 0, 0, 0, 0, 0, 
241, 1, 240, 248, -1, 88, 242, 21.0, 15, ABprapapap, 8362, 0, 0, 0, , 0, 0, 0, 0, 0, 
242, 1, 241, 249, -1, 84, 256, 26.0, 17, ABprapapaa, 7278, 0, 0, 0, , 0, 0, 0, 0, 0, 
243, 1, 242, 250, -1, 223, 204, 26.0, 13, MSppppap, 3594, 0, 0, 0, , 0, 0, 0, 0, 0, 
244, 1, 243, 251, -1, 225, 201, 20.0, 15, MSppppaa, 4046, 0, 0, 0, , 0, 0, 0, 0, 0, 
245, 1, 244, 252, -1, 233, 209, 30.0, 15, MSpppppa, 5466, 0, 0, 0, , 0, 0, 0, 0, 0, 
246, 1, 245, 253, -1, 193, 222, 30.0, 15, MSpppppp, 4836, 0, 0, 0, , 0, 0, 0, 0, 0, 
247, 1, 246, 254, -1, 217, 224, 17.0, 13, MSpppaaa, 5339, 0, 0, 0, , 0, 0, 0, 0, 0, 
248, 1, 247, 255, -1, 197, 231, 19.0, 15, MSpppaap, 4733, 0, 0, 0, , 0, 0, 0, 0, 0, 
249, 1, 248, 256, -1, 188, 216, 18.0, 17, MSpppapp, 4779, 0, 0, 0, , 0, 0, 0, 0, 0, 
250, 1, 249, 257, -1, 210, 208, 18.0, 13, MSpppapa, 3206, 0, 0, 0, , 0, 0, 0, 0, 0, 
251, 1, 250, 258, -1, 228, 211, 16.0, 15, MSppaapp, 4235, 0, 0, 0, , 0, 0, 0, 0, 0, 
252, 1, 251, 259, -1, 250, 211, 16.0, 11, MSppaapa, 5014, 0, 0, 0, , 0, 0, 0, 0, 0, 
253, 1, 252, 260, -1, 284, 200, 15.0, 15, MSppaaaa, 5679, 0, 0, 0, , 0, 0, 0, 0, 0, 
254, 1, 253, 261, -1, 274, 198, 19.0, 13, MSppaaap, 5847, 0, 0, 0, , 0, 0, 0, 0, 0, 
255, 1, 254, 262, -1, 277, 188, 26.0, 15, MSppappa, 5359, 0, 0, 0, , 0, 0, 0, 0, 0, 
256, 1, 255, 263, -1, 258, 197, 20.0, 13, MSppapaa, 4634, 0, 0, 0, , 0, 0, 0, 0, 0, 
257, 1, 256, 264, -1, 239, 200, 19.0, 13, MSppapap, 4633, 0, 0, 0, , 0, 0, 0, 0, 0, 
258, 1, 257, 265, -1, 194, 269, 16.0, 15, MSpapappp, 3946, 0, 0, 0, , 0, 0, 0, 0, 0, 
259, 1, 258, 266, -1, 219, 257, 15.0, 15, MSpapappa, 3925, 0, 0, 0, , 0, 0, 0, 0, 0, 
260, 1, 259, 267, -1, 206, 250, 18.0, 17, MSpapapa, 7653, 0, 0, 0, , 0, 0, 0, 0, 0, 
261, 1, 260, 268, -1, 249, 248, 18.0, 13, MSpapaaaa, 3553, 0, 0, 0, , 0, 0, 0, 0, 0, 
262, 1, 261, 269, -1, 237, 254, 20.0, 15, MSpapaaap, 5133, 0, 0, 0, , 0, 0, 0, 0, 0, 
263, 1, 262, 270, -1, 224, 236, 20.0, 13, MSpapaapa, 3605, 0, 0, 0, , 0, 0, 0, 0, 0, 
264, 1, 263, 271, -1, 217, 254, 22.0, 15, MSpapaapp, 5644, 0, 0, 0, , 0, 0, 0, 0, 0, 
265, 1, 264, 272, -1, 182, 300, 13.0, 15, MSpappaa, 6723, 0, 0, 0, , 0, 0, 0, 0, 0, 
266, 1, 265, 273, -1, 175, 277, 14.0, 15, MSpappap, 4678, 0, 0, 0, , 0, 0, 0, 0, 0, 
267, 1, 266, 274, -1, 160, 250, 14.0, 15, MSpapppp, 4602, 0, 0, 0, , 0, 0, 0, 0, 0, 
268, 1, 267, 275, -1, 167, 230, 16.0, 19, MSpapppa, 5753, 0, 0, 0, , 0, 0, 0, 0, 0, 
269, 1, 268, 276, -1, 257, 220, 28.0, 15, MSpaaappa, 5185, 0, 0, 0, , 0, 0, 0, 0, 0, 
270, 1, 269, 277, -1, 243, 238, 29.0, 15, MSpaaappp, 5625, 0, 0, 0, , 0, 0, 0, 0, 0, 
271, 1, 270, 278, -1, 262, 236, 31.0, 15, MSpaaapa, 6471, 0, 0, 0, , 0, 0, 0, 0, 0, 
272, 1, 271, 279, -1, 290, 210, 26.0, 15, MSpaaaapa, 4834, 0, 0, 0, , 0, 0, 0, 0, 0, 
273, 1, 272, 280, -1, 270, 214, 28.0, 17, MSpaaaapp, 5276, 0, 0, 0, , 0, 0, 0, 0, 0, 
274, 1, 273, 281, -1, 303, 202, 29.0, 17, MSpaaaaa, 9247, 0, 0, 0, , 0, 0, 0, 0, 0, 
275, 1, 274, 282, -1, 235, 237, 24.0, 13, MSpaapapp, 3801, 0, 0, 0, , 0, 0, 0, 0, 0, 
276, 1, 275, 283, -1, 261, 219, 23.0, 13, MSpaapapa, 3430, 0, 0, 0, , 0, 0, 0, 0, 0, 
277, 1, 276, 284, -1, 264, 204, 25.0, 15, MSpaapaa, 6634, 0, 0, 0, , 0, 0, 0, 0, 0, 
278, 1, 277, 285, -1, 191, 247, 24.0, 25, Earap, 3474, 0, 0, 0, , 0, 0, 0, 0, 0, 
279, 1, 278, 286, -1, 264, 297, 22.0, 15, MSapppaa, 3419, 0, 0, 0, , 0, 0, 0, 0, 0, 
280, 1, 279, 287, -1, 257, 288, 26.0, 15, MSapppap, 5375, 0, 0, 0, , 0, 0, 0, 0, 0, 
281, 1, 280, 288, -1, 252, 282, 30.0, 15, MSappppa, 4365, 0, 0, 0, , 0, 0, 0, 0, 0, 
282, 1, 281, 289, -1, 212, 307, 30.0, 15, MSappppp, 4096, 0, 0, 0, , 0, 0, 0, 0, 0, 
283, 1, 282, 290, -1, 216, 312, 21.0, 17, MSappaap, 5082, 0, 0, 0, , 0, 0, 0, 0, 0, 
284, 1, 283, 291, -1, 240, 296, 21.0, 15, MSappaaa, 3325, 0, 0, 0, , 0, 0, 0, 0, 0, 
285, 1, 284, 292, -1, 233, 315, 19.0, 13, MSappapp, 3695, 0, 0, 0, , 0, 0, 0, 0, 0, 
286, 1, 285, 293, -1, 248, 307, 20.0, 13, MSappapa, 4153, 0, 0, 0, , 0, 0, 0, 0, 0, 
287, 1, 286, 294, -1, 307, 260, 28.0, 15, MSapappa, 5485, 0, 0, 0, , 0, 0, 0, 0, 0, 
288, 1, 287, 295, -1, 274, 271, 30.0, 15, MSapappp, 5197, 0, 0, 0, , 0, 0, 0, 0, 0, 
289, 1, 288, 296, -1, 277, 287, 19.0, 15, MSapapap, 4694, 0, 0, 0, , 0, 0, 0, 0, 0, 
290, 1, 289, 297, -1, 286, 273, 23.0, 13, MSapapaa, 5102, 0, 0, 0, , 0, 0, 0, 0, 0, 
291, 1, 290, 298, -1, 260, 295, 19.0, 15, MSapaapp, 5986, 0, 0, 0, , 0, 0, 0, 0, 0, 
292, 1, 291, 299, -1, 291, 268, 17.0, 13, MSapaapa, 4070, 0, 0, 0, , 0, 0, 0, 0, 0, 
293, 1, 292, 300, -1, 328, 251, 17.0, 13, MSapaaaa, 3920, 0, 0, 0, , 0, 0, 0, 0, 0, 
294, 1, 293, 301, -1, 322, 254, 24.0, 15, MSapaaap, 5454, 0, 0, 0, , 0, 0, 0, 0, 0, 
295, 1, 294, 302, -1, 322, 214, 28.0, 15, MSaaaaapa, 4348, 0, 0, 0, , 0, 0, 0, 0, 0, 
296, 1, 295, 303, -1, 304, 224, 31.0, 13, MSaaaaapp, 4620, 0, 0, 0, , 0, 0, 0, 0, 0, 
297, 1, 296, 304, -1, 333, 205, 24.0, 15, MSaaaaaa, 6735, 0, 0, 0, , 0, 0, 0, 0, 0, 
298, 1, 297, 305, 306, 283, 229, 30.0, 15, MSaaaapa, 6023, 0, 0, 0, , 0, 0, 0, 0, 0, 
299, 1, 298, 307, -1, 265, 254, 29.0, 15, MSaaaapp, 6825, 0, 0, 0, , 0, 0, 0, 0, 0, 
300, 1, 299, 308, -1, 256, 247, 26.0, 13, MSaaapapp, 3069, 0, 0, 0, , 0, 0, 0, 0, 0, 
301, 1, 300, 309, -1, 289, 248, 28.0, 15, MSaaapaap, 3441, 0, 0, 0, , 0, 0, 0, 0, 0, 
302, 1, 301, 310, -1, 308, 236, 28.0, 13, MSaaapaaa, 2437, 0, 0, 0, , 0, 0, 0, 0, 0, 
303, 1, 302, 311, -1, 257, 265, 27.0, 13, MSaaappa, 4205, 0, 0, 0, , 0, 0, 0, 0, 0, 
304, 1, 303, 312, -1, 236, 255, 28.0, 15, MSaaappp, 5799, 0, 0, 0, , 0, 0, 0, 0, 0, 
305, 1, 304, 313, -1, 195, 321, 16.0, 15, MSaapppp, 6011, 0, 0, 0, , 0, 0, 0, 0, 0, 
306, 1, 305, 314, -1, 212, 312, 16.0, 19, MSaapppa, 4347, 0, 0, 0, , 0, 0, 0, 0, 0, 
307, 1, 306, 315, -1, 243, 275, 19.0, 13, MSaapaaap, 4760, 0, 0, 0, , 0, 0, 0, 0, 0, 
308, 1, 307, 316, -1, 262, 271, 17.0, 13, MSaapaaaa, 4623, 0, 0, 0, , 0, 0, 0, 0, 0, 
309, 1, 308, 317, -1, 223, 285, 17.0, 15, MSaapapp, 6655, 0, 0, 0, , 0, 0, 0, 0, 0, 
310, 1, 309, 318, -1, 231, 277, 21.0, 17, MSaapapa, 7442, 0, 0, 0, , 0, 0, 0, 0, 0, 
311, 1, 310, 319, -1, 208, 284, 22.0, 21, Ealpa, 36405, 0, 0, 0, , 0, 0, 0, 0, 0, 
312, 1, 311, 320, -1, 172, 294, 23.0, 19, Ealpp, 11174, 0, 0, 0, , 0, 0, 0, 0, 0, 
313, 1, 312, 321, -1, 131, 306, 23.0, 23, Eplpa, 63598, 0, 0, 0, , 0, 0, 0, 0, 0, 
314, 1, 313, 322, -1, 140, 340, 20.0, 17, Cappap, 7972, 0, 0, 0, , 0, 0, 0, 0, 0, 
315, 1, 314, 323, -1, 162, 337, 25.0, 19, Cappaa, 7888, 0, 0, 0, , 0, 0, 0, 0, 0, 
316, 1, 315, 324, -1, 121, 338, 23.0, 17, Capppa, 7910, 0, 0, 0, , 0, 0, 0, 0, 0, 
317, 1, 316, 325, -1, 111, 322, 16.0, 15, Capppp, 6653, 0, 0, 0, , 0, 0, 0, 0, 0, 
318, 1, 317, 326, -1, 163, 336, 20.0, 17, Capapa, 8211, 0, 0, 0, , 0, 0, 0, 0, 0, 
319, 1, 318, 327, -1, 147, 325, 16.0, 17, Capapp, 6986, 0, 0, 0, , 0, 0, 0, 0, 0, 
320, 1, 319, 328, -1, 174, 319, 16.0, 17, Capaap, 7003, 0, 0, 0, , 0, 0, 0, 0, 0, 
321, 1, 320, 329, -1, 192, 326, 21.0, 17, Capaaa, 7907, 0, 0, 0, , 0, 0, 0, 0, 0, 
322, 1, 321, 330, -1, 87, 331, 27.0, 19, Caaapp, 8337, 0, 0, 0, , 0, 0, 0, 0, 0, 
323, 1, 322, 331, -1, 85, 327, 16.0, 19, Caappd, 7415, 0, 0, 0, , 0, 0, 0, 0, 0, 
324, 1, 323, 332, -1, 84, 323, 12.0, 15, Caappv, 5595, 0, 0, 0, , 0, 0, 0, 0, 0, 
325, 1, 324, 333, -1, 96, 303, 15.0, 19, Caapa, 14939, 0, 0, 0, , 0, 0, 0, 0, 0, 
326, 1, 325, 334, -1, 65, 307, 19.0, 17, Cpappd, 7248, 0, 0, 0, , 0, 0, 0, 0, 0, 
327, 1, 326, 335, -1, 72, 304, 14.0, 17, Cpappv, 6740, 0, 0, 0, , 0, 0, 0, 0, 0, 
328, 1, 327, 336, -1, 76, 337, 22.0, 21, Cpapaa, 17923, 0, 0, 0, , 0, 0, 0, 0, 0, 
329, 1, 328, 337, -1, 83, 298, 30.0, 23, Cpaapp, 16305, 0, 0, 0, , 0, 0, 0, 0, 0, 
330, 1, 329, 338, -1, 140, 249, 17.0, 17, Cppaap, 7587, 0, 0, 0, , 0, 0, 0, 0, 0, 
331, 1, 330, 339, -1, 147, 226, 19.0, 17, Cppaaa, 8607, 0, 0, 0, , 0, 0, 0, 0, 0, 
332, 1, 331, 340, -1, 120, 239, 22.0, 19, Cppapa, 9132, 0, 0, 0, , 0, 0, 0, 0, 0, 
333, 1, 332, 341, -1, 120, 253, 15.0, 19, Cppapp, 6934, 0, 0, 0, , 0, 0, 0, 0, 0, 
334, 1, 333, 342, -1, 131, 227, 25.0, 19, Cpppaa, 8331, 0, 0, 0, , 0, 0, 0, 0, 0, 
335, 1, 334, 343, -1, 103, 262, 18.0, 15, Cpppap, 4627, 0, 0, 0, , 0, 0, 0, 0, 0, 
336, 1, 335, 344, -1, 235, 318, 23.0, 15, Daapa, 6294, 0, 0, 0, , 0, 0, 0, 0, 0, 
337, 1, 336, 345, -1, 214, 331, 20.0, 15, Daapp, 4828, 0, 0, 0, , 0, 0, 0, 0, 0, 
338, 1, 337, 346, -1, 247, 300, 25.0, 15, Daaaa, 7700, 0, 0, 0, , 0, 0, 0, 0, 0, 
339, 1, 338, 347, -1, 232, 305, 27.0, 15, Daaap, 4160, 0, 0, 0, , 0, 0, 0, 0, 0, 
340, 1, 339, 348, -1, 191, 319, 29.0, 17, Dappa, 5838, 0, 0, 0, , 0, 0, 0, 0, 0, 
341, 1, 340, 349, -1, 155, 327, 28.0, 17, Dappp, 6127, 0, 0, 0, , 0, 0, 0, 0, 0, 
342, 1, 341, 350, -1, 169, 211, 18.0, 15, Dpapp, 4721, 0, 0, 0, , 0, 0, 0, 0, 0, 
343, 1, 342, 351, -1, 192, 205, 21.0, 15, Dpapa, 5958, 0, 0, 0, , 0, 0, 0, 0, 0, 
344, 1, 343, 352, -1, 197, 209, 25.0, 15, Dpaap, 4274, 0, 0, 0, , 0, 0, 0, 0, 0, 
345, 1, 344, 353, -1, 212, 205, 21.0, 15, Dpaaa, 3993, 0, 0, 0, , 0, 0, 0, 0, 0, 
346, 1, 345, 354, -1, 137, 242, 29.0, 19, Dpppp, 6142, 0, 0, 0, , 0, 0, 0, 0, 0, 
347, 1, 346, 355, -1, 163, 224, 27.0, 19, Dpppa, 7254, 0, 0, 0, , 0, 0, 0, 0, 0, 
348, 1, 347, 356, -1, 181, 205, 24.0, 17, Dppaa, 5030, 0, 0, 0, , 0, 0, 0, 0, 0, 
349, 1, 348, 357, -1, 159, 211, 22.0, 13, Dppap, 4704, 0, 0, 0, , 0, 0, 0, 0, 0, 
350, 1, 349, 358, -1, 158, 266, 17.0, 17, Z2, 9241, 0, 0, 0, , 0, 0, 0, 0, 0, 
351, 0, 350, -1, -1, 381, 244, 24.0, 15, , 9674, 0, 0, 0, , 0, 0, 0, 0, 0, 
352, 1, 351, 360, -1, 334, 290, 22.0, 13, ABalpppappa, 3899, 0, 0, 0, , 0, 0, 0, 0, 0, 
353, 1, 352, 361, -1, 317, 304, 24.0, 15, ABalpppappp, 5698, 0, 0, 0, , 0, 0, 0, 0, 0, 
354, 1, 353, 362, -1, 309, 282, 23.0, 13, ABalpppppaa, 4583, 0, 0, 0, , 0, 0, 0, 0, 0, 
355, 1, 354, 363, -1, 298, 290, 24.0, 13, ABalpppppap, 5121, 0, 0, 0, , 0, 0, 0, 0, 0, 
356, 1, 355, 364, -1, 283, 279, 26.0, 13, ABalppppppa, 5166, 0, 0, 0, , 0, 0, 0, 0, 0, 
357, 1, 356, 365, -1, 277, 305, 28.0, 15, ABalppppppp, 6265, 0, 0, 0, , 0, 0, 0, 0, 0, 
358, 1, 357, 366, -1, 318, 295, 27.0, 13, ABalppppapp, 4483, 0, 0, 0, , 0, 0, 0, 0, 0, 
359, 1, 358, 367, -1, 337, 283, 26.0, 13, ABalppppapa, 4626, 0, 0, 0, , 0, 0, 0, 0, 0, 
360, 1, 359, 368, 369, 324, 274, 21.0, 15, ABalppppaa, 6598, 0, 0, 0, , 0, 0, 0, 0, 0, 
361, 1, 360, 370, -1, 334, 284, 17.0, 15, ABalpppaaa, 6763, 0, 0, 0, , 0, 0, 0, 0, 0, 
362, 1, 361, 371, -1, 347, 279, 21.0, 17, ABalpppaap, 8400, 0, 0, 0, , 0, 0, 0, 0, 0, 
363, 1, 362, 372, -1, 322, 297, 19.0, 17, ABalpppapa, 17589, 0, 0, 0, , 0, 0, 0, 0, 0, 
364, 1, 363, 373, -1, 336, 264, 18.0, 15, ABalppaaaa, 6302, 0, 0, 0, , 0, 0, 0, 0, 0, 
365, 1, 364, 374, -1, 348, 272, 17.0, 17, ABalppaaap, 5766, 0, 0, 0, , 0, 0, 0, 0, 0, 
366, 1, 365, 375, -1, 307, 301, 14.0, 17, ABalppaapp, 6950, 0, 0, 0, , 0, 0, 0, 0, 0, 
367, 1, 366, 376, -1, 319, 292, 14.0, 13, ABalppaapa, 6569, 0, 0, 0, , 0, 0, 0, 0, 0, 
368, 1, 367, 377, -1, 292, 294, 12.0, 15, ABalppapppa, 5229, 0, 0, 0, , 0, 0, 0, 0, 0, 
369, 1, 368, 378, -1, 278, 304, 12.0, 13, ABalppapppp, 4713, 0, 0, 0, , 0, 0, 0, 0, 0, 
370, 1, 369, 379, -1, 303, 279, 14.0, 13, ABalppappap, 4073, 0, 0, 0, , 0, 0, 0, 0, 0, 
371, 1, 370, 380, -1, 322, 266, 16.0, 13, ABalppappaa, 4010, 0, 0, 0, , 0, 0, 0, 0, 0, 
372, 1, 371, 381, -1, 309, 274, 11.0, 13, ABalppapapa, 5790, 0, 0, 0, , 0, 0, 0, 0, 0, 
373, 1, 371, 382, -1, 287, 281, 10.0, 13, ABalppapapp, 4773, 0, 0, 0, , 0, 0, 0, 0, 0, 
374, 1, 372, 383, -1, 322, 272, 12.0, 17, ABalppapaa, 9060, 0, 0, 0, , 0, 0, 0, 0, 0, 
375, 1, 373, 384, -1, 258, 286, 11.0, 15, ABalpapapap, 6413, 0, 0, 0, , 0, 0, 0, 0, 0, 
376, 1, 374, 385, -1, 279, 273, 11.0, 13, ABalpapapaa, 6472, 0, 0, 0, , 0, 0, 0, 0, 0, 
377, 1, 375, 386, -1, 249, 321, 12.0, 17, ABalpapapp, 12787, 0, 0, 0, , 0, 0, 0, 0, 0, 
378, 1, 376, 387, -1, 281, 254, 9.0, 19, ABalpapaap, 10763, 0, 0, 0, , 0, 0, 0, 0, 0, 
379, 1, 377, 388, -1, 315, 252, 11.0, 11, ABalpapaaaa, 5257, 0, 0, 0, , 0, 0, 0, 0, 0, 
380, 1, 378, 389, -1, 294, 260, 12.0, 13, ABalpapaaap, 5905, 0, 0, 0, , 0, 0, 0, 0, 0, 
381, 1, 379, 390, -1, 265, 258, 12.0, 15, ABalpappapa, 7388, 0, 0, 0, , 0, 0, 0, 0, 0, 
382, 1, 380, 391, -1, 239, 267, 12.0, 17, ABalpappapp, 6413, 0, 0, 0, , 0, 0, 0, 0, 0, 
383, 1, 381, 392, -1, 279, 259, 14.0, 13, ABalpappaap, 4966, 0, 0, 0, , 0, 0, 0, 0, 0, 
384, 1, 382, 393, -1, 288, 240, 14.0, 11, ABalpappaaa, 4714, 0, 0, 0, , 0, 0, 0, 0, 0, 
385, 1, 383, 394, -1, 235, 274, 15.0, 17, ABalpappppp, 6127, 0, 0, 0, , 0, 0, 0, 0, 0, 
386, 1, 384, 395, -1, 258, 277, 14.0, 15, ABalpappppa, 6308, 0, 0, 0, , 0, 0, 0, 0, 0, 
387, 1, 385, 396, -1, 265, 253, 15.0, 15, ABalpapppa, 9095, 0, 0, 0, , 0, 0, 0, 0, 0, 
388, 1, 386, 397, -1, 282, 258, 19.0, 15, ABalpaaapp, 7923, 0, 0, 0, , 0, 0, 0, 0, 0, 
389, 1, 387, 398, -1, 301, 251, 16.0, 17, ABalpaaapa, 8448, 0, 0, 0, , 0, 0, 0, 0, 0, 
390, 1, 388, 399, -1, 304, 240, 11.0, 15, ABalpaaaap, 7989, 0, 0, 0, , 0, 0, 0, 0, 0, 
391, 1, 389, 400, -1, 313, 236, 13.0, 19, ABalpaaaaa, 5039, 0, 0, 0, , 0, 0, 0, 0, 0, 
392, 1, 390, 401, -1, 333, 251, 11.0, 15, ABalpaappp, 8104, 0, 0, 0, , 0, 0, 0, 0, 0, 
393, 1, 391, 402, -1, 329, 229, 11.0, 17, ABalpaappa, 10438, 0, 0, 0, , 0, 0, 0, 0, 0, 
394, 1, 392, 403, -1, 301, 252, 20.0, 15, ABalpaapapp, 6963, 0, 0, 0, , 0, 0, 0, 0, 0, 
395, 1, 393, 404, -1, 310, 243, 19.0, 15, ABalpaapapa, 4960, 0, 0, 0, , 0, 0, 0, 0, 0, 
396, 1, 394, 405, -1, 321, 233, 20.0, 13, ABalpaapaap, 5100, 0, 0, 0, , 0, 0, 0, 0, 0, 
397, 1, 395, 406, -1, 338, 223, 18.0, 13, ABalpaapaaa, 4460, 0, 0, 0, , 0, 0, 0, 0, 0, 
398, 1, 396, 407, -1, 175, 261, 27.0, 21, Epraa, 24980, 0, 0, 0, , 0, 0, 0, 0, 0, 
399, 1, 397, 408, -1, 146, 269, 27.0, 21, Eprap, 65535, 0, 0, 0, , 0, 0, 0, 0, 0, 
400, 1, 398, 409, -1, 209, 231, 24.0, 13, MSpaapp, 3577, 0, 0, 0, , 0, 0, 0, 0, 0, 
401, 1, 399, 410, -1, 163, 262, 23.0, 23, Earpp, 57937, 0, 0, 0, , 0, 0, 0, 0, 0, 
402, 1, 400, 411, -1, 193, 283, 27.0, 21, Ealap, 16022, 0, 0, 0, , 0, 0, 0, 0, 0, 
403, 1, 401, 412, -1, 220, 276, 27.0, 19, Ealaa, 13983, 0, 0, 0, , 0, 0, 0, 0, 0, 
404, 1, 402, 413, -1, 168, 283, 29.0, 23, Eplaa, 33211, 0, 0, 0, , 0, 0, 0, 0, 0, 
405, 1, 403, 414, -1, 147, 294, 26.0, 19, Eplap, 15864, 0, 0, 0, , 0, 0, 0, 0, 0, 
406, 1, 404, 415, -1, 125, 276, 20.0, 17, Eprpp, 10231, 0, 0, 0, , 0, 0, 0, 0, 0, 
407, 1, 405, 416, -1, 189, 337, 26.0, 15, Dapap, 5885, 0, 0, 0, , 0, 0, 0, 0, 0, 
408, 1, 406, 417, -1, 213, 321, 26.0, 17, Dapaa, 5889, 0, 0, 0, , 0, 0, 0, 0, 0, 
409, 1, 407, 418, -1, 229, 271, 24.0, 15, MSaapaapp, 5156, 0, 0, 0, , 0, 0, 0, 0, 0, 
410, 1, 408, 419, -1, 249, 264, 23.0, 13, MSaapaapa, 2902, 0, 0, 0, , 0, 0, 0, 0, 0, 
411, 1, 409, 420, -1, 148, 214, 32.0, 15, ABarpppapp, 6146, 0, 0, 0, , 0, 0, 0, 0, 0, 
412, 1, 410, 421, -1, 232, 321, 14.0, 15, ABplppaapa, 8475, 0, 0, 0, , 0, 0, 0, 0, 0, 
413, 1, 411, 422, -1, 65, 300, 24.0, 17, Cpapap, 7144, 0, 0, 0, , 0, 0, 0, 0, 0, 
414, 1, 412, 423, -1, 218, 240, 27.0, 23, Earaa, 26175, 0, 0, 0, , 0, 0, 0, 0, 0, 
415, 1, 413, 424, -1, 348, 244, 16.0, 15, ABalaaaala, 9326, 0, 0, 0, , 0, 0, 0, 0, 0, 
416, 1, 414, 425, -1, 256, 189, 34.0, 15, ABarpappaa, 5030, 0, 0, 0, , 0, 0, 0, 0, 0, 
417, 1, 415, 426, -1, 340, 197, 29.0, 15, ABalappaaa, 5349, 0, 0, 0, , 0, 0, 0, 0, 0, 
418, 1, 416, 427, -1, 96, 268, 24.0, 16, Cppppa, 4865, 0, 0, 0, , 0, 0, 0, 0, 0, 
419, 1, 417, 428, -1, 92, 285, 17.0, 19, Cppppp, 18497, 0, 0, 0, , 0, 0, 0, 0, 0, 
420, 1, 418, 429, -1, 191, 258, 20.0, 19, Earpa, 11076, 0, 0, 0, , 0, 0, 0, 0, 0, 
421, 1, 419, 430, -1, 250, 195, 29.0, 15, MSppappp, 5938, 0, 0, 0, , 0, 0, 0, 0, 0, 
422, 1, 420, 431, -1, 128, 273, 24.0, 19, Eprpa, 12820, 0, 0, 0, , 0, 0, 0, 0, 0, 
423, 1, 421, 432, -1, 219, 248, 34.0, 17, ABarpaappa, 6832, 0, 0, 0, , 0, 0, 0, 0, 0, 
424, 1, 422, 433, -1, 203, 303, 35.0, 19, ABarppaapa, 3066, 0, 0, 0, , 0, 0, 0, 0, 0, 
425, 1, 423, 434, -1, 125, 253, 35.0, 21, Cpaaap, 11418, 0, 0, 0, , 0, 0, 0, 0, 0, 
426, 1, 424, 435, -1, 118, 330, 32.0, 15, Caaapa, 2513, 0, 0, 0, , 0, 0, 0, 0, 0, 
427, 1, 425, 436, -1, 110, 286, 32.0, 17, Cpaapa, 1719, 0, 0, 0, , 0, 0, 0, 0, 0, 
428, 1, 426, 437, -1, 130, 298, 18.0, 23, Eplpp, 57376, 0, 0, 0, , 0, 0, 0, 0, 0, 
429, 1, 427, 438, -1, 205, 290, 14.0, 15, MSaappap, 4962, 0, 0, 0, , 0, 0, 0, 0, 0, 
430, 1, 428, 439, -1, 184, 296, 15.0, 17, Z3, 14133, 0, 0, 0, , 0, 0, 0, 0, 0, 
431, 1, 429, 440, -1, 184, 226, 35.0, 19, ABarpppapa, 5644, 0, 0, 0, , 0, 0, 0, 0, 0, 
432, 1, 430, 441, -1, 261, 172, 12.0, 17, ABalaapapp, 13496, 0, 0, 0, , 0, 0, 0, 0, 0, 
433, 1, 431, 442, -1, 213, 272, 14.0, 13, MSaappaa, 4816, 0, 0, 0, , 0, 0, 0, 0, 0, 
434, 0, 432, -1, -1, 191, 246, 25.0, 21, , 11669, 0, 0, 0, , 0, 0, 0, 0, 0, 
435, 1, 433, 447, -1, 164, 246, 34.0, 21, Cpaaaa, 4680, 0, 0, 0, , 0, 0, 0, 0, 0, 
436, 1, 434, 444, -1, 280, 244, 25.0, 13, MSaaapapa, 3073, 0, 0, 0, , 0, 0, 0, 0, 0, 
437, 1, 435, 445, -1, 251, 339, 19.0, 15, ABplppaaaap, 3521, 0, 0, 0, , 0, 0, 0, 0, 0, 
438, 0, -1, -1, -1, 109, 256, 18.0, 15, , 2553, 0, 0, 0, , 0, 0, 0, 0, 0, 
439, 1, 436, 448, -1, 138, 310, 33.0, 15, Caaaap, 0, 0, 0, 0, , 0, 0, 0, 0, 0, 
440, 1, 437, 449, -1, 175, 302, 33.0, 17, Caaaaa, 0, 0, 0, 0, , 0, 0, 0, 0, 0, 
441, 1, 438, 446, -1, 130, 311, 9.0, 10, ABplpppapap, 0, 0, 0, 0, , 0, 0, 0, 0, 0, 
