1, 1, 1, 1, -1, 311, 204, 24.0, 17, ABaraappaa, 10122, 0, 0, 0, , 0, 0, 0, 0, 0, 
2, 1, 2, 2, -1, 277, 216, 22.0, 17, ABaraappapp, 6115, 0, 0, 0, , 0, 0, 0, 0, 0, 
3, 1, 3, 3, -1, 294, 205, 23.0, 15, ABaraappapa, 6789, 0, 0, 0, , 0, 0, 0, 0, 0, 
4, 1, 4, 4, -1, 255, 229, 21.0, 15, ABaraapppap, 5532, 0, 0, 0, , 0, 0, 0, 0, 0, 
5, 1, 5, 5, -1, 267, 218, 19.0, 15, ABaraapppaa, 5170, 0, 0, 0, , 0, 0, 0, 0, 0, 
6, 1, 6, 6, -1, 236, 226, 20.0, 19, ABaraapppp, 8208, 0, 0, 0, , 0, 0, 0, 0, 0, 
7, 1, 7, 7, -1, 261, 268, 21.0, 17, ABaraapapp, 11561, 0, 0, 0, , 0, 0, 0, 0, 0, 
8, 1, 8, 8, -1, 268, 253, 22.0, 15, ABaraapapap, 6957, 0, 0, 0, , 0, 0, 0, 0, 0, 
9, 1, 9, 9, -1, 284, 248, 22.0, 17, ABaraapapaa, 6675, 0, 0, 0, , 0, 0, 0, 0, 0, 
10, 1, 10, 10, -1, 326, 225, 23.0, 15, ABaraapaaa, 11920, 0, 0, 0, , 0, 0, 0, 0, 0, 
11, 1, 11, 11, -1, 292, 233, 25.0, 15, ABaraapaapp, 8650, 0, 0, 0, , 0, 0, 0, 0, 0, 
12, 1, 12, 12, -1, 312, 226, 23.0, 13, ABaraapaapa, 6968, 0, 0, 0, , 0, 0, 0, 0, 0, 
13, 1, 13, 13, -1, 314, 212, 11.0, 15, ABaraaappa, 9580, 0, 0, 0, , 0, 0, 0, 0, 0, 
14, 1, 14, 14, -1, 291, 207, 9.0, 15, ABaraaappp, 9743, 0, 0, 0, , 0, 0, 0, 0, 0, 
15, 1, 15, 15, -1, 324, 211, 17.0, 13, ABaraaapaaa, 2989, 0, 0, 0, , 0, 0, 0, 0, 0, 
16, 1, 16, 16, -1, 303, 209, 20.0, 17, ABaraaapaap, 5149, 0, 0, 0, , 0, 0, 0, 0, 0, 
17, 1, 18, 17, -1, 284, 225, 19.0, 15, ABaraaapapp, 4973, 0, 0, 0, , 0, 0, 0, 0, 0, 
18, 1, 19, 18, -1, 323, 230, 15.0, 15, ABaraaaaaa, 9723, 0, 0, 0, , 0, 0, 0, 0, 0, 
19, 1, 20, 19, -1, 305, 211, 15.0, 15, ABaraaaaap, 6974, 0, 0, 0, , 0, 0, 0, 0, 0, 
20, 1, 21, 20, -1, 317, 227, 27.0, 11, ABaraaaapp, 5126, 0, 0, 0, , 0, 0, 0, 0, 0, 
21, 1, 22, 21, -1, 330, 208, 19.0, 15, ABaraaaapa, 9246, 0, 0, 0, , 0, 0, 0, 0, 0, 
22, 1, 23, 22, -1, 242, 249, 11.0, 15, ABarapapapp, 7814, 0, 0, 0, , 0, 0, 0, 0, 0, 
23, 1, 24, 23, -1, 261, 238, 10.0, 15, ABarapapapa, 6702, 0, 0, 0, , 0, 0, 0, 0, 0, 
24, 1, 25, 24, -1, 263, 232, 13.0, 13, ABarapapaap, 6288, 0, 0, 0, , 0, 0, 0, 0, 0, 
25, 1, 25, 25, -1, 277, 226, 15.0, 13, ABarapapaaa, 5636, 0, 0, 0, , 0, 0, 0, 0, 0, 
26, 1, 26, 26, -1, 218, 237, 13.0, 17, ABarapapppp, 8590, 0, 0, 0, , 0, 0, 0, 0, 0, 
27, 1, 27, 27, -1, 240, 233, 13.0, 17, ABarapapppa, 6271, 0, 0, 0, , 0, 0, 0, 0, 0, 
28, 1, 28, 28, -1, 249, 230, 15.0, 15, ABarapappa, 16016, 0, 0, 0, , 0, 0, 0, 0, 0, 
29, 1, 29, 29, -1, 284, 232, 10.0, 15, ABarapaaap, 10844, 0, 0, 0, , 0, 0, 0, 0, 0, 
30, 1, 30, 30, -1, 296, 224, 12.0, 15, ABarapaaaa, 10974, 0, 0, 0, , 0, 0, 0, 0, 0, 
31, 1, 31, 31, -1, 288, 224, 16.0, 19, ABarapaapa, 12809, 0, 0, 0, , 0, 0, 0, 0, 0, 
32, 1, 32, 32, -1, 248, 224, 17.0, 15, ABarapaappp, 7969, 0, 0, 0, , 0, 0, 0, 0, 0, 
33, 1, 33, 33, -1, 267, 236, 18.0, 15, ABarapaappa, 5478, 0, 0, 0, , 0, 0, 0, 0, 0, 
34, 1, 34, 34, -1, 254, 205, 11.0, 17, ABarapppap, 8011, 0, 0, 0, , 0, 0, 0, 0, 0, 
35, 1, 35, 35, -1, 279, 192, 10.0, 19, ABarapppaa, 10595, 0, 0, 0, , 0, 0, 0, 0, 0, 
36, 1, 36, 36, 37, 266, 194, 13.0, 15, ABarappppa, 9475, 0, 0, 0, , 0, 0, 0, 0, 0, 
37, 1, 37, 38, -1, 240, 191, 11.0, 13, ABarapppppa, 4548, 0, 0, 0, , 0, 0, 0, 0, 0, 
38, 1, 38, 39, -1, 220, 194, 12.0, 17, ABarapppppp, 5153, 0, 0, 0, , 0, 0, 0, 0, 0, 
39, 1, 39, 40, -1, 269, 218, 10.0, 17, ABarappaaa, 15638, 0, 0, 0, , 0, 0, 0, 0, 0, 
40, 1, 40, 41, -1, 240, 225, 10.0, 15, ABarappaap, 11616, 0, 0, 0, , 0, 0, 0, 0, 0, 
41, 1, 41, 42, -1, 215, 218, 10.0, 15, ABarappapap, 6717, 0, 0, 0, , 0, 0, 0, 0, 0, 
42, 1, 41, 43, -1, 235, 209, 11.0, 11, ABarappapaa, 4462, 0, 0, 0, , 0, 0, 0, 0, 0, 
43, 1, 42, 44, -1, 191, 208, 10.0, 19, ABarappapp, 12406, 0, 0, 0, , 0, 0, 0, 0, 0, 
44, 1, 43, 45, -1, 222, 178, 31.0, 17, ABarpapppa, 6951, 0, 0, 0, , 0, 0, 0, 0, 0, 
45, 1, 44, 46, -1, 216, 191, 34.0, 17, ABarpapppp, 4611, 0, 0, 0, , 0, 0, 0, 0, 0, 
46, 1, 45, 47, -1, 246, 177, 33.0, 19, ABarpappap, 7535, 0, 0, 0, , 0, 0, 0, 0, 0, 
47, 1, 46, 48, -1, 294, 187, 35.0, 17, ABarpapaaa, 5895, 0, 0, 0, , 0, 0, 0, 0, 0, 
48, 1, 47, 49, -1, 294, 193, 32.0, 13, ABarpapaapa, 4802, 0, 0, 0, , 0, 0, 0, 0, 0, 
49, 1, 48, 50, -1, 275, 197, 34.0, 17, ABarpapaapp, 3460, 0, 0, 0, , 0, 0, 0, 0, 0, 
50, 1, 49, 51, -1, 236, 213, 35.0, 17, ABarpapapp, 9399, 0, 0, 0, , 0, 0, 0, 0, 0, 
51, 1, 50, 52, -1, 272, 218, 34.0, 17, ABarpapapa, 6330, 0, 0, 0, , 0, 0, 0, 0, 0, 
52, 1, 51, 53, -1, 214, 271, 34.0, 17, ABarpaappp, 7199, 0, 0, 0, , 0, 0, 0, 0, 0, 
53, 1, 52, 54, -1, 255, 218, 34.0, 15, ABarpaapaa, 4659, 0, 0, 0, , 0, 0, 0, 0, 0, 
54, 1, 53, 55, -1, 242, 253, 35.0, 19, ABarpaapap, 12734, 0, 0, 0, , 0, 0, 0, 0, 0, 
55, 1, 54, 56, -1, 327, 212, 32.0, 15, ABarpaaaaa, 6845, 0, 0, 0, , 0, 0, 0, 0, 0, 
56, 1, 55, 57, -1, 296, 233, 35.0, 17, ABarpaaaap, 6071, 0, 0, 0, , 0, 0, 0, 0, 0, 
57, 1, 56, 58, -1, 272, 236, 35.0, 11, ABarpaaapp, 4482, 0, 0, 0, , 0, 0, 0, 0, 0, 
58, 1, 57, 59, -1, 295, 211, 35.0, 17, ABarpaaapa, 7760, 0, 0, 0, , 0, 0, 0, 0, 0, 
59, 1, 58, 60, -1, 232, 319, 34.0, 17, ABarppaaap, 6286, 0, 0, 0, , 0, 0, 0, 0, 0, 
60, 1, 59, 61, -1, 238, 294, 35.0, 13, ABarppaaaa, 4070, 0, 0, 0, , 0, 0, 0, 0, 0, 
61, 1, 60, 62, -1, 180, 331, 34.0, 15, ABarppaapp, 5375, 0, 0, 0, , 0, 0, 0, 0, 0, 
62, 1, 61, 63, -1, 138, 350, 30.0, 15, ABarppappa, 6144, 0, 0, 0, , 0, 0, 0, 0, 0, 
63, 1, 62, 64, -1, 110, 358, 22.0, 17, ABarppappp, 6394, 0, 0, 0, , 0, 0, 0, 0, 0, 
64, 1, 63, 65, -1, 190, 348, 32.0, 17, ABarppapap, 7550, 0, 0, 0, , 0, 0, 0, 0, 0, 
65, 1, 64, 66, -1, 212, 335, 33.0, 17, ABarppapaa, 6847, 0, 0, 0, , 0, 0, 0, 0, 0, 
66, 1, 65, 67, -1, 71, 260, 20.0, 17, ABarpppppp, 5741, 0, 0, 0, , 0, 0, 0, 0, 0, 
67, 1, 66, 68, -1, 95, 246, 29.0, 17, ABarpppppa, 6047, 0, 0, 0, , 0, 0, 0, 0, 0, 
68, 1, 67, 69, -1, 161, 197, 30.0, 15, ABarppppaa, 4603, 0, 0, 0, , 0, 0, 0, 0, 0, 
69, 1, 68, 70, -1, 133, 213, 31.0, 17, ABarppppap, 6880, 0, 0, 0, , 0, 0, 0, 0, 0, 
70, 1, 69, 71, -1, 186, 197, 34.0, 19, ABarpppaap, 10077, 0, 0, 0, , 0, 0, 0, 0, 0, 
71, 1, 70, 72, -1, 204, 213, 34.0, 15, ABarpppaaa, 4989, 0, 0, 0, , 0, 0, 0, 0, 0, 
72, 1, 71, 73, -1, 316, 184, 27.0, 15, ABalappppaa, 3223, 0, 0, 0, , 0, 0, 0, 0, 0, 
73, 1, 72, 74, -1, 299, 183, 28.0, 11, ABalappppap, 1741, 0, 0, 0, , 0, 0, 0, 0, 0, 
74, 1, 73, 75, -1, 295, 173, 31.0, 13, ABalapppppa, 2859, 0, 0, 0, , 0, 0, 0, 0, 0, 
75, 1, 74, 76, -1, 271, 177, 33.0, 13, ABalapppppp, 2183, 0, 0, 0, , 0, 0, 0, 0, 0, 
76, 1, 75, 77, -1, 333, 189, 26.0, 15, ABalapppaa, 4322, 0, 0, 0, , 0, 0, 0, 0, 0, 
77, 1, 76, 78, -1, 321, 196, 31.0, 13, ABalapppapa, 2694, 0, 0, 0, , 0, 0, 0, 0, 0, 
78, 1, 77, 79, -1, 302, 204, 34.0, 13, ABalapppapp, 4404, 0, 0, 0, , 0, 0, 0, 0, 0, 
79, 1, 78, 80, -1, 318, 179, 23.0, 19, ABalappapa, 7255, 0, 0, 0, , 0, 0, 0, 0, 0, 
80, 1, 79, 81, -1, 342, 221, 27.0, 13, ABalappaap, 3845, 0, 0, 0, , 0, 0, 0, 0, 0, 
81, 1, 80, 82, -1, 308, 169, 26.0, 15, ABalappapp, 4567, 0, 0, 0, , 0, 0, 0, 0, 0, 
82, 1, 81, 83, 84, 312, 265, 34.0, 17, ABalapappp, 5449, 0, 0, 0, , 0, 0, 0, 0, 0, 
83, 1, 82, 85, -1, 335, 241, 27.0, 13, ABalapappaa, 3208, 0, 0, 0, , 0, 0, 0, 0, 0, 
84, 1, 83, 86, -1, 322, 255, 30.0, 15, ABalapappap, 4223, 0, 0, 0, , 0, 0, 0, 0, 0, 
85, 1, 84, 87, -1, 327, 228, 34.0, 17, ABalapapaa, 6241, 0, 0, 0, , 0, 0, 0, 0, 0, 
86, 1, 85, 88, -1, 312, 242, 32.0, 11, ABalapapapp, 2485, 0, 0, 0, , 0, 0, 0, 0, 0, 
87, 1, 86, 89, -1, 352, 240, 25.0, 15, ABalapaaaa, 7051, 0, 0, 0, , 0, 0, 0, 0, 0, 
88, 1, 87, 90, -1, 348, 253, 28.0, 13, ABalapaaapa, 3531, 0, 0, 0, , 0, 0, 0, 0, 0, 
89, 1, 88, 91, -1, 332, 270, 30.0, 15, ABalapaaapp, 2950, 0, 0, 0, , 0, 0, 0, 0, 0, 
90, 1, 89, 92, -1, 349, 258, 24.0, 15, ABalapaappa, 4144, 0, 0, 0, , 0, 0, 0, 0, 0, 
91, 1, 90, 93, -1, 334, 262, 21.0, 15, ABalapaapa, 7158, 0, 0, 0, , 0, 0, 0, 0, 0, 
92, 1, 91, 94, -1, 343, 277, 24.0, 15, ABalapaappp, 5403, 0, 0, 0, , 0, 0, 0, 0, 0, 
93, 1, 92, 95, -1, 309, 190, 13.0, 15, ABalaapaaa, 5826, 0, 0, 0, , 0, 0, 0, 0, 0, 
94, 1, 93, 96, -1, 253, 182, 10.0, 13, ABalaapapa, 5237, 0, 0, 0, , 0, 0, 0, 0, 0, 
95, 1, 94, 97, -1, 295, 184, 11.0, 17, ABalaapaap, 7508, 0, 0, 0, , 0, 0, 0, 0, 0, 
96, 1, 95, 98, -1, 284, 185, 15.0, 15, ABalaappap, 7557, 0, 0, 0, , 0, 0, 0, 0, 0, 
97, 1, 96, 99, -1, 286, 168, 14.0, 15, ABalaappaa, 5740, 0, 0, 0, , 0, 0, 0, 0, 0, 
98, 1, 97, 100, -1, 292, 167, 24.0, 15, ABalaappppp, 3853, 0, 0, 0, , 0, 0, 0, 0, 0, 
99, 1, 98, 101, -1, 307, 174, 20.0, 13, ABalaappppa, 3890, 0, 0, 0, , 0, 0, 0, 0, 0, 
100, 1, 99, 102, -1, 292, 184, 20.0, 17, ABalaapppa, 6675, 0, 0, 0, , 0, 0, 0, 0, 0, 
101, 1, 100, 103, -1, 344, 264, 13.0, 17, ABalaaaalp, 8852, 0, 0, 0, , 0, 0, 0, 0, 0, 
102, 1, 101, 104, -1, 326, 192, 16.0, 15, ABalaaaarr, 7252, 0, 0, 0, , 0, 0, 0, 0, 0, 
103, 1, 102, 105, -1, 347, 219, 18.0, 17, ABalaaaarl, 7525, 0, 0, 0, , 0, 0, 0, 0, 0, 
104, 1, 103, 106, -1, 330, 187, 21.0, 15, ABalaaappl, 13053, 0, 0, 0, , 0, 0, 0, 0, 0, 
105, 1, 104, 107, -1, 306, 181, 17.0, 19, ABalaaappr, 7571, 0, 0, 0, , 0, 0, 0, 0, 0, 
106, 1, 105, 108, -1, 348, 217, 22.0, 17, ABalaaapar, 8115, 0, 0, 0, , 0, 0, 0, 0, 0, 
107, 1, 106, 109, -1, 348, 248, 20.0, 16, ABalaaapal, 7753, 0, 0, 0, , 0, 0, 0, 0, 0, 
108, 1, 107, 110, -1, 156, 329, 11.0, 13, ABplppppapa, 4428, 0, 0, 0, , 0, 0, 0, 0, 0, 
109, 1, 108, 111, -1, 150, 312, 10.0, 13, ABplppppapp, 5363, 0, 0, 0, , 0, 0, 0, 0, 0, 
110, 1, 109, 112, -1, 182, 306, 9.0, 15, ABplppppaaa, 5549, 0, 0, 0, , 0, 0, 0, 0, 0, 
111, 1, 110, 113, -1, 170, 316, 10.0, 13, ABplppppaap, 4534, 0, 0, 0, , 0, 0, 0, 0, 0, 
112, 1, 111, 114, -1, 104, 316, 11.0, 17, ABplpppppp, 7054, 0, 0, 0, , 0, 0, 0, 0, 0, 
113, 1, 112, 115, -1, 152, 309, 13.0, 15, ABplpppppa, 8296, 0, 0, 0, , 0, 0, 0, 0, 0, 
114, 1, 113, 116, -1, 129, 315, 12.0, 13, ABplpppapp, 6563, 0, 0, 0, , 0, 0, 0, 0, 0, 
115, 1, 114, 117, -1, 139, 331, 10.0, 13, ABplpppapaa, 4155, 0, 0, 0, , 0, 0, 0, 0, 0, 
116, 1, 115, 118, -1, 134, 347, 13.0, 15, ABplpppaapp, 4701, 0, 0, 0, , 0, 0, 0, 0, 0, 
117, 1, 116, 119, -1, 158, 344, 12.0, 13, ABplpppaapa, 4814, 0, 0, 0, , 0, 0, 0, 0, 0, 
118, 1, 117, 120, -1, 188, 326, 11.0, 13, ABplpppaaaa, 3953, 0, 0, 0, , 0, 0, 0, 0, 0, 
119, 1, 118, 121, -1, 169, 341, 12.0, 13, ABplpppaaap, 4784, 0, 0, 0, , 0, 0, 0, 0, 0, 
120, 1, 119, 122, -1, 187, 341, 14.0, 15, ABplppappp, 6501, 0, 0, 0, , 0, 0, 0, 0, 0, 
121, 1, 120, 123, -1, 212, 335, 13.0, 19, ABplppappa, 8722, 0, 0, 0, , 0, 0, 0, 0, 0, 
122, 1, 121, 124, -1, 215, 343, 17.0, 13, ABplppapaap, 3997, 0, 0, 0, , 0, 0, 0, 0, 0, 
123, 1, 122, 125, -1, 200, 347, 18.0, 17, ABplppapap, 16749, 0, 0, 0, , 0, 0, 0, 0, 0, 
124, 1, 123, 126, -1, 202, 320, 11.0, 15, ABplppaapp, 8317, 0, 0, 0, , 0, 0, 0, 0, 0, 
125, 1, 124, 127, -1, 263, 318, 18.0, 13, ABplppaaaaa, 4690, 0, 0, 0, , 0, 0, 0, 0, 0, 
126, 1, 125, 128, -1, 248, 320, 19.0, 13, ABplppaaap, 5086, 0, 0, 0, , 0, 0, 0, 0, 0, 
127, 1, 126, 129, -1, 244, 271, 9.0, 15, ABplpappaaa, 6557, 0, 0, 0, , 0, 0, 0, 0, 0, 
128, 1, 127, 130, -1, 223, 287, 11.0, 15, ABplpappaap, 6016, 0, 0, 0, , 0, 0, 0, 0, 0, 
129, 1, 128, 131, -1, 217, 265, 11.0, 15, ABplpappap, 6213, 0, 0, 0, , 0, 0, 0, 0, 0, 
130, 1, 129, 132, -1, 161, 297, 11.0, 17, ABplpapppp, 8450, 0, 0, 0, , 0, 0, 0, 0, 0, 
131, 1, 130, 133, 134, 178, 281, 10.0, 15, ABplpapppa, 6112, 0, 0, 0, , 0, 0, 0, 0, 0, 
132, 1, 131, 135, -1, 202, 297, 10.0, 15, ABplpapapp, 7874, 0, 0, 0, , 0, 0, 0, 0, 0, 
133, 1, 132, 136, -1, 219, 308, 11.0, 13, ABplpapapap, 4424, 0, 0, 0, , 0, 0, 0, 0, 0, 
134, 1, 132, 137, -1, 238, 304, 11.0, 13, ABplpapapaa, 4178, 0, 0, 0, , 0, 0, 0, 0, 0, 
135, 1, 133, 138, -1, 252, 310, 14.0, 19, ABplpapaap, 7300, 0, 0, 0, , 0, 0, 0, 0, 0, 
136, 1, 134, 139, -1, 264, 294, 13.0, 17, ABplpapaaa, 8978, 0, 0, 0, , 0, 0, 0, 0, 0, 
137, 1, 135, 140, -1, 255, 333, 15.0, 13, ABplpaaaapp, 5964, 0, 0, 0, , 0, 0, 0, 0, 0, 
138, 1, 136, 141, -1, 266, 319, 12.0, 15, ABplpaaaapa, 5657, 0, 0, 0, , 0, 0, 0, 0, 0, 
139, 1, 137, 142, 143, 301, 286, 16.0, 15, ABplpaaaaa, 9299, 0, 0, 0, , 0, 0, 0, 0, 0, 
140, 1, 138, 144, -1, 301, 305, 18.0, 19, ABplpaaapa, 9587, 0, 0, 0, , 0, 0, 0, 0, 0, 
141, 1, 139, 145, -1, 292, 311, 15.0, 13, ABplpaaappa, 4914, 0, 0, 0, , 0, 0, 0, 0, 0, 
142, 1, 140, 146, -1, 273, 320, 16.0, 15, ABplpaaappp, 7863, 0, 0, 0, , 0, 0, 0, 0, 0, 
143, 1, 141, 147, 148, 278, 300, 25.0, 17, ABplpaappa, 8603, 0, 0, 0, , 0, 0, 0, 0, 0, 
144, 1, 142, 149, -1, 288, 319, 20.0, 13, ABplpaapppa, 5658, 0, 0, 0, , 0, 0, 0, 0, 0, 
145, 1, 142, 150, -1, 273, 326, 20.0, 15, ABplpaapppp, 5544, 0, 0, 0, , 0, 0, 0, 0, 0, 
146, 1, 143, 151, -1, 300, 285, 20.0, 19, ABplpaapaa, 12018, 0, 0, 0, , 0, 0, 0, 0, 0, 
147, 1, 144, 152, -1, 294, 312, 23.0, 17, ABplpaapap, 7073, 0, 0, 0, , 0, 0, 0, 0, 0, 
148, 1, 145, 153, -1, 269, 332, 25.0, 17, ABplaappap, 8527, 0, 0, 0, , 0, 0, 0, 0, 0, 
149, 1, 146, 154, -1, 283, 324, 25.0, 13, ABplaappaa, 6015, 0, 0, 0, , 0, 0, 0, 0, 0, 
150, 1, 147, 155, -1, 258, 332, 27.0, 17, ABplaapppa, 6319, 0, 0, 0, , 0, 0, 0, 0, 0, 
151, 1, 148, 156, -1, 230, 348, 24.0, 17, ABplaapppp, 9169, 0, 0, 0, , 0, 0, 0, 0, 0, 
152, 1, 149, 157, -1, 333, 257, 34.0, 19, ABplaapaaa, 8913, 0, 0, 0, , 0, 0, 0, 0, 0, 
153, 1, 150, 158, -1, 339, 270, 32.0, 15, ABplaapaapa, 5661, 0, 0, 0, , 0, 0, 0, 0, 0, 
154, 1, 151, 159, -1, 315, 286, 32.0, 15, ABplaapaapp, 4951, 0, 0, 0, , 0, 0, 0, 0, 0, 
155, 1, 152, 160, -1, 298, 301, 30.0, 19, ABplaapappp, 6784, 0, 0, 0, , 0, 0, 0, 0, 0, 
156, 1, 153, 161, -1, 302, 278, 30.0, 15, ABplaapappa, 7602, 0, 0, 0, , 0, 0, 0, 0, 0, 
157, 1, 154, 162, -1, 306, 276, 27.0, 19, ABplaapapa, 10198, 0, 0, 0, , 0, 0, 0, 0, 0, 
158, 1, 155, 163, -1, 296, 253, 32.0, 17, ABplaaaaap, 13560, 0, 0, 0, , 0, 0, 0, 0, 0, 
159, 1, 156, 164, -1, 309, 247, 36.0, 17, ABplaaaaaa, 5868, 0, 0, 0, , 0, 0, 0, 0, 0, 
160, 1, 157, 165, -1, 261, 266, 34.0, 15, ABplaaaapp, 6019, 0, 0, 0, , 0, 0, 0, 0, 0, 
161, 1, 158, 166, -1, 277, 254, 34.0, 15, ABplaaaapa, 6617, 0, 0, 0, , 0, 0, 0, 0, 0, 
162, 1, 159, 167, -1, 258, 291, 34.0, 17, ABplaaappp, 6583, 0, 0, 0, , 0, 0, 0, 0, 0, 
163, 1, 160, 168, -1, 275, 299, 33.0, 15, ABplaaappa, 5964, 0, 0, 0, , 0, 0, 0, 0, 0, 
164, 1, 161, 169, -1, 292, 295, 33.0, 17, ABplaaapap, 6362, 0, 0, 0, , 0, 0, 0, 0, 0, 
165, 1, 162, 170, -1, 300, 279, 35.0, 15, ABplaaapaa, 5560, 0, 0, 0, , 0, 0, 0, 0, 0, 
166, 1, 163, 171, -1, 126, 357, 15.0, 17, ABplappppa, 6556, 0, 0, 0, , 0, 0, 0, 0, 0, 
167, 1, 164, 172, -1, 106, 337, 13.0, 15, ABplappppp, 6452, 0, 0, 0, , 0, 0, 0, 0, 0, 
168, 1, 165, 173, -1, 124, 342, 17.0, 15, ABplapppaa, 5587, 0, 0, 0, , 0, 0, 0, 0, 0, 
169, 1, 166, 174, -1, 124, 334, 13.0, 13, ABplapppap, 4280, 0, 0, 0, , 0, 0, 0, 0, 0, 
170, 1, 167, 175, -1, 194, 356, 25.0, 15, ABplappaaa, 7025, 0, 0, 0, , 0, 0, 0, 0, 0, 
171, 1, 168, 176, -1, 176, 362, 25.0, 15, ABplappaap, 7645, 0, 0, 0, , 0, 0, 0, 0, 0, 
172, 1, 169, 177, -1, 163, 363, 22.0, 15, ABplappapp, 7535, 0, 0, 0, , 0, 0, 0, 0, 0, 
173, 1, 170, 178, -1, 162, 348, 31.0, 15, ABplappapa, 7948, 0, 0, 0, , 0, 0, 0, 0, 0, 
174, 1, 171, 179, -1, 208, 353, 28.0, 15, ABplapaapp, 7271, 0, 0, 0, , 0, 0, 0, 0, 0, 
175, 1, 172, 180, -1, 241, 337, 29.0, 15, ABplapaapa, 6781, 0, 0, 0, , 0, 0, 0, 0, 0, 
176, 1, 173, 181, -1, 246, 305, 32.0, 19, ABplapaaaa, 8648, 0, 0, 0, , 0, 0, 0, 0, 0, 
177, 1, 174, 182, -1, 246, 318, 30.0, 17, ABplapaaap, 9504, 0, 0, 0, , 0, 0, 0, 0, 0, 
178, 1, 175, 183, -1, 103, 343, 18.0, 19, ABplapappp, 9068, 0, 0, 0, , 0, 0, 0, 0, 0, 
179, 1, 176, 184, -1, 140, 369, 23.0, 15, ABplapapap, 6777, 0, 0, 0, , 0, 0, 0, 0, 0, 
180, 1, 177, 185, -1, 130, 363, 18.0, 17, ABplapappa, 6880, 0, 0, 0, , 0, 0, 0, 0, 0, 
181, 1, 178, 186, -1, 129, 357, 27.0, 19, ABplapapaa, 8173, 0, 0, 0, , 0, 0, 0, 0, 0, 
182, 1, 179, 187, -1, 215, 219, 13.0, 15, ABprpapaaa, 4647, 0, 0, 0, , 0, 0, 0, 0, 0, 
183, 1, 180, 188, -1, 204, 204, 13.0, 15, ABprpapaap, 6296, 0, 0, 0, , 0, 0, 0, 0, 0, 
184, 1, 181, 189, -1, 179, 235, 11.0, 13, ABprpapappa, 3984, 0, 0, 0, , 0, 0, 0, 0, 0, 
185, 1, 182, 190, -1, 175, 259, 9.0, 13, ABprpapappp, 4815, 0, 0, 0, , 0, 0, 0, 0, 0, 
186, 1, 183, 191, 192, 195, 230, 12.0, 17, ABprpapapa, 5782, 0, 0, 0, , 0, 0, 0, 0, 0, 
187, 1, 184, 193, -1, 139, 294, 11.0, 13, ABprpappppp, 3093, 0, 0, 0, , 0, 0, 0, 0, 0, 
188, 1, 185, 194, -1, 155, 284, 15.0, 13, ABprpappppa, 5053, 0, 0, 0, , 0, 0, 0, 0, 0, 
189, 1, 186, 195, -1, 205, 253, 12.0, 13, ABprpapppaa, 13171, 0, 0, 0, , 0, 0, 0, 0, 0, 
190, 1, 187, 196, -1, 188, 266, 12.0, 13, ABprpapppap, 4852, 0, 0, 0, , 0, 0, 0, 0, 0, 
191, 1, 188, 197, -1, 202, 250, 10.0, 15, ABprpappapa, 3940, 0, 0, 0, , 0, 0, 0, 0, 0, 
192, 1, 189, 198, -1, 199, 275, 10.0, 15, ABprpappapp, 5379, 0, 0, 0, , 0, 0, 0, 0, 0, 
193, 1, 190, 199, -1, 215, 236, 10.0, 13, ABprpappaap, 5604, 0, 0, 0, , 0, 0, 0, 0, 0, 
194, 1, 191, 200, -1, 234, 247, 9.0, 15, ABprpappaaa, 4154, 0, 0, 0, , 0, 0, 0, 0, 0, 
195, 1, 192, 201, -1, 232, 184, 15.0, 13, ABprpaaaaap, 4473, 0, 0, 0, , 0, 0, 0, 0, 0, 
196, 1, 193, 472, -1, 257, 185, 15.0, 13, ABprpaaaaaa, 6404, 0, 0, 0, , 0, 0, 0, 0, 0, 
197, 1, 194, 203, -1, 189, 189, 11.0, 15, ABprpaaaapp, 5322, 0, 0, 0, , 0, 0, 0, 0, 0, 
198, 1, 195, 204, -1, 218, 181, 10.0, 15, ABprpaaaapa, 5616, 0, 0, 0, , 0, 0, 0, 0, 0, 
199, 1, 196, 205, -1, 225, 169, 14.0, 13, ABprpaaappa, 5542, 0, 0, 0, , 0, 0, 0, 0, 0, 
200, 1, 197, 206, -1, 213, 186, 14.0, 15, ABprpaaappp, 4479, 0, 0, 0, , 0, 0, 0, 0, 0, 
201, 1, 198, 207, -1, 241, 171, 13.0, 15, ABprpaaapa, 9597, 0, 0, 0, , 0, 0, 0, 0, 0, 
202, 1, 199, 202, 208, 247, 174, 18.0, 15, ABprpaapaa, 8370, 0, 0, 0, , 0, 0, 0, 0, 0, 
203, 1, 200, 209, -1, 236, 164, 22.0, 15, ABprpaapapa, 4864, 0, 0, 0, , 0, 0, 0, 0, 0, 
204, 1, 200, 210, -1, 224, 167, 19.0, 15, ABprpaapapp, 12315, 0, 0, 0, , 0, 0, 0, 0, 0, 
205, 1, 201, 211, -1, 217, 170, 17.0, 15, ABprpaapppa, 10640, 0, 0, 0, , 0, 0, 0, 0, 0, 
206, 1, 202, 212, -1, 198, 174, 18.0, 13, ABprpaapppp, 4667, 0, 0, 0, , 0, 0, 0, 0, 0, 
207, 1, 203, 213, -1, 209, 181, 25.0, 13, ABprpaappap, 4006, 0, 0, 0, , 0, 0, 0, 0, 0, 
208, 1, 204, 214, -1, 231, 183, 22.0, 15, ABprpaappaa, 5233, 0, 0, 0, , 0, 0, 0, 0, 0, 
209, 1, 205, 215, -1, 111, 251, 10.0, 19, ABprpppaap, 9701, 0, 0, 0, , 0, 0, 0, 0, 0, 
210, 1, 206, 216, 217, 134, 242, 11.0, 17, ABprpppaaa, 9011, 0, 0, 0, , 0, 0, 0, 0, 0, 
211, 1, 207, 218, -1, 120, 266, 9.0, 13, ABprpppapaa, 4855, 0, 0, 0, , 0, 0, 0, 0, 0, 
212, 1, 208, 219, -1, 117, 285, 11.0, 13, ABprpppapap, 3173, 0, 0, 0, , 0, 0, 0, 0, 0, 
213, 1, 209, 220, -1, 120, 299, 10.0, 13, ABprpppapp, 5145, 0, 0, 0, , 0, 0, 0, 0, 0, 
214, 1, 210, 221, -1, 142, 259, 10.0, 15, ABprppppapa, 4098, 0, 0, 0, , 0, 0, 0, 0, 0, 
215, 1, 211, 222, -1, 136, 281, 9.0, 15, ABprppppapp, 4831, 0, 0, 0, , 0, 0, 0, 0, 0, 
216, 1, 212, 223, -1, 160, 269, 9.0, 15, ABprppppaaa, 4285, 0, 0, 0, , 0, 0, 0, 0, 0, 
217, 1, 213, 224, -1, 148, 274, 12.0, 13, ABprppppaap, 3799, 0, 0, 0, , 0, 0, 0, 0, 0, 
218, 1, 214, 225, -1, 89, 303, 11.0, 15, ABprppppppp, 6034, 0, 0, 0, , 0, 0, 0, 0, 0, 
219, 1, 215, 226, -1, 106, 289, 10.0, 13, ABprppppppa, 4537, 0, 0, 0, , 0, 0, 0, 0, 0, 
220, 1, 216, 227, -1, 130, 277, 15.0, 15, ABprpppppa, 7787, 0, 0, 0, , 0, 0, 0, 0, 0, 
221, 1, 217, 228, -1, 178, 215, 13.0, 17, ABprppaapa, 7441, 0, 0, 0, , 0, 0, 0, 0, 0, 
222, 1, 218, 229, -1, 160, 244, 10.0, 17, ABprppaapp, 8883, 0, 0, 0, , 0, 0, 0, 0, 0, 
223, 1, 219, 230, -1, 195, 192, 16.0, 17, ABprppaaaa, 8770, 0, 0, 0, , 0, 0, 0, 0, 0, 
224, 1, 220, 231, -1, 179, 180, 19.0, 13, ABprppaaap, 6398, 0, 0, 0, , 0, 0, 0, 0, 0, 
225, 1, 221, 232, 233, 158, 202, 14.0, 17, ABprppapaa, 9005, 0, 0, 0, , 0, 0, 0, 0, 0, 
226, 1, 222, 234, -1, 134, 216, 14.0, 19, ABprppapap, 7007, 0, 0, 0, , 0, 0, 0, 0, 0, 
227, 1, 223, 235, -1, 118, 231, 13.0, 17, ABprppappp, 6985, 0, 0, 0, , 0, 0, 0, 0, 0, 
228, 1, 224, 236, -1, 152, 222, 12.0, 17, ABprppappa, 8290, 0, 0, 0, , 0, 0, 0, 0, 0, 
229, 1, 225, 237, -1, 318, 178, 33.0, 17, ABpraapaaa, 9159, 0, 0, 0, , 0, 0, 0, 0, 0, 
230, 1, 226, 238, -1, 292, 171, 28.0, 15, ABpraapaapa, 5205, 0, 0, 0, , 0, 0, 0, 0, 0, 
231, 1, 227, 239, -1, 260, 184, 26.0, 17, ABpraapapa, 10104, 0, 0, 0, , 0, 0, 0, 0, 0, 
232, 1, 228, 240, -1, 240, 172, 29.0, 15, ABpraapappp, 5965, 0, 0, 0, , 0, 0, 0, 0, 0, 
233, 1, 229, 241, -1, 256, 181, 29.0, 13, ABpraapappa, 4769, 0, 0, 0, , 0, 0, 0, 0, 0, 
234, 1, 230, 242, -1, 157, 191, 21.0, 15, ABpraapppp, 7522, 0, 0, 0, , 0, 0, 0, 0, 0, 
235, 1, 231, 243, -1, 185, 178, 23.0, 17, ABpraapppa, 7020, 0, 0, 0, , 0, 0, 0, 0, 0, 
236, 1, 232, 244, -1, 202, 168, 23.0, 17, ABpraappap, 7238, 0, 0, 0, , 0, 0, 0, 0, 0, 
237, 1, 233, 245, -1, 217, 168, 22.0, 15, ABpraappaa, 4765, 0, 0, 0, , 0, 0, 0, 0, 0, 
238, 1, 234, 246, -1, 276, 171, 26.0, 15, ABpraaapap, 7669, 0, 0, 0, , 0, 0, 0, 0, 0, 
239, 1, 235, 247, -1, 275, 178, 20.0, 13, ABpraaapaa, 6080, 0, 0, 0, , 0, 0, 0, 0, 0, 
240, 1, 236, 248, -1, 255, 182, 22.0, 19, ABpraaappa, 22849, 0, 0, 0, , 0, 0, 0, 0, 0, 
241, 1, 237, 249, -1, 239, 193, 25.0, 15, ABpraaapppa, 5029, 0, 0, 0, , 0, 0, 0, 0, 0, 
242, 1, 238, 250, -1, 224, 181, 27.0, 13, ABpraaapppp, 2657, 0, 0, 0, , 0, 0, 0, 0, 0, 
243, 1, 239, 251, -1, 279, 160, 21.0, 17, ABpraaaaap, 7245, 0, 0, 0, , 0, 0, 0, 0, 0, 
244, 1, 240, 252, -1, 270, 167, 15.0, 15, ABpraaaaaa, 7046, 0, 0, 0, , 0, 0, 0, 0, 0, 
245, 1, 241, 253, -1, 264, 164, 19.0, 15, ABpraaaapa, 6675, 0, 0, 0, , 0, 0, 0, 0, 0, 
246, 1, 242, 254, -1, 259, 159, 23.0, 17, ABpraaaapp, 8180, 0, 0, 0, , 0, 0, 0, 0, 0, 
247, 1, 243, 255, -1, 107, 223, 19.0, 15, ABprappapp, 8743, 0, 0, 0, , 0, 0, 0, 0, 0, 
248, 1, 244, 256, -1, 110, 224, 28.0, 15, ABprappapa, 7194, 0, 0, 0, , 0, 0, 0, 0, 0, 
249, 1, 245, 257, -1, 116, 212, 22.0, 15, ABprappaap, 7719, 0, 0, 0, , 0, 0, 0, 0, 0, 
250, 1, 246, 258, -1, 138, 206, 19.0, 17, ABprappaaa, 8279, 0, 0, 0, , 0, 0, 0, 0, 0, 
251, 1, 247, 259, -1, 89, 263, 15.0, 17, ABprapppaa, 6295, 0, 0, 0, , 0, 0, 0, 0, 0, 
252, 1, 248, 260, -1, 99, 269, 12.0, 15, ABprapppap, 7185, 0, 0, 0, , 0, 0, 0, 0, 0, 
253, 1, 249, 261, -1, 79, 277, 12.0, 17, ABprappppp, 8050, 0, 0, 0, , 0, 0, 0, 0, 0, 
254, 1, 250, 262, -1, 86, 252, 13.0, 17, ABprappppa, 7942, 0, 0, 0, , 0, 0, 0, 0, 0, 
255, 1, 251, 263, -1, 189, 191, 28.0, 17, ABprapaaap, 7790, 0, 0, 0, , 0, 0, 0, 0, 0, 
256, 1, 252, 264, -1, 206, 201, 31.0, 15, ABprapaaaa, 6596, 0, 0, 0, , 0, 0, 0, 0, 0, 
257, 1, 253, 265, -1, 140, 199, 24.0, 15, ABprapaapp, 7298, 0, 0, 0, , 0, 0, 0, 0, 0, 
258, 1, 254, 266, -1, 171, 183, 25.0, 15, ABprapaapa, 7033, 0, 0, 0, , 0, 0, 0, 0, 0, 
259, 1, 255, 267, -1, 89, 243, 16.0, 17, ABprapappa, 8611, 0, 0, 0, , 0, 0, 0, 0, 0, 
260, 1, 256, 268, -1, 74, 277, 17.0, 15, ABprapappp, 6709, 0, 0, 0, , 0, 0, 0, 0, 0, 
261, 1, 257, 269, -1, 90, 239, 20.0, 17, ABprapapap, 8760, 0, 0, 0, , 0, 0, 0, 0, 0, 
262, 1, 258, 270, -1, 83, 253, 25.0, 17, ABprapapaa, 9234, 0, 0, 0, , 0, 0, 0, 0, 0, 
263, 1, 259, 271, -1, 222, 201, 26.0, 15, MSppppap, 4219, 0, 0, 0, , 0, 0, 0, 0, 0, 
264, 1, 260, 272, -1, 223, 199, 20.0, 17, MSppppaa, 6460, 0, 0, 0, , 0, 0, 0, 0, 0, 
265, 1, 261, 273, -1, 234, 212, 30.0, 15, MSpppppa, 5226, 0, 0, 0, , 0, 0, 0, 0, 0, 
266, 1, 262, 274, -1, 193, 222, 30.0, 15, MSpppppp, 3907, 0, 0, 0, , 0, 0, 0, 0, 0, 
267, 1, 263, 275, -1, 211, 224, 17.0, 15, MSpppaaa, 3678, 0, 0, 0, , 0, 0, 0, 0, 0, 
268, 1, 264, 276, -1, 191, 232, 18.0, 15, MSpppaap, 6757, 0, 0, 0, , 0, 0, 0, 0, 0, 
269, 1, 265, 277, -1, 188, 215, 17.0, 13, MSpppapp, 3562, 0, 0, 0, , 0, 0, 0, 0, 0, 
270, 1, 266, 278, -1, 209, 209, 18.0, 13, MSpppapa, 3855, 0, 0, 0, , 0, 0, 0, 0, 0, 
271, 1, 267, 279, -1, 224, 208, 16.0, 15, MSppaapp, 5230, 0, 0, 0, , 0, 0, 0, 0, 0, 
272, 1, 268, 280, -1, 246, 207, 15.0, 11, MSppaapa, 4181, 0, 0, 0, , 0, 0, 0, 0, 0, 
273, 1, 269, 281, -1, 281, 204, 15.0, 13, MSppaaaa, 3384, 0, 0, 0, , 0, 0, 0, 0, 0, 
274, 1, 270, 282, -1, 274, 195, 20.0, 17, MSppaaap, 5606, 0, 0, 0, , 0, 0, 0, 0, 0, 
275, 1, 271, 283, -1, 280, 188, 28.0, 15, MSppappa, 5228, 0, 0, 0, , 0, 0, 0, 0, 0, 
276, 1, 272, 284, -1, 253, 197, 19.0, 13, MSppapaa, 4960, 0, 0, 0, , 0, 0, 0, 0, 0, 
277, 1, 273, 285, -1, 237, 196, 18.0, 13, MSppapap, 3943, 0, 0, 0, , 0, 0, 0, 0, 0, 
278, 1, 274, 286, -1, 195, 266, 15.0, 15, MSpapappp, 4052, 0, 0, 0, , 0, 0, 0, 0, 0, 
279, 1, 275, 287, -1, 214, 257, 15.0, 13, MSpapappa, 2818, 0, 0, 0, , 0, 0, 0, 0, 0, 
280, 1, 276, 288, -1, 205, 250, 19.0, 17, MSpapapa, 7246, 0, 0, 0, , 0, 0, 0, 0, 0, 
281, 1, 277, 289, -1, 247, 248, 17.0, 13, MSpapaaaa, 3782, 0, 0, 0, , 0, 0, 0, 0, 0, 
282, 1, 278, 290, -1, 233, 252, 18.0, 15, MSpapaaap, 5484, 0, 0, 0, , 0, 0, 0, 0, 0, 
283, 1, 279, 291, -1, 220, 233, 19.0, 15, MSpapaapa, 3895, 0, 0, 0, , 0, 0, 0, 0, 0, 
284, 1, 280, 292, -1, 216, 249, 22.0, 17, MSpapaapp, 4925, 0, 0, 0, , 0, 0, 0, 0, 0, 
285, 1, 281, 293, -1, 179, 302, 13.0, 15, MSpappaa, 5738, 0, 0, 0, , 0, 0, 0, 0, 0, 
286, 1, 282, 294, -1, 171, 276, 13.0, 17, MSpappap, 4335, 0, 0, 0, , 0, 0, 0, 0, 0, 
287, 1, 283, 295, -1, 161, 247, 13.0, 15, MSpapppp, 6024, 0, 0, 0, , 0, 0, 0, 0, 0, 
288, 1, 284, 296, -1, 167, 228, 16.0, 19, MSpapppa, 6078, 0, 0, 0, , 0, 0, 0, 0, 0, 
289, 1, 285, 297, -1, 259, 222, 28.0, 15, MSpaaappa, 5569, 0, 0, 0, , 0, 0, 0, 0, 0, 
290, 1, 286, 298, -1, 238, 237, 27.0, 15, MSpaaappp, 5363, 0, 0, 0, , 0, 0, 0, 0, 0, 
291, 1, 287, 299, -1, 250, 238, 30.0, 15, MSpaaapa, 6866, 0, 0, 0, , 0, 0, 0, 0, 0, 
292, 1, 288, 300, -1, 284, 214, 27.0, 15, MSpaaaapa, 4959, 0, 0, 0, , 0, 0, 0, 0, 0, 
293, 1, 289, 301, -1, 269, 209, 30.0, 15, MSpaaaapp, 5731, 0, 0, 0, , 0, 0, 0, 0, 0, 
294, 1, 290, 302, -1, 299, 203, 29.0, 15, MSpaaaaa, 8587, 0, 0, 0, , 0, 0, 0, 0, 0, 
295, 1, 291, 303, -1, 237, 236, 23.0, 15, MSpaapapp, 4379, 0, 0, 0, , 0, 0, 0, 0, 0, 
296, 1, 292, 304, -1, 255, 218, 23.0, 15, MSpaapapa, 2928, 0, 0, 0, , 0, 0, 0, 0, 0, 
297, 1, 293, 305, -1, 262, 206, 25.0, 15, MSpaapaa, 6420, 0, 0, 0, , 0, 0, 0, 0, 0, 
298, 1, 294, 306, -1, 188, 251, 24.0, 23, Earap, 4744, 0, 0, 0, , 0, 0, 0, 0, 0, 
299, 1, 295, 307, -1, 264, 304, 22.0, 15, MSapppaa, 3860, 0, 0, 0, , 0, 0, 0, 0, 0, 
300, 1, 296, 308, -1, 255, 291, 27.0, 15, MSapppap, 3871, 0, 0, 0, , 0, 0, 0, 0, 0, 
301, 1, 297, 309, -1, 250, 280, 30.0, 13, MSappppa, 3391, 0, 0, 0, , 0, 0, 0, 0, 0, 
302, 1, 298, 310, -1, 214, 306, 30.0, 17, MSappppp, 4230, 0, 0, 0, , 0, 0, 0, 0, 0, 
303, 1, 299, 311, -1, 215, 314, 21.0, 15, MSappaap, 5345, 0, 0, 0, , 0, 0, 0, 0, 0, 
304, 1, 300, 312, -1, 232, 295, 20.0, 13, MSappaaa, 3450, 0, 0, 0, , 0, 0, 0, 0, 0, 
305, 1, 301, 313, -1, 238, 305, 18.0, 13, MSappapp, 1604, 0, 0, 0, , 0, 0, 0, 0, 0, 
306, 1, 302, 314, -1, 245, 301, 20.0, 13, MSappapa, 3927, 0, 0, 0, , 0, 0, 0, 0, 0, 
307, 1, 303, 315, -1, 302, 259, 27.0, 13, MSapappa, 6113, 0, 0, 0, , 0, 0, 0, 0, 0, 
308, 1, 304, 316, -1, 273, 272, 30.0, 17, MSapappp, 11301, 0, 0, 0, , 0, 0, 0, 0, 0, 
309, 1, 305, 317, -1, 280, 291, 18.0, 15, MSapapap, 5459, 0, 0, 0, , 0, 0, 0, 0, 0, 
310, 1, 306, 318, -1, 280, 275, 23.0, 15, MSapapaa, 6663, 0, 0, 0, , 0, 0, 0, 0, 0, 
311, 1, 307, 319, -1, 261, 294, 18.0, 15, MSapaapp, 6343, 0, 0, 0, , 0, 0, 0, 0, 0, 
312, 1, 308, 320, -1, 293, 268, 17.0, 13, MSapaapa, 3933, 0, 0, 0, , 0, 0, 0, 0, 0, 
313, 1, 309, 321, -1, 325, 254, 17.0, 15, MSapaaaa, 4344, 0, 0, 0, , 0, 0, 0, 0, 0, 
314, 1, 310, 322, -1, 322, 256, 24.0, 15, MSapaaap, 6919, 0, 0, 0, , 0, 0, 0, 0, 0, 
315, 1, 311, 323, -1, 317, 212, 28.0, 16, MSaaaaapa, 1492, 0, 0, 0, , 0, 0, 0, 0, 0, 
316, 1, 312, 324, -1, 304, 226, 31.0, 15, MSaaaaapp, 4085, 0, 0, 0, , 0, 0, 0, 0, 0, 
317, 1, 313, 325, -1, 331, 207, 24.0, 15, MSaaaaaa, 6615, 0, 0, 0, , 0, 0, 0, 0, 0, 
318, 1, 314, 326, -1, 290, 219, 31.0, 13, MSaaaapaa, 4029, 0, 0, 0, , 0, 0, 0, 0, 0, 
319, 1, 315, 327, -1, 269, 234, 30.0, 13, MSaaaapap, 3541, 0, 0, 0, , 0, 0, 0, 0, 0, 
320, 1, 316, 328, -1, 264, 254, 28.0, 15, MSaaaapp, 7010, 0, 0, 0, , 0, 0, 0, 0, 0, 
321, 1, 317, 329, -1, 252, 247, 25.0, 13, MSaaapapp, 3497, 0, 0, 0, , 0, 0, 0, 0, 0, 
322, 1, 318, 330, -1, 289, 248, 29.0, 15, MSaaapaap, 3897, 0, 0, 0, , 0, 0, 0, 0, 0, 
323, 1, 319, 331, -1, 305, 240, 28.0, 13, MSaaapaaa, 2363, 0, 0, 0, , 0, 0, 0, 0, 0, 
324, 1, 320, 332, -1, 254, 267, 26.0, 13, MSaaappa, 5046, 0, 0, 0, , 0, 0, 0, 0, 0, 
325, 1, 321, 333, -1, 232, 255, 27.0, 15, MSaaappp, 5167, 0, 0, 0, , 0, 0, 0, 0, 0, 
326, 1, 322, 334, -1, 193, 319, 16.0, 15, MSaapppp, 4356, 0, 0, 0, , 0, 0, 0, 0, 0, 
327, 1, 323, 335, -1, 215, 310, 16.0, 17, MSaapppa, 4725, 0, 0, 0, , 0, 0, 0, 0, 0, 
328, 1, 324, 336, -1, 248, 272, 17.0, 13, MSaapaaap, 3569, 0, 0, 0, , 0, 0, 0, 0, 0, 
329, 1, 325, 337, -1, 264, 271, 17.0, 11, MSaapaaaa, 3321, 0, 0, 0, , 0, 0, 0, 0, 0, 
330, 1, 326, 338, -1, 214, 289, 17.0, 13, MSaapappp, 3414, 0, 0, 0, , 0, 0, 0, 0, 0, 
331, 1, 327, 339, -1, 235, 275, 17.0, 13, MSaapappa, 3549, 0, 0, 0, , 0, 0, 0, 0, 0, 
332, 1, 328, 340, -1, 228, 280, 21.0, 17, MSaapapa, 5546, 0, 0, 0, , 0, 0, 0, 0, 0, 
333, 1, 329, 341, -1, 208, 284, 22.0, 21, Ealpa, 33062, 0, 0, 0, , 0, 0, 0, 0, 0, 
334, 1, 330, 342, -1, 170, 299, 23.0, 19, Ealpp, 12095, 0, 0, 0, , 0, 0, 0, 0, 0, 
335, 1, 331, 343, -1, 128, 308, 23.0, 17, Eplpa, 5389, 0, 0, 0, , 0, 0, 0, 0, 0, 
336, 1, 332, 344, -1, 138, 339, 20.0, 19, Cappap, 8763, 0, 0, 0, , 0, 0, 0, 0, 0, 
337, 1, 333, 345, -1, 158, 339, 25.0, 19, Cappaa, 9727, 0, 0, 0, , 0, 0, 0, 0, 0, 
338, 1, 334, 346, -1, 121, 337, 24.0, 17, Capppa, 8269, 0, 0, 0, , 0, 0, 0, 0, 0, 
339, 1, 335, 347, -1, 109, 321, 16.0, 15, Capppp, 6275, 0, 0, 0, , 0, 0, 0, 0, 0, 
340, 1, 336, 348, -1, 161, 339, 21.0, 15, Capapa, 9217, 0, 0, 0, , 0, 0, 0, 0, 0, 
341, 1, 337, 349, -1, 148, 329, 15.0, 19, Capapp, 7902, 0, 0, 0, , 0, 0, 0, 0, 0, 
342, 1, 338, 350, -1, 173, 319, 16.0, 17, Capaap, 7488, 0, 0, 0, , 0, 0, 0, 0, 0, 
343, 1, 339, 351, -1, 193, 326, 21.0, 17, Capaaa, 8661, 0, 0, 0, , 0, 0, 0, 0, 0, 
344, 1, 340, 352, -1, 85, 328, 29.0, 17, Caaapp, 11249, 0, 0, 0, , 0, 0, 0, 0, 0, 
345, 1, 341, 353, -1, 81, 326, 17.0, 19, Caappd, 15663, 0, 0, 0, , 0, 0, 0, 0, 0, 
346, 1, 342, 354, -1, 84, 325, 12.0, 15, Caappv, 5489, 0, 0, 0, , 0, 0, 0, 0, 0, 
347, 1, 343, 355, -1, 96, 302, 14.0, 21, Caapa, 25613, 0, 0, 0, , 0, 0, 0, 0, 0, 
348, 1, 344, 356, -1, 63, 302, 18.0, 17, Cpappd, 6897, 0, 0, 0, , 0, 0, 0, 0, 0, 
349, 1, 345, 357, -1, 73, 305, 13.0, 17, Cpappv, 6365, 0, 0, 0, , 0, 0, 0, 0, 0, 
350, 1, 346, 358, -1, 75, 334, 22.0, 19, Cpapaa, 9898, 0, 0, 0, , 0, 0, 0, 0, 0, 
351, 1, 347, 359, -1, 85, 292, 30.0, 21, Cpaapp, 19406, 0, 0, 0, , 0, 0, 0, 0, 0, 
352, 1, 348, 360, -1, 141, 246, 17.0, 19, Cppaap, 7978, 0, 0, 0, , 0, 0, 0, 0, 0, 
353, 1, 349, 361, -1, 146, 226, 19.0, 17, Cppaaa, 8519, 0, 0, 0, , 0, 0, 0, 0, 0, 
354, 1, 350, 362, -1, 119, 240, 22.0, 19, Cppapa, 9112, 0, 0, 0, , 0, 0, 0, 0, 0, 
355, 1, 351, 363, -1, 122, 254, 15.0, 19, Cppapp, 6267, 0, 0, 0, , 0, 0, 0, 0, 0, 
356, 1, 352, 364, -1, 129, 231, 25.0, 15, Cpppaa, 7880, 0, 0, 0, , 0, 0, 0, 0, 0, 
357, 1, 353, 365, -1, 105, 261, 18.0, 19, Cpppap, 9210, 0, 0, 0, , 0, 0, 0, 0, 0, 
358, 1, 354, 366, -1, 234, 319, 23.0, 15, Daapa, 5029, 0, 0, 0, , 0, 0, 0, 0, 0, 
359, 1, 355, 367, -1, 220, 331, 20.0, 15, Daapp, 5428, 0, 0, 0, , 0, 0, 0, 0, 0, 
360, 1, 356, 368, -1, 248, 299, 24.0, 15, Daaaa, 7167, 0, 0, 0, , 0, 0, 0, 0, 0, 
361, 1, 357, 369, -1, 232, 304, 27.0, 15, Daaap, 5277, 0, 0, 0, , 0, 0, 0, 0, 0, 
362, 1, 358, 370, -1, 193, 319, 29.0, 17, Dappa, 6362, 0, 0, 0, , 0, 0, 0, 0, 0, 
363, 1, 359, 371, -1, 159, 327, 29.0, 15, Dappp, 5221, 0, 0, 0, , 0, 0, 0, 0, 0, 
364, 1, 360, 372, -1, 170, 212, 18.0, 15, Dpapp, 5379, 0, 0, 0, , 0, 0, 0, 0, 0, 
365, 1, 361, 373, -1, 193, 204, 21.0, 15, Dpapa, 4889, 0, 0, 0, , 0, 0, 0, 0, 0, 
366, 1, 362, 374, -1, 200, 209, 26.0, 15, Dpaap, 7376, 0, 0, 0, , 0, 0, 0, 0, 0, 
367, 1, 363, 375, -1, 213, 202, 22.0, 15, Dpaaa, 5938, 0, 0, 0, , 0, 0, 0, 0, 0, 
368, 1, 364, 376, -1, 141, 240, 30.0, 19, Dpppp, 5683, 0, 0, 0, , 0, 0, 0, 0, 0, 
369, 1, 365, 377, -1, 165, 223, 27.0, 19, Dpppa, 7233, 0, 0, 0, , 0, 0, 0, 0, 0, 
370, 1, 366, 378, -1, 183, 205, 24.0, 17, Dppaa, 5755, 0, 0, 0, , 0, 0, 0, 0, 0, 
371, 1, 367, 379, -1, 159, 211, 22.0, 13, Dppap, 4723, 0, 0, 0, , 0, 0, 0, 0, 0, 
372, 1, 368, 380, -1, 159, 261, 16.0, 17, Z2, 20758, 0, 0, 0, , 0, 0, 0, 0, 0, 
373, 0, 369, -1, -1, 381, 244, 24.0, 15, , 8349, 0, 0, 0, , 0, 0, 0, 0, 0, 
374, 1, 370, 382, -1, 332, 297, 23.0, 13, ABalpppappa, 3786, 0, 0, 0, , 0, 0, 0, 0, 0, 
375, 1, 371, 383, -1, 317, 305, 25.0, 15, ABalpppappp, 6191, 0, 0, 0, , 0, 0, 0, 0, 0, 
376, 1, 372, 384, -1, 306, 278, 23.0, 15, ABalpppppaa, 5072, 0, 0, 0, , 0, 0, 0, 0, 0, 
377, 1, 373, 385, -1, 294, 287, 24.0, 13, ABalpppppap, 4165, 0, 0, 0, , 0, 0, 0, 0, 0, 
378, 1, 374, 386, -1, 278, 279, 27.0, 15, ABalppppppa, 5511, 0, 0, 0, , 0, 0, 0, 0, 0, 
379, 1, 375, 387, -1, 281, 307, 29.0, 17, ABalppppppp, 4003, 0, 0, 0, , 0, 0, 0, 0, 0, 
380, 1, 376, 388, -1, 322, 299, 29.0, 13, ABalppppapp, 4128, 0, 0, 0, , 0, 0, 0, 0, 0, 
381, 1, 377, 389, -1, 339, 281, 27.0, 15, ABalppppapa, 6765, 0, 0, 0, , 0, 0, 0, 0, 0, 
382, 1, 378, 390, -1, 317, 273, 18.0, 13, ABalppppaad, 3876, 0, 0, 0, , 0, 0, 0, 0, 0, 
383, 1, 379, 391, -1, 324, 284, 25.0, 13, ABalppppaav, 4389, 0, 0, 0, , 0, 0, 0, 0, 0, 
384, 1, 380, 392, -1, 331, 285, 17.0, 15, ABalpppaaa, 6233, 0, 0, 0, , 0, 0, 0, 0, 0, 
385, 1, 381, 393, -1, 343, 284, 21.0, 17, ABalpppaap, 8907, 0, 0, 0, , 0, 0, 0, 0, 0, 
386, 1, 382, 394, -1, 320, 297, 20.0, 19, ABalpppapa, 7530, 0, 0, 0, , 0, 0, 0, 0, 0, 
387, 1, 383, 395, -1, 337, 265, 17.0, 13, ABalppaaaa, 7199, 0, 0, 0, , 0, 0, 0, 0, 0, 
388, 1, 384, 396, -1, 351, 273, 18.0, 15, ABalppaaap, 7518, 0, 0, 0, , 0, 0, 0, 0, 0, 
389, 1, 385, 397, -1, 308, 299, 13.0, 17, ABalppaapp, 7609, 0, 0, 0, , 0, 0, 0, 0, 0, 
390, 1, 386, 398, -1, 321, 290, 14.0, 13, ABalppaapa, 6393, 0, 0, 0, , 0, 0, 0, 0, 0, 
391, 1, 387, 399, -1, 287, 292, 13.0, 13, ABalppapppa, 4786, 0, 0, 0, , 0, 0, 0, 0, 0, 
392, 1, 388, 400, -1, 278, 304, 12.0, 13, ABalppapppp, 4206, 0, 0, 0, , 0, 0, 0, 0, 0, 
393, 1, 389, 401, -1, 301, 283, 12.0, 13, ABalppappap, 4049, 0, 0, 0, , 0, 0, 0, 0, 0, 
394, 1, 390, 402, -1, 321, 270, 15.0, 15, ABalppappaa, 5314, 0, 0, 0, , 0, 0, 0, 0, 0, 
395, 1, 391, 403, -1, 306, 269, 9.0, 15, ABalppapapa, 4535, 0, 0, 0, , 0, 0, 0, 0, 0, 
396, 1, 392, 404, -1, 283, 281, 9.0, 15, ABalppapapp, 4925, 0, 0, 0, , 0, 0, 0, 0, 0, 
397, 1, 393, 405, -1, 321, 272, 12.0, 15, ABalppapaa, 9214, 0, 0, 0, , 0, 0, 0, 0, 0, 
398, 1, 394, 406, -1, 254, 287, 10.0, 15, ABalpapapap, 7381, 0, 0, 0, , 0, 0, 0, 0, 0, 
399, 1, 395, 407, -1, 272, 274, 10.0, 13, ABalpapapaa, 6613, 0, 0, 0, , 0, 0, 0, 0, 0, 
400, 1, 396, 408, -1, 246, 322, 12.0, 15, ABalpapapp, 9635, 0, 0, 0, , 0, 0, 0, 0, 0, 
401, 1, 397, 409, -1, 279, 253, 9.0, 19, ABalpapaap, 10909, 0, 0, 0, , 0, 0, 0, 0, 0, 
402, 1, 398, 410, -1, 314, 253, 10.0, 13, ABalpapaaaa, 4973, 0, 0, 0, , 0, 0, 0, 0, 0, 
403, 1, 399, 411, -1, 289, 263, 11.0, 15, ABalpapaaap, 5513, 0, 0, 0, , 0, 0, 0, 0, 0, 
404, 1, 400, 412, -1, 267, 254, 12.0, 15, ABalpappapa, 6325, 0, 0, 0, , 0, 0, 0, 0, 0, 
405, 1, 401, 413, -1, 245, 266, 11.0, 13, ABalpappapp, 5710, 0, 0, 0, , 0, 0, 0, 0, 0, 
406, 1, 402, 414, -1, 285, 259, 14.0, 15, ABalpappaap, 5825, 0, 0, 0, , 0, 0, 0, 0, 0, 
407, 1, 403, 415, -1, 286, 240, 14.0, 11, ABalpappaaa, 4721, 0, 0, 0, , 0, 0, 0, 0, 0, 
408, 1, 404, 416, -1, 239, 270, 13.0, 17, ABalpappppp, 6980, 0, 0, 0, , 0, 0, 0, 0, 0, 
409, 1, 405, 417, -1, 262, 274, 14.0, 15, ABalpappppa, 5654, 0, 0, 0, , 0, 0, 0, 0, 0, 
410, 1, 406, 418, -1, 270, 255, 15.0, 15, ABalpapppa, 9701, 0, 0, 0, , 0, 0, 0, 0, 0, 
411, 1, 407, 419, -1, 281, 259, 19.0, 15, ABalpaaapp, 5764, 0, 0, 0, , 0, 0, 0, 0, 0, 
412, 1, 408, 420, -1, 301, 250, 16.0, 15, ABalpaaapa, 8291, 0, 0, 0, , 0, 0, 0, 0, 0, 
413, 1, 409, 421, -1, 300, 245, 11.0, 15, ABalpaaaap, 7651, 0, 0, 0, , 0, 0, 0, 0, 0, 
414, 1, 410, 422, -1, 312, 240, 14.0, 17, ABalpaaaaa, 8758, 0, 0, 0, , 0, 0, 0, 0, 0, 
415, 1, 411, 423, -1, 334, 250, 11.0, 15, ABalpaappp, 7247, 0, 0, 0, , 0, 0, 0, 0, 0, 
416, 1, 412, 424, -1, 325, 230, 11.0, 17, ABalpaappa, 9222, 0, 0, 0, , 0, 0, 0, 0, 0, 
417, 1, 413, 425, -1, 298, 253, 21.0, 15, ABalpaapapp, 6042, 0, 0, 0, , 0, 0, 0, 0, 0, 
418, 1, 414, 426, -1, 308, 244, 19.0, 15, ABalpaapapa, 3521, 0, 0, 0, , 0, 0, 0, 0, 0, 
419, 1, 415, 427, -1, 321, 234, 19.0, 13, ABalpaapaap, 6046, 0, 0, 0, , 0, 0, 0, 0, 0, 
420, 1, 416, 428, -1, 335, 225, 18.0, 13, ABalpaapaaa, 3561, 0, 0, 0, , 0, 0, 0, 0, 0, 
421, 1, 417, 429, -1, 168, 265, 27.0, 16, Epraa, 3650, 0, 0, 0, , 0, 0, 0, 0, 0, 
422, 1, 418, 430, -1, 144, 273, 27.0, 21, Eprap, 65535, 0, 0, 0, , 0, 0, 0, 0, 0, 
423, 1, 419, 431, -1, 203, 234, 24.0, 13, MSpaapp, 3994, 0, 0, 0, , 0, 0, 0, 0, 0, 
424, 1, 420, 432, -1, 163, 263, 24.0, 23, Earpp, 34477, 0, 0, 0, , 0, 0, 0, 0, 0, 
425, 1, 421, 433, -1, 192, 283, 26.0, 21, Ealap, 27514, 0, 0, 0, , 0, 0, 0, 0, 0, 
426, 1, 422, 434, -1, 217, 273, 27.0, 21, Ealaa, 32498, 0, 0, 0, , 0, 0, 0, 0, 0, 
427, 1, 423, 435, -1, 164, 289, 28.0, 21, Eplaa, 20132, 0, 0, 0, , 0, 0, 0, 0, 0, 
428, 1, 424, 436, -1, 145, 293, 26.0, 17, Eplap, 11093, 0, 0, 0, , 0, 0, 0, 0, 0, 
429, 1, 425, 437, -1, 125, 278, 19.0, 19, Eprpp, 11608, 0, 0, 0, , 0, 0, 0, 0, 0, 
430, 1, 426, 438, -1, 190, 338, 27.0, 15, Dapap, 5223, 0, 0, 0, , 0, 0, 0, 0, 0, 
431, 1, 427, 439, -1, 213, 324, 26.0, 17, Dapaa, 6721, 0, 0, 0, , 0, 0, 0, 0, 0, 
432, 1, 428, 440, -1, 226, 271, 24.0, 15, MSaapaapp, 4717, 0, 0, 0, , 0, 0, 0, 0, 0, 
433, 1, 429, 441, -1, 245, 265, 23.0, 13, MSaapaapa, 3775, 0, 0, 0, , 0, 0, 0, 0, 0, 
434, 1, 430, 442, -1, 150, 214, 31.0, 15, ABarpppapp, 5255, 0, 0, 0, , 0, 0, 0, 0, 0, 
435, 1, 431, 443, -1, 229, 322, 14.0, 15, ABplppaapa, 8008, 0, 0, 0, , 0, 0, 0, 0, 0, 
436, 1, 432, 444, -1, 64, 297, 24.0, 19, Cpapap, 8227, 0, 0, 0, , 0, 0, 0, 0, 0, 
437, 0, 433, -1, -1, 218, 240, 25.0, 13, , 1223, 0, 0, 0, , 0, 0, 0, 0, 0, 
438, 1, 434, 446, -1, 347, 245, 15.0, 15, ABalaaaala, 7969, 0, 0, 0, , 0, 0, 0, 0, 0, 
439, 1, 435, 447, -1, 258, 185, 35.0, 15, ABarpappaa, 5033, 0, 0, 0, , 0, 0, 0, 0, 0, 
440, 1, 436, 448, -1, 345, 206, 27.0, 15, ABalappaaa, 4425, 0, 0, 0, , 0, 0, 0, 0, 0, 
441, 1, 437, 449, -1, 97, 266, 25.0, 15, Cppppa, 5784, 0, 0, 0, , 0, 0, 0, 0, 0, 
442, 1, 438, 450, -1, 93, 285, 16.0, 15, Cppppp, 13675, 0, 0, 0, , 0, 0, 0, 0, 0, 
443, 1, 439, 451, -1, 189, 261, 20.0, 19, Earpa, 10598, 0, 0, 0, , 0, 0, 0, 0, 0, 
444, 1, 440, 452, -1, 249, 198, 30.0, 17, MSppappp, 4659, 0, 0, 0, , 0, 0, 0, 0, 0, 
445, 1, 441, 453, -1, 128, 273, 23.0, 19, Eprpa, 11528, 0, 0, 0, , 0, 0, 0, 0, 0, 
446, 1, 442, 454, -1, 222, 246, 34.0, 17, ABarpaappa, 6513, 0, 0, 0, , 0, 0, 0, 0, 0, 
447, 1, 443, 455, -1, 205, 296, 34.0, 21, ABarppaapa, 9671, 0, 0, 0, , 0, 0, 0, 0, 0, 
448, 1, 444, 456, -1, 130, 253, 34.0, 15, Cpaaap, 1111, 0, 0, 0, , 0, 0, 0, 0, 0, 
449, 1, 445, 457, -1, 116, 328, 32.0, 19, Caaapa, 3218, 0, 0, 0, , 0, 0, 0, 0, 0, 
450, 1, 447, 458, -1, 131, 301, 18.0, 23, Eplpp, 41976, 0, 0, 0, , 0, 0, 0, 0, 0, 
451, 1, 448, 459, -1, 206, 290, 14.0, 15, MSaappap, 4455, 0, 0, 0, , 0, 0, 0, 0, 0, 
452, 1, 449, 460, -1, 186, 291, 15.0, 17, Z3, 13454, 0, 0, 0, , 0, 0, 0, 0, 0, 
453, 1, 450, 473, -1, 190, 230, 35.0, 17, ABarpppapa, 3404, 0, 0, 0, , 0, 0, 0, 0, 0, 
454, 1, 451, 461, -1, 264, 173, 11.0, 17, ABalaapapp, 14864, 0, 0, 0, , 0, 0, 0, 0, 0, 
455, 1, 452, 462, -1, 213, 271, 14.0, 13, MSaappaa, 5519, 0, 0, 0, , 0, 0, 0, 0, 0, 
456, 0, 453, -1, -1, 185, 248, 25.0, 15, , 4238, 0, 0, 0, , 0, 0, 0, 0, 0, 
457, 1, 454, 464, -1, 276, 244, 26.0, 13, MSaaapapa, 2432, 0, 0, 0, , 0, 0, 0, 0, 0, 
458, 1, 455, 465, -1, 252, 332, 19.0, 15, ABplppaaaap, 9857, 0, 0, 0, , 0, 0, 0, 0, 0, 
459, 1, 456, 466, -1, 129, 311, 9.0, 15, ABplpppapap, 2663, 0, 0, 0, , 0, 0, 0, 0, 0, 
460, 1, 457, 467, -1, 269, 171, 31.0, 15, ABpraapaapp, 4858, 0, 0, 0, , 0, 0, 0, 0, 0, 
461, 1, 458, 468, -1, 241, 339, 17.0, 13, ABplppapaaa, 3837, 0, 0, 0, , 0, 0, 0, 0, 0, 
462, 1, 462, 469, -1, 214, 241, 28.0, 19, Earaa, 8598, 0, 0, 0, , 0, 0, 0, 0, 0, 
463, 0, -1, -1, -1, 190, 282, 24.0, 19, , 7466, 0, 0, 0, , 0, 0, 0, 0, 0, 
464, 1, 85, 470, -1, 334, 231, 32.0, 15, ABalapapapa, 2467, 0, 0, 0, , 0, 0, 0, 0, 0, 
465, 1, 446, 474, -1, 109, 285, 33.0, 18, Cpaapa, 4675, 0, 0, 0, , 0, 0, 0, 0, 0, 
466, 1, 459, 475, -1, 174, 250, 33.5, 18, Cpaaaa, 4680, 0, 0, 0, , 0, 0, 0, 0, 0, 
467, 1, 460, 476, -1, 139, 305, 33.0, 15, Caaaap, 0, 0, 0, 0, , 0, 0, 0, 0, 0, 
468, 1, 461, 477, -1, 177, 304, 33.0, 17, Caaaaa, 0, 0, 0, 0, , 0, 0, 0, 0, 0, 
469, 1, 17, 478, -1, 297, 222, 18.142857, 15, ABaraaapapa, 4288, 0, 0, 0, , 0, 0, 0, 0, 0, 
