1, 1, 1, 1, -1, 312, 208, 22.0, 13, ABaraappaaa, 6120, 0, 0, 0, , 0, 0, 0, 0, 0, 
2, 1, 2, 2, -1, 299, 210, 25.0, 13, ABaraappaap, 5947, 0, 0, 0, , 0, 0, 0, 0, 0, 
3, 1, 3, 3, -1, 269, 210, 24.0, 17, ABaraappapp, 7046, 0, 0, 0, , 0, 0, 0, 0, 0, 
4, 1, 4, 4, -1, 288, 203, 24.0, 15, ABaraappapa, 5546, 0, 0, 0, , 0, 0, 0, 0, 0, 
5, 1, 5, 5, -1, 249, 232, 24.0, 15, MSpaapapa, 4573, 0, 0, 0, , 0, 0, 0, 0, 0, 
6, 1, 6, 6, -1, 255, 215, 21.0, 17, ABaraapppaa, 5625, 0, 0, 0, , 0, 0, 0, 0, 0, 
7, 1, 7, 7, -1, 239, 242, 20.0, 13, ABaraappppp, 4582, 0, 0, 0, , 0, 0, 0, 0, 0, 
8, 1, 8, 8, -1, 259, 273, 21.0, 15, ABaraapappa, 7286, 0, 0, 0, , 0, 0, 0, 0, 0, 
9, 1, 9, 9, -1, 248, 255, 20.0, 13, ABaraapappp, 10520, 0, 0, 0, , 0, 0, 0, 0, 0, 
10, 1, 10, 10, -1, 259, 264, 23.0, 15, ABaraapapap, 4515, 0, 0, 0, , 0, 0, 0, 0, 0, 
11, 1, 11, 11, -1, 271, 258, 23.0, 17, ABaraapapaa, 8984, 0, 0, 0, , 0, 0, 0, 0, 0, 
12, 1, 12, 12, -1, 318, 221, 22.0, 13, ABaraapaaaa, 6755, 0, 0, 0, , 0, 0, 0, 0, 0, 
13, 1, 13, 13, -1, 312, 226, 26.0, 13, ABaraapaaap, 6820, 0, 0, 0, , 0, 0, 0, 0, 0, 
14, 1, 14, 14, -1, 290, 241, 24.0, 17, ABaraapaapp, 8218, 0, 0, 0, , 0, 0, 0, 0, 0, 
15, 1, 15, 15, -1, 302, 231, 24.0, 13, ABaraapaapa, 6641, 0, 0, 0, , 0, 0, 0, 0, 0, 
16, 1, 16, 16, -1, 302, 210, 11.0, 13, ABaraaappap, 5802, 0, 0, 0, , 0, 0, 0, 0, 0, 
17, 1, 17, 17, -1, 318, 212, 14.0, 11, ABaraaappaa, 3798, 0, 0, 0, , 0, 0, 0, 0, 0, 
18, 1, 18, 18, -1, 309, 201, 13.0, 15, ABaraaapppa, 4205, 0, 0, 0, , 0, 0, 0, 0, 0, 
19, 1, 19, 19, -1, 278, 205, 9.0, 13, ABaraaapppp, 4537, 0, 0, 0, , 0, 0, 0, 0, 0, 
20, 1, 20, 20, -1, 306, 213, 18.0, 13, ABaraaapaaa, 5428, 0, 0, 0, , 0, 0, 0, 0, 0, 
21, 1, 21, 21, -1, 281, 212, 21.0, 17, ABaraaapapa, 5765, 0, 0, 0, , 0, 0, 0, 0, 0, 
22, 1, 22, 22, -1, 296, 202, 21.0, 13, ABaraaapaap, 5312, 0, 0, 0, , 0, 0, 0, 0, 0, 
23, 1, 23, 23, -1, 271, 225, 21.0, 15, ABaraaapapp, 5053, 0, 0, 0, , 0, 0, 0, 0, 0, 
24, 1, 24, 24, -1, 294, 235, 18.0, 11, ABaraaaaaap, 3810, 0, 0, 0, , 0, 0, 0, 0, 0, 
25, 1, 25, 25, -1, 315, 228, 16.0, 13, ABaraaaaaaa, 4119, 0, 0, 0, , 0, 0, 0, 0, 0, 
26, 1, 26, 26, -1, 289, 213, 18.0, 11, ABaraaaaapp, 3485, 0, 0, 0, , 0, 0, 0, 0, 0, 
27, 1, 27, 27, -1, 304, 213, 15.0, 13, ABaraaaaapa, 3414, 0, 0, 0, , 0, 0, 0, 0, 0, 
28, 1, 28, 28, -1, 290, 224, 27.0, 11, ABaraaaapp, 4804, 0, 0, 0, , 0, 0, 0, 0, 0, 
29, 1, 29, 29, -1, 320, 212, 17.0, 15, ABaraaaapa, 5332, 0, 0, 0, , 0, 0, 0, 0, 0, 
30, 1, 30, 30, -1, 238, 252, 10.0, 15, ABarapapapp, 7810, 0, 0, 0, , 0, 0, 0, 0, 0, 
31, 1, 31, 31, -1, 259, 239, 11.0, 15, ABarapapapa, 5700, 0, 0, 0, , 0, 0, 0, 0, 0, 
32, 1, 32, 32, -1, 263, 237, 15.0, 13, ABarapapaap, 6192, 0, 0, 0, , 0, 0, 0, 0, 0, 
33, 1, 33, 33, -1, 267, 218, 15.0, 13, ABarapapaaa, 5258, 0, 0, 0, , 0, 0, 0, 0, 0, 
34, 1, 34, 34, -1, 221, 241, 13.0, 17, ABarapapppp, 8237, 0, 0, 0, , 0, 0, 0, 0, 0, 
35, 0, 35, -1, -1, 245, 223, 18.0, 17, , 12647, 0, 0, 0, , 0, 0, 0, 0, 0, 
36, 1, 36, 36, -1, 275, 225, 11.0, 15, ABarapaaap, 8540, 0, 0, 0, , 0, 0, 0, 0, 0, 
37, 1, 37, 37, -1, 289, 222, 13.0, 15, ABarapaaaa, 12086, 0, 0, 0, , 0, 0, 0, 0, 0, 
38, 1, 38, 38, -1, 274, 217, 17.0, 17, ABarapaapa, 9395, 0, 0, 0, , 0, 0, 0, 0, 0, 
39, 1, 39, 39, -1, 262, 233, 18.0, 15, ABarapaappa, 7282, 0, 0, 0, , 0, 0, 0, 0, 0, 
40, 1, 40, 40, -1, 255, 198, 10.0, 13, ABarapppapa, 5538, 0, 0, 0, , 0, 0, 0, 0, 0, 
41, 1, 41, 41, -1, 234, 207, 10.0, 13, ABarapppapp, 5438, 0, 0, 0, , 0, 0, 0, 0, 0, 
42, 1, 42, 42, -1, 286, 194, 11.0, 13, ABarapppaaa, 5277, 0, 0, 0, , 0, 0, 0, 0, 0, 
43, 1, 43, 43, -1, 268, 189, 10.0, 13, ABarapppaap, 6571, 0, 0, 0, , 0, 0, 0, 0, 0, 
44, 1, 44, 44, -1, 262, 195, 14.0, 13, ABarappppap, 7370, 0, 0, 0, , 0, 0, 0, 0, 0, 
45, 1, 45, 45, -1, 277, 191, 15.0, 13, ABarappppaa, 5291, 0, 0, 0, , 0, 0, 0, 0, 0, 
46, 1, 46, 46, -1, 243, 195, 12.0, 11, ABarapppppa, 3683, 0, 0, 0, , 0, 0, 0, 0, 0, 
47, 1, 47, 47, -1, 227, 189, 12.0, 15, ABarapppppp, 5237, 0, 0, 0, , 0, 0, 0, 0, 0, 
48, 1, 48, 48, -1, 252, 209, 12.0, 13, ABarappaaap, 5833, 0, 0, 0, , 0, 0, 0, 0, 0, 
49, 1, 49, 49, -1, 264, 215, 10.0, 13, ABarappaaaa, 5551, 0, 0, 0, , 0, 0, 0, 0, 0, 
50, 1, 50, 50, 51, 245, 227, 11.0, 15, ABarappaap, 11896, 0, 0, 0, , 0, 0, 0, 0, 0, 
51, 1, 51, 52, -1, 214, 216, 10.0, 17, ABarappapap, 9222, 0, 0, 0, , 0, 0, 0, 0, 0, 
52, 1, 52, 53, -1, 219, 192, 10.0, 15, ABarappapaa, 6824, 0, 0, 0, , 0, 0, 0, 0, 0, 
53, 1, 53, 54, -1, 176, 205, 12.0, 15, ABarappappp, 6369, 0, 0, 0, , 0, 0, 0, 0, 0, 
54, 1, 54, 55, -1, 191, 205, 10.0, 15, ABarappappa, 6531, 0, 0, 0, , 0, 0, 0, 0, 0, 
55, 1, 55, 56, -1, 226, 171, 31.0, 17, ABarpapppa, 11507, 0, 0, 0, , 0, 0, 0, 0, 0, 
56, 1, 56, 57, -1, 223, 182, 34.0, 17, ABarpapppp, 8856, 0, 0, 0, , 0, 0, 0, 0, 0, 
57, 1, 57, 58, -1, 252, 170, 32.0, 19, ABarpappap, 16488, 0, 0, 0, , 0, 0, 0, 0, 0, 
58, 1, 58, 59, 274, 302, 188, 34.0, 13, ABarpapaaa, 4692, 0, 0, 0, , 0, 0, 0, 0, 0, 
59, 1, 59, 60, -1, 292, 193, 28.0, 11, ABarpapaapa, 3716, 0, 0, 0, , 0, 0, 0, 0, 0, 
60, 1, 60, 61, -1, 282, 195, 32.0, 15, ABarpapaapp, 3336, 0, 0, 0, , 0, 0, 0, 0, 0, 
61, 1, 61, 62, -1, 247, 214, 35.0, 17, ABarpapapp, 6955, 0, 0, 0, , 0, 0, 0, 0, 0, 
62, 1, 62, 63, -1, 286, 214, 35.0, 17, ABarpapapa, 6806, 0, 0, 0, , 0, 0, 0, 0, 0, 
63, 1, 63, 64, -1, 227, 265, 34.0, 17, ABarpaappp, 6217, 0, 0, 0, , 0, 0, 0, 0, 0, 
64, 1, 64, 65, -1, 267, 216, 35.0, 13, ABarpaapaa, 3928, 0, 0, 0, , 0, 0, 0, 0, 0, 
65, 1, 65, 66, -1, 256, 262, 34.0, 17, ABarpaapap, 5229, 0, 0, 0, , 0, 0, 0, 0, 0, 
66, 1, 66, 67, -1, 329, 209, 32.0, 17, ABarpaaaaa, 7352, 0, 0, 0, , 0, 0, 0, 0, 0, 
67, 1, 67, 68, -1, 311, 231, 35.0, 17, ABarpaaaap, 6157, 0, 0, 0, , 0, 0, 0, 0, 0, 
68, 1, 68, 69, -1, 283, 231, 35.0, 11, ABarpaaapp, 4586, 0, 0, 0, , 0, 0, 0, 0, 0, 
69, 1, 69, 70, -1, 306, 209, 35.0, 15, ABarpaaapa, 6973, 0, 0, 0, , 0, 0, 0, 0, 0, 
70, 1, 70, 71, -1, 248, 327, 32.0, 15, ABarppaaap, 6650, 0, 0, 0, , 0, 0, 0, 0, 0, 
71, 1, 71, 72, -1, 207, 331, 32.0, 15, ABarppaapp, 5339, 0, 0, 0, , 0, 0, 0, 0, 0, 
72, 1, 72, 73, -1, 144, 349, 32.0, 17, ABarppappa, 12303, 0, 0, 0, , 0, 0, 0, 0, 0, 
73, 1, 73, 74, -1, 111, 358, 23.0, 17, ABarppappp, 7036, 0, 0, 0, , 0, 0, 0, 0, 0, 
74, 1, 74, 75, -1, 197, 348, 31.0, 15, ABarppapap, 6589, 0, 0, 0, , 0, 0, 0, 0, 0, 
75, 1, 75, 76, -1, 224, 335, 33.0, 17, ABarppapaa, 7919, 0, 0, 0, , 0, 0, 0, 0, 0, 
76, 1, 76, 77, -1, 76, 253, 22.0, 17, ABarpppppp, 6052, 0, 0, 0, , 0, 0, 0, 0, 0, 
77, 1, 77, 78, -1, 103, 238, 30.0, 17, ABarpppppa, 5406, 0, 0, 0, , 0, 0, 0, 0, 0, 
78, 1, 78, 79, -1, 170, 195, 32.0, 15, ABarppppaa, 5342, 0, 0, 0, , 0, 0, 0, 0, 0, 
79, 1, 79, 80, -1, 142, 212, 32.0, 15, ABarppppap, 5582, 0, 0, 0, , 0, 0, 0, 0, 0, 
80, 1, 80, 81, -1, 193, 191, 34.0, 15, ABarpppaap, 6374, 0, 0, 0, , 0, 0, 0, 0, 0, 
81, 1, 81, 82, -1, 223, 210, 34.0, 13, ABarpppaaa, 3591, 0, 0, 0, , 0, 0, 0, 0, 0, 
82, 1, 82, 83, -1, 326, 189, 25.0, 15, ABalappppaa, 2605, 0, 0, 0, , 0, 0, 0, 0, 0, 
83, 1, 83, 84, -1, 311, 181, 28.0, 13, ABalappppap, 2939, 0, 0, 0, , 0, 0, 0, 0, 0, 
84, 1, 84, 85, -1, 282, 179, 31.0, 13, ABalapppppp, 2425, 0, 0, 0, , 0, 0, 0, 0, 0, 
85, 1, 85, 86, -1, 332, 201, 24.0, 11, ABalapppaaa, 1385, 0, 0, 0, , 0, 0, 0, 0, 0, 
86, 1, 86, 87, -1, 324, 196, 28.0, 11, ABalapppaap, 2804, 0, 0, 0, , 0, 0, 0, 0, 0, 
87, 1, 87, 88, -1, 318, 197, 30.0, 13, ABalapppapa, 1977, 0, 0, 0, , 0, 0, 0, 0, 0, 
88, 1, 88, 89, -1, 307, 183, 25.0, 15, ABalappapa, 6876, 0, 0, 0, , 0, 0, 0, 0, 0, 
89, 1, 89, 90, -1, 339, 205, 28.0, 13, ABalappaaa, 3777, 0, 0, 0, , 0, 0, 0, 0, 0, 
90, 1, 90, 91, -1, 321, 173, 23.0, 13, ABalappappa, 2700, 0, 0, 0, , 0, 0, 0, 0, 0, 
91, 1, 91, 92, -1, 308, 163, 25.0, 11, ABalappappp, 1655, 0, 0, 0, , 0, 0, 0, 0, 0, 
92, 1, 92, 93, -1, 317, 263, 33.0, 11, ABalapapppp, 719, 0, 0, 0, , 0, 0, 0, 0, 0, 
93, 1, 93, 94, -1, 330, 258, 32.0, 13, ABalapapppa, 2487, 0, 0, 0, , 0, 0, 0, 0, 0, 
94, 1, 94, 95, -1, 340, 232, 25.0, 13, ABalapappaa, 2544, 0, 0, 0, , 0, 0, 0, 0, 0, 
95, 1, 95, 96, -1, 330, 249, 28.0, 15, ABalapappap, 2945, 0, 0, 0, , 0, 0, 0, 0, 0, 
96, 1, 96, 97, -1, 325, 227, 32.0, 15, ABalapapaa, 5581, 0, 0, 0, , 0, 0, 0, 0, 0, 
97, 1, 97, 98, -1, 321, 242, 32.0, 13, ABalapapapp, 2805, 0, 0, 0, , 0, 0, 0, 0, 0, 
98, 1, 98, 99, -1, 336, 247, 25.0, 15, ABalapaaaa, 8158, 0, 0, 0, , 0, 0, 0, 0, 0, 
99, 1, 99, 100, -1, 354, 247, 25.0, 13, ABalapaaapa, 4384, 0, 0, 0, , 0, 0, 0, 0, 0, 
100, 1, 100, 101, -1, 349, 261, 29.0, 13, ABalapaaapp, 3205, 0, 0, 0, , 0, 0, 0, 0, 0, 
101, 1, 101, 102, -1, 345, 257, 21.0, 15, ABalapaappa, 3026, 0, 0, 0, , 0, 0, 0, 0, 0, 
102, 1, 102, 103, -1, 329, 264, 19.0, 17, ABalapaapa, 11483, 0, 0, 0, , 0, 0, 0, 0, 0, 
103, 1, 103, 104, -1, 334, 265, 23.0, 13, ABalapaappp, 3785, 0, 0, 0, , 0, 0, 0, 0, 0, 
104, 1, 104, 105, -1, 310, 188, 15.0, 15, ABalaapaaa, 6983, 0, 0, 0, , 0, 0, 0, 0, 0, 
105, 1, 105, 106, -1, 243, 176, 11.0, 15, ABalaapapa, 10019, 0, 0, 0, , 0, 0, 0, 0, 0, 
106, 1, 106, 107, -1, 299, 189, 12.0, 15, ABalaapaap, 5536, 0, 0, 0, , 0, 0, 0, 0, 0, 
107, 1, 107, 108, -1, 295, 171, 15.0, 17, ABalaappapa, 4288, 0, 0, 0, , 0, 0, 0, 0, 0, 
108, 1, 108, 109, -1, 279, 172, 12.0, 15, ABalaappaa, 4047, 0, 0, 0, , 0, 0, 0, 0, 0, 
109, 1, 109, 110, -1, 303, 171, 22.0, 15, ABalaappppp, 4172, 0, 0, 0, , 0, 0, 0, 0, 0, 
110, 1, 110, 111, -1, 307, 181, 20.0, 17, ABalaappppa, 3709, 0, 0, 0, , 0, 0, 0, 0, 0, 
111, 1, 111, 112, -1, 290, 173, 21.0, 13, ABalaapppaa, 2247, 0, 0, 0, , 0, 0, 0, 0, 0, 
112, 1, 112, 113, -1, 294, 186, 17.0, 11, ABalaapppap, 2007, 0, 0, 0, , 0, 0, 0, 0, 0, 
113, 1, 113, 114, -1, 340, 249, 13.0, 17, ABalaaaalp, 9406, 0, 0, 0, , 0, 0, 0, 0, 0, 
114, 1, 114, 115, -1, 334, 205, 20.0, 13, ABalaaaarrp, 2694, 0, 0, 0, , 0, 0, 0, 0, 0, 
115, 1, 115, 116, -1, 325, 190, 17.0, 13, ABalaaaarra, 3775, 0, 0, 0, , 0, 0, 0, 0, 0, 
116, 1, 116, 117, -1, 332, 215, 19.0, 13, ABalaaaarlp, 3605, 0, 0, 0, , 0, 0, 0, 0, 0, 
117, 1, 116, 118, -1, 343, 231, 18.0, 13, ABalaaaarla, 4167, 0, 0, 0, , 0, 0, 0, 0, 0, 
118, 1, 117, 119, 573, 334, 188, 21.0, 17, ABalaaappl, 6662, 0, 0, 0, , 0, 0, 0, 0, 0, 
119, 1, 118, 120, -1, 319, 184, 19.0, 15, ABalaaapprr, 7426, 0, 0, 0, , 0, 0, 0, 0, 0, 
120, 1, 119, 121, -1, 303, 171, 17.0, 15, ABalaaapprl, 4897, 0, 0, 0, , 0, 0, 0, 0, 0, 
121, 1, 120, 122, -1, 344, 212, 26.0, 17, ABalappaap, 2639, 0, 0, 0, , 0, 0, 0, 0, 0, 
122, 1, 121, 123, -1, 155, 324, 10.0, 15, ABplppppapa, 4513, 0, 0, 0, , 0, 0, 0, 0, 0, 
123, 1, 122, 124, -1, 142, 309, 10.0, 13, ABplppppapp, 3873, 0, 0, 0, , 0, 0, 0, 0, 0, 
124, 1, 123, 125, -1, 172, 302, 10.0, 13, ABplppppaaa, 4323, 0, 0, 0, , 0, 0, 0, 0, 0, 
125, 1, 124, 126, -1, 159, 305, 11.0, 13, ABplppppaap, 3907, 0, 0, 0, , 0, 0, 0, 0, 0, 
126, 1, 125, 127, -1, 89, 324, 12.0, 13, ABplppppppp, 3980, 0, 0, 0, , 0, 0, 0, 0, 0, 
127, 1, 126, 128, -1, 96, 311, 10.0, 13, ABplppppppa, 3869, 0, 0, 0, , 0, 0, 0, 0, 0, 
128, 1, 127, 129, -1, 135, 315, 14.0, 13, ABplpppppap, 4647, 0, 0, 0, , 0, 0, 0, 0, 0, 
129, 1, 128, 130, -1, 151, 309, 15.0, 15, ABplpppppaa, 4668, 0, 0, 0, , 0, 0, 0, 0, 0, 
130, 1, 129, 131, -1, 110, 307, 12.0, 15, ABplpppapp, 13225, 0, 0, 0, , 0, 0, 0, 0, 0, 
131, 1, 130, 132, -1, 131, 321, 10.0, 15, ABplpppapaa, 4172, 0, 0, 0, , 0, 0, 0, 0, 0, 
132, 1, 131, 133, -1, 130, 337, 11.0, 15, ABplpppaapp, 5580, 0, 0, 0, , 0, 0, 0, 0, 0, 
133, 1, 132, 134, -1, 146, 338, 11.0, 15, ABplpppaapa, 5425, 0, 0, 0, , 0, 0, 0, 0, 0, 
134, 1, 133, 135, -1, 178, 321, 10.0, 15, ABplpppaaaa, 4737, 0, 0, 0, , 0, 0, 0, 0, 0, 
135, 1, 134, 136, -1, 166, 338, 12.0, 13, ABplpppaaap, 5202, 0, 0, 0, , 0, 0, 0, 0, 0, 
136, 1, 135, 137, 138, 182, 335, 14.0, 15, ABplppappp, 8972, 0, 0, 0, , 0, 0, 0, 0, 0, 
137, 1, 136, 139, -1, 198, 324, 11.0, 13, ABplppappap, 4159, 0, 0, 0, , 0, 0, 0, 0, 0, 
138, 1, 137, 140, -1, 212, 318, 13.0, 13, ABplppappaa, 3829, 0, 0, 0, , 0, 0, 0, 0, 0, 
139, 1, 138, 141, -1, 207, 334, 14.0, 15, ABplppapaap, 4040, 0, 0, 0, , 0, 0, 0, 0, 0, 
140, 1, 139, 142, -1, 200, 340, 16.0, 15, ABplppapapa, 5155, 0, 0, 0, , 0, 0, 0, 0, 0, 
141, 1, 140, 143, -1, 179, 336, 17.0, 13, ABplppapapp, 4742, 0, 0, 0, , 0, 0, 0, 0, 0, 
142, 1, 141, 144, -1, 207, 309, 10.0, 15, ABplppaappa, 5147, 0, 0, 0, , 0, 0, 0, 0, 0, 
143, 1, 142, 145, -1, 189, 311, 10.0, 13, ABplppaappp, 4051, 0, 0, 0, , 0, 0, 0, 0, 0, 
144, 1, 143, 146, -1, 267, 305, 18.0, 13, ABplppaaaaa, 4276, 0, 0, 0, , 0, 0, 0, 0, 0, 
145, 1, 144, 147, -1, 255, 313, 19.0, 13, ABplppaaap, 7667, 0, 0, 0, , 0, 0, 0, 0, 0, 
146, 1, 145, 148, -1, 247, 272, 10.0, 15, ABplpappaaa, 6420, 0, 0, 0, , 0, 0, 0, 0, 0, 
147, 1, 146, 149, -1, 236, 288, 11.0, 11, ABplpappaap, 1855, 0, 0, 0, , 0, 0, 0, 0, 0, 
148, 1, 147, 150, -1, 220, 277, 11.0, 13, ABplpappap, 6294, 0, 0, 0, , 0, 0, 0, 0, 0, 
149, 1, 148, 151, -1, 143, 294, 10.0, 13, ABplpappppp, 3844, 0, 0, 0, , 0, 0, 0, 0, 0, 
150, 1, 149, 152, -1, 159, 283, 10.0, 13, ABplpappppa, 3718, 0, 0, 0, , 0, 0, 0, 0, 0, 
151, 1, 150, 153, -1, 181, 281, 10.0, 13, ABplpapppaa, 4513, 0, 0, 0, , 0, 0, 0, 0, 0, 
152, 1, 151, 154, -1, 164, 264, 10.0, 15, ABplpapppap, 5174, 0, 0, 0, , 0, 0, 0, 0, 0, 
153, 1, 152, 155, -1, 213, 296, 10.0, 13, ABplpapappa, 4499, 0, 0, 0, , 0, 0, 0, 0, 0, 
154, 1, 153, 156, -1, 192, 292, 11.0, 13, ABplpapappp, 4294, 0, 0, 0, , 0, 0, 0, 0, 0, 
155, 1, 154, 157, -1, 224, 303, 12.0, 13, ABplpapapap, 3748, 0, 0, 0, , 0, 0, 0, 0, 0, 
156, 1, 155, 158, -1, 242, 301, 13.0, 11, ABplpapapaa, 2369, 0, 0, 0, , 0, 0, 0, 0, 0, 
157, 1, 156, 159, -1, 274, 302, 13.0, 11, ABplpapaapa, 2423, 0, 0, 0, , 0, 0, 0, 0, 0, 
158, 1, 157, 160, -1, 257, 308, 14.0, 13, ABplpapaapp, 3633, 0, 0, 0, , 0, 0, 0, 0, 0, 
159, 1, 158, 161, -1, 259, 296, 13.0, 13, ABplpapaaap, 3612, 0, 0, 0, , 0, 0, 0, 0, 0, 
160, 1, 159, 162, -1, 269, 284, 12.0, 15, ABplpapaaaa, 2878, 0, 0, 0, , 0, 0, 0, 0, 0, 
161, 1, 160, 163, -1, 241, 330, 16.0, 15, ABplpaaaapp, 5554, 0, 0, 0, , 0, 0, 0, 0, 0, 
162, 1, 161, 164, -1, 250, 323, 13.0, 15, ABplpaaaapa, 5511, 0, 0, 0, , 0, 0, 0, 0, 0, 
163, 1, 162, 571, -1, 298, 281, 16.0, 15, ABplpaaaaap, 6093, 0, 0, 0, , 0, 0, 0, 0, 0, 
164, 1, 163, 165, -1, 312, 272, 16.0, 15, ABplpaaaaaa, 7543, 0, 0, 0, , 0, 0, 0, 0, 0, 
165, 1, 164, 166, -1, 304, 305, 18.0, 15, ABplpaaapap, 4344, 0, 0, 0, , 0, 0, 0, 0, 0, 
166, 1, 165, 167, -1, 315, 294, 15.0, 13, ABplpaaapaa, 6059, 0, 0, 0, , 0, 0, 0, 0, 0, 
167, 1, 166, 168, -1, 290, 299, 15.0, 17, ABplpaaappa, 4936, 0, 0, 0, , 0, 0, 0, 0, 0, 
168, 1, 167, 169, -1, 279, 309, 16.0, 15, ABplpaaappp, 5522, 0, 0, 0, , 0, 0, 0, 0, 0, 
169, 1, 168, 170, -1, 266, 311, 26.0, 13, ABplpaappap, 4842, 0, 0, 0, , 0, 0, 0, 0, 0, 
170, 1, 169, 171, -1, 283, 299, 23.0, 15, ABplpaappaa, 5423, 0, 0, 0, , 0, 0, 0, 0, 0, 
171, 1, 170, 172, -1, 295, 307, 19.0, 13, ABplpaapppa, 3016, 0, 0, 0, , 0, 0, 0, 0, 0, 
172, 1, 171, 173, -1, 309, 310, 20.0, 13, ABplpaapapp, 5214, 0, 0, 0, , 0, 0, 0, 0, 0, 
173, 1, 172, 174, -1, 283, 315, 19.0, 15, ABplpaapppp, 4341, 0, 0, 0, , 0, 0, 0, 0, 0, 
174, 1, 173, 175, -1, 307, 289, 20.0, 15, ABplpaapaap, 4758, 0, 0, 0, , 0, 0, 0, 0, 0, 
175, 1, 174, 176, -1, 302, 270, 18.0, 15, ABplpaapaaa, 4786, 0, 0, 0, , 0, 0, 0, 0, 0, 
176, 1, 175, 177, -1, 320, 306, 23.0, 15, ABplpaapapa, 5986, 0, 0, 0, , 0, 0, 0, 0, 0, 
177, 1, 176, 178, -1, 276, 327, 21.0, 15, ABplaappap, 7335, 0, 0, 0, , 0, 0, 0, 0, 0, 
178, 1, 177, 179, -1, 294, 318, 22.0, 13, ABplaappaa, 4463, 0, 0, 0, , 0, 0, 0, 0, 0, 
179, 1, 178, 180, -1, 262, 330, 23.0, 15, ABplaapppa, 8028, 0, 0, 0, , 0, 0, 0, 0, 0, 
180, 1, 179, 181, -1, 232, 344, 24.0, 15, ABplaapppp, 10466, 0, 0, 0, , 0, 0, 0, 0, 0, 
181, 1, 180, 182, -1, 344, 228, 28.0, 13, ABplaapaaaa, 5728, 0, 0, 0, , 0, 0, 0, 0, 0, 
182, 1, 181, 183, -1, 341, 246, 31.0, 13, ABplaapaaap, 4213, 0, 0, 0, , 0, 0, 0, 0, 0, 
183, 1, 182, 184, -1, 345, 265, 32.0, 13, ABplaapaapa, 5045, 0, 0, 0, , 0, 0, 0, 0, 0, 
184, 1, 183, 185, -1, 330, 277, 30.0, 15, ABplaapaapp, 8469, 0, 0, 0, , 0, 0, 0, 0, 0, 
185, 1, 184, 186, -1, 293, 296, 30.0, 17, ABplaapappp, 5473, 0, 0, 0, , 0, 0, 0, 0, 0, 
186, 1, 185, 187, -1, 310, 277, 29.0, 15, ABplaapappa, 4854, 0, 0, 0, , 0, 0, 0, 0, 0, 
187, 1, 186, 188, -1, 302, 286, 26.0, 15, ABplaapapap, 5681, 0, 0, 0, , 0, 0, 0, 0, 0, 
188, 1, 187, 189, -1, 306, 271, 26.0, 13, ABplaapapaa, 5529, 0, 0, 0, , 0, 0, 0, 0, 0, 
189, 1, 188, 190, -1, 306, 255, 34.0, 15, ABplaaaaapp, 7731, 0, 0, 0, , 0, 0, 0, 0, 0, 
190, 1, 189, 191, -1, 314, 258, 29.0, 13, ABplaaaaapa, 4552, 0, 0, 0, , 0, 0, 0, 0, 0, 
191, 1, 190, 192, -1, 328, 247, 35.0, 17, ABplaaaaaa, 7561, 0, 0, 0, , 0, 0, 0, 0, 0, 
192, 1, 191, 193, -1, 274, 259, 34.0, 15, ABplaaaapp, 5805, 0, 0, 0, , 0, 0, 0, 0, 0, 
193, 1, 192, 194, -1, 291, 252, 34.0, 15, ABplaaaapa, 7098, 0, 0, 0, , 0, 0, 0, 0, 0, 
194, 1, 194, 195, -1, 290, 300, 33.0, 17, ABplaaappa, 6611, 0, 0, 0, , 0, 0, 0, 0, 0, 
195, 1, 195, 196, -1, 272, 304, 34.0, 21, ABplaaappp, 13233, 0, 0, 0, , 0, 0, 0, 0, 0, 
196, 1, 196, 197, -1, 309, 296, 32.0, 17, ABplaaapap, 7218, 0, 0, 0, , 0, 0, 0, 0, 0, 
197, 1, 197, 198, -1, 314, 277, 33.0, 13, ABplaaapaa, 5452, 0, 0, 0, , 0, 0, 0, 0, 0, 
198, 1, 198, 199, -1, 135, 352, 14.0, 17, ABplappppa, 6471, 0, 0, 0, , 0, 0, 0, 0, 0, 
199, 1, 199, 200, -1, 105, 339, 13.0, 15, ABplappppp, 6691, 0, 0, 0, , 0, 0, 0, 0, 0, 
200, 1, 200, 201, -1, 117, 345, 16.0, 15, ABplapppaa, 7288, 0, 0, 0, , 0, 0, 0, 0, 0, 
201, 1, 201, 202, -1, 110, 326, 11.0, 13, ABplapppapp, 3109, 0, 0, 0, , 0, 0, 0, 0, 0, 
202, 1, 202, 203, -1, 126, 335, 14.0, 11, ABplapppapa, 3368, 0, 0, 0, , 0, 0, 0, 0, 0, 
203, 1, 203, 204, -1, 196, 353, 24.0, 15, ABplappaaa, 7461, 0, 0, 0, , 0, 0, 0, 0, 0, 
204, 1, 204, 205, -1, 176, 359, 25.0, 15, ABplappaap, 6847, 0, 0, 0, , 0, 0, 0, 0, 0, 
205, 1, 205, 206, -1, 162, 361, 21.0, 15, ABplappapp, 7722, 0, 0, 0, , 0, 0, 0, 0, 0, 
206, 1, 206, 207, -1, 167, 345, 32.0, 15, ABplappapa, 6876, 0, 0, 0, , 0, 0, 0, 0, 0, 
207, 1, 207, 208, -1, 213, 351, 25.0, 15, ABplapaapp, 7543, 0, 0, 0, , 0, 0, 0, 0, 0, 
208, 1, 208, 209, -1, 250, 339, 24.0, 15, ABplapaapa, 7686, 0, 0, 0, , 0, 0, 0, 0, 0, 
209, 1, 209, 210, -1, 254, 296, 33.0, 15, ABarppaaaa, 4810, 0, 0, 0, , 0, 0, 0, 0, 0, 
210, 1, 210, 211, -1, 243, 331, 28.0, 15, ABplapaaapp, 5014, 0, 0, 0, , 0, 0, 0, 0, 0, 
211, 1, 211, 212, -1, 248, 315, 27.0, 13, ABplapaaapa, 4595, 0, 0, 0, , 0, 0, 0, 0, 0, 
212, 1, 212, 213, -1, 105, 350, 21.0, 13, ABplapapppa, 3971, 0, 0, 0, , 0, 0, 0, 0, 0, 
213, 1, 212, 214, -1, 94, 345, 18.0, 13, ABplapapppp, 3750, 0, 0, 0, , 0, 0, 0, 0, 0, 
214, 1, 213, 215, -1, 140, 369, 22.0, 15, ABplapapap, 5569, 0, 0, 0, , 0, 0, 0, 0, 0, 
215, 1, 214, 216, -1, 131, 363, 18.0, 17, ABplapappa, 8060, 0, 0, 0, , 0, 0, 0, 0, 0, 
216, 1, 215, 217, -1, 126, 356, 28.0, 19, ABplapapaa, 20865, 0, 0, 0, , 0, 0, 0, 0, 0, 
217, 1, 216, 218, -1, 231, 210, 12.0, 13, ABprpapaaaa, 5537, 0, 0, 0, , 0, 0, 0, 0, 0, 
218, 1, 217, 219, -1, 205, 201, 14.0, 13, ABprpapaapp, 3470, 0, 0, 0, , 0, 0, 0, 0, 0, 
219, 1, 218, 220, -1, 183, 232, 10.0, 15, ABprpapappa, 4901, 0, 0, 0, , 0, 0, 0, 0, 0, 
220, 1, 219, 221, -1, 175, 256, 10.0, 13, ABprpapappp, 3595, 0, 0, 0, , 0, 0, 0, 0, 0, 
221, 1, 220, 222, -1, 190, 226, 12.0, 13, ABprpapapap, 3908, 0, 0, 0, , 0, 0, 0, 0, 0, 
222, 1, 221, 223, -1, 204, 221, 12.0, 11, ABprpapapaa, 3521, 0, 0, 0, , 0, 0, 0, 0, 0, 
223, 1, 222, 224, -1, 126, 292, 13.0, 15, ABprpappppp, 4404, 0, 0, 0, , 0, 0, 0, 0, 0, 
224, 1, 223, 225, -1, 148, 287, 13.0, 15, ABprpappppa, 4756, 0, 0, 0, , 0, 0, 0, 0, 0, 
225, 1, 224, 226, -1, 205, 241, 11.0, 15, ABprpapppaa, 5382, 0, 0, 0, , 0, 0, 0, 0, 0, 
226, 1, 225, 227, -1, 193, 256, 11.0, 15, ABprpapppap, 4844, 0, 0, 0, , 0, 0, 0, 0, 0, 
227, 1, 226, 228, -1, 201, 278, 10.0, 15, ABprpappapp, 2627, 0, 0, 0, , 0, 0, 0, 0, 0, 
228, 1, 227, 229, -1, 219, 231, 11.0, 13, ABprpappaap, 3007, 0, 0, 0, , 0, 0, 0, 0, 0, 
229, 1, 228, 230, -1, 229, 237, 9.0, 13, ABprpappaaa, 5107, 0, 0, 0, , 0, 0, 0, 0, 0, 
230, 1, 229, 231, -1, 246, 190, 16.0, 15, ABprpaaaaap, 5890, 0, 0, 0, , 0, 0, 0, 0, 0, 
231, 1, 230, 232, -1, 260, 193, 18.0, 13, ABprpaapaaa, 7500, 0, 0, 0, , 0, 0, 0, 0, 0, 
232, 1, 231, 233, -1, 181, 192, 15.0, 13, ABprpaaaapp, 5308, 0, 0, 0, , 0, 0, 0, 0, 0, 
233, 1, 232, 234, -1, 199, 189, 12.0, 13, ABprpaaaapa, 4935, 0, 0, 0, , 0, 0, 0, 0, 0, 
234, 1, 233, 235, -1, 233, 182, 15.0, 13, ABprpaaappa, 4818, 0, 0, 0, , 0, 0, 0, 0, 0, 
235, 1, 234, 236, -1, 223, 199, 15.0, 13, ABprpapaapa, 3420, 0, 0, 0, , 0, 0, 0, 0, 0, 
236, 1, 235, 237, -1, 221, 184, 15.0, 15, ABprpaaappp, 6388, 0, 0, 0, , 0, 0, 0, 0, 0, 
237, 1, 236, 238, -1, 247, 167, 16.0, 15, ABprpaaapa, 16322, 0, 0, 0, , 0, 0, 0, 0, 0, 
238, 1, 237, 239, -1, 245, 179, 20.0, 13, ABprpaapaap, 4731, 0, 0, 0, , 0, 0, 0, 0, 0, 
239, 1, 238, 240, -1, 249, 157, 21.0, 13, ABprpaapapa, 5785, 0, 0, 0, , 0, 0, 0, 0, 0, 
240, 1, 239, 241, -1, 235, 162, 19.0, 13, ABprpaapapp, 5332, 0, 0, 0, , 0, 0, 0, 0, 0, 
241, 1, 240, 242, -1, 230, 168, 17.0, 15, ABprpaapppa, 4336, 0, 0, 0, , 0, 0, 0, 0, 0, 
242, 1, 241, 243, -1, 219, 174, 18.0, 15, ABprpaapppp, 4426, 0, 0, 0, , 0, 0, 0, 0, 0, 
243, 1, 242, 244, -1, 219, 191, 27.0, 15, ABprpaappap, 3444, 0, 0, 0, , 0, 0, 0, 0, 0, 
244, 1, 243, 245, -1, 229, 186, 23.0, 15, ABprpaappaa, 5333, 0, 0, 0, , 0, 0, 0, 0, 0, 
245, 1, 244, 246, -1, 85, 260, 11.0, 13, ABprpppaapp, 6008, 0, 0, 0, , 0, 0, 0, 0, 0, 
246, 1, 245, 247, -1, 101, 255, 11.0, 15, ABprpppaapa, 5008, 0, 0, 0, , 0, 0, 0, 0, 0, 
247, 1, 246, 248, -1, 115, 241, 11.0, 13, ABprpppaaap, 5343, 0, 0, 0, , 0, 0, 0, 0, 0, 
248, 1, 247, 249, -1, 137, 244, 11.0, 13, ABprpppaaaa, 4543, 0, 0, 0, , 0, 0, 0, 0, 0, 
249, 1, 248, 250, -1, 109, 273, 10.0, 13, ABprpppapaa, 4841, 0, 0, 0, , 0, 0, 0, 0, 0, 
250, 1, 249, 251, -1, 104, 291, 11.0, 11, ABprpppapap, 2761, 0, 0, 0, , 0, 0, 0, 0, 0, 
251, 1, 250, 252, -1, 108, 304, 11.0, 13, ABprpppapp, 4806, 0, 0, 0, , 0, 0, 0, 0, 0, 
252, 1, 251, 253, -1, 128, 260, 10.0, 15, ABprppppapa, 5185, 0, 0, 0, , 0, 0, 0, 0, 0, 
253, 1, 252, 254, -1, 122, 281, 10.0, 13, ABprppppapp, 3917, 0, 0, 0, , 0, 0, 0, 0, 0, 
254, 1, 253, 255, -1, 147, 266, 10.0, 13, ABprppppaaa, 4633, 0, 0, 0, , 0, 0, 0, 0, 0, 
255, 1, 254, 256, -1, 139, 273, 11.0, 13, ABprppppaap, 3982, 0, 0, 0, , 0, 0, 0, 0, 0, 
256, 1, 255, 257, -1, 72, 296, 12.0, 15, ABprppppppp, 4055, 0, 0, 0, , 0, 0, 0, 0, 0, 
257, 1, 256, 258, -1, 89, 299, 10.0, 13, ABprppppppa, 3677, 0, 0, 0, , 0, 0, 0, 0, 0, 
258, 1, 257, 259, -1, 123, 261, 15.0, 13, ABprpppppaa, 4689, 0, 0, 0, , 0, 0, 0, 0, 0, 
259, 1, 258, 260, -1, 110, 275, 14.0, 13, ABprpppppap, 4790, 0, 0, 0, , 0, 0, 0, 0, 0, 
260, 1, 259, 261, -1, 188, 207, 14.0, 13, ABprppaapa, 6398, 0, 0, 0, , 0, 0, 0, 0, 0, 
261, 1, 260, 262, -1, 172, 240, 10.0, 13, ABprppaappa, 5475, 0, 0, 0, , 0, 0, 0, 0, 0, 
262, 1, 261, 263, -1, 153, 247, 10.0, 13, ABprppaappp, 5518, 0, 0, 0, , 0, 0, 0, 0, 0, 
263, 1, 262, 264, -1, 214, 194, 18.0, 13, ABprppaaaaa, 4662, 0, 0, 0, , 0, 0, 0, 0, 0, 
264, 1, 263, 265, -1, 200, 191, 16.0, 15, ABprppaaaap, 4813, 0, 0, 0, , 0, 0, 0, 0, 0, 
265, 1, 264, 266, -1, 195, 181, 19.0, 11, ABprppaaap, 5095, 0, 0, 0, , 0, 0, 0, 0, 0, 
266, 1, 265, 267, -1, 167, 206, 15.0, 15, ABprppapaaa, 5648, 0, 0, 0, , 0, 0, 0, 0, 0, 
267, 1, 266, 268, -1, 151, 211, 15.0, 13, ABprppapaap, 3948, 0, 0, 0, , 0, 0, 0, 0, 0, 
268, 1, 267, 269, -1, 132, 222, 15.0, 17, ABprppapap, 8180, 0, 0, 0, , 0, 0, 0, 0, 0, 
269, 1, 268, 270, -1, 131, 230, 12.0, 17, ABprppappp, 5847, 0, 0, 0, , 0, 0, 0, 0, 0, 
270, 1, 269, 271, -1, 166, 216, 12.0, 15, ABprppappaa, 4147, 0, 0, 0, , 0, 0, 0, 0, 0, 
271, 1, 270, 272, -1, 151, 227, 11.0, 13, ABprppappap, 4109, 0, 0, 0, , 0, 0, 0, 0, 0, 
272, 1, 271, 273, -1, 333, 183, 29.0, 15, ABpraapaaaa, 5022, 0, 0, 0, , 0, 0, 0, 0, 0, 
273, 1, 272, 275, -1, 317, 176, 32.0, 15, ABpraapaaap, 4494, 0, 0, 0, , 0, 0, 0, 0, 0, 
274, 1, 273, 276, -1, 297, 168, 29.0, 15, ABpraapaapa, 5084, 0, 0, 0, , 0, 0, 0, 0, 0, 
275, 1, 274, 277, -1, 249, 172, 26.0, 15, ABpraapapap, 4670, 0, 0, 0, , 0, 0, 0, 0, 0, 
276, 1, 275, 278, -1, 270, 179, 25.0, 13, ABpraapapaa, 4810, 0, 0, 0, , 0, 0, 0, 0, 0, 
277, 1, 276, 279, -1, 243, 171, 29.0, 15, ABpraapappp, 5331, 0, 0, 0, , 0, 0, 0, 0, 0, 
278, 1, 277, 280, -1, 262, 177, 28.0, 15, ABpraapappa, 5200, 0, 0, 0, , 0, 0, 0, 0, 0, 
279, 1, 278, 281, -1, 162, 192, 23.0, 15, ABpraapppp, 9988, 0, 0, 0, , 0, 0, 0, 0, 0, 
280, 1, 279, 282, -1, 192, 175, 23.0, 17, ABpraapppa, 5298, 0, 0, 0, , 0, 0, 0, 0, 0, 
281, 1, 280, 283, -1, 208, 170, 20.0, 17, ABpraappap, 8462, 0, 0, 0, , 0, 0, 0, 0, 0, 
282, 1, 281, 284, -1, 225, 165, 22.0, 13, ABpraappaa, 4788, 0, 0, 0, , 0, 0, 0, 0, 0, 
283, 1, 282, 285, -1, 292, 168, 25.0, 15, ABpraaapapa, 4085, 0, 0, 0, , 0, 0, 0, 0, 0, 
284, 1, 283, 286, -1, 274, 161, 26.0, 11, ABpraaapapp, 4082, 0, 0, 0, , 0, 0, 0, 0, 0, 
285, 1, 284, 287, -1, 277, 182, 20.0, 17, ABpraaapaa, 6180, 0, 0, 0, , 0, 0, 0, 0, 0, 
286, 1, 285, 288, -1, 263, 182, 22.0, 13, ABpraaappaa, 3728, 0, 0, 0, , 0, 0, 0, 0, 0, 
287, 1, 286, 289, -1, 249, 180, 23.0, 13, ABpraaappap, 4684, 0, 0, 0, , 0, 0, 0, 0, 0, 
288, 1, 287, 290, -1, 237, 187, 26.0, 15, ABpraaapppa, 4848, 0, 0, 0, , 0, 0, 0, 0, 0, 
289, 1, 288, 291, -1, 224, 172, 26.0, 17, ABpraaapppp, 3256, 0, 0, 0, , 0, 0, 0, 0, 0, 
290, 1, 289, 292, -1, 286, 160, 20.0, 17, ABpraaaaap, 6382, 0, 0, 0, , 0, 0, 0, 0, 0, 
291, 1, 290, 293, -1, 272, 169, 16.0, 15, ABpraaaaaa, 7965, 0, 0, 0, , 0, 0, 0, 0, 0, 
292, 1, 291, 294, -1, 262, 177, 18.0, 15, ABpraaaapav, 2285, 0, 0, 0, , 0, 0, 0, 0, 0, 
293, 1, 292, 295, -1, 267, 159, 20.0, 13, ABpraaaapad, 4165, 0, 0, 0, , 0, 0, 0, 0, 0, 
294, 1, 293, 296, -1, 274, 155, 23.0, 13, ABpraaaappa, 4348, 0, 0, 0, , 0, 0, 0, 0, 0, 
295, 1, 294, 297, -1, 261, 158, 24.0, 15, ABpraaaappp, 4992, 0, 0, 0, , 0, 0, 0, 0, 0, 
296, 1, 295, 298, -1, 110, 221, 20.0, 15, ABprappapp, 8232, 0, 0, 0, , 0, 0, 0, 0, 0, 
297, 1, 296, 299, -1, 120, 221, 30.0, 15, ABprappapa, 7062, 0, 0, 0, , 0, 0, 0, 0, 0, 
298, 1, 297, 300, -1, 119, 210, 23.0, 15, ABprappaap, 8258, 0, 0, 0, , 0, 0, 0, 0, 0, 
299, 1, 298, 301, -1, 139, 201, 20.0, 17, ABprappaaa, 8514, 0, 0, 0, , 0, 0, 0, 0, 0, 
300, 1, 299, 302, -1, 78, 261, 19.0, 17, ABprapppaa, 24171, 0, 0, 0, , 0, 0, 0, 0, 0, 
301, 1, 300, 303, -1, 91, 280, 12.0, 13, ABprapppapp, 3605, 0, 0, 0, , 0, 0, 0, 0, 0, 
302, 1, 301, 304, -1, 91, 257, 14.0, 13, ABprapppapa, 4051, 0, 0, 0, , 0, 0, 0, 0, 0, 
303, 1, 302, 305, -1, 74, 271, 14.0, 17, ABprappppp, 9984, 0, 0, 0, , 0, 0, 0, 0, 0, 
304, 1, 303, 306, -1, 81, 248, 15.0, 15, ABprappppa, 6343, 0, 0, 0, , 0, 0, 0, 0, 0, 
305, 1, 304, 307, -1, 203, 194, 27.0, 15, ABprapaaapa, 4940, 0, 0, 0, , 0, 0, 0, 0, 0, 
306, 1, 305, 308, -1, 186, 191, 27.0, 15, ABprapaaapp, 4255, 0, 0, 0, , 0, 0, 0, 0, 0, 
307, 1, 306, 309, -1, 212, 199, 33.0, 13, ABprapaaaap, 4685, 0, 0, 0, , 0, 0, 0, 0, 0, 
308, 1, 307, 310, -1, 222, 202, 30.0, 13, ABprapaaaaa, 4550, 0, 0, 0, , 0, 0, 0, 0, 0, 
309, 1, 308, 311, -1, 147, 194, 25.0, 13, ABprapaapp, 6290, 0, 0, 0, , 0, 0, 0, 0, 0, 
310, 1, 309, 312, -1, 175, 181, 22.0, 15, ABprapaapa, 5562, 0, 0, 0, , 0, 0, 0, 0, 0, 
311, 1, 310, 313, -1, 89, 240, 17.0, 17, ABprapappa, 6583, 0, 0, 0, , 0, 0, 0, 0, 0, 
312, 1, 311, 314, -1, 66, 286, 18.0, 15, ABprapapppp, 5267, 0, 0, 0, , 0, 0, 0, 0, 0, 
313, 1, 312, 315, -1, 71, 269, 22.0, 13, ABprapapppa, 3622, 0, 0, 0, , 0, 0, 0, 0, 0, 
314, 1, 313, 316, -1, 92, 231, 22.0, 15, ABprapapap, 6856, 0, 0, 0, , 0, 0, 0, 0, 0, 
315, 1, 314, 317, -1, 85, 253, 28.0, 17, ABprapapaa, 7216, 0, 0, 0, , 0, 0, 0, 0, 0, 
316, 1, 315, 318, -1, 235, 204, 28.0, 13, MSppppap, 3093, 0, 0, 0, , 0, 0, 0, 0, 0, 
317, 1, 316, 319, -1, 223, 205, 20.0, 11, MSppppaa, 2465, 0, 0, 0, , 0, 0, 0, 0, 0, 
318, 1, 317, 320, -1, 237, 220, 31.0, 15, MSpppppa, 1753, 0, 0, 0, , 0, 0, 0, 0, 0, 
319, 1, 318, 321, -1, 208, 224, 30.0, 17, MSpppppp, 3251, 0, 0, 0, , 0, 0, 0, 0, 0, 
320, 1, 319, 322, -1, 210, 218, 19.0, 17, MSpppaaa, 4730, 0, 0, 0, , 0, 0, 0, 0, 0, 
321, 1, 320, 323, -1, 147, 242, 19.0, 19, MSpppaap, 10278, 0, 0, 0, , 0, 0, 0, 0, 0, 
322, 1, 321, 324, -1, 195, 213, 18.0, 13, MSpppapp, 2666, 0, 0, 0, , 0, 0, 0, 0, 0, 
323, 1, 322, 325, -1, 211, 216, 17.0, 13, MSpppapa, 3623, 0, 0, 0, , 0, 0, 0, 0, 0, 
324, 1, 323, 326, -1, 215, 215, 13.0, 13, ABprpapaaap, 5648, 0, 0, 0, , 0, 0, 0, 0, 0, 
325, 1, 324, 327, -1, 186, 240, 14.0, 15, MSppaapp, 5107, 0, 0, 0, , 0, 0, 0, 0, 0, 
326, 1, 325, 328, -1, 239, 205, 17.0, 11, MSppaapa, 3673, 0, 0, 0, , 0, 0, 0, 0, 0, 
327, 1, 326, 329, -1, 288, 203, 15.0, 13, MSppaaaa, 3284, 0, 0, 0, , 0, 0, 0, 0, 0, 
328, 1, 327, 330, -1, 285, 188, 25.0, 15, MSppaaap, 5525, 0, 0, 0, , 0, 0, 0, 0, 0, 
329, 1, 328, 331, -1, 264, 190, 29.0, 17, MSppappa, 10462, 0, 0, 0, , 0, 0, 0, 0, 0, 
330, 1, 329, 332, -1, 248, 198, 23.0, 17, MSppapaa, 5358, 0, 0, 0, , 0, 0, 0, 0, 0, 
331, 1, 330, 333, -1, 237, 195, 19.0, 13, MSppapap, 2961, 0, 0, 0, , 0, 0, 0, 0, 0, 
332, 1, 331, 334, -1, 198, 262, 14.0, 13, MSpapappp, 3961, 0, 0, 0, , 0, 0, 0, 0, 0, 
333, 1, 332, 335, -1, 218, 257, 16.0, 17, MSpapappa, 5237, 0, 0, 0, , 0, 0, 0, 0, 0, 
334, 1, 333, 336, -1, 200, 248, 17.0, 15, MSpapapa, 6598, 0, 0, 0, , 0, 0, 0, 0, 0, 
335, 1, 334, 337, -1, 231, 233, 16.0, 13, MSpapaaaa, 3462, 0, 0, 0, , 0, 0, 0, 0, 0, 
336, 1, 335, 338, -1, 220, 236, 17.0, 15, MSpapaaap, 5521, 0, 0, 0, , 0, 0, 0, 0, 0, 
337, 1, 336, 339, -1, 205, 239, 22.0, 17, MSpapaapp, 19192, 0, 0, 0, , 0, 0, 0, 0, 0, 
338, 0, 337, -1, -1, 197, 240, 24.0, 11, , 3071, 0, 0, 0, , 0, 0, 0, 0, 0, 
339, 0, -1, -1, -1, 209, 241, 24.0, 11, , 1423, 0, 0, 0, , 0, 0, 0, 0, 0, 
340, 1, 339, 342, -1, 168, 315, 14.0, 15, MSpappaa, 4214, 0, 0, 0, , 0, 0, 0, 0, 0, 
341, 1, 340, 343, -1, 152, 232, 16.0, 15, MSpapppp, 6585, 0, 0, 0, , 0, 0, 0, 0, 0, 
342, 1, 341, 344, -1, 169, 221, 18.0, 19, MSpapppa, 6062, 0, 0, 0, , 0, 0, 0, 0, 0, 
343, 1, 342, 345, -1, 251, 234, 27.0, 15, MSpaaappa, 5962, 0, 0, 0, , 0, 0, 0, 0, 0, 
344, 1, 343, 346, -1, 232, 241, 27.0, 15, MSpaaappp, 5257, 0, 0, 0, , 0, 0, 0, 0, 0, 
345, 1, 344, 347, -1, 243, 251, 30.0, 17, MSpaaapa, 6377, 0, 0, 0, , 0, 0, 0, 0, 0, 
346, 1, 345, 348, -1, 279, 211, 28.0, 15, MSpaaaapa, 5631, 0, 0, 0, , 0, 0, 0, 0, 0, 
347, 1, 346, 349, -1, 263, 220, 29.0, 15, MSpaaaapp, 4353, 0, 0, 0, , 0, 0, 0, 0, 0, 
348, 1, 347, 350, -1, 271, 221, 32.0, 17, MSpaaaaa, 9879, 0, 0, 0, , 0, 0, 0, 0, 0, 
349, 1, 348, 351, -1, 229, 221, 19.0, 13, ABaraappppa, 4751, 0, 0, 0, , 0, 0, 0, 0, 0, 
350, 1, 349, 352, -1, 239, 222, 21.0, 15, ABaraapppap, 6333, 0, 0, 0, , 0, 0, 0, 0, 0, 
351, 1, 350, 353, -1, 236, 222, 27.0, 13, MSpaapaap, 4180, 0, 0, 0, , 0, 0, 0, 0, 0, 
352, 1, 351, 354, -1, 257, 216, 26.0, 13, MSpaapaaa, 3089, 0, 0, 0, , 0, 0, 0, 0, 0, 
353, 1, 352, 355, -1, 183, 255, 23.0, 25, Earap, 15538, 0, 0, 0, , 0, 0, 0, 0, 0, 
354, 1, 353, 356, -1, 264, 301, 22.0, 15, MSapppaa, 3467, 0, 0, 0, , 0, 0, 0, 0, 0, 
355, 1, 354, 357, -1, 254, 287, 27.0, 17, MSapppap, 3784, 0, 0, 0, , 0, 0, 0, 0, 0, 
356, 1, 355, 358, -1, 241, 284, 30.0, 15, MSappppa, 6601, 0, 0, 0, , 0, 0, 0, 0, 0, 
357, 1, 356, 359, -1, 214, 305, 30.0, 15, MSappppp, 2466, 0, 0, 0, , 0, 0, 0, 0, 0, 
358, 1, 357, 360, -1, 176, 316, 18.0, 15, MSappaap, 4419, 0, 0, 0, , 0, 0, 0, 0, 0, 
359, 1, 358, 361, -1, 232, 300, 21.0, 15, MSappaaa, 4661, 0, 0, 0, , 0, 0, 0, 0, 0, 
360, 1, 359, 362, -1, 239, 303, 19.0, 13, MSappapp, 2256, 0, 0, 0, , 0, 0, 0, 0, 0, 
361, 1, 360, 363, -1, 254, 295, 20.0, 11, MSappapa, 2778, 0, 0, 0, , 0, 0, 0, 0, 0, 
362, 1, 361, 364, -1, 292, 272, 30.0, 15, MSapappa, 8980, 0, 0, 0, , 0, 0, 0, 0, 0, 
363, 1, 362, 365, -1, 280, 268, 32.0, 15, MSapappp, 2039, 0, 0, 0, , 0, 0, 0, 0, 0, 
364, 1, 363, 366, -1, 272, 288, 18.0, 11, MSapapap, 1934, 0, 0, 0, , 0, 0, 0, 0, 0, 
365, 1, 364, 367, -1, 280, 279, 23.0, 17, MSapapaa, 7301, 0, 0, 0, , 0, 0, 0, 0, 0, 
366, 1, 365, 368, -1, 220, 297, 16.0, 15, MSapaapp, 6318, 0, 0, 0, , 0, 0, 0, 0, 0, 
367, 1, 366, 572, -1, 282, 283, 17.0, 11, MSapaapa, 4223, 0, 0, 0, , 0, 0, 0, 0, 0, 
368, 1, 367, 370, -1, 316, 248, 16.0, 17, MSapaaaa, 5316, 0, 0, 0, , 0, 0, 0, 0, 0, 
369, 1, 368, 371, -1, 316, 253, 24.0, 15, MSapaaap, 6351, 0, 0, 0, , 0, 0, 0, 0, 0, 
370, 1, 369, 372, -1, 306, 213, 29.0, 19, MSaaaaapa, 4581, 0, 0, 0, , 0, 0, 0, 0, 0, 
371, 1, 370, 373, -1, 302, 232, 31.0, 15, MSaaaaapp, 5229, 0, 0, 0, , 0, 0, 0, 0, 0, 
372, 1, 371, 374, -1, 325, 215, 25.0, 19, MSaaaaaa, 24534, 0, 0, 0, , 0, 0, 0, 0, 0, 
373, 1, 372, 375, -1, 284, 232, 31.0, 13, MSaaaapaa, 4101, 0, 0, 0, , 0, 0, 0, 0, 0, 
374, 1, 373, 376, -1, 265, 241, 30.0, 13, MSaaaapap, 5474, 0, 0, 0, , 0, 0, 0, 0, 0, 
375, 1, 374, 377, -1, 246, 267, 27.0, 13, MSaaaappp, 6187, 0, 0, 0, , 0, 0, 0, 0, 0, 
376, 1, 375, 378, -1, 265, 257, 29.0, 13, MSaaaappa, 5651, 0, 0, 0, , 0, 0, 0, 0, 0, 
377, 1, 376, 379, -1, 244, 263, 25.0, 13, MSaaapapp, 3479, 0, 0, 0, , 0, 0, 0, 0, 0, 
378, 1, 377, 380, -1, 282, 252, 28.0, 13, MSaaapaap, 4116, 0, 0, 0, , 0, 0, 0, 0, 0, 
379, 0, 378, -1, -1, 300, 248, 27.0, 15, , 2835, 0, 0, 0, , 0, 0, 0, 0, 0, 
380, 1, 379, 382, -1, 228, 274, 27.0, 11, MSaaappa, 3417, 0, 0, 0, , 0, 0, 0, 0, 0, 
381, 1, 380, 383, -1, 228, 262, 29.0, 15, MSaaappp, 4613, 0, 0, 0, , 0, 0, 0, 0, 0, 
382, 1, 381, 384, -1, 187, 315, 15.0, 15, MSaapppp, 5303, 0, 0, 0, , 0, 0, 0, 0, 0, 
383, 1, 382, 385, -1, 208, 318, 18.0, 19, MSaapppa, 6742, 0, 0, 0, , 0, 0, 0, 0, 0, 
384, 1, 383, 386, -1, 244, 280, 17.0, 15, MSaapaaap, 5308, 0, 0, 0, , 0, 0, 0, 0, 0, 
385, 1, 384, 387, -1, 256, 272, 16.0, 13, MSaapaaaa, 3235, 0, 0, 0, , 0, 0, 0, 0, 0, 
386, 1, 385, 388, -1, 209, 280, 17.0, 13, MSaapappp, 4065, 0, 0, 0, , 0, 0, 0, 0, 0, 
387, 1, 386, 389, -1, 233, 275, 18.0, 15, MSaapappa, 3703, 0, 0, 0, , 0, 0, 0, 0, 0, 
388, 1, 387, 390, -1, 222, 282, 19.0, 15, MSaapapa, 6214, 0, 0, 0, , 0, 0, 0, 0, 0, 
389, 1, 388, 391, -1, 200, 286, 20.0, 19, Ealpa, 10285, 0, 0, 0, , 0, 0, 0, 0, 0, 
390, 1, 389, 392, -1, 161, 299, 22.0, 19, Ealpp, 11619, 0, 0, 0, , 0, 0, 0, 0, 0, 
391, 1, 390, 393, -1, 132, 300, 20.0, 15, Eplpa, 8418, 0, 0, 0, , 0, 0, 0, 0, 0, 
392, 1, 391, 394, -1, 116, 335, 20.0, 15, Cappap, 3386, 0, 0, 0, , 0, 0, 0, 0, 0, 
393, 1, 392, 395, -1, 167, 340, 26.0, 13, Cappaaa, 3436, 0, 0, 0, , 0, 0, 0, 0, 0, 
394, 1, 393, 396, -1, 116, 335, 26.0, 17, Capppa, 8206, 0, 0, 0, , 0, 0, 0, 0, 0, 
395, 1, 394, 397, -1, 103, 322, 16.0, 17, Capppp, 15916, 0, 0, 0, , 0, 0, 0, 0, 0, 
396, 1, 395, 398, -1, 141, 343, 24.0, 21, Capapa, 11168, 0, 0, 0, , 0, 0, 0, 0, 0, 
397, 1, 396, 399, -1, 147, 334, 15.0, 17, Capapp, 8093, 0, 0, 0, , 0, 0, 0, 0, 0, 
398, 1, 397, 400, -1, 159, 339, 19.0, 19, Capaap, 8556, 0, 0, 0, , 0, 0, 0, 0, 0, 
399, 1, 398, 401, -1, 185, 334, 23.0, 17, Capaaa, 8625, 0, 0, 0, , 0, 0, 0, 0, 0, 
400, 1, 399, 402, -1, 89, 299, 29.0, 15, Caaapp, 6110, 0, 0, 0, , 0, 0, 0, 0, 0, 
401, 1, 400, 403, -1, 68, 310, 18.0, 15, Caappd, 1944, 0, 0, 0, , 0, 0, 0, 0, 0, 
402, 1, 401, 404, -1, 80, 330, 15.0, 15, Caappv, 4749, 0, 0, 0, , 0, 0, 0, 0, 0, 
403, 1, 402, 405, -1, 93, 305, 15.0, 15, Caapaa, 3684, 0, 0, 0, , 0, 0, 0, 0, 0, 
404, 1, 403, 406, -1, 82, 307, 12.0, 13, Caapap, 3188, 0, 0, 0, , 0, 0, 0, 0, 0, 
405, 1, 404, 407, -1, 69, 309, 22.0, 19, Cpappd, 34215, 0, 0, 0, , 0, 0, 0, 0, 0, 
406, 1, 405, 408, -1, 73, 313, 16.0, 17, Cpappv, 6221, 0, 0, 0, , 0, 0, 0, 0, 0, 
407, 1, 406, 409, -1, 78, 330, 24.0, 21, Cpapaa, 10045, 0, 0, 0, , 0, 0, 0, 0, 0, 
408, 1, 407, 410, -1, 98, 297, 31.0, 15, Cpaapp, 5789, 0, 0, 0, , 0, 0, 0, 0, 0, 
409, 1, 408, 411, -1, 126, 237, 19.0, 17, Cppaap, 9007, 0, 0, 0, , 0, 0, 0, 0, 0, 
410, 1, 409, 412, -1, 139, 224, 22.0, 15, Cppaaap, 4343, 0, 0, 0, , 0, 0, 0, 0, 0, 
411, 1, 410, 413, -1, 153, 217, 22.0, 15, Cppaaaa, 4809, 0, 0, 0, , 0, 0, 0, 0, 0, 
412, 1, 411, 414, -1, 120, 239, 26.0, 21, Cppapa, 13544, 0, 0, 0, , 0, 0, 0, 0, 0, 
413, 1, 412, 415, -1, 108, 250, 14.0, 17, Cppapp, 6214, 0, 0, 0, , 0, 0, 0, 0, 0, 
414, 1, 413, 416, -1, 123, 248, 30.0, 15, Cpppaap, 5733, 0, 0, 0, , 0, 0, 0, 0, 0, 
415, 1, 414, 417, -1, 141, 224, 27.0, 15, Cpppaaa, 6102, 0, 0, 0, , 0, 0, 0, 0, 0, 
416, 1, 415, 418, -1, 92, 268, 19.0, 13, Cpppapp, 4387, 0, 0, 0, , 0, 0, 0, 0, 0, 
417, 1, 416, 419, -1, 107, 249, 22.0, 15, Cpppapa, 8041, 0, 0, 0, , 0, 0, 0, 0, 0, 
418, 1, 417, 420, -1, 240, 317, 23.0, 15, Daapa, 5413, 0, 0, 0, , 0, 0, 0, 0, 0, 
419, 1, 418, 421, -1, 222, 328, 21.0, 15, Daapp, 5356, 0, 0, 0, , 0, 0, 0, 0, 0, 
420, 1, 419, 422, -1, 251, 297, 24.0, 17, Daaaa, 7044, 0, 0, 0, , 0, 0, 0, 0, 0, 
421, 1, 420, 423, -1, 231, 307, 27.0, 15, Daaap, 4789, 0, 0, 0, , 0, 0, 0, 0, 0, 
422, 1, 421, 424, -1, 196, 314, 30.0, 17, Dappa, 5257, 0, 0, 0, , 0, 0, 0, 0, 0, 
423, 1, 422, 425, -1, 163, 323, 30.0, 19, Dappp, 5658, 0, 0, 0, , 0, 0, 0, 0, 0, 
424, 1, 423, 426, -1, 175, 207, 20.0, 15, Dpapp, 5261, 0, 0, 0, , 0, 0, 0, 0, 0, 
425, 1, 424, 427, -1, 199, 204, 22.0, 13, Dpapa, 4218, 0, 0, 0, , 0, 0, 0, 0, 0, 
426, 1, 425, 428, -1, 208, 212, 29.0, 15, Dpaap, 3664, 0, 0, 0, , 0, 0, 0, 0, 0, 
427, 1, 426, 429, -1, 218, 205, 23.0, 15, Dpaaa, 5438, 0, 0, 0, , 0, 0, 0, 0, 0, 
428, 1, 427, 430, -1, 150, 234, 31.0, 19, Dpppp, 6177, 0, 0, 0, , 0, 0, 0, 0, 0, 
429, 1, 428, 431, -1, 176, 223, 30.0, 23, Dpppa, 16839, 0, 0, 0, , 0, 0, 0, 0, 0, 
430, 1, 429, 432, -1, 189, 209, 25.0, 19, Dppaa, 11877, 0, 0, 0, , 0, 0, 0, 0, 0, 
431, 1, 430, 433, -1, 160, 210, 27.0, 15, Dppap, 5691, 0, 0, 0, , 0, 0, 0, 0, 0, 
432, 1, 431, 434, -1, 158, 251, 14.0, 19, Z2, 9887, 0, 0, 0, , 0, 0, 0, 0, 0, 
433, 0, 432, -1, -1, 380, 244, 24.0, 15, , 7723, 0, 0, 0, , 0, 0, 0, 0, 0, 
434, 1, 433, 436, -1, 324, 291, 24.0, 11, ABalpppappa, 4171, 0, 0, 0, , 0, 0, 0, 0, 0, 
435, 1, 434, 437, -1, 321, 288, 26.0, 13, ABalpppappp, 2551, 0, 0, 0, , 0, 0, 0, 0, 0, 
436, 1, 435, 438, -1, 303, 273, 22.0, 13, ABalpppppaa, 4914, 0, 0, 0, , 0, 0, 0, 0, 0, 
437, 1, 436, 439, -1, 295, 288, 23.0, 13, ABalpppppap, 3928, 0, 0, 0, , 0, 0, 0, 0, 0, 
438, 1, 437, 440, -1, 276, 296, 27.0, 13, ABalppppppa, 6970, 0, 0, 0, , 0, 0, 0, 0, 0, 
439, 1, 438, 441, -1, 291, 310, 27.0, 19, ABalppppppp, 9174, 0, 0, 0, , 0, 0, 0, 0, 0, 
440, 1, 439, 442, -1, 338, 277, 27.0, 13, ABalppppapp, 4149, 0, 0, 0, , 0, 0, 0, 0, 0, 
441, 1, 440, 443, -1, 343, 264, 26.0, 15, ABalppppapa, 4016, 0, 0, 0, , 0, 0, 0, 0, 0, 
442, 1, 441, 444, -1, 316, 275, 20.0, 11, ABalppppaad, 4316, 0, 0, 0, , 0, 0, 0, 0, 0, 
443, 1, 442, 445, -1, 318, 274, 23.0, 13, ABalppppaav, 2472, 0, 0, 0, , 0, 0, 0, 0, 0, 
444, 1, 443, 446, -1, 344, 282, 18.0, 15, ABalpppaaaa, 5834, 0, 0, 0, , 0, 0, 0, 0, 0, 
445, 1, 444, 447, -1, 329, 286, 16.0, 11, ABalpppaaap, 5075, 0, 0, 0, , 0, 0, 0, 0, 0, 
446, 1, 445, 448, -1, 340, 282, 22.0, 15, ABalpppaap, 7222, 0, 0, 0, , 0, 0, 0, 0, 0, 
447, 1, 446, 449, -1, 327, 289, 18.0, 13, ABalpppapad, 4092, 0, 0, 0, , 0, 0, 0, 0, 0, 
448, 1, 447, 450, -1, 322, 300, 19.0, 13, ABalpppapav, 3892, 0, 0, 0, , 0, 0, 0, 0, 0, 
449, 1, 448, 451, -1, 348, 261, 18.0, 13, ABalaaapalr, 3055, 0, 0, 0, , 0, 0, 0, 0, 0, 
450, 1, 449, 452, -1, 346, 262, 16.0, 13, ABalppaaaa, 5741, 0, 0, 0, , 0, 0, 0, 0, 0, 
451, 1, 450, 453, -1, 336, 274, 13.0, 13, ABalppaaapp, 4428, 0, 0, 0, , 0, 0, 0, 0, 0, 
452, 1, 451, 454, -1, 297, 303, 13.0, 15, ABalppaappp, 4940, 0, 0, 0, , 0, 0, 0, 0, 0, 
453, 1, 452, 455, -1, 317, 277, 11.0, 13, ABalppaapa, 6070, 0, 0, 0, , 0, 0, 0, 0, 0, 
454, 1, 453, 456, -1, 293, 280, 13.0, 15, ABalppapppa, 5064, 0, 0, 0, , 0, 0, 0, 0, 0, 
455, 1, 454, 457, -1, 284, 291, 12.0, 13, ABalppapppp, 5228, 0, 0, 0, , 0, 0, 0, 0, 0, 
456, 1, 455, 458, -1, 310, 269, 14.0, 13, ABalppappap, 5357, 0, 0, 0, , 0, 0, 0, 0, 0, 
457, 1, 456, 459, -1, 325, 259, 15.0, 13, ABalppappaa, 5297, 0, 0, 0, , 0, 0, 0, 0, 0, 
458, 1, 457, 460, -1, 298, 272, 10.0, 13, ABalppapapa, 4336, 0, 0, 0, , 0, 0, 0, 0, 0, 
459, 1, 458, 461, -1, 281, 291, 9.0, 15, ABalppapapp, 6148, 0, 0, 0, , 0, 0, 0, 0, 0, 
460, 1, 459, 462, -1, 328, 260, 12.0, 13, ABalppapaaa, 5672, 0, 0, 0, , 0, 0, 0, 0, 0, 
461, 1, 460, 463, -1, 311, 265, 11.0, 11, ABalppapaap, 4771, 0, 0, 0, , 0, 0, 0, 0, 0, 
462, 1, 461, 464, -1, 256, 304, 10.0, 17, ABalpapapap, 9255, 0, 0, 0, , 0, 0, 0, 0, 0, 
463, 1, 462, 465, -1, 265, 282, 10.0, 15, ABalpapapaa, 7587, 0, 0, 0, , 0, 0, 0, 0, 0, 
464, 1, 463, 466, -1, 237, 322, 11.0, 15, ABalpapappa, 6778, 0, 0, 0, , 0, 0, 0, 0, 0, 
465, 1, 464, 467, -1, 229, 326, 14.0, 17, ABalpapappp, 6640, 0, 0, 0, , 0, 0, 0, 0, 0, 
466, 1, 465, 468, -1, 263, 243, 10.0, 17, ABalpapaapp, 6697, 0, 0, 0, , 0, 0, 0, 0, 0, 
467, 1, 466, 469, -1, 283, 240, 10.0, 13, ABalpapaapa, 5261, 0, 0, 0, , 0, 0, 0, 0, 0, 
468, 1, 467, 470, -1, 302, 253, 10.0, 15, ABalpapaaaa, 5314, 0, 0, 0, , 0, 0, 0, 0, 0, 
469, 1, 468, 471, -1, 284, 264, 10.0, 15, ABalpapaaap, 6160, 0, 0, 0, , 0, 0, 0, 0, 0, 
470, 1, 469, 472, -1, 268, 255, 11.0, 17, ABalpappapa, 10889, 0, 0, 0, , 0, 0, 0, 0, 0, 
471, 1, 470, 473, -1, 284, 256, 15.0, 15, ABalpappaap, 7975, 0, 0, 0, , 0, 0, 0, 0, 0, 
472, 1, 471, 474, -1, 280, 235, 16.0, 11, ABalpappaaa, 4889, 0, 0, 0, , 0, 0, 0, 0, 0, 
473, 1, 472, 475, -1, 232, 267, 12.0, 15, ABalpappapp, 5813, 0, 0, 0, , 0, 0, 0, 0, 0, 
474, 1, 473, 476, -1, 272, 268, 17.0, 13, ABalpapppa, 10182, 0, 0, 0, , 0, 0, 0, 0, 0, 
475, 1, 474, 477, -1, 302, 249, 17.0, 13, ABalpaaapaa, 4435, 0, 0, 0, , 0, 0, 0, 0, 0, 
476, 1, 475, 478, -1, 288, 258, 20.0, 13, ABalpaaapap, 6648, 0, 0, 0, , 0, 0, 0, 0, 0, 
477, 1, 476, 479, -1, 297, 247, 12.0, 21, ABalpaaaap, 37963, 0, 0, 0, , 0, 0, 0, 0, 0, 
478, 1, 477, 480, -1, 291, 247, 14.0, 11, ABalpaaaaap, 3970, 0, 0, 0, , 0, 0, 0, 0, 0, 
479, 1, 478, 481, -1, 308, 231, 13.0, 13, ABalpaaaaaa, 5399, 0, 0, 0, , 0, 0, 0, 0, 0, 
480, 1, 479, 482, -1, 335, 227, 13.0, 13, ABalpaapppa, 7871, 0, 0, 0, , 0, 0, 0, 0, 0, 
481, 1, 480, 483, -1, 319, 250, 11.0, 13, ABalpaapppp, 4649, 0, 0, 0, , 0, 0, 0, 0, 0, 
482, 1, 481, 484, -1, 324, 225, 14.0, 13, ABalpaappaa, 3858, 0, 0, 0, , 0, 0, 0, 0, 0, 
483, 1, 482, 485, -1, 315, 235, 11.0, 15, ABalpaappap, 3724, 0, 0, 0, , 0, 0, 0, 0, 0, 
484, 1, 483, 486, -1, 287, 254, 23.0, 17, ABalpaapapp, 5000, 0, 0, 0, , 0, 0, 0, 0, 0, 
485, 1, 484, 487, -1, 297, 242, 21.0, 17, ABalpaapapa, 12114, 0, 0, 0, , 0, 0, 0, 0, 0, 
486, 1, 485, 488, -1, 314, 239, 21.0, 13, ABalpaapaap, 3360, 0, 0, 0, , 0, 0, 0, 0, 0, 
487, 1, 486, 489, -1, 319, 232, 19.0, 13, ABalpaapaaa, 4367, 0, 0, 0, , 0, 0, 0, 0, 0, 
488, 1, 487, 490, -1, 172, 268, 27.0, 19, Epraa, 9977, 0, 0, 0, , 0, 0, 0, 0, 0, 
489, 0, 488, -1, -1, 161, 288, 28.0, 21, , 27014, 0, 0, 0, , 0, 0, 0, 0, 0, 
490, 0, 489, -1, -1, 199, 241, 26.0, 11, , 528, 0, 0, 0, , 0, 0, 0, 0, 0, 
491, 1, 490, 493, -1, 155, 262, 24.0, 23, Earpp, 54154, 0, 0, 0, , 0, 0, 0, 0, 0, 
492, 1, 491, 494, -1, 187, 283, 24.0, 23, Ealap, 27060, 0, 0, 0, , 0, 0, 0, 0, 0, 
493, 1, 492, 495, -1, 212, 278, 25.0, 15, Ealaa, 5650, 0, 0, 0, , 0, 0, 0, 0, 0, 
494, 1, 493, 496, -1, 164, 290, 27.0, 23, Eplaa, 22917, 0, 0, 0, , 0, 0, 0, 0, 0, 
495, 1, 494, 497, -1, 139, 301, 24.0, 19, Eplap, 35851, 0, 0, 0, , 0, 0, 0, 0, 0, 
496, 1, 495, 498, -1, 133, 276, 18.0, 19, Eprpp, 12119, 0, 0, 0, , 0, 0, 0, 0, 0, 
497, 1, 496, 499, -1, 188, 335, 28.0, 15, Dapap, 4073, 0, 0, 0, , 0, 0, 0, 0, 0, 
498, 1, 497, 500, -1, 211, 328, 25.0, 15, Dapaa, 7481, 0, 0, 0, , 0, 0, 0, 0, 0, 
499, 1, 498, 501, -1, 227, 278, 23.0, 15, MSaapaapp, 4817, 0, 0, 0, , 0, 0, 0, 0, 0, 
500, 1, 499, 502, -1, 240, 270, 22.0, 13, MSaapaapa, 3549, 0, 0, 0, , 0, 0, 0, 0, 0, 
501, 1, 500, 503, -1, 162, 211, 32.0, 15, ABarpppapp, 5998, 0, 0, 0, , 0, 0, 0, 0, 0, 
502, 1, 501, 504, -1, 224, 316, 15.0, 13, ABplppaapap, 4383, 0, 0, 0, , 0, 0, 0, 0, 0, 
503, 1, 502, 505, -1, 246, 308, 15.0, 15, ABplppaapaa, 5952, 0, 0, 0, , 0, 0, 0, 0, 0, 
504, 1, 503, 506, -1, 73, 298, 26.0, 19, Cpapap, 8045, 0, 0, 0, , 0, 0, 0, 0, 0, 
505, 1, 504, 507, -1, 208, 250, 28.0, 19, Earaa, 19543, 0, 0, 0, , 0, 0, 0, 0, 0, 
506, 1, 505, 508, -1, 344, 245, 17.0, 15, ABalaaaala, 6849, 0, 0, 0, , 0, 0, 0, 0, 0, 
507, 1, 506, 509, -1, 272, 176, 34.0, 15, ABarpappaa, 4504, 0, 0, 0, , 0, 0, 0, 0, 0, 
508, 1, 507, 510, -1, 103, 263, 28.0, 15, Cppppaa, 4122, 0, 0, 0, , 0, 0, 0, 0, 0, 
509, 1, 508, 511, -1, 89, 278, 23.0, 13, Cppppap, 4759, 0, 0, 0, , 0, 0, 0, 0, 0, 
510, 0, 509, -1, -1, 91, 292, 16.0, 11, , 974, 0, 0, 0, , 0, 0, 0, 0, 0, 
511, 1, 510, 513, -1, 188, 264, 18.0, 19, Earpa, 16556, 0, 0, 0, , 0, 0, 0, 0, 0, 
512, 1, 511, 514, -1, 256, 197, 32.0, 15, MSppappp, 6010, 0, 0, 0, , 0, 0, 0, 0, 0, 
513, 1, 512, 515, -1, 127, 277, 22.0, 19, Eprpa, 6722, 0, 0, 0, , 0, 0, 0, 0, 0, 
514, 1, 513, 516, -1, 235, 244, 34.0, 15, ABarpaappa, 3026, 0, 0, 0, , 0, 0, 0, 0, 0, 
515, 1, 514, 517, -1, 225, 302, 35.0, 19, ABarppaapa, 7970, 0, 0, 0, , 0, 0, 0, 0, 0, 
516, 1, 515, 518, -1, 130, 299, 17.0, 23, Eplpp, 15530, 0, 0, 0, , 0, 0, 0, 0, 0, 
517, 1, 516, 519, -1, 201, 282, 14.0, 13, MSaappap, 4004, 0, 0, 0, , 0, 0, 0, 0, 0, 
518, 1, 517, 520, -1, 179, 294, 15.0, 19, Z3, 12043, 0, 0, 0, , 0, 0, 0, 0, 0, 
519, 1, 518, 521, -1, 264, 179, 12.0, 13, ABalaapappa, 3428, 0, 0, 0, , 0, 0, 0, 0, 0, 
520, 1, 519, 522, -1, 218, 276, 13.0, 13, MSaappaa, 4547, 0, 0, 0, , 0, 0, 0, 0, 0, 
521, 0, 520, -1, -1, 173, 268, 27.0, 21, , 33713, 0, 0, 0, , 0, 0, 0, 0, 0, 
522, 1, 521, 524, -1, 257, 321, 17.0, 13, ABplppaaaap, 2383, 0, 0, 0, , 0, 0, 0, 0, 0, 
523, 1, 522, 525, -1, 124, 302, 10.0, 13, ABplpppapap, 2913, 0, 0, 0, , 0, 0, 0, 0, 0, 
524, 1, 523, 526, -1, 229, 332, 18.0, 15, ABplppapaaa, 5241, 0, 0, 0, , 0, 0, 0, 0, 0, 
525, 1, 524, 527, -1, 328, 228, 31.0, 17, ABalapapapa, 2682, 0, 0, 0, , 0, 0, 0, 0, 0, 
526, 1, 525, 528, -1, 343, 243, 21.0, 19, ABalaaapall, 10283, 0, 0, 0, , 0, 0, 0, 0, 0, 
527, 1, 526, 529, -1, 139, 279, 27.0, 17, Eprap, 16222, 0, 0, 0, , 0, 0, 0, 0, 0, 
528, 1, 527, 530, -1, 265, 193, 16.0, 15, ABprpaaaaaa, 6417, 0, 0, 0, , 0, 0, 0, 0, 0, 
529, 1, 528, 531, -1, 197, 265, 33.0, 21, Cpaaaa, 27062, 0, 0, 0, , 0, 0, 0, 0, 0, 
530, 1, 529, 532, -1, 156, 271, 13.0, 15, MSpappap, 4358, 0, 0, 0, , 0, 0, 0, 0, 0, 
531, 1, 530, 533, -1, 224, 239, 24.0, 17, MSpaapapp, 5289, 0, 0, 0, , 0, 0, 0, 0, 0, 
532, 0, 531, -1, -1, 209, 243, 27.0, 11, , 549, 0, 0, 0, , 0, 0, 0, 0, 0, 
533, 1, 532, 535, -1, 200, 223, 35.0, 21, ABarpppapa, 6455, 0, 0, 0, , 0, 0, 0, 0, 0, 
534, 1, 533, 512, 536, 90, 286, 18.0, 19, Cppppp, 10035, 0, 0, 0, , 0, 0, 0, 0, 0, 
535, 1, 534, 537, -1, 257, 297, 29.0, 13, ABplapaaaaa, 4080, 0, 0, 0, , 0, 0, 0, 0, 0, 
536, 0, 535, -1, -1, 131, 312, 21.0, 15, , 2998, 0, 0, 0, , 0, 0, 0, 0, 0, 
537, 1, 536, 539, -1, 166, 283, 34.0, 19, Cpaaap, 2925, 0, 0, 0, , 0, 0, 0, 0, 0, 
538, 0, 537, -1, -1, 233, 286, 10.0, 13, , 2338, 0, 0, 0, , 0, 0, 0, 0, 0, 
539, 1, 538, 541, -1, 251, 306, 32.0, 15, ABplapaaaap, 5503, 0, 0, 0, , 0, 0, 0, 0, 0, 
540, 1, 539, 542, -1, 353, 272, 16.0, 13, ABalppaaapa, 3595, 0, 0, 0, , 0, 0, 0, 0, 0, 
541, 1, 540, 543, -1, 246, 264, 14.0, 17, ABalpappppp, 6652, 0, 0, 0, , 0, 0, 0, 0, 0, 
542, 0, 541, -1, -1, 155, 252, 15.0, 21, , 32690, 0, 0, 0, , 0, 0, 0, 0, 0, 
543, 1, 542, 545, -1, 341, 206, 22.0, 13, ABalaaaparr, 5002, 0, 0, 0, , 0, 0, 0, 0, 0, 
544, 1, 543, 546, -1, 346, 227, 22.0, 15, ABalaaaparl, 4089, 0, 0, 0, , 0, 0, 0, 0, 0, 
545, 1, 544, 547, -1, 271, 258, 20.0, 17, ABalpaaapp, 5228, 0, 0, 0, , 0, 0, 0, 0, 0, 
546, 0, 545, -1, -1, 208, 268, 24.0, 13, , 2613, 0, 0, 0, , 0, 0, 0, 0, 0, 
547, 1, 546, 567, -1, 146, 280, 33.0, 15, Caaaap, 2243, 0, 0, 0, , 0, 0, 0, 0, 0, 
548, 1, 567, 549, -1, 204, 249, 9.0, 15, ABprpappapa, 2745, 0, 0, 0, , 0, 0, 0, 0, 0, 
549, 0, 548, -1, -1, 173, 297, 14.0, 13, , 2311, 0, 0, 0, , 0, 0, 0, 0, 0, 
550, 1, 549, 551, -1, 141, 336, 27.0, 13, Cappaap, 4766, 0, 0, 0, , 0, 0, 0, 0, 0, 
551, 1, 550, 552, -1, 267, 255, 14.0, 13, ABalpappppa, 4252, 0, 0, 0, , 0, 0, 0, 0, 0, 
552, 1, 551, 553, -1, 241, 233, 13.0, 17, ABarapapppa, 3006, 0, 0, 0, , 0, 0, 0, 0, 0, 
553, 0, 552, -1, -1, 188, 259, 23.0, 13, , 4751, 0, 0, 0, , 0, 0, 0, 0, 0, 
554, 1, 553, 555, -1, 300, 203, 32.0, 13, ABalapppapp, 1152, 0, 0, 0, , 0, 0, 0, 0, 0, 
555, 0, 554, -1, -1, 203, 239, 9.0, 11, , 1225, 0, 0, 0, , 0, 0, 0, 0, 0, 
556, 1, 559, 557, -1, 222, 247, 21.0, 17, MSpapaapa, 3897, 0, 0, 0, , 0, 0, 0, 0, 0, 
557, 1, 555, 558, -1, 275, 164, 29.0, 13, ABpraapaapp, 4304, 0, 0, 0, , 0, 0, 0, 0, 0, 
558, 0, -1, -1, -1, 302, 187, 31.0, 9, , 481, 0, 0, 0, , 0, 0, 0, 0, 0, 
559, 1, 556, 563, -1, 246, 223, 18.0, 17, ABarapaappp, 14195, 0, 0, 0, , 0, 0, 0, 0, 0, 
560, 1, 35, 564, -1, 245, 223, 15.75, 17, ABarapappa, 22108, 0, 0, 0, , 0, 0, 0, 0, 0, 
561, 1, 557, 565, -1, 127, 298, 33.0, 15, Cpaapa, 0, 0, 0, 0, , 0, 0, 0, 0, 0, 
562, 1, 558, 566, -1, 111, 297, 33.0, 15, Caaapa, 0, 0, 0, 0, , 0, 0, 0, 0, 0, 
563, 1, 560, 568, -1, 193, 308, 33.0, 17, Caaaaa, 0, 0, 0, 0, , 0, 0, 0, 0, 0, 
564, 1, 561, 569, -1, 315, 289, 12.6, 15, ABalppaappa, 2703, 0, 0, 0, , 0, 0, 0, 0, 0, 
565, 1, 562, 559, -1, 302, 179, 30.0, 13, ABalapppppa, 0, 0, 0, 0, , 0, 0, 0, 0, 0, 
566, 1, 563, 570, -1, 279, 181, 11.5, 14, ABalaappapp, 1996, 0, 0, 0, , 0, 0, 0, 0, 0, 
567, 1, 564, 574, -1, 267, 259, 27.0, 13, MSaaapapa, 0, 0, 0, 0, , 0, 0, 0, 0, 0, 
568, 1, 565, 575, -1, 300, 248, 27.0, 13, MSaaapaaa, 0, 0, 0, 0, , 0, 0, 0, 0, 0, 
569, 1, 566, 576, -1, 238, 177, 13.0, 13, ABalaapappp, 0, 0, 0, 0, , 0, 0, 0, 0, 0, 
