1, 1, 1, 1, -1, 306, 211, 22.0, 13, ABaraappaaa, 4230, 0, 0, 0, , 0, 0, 0, 0, 0, 
2, 1, 2, 2, -1, 297, 212, 24.0, 13, ABaraappaap, 4379, 0, 0, 0, , 0, 0, 0, 0, 0, 
3, 1, 3, 3, -1, 264, 216, 25.0, 17, ABaraappapp, 17965, 0, 0, 0, , 0, 0, 0, 0, 0, 
4, 1, 4, 4, -1, 286, 210, 24.0, 15, ABaraappapa, 6862, 0, 0, 0, , 0, 0, 0, 0, 0, 
5, 1, 5, 5, -1, 241, 235, 25.0, 15, MSpaapapa, 4010, 0, 0, 0, , 0, 0, 0, 0, 0, 
6, 1, 6, 6, -1, 247, 221, 22.0, 15, ABaraapppaa, 5993, 0, 0, 0, , 0, 0, 0, 0, 0, 
7, 1, 7, 7, -1, 236, 240, 20.0, 13, ABaraappppp, 5065, 0, 0, 0, , 0, 0, 0, 0, 0, 
8, 1, 8, 8, -1, 253, 278, 21.0, 15, ABaraapappa, 6542, 0, 0, 0, , 0, 0, 0, 0, 0, 
9, 1, 9, 9, -1, 246, 255, 21.0, 13, ABaraapappp, 8193, 0, 0, 0, , 0, 0, 0, 0, 0, 
10, 1, 10, 10, -1, 253, 270, 24.0, 13, ABaraapapap, 4418, 0, 0, 0, , 0, 0, 0, 0, 0, 
11, 1, 11, 11, -1, 267, 270, 24.0, 17, ABaraapapaa, 17340, 0, 0, 0, , 0, 0, 0, 0, 0, 
12, 1, 12, 12, -1, 315, 222, 22.0, 15, ABaraapaaaa, 8303, 0, 0, 0, , 0, 0, 0, 0, 0, 
13, 1, 13, 13, -1, 306, 229, 24.0, 13, ABaraapaaap, 7350, 0, 0, 0, , 0, 0, 0, 0, 0, 
14, 1, 14, 14, -1, 289, 258, 25.0, 15, ABaraapaapp, 8281, 0, 0, 0, , 0, 0, 0, 0, 0, 
15, 1, 15, 15, -1, 303, 243, 23.0, 15, ABaraapaapa, 8760, 0, 0, 0, , 0, 0, 0, 0, 0, 
16, 1, 16, 16, -1, 306, 212, 10.0, 13, ABaraaappap, 6534, 0, 0, 0, , 0, 0, 0, 0, 0, 
17, 1, 17, 17, -1, 321, 213, 13.0, 13, ABaraaappaa, 3782, 0, 0, 0, , 0, 0, 0, 0, 0, 
18, 1, 18, 18, -1, 314, 202, 13.0, 13, ABaraaapppa, 3548, 0, 0, 0, , 0, 0, 0, 0, 0, 
19, 1, 19, 19, -1, 284, 205, 9.0, 13, ABaraaapppp, 4884, 0, 0, 0, , 0, 0, 0, 0, 0, 
20, 1, 20, 20, -1, 304, 212, 18.0, 13, ABaraaapaaa, 6530, 0, 0, 0, , 0, 0, 0, 0, 0, 
21, 1, 21, 21, -1, 280, 214, 22.0, 17, ABaraaapapa, 3551, 0, 0, 0, , 0, 0, 0, 0, 0, 
22, 1, 22, 22, -1, 294, 207, 20.0, 13, ABaraaapaap, 4099, 0, 0, 0, , 0, 0, 0, 0, 0, 
23, 1, 23, 23, -1, 262, 220, 21.0, 17, ABaraaapapp, 7358, 0, 0, 0, , 0, 0, 0, 0, 0, 
24, 1, 24, 24, -1, 294, 231, 17.0, 11, ABaraaaaaap, 3497, 0, 0, 0, , 0, 0, 0, 0, 0, 
25, 1, 26, 25, -1, 289, 217, 17.0, 11, ABaraaaaapp, 2914, 0, 0, 0, , 0, 0, 0, 0, 0, 
26, 1, 27, 26, -1, 307, 213, 15.0, 13, ABaraaaaapa, 5125, 0, 0, 0, , 0, 0, 0, 0, 0, 
27, 1, 28, 27, -1, 289, 238, 26.0, 13, ABaraaaapp, 5163, 0, 0, 0, , 0, 0, 0, 0, 0, 
28, 1, 29, 28, -1, 318, 216, 19.0, 11, ABaraaaapap, 3512, 0, 0, 0, , 0, 0, 0, 0, 0, 
29, 1, 29, 29, -1, 326, 215, 17.0, 11, ABaraaaapaa, 3743, 0, 0, 0, , 0, 0, 0, 0, 0, 
30, 1, 30, 30, -1, 226, 253, 13.0, 17, ABarapapapp, 7459, 0, 0, 0, , 0, 0, 0, 0, 0, 
31, 1, 31, 31, -1, 256, 241, 11.0, 15, ABarapapapa, 3792, 0, 0, 0, , 0, 0, 0, 0, 0, 
32, 1, 32, 32, -1, 262, 227, 16.0, 15, ABarapapaap, 5327, 0, 0, 0, , 0, 0, 0, 0, 0, 
33, 1, 33, 33, -1, 257, 232, 13.0, 11, ABarapapaaa, 7496, 0, 0, 0, , 0, 0, 0, 0, 0, 
34, 1, 34, 34, -1, 232, 238, 15.0, 17, ABarapapppp, 6585, 0, 0, 0, , 0, 0, 0, 0, 0, 
35, 1, 35, 35, -1, 254, 214, 17.0, 15, ABarapappaa, 7926, 0, 0, 0, , 0, 0, 0, 0, 0, 
36, 1, 36, 36, -1, 242, 230, 16.0, 13, ABarapappap, 7339, 0, 0, 0, , 0, 0, 0, 0, 0, 
37, 1, 37, 37, -1, 272, 227, 12.0, 11, ABarapaaapp, 4820, 0, 0, 0, , 0, 0, 0, 0, 0, 
38, 1, 38, 38, -1, 290, 220, 11.0, 13, ABarapaaapa, 6240, 0, 0, 0, , 0, 0, 0, 0, 0, 
39, 1, 39, 39, -1, 282, 230, 14.0, 13, ABarapaaaap, 6870, 0, 0, 0, , 0, 0, 0, 0, 0, 
40, 1, 40, 40, -1, 274, 217, 15.0, 13, ABarapaapap, 6669, 0, 0, 0, , 0, 0, 0, 0, 0, 
41, 1, 41, 41, -1, 277, 208, 18.0, 13, ABarapaapaa, 7055, 0, 0, 0, , 0, 0, 0, 0, 0, 
42, 1, 42, 42, -1, 262, 216, 19.0, 17, ABarapaappa, 8082, 0, 0, 0, , 0, 0, 0, 0, 0, 
43, 1, 43, 43, -1, 257, 201, 11.0, 13, ABarapppapa, 5203, 0, 0, 0, , 0, 0, 0, 0, 0, 
44, 1, 44, 44, -1, 237, 211, 10.0, 13, ABarapppapp, 6304, 0, 0, 0, , 0, 0, 0, 0, 0, 
45, 1, 45, 45, -1, 288, 196, 12.0, 15, ABarapppaaa, 6685, 0, 0, 0, , 0, 0, 0, 0, 0, 
46, 1, 46, 46, -1, 278, 192, 9.0, 13, ABarapppaap, 5565, 0, 0, 0, , 0, 0, 0, 0, 0, 
47, 1, 47, 47, -1, 269, 191, 14.0, 15, ABarappppap, 5267, 0, 0, 0, , 0, 0, 0, 0, 0, 
48, 1, 48, 48, -1, 284, 188, 15.0, 13, ABarappppaa, 5425, 0, 0, 0, , 0, 0, 0, 0, 0, 
49, 1, 49, 49, -1, 252, 193, 12.0, 13, ABarapppppa, 4409, 0, 0, 0, , 0, 0, 0, 0, 0, 
50, 1, 50, 50, -1, 238, 198, 11.0, 11, ABarapppppp, 4593, 0, 0, 0, , 0, 0, 0, 0, 0, 
51, 1, 51, 51, -1, 247, 217, 12.0, 15, ABarappaaap, 4746, 0, 0, 0, , 0, 0, 0, 0, 0, 
52, 1, 52, 52, -1, 272, 211, 11.0, 13, ABarappaaaa, 5696, 0, 0, 0, , 0, 0, 0, 0, 0, 
53, 1, 53, 53, -1, 260, 225, 10.0, 13, ABarappaapa, 5041, 0, 0, 0, , 0, 0, 0, 0, 0, 
54, 1, 54, 54, -1, 243, 227, 10.0, 13, ABarappaapp, 5936, 0, 0, 0, , 0, 0, 0, 0, 0, 
55, 1, 55, 55, -1, 214, 226, 10.0, 15, ABarappapap, 6310, 0, 0, 0, , 0, 0, 0, 0, 0, 
56, 1, 56, 56, -1, 221, 211, 9.0, 15, ABarappapaa, 9448, 0, 0, 0, , 0, 0, 0, 0, 0, 
57, 1, 57, 57, -1, 183, 221, 13.0, 13, ABarappappp, 5814, 0, 0, 0, , 0, 0, 0, 0, 0, 
58, 1, 58, 58, -1, 184, 234, 11.0, 15, ABarappappa, 5941, 0, 0, 0, , 0, 0, 0, 0, 0, 
59, 1, 59, 59, -1, 243, 169, 31.0, 17, ABarpapppa, 15266, 0, 0, 0, , 0, 0, 0, 0, 0, 
60, 1, 60, 60, -1, 224, 176, 32.0, 15, ABarpapppp, 3793, 0, 0, 0, , 0, 0, 0, 0, 0, 
61, 1, 61, 61, -1, 267, 170, 32.0, 17, ABarpappap, 12237, 0, 0, 0, , 0, 0, 0, 0, 0, 
62, 1, 62, 62, -1, 300, 186, 31.0, 13, ABarpapaaap, 3905, 0, 0, 0, , 0, 0, 0, 0, 0, 
63, 1, 63, -1, -1, 275, 193, 26.0, 11, ABarpapaapa, 3800, 0, 0, 0, , 0, 0, 0, 0, 0, 
64, 1, 64, 64, -1, 295, 196, 28.0, 13, ABarpapaapp, 2642, 0, 0, 0, , 0, 0, 0, 0, 0, 
65, 1, 65, 65, -1, 262, 223, 36.0, 21, ABarpapapp, 6929, 0, 0, 0, , 0, 0, 0, 0, 0, 
66, 1, 66, 66, -1, 309, 211, 35.0, 15, ABarpapapa, 7096, 0, 0, 0, , 0, 0, 0, 0, 0, 
67, 1, 67, 67, -1, 248, 283, 35.0, 17, ABarpaappp, 8199, 0, 0, 0, , 0, 0, 0, 0, 0, 
68, 1, 68, 68, -1, 281, 210, 35.0, 15, ABarpaapaa, 5811, 0, 0, 0, , 0, 0, 0, 0, 0, 
69, 1, 69, 69, -1, 335, 210, 30.0, 17, ABarpaaaaa, 7337, 0, 0, 0, , 0, 0, 0, 0, 0, 
70, 1, 70, 70, -1, 328, 222, 34.0, 13, ABarpaaaapa, 4293, 0, 0, 0, , 0, 0, 0, 0, 0, 
71, 1, 71, 71, -1, 298, 220, 34.0, 11, ABarpaaapp, 3430, 0, 0, 0, , 0, 0, 0, 0, 0, 
72, 1, 72, 72, -1, 329, 205, 34.0, 15, ABarpaaapaa, 4611, 0, 0, 0, , 0, 0, 0, 0, 0, 
73, 1, 73, 73, -1, 306, 192, 34.0, 15, ABarpaaapap, 4525, 0, 0, 0, , 0, 0, 0, 0, 0, 
74, 1, 74, 74, -1, 259, 331, 30.0, 15, ABarppaaap, 6321, 0, 0, 0, , 0, 0, 0, 0, 0, 
75, 1, 75, 75, -1, 220, 337, 30.0, 15, ABarppaapp, 7241, 0, 0, 0, , 0, 0, 0, 0, 0, 
76, 1, 76, 76, -1, 149, 355, 30.0, 15, ABarppappa, 4754, 0, 0, 0, , 0, 0, 0, 0, 0, 
77, 1, 77, 77, -1, 110, 362, 21.0, 17, ABarppappp, 6081, 0, 0, 0, , 0, 0, 0, 0, 0, 
78, 1, 78, 78, -1, 207, 351, 29.0, 15, ABarppapap, 6423, 0, 0, 0, , 0, 0, 0, 0, 0, 
79, 1, 79, 79, -1, 234, 339, 29.0, 15, ABarppapaa, 6248, 0, 0, 0, , 0, 0, 0, 0, 0, 
80, 1, 80, 80, -1, 75, 251, 21.0, 17, ABarpppppp, 5525, 0, 0, 0, , 0, 0, 0, 0, 0, 
81, 1, 81, 81, -1, 106, 228, 28.0, 17, ABarpppppa, 7517, 0, 0, 0, , 0, 0, 0, 0, 0, 
82, 1, 82, 82, -1, 176, 191, 31.0, 15, ABarppppaa, 5210, 0, 0, 0, , 0, 0, 0, 0, 0, 
83, 1, 83, 83, -1, 149, 204, 31.0, 15, ABarppppap, 5110, 0, 0, 0, , 0, 0, 0, 0, 0, 
84, 1, 84, 84, -1, 199, 186, 33.0, 17, ABarpppaap, 8499, 0, 0, 0, , 0, 0, 0, 0, 0, 
85, 1, 85, 85, -1, 228, 203, 34.0, 13, ABarpppaaa, 3686, 0, 0, 0, , 0, 0, 0, 0, 0, 
86, 1, 86, 86, -1, 328, 195, 23.0, 13, ABalappppaa, 2139, 0, 0, 0, , 0, 0, 0, 0, 0, 
87, 1, 87, 87, -1, 322, 184, 26.0, 13, ABalappppap, 1962, 0, 0, 0, , 0, 0, 0, 0, 0, 
88, 1, 89, 88, -1, 335, 209, 22.0, 11, ABalapppaaa, 881, 0, 0, 0, , 0, 0, 0, 0, 0, 
89, 1, 90, 89, -1, 325, 201, 26.0, 11, ABalapppaap, 3151, 0, 0, 0, , 0, 0, 0, 0, 0, 
90, 1, 91, 90, -1, 319, 203, 28.0, 15, ABalapppapa, 2378, 0, 0, 0, , 0, 0, 0, 0, 0, 
91, 1, 92, 91, -1, 294, 183, 26.0, 11, ABalappapap, 1698, 0, 0, 0, , 0, 0, 0, 0, 0, 
92, 1, 93, 92, -1, 311, 190, 24.0, 13, ABalappapaa, 3474, 0, 0, 0, , 0, 0, 0, 0, 0, 
93, 1, 94, 93, -1, 338, 204, 27.0, 13, ABalappaaa, 4980, 0, 0, 0, , 0, 0, 0, 0, 0, 
94, 1, 95, 94, -1, 322, 179, 22.0, 13, ABalappappa, 1551, 0, 0, 0, , 0, 0, 0, 0, 0, 
95, 1, 96, 95, -1, 310, 173, 24.0, 11, ABalappappp, 1615, 0, 0, 0, , 0, 0, 0, 0, 0, 
96, 1, 97, 96, -1, 322, 264, 31.0, 15, ABalapapppp, 4332, 0, 0, 0, , 0, 0, 0, 0, 0, 
97, 1, 98, 97, -1, 329, 264, 28.0, 11, ABalapapppa, 3649, 0, 0, 0, , 0, 0, 0, 0, 0, 
98, 1, 99, 98, -1, 344, 231, 23.0, 17, ABalapappaa, 2914, 0, 0, 0, , 0, 0, 0, 0, 0, 
99, 1, 100, 99, -1, 336, 244, 28.0, 13, ABalapappap, 2501, 0, 0, 0, , 0, 0, 0, 0, 0, 
100, 1, 101, 100, -1, 319, 228, 30.0, 11, ABalapapaa, 3939, 0, 0, 0, , 0, 0, 0, 0, 0, 
101, 1, 102, 101, -1, 319, 243, 30.0, 13, ABalapapapp, 2886, 0, 0, 0, , 0, 0, 0, 0, 0, 
102, 1, 103, 102, -1, 329, 266, 26.0, 13, ABalapaaaa, 3804, 0, 0, 0, , 0, 0, 0, 0, 0, 
103, 1, 104, 103, -1, 347, 246, 24.0, 13, ABalapaaapa, 4292, 0, 0, 0, , 0, 0, 0, 0, 0, 
104, 1, 105, 104, -1, 349, 263, 27.0, 13, ABalapaaapp, 4585, 0, 0, 0, , 0, 0, 0, 0, 0, 
105, 0, 106, -1, -1, 336, 258, 19.0, 15, , 4622, 0, 0, 0, , 0, 0, 0, 0, 0, 
106, 1, 107, 106, -1, 340, 259, 22.0, 19, ABalppppapa, 6146, 0, 0, 0, , 0, 0, 0, 0, 0, 
107, 1, 108, 107, -1, 330, 279, 18.0, 13, ABalapaapap, 4166, 0, 0, 0, , 0, 0, 0, 0, 0, 
108, 1, 109, 108, -1, 323, 264, 18.0, 11, ABalapaapaa, 3301, 0, 0, 0, , 0, 0, 0, 0, 0, 
109, 1, 110, 109, -1, 341, 270, 21.0, 17, ABalapaappp, 2363, 0, 0, 0, , 0, 0, 0, 0, 0, 
110, 1, 111, 110, -1, 312, 192, 16.0, 14, ABalaapaaa, 6957, 0, 0, 0, , 0, 0, 0, 0, 0, 
111, 1, 112, 111, -1, 231, 177, 10.0, 15, ABalaapapa, 7574, 0, 0, 0, , 0, 0, 0, 0, 0, 
112, 1, 113, 112, -1, 294, 184, 11.0, 13, ABalaapaapp, 3693, 0, 0, 0, , 0, 0, 0, 0, 0, 
113, 1, 114, 113, -1, 313, 186, 13.0, 15, ABalaapaapa, 4635, 0, 0, 0, , 0, 0, 0, 0, 0, 
114, 1, 115, 114, -1, 295, 173, 14.0, 15, ABalaappapa, 3999, 0, 0, 0, , 0, 0, 0, 0, 0, 
115, 1, 116, 616, -1, 277, 173, 13.0, 13, ABalaappaa, 6968, 0, 0, 0, , 0, 0, 0, 0, 0, 
116, 1, 117, 116, -1, 304, 177, 21.0, 17, ABalaappppp, 5102, 0, 0, 0, , 0, 0, 0, 0, 0, 
117, 1, 118, 117, -1, 300, 186, 19.0, 13, ABalaappppa, 1460, 0, 0, 0, , 0, 0, 0, 0, 0, 
118, 1, 119, 118, -1, 288, 177, 20.0, 11, ABalaapppaa, 3078, 0, 0, 0, , 0, 0, 0, 0, 0, 
119, 1, 120, 119, -1, 337, 252, 11.0, 13, ABalaaaalpp, 2171, 0, 0, 0, , 0, 0, 0, 0, 0, 
120, 1, 121, 120, -1, 344, 239, 14.0, 15, ABalaaaalpa, 4446, 0, 0, 0, , 0, 0, 0, 0, 0, 
121, 1, 122, 121, -1, 334, 203, 20.0, 15, ABalaaaarrp, 4451, 0, 0, 0, , 0, 0, 0, 0, 0, 
122, 1, 123, 122, -1, 329, 195, 17.0, 13, ABalaaaarra, 4142, 0, 0, 0, , 0, 0, 0, 0, 0, 
123, 1, 124, 123, -1, 341, 212, 18.0, 13, ABalaaaarlp, 4187, 0, 0, 0, , 0, 0, 0, 0, 0, 
124, 1, 125, 124, -1, 342, 227, 19.0, 13, ABalaaaarla, 5968, 0, 0, 0, , 0, 0, 0, 0, 0, 
125, 1, 126, 125, -1, 331, 182, 21.0, 13, ABalaaapplr, 3946, 0, 0, 0, , 0, 0, 0, 0, 0, 
126, 1, 127, 126, -1, 313, 192, 18.0, 17, ABalaaapprr, 16110, 0, 0, 0, , 0, 0, 0, 0, 0, 
127, 1, 128, 127, -1, 303, 177, 16.0, 15, ABalaaapprl, 4374, 0, 0, 0, , 0, 0, 0, 0, 0, 
128, 1, 129, 128, -1, 335, 225, 27.0, 11, ABalappaapp, 1042, 0, 0, 0, , 0, 0, 0, 0, 0, 
129, 1, 130, 129, -1, 149, 323, 11.0, 15, ABplppppapa, 5106, 0, 0, 0, , 0, 0, 0, 0, 0, 
130, 1, 131, 130, -1, 142, 304, 11.0, 15, ABplppppapp, 4352, 0, 0, 0, , 0, 0, 0, 0, 0, 
131, 1, 132, 131, -1, 163, 303, 12.0, 15, ABplppppaaa, 4393, 0, 0, 0, , 0, 0, 0, 0, 0, 
132, 1, 133, 132, -1, 151, 306, 13.0, 15, ABplppppaap, 5055, 0, 0, 0, , 0, 0, 0, 0, 0, 
133, 1, 134, 133, -1, 87, 321, 13.0, 15, ABplppppppp, 4019, 0, 0, 0, , 0, 0, 0, 0, 0, 
134, 1, 135, 134, -1, 94, 319, 11.0, 13, ABplppppppa, 3767, 0, 0, 0, , 0, 0, 0, 0, 0, 
135, 1, 136, 135, -1, 133, 316, 15.0, 15, ABplpppppap, 5335, 0, 0, 0, , 0, 0, 0, 0, 0, 
136, 1, 137, 136, -1, 148, 316, 16.0, 13, ABplpppppaa, 5597, 0, 0, 0, , 0, 0, 0, 0, 0, 
137, 1, 139, 137, -1, 127, 313, 9.0, 15, ABplpppapaa, 4591, 0, 0, 0, , 0, 0, 0, 0, 0, 
138, 1, 140, 138, -1, 124, 325, 10.0, 13, ABplpppaapp, 4739, 0, 0, 0, , 0, 0, 0, 0, 0, 
139, 1, 141, 139, -1, 170, 312, 10.0, 15, ABplpppaaaa, 5332, 0, 0, 0, , 0, 0, 0, 0, 0, 
140, 1, 142, 140, -1, 164, 330, 11.0, 13, ABplpppaaap, 5226, 0, 0, 0, , 0, 0, 0, 0, 0, 
141, 1, 143, 141, -1, 168, 329, 13.0, 15, ABplppapppp, 6360, 0, 0, 0, , 0, 0, 0, 0, 0, 
142, 1, 144, 142, -1, 177, 316, 12.0, 13, ABplppapppa, 3158, 0, 0, 0, , 0, 0, 0, 0, 0, 
143, 1, 145, 143, -1, 193, 311, 13.0, 15, ABplppappap, 5107, 0, 0, 0, , 0, 0, 0, 0, 0, 
144, 1, 146, 144, -1, 207, 300, 14.0, 13, ABplppappaa, 3889, 0, 0, 0, , 0, 0, 0, 0, 0, 
145, 1, 147, 145, -1, 201, 322, 16.0, 15, ABplppapaap, 5280, 0, 0, 0, , 0, 0, 0, 0, 0, 
146, 1, 148, 146, -1, 192, 329, 15.0, 15, ABplppapapa, 4427, 0, 0, 0, , 0, 0, 0, 0, 0, 
147, 1, 149, 147, -1, 179, 333, 17.0, 13, ABplppapapp, 4706, 0, 0, 0, , 0, 0, 0, 0, 0, 
148, 1, 150, 148, -1, 200, 297, 11.0, 13, ABplppaappa, 5142, 0, 0, 0, , 0, 0, 0, 0, 0, 
149, 1, 151, 149, -1, 187, 306, 11.0, 15, ABplppaappp, 5850, 0, 0, 0, , 0, 0, 0, 0, 0, 
150, 1, 152, 150, -1, 265, 298, 16.0, 13, ABplppaaaaa, 3549, 0, 0, 0, , 0, 0, 0, 0, 0, 
151, 1, 153, 151, -1, 256, 304, 17.0, 11, ABplppaaap, 3367, 0, 0, 0, , 0, 0, 0, 0, 0, 
152, 1, 154, 152, -1, 237, 260, 10.0, 13, ABplpappaaa, 4844, 0, 0, 0, , 0, 0, 0, 0, 0, 
153, 1, 155, 153, -1, 225, 278, 10.0, 11, ABplpappaap, 1787, 0, 0, 0, , 0, 0, 0, 0, 0, 
154, 1, 156, 154, -1, 212, 266, 15.0, 13, MSaappaa, 4053, 0, 0, 0, , 0, 0, 0, 0, 0, 
155, 1, 157, 155, -1, 138, 293, 12.0, 13, ABplpappppp, 2964, 0, 0, 0, , 0, 0, 0, 0, 0, 
156, 1, 158, 156, -1, 158, 285, 12.0, 13, ABplpappppa, 3890, 0, 0, 0, , 0, 0, 0, 0, 0, 
157, 1, 159, 157, -1, 172, 287, 11.0, 15, ABplpapppaa, 4674, 0, 0, 0, , 0, 0, 0, 0, 0, 
158, 1, 160, 158, -1, 158, 271, 10.0, 13, ABplpapppap, 4778, 0, 0, 0, , 0, 0, 0, 0, 0, 
159, 1, 161, 159, -1, 207, 287, 12.0, 11, ABplpapappa, 4213, 0, 0, 0, , 0, 0, 0, 0, 0, 
160, 1, 162, 160, -1, 188, 285, 11.0, 13, ABplpapappp, 4349, 0, 0, 0, , 0, 0, 0, 0, 0, 
161, 1, 163, 161, -1, 226, 298, 16.0, 13, ABplpapapap, 2894, 0, 0, 0, , 0, 0, 0, 0, 0, 
162, 1, 164, 162, -1, 233, 290, 15.0, 15, ABplpapapaa, 4355, 0, 0, 0, , 0, 0, 0, 0, 0, 
163, 1, 165, 163, -1, 271, 283, 13.0, 11, ABplpapaapa, 3852, 0, 0, 0, , 0, 0, 0, 0, 0, 
164, 1, 166, 164, -1, 257, 297, 13.0, 11, ABplpapaapp, 3161, 0, 0, 0, , 0, 0, 0, 0, 0, 
165, 1, 167, 165, -1, 251, 284, 13.0, 11, ABplpapaaap, 2625, 0, 0, 0, , 0, 0, 0, 0, 0, 
166, 1, 168, 166, -1, 261, 275, 12.0, 13, ABplpapaaaa, 2707, 0, 0, 0, , 0, 0, 0, 0, 0, 
167, 1, 169, 167, -1, 207, 319, 13.0, 15, ABplpaaaapp, 5306, 0, 0, 0, , 0, 0, 0, 0, 0, 
168, 1, 170, 168, -1, 226, 304, 11.0, 15, ABplpaaaapa, 7615, 0, 0, 0, , 0, 0, 0, 0, 0, 
169, 1, 171, 169, -1, 312, 273, 16.0, 15, ABplpaaaaaa, 7703, 0, 0, 0, , 0, 0, 0, 0, 0, 
170, 1, 172, 170, -1, 304, 298, 14.0, 15, ABplpaaapap, 5831, 0, 0, 0, , 0, 0, 0, 0, 0, 
171, 1, 173, 171, -1, 312, 288, 13.0, 13, ABplpaaapaa, 5440, 0, 0, 0, , 0, 0, 0, 0, 0, 
172, 1, 174, 172, -1, 292, 286, 14.0, 13, ABplpaaappa, 5801, 0, 0, 0, , 0, 0, 0, 0, 0, 
173, 1, 175, 173, -1, 281, 290, 15.0, 13, ABplpaaappp, 6335, 0, 0, 0, , 0, 0, 0, 0, 0, 
174, 1, 176, 174, -1, 266, 320, 23.0, 13, ABplpaappap, 5652, 0, 0, 0, , 0, 0, 0, 0, 0, 
175, 1, 177, 175, -1, 282, 303, 22.0, 15, ABplpaappaa, 6000, 0, 0, 0, , 0, 0, 0, 0, 0, 
176, 1, 178, 176, -1, 292, 303, 16.0, 11, ABplpaapppa, 3640, 0, 0, 0, , 0, 0, 0, 0, 0, 
177, 1, 179, 177, -1, 307, 308, 17.0, 13, ABplpaapapp, 5123, 0, 0, 0, , 0, 0, 0, 0, 0, 
178, 1, 180, 178, -1, 277, 299, 13.0, 11, ABplpaapppp, 3933, 0, 0, 0, , 0, 0, 0, 0, 0, 
179, 1, 181, 179, -1, 301, 292, 19.0, 15, ABplpaapaap, 6918, 0, 0, 0, , 0, 0, 0, 0, 0, 
180, 1, 182, 180, -1, 307, 274, 18.0, 17, ABplpaapaaa, 6446, 0, 0, 0, , 0, 0, 0, 0, 0, 
181, 1, 183, 181, -1, 326, 301, 20.0, 15, ABplpaapapa, 5942, 0, 0, 0, , 0, 0, 0, 0, 0, 
182, 1, 184, 182, -1, 270, 316, 13.0, 13, ABplaappap, 2980, 0, 0, 0, , 0, 0, 0, 0, 0, 
183, 1, 185, 183, -1, 288, 312, 14.0, 13, ABplaappaa, 5762, 0, 0, 0, , 0, 0, 0, 0, 0, 
184, 1, 186, 184, -1, 264, 330, 19.0, 15, ABplaapppa, 5482, 0, 0, 0, , 0, 0, 0, 0, 0, 
185, 1, 187, 185, -1, 237, 339, 22.0, 19, ABplaapppp, 19223, 0, 0, 0, , 0, 0, 0, 0, 0, 
186, 1, 188, 186, -1, 350, 230, 27.0, 15, ABplaapaaaa, 5577, 0, 0, 0, , 0, 0, 0, 0, 0, 
187, 1, 189, 187, -1, 346, 254, 30.0, 15, ABplaapaaap, 4781, 0, 0, 0, , 0, 0, 0, 0, 0, 
188, 1, 190, 188, -1, 341, 276, 29.0, 13, ABplaapaapa, 5138, 0, 0, 0, , 0, 0, 0, 0, 0, 
189, 1, 191, 189, -1, 333, 285, 27.0, 15, ABplaapaapp, 6249, 0, 0, 0, , 0, 0, 0, 0, 0, 
190, 1, 192, 190, -1, 300, 303, 28.0, 17, ABplaapappp, 11099, 0, 0, 0, , 0, 0, 0, 0, 0, 
191, 1, 193, 191, -1, 304, 279, 27.0, 15, ABplaapappa, 7466, 0, 0, 0, , 0, 0, 0, 0, 0, 
192, 1, 194, 192, -1, 293, 292, 26.0, 13, ABplaapapap, 6489, 0, 0, 0, , 0, 0, 0, 0, 0, 
193, 1, 195, 193, -1, 304, 276, 25.0, 13, ABplaapapaa, 5502, 0, 0, 0, , 0, 0, 0, 0, 0, 
194, 1, 196, 194, -1, 310, 258, 33.0, 13, ABplaaaaapp, 3362, 0, 0, 0, , 0, 0, 0, 0, 0, 
195, 1, 197, 195, -1, 314, 257, 26.0, 11, ABplaaaaapa, 3987, 0, 0, 0, , 0, 0, 0, 0, 0, 
196, 1, 198, 196, -1, 334, 249, 33.0, 14, ABplaaaaaa, 6099, 0, 0, 0, , 0, 0, 0, 0, 0, 
197, 1, 199, 197, -1, 288, 251, 35.0, 17, ABplaaaapp, 5409, 0, 0, 0, , 0, 0, 0, 0, 0, 
198, 1, 200, 198, -1, 303, 240, 35.0, 17, ABplaaaapa, 5513, 0, 0, 0, , 0, 0, 0, 0, 0, 
199, 1, 201, 199, -1, 300, 299, 32.0, 15, ABplaaappa, 8825, 0, 0, 0, , 0, 0, 0, 0, 0, 
200, 1, 202, 200, -1, 284, 316, 31.0, 15, ABplaaappp, 10413, 0, 0, 0, , 0, 0, 0, 0, 0, 
201, 1, 203, 201, -1, 315, 299, 30.0, 15, ABplaaapap, 6294, 0, 0, 0, , 0, 0, 0, 0, 0, 
202, 1, 204, 202, -1, 324, 278, 32.0, 13, ABplaaapaa, 5975, 0, 0, 0, , 0, 0, 0, 0, 0, 
203, 1, 205, 203, -1, 131, 345, 12.0, 17, ABplappppa, 6683, 0, 0, 0, , 0, 0, 0, 0, 0, 
204, 1, 206, 204, -1, 98, 336, 13.0, 15, ABplappppp, 6049, 0, 0, 0, , 0, 0, 0, 0, 0, 
205, 1, 207, 205, -1, 115, 349, 17.0, 17, ABplapppaa, 11085, 0, 0, 0, , 0, 0, 0, 0, 0, 
206, 1, 208, 206, -1, 112, 325, 12.0, 11, ABplapppapp, 1736, 0, 0, 0, , 0, 0, 0, 0, 0, 
207, 1, 209, 207, -1, 115, 337, 13.0, 11, ABplapppapa, 3536, 0, 0, 0, , 0, 0, 0, 0, 0, 
208, 1, 210, 208, -1, 200, 351, 22.0, 15, ABplappaaa, 6570, 0, 0, 0, , 0, 0, 0, 0, 0, 
209, 1, 211, 209, -1, 178, 358, 22.0, 15, ABplappaap, 6894, 0, 0, 0, , 0, 0, 0, 0, 0, 
210, 1, 212, 210, -1, 163, 357, 19.0, 15, ABplappapp, 7835, 0, 0, 0, , 0, 0, 0, 0, 0, 
211, 1, 213, 211, -1, 176, 353, 30.0, 17, ABplappapa, 7973, 0, 0, 0, , 0, 0, 0, 0, 0, 
212, 1, 214, 212, -1, 217, 348, 21.0, 15, ABplapaapp, 8697, 0, 0, 0, , 0, 0, 0, 0, 0, 
213, 1, 215, 213, -1, 246, 336, 18.0, 15, ABplapaapa, 8895, 0, 0, 0, , 0, 0, 0, 0, 0, 
214, 1, 216, 214, -1, 268, 299, 34.0, 13, ABarppaaaa, 5765, 0, 0, 0, , 0, 0, 0, 0, 0, 
215, 1, 217, 215, -1, 248, 329, 25.0, 15, ABplapaaapp, 6148, 0, 0, 0, , 0, 0, 0, 0, 0, 
216, 1, 218, 216, -1, 253, 320, 27.0, 19, ABplapaaapa, 5903, 0, 0, 0, , 0, 0, 0, 0, 0, 
217, 1, 219, 217, -1, 99, 349, 20.0, 13, ABplapapppa, 3341, 0, 0, 0, , 0, 0, 0, 0, 0, 
218, 1, 220, 218, -1, 94, 342, 16.0, 15, ABplapapppp, 5862, 0, 0, 0, , 0, 0, 0, 0, 0, 
219, 1, 221, 219, -1, 141, 367, 20.0, 17, ABplapapap, 6795, 0, 0, 0, , 0, 0, 0, 0, 0, 
220, 1, 222, 220, -1, 132, 359, 17.0, 15, ABplapappa, 7134, 0, 0, 0, , 0, 0, 0, 0, 0, 
221, 1, 223, 221, -1, 131, 364, 26.0, 19, ABplapapaa, 9031, 0, 0, 0, , 0, 0, 0, 0, 0, 
222, 1, 224, 222, -1, 237, 215, 13.0, 13, ABprpapaaaa, 4011, 0, 0, 0, , 0, 0, 0, 0, 0, 
223, 1, 225, 223, -1, 217, 206, 12.0, 13, ABprpapaapp, 4448, 0, 0, 0, , 0, 0, 0, 0, 0, 
224, 1, 226, 224, -1, 187, 249, 12.0, 13, ABprpapappa, 3287, 0, 0, 0, , 0, 0, 0, 0, 0, 
225, 1, 227, 225, -1, 179, 269, 11.0, 13, ABprpapappp, 4175, 0, 0, 0, , 0, 0, 0, 0, 0, 
226, 1, 228, 226, -1, 194, 228, 14.0, 13, ABprpapapap, 2675, 0, 0, 0, , 0, 0, 0, 0, 0, 
227, 1, 229, 227, -1, 205, 226, 14.0, 11, ABprpapapaa, 3517, 0, 0, 0, , 0, 0, 0, 0, 0, 
228, 1, 230, 228, -1, 127, 292, 14.0, 15, ABprpappppp, 3514, 0, 0, 0, , 0, 0, 0, 0, 0, 
229, 1, 231, 229, -1, 146, 291, 14.0, 15, ABprpappppa, 3493, 0, 0, 0, , 0, 0, 0, 0, 0, 
230, 1, 232, 230, -1, 221, 232, 12.0, 13, ABprpapppaa, 3709, 0, 0, 0, , 0, 0, 0, 0, 0, 
231, 1, 233, 231, -1, 192, 251, 14.0, 15, ABprpapppap, 5785, 0, 0, 0, , 0, 0, 0, 0, 0, 
232, 1, 234, 232, -1, 196, 270, 12.0, 11, ABprpappapp, 5092, 0, 0, 0, , 0, 0, 0, 0, 0, 
233, 1, 235, 233, -1, 222, 245, 10.0, 13, ABprpappaap, 5173, 0, 0, 0, , 0, 0, 0, 0, 0, 
234, 1, 236, 234, -1, 236, 238, 9.0, 15, ABprpappaaa, 4795, 0, 0, 0, , 0, 0, 0, 0, 0, 
235, 1, 237, 235, -1, 252, 178, 18.0, 13, ABprpaaaaap, 5842, 0, 0, 0, , 0, 0, 0, 0, 0, 
236, 0, 238, -1, -1, 261, 190, 21.0, 13, , 3261, 0, 0, 0, , 0, 0, 0, 0, 0, 
237, 1, 239, 237, -1, 170, 220, 12.0, 15, ABprpaaaapp, 10423, 0, 0, 0, , 0, 0, 0, 0, 0, 
238, 1, 240, 238, -1, 197, 230, 10.0, 17, ABprpaaaapa, 4753, 0, 0, 0, , 0, 0, 0, 0, 0, 
239, 1, 241, 239, -1, 247, 185, 15.0, 13, ABprpaaappa, 4460, 0, 0, 0, , 0, 0, 0, 0, 0, 
240, 1, 242, 240, -1, 233, 203, 14.0, 13, ABprpapaapa, 2325, 0, 0, 0, , 0, 0, 0, 0, 0, 
241, 1, 243, 241, -1, 234, 187, 14.0, 13, ABprpaaappp, 5657, 0, 0, 0, , 0, 0, 0, 0, 0, 
242, 1, 244, 242, -1, 255, 174, 12.0, 13, ABprpaaapaa, 5349, 0, 0, 0, , 0, 0, 0, 0, 0, 
243, 1, 245, 243, -1, 248, 168, 15.0, 13, ABprpaaapap, 6874, 0, 0, 0, , 0, 0, 0, 0, 0, 
244, 1, 246, 244, -1, 245, 180, 21.0, 15, ABprpaapaap, 6713, 0, 0, 0, , 0, 0, 0, 0, 0, 
245, 1, 247, 245, -1, 263, 157, 21.0, 15, ABprpaapapa, 5680, 0, 0, 0, , 0, 0, 0, 0, 0, 
246, 1, 248, 246, -1, 244, 162, 18.0, 13, ABprpaapapp, 6528, 0, 0, 0, , 0, 0, 0, 0, 0, 
247, 1, 249, 247, -1, 238, 171, 17.0, 13, ABprpaapppa, 3448, 0, 0, 0, , 0, 0, 0, 0, 0, 
248, 1, 250, 248, -1, 227, 178, 15.0, 13, ABprpaapppp, 5547, 0, 0, 0, , 0, 0, 0, 0, 0, 
249, 1, 251, 249, -1, 212, 180, 25.0, 13, ABprpaappap, 5193, 0, 0, 0, , 0, 0, 0, 0, 0, 
250, 1, 252, 250, -1, 228, 181, 22.0, 15, ABprpaappaa, 4351, 0, 0, 0, , 0, 0, 0, 0, 0, 
251, 1, 253, 251, -1, 92, 266, 10.0, 13, ABprpppaapp, 5374, 0, 0, 0, , 0, 0, 0, 0, 0, 
252, 1, 254, 252, -1, 102, 264, 11.0, 15, ABprpppaapa, 4339, 0, 0, 0, , 0, 0, 0, 0, 0, 
253, 1, 255, 253, -1, 121, 246, 12.0, 13, ABprpppaaap, 4620, 0, 0, 0, , 0, 0, 0, 0, 0, 
254, 1, 256, 254, -1, 146, 253, 12.0, 13, ABprpppaaaa, 4866, 0, 0, 0, , 0, 0, 0, 0, 0, 
255, 1, 257, 255, -1, 116, 274, 10.0, 15, ABprpppapaa, 4713, 0, 0, 0, , 0, 0, 0, 0, 0, 
256, 1, 258, 256, -1, 104, 289, 10.0, 11, ABprpppapap, 2432, 0, 0, 0, , 0, 0, 0, 0, 0, 
257, 1, 259, 257, -1, 117, 300, 12.0, 11, ABplpppapp, 3196, 0, 0, 0, , 0, 0, 0, 0, 0, 
258, 1, 260, 258, -1, 133, 262, 11.0, 17, ABprppppapa, 4774, 0, 0, 0, , 0, 0, 0, 0, 0, 
259, 1, 261, 259, -1, 128, 277, 11.0, 13, ABprppppapp, 3924, 0, 0, 0, , 0, 0, 0, 0, 0, 
260, 1, 262, 260, -1, 146, 270, 13.0, 13, ABprppppaaa, 4406, 0, 0, 0, , 0, 0, 0, 0, 0, 
261, 1, 263, 261, -1, 135, 274, 14.0, 15, ABprppppaap, 4062, 0, 0, 0, , 0, 0, 0, 0, 0, 
262, 1, 264, 262, -1, 77, 296, 13.0, 13, ABprppppppp, 3544, 0, 0, 0, , 0, 0, 0, 0, 0, 
263, 1, 265, 263, -1, 89, 303, 10.0, 13, ABprppppppa, 4314, 0, 0, 0, , 0, 0, 0, 0, 0, 
264, 1, 266, 264, -1, 127, 259, 18.0, 15, ABprpppppaa, 5214, 0, 0, 0, , 0, 0, 0, 0, 0, 
265, 1, 267, 265, -1, 109, 269, 17.0, 15, ABprpppppap, 4310, 0, 0, 0, , 0, 0, 0, 0, 0, 
266, 1, 268, 266, -1, 192, 210, 15.0, 15, ABprppaapap, 4361, 0, 0, 0, , 0, 0, 0, 0, 0, 
267, 1, 269, 267, -1, 200, 210, 13.0, 13, ABprppaapaa, 4430, 0, 0, 0, , 0, 0, 0, 0, 0, 
268, 1, 270, 268, -1, 181, 255, 11.0, 15, ABprppaappa, 4818, 0, 0, 0, , 0, 0, 0, 0, 0, 
269, 1, 271, 269, -1, 165, 251, 11.0, 13, ABprppaappp, 5311, 0, 0, 0, , 0, 0, 0, 0, 0, 
270, 1, 272, 270, -1, 222, 195, 16.0, 13, ABprppaaaaa, 4449, 0, 0, 0, , 0, 0, 0, 0, 0, 
271, 1, 273, 271, -1, 208, 197, 15.0, 13, ABprppaaaap, 7392, 0, 0, 0, , 0, 0, 0, 0, 0, 
272, 0, 274, -1, -1, 193, 178, 16.0, 9, , 1082, 0, 0, 0, , 0, 0, 0, 0, 0, 
273, 1, 275, 273, -1, 172, 213, 15.0, 13, ABprppapaaa, 4293, 0, 0, 0, , 0, 0, 0, 0, 0, 
274, 1, 276, 274, -1, 159, 219, 15.0, 13, ABprppapaap, 4221, 0, 0, 0, , 0, 0, 0, 0, 0, 
275, 1, 277, 275, -1, 144, 224, 15.0, 13, ABprppapapa, 5382, 0, 0, 0, , 0, 0, 0, 0, 0, 
276, 1, 278, 276, -1, 132, 231, 16.0, 13, ABprppapapp, 4645, 0, 0, 0, , 0, 0, 0, 0, 0, 
277, 1, 279, 277, -1, 153, 239, 12.0, 11, ABprppapppa, 4336, 0, 0, 0, , 0, 0, 0, 0, 0, 
278, 1, 280, 278, -1, 131, 242, 12.0, 13, ABprppapppp, 3996, 0, 0, 0, , 0, 0, 0, 0, 0, 
279, 1, 281, 279, -1, 173, 235, 15.0, 13, ABprppappaa, 3968, 0, 0, 0, , 0, 0, 0, 0, 0, 
280, 1, 282, 280, -1, 165, 237, 13.0, 13, ABprppappap, 2719, 0, 0, 0, , 0, 0, 0, 0, 0, 
281, 1, 283, 281, -1, 339, 187, 28.0, 11, ABpraapaaaa, 3507, 0, 0, 0, , 0, 0, 0, 0, 0, 
282, 1, 284, 282, -1, 317, 185, 30.0, 13, ABarpapaaaa, 3868, 0, 0, 0, , 0, 0, 0, 0, 0, 
283, 1, 285, 283, -1, 326, 178, 29.0, 15, ABpraapaaap, 4409, 0, 0, 0, , 0, 0, 0, 0, 0, 
284, 1, 286, 284, -1, 297, 167, 27.0, 13, ABpraapaapa, 5331, 0, 0, 0, , 0, 0, 0, 0, 0, 
285, 1, 287, 285, -1, 246, 178, 26.0, 13, ABpraapapap, 5660, 0, 0, 0, , 0, 0, 0, 0, 0, 
286, 1, 288, 286, -1, 259, 187, 25.0, 13, ABpraapapaa, 4660, 0, 0, 0, , 0, 0, 0, 0, 0, 
287, 1, 289, 287, -1, 245, 167, 27.0, 15, ABpraapappp, 4694, 0, 0, 0, , 0, 0, 0, 0, 0, 
288, 1, 290, 288, -1, 260, 180, 28.0, 13, ABpraapappa, 4780, 0, 0, 0, , 0, 0, 0, 0, 0, 
289, 1, 291, 289, -1, 173, 186, 22.0, 17, ABpraapppp, 7223, 0, 0, 0, , 0, 0, 0, 0, 0, 
290, 0, 292, -1, -1, 199, 165, 21.0, 11, , 2029, 0, 0, 0, , 0, 0, 0, 0, 0, 
291, 1, 293, 291, -1, 212, 175, 16.0, 13, ABpraappap, 4303, 0, 0, 0, , 0, 0, 0, 0, 0, 
292, 1, 294, 292, -1, 228, 163, 18.0, 13, ABpraappaa, 4917, 0, 0, 0, , 0, 0, 0, 0, 0, 
293, 1, 295, 293, -1, 299, 173, 23.0, 15, ABpraaapapa, 4870, 0, 0, 0, , 0, 0, 0, 0, 0, 
294, 1, 296, 294, -1, 288, 163, 24.0, 13, ABpraaapapp, 3498, 0, 0, 0, , 0, 0, 0, 0, 0, 
295, 1, 297, 295, -1, 271, 176, 23.0, 15, ABpraaapaad, 9864, 0, 0, 0, , 0, 0, 0, 0, 0, 
296, 1, 298, 296, -1, 277, 185, 20.0, 11, ABpraaapaav, 3771, 0, 0, 0, , 0, 0, 0, 0, 0, 
297, 1, 300, 297, -1, 243, 182, 23.0, 13, ABpraaappap, 5359, 0, 0, 0, , 0, 0, 0, 0, 0, 
298, 1, 301, 298, -1, 229, 184, 28.0, 15, ABpraaapppa, 4647, 0, 0, 0, , 0, 0, 0, 0, 0, 
299, 1, 302, 299, -1, 226, 167, 25.0, 17, ABpraaapppp, 5358, 0, 0, 0, , 0, 0, 0, 0, 0, 
300, 1, 303, 300, -1, 282, 159, 22.0, 13, ABpraaaaapd, 4235, 0, 0, 0, , 0, 0, 0, 0, 0, 
301, 1, 304, 301, -1, 293, 162, 19.0, 15, ABpraaaaapv, 4543, 0, 0, 0, , 0, 0, 0, 0, 0, 
302, 1, 305, 302, -1, 279, 168, 16.0, 15, ABpraaaaaaa, 4929, 0, 0, 0, , 0, 0, 0, 0, 0, 
303, 1, 306, 303, -1, 265, 169, 15.0, 11, ABpraaaaaap, 5409, 0, 0, 0, , 0, 0, 0, 0, 0, 
304, 1, 307, 304, -1, 269, 172, 18.0, 13, ABpraaaapav, 3972, 0, 0, 0, , 0, 0, 0, 0, 0, 
305, 1, 308, 305, -1, 269, 161, 18.0, 17, ABpraaaapad, 5801, 0, 0, 0, , 0, 0, 0, 0, 0, 
306, 1, 309, 306, -1, 263, 160, 24.0, 11, ABpraaaappa, 6365, 0, 0, 0, , 0, 0, 0, 0, 0, 
307, 1, 310, 307, -1, 268, 173, 25.0, 13, ABpraaaappp, 2810, 0, 0, 0, , 0, 0, 0, 0, 0, 
308, 1, 311, 308, -1, 112, 219, 20.0, 13, ABprappapp, 7730, 0, 0, 0, , 0, 0, 0, 0, 0, 
309, 1, 312, 309, -1, 127, 213, 29.0, 15, ABprappapa, 7174, 0, 0, 0, , 0, 0, 0, 0, 0, 
310, 1, 313, 310, -1, 127, 208, 21.0, 15, ABprappaap, 7775, 0, 0, 0, , 0, 0, 0, 0, 0, 
311, 1, 314, 311, -1, 150, 209, 19.0, 15, ABprappaaa, 7049, 0, 0, 0, , 0, 0, 0, 0, 0, 
312, 1, 315, 312, -1, 87, 253, 16.0, 15, ABprapppaa, 10136, 0, 0, 0, , 0, 0, 0, 0, 0, 
313, 1, 316, 313, -1, 91, 271, 14.0, 13, ABprapppapp, 3360, 0, 0, 0, , 0, 0, 0, 0, 0, 
314, 1, 317, 314, -1, 81, 264, 13.0, 11, ABprapppapa, 3296, 0, 0, 0, , 0, 0, 0, 0, 0, 
315, 1, 318, 315, -1, 73, 278, 13.0, 17, ABprappppp, 6364, 0, 0, 0, , 0, 0, 0, 0, 0, 
316, 1, 319, 316, -1, 86, 249, 12.0, 15, ABprappppa, 7678, 0, 0, 0, , 0, 0, 0, 0, 0, 
317, 1, 320, 317, -1, 209, 191, 28.0, 17, ABprapaaapa, 5606, 0, 0, 0, , 0, 0, 0, 0, 0, 
318, 1, 321, 318, -1, 190, 189, 26.0, 15, ABprapaaapp, 8561, 0, 0, 0, , 0, 0, 0, 0, 0, 
319, 1, 322, 319, -1, 213, 201, 32.0, 13, ABprapaaaap, 4072, 0, 0, 0, , 0, 0, 0, 0, 0, 
320, 1, 323, 320, -1, 227, 194, 31.0, 13, ABprapaaaaa, 4273, 0, 0, 0, , 0, 0, 0, 0, 0, 
321, 1, 324, 321, -1, 156, 195, 22.0, 13, ABprapaapp, 8099, 0, 0, 0, , 0, 0, 0, 0, 0, 
322, 1, 325, 322, -1, 182, 192, 16.0, 15, ABprapaapa, 8187, 0, 0, 0, , 0, 0, 0, 0, 0, 
323, 1, 326, 323, -1, 96, 238, 14.0, 15, ABprapappa, 6752, 0, 0, 0, , 0, 0, 0, 0, 0, 
324, 1, 327, 324, -1, 74, 274, 18.0, 15, ABprapapppp, 4914, 0, 0, 0, , 0, 0, 0, 0, 0, 
325, 1, 328, 325, -1, 66, 263, 19.0, 13, ABprapapppa, 3703, 0, 0, 0, , 0, 0, 0, 0, 0, 
326, 1, 329, 326, -1, 95, 230, 20.0, 15, ABprapapap, 7192, 0, 0, 0, , 0, 0, 0, 0, 0, 
327, 1, 330, 327, -1, 82, 249, 26.0, 15, ABprapapaa, 3595, 0, 0, 0, , 0, 0, 0, 0, 0, 
328, 1, 331, 328, -1, 245, 200, 30.0, 15, MSppppap, 5001, 0, 0, 0, , 0, 0, 0, 0, 0, 
329, 1, 332, 329, -1, 226, 202, 20.0, 15, MSppppaa, 3128, 0, 0, 0, , 0, 0, 0, 0, 0, 
330, 1, 333, 330, -1, 241, 219, 31.0, 13, MSpppppa, 2212, 0, 0, 0, , 0, 0, 0, 0, 0, 
331, 1, 334, 331, -1, 215, 227, 32.0, 15, MSpppppp, 6172, 0, 0, 0, , 0, 0, 0, 0, 0, 
332, 1, 335, 332, -1, 228, 207, 25.0, 13, MSpppaaa, 3216, 0, 0, 0, , 0, 0, 0, 0, 0, 
333, 1, 336, 333, -1, 138, 249, 21.0, 17, MSpppaap, 9018, 0, 0, 0, , 0, 0, 0, 0, 0, 
334, 1, 337, 334, -1, 207, 206, 18.0, 15, MSpppapp, 2599, 0, 0, 0, , 0, 0, 0, 0, 0, 
335, 1, 338, 335, -1, 221, 218, 13.0, 11, ABprpapaaap, 3654, 0, 0, 0, , 0, 0, 0, 0, 0, 
336, 1, 339, 336, -1, 162, 266, 14.0, 13, MSppaapp, 5396, 0, 0, 0, , 0, 0, 0, 0, 0, 
337, 1, 340, 337, -1, 242, 207, 16.0, 13, MSppaapa, 3318, 0, 0, 0, , 0, 0, 0, 0, 0, 
338, 1, 341, 338, -1, 286, 205, 15.0, 13, MSppaaaa, 7292, 0, 0, 0, , 0, 0, 0, 0, 0, 
339, 1, 342, 339, -1, 283, 191, 23.0, 15, MSppaaap, 4283, 0, 0, 0, , 0, 0, 0, 0, 0, 
340, 1, 343, 340, -1, 265, 191, 31.0, 17, MSppappa, 5881, 0, 0, 0, , 0, 0, 0, 0, 0, 
341, 1, 344, 341, -1, 240, 198, 24.0, 15, MSppapaa, 5279, 0, 0, 0, , 0, 0, 0, 0, 0, 
342, 1, 345, 342, -1, 243, 195, 18.0, 15, MSppapap, 4908, 0, 0, 0, , 0, 0, 0, 0, 0, 
343, 1, 346, 343, -1, 200, 258, 18.0, 13, MSpapappp, 3268, 0, 0, 0, , 0, 0, 0, 0, 0, 
344, 1, 347, 344, -1, 207, 232, 22.0, 17, MSpapappa, 6774, 0, 0, 0, , 0, 0, 0, 0, 0, 
345, 1, 348, 345, -1, 199, 242, 19.0, 15, MSpapapa, 7305, 0, 0, 0, , 0, 0, 0, 0, 0, 
346, 1, 349, 346, -1, 214, 229, 19.0, 17, MSpapaaap, 5552, 0, 0, 0, , 0, 0, 0, 0, 0, 
347, 1, 350, 347, -1, 200, 230, 25.0, 19, MSpapaapp, 11885, 0, 0, 0, , 0, 0, 0, 0, 0, 
348, 0, 351, -1, -1, 196, 254, 24.0, 13, , 3733, 0, 0, 0, , 0, 0, 0, 0, 0, 
349, 0, 352, -1, -1, 208, 255, 26.0, 11, , 1360, 0, 0, 0, , 0, 0, 0, 0, 0, 
350, 1, 353, 350, -1, 164, 324, 16.0, 15, MSpappaa, 5915, 0, 0, 0, , 0, 0, 0, 0, 0, 
351, 1, 354, 351, -1, 149, 229, 18.0, 15, MSpapppp, 4333, 0, 0, 0, , 0, 0, 0, 0, 0, 
352, 1, 356, 352, -1, 255, 236, 29.0, 13, MSpaaappa, 5795, 0, 0, 0, , 0, 0, 0, 0, 0, 
353, 1, 357, 353, -1, 233, 240, 29.0, 15, MSpaaappp, 5774, 0, 0, 0, , 0, 0, 0, 0, 0, 
354, 1, 358, 354, -1, 244, 255, 31.0, 13, MSpaaapaa, 4172, 0, 0, 0, , 0, 0, 0, 0, 0, 
355, 1, 359, 355, -1, 229, 253, 31.0, 13, MSpaaapap, 4449, 0, 0, 0, , 0, 0, 0, 0, 0, 
356, 1, 360, 356, -1, 283, 213, 27.0, 15, MSpaaaapa, 5800, 0, 0, 0, , 0, 0, 0, 0, 0, 
357, 1, 361, 357, -1, 265, 215, 28.0, 15, MSpaaaapp, 7244, 0, 0, 0, , 0, 0, 0, 0, 0, 
358, 1, 362, 358, -1, 285, 222, 31.0, 13, MSpaaaaaa, 4965, 0, 0, 0, , 0, 0, 0, 0, 0, 
359, 1, 362, 359, -1, 269, 226, 31.0, 13, MSpaaaaap, 4338, 0, 0, 0, , 0, 0, 0, 0, 0, 
360, 1, 363, 360, -1, 230, 220, 19.0, 13, ABaraappppa, 4667, 0, 0, 0, , 0, 0, 0, 0, 0, 
361, 1, 364, 361, -1, 233, 224, 23.0, 15, ABaraapppap, 7191, 0, 0, 0, , 0, 0, 0, 0, 0, 
362, 1, 365, 362, -1, 237, 223, 28.0, 13, MSpaapaap, 4539, 0, 0, 0, , 0, 0, 0, 0, 0, 
363, 1, 366, 363, -1, 254, 220, 28.0, 11, MSpaapaaa, 2806, 0, 0, 0, , 0, 0, 0, 0, 0, 
364, 1, 367, 364, -1, 180, 257, 27.0, 19, Earap, 28859, 0, 0, 0, , 0, 0, 0, 0, 0, 
365, 1, 368, 365, -1, 266, 298, 21.0, 13, MSapppaa, 2173, 0, 0, 0, , 0, 0, 0, 0, 0, 
366, 1, 369, 366, -1, 257, 292, 28.0, 15, MSapppap, 3226, 0, 0, 0, , 0, 0, 0, 0, 0, 
367, 1, 370, 367, -1, 246, 288, 31.0, 19, MSappppa, 9589, 0, 0, 0, , 0, 0, 0, 0, 0, 
368, 1, 371, 368, -1, 222, 299, 31.0, 15, MSappppp, 6009, 0, 0, 0, , 0, 0, 0, 0, 0, 
369, 1, 372, 369, -1, 162, 319, 20.0, 13, MSappaap, 3648, 0, 0, 0, , 0, 0, 0, 0, 0, 
370, 1, 373, 370, -1, 245, 295, 25.0, 17, MSappaaa, 4149, 0, 0, 0, , 0, 0, 0, 0, 0, 
371, 1, 374, 371, -1, 244, 295, 18.0, 11, MSappapp, 1429, 0, 0, 0, , 0, 0, 0, 0, 0, 
372, 1, 375, 372, -1, 258, 293, 19.0, 11, MSappapa, 1705, 0, 0, 0, , 0, 0, 0, 0, 0, 
373, 1, 376, 373, -1, 292, 277, 31.0, 21, MSapappa, 6571, 0, 0, 0, , 0, 0, 0, 0, 0, 
374, 1, 377, 374, -1, 287, 262, 31.0, 15, MSapappp, 3127, 0, 0, 0, , 0, 0, 0, 0, 0, 
375, 1, 378, 375, -1, 279, 284, 19.0, 23, MSapapap, 12939, 0, 0, 0, , 0, 0, 0, 0, 0, 
376, 1, 379, 376, -1, 273, 290, 26.0, 17, MSapapaa, 7477, 0, 0, 0, , 0, 0, 0, 0, 0, 
377, 1, 380, 377, -1, 192, 292, 15.0, 17, MSapaapp, 3761, 0, 0, 0, , 0, 0, 0, 0, 0, 
378, 1, 381, 378, -1, 289, 284, 18.0, 11, MSapaapa, 2614, 0, 0, 0, , 0, 0, 0, 0, 0, 
379, 1, 382, 379, -1, 314, 252, 16.0, 15, MSapaaaa, 4591, 0, 0, 0, , 0, 0, 0, 0, 0, 
380, 1, 383, 380, -1, 315, 260, 23.0, 13, MSapaaap, 5887, 0, 0, 0, , 0, 0, 0, 0, 0, 
381, 1, 384, 381, -1, 303, 221, 28.0, 19, MSaaaaapa, 16879, 0, 0, 0, , 0, 0, 0, 0, 0, 
382, 1, 385, 382, -1, 290, 239, 31.0, 17, MSaaaaapp, 5541, 0, 0, 0, , 0, 0, 0, 0, 0, 
383, 1, 386, 383, -1, 325, 224, 25.0, 19, MSaaaaaa, 14421, 0, 0, 0, , 0, 0, 0, 0, 0, 
384, 1, 387, 384, -1, 273, 244, 32.0, 11, MSaaaapaa, 5516, 0, 0, 0, , 0, 0, 0, 0, 0, 
385, 1, 388, 385, -1, 258, 246, 31.0, 13, MSaaaapap, 4214, 0, 0, 0, , 0, 0, 0, 0, 0, 
386, 1, 389, 386, -1, 245, 264, 28.0, 15, MSaaaappp, 3548, 0, 0, 0, , 0, 0, 0, 0, 0, 
387, 1, 390, 387, -1, 259, 261, 29.0, 13, MSaaaappa, 4977, 0, 0, 0, , 0, 0, 0, 0, 0, 
388, 1, 391, 388, -1, 243, 279, 27.0, 15, MSaaapapp, 2888, 0, 0, 0, , 0, 0, 0, 0, 0, 
389, 1, 392, 389, -1, 275, 260, 27.0, 13, MSaaapaap, 3389, 0, 0, 0, , 0, 0, 0, 0, 0, 
390, 0, 393, -1, -1, 298, 246, 28.0, 11, , 1090, 0, 0, 0, , 0, 0, 0, 0, 0, 
391, 1, 394, 391, -1, 225, 276, 27.0, 11, MSaaappa, 3595, 0, 0, 0, , 0, 0, 0, 0, 0, 
392, 1, 395, 392, -1, 224, 270, 30.0, 17, MSaaappp, 4732, 0, 0, 0, , 0, 0, 0, 0, 0, 
393, 1, 396, 393, -1, 179, 312, 18.0, 15, MSaapppp, 5578, 0, 0, 0, , 0, 0, 0, 0, 0, 
394, 1, 397, 394, -1, 210, 309, 18.0, 21, MSaapppa, 13825, 0, 0, 0, , 0, 0, 0, 0, 0, 
395, 1, 398, 395, -1, 236, 273, 17.0, 15, MSaapaaap, 4497, 0, 0, 0, , 0, 0, 0, 0, 0, 
396, 1, 399, 396, -1, 252, 274, 17.0, 13, MSaapaaaa, 4374, 0, 0, 0, , 0, 0, 0, 0, 0, 
397, 1, 400, 397, -1, 215, 280, 17.0, 13, MSaapappp, 3297, 0, 0, 0, , 0, 0, 0, 0, 0, 
398, 1, 401, 398, -1, 235, 283, 21.0, 17, MSaapappa, 5933, 0, 0, 0, , 0, 0, 0, 0, 0, 
399, 1, 402, 399, -1, 219, 285, 20.0, 17, MSaapapa, 20604, 0, 0, 0, , 0, 0, 0, 0, 0, 
400, 1, 403, 400, -1, 196, 284, 21.0, 19, Ealpa, 11272, 0, 0, 0, , 0, 0, 0, 0, 0, 
401, 0, -1, -1, -1, 129, 300, 23.0, 17, , 19415, 0, 0, 0, , 0, 0, 0, 0, 0, 
402, 1, 405, 402, -1, 128, 342, 22.0, 17, Cappapa, 5638, 0, 0, 0, , 0, 0, 0, 0, 0, 
403, 1, 406, 403, -1, 111, 330, 17.0, 15, Cappapp, 4709, 0, 0, 0, , 0, 0, 0, 0, 0, 
404, 1, 407, 404, -1, 170, 340, 27.0, 15, Cappaaa, 4603, 0, 0, 0, , 0, 0, 0, 0, 0, 
405, 1, 408, 405, -1, 98, 334, 23.0, 15, Capppap, 3957, 0, 0, 0, , 0, 0, 0, 0, 0, 
406, 1, 409, 406, -1, 115, 335, 28.0, 13, Capppaa, 3572, 0, 0, 0, , 0, 0, 0, 0, 0, 
407, 1, 410, 407, -1, 93, 320, 16.0, 15, Capppp, 3633, 0, 0, 0, , 0, 0, 0, 0, 0, 
408, 1, 411, 408, -1, 141, 342, 26.0, 21, Capapa, 17371, 0, 0, 0, , 0, 0, 0, 0, 0, 
409, 1, 412, 409, -1, 144, 336, 16.0, 15, Capapp, 7710, 0, 0, 0, , 0, 0, 0, 0, 0, 
410, 1, 413, 410, -1, 155, 343, 21.0, 23, Capaap, 3047, 0, 0, 0, , 0, 0, 0, 0, 0, 
411, 1, 414, 411, -1, 179, 337, 23.0, 13, Capaaap, 3682, 0, 0, 0, , 0, 0, 0, 0, 0, 
412, 1, 414, 412, -1, 199, 330, 23.0, 15, Capaaaa, 3716, 0, 0, 0, , 0, 0, 0, 0, 0, 
413, 1, 415, 413, -1, 80, 285, 30.0, 13, Caaapp, 2647, 0, 0, 0, , 0, 0, 0, 0, 0, 
414, 1, 416, 414, -1, 62, 293, 17.0, 19, Caappd, 8029, 0, 0, 0, , 0, 0, 0, 0, 0, 
415, 1, 417, 415, -1, 72, 312, 13.0, 13, Caappv, 3408, 0, 0, 0, , 0, 0, 0, 0, 0, 
416, 1, 418, 416, -1, 102, 306, 14.0, 15, Caapaa, 4202, 0, 0, 0, , 0, 0, 0, 0, 0, 
417, 1, 419, 417, -1, 77, 330, 21.0, 21, Cpappd, 10136, 0, 0, 0, , 0, 0, 0, 0, 0, 
418, 1, 420, 418, -1, 72, 322, 15.0, 17, Cpappv, 10686, 0, 0, 0, , 0, 0, 0, 0, 0, 
419, 1, 421, 419, -1, 68, 301, 24.0, 21, Cpapaa, 10203, 0, 0, 0, , 0, 0, 0, 0, 0, 
420, 1, 422, 420, -1, 114, 243, 20.0, 13, Cppaapp, 4488, 0, 0, 0, , 0, 0, 0, 0, 0, 
421, 1, 422, 421, -1, 130, 227, 22.0, 13, Cppaapa, 4364, 0, 0, 0, , 0, 0, 0, 0, 0, 
422, 1, 423, 422, -1, 140, 220, 24.0, 15, Cppaaap, 4231, 0, 0, 0, , 0, 0, 0, 0, 0, 
423, 1, 424, 423, -1, 163, 215, 23.0, 15, Cppaaaa, 5792, 0, 0, 0, , 0, 0, 0, 0, 0, 
424, 1, 425, 424, -1, 130, 230, 27.0, 17, Cppapaa, 5089, 0, 0, 0, , 0, 0, 0, 0, 0, 
425, 1, 426, 425, -1, 114, 266, 13.0, 13, Cppappp, 3842, 0, 0, 0, , 0, 0, 0, 0, 0, 
426, 1, 427, 426, -1, 116, 244, 17.0, 15, Cppappa, 4394, 0, 0, 0, , 0, 0, 0, 0, 0, 
427, 1, 428, 427, -1, 126, 246, 31.0, 15, Cpppaap, 6008, 0, 0, 0, , 0, 0, 0, 0, 0, 
428, 1, 429, 428, -1, 149, 222, 27.0, 15, Cpppaaa, 5541, 0, 0, 0, , 0, 0, 0, 0, 0, 
429, 1, 430, 429, -1, 94, 266, 19.0, 15, Cpppapp, 5388, 0, 0, 0, , 0, 0, 0, 0, 0, 
430, 1, 431, 430, -1, 95, 254, 23.0, 15, Cpppapa, 6364, 0, 0, 0, , 0, 0, 0, 0, 0, 
431, 1, 432, 431, -1, 241, 313, 20.0, 13, Daapa, 1487, 0, 0, 0, , 0, 0, 0, 0, 0, 
432, 1, 433, 432, -1, 225, 322, 19.0, 15, Daapp, 5006, 0, 0, 0, , 0, 0, 0, 0, 0, 
433, 1, 434, 433, -1, 252, 305, 24.0, 17, Daaaa, 4222, 0, 0, 0, , 0, 0, 0, 0, 0, 
434, 1, 435, 434, -1, 234, 312, 28.0, 15, Daaap, 5074, 0, 0, 0, , 0, 0, 0, 0, 0, 
435, 1, 436, 435, -1, 206, 318, 28.0, 13, Dappa, 4364, 0, 0, 0, , 0, 0, 0, 0, 0, 
436, 1, 437, 436, -1, 167, 328, 31.0, 17, Dappp, 4840, 0, 0, 0, , 0, 0, 0, 0, 0, 
437, 1, 438, 437, -1, 186, 204, 20.0, 17, Dpapp, 5509, 0, 0, 0, , 0, 0, 0, 0, 0, 
438, 1, 439, 438, -1, 206, 200, 22.0, 15, Dpapa, 4322, 0, 0, 0, , 0, 0, 0, 0, 0, 
439, 1, 440, 439, -1, 205, 212, 29.0, 19, Dpaap, 7079, 0, 0, 0, , 0, 0, 0, 0, 0, 
440, 1, 441, 440, -1, 213, 198, 24.0, 13, Dpaaa, 3819, 0, 0, 0, , 0, 0, 0, 0, 0, 
441, 1, 442, 441, -1, 159, 230, 32.0, 19, Dpppp, 13798, 0, 0, 0, , 0, 0, 0, 0, 0, 
442, 1, 443, 442, -1, 180, 220, 32.0, 15, Dpppa, 4266, 0, 0, 0, , 0, 0, 0, 0, 0, 
443, 1, 444, 443, -1, 190, 206, 25.0, 15, Dppaa, 4303, 0, 0, 0, , 0, 0, 0, 0, 0, 
444, 1, 445, 444, -1, 167, 214, 27.0, 15, Dppap, 6472, 0, 0, 0, , 0, 0, 0, 0, 0, 
445, 0, 446, -1, -1, 379, 245, 24.0, 15, , 7131, 0, 0, 0, , 0, 0, 0, 0, 0, 
446, 1, 447, 446, -1, 322, 288, 24.0, 13, ABalpppappa, 5451, 0, 0, 0, , 0, 0, 0, 0, 0, 
447, 1, 448, 447, -1, 316, 289, 26.0, 17, ABalpppappp, 5386, 0, 0, 0, , 0, 0, 0, 0, 0, 
448, 1, 449, 448, -1, 301, 284, 22.0, 13, ABalpppppaa, 3478, 0, 0, 0, , 0, 0, 0, 0, 0, 
449, 1, 450, 449, -1, 290, 293, 23.0, 15, ABalpppppap, 4910, 0, 0, 0, , 0, 0, 0, 0, 0, 
450, 1, 451, 450, -1, 279, 312, 26.0, 17, ABalppppppa, 4799, 0, 0, 0, , 0, 0, 0, 0, 0, 
451, 1, 452, 451, -1, 290, 318, 23.0, 15, ABalppppppp, 3992, 0, 0, 0, , 0, 0, 0, 0, 0, 
452, 1, 453, 452, -1, 347, 267, 25.0, 13, ABalppppapp, 4663, 0, 0, 0, , 0, 0, 0, 0, 0, 
453, 1, 454, 453, -1, 320, 283, 22.0, 15, ABalppppaav, 3771, 0, 0, 0, , 0, 0, 0, 0, 0, 
454, 1, 455, 454, -1, 342, 281, 16.0, 13, ABalpppaaaa, 4237, 0, 0, 0, , 0, 0, 0, 0, 0, 
455, 1, 456, 455, -1, 327, 282, 13.0, 13, ABalpppaaap, 3845, 0, 0, 0, , 0, 0, 0, 0, 0, 
456, 1, 457, 456, -1, 350, 277, 20.0, 15, ABalpppaapd, 6101, 0, 0, 0, , 0, 0, 0, 0, 0, 
457, 1, 458, 457, -1, 346, 281, 23.0, 15, ABalpppaapv, 6112, 0, 0, 0, , 0, 0, 0, 0, 0, 
458, 1, 459, 458, -1, 327, 290, 16.0, 13, ABalpppapad, 4631, 0, 0, 0, , 0, 0, 0, 0, 0, 
459, 1, 460, 459, -1, 319, 299, 16.0, 13, ABalpppapav, 3767, 0, 0, 0, , 0, 0, 0, 0, 0, 
460, 1, 461, 460, -1, 354, 263, 17.0, 15, ABalaaapalr, 3972, 0, 0, 0, , 0, 0, 0, 0, 0, 
461, 1, 462, 461, -1, 340, 260, 13.0, 11, ABalppaaaa, 3853, 0, 0, 0, , 0, 0, 0, 0, 0, 
462, 1, 463, 462, -1, 332, 269, 11.0, 13, ABalppaaapp, 4280, 0, 0, 0, , 0, 0, 0, 0, 0, 
463, 1, 464, 463, -1, 283, 292, 10.0, 15, ABalppaappp, 5605, 0, 0, 0, , 0, 0, 0, 0, 0, 
464, 1, 465, 464, -1, 307, 267, 9.0, 13, ABalppaapa, 5607, 0, 0, 0, , 0, 0, 0, 0, 0, 
465, 1, 466, 465, -1, 303, 282, 17.0, 17, ABplpaaaaap, 4585, 0, 0, 0, , 0, 0, 0, 0, 0, 
466, 1, 467, 466, -1, 301, 274, 13.0, 11, ABalppapppa, 3133, 0, 0, 0, , 0, 0, 0, 0, 0, 
467, 1, 468, 467, -1, 316, 266, 14.0, 13, ABalppappap, 3561, 0, 0, 0, , 0, 0, 0, 0, 0, 
468, 1, 469, 468, -1, 329, 257, 15.0, 13, ABalppappaa, 3691, 0, 0, 0, , 0, 0, 0, 0, 0, 
469, 1, 470, 469, -1, 288, 261, 10.0, 13, ABalppapapa, 4319, 0, 0, 0, , 0, 0, 0, 0, 0, 
470, 1, 471, 470, -1, 275, 280, 10.0, 15, ABalppapapp, 5675, 0, 0, 0, , 0, 0, 0, 0, 0, 
471, 1, 472, 471, -1, 321, 254, 11.0, 15, ABalppapaaa, 5134, 0, 0, 0, , 0, 0, 0, 0, 0, 
472, 1, 473, 472, -1, 304, 256, 10.0, 11, ABalppapaap, 2456, 0, 0, 0, , 0, 0, 0, 0, 0, 
473, 1, 474, 473, -1, 241, 296, 11.0, 15, ABalpapapap, 5559, 0, 0, 0, , 0, 0, 0, 0, 0, 
474, 1, 475, 474, -1, 251, 280, 10.0, 15, ABalpapapaa, 8896, 0, 0, 0, , 0, 0, 0, 0, 0, 
475, 1, 476, 475, -1, 211, 306, 10.0, 13, ABalpapappa, 5746, 0, 0, 0, , 0, 0, 0, 0, 0, 
476, 1, 477, 476, -1, 223, 309, 14.0, 15, ABalpapappp, 5211, 0, 0, 0, , 0, 0, 0, 0, 0, 
477, 1, 478, 477, -1, 265, 245, 10.0, 14, ABalpapaapp, 5215, 0, 0, 0, , 0, 0, 0, 0, 0, 
478, 1, 479, 478, -1, 282, 237, 10.0, 13, ABalpapaapa, 5577, 0, 0, 0, , 0, 0, 0, 0, 0, 
479, 1, 480, 479, -1, 295, 247, 10.0, 13, ABalpapaaaa, 7712, 0, 0, 0, , 0, 0, 0, 0, 0, 
480, 1, 481, 480, -1, 266, 265, 10.0, 13, ABalpapaaap, 4930, 0, 0, 0, , 0, 0, 0, 0, 0, 
481, 1, 482, 481, -1, 294, 245, 14.0, 13, ABalpaaaaap, 5362, 0, 0, 0, , 0, 0, 0, 0, 0, 
482, 1, 483, 482, -1, 279, 236, 17.0, 11, ABalpappaaa, 5404, 0, 0, 0, , 0, 0, 0, 0, 0, 
483, 1, 484, 483, -1, 226, 261, 16.0, 17, ABalpappapp, 4925, 0, 0, 0, , 0, 0, 0, 0, 0, 
484, 1, 485, 484, -1, 276, 267, 16.0, 15, ABalpapppaa, 5873, 0, 0, 0, , 0, 0, 0, 0, 0, 
485, 1, 486, 485, -1, 261, 251, 19.0, 15, ABalpapppap, 6309, 0, 0, 0, , 0, 0, 0, 0, 0, 
486, 1, 487, 486, -1, 301, 250, 17.0, 13, ABalpaaapaa, 3742, 0, 0, 0, , 0, 0, 0, 0, 0, 
487, 1, 488, 487, -1, 296, 260, 21.0, 13, ABalpaaapap, 3980, 0, 0, 0, , 0, 0, 0, 0, 0, 
488, 1, 489, 488, -1, 282, 247, 13.0, 13, ABalpaaaapp, 4376, 0, 0, 0, , 0, 0, 0, 0, 0, 
489, 1, 490, 489, -1, 300, 239, 12.0, 15, ABalpaaaapa, 4201, 0, 0, 0, , 0, 0, 0, 0, 0, 
490, 1, 491, 490, -1, 284, 253, 17.0, 15, ABalpappaap, 7981, 0, 0, 0, , 0, 0, 0, 0, 0, 
491, 1, 492, 491, -1, 309, 236, 14.0, 13, ABalpaaaaaa, 5574, 0, 0, 0, , 0, 0, 0, 0, 0, 
492, 1, 493, 492, -1, 335, 225, 14.0, 13, ABalpaapppa, 4328, 0, 0, 0, , 0, 0, 0, 0, 0, 
493, 1, 494, 493, -1, 325, 243, 12.0, 13, ABalpaapppp, 4084, 0, 0, 0, , 0, 0, 0, 0, 0, 
494, 1, 495, 494, -1, 323, 225, 14.0, 13, ABalpaappaa, 4833, 0, 0, 0, , 0, 0, 0, 0, 0, 
495, 1, 496, 495, -1, 314, 232, 11.0, 13, ABalpaappap, 5410, 0, 0, 0, , 0, 0, 0, 0, 0, 
496, 1, 497, 496, -1, 295, 245, 21.0, 17, ABalpaapapa, 3641, 0, 0, 0, , 0, 0, 0, 0, 0, 
497, 1, 498, 497, -1, 315, 243, 21.0, 13, ABalpaapaap, 4777, 0, 0, 0, , 0, 0, 0, 0, 0, 
498, 1, 499, 498, -1, 315, 233, 19.0, 13, ABalpaapaaa, 7646, 0, 0, 0, , 0, 0, 0, 0, 0, 
499, 1, 500, 532, -1, 163, 267, 28.0, 17, Epraa, 11801, 0, 0, 0, , 0, 0, 0, 0, 0, 
500, 1, 604, 500, -1, 153, 301, 24.0, 17, Ealpp, 10012, 0, 0, 0, , 0, 0, 0, 0, 0, 
501, 1, 502, 501, -1, 200, 257, 27.0, 15, Earaa, 10793, 0, 0, 0, , 0, 0, 0, 0, 0, 
502, 1, 503, 502, -1, 146, 269, 24.0, 19, Earpp, 4928, 0, 0, 0, , 0, 0, 0, 0, 0, 
503, 1, 504, 503, -1, 180, 287, 26.0, 19, Ealap, 10663, 0, 0, 0, , 0, 0, 0, 0, 0, 
504, 1, 505, 504, -1, 208, 277, 25.0, 25, Ealaa, 8416, 0, 0, 0, , 0, 0, 0, 0, 0, 
505, 1, 506, 505, -1, 160, 293, 28.0, 23, Eplaa, 7676, 0, 0, 0, , 0, 0, 0, 0, 0, 
506, 1, 507, 506, -1, 129, 304, 26.0, 21, Eplap, 65535, 0, 0, 0, , 0, 0, 0, 0, 0, 
507, 1, 508, 507, -1, 120, 278, 19.0, 25, Eprpp, 4894, 0, 0, 0, , 0, 0, 0, 0, 0, 
508, 1, 509, 508, -1, 189, 336, 28.0, 15, Dapap, 6114, 0, 0, 0, , 0, 0, 0, 0, 0, 
509, 1, 510, 509, -1, 216, 323, 23.0, 17, Dapaa, 5559, 0, 0, 0, , 0, 0, 0, 0, 0, 
510, 1, 511, 510, -1, 227, 285, 24.0, 15, MSaapaapp, 4979, 0, 0, 0, , 0, 0, 0, 0, 0, 
511, 1, 512, 511, -1, 235, 266, 23.0, 15, MSaapaapa, 3798, 0, 0, 0, , 0, 0, 0, 0, 0, 
512, 1, 513, 512, -1, 168, 205, 32.0, 15, ABarpppapp, 6226, 0, 0, 0, , 0, 0, 0, 0, 0, 
513, 1, 514, 513, -1, 238, 310, 16.0, 15, ABplppaapap, 5704, 0, 0, 0, , 0, 0, 0, 0, 0, 
514, 1, 515, 514, -1, 243, 307, 13.0, 13, ABplppaapaa, 4793, 0, 0, 0, , 0, 0, 0, 0, 0, 
515, 1, 516, 515, -1, 81, 318, 27.0, 21, Cpapap, 18795, 0, 0, 0, , 0, 0, 0, 0, 0, 
516, 1, 517, 516, -1, 344, 249, 16.0, 13, ABalaaaalar, 3503, 0, 0, 0, , 0, 0, 0, 0, 0, 
517, 1, 518, 517, -1, 336, 235, 17.0, 13, ABalaaaalal, 4282, 0, 0, 0, , 0, 0, 0, 0, 0, 
518, 1, 519, 518, -1, 286, 175, 33.0, 15, ABarpappaa, 4344, 0, 0, 0, , 0, 0, 0, 0, 0, 
519, 1, 520, 519, -1, 98, 266, 30.0, 15, Cppppaa, 5821, 0, 0, 0, , 0, 0, 0, 0, 0, 
520, 1, 521, 520, -1, 80, 280, 25.0, 15, Cppppap, 4501, 0, 0, 0, , 0, 0, 0, 0, 0, 
521, 1, 522, 521, -1, 100, 286, 15.0, 15, Cpppppv, 10785, 0, 0, 0, , 0, 0, 0, 0, 0, 
522, 1, 523, 522, -1, 183, 261, 20.0, 21, Earpa, 28432, 0, 0, 0, , 0, 0, 0, 0, 0, 
523, 1, 524, 523, -1, 278, 202, 31.0, 13, MSppappp, 3982, 0, 0, 0, , 0, 0, 0, 0, 0, 
524, 0, 525, -1, -1, 130, 282, 28.0, 21, , 25117, 0, 0, 0, , 0, 0, 0, 0, 0, 
525, 1, 526, 525, -1, 242, 242, 35.0, 17, ABarpaappa, 6410, 0, 0, 0, , 0, 0, 0, 0, 0, 
526, 1, 527, 526, -1, 237, 311, 34.0, 21, ABarppaapa, 38207, 0, 0, 0, , 0, 0, 0, 0, 0, 
527, 0, 528, -1, -1, 125, 308, 18.0, 15, , 2712, 0, 0, 0, , 0, 0, 0, 0, 0, 
528, 1, 529, 528, -1, 121, 302, 18.0, 29, Eplpp, 5779, 0, 0, 0, , 0, 0, 0, 0, 0, 
529, 1, 530, 529, -1, 200, 274, 18.0, 13, MSaappap, 4496, 0, 0, 0, , 0, 0, 0, 0, 0, 
530, 1, 531, 530, -1, 171, 290, 17.0, 21, Z3, 1674, 0, 0, 0, , 0, 0, 0, 0, 0, 
531, 1, 532, 531, -1, 262, 183, 10.0, 13, ABalaapappa, 3763, 0, 0, 0, , 0, 0, 0, 0, 0, 
532, 0, 533, -1, -1, 165, 273, 29.0, 17, , 11955, 0, 0, 0, , 0, 0, 0, 0, 0, 
533, 0, -1, -1, -1, 255, 317, 17.0, 13, , 3570, 0, 0, 0, , 0, 0, 0, 0, 0, 
534, 1, 535, 534, -1, 126, 297, 9.0, 11, ABplpppapap, 1511, 0, 0, 0, , 0, 0, 0, 0, 0, 
535, 1, 536, 535, -1, 223, 325, 15.0, 13, ABplppapaaa, 5496, 0, 0, 0, , 0, 0, 0, 0, 0, 
536, 1, 537, 536, -1, 342, 245, 19.0, 15, ABalaaapall, 4551, 0, 0, 0, , 0, 0, 0, 0, 0, 
537, 1, 538, 537, -1, 132, 283, 27.0, 17, Eprap, 5840, 0, 0, 0, , 0, 0, 0, 0, 0, 
538, 1, 539, 538, -1, 266, 191, 16.0, 13, ABprpaaaaaa, 6528, 0, 0, 0, , 0, 0, 0, 0, 0, 
539, 1, 540, 539, -1, 134, 251, 15.0, 17, MSpappap, 4481, 0, 0, 0, , 0, 0, 0, 0, 0, 
540, 1, 541, 540, -1, 220, 240, 27.0, 15, MSpaapapp, 4744, 0, 0, 0, , 0, 0, 0, 0, 0, 
541, 0, 542, -1, -1, 203, 255, 28.0, 21, , 65535, 0, 0, 0, , 0, 0, 0, 0, 0, 
542, 1, 543, 542, -1, 78, 291, 20.0, 15, Cpppppd, 5827, 0, 0, 0, , 0, 0, 0, 0, 0, 
543, 1, 544, 543, -1, 269, 299, 30.0, 11, ABplapaaaaa, 4204, 0, 0, 0, , 0, 0, 0, 0, 0, 
544, 1, 545, 401, -1, 127, 304, 22.0, 21, Eplpa, 24665, 0, 0, 0, , 0, 0, 0, 0, 0, 
545, 0, 546, -1, -1, 230, 277, 12.0, 15, , 4220, 0, 0, 0, , 0, 0, 0, 0, 0, 
546, 1, 547, 546, -1, 261, 311, 31.0, 15, ABplapaaaap, 4022, 0, 0, 0, , 0, 0, 0, 0, 0, 
547, 1, 548, 547, -1, 351, 269, 15.0, 15, ABalppaaapa, 5465, 0, 0, 0, , 0, 0, 0, 0, 0, 
548, 1, 549, 548, -1, 257, 259, 16.0, 19, ABalpappppp, 7229, 0, 0, 0, , 0, 0, 0, 0, 0, 
549, 1, 550, 549, -1, 155, 247, 17.0, 21, Z2, 22249, 0, 0, 0, , 0, 0, 0, 0, 0, 
550, 1, 551, 550, -1, 350, 212, 22.0, 13, ABalaaaparr, 4479, 0, 0, 0, , 0, 0, 0, 0, 0, 
551, 1, 552, 551, -1, 347, 228, 21.0, 13, ABalaaaparl, 4597, 0, 0, 0, , 0, 0, 0, 0, 0, 
552, 1, 553, 552, -1, 265, 264, 21.0, 15, ABalpaaappp, 4198, 0, 0, 0, , 0, 0, 0, 0, 0, 
553, 1, 554, 553, -1, 281, 263, 20.0, 13, ABalpaaappa, 6991, 0, 0, 0, , 0, 0, 0, 0, 0, 
554, 0, 555, -1, -1, 200, 279, 22.0, 15, , 9493, 0, 0, 0, , 0, 0, 0, 0, 0, 
555, 1, 556, 555, -1, 207, 247, 12.0, 15, ABprpappapa, 3823, 0, 0, 0, , 0, 0, 0, 0, 0, 
556, 0, 557, -1, -1, 173, 289, 15.0, 15, , 6691, 0, 0, 0, , 0, 0, 0, 0, 0, 
557, 1, 558, 557, -1, 137, 333, 31.0, 15, Cappaap, 5608, 0, 0, 0, , 0, 0, 0, 0, 0, 
558, 1, 559, 558, -1, 267, 252, 14.0, 15, ABalpappppa, 6865, 0, 0, 0, , 0, 0, 0, 0, 0, 
559, 0, -1, -1, -1, 243, 240, 12.0, 13, , 10618, 0, 0, 0, , 0, 0, 0, 0, 0, 
560, 0, 561, -1, -1, 181, 263, 25.0, 15, , 6082, 0, 0, 0, , 0, 0, 0, 0, 0, 
561, 1, 562, 561, -1, 309, 205, 31.0, 15, ABalapppapp, 3232, 0, 0, 0, , 0, 0, 0, 0, 0, 
562, 1, 563, 562, -1, 224, 237, 22.0, 15, MSpapaapa, 5491, 0, 0, 0, , 0, 0, 0, 0, 0, 
563, 1, 564, 563, -1, 275, 165, 28.0, 13, ABpraapaapp, 4814, 0, 0, 0, , 0, 0, 0, 0, 0, 
564, 1, 565, 564, -1, 307, 179, 27.0, 11, ABalapppppa, 1462, 0, 0, 0, , 0, 0, 0, 0, 0, 
565, 1, 566, 565, -1, 304, 218, 12.0, 15, ABarapaaaaa, 7874, 0, 0, 0, , 0, 0, 0, 0, 0, 
566, 0, 567, -1, -1, 93, 322, 18.0, 15, , 5778, 0, 0, 0, , 0, 0, 0, 0, 0, 
567, 1, 568, 567, -1, 289, 268, 12.0, 15, ABalppapppp, 3726, 0, 0, 0, , 0, 0, 0, 0, 0, 
568, 1, 569, 568, -1, 344, 192, 22.0, 13, ABalaaappll, 3441, 0, 0, 0, , 0, 0, 0, 0, 0, 
569, 0, 570, -1, -1, 177, 285, 24.0, 19, , 14699, 0, 0, 0, , 0, 0, 0, 0, 0, 
570, 1, 571, 570, -1, 103, 249, 27.0, 15, Cppapap, 4877, 0, 0, 0, , 0, 0, 0, 0, 0, 
571, 1, 572, 571, -1, 116, 279, 24.0, 21, Eprpa, 11913, 0, 0, 0, , 0, 0, 0, 0, 0, 
572, 1, 573, 572, -1, 246, 225, 19.0, 17, ABarapaappp, 8654, 0, 0, 0, , 0, 0, 0, 0, 0, 
573, 1, 574, 573, -1, 310, 274, 21.0, 11, ABalppppaad, 4422, 0, 0, 0, , 0, 0, 0, 0, 0, 
574, 0, 575, -1, -1, 265, 273, 27.0, 11, , 4196, 0, 0, 0, , 0, 0, 0, 0, 0, 
575, 0, 576, -1, -1, 274, 318, 16.0, 13, , 5674, 0, 0, 0, , 0, 0, 0, 0, 0, 
576, 1, 577, 576, -1, 309, 281, 10.0, 15, ABalppaappa, 4990, 0, 0, 0, , 0, 0, 0, 0, 0, 
577, 1, 616, 577, -1, 282, 259, 23.0, 15, ABalpaapapp, 7097, 0, 0, 0, , 0, 0, 0, 0, 0, 
578, 0, 579, -1, -1, 160, 340, 21.0, 13, , 3542, 0, 0, 0, , 0, 0, 0, 0, 0, 
579, 1, 580, 579, -1, 133, 328, 12.0, 13, ABplpppaapa, 4083, 0, 0, 0, , 0, 0, 0, 0, 0, 
580, 1, 581, 580, -1, 320, 242, 35.0, 15, ABarpaaaapp, 3544, 0, 0, 0, , 0, 0, 0, 0, 0, 
581, 0, 582, -1, -1, 344, 205, 26.0, 9, , 1016, 0, 0, 0, , 0, 0, 0, 0, 0, 
582, 0, 583, -1, -1, 203, 275, 26.0, 13, , 5087, 0, 0, 0, , 0, 0, 0, 0, 0, 
583, 0, 584, -1, -1, 115, 301, 18.0, 17, , 2727, 0, 0, 0, , 0, 0, 0, 0, 0, 
584, 1, 585, 584, -1, 192, 176, 18.0, 13, ABpraapppa, 3451, 0, 0, 0, , 0, 0, 0, 0, 0, 
585, 0, 586, -1, -1, 112, 281, 20.0, 11, , 1719, 0, 0, 0, , 0, 0, 0, 0, 0, 
586, 1, 587, 586, -1, 219, 233, 16.0, 15, MSpapaaaa, 5396, 0, 0, 0, , 0, 0, 0, 0, 0, 
587, 0, 588, -1, -1, 183, 199, 12.0, 9, , 420, 0, 0, 0, , 0, 0, 0, 0, 0, 
588, 1, 590, 587, -1, 204, 184, 17.0, 11, ABprppaaap, 2968, 0, 0, 0, , 0, 0, 0, 0, 0, 
589, 1, 355, 588, -1, 178, 221, 19.0, 21, MSpapppa, 6514, 0, 0, 0, , 0, 0, 0, 0, 0, 
590, 1, 597, 589, -1, 268, 264, 34.0, 19, ABarpaapap, 4024, 0, 0, 0, , 0, 0, 0, 0, 0, 
591, 1, 238, 590, -1, 264, 190, 19.0, 13, ABprpaapaaa, 6025, 0, 0, 0, , 0, 0, 0, 0, 0, 
592, 1, 595, 591, -1, 269, 248, 11.0, 17, ABalpappapa, 8227, 0, 0, 0, , 0, 0, 0, 0, 0, 
593, 0, 596, -1, -1, 299, 313, 23.0, 13, , 2406, 0, 0, 0, , 0, 0, 0, 0, 0, 
594, 0, 138, -1, -1, 123, 296, 10.0, 15, , 3863, 0, 0, 0, , 0, 0, 0, 0, 0, 
595, 1, 613, 594, -1, 107, 303, 10.0, 11, ABprpppapp, 4530, 0, 0, 0, , 0, 0, 0, 0, 0, 
596, 1, 614, 595, -1, 255, 315, 17.0, 13, ABplppaaaap, 4584, 0, 0, 0, , 0, 0, 0, 0, 0, 
597, 1, 612, 596, -1, 219, 207, 18.0, 13, MSpppapa, 2887, 0, 0, 0, , 0, 0, 0, 0, 0, 
598, 0, -1, -1, -1, 164, 298, 28.0, 13, , 669, 0, 0, 0, , 0, 0, 0, 0, 0, 
599, 0, -1, -1, -1, 80, 280, 27.0, 13, , 976, 0, 0, 0, , 0, 0, 0, 0, 0, 
600, 1, 299, 604, -1, 259, 189, 22.0, 13, ABpraaappaa, 4124, 0, 0, 0, , 0, 0, 0, 0, 0, 
601, 1, 598, 605, -1, 204, 219, 35.454544, 20, ABarpppapa, 1967, 0, 0, 0, , 0, 0, 0, 0, 0, 
602, 1, 599, 606, -1, 185, 319, 34.0, 21, Cpaaap, 0, 0, 0, 0, , 0, 0, 0, 0, 0, 
603, 1, 600, 607, -1, 247, 239, 13.0, 14, ABarapapppa, 1929, 0, 0, 0, , 0, 0, 0, 0, 0, 
604, 1, 601, 608, -1, 106, 320, 32.0, 15, Cpaapp, 0, 0, 0, 0, , 0, 0, 0, 0, 0, 
605, 1, 602, 609, -1, 215, 294, 33.0, 15, Cpaaaa, 0, 0, 0, 0, , 0, 0, 0, 0, 0, 
606, 1, 603, 610, -1, 104, 269, 33.666668, 15, Caaapa, 0, 0, 0, 0, , 0, 0, 0, 0, 0, 
607, 1, 605, 611, -1, 137, 305, 33.0, 15, Cpaapa, 0, 0, 0, 0, , 0, 0, 0, 0, 0, 
608, 1, 606, 612, -1, 140, 256, 33.0, 15, Caaaap, 0, 0, 0, 0, , 0, 0, 0, 0, 0, 
609, 1, 607, 602, -1, 205, 325, 33.0, 18, Caaaaa, 0, 0, 0, 0, , 0, 0, 0, 0, 0, 
610, 1, 608, 613, -1, 90, 299, 13.0, 13, Caapap, 0, 0, 0, 0, , 0, 0, 0, 0, 0, 
611, 1, 609, 600, -1, 213, 268, 13.0, 11, ABplpappap, 6046, 0, 0, 0, , 0, 0, 0, 0, 0, 
612, 1, 88, 614, -1, 288, 177, 29.90909, 13, ABalapppppp, 906, 0, 0, 0, , 0, 0, 0, 0, 0, 
613, 1, 610, 615, -1, 287, 186, 17.307692, 13, ABalaapppap, 2552, 0, 0, 0, , 0, 0, 0, 0, 0, 
614, 1, 611, 617, -1, 277, 176, 11.0, 12, ABalaappapp, 2677, 0, 0, 0, , 0, 0, 0, 0, 0, 
615, 1, 25, 618, -1, 314, 234, 16.0, 13, ABaraaaaaaa, 3748, 0, 0, 0, , 0, 0, 0, 0, 0, 
616, 1, 615, 619, -1, 263, 271, 27.0, 13, MSaaapapa, 0, 0, 0, 0, , 0, 0, 0, 0, 0, 
617, 1, 617, 620, -1, 335, 258, 20.0, 15, ABalapaappa, 0, 0, 0, 0, , 0, 0, 0, 0, 0, 
618, 1, 618, 621, -1, 326, 233, 28.0, 15, ABalapapapa, 0, 0, 0, 0, , 0, 0, 0, 0, 0, 
619, 1, 619, 622, -1, 296, 246, 28.0, 13, MSaaapaaa, 0, 0, 0, 0, , 0, 0, 0, 0, 0, 
620, 1, 620, 623, -1, 343, 204, 25.0, 15, ABalappaapa, 0, 0, 0, 0, , 0, 0, 0, 0, 0, 
621, 0, 621, -1, -1, 244, 192, 10.94382, 13, , 0, 0, 0, 0, , 0, 0, 0, 0, 0, 
622, 1, 622, 625, -1, 234, 185, 11.0, 13, ABalaapappp, 0, 0, 0, 0, , 0, 0, 0, 0, 0, 
