1, 1, 1, 1, -1, 250, 177, 23.0, 45, ABar, 65535, 0, 0, 0, , 0, 0, 0, 0, 0, 
2, 1, 2, 2, -1, 347, 225, 21.0, 33, ABal, 65535, 0, 0, 0, , 0, 0, 0, 0, 0, 
3, 1, 3, 3, -1, 267, 304, 27.0, 45, ABpl, 65535, 0, 0, 0, , 0, 0, 0, 0, 0, 
4, 0, 4, -1, -1, 216, 217, 23.0, 25, , 23401, 0, 0, 0, , 0, 0, 0, 0, 0, 
5, 1, 5, 5, -1, 154, 220, 13.0, 37, ABpr, 65535, 0, 0, 0, , 0, 0, 0, 0, 0, 
6, 1, 6, 6, -1, 253, 272, 10.0, 41, MS, 65535, 0, 0, 0, , 0, 0, 0, 0, 0, 
7, 1, 7, 7, -1, 163, 322, 16.0, 39, E, 65535, 0, 0, 0, , 0, 0, 0, 0, 0, 
8, 1, 8, 8, -1, 132, 284, 27.0, 33, C, 59299, 0, 0, 0, , 0, 0, 0, 0, 0, 
9, 1, 9, 9, -1, 102, 335, 16.0, 31, P3, 46565, 0, 0, 0, , 0, 0, 0, 0, 0, 
10, 0, 10, -1, -1, 392, 238, 22.0, 23, , 26165, 0, 0, 0, , 0, 0, 0, 0, 0, 
