1, 1, 1, 1, -1, 299, 195, 12.0, 31, ABaraa, 43227, 0, 0, 0, , 0, 0, 0, 0, 0, 
2, 1, 2, 2, -1, 238, 198, 12.0, 31, ABarap, 40413, 0, 0, 0, , 0, 0, 0, 0, 0, 
3, 1, 3, 3, -1, 250, 171, 23.0, 35, ABarpa, 53985, 0, 0, 0, , 0, 0, 0, 0, 0, 
4, 1, 4, 4, -1, 200, 203, 27.0, 29, ABarpp, 47739, 0, 0, 0, , 0, 0, 0, 0, 0, 
5, 1, 5, 5, -1, 309, 184, 23.0, 31, ABalap, 48328, 0, 0, 0, , 0, 0, 0, 0, 0, 
6, 1, 6, 6, -1, 353, 199, 17.0, 31, ABalaa, 44696, 0, 0, 0, , 0, 0, 0, 0, 0, 
7, 1, 7, 7, -1, 204, 332, 28.0, 33, ABplpp, 47382, 0, 0, 0, , 0, 0, 0, 0, 0, 
8, 1, 8, 8, -1, 263, 318, 26.0, 31, ABplpa, 43330, 0, 0, 0, , 0, 0, 0, 0, 0, 
9, 1, 9, 9, -1, 295, 208, 32.0, 31, ABplaa, 48273, 0, 0, 0, , 0, 0, 0, 0, 0, 
10, 1, 10, 10, -1, 248, 247, 29.0, 31, ABplap, 45676, 0, 0, 0, , 0, 0, 0, 0, 0, 
11, 0, 11, -1, -1, 170, 195, 28.0, 21, , 12430, 0, 0, 0, , 0, 0, 0, 0, 0, 
12, 1, 12, 12, -1, 153, 237, 11.0, 31, ABprpa, 38497, 0, 0, 0, , 0, 0, 0, 0, 0, 
13, 1, 13, 13, -1, 96, 273, 13.0, 31, ABprpp, 38991, 0, 0, 0, , 0, 0, 0, 0, 0, 
14, 1, 14, 14, -1, 187, 186, 16.0, 33, ABpraa, 47730, 0, 0, 0, , 0, 0, 0, 0, 0, 
15, 1, 15, 15, -1, 135, 209, 21.0, 31, ABprap, 45013, 0, 0, 0, , 0, 0, 0, 0, 0, 
16, 1, 16, 16, -1, 204, 272, 12.0, 27, MSpp, 28017, 0, 0, 0, , 0, 0, 0, 0, 0, 
17, 1, 17, 17, -1, 253, 255, 14.0, 27, MSpa, 28930, 0, 0, 0, , 0, 0, 0, 0, 0, 
18, 1, 18, 18, -1, 284, 297, 19.0, 29, MSap, 30226, 0, 0, 0, , 0, 0, 0, 0, 0, 
19, 1, 19, 19, -1, 316, 266, 12.0, 29, MSaa, 31693, 0, 0, 0, , 0, 0, 0, 0, 0, 
20, 1, 20, 20, -1, 198, 313, 16.0, 35, Ea, 61899, 0, 0, 0, , 0, 0, 0, 0, 0, 
21, 1, 21, 21, -1, 147, 326, 18.0, 35, Ep, 65535, 0, 0, 0, , 0, 0, 0, 0, 0, 
22, 1, 22, 22, -1, 185, 259, 24.0, 31, Ca, 53987, 0, 0, 0, , 0, 0, 0, 0, 0, 
23, 1, 23, 23, -1, 114, 272, 23.0, 33, Cp, 63061, 0, 0, 0, , 0, 0, 0, 0, 0, 
24, 1, 24, 24, -1, 87, 323, 20.0, 29, D, 41249, 0, 0, 0, , 0, 0, 0, 0, 0, 
25, 1, 25, 25, -1, 120, 358, 20.0, 27, P4, 27043, 0, 0, 0, , 0, 0, 0, 0, 0, 
26, 0, 26, -1, -1, 389, 240, 23.0, 21, , 21372, 0, 0, 0, , 0, 0, 0, 0, 0, 
27, 1, 27, 27, -1, 316, 274, 30.0, 33, ABalpp, 47427, 0, 0, 0, , 0, 0, 0, 0, 0, 
28, 1, 28, 28, -1, 355, 249, 21.0, 33, ABalpa, 46246, 0, 0, 0, , 0, 0, 0, 0, 0, 
