1, 1, 1, 1, -1, 282, 208, 11.0, 25, ABaraap, 26694, 0, 0, 0, , 0, 0, 0, 0, 0, 
2, 1, 2, 2, -1, 306, 173, 15.0, 25, ABaraaa, 22967, 0, 0, 0, , 0, 0, 0, 0, 0, 
3, 1, 3, 3, -1, 251, 169, 15.0, 25, ABarapa, 24508, 0, 0, 0, , 0, 0, 0, 0, 0, 
4, 1, 4, 4, -1, 219, 213, 11.0, 27, ABarapp, 24313, 0, 0, 0, , 0, 0, 0, 0, 0, 
5, 1, 5, 5, -1, 238, 211, 20.0, 27, ABarpap, 27727, 0, 0, 0, , 0, 0, 0, 0, 0, 
6, 1, 6, 6, -1, 258, 170, 27.0, 27, ABarpaa, 26026, 0, 0, 0, , 0, 0, 0, 0, 0, 
7, 1, 7, 7, -1, 228, 199, 29.0, 27, ABarppa, 28426, 0, 0, 0, , 0, 0, 0, 0, 0, 
8, 1, 8, 8, -1, 184, 209, 25.0, 27, ABarppp, 26517, 0, 0, 0, , 0, 0, 0, 0, 0, 
9, 1, 9, 9, -1, 300, 216, 23.0, 27, ABalapp, 25798, 0, 0, 0, , 0, 0, 0, 0, 0, 
10, 1, 10, 10, -1, 312, 173, 27.0, 27, ABalapa, 24597, 0, 0, 0, , 0, 0, 0, 0, 0, 
11, 1, 11, 11, -1, 345, 214, 13.0, 25, ABalaap, 22833, 0, 0, 0, , 0, 0, 0, 0, 0, 
12, 1, 12, 12, -1, 349, 182, 22.0, 27, ABalaaa, 24707, 0, 0, 0, , 0, 0, 0, 0, 0, 
13, 1, 13, 13, -1, 187, 354, 23.0, 25, ABplppp, 20611, 0, 0, 0, , 0, 0, 0, 0, 0, 
14, 1, 14, 14, -1, 225, 329, 31.0, 27, ABplppa, 23942, 0, 0, 0, , 0, 0, 0, 0, 0, 
15, 1, 15, 15, -1, 228, 341, 19.0, 27, ABplpap, 25600, 0, 0, 0, , 0, 0, 0, 0, 0, 
16, 1, 16, 16, -1, 274, 320, 28.0, 27, ABplpaa, 22172, 0, 0, 0, , 0, 0, 0, 0, 0, 
17, 1, 17, 17, -1, 296, 253, 29.0, 27, ABplaap, 28672, 0, 0, 0, , 0, 0, 0, 0, 0, 
18, 1, 18, 18, -1, 294, 201, 32.0, 25, ABplaaa, 22898, 0, 0, 0, , 0, 0, 0, 0, 0, 
19, 1, 19, 19, -1, 239, 284, 28.0, 27, ABplapp, 26031, 0, 0, 0, , 0, 0, 0, 0, 0, 
20, 1, 20, 20, -1, 262, 228, 30.0, 27, ABplapa, 24512, 0, 0, 0, , 0, 0, 0, 0, 0, 
21, 0, 21, -1, -1, 174, 223, 30.0, 21, , 9094, 0, 0, 0, , 0, 0, 0, 0, 0, 
22, 1, 22, 22, -1, 119, 257, 11.0, 25, ABprpap, 25131, 0, 0, 0, , 0, 0, 0, 0, 0, 
23, 1, 23, 23, -1, 142, 205, 14.0, 25, ABprpaa, 24994, 0, 0, 0, , 0, 0, 0, 0, 0, 
24, 1, 24, 24, -1, 82, 285, 15.0, 27, ABprppp, 24373, 0, 0, 0, , 0, 0, 0, 0, 0, 
25, 1, 25, 25, -1, 94, 237, 17.0, 25, ABprppa, 21043, 0, 0, 0, , 0, 0, 0, 0, 0, 
26, 1, 26, 26, -1, 178, 203, 15.0, 27, ABpraap, 27465, 0, 0, 0, , 0, 0, 0, 0, 0, 
27, 1, 27, 27, -1, 215, 170, 21.0, 25, ABpraaa, 24483, 0, 0, 0, , 0, 0, 0, 0, 0, 
28, 1, 28, 28, -1, 113, 236, 24.0, 27, ABprapp, 25974, 0, 0, 0, , 0, 0, 0, 0, 0, 
29, 1, 29, 29, -1, 152, 202, 24.0, 25, ABprapa, 24136, 0, 0, 0, , 0, 0, 0, 0, 0, 
30, 1, 30, 30, -1, 176, 260, 12.0, 19, MSppp, 10517, 0, 0, 0, , 0, 0, 0, 0, 0, 
31, 1, 30, 31, -1, 183, 236, 12.0, 21, MSppa, 11027, 0, 0, 0, , 0, 0, 0, 0, 0, 
32, 1, 31, 32, -1, 229, 274, 11.0, 21, MSpap, 13124, 0, 0, 0, , 0, 0, 0, 0, 0, 
33, 1, 32, 33, -1, 257, 242, 13.0, 21, MSpaa, 12800, 0, 0, 0, , 0, 0, 0, 0, 0, 
34, 1, 33, 34, -1, 267, 297, 17.0, 25, MSap, 17403, 0, 0, 0, , 0, 0, 0, 0, 0, 
35, 1, 34, 35, -1, 316, 244, 14.0, 21, MSaaa, 11806, 0, 0, 0, , 0, 0, 0, 0, 0, 
36, 1, 35, 36, -1, 288, 268, 13.0, 19, MSaap, 11078, 0, 0, 0, , 0, 0, 0, 0, 0, 
37, 1, 36, 37, -1, 224, 305, 22.0, 27, Eal, 24804, 0, 0, 0, , 0, 0, 0, 0, 0, 
38, 1, 37, 38, -1, 172, 323, 22.0, 25, Epl, 33175, 0, 0, 0, , 0, 0, 0, 0, 0, 
39, 1, 38, 39, -1, 168, 324, 31.0, 31, Cap, 45988, 0, 0, 0, , 0, 0, 0, 0, 0, 
40, 1, 39, 40, -1, 189, 254, 29.0, 25, Caa, 33307, 0, 0, 0, , 0, 0, 0, 0, 0, 
41, 1, 40, 41, -1, 127, 275, 28.0, 25, Cpa, 40200, 0, 0, 0, , 0, 0, 0, 0, 0, 
42, 1, 41, 42, -1, 98, 314, 25.0, 33, Cpp, 35938, 0, 0, 0, , 0, 0, 0, 0, 0, 
43, 1, 42, 43, -1, 112, 356, 20.0, 23, Da, 17010, 0, 0, 0, , 0, 0, 0, 0, 0, 
44, 1, 43, 44, -1, 95, 328, 14.0, 23, Dp, 16917, 0, 0, 0, , 0, 0, 0, 0, 0, 
45, 1, 44, 45, -1, 139, 336, 14.0, 27, P4, 28975, 0, 0, 0, , 0, 0, 0, 0, 0, 
46, 0, 45, -1, -1, 386, 241, 23.0, 19, , 14809, 0, 0, 0, , 0, 0, 0, 0, 0, 
47, 1, 46, 47, -1, 304, 302, 23.0, 25, ABalppp, 24643, 0, 0, 0, , 0, 0, 0, 0, 0, 
48, 1, 47, 48, -1, 340, 268, 27.0, 23, ABalppa, 31344, 0, 0, 0, , 0, 0, 0, 0, 0, 
49, 1, 48, 49, -1, 340, 272, 19.0, 27, ABalpap, 34627, 0, 0, 0, , 0, 0, 0, 0, 0, 
50, 1, 49, 50, -1, 363, 223, 24.0, 29, ABalpaa, 24960, 0, 0, 0, , 0, 0, 0, 0, 0, 
51, 1, 50, 51, -1, 129, 269, 17.0, 27, Epr, 30721, 0, 0, 0, , 0, 0, 0, 0, 0, 
52, 1, 51, 52, -1, 187, 246, 21.0, 27, Ear, 31499, 0, 0, 0, , 0, 0, 0, 0, 0, 
