1, 1, 1, 1, -1, 271, 223, 11.0, 21, ABaraapp, 14608, 0, 0, 0, , 0, 0, 0, 0, 0, 
2, 1, 2, 2, -1, 309, 202, 11.0, 21, ABaraapa, 16550, 0, 0, 0, , 0, 0, 0, 0, 0, 
3, 1, 3, 3, -1, 287, 191, 19.0, 21, ABaraaap, 14183, 0, 0, 0, , 0, 0, 0, 0, 0, 
4, 1, 4, 4, -1, 327, 185, 14.0, 21, ABaraaaa, 13137, 0, 0, 0, , 0, 0, 0, 0, 0, 
5, 1, 5, 5, -1, 237, 182, 13.0, 23, ABarapap, 16076, 0, 0, 0, , 0, 0, 0, 0, 0, 
6, 1, 6, 6, -1, 273, 180, 11.0, 21, ABarapaa, 15628, 0, 0, 0, , 0, 0, 0, 0, 0, 
7, 1, 7, 7, -1, 197, 224, 14.0, 21, ABarappp, 12888, 0, 0, 0, , 0, 0, 0, 0, 0, 
8, 1, 8, 8, -1, 213, 194, 11.0, 21, ABarappa, 14185, 0, 0, 0, , 0, 0, 0, 0, 0, 
9, 1, 9, 9, -1, 225, 222, 21.0, 23, ABarpapp, 15285, 0, 0, 0, , 0, 0, 0, 0, 0, 
10, 1, 10, 10, -1, 257, 193, 20.0, 21, ABarpapa, 15736, 0, 0, 0, , 0, 0, 0, 0, 0, 
11, 1, 11, 11, -1, 246, 178, 29.0, 23, ABarpaap, 16213, 0, 0, 0, , 0, 0, 0, 0, 0, 
12, 1, 12, 12, -1, 265, 159, 20.0, 21, ABarpaaa, 12226, 0, 0, 0, , 0, 0, 0, 0, 0, 
13, 1, 13, 13, -1, 218, 177, 27.0, 23, ABarppaa, 17193, 0, 0, 0, , 0, 0, 0, 0, 0, 
14, 1, 14, 14, -1, 207, 221, 30.0, 23, ABarppap, 14379, 0, 0, 0, , 0, 0, 0, 0, 0, 
15, 1, 15, 15, -1, 155, 243, 27.0, 23, ABarpppp, 16494, 0, 0, 0, , 0, 0, 0, 0, 0, 
16, 1, 16, 16, -1, 188, 204, 24.0, 23, ABarpppa, 13031, 0, 0, 0, , 0, 0, 0, 0, 0, 
17, 1, 17, 17, -1, 257, 229, 26.0, 23, ABalappp, 15456, 0, 0, 0, , 0, 0, 0, 0, 0, 
18, 1, 18, 18, -1, 300, 208, 26.0, 21, ABalappa, 13254, 0, 0, 0, , 0, 0, 0, 0, 0, 
19, 1, 19, 19, -1, 277, 183, 29.0, 21, ABalapap, 12277, 0, 0, 0, , 0, 0, 0, 0, 0, 
20, 1, 20, 20, -1, 305, 163, 25.0, 21, ABalapaa, 12269, 0, 0, 0, , 0, 0, 0, 0, 0, 
21, 1, 21, 21, -1, 330, 222, 17.0, 21, ABalaapa, 12135, 0, 0, 0, , 0, 0, 0, 0, 0, 
22, 1, 22, 22, -1, 288, 228, 22.0, 23, ABalaapp, 14625, 0, 0, 0, , 0, 0, 0, 0, 0, 
23, 1, 23, 23, -1, 357, 202, 18.0, 21, ABalaaaa, 13289, 0, 0, 0, , 0, 0, 0, 0, 0, 
24, 1, 24, 24, -1, 320, 188, 23.0, 21, ABalaaap, 11857, 0, 0, 0, , 0, 0, 0, 0, 0, 
25, 1, 25, 25, -1, 175, 355, 24.0, 23, ABplpppp, 13454, 0, 0, 0, , 0, 0, 0, 0, 0, 
26, 1, 26, 26, -1, 211, 350, 26.0, 21, ABplpppa, 14864, 0, 0, 0, , 0, 0, 0, 0, 0, 
27, 1, 27, 27, -1, 219, 331, 31.0, 21, ABplppap, 12762, 0, 0, 0, , 0, 0, 0, 0, 0, 
28, 1, 28, 28, -1, 260, 321, 31.0, 23, ABplppaa, 12846, 0, 0, 0, , 0, 0, 0, 0, 0, 
29, 1, 29, 29, -1, 213, 339, 20.0, 23, ABplpapp, 17475, 0, 0, 0, , 0, 0, 0, 0, 0, 
30, 1, 30, 30, -1, 254, 335, 23.0, 23, ABplpapa, 15562, 0, 0, 0, , 0, 0, 0, 0, 0, 
31, 1, 31, 31, -1, 312, 302, 25.0, 23, ABplpaaa, 16767, 0, 0, 0, , 0, 0, 0, 0, 0, 
32, 1, 32, 32, -1, 277, 319, 27.0, 21, ABplpaap, 13420, 0, 0, 0, , 0, 0, 0, 0, 0, 
33, 1, 33, 33, -1, 280, 265, 33.0, 23, ABplaapp, 13296, 0, 0, 0, , 0, 0, 0, 0, 0, 
34, 1, 34, 34, -1, 333, 229, 31.0, 23, ABplaapa, 17647, 0, 0, 0, , 0, 0, 0, 0, 0, 
35, 1, 35, 35, -1, 350, 207, 25.0, 21, ABplaaaa, 13082, 0, 0, 0, , 0, 0, 0, 0, 0, 
36, 1, 36, 36, -1, 308, 197, 33.0, 23, ABplaaap, 15163, 0, 0, 0, , 0, 0, 0, 0, 0, 
37, 1, 37, 37, -1, 210, 303, 31.0, 21, ABplappp, 12383, 0, 0, 0, , 0, 0, 0, 0, 0, 
38, 1, 38, 38, -1, 248, 275, 30.0, 23, ABplappa, 13759, 0, 0, 0, , 0, 0, 0, 0, 0, 
39, 1, 39, 39, -1, 288, 218, 33.0, 21, ABplapaa, 14867, 0, 0, 0, , 0, 0, 0, 0, 0, 
40, 1, 40, 40, -1, 236, 232, 32.0, 23, ABplapap, 13626, 0, 0, 0, , 0, 0, 0, 0, 0, 
41, 1, 41, 41, -1, 131, 234, 11.0, 21, ABprpapa, 12910, 0, 0, 0, , 0, 0, 0, 0, 0, 
42, 1, 42, 42, -1, 108, 279, 12.0, 23, ABprpapp, 15263, 0, 0, 0, , 0, 0, 0, 0, 0, 
43, 1, 43, 43, -1, 142, 203, 12.0, 23, ABprpaaa, 14686, 0, 0, 0, , 0, 0, 0, 0, 0, 
44, 1, 44, 44, -1, 109, 224, 17.0, 21, ABprpaap, 14844, 0, 0, 0, , 0, 0, 0, 0, 0, 
45, 1, 45, 45, -1, 68, 293, 14.0, 23, ABprpppa, 13786, 0, 0, 0, , 0, 0, 0, 0, 0, 
46, 1, 46, 46, -1, 103, 319, 12.0, 23, ABprpppp, 15089, 0, 0, 0, , 0, 0, 0, 0, 0, 
47, 1, 47, 47, -1, 90, 243, 13.0, 21, ABprppaa, 12228, 0, 0, 0, , 0, 0, 0, 0, 0, 
48, 1, 48, 48, -1, 77, 274, 19.0, 21, ABprppap, 14371, 0, 0, 0, , 0, 0, 0, 0, 0, 
49, 1, 49, 49, -1, 177, 192, 13.0, 21, ABpraapa, 15957, 0, 0, 0, , 0, 0, 0, 0, 0, 
50, 1, 50, 50, -1, 150, 220, 20.0, 25, ABpraapp, 17926, 0, 0, 0, , 0, 0, 0, 0, 0, 
51, 1, 51, 51, -1, 180, 179, 20.0, 23, ABpraaap, 15245, 0, 0, 0, , 0, 0, 0, 0, 0, 
52, 1, 52, 52, -1, 221, 164, 18.0, 21, ABpraaaa, 15613, 0, 0, 0, , 0, 0, 0, 0, 0, 
53, 1, 53, 53, -1, 93, 244, 21.0, 23, ABprappa, 15358, 0, 0, 0, , 0, 0, 0, 0, 0, 
54, 1, 54, 54, -1, 90, 288, 24.0, 23, ABprappp, 13764, 0, 0, 0, , 0, 0, 0, 0, 0, 
55, 1, 55, 55, -1, 154, 190, 24.0, 21, ABprapaa, 12322, 0, 0, 0, , 0, 0, 0, 0, 0, 
56, 1, 56, 56, -1, 119, 226, 27.0, 23, ABprapap, 16177, 0, 0, 0, , 0, 0, 0, 0, 0, 
57, 1, 57, 57, -1, 154, 272, 11.0, 25, MSppp, 23220, 0, 0, 0, , 0, 0, 0, 0, 0, 
58, 1, 58, 58, -1, 180, 240, 10.0, 25, MSppa, 23871, 0, 0, 0, , 0, 0, 0, 0, 0, 
59, 1, 59, 59, -1, 214, 282, 12.0, 27, MSpap, 23862, 0, 0, 0, , 0, 0, 0, 0, 0, 
60, 1, 60, 60, -1, 251, 246, 14.0, 23, MSpaa, 21147, 0, 0, 0, , 0, 0, 0, 0, 0, 
61, 1, 61, 61, -1, 234, 321, 14.0, 27, MSapp, 24421, 0, 0, 0, , 0, 0, 0, 0, 0, 
62, 1, 62, 62, -1, 286, 307, 17.0, 27, MSapa, 23793, 0, 0, 0, , 0, 0, 0, 0, 0, 
63, 1, 63, 63, -1, 304, 250, 14.0, 25, MSaaa, 51200, 0, 0, 0, , 0, 0, 0, 0, 0, 
64, 1, 64, 64, -1, 269, 285, 11.0, 27, MSaap, 24725, 0, 0, 0, , 0, 0, 0, 0, 0, 
65, 1, 65, 65, -1, 234, 286, 21.0, 31, Eal, 65535, 0, 0, 0, , 0, 0, 0, 0, 0, 
66, 1, 66, 66, -1, 165, 305, 22.0, 27, Epl, 31367, 0, 0, 0, , 0, 0, 0, 0, 0, 
67, 1, 67, 67, -1, 139, 348, 28.0, 23, Capp, 17332, 0, 0, 0, , 0, 0, 0, 0, 0, 
68, 1, 68, 68, -1, 189, 331, 31.0, 21, Capa, 15411, 0, 0, 0, , 0, 0, 0, 0, 0, 
69, 1, 69, 69, -1, 194, 254, 29.0, 23, Caaa, 17860, 0, 0, 0, , 0, 0, 0, 0, 0, 
70, 1, 70, 70, -1, 159, 304, 32.0, 21, Caap, 15412, 0, 0, 0, , 0, 0, 0, 0, 0, 
71, 1, 71, 71, -1, 107, 315, 30.0, 25, Cpap, 22390, 0, 0, 0, , 0, 0, 0, 0, 0, 
72, 1, 72, 72, -1, 123, 255, 32.0, 27, Cpaa, 45285, 0, 0, 0, , 0, 0, 0, 0, 0, 
73, 1, 73, 73, -1, 80, 318, 23.0, 25, Cppa, 19065, 0, 0, 0, , 0, 0, 0, 0, 0, 
74, 1, 74, 74, -1, 104, 345, 23.0, 25, Cppp, 20522, 0, 0, 0, , 0, 0, 0, 0, 0, 
75, 1, 75, 75, -1, 153, 349, 17.0, 23, Da, 23638, 0, 0, 0, , 0, 0, 0, 0, 0, 
76, 1, 76, 76, -1, 131, 322, 15.0, 25, Dp, 22639, 0, 0, 0, , 0, 0, 0, 0, 0, 
77, 1, 77, 77, -1, 168, 306, 14.0, 25, P4, 26100, 0, 0, 0, , 0, 0, 0, 0, 0, 
78, 0, 78, -1, -1, 384, 242, 24.0, 17, , 14845, 0, 0, 0, , 0, 0, 0, 0, 0, 
79, 1, 79, 79, -1, 272, 280, 22.0, 23, ABalpppp, 15858, 0, 0, 0, , 0, 0, 0, 0, 0, 
80, 1, 80, 80, -1, 310, 263, 25.0, 23, ABalpppa, 15381, 0, 0, 0, , 0, 0, 0, 0, 0, 
81, 1, 81, 81, -1, 367, 246, 28.0, 21, ABalppaa, 11050, 0, 0, 0, , 0, 0, 0, 0, 0, 
82, 1, 82, 82, -1, 336, 269, 29.0, 23, ABalppap, 19828, 0, 0, 0, , 0, 0, 0, 0, 0, 
83, 1, 83, 83, -1, 355, 264, 17.0, 23, ABalpapa, 16485, 0, 0, 0, , 0, 0, 0, 0, 0, 
84, 1, 84, 84, -1, 315, 285, 17.0, 23, ABalpapp, 17519, 0, 0, 0, , 0, 0, 0, 0, 0, 
85, 1, 85, 85, -1, 355, 233, 14.0, 21, ABalpaaa, 13861, 0, 0, 0, , 0, 0, 0, 0, 0, 
86, 1, 86, 86, -1, 347, 242, 22.0, 21, ABalpaap, 14341, 0, 0, 0, , 0, 0, 0, 0, 0, 
87, 1, 87, 87, -1, 133, 278, 23.0, 29, Epr, 65535, 0, 0, 0, , 0, 0, 0, 0, 0, 
88, 1, 88, 88, -1, 190, 251, 18.0, 27, Ear, 31971, 0, 0, 0, , 0, 0, 0, 0, 0, 
