1, 1, 1, 1, -1, 270, 204, 10.0, 23, ABaraapp, 17431, 0, 0, 0, , 0, 0, 0, 0, 0, 
2, 1, 2, 2, -1, 312, 194, 12.0, 25, ABaraapa, 16937, 0, 0, 0, , 0, 0, 0, 0, 0, 
3, 1, 3, 3, -1, 290, 180, 18.0, 23, ABaraaap, 16455, 0, 0, 0, , 0, 0, 0, 0, 0, 
4, 1, 4, 4, -1, 327, 179, 17.0, 21, ABaraaaa, 13111, 0, 0, 0, , 0, 0, 0, 0, 0, 
5, 1, 5, 5, -1, 236, 179, 12.0, 23, ABarapap, 15995, 0, 0, 0, , 0, 0, 0, 0, 0, 
6, 1, 6, 6, -1, 274, 171, 14.0, 23, ABarapaa, 15718, 0, 0, 0, , 0, 0, 0, 0, 0, 
7, 1, 7, 7, -1, 185, 209, 17.0, 23, ABarappp, 13122, 0, 0, 0, , 0, 0, 0, 0, 0, 
8, 1, 8, 8, -1, 217, 188, 15.0, 23, ABarappa, 14227, 0, 0, 0, , 0, 0, 0, 0, 0, 
9, 1, 9, 9, -1, 215, 204, 23.0, 23, ABarpapp, 15530, 0, 0, 0, , 0, 0, 0, 0, 0, 
10, 1, 10, 10, -1, 253, 186, 24.0, 23, ABarpapa, 14839, 0, 0, 0, , 0, 0, 0, 0, 0, 
11, 1, 11, 11, -1, 246, 187, 31.0, 25, ABarpaap, 25275, 0, 0, 0, , 0, 0, 0, 0, 0, 
12, 1, 12, 12, -1, 273, 161, 25.0, 21, ABarpaaa, 14319, 0, 0, 0, , 0, 0, 0, 0, 0, 
13, 1, 13, 13, -1, 227, 211, 31.0, 21, ABarppaa, 17029, 0, 0, 0, , 0, 0, 0, 0, 0, 
14, 1, 14, 14, -1, 223, 247, 28.0, 23, ABarppap, 16409, 0, 0, 0, , 0, 0, 0, 0, 0, 
15, 1, 15, 15, -1, 155, 248, 27.0, 21, ABarpppp, 17256, 0, 0, 0, , 0, 0, 0, 0, 0, 
16, 1, 16, 16, -1, 186, 213, 27.0, 23, ABarpppa, 18580, 0, 0, 0, , 0, 0, 0, 0, 0, 
17, 1, 17, 17, -1, 258, 221, 26.0, 23, ABalappp, 16024, 0, 0, 0, , 0, 0, 0, 0, 0, 
18, 1, 18, 18, -1, 293, 213, 27.0, 23, ABalappa, 17341, 0, 0, 0, , 0, 0, 0, 0, 0, 
19, 1, 19, 19, -1, 289, 183, 29.0, 21, ABalapap, 13878, 0, 0, 0, , 0, 0, 0, 0, 0, 
20, 1, 20, 20, -1, 323, 185, 30.0, 23, ABalapaa, 14171, 0, 0, 0, , 0, 0, 0, 0, 0, 
21, 1, 21, 21, -1, 317, 207, 20.0, 21, ABalaapa, 13730, 0, 0, 0, , 0, 0, 0, 0, 0, 
22, 1, 22, 22, -1, 280, 212, 20.0, 23, ABalaapp, 16925, 0, 0, 0, , 0, 0, 0, 0, 0, 
23, 1, 23, 23, -1, 353, 193, 19.0, 21, ABalaaaa, 13905, 0, 0, 0, , 0, 0, 0, 0, 0, 
24, 1, 24, 24, -1, 334, 198, 24.0, 23, ABalaaap, 13132, 0, 0, 0, , 0, 0, 0, 0, 0, 
25, 1, 25, 25, -1, 202, 351, 21.0, 21, ABplpppp, 15760, 0, 0, 0, , 0, 0, 0, 0, 0, 
26, 1, 26, 26, -1, 214, 344, 27.0, 21, ABplpppa, 14099, 0, 0, 0, , 0, 0, 0, 0, 0, 
27, 1, 27, 27, -1, 239, 332, 28.0, 21, ABplppap, 15377, 0, 0, 0, , 0, 0, 0, 0, 0, 
28, 1, 28, 28, -1, 273, 316, 28.0, 21, ABplppaa, 15342, 0, 0, 0, , 0, 0, 0, 0, 0, 
29, 1, 29, 29, -1, 241, 336, 20.0, 23, ABplpapp, 19251, 0, 0, 0, , 0, 0, 0, 0, 0, 
30, 1, 30, 30, -1, 278, 323, 21.0, 21, ABplpapa, 14600, 0, 0, 0, , 0, 0, 0, 0, 0, 
31, 1, 31, 31, -1, 326, 291, 23.0, 21, ABplpaaa, 14124, 0, 0, 0, , 0, 0, 0, 0, 0, 
32, 1, 32, 32, -1, 301, 308, 25.0, 21, ABplpaap, 13921, 0, 0, 0, , 0, 0, 0, 0, 0, 
33, 1, 33, 33, -1, 282, 274, 28.0, 25, ABplaapp, 22505, 0, 0, 0, , 0, 0, 0, 0, 0, 
34, 1, 34, 34, -1, 324, 254, 31.0, 23, ABplaapa, 20468, 0, 0, 0, , 0, 0, 0, 0, 0, 
35, 1, 35, 35, -1, 334, 217, 31.0, 23, ABplaaaa, 16825, 0, 0, 0, , 0, 0, 0, 0, 0, 
36, 1, 36, 36, -1, 299, 219, 33.0, 23, ABplaaap, 16818, 0, 0, 0, , 0, 0, 0, 0, 0, 
37, 1, 37, 37, -1, 212, 316, 30.0, 21, ABplappp, 13375, 0, 0, 0, , 0, 0, 0, 0, 0, 
38, 1, 38, 38, -1, 246, 296, 31.0, 25, ABplappa, 18505, 0, 0, 0, , 0, 0, 0, 0, 0, 
39, 1, 39, 39, -1, 288, 246, 33.0, 23, ABplapaa, 16727, 0, 0, 0, , 0, 0, 0, 0, 0, 
40, 1, 40, 40, -1, 252, 260, 31.0, 21, ABplapap, 18717, 0, 0, 0, , 0, 0, 0, 0, 0, 
41, 1, 41, 41, -1, 140, 216, 11.0, 21, ABprpapa, 14409, 0, 0, 0, , 0, 0, 0, 0, 0, 
42, 1, 42, 42, -1, 116, 243, 12.0, 23, ABprpapp, 16916, 0, 0, 0, , 0, 0, 0, 0, 0, 
43, 1, 43, 43, -1, 161, 193, 13.0, 21, ABprpaaa, 14270, 0, 0, 0, , 0, 0, 0, 0, 0, 
44, 1, 44, 44, -1, 133, 210, 18.0, 23, ABprpaap, 14890, 0, 0, 0, , 0, 0, 0, 0, 0, 
45, 1, 45, 45, -1, 69, 277, 16.0, 21, ABprpppa, 15754, 0, 0, 0, , 0, 0, 0, 0, 0, 
46, 1, 46, 46, -1, 97, 294, 11.0, 23, ABprpppp, 17329, 0, 0, 0, , 0, 0, 0, 0, 0, 
47, 1, 47, 47, -1, 106, 224, 17.0, 21, ABprppaa, 12568, 0, 0, 0, , 0, 0, 0, 0, 0, 
48, 1, 48, 48, -1, 92, 258, 15.0, 21, ABprppap, 12765, 0, 0, 0, , 0, 0, 0, 0, 0, 
49, 1, 49, 49, -1, 179, 179, 18.0, 23, ABpraapa, 17527, 0, 0, 0, , 0, 0, 0, 0, 0, 
50, 1, 50, 50, -1, 149, 205, 24.0, 25, ABpraapp, 19384, 0, 0, 0, , 0, 0, 0, 0, 0, 
51, 1, 51, 51, -1, 193, 176, 25.0, 23, ABpraaap, 16763, 0, 0, 0, , 0, 0, 0, 0, 0, 
52, 1, 52, 52, -1, 232, 168, 20.0, 23, ABpraaaa, 16604, 0, 0, 0, , 0, 0, 0, 0, 0, 
53, 1, 53, 53, -1, 103, 242, 22.0, 27, ABprappa, 17014, 0, 0, 0, , 0, 0, 0, 0, 0, 
54, 1, 54, 54, -1, 84, 277, 21.0, 23, ABprappp, 16080, 0, 0, 0, , 0, 0, 0, 0, 0, 
55, 1, 55, 55, -1, 163, 203, 32.0, 23, ABprapaa, 17067, 0, 0, 0, , 0, 0, 0, 0, 0, 
56, 1, 56, 56, -1, 118, 233, 28.0, 23, ABprapap, 16470, 0, 0, 0, , 0, 0, 0, 0, 0, 
57, 1, 57, 57, -1, 134, 289, 12.0, 21, MSpppp, 12806, 0, 0, 0, , 0, 0, 0, 0, 0, 
58, 1, 58, 58, -1, 151, 251, 12.0, 19, MSpppa, 12176, 0, 0, 0, , 0, 0, 0, 0, 0, 
59, 1, 59, 59, -1, 203, 215, 12.0, 21, MSppaa, 12998, 0, 0, 0, , 0, 0, 0, 0, 0, 
60, 1, 60, 60, -1, 174, 241, 11.0, 21, MSppap, 13498, 0, 0, 0, , 0, 0, 0, 0, 0, 
61, 1, 61, 61, -1, 222, 253, 11.0, 23, MSpapa, 16767, 0, 0, 0, , 0, 0, 0, 0, 0, 
62, 1, 62, 62, -1, 178, 279, 10.0, 21, MSpapp, 12692, 0, 0, 0, , 0, 0, 0, 0, 0, 
63, 1, 63, 63, -1, 256, 216, 15.0, 23, MSpaaa, 15776, 0, 0, 0, , 0, 0, 0, 0, 0, 
64, 1, 64, 64, -1, 229, 243, 15.0, 21, MSpaap, 13750, 0, 0, 0, , 0, 0, 0, 0, 0, 
65, 1, 65, 65, -1, 193, 329, 16.0, 19, MSappp, 9969, 0, 0, 0, , 0, 0, 0, 0, 0, 
66, 1, 66, 66, -1, 223, 311, 12.0, 19, MSappa, 9680, 0, 0, 0, , 0, 0, 0, 0, 0, 
67, 1, 67, 67, -1, 246, 312, 15.0, 21, MSapap, 11487, 0, 0, 0, , 0, 0, 0, 0, 0, 
68, 1, 68, 68, -1, 272, 286, 16.0, 21, MSapaa, 12580, 0, 0, 0, , 0, 0, 0, 0, 0, 
69, 1, 69, 69, -1, 326, 229, 14.0, 23, MSaaaa, 13717, 0, 0, 0, , 0, 0, 0, 0, 0, 
70, 1, 70, 70, -1, 285, 241, 12.0, 21, MSaaap, 14797, 0, 0, 0, , 0, 0, 0, 0, 0, 
71, 1, 71, 71, -1, 234, 283, 10.0, 23, MSaapp, 13306, 0, 0, 0, , 0, 0, 0, 0, 0, 
72, 1, 72, 72, -1, 268, 263, 11.0, 23, MSaapa, 18165, 0, 0, 0, , 0, 0, 0, 0, 0, 
73, 1, 73, 73, -1, 227, 287, 22.0, 27, Eal, 65535, 0, 0, 0, , 0, 0, 0, 0, 0, 
74, 1, 74, 74, -1, 170, 303, 23.0, 31, Epl, 65535, 0, 0, 0, , 0, 0, 0, 0, 0, 
75, 1, 75, 75, -1, 148, 350, 28.0, 25, Capp, 19153, 0, 0, 0, , 0, 0, 0, 0, 0, 
76, 1, 76, 76, -1, 184, 337, 28.0, 23, Capa, 18676, 0, 0, 0, , 0, 0, 0, 0, 0, 
77, 1, 77, 77, -1, 190, 269, 32.0, 27, Caaa, 37707, 0, 0, 0, , 0, 0, 0, 0, 0, 
78, 1, 78, 78, -1, 141, 326, 33.0, 23, Caap, 16930, 0, 0, 0, , 0, 0, 0, 0, 0, 
79, 1, 79, 79, -1, 101, 322, 30.0, 27, Cpap, 23653, 0, 0, 0, , 0, 0, 0, 0, 0, 
80, 1, 80, 80, -1, 128, 276, 30.0, 23, Cpaa, 26740, 0, 0, 0, , 0, 0, 0, 0, 0, 
81, 1, 81, 81, -1, 79, 322, 20.0, 23, Cppa, 19777, 0, 0, 0, , 0, 0, 0, 0, 0, 
82, 1, 82, 82, -1, 114, 343, 22.0, 25, Cppp, 22328, 0, 0, 0, , 0, 0, 0, 0, 0, 
83, 1, 83, 83, -1, 158, 349, 18.0, 25, Da, 22999, 0, 0, 0, , 0, 0, 0, 0, 0, 
84, 1, 84, 84, -1, 115, 325, 15.0, 27, Dp, 29068, 0, 0, 0, , 0, 0, 0, 0, 0, 
85, 1, 85, 85, -1, 190, 304, 11.0, 21, Z3, 13787, 0, 0, 0, , 0, 0, 0, 0, 0, 
86, 1, 86, 86, -1, 150, 318, 11.0, 21, Z2, 16221, 0, 0, 0, , 0, 0, 0, 0, 0, 
87, 0, 87, -1, -1, 384, 242, 24.0, 17, , 13287, 0, 0, 0, , 0, 0, 0, 0, 0, 
88, 1, 88, 88, -1, 281, 281, 21.0, 25, ABalpppp, 27583, 0, 0, 0, , 0, 0, 0, 0, 0, 
89, 1, 89, 89, -1, 307, 253, 21.0, 23, ABalpppa, 17117, 0, 0, 0, , 0, 0, 0, 0, 0, 
90, 1, 90, 90, -1, 364, 257, 25.0, 19, ABalppaa, 10800, 0, 0, 0, , 0, 0, 0, 0, 0, 
91, 1, 91, 91, -1, 338, 263, 24.0, 23, ABalppap, 18174, 0, 0, 0, , 0, 0, 0, 0, 0, 
92, 1, 92, 92, -1, 352, 255, 15.0, 23, ABalpapa, 15883, 0, 0, 0, , 0, 0, 0, 0, 0, 
93, 1, 93, 93, -1, 311, 266, 12.0, 25, ABalpapp, 20416, 0, 0, 0, , 0, 0, 0, 0, 0, 
94, 1, 94, 94, -1, 352, 214, 15.0, 21, ABalpaaa, 14814, 0, 0, 0, , 0, 0, 0, 0, 0, 
95, 1, 95, 95, -1, 353, 233, 21.0, 23, ABalpaap, 17279, 0, 0, 0, , 0, 0, 0, 0, 0, 
96, 1, 96, 96, -1, 131, 283, 20.0, 25, Epr, 40071, 0, 0, 0, , 0, 0, 0, 0, 0, 
97, 1, 97, 97, -1, 188, 248, 19.0, 31, Ear, 65535, 0, 0, 0, , 0, 0, 0, 0, 0, 
