1, 1, 1, 1, -1, 312, 204, 18.0, 15, ABaraappaa, 6991, 0, 0, 0, , 0, 0, 0, 0, 0, 
2, 1, 2, 2, -1, 294, 216, 18.0, 17, ABaraappap, 8621, 0, 0, 0, , 0, 0, 0, 0, 0, 
3, 1, 3, 3, -1, 274, 222, 18.0, 19, ABaraapppa, 9221, 0, 0, 0, , 0, 0, 0, 0, 0, 
4, 1, 4, 4, -1, 250, 219, 18.0, 15, ABaraapppp, 7410, 0, 0, 0, , 0, 0, 0, 0, 0, 
5, 1, 5, 5, -1, 276, 257, 22.0, 15, ABaraapapp, 7772, 0, 0, 0, , 0, 0, 0, 0, 0, 
6, 1, 6, 6, -1, 295, 243, 19.0, 17, ABaraapapa, 9342, 0, 0, 0, , 0, 0, 0, 0, 0, 
7, 1, 7, 7, -1, 334, 226, 17.0, 17, ABaraapaaa, 7175, 0, 0, 0, , 0, 0, 0, 0, 0, 
8, 1, 8, 8, -1, 311, 232, 18.0, 17, ABaraapaap, 7368, 0, 0, 0, , 0, 0, 0, 0, 0, 
9, 1, 9, 9, -1, 300, 188, 11.0, 15, ABaraaappa, 7097, 0, 0, 0, , 0, 0, 0, 0, 0, 
10, 1, 10, 10, -1, 280, 198, 12.0, 17, ABaraaappp, 5983, 0, 0, 0, , 0, 0, 0, 0, 0, 
11, 1, 11, 11, -1, 327, 210, 12.0, 15, ABaraaapaa, 7542, 0, 0, 0, , 0, 0, 0, 0, 0, 
12, 1, 12, 12, -1, 305, 210, 13.0, 15, ABaraaapap, 6278, 0, 0, 0, , 0, 0, 0, 0, 0, 
13, 1, 13, 13, -1, 345, 209, 14.0, 15, ABaraaaaaa, 6448, 0, 0, 0, , 0, 0, 0, 0, 0, 
14, 1, 14, 14, -1, 320, 192, 14.0, 15, ABaraaaaap, 6353, 0, 0, 0, , 0, 0, 0, 0, 0, 
15, 1, 15, 15, -1, 321, 221, 22.0, 15, ABaraaaapp, 5812, 0, 0, 0, , 0, 0, 0, 0, 0, 
16, 1, 16, 16, -1, 332, 203, 17.0, 15, ABaraaaapa, 4940, 0, 0, 0, , 0, 0, 0, 0, 0, 
17, 1, 17, 17, -1, 241, 251, 10.0, 17, ABarapapap, 8260, 0, 0, 0, , 0, 0, 0, 0, 0, 
18, 1, 18, 18, -1, 260, 239, 11.0, 15, ABarapapaa, 6310, 0, 0, 0, , 0, 0, 0, 0, 0, 
19, 1, 19, 19, -1, 223, 261, 13.0, 17, ABarapappp, 8331, 0, 0, 0, , 0, 0, 0, 0, 0, 
20, 1, 20, 20, -1, 243, 235, 13.0, 15, ABarapappa, 7280, 0, 0, 0, , 0, 0, 0, 0, 0, 
21, 1, 21, 21, -1, 277, 239, 10.0, 13, ABarapaaap, 6245, 0, 0, 0, , 0, 0, 0, 0, 0, 
22, 1, 22, 22, -1, 292, 226, 10.0, 17, ABarapaaaa, 6907, 0, 0, 0, , 0, 0, 0, 0, 0, 
23, 1, 23, 23, -1, 287, 215, 13.0, 15, ABarapaapa, 7925, 0, 0, 0, , 0, 0, 0, 0, 0, 
24, 1, 24, 24, -1, 269, 228, 14.0, 17, ABarapaapp, 9905, 0, 0, 0, , 0, 0, 0, 0, 0, 
25, 1, 25, 25, -1, 248, 208, 11.0, 17, ABarapppap, 5890, 0, 0, 0, , 0, 0, 0, 0, 0, 
26, 1, 26, 26, -1, 268, 191, 11.0, 17, ABarapppaa, 8285, 0, 0, 0, , 0, 0, 0, 0, 0, 
27, 1, 27, 27, -1, 237, 195, 13.0, 15, ABarappppa, 6426, 0, 0, 0, , 0, 0, 0, 0, 0, 
28, 1, 28, 28, -1, 218, 192, 12.0, 15, ABarappppp, 7380, 0, 0, 0, , 0, 0, 0, 0, 0, 
29, 1, 29, 29, -1, 265, 217, 10.0, 15, ABarappaaa, 8077, 0, 0, 0, , 0, 0, 0, 0, 0, 
30, 1, 30, 30, -1, 238, 230, 10.0, 15, ABarappaap, 6608, 0, 0, 0, , 0, 0, 0, 0, 0, 
31, 1, 31, 31, -1, 224, 211, 10.0, 19, ABarappapa, 6982, 0, 0, 0, , 0, 0, 0, 0, 0, 
32, 1, 32, 32, -1, 202, 224, 10.0, 15, ABarappapp, 7756, 0, 0, 0, , 0, 0, 0, 0, 0, 
33, 1, 33, 33, -1, 215, 203, 33.0, 15, ABarpapppa, 5685, 0, 0, 0, , 0, 0, 0, 0, 0, 
34, 1, 34, 34, -1, 197, 198, 31.0, 21, ABarpapppp, 7133, 0, 0, 0, , 0, 0, 0, 0, 0, 
35, 1, 35, 35, -1, 231, 194, 33.0, 15, ABarpappap, 4972, 0, 0, 0, , 0, 0, 0, 0, 0, 
36, 1, 36, 36, -1, 294, 188, 35.0, 17, ABarpapaaa, 5040, 0, 0, 0, , 0, 0, 0, 0, 0, 
37, 1, 37, 37, -1, 270, 185, 35.0, 19, ABarpapaap, 6409, 0, 0, 0, , 0, 0, 0, 0, 0, 
38, 1, 38, 38, -1, 247, 215, 32.0, 15, ABarpapapp, 6748, 0, 0, 0, , 0, 0, 0, 0, 0, 
39, 1, 39, 39, -1, 268, 208, 33.0, 17, ABarpapapa, 5759, 0, 0, 0, , 0, 0, 0, 0, 0, 
40, 1, 40, 40, -1, 195, 269, 35.0, 17, ABarpaappp, 5290, 0, 0, 0, , 0, 0, 0, 0, 0, 
41, 1, 41, 41, -1, 256, 231, 34.0, 15, ABarpaapaa, 4260, 0, 0, 0, , 0, 0, 0, 0, 0, 
42, 1, 42, 42, -1, 234, 235, 33.0, 17, ABarpaapap, 5223, 0, 0, 0, , 0, 0, 0, 0, 0, 
43, 1, 43, 43, -1, 321, 198, 33.0, 17, ABarpaaaaa, 7805, 0, 0, 0, , 0, 0, 0, 0, 0, 
44, 1, 44, 44, -1, 304, 226, 35.0, 15, ABarpaaaap, 6383, 0, 0, 0, , 0, 0, 0, 0, 0, 
45, 1, 45, 45, -1, 273, 225, 36.0, 15, ABarpaaapp, 4818, 0, 0, 0, , 0, 0, 0, 0, 0, 
46, 1, 46, 46, -1, 295, 211, 33.0, 15, ABarpaaapa, 6615, 0, 0, 0, , 0, 0, 0, 0, 0, 
47, 1, 47, 47, -1, 207, 310, 34.0, 17, ABarppaaap, 3029, 0, 0, 0, , 0, 0, 0, 0, 0, 
48, 1, 48, 48, -1, 219, 284, 35.0, 15, ABarppaaaa, 2854, 0, 0, 0, , 0, 0, 0, 0, 0, 
49, 1, 49, 49, -1, 160, 321, 35.0, 15, ABarppaapp, 3820, 0, 0, 0, , 0, 0, 0, 0, 0, 
50, 1, 50, 50, -1, 143, 331, 32.0, 17, ABarppappa, 4843, 0, 0, 0, , 0, 0, 0, 0, 0, 
51, 1, 51, 51, -1, 118, 343, 25.0, 15, ABarppappp, 5969, 0, 0, 0, , 0, 0, 0, 0, 0, 
52, 1, 52, 52, -1, 170, 340, 31.0, 19, ABarppapap, 4970, 0, 0, 0, , 0, 0, 0, 0, 0, 
53, 1, 53, 53, -1, 196, 336, 34.0, 17, ABarppapaa, 4745, 0, 0, 0, , 0, 0, 0, 0, 0, 
54, 1, 54, 54, -1, 83, 267, 25.0, 17, ABarpppppp, 6188, 0, 0, 0, , 0, 0, 0, 0, 0, 
55, 1, 55, 55, -1, 109, 243, 30.0, 17, ABarpppppa, 4867, 0, 0, 0, , 0, 0, 0, 0, 0, 
56, 1, 56, 56, -1, 149, 207, 29.0, 15, ABarppppaa, 5595, 0, 0, 0, , 0, 0, 0, 0, 0, 
57, 1, 57, 57, -1, 123, 222, 27.0, 15, ABarppppap, 7903, 0, 0, 0, , 0, 0, 0, 0, 0, 
58, 1, 58, 58, -1, 171, 203, 32.0, 15, ABarpppaap, 5593, 0, 0, 0, , 0, 0, 0, 0, 0, 
59, 1, 59, 59, -1, 194, 213, 35.0, 15, ABarpppaaa, 4753, 0, 0, 0, , 0, 0, 0, 0, 0, 
60, 1, 60, 60, -1, 278, 186, 30.0, 15, ABalappppa, 4962, 0, 0, 0, , 0, 0, 0, 0, 0, 
61, 1, 61, 61, -1, 250, 190, 31.0, 15, ABalappppp, 5159, 0, 0, 0, , 0, 0, 0, 0, 0, 
62, 1, 62, 62, -1, 320, 194, 28.0, 15, ABalapppaa, 5701, 0, 0, 0, , 0, 0, 0, 0, 0, 
63, 1, 63, 63, -1, 299, 188, 30.0, 15, ABalapppap, 5925, 0, 0, 0, , 0, 0, 0, 0, 0, 
64, 1, 64, 64, -1, 334, 177, 26.0, 15, ABalappapa, 5518, 0, 0, 0, , 0, 0, 0, 0, 0, 
65, 1, 65, 65, -1, 339, 201, 27.0, 15, ABalappaap, 4538, 0, 0, 0, , 0, 0, 0, 0, 0, 
66, 1, 66, 66, -1, 320, 174, 28.0, 17, ABalappapp, 5958, 0, 0, 0, , 0, 0, 0, 0, 0, 
67, 1, 67, 67, -1, 295, 263, 31.0, 17, ABalapappp, 6620, 0, 0, 0, , 0, 0, 0, 0, 0, 
68, 1, 68, 68, -1, 321, 257, 30.0, 19, ABalapappa, 6964, 0, 0, 0, , 0, 0, 0, 0, 0, 
69, 1, 69, 69, -1, 337, 215, 30.0, 15, ABalapapaa, 5436, 0, 0, 0, , 0, 0, 0, 0, 0, 
70, 1, 70, 70, -1, 326, 232, 31.0, 17, ABalapapap, 6697, 0, 0, 0, , 0, 0, 0, 0, 0, 
71, 1, 71, 71, -1, 358, 229, 25.0, 15, ABalapaaaa, 5334, 0, 0, 0, , 0, 0, 0, 0, 0, 
72, 1, 72, 72, -1, 347, 234, 27.0, 17, ABalapaaap, 6299, 0, 0, 0, , 0, 0, 0, 0, 0, 
73, 1, 73, 73, -1, 349, 249, 25.0, 15, ABalapaapa, 5435, 0, 0, 0, , 0, 0, 0, 0, 0, 
74, 1, 74, 74, -1, 334, 259, 26.0, 17, ABalapaapp, 7816, 0, 0, 0, , 0, 0, 0, 0, 0, 
75, 1, 75, 75, -1, 320, 173, 17.0, 15, ABalaapaaa, 6044, 0, 0, 0, , 0, 0, 0, 0, 0, 
76, 1, 76, 76, -1, 277, 176, 13.0, 15, ABalaapapa, 4699, 0, 0, 0, , 0, 0, 0, 0, 0, 
77, 1, 77, 77, -1, 299, 172, 14.0, 15, ABalaapaap, 5430, 0, 0, 0, , 0, 0, 0, 0, 0, 
78, 1, 78, 78, -1, 294, 175, 20.0, 17, ABalaappap, 6657, 0, 0, 0, , 0, 0, 0, 0, 0, 
79, 1, 79, 79, -1, 309, 164, 19.0, 15, ABalaappaa, 4333, 0, 0, 0, , 0, 0, 0, 0, 0, 
80, 1, 80, 80, -1, 294, 173, 26.0, 19, ABalaapppp, 7100, 0, 0, 0, , 0, 0, 0, 0, 0, 
81, 1, 81, 81, -1, 311, 180, 23.0, 15, ABalaapppa, 6518, 0, 0, 0, , 0, 0, 0, 0, 0, 
82, 1, 82, 82, -1, 345, 262, 17.0, 15, ABalaaaalp, 6490, 0, 0, 0, , 0, 0, 0, 0, 0, 
83, 1, 83, 83, -1, 336, 185, 17.0, 15, ABalaaaarr, 5779, 0, 0, 0, , 0, 0, 0, 0, 0, 
84, 1, 84, 84, -1, 353, 213, 18.0, 17, ABalaaaarl, 6726, 0, 0, 0, , 0, 0, 0, 0, 0, 
85, 1, 85, 85, -1, 340, 185, 22.0, 15, ABalaaappl, 5645, 0, 0, 0, , 0, 0, 0, 0, 0, 
86, 1, 86, 86, -1, 324, 174, 21.0, 15, ABalaaappr, 6092, 0, 0, 0, , 0, 0, 0, 0, 0, 
87, 1, 87, 87, -1, 353, 204, 22.0, 15, ABalaaapar, 4577, 0, 0, 0, , 0, 0, 0, 0, 0, 
88, 1, 88, 88, -1, 355, 224, 22.0, 15, ABalaaapal, 7411, 0, 0, 0, , 0, 0, 0, 0, 0, 
89, 1, 89, 89, -1, 172, 329, 12.0, 17, ABplppppap, 6877, 0, 0, 0, , 0, 0, 0, 0, 0, 
90, 1, 90, 90, -1, 192, 321, 11.0, 15, ABplppppaa, 6524, 0, 0, 0, , 0, 0, 0, 0, 0, 
91, 1, 91, 91, -1, 133, 314, 11.0, 15, ABplpppppp, 6468, 0, 0, 0, , 0, 0, 0, 0, 0, 
92, 1, 92, 92, -1, 155, 313, 11.0, 15, ABplpppppa, 5389, 0, 0, 0, , 0, 0, 0, 0, 0, 
93, 1, 93, 93, -1, 129, 333, 11.0, 13, ABplpppapp, 4672, 0, 0, 0, , 0, 0, 0, 0, 0, 
94, 1, 94, 94, -1, 148, 341, 12.0, 17, ABplpppapa, 7651, 0, 0, 0, , 0, 0, 0, 0, 0, 
95, 1, 95, 95, -1, 173, 347, 15.0, 15, ABplpppaap, 7527, 0, 0, 0, , 0, 0, 0, 0, 0, 
96, 1, 96, 96, -1, 192, 336, 14.0, 15, ABplpppaaa, 6307, 0, 0, 0, , 0, 0, 0, 0, 0, 
97, 1, 97, 97, -1, 192, 346, 17.0, 15, ABplppappp, 4843, 0, 0, 0, , 0, 0, 0, 0, 0, 
98, 1, 98, 98, -1, 211, 344, 18.0, 15, ABplppappa, 6326, 0, 0, 0, , 0, 0, 0, 0, 0, 
99, 1, 99, 99, -1, 249, 328, 16.0, 15, ABplppapaa, 6339, 0, 0, 0, , 0, 0, 0, 0, 0, 
100, 1, 100, 100, -1, 232, 343, 17.0, 15, ABplppapap, 6166, 0, 0, 0, , 0, 0, 0, 0, 0, 
101, 1, 101, 101, -1, 212, 337, 13.0, 15, ABplppaapp, 6546, 0, 0, 0, , 0, 0, 0, 0, 0, 
102, 1, 102, 102, -1, 267, 318, 18.0, 16, ABplppaaaa, 5896, 0, 0, 0, , 0, 0, 0, 0, 0, 
103, 1, 103, 103, -1, 264, 333, 19.0, 13, ABplppaaap, 8157, 0, 0, 0, , 0, 0, 0, 0, 0, 
104, 1, 104, 104, -1, 232, 284, 10.0, 23, ABplpappaa, 38152, 0, 0, 0, , 0, 0, 0, 0, 0, 
105, 1, 105, 105, -1, 204, 285, 10.0, 13, ABplpappap, 5783, 0, 0, 0, , 0, 0, 0, 0, 0, 
106, 1, 106, 106, -1, 171, 304, 10.0, 15, ABplpapppp, 6879, 0, 0, 0, , 0, 0, 0, 0, 0, 
107, 1, 107, 107, -1, 194, 302, 10.0, 15, ABplpapppa, 7190, 0, 0, 0, , 0, 0, 0, 0, 0, 
108, 1, 108, 108, -1, 215, 317, 11.0, 17, ABplpapapp, 7005, 0, 0, 0, , 0, 0, 0, 0, 0, 
109, 1, 109, 109, -1, 237, 312, 12.0, 17, ABplpapapa, 6869, 0, 0, 0, , 0, 0, 0, 0, 0, 
110, 1, 110, 110, -1, 248, 308, 14.0, 17, ABplpapaap, 6325, 0, 0, 0, , 0, 0, 0, 0, 0, 
111, 1, 111, 111, -1, 261, 306, 12.0, 15, ABplpapaaa, 6461, 0, 0, 0, , 0, 0, 0, 0, 0, 
112, 1, 112, 112, -1, 287, 299, 18.0, 15, ABplpaaaap, 7980, 0, 0, 0, , 0, 0, 0, 0, 0, 
113, 1, 113, 113, -1, 306, 290, 18.0, 17, ABplpaaaaa, 8022, 0, 0, 0, , 0, 0, 0, 0, 0, 
114, 1, 114, 114, -1, 305, 313, 19.0, 15, ABplpaaapa, 6713, 0, 0, 0, , 0, 0, 0, 0, 0, 
115, 1, 115, 115, -1, 285, 319, 20.0, 15, ABplpaaapp, 7541, 0, 0, 0, , 0, 0, 0, 0, 0, 
116, 1, 116, 116, -1, 275, 326, 25.0, 17, ABplpaappa, 7510, 0, 0, 0, , 0, 0, 0, 0, 0, 
117, 1, 117, 117, -1, 265, 336, 22.0, 15, ABplpaappp, 5341, 0, 0, 0, , 0, 0, 0, 0, 0, 
118, 1, 118, 118, -1, 310, 301, 22.0, 17, ABplpaapaa, 6059, 0, 0, 0, , 0, 0, 0, 0, 0, 
119, 1, 119, 119, -1, 293, 317, 24.0, 17, ABplpaapap, 7955, 0, 0, 0, , 0, 0, 0, 0, 0, 
120, 1, 120, 120, -1, 257, 319, 32.0, 17, ABplaappap, 6988, 0, 0, 0, , 0, 0, 0, 0, 0, 
121, 1, 121, 121, -1, 285, 311, 33.0, 15, ABplaappaa, 5944, 0, 0, 0, , 0, 0, 0, 0, 0, 
122, 1, 122, 122, -1, 253, 334, 27.0, 17, ABplaapppa, 7903, 0, 0, 0, , 0, 0, 0, 0, 0, 
123, 1, 123, 123, -1, 232, 345, 26.0, 17, ABplaapppp, 8658, 0, 0, 0, , 0, 0, 0, 0, 0, 
124, 1, 124, 124, -1, 331, 267, 33.0, 17, ABplaapaaa, 6956, 0, 0, 0, , 0, 0, 0, 0, 0, 
125, 1, 125, 125, -1, 310, 274, 35.0, 17, ABplaapaap, 7758, 0, 0, 0, , 0, 0, 0, 0, 0, 
126, 1, 126, 126, -1, 274, 288, 33.0, 17, ABplaapapp, 7818, 0, 0, 0, , 0, 0, 0, 0, 0, 
127, 1, 127, 127, -1, 302, 293, 33.0, 17, ABplaapapa, 6780, 0, 0, 0, , 0, 0, 0, 0, 0, 
128, 1, 128, 128, -1, 309, 248, 34.0, 15, ABplaaaaap, 5822, 0, 0, 0, , 0, 0, 0, 0, 0, 
129, 1, 129, 129, -1, 327, 235, 35.0, 15, ABplaaaaaa, 6018, 0, 0, 0, , 0, 0, 0, 0, 0, 
130, 1, 130, 130, -1, 271, 249, 33.0, 15, ABplaaaapp, 5087, 0, 0, 0, , 0, 0, 0, 0, 0, 
131, 1, 131, 131, -1, 288, 236, 34.0, 15, ABplaaaapa, 6089, 0, 0, 0, , 0, 0, 0, 0, 0, 
132, 1, 132, 132, -1, 231, 293, 33.0, 17, ABplaaappp, 6094, 0, 0, 0, , 0, 0, 0, 0, 0, 
133, 1, 133, 133, -1, 251, 277, 34.0, 17, ABplaaappa, 5600, 0, 0, 0, , 0, 0, 0, 0, 0, 
134, 1, 134, 134, -1, 270, 270, 34.0, 15, ABplaaapap, 5966, 0, 0, 0, , 0, 0, 0, 0, 0, 
135, 1, 135, 135, -1, 289, 261, 35.0, 13, ABplaaapaa, 3858, 0, 0, 0, , 0, 0, 0, 0, 0, 
136, 1, 136, 136, -1, 131, 361, 17.0, 15, ABplappppa, 6152, 0, 0, 0, , 0, 0, 0, 0, 0, 
137, 1, 137, 137, -1, 110, 348, 14.0, 17, ABplappppp, 6678, 0, 0, 0, , 0, 0, 0, 0, 0, 
138, 1, 138, 138, -1, 176, 354, 19.0, 15, ABplapppaa, 6302, 0, 0, 0, , 0, 0, 0, 0, 0, 
139, 1, 139, 139, -1, 151, 353, 18.0, 15, ABplapppap, 6253, 0, 0, 0, , 0, 0, 0, 0, 0, 
140, 1, 140, 140, -1, 211, 353, 24.0, 17, ABplappaaa, 8310, 0, 0, 0, , 0, 0, 0, 0, 0, 
141, 1, 141, 141, -1, 185, 357, 24.0, 17, ABplappaap, 7532, 0, 0, 0, , 0, 0, 0, 0, 0, 
142, 1, 142, 142, -1, 159, 356, 24.0, 17, ABplappapp, 8303, 0, 0, 0, , 0, 0, 0, 0, 0, 
143, 1, 143, 143, -1, 167, 351, 28.0, 19, ABplappapa, 22373, 0, 0, 0, , 0, 0, 0, 0, 0, 
144, 1, 144, 144, -1, 197, 351, 29.0, 15, ABplapaapp, 6729, 0, 0, 0, , 0, 0, 0, 0, 0, 
145, 1, 145, 145, -1, 214, 335, 30.0, 15, ABplapaapa, 5369, 0, 0, 0, , 0, 0, 0, 0, 0, 
146, 1, 146, 146, -1, 240, 309, 31.0, 15, ABplapaaaa, 6026, 0, 0, 0, , 0, 0, 0, 0, 0, 
147, 1, 147, 147, -1, 223, 318, 32.0, 15, ABplapaaap, 5431, 0, 0, 0, , 0, 0, 0, 0, 0, 
148, 1, 148, 148, -1, 109, 353, 19.0, 17, ABplapappp, 7506, 0, 0, 0, , 0, 0, 0, 0, 0, 
149, 1, 149, 149, -1, 137, 359, 25.0, 17, ABplapapap, 5537, 0, 0, 0, , 0, 0, 0, 0, 0, 
150, 1, 150, 150, -1, 122, 359, 22.0, 19, ABplapappa, 7405, 0, 0, 0, , 0, 0, 0, 0, 0, 
151, 1, 151, 151, -1, 141, 350, 29.0, 17, ABplapapaa, 6861, 0, 0, 0, , 0, 0, 0, 0, 0, 
152, 1, 152, 152, -1, 209, 212, 13.0, 15, ABprpapaaa, 7161, 0, 0, 0, , 0, 0, 0, 0, 0, 
153, 1, 153, 153, -1, 191, 210, 12.0, 15, ABprpapaap, 5158, 0, 0, 0, , 0, 0, 0, 0, 0, 
154, 1, 154, 154, -1, 165, 244, 10.0, 15, ABprpapapp, 5789, 0, 0, 0, , 0, 0, 0, 0, 0, 
155, 1, 155, 155, -1, 184, 234, 10.0, 15, ABprpapapa, 6178, 0, 0, 0, , 0, 0, 0, 0, 0, 
156, 1, 156, 156, -1, 143, 288, 10.0, 17, ABprpapppp, 6990, 0, 0, 0, , 0, 0, 0, 0, 0, 
157, 1, 157, 157, -1, 170, 272, 10.0, 17, ABprpapppa, 8341, 0, 0, 0, , 0, 0, 0, 0, 0, 
158, 1, 158, 158, -1, 196, 264, 10.0, 19, ABprpappap, 8257, 0, 0, 0, , 0, 0, 0, 0, 0, 
159, 1, 159, 159, -1, 208, 244, 10.0, 17, ABprpappaa, 7091, 0, 0, 0, , 0, 0, 0, 0, 0, 
160, 1, 160, 160, -1, 259, 182, 14.0, 15, ABprpaaaaa, 6821, 0, 0, 0, , 0, 0, 0, 0, 0, 
161, 1, 161, 161, -1, 241, 178, 13.0, 15, ABprpaaaap, 7265, 0, 0, 0, , 0, 0, 0, 0, 0, 
162, 1, 162, 162, -1, 212, 178, 15.0, 15, ABprpaaapp, 7220, 0, 0, 0, , 0, 0, 0, 0, 0, 
163, 1, 163, 163, -1, 229, 176, 16.0, 15, ABprpaaapa, 7506, 0, 0, 0, , 0, 0, 0, 0, 0, 
164, 1, 164, 164, -1, 246, 168, 18.0, 15, ABprpaapaa, 6618, 0, 0, 0, , 0, 0, 0, 0, 0, 
165, 1, 165, 165, -1, 221, 167, 19.0, 17, ABprpaapap, 7415, 0, 0, 0, , 0, 0, 0, 0, 0, 
166, 1, 166, 166, -1, 188, 177, 16.0, 17, ABprpaappp, 5951, 0, 0, 0, , 0, 0, 0, 0, 0, 
167, 1, 167, 167, -1, 205, 176, 19.0, 15, ABprpaappa, 6951, 0, 0, 0, , 0, 0, 0, 0, 0, 
168, 1, 168, 168, -1, 114, 249, 11.0, 15, ABprpppaap, 6265, 0, 0, 0, , 0, 0, 0, 0, 0, 
169, 1, 169, 169, -1, 134, 233, 11.0, 17, ABprpppaaa, 6518, 0, 0, 0, , 0, 0, 0, 0, 0, 
170, 1, 170, 170, -1, 103, 266, 11.0, 17, ABprpppapa, 6927, 0, 0, 0, , 0, 0, 0, 0, 0, 
171, 1, 171, 171, -1, 102, 294, 10.0, 15, ABprpppapp, 5822, 0, 0, 0, , 0, 0, 0, 0, 0, 
172, 1, 172, 172, -1, 137, 261, 10.0, 17, ABprppppap, 7193, 0, 0, 0, , 0, 0, 0, 0, 0, 
173, 1, 173, 173, -1, 151, 247, 12.0, 15, ABprppppaa, 5911, 0, 0, 0, , 0, 0, 0, 0, 0, 
174, 1, 174, 174, -1, 128, 299, 13.0, 15, ABprpppppp, 5606, 0, 0, 0, , 0, 0, 0, 0, 0, 
175, 1, 175, 175, -1, 119, 284, 11.0, 17, ABprpppppa, 8137, 0, 0, 0, , 0, 0, 0, 0, 0, 
176, 1, 176, 176, -1, 166, 224, 11.0, 15, ABprppaapa, 6459, 0, 0, 0, , 0, 0, 0, 0, 0, 
177, 1, 177, 177, -1, 151, 225, 10.0, 17, ABprppaapp, 5322, 0, 0, 0, , 0, 0, 0, 0, 0, 
178, 1, 178, 178, -1, 199, 185, 11.0, 15, ABprppaaaa, 6950, 0, 0, 0, , 0, 0, 0, 0, 0, 
179, 1, 179, 179, -1, 179, 185, 12.0, 13, ABprppaaap, 6039, 0, 0, 0, , 0, 0, 0, 0, 0, 
180, 1, 180, 180, -1, 176, 199, 13.0, 17, ABprppapaa, 5745, 0, 0, 0, , 0, 0, 0, 0, 0, 
181, 1, 181, 181, -1, 158, 204, 13.0, 15, ABprppapap, 4733, 0, 0, 0, , 0, 0, 0, 0, 0, 
182, 1, 182, 182, -1, 125, 226, 14.0, 15, ABprppappp, 4771, 0, 0, 0, , 0, 0, 0, 0, 0, 
183, 1, 183, 183, -1, 140, 212, 13.0, 15, ABprppappa, 6192, 0, 0, 0, , 0, 0, 0, 0, 0, 
184, 1, 184, 184, -1, 287, 169, 30.0, 15, ABpraapaaa, 6493, 0, 0, 0, , 0, 0, 0, 0, 0, 
185, 1, 185, 185, -1, 262, 170, 31.0, 17, ABpraapaap, 8738, 0, 0, 0, , 0, 0, 0, 0, 0, 
186, 1, 186, 186, -1, 239, 170, 31.0, 17, ABpraapapa, 6632, 0, 0, 0, , 0, 0, 0, 0, 0, 
187, 1, 187, 187, -1, 217, 179, 30.0, 17, ABpraapapp, 6805, 0, 0, 0, , 0, 0, 0, 0, 0, 
188, 1, 188, 188, -1, 154, 193, 18.0, 17, ABpraapppp, 7993, 0, 0, 0, , 0, 0, 0, 0, 0, 
189, 1, 189, 189, -1, 178, 183, 22.0, 17, ABpraapppa, 8299, 0, 0, 0, , 0, 0, 0, 0, 0, 
190, 1, 190, 190, -1, 194, 176, 24.0, 17, ABpraappap, 7212, 0, 0, 0, , 0, 0, 0, 0, 0, 
191, 1, 191, 191, -1, 214, 165, 26.0, 15, ABpraappaa, 4534, 0, 0, 0, , 0, 0, 0, 0, 0, 
192, 1, 192, 192, -1, 262, 172, 27.0, 17, ABpraaapap, 7771, 0, 0, 0, , 0, 0, 0, 0, 0, 
193, 1, 193, 193, -1, 276, 178, 25.0, 15, ABpraaapaa, 5985, 0, 0, 0, , 0, 0, 0, 0, 0, 
194, 1, 194, 194, -1, 247, 176, 26.0, 15, ABpraaappa, 6015, 0, 0, 0, , 0, 0, 0, 0, 0, 
195, 1, 195, 195, -1, 220, 177, 24.0, 17, ABpraaappp, 8519, 0, 0, 0, , 0, 0, 0, 0, 0, 
196, 1, 196, 196, -1, 266, 159, 24.0, 15, ABpraaaaap, 6826, 0, 0, 0, , 0, 0, 0, 0, 0, 
197, 1, 197, 197, -1, 284, 160, 22.0, 15, ABpraaaaaa, 5190, 0, 0, 0, , 0, 0, 0, 0, 0, 
198, 1, 198, 198, -1, 259, 160, 20.0, 15, ABpraaaapa, 6664, 0, 0, 0, , 0, 0, 0, 0, 0, 
199, 1, 199, 199, -1, 238, 161, 23.0, 17, ABpraaaapp, 5990, 0, 0, 0, , 0, 0, 0, 0, 0, 
200, 1, 200, 200, -1, 96, 231, 20.0, 15, ABprappapp, 7729, 0, 0, 0, , 0, 0, 0, 0, 0, 
201, 1, 201, 201, -1, 115, 219, 23.0, 17, ABprappapa, 8097, 0, 0, 0, , 0, 0, 0, 0, 0, 
202, 1, 202, 202, -1, 117, 219, 18.0, 17, ABprappaap, 8488, 0, 0, 0, , 0, 0, 0, 0, 0, 
203, 1, 203, 203, -1, 137, 205, 17.0, 17, ABprappaaa, 8951, 0, 0, 0, , 0, 0, 0, 0, 0, 
204, 1, 204, 204, -1, 108, 233, 14.0, 15, ABprapppaa, 4489, 0, 0, 0, , 0, 0, 0, 0, 0, 
205, 1, 205, 205, -1, 95, 250, 14.0, 15, ABprapppap, 4874, 0, 0, 0, , 0, 0, 0, 0, 0, 
206, 1, 206, 206, -1, 82, 284, 12.0, 17, ABprappppp, 6634, 0, 0, 0, , 0, 0, 0, 0, 0, 
207, 1, 207, 207, -1, 82, 262, 13.0, 15, ABprappppa, 6315, 0, 0, 0, , 0, 0, 0, 0, 0, 
208, 1, 208, 208, -1, 169, 205, 27.0, 17, ABprapaaap, 4732, 0, 0, 0, , 0, 0, 0, 0, 0, 
209, 1, 209, 209, -1, 188, 195, 28.0, 17, ABprapaaaa, 7579, 0, 0, 0, , 0, 0, 0, 0, 0, 
210, 1, 210, 210, -1, 140, 206, 23.0, 15, ABprapaapp, 6562, 0, 0, 0, , 0, 0, 0, 0, 0, 
211, 1, 211, 211, -1, 159, 198, 24.0, 15, ABprapaapa, 6404, 0, 0, 0, , 0, 0, 0, 0, 0, 
212, 1, 212, 212, -1, 71, 256, 18.0, 15, ABprapappa, 6955, 0, 0, 0, , 0, 0, 0, 0, 0, 
213, 1, 213, 213, -1, 69, 276, 16.0, 15, ABprapappp, 4910, 0, 0, 0, , 0, 0, 0, 0, 0, 
214, 1, 214, 214, -1, 79, 252, 22.0, 17, ABprapapap, 7151, 0, 0, 0, , 0, 0, 0, 0, 0, 
215, 1, 215, 215, -1, 94, 240, 26.0, 15, ABprapapaa, 7288, 0, 0, 0, , 0, 0, 0, 0, 0, 
216, 1, 216, 216, -1, 217, 197, 21.0, 17, MSppppa, 8246, 0, 0, 0, , 0, 0, 0, 0, 0, 
217, 1, 217, 217, -1, 201, 213, 26.0, 19, MSppppp, 7238, 0, 0, 0, , 0, 0, 0, 0, 0, 
218, 1, 218, 218, -1, 229, 213, 16.0, 17, MSpppaa, 7716, 0, 0, 0, , 0, 0, 0, 0, 0, 
219, 1, 219, 219, -1, 205, 213, 17.0, 17, MSpppap, 7983, 0, 0, 0, , 0, 0, 0, 0, 0, 
220, 1, 220, 220, -1, 252, 198, 17.0, 17, MSppaap, 6706, 0, 0, 0, , 0, 0, 0, 0, 0, 
221, 1, 221, 221, -1, 291, 181, 16.0, 17, MSppaaaa, 4639, 0, 0, 0, , 0, 0, 0, 0, 0, 
222, 1, 222, 222, -1, 271, 193, 19.0, 15, MSppaaap, 6049, 0, 0, 0, , 0, 0, 0, 0, 0, 
223, 1, 223, 223, -1, 238, 194, 25.0, 15, MSppappa, 5041, 0, 0, 0, , 0, 0, 0, 0, 0, 
224, 1, 224, 224, -1, 259, 180, 20.0, 13, MSppapaa, 4705, 0, 0, 0, , 0, 0, 0, 0, 0, 
225, 1, 225, 225, -1, 240, 196, 21.0, 17, MSppapap, 7784, 0, 0, 0, , 0, 0, 0, 0, 0, 
226, 1, 226, 226, -1, 201, 261, 15.0, 15, MSpapapp, 6044, 0, 0, 0, , 0, 0, 0, 0, 0, 
227, 1, 227, 227, -1, 218, 243, 15.0, 15, MSpapapa, 4880, 0, 0, 0, , 0, 0, 0, 0, 0, 
228, 1, 228, 228, -1, 257, 245, 17.0, 17, MSpapaaa, 6723, 0, 0, 0, , 0, 0, 0, 0, 0, 
229, 1, 229, 229, -1, 235, 240, 18.0, 17, MSpapaap, 7193, 0, 0, 0, , 0, 0, 0, 0, 0, 
230, 1, 230, 230, -1, 190, 285, 13.0, 21, MSpappa, 17821, 0, 0, 0, , 0, 0, 0, 0, 0, 
231, 1, 231, 231, -1, 171, 260, 14.0, 16, MSpappp, 6045, 0, 0, 0, , 0, 0, 0, 0, 0, 
232, 1, 232, 232, -1, 270, 220, 28.0, 19, MSpaaapp, 17278, 0, 0, 0, , 0, 0, 0, 0, 0, 
233, 1, 233, 233, -1, 292, 204, 27.0, 15, MSpaaapa, 6265, 0, 0, 0, , 0, 0, 0, 0, 0, 
234, 1, 234, 234, -1, 304, 209, 24.0, 19, MSpaaaap, 7338, 0, 0, 0, , 0, 0, 0, 0, 0, 
235, 1, 235, 235, -1, 322, 195, 20.0, 15, MSpaaaaa, 5800, 0, 0, 0, , 0, 0, 0, 0, 0, 
236, 1, 236, 236, -1, 260, 209, 23.0, 17, MSpaapap, 6854, 0, 0, 0, , 0, 0, 0, 0, 0, 
237, 1, 237, 237, -1, 286, 199, 22.0, 15, MSpaapaa, 5990, 0, 0, 0, , 0, 0, 0, 0, 0, 
238, 1, 238, 238, -1, 209, 245, 25.0, 17, Earap, 7800, 0, 0, 0, , 0, 0, 0, 0, 0, 
239, 1, 239, 239, -1, 257, 303, 24.0, 19, MSapppa, 8644, 0, 0, 0, , 0, 0, 0, 0, 0, 
240, 1, 240, 240, -1, 230, 302, 28.0, 19, MSapppp, 5376, 0, 0, 0, , 0, 0, 0, 0, 0, 
241, 1, 241, 241, -1, 256, 287, 21.0, 17, MSappaa, 7028, 0, 0, 0, , 0, 0, 0, 0, 0, 
242, 1, 242, 242, -1, 242, 305, 20.0, 19, MSappap, 7812, 0, 0, 0, , 0, 0, 0, 0, 0, 
243, 1, 243, 243, -1, 279, 280, 28.0, 15, MSapappa, 4953, 0, 0, 0, , 0, 0, 0, 0, 0, 
244, 1, 244, 244, -1, 252, 283, 28.0, 15, MSapappp, 4151, 0, 0, 0, , 0, 0, 0, 0, 0, 
245, 1, 245, 245, -1, 277, 284, 24.0, 17, MSapapap, 6147, 0, 0, 0, , 0, 0, 0, 0, 0, 
246, 1, 246, 246, -1, 307, 273, 24.0, 15, MSapapaa, 5050, 0, 0, 0, , 0, 0, 0, 0, 0, 
247, 1, 247, 247, -1, 291, 276, 20.0, 17, MSapaap, 7595, 0, 0, 0, , 0, 0, 0, 0, 0, 
248, 1, 248, 248, -1, 338, 250, 20.0, 15, MSapaaaa, 5346, 0, 0, 0, , 0, 0, 0, 0, 0, 
249, 1, 249, 249, -1, 312, 259, 21.0, 15, MSapaaap, 5207, 0, 0, 0, , 0, 0, 0, 0, 0, 
250, 1, 250, 250, -1, 323, 220, 27.0, 19, MSaaaaap, 14661, 0, 0, 0, , 0, 0, 0, 0, 0, 
251, 1, 251, 251, -1, 338, 215, 22.0, 15, MSaaaaaa, 5175, 0, 0, 0, , 0, 0, 0, 0, 0, 
252, 1, 252, 252, -1, 305, 224, 29.0, 15, MSaaaapa, 6088, 0, 0, 0, , 0, 0, 0, 0, 0, 
253, 1, 253, 253, -1, 283, 241, 29.0, 15, MSaaaapp, 6965, 0, 0, 0, , 0, 0, 0, 0, 0, 
254, 1, 254, 254, -1, 286, 244, 25.0, 17, MSaaapap, 5550, 0, 0, 0, , 0, 0, 0, 0, 0, 
255, 1, 255, 255, -1, 309, 239, 24.0, 17, MSaaapaa, 6962, 0, 0, 0, , 0, 0, 0, 0, 0, 
256, 1, 256, 256, -1, 264, 244, 26.0, 15, MSaaapp, 6517, 0, 0, 0, , 0, 0, 0, 0, 0, 
257, 1, 257, 257, -1, 211, 308, 15.0, 21, MSaappp, 26019, 0, 0, 0, , 0, 0, 0, 0, 0, 
258, 1, 258, 258, -1, 214, 288, 14.0, 17, MSaappa, 6181, 0, 0, 0, , 0, 0, 0, 0, 0, 
259, 1, 259, 259, -1, 269, 266, 19.0, 15, MSaapaaa, 4437, 0, 0, 0, , 0, 0, 0, 0, 0, 
260, 1, 260, 260, -1, 226, 280, 17.0, 17, MSaapapp, 6105, 0, 0, 0, , 0, 0, 0, 0, 0, 
261, 1, 261, 261, -1, 249, 273, 17.0, 15, MSaapapa, 4850, 0, 0, 0, , 0, 0, 0, 0, 0, 
262, 1, 262, 262, -1, 228, 276, 23.0, 19, Ealpa, 10732, 0, 0, 0, , 0, 0, 0, 0, 0, 
263, 1, 263, 263, -1, 196, 284, 23.0, 19, Ealpp, 11821, 0, 0, 0, , 0, 0, 0, 0, 0, 
264, 1, 264, 264, -1, 133, 304, 26.0, 15, Eplpa, 5570, 0, 0, 0, , 0, 0, 0, 0, 0, 
265, 1, 265, 265, -1, 138, 337, 19.0, 15, Cappap, 6917, 0, 0, 0, , 0, 0, 0, 0, 0, 
266, 1, 266, 266, -1, 162, 324, 23.0, 15, Cappaa, 8905, 0, 0, 0, , 0, 0, 0, 0, 0, 
267, 1, 267, 267, 268, 127, 327, 15.0, 19, Cappp, 8997, 0, 0, 0, , 0, 0, 0, 0, 0, 
268, 1, 268, 269, -1, 157, 326, 16.0, 21, Capap, 27305, 0, 0, 0, , 0, 0, 0, 0, 0, 
269, 1, 269, 270, -1, 178, 314, 18.0, 21, Capaa, 38216, 0, 0, 0, , 0, 0, 0, 0, 0, 
270, 1, 270, 271, -1, 108, 321, 34.0, 19, Caaapa, 1826, 0, 0, 0, , 0, 0, 0, 0, 0, 
271, 1, 271, 272, -1, 89, 329, 26.0, 19, Caaapp, 8345, 0, 0, 0, , 0, 0, 0, 0, 0, 
272, 1, 272, 273, -1, 89, 338, 16.0, 19, Caappd, 6682, 0, 0, 0, , 0, 0, 0, 0, 0, 
273, 1, 273, 274, -1, 91, 321, 11.0, 17, Caappv, 4200, 0, 0, 0, , 0, 0, 0, 0, 0, 
274, 1, 274, 275, -1, 101, 317, 13.0, 21, Caapa, 5905, 0, 0, 0, , 0, 0, 0, 0, 0, 
275, 1, 275, 276, -1, 72, 301, 17.0, 17, Cpappd, 7747, 0, 0, 0, , 0, 0, 0, 0, 0, 
276, 1, 276, 277, -1, 77, 309, 12.0, 15, Cpappv, 6069, 0, 0, 0, , 0, 0, 0, 0, 0, 
277, 1, 277, 278, -1, 75, 323, 19.0, 17, Cpapaa, 7973, 0, 0, 0, , 0, 0, 0, 0, 0, 
278, 1, 278, 279, -1, 82, 299, 27.0, 19, Cpaapp, 7164, 0, 0, 0, , 0, 0, 0, 0, 0, 
279, 1, 279, 280, -1, 146, 276, 14.0, 19, Cppaap, 6106, 0, 0, 0, , 0, 0, 0, 0, 0, 
280, 1, 280, 281, -1, 160, 238, 17.0, 17, Cppaaa, 7458, 0, 0, 0, , 0, 0, 0, 0, 0, 
281, 1, 281, 282, -1, 138, 251, 17.0, 19, Cppapa, 8070, 0, 0, 0, , 0, 0, 0, 0, 0, 
282, 1, 282, 283, -1, 122, 280, 15.0, 19, Cppapp, 7136, 0, 0, 0, , 0, 0, 0, 0, 0, 
283, 1, 283, 284, -1, 126, 241, 22.0, 17, Cpppaa, 7977, 0, 0, 0, , 0, 0, 0, 0, 0, 
284, 1, 284, 285, -1, 109, 256, 19.0, 17, Cpppap, 6898, 0, 0, 0, , 0, 0, 0, 0, 0, 
285, 1, 285, 286, -1, 213, 316, 21.0, 19, Daap, 8549, 0, 0, 0, , 0, 0, 0, 0, 0, 
286, 1, 286, 287, -1, 233, 319, 24.0, 17, Daaa, 9302, 0, 0, 0, , 0, 0, 0, 0, 0, 
287, 1, 287, 288, -1, 193, 327, 23.0, 19, Dapp, 14200, 0, 0, 0, , 0, 0, 0, 0, 0, 
288, 1, 288, 289, -1, 186, 231, 16.0, 17, Dpap, 7619, 0, 0, 0, , 0, 0, 0, 0, 0, 
289, 1, 289, 290, -1, 192, 204, 20.0, 17, Dpaa, 7490, 0, 0, 0, , 0, 0, 0, 0, 0, 
290, 1, 290, 291, -1, 152, 235, 23.0, 19, Dppp, 11021, 0, 0, 0, , 0, 0, 0, 0, 0, 
291, 1, 291, 292, -1, 170, 217, 20.0, 17, Dppa, 7634, 0, 0, 0, , 0, 0, 0, 0, 0, 
292, 1, 292, 293, -1, 190, 284, 16.0, 17, Z3, 14325, 0, 0, 0, , 0, 0, 0, 0, 0, 
293, 1, 293, 294, -1, 155, 287, 19.0, 21, Z2, 65535, 0, 0, 0, , 0, 0, 0, 0, 0, 
294, 0, 294, -1, -1, 381, 244, 24.0, 15, , 8998, 0, 0, 0, , 0, 0, 0, 0, 0, 
295, 1, 295, 296, -1, 317, 303, 28.0, 17, ABalpppapp, 6945, 0, 0, 0, , 0, 0, 0, 0, 0, 
296, 1, 296, 297, -1, 298, 298, 27.0, 17, ABalpppppa, 6736, 0, 0, 0, , 0, 0, 0, 0, 0, 
297, 1, 297, 298, -1, 276, 309, 29.0, 19, ABalpppppp, 7937, 0, 0, 0, , 0, 0, 0, 0, 0, 
298, 1, 298, 299, -1, 309, 282, 30.0, 17, ABalppppap, 7129, 0, 0, 0, , 0, 0, 0, 0, 0, 
299, 1, 299, 300, -1, 326, 276, 26.0, 15, ABalppppaa, 6023, 0, 0, 0, , 0, 0, 0, 0, 0, 
300, 1, 300, 301, -1, 343, 280, 24.0, 15, ABalpppaaa, 6097, 0, 0, 0, , 0, 0, 0, 0, 0, 
301, 1, 301, 302, -1, 336, 284, 30.0, 17, ABalpppaap, 7078, 0, 0, 0, , 0, 0, 0, 0, 0, 
302, 1, 302, 303, -1, 327, 296, 24.0, 15, ABalpppapa, 6290, 0, 0, 0, , 0, 0, 0, 0, 0, 
303, 1, 303, 304, -1, 361, 253, 21.0, 13, ABalppaaaa, 5745, 0, 0, 0, , 0, 0, 0, 0, 0, 
304, 1, 304, 305, -1, 351, 268, 21.0, 15, ABalppaaap, 6053, 0, 0, 0, , 0, 0, 0, 0, 0, 
305, 1, 305, 306, -1, 329, 290, 20.0, 17, ABalppaapp, 6837, 0, 0, 0, , 0, 0, 0, 0, 0, 
306, 1, 306, 307, -1, 338, 281, 18.0, 13, ABalppaapa, 6077, 0, 0, 0, , 0, 0, 0, 0, 0, 
307, 1, 307, 308, -1, 280, 310, 13.0, 17, ABalppappp, 7561, 0, 0, 0, , 0, 0, 0, 0, 0, 
308, 1, 308, 309, -1, 303, 297, 14.0, 17, ABalppappa, 7945, 0, 0, 0, , 0, 0, 0, 0, 0, 
309, 1, 309, 310, -1, 305, 281, 14.0, 15, ABalppapap, 6109, 0, 0, 0, , 0, 0, 0, 0, 0, 
310, 1, 310, 311, -1, 323, 277, 13.0, 15, ABalppapaa, 6740, 0, 0, 0, , 0, 0, 0, 0, 0, 
311, 1, 311, 312, -1, 292, 288, 11.0, 17, ABalpapapa, 8243, 0, 0, 0, , 0, 0, 0, 0, 0, 
312, 1, 312, 313, -1, 269, 292, 10.0, 15, ABalpapapp, 7701, 0, 0, 0, , 0, 0, 0, 0, 0, 
313, 1, 313, 314, -1, 294, 270, 11.0, 15, ABalpapaap, 7012, 0, 0, 0, , 0, 0, 0, 0, 0, 
314, 1, 314, 315, -1, 305, 257, 10.0, 17, ABalpapaaa, 8431, 0, 0, 0, , 0, 0, 0, 0, 0, 
315, 1, 315, 316, -1, 267, 264, 12.0, 19, ABalpappap, 9525, 0, 0, 0, , 0, 0, 0, 0, 0, 
316, 1, 316, 317, -1, 284, 255, 11.0, 15, ABalpappaa, 6557, 0, 0, 0, , 0, 0, 0, 0, 0, 
317, 1, 317, 318, -1, 249, 279, 14.0, 21, ABalpapppp, 30916, 0, 0, 0, , 0, 0, 0, 0, 0, 
318, 1, 318, 319, -1, 278, 272, 16.0, 17, ABalpapppa, 7337, 0, 0, 0, , 0, 0, 0, 0, 0, 
319, 1, 319, 320, -1, 293, 256, 17.0, 15, ABalpaaapp, 6935, 0, 0, 0, , 0, 0, 0, 0, 0, 
320, 1, 320, 321, -1, 301, 245, 13.0, 15, ABalpaaapa, 6864, 0, 0, 0, , 0, 0, 0, 0, 0, 
321, 1, 321, 322, -1, 311, 239, 10.0, 15, ABalpaaaap, 7202, 0, 0, 0, , 0, 0, 0, 0, 0, 
322, 1, 322, 323, -1, 341, 242, 11.0, 17, ABalpaaaaa, 7470, 0, 0, 0, , 0, 0, 0, 0, 0, 
323, 1, 323, 324, -1, 313, 263, 15.0, 15, ABalpaappp, 6222, 0, 0, 0, , 0, 0, 0, 0, 0, 
324, 1, 324, 325, -1, 332, 260, 12.0, 15, ABalpaappa, 5565, 0, 0, 0, , 0, 0, 0, 0, 0, 
325, 1, 325, 326, -1, 322, 237, 13.0, 21, ABalpaapap, 21150, 0, 0, 0, , 0, 0, 0, 0, 0, 
326, 1, 326, 327, -1, 345, 228, 15.0, 17, ABalpaapaa, 6175, 0, 0, 0, , 0, 0, 0, 0, 0, 
327, 1, 327, 328, -1, 173, 238, 27.0, 17, Epraa, 7736, 0, 0, 0, , 0, 0, 0, 0, 0, 
328, 1, 328, 329, -1, 142, 262, 25.0, 17, Eprap, 7351, 0, 0, 0, , 0, 0, 0, 0, 0, 
329, 1, 329, 330, -1, 228, 227, 22.0, 15, MSpaapp, 5892, 0, 0, 0, , 0, 0, 0, 0, 0, 
330, 1, 330, 331, -1, 170, 260, 21.0, 19, Earpp, 10543, 0, 0, 0, , 0, 0, 0, 0, 0, 
331, 1, 331, 332, -1, 211, 265, 29.0, 16, Ealap, 3503, 0, 0, 0, , 0, 0, 0, 0, 0, 
332, 1, 332, 333, -1, 250, 258, 28.0, 21, Ealaa, 34536, 0, 0, 0, , 0, 0, 0, 0, 0, 
333, 1, 333, 334, -1, 184, 277, 30.0, 21, Eplaa, 7701, 0, 0, 0, , 0, 0, 0, 0, 0, 
334, 1, 334, 335, -1, 160, 296, 25.0, 19, Eplap, 4615, 0, 0, 0, , 0, 0, 0, 0, 0, 
335, 1, 335, 336, -1, 124, 278, 22.0, 21, Eprp, 7387, 0, 0, 0, , 0, 0, 0, 0, 0, 
336, 1, 336, 337, -1, 195, 323, 28.0, 19, Dapa, 13206, 0, 0, 0, , 0, 0, 0, 0, 0, 
337, 1, 337, 338, -1, 246, 260, 21.0, 17, MSaapaap, 8574, 0, 0, 0, , 0, 0, 0, 0, 0, 
338, 1, 338, 339, -1, 136, 234, 31.0, 15, ABarpppapp, 5310, 0, 0, 0, , 0, 0, 0, 0, 0, 
339, 1, 339, 340, -1, 153, 295, 33.0, 17, Caaaaa, 3391, 0, 0, 0, , 0, 0, 0, 0, 0, 
340, 1, 340, 341, -1, 233, 331, 13.0, 15, ABplppaapa, 6523, 0, 0, 0, , 0, 0, 0, 0, 0, 
341, 1, 341, 342, -1, 68, 299, 22.0, 17, Cpapap, 7766, 0, 0, 0, , 0, 0, 0, 0, 0, 
342, 1, 342, 343, -1, 245, 229, 24.0, 19, Earaa, 11969, 0, 0, 0, , 0, 0, 0, 0, 0, 
343, 1, 343, 344, -1, 354, 241, 18.0, 15, ABalaaaala, 5800, 0, 0, 0, , 0, 0, 0, 0, 0, 
344, 1, 344, 345, -1, 246, 190, 35.0, 15, ABarpappaa, 5295, 0, 0, 0, , 0, 0, 0, 0, 0, 
345, 1, 345, 346, -1, 351, 193, 25.0, 15, ABalappaaa, 3715, 0, 0, 0, , 0, 0, 0, 0, 0, 
346, 1, 346, 347, -1, 92, 269, 19.0, 19, Cppppa, 13663, 0, 0, 0, , 0, 0, 0, 0, 0, 
347, 1, 347, 348, -1, 103, 304, 15.0, 19, Cppppp, 7442, 0, 0, 0, , 0, 0, 0, 0, 0, 
348, 1, 348, 349, -1, 275, 165, 18.0, 15, ABalaapapp, 6668, 0, 0, 0, , 0, 0, 0, 0, 0, 
349, 1, 349, 350, -1, 171, 229, 34.0, 19, ABarpppapa, 1891, 0, 0, 0, , 0, 0, 0, 0, 0, 
350, 1, 350, 351, -1, 212, 242, 20.0, 21, Earpa, 10287, 0, 0, 0, , 0, 0, 0, 0, 0, 
351, 1, 351, 352, -1, 118, 311, 21.0, 15, Eplpp, 5167, 0, 0, 0, , 0, 0, 0, 0, 0, 
352, 1, 223, 353, -1, 229, 203, 27.0, 15, MSppappp, 4685, 0, 0, 0, , 0, 0, 0, 0, 0, 
353, 1, 353, 354, -1, 121, 255, 33.0, 19, Cpaaap, 2158, 0, 0, 0, , 0, 0, 0, 0, 0, 
354, 1, 354, 355, -1, 186, 295, 34.0, 17, ABarppaapa, 3148, 0, 0, 0, , 0, 0, 0, 0, 0, 
355, 0, 355, -1, -1, 117, 278, 23.0, 17, , 3369, 0, 0, 0, , 0, 0, 0, 0, 0, 
356, 1, 358, 357, -1, 100, 276, 31.0, 17, Cpaapa, 4104, 0, 0, 0, , 0, 0, 0, 0, 0, 
357, 1, 357, 358, -1, 210, 239, 34.0, 17, ABarpaappa, 1672, 0, 0, 0, , 0, 0, 0, 0, 0, 
358, 1, 359, 359, -1, 152, 255, 32.0, 17, Cpaaaa, 4427, 0, 0, 0, , 0, 0, 0, 0, 0, 
359, 1, 360, 360, -1, 127, 298, 33.0, 15, Caaaap, 0, 0, 0, 0, , 0, 0, 0, 0, 0, 
