1, 1, 1, 1, -1, 311, 202, 18.0, 15, ABaraappaa, 6115, 0, 0, 0, , 0, 0, 0, 0, 0, 
2, 1, 2, 2, -1, 292, 213, 18.0, 15, ABaraappap, 7472, 0, 0, 0, , 0, 0, 0, 0, 0, 
3, 1, 3, 3, -1, 273, 222, 18.0, 17, ABaraapppa, 7103, 0, 0, 0, , 0, 0, 0, 0, 0, 
4, 1, 4, 4, -1, 249, 220, 18.0, 15, ABaraapppp, 7625, 0, 0, 0, , 0, 0, 0, 0, 0, 
5, 1, 5, 5, -1, 274, 258, 23.0, 15, ABaraapapp, 7981, 0, 0, 0, , 0, 0, 0, 0, 0, 
6, 1, 6, 6, -1, 293, 246, 19.0, 19, ABaraapapa, 9926, 0, 0, 0, , 0, 0, 0, 0, 0, 
7, 1, 7, 7, -1, 331, 225, 18.0, 17, ABaraapaaa, 8652, 0, 0, 0, , 0, 0, 0, 0, 0, 
8, 1, 8, 8, -1, 307, 231, 18.0, 17, ABaraapaap, 8652, 0, 0, 0, , 0, 0, 0, 0, 0, 
9, 1, 9, 9, -1, 301, 189, 12.0, 15, ABaraaappa, 5864, 0, 0, 0, , 0, 0, 0, 0, 0, 
10, 1, 10, 10, -1, 281, 200, 11.0, 15, ABaraaappp, 6495, 0, 0, 0, , 0, 0, 0, 0, 0, 
11, 1, 11, 11, -1, 327, 212, 12.0, 15, ABaraaapaa, 7039, 0, 0, 0, , 0, 0, 0, 0, 0, 
12, 1, 12, 12, -1, 306, 208, 13.0, 15, ABaraaapap, 6377, 0, 0, 0, , 0, 0, 0, 0, 0, 
13, 1, 13, 13, -1, 344, 210, 14.0, 15, ABaraaaaaa, 6534, 0, 0, 0, , 0, 0, 0, 0, 0, 
14, 1, 14, 14, -1, 321, 192, 14.0, 15, ABaraaaaap, 6436, 0, 0, 0, , 0, 0, 0, 0, 0, 
15, 1, 15, 15, -1, 319, 220, 22.0, 17, ABaraaaapp, 5744, 0, 0, 0, , 0, 0, 0, 0, 0, 
16, 1, 16, 16, -1, 331, 202, 18.0, 15, ABaraaaapa, 5054, 0, 0, 0, , 0, 0, 0, 0, 0, 
17, 1, 17, 17, -1, 242, 252, 10.0, 17, ABarapapap, 8580, 0, 0, 0, , 0, 0, 0, 0, 0, 
18, 1, 18, 18, -1, 261, 240, 11.0, 15, ABarapapaa, 6499, 0, 0, 0, , 0, 0, 0, 0, 0, 
19, 1, 19, 19, -1, 223, 260, 13.0, 17, ABarapappp, 9490, 0, 0, 0, , 0, 0, 0, 0, 0, 
20, 1, 20, 20, -1, 244, 235, 13.0, 17, ABarapappa, 7487, 0, 0, 0, , 0, 0, 0, 0, 0, 
21, 1, 21, 21, -1, 278, 239, 10.0, 15, ABarapaaap, 6690, 0, 0, 0, , 0, 0, 0, 0, 0, 
22, 1, 22, 22, -1, 294, 227, 10.0, 17, ABarapaaaa, 7780, 0, 0, 0, , 0, 0, 0, 0, 0, 
23, 1, 23, 23, -1, 288, 216, 12.0, 15, ABarapaapa, 7988, 0, 0, 0, , 0, 0, 0, 0, 0, 
24, 1, 24, 24, -1, 270, 228, 14.0, 17, ABarapaapp, 9932, 0, 0, 0, , 0, 0, 0, 0, 0, 
25, 1, 25, 25, -1, 246, 208, 11.0, 15, ABarapppap, 5991, 0, 0, 0, , 0, 0, 0, 0, 0, 
26, 1, 26, 26, -1, 267, 194, 11.0, 17, ABarapppaa, 7908, 0, 0, 0, , 0, 0, 0, 0, 0, 
27, 1, 27, 27, -1, 236, 195, 12.0, 15, ABarappppa, 6913, 0, 0, 0, , 0, 0, 0, 0, 0, 
28, 1, 28, 28, -1, 216, 194, 12.0, 15, ABarappppp, 6962, 0, 0, 0, , 0, 0, 0, 0, 0, 
29, 1, 29, 29, -1, 264, 218, 10.0, 15, ABarappaaa, 7746, 0, 0, 0, , 0, 0, 0, 0, 0, 
30, 1, 30, 30, -1, 240, 230, 10.0, 15, ABarappaap, 6687, 0, 0, 0, , 0, 0, 0, 0, 0, 
31, 1, 31, 31, -1, 224, 215, 10.0, 17, ABarappapa, 8287, 0, 0, 0, , 0, 0, 0, 0, 0, 
32, 1, 32, 32, -1, 199, 225, 10.0, 15, ABarappapp, 7855, 0, 0, 0, , 0, 0, 0, 0, 0, 
33, 1, 33, 33, -1, 212, 194, 34.0, 17, ABarpapppa, 5929, 0, 0, 0, , 0, 0, 0, 0, 0, 
34, 1, 34, 34, -1, 195, 194, 32.0, 19, ABarpapppp, 6210, 0, 0, 0, , 0, 0, 0, 0, 0, 
35, 1, 35, 35, -1, 231, 194, 33.0, 17, ABarpappap, 4302, 0, 0, 0, , 0, 0, 0, 0, 0, 
36, 1, 36, 36, -1, 294, 188, 35.0, 17, ABarpapaaa, 6312, 0, 0, 0, , 0, 0, 0, 0, 0, 
37, 1, 37, 37, -1, 271, 185, 34.0, 17, ABarpapaap, 7902, 0, 0, 0, , 0, 0, 0, 0, 0, 
38, 1, 38, 38, -1, 246, 214, 32.0, 15, ABarpapapp, 6629, 0, 0, 0, , 0, 0, 0, 0, 0, 
39, 1, 39, 39, -1, 268, 207, 33.0, 17, ABarpapapa, 5460, 0, 0, 0, , 0, 0, 0, 0, 0, 
40, 1, 40, 40, -1, 198, 272, 34.0, 17, ABarpaappp, 3120, 0, 0, 0, , 0, 0, 0, 0, 0, 
41, 1, 41, 41, -1, 256, 230, 34.0, 15, ABarpaapaa, 4608, 0, 0, 0, , 0, 0, 0, 0, 0, 
42, 1, 42, 42, -1, 235, 234, 34.0, 17, ABarpaapap, 4828, 0, 0, 0, , 0, 0, 0, 0, 0, 
43, 1, 43, 43, -1, 322, 196, 33.0, 17, ABarpaaaaa, 7624, 0, 0, 0, , 0, 0, 0, 0, 0, 
44, 1, 44, 44, -1, 307, 224, 35.0, 15, ABarpaaaap, 6270, 0, 0, 0, , 0, 0, 0, 0, 0, 
45, 1, 45, 45, -1, 273, 225, 35.0, 15, ABarpaaapp, 5189, 0, 0, 0, , 0, 0, 0, 0, 0, 
46, 1, 46, 46, -1, 295, 210, 33.0, 15, ABarpaaapa, 6009, 0, 0, 0, , 0, 0, 0, 0, 0, 
47, 1, 47, 47, -1, 208, 307, 33.0, 15, ABarppaaap, 4031, 0, 0, 0, , 0, 0, 0, 0, 0, 
48, 1, 48, 48, -1, 219, 285, 35.0, 15, ABarppaaaa, 3629, 0, 0, 0, , 0, 0, 0, 0, 0, 
49, 1, 49, 49, -1, 162, 323, 34.0, 15, ABarppaapp, 4671, 0, 0, 0, , 0, 0, 0, 0, 0, 
50, 1, 50, 50, -1, 144, 332, 32.0, 17, ABarppappa, 5971, 0, 0, 0, , 0, 0, 0, 0, 0, 
51, 1, 51, 51, -1, 117, 344, 26.0, 17, ABarppappp, 6073, 0, 0, 0, , 0, 0, 0, 0, 0, 
52, 1, 52, 52, -1, 174, 343, 31.0, 17, ABarppapap, 6186, 0, 0, 0, , 0, 0, 0, 0, 0, 
53, 1, 53, 53, -1, 200, 333, 34.0, 17, ABarppapaa, 5200, 0, 0, 0, , 0, 0, 0, 0, 0, 
54, 1, 54, 54, -1, 86, 268, 25.0, 17, ABarpppppp, 5490, 0, 0, 0, , 0, 0, 0, 0, 0, 
55, 1, 55, 55, -1, 107, 244, 30.0, 17, ABarpppppa, 4784, 0, 0, 0, , 0, 0, 0, 0, 0, 
56, 1, 56, 56, -1, 152, 207, 29.0, 17, ABarppppaa, 5747, 0, 0, 0, , 0, 0, 0, 0, 0, 
57, 1, 57, 57, -1, 124, 220, 27.0, 17, ABarppppap, 5426, 0, 0, 0, , 0, 0, 0, 0, 0, 
58, 1, 58, 58, -1, 173, 207, 33.0, 19, ABarpppaap, 5591, 0, 0, 0, , 0, 0, 0, 0, 0, 
59, 1, 59, 59, -1, 194, 212, 36.0, 15, ABarpppaaa, 3840, 0, 0, 0, , 0, 0, 0, 0, 0, 
60, 1, 60, 60, -1, 278, 185, 29.0, 15, ABalappppa, 5125, 0, 0, 0, , 0, 0, 0, 0, 0, 
61, 1, 61, 61, -1, 251, 189, 31.0, 15, ABalappppp, 5163, 0, 0, 0, , 0, 0, 0, 0, 0, 
62, 1, 62, 62, -1, 322, 192, 28.0, 15, ABalapppaa, 5463, 0, 0, 0, , 0, 0, 0, 0, 0, 
63, 1, 63, 63, -1, 301, 189, 30.0, 15, ABalapppap, 4958, 0, 0, 0, , 0, 0, 0, 0, 0, 
64, 1, 64, 64, -1, 337, 175, 26.0, 15, ABalappapa, 4092, 0, 0, 0, , 0, 0, 0, 0, 0, 
65, 1, 65, 65, -1, 338, 200, 26.0, 15, ABalappaap, 5520, 0, 0, 0, , 0, 0, 0, 0, 0, 
66, 1, 66, 66, -1, 320, 175, 27.0, 17, ABalappapp, 6198, 0, 0, 0, , 0, 0, 0, 0, 0, 
67, 1, 67, 67, -1, 296, 261, 32.0, 17, ABalapappp, 6661, 0, 0, 0, , 0, 0, 0, 0, 0, 
68, 1, 68, 68, -1, 321, 257, 29.0, 19, ABalapappa, 6631, 0, 0, 0, , 0, 0, 0, 0, 0, 
69, 1, 69, 69, -1, 336, 214, 30.0, 15, ABalapapaa, 4543, 0, 0, 0, , 0, 0, 0, 0, 0, 
70, 1, 70, 70, -1, 327, 231, 31.0, 17, ABalapapap, 7240, 0, 0, 0, , 0, 0, 0, 0, 0, 
71, 1, 71, 71, -1, 357, 229, 25.0, 15, ABalapaaaa, 5191, 0, 0, 0, , 0, 0, 0, 0, 0, 
72, 1, 72, 72, -1, 342, 236, 27.0, 17, ABalapaaap, 6931, 0, 0, 0, , 0, 0, 0, 0, 0, 
73, 1, 73, 73, -1, 346, 249, 24.0, 17, ABalapaapa, 5561, 0, 0, 0, , 0, 0, 0, 0, 0, 
74, 1, 74, 74, -1, 334, 258, 25.0, 17, ABalapaapp, 6611, 0, 0, 0, , 0, 0, 0, 0, 0, 
75, 1, 75, 75, -1, 317, 174, 17.0, 15, ABalaapaaa, 6166, 0, 0, 0, , 0, 0, 0, 0, 0, 
76, 1, 76, 76, -1, 276, 176, 13.0, 15, ABalaapapa, 4634, 0, 0, 0, , 0, 0, 0, 0, 0, 
77, 1, 77, 77, -1, 297, 171, 14.0, 15, ABalaapaap, 5167, 0, 0, 0, , 0, 0, 0, 0, 0, 
78, 1, 78, 78, -1, 294, 177, 20.0, 17, ABalaappap, 6281, 0, 0, 0, , 0, 0, 0, 0, 0, 
79, 1, 79, 79, -1, 306, 163, 19.0, 15, ABalaappaa, 4149, 0, 0, 0, , 0, 0, 0, 0, 0, 
80, 1, 80, 80, -1, 292, 173, 26.0, 19, ABalaapppp, 11770, 0, 0, 0, , 0, 0, 0, 0, 0, 
81, 1, 81, 81, -1, 313, 177, 23.0, 17, ABalaapppa, 5406, 0, 0, 0, , 0, 0, 0, 0, 0, 
82, 1, 82, 82, -1, 343, 261, 16.0, 17, ABalaaaalp, 7302, 0, 0, 0, , 0, 0, 0, 0, 0, 
83, 1, 83, 83, -1, 334, 185, 17.0, 15, ABalaaaarr, 5159, 0, 0, 0, , 0, 0, 0, 0, 0, 
84, 1, 84, 84, -1, 353, 212, 18.0, 17, ABalaaaarl, 6135, 0, 0, 0, , 0, 0, 0, 0, 0, 
85, 1, 85, 85, -1, 340, 183, 22.0, 15, ABalaaappl, 5542, 0, 0, 0, , 0, 0, 0, 0, 0, 
86, 1, 86, 86, -1, 323, 173, 21.0, 17, ABalaaappr, 6202, 0, 0, 0, , 0, 0, 0, 0, 0, 
87, 1, 87, 87, -1, 353, 202, 22.0, 17, ABalaaapar, 4943, 0, 0, 0, , 0, 0, 0, 0, 0, 
88, 1, 88, 88, -1, 356, 221, 22.0, 15, ABalaaapal, 6595, 0, 0, 0, , 0, 0, 0, 0, 0, 
89, 1, 89, 89, -1, 172, 326, 11.0, 15, ABplppppap, 6591, 0, 0, 0, , 0, 0, 0, 0, 0, 
90, 1, 90, 90, -1, 192, 320, 12.0, 15, ABplppppaa, 6210, 0, 0, 0, , 0, 0, 0, 0, 0, 
91, 1, 91, 91, -1, 136, 313, 11.0, 15, ABplpppppp, 6530, 0, 0, 0, , 0, 0, 0, 0, 0, 
92, 1, 92, 92, -1, 155, 311, 12.0, 15, ABplpppppa, 6461, 0, 0, 0, , 0, 0, 0, 0, 0, 
93, 1, 93, 93, -1, 134, 335, 11.0, 13, ABplpppapp, 4639, 0, 0, 0, , 0, 0, 0, 0, 0, 
94, 1, 94, 94, -1, 149, 341, 12.0, 19, ABplpppapa, 7428, 0, 0, 0, , 0, 0, 0, 0, 0, 
95, 1, 95, 95, -1, 172, 344, 14.0, 15, ABplpppaap, 6492, 0, 0, 0, , 0, 0, 0, 0, 0, 
96, 1, 96, 96, -1, 190, 335, 14.0, 15, ABplpppaaa, 5128, 0, 0, 0, , 0, 0, 0, 0, 0, 
97, 1, 97, 97, -1, 191, 345, 17.0, 15, ABplppappp, 6075, 0, 0, 0, , 0, 0, 0, 0, 0, 
98, 1, 98, 98, -1, 211, 345, 18.0, 15, ABplppappa, 6354, 0, 0, 0, , 0, 0, 0, 0, 0, 
99, 1, 99, 99, -1, 246, 330, 17.0, 15, ABplppapaa, 5116, 0, 0, 0, , 0, 0, 0, 0, 0, 
100, 1, 100, 100, -1, 230, 343, 17.0, 15, ABplppapap, 5490, 0, 0, 0, , 0, 0, 0, 0, 0, 
101, 1, 101, 101, -1, 210, 336, 13.0, 15, ABplppaapp, 5437, 0, 0, 0, , 0, 0, 0, 0, 0, 
102, 1, 102, 102, -1, 266, 321, 18.0, 17, ABplppaaaa, 6278, 0, 0, 0, , 0, 0, 0, 0, 0, 
103, 1, 103, 103, -1, 263, 336, 19.0, 13, ABplppaaap, 6393, 0, 0, 0, , 0, 0, 0, 0, 0, 
104, 1, 104, 104, -1, 232, 283, 10.0, 23, ABplpappaa, 28895, 0, 0, 0, , 0, 0, 0, 0, 0, 
105, 1, 105, 105, -1, 209, 285, 9.0, 13, ABplpappap, 6053, 0, 0, 0, , 0, 0, 0, 0, 0, 
106, 1, 106, 106, -1, 171, 302, 10.0, 15, ABplpapppp, 7038, 0, 0, 0, , 0, 0, 0, 0, 0, 
107, 1, 107, 107, -1, 195, 299, 10.0, 17, ABplpapppa, 6807, 0, 0, 0, , 0, 0, 0, 0, 0, 
108, 1, 108, 108, -1, 215, 317, 11.0, 17, ABplpapapp, 5496, 0, 0, 0, , 0, 0, 0, 0, 0, 
109, 1, 109, 109, -1, 236, 314, 12.0, 17, ABplpapapa, 7424, 0, 0, 0, , 0, 0, 0, 0, 0, 
110, 1, 110, 110, -1, 244, 310, 15.0, 17, ABplpapaap, 6899, 0, 0, 0, , 0, 0, 0, 0, 0, 
111, 1, 111, 111, -1, 260, 305, 14.0, 15, ABplpapaaa, 5252, 0, 0, 0, , 0, 0, 0, 0, 0, 
112, 1, 112, 112, -1, 285, 305, 18.0, 15, ABplpaaaap, 8023, 0, 0, 0, , 0, 0, 0, 0, 0, 
113, 1, 113, 113, -1, 305, 293, 18.0, 15, ABplpaaaaa, 9004, 0, 0, 0, , 0, 0, 0, 0, 0, 
114, 1, 114, 114, -1, 303, 313, 19.0, 15, ABplpaaapa, 6554, 0, 0, 0, , 0, 0, 0, 0, 0, 
115, 1, 115, 115, -1, 285, 322, 20.0, 15, ABplpaaapp, 7899, 0, 0, 0, , 0, 0, 0, 0, 0, 
116, 1, 116, 116, -1, 275, 326, 26.0, 15, ABplpaappa, 6953, 0, 0, 0, , 0, 0, 0, 0, 0, 
117, 1, 117, 117, -1, 263, 337, 22.0, 15, ABplpaappp, 7049, 0, 0, 0, , 0, 0, 0, 0, 0, 
118, 1, 118, 118, -1, 310, 299, 22.0, 15, ABplpaapaa, 5793, 0, 0, 0, , 0, 0, 0, 0, 0, 
119, 1, 119, 119, -1, 293, 317, 24.0, 17, ABplpaapap, 6308, 0, 0, 0, , 0, 0, 0, 0, 0, 
120, 1, 120, 120, -1, 262, 315, 32.0, 19, ABplaappap, 8523, 0, 0, 0, , 0, 0, 0, 0, 0, 
121, 1, 121, 121, -1, 289, 308, 33.0, 15, ABplaappaa, 6078, 0, 0, 0, , 0, 0, 0, 0, 0, 
122, 1, 122, 122, -1, 253, 331, 27.0, 17, ABplaapppa, 7763, 0, 0, 0, , 0, 0, 0, 0, 0, 
123, 1, 123, 123, -1, 233, 344, 26.0, 17, ABplaapppp, 8412, 0, 0, 0, , 0, 0, 0, 0, 0, 
124, 1, 124, 124, -1, 334, 265, 32.0, 15, ABplaapaaa, 6935, 0, 0, 0, , 0, 0, 0, 0, 0, 
125, 1, 125, 125, -1, 313, 273, 35.0, 17, ABplaapaap, 8730, 0, 0, 0, , 0, 0, 0, 0, 0, 
126, 1, 126, 126, -1, 277, 287, 33.0, 19, ABplaapapp, 8281, 0, 0, 0, , 0, 0, 0, 0, 0, 
127, 1, 127, 127, -1, 304, 292, 33.0, 15, ABplaapapa, 6416, 0, 0, 0, , 0, 0, 0, 0, 0, 
128, 1, 128, 128, -1, 310, 245, 34.0, 15, ABplaaaaap, 6295, 0, 0, 0, , 0, 0, 0, 0, 0, 
129, 1, 129, 129, -1, 329, 239, 35.0, 15, ABplaaaaaa, 6245, 0, 0, 0, , 0, 0, 0, 0, 0, 
130, 1, 130, 130, -1, 271, 249, 33.0, 15, ABplaaaapp, 6433, 0, 0, 0, , 0, 0, 0, 0, 0, 
131, 1, 131, 131, -1, 291, 235, 34.0, 15, ABplaaaapa, 6126, 0, 0, 0, , 0, 0, 0, 0, 0, 
132, 1, 132, 132, -1, 235, 293, 34.0, 17, ABplaaappp, 4742, 0, 0, 0, , 0, 0, 0, 0, 0, 
133, 1, 133, 133, -1, 252, 276, 33.0, 15, ABplaaappa, 5068, 0, 0, 0, , 0, 0, 0, 0, 0, 
134, 1, 134, 134, -1, 270, 268, 34.0, 15, ABplaaapap, 5083, 0, 0, 0, , 0, 0, 0, 0, 0, 
135, 1, 135, 135, -1, 289, 261, 35.0, 15, ABplaaapaa, 5385, 0, 0, 0, , 0, 0, 0, 0, 0, 
136, 1, 136, 136, -1, 132, 362, 17.0, 15, ABplappppa, 6082, 0, 0, 0, , 0, 0, 0, 0, 0, 
137, 1, 137, 137, -1, 114, 345, 14.0, 17, ABplappppp, 5657, 0, 0, 0, , 0, 0, 0, 0, 0, 
138, 1, 138, 138, -1, 174, 351, 19.0, 15, ABplapppaa, 5887, 0, 0, 0, , 0, 0, 0, 0, 0, 
139, 1, 139, 139, -1, 153, 354, 17.0, 15, ABplapppap, 6128, 0, 0, 0, , 0, 0, 0, 0, 0, 
140, 1, 140, 140, -1, 212, 352, 24.0, 19, ABplappaaa, 7722, 0, 0, 0, , 0, 0, 0, 0, 0, 
141, 1, 141, 141, -1, 188, 357, 23.0, 17, ABplappaap, 7831, 0, 0, 0, , 0, 0, 0, 0, 0, 
142, 1, 142, 142, -1, 161, 357, 24.0, 17, ABplappapp, 7438, 0, 0, 0, , 0, 0, 0, 0, 0, 
143, 1, 143, 143, -1, 170, 353, 28.0, 19, ABplappapa, 7923, 0, 0, 0, , 0, 0, 0, 0, 0, 
144, 1, 144, 144, -1, 198, 351, 29.0, 17, ABplapaapp, 7942, 0, 0, 0, , 0, 0, 0, 0, 0, 
145, 1, 145, 145, -1, 218, 336, 31.0, 15, ABplapaapa, 5972, 0, 0, 0, , 0, 0, 0, 0, 0, 
146, 1, 146, 146, -1, 242, 306, 31.0, 15, ABplapaaaa, 6136, 0, 0, 0, , 0, 0, 0, 0, 0, 
147, 1, 147, 147, -1, 224, 316, 31.0, 15, ABplapaaap, 6774, 0, 0, 0, , 0, 0, 0, 0, 0, 
148, 1, 148, 148, -1, 108, 355, 19.0, 17, ABplapappp, 6851, 0, 0, 0, , 0, 0, 0, 0, 0, 
149, 1, 149, 149, -1, 136, 362, 25.0, 17, ABplapapap, 7295, 0, 0, 0, , 0, 0, 0, 0, 0, 
150, 1, 150, 150, -1, 123, 361, 22.0, 19, ABplapappa, 10020, 0, 0, 0, , 0, 0, 0, 0, 0, 
151, 1, 151, 151, -1, 141, 352, 30.0, 17, ABplapapaa, 7959, 0, 0, 0, , 0, 0, 0, 0, 0, 
152, 1, 152, 152, -1, 207, 213, 13.0, 15, ABprpapaaa, 6697, 0, 0, 0, , 0, 0, 0, 0, 0, 
153, 1, 153, 153, -1, 190, 211, 12.0, 15, ABprpapaap, 5255, 0, 0, 0, , 0, 0, 0, 0, 0, 
154, 1, 154, 154, -1, 164, 244, 10.0, 17, ABprpapapp, 5890, 0, 0, 0, , 0, 0, 0, 0, 0, 
155, 1, 155, 155, -1, 183, 235, 10.0, 17, ABprpapapa, 6225, 0, 0, 0, , 0, 0, 0, 0, 0, 
156, 1, 156, 156, -1, 147, 285, 10.0, 17, ABprpapppp, 8567, 0, 0, 0, , 0, 0, 0, 0, 0, 
157, 1, 157, 157, -1, 172, 270, 9.0, 17, ABprpapppa, 8778, 0, 0, 0, , 0, 0, 0, 0, 0, 
158, 1, 158, 158, -1, 198, 262, 10.0, 19, ABprpappap, 6884, 0, 0, 0, , 0, 0, 0, 0, 0, 
159, 1, 159, 159, -1, 211, 243, 10.0, 17, ABprpappaa, 6237, 0, 0, 0, , 0, 0, 0, 0, 0, 
160, 1, 160, 160, -1, 257, 183, 14.0, 17, ABprpaaaaa, 7342, 0, 0, 0, , 0, 0, 0, 0, 0, 
161, 1, 161, 161, -1, 240, 176, 12.0, 15, ABprpaaaap, 7683, 0, 0, 0, , 0, 0, 0, 0, 0, 
162, 1, 162, 162, -1, 209, 178, 16.0, 17, ABprpaaapp, 7637, 0, 0, 0, , 0, 0, 0, 0, 0, 
163, 1, 163, 163, -1, 227, 177, 15.0, 15, ABprpaaapa, 5924, 0, 0, 0, , 0, 0, 0, 0, 0, 
164, 1, 164, 164, -1, 246, 168, 17.0, 15, ABprpaapaa, 6759, 0, 0, 0, , 0, 0, 0, 0, 0, 
165, 1, 165, 165, -1, 220, 165, 18.0, 17, ABprpaapap, 7495, 0, 0, 0, , 0, 0, 0, 0, 0, 
166, 1, 166, 166, -1, 187, 176, 16.0, 15, ABprpaappp, 6556, 0, 0, 0, , 0, 0, 0, 0, 0, 
167, 1, 167, 167, -1, 205, 177, 20.0, 15, ABprpaappa, 7037, 0, 0, 0, , 0, 0, 0, 0, 0, 
168, 1, 168, 168, -1, 113, 249, 11.0, 15, ABprpppaap, 6596, 0, 0, 0, , 0, 0, 0, 0, 0, 
169, 1, 169, 169, -1, 133, 235, 11.0, 15, ABprpppaaa, 6328, 0, 0, 0, , 0, 0, 0, 0, 0, 
170, 1, 170, 170, -1, 104, 268, 11.0, 17, ABprpppapa, 7078, 0, 0, 0, , 0, 0, 0, 0, 0, 
171, 1, 171, 171, -1, 101, 293, 10.0, 13, ABprpppapp, 6014, 0, 0, 0, , 0, 0, 0, 0, 0, 
172, 1, 172, 172, -1, 135, 261, 11.0, 17, ABprppppap, 6828, 0, 0, 0, , 0, 0, 0, 0, 0, 
173, 1, 173, 173, -1, 148, 248, 11.0, 15, ABprppppaa, 5361, 0, 0, 0, , 0, 0, 0, 0, 0, 
174, 1, 174, 174, -1, 130, 299, 13.0, 15, ABprpppppp, 6545, 0, 0, 0, , 0, 0, 0, 0, 0, 
175, 1, 175, 175, -1, 122, 283, 11.0, 17, ABprpppppa, 7115, 0, 0, 0, , 0, 0, 0, 0, 0, 
176, 1, 176, 176, -1, 166, 224, 12.0, 15, ABprppaapa, 5369, 0, 0, 0, , 0, 0, 0, 0, 0, 
177, 1, 177, 177, -1, 151, 226, 11.0, 15, ABprppaapp, 6502, 0, 0, 0, , 0, 0, 0, 0, 0, 
178, 1, 178, 178, -1, 199, 186, 12.0, 17, ABprppaaaa, 6767, 0, 0, 0, , 0, 0, 0, 0, 0, 
179, 1, 179, 179, -1, 181, 184, 12.0, 13, ABprppaaap, 5811, 0, 0, 0, , 0, 0, 0, 0, 0, 
180, 1, 180, 180, -1, 176, 199, 13.0, 15, ABprppapaa, 5958, 0, 0, 0, , 0, 0, 0, 0, 0, 
181, 1, 181, 181, -1, 157, 203, 13.0, 15, ABprppapap, 6127, 0, 0, 0, , 0, 0, 0, 0, 0, 
182, 1, 182, 182, -1, 122, 226, 13.0, 15, ABprppappp, 6124, 0, 0, 0, , 0, 0, 0, 0, 0, 
183, 1, 183, 183, -1, 138, 213, 13.0, 15, ABprppappa, 5210, 0, 0, 0, , 0, 0, 0, 0, 0, 
184, 1, 184, 184, -1, 289, 170, 30.0, 17, ABpraapaaa, 6631, 0, 0, 0, , 0, 0, 0, 0, 0, 
185, 1, 185, 185, -1, 264, 169, 30.0, 15, ABpraapaap, 8397, 0, 0, 0, , 0, 0, 0, 0, 0, 
186, 1, 186, 186, -1, 240, 169, 30.0, 17, ABpraapapa, 7771, 0, 0, 0, , 0, 0, 0, 0, 0, 
187, 1, 187, 187, -1, 221, 177, 30.0, 17, ABpraapapp, 7569, 0, 0, 0, , 0, 0, 0, 0, 0, 
188, 1, 188, 188, -1, 150, 193, 18.0, 15, ABpraapppp, 6727, 0, 0, 0, , 0, 0, 0, 0, 0, 
189, 1, 189, 189, -1, 177, 182, 21.0, 17, ABpraapppa, 7349, 0, 0, 0, , 0, 0, 0, 0, 0, 
190, 1, 190, 190, -1, 194, 175, 25.0, 17, ABpraappap, 8196, 0, 0, 0, , 0, 0, 0, 0, 0, 
191, 1, 191, 191, -1, 217, 162, 24.0, 15, ABpraappaa, 5621, 0, 0, 0, , 0, 0, 0, 0, 0, 
192, 1, 192, 192, -1, 259, 169, 26.0, 19, ABpraaapap, 6693, 0, 0, 0, , 0, 0, 0, 0, 0, 
193, 1, 193, 193, -1, 274, 175, 25.0, 15, ABpraaapaa, 5881, 0, 0, 0, , 0, 0, 0, 0, 0, 
194, 1, 194, 194, -1, 243, 174, 26.0, 15, ABpraaappa, 6037, 0, 0, 0, , 0, 0, 0, 0, 0, 
195, 1, 195, 195, -1, 221, 178, 24.0, 19, ABpraaappp, 8777, 0, 0, 0, , 0, 0, 0, 0, 0, 
196, 1, 196, 196, -1, 268, 158, 24.0, 15, ABpraaaaap, 6860, 0, 0, 0, , 0, 0, 0, 0, 0, 
197, 1, 197, 197, -1, 285, 160, 22.0, 15, ABpraaaaaa, 6312, 0, 0, 0, , 0, 0, 0, 0, 0, 
198, 1, 198, 198, -1, 261, 161, 20.0, 15, ABpraaaapa, 6273, 0, 0, 0, , 0, 0, 0, 0, 0, 
199, 1, 199, 199, -1, 239, 159, 22.0, 15, ABpraaaapp, 7045, 0, 0, 0, , 0, 0, 0, 0, 0, 
200, 1, 200, 200, -1, 96, 232, 20.0, 15, ABprappapp, 6674, 0, 0, 0, , 0, 0, 0, 0, 0, 
201, 1, 201, 201, -1, 114, 220, 23.0, 15, ABprappapa, 6528, 0, 0, 0, , 0, 0, 0, 0, 0, 
202, 1, 202, 202, -1, 117, 220, 18.0, 17, ABprappaap, 7129, 0, 0, 0, , 0, 0, 0, 0, 0, 
203, 1, 203, 203, -1, 133, 204, 17.0, 17, ABprappaaa, 7394, 0, 0, 0, , 0, 0, 0, 0, 0, 
204, 1, 204, 204, -1, 106, 232, 14.0, 15, ABprapppaa, 5547, 0, 0, 0, , 0, 0, 0, 0, 0, 
205, 1, 205, 205, -1, 96, 250, 14.0, 15, ABprapppap, 4968, 0, 0, 0, , 0, 0, 0, 0, 0, 
206, 1, 206, 206, -1, 82, 283, 12.0, 17, ABprappppp, 6463, 0, 0, 0, , 0, 0, 0, 0, 0, 
207, 1, 207, 207, -1, 83, 260, 13.0, 15, ABprappppa, 6225, 0, 0, 0, , 0, 0, 0, 0, 0, 
208, 1, 208, 208, -1, 169, 203, 27.0, 15, ABprapaaap, 5556, 0, 0, 0, , 0, 0, 0, 0, 0, 
209, 1, 209, 209, -1, 186, 194, 28.0, 15, ABprapaaaa, 5964, 0, 0, 0, , 0, 0, 0, 0, 0, 
210, 1, 210, 210, -1, 140, 203, 23.0, 15, ABprapaapp, 6924, 0, 0, 0, , 0, 0, 0, 0, 0, 
211, 1, 211, 211, -1, 159, 195, 24.0, 15, ABprapaapa, 7361, 0, 0, 0, , 0, 0, 0, 0, 0, 
212, 1, 212, 212, -1, 72, 255, 18.0, 17, ABprapappa, 6850, 0, 0, 0, , 0, 0, 0, 0, 0, 
213, 1, 213, 213, -1, 68, 274, 16.0, 15, ABprapappp, 6237, 0, 0, 0, , 0, 0, 0, 0, 0, 
214, 1, 214, 214, -1, 79, 252, 22.0, 17, ABprapapap, 6834, 0, 0, 0, , 0, 0, 0, 0, 0, 
215, 1, 215, 215, -1, 95, 241, 26.0, 17, ABprapapaa, 8104, 0, 0, 0, , 0, 0, 0, 0, 0, 
216, 1, 216, 216, -1, 220, 196, 20.0, 15, MSppppa, 6629, 0, 0, 0, , 0, 0, 0, 0, 0, 
217, 1, 217, 217, -1, 198, 213, 26.0, 19, MSppppp, 7751, 0, 0, 0, , 0, 0, 0, 0, 0, 
218, 1, 218, 218, -1, 228, 216, 16.0, 15, MSpppaa, 9124, 0, 0, 0, , 0, 0, 0, 0, 0, 
219, 1, 219, 219, -1, 205, 213, 17.0, 19, MSpppap, 7373, 0, 0, 0, , 0, 0, 0, 0, 0, 
220, 1, 220, 220, -1, 251, 198, 17.0, 19, MSppaap, 6976, 0, 0, 0, , 0, 0, 0, 0, 0, 
221, 1, 221, 221, -1, 288, 185, 16.0, 15, MSppaaaa, 4617, 0, 0, 0, , 0, 0, 0, 0, 0, 
222, 1, 222, 222, -1, 271, 191, 19.0, 15, MSppaaap, 5539, 0, 0, 0, , 0, 0, 0, 0, 0, 
223, 1, 223, 223, -1, 243, 191, 24.0, 15, MSppappa, 4859, 0, 0, 0, , 0, 0, 0, 0, 0, 
224, 1, 224, 224, -1, 258, 180, 20.0, 15, MSppapaa, 3965, 0, 0, 0, , 0, 0, 0, 0, 0, 
225, 1, 225, 225, -1, 241, 192, 20.0, 15, MSppapap, 5587, 0, 0, 0, , 0, 0, 0, 0, 0, 
226, 1, 226, 226, -1, 202, 261, 15.0, 15, MSpapapp, 5984, 0, 0, 0, , 0, 0, 0, 0, 0, 
227, 1, 227, 227, -1, 216, 241, 15.0, 15, MSpapapa, 5917, 0, 0, 0, , 0, 0, 0, 0, 0, 
228, 1, 228, 228, -1, 259, 244, 17.0, 17, MSpapaaa, 6284, 0, 0, 0, , 0, 0, 0, 0, 0, 
229, 1, 229, 229, -1, 235, 244, 18.0, 17, MSpapaap, 6990, 0, 0, 0, , 0, 0, 0, 0, 0, 
230, 1, 230, 230, -1, 189, 286, 13.0, 19, MSpappa, 5832, 0, 0, 0, , 0, 0, 0, 0, 0, 
231, 1, 231, 231, -1, 176, 258, 14.0, 23, MSpappp, 36850, 0, 0, 0, , 0, 0, 0, 0, 0, 
232, 1, 232, 232, -1, 268, 219, 28.0, 19, MSpaaapp, 9021, 0, 0, 0, , 0, 0, 0, 0, 0, 
233, 1, 233, 233, -1, 290, 205, 27.0, 15, MSpaaapa, 6096, 0, 0, 0, , 0, 0, 0, 0, 0, 
234, 1, 234, 234, -1, 303, 206, 23.0, 15, MSpaaaap, 6669, 0, 0, 0, , 0, 0, 0, 0, 0, 
235, 1, 235, 235, -1, 322, 194, 21.0, 15, MSpaaaaa, 4940, 0, 0, 0, , 0, 0, 0, 0, 0, 
236, 1, 236, 236, -1, 260, 210, 22.0, 19, MSpaapap, 7103, 0, 0, 0, , 0, 0, 0, 0, 0, 
237, 1, 237, 237, -1, 285, 199, 22.0, 15, MSpaapaa, 5887, 0, 0, 0, , 0, 0, 0, 0, 0, 
238, 1, 238, 238, -1, 207, 240, 26.0, 19, Earap, 9097, 0, 0, 0, , 0, 0, 0, 0, 0, 
239, 1, 239, 239, -1, 259, 302, 24.0, 19, MSapppa, 8062, 0, 0, 0, , 0, 0, 0, 0, 0, 
240, 1, 240, 240, -1, 226, 300, 27.0, 19, MSapppp, 8834, 0, 0, 0, , 0, 0, 0, 0, 0, 
241, 1, 241, 241, -1, 254, 287, 21.0, 17, MSappaa, 8254, 0, 0, 0, , 0, 0, 0, 0, 0, 
242, 1, 242, 242, -1, 245, 307, 20.0, 19, MSappap, 7299, 0, 0, 0, , 0, 0, 0, 0, 0, 
243, 1, 243, 243, -1, 283, 276, 28.0, 15, MSapappa, 5254, 0, 0, 0, , 0, 0, 0, 0, 0, 
244, 1, 244, 244, -1, 251, 282, 28.0, 15, MSapappp, 4780, 0, 0, 0, , 0, 0, 0, 0, 0, 
245, 1, 245, 245, -1, 279, 284, 24.0, 17, MSapapap, 6320, 0, 0, 0, , 0, 0, 0, 0, 0, 
246, 1, 246, 246, -1, 306, 272, 24.0, 15, MSapapaa, 5334, 0, 0, 0, , 0, 0, 0, 0, 0, 
247, 1, 247, 247, -1, 290, 278, 20.0, 19, MSapaap, 6644, 0, 0, 0, , 0, 0, 0, 0, 0, 
248, 1, 248, 248, -1, 336, 250, 20.0, 15, MSapaaaa, 4670, 0, 0, 0, , 0, 0, 0, 0, 0, 
249, 1, 249, 249, -1, 313, 259, 21.0, 15, MSapaaap, 5553, 0, 0, 0, , 0, 0, 0, 0, 0, 
250, 1, 250, 250, -1, 320, 219, 26.0, 17, MSaaaaap, 7293, 0, 0, 0, , 0, 0, 0, 0, 0, 
251, 1, 251, 251, -1, 338, 214, 22.0, 15, MSaaaaaa, 4103, 0, 0, 0, , 0, 0, 0, 0, 0, 
252, 1, 252, 252, -1, 305, 221, 29.0, 15, MSaaaapa, 6322, 0, 0, 0, , 0, 0, 0, 0, 0, 
253, 1, 253, 253, -1, 283, 237, 29.0, 15, MSaaaapp, 6770, 0, 0, 0, , 0, 0, 0, 0, 0, 
254, 1, 254, 254, -1, 286, 243, 25.0, 15, MSaaapap, 5828, 0, 0, 0, , 0, 0, 0, 0, 0, 
255, 1, 255, 255, -1, 307, 240, 25.0, 19, MSaaapaa, 7562, 0, 0, 0, , 0, 0, 0, 0, 0, 
256, 1, 256, 256, -1, 265, 244, 26.0, 17, MSaaapp, 8161, 0, 0, 0, , 0, 0, 0, 0, 0, 
257, 1, 257, 257, -1, 209, 308, 15.0, 23, MSaappp, 35749, 0, 0, 0, , 0, 0, 0, 0, 0, 
258, 1, 258, 258, -1, 213, 289, 13.0, 17, MSaappa, 7555, 0, 0, 0, , 0, 0, 0, 0, 0, 
259, 1, 259, 259, -1, 270, 267, 19.0, 17, MSaapaaa, 6295, 0, 0, 0, , 0, 0, 0, 0, 0, 
260, 1, 260, 260, -1, 227, 282, 17.0, 17, MSaapapp, 5318, 0, 0, 0, , 0, 0, 0, 0, 0, 
261, 1, 261, 261, -1, 249, 270, 17.0, 15, MSaapapa, 4477, 0, 0, 0, , 0, 0, 0, 0, 0, 
262, 1, 262, 262, -1, 228, 276, 23.0, 19, Ealpa, 10427, 0, 0, 0, , 0, 0, 0, 0, 0, 
263, 1, 263, 263, -1, 195, 282, 23.0, 19, Ealpp, 10644, 0, 0, 0, , 0, 0, 0, 0, 0, 
264, 1, 264, 264, -1, 141, 304, 26.0, 19, Eplpa, 7768, 0, 0, 0, , 0, 0, 0, 0, 0, 
265, 1, 265, 265, -1, 139, 341, 21.0, 19, Cappap, 6425, 0, 0, 0, , 0, 0, 0, 0, 0, 
266, 1, 266, 266, -1, 161, 324, 22.0, 17, Cappaa, 6342, 0, 0, 0, , 0, 0, 0, 0, 0, 
267, 1, 267, 267, -1, 130, 338, 19.0, 15, Capppa, 5074, 0, 0, 0, , 0, 0, 0, 0, 0, 
268, 1, 268, 268, -1, 123, 323, 13.0, 13, Capppp, 3323, 0, 0, 0, , 0, 0, 0, 0, 0, 
269, 1, 269, 269, -1, 156, 328, 17.0, 21, Capap, 42836, 0, 0, 0, , 0, 0, 0, 0, 0, 
270, 1, 270, 270, 271, 177, 312, 19.0, 21, Capaa, 15598, 0, 0, 0, , 0, 0, 0, 0, 0, 
271, 1, 272, 272, -1, 88, 330, 26.0, 21, Caaapp, 6721, 0, 0, 0, , 0, 0, 0, 0, 0, 
272, 1, 273, 273, -1, 91, 336, 15.0, 17, Caappd, 6847, 0, 0, 0, , 0, 0, 0, 0, 0, 
273, 1, 274, 274, -1, 92, 321, 11.0, 17, Caappv, 4548, 0, 0, 0, , 0, 0, 0, 0, 0, 
274, 1, 275, 275, -1, 98, 318, 12.0, 21, Caapa, 7357, 0, 0, 0, , 0, 0, 0, 0, 0, 
275, 1, 276, 276, -1, 71, 299, 17.0, 17, Cpappd, 6442, 0, 0, 0, , 0, 0, 0, 0, 0, 
276, 1, 277, 277, -1, 78, 308, 12.0, 17, Cpappv, 6915, 0, 0, 0, , 0, 0, 0, 0, 0, 
277, 1, 278, 278, -1, 77, 322, 19.0, 17, Cpapaa, 8424, 0, 0, 0, , 0, 0, 0, 0, 0, 
278, 1, 279, 279, -1, 83, 297, 27.0, 21, Cpaapp, 30136, 0, 0, 0, , 0, 0, 0, 0, 0, 
279, 1, 280, 280, -1, 149, 276, 14.0, 17, Cppaap, 5924, 0, 0, 0, , 0, 0, 0, 0, 0, 
280, 1, 281, 281, -1, 159, 236, 17.0, 19, Cppaaa, 6336, 0, 0, 0, , 0, 0, 0, 0, 0, 
281, 1, 282, 282, -1, 137, 251, 18.0, 19, Cppapa, 8565, 0, 0, 0, , 0, 0, 0, 0, 0, 
282, 1, 283, 283, -1, 126, 278, 15.0, 19, Cppapp, 6021, 0, 0, 0, , 0, 0, 0, 0, 0, 
283, 1, 284, 284, -1, 126, 241, 22.0, 17, Cpppaa, 8527, 0, 0, 0, , 0, 0, 0, 0, 0, 
284, 1, 285, 285, -1, 110, 257, 19.0, 17, Cpppap, 6409, 0, 0, 0, , 0, 0, 0, 0, 0, 
285, 1, 286, 286, -1, 214, 315, 20.0, 19, Daap, 10076, 0, 0, 0, , 0, 0, 0, 0, 0, 
286, 1, 287, 287, -1, 232, 316, 24.0, 19, Daaa, 9522, 0, 0, 0, , 0, 0, 0, 0, 0, 
287, 1, 288, 288, -1, 194, 326, 23.0, 19, Dapp, 11818, 0, 0, 0, , 0, 0, 0, 0, 0, 
288, 1, 289, 289, -1, 186, 228, 17.0, 19, Dpap, 8290, 0, 0, 0, , 0, 0, 0, 0, 0, 
289, 1, 290, 290, -1, 194, 203, 20.0, 19, Dpaa, 8488, 0, 0, 0, , 0, 0, 0, 0, 0, 
290, 1, 291, 291, -1, 151, 233, 23.0, 21, Dppp, 18444, 0, 0, 0, , 0, 0, 0, 0, 0, 
291, 1, 292, 292, -1, 168, 215, 20.0, 17, Dppa, 9001, 0, 0, 0, , 0, 0, 0, 0, 0, 
292, 1, 293, 293, -1, 190, 282, 16.0, 17, Z3, 12616, 0, 0, 0, , 0, 0, 0, 0, 0, 
293, 1, 294, 294, -1, 152, 285, 18.0, 23, Z2, 31292, 0, 0, 0, , 0, 0, 0, 0, 0, 
294, 0, 295, -1, -1, 381, 243, 24.0, 15, , 9026, 0, 0, 0, , 0, 0, 0, 0, 0, 
295, 1, 296, 296, -1, 319, 301, 28.0, 17, ABalpppapp, 7378, 0, 0, 0, , 0, 0, 0, 0, 0, 
296, 1, 297, 297, -1, 300, 299, 27.0, 17, ABalpppppa, 6747, 0, 0, 0, , 0, 0, 0, 0, 0, 
297, 1, 298, 298, -1, 278, 305, 29.0, 19, ABalpppppp, 7908, 0, 0, 0, , 0, 0, 0, 0, 0, 
298, 1, 299, 299, -1, 312, 281, 30.0, 17, ABalppppap, 8252, 0, 0, 0, , 0, 0, 0, 0, 0, 
299, 1, 300, 300, -1, 327, 276, 25.0, 15, ABalppppaa, 6036, 0, 0, 0, , 0, 0, 0, 0, 0, 
300, 1, 301, 301, -1, 345, 281, 23.0, 15, ABalpppaaa, 6131, 0, 0, 0, , 0, 0, 0, 0, 0, 
301, 1, 302, 302, -1, 341, 280, 29.0, 17, ABalpppaap, 6809, 0, 0, 0, , 0, 0, 0, 0, 0, 
302, 1, 303, 303, -1, 327, 296, 24.0, 15, ABalpppapa, 6392, 0, 0, 0, , 0, 0, 0, 0, 0, 
303, 1, 304, 304, -1, 359, 253, 21.0, 13, ABalppaaaa, 5931, 0, 0, 0, , 0, 0, 0, 0, 0, 
304, 1, 305, 305, -1, 352, 267, 21.0, 15, ABalppaaap, 6387, 0, 0, 0, , 0, 0, 0, 0, 0, 
305, 1, 306, 306, -1, 329, 292, 20.0, 15, ABalppaapp, 4906, 0, 0, 0, , 0, 0, 0, 0, 0, 
306, 1, 307, 307, -1, 337, 281, 18.0, 13, ABalppaapa, 5257, 0, 0, 0, , 0, 0, 0, 0, 0, 
307, 1, 308, 308, -1, 278, 311, 13.0, 17, ABalppappp, 7708, 0, 0, 0, , 0, 0, 0, 0, 0, 
308, 1, 309, 309, -1, 299, 298, 14.0, 19, ABalppappa, 7207, 0, 0, 0, , 0, 0, 0, 0, 0, 
309, 1, 310, 310, -1, 303, 283, 13.0, 15, ABalppapap, 5981, 0, 0, 0, , 0, 0, 0, 0, 0, 
310, 1, 311, 311, -1, 319, 277, 12.0, 15, ABalppapaa, 6795, 0, 0, 0, , 0, 0, 0, 0, 0, 
311, 1, 312, 312, -1, 289, 289, 10.0, 19, ABalpapapa, 7813, 0, 0, 0, , 0, 0, 0, 0, 0, 
312, 1, 313, 313, -1, 267, 297, 10.0, 17, ABalpapapp, 8707, 0, 0, 0, , 0, 0, 0, 0, 0, 
313, 1, 314, 314, -1, 292, 271, 11.0, 15, ABalpapaap, 6736, 0, 0, 0, , 0, 0, 0, 0, 0, 
314, 1, 315, 315, -1, 305, 257, 10.0, 17, ABalpapaaa, 8126, 0, 0, 0, , 0, 0, 0, 0, 0, 
315, 1, 316, 316, -1, 267, 265, 12.0, 19, ABalpappap, 11585, 0, 0, 0, , 0, 0, 0, 0, 0, 
316, 1, 317, 317, -1, 283, 254, 11.0, 15, ABalpappaa, 6982, 0, 0, 0, , 0, 0, 0, 0, 0, 
317, 1, 318, 318, -1, 249, 279, 14.0, 19, ABalpapppp, 13020, 0, 0, 0, , 0, 0, 0, 0, 0, 
318, 1, 319, 319, -1, 277, 273, 16.0, 19, ABalpapppa, 9919, 0, 0, 0, , 0, 0, 0, 0, 0, 
319, 1, 320, 320, -1, 293, 258, 17.0, 15, ABalpaaapp, 6674, 0, 0, 0, , 0, 0, 0, 0, 0, 
320, 1, 321, 321, -1, 300, 246, 14.0, 15, ABalpaaapa, 5789, 0, 0, 0, , 0, 0, 0, 0, 0, 
321, 1, 322, 322, -1, 310, 240, 10.0, 15, ABalpaaaap, 5734, 0, 0, 0, , 0, 0, 0, 0, 0, 
322, 1, 323, 323, -1, 339, 241, 11.0, 17, ABalpaaaaa, 7753, 0, 0, 0, , 0, 0, 0, 0, 0, 
323, 1, 324, 324, -1, 310, 266, 15.0, 15, ABalpaappp, 6459, 0, 0, 0, , 0, 0, 0, 0, 0, 
324, 1, 325, 325, -1, 332, 260, 13.0, 15, ABalpaappa, 7202, 0, 0, 0, , 0, 0, 0, 0, 0, 
325, 1, 326, 326, -1, 322, 239, 14.0, 21, ABalpaapap, 8226, 0, 0, 0, , 0, 0, 0, 0, 0, 
326, 1, 327, 327, -1, 340, 228, 15.0, 15, ABalpaapaa, 4813, 0, 0, 0, , 0, 0, 0, 0, 0, 
327, 1, 328, 328, -1, 177, 241, 25.0, 19, Epraa, 10149, 0, 0, 0, , 0, 0, 0, 0, 0, 
328, 1, 329, 329, -1, 146, 258, 24.0, 19, Eprap, 8867, 0, 0, 0, , 0, 0, 0, 0, 0, 
329, 1, 330, 330, -1, 228, 223, 21.0, 13, MSpaapp, 4288, 0, 0, 0, , 0, 0, 0, 0, 0, 
330, 1, 331, 331, -1, 171, 257, 21.0, 19, Earpp, 10817, 0, 0, 0, , 0, 0, 0, 0, 0, 
331, 1, 332, 332, -1, 209, 265, 29.0, 21, Ealap, 8743, 0, 0, 0, , 0, 0, 0, 0, 0, 
332, 1, 333, 333, -1, 246, 256, 28.0, 21, Ealaa, 33323, 0, 0, 0, , 0, 0, 0, 0, 0, 
333, 1, 334, 334, -1, 185, 279, 30.0, 19, Eplaa, 17806, 0, 0, 0, , 0, 0, 0, 0, 0, 
334, 1, 335, 335, -1, 164, 301, 26.0, 19, Eplap, 13110, 0, 0, 0, , 0, 0, 0, 0, 0, 
335, 1, 336, 336, -1, 114, 286, 20.0, 17, Eprpp, 6586, 0, 0, 0, , 0, 0, 0, 0, 0, 
336, 1, 337, 337, -1, 198, 323, 28.0, 21, Dapa, 8870, 0, 0, 0, , 0, 0, 0, 0, 0, 
337, 1, 338, 338, -1, 248, 260, 22.0, 19, MSaapaap, 8410, 0, 0, 0, , 0, 0, 0, 0, 0, 
338, 1, 339, 339, -1, 136, 232, 31.0, 15, ABarpppapp, 5589, 0, 0, 0, , 0, 0, 0, 0, 0, 
339, 1, 340, 361, -1, 154, 293, 34.0, 17, Caaaaa, 1744, 0, 0, 0, , 0, 0, 0, 0, 0, 
340, 1, 341, 340, -1, 231, 333, 13.0, 15, ABplppaapa, 6540, 0, 0, 0, , 0, 0, 0, 0, 0, 
341, 1, 342, 341, -1, 69, 299, 23.0, 17, Cpapap, 6720, 0, 0, 0, , 0, 0, 0, 0, 0, 
342, 1, 343, 342, -1, 245, 227, 24.0, 19, Earaa, 12676, 0, 0, 0, , 0, 0, 0, 0, 0, 
343, 1, 344, 343, -1, 353, 241, 18.0, 15, ABalaaaala, 6390, 0, 0, 0, , 0, 0, 0, 0, 0, 
344, 1, 345, 344, -1, 247, 190, 35.0, 13, ABarpappaa, 6205, 0, 0, 0, , 0, 0, 0, 0, 0, 
345, 1, 346, 345, -1, 351, 193, 25.0, 15, ABalappaaa, 4430, 0, 0, 0, , 0, 0, 0, 0, 0, 
346, 1, 347, 346, -1, 91, 266, 18.0, 17, Cppppa, 7340, 0, 0, 0, , 0, 0, 0, 0, 0, 
347, 1, 348, 347, -1, 102, 302, 15.0, 19, Cppppp, 8489, 0, 0, 0, , 0, 0, 0, 0, 0, 
348, 1, 349, 348, -1, 275, 166, 18.0, 15, ABalaapapp, 6561, 0, 0, 0, , 0, 0, 0, 0, 0, 
349, 1, 350, 349, -1, 170, 230, 34.0, 19, ABarpppapa, 1891, 0, 0, 0, , 0, 0, 0, 0, 0, 
350, 1, 351, 350, -1, 213, 241, 21.0, 19, Earpa, 9504, 0, 0, 0, , 0, 0, 0, 0, 0, 
351, 1, 352, 351, -1, 122, 315, 20.0, 19, Eplpp, 8949, 0, 0, 0, , 0, 0, 0, 0, 0, 
352, 1, 353, 352, -1, 225, 205, 27.0, 15, MSppappp, 4611, 0, 0, 0, , 0, 0, 0, 0, 0, 
353, 1, 354, 353, -1, 120, 255, 32.0, 19, Cpaaap, 2282, 0, 0, 0, , 0, 0, 0, 0, 0, 
354, 1, 355, 354, -1, 187, 297, 34.0, 17, ABarppaapa, 1822, 0, 0, 0, , 0, 0, 0, 0, 0, 
355, 1, 336, 355, -1, 127, 275, 25.0, 15, Eprpa, 5856, 0, 0, 0, , 0, 0, 0, 0, 0, 
356, 1, 357, 358, -1, 101, 277, 31.0, 17, Cpaapa, 3693, 0, 0, 0, , 0, 0, 0, 0, 0, 
357, 1, 358, 356, -1, 212, 241, 33.0, 15, ABarpaappa, 3119, 0, 0, 0, , 0, 0, 0, 0, 0, 
358, 1, 359, 357, -1, 151, 253, 33.0, 19, Cpaaaa, 1949, 0, 0, 0, , 0, 0, 0, 0, 0, 
359, 1, 271, 359, -1, 109, 322, 33.0, 17, Caaapa, 1856, 0, 0, 0, , 0, 0, 0, 0, 0, 
360, 1, 360, 360, -1, 126, 299, 33.0, 15, Caaaap, 0, 0, 0, 0, , 0, 0, 0, 0, 0, 
