1, 1, 1, 1, -1, 311, 203, 23.0, 17, ABaraappaa, 9567, 0, 0, 0, , 0, 0, 0, 0, 0, 
2, 1, 2, 2, -1, 278, 220, 23.0, 15, ABaraappapp, 6857, 0, 0, 0, , 0, 0, 0, 0, 0, 
3, 1, 3, 3, -1, 300, 211, 22.0, 15, ABaraappapa, 5627, 0, 0, 0, , 0, 0, 0, 0, 0, 
4, 1, 4, 4, -1, 254, 231, 21.0, 13, ABaraapppap, 7642, 0, 0, 0, , 0, 0, 0, 0, 0, 
5, 1, 5, 5, -1, 272, 223, 19.0, 15, ABaraapppaa, 5268, 0, 0, 0, , 0, 0, 0, 0, 0, 
6, 1, 6, 6, -1, 238, 225, 20.0, 17, ABaraapppp, 8646, 0, 0, 0, , 0, 0, 0, 0, 0, 
7, 1, 7, 7, -1, 264, 269, 22.0, 15, ABaraapapp, 13152, 0, 0, 0, , 0, 0, 0, 0, 0, 
8, 1, 8, 8, -1, 268, 252, 22.0, 15, ABaraapapap, 6737, 0, 0, 0, , 0, 0, 0, 0, 0, 
9, 1, 9, 9, -1, 285, 244, 21.0, 15, ABaraapapaa, 8052, 0, 0, 0, , 0, 0, 0, 0, 0, 
10, 1, 10, 10, -1, 329, 222, 23.0, 15, ABaraapaaa, 9468, 0, 0, 0, , 0, 0, 0, 0, 0, 
11, 1, 11, 11, -1, 297, 240, 25.0, 15, ABaraapaapp, 7182, 0, 0, 0, , 0, 0, 0, 0, 0, 
12, 1, 12, 12, -1, 313, 226, 23.0, 13, ABaraapaapa, 5540, 0, 0, 0, , 0, 0, 0, 0, 0, 
13, 1, 13, 13, -1, 308, 209, 11.0, 17, ABaraaappa, 9182, 0, 0, 0, , 0, 0, 0, 0, 0, 
14, 1, 14, 14, -1, 288, 204, 9.0, 17, ABaraaappp, 8293, 0, 0, 0, , 0, 0, 0, 0, 0, 
15, 1, 15, 15, -1, 317, 209, 18.0, 15, ABaraaapaa, 8465, 0, 0, 0, , 0, 0, 0, 0, 0, 
16, 1, 16, 16, -1, 301, 219, 18.0, 15, ABaraaapapa, 3678, 0, 0, 0, , 0, 0, 0, 0, 0, 
17, 1, 17, 17, -1, 288, 226, 19.0, 13, ABaraaapapp, 4192, 0, 0, 0, , 0, 0, 0, 0, 0, 
18, 1, 18, 18, -1, 326, 230, 16.0, 17, ABaraaaaaa, 6987, 0, 0, 0, , 0, 0, 0, 0, 0, 
19, 1, 19, 19, -1, 313, 209, 14.0, 17, ABaraaaaap, 10571, 0, 0, 0, , 0, 0, 0, 0, 0, 
20, 1, 20, 20, -1, 324, 230, 26.0, 13, ABaraaaapp, 6046, 0, 0, 0, , 0, 0, 0, 0, 0, 
21, 1, 21, 21, -1, 333, 204, 19.0, 15, ABaraaaapa, 5627, 0, 0, 0, , 0, 0, 0, 0, 0, 
22, 1, 22, 22, -1, 243, 251, 12.0, 15, ABarapapapp, 6046, 0, 0, 0, , 0, 0, 0, 0, 0, 
23, 1, 23, 23, -1, 263, 237, 11.0, 13, ABarapapapa, 7045, 0, 0, 0, , 0, 0, 0, 0, 0, 
24, 1, 24, 24, -1, 272, 225, 14.0, 15, ABarapapaa, 6890, 0, 0, 0, , 0, 0, 0, 0, 0, 
25, 1, 25, 25, -1, 216, 239, 13.0, 19, ABarapapppp, 6771, 0, 0, 0, , 0, 0, 0, 0, 0, 
26, 1, 26, 26, -1, 236, 237, 14.0, 15, ABarapapppa, 5354, 0, 0, 0, , 0, 0, 0, 0, 0, 
27, 1, 27, 27, -1, 251, 233, 15.0, 17, ABarapappa, 9629, 0, 0, 0, , 0, 0, 0, 0, 0, 
28, 1, 28, 28, -1, 286, 238, 11.0, 15, ABarapaaap, 13465, 0, 0, 0, , 0, 0, 0, 0, 0, 
29, 1, 29, 29, -1, 298, 223, 12.0, 15, ABarapaaaa, 9518, 0, 0, 0, , 0, 0, 0, 0, 0, 
30, 1, 30, 30, -1, 289, 221, 15.0, 19, ABarapaapa, 12851, 0, 0, 0, , 0, 0, 0, 0, 0, 
31, 1, 31, 31, -1, 250, 227, 17.0, 15, ABarapaappp, 9128, 0, 0, 0, , 0, 0, 0, 0, 0, 
32, 1, 32, 32, -1, 271, 237, 17.0, 15, ABarapaappa, 6357, 0, 0, 0, , 0, 0, 0, 0, 0, 
33, 1, 33, 33, -1, 256, 209, 11.0, 17, ABarapppap, 18296, 0, 0, 0, , 0, 0, 0, 0, 0, 
34, 1, 34, 34, -1, 279, 189, 10.0, 17, ABarapppaa, 8892, 0, 0, 0, , 0, 0, 0, 0, 0, 
35, 1, 35, 35, -1, 264, 193, 13.0, 17, ABarappppa, 9264, 0, 0, 0, , 0, 0, 0, 0, 0, 
36, 1, 36, 36, -1, 242, 197, 11.0, 15, ABarapppppa, 5759, 0, 0, 0, , 0, 0, 0, 0, 0, 
37, 1, 37, 37, -1, 216, 202, 12.0, 13, ABarapppppp, 4508, 0, 0, 0, , 0, 0, 0, 0, 0, 
38, 1, 38, 38, -1, 271, 218, 10.0, 17, ABarappaaa, 10675, 0, 0, 0, , 0, 0, 0, 0, 0, 
39, 1, 39, 39, -1, 241, 228, 10.0, 15, ABarappaap, 9052, 0, 0, 0, , 0, 0, 0, 0, 0, 
40, 1, 40, 40, -1, 229, 214, 11.0, 19, ABarappapa, 11648, 0, 0, 0, , 0, 0, 0, 0, 0, 
41, 1, 41, 41, -1, 197, 214, 10.0, 19, ABarappapp, 10447, 0, 0, 0, , 0, 0, 0, 0, 0, 
42, 1, 42, 42, -1, 223, 180, 32.0, 15, ABarpapppa, 6194, 0, 0, 0, , 0, 0, 0, 0, 0, 
43, 1, 43, 43, -1, 215, 192, 34.0, 17, ABarpapppp, 4316, 0, 0, 0, , 0, 0, 0, 0, 0, 
44, 1, 44, 44, -1, 249, 179, 32.0, 17, ABarpappap, 3309, 0, 0, 0, , 0, 0, 0, 0, 0, 
45, 1, 45, 45, -1, 295, 188, 35.0, 17, ABarpapaaa, 7039, 0, 0, 0, , 0, 0, 0, 0, 0, 
46, 1, 46, 46, -1, 281, 199, 32.0, 17, ABarpapaap, 13407, 0, 0, 0, , 0, 0, 0, 0, 0, 
47, 1, 47, 47, -1, 234, 216, 34.0, 15, ABarpapapp, 7457, 0, 0, 0, , 0, 0, 0, 0, 0, 
48, 1, 48, 48, -1, 267, 214, 34.0, 15, ABarpapapa, 5708, 0, 0, 0, , 0, 0, 0, 0, 0, 
49, 1, 49, 49, -1, 211, 276, 34.0, 17, ABarpaappp, 5186, 0, 0, 0, , 0, 0, 0, 0, 0, 
50, 1, 50, 50, -1, 252, 219, 34.0, 13, ABarpaapaa, 3571, 0, 0, 0, , 0, 0, 0, 0, 0, 
51, 1, 51, 51, -1, 239, 254, 33.0, 15, ABarpaapap, 4616, 0, 0, 0, , 0, 0, 0, 0, 0, 
52, 1, 52, 52, -1, 327, 207, 33.0, 17, ABarpaaaaa, 7013, 0, 0, 0, , 0, 0, 0, 0, 0, 
53, 1, 53, 53, -1, 297, 233, 36.0, 17, ABarpaaaap, 13774, 0, 0, 0, , 0, 0, 0, 0, 0, 
54, 1, 54, 54, -1, 271, 236, 35.0, 13, ABarpaaapp, 3441, 0, 0, 0, , 0, 0, 0, 0, 0, 
55, 1, 55, 55, -1, 291, 212, 35.0, 17, ABarpaaapa, 7550, 0, 0, 0, , 0, 0, 0, 0, 0, 
56, 1, 56, 56, -1, 227, 320, 34.0, 17, ABarppaaap, 6353, 0, 0, 0, , 0, 0, 0, 0, 0, 
57, 1, 57, 57, -1, 231, 294, 35.0, 13, ABarppaaaa, 3744, 0, 0, 0, , 0, 0, 0, 0, 0, 
58, 1, 58, 58, -1, 173, 333, 34.0, 15, ABarppaapp, 5072, 0, 0, 0, , 0, 0, 0, 0, 0, 
59, 1, 59, 59, -1, 138, 351, 30.0, 17, ABarppappa, 6070, 0, 0, 0, , 0, 0, 0, 0, 0, 
60, 1, 60, 60, -1, 108, 358, 22.0, 17, ABarppappp, 6424, 0, 0, 0, , 0, 0, 0, 0, 0, 
61, 1, 61, 61, -1, 187, 347, 32.0, 19, ABarppapap, 7827, 0, 0, 0, , 0, 0, 0, 0, 0, 
62, 1, 62, 62, -1, 211, 337, 33.0, 15, ABarppapaa, 6013, 0, 0, 0, , 0, 0, 0, 0, 0, 
63, 1, 63, 63, -1, 69, 265, 21.0, 17, ABarpppppp, 4686, 0, 0, 0, , 0, 0, 0, 0, 0, 
64, 1, 64, 64, -1, 99, 246, 29.0, 17, ABarpppppa, 6055, 0, 0, 0, , 0, 0, 0, 0, 0, 
65, 1, 65, 65, -1, 159, 198, 30.0, 17, ABarppppaa, 6447, 0, 0, 0, , 0, 0, 0, 0, 0, 
66, 1, 66, 66, -1, 131, 212, 30.0, 15, ABarppppap, 5814, 0, 0, 0, , 0, 0, 0, 0, 0, 
67, 1, 67, 67, -1, 184, 197, 34.0, 17, ABarpppaap, 5742, 0, 0, 0, , 0, 0, 0, 0, 0, 
68, 1, 68, 68, -1, 202, 213, 34.0, 15, ABarpppaaa, 4323, 0, 0, 0, , 0, 0, 0, 0, 0, 
69, 1, 69, 69, -1, 313, 183, 26.0, 13, ABalappppaa, 2869, 0, 0, 0, , 0, 0, 0, 0, 0, 
70, 1, 70, 70, -1, 292, 181, 28.0, 13, ABalappppap, 2633, 0, 0, 0, , 0, 0, 0, 0, 0, 
71, 1, 71, 71, -1, 283, 176, 33.0, 13, ABalapppppa, 2480, 0, 0, 0, , 0, 0, 0, 0, 0, 
72, 1, 71, 72, -1, 272, 178, 33.0, 13, ABalapppppp, 2786, 0, 0, 0, , 0, 0, 0, 0, 0, 
73, 1, 72, 73, -1, 331, 191, 27.0, 17, ABalapppaa, 6742, 0, 0, 0, , 0, 0, 0, 0, 0, 
74, 1, 73, 74, -1, 322, 189, 31.0, 15, ABalapppapa, 3353, 0, 0, 0, , 0, 0, 0, 0, 0, 
75, 1, 74, 75, -1, 299, 203, 33.0, 13, ABalapppapp, 2777, 0, 0, 0, , 0, 0, 0, 0, 0, 
76, 1, 75, 76, -1, 317, 175, 23.0, 15, ABalappapa, 5021, 0, 0, 0, , 0, 0, 0, 0, 0, 
77, 1, 76, 77, -1, 345, 217, 27.0, 17, ABalappaap, 4732, 0, 0, 0, , 0, 0, 0, 0, 0, 
78, 1, 77, 78, -1, 302, 165, 26.0, 17, ABalappapp, 4940, 0, 0, 0, , 0, 0, 0, 0, 0, 
79, 1, 78, 79, -1, 308, 262, 34.0, 13, ABalapappp, 2956, 0, 0, 0, , 0, 0, 0, 0, 0, 
80, 1, 79, 80, -1, 338, 243, 28.0, 15, ABalapappaa, 4238, 0, 0, 0, , 0, 0, 0, 0, 0, 
81, 1, 80, 81, -1, 319, 256, 30.0, 13, ABalapappap, 3834, 0, 0, 0, , 0, 0, 0, 0, 0, 
82, 1, 81, 82, -1, 326, 224, 34.0, 15, ABalapapaa, 5561, 0, 0, 0, , 0, 0, 0, 0, 0, 
83, 1, 82, 83, -1, 324, 234, 33.0, 15, ABalapapap, 5998, 0, 0, 0, , 0, 0, 0, 0, 0, 
84, 1, 83, 84, -1, 350, 238, 25.0, 15, ABalapaaaa, 7215, 0, 0, 0, , 0, 0, 0, 0, 0, 
85, 1, 84, 85, -1, 342, 264, 30.0, 17, ABalapaaap, 7527, 0, 0, 0, , 0, 0, 0, 0, 0, 
86, 1, 85, 86, -1, 351, 256, 24.0, 15, ABalapaappa, 4372, 0, 0, 0, , 0, 0, 0, 0, 0, 
87, 1, 86, 87, -1, 341, 252, 21.0, 17, ABalapaapa, 6716, 0, 0, 0, , 0, 0, 0, 0, 0, 
88, 1, 87, 88, -1, 342, 275, 25.0, 15, ABalapaappp, 6260, 0, 0, 0, , 0, 0, 0, 0, 0, 
89, 1, 88, 89, -1, 310, 185, 15.0, 15, ABalaapaaa, 8235, 0, 0, 0, , 0, 0, 0, 0, 0, 
90, 1, 89, 90, -1, 254, 179, 10.0, 15, ABalaapapa, 6238, 0, 0, 0, , 0, 0, 0, 0, 0, 
91, 1, 90, 91, -1, 296, 184, 12.0, 15, ABalaapaap, 6862, 0, 0, 0, , 0, 0, 0, 0, 0, 
92, 1, 91, 92, -1, 284, 185, 16.0, 15, ABalaappap, 5566, 0, 0, 0, , 0, 0, 0, 0, 0, 
93, 1, 92, 93, -1, 290, 171, 15.0, 15, ABalaappaa, 5149, 0, 0, 0, , 0, 0, 0, 0, 0, 
94, 1, 93, 94, -1, 296, 172, 23.0, 19, ABalaapppp, 9146, 0, 0, 0, , 0, 0, 0, 0, 0, 
95, 1, 94, 95, -1, 292, 187, 20.0, 17, ABalaapppa, 7026, 0, 0, 0, , 0, 0, 0, 0, 0, 
96, 1, 95, 96, -1, 345, 261, 14.0, 17, ABalaaaalp, 8119, 0, 0, 0, , 0, 0, 0, 0, 0, 
97, 1, 96, 97, -1, 329, 190, 17.0, 15, ABalaaaarr, 7433, 0, 0, 0, , 0, 0, 0, 0, 0, 
98, 1, 97, 98, -1, 349, 214, 18.0, 16, ABalaaaarl, 6898, 0, 0, 0, , 0, 0, 0, 0, 0, 
99, 1, 98, 99, -1, 333, 185, 22.0, 15, ABalaaappl, 7031, 0, 0, 0, , 0, 0, 0, 0, 0, 
100, 1, 99, 100, -1, 313, 179, 19.0, 17, ABalaaappr, 8261, 0, 0, 0, , 0, 0, 0, 0, 0, 
101, 1, 100, 101, -1, 350, 212, 23.0, 17, ABalaaapar, 17200, 0, 0, 0, , 0, 0, 0, 0, 0, 
102, 1, 101, 102, -1, 351, 243, 19.0, 15, ABalaaapal, 6795, 0, 0, 0, , 0, 0, 0, 0, 0, 
103, 1, 102, 103, -1, 160, 330, 11.0, 13, ABplppppapa, 4617, 0, 0, 0, , 0, 0, 0, 0, 0, 
104, 1, 103, 104, -1, 149, 308, 10.0, 13, ABplppppapp, 5476, 0, 0, 0, , 0, 0, 0, 0, 0, 
105, 1, 104, 105, -1, 185, 306, 9.0, 15, ABplppppaaa, 5811, 0, 0, 0, , 0, 0, 0, 0, 0, 
106, 1, 105, 106, -1, 169, 314, 10.0, 13, ABplppppaap, 4151, 0, 0, 0, , 0, 0, 0, 0, 0, 
107, 1, 106, 107, -1, 107, 316, 11.0, 17, ABplpppppp, 8348, 0, 0, 0, , 0, 0, 0, 0, 0, 
108, 1, 107, 108, -1, 153, 308, 13.0, 17, ABplpppppa, 7410, 0, 0, 0, , 0, 0, 0, 0, 0, 
109, 1, 108, 109, -1, 130, 313, 12.0, 13, ABplpppapp, 6970, 0, 0, 0, , 0, 0, 0, 0, 0, 
110, 1, 109, 110, -1, 142, 330, 10.0, 15, ABplpppapaa, 5439, 0, 0, 0, , 0, 0, 0, 0, 0, 
111, 1, 110, 111, -1, 150, 342, 12.0, 19, ABplpppaap, 18313, 0, 0, 0, , 0, 0, 0, 0, 0, 
112, 1, 111, 112, -1, 177, 336, 12.0, 19, ABplpppaaa, 5901, 0, 0, 0, , 0, 0, 0, 0, 0, 
113, 1, 112, 113, -1, 186, 345, 15.0, 17, ABplppappp, 8014, 0, 0, 0, , 0, 0, 0, 0, 0, 
114, 1, 113, 114, -1, 211, 338, 13.0, 15, ABplppappa, 7766, 0, 0, 0, , 0, 0, 0, 0, 0, 
115, 1, 114, 115, -1, 231, 340, 17.0, 17, ABplppapaa, 8827, 0, 0, 0, , 0, 0, 0, 0, 0, 
116, 1, 115, 116, -1, 205, 348, 18.0, 19, ABplppapap, 10010, 0, 0, 0, , 0, 0, 0, 0, 0, 
117, 1, 116, 117, -1, 200, 322, 11.0, 17, ABplppaapp, 8875, 0, 0, 0, , 0, 0, 0, 0, 0, 
118, 1, 117, 118, -1, 266, 319, 19.0, 13, ABplppaaaaa, 4912, 0, 0, 0, , 0, 0, 0, 0, 0, 
119, 1, 118, 119, -1, 248, 331, 21.0, 17, ABplppaaap, 7717, 0, 0, 0, , 0, 0, 0, 0, 0, 
120, 1, 119, 120, -1, 243, 273, 10.0, 17, ABplpappaaa, 8688, 0, 0, 0, , 0, 0, 0, 0, 0, 
121, 1, 120, 121, -1, 225, 287, 10.0, 15, ABplpappaap, 6583, 0, 0, 0, , 0, 0, 0, 0, 0, 
122, 1, 121, 122, -1, 218, 269, 11.0, 15, ABplpappap, 7991, 0, 0, 0, , 0, 0, 0, 0, 0, 
123, 1, 122, 123, -1, 165, 293, 10.0, 17, ABplpapppp, 7351, 0, 0, 0, , 0, 0, 0, 0, 0, 
124, 1, 123, 124, -1, 179, 277, 10.0, 17, ABplpapppa, 8648, 0, 0, 0, , 0, 0, 0, 0, 0, 
125, 1, 124, 125, -1, 204, 298, 10.0, 17, ABplpapapp, 8196, 0, 0, 0, , 0, 0, 0, 0, 0, 
126, 1, 125, 126, -1, 228, 310, 11.0, 17, ABplpapapa, 8246, 0, 0, 0, , 0, 0, 0, 0, 0, 
127, 1, 126, 127, -1, 250, 313, 15.0, 17, ABplpapaap, 7820, 0, 0, 0, , 0, 0, 0, 0, 0, 
128, 1, 127, 128, -1, 257, 298, 14.0, 17, ABplpapaaa, 7005, 0, 0, 0, , 0, 0, 0, 0, 0, 
129, 1, 128, 129, -1, 255, 333, 16.0, 15, ABplpaaaapp, 4994, 0, 0, 0, , 0, 0, 0, 0, 0, 
130, 1, 129, 130, -1, 270, 317, 14.0, 13, ABplpaaaapa, 4613, 0, 0, 0, , 0, 0, 0, 0, 0, 
131, 1, 130, 131, -1, 295, 293, 17.0, 19, ABplpaaaaa, 9848, 0, 0, 0, , 0, 0, 0, 0, 0, 
132, 1, 131, 132, -1, 298, 309, 18.0, 15, ABplpaaapa, 8377, 0, 0, 0, , 0, 0, 0, 0, 0, 
133, 1, 132, 133, -1, 283, 317, 16.0, 19, ABplpaaapp, 16253, 0, 0, 0, , 0, 0, 0, 0, 0, 
134, 1, 133, 134, -1, 280, 300, 24.0, 17, ABplpaappa, 9308, 0, 0, 0, , 0, 0, 0, 0, 0, 
135, 1, 134, 135, -1, 283, 323, 21.0, 17, ABplpaappp, 9154, 0, 0, 0, , 0, 0, 0, 0, 0, 
136, 1, 135, 136, -1, 299, 287, 20.0, 19, ABplpaapaa, 9681, 0, 0, 0, , 0, 0, 0, 0, 0, 
137, 1, 136, 137, -1, 298, 317, 23.0, 17, ABplpaapap, 8934, 0, 0, 0, , 0, 0, 0, 0, 0, 
138, 1, 137, 138, -1, 269, 331, 25.0, 17, ABplaappap, 5792, 0, 0, 0, , 0, 0, 0, 0, 0, 
139, 1, 138, 139, -1, 282, 324, 26.0, 13, ABplaappaa, 4997, 0, 0, 0, , 0, 0, 0, 0, 0, 
140, 1, 139, 140, -1, 256, 328, 28.0, 17, ABplaapppa, 7498, 0, 0, 0, , 0, 0, 0, 0, 0, 
141, 1, 140, 141, -1, 228, 348, 25.0, 17, ABplaapppp, 7776, 0, 0, 0, , 0, 0, 0, 0, 0, 
142, 1, 141, 142, -1, 332, 260, 34.0, 17, ABplaapaaa, 9111, 0, 0, 0, , 0, 0, 0, 0, 0, 
143, 1, 142, 143, -1, 321, 274, 32.0, 13, ABplaapaap, 4355, 0, 0, 0, , 0, 0, 0, 0, 0, 
144, 1, 143, 144, -1, 293, 299, 30.0, 15, ABplaapappp, 5279, 0, 0, 0, , 0, 0, 0, 0, 0, 
145, 1, 144, 145, -1, 306, 278, 30.0, 15, ABplaapappa, 9025, 0, 0, 0, , 0, 0, 0, 0, 0, 
146, 1, 145, 146, -1, 306, 277, 27.0, 19, ABplaapapa, 7814, 0, 0, 0, , 0, 0, 0, 0, 0, 
147, 1, 146, 147, -1, 293, 254, 33.0, 17, ABplaaaaap, 7628, 0, 0, 0, , 0, 0, 0, 0, 0, 
148, 1, 147, 148, -1, 315, 246, 36.0, 15, ABplaaaaaa, 6998, 0, 0, 0, , 0, 0, 0, 0, 0, 
149, 1, 148, 149, -1, 259, 266, 34.0, 17, ABplaaaapp, 6459, 0, 0, 0, , 0, 0, 0, 0, 0, 
150, 1, 149, 150, -1, 274, 253, 35.0, 13, ABplaaaapa, 7050, 0, 0, 0, , 0, 0, 0, 0, 0, 
151, 1, 150, 151, -1, 256, 293, 34.0, 17, ABplaaappp, 6608, 0, 0, 0, , 0, 0, 0, 0, 0, 
152, 1, 151, 152, -1, 273, 299, 34.0, 17, ABplaaappa, 6596, 0, 0, 0, , 0, 0, 0, 0, 0, 
153, 1, 152, 153, -1, 289, 288, 33.0, 17, ABplaaapap, 6603, 0, 0, 0, , 0, 0, 0, 0, 0, 
154, 1, 153, 154, -1, 298, 281, 35.0, 15, ABplaaapaa, 6334, 0, 0, 0, , 0, 0, 0, 0, 0, 
155, 1, 154, 155, -1, 122, 356, 15.0, 15, ABplappppa, 6642, 0, 0, 0, , 0, 0, 0, 0, 0, 
156, 1, 155, 156, -1, 107, 335, 12.0, 15, ABplappppp, 7431, 0, 0, 0, , 0, 0, 0, 0, 0, 
157, 1, 156, 157, -1, 132, 345, 17.0, 15, ABplapppaa, 5988, 0, 0, 0, , 0, 0, 0, 0, 0, 
158, 1, 157, 158, -1, 126, 336, 13.0, 15, ABplapppap, 6151, 0, 0, 0, , 0, 0, 0, 0, 0, 
159, 1, 158, 159, -1, 196, 357, 24.0, 15, ABplappaaa, 8243, 0, 0, 0, , 0, 0, 0, 0, 0, 
160, 1, 159, 160, -1, 176, 361, 25.0, 15, ABplappaap, 6647, 0, 0, 0, , 0, 0, 0, 0, 0, 
161, 1, 160, 161, -1, 163, 361, 22.0, 15, ABplappapp, 7571, 0, 0, 0, , 0, 0, 0, 0, 0, 
162, 1, 161, 162, -1, 162, 351, 31.0, 19, ABplappapa, 18479, 0, 0, 0, , 0, 0, 0, 0, 0, 
163, 1, 162, 163, -1, 208, 353, 28.0, 15, ABplapaapp, 8727, 0, 0, 0, , 0, 0, 0, 0, 0, 
164, 1, 163, 164, -1, 237, 338, 29.0, 15, ABplapaapa, 7062, 0, 0, 0, , 0, 0, 0, 0, 0, 
165, 1, 164, 165, -1, 244, 304, 32.0, 17, ABplapaaaa, 8890, 0, 0, 0, , 0, 0, 0, 0, 0, 
166, 1, 165, 166, -1, 244, 320, 31.0, 17, ABplapaaap, 7445, 0, 0, 0, , 0, 0, 0, 0, 0, 
167, 1, 166, 167, -1, 102, 343, 18.0, 17, ABplapappp, 8042, 0, 0, 0, , 0, 0, 0, 0, 0, 
168, 1, 167, 168, -1, 141, 369, 22.0, 17, ABplapapap, 6719, 0, 0, 0, , 0, 0, 0, 0, 0, 
169, 1, 168, 169, -1, 128, 362, 19.0, 19, ABplapappa, 8169, 0, 0, 0, , 0, 0, 0, 0, 0, 
170, 1, 169, 170, -1, 132, 358, 27.0, 19, ABplapapaa, 8245, 0, 0, 0, , 0, 0, 0, 0, 0, 
171, 1, 170, 171, -1, 214, 223, 13.0, 17, ABprpapaaa, 7344, 0, 0, 0, , 0, 0, 0, 0, 0, 
172, 1, 171, 172, -1, 196, 208, 13.0, 15, ABprpapaap, 6316, 0, 0, 0, , 0, 0, 0, 0, 0, 
173, 1, 172, 173, -1, 178, 250, 11.0, 15, ABprpapapp, 10583, 0, 0, 0, , 0, 0, 0, 0, 0, 
174, 1, 173, 174, -1, 193, 231, 12.0, 17, ABprpapapa, 6846, 0, 0, 0, , 0, 0, 0, 0, 0, 
175, 1, 174, 175, -1, 149, 286, 13.0, 15, ABprpapppp, 7398, 0, 0, 0, , 0, 0, 0, 0, 0, 
176, 1, 175, 176, -1, 197, 263, 13.0, 15, ABprpapppa, 4860, 0, 0, 0, , 0, 0, 0, 0, 0, 
177, 1, 176, 177, -1, 204, 250, 11.0, 13, ABprpappapa, 5195, 0, 0, 0, , 0, 0, 0, 0, 0, 
178, 1, 177, 178, -1, 192, 273, 9.0, 13, ABprpappapp, 4235, 0, 0, 0, , 0, 0, 0, 0, 0, 
179, 1, 178, 179, -1, 214, 239, 10.0, 15, ABprpappaap, 6621, 0, 0, 0, , 0, 0, 0, 0, 0, 
180, 1, 179, 180, -1, 238, 248, 9.0, 13, ABprpappaaa, 5457, 0, 0, 0, , 0, 0, 0, 0, 0, 
181, 1, 180, 181, -1, 244, 187, 15.0, 15, ABprpaaaaa, 7454, 0, 0, 0, , 0, 0, 0, 0, 0, 
182, 1, 181, 182, -1, 195, 190, 13.0, 13, ABprpaaaapp, 5018, 0, 0, 0, , 0, 0, 0, 0, 0, 
183, 1, 181, 183, -1, 210, 184, 11.0, 15, ABprpaaaapa, 5065, 0, 0, 0, , 0, 0, 0, 0, 0, 
184, 1, 182, 184, -1, 220, 178, 14.0, 15, ABprpaaapp, 7937, 0, 0, 0, , 0, 0, 0, 0, 0, 
185, 1, 183, 185, -1, 238, 173, 13.0, 15, ABprpaaapa, 10227, 0, 0, 0, , 0, 0, 0, 0, 0, 
186, 1, 184, 186, -1, 246, 179, 18.0, 19, ABprpaapaa, 10670, 0, 0, 0, , 0, 0, 0, 0, 0, 
187, 1, 185, 187, -1, 227, 165, 19.0, 17, ABprpaapap, 10790, 0, 0, 0, , 0, 0, 0, 0, 0, 
188, 1, 186, 188, -1, 212, 168, 18.0, 13, ABprpaappp, 2799, 0, 0, 0, , 0, 0, 0, 0, 0, 
189, 1, 187, 189, -1, 218, 185, 23.0, 17, ABprpaappa, 7540, 0, 0, 0, , 0, 0, 0, 0, 0, 
190, 1, 188, 190, -1, 107, 248, 11.0, 17, ABprpppaap, 8749, 0, 0, 0, , 0, 0, 0, 0, 0, 
191, 1, 189, 191, -1, 129, 234, 12.0, 15, ABprpppaaa, 11202, 0, 0, 0, , 0, 0, 0, 0, 0, 
192, 1, 190, 192, -1, 122, 261, 10.0, 13, ABprpppapaa, 3874, 0, 0, 0, , 0, 0, 0, 0, 0, 
193, 1, 191, 193, -1, 113, 278, 10.0, 13, ABprpppapap, 4057, 0, 0, 0, , 0, 0, 0, 0, 0, 
194, 1, 192, 194, -1, 125, 290, 9.0, 15, ABprpppapp, 6500, 0, 0, 0, , 0, 0, 0, 0, 0, 
195, 1, 193, 195, -1, 140, 248, 10.0, 13, ABprppppapa, 3805, 0, 0, 0, , 0, 0, 0, 0, 0, 
196, 1, 194, 196, -1, 136, 276, 10.0, 15, ABprppppapp, 4908, 0, 0, 0, , 0, 0, 0, 0, 0, 
197, 1, 195, 197, 198, 155, 265, 11.0, 17, ABprppppaa, 8729, 0, 0, 0, , 0, 0, 0, 0, 0, 
198, 1, 196, 199, -1, 104, 295, 10.0, 17, ABprpppppp, 6942, 0, 0, 0, , 0, 0, 0, 0, 0, 
199, 1, 197, 200, -1, 131, 275, 14.0, 17, ABprpppppa, 8379, 0, 0, 0, , 0, 0, 0, 0, 0, 
200, 1, 198, 201, -1, 178, 217, 13.0, 15, ABprppaapa, 7485, 0, 0, 0, , 0, 0, 0, 0, 0, 
201, 1, 199, 202, -1, 158, 241, 11.0, 15, ABprppaapp, 8223, 0, 0, 0, , 0, 0, 0, 0, 0, 
202, 1, 200, 203, -1, 193, 193, 16.0, 19, ABprppaaaa, 9112, 0, 0, 0, , 0, 0, 0, 0, 0, 
203, 1, 201, 204, -1, 184, 179, 20.0, 13, ABprppaaap, 6385, 0, 0, 0, , 0, 0, 0, 0, 0, 
204, 1, 202, 205, -1, 165, 202, 14.0, 16, ABprppapaa, 11419, 0, 0, 0, , 0, 0, 0, 0, 0, 
205, 1, 203, 206, -1, 136, 210, 15.0, 19, ABprppapap, 7296, 0, 0, 0, , 0, 0, 0, 0, 0, 
206, 1, 204, 207, -1, 115, 230, 14.0, 17, ABprppappp, 7977, 0, 0, 0, , 0, 0, 0, 0, 0, 
207, 1, 205, 208, -1, 149, 221, 12.0, 17, ABprppappa, 7317, 0, 0, 0, , 0, 0, 0, 0, 0, 
208, 1, 206, 209, -1, 305, 174, 33.0, 17, ABpraapaaa, 8279, 0, 0, 0, , 0, 0, 0, 0, 0, 
209, 1, 207, 210, -1, 279, 166, 28.0, 17, ABpraapaap, 7203, 0, 0, 0, , 0, 0, 0, 0, 0, 
210, 1, 208, 211, -1, 259, 181, 25.0, 17, ABpraapapa, 9297, 0, 0, 0, , 0, 0, 0, 0, 0, 
211, 1, 209, 212, -1, 236, 173, 29.0, 15, ABpraapappp, 5064, 0, 0, 0, , 0, 0, 0, 0, 0, 
212, 1, 210, 213, -1, 259, 176, 28.0, 15, ABpraapappa, 5654, 0, 0, 0, , 0, 0, 0, 0, 0, 
213, 1, 211, 214, -1, 158, 190, 21.0, 17, ABpraapppp, 7219, 0, 0, 0, , 0, 0, 0, 0, 0, 
214, 1, 212, 215, -1, 184, 179, 23.0, 15, ABpraapppa, 4460, 0, 0, 0, , 0, 0, 0, 0, 0, 
215, 1, 213, 216, -1, 200, 170, 23.0, 15, ABpraappap, 6508, 0, 0, 0, , 0, 0, 0, 0, 0, 
216, 1, 214, 217, -1, 217, 164, 23.0, 13, ABpraappaa, 5566, 0, 0, 0, , 0, 0, 0, 0, 0, 
217, 1, 215, 218, -1, 272, 168, 24.0, 17, ABpraaapap, 7487, 0, 0, 0, , 0, 0, 0, 0, 0, 
218, 1, 216, 219, -1, 274, 178, 20.0, 15, ABpraaapaa, 6647, 0, 0, 0, , 0, 0, 0, 0, 0, 
219, 1, 217, 220, -1, 251, 178, 21.0, 19, ABpraaappa, 8966, 0, 0, 0, , 0, 0, 0, 0, 0, 
220, 1, 218, 221, -1, 239, 192, 24.0, 17, ABpraaapppa, 4514, 0, 0, 0, , 0, 0, 0, 0, 0, 
221, 1, 219, 222, -1, 223, 179, 27.0, 17, ABpraaapppp, 5490, 0, 0, 0, , 0, 0, 0, 0, 0, 
222, 1, 220, 223, -1, 273, 159, 20.0, 15, ABpraaaaap, 7405, 0, 0, 0, , 0, 0, 0, 0, 0, 
223, 1, 221, 224, -1, 274, 167, 16.0, 15, ABpraaaaaa, 7235, 0, 0, 0, , 0, 0, 0, 0, 0, 
224, 1, 222, 225, -1, 258, 165, 18.0, 17, ABpraaaapa, 6955, 0, 0, 0, , 0, 0, 0, 0, 0, 
225, 1, 223, 226, -1, 247, 160, 23.0, 16, ABpraaaapp, 6292, 0, 0, 0, , 0, 0, 0, 0, 0, 
226, 1, 224, 227, -1, 102, 226, 20.0, 15, ABprappapp, 8077, 0, 0, 0, , 0, 0, 0, 0, 0, 
227, 1, 225, 228, -1, 108, 223, 27.0, 15, ABprappapa, 7310, 0, 0, 0, , 0, 0, 0, 0, 0, 
228, 1, 226, 229, -1, 115, 213, 21.0, 15, ABprappaap, 7700, 0, 0, 0, , 0, 0, 0, 0, 0, 
229, 1, 227, 230, -1, 136, 207, 20.0, 15, ABprappaaa, 7527, 0, 0, 0, , 0, 0, 0, 0, 0, 
230, 1, 228, 231, -1, 92, 258, 15.0, 17, ABprapppaa, 6923, 0, 0, 0, , 0, 0, 0, 0, 0, 
231, 1, 229, 232, -1, 97, 267, 12.0, 15, ABprapppap, 5523, 0, 0, 0, , 0, 0, 0, 0, 0, 
232, 1, 230, 233, -1, 78, 278, 12.0, 17, ABprappppp, 7814, 0, 0, 0, , 0, 0, 0, 0, 0, 
233, 1, 231, 234, -1, 78, 260, 14.0, 15, ABprappppa, 6904, 0, 0, 0, , 0, 0, 0, 0, 0, 
234, 1, 232, 235, -1, 185, 195, 28.0, 17, ABprapaaap, 7813, 0, 0, 0, , 0, 0, 0, 0, 0, 
235, 1, 233, 236, -1, 204, 200, 30.0, 15, ABprapaaaa, 7247, 0, 0, 0, , 0, 0, 0, 0, 0, 
236, 1, 234, 237, -1, 139, 198, 24.0, 15, ABprapaapp, 8522, 0, 0, 0, , 0, 0, 0, 0, 0, 
237, 1, 235, 238, -1, 171, 183, 26.0, 15, ABprapaapa, 7145, 0, 0, 0, , 0, 0, 0, 0, 0, 
238, 1, 236, 239, -1, 84, 245, 17.0, 17, ABprapappa, 8469, 0, 0, 0, , 0, 0, 0, 0, 0, 
239, 1, 237, 240, -1, 73, 279, 18.0, 17, ABprapappp, 7626, 0, 0, 0, , 0, 0, 0, 0, 0, 
240, 1, 238, 241, -1, 88, 244, 21.0, 15, ABprapapap, 8322, 0, 0, 0, , 0, 0, 0, 0, 0, 
241, 1, 239, 242, -1, 85, 256, 26.0, 17, ABprapapaa, 7681, 0, 0, 0, , 0, 0, 0, 0, 0, 
242, 1, 240, 243, -1, 222, 204, 26.0, 15, MSppppap, 4233, 0, 0, 0, , 0, 0, 0, 0, 0, 
243, 1, 241, 244, -1, 226, 202, 20.0, 13, MSppppaa, 3659, 0, 0, 0, , 0, 0, 0, 0, 0, 
244, 1, 242, 245, -1, 232, 208, 30.0, 17, MSpppppa, 4694, 0, 0, 0, , 0, 0, 0, 0, 0, 
245, 1, 243, 246, -1, 191, 221, 29.0, 15, MSpppppp, 5058, 0, 0, 0, , 0, 0, 0, 0, 0, 
246, 1, 244, 247, -1, 215, 225, 17.0, 13, MSpppaaa, 4640, 0, 0, 0, , 0, 0, 0, 0, 0, 
247, 1, 245, 248, -1, 198, 232, 19.0, 15, MSpppaap, 4872, 0, 0, 0, , 0, 0, 0, 0, 0, 
248, 1, 246, 249, -1, 188, 218, 18.0, 17, MSpppapp, 5486, 0, 0, 0, , 0, 0, 0, 0, 0, 
249, 1, 247, 250, -1, 211, 209, 17.0, 13, MSpppapa, 4667, 0, 0, 0, , 0, 0, 0, 0, 0, 
250, 1, 248, 251, -1, 229, 212, 16.0, 15, MSppaapp, 4116, 0, 0, 0, , 0, 0, 0, 0, 0, 
251, 1, 249, 252, -1, 250, 210, 16.0, 11, MSppaapa, 3979, 0, 0, 0, , 0, 0, 0, 0, 0, 
252, 1, 250, 253, -1, 285, 201, 16.0, 16, MSppaaaa, 4841, 0, 0, 0, , 0, 0, 0, 0, 0, 
253, 1, 251, 254, -1, 272, 199, 19.0, 15, MSppaaap, 4859, 0, 0, 0, , 0, 0, 0, 0, 0, 
254, 1, 252, 255, -1, 279, 189, 26.0, 13, MSppappa, 6136, 0, 0, 0, , 0, 0, 0, 0, 0, 
255, 1, 253, 256, -1, 260, 197, 21.0, 15, MSppapaa, 5120, 0, 0, 0, , 0, 0, 0, 0, 0, 
256, 1, 254, 257, -1, 239, 199, 18.0, 13, MSppapap, 2866, 0, 0, 0, , 0, 0, 0, 0, 0, 
257, 1, 255, 258, -1, 193, 271, 16.0, 13, MSpapappp, 3505, 0, 0, 0, , 0, 0, 0, 0, 0, 
258, 1, 256, 259, -1, 219, 256, 15.0, 15, MSpapappa, 4456, 0, 0, 0, , 0, 0, 0, 0, 0, 
259, 1, 257, 260, -1, 208, 253, 19.0, 19, MSpapapa, 7860, 0, 0, 0, , 0, 0, 0, 0, 0, 
260, 1, 258, 261, -1, 249, 248, 17.0, 13, MSpapaaaa, 3211, 0, 0, 0, , 0, 0, 0, 0, 0, 
261, 1, 259, 262, -1, 235, 253, 20.0, 15, MSpapaaap, 5025, 0, 0, 0, , 0, 0, 0, 0, 0, 
262, 1, 260, 263, -1, 224, 236, 20.0, 15, MSpapaapa, 3655, 0, 0, 0, , 0, 0, 0, 0, 0, 
263, 1, 261, 264, -1, 217, 255, 22.0, 15, MSpapaapp, 4735, 0, 0, 0, , 0, 0, 0, 0, 0, 
264, 1, 262, 265, -1, 182, 302, 13.0, 15, MSpappaa, 6503, 0, 0, 0, , 0, 0, 0, 0, 0, 
265, 1, 263, 266, -1, 177, 278, 14.0, 15, MSpappap, 6625, 0, 0, 0, , 0, 0, 0, 0, 0, 
266, 1, 264, 267, -1, 162, 250, 14.0, 15, MSpapppp, 4177, 0, 0, 0, , 0, 0, 0, 0, 0, 
267, 1, 265, 268, -1, 169, 231, 15.0, 17, MSpapppa, 6100, 0, 0, 0, , 0, 0, 0, 0, 0, 
268, 1, 266, 269, -1, 256, 217, 29.0, 15, MSpaaappa, 5169, 0, 0, 0, , 0, 0, 0, 0, 0, 
269, 1, 267, 270, -1, 241, 238, 28.0, 15, MSpaaappp, 6058, 0, 0, 0, , 0, 0, 0, 0, 0, 
270, 1, 268, 271, -1, 260, 237, 31.0, 15, MSpaaapa, 6312, 0, 0, 0, , 0, 0, 0, 0, 0, 
271, 1, 269, 272, -1, 293, 212, 27.0, 15, MSpaaaapa, 5722, 0, 0, 0, , 0, 0, 0, 0, 0, 
272, 1, 270, 273, -1, 270, 217, 29.0, 15, MSpaaaapp, 5511, 0, 0, 0, , 0, 0, 0, 0, 0, 
273, 1, 271, 274, -1, 306, 201, 29.0, 15, MSpaaaaa, 7502, 0, 0, 0, , 0, 0, 0, 0, 0, 
274, 1, 272, 275, -1, 237, 234, 24.0, 15, MSpaapapp, 3977, 0, 0, 0, , 0, 0, 0, 0, 0, 
275, 1, 273, 276, -1, 262, 219, 23.0, 13, MSpaapapa, 2896, 0, 0, 0, , 0, 0, 0, 0, 0, 
276, 1, 274, 277, -1, 266, 204, 26.0, 17, MSpaapaa, 6189, 0, 0, 0, , 0, 0, 0, 0, 0, 
277, 1, 275, 278, -1, 191, 251, 23.0, 25, Earap, 4203, 0, 0, 0, , 0, 0, 0, 0, 0, 
278, 1, 276, 279, -1, 264, 297, 22.0, 13, MSapppaa, 3574, 0, 0, 0, , 0, 0, 0, 0, 0, 
279, 1, 277, 280, -1, 254, 290, 27.0, 17, MSapppap, 5555, 0, 0, 0, , 0, 0, 0, 0, 0, 
280, 1, 278, 281, -1, 251, 283, 30.0, 15, MSappppa, 4296, 0, 0, 0, , 0, 0, 0, 0, 0, 
281, 1, 279, 282, -1, 211, 309, 29.0, 15, MSappppp, 7959, 0, 0, 0, , 0, 0, 0, 0, 0, 
282, 1, 280, 283, -1, 217, 311, 21.0, 15, MSappaap, 4604, 0, 0, 0, , 0, 0, 0, 0, 0, 
283, 1, 281, 284, -1, 243, 296, 21.0, 15, MSappaaa, 4109, 0, 0, 0, , 0, 0, 0, 0, 0, 
284, 1, 282, 285, -1, 232, 313, 18.0, 15, MSappapp, 4325, 0, 0, 0, , 0, 0, 0, 0, 0, 
285, 1, 283, 286, -1, 248, 309, 20.0, 13, MSappapa, 3249, 0, 0, 0, , 0, 0, 0, 0, 0, 
286, 1, 284, 287, -1, 309, 261, 27.0, 15, MSapappa, 5261, 0, 0, 0, , 0, 0, 0, 0, 0, 
287, 1, 285, 288, -1, 273, 272, 30.0, 15, MSapappp, 5189, 0, 0, 0, , 0, 0, 0, 0, 0, 
288, 1, 286, 289, -1, 277, 285, 19.0, 15, MSapapap, 3893, 0, 0, 0, , 0, 0, 0, 0, 0, 
289, 1, 287, 290, -1, 286, 271, 23.0, 15, MSapapaa, 5670, 0, 0, 0, , 0, 0, 0, 0, 0, 
290, 1, 288, 291, -1, 259, 295, 19.0, 15, MSapaapp, 7219, 0, 0, 0, , 0, 0, 0, 0, 0, 
291, 1, 289, 292, -1, 290, 268, 17.0, 13, MSapaapa, 4059, 0, 0, 0, , 0, 0, 0, 0, 0, 
292, 1, 290, 293, -1, 329, 251, 18.0, 15, MSapaaaa, 5082, 0, 0, 0, , 0, 0, 0, 0, 0, 
293, 1, 291, 294, -1, 321, 253, 24.0, 15, MSapaaap, 5299, 0, 0, 0, , 0, 0, 0, 0, 0, 
294, 1, 292, 295, -1, 323, 214, 28.0, 15, MSaaaaapa, 4467, 0, 0, 0, , 0, 0, 0, 0, 0, 
295, 1, 293, 296, -1, 303, 224, 32.0, 15, MSaaaaapp, 4776, 0, 0, 0, , 0, 0, 0, 0, 0, 
296, 1, 294, 297, -1, 332, 203, 24.0, 16, MSaaaaaa, 4982, 0, 0, 0, , 0, 0, 0, 0, 0, 
297, 1, 295, 298, -1, 282, 228, 31.0, 17, MSaaaapa, 6719, 0, 0, 0, , 0, 0, 0, 0, 0, 
298, 1, 296, 299, -1, 266, 254, 29.0, 15, MSaaaapp, 6565, 0, 0, 0, , 0, 0, 0, 0, 0, 
299, 1, 297, 300, -1, 258, 245, 26.0, 13, MSaaapapp, 3247, 0, 0, 0, , 0, 0, 0, 0, 0, 
300, 1, 298, 301, -1, 290, 248, 29.0, 13, MSaaapaap, 5132, 0, 0, 0, , 0, 0, 0, 0, 0, 
301, 1, 299, 302, -1, 308, 236, 28.0, 13, MSaaapaaa, 2904, 0, 0, 0, , 0, 0, 0, 0, 0, 
302, 1, 300, 303, -1, 256, 264, 27.0, 15, MSaaappa, 4395, 0, 0, 0, , 0, 0, 0, 0, 0, 
303, 1, 301, 304, -1, 236, 255, 28.0, 15, MSaaappp, 5367, 0, 0, 0, , 0, 0, 0, 0, 0, 
304, 1, 302, 305, -1, 193, 323, 16.0, 15, MSaapppp, 6111, 0, 0, 0, , 0, 0, 0, 0, 0, 
305, 1, 303, 306, -1, 211, 314, 16.0, 19, MSaapppa, 5620, 0, 0, 0, , 0, 0, 0, 0, 0, 
306, 1, 304, 307, -1, 241, 275, 19.0, 13, MSaapaaap, 3621, 0, 0, 0, , 0, 0, 0, 0, 0, 
307, 1, 305, 308, -1, 263, 271, 17.0, 13, MSaapaaaa, 4207, 0, 0, 0, , 0, 0, 0, 0, 0, 
308, 1, 306, 309, -1, 224, 285, 17.0, 17, MSaapapp, 7739, 0, 0, 0, , 0, 0, 0, 0, 0, 
309, 1, 307, 310, -1, 231, 277, 21.0, 17, MSaapapa, 7093, 0, 0, 0, , 0, 0, 0, 0, 0, 
310, 1, 308, 311, -1, 209, 283, 22.0, 21, Ealpa, 28542, 0, 0, 0, , 0, 0, 0, 0, 0, 
311, 1, 309, 312, -1, 174, 294, 23.0, 21, Ealpp, 14585, 0, 0, 0, , 0, 0, 0, 0, 0, 
312, 1, 310, 313, -1, 131, 307, 23.0, 23, Eplpa, 50421, 0, 0, 0, , 0, 0, 0, 0, 0, 
313, 1, 311, 314, -1, 139, 341, 20.0, 19, Cappap, 7944, 0, 0, 0, , 0, 0, 0, 0, 0, 
314, 1, 312, 315, -1, 160, 338, 25.0, 17, Cappaa, 8667, 0, 0, 0, , 0, 0, 0, 0, 0, 
315, 1, 313, 316, -1, 120, 338, 23.0, 17, Capppa, 7143, 0, 0, 0, , 0, 0, 0, 0, 0, 
316, 1, 314, 317, -1, 111, 321, 16.0, 17, Capppp, 6461, 0, 0, 0, , 0, 0, 0, 0, 0, 
317, 1, 315, 318, -1, 161, 337, 20.0, 17, Capapa, 8635, 0, 0, 0, , 0, 0, 0, 0, 0, 
318, 1, 316, 319, -1, 144, 326, 16.0, 17, Capapp, 6036, 0, 0, 0, , 0, 0, 0, 0, 0, 
319, 1, 317, 320, -1, 171, 318, 16.0, 17, Capaap, 5438, 0, 0, 0, , 0, 0, 0, 0, 0, 
320, 1, 318, 321, -1, 193, 326, 21.0, 17, Capaaa, 8309, 0, 0, 0, , 0, 0, 0, 0, 0, 
321, 1, 319, 322, -1, 87, 330, 27.0, 21, Caaapp, 23750, 0, 0, 0, , 0, 0, 0, 0, 0, 
322, 1, 320, 323, -1, 83, 326, 16.0, 19, Caappd, 7939, 0, 0, 0, , 0, 0, 0, 0, 0, 
323, 1, 321, 324, -1, 84, 321, 12.0, 15, Caappv, 5429, 0, 0, 0, , 0, 0, 0, 0, 0, 
324, 1, 322, 325, -1, 97, 302, 15.0, 19, Caapa, 29603, 0, 0, 0, , 0, 0, 0, 0, 0, 
325, 1, 323, 326, -1, 65, 305, 19.0, 19, Cpappd, 7655, 0, 0, 0, , 0, 0, 0, 0, 0, 
326, 1, 324, 327, -1, 72, 302, 13.0, 17, Cpappv, 6760, 0, 0, 0, , 0, 0, 0, 0, 0, 
327, 1, 325, 328, -1, 76, 336, 22.0, 19, Cpapaa, 8134, 0, 0, 0, , 0, 0, 0, 0, 0, 
328, 1, 326, 329, -1, 82, 297, 30.0, 21, Cpaapp, 2689, 0, 0, 0, , 0, 0, 0, 0, 0, 
329, 1, 327, 330, -1, 142, 248, 16.0, 19, Cppaap, 7555, 0, 0, 0, , 0, 0, 0, 0, 0, 
330, 1, 328, 331, -1, 146, 226, 19.0, 19, Cppaaa, 8702, 0, 0, 0, , 0, 0, 0, 0, 0, 
331, 1, 329, 332, -1, 122, 238, 22.0, 19, Cppapa, 8310, 0, 0, 0, , 0, 0, 0, 0, 0, 
332, 1, 330, 333, -1, 122, 253, 15.0, 17, Cppapp, 6503, 0, 0, 0, , 0, 0, 0, 0, 0, 
333, 1, 331, 334, -1, 130, 226, 25.0, 19, Cpppaa, 7997, 0, 0, 0, , 0, 0, 0, 0, 0, 
334, 1, 332, 335, -1, 106, 261, 18.0, 21, Cpppap, 14094, 0, 0, 0, , 0, 0, 0, 0, 0, 
335, 1, 333, 336, -1, 234, 318, 23.0, 15, Daapa, 5397, 0, 0, 0, , 0, 0, 0, 0, 0, 
336, 1, 334, 337, -1, 214, 331, 20.0, 15, Daapp, 4769, 0, 0, 0, , 0, 0, 0, 0, 0, 
337, 1, 335, 338, -1, 248, 300, 25.0, 15, Daaaa, 6377, 0, 0, 0, , 0, 0, 0, 0, 0, 
338, 1, 336, 339, -1, 233, 306, 27.0, 15, Daaap, 4303, 0, 0, 0, , 0, 0, 0, 0, 0, 
339, 1, 337, 340, -1, 189, 320, 29.0, 17, Dappa, 6366, 0, 0, 0, , 0, 0, 0, 0, 0, 
340, 1, 338, 341, -1, 155, 327, 28.0, 17, Dappp, 5867, 0, 0, 0, , 0, 0, 0, 0, 0, 
341, 1, 339, 342, -1, 167, 212, 18.0, 15, Dpapp, 4869, 0, 0, 0, , 0, 0, 0, 0, 0, 
342, 1, 340, 343, -1, 193, 204, 21.0, 15, Dpapa, 5519, 0, 0, 0, , 0, 0, 0, 0, 0, 
343, 1, 341, 344, -1, 197, 208, 25.0, 15, Dpaap, 6787, 0, 0, 0, , 0, 0, 0, 0, 0, 
344, 1, 342, 345, -1, 212, 205, 20.0, 15, Dpaaa, 3950, 0, 0, 0, , 0, 0, 0, 0, 0, 
345, 1, 343, 346, -1, 135, 242, 29.0, 19, Dpppp, 6453, 0, 0, 0, , 0, 0, 0, 0, 0, 
346, 1, 344, 347, -1, 163, 224, 27.0, 19, Dpppa, 10992, 0, 0, 0, , 0, 0, 0, 0, 0, 
347, 1, 345, 348, -1, 180, 204, 23.0, 15, Dppaa, 6204, 0, 0, 0, , 0, 0, 0, 0, 0, 
348, 1, 346, 349, -1, 158, 212, 22.0, 15, Dppap, 3940, 0, 0, 0, , 0, 0, 0, 0, 0, 
349, 1, 347, 350, -1, 158, 268, 17.0, 19, Z2, 15214, 0, 0, 0, , 0, 0, 0, 0, 0, 
350, 0, 348, -1, -1, 381, 244, 24.0, 15, , 10004, 0, 0, 0, , 0, 0, 0, 0, 0, 
351, 1, 349, 352, -1, 333, 290, 22.0, 13, ABalpppappa, 3994, 0, 0, 0, , 0, 0, 0, 0, 0, 
352, 1, 350, 353, -1, 316, 303, 25.0, 15, ABalpppappp, 6082, 0, 0, 0, , 0, 0, 0, 0, 0, 
353, 1, 351, 354, -1, 310, 282, 23.0, 13, ABalpppppaa, 4627, 0, 0, 0, , 0, 0, 0, 0, 0, 
354, 1, 352, 355, -1, 297, 291, 24.0, 13, ABalpppppap, 4932, 0, 0, 0, , 0, 0, 0, 0, 0, 
355, 1, 353, 356, -1, 282, 279, 26.0, 13, ABalppppppa, 5353, 0, 0, 0, , 0, 0, 0, 0, 0, 
356, 1, 354, 357, -1, 277, 306, 29.0, 17, ABalppppppp, 4884, 0, 0, 0, , 0, 0, 0, 0, 0, 
357, 1, 355, 358, -1, 316, 291, 28.0, 13, ABalppppapp, 3151, 0, 0, 0, , 0, 0, 0, 0, 0, 
358, 1, 356, 359, -1, 337, 281, 27.0, 13, ABalppppapa, 4415, 0, 0, 0, , 0, 0, 0, 0, 0, 
359, 1, 357, 360, -1, 323, 272, 21.0, 17, ABalppppaa, 7272, 0, 0, 0, , 0, 0, 0, 0, 0, 
360, 1, 358, 361, -1, 333, 285, 17.0, 15, ABalpppaaa, 6711, 0, 0, 0, , 0, 0, 0, 0, 0, 
361, 1, 359, 362, -1, 347, 280, 22.0, 17, ABalpppaap, 8026, 0, 0, 0, , 0, 0, 0, 0, 0, 
362, 1, 360, 363, -1, 322, 298, 20.0, 17, ABalpppapa, 8136, 0, 0, 0, , 0, 0, 0, 0, 0, 
363, 1, 361, 364, -1, 332, 265, 17.0, 15, ABalppaaaa, 6159, 0, 0, 0, , 0, 0, 0, 0, 0, 
364, 1, 362, 365, -1, 347, 271, 18.0, 15, ABalppaaap, 7598, 0, 0, 0, , 0, 0, 0, 0, 0, 
365, 1, 363, 366, -1, 307, 302, 14.0, 15, ABalppaapp, 8568, 0, 0, 0, , 0, 0, 0, 0, 0, 
366, 1, 364, 367, -1, 319, 291, 14.0, 15, ABalppaapa, 5725, 0, 0, 0, , 0, 0, 0, 0, 0, 
367, 1, 365, 368, -1, 290, 293, 13.0, 15, ABalppapppa, 4558, 0, 0, 0, , 0, 0, 0, 0, 0, 
368, 1, 366, 369, -1, 275, 302, 13.0, 13, ABalppapppp, 5332, 0, 0, 0, , 0, 0, 0, 0, 0, 
369, 1, 367, 370, -1, 301, 279, 15.0, 13, ABalppappap, 5102, 0, 0, 0, , 0, 0, 0, 0, 0, 
370, 1, 367, 371, -1, 320, 268, 15.0, 13, ABalppappaa, 4629, 0, 0, 0, , 0, 0, 0, 0, 0, 
371, 1, 368, 372, 373, 298, 279, 10.0, 15, ABalppapap, 8269, 0, 0, 0, , 0, 0, 0, 0, 0, 
372, 1, 369, 374, -1, 319, 273, 11.0, 17, ABalppapaa, 10125, 0, 0, 0, , 0, 0, 0, 0, 0, 
373, 1, 370, 375, -1, 259, 286, 11.0, 13, ABalpapapap, 5220, 0, 0, 0, , 0, 0, 0, 0, 0, 
374, 1, 371, 376, -1, 281, 274, 11.0, 13, ABalpapapaa, 5039, 0, 0, 0, , 0, 0, 0, 0, 0, 
375, 1, 372, 377, -1, 251, 322, 12.0, 17, ABalpapapp, 12377, 0, 0, 0, , 0, 0, 0, 0, 0, 
376, 1, 373, 378, -1, 279, 254, 9.0, 19, ABalpapaap, 15454, 0, 0, 0, , 0, 0, 0, 0, 0, 
377, 1, 374, 379, -1, 314, 254, 11.0, 13, ABalpapaaaa, 4799, 0, 0, 0, , 0, 0, 0, 0, 0, 
378, 1, 375, 380, -1, 292, 261, 12.0, 13, ABalpapaaap, 5447, 0, 0, 0, , 0, 0, 0, 0, 0, 
379, 1, 376, 381, -1, 267, 258, 12.0, 15, ABalpappapa, 6703, 0, 0, 0, , 0, 0, 0, 0, 0, 
380, 1, 377, 382, -1, 241, 269, 11.0, 17, ABalpappapp, 6798, 0, 0, 0, , 0, 0, 0, 0, 0, 
381, 1, 378, 383, -1, 279, 259, 14.0, 11, ABalpappaap, 4675, 0, 0, 0, , 0, 0, 0, 0, 0, 
382, 1, 379, 384, -1, 289, 240, 14.0, 13, ABalpappaaa, 3948, 0, 0, 0, , 0, 0, 0, 0, 0, 
383, 1, 380, 385, -1, 234, 275, 14.0, 19, ABalpappppp, 8120, 0, 0, 0, , 0, 0, 0, 0, 0, 
384, 1, 381, 386, -1, 257, 274, 14.0, 17, ABalpappppa, 6469, 0, 0, 0, , 0, 0, 0, 0, 0, 
385, 1, 382, 387, -1, 265, 253, 15.0, 15, ABalpapppa, 8540, 0, 0, 0, , 0, 0, 0, 0, 0, 
386, 1, 383, 388, -1, 283, 257, 18.0, 15, ABalpaaapp, 6698, 0, 0, 0, , 0, 0, 0, 0, 0, 
387, 1, 384, 389, -1, 301, 251, 16.0, 15, ABalpaaapa, 7048, 0, 0, 0, , 0, 0, 0, 0, 0, 
388, 1, 385, 390, -1, 307, 239, 10.0, 15, ABalpaaaap, 6759, 0, 0, 0, , 0, 0, 0, 0, 0, 
389, 1, 386, 391, -1, 317, 235, 13.0, 19, ABalpaaaaa, 8663, 0, 0, 0, , 0, 0, 0, 0, 0, 
390, 1, 387, 392, -1, 333, 253, 11.0, 15, ABalpaappp, 8017, 0, 0, 0, , 0, 0, 0, 0, 0, 
391, 1, 388, 393, -1, 331, 231, 11.0, 19, ABalpaappa, 9716, 0, 0, 0, , 0, 0, 0, 0, 0, 
392, 1, 389, 394, -1, 303, 252, 20.0, 15, ABalpaapapp, 6434, 0, 0, 0, , 0, 0, 0, 0, 0, 
393, 1, 390, 395, -1, 311, 242, 18.0, 15, ABalpaapapa, 5537, 0, 0, 0, , 0, 0, 0, 0, 0, 
394, 1, 391, 396, -1, 320, 232, 20.0, 15, ABalpaapaap, 3542, 0, 0, 0, , 0, 0, 0, 0, 0, 
395, 1, 392, 397, -1, 339, 222, 18.0, 13, ABalpaapaaa, 3770, 0, 0, 0, , 0, 0, 0, 0, 0, 
396, 1, 393, 398, -1, 172, 260, 27.0, 21, Epraa, 14416, 0, 0, 0, , 0, 0, 0, 0, 0, 
397, 1, 394, 399, -1, 145, 268, 27.0, 21, Eprap, 29034, 0, 0, 0, , 0, 0, 0, 0, 0, 
398, 1, 395, 400, -1, 207, 233, 23.0, 13, MSpaapp, 2434, 0, 0, 0, , 0, 0, 0, 0, 0, 
399, 1, 396, 401, -1, 163, 260, 23.0, 21, Earpp, 13522, 0, 0, 0, , 0, 0, 0, 0, 0, 
400, 1, 397, 402, -1, 193, 280, 26.0, 21, Ealap, 30338, 0, 0, 0, , 0, 0, 0, 0, 0, 
401, 1, 398, 403, -1, 217, 271, 28.0, 21, Ealaa, 27462, 0, 0, 0, , 0, 0, 0, 0, 0, 
402, 1, 399, 404, -1, 167, 282, 28.0, 21, Eplaa, 22954, 0, 0, 0, , 0, 0, 0, 0, 0, 
403, 1, 400, 405, -1, 148, 293, 26.0, 19, Eplap, 14100, 0, 0, 0, , 0, 0, 0, 0, 0, 
404, 1, 401, 406, -1, 127, 278, 20.0, 17, Eprpp, 11948, 0, 0, 0, , 0, 0, 0, 0, 0, 
405, 1, 402, 407, -1, 189, 336, 26.0, 17, Dapap, 5907, 0, 0, 0, , 0, 0, 0, 0, 0, 
406, 1, 403, 408, -1, 215, 320, 26.0, 19, Dapaa, 6088, 0, 0, 0, , 0, 0, 0, 0, 0, 
407, 1, 404, 409, -1, 230, 271, 25.0, 15, MSaapaapp, 4872, 0, 0, 0, , 0, 0, 0, 0, 0, 
408, 1, 405, 410, -1, 249, 263, 23.0, 13, MSaapaapa, 2870, 0, 0, 0, , 0, 0, 0, 0, 0, 
409, 1, 406, 411, -1, 147, 215, 32.0, 15, ABarpppapp, 6480, 0, 0, 0, , 0, 0, 0, 0, 0, 
410, 1, 407, 412, -1, 232, 324, 14.0, 15, ABplppaapa, 7104, 0, 0, 0, , 0, 0, 0, 0, 0, 
411, 1, 408, 413, -1, 65, 300, 24.0, 17, Cpapap, 7937, 0, 0, 0, , 0, 0, 0, 0, 0, 
412, 1, 409, 414, -1, 217, 239, 26.0, 23, Earaa, 17774, 0, 0, 0, , 0, 0, 0, 0, 0, 
413, 1, 410, 415, -1, 347, 245, 16.0, 15, ABalaaaala, 9924, 0, 0, 0, , 0, 0, 0, 0, 0, 
414, 1, 411, 416, -1, 257, 187, 34.0, 15, ABarpappaa, 5152, 0, 0, 0, , 0, 0, 0, 0, 0, 
415, 1, 412, 417, -1, 343, 201, 28.0, 15, ABalappaaa, 3808, 0, 0, 0, , 0, 0, 0, 0, 0, 
416, 1, 413, 418, -1, 95, 270, 23.0, 17, Cppppa, 9108, 0, 0, 0, , 0, 0, 0, 0, 0, 
417, 1, 414, 419, -1, 93, 286, 16.0, 19, Cppppp, 7779, 0, 0, 0, , 0, 0, 0, 0, 0, 
418, 1, 415, 420, -1, 192, 258, 20.0, 21, Earpa, 10954, 0, 0, 0, , 0, 0, 0, 0, 0, 
419, 1, 416, 421, -1, 249, 195, 29.0, 15, MSppappp, 5697, 0, 0, 0, , 0, 0, 0, 0, 0, 
420, 1, 417, 422, -1, 128, 274, 24.0, 19, Eprpa, 12812, 0, 0, 0, , 0, 0, 0, 0, 0, 
421, 1, 418, 423, -1, 217, 249, 34.0, 19, ABarpaappa, 5717, 0, 0, 0, , 0, 0, 0, 0, 0, 
422, 1, 419, 424, -1, 201, 303, 34.0, 19, ABarppaapa, 3350, 0, 0, 0, , 0, 0, 0, 0, 0, 
423, 1, 420, 425, -1, 120, 255, 34.0, 23, Cpaaap, 8219, 0, 0, 0, , 0, 0, 0, 0, 0, 
424, 1, 421, 426, -1, 114, 328, 33.0, 21, Caaapa, 2246, 0, 0, 0, , 0, 0, 0, 0, 0, 
425, 1, 422, 427, -1, 106, 283, 33.0, 19, Cpaapa, 3822, 0, 0, 0, , 0, 0, 0, 0, 0, 
426, 1, 423, 428, -1, 131, 299, 19.0, 23, Eplpp, 36124, 0, 0, 0, , 0, 0, 0, 0, 0, 
427, 1, 424, 429, -1, 206, 292, 15.0, 13, MSaappap, 4729, 0, 0, 0, , 0, 0, 0, 0, 0, 
428, 1, 425, 430, -1, 183, 297, 15.0, 17, Z3, 15561, 0, 0, 0, , 0, 0, 0, 0, 0, 
429, 1, 426, 431, -1, 184, 227, 34.0, 17, ABarpppapa, 3476, 0, 0, 0, , 0, 0, 0, 0, 0, 
430, 1, 427, 432, -1, 263, 172, 13.0, 15, ABalaapapp, 7698, 0, 0, 0, , 0, 0, 0, 0, 0, 
431, 1, 428, 433, -1, 212, 273, 15.0, 13, MSaappaa, 4693, 0, 0, 0, , 0, 0, 0, 0, 0, 
432, 0, 429, -1, -1, 189, 245, 25.0, 23, , 14666, 0, 0, 0, , 0, 0, 0, 0, 0, 
433, 1, 430, 435, -1, 160, 243, 33.0, 19, Cpaaaa, 2818, 0, 0, 0, , 0, 0, 0, 0, 0, 
434, 1, 431, 436, -1, 281, 244, 25.0, 13, MSaaapapa, 3124, 0, 0, 0, , 0, 0, 0, 0, 0, 
435, 1, 432, 437, -1, 247, 337, 20.0, 13, ABplppaaaap, 2950, 0, 0, 0, , 0, 0, 0, 0, 0, 
436, 1, 433, 439, -1, 138, 310, 33.0, 15, Caaaap, 0, 0, 0, 0, , 0, 0, 0, 0, 0, 
437, 1, 434, 440, -1, 175, 302, 33.0, 17, Caaaaa, 0, 0, 0, 0, , 0, 0, 0, 0, 0, 
438, 1, 435, 441, -1, 131, 311, 9.0, 10, ABplpppapap, 0, 0, 0, 0, , 0, 0, 0, 0, 0, 
