1, 1, 1, 1, -1, 308, 209, 24.0, 15, ABaraappaa, 9411, 0, 0, 0, , 0, 0, 0, 0, 0, 
2, 1, 2, 2, -1, 268, 208, 24.0, 15, ABaraappapp, 6110, 0, 0, 0, , 0, 0, 0, 0, 0, 
3, 1, 3, 3, -1, 289, 207, 24.0, 15, ABaraappapa, 5574, 0, 0, 0, , 0, 0, 0, 0, 0, 
4, 1, 4, 4, -1, 252, 229, 23.0, 15, MSpaapapa, 4758, 0, 0, 0, , 0, 0, 0, 0, 0, 
5, 1, 5, 5, -1, 260, 214, 20.0, 17, ABaraapppaa, 5285, 0, 0, 0, , 0, 0, 0, 0, 0, 
6, 1, 6, 6, -1, 238, 245, 19.0, 13, ABaraappppp, 4668, 0, 0, 0, , 0, 0, 0, 0, 0, 
7, 1, 7, 7, -1, 266, 269, 20.0, 13, ABaraapappa, 5967, 0, 0, 0, , 0, 0, 0, 0, 0, 
8, 1, 8, 8, -1, 245, 259, 19.0, 13, ABaraapappp, 6254, 0, 0, 0, , 0, 0, 0, 0, 0, 
9, 1, 9, 9, -1, 263, 260, 23.0, 17, ABaraapapap, 7192, 0, 0, 0, , 0, 0, 0, 0, 0, 
10, 1, 10, 10, -1, 275, 252, 23.0, 17, ABaraapapaa, 6697, 0, 0, 0, , 0, 0, 0, 0, 0, 
11, 1, 11, 11, -1, 320, 221, 21.0, 13, ABaraapaaaa, 6389, 0, 0, 0, , 0, 0, 0, 0, 0, 
12, 1, 12, 12, -1, 313, 230, 25.0, 13, ABaraapaaap, 7119, 0, 0, 0, , 0, 0, 0, 0, 0, 
13, 1, 13, 13, -1, 289, 243, 25.0, 17, ABaraapaapp, 6820, 0, 0, 0, , 0, 0, 0, 0, 0, 
14, 1, 14, 14, -1, 302, 232, 24.0, 15, ABaraapaapa, 7010, 0, 0, 0, , 0, 0, 0, 0, 0, 
15, 1, 15, 15, -1, 314, 219, 11.0, 17, ABaraaappa, 8206, 0, 0, 0, , 0, 0, 0, 0, 0, 
16, 1, 16, 16, -1, 301, 208, 11.0, 13, ABaraaapppa, 3554, 0, 0, 0, , 0, 0, 0, 0, 0, 
17, 1, 17, 17, -1, 276, 205, 10.0, 11, ABaraaapppp, 4036, 0, 0, 0, , 0, 0, 0, 0, 0, 
18, 1, 18, 18, -1, 311, 211, 18.0, 13, ABaraaapaaa, 3145, 0, 0, 0, , 0, 0, 0, 0, 0, 
19, 1, 19, 19, -1, 287, 219, 20.0, 17, ABaraaapapa, 5898, 0, 0, 0, , 0, 0, 0, 0, 0, 
20, 1, 20, 20, -1, 299, 205, 20.0, 13, ABaraaapaap, 4984, 0, 0, 0, , 0, 0, 0, 0, 0, 
21, 1, 21, 21, -1, 274, 223, 21.0, 15, ABaraaapapp, 4956, 0, 0, 0, , 0, 0, 0, 0, 0, 
22, 1, 22, 22, -1, 312, 234, 17.0, 15, ABaraaaaaa, 6671, 0, 0, 0, , 0, 0, 0, 0, 0, 
23, 1, 23, 23, -1, 299, 212, 16.0, 17, ABaraaaaap, 5849, 0, 0, 0, , 0, 0, 0, 0, 0, 
24, 1, 24, 24, -1, 300, 227, 28.0, 11, ABaraaaapp, 6011, 0, 0, 0, , 0, 0, 0, 0, 0, 
25, 1, 25, 25, -1, 325, 216, 17.0, 15, ABaraaaapa, 5585, 0, 0, 0, , 0, 0, 0, 0, 0, 
26, 1, 26, 26, -1, 237, 246, 10.0, 15, ABarapapapp, 6665, 0, 0, 0, , 0, 0, 0, 0, 0, 
27, 1, 27, 27, -1, 255, 238, 11.0, 13, ABarapapapa, 6206, 0, 0, 0, , 0, 0, 0, 0, 0, 
28, 1, 28, 28, -1, 264, 233, 14.0, 15, ABarapapaap, 7884, 0, 0, 0, , 0, 0, 0, 0, 0, 
29, 1, 29, 29, -1, 270, 216, 15.0, 13, ABarapapaaa, 6868, 0, 0, 0, , 0, 0, 0, 0, 0, 
30, 1, 30, 30, -1, 218, 240, 13.0, 17, ABarapapppp, 10886, 0, 0, 0, , 0, 0, 0, 0, 0, 
31, 1, 31, 31, -1, 248, 225, 15.0, 15, ABarapappa, 10660, 0, 0, 0, , 0, 0, 0, 0, 0, 
32, 1, 32, 32, -1, 279, 225, 11.0, 15, ABarapaaap, 8742, 0, 0, 0, , 0, 0, 0, 0, 0, 
33, 1, 33, 33, -1, 291, 223, 13.0, 17, ABarapaaaa, 10576, 0, 0, 0, , 0, 0, 0, 0, 0, 
34, 1, 34, 34, -1, 281, 213, 17.0, 17, ABarapaapa, 10897, 0, 0, 0, , 0, 0, 0, 0, 0, 
35, 1, 35, 35, -1, 248, 221, 18.0, 15, ABarapaappp, 9521, 0, 0, 0, , 0, 0, 0, 0, 0, 
36, 1, 36, 36, -1, 264, 231, 18.0, 15, ABarapaappa, 8401, 0, 0, 0, , 0, 0, 0, 0, 0, 
37, 1, 37, 37, -1, 256, 205, 10.0, 15, ABarapppapa, 5130, 0, 0, 0, , 0, 0, 0, 0, 0, 
38, 1, 38, 38, -1, 232, 206, 9.0, 15, ABarapppapp, 5150, 0, 0, 0, , 0, 0, 0, 0, 0, 
39, 1, 39, 39, -1, 289, 196, 10.0, 13, ABarapppaaa, 5089, 0, 0, 0, , 0, 0, 0, 0, 0, 
40, 1, 40, 40, -1, 265, 188, 9.0, 13, ABarapppaap, 6160, 0, 0, 0, , 0, 0, 0, 0, 0, 
41, 1, 41, 41, -1, 258, 197, 13.0, 13, ABarappppap, 4707, 0, 0, 0, , 0, 0, 0, 0, 0, 
42, 1, 42, 42, -1, 272, 189, 14.0, 13, ABarappppaa, 5279, 0, 0, 0, , 0, 0, 0, 0, 0, 
43, 1, 43, 43, -1, 242, 195, 12.0, 11, ABarapppppa, 4541, 0, 0, 0, , 0, 0, 0, 0, 0, 
44, 1, 44, 44, -1, 227, 189, 12.0, 13, ABarapppppp, 4486, 0, 0, 0, , 0, 0, 0, 0, 0, 
45, 1, 45, 45, -1, 248, 211, 11.0, 15, ABarappaaap, 5017, 0, 0, 0, , 0, 0, 0, 0, 0, 
46, 1, 46, 46, -1, 267, 223, 10.0, 15, ABarappaaaa, 5066, 0, 0, 0, , 0, 0, 0, 0, 0, 
47, 1, 47, 47, -1, 243, 227, 10.0, 19, ABarappaap, 12388, 0, 0, 0, , 0, 0, 0, 0, 0, 
48, 1, 48, 48, -1, 216, 219, 10.0, 15, ABarappapap, 7565, 0, 0, 0, , 0, 0, 0, 0, 0, 
49, 1, 49, 49, -1, 219, 195, 10.0, 15, ABarappapaa, 6328, 0, 0, 0, , 0, 0, 0, 0, 0, 
50, 1, 50, 50, -1, 172, 210, 11.0, 15, ABarappappp, 5932, 0, 0, 0, , 0, 0, 0, 0, 0, 
51, 1, 51, 51, -1, 198, 208, 10.0, 15, ABarappappa, 7801, 0, 0, 0, , 0, 0, 0, 0, 0, 
52, 1, 52, 52, -1, 226, 175, 31.0, 17, ABarpapppa, 6597, 0, 0, 0, , 0, 0, 0, 0, 0, 
53, 1, 53, 53, -1, 220, 184, 34.0, 19, ABarpapppp, 6168, 0, 0, 0, , 0, 0, 0, 0, 0, 
54, 1, 54, 54, -1, 251, 173, 33.0, 17, ABarpappap, 8178, 0, 0, 0, , 0, 0, 0, 0, 0, 
55, 1, 55, 55, -1, 299, 185, 34.0, 17, ABarpapaaa, 7327, 0, 0, 0, , 0, 0, 0, 0, 0, 
56, 1, 56, 56, -1, 292, 195, 30.0, 11, ABarpapaapa, 3211, 0, 0, 0, , 0, 0, 0, 0, 0, 
57, 1, 57, 57, -1, 279, 195, 33.0, 15, ABarpapaapp, 4034, 0, 0, 0, , 0, 0, 0, 0, 0, 
58, 1, 58, 58, -1, 243, 215, 34.0, 17, ABarpapapp, 7440, 0, 0, 0, , 0, 0, 0, 0, 0, 
59, 1, 59, 59, -1, 281, 216, 35.0, 13, ABarpapapa, 7089, 0, 0, 0, , 0, 0, 0, 0, 0, 
60, 1, 60, 60, -1, 223, 266, 34.0, 19, ABarpaappp, 5403, 0, 0, 0, , 0, 0, 0, 0, 0, 
61, 1, 61, 61, -1, 261, 218, 35.0, 15, ABarpaapaa, 4011, 0, 0, 0, , 0, 0, 0, 0, 0, 
62, 1, 62, 62, -1, 248, 253, 35.0, 21, ABarpaapap, 23753, 0, 0, 0, , 0, 0, 0, 0, 0, 
63, 1, 63, 63, -1, 329, 209, 32.0, 17, ABarpaaaaa, 8465, 0, 0, 0, , 0, 0, 0, 0, 0, 
64, 1, 64, 64, -1, 304, 232, 35.0, 17, ABarpaaaap, 8962, 0, 0, 0, , 0, 0, 0, 0, 0, 
65, 1, 65, 65, -1, 279, 233, 35.0, 11, ABarpaaapp, 4665, 0, 0, 0, , 0, 0, 0, 0, 0, 
66, 1, 66, 66, -1, 302, 208, 35.0, 17, ABarpaaapa, 8122, 0, 0, 0, , 0, 0, 0, 0, 0, 
67, 1, 67, 67, -1, 239, 326, 34.0, 15, ABarppaaap, 5622, 0, 0, 0, , 0, 0, 0, 0, 0, 
68, 1, 68, 68, -1, 199, 330, 33.0, 15, ABarppaapp, 5450, 0, 0, 0, , 0, 0, 0, 0, 0, 
69, 1, 69, 69, -1, 140, 352, 31.0, 17, ABarppappa, 6439, 0, 0, 0, , 0, 0, 0, 0, 0, 
70, 1, 70, 70, -1, 108, 358, 22.0, 17, ABarppappp, 6716, 0, 0, 0, , 0, 0, 0, 0, 0, 
71, 1, 71, 71, -1, 190, 349, 32.0, 17, ABarppapap, 6487, 0, 0, 0, , 0, 0, 0, 0, 0, 
72, 1, 72, 72, -1, 217, 335, 33.0, 17, ABarppapaa, 10566, 0, 0, 0, , 0, 0, 0, 0, 0, 
73, 1, 73, 73, -1, 75, 254, 22.0, 15, ABarpppppp, 6215, 0, 0, 0, , 0, 0, 0, 0, 0, 
74, 1, 74, 74, -1, 99, 244, 30.0, 17, ABarpppppa, 5499, 0, 0, 0, , 0, 0, 0, 0, 0, 
75, 1, 75, 75, -1, 169, 196, 32.0, 17, ABarppppaa, 6500, 0, 0, 0, , 0, 0, 0, 0, 0, 
76, 1, 76, 76, -1, 141, 213, 32.0, 15, ABarppppap, 6421, 0, 0, 0, , 0, 0, 0, 0, 0, 
77, 1, 77, 77, -1, 197, 195, 35.0, 19, ABarpppaap, 6804, 0, 0, 0, , 0, 0, 0, 0, 0, 
78, 1, 78, 78, -1, 217, 210, 34.0, 15, ABarpppaaa, 3022, 0, 0, 0, , 0, 0, 0, 0, 0, 
79, 1, 79, 79, -1, 321, 189, 26.0, 13, ABalappppaa, 2731, 0, 0, 0, , 0, 0, 0, 0, 0, 
80, 1, 80, 80, -1, 304, 185, 28.0, 13, ABalappppap, 3353, 0, 0, 0, , 0, 0, 0, 0, 0, 
81, 1, 81, 81, -1, 282, 180, 32.0, 15, ABalapppppp, 1755, 0, 0, 0, , 0, 0, 0, 0, 0, 
82, 1, 82, 82, -1, 337, 197, 24.0, 15, ABalapppaaa, 1504, 0, 0, 0, , 0, 0, 0, 0, 0, 
83, 1, 83, 83, -1, 329, 195, 28.0, 13, ABalapppaap, 2824, 0, 0, 0, , 0, 0, 0, 0, 0, 
84, 1, 84, 84, -1, 317, 197, 30.0, 11, ABalapppapa, 2233, 0, 0, 0, , 0, 0, 0, 0, 0, 
85, 1, 85, 85, -1, 309, 183, 25.0, 17, ABalappapa, 6781, 0, 0, 0, , 0, 0, 0, 0, 0, 
86, 0, 86, -1, -1, 342, 207, 28.0, 13, , 4399, 0, 0, 0, , 0, 0, 0, 0, 0, 
87, 1, 87, 87, -1, 321, 169, 24.0, 13, ABalappappa, 2678, 0, 0, 0, , 0, 0, 0, 0, 0, 
88, 1, 88, 88, -1, 304, 165, 27.0, 15, ABalappappp, 2064, 0, 0, 0, , 0, 0, 0, 0, 0, 
89, 1, 89, 89, -1, 313, 268, 35.0, 11, ABalapapppp, 1486, 0, 0, 0, , 0, 0, 0, 0, 0, 
90, 1, 90, 90, -1, 325, 263, 33.0, 11, ABalapapppa, 2009, 0, 0, 0, , 0, 0, 0, 0, 0, 
91, 1, 91, 91, -1, 335, 237, 26.0, 13, ABalapappaa, 2467, 0, 0, 0, , 0, 0, 0, 0, 0, 
92, 1, 92, 92, -1, 329, 255, 29.0, 13, ABalapappap, 3424, 0, 0, 0, , 0, 0, 0, 0, 0, 
93, 1, 93, 93, -1, 324, 228, 34.0, 13, ABalapapaa, 5537, 0, 0, 0, , 0, 0, 0, 0, 0, 
94, 1, 94, 94, -1, 314, 245, 33.0, 11, ABalapapapp, 2611, 0, 0, 0, , 0, 0, 0, 0, 0, 
95, 1, 95, 95, -1, 337, 248, 25.0, 17, ABalapaaaa, 18322, 0, 0, 0, , 0, 0, 0, 0, 0, 
96, 1, 96, 96, -1, 352, 248, 26.0, 15, ABalapaaapa, 4710, 0, 0, 0, , 0, 0, 0, 0, 0, 
97, 1, 97, 97, -1, 348, 263, 29.0, 15, ABalapaaapp, 4762, 0, 0, 0, , 0, 0, 0, 0, 0, 
98, 1, 98, 98, -1, 346, 253, 22.0, 15, ABalapaappa, 3315, 0, 0, 0, , 0, 0, 0, 0, 0, 
99, 1, 99, 99, -1, 332, 264, 19.0, 15, ABalapaapa, 7615, 0, 0, 0, , 0, 0, 0, 0, 0, 
100, 1, 100, 100, -1, 343, 270, 24.0, 13, ABalapaappp, 4004, 0, 0, 0, , 0, 0, 0, 0, 0, 
101, 1, 101, 101, -1, 314, 192, 15.0, 15, ABalaapaaa, 8061, 0, 0, 0, , 0, 0, 0, 0, 0, 
102, 1, 102, 102, -1, 246, 178, 10.0, 15, ABalaapapa, 5796, 0, 0, 0, , 0, 0, 0, 0, 0, 
103, 1, 103, 103, -1, 305, 193, 11.0, 15, ABalaapaap, 6155, 0, 0, 0, , 0, 0, 0, 0, 0, 
104, 1, 104, 104, -1, 302, 181, 14.0, 11, ABalaappapa, 3551, 0, 0, 0, , 0, 0, 0, 0, 0, 
105, 1, 105, 105, -1, 278, 183, 10.0, 11, ABalaappapp, 788, 0, 0, 0, , 0, 0, 0, 0, 0, 
106, 1, 106, 106, -1, 278, 174, 11.0, 19, ABalaappaa, 13349, 0, 0, 0, , 0, 0, 0, 0, 0, 
107, 1, 107, 107, -1, 299, 170, 23.0, 15, ABalaappppp, 4150, 0, 0, 0, , 0, 0, 0, 0, 0, 
108, 1, 108, 108, -1, 314, 177, 20.0, 17, ABalaappppa, 4011, 0, 0, 0, , 0, 0, 0, 0, 0, 
109, 1, 109, 109, -1, 297, 185, 20.0, 15, ABalaapppa, 5218, 0, 0, 0, , 0, 0, 0, 0, 0, 
110, 1, 110, 110, -1, 340, 255, 13.0, 15, ABalaaaalp, 7492, 0, 0, 0, , 0, 0, 0, 0, 0, 
111, 1, 111, 111, -1, 331, 199, 18.0, 17, ABalaaaarr, 9675, 0, 0, 0, , 0, 0, 0, 0, 0, 
112, 1, 112, 112, -1, 342, 222, 17.0, 17, ABalaaaarl, 15082, 0, 0, 0, , 0, 0, 0, 0, 0, 
113, 1, 113, 113, -1, 333, 188, 21.0, 17, ABalaaappl, 8193, 0, 0, 0, , 0, 0, 0, 0, 0, 
114, 1, 114, 114, -1, 321, 184, 18.0, 13, ABalaaapprr, 4534, 0, 0, 0, , 0, 0, 0, 0, 0, 
115, 1, 115, 115, -1, 301, 177, 17.0, 15, ABalaaapprl, 6356, 0, 0, 0, , 0, 0, 0, 0, 0, 
116, 1, 116, 116, -1, 345, 218, 22.0, 17, ABalaaapar, 9196, 0, 0, 0, , 0, 0, 0, 0, 0, 
117, 1, 117, 117, -1, 355, 262, 19.0, 15, ABalaaapalr, 4527, 0, 0, 0, , 0, 0, 0, 0, 0, 
118, 1, 118, 118, -1, 158, 325, 10.0, 15, ABplppppapa, 4362, 0, 0, 0, , 0, 0, 0, 0, 0, 
119, 1, 119, 119, -1, 146, 313, 10.0, 13, ABplppppapp, 3525, 0, 0, 0, , 0, 0, 0, 0, 0, 
120, 1, 120, 120, -1, 174, 303, 10.0, 13, ABplppppaaa, 5495, 0, 0, 0, , 0, 0, 0, 0, 0, 
121, 1, 121, 121, -1, 163, 304, 11.0, 13, ABplppppaap, 5105, 0, 0, 0, , 0, 0, 0, 0, 0, 
122, 1, 122, 122, -1, 93, 322, 12.0, 13, ABplppppppp, 4344, 0, 0, 0, , 0, 0, 0, 0, 0, 
123, 1, 123, 123, -1, 105, 312, 10.0, 13, ABplppppppa, 3492, 0, 0, 0, , 0, 0, 0, 0, 0, 
124, 1, 124, 124, -1, 136, 310, 13.0, 15, ABplpppppap, 4138, 0, 0, 0, , 0, 0, 0, 0, 0, 
125, 1, 125, 125, -1, 158, 306, 16.0, 15, ABplpppppaa, 5134, 0, 0, 0, , 0, 0, 0, 0, 0, 
126, 1, 126, 126, -1, 117, 314, 12.0, 11, ABplpppapp, 4123, 0, 0, 0, , 0, 0, 0, 0, 0, 
127, 1, 127, 127, -1, 135, 324, 10.0, 13, ABplpppapaa, 4807, 0, 0, 0, , 0, 0, 0, 0, 0, 
128, 1, 128, 128, -1, 132, 343, 11.0, 13, ABplpppaapp, 4619, 0, 0, 0, , 0, 0, 0, 0, 0, 
129, 1, 129, 129, -1, 150, 340, 11.0, 13, ABplpppaapa, 3972, 0, 0, 0, , 0, 0, 0, 0, 0, 
130, 1, 130, 130, -1, 177, 325, 9.0, 13, ABplpppaaaa, 5019, 0, 0, 0, , 0, 0, 0, 0, 0, 
131, 1, 131, 131, -1, 165, 341, 12.0, 13, ABplpppaaap, 5121, 0, 0, 0, , 0, 0, 0, 0, 0, 
132, 1, 132, 132, -1, 184, 334, 13.0, 15, ABplppappp, 7661, 0, 0, 0, , 0, 0, 0, 0, 0, 
133, 1, 133, 133, -1, 201, 326, 11.0, 13, ABplppappap, 3923, 0, 0, 0, , 0, 0, 0, 0, 0, 
134, 1, 134, 134, -1, 222, 324, 13.0, 13, ABplppappaa, 4356, 0, 0, 0, , 0, 0, 0, 0, 0, 
135, 1, 135, 135, -1, 207, 338, 15.0, 15, ABplppapaap, 5487, 0, 0, 0, , 0, 0, 0, 0, 0, 
136, 1, 136, 136, -1, 193, 339, 16.0, 17, ABplppapap, 7511, 0, 0, 0, , 0, 0, 0, 0, 0, 
137, 1, 137, 137, -1, 210, 309, 9.0, 15, ABplppaappa, 6023, 0, 0, 0, , 0, 0, 0, 0, 0, 
138, 1, 138, 138, -1, 191, 315, 10.0, 13, ABplppaappp, 5390, 0, 0, 0, , 0, 0, 0, 0, 0, 
139, 1, 139, 139, -1, 266, 308, 18.0, 13, ABplppaaaaa, 4043, 0, 0, 0, , 0, 0, 0, 0, 0, 
140, 1, 140, 140, -1, 252, 315, 19.0, 13, ABplppaaap, 8491, 0, 0, 0, , 0, 0, 0, 0, 0, 
141, 1, 141, 141, -1, 245, 273, 9.0, 17, ABplpappaaa, 7185, 0, 0, 0, , 0, 0, 0, 0, 0, 
142, 1, 142, 142, -1, 234, 288, 11.0, 13, ABplpappaap, 1275, 0, 0, 0, , 0, 0, 0, 0, 0, 
143, 1, 143, 143, -1, 222, 275, 11.0, 15, ABplpappap, 6718, 0, 0, 0, , 0, 0, 0, 0, 0, 
144, 1, 144, 144, -1, 143, 298, 10.0, 13, ABplpappppp, 4098, 0, 0, 0, , 0, 0, 0, 0, 0, 
145, 1, 145, 145, -1, 162, 281, 10.0, 13, ABplpappppa, 3901, 0, 0, 0, , 0, 0, 0, 0, 0, 
146, 1, 146, 146, -1, 183, 284, 10.0, 13, ABplpapppaa, 4893, 0, 0, 0, , 0, 0, 0, 0, 0, 
147, 1, 147, 147, -1, 166, 266, 10.0, 13, ABplpapppap, 4141, 0, 0, 0, , 0, 0, 0, 0, 0, 
148, 1, 148, 148, -1, 214, 295, 10.0, 13, ABplpapappa, 3467, 0, 0, 0, , 0, 0, 0, 0, 0, 
149, 1, 149, 149, -1, 192, 298, 10.0, 13, ABplpapappp, 3507, 0, 0, 0, , 0, 0, 0, 0, 0, 
150, 1, 150, 150, -1, 223, 307, 12.0, 13, ABplpapapap, 3920, 0, 0, 0, , 0, 0, 0, 0, 0, 
151, 1, 151, 151, -1, 240, 302, 12.0, 13, ABplpapapaa, 3406, 0, 0, 0, , 0, 0, 0, 0, 0, 
152, 1, 152, 152, -1, 271, 298, 14.0, 11, ABplpapaapa, 3514, 0, 0, 0, , 0, 0, 0, 0, 0, 
153, 1, 153, 153, -1, 254, 313, 15.0, 13, ABplpapaapp, 3704, 0, 0, 0, , 0, 0, 0, 0, 0, 
154, 1, 154, 154, -1, 255, 299, 12.0, 13, ABplpapaaap, 3007, 0, 0, 0, , 0, 0, 0, 0, 0, 
155, 1, 155, 155, -1, 273, 285, 12.0, 13, ABplpapaaaa, 2751, 0, 0, 0, , 0, 0, 0, 0, 0, 
156, 1, 156, 156, -1, 247, 336, 16.0, 13, ABplpaaaapp, 5608, 0, 0, 0, , 0, 0, 0, 0, 0, 
157, 1, 157, 157, -1, 259, 326, 14.0, 13, ABplpaaaapa, 8983, 0, 0, 0, , 0, 0, 0, 0, 0, 
158, 1, 158, 158, -1, 294, 286, 16.0, 15, ABplpaaaaap, 5321, 0, 0, 0, , 0, 0, 0, 0, 0, 
159, 1, 159, 159, -1, 309, 275, 16.0, 15, ABplpaaaaaa, 7238, 0, 0, 0, , 0, 0, 0, 0, 0, 
160, 1, 160, 160, -1, 307, 303, 17.0, 17, ABplpaaapa, 8716, 0, 0, 0, , 0, 0, 0, 0, 0, 
161, 1, 161, 161, -1, 288, 311, 15.0, 15, ABplpaaappa, 5430, 0, 0, 0, , 0, 0, 0, 0, 0, 
162, 1, 162, 162, -1, 274, 315, 15.0, 13, ABplpaaappp, 4798, 0, 0, 0, , 0, 0, 0, 0, 0, 
163, 1, 163, 163, -1, 264, 306, 26.0, 13, ABplpaappap, 5078, 0, 0, 0, , 0, 0, 0, 0, 0, 
164, 1, 164, 164, -1, 283, 302, 23.0, 15, ABplpaappaa, 5312, 0, 0, 0, , 0, 0, 0, 0, 0, 
165, 1, 165, 165, -1, 293, 316, 18.0, 15, ABplpaapppa, 6067, 0, 0, 0, , 0, 0, 0, 0, 0, 
166, 1, 166, 166, -1, 301, 316, 20.0, 15, ABplpaapapp, 6091, 0, 0, 0, , 0, 0, 0, 0, 0, 
167, 1, 167, 167, -1, 278, 322, 19.0, 13, ABplpaapppp, 4702, 0, 0, 0, , 0, 0, 0, 0, 0, 
168, 1, 168, 168, -1, 304, 296, 20.0, 15, ABplpaapaap, 5428, 0, 0, 0, , 0, 0, 0, 0, 0, 
169, 1, 169, 169, -1, 305, 276, 18.0, 15, ABplpaapaaa, 7930, 0, 0, 0, , 0, 0, 0, 0, 0, 
170, 1, 170, 170, -1, 308, 312, 24.0, 15, ABplpaapapa, 6478, 0, 0, 0, , 0, 0, 0, 0, 0, 
171, 1, 171, 171, -1, 272, 329, 24.0, 15, ABplaappap, 12220, 0, 0, 0, , 0, 0, 0, 0, 0, 
172, 1, 172, 172, -1, 288, 321, 23.0, 15, ABplaappaa, 5360, 0, 0, 0, , 0, 0, 0, 0, 0, 
173, 1, 173, 173, -1, 260, 330, 26.0, 15, ABplaapppa, 6818, 0, 0, 0, , 0, 0, 0, 0, 0, 
174, 1, 174, 174, -1, 231, 346, 22.0, 15, ABplaapppp, 4876, 0, 0, 0, , 0, 0, 0, 0, 0, 
175, 1, 175, 175, -1, 341, 232, 29.0, 13, ABplaapaaaa, 4165, 0, 0, 0, , 0, 0, 0, 0, 0, 
176, 1, 176, 176, -1, 340, 255, 32.0, 13, ABplaapaaap, 4867, 0, 0, 0, , 0, 0, 0, 0, 0, 
177, 1, 177, 177, -1, 343, 268, 32.0, 15, ABplaapaapa, 4858, 0, 0, 0, , 0, 0, 0, 0, 0, 
178, 1, 178, 178, -1, 328, 280, 30.0, 15, ABplaapaapp, 5928, 0, 0, 0, , 0, 0, 0, 0, 0, 
179, 1, 179, 179, -1, 290, 293, 30.0, 15, ABplaapappp, 3032, 0, 0, 0, , 0, 0, 0, 0, 0, 
180, 1, 180, 180, -1, 308, 280, 30.0, 13, ABplaapappa, 4236, 0, 0, 0, , 0, 0, 0, 0, 0, 
181, 1, 181, 181, -1, 301, 292, 27.0, 15, ABplaapapap, 4367, 0, 0, 0, , 0, 0, 0, 0, 0, 
182, 1, 182, 182, -1, 311, 275, 26.0, 15, ABplaapapaa, 4456, 0, 0, 0, , 0, 0, 0, 0, 0, 
183, 1, 183, 183, -1, 298, 257, 33.0, 13, ABplaaaaapp, 4273, 0, 0, 0, , 0, 0, 0, 0, 0, 
184, 1, 184, 184, -1, 312, 256, 30.0, 13, ABplaaaaapa, 4740, 0, 0, 0, , 0, 0, 0, 0, 0, 
185, 1, 185, 185, -1, 325, 248, 36.0, 17, ABplaaaaaa, 7112, 0, 0, 0, , 0, 0, 0, 0, 0, 
186, 1, 186, 186, -1, 267, 262, 34.0, 17, ABplaaaapp, 6565, 0, 0, 0, , 0, 0, 0, 0, 0, 
187, 1, 187, 187, -1, 282, 251, 34.0, 13, ABplaaaapa, 4227, 0, 0, 0, , 0, 0, 0, 0, 0, 
188, 0, 188, -1, -1, 266, 298, 33.0, 13, , 5789, 0, 0, 0, , 0, 0, 0, 0, 0, 
189, 1, 189, 189, -1, 283, 300, 33.0, 17, ABplaaappa, 4186, 0, 0, 0, , 0, 0, 0, 0, 0, 
190, 1, 190, 190, -1, 267, 297, 33.0, 13, ABplaaappp, 2877, 0, 0, 0, , 0, 0, 0, 0, 0, 
191, 1, 191, 191, -1, 302, 298, 33.0, 17, ABplaaapap, 6787, 0, 0, 0, , 0, 0, 0, 0, 0, 
192, 1, 192, 192, -1, 308, 279, 34.0, 13, ABplaaapaa, 7144, 0, 0, 0, , 0, 0, 0, 0, 0, 
193, 1, 193, 193, -1, 135, 351, 14.0, 17, ABplappppa, 6337, 0, 0, 0, , 0, 0, 0, 0, 0, 
194, 1, 194, 194, -1, 104, 335, 12.0, 15, ABplappppp, 6660, 0, 0, 0, , 0, 0, 0, 0, 0, 
195, 1, 195, 195, -1, 118, 345, 16.0, 15, ABplapppaa, 7037, 0, 0, 0, , 0, 0, 0, 0, 0, 
196, 1, 196, 196, -1, 124, 330, 13.0, 15, ABplapppap, 3139, 0, 0, 0, , 0, 0, 0, 0, 0, 
197, 1, 197, 197, -1, 196, 356, 24.0, 15, ABplappaaa, 7750, 0, 0, 0, , 0, 0, 0, 0, 0, 
198, 1, 198, 198, -1, 176, 361, 25.0, 15, ABplappaap, 6754, 0, 0, 0, , 0, 0, 0, 0, 0, 
199, 1, 199, 199, -1, 162, 364, 22.0, 15, ABplappapp, 8496, 0, 0, 0, , 0, 0, 0, 0, 0, 
200, 1, 200, 200, -1, 166, 348, 32.0, 17, ABplappapa, 10000, 0, 0, 0, , 0, 0, 0, 0, 0, 
201, 1, 201, 201, -1, 211, 351, 26.0, 15, ABplapaapp, 9064, 0, 0, 0, , 0, 0, 0, 0, 0, 
202, 1, 202, 202, -1, 246, 340, 27.0, 15, ABplapaapa, 7539, 0, 0, 0, , 0, 0, 0, 0, 0, 
203, 1, 203, 203, -1, 245, 291, 34.0, 15, ABarppaaaa, 3682, 0, 0, 0, , 0, 0, 0, 0, 0, 
204, 1, 204, 204, -1, 239, 333, 30.0, 15, ABplapaaapp, 4878, 0, 0, 0, , 0, 0, 0, 0, 0, 
205, 1, 205, 205, -1, 253, 316, 30.0, 15, ABplapaaapa, 6498, 0, 0, 0, , 0, 0, 0, 0, 0, 
206, 1, 206, 206, -1, 101, 345, 19.0, 19, ABplapappp, 8992, 0, 0, 0, , 0, 0, 0, 0, 0, 
207, 1, 207, 207, -1, 140, 371, 22.0, 17, ABplapapap, 7624, 0, 0, 0, , 0, 0, 0, 0, 0, 
208, 1, 208, 208, -1, 130, 362, 18.0, 17, ABplapappa, 6328, 0, 0, 0, , 0, 0, 0, 0, 0, 
209, 1, 209, 209, -1, 124, 359, 27.0, 19, ABplapapaa, 9772, 0, 0, 0, , 0, 0, 0, 0, 0, 
210, 1, 210, 210, -1, 231, 209, 12.0, 11, ABprpapaaaa, 3443, 0, 0, 0, , 0, 0, 0, 0, 0, 
211, 1, 211, 211, -1, 200, 204, 13.0, 13, ABprpapaapp, 4060, 0, 0, 0, , 0, 0, 0, 0, 0, 
212, 1, 212, 212, -1, 182, 236, 11.0, 13, ABprpapappa, 3569, 0, 0, 0, , 0, 0, 0, 0, 0, 
213, 1, 213, 213, -1, 176, 256, 10.0, 13, ABprpapappp, 3798, 0, 0, 0, , 0, 0, 0, 0, 0, 
214, 1, 214, 214, -1, 183, 225, 12.0, 13, ABprpapapap, 3869, 0, 0, 0, , 0, 0, 0, 0, 0, 
215, 1, 215, 215, -1, 202, 224, 12.0, 11, ABprpapapaa, 3302, 0, 0, 0, , 0, 0, 0, 0, 0, 
216, 1, 216, 216, -1, 128, 288, 12.0, 13, ABprpappppp, 3873, 0, 0, 0, , 0, 0, 0, 0, 0, 
217, 1, 217, 217, -1, 150, 287, 12.0, 13, ABprpappppa, 3574, 0, 0, 0, , 0, 0, 0, 0, 0, 
218, 1, 218, 218, -1, 200, 243, 11.0, 15, ABprpapppaa, 8157, 0, 0, 0, , 0, 0, 0, 0, 0, 
219, 1, 219, 219, -1, 191, 263, 11.0, 17, ABprpapppap, 4739, 0, 0, 0, , 0, 0, 0, 0, 0, 
220, 1, 220, 220, -1, 200, 277, 10.0, 17, ABprpappapp, 5108, 0, 0, 0, , 0, 0, 0, 0, 0, 
221, 1, 221, 221, -1, 215, 237, 10.0, 13, ABprpappaap, 4669, 0, 0, 0, , 0, 0, 0, 0, 0, 
222, 1, 222, 222, -1, 228, 245, 9.0, 15, ABprpappaaa, 4050, 0, 0, 0, , 0, 0, 0, 0, 0, 
223, 1, 223, 223, -1, 243, 186, 16.0, 15, ABprpaaaaap, 4425, 0, 0, 0, , 0, 0, 0, 0, 0, 
224, 1, 224, 224, -1, 258, 188, 18.0, 15, ABprpaapaaa, 6914, 0, 0, 0, , 0, 0, 0, 0, 0, 
225, 1, 225, 225, -1, 185, 192, 12.0, 13, ABprpaaaapp, 4897, 0, 0, 0, , 0, 0, 0, 0, 0, 
226, 1, 226, 226, -1, 206, 190, 11.0, 15, ABprpaaaapa, 4899, 0, 0, 0, , 0, 0, 0, 0, 0, 
227, 1, 227, 227, -1, 232, 175, 14.0, 13, ABprpaaappa, 4187, 0, 0, 0, , 0, 0, 0, 0, 0, 
228, 1, 228, 228, -1, 221, 199, 14.0, 13, ABprpapaapa, 3274, 0, 0, 0, , 0, 0, 0, 0, 0, 
229, 1, 229, 229, -1, 219, 183, 15.0, 15, ABprpaaappp, 4800, 0, 0, 0, , 0, 0, 0, 0, 0, 
230, 1, 230, 230, -1, 243, 167, 14.0, 15, ABprpaaapa, 9738, 0, 0, 0, , 0, 0, 0, 0, 0, 
231, 1, 231, 231, -1, 248, 175, 19.0, 13, ABprpaapaap, 4993, 0, 0, 0, , 0, 0, 0, 0, 0, 
232, 1, 232, 232, -1, 244, 157, 22.0, 15, ABprpaapapa, 6223, 0, 0, 0, , 0, 0, 0, 0, 0, 
233, 1, 233, 233, -1, 233, 160, 19.0, 15, ABprpaapapp, 6313, 0, 0, 0, , 0, 0, 0, 0, 0, 
234, 1, 234, 234, -1, 229, 163, 17.0, 15, ABprpaapppa, 6518, 0, 0, 0, , 0, 0, 0, 0, 0, 
235, 1, 235, 235, -1, 215, 171, 18.0, 15, ABprpaapppp, 4621, 0, 0, 0, , 0, 0, 0, 0, 0, 
236, 1, 236, 236, -1, 222, 193, 25.0, 13, ABprpaappap, 3990, 0, 0, 0, , 0, 0, 0, 0, 0, 
237, 1, 237, 237, -1, 232, 183, 22.0, 15, ABprpaappaa, 5769, 0, 0, 0, , 0, 0, 0, 0, 0, 
238, 1, 238, 238, -1, 83, 263, 10.0, 15, ABprpppaapp, 5162, 0, 0, 0, , 0, 0, 0, 0, 0, 
239, 1, 239, 239, -1, 106, 253, 11.0, 15, ABprpppaapa, 6257, 0, 0, 0, , 0, 0, 0, 0, 0, 
240, 1, 240, 240, -1, 117, 242, 11.0, 13, ABprpppaaap, 5762, 0, 0, 0, , 0, 0, 0, 0, 0, 
241, 1, 241, 241, -1, 144, 240, 11.0, 15, ABprpppaaaa, 4539, 0, 0, 0, , 0, 0, 0, 0, 0, 
242, 1, 242, 242, -1, 112, 273, 10.0, 13, ABprpppapaa, 4941, 0, 0, 0, , 0, 0, 0, 0, 0, 
243, 1, 243, 243, -1, 109, 288, 10.0, 11, ABprpppapap, 2109, 0, 0, 0, , 0, 0, 0, 0, 0, 
244, 1, 244, 244, -1, 112, 301, 11.0, 13, ABprpppapp, 6437, 0, 0, 0, , 0, 0, 0, 0, 0, 
245, 1, 245, 245, -1, 134, 256, 10.0, 15, ABprppppapa, 4146, 0, 0, 0, , 0, 0, 0, 0, 0, 
246, 1, 246, 246, -1, 128, 278, 10.0, 13, ABprppppapp, 4271, 0, 0, 0, , 0, 0, 0, 0, 0, 
247, 1, 247, 247, -1, 150, 264, 10.0, 13, ABprppppaaa, 3842, 0, 0, 0, , 0, 0, 0, 0, 0, 
248, 1, 248, 248, -1, 144, 272, 11.0, 15, ABprppppaap, 4172, 0, 0, 0, , 0, 0, 0, 0, 0, 
249, 1, 249, 249, -1, 81, 295, 11.0, 13, ABprppppppp, 3816, 0, 0, 0, , 0, 0, 0, 0, 0, 
250, 1, 250, 250, -1, 96, 296, 9.0, 11, ABprppppppa, 3221, 0, 0, 0, , 0, 0, 0, 0, 0, 
251, 1, 251, 251, -1, 129, 259, 15.0, 15, ABprpppppaa, 5061, 0, 0, 0, , 0, 0, 0, 0, 0, 
252, 1, 252, 252, -1, 117, 275, 13.0, 13, ABprpppppap, 4538, 0, 0, 0, , 0, 0, 0, 0, 0, 
253, 1, 253, 253, -1, 185, 211, 14.0, 17, ABprppaapa, 6804, 0, 0, 0, , 0, 0, 0, 0, 0, 
254, 1, 254, 254, -1, 169, 238, 10.0, 13, ABprppaappa, 4228, 0, 0, 0, , 0, 0, 0, 0, 0, 
255, 1, 254, 255, -1, 159, 239, 10.0, 13, ABprppaappp, 3957, 0, 0, 0, , 0, 0, 0, 0, 0, 
256, 1, 255, 256, -1, 211, 186, 16.0, 17, ABprppaaaaa, 5586, 0, 0, 0, , 0, 0, 0, 0, 0, 
257, 1, 256, 257, -1, 194, 193, 16.0, 15, ABprppaaaap, 4434, 0, 0, 0, , 0, 0, 0, 0, 0, 
258, 1, 257, 258, -1, 193, 178, 19.0, 11, ABprppaaap, 5222, 0, 0, 0, , 0, 0, 0, 0, 0, 
259, 1, 258, 259, -1, 166, 199, 15.0, 13, ABprppapaaa, 5428, 0, 0, 0, , 0, 0, 0, 0, 0, 
260, 1, 259, 260, -1, 148, 205, 16.0, 15, ABprppapaap, 4581, 0, 0, 0, , 0, 0, 0, 0, 0, 
261, 1, 260, 261, -1, 130, 220, 14.0, 17, ABprppapap, 8178, 0, 0, 0, , 0, 0, 0, 0, 0, 
262, 1, 261, 262, -1, 126, 230, 12.0, 13, ABprppappp, 1283, 0, 0, 0, , 0, 0, 0, 0, 0, 
263, 1, 262, 263, 264, 156, 218, 12.0, 15, ABprppappa, 6849, 0, 0, 0, , 0, 0, 0, 0, 0, 
264, 1, 263, 265, -1, 332, 184, 30.0, 13, ABpraapaaaa, 4701, 0, 0, 0, , 0, 0, 0, 0, 0, 
265, 1, 264, 266, -1, 311, 177, 32.0, 15, ABpraapaaap, 5360, 0, 0, 0, , 0, 0, 0, 0, 0, 
266, 1, 265, 267, -1, 295, 169, 29.0, 15, ABpraapaapa, 5201, 0, 0, 0, , 0, 0, 0, 0, 0, 
267, 1, 266, 268, -1, 254, 171, 26.0, 13, ABpraapapap, 4462, 0, 0, 0, , 0, 0, 0, 0, 0, 
268, 1, 266, 269, -1, 270, 179, 23.0, 13, ABpraapapaa, 5983, 0, 0, 0, , 0, 0, 0, 0, 0, 
269, 1, 267, 270, -1, 244, 171, 29.0, 15, ABpraapappp, 6560, 0, 0, 0, , 0, 0, 0, 0, 0, 
270, 1, 268, 271, -1, 263, 175, 29.0, 13, ABpraapappa, 4515, 0, 0, 0, , 0, 0, 0, 0, 0, 
271, 1, 269, 272, -1, 159, 190, 22.0, 15, ABpraapppp, 4377, 0, 0, 0, , 0, 0, 0, 0, 0, 
272, 1, 270, 273, -1, 191, 176, 23.0, 15, ABpraapppa, 5736, 0, 0, 0, , 0, 0, 0, 0, 0, 
273, 1, 271, 274, -1, 207, 172, 22.0, 17, ABpraappap, 4874, 0, 0, 0, , 0, 0, 0, 0, 0, 
274, 1, 272, 275, -1, 223, 164, 23.0, 13, ABpraappaa, 6146, 0, 0, 0, , 0, 0, 0, 0, 0, 
275, 1, 273, 276, -1, 283, 166, 25.0, 17, ABpraaapap, 6859, 0, 0, 0, , 0, 0, 0, 0, 0, 
276, 1, 274, 277, -1, 280, 181, 19.0, 17, ABpraaapaa, 7412, 0, 0, 0, , 0, 0, 0, 0, 0, 
277, 1, 275, 278, -1, 266, 181, 21.0, 13, ABpraaappaa, 4181, 0, 0, 0, , 0, 0, 0, 0, 0, 
278, 1, 276, 279, -1, 249, 172, 23.0, 15, ABpraaappap, 4314, 0, 0, 0, , 0, 0, 0, 0, 0, 
279, 1, 277, 280, -1, 243, 190, 25.0, 15, ABpraaapppa, 5875, 0, 0, 0, , 0, 0, 0, 0, 0, 
280, 1, 278, 281, -1, 228, 177, 26.0, 17, ABpraaapppp, 5057, 0, 0, 0, , 0, 0, 0, 0, 0, 
281, 1, 279, 282, -1, 289, 162, 19.0, 17, ABpraaaaap, 6123, 0, 0, 0, , 0, 0, 0, 0, 0, 
282, 1, 280, 283, -1, 278, 168, 14.0, 17, ABpraaaaaa, 11358, 0, 0, 0, , 0, 0, 0, 0, 0, 
283, 1, 281, 284, -1, 268, 172, 17.0, 13, ABpraaaapav, 3004, 0, 0, 0, , 0, 0, 0, 0, 0, 
284, 1, 281, 285, -1, 265, 162, 20.0, 13, ABpraaaapad, 4053, 0, 0, 0, , 0, 0, 0, 0, 0, 
285, 1, 282, 286, -1, 279, 159, 22.0, 13, ABpraaaappa, 5056, 0, 0, 0, , 0, 0, 0, 0, 0, 
286, 1, 283, 287, -1, 264, 158, 25.0, 13, ABpraaaappp, 6937, 0, 0, 0, , 0, 0, 0, 0, 0, 
287, 1, 284, 288, -1, 108, 222, 20.0, 15, ABprappapp, 8840, 0, 0, 0, , 0, 0, 0, 0, 0, 
288, 1, 285, 289, -1, 118, 223, 30.0, 15, ABprappapa, 7209, 0, 0, 0, , 0, 0, 0, 0, 0, 
289, 1, 286, 290, -1, 116, 212, 23.0, 15, ABprappaap, 8328, 0, 0, 0, , 0, 0, 0, 0, 0, 
290, 1, 287, 291, -1, 135, 202, 21.0, 17, ABprappaaa, 8379, 0, 0, 0, , 0, 0, 0, 0, 0, 
291, 1, 288, 292, -1, 84, 260, 17.0, 15, ABprapppaa, 5896, 0, 0, 0, , 0, 0, 0, 0, 0, 
292, 1, 289, 293, -1, 96, 268, 13.0, 15, ABprapppap, 6522, 0, 0, 0, , 0, 0, 0, 0, 0, 
293, 1, 290, 294, -1, 73, 277, 14.0, 17, ABprappppp, 6668, 0, 0, 0, , 0, 0, 0, 0, 0, 
294, 1, 291, 295, -1, 85, 250, 13.0, 17, ABprappppa, 8130, 0, 0, 0, , 0, 0, 0, 0, 0, 
295, 1, 292, 296, -1, 204, 195, 27.0, 15, ABprapaaapa, 4934, 0, 0, 0, , 0, 0, 0, 0, 0, 
296, 1, 293, 297, -1, 188, 189, 28.0, 15, ABprapaaapp, 4412, 0, 0, 0, , 0, 0, 0, 0, 0, 
297, 1, 294, 298, 299, 216, 201, 31.0, 15, ABprapaaaa, 6540, 0, 0, 0, , 0, 0, 0, 0, 0, 
298, 1, 295, 300, -1, 143, 195, 25.0, 13, ABprapaapp, 7977, 0, 0, 0, , 0, 0, 0, 0, 0, 
299, 1, 296, 301, -1, 174, 181, 23.0, 15, ABprapaapa, 6483, 0, 0, 0, , 0, 0, 0, 0, 0, 
300, 1, 297, 302, -1, 91, 240, 16.0, 15, ABprapappa, 7567, 0, 0, 0, , 0, 0, 0, 0, 0, 
301, 1, 298, 303, 304, 71, 274, 20.0, 19, ABprapappp, 6156, 0, 0, 0, , 0, 0, 0, 0, 0, 
302, 1, 299, 305, -1, 92, 234, 22.0, 15, ABprapapap, 7270, 0, 0, 0, , 0, 0, 0, 0, 0, 
303, 1, 300, 306, -1, 85, 255, 27.0, 15, ABprapapaa, 8507, 0, 0, 0, , 0, 0, 0, 0, 0, 
304, 1, 301, 307, -1, 230, 209, 26.0, 15, MSppppap, 4982, 0, 0, 0, , 0, 0, 0, 0, 0, 
305, 1, 302, 308, -1, 222, 200, 19.0, 13, MSppppaa, 3428, 0, 0, 0, , 0, 0, 0, 0, 0, 
306, 1, 303, 309, -1, 235, 218, 29.0, 15, MSpppppa, 5006, 0, 0, 0, , 0, 0, 0, 0, 0, 
307, 1, 304, 310, -1, 203, 222, 31.0, 15, MSpppppp, 4675, 0, 0, 0, , 0, 0, 0, 0, 0, 
308, 1, 305, 311, -1, 206, 223, 19.0, 13, MSpppaaa, 3474, 0, 0, 0, , 0, 0, 0, 0, 0, 
309, 1, 306, 312, -1, 168, 226, 21.0, 15, MSpppaap, 4361, 0, 0, 0, , 0, 0, 0, 0, 0, 
310, 1, 307, 313, -1, 192, 211, 18.0, 13, MSpppapp, 3752, 0, 0, 0, , 0, 0, 0, 0, 0, 
311, 1, 308, 314, -1, 211, 209, 18.0, 11, MSpppapa, 3268, 0, 0, 0, , 0, 0, 0, 0, 0, 
312, 1, 309, 315, -1, 212, 215, 13.0, 13, ABprpapaaap, 3847, 0, 0, 0, , 0, 0, 0, 0, 0, 
313, 1, 310, 316, -1, 195, 231, 15.0, 15, MSppaapp, 4982, 0, 0, 0, , 0, 0, 0, 0, 0, 
314, 1, 311, 317, -1, 232, 205, 16.0, 13, MSppaapa, 4930, 0, 0, 0, , 0, 0, 0, 0, 0, 
315, 1, 312, 318, -1, 287, 197, 15.0, 15, MSppaaaa, 8431, 0, 0, 0, , 0, 0, 0, 0, 0, 
316, 1, 313, 319, -1, 287, 192, 23.0, 15, MSppaaap, 5191, 0, 0, 0, , 0, 0, 0, 0, 0, 
317, 1, 314, 320, -1, 272, 189, 28.0, 13, MSppappa, 7727, 0, 0, 0, , 0, 0, 0, 0, 0, 
318, 1, 315, 321, -1, 252, 195, 22.0, 15, MSppapaa, 5241, 0, 0, 0, , 0, 0, 0, 0, 0, 
319, 1, 316, 322, -1, 237, 191, 18.0, 15, MSppapap, 4285, 0, 0, 0, , 0, 0, 0, 0, 0, 
320, 1, 317, 323, -1, 196, 261, 14.0, 13, MSpapappp, 3694, 0, 0, 0, , 0, 0, 0, 0, 0, 
321, 1, 318, 324, -1, 215, 257, 16.0, 15, MSpapappa, 4603, 0, 0, 0, , 0, 0, 0, 0, 0, 
322, 1, 319, 325, -1, 201, 245, 18.0, 15, MSpapapa, 7261, 0, 0, 0, , 0, 0, 0, 0, 0, 
323, 1, 320, 326, -1, 237, 237, 16.0, 13, MSpapaaaa, 3314, 0, 0, 0, , 0, 0, 0, 0, 0, 
324, 1, 321, 327, -1, 221, 238, 16.0, 13, MSpapaaap, 4291, 0, 0, 0, , 0, 0, 0, 0, 0, 
325, 1, 322, 328, -1, 222, 242, 20.0, 15, MSpapaapa, 4011, 0, 0, 0, , 0, 0, 0, 0, 0, 
326, 0, 323, -1, -1, 212, 242, 23.0, 13, , 2674, 0, 0, 0, , 0, 0, 0, 0, 0, 
327, 1, 323, 330, -1, 206, 246, 21.0, 15, MSpapaapp, 4723, 0, 0, 0, , 0, 0, 0, 0, 0, 
328, 1, 324, 331, -1, 172, 308, 13.0, 15, MSpappaa, 4496, 0, 0, 0, , 0, 0, 0, 0, 0, 
329, 1, 325, 332, -1, 148, 235, 15.0, 15, MSpapppp, 6145, 0, 0, 0, , 0, 0, 0, 0, 0, 
330, 1, 326, 333, -1, 169, 221, 17.0, 19, MSpapppa, 7646, 0, 0, 0, , 0, 0, 0, 0, 0, 
331, 1, 327, 334, -1, 256, 235, 28.0, 15, MSpaaappa, 5933, 0, 0, 0, , 0, 0, 0, 0, 0, 
332, 1, 328, 335, -1, 236, 241, 26.0, 15, MSpaaappp, 6494, 0, 0, 0, , 0, 0, 0, 0, 0, 
333, 1, 329, 336, -1, 243, 249, 30.0, 17, MSpaaapa, 9800, 0, 0, 0, , 0, 0, 0, 0, 0, 
334, 1, 330, 337, -1, 280, 215, 27.0, 17, MSpaaaapa, 4198, 0, 0, 0, , 0, 0, 0, 0, 0, 
335, 1, 331, 338, -1, 265, 215, 29.0, 15, MSpaaaapp, 4275, 0, 0, 0, , 0, 0, 0, 0, 0, 
336, 1, 332, 339, -1, 280, 215, 31.0, 15, MSpaaaaa, 9108, 0, 0, 0, , 0, 0, 0, 0, 0, 
337, 1, 333, 340, -1, 232, 218, 18.0, 13, ABaraappppa, 4598, 0, 0, 0, , 0, 0, 0, 0, 0, 
338, 1, 536, 341, -1, 245, 221, 21.0, 13, ABaraapppap, 1380, 0, 0, 0, , 0, 0, 0, 0, 0, 
339, 1, 335, 342, -1, 254, 219, 26.0, 13, MSpaapaa, 4117, 0, 0, 0, , 0, 0, 0, 0, 0, 
340, 1, 336, 343, -1, 183, 255, 24.0, 25, Earap, 9084, 0, 0, 0, , 0, 0, 0, 0, 0, 
341, 1, 337, 344, -1, 264, 300, 21.0, 15, MSapppaa, 3072, 0, 0, 0, , 0, 0, 0, 0, 0, 
342, 1, 338, 345, -1, 257, 282, 25.0, 13, MSapppap, 3599, 0, 0, 0, , 0, 0, 0, 0, 0, 
343, 1, 339, 346, -1, 244, 280, 30.0, 15, MSappppa, 3307, 0, 0, 0, , 0, 0, 0, 0, 0, 
344, 1, 340, 347, -1, 213, 307, 30.0, 15, MSappppp, 3833, 0, 0, 0, , 0, 0, 0, 0, 0, 
345, 1, 341, 348, -1, 186, 315, 18.0, 15, MSappaap, 6780, 0, 0, 0, , 0, 0, 0, 0, 0, 
346, 1, 342, 349, -1, 230, 299, 21.0, 13, MSappaaa, 4648, 0, 0, 0, , 0, 0, 0, 0, 0, 
347, 1, 343, 350, -1, 245, 303, 20.0, 11, MSappapp, 1369, 0, 0, 0, , 0, 0, 0, 0, 0, 
348, 1, 344, 351, -1, 254, 294, 19.0, 11, MSappapa, 3262, 0, 0, 0, , 0, 0, 0, 0, 0, 
349, 1, 345, 352, -1, 294, 271, 30.0, 15, MSapappa, 5368, 0, 0, 0, , 0, 0, 0, 0, 0, 
350, 1, 346, 353, -1, 268, 271, 30.0, 17, MSapappp, 4118, 0, 0, 0, , 0, 0, 0, 0, 0, 
351, 1, 347, 354, -1, 275, 291, 18.0, 15, MSapapap, 5917, 0, 0, 0, , 0, 0, 0, 0, 0, 
352, 1, 348, 355, -1, 276, 279, 23.0, 15, MSapapaa, 6351, 0, 0, 0, , 0, 0, 0, 0, 0, 
353, 1, 349, 356, -1, 226, 297, 15.0, 17, MSapaapp, 6043, 0, 0, 0, , 0, 0, 0, 0, 0, 
354, 1, 350, 357, -1, 285, 278, 17.0, 11, MSapaapa, 4239, 0, 0, 0, , 0, 0, 0, 0, 0, 
355, 1, 351, 358, -1, 322, 252, 17.0, 15, MSapaaaa, 5481, 0, 0, 0, , 0, 0, 0, 0, 0, 
356, 1, 352, 359, -1, 317, 256, 25.0, 15, MSapaaap, 6201, 0, 0, 0, , 0, 0, 0, 0, 0, 
357, 1, 353, 360, -1, 310, 212, 29.0, 17, MSaaaaapa, 5550, 0, 0, 0, , 0, 0, 0, 0, 0, 
358, 1, 354, 361, -1, 304, 231, 32.0, 15, MSaaaaapp, 6839, 0, 0, 0, , 0, 0, 0, 0, 0, 
359, 1, 355, 362, -1, 325, 208, 24.0, 15, MSaaaaaa, 4999, 0, 0, 0, , 0, 0, 0, 0, 0, 
360, 1, 356, 363, -1, 288, 230, 31.0, 13, MSaaaapaa, 3466, 0, 0, 0, , 0, 0, 0, 0, 0, 
361, 1, 357, 364, -1, 269, 239, 30.0, 15, MSaaaapap, 4086, 0, 0, 0, , 0, 0, 0, 0, 0, 
362, 1, 358, 365, -1, 247, 264, 28.0, 15, MSaaaappp, 5111, 0, 0, 0, , 0, 0, 0, 0, 0, 
363, 1, 359, 366, -1, 270, 252, 28.0, 13, MSaaaappa, 6938, 0, 0, 0, , 0, 0, 0, 0, 0, 
364, 1, 360, 367, -1, 247, 260, 24.0, 15, MSaaapapp, 2776, 0, 0, 0, , 0, 0, 0, 0, 0, 
365, 1, 361, 368, -1, 285, 254, 28.0, 13, MSaaapaap, 2182, 0, 0, 0, , 0, 0, 0, 0, 0, 
366, 0, 362, -1, -1, 304, 248, 27.0, 11, , 2379, 0, 0, 0, , 0, 0, 0, 0, 0, 
367, 1, 363, 370, -1, 226, 271, 26.0, 13, MSaaappa, 3698, 0, 0, 0, , 0, 0, 0, 0, 0, 
368, 1, 364, 371, -1, 229, 259, 27.0, 13, MSaaappp, 2903, 0, 0, 0, , 0, 0, 0, 0, 0, 
369, 1, 365, 372, -1, 188, 314, 15.0, 15, MSaapppp, 5917, 0, 0, 0, , 0, 0, 0, 0, 0, 
370, 1, 366, 373, -1, 211, 312, 16.0, 17, MSaapppa, 6244, 0, 0, 0, , 0, 0, 0, 0, 0, 
371, 1, 367, 374, -1, 245, 279, 16.0, 15, MSaapaaap, 5170, 0, 0, 0, , 0, 0, 0, 0, 0, 
372, 1, 368, 375, -1, 260, 273, 16.0, 13, MSaapaaaa, 3171, 0, 0, 0, , 0, 0, 0, 0, 0, 
373, 1, 369, 376, -1, 209, 284, 16.0, 15, MSaapappp, 4626, 0, 0, 0, , 0, 0, 0, 0, 0, 
374, 1, 370, 377, -1, 227, 277, 17.0, 13, MSaapappa, 4123, 0, 0, 0, , 0, 0, 0, 0, 0, 
375, 1, 371, 378, -1, 223, 279, 20.0, 15, MSaapapa, 6600, 0, 0, 0, , 0, 0, 0, 0, 0, 
376, 1, 372, 379, -1, 201, 283, 21.0, 21, Ealpa, 39234, 0, 0, 0, , 0, 0, 0, 0, 0, 
377, 1, 373, 380, -1, 164, 302, 22.0, 19, Ealpp, 10871, 0, 0, 0, , 0, 0, 0, 0, 0, 
378, 1, 374, 381, -1, 131, 304, 21.0, 21, Eplpa, 17374, 0, 0, 0, , 0, 0, 0, 0, 0, 
379, 1, 375, 382, -1, 127, 336, 19.0, 19, Cappap, 8606, 0, 0, 0, , 0, 0, 0, 0, 0, 
380, 1, 376, 383, -1, 153, 339, 26.0, 15, Cappaa, 6234, 0, 0, 0, , 0, 0, 0, 0, 0, 
381, 1, 377, 384, -1, 118, 337, 25.0, 19, Capppa, 11720, 0, 0, 0, , 0, 0, 0, 0, 0, 
382, 1, 378, 385, -1, 103, 320, 16.0, 17, Capppp, 7815, 0, 0, 0, , 0, 0, 0, 0, 0, 
383, 1, 379, 386, -1, 146, 347, 23.0, 19, Capapa, 9241, 0, 0, 0, , 0, 0, 0, 0, 0, 
384, 1, 380, 387, -1, 151, 329, 14.0, 19, Capapp, 7914, 0, 0, 0, , 0, 0, 0, 0, 0, 
385, 1, 381, 388, -1, 162, 335, 17.0, 19, Capaap, 9034, 0, 0, 0, , 0, 0, 0, 0, 0, 
386, 1, 382, 389, -1, 188, 333, 22.0, 17, Capaaa, 8202, 0, 0, 0, , 0, 0, 0, 0, 0, 
387, 1, 383, 390, -1, 88, 319, 28.0, 19, Caaapp, 7352, 0, 0, 0, , 0, 0, 0, 0, 0, 
388, 1, 384, 391, -1, 75, 314, 18.0, 23, Caappd, 7209, 0, 0, 0, , 0, 0, 0, 0, 0, 
389, 1, 385, 392, -1, 78, 326, 14.0, 15, Caappv, 4375, 0, 0, 0, , 0, 0, 0, 0, 0, 
390, 1, 386, 393, -1, 96, 300, 15.0, 15, Caapaa, 4469, 0, 0, 0, , 0, 0, 0, 0, 0, 
391, 1, 387, 394, -1, 86, 309, 11.0, 15, Caapap, 2615, 0, 0, 0, , 0, 0, 0, 0, 0, 
392, 1, 388, 395, -1, 67, 303, 20.0, 17, Cpappd, 8202, 0, 0, 0, , 0, 0, 0, 0, 0, 
393, 1, 389, 396, -1, 70, 301, 14.0, 17, Cpappv, 7074, 0, 0, 0, , 0, 0, 0, 0, 0, 
394, 1, 390, 397, -1, 78, 331, 22.0, 19, Cpapaa, 9336, 0, 0, 0, , 0, 0, 0, 0, 0, 
395, 1, 391, 398, -1, 89, 294, 32.0, 21, Cpaapp, 6467, 0, 0, 0, , 0, 0, 0, 0, 0, 
396, 1, 392, 399, -1, 131, 241, 18.0, 19, Cppaap, 9191, 0, 0, 0, , 0, 0, 0, 0, 0, 
397, 1, 393, 400, -1, 147, 221, 21.0, 17, Cppaaa, 10484, 0, 0, 0, , 0, 0, 0, 0, 0, 
398, 1, 394, 401, -1, 118, 242, 24.0, 19, Cppapa, 10452, 0, 0, 0, , 0, 0, 0, 0, 0, 
399, 1, 395, 402, -1, 114, 250, 15.0, 19, Cppapp, 5326, 0, 0, 0, , 0, 0, 0, 0, 0, 
400, 1, 396, 403, -1, 120, 245, 29.0, 15, Cpppaap, 6551, 0, 0, 0, , 0, 0, 0, 0, 0, 
401, 1, 397, 404, -1, 135, 222, 26.0, 15, Cpppaaa, 5720, 0, 0, 0, , 0, 0, 0, 0, 0, 
402, 1, 398, 405, 406, 99, 262, 20.0, 19, Cpppap, 6983, 0, 0, 0, , 0, 0, 0, 0, 0, 
403, 1, 399, 407, -1, 237, 318, 23.0, 15, Daapa, 6028, 0, 0, 0, , 0, 0, 0, 0, 0, 
404, 1, 400, 408, -1, 219, 327, 20.0, 17, Daapp, 6580, 0, 0, 0, , 0, 0, 0, 0, 0, 
405, 1, 401, 409, -1, 247, 295, 24.0, 15, Daaaa, 7821, 0, 0, 0, , 0, 0, 0, 0, 0, 
406, 1, 402, 410, -1, 233, 308, 27.0, 17, Daaap, 5516, 0, 0, 0, , 0, 0, 0, 0, 0, 
407, 1, 403, 411, -1, 193, 318, 29.0, 17, Dappa, 19305, 0, 0, 0, , 0, 0, 0, 0, 0, 
408, 1, 404, 412, -1, 160, 330, 29.0, 15, Dappp, 2701, 0, 0, 0, , 0, 0, 0, 0, 0, 
409, 1, 405, 413, -1, 171, 204, 19.0, 15, Dpapp, 4904, 0, 0, 0, , 0, 0, 0, 0, 0, 
410, 1, 406, 414, -1, 196, 203, 22.0, 15, Dpapa, 6076, 0, 0, 0, , 0, 0, 0, 0, 0, 
411, 1, 407, 415, -1, 206, 213, 27.0, 17, Dpaap, 4937, 0, 0, 0, , 0, 0, 0, 0, 0, 
412, 1, 408, 416, -1, 217, 208, 22.0, 15, Dpaaa, 4753, 0, 0, 0, , 0, 0, 0, 0, 0, 
413, 1, 409, 417, -1, 144, 236, 31.0, 19, Dpppp, 11301, 0, 0, 0, , 0, 0, 0, 0, 0, 
414, 1, 410, 418, -1, 168, 224, 28.0, 15, Dpppa, 4420, 0, 0, 0, , 0, 0, 0, 0, 0, 
415, 1, 411, 419, -1, 186, 207, 25.0, 19, Dppaa, 20256, 0, 0, 0, , 0, 0, 0, 0, 0, 
416, 1, 412, 420, -1, 159, 208, 25.0, 13, Dppap, 5676, 0, 0, 0, , 0, 0, 0, 0, 0, 
417, 1, 413, 421, -1, 157, 252, 15.0, 21, Z2, 27703, 0, 0, 0, , 0, 0, 0, 0, 0, 
418, 0, 414, -1, -1, 380, 244, 24.0, 15, , 7887, 0, 0, 0, , 0, 0, 0, 0, 0, 
419, 1, 415, 423, -1, 326, 296, 24.0, 13, ABalpppappa, 4483, 0, 0, 0, , 0, 0, 0, 0, 0, 
420, 1, 416, 424, -1, 320, 294, 26.0, 15, ABalpppappp, 4281, 0, 0, 0, , 0, 0, 0, 0, 0, 
421, 1, 417, 425, -1, 303, 277, 22.0, 13, ABalpppppaa, 5802, 0, 0, 0, , 0, 0, 0, 0, 0, 
422, 1, 418, 426, -1, 294, 287, 23.0, 13, ABalpppppap, 4902, 0, 0, 0, , 0, 0, 0, 0, 0, 
423, 1, 419, 427, -1, 275, 292, 26.0, 15, ABalppppppa, 5797, 0, 0, 0, , 0, 0, 0, 0, 0, 
424, 1, 420, 428, -1, 288, 310, 27.0, 17, ABalppppppp, 6818, 0, 0, 0, , 0, 0, 0, 0, 0, 
425, 1, 421, 429, -1, 338, 284, 27.0, 13, ABalppppapp, 5767, 0, 0, 0, , 0, 0, 0, 0, 0, 
426, 1, 422, 430, -1, 344, 272, 26.0, 17, ABalppppapa, 5385, 0, 0, 0, , 0, 0, 0, 0, 0, 
427, 1, 423, 431, -1, 317, 271, 19.0, 13, ABalppppaad, 4008, 0, 0, 0, , 0, 0, 0, 0, 0, 
428, 1, 424, 432, -1, 321, 277, 23.0, 13, ABalppppaav, 3795, 0, 0, 0, , 0, 0, 0, 0, 0, 
429, 1, 425, 433, -1, 347, 278, 18.0, 13, ABalpppaaaa, 4846, 0, 0, 0, , 0, 0, 0, 0, 0, 
430, 1, 426, 434, -1, 327, 288, 16.0, 13, ABalpppaaap, 4055, 0, 0, 0, , 0, 0, 0, 0, 0, 
431, 1, 427, 435, -1, 341, 283, 22.0, 17, ABalpppaap, 9181, 0, 0, 0, , 0, 0, 0, 0, 0, 
432, 1, 428, 436, -1, 323, 291, 18.0, 15, ABalpppapad, 3488, 0, 0, 0, , 0, 0, 0, 0, 0, 
433, 1, 429, 437, -1, 322, 303, 21.0, 15, ABalpppapav, 4919, 0, 0, 0, , 0, 0, 0, 0, 0, 
434, 0, 430, -1, -1, 351, 260, 18.0, 11, , 1251, 0, 0, 0, , 0, 0, 0, 0, 0, 
435, 1, 430, 439, -1, 350, 260, 16.0, 13, ABalppaaaa, 6139, 0, 0, 0, , 0, 0, 0, 0, 0, 
436, 1, 432, 440, -1, 336, 277, 14.0, 13, ABalppaaapp, 3761, 0, 0, 0, , 0, 0, 0, 0, 0, 
437, 1, 433, 441, -1, 298, 301, 13.0, 13, ABalppaappp, 4428, 0, 0, 0, , 0, 0, 0, 0, 0, 
438, 1, 434, 442, -1, 317, 290, 14.0, 15, ABalppaappa, 3134, 0, 0, 0, , 0, 0, 0, 0, 0, 
439, 1, 435, 443, -1, 319, 284, 12.0, 15, ABalppaapa, 8047, 0, 0, 0, , 0, 0, 0, 0, 0, 
440, 1, 436, 444, -1, 291, 283, 13.0, 15, ABalppapppa, 4506, 0, 0, 0, , 0, 0, 0, 0, 0, 
441, 1, 437, 445, -1, 283, 302, 12.0, 15, ABalppapppp, 5912, 0, 0, 0, , 0, 0, 0, 0, 0, 
442, 1, 438, 446, -1, 306, 273, 14.0, 13, ABalppappap, 6916, 0, 0, 0, , 0, 0, 0, 0, 0, 
443, 1, 439, 447, -1, 324, 264, 15.0, 13, ABalppappaa, 4578, 0, 0, 0, , 0, 0, 0, 0, 0, 
444, 1, 440, 448, -1, 299, 269, 9.0, 13, ABalppapapa, 4250, 0, 0, 0, , 0, 0, 0, 0, 0, 
445, 1, 441, 449, -1, 281, 293, 9.0, 15, ABalppapapp, 5758, 0, 0, 0, , 0, 0, 0, 0, 0, 
446, 1, 442, 450, -1, 329, 265, 12.0, 13, ABalppapaaa, 5285, 0, 0, 0, , 0, 0, 0, 0, 0, 
447, 1, 443, 451, -1, 312, 277, 10.0, 15, ABalppapaap, 5253, 0, 0, 0, , 0, 0, 0, 0, 0, 
448, 1, 444, 452, -1, 258, 302, 10.0, 17, ABalpapapap, 7557, 0, 0, 0, , 0, 0, 0, 0, 0, 
449, 1, 445, 453, -1, 266, 278, 10.0, 15, ABalpapapaa, 4946, 0, 0, 0, , 0, 0, 0, 0, 0, 
450, 1, 446, 454, -1, 250, 320, 11.0, 17, ABalpapappa, 6641, 0, 0, 0, , 0, 0, 0, 0, 0, 
451, 1, 447, 455, -1, 232, 333, 13.0, 15, ABalpapappp, 6706, 0, 0, 0, , 0, 0, 0, 0, 0, 
452, 1, 448, 456, -1, 267, 247, 10.0, 15, ABalpapaapp, 5913, 0, 0, 0, , 0, 0, 0, 0, 0, 
453, 1, 448, 457, -1, 281, 242, 10.0, 11, ABalpapaapa, 5029, 0, 0, 0, , 0, 0, 0, 0, 0, 
454, 1, 449, 458, -1, 302, 256, 10.0, 15, ABalpapaaaa, 6867, 0, 0, 0, , 0, 0, 0, 0, 0, 
455, 1, 450, 459, -1, 282, 264, 10.0, 15, ABalpapaaap, 5856, 0, 0, 0, , 0, 0, 0, 0, 0, 
456, 1, 451, 460, -1, 267, 260, 11.0, 17, ABalpappapa, 9755, 0, 0, 0, , 0, 0, 0, 0, 0, 
457, 1, 452, 461, -1, 285, 250, 15.0, 17, ABalpappaap, 5439, 0, 0, 0, , 0, 0, 0, 0, 0, 
458, 1, 453, 462, -1, 285, 235, 16.0, 11, ABalpappaaa, 4892, 0, 0, 0, , 0, 0, 0, 0, 0, 
459, 1, 454, 463, -1, 235, 262, 11.0, 15, ABalpappapp, 2223, 0, 0, 0, , 0, 0, 0, 0, 0, 
460, 1, 455, 464, -1, 272, 262, 16.0, 19, ABalpapppa, 7500, 0, 0, 0, , 0, 0, 0, 0, 0, 
461, 1, 456, 465, -1, 276, 256, 19.0, 19, ABalpaaapp, 9258, 0, 0, 0, , 0, 0, 0, 0, 0, 
462, 1, 457, 466, -1, 296, 254, 18.0, 17, ABalpaaapa, 7609, 0, 0, 0, , 0, 0, 0, 0, 0, 
463, 1, 458, 467, -1, 292, 247, 11.0, 17, ABalpaaaap, 17340, 0, 0, 0, , 0, 0, 0, 0, 0, 
464, 1, 459, 468, 469, 304, 240, 14.0, 13, ABalpaaaaa, 8512, 0, 0, 0, , 0, 0, 0, 0, 0, 
465, 1, 460, 470, -1, 330, 234, 12.0, 13, ABalpaapppa, 4792, 0, 0, 0, , 0, 0, 0, 0, 0, 
466, 1, 461, 471, -1, 320, 257, 11.0, 13, ABalpaapppp, 5089, 0, 0, 0, , 0, 0, 0, 0, 0, 
467, 1, 462, 472, -1, 323, 225, 14.0, 15, ABalpaappaa, 5004, 0, 0, 0, , 0, 0, 0, 0, 0, 
468, 1, 463, 473, -1, 312, 240, 10.0, 13, ABalpaappap, 4098, 0, 0, 0, , 0, 0, 0, 0, 0, 
469, 1, 464, 474, -1, 291, 255, 22.0, 15, ABalpaapapp, 3729, 0, 0, 0, , 0, 0, 0, 0, 0, 
470, 1, 465, 475, -1, 301, 246, 21.0, 17, ABalpaapapa, 4339, 0, 0, 0, , 0, 0, 0, 0, 0, 
471, 1, 466, 476, -1, 317, 243, 21.0, 15, ABalpaapaap, 5239, 0, 0, 0, , 0, 0, 0, 0, 0, 
472, 1, 467, 477, -1, 326, 234, 19.0, 15, ABalpaapaaa, 4423, 0, 0, 0, , 0, 0, 0, 0, 0, 
473, 1, 468, 478, -1, 174, 270, 27.0, 13, Epraa, 7876, 0, 0, 0, , 0, 0, 0, 0, 0, 
474, 0, 469, -1, -1, 162, 288, 28.0, 19, , 17306, 0, 0, 0, , 0, 0, 0, 0, 0, 
475, 1, 470, 480, -1, 204, 244, 23.0, 11, MSpaapp, 632, 0, 0, 0, , 0, 0, 0, 0, 0, 
476, 1, 471, 481, -1, 154, 262, 24.0, 21, Earpp, 34602, 0, 0, 0, , 0, 0, 0, 0, 0, 
477, 1, 472, 482, -1, 187, 286, 24.0, 21, Ealap, 24217, 0, 0, 0, , 0, 0, 0, 0, 0, 
478, 1, 473, 483, -1, 208, 276, 27.0, 21, Ealaa, 32980, 0, 0, 0, , 0, 0, 0, 0, 0, 
479, 1, 474, 484, -1, 164, 287, 28.0, 17, Eplaa, 4420, 0, 0, 0, , 0, 0, 0, 0, 0, 
480, 1, 475, 485, -1, 143, 298, 24.0, 17, Eplap, 9366, 0, 0, 0, , 0, 0, 0, 0, 0, 
481, 1, 476, 486, -1, 137, 277, 17.0, 17, Eprpp, 9078, 0, 0, 0, , 0, 0, 0, 0, 0, 
482, 1, 478, 487, -1, 188, 339, 27.0, 15, Dapap, 5870, 0, 0, 0, , 0, 0, 0, 0, 0, 
483, 1, 479, 488, -1, 214, 325, 25.0, 15, Dapaa, 7648, 0, 0, 0, , 0, 0, 0, 0, 0, 
484, 1, 480, 489, -1, 225, 275, 22.0, 15, MSaapaapp, 3432, 0, 0, 0, , 0, 0, 0, 0, 0, 
485, 1, 481, 490, -1, 241, 267, 22.0, 17, MSaapaapa, 4561, 0, 0, 0, , 0, 0, 0, 0, 0, 
486, 1, 482, 491, -1, 160, 211, 32.0, 15, ABarpppapp, 5992, 0, 0, 0, , 0, 0, 0, 0, 0, 
487, 1, 483, 492, -1, 238, 318, 14.0, 17, ABplppaapa, 6798, 0, 0, 0, , 0, 0, 0, 0, 0, 
488, 1, 484, 493, -1, 69, 295, 25.0, 19, Cpapap, 8395, 0, 0, 0, , 0, 0, 0, 0, 0, 
489, 1, 506, 494, -1, 210, 247, 27.0, 19, Earaa, 19170, 0, 0, 0, , 0, 0, 0, 0, 0, 
490, 1, 486, 495, -1, 341, 243, 16.0, 15, ABalaaaala, 6436, 0, 0, 0, , 0, 0, 0, 0, 0, 
491, 1, 487, 496, -1, 266, 182, 35.0, 15, ABarpappaa, 4901, 0, 0, 0, , 0, 0, 0, 0, 0, 
492, 0, 488, -1, -1, 344, 219, 25.0, 9, , 505, 0, 0, 0, , 0, 0, 0, 0, 0, 
493, 1, 489, 498, -1, 96, 273, 26.0, 19, Cppppa, 10010, 0, 0, 0, , 0, 0, 0, 0, 0, 
494, 0, 490, -1, -1, 91, 286, 16.0, 15, , 6945, 0, 0, 0, , 0, 0, 0, 0, 0, 
495, 1, 491, 500, -1, 187, 261, 18.0, 19, Earpa, 5734, 0, 0, 0, , 0, 0, 0, 0, 0, 
496, 1, 492, 501, -1, 250, 197, 30.0, 15, MSppappp, 5905, 0, 0, 0, , 0, 0, 0, 0, 0, 
497, 1, 493, 502, -1, 126, 278, 24.0, 19, Eprpa, 12696, 0, 0, 0, , 0, 0, 0, 0, 0, 
498, 1, 494, 503, -1, 229, 245, 34.0, 17, ABarpaappa, 6145, 0, 0, 0, , 0, 0, 0, 0, 0, 
499, 1, 495, 504, -1, 219, 305, 35.0, 15, ABarppaapa, 6739, 0, 0, 0, , 0, 0, 0, 0, 0, 
500, 1, 496, 505, -1, 130, 300, 17.0, 21, Eplpp, 26331, 0, 0, 0, , 0, 0, 0, 0, 0, 
501, 1, 497, 506, -1, 200, 282, 13.0, 13, MSaappap, 3777, 0, 0, 0, , 0, 0, 0, 0, 0, 
502, 1, 498, 507, -1, 182, 290, 15.0, 19, Z3, 21284, 0, 0, 0, , 0, 0, 0, 0, 0, 
503, 1, 499, 508, -1, 258, 177, 12.0, 15, ABalaapapp, 5676, 0, 0, 0, , 0, 0, 0, 0, 0, 
504, 1, 500, 509, -1, 214, 271, 13.0, 13, MSaappaa, 2702, 0, 0, 0, , 0, 0, 0, 0, 0, 
505, 0, 501, -1, -1, 183, 255, 24.0, 23, , 9992, 0, 0, 0, , 0, 0, 0, 0, 0, 
506, 1, 502, 511, -1, 252, 326, 20.0, 13, ABplppaaaap, 4307, 0, 0, 0, , 0, 0, 0, 0, 0, 
507, 1, 503, 512, -1, 126, 307, 9.0, 13, ABplpppapap, 3292, 0, 0, 0, , 0, 0, 0, 0, 0, 
508, 1, 504, 513, -1, 275, 166, 30.0, 15, ABpraapaapp, 5849, 0, 0, 0, , 0, 0, 0, 0, 0, 
509, 1, 505, 514, -1, 229, 335, 17.0, 15, ABplppapaaa, 4993, 0, 0, 0, , 0, 0, 0, 0, 0, 
510, 1, 507, 515, -1, 326, 230, 31.0, 13, ABalapapapa, 3821, 0, 0, 0, , 0, 0, 0, 0, 0, 
511, 1, 508, 516, -1, 345, 241, 19.0, 15, ABalaaapall, 5484, 0, 0, 0, , 0, 0, 0, 0, 0, 
512, 1, 509, 517, -1, 141, 279, 27.0, 17, Eprap, 9538, 0, 0, 0, , 0, 0, 0, 0, 0, 
513, 1, 510, 518, -1, 263, 192, 16.0, 15, ABprpaaaaaa, 4693, 0, 0, 0, , 0, 0, 0, 0, 0, 
514, 1, 511, 519, -1, 190, 263, 33.0, 21, Cpaaaa, 13042, 0, 0, 0, , 0, 0, 0, 0, 0, 
515, 1, 512, 520, -1, 162, 275, 13.0, 15, MSpappap, 5626, 0, 0, 0, , 0, 0, 0, 0, 0, 
516, 1, 513, 521, -1, 230, 235, 24.0, 19, MSpaapapp, 3984, 0, 0, 0, , 0, 0, 0, 0, 0, 
517, 0, 514, -1, -1, 215, 243, 26.0, 21, , 16599, 0, 0, 0, , 0, 0, 0, 0, 0, 
518, 1, 515, 523, -1, 191, 220, 34.0, 21, ABarpppapa, 12530, 0, 0, 0, , 0, 0, 0, 0, 0, 
519, 1, 516, 524, -1, 94, 282, 17.0, 17, Cppppp, 6840, 0, 0, 0, , 0, 0, 0, 0, 0, 
520, 1, 517, 525, -1, 250, 296, 29.0, 13, ABplapaaaaa, 4012, 0, 0, 0, , 0, 0, 0, 0, 0, 
521, 0, 518, -1, -1, 129, 308, 22.0, 17, , 6811, 0, 0, 0, , 0, 0, 0, 0, 0, 
522, 1, 519, 527, -1, 156, 279, 33.0, 17, Cpaaap, 7542, 0, 0, 0, , 0, 0, 0, 0, 0, 
523, 0, 520, -1, -1, 227, 282, 9.0, 13, , 1628, 0, 0, 0, , 0, 0, 0, 0, 0, 
524, 1, 521, 529, -1, 247, 304, 33.0, 15, ABplapaaaap, 6096, 0, 0, 0, , 0, 0, 0, 0, 0, 
525, 1, 522, 533, -1, 125, 298, 33.0, 17, Cpaapa, 1688, 0, 0, 0, , 0, 0, 0, 0, 0, 
526, 1, 523, 530, -1, 357, 270, 16.0, 11, ABalppaaapa, 903, 0, 0, 0, , 0, 0, 0, 0, 0, 
527, 1, 530, 531, -1, 241, 267, 14.0, 19, ABalpappppp, 6443, 0, 0, 0, , 0, 0, 0, 0, 0, 
528, 1, 524, 532, -1, 241, 230, 13.0, 18, ABarapapppa, 4988, 0, 0, 0, , 0, 0, 0, 0, 0, 
529, 1, 525, 534, -1, 111, 312, 33.0, 15, Caaapa, 0, 0, 0, 0, , 0, 0, 0, 0, 0, 
530, 1, 526, 535, -1, 139, 287, 33.5, 16, Caaaap, 2971, 0, 0, 0, , 0, 0, 0, 0, 0, 
531, 1, 527, 536, -1, 192, 308, 33.0, 17, Caaaaa, 0, 0, 0, 0, , 0, 0, 0, 0, 0, 
532, 0, 528, -1, -1, 200, 250, 8.0, 13, , 1966, 0, 0, 0, , 0, 0, 0, 0, 0, 
533, 1, 529, 538, -1, 262, 260, 13.0, 15, ABalpappppa, 4346, 0, 0, 0, , 0, 0, 0, 0, 0, 
534, 1, 531, 539, -1, 296, 172, 31.0, 13, ABalapppppa, 0, 0, 0, 0, , 0, 0, 0, 0, 0, 
535, 1, 86, 540, -1, 340, 218, 26.857143, 17, ABalappaap, 6139, 0, 0, 0, , 0, 0, 0, 0, 0, 
536, 1, 532, 541, -1, 304, 202, 33.090908, 11, ABalapppapp, 828, 0, 0, 0, , 0, 0, 0, 0, 0, 
537, 1, 533, 86, -1, 341, 207, 28.0, 14, ABalappaaa, 4037, 0, 0, 0, , 0, 0, 0, 0, 0, 
538, 1, 534, 542, -1, 269, 253, 27.0, 13, MSaaapapa, 0, 0, 0, 0, , 0, 0, 0, 0, 0, 
539, 1, 535, 543, -1, 303, 245, 27.666666, 13, MSaaapaaa, 2595, 0, 0, 0, , 0, 0, 0, 0, 0, 
540, 1, 537, 544, -1, 199, 240, 9.0, 13, ABprpappapa, 0, 0, 0, 0, , 0, 0, 0, 0, 0, 
