1, 1, 1, 1, -1, 308, 210, 21.0, 13, ABaraappaaa, 5879, 0, 0, 0, , 0, 0, 0, 0, 0, 
2, 1, 2, 2, -1, 299, 211, 24.0, 15, ABaraappaap, 6534, 0, 0, 0, , 0, 0, 0, 0, 0, 
3, 1, 3, 3, -1, 264, 213, 25.0, 17, ABaraappapp, 8167, 0, 0, 0, , 0, 0, 0, 0, 0, 
4, 1, 4, 4, -1, 287, 208, 24.0, 15, ABaraappapa, 8766, 0, 0, 0, , 0, 0, 0, 0, 0, 
5, 1, 5, 5, -1, 242, 235, 25.0, 15, MSpaapapa, 4667, 0, 0, 0, , 0, 0, 0, 0, 0, 
6, 1, 6, 6, -1, 247, 218, 22.0, 15, ABaraapppaa, 6524, 0, 0, 0, , 0, 0, 0, 0, 0, 
7, 1, 7, 7, -1, 237, 241, 20.0, 13, ABaraappppp, 5273, 0, 0, 0, , 0, 0, 0, 0, 0, 
8, 1, 8, 8, -1, 252, 277, 21.0, 15, ABaraapappa, 9000, 0, 0, 0, , 0, 0, 0, 0, 0, 
9, 1, 9, 9, -1, 245, 254, 20.0, 15, ABaraapappp, 7061, 0, 0, 0, , 0, 0, 0, 0, 0, 
10, 1, 10, 10, -1, 253, 271, 24.0, 15, ABaraapapap, 8674, 0, 0, 0, , 0, 0, 0, 0, 0, 
11, 1, 11, 11, -1, 268, 268, 24.0, 17, ABaraapapaa, 7858, 0, 0, 0, , 0, 0, 0, 0, 0, 
12, 1, 12, 12, -1, 315, 221, 22.0, 15, ABaraapaaaa, 8067, 0, 0, 0, , 0, 0, 0, 0, 0, 
13, 1, 13, 13, -1, 307, 227, 24.0, 13, ABaraapaaap, 7160, 0, 0, 0, , 0, 0, 0, 0, 0, 
14, 1, 14, 14, -1, 287, 253, 24.0, 17, ABaraapaapp, 7572, 0, 0, 0, , 0, 0, 0, 0, 0, 
15, 1, 15, 15, -1, 304, 242, 23.0, 15, ABaraapaapa, 7517, 0, 0, 0, , 0, 0, 0, 0, 0, 
16, 1, 16, 16, -1, 305, 212, 10.0, 15, ABaraaappap, 3843, 0, 0, 0, , 0, 0, 0, 0, 0, 
17, 1, 17, 17, -1, 321, 211, 12.0, 13, ABaraaappaa, 4162, 0, 0, 0, , 0, 0, 0, 0, 0, 
18, 1, 18, 18, -1, 313, 201, 13.0, 13, ABaraaapppa, 2889, 0, 0, 0, , 0, 0, 0, 0, 0, 
19, 1, 19, 19, -1, 283, 205, 9.0, 13, ABaraaapppp, 4865, 0, 0, 0, , 0, 0, 0, 0, 0, 
20, 1, 20, 20, -1, 306, 212, 18.0, 13, ABaraaapaaa, 6085, 0, 0, 0, , 0, 0, 0, 0, 0, 
21, 1, 21, 21, -1, 280, 215, 21.0, 13, ABaraaapapa, 1377, 0, 0, 0, , 0, 0, 0, 0, 0, 
22, 1, 22, 22, -1, 295, 205, 20.0, 13, ABaraaapaap, 3662, 0, 0, 0, , 0, 0, 0, 0, 0, 
23, 1, 23, 23, -1, 263, 224, 22.0, 17, ABaraaapapp, 2972, 0, 0, 0, , 0, 0, 0, 0, 0, 
24, 1, 24, 24, -1, 296, 230, 18.0, 13, ABaraaaaaap, 2890, 0, 0, 0, , 0, 0, 0, 0, 0, 
25, 1, 25, 615, -1, 315, 234, 16.0, 13, ABaraaaaaaa, 3748, 0, 0, 0, , 0, 0, 0, 0, 0, 
26, 1, 26, 25, -1, 289, 213, 18.0, 11, ABaraaaaapp, 2545, 0, 0, 0, , 0, 0, 0, 0, 0, 
27, 1, 27, 26, -1, 307, 212, 15.0, 13, ABaraaaaapa, 5240, 0, 0, 0, , 0, 0, 0, 0, 0, 
28, 1, 28, 27, -1, 291, 235, 26.0, 11, ABaraaaapp, 5040, 0, 0, 0, , 0, 0, 0, 0, 0, 
29, 1, 29, 28, 29, 324, 212, 18.0, 15, ABaraaaapa, 6317, 0, 0, 0, , 0, 0, 0, 0, 0, 
30, 1, 30, 30, -1, 228, 253, 12.0, 19, ABarapapapp, 8954, 0, 0, 0, , 0, 0, 0, 0, 0, 
31, 1, 31, 31, -1, 257, 242, 11.0, 15, ABarapapapa, 7015, 0, 0, 0, , 0, 0, 0, 0, 0, 
32, 1, 32, 32, -1, 263, 229, 16.0, 15, ABarapapaap, 10210, 0, 0, 0, , 0, 0, 0, 0, 0, 
33, 1, 33, 33, -1, 263, 230, 13.0, 11, ABarapapaaa, 7716, 0, 0, 0, , 0, 0, 0, 0, 0, 
34, 1, 34, 34, -1, 234, 241, 15.0, 15, ABarapapppp, 3053, 0, 0, 0, , 0, 0, 0, 0, 0, 
35, 1, 35, 35, -1, 256, 213, 17.0, 13, ABarapappaa, 6391, 0, 0, 0, , 0, 0, 0, 0, 0, 
36, 1, 36, 36, -1, 241, 229, 16.0, 15, ABarapappap, 7552, 0, 0, 0, , 0, 0, 0, 0, 0, 
37, 1, 37, 37, -1, 276, 225, 11.0, 13, ABarapaaapp, 6171, 0, 0, 0, , 0, 0, 0, 0, 0, 
38, 1, 37, 38, -1, 289, 221, 12.0, 13, ABarapaaapa, 6889, 0, 0, 0, , 0, 0, 0, 0, 0, 
39, 1, 38, 39, -1, 283, 230, 14.0, 15, ABarapaaaap, 5067, 0, 0, 0, , 0, 0, 0, 0, 0, 
40, 1, 39, 40, -1, 276, 215, 16.0, 13, ABarapaapap, 7003, 0, 0, 0, , 0, 0, 0, 0, 0, 
41, 1, 40, 41, -1, 277, 205, 18.0, 13, ABarapaapaa, 6670, 0, 0, 0, , 0, 0, 0, 0, 0, 
42, 1, 41, 42, -1, 263, 215, 19.0, 17, ABarapaappa, 6600, 0, 0, 0, , 0, 0, 0, 0, 0, 
43, 1, 42, 43, -1, 256, 203, 10.0, 13, ABarapppapa, 5011, 0, 0, 0, , 0, 0, 0, 0, 0, 
44, 1, 43, 44, -1, 235, 213, 10.0, 13, ABarapppapp, 5487, 0, 0, 0, , 0, 0, 0, 0, 0, 
45, 1, 44, 45, -1, 287, 195, 11.0, 15, ABarapppaaa, 8129, 0, 0, 0, , 0, 0, 0, 0, 0, 
46, 1, 45, 46, -1, 277, 191, 9.0, 13, ABarapppaap, 5819, 0, 0, 0, , 0, 0, 0, 0, 0, 
47, 1, 46, 47, -1, 269, 191, 13.0, 13, ABarappppap, 5586, 0, 0, 0, , 0, 0, 0, 0, 0, 
48, 1, 47, 48, -1, 283, 188, 15.0, 13, ABarappppaa, 6992, 0, 0, 0, , 0, 0, 0, 0, 0, 
49, 1, 48, 49, -1, 251, 193, 12.0, 13, ABarapppppa, 4253, 0, 0, 0, , 0, 0, 0, 0, 0, 
50, 1, 49, 50, -1, 237, 197, 11.0, 13, ABarapppppp, 5008, 0, 0, 0, , 0, 0, 0, 0, 0, 
51, 1, 50, 51, -1, 245, 218, 12.0, 15, ABarappaaap, 5738, 0, 0, 0, , 0, 0, 0, 0, 0, 
52, 1, 51, 52, -1, 269, 210, 11.0, 13, ABarappaaaa, 6017, 0, 0, 0, , 0, 0, 0, 0, 0, 
53, 1, 52, 53, -1, 259, 226, 10.0, 13, ABarappaapa, 5624, 0, 0, 0, , 0, 0, 0, 0, 0, 
54, 1, 53, 54, -1, 243, 229, 10.0, 13, ABarappaapp, 6586, 0, 0, 0, , 0, 0, 0, 0, 0, 
55, 1, 54, 55, -1, 215, 226, 10.0, 17, ABarappapap, 6169, 0, 0, 0, , 0, 0, 0, 0, 0, 
56, 1, 55, 56, -1, 219, 210, 9.0, 15, ABarappapaa, 9538, 0, 0, 0, , 0, 0, 0, 0, 0, 
57, 1, 56, 57, -1, 184, 221, 13.0, 15, ABarappappp, 6213, 0, 0, 0, , 0, 0, 0, 0, 0, 
58, 1, 57, 58, -1, 185, 230, 11.0, 15, ABarappappa, 4994, 0, 0, 0, , 0, 0, 0, 0, 0, 
59, 1, 58, 59, -1, 240, 170, 32.0, 17, ABarpapppa, 7337, 0, 0, 0, , 0, 0, 0, 0, 0, 
60, 1, 59, 60, -1, 223, 178, 32.0, 17, ABarpapppp, 4140, 0, 0, 0, , 0, 0, 0, 0, 0, 
61, 1, 60, 61, -1, 264, 169, 32.0, 17, ABarpappap, 6517, 0, 0, 0, , 0, 0, 0, 0, 0, 
62, 1, 61, 62, -1, 298, 183, 32.0, 13, ABarpapaaap, 4401, 0, 0, 0, , 0, 0, 0, 0, 0, 
63, 1, 62, 63, -1, 275, 191, 26.0, 11, ABarpapaapa, 3799, 0, 0, 0, , 0, 0, 0, 0, 0, 
64, 1, 63, 64, -1, 294, 194, 29.0, 13, ABarpapaapp, 3281, 0, 0, 0, , 0, 0, 0, 0, 0, 
65, 1, 64, 65, -1, 261, 220, 35.0, 15, ABarpapapp, 7159, 0, 0, 0, , 0, 0, 0, 0, 0, 
66, 1, 65, 66, -1, 306, 210, 35.0, 15, ABarpapapa, 6396, 0, 0, 0, , 0, 0, 0, 0, 0, 
67, 1, 66, 67, -1, 248, 279, 34.0, 19, ABarpaappp, 7486, 0, 0, 0, , 0, 0, 0, 0, 0, 
68, 1, 67, 68, -1, 280, 210, 35.0, 15, ABarpaapaa, 5977, 0, 0, 0, , 0, 0, 0, 0, 0, 
69, 1, 69, 69, -1, 334, 206, 30.0, 19, ABarpaaaaa, 23970, 0, 0, 0, , 0, 0, 0, 0, 0, 
70, 1, 70, 70, -1, 328, 219, 33.0, 13, ABarpaaaapa, 4444, 0, 0, 0, , 0, 0, 0, 0, 0, 
71, 1, 71, 71, -1, 296, 221, 34.0, 11, ABarpaaapp, 3650, 0, 0, 0, , 0, 0, 0, 0, 0, 
72, 1, 72, 72, -1, 329, 205, 33.0, 13, ABarpaaapaa, 3738, 0, 0, 0, , 0, 0, 0, 0, 0, 
73, 1, 73, 73, -1, 305, 194, 34.0, 13, ABarpaaapap, 3712, 0, 0, 0, , 0, 0, 0, 0, 0, 
74, 1, 74, 74, -1, 260, 329, 30.0, 15, ABarppaaap, 5789, 0, 0, 0, , 0, 0, 0, 0, 0, 
75, 1, 75, 75, -1, 219, 335, 30.0, 13, ABarppaapp, 6558, 0, 0, 0, , 0, 0, 0, 0, 0, 
76, 1, 76, 76, -1, 148, 354, 31.0, 17, ABarppappa, 7379, 0, 0, 0, , 0, 0, 0, 0, 0, 
77, 1, 77, 77, -1, 111, 362, 21.0, 17, ABarppappp, 6491, 0, 0, 0, , 0, 0, 0, 0, 0, 
78, 1, 78, 78, -1, 205, 350, 29.0, 17, ABarppapap, 5186, 0, 0, 0, , 0, 0, 0, 0, 0, 
79, 1, 79, 79, -1, 234, 338, 30.0, 15, ABarppapaa, 7923, 0, 0, 0, , 0, 0, 0, 0, 0, 
80, 1, 80, 80, -1, 74, 253, 22.0, 17, ABarpppppp, 5934, 0, 0, 0, , 0, 0, 0, 0, 0, 
81, 1, 81, 81, -1, 106, 228, 28.0, 17, ABarpppppa, 7879, 0, 0, 0, , 0, 0, 0, 0, 0, 
82, 1, 82, 82, -1, 175, 190, 30.0, 15, ABarppppaa, 4990, 0, 0, 0, , 0, 0, 0, 0, 0, 
83, 1, 83, 83, -1, 149, 203, 31.0, 15, ABarppppap, 5642, 0, 0, 0, , 0, 0, 0, 0, 0, 
84, 1, 84, 84, -1, 200, 186, 34.0, 17, ABarpppaap, 15223, 0, 0, 0, , 0, 0, 0, 0, 0, 
85, 1, 85, 85, -1, 228, 201, 34.0, 13, ABarpppaaa, 4245, 0, 0, 0, , 0, 0, 0, 0, 0, 
86, 1, 86, 86, -1, 327, 193, 22.0, 9, ABalappppaa, 529, 0, 0, 0, , 0, 0, 0, 0, 0, 
87, 1, 87, 87, -1, 321, 181, 26.0, 13, ABalappppap, 2686, 0, 0, 0, , 0, 0, 0, 0, 0, 
88, 1, 88, 612, -1, 288, 177, 30.0, 13, ABalapppppp, 906, 0, 0, 0, , 0, 0, 0, 0, 0, 
89, 1, 89, 88, -1, 335, 205, 22.0, 11, ABalapppaaa, 1540, 0, 0, 0, , 0, 0, 0, 0, 0, 
90, 1, 90, 89, -1, 323, 199, 26.0, 13, ABalapppaap, 2839, 0, 0, 0, , 0, 0, 0, 0, 0, 
91, 1, 91, 90, -1, 318, 200, 28.0, 15, ABalapppapa, 2459, 0, 0, 0, , 0, 0, 0, 0, 0, 
92, 1, 92, 91, -1, 293, 183, 26.0, 13, ABalappapap, 2763, 0, 0, 0, , 0, 0, 0, 0, 0, 
93, 1, 93, 92, -1, 311, 188, 24.0, 13, ABalappapaa, 4147, 0, 0, 0, , 0, 0, 0, 0, 0, 
94, 1, 94, 93, -1, 337, 201, 27.0, 13, ABalappaaa, 4567, 0, 0, 0, , 0, 0, 0, 0, 0, 
95, 1, 95, 94, -1, 321, 174, 22.0, 11, ABalappappa, 2283, 0, 0, 0, , 0, 0, 0, 0, 0, 
96, 1, 96, 95, -1, 309, 170, 24.0, 11, ABalappappp, 2378, 0, 0, 0, , 0, 0, 0, 0, 0, 
97, 1, 97, 96, -1, 321, 265, 32.0, 11, ABalapapppp, 1262, 0, 0, 0, , 0, 0, 0, 0, 0, 
98, 1, 98, 97, -1, 327, 262, 30.0, 15, ABalapapppa, 1219, 0, 0, 0, , 0, 0, 0, 0, 0, 
99, 1, 99, 98, -1, 343, 230, 24.0, 13, ABalapappaa, 2943, 0, 0, 0, , 0, 0, 0, 0, 0, 
100, 1, 100, 99, -1, 336, 242, 28.0, 13, ABalapappap, 3150, 0, 0, 0, , 0, 0, 0, 0, 0, 
101, 1, 101, 100, -1, 320, 227, 31.0, 11, ABalapapaa, 4851, 0, 0, 0, , 0, 0, 0, 0, 0, 
102, 1, 102, 101, -1, 318, 243, 30.0, 13, ABalapapapp, 2914, 0, 0, 0, , 0, 0, 0, 0, 0, 
103, 1, 103, 102, -1, 330, 259, 26.0, 19, ABalapaaaa, 7767, 0, 0, 0, , 0, 0, 0, 0, 0, 
104, 1, 104, 103, -1, 345, 245, 24.0, 15, ABalapaaapa, 4842, 0, 0, 0, , 0, 0, 0, 0, 0, 
105, 1, 105, 104, -1, 349, 263, 27.0, 15, ABalapaaapp, 4828, 0, 0, 0, , 0, 0, 0, 0, 0, 
106, 0, 106, -1, -1, 336, 258, 19.0, 13, , 4727, 0, 0, 0, , 0, 0, 0, 0, 0, 
107, 1, 107, 106, -1, 342, 259, 23.0, 17, ABalppppapa, 3657, 0, 0, 0, , 0, 0, 0, 0, 0, 
108, 1, 108, 107, -1, 331, 278, 18.0, 13, ABalapaapap, 3920, 0, 0, 0, , 0, 0, 0, 0, 0, 
109, 1, 109, 108, -1, 322, 263, 18.0, 11, ABalapaapaa, 2341, 0, 0, 0, , 0, 0, 0, 0, 0, 
110, 1, 110, 109, -1, 340, 268, 22.0, 15, ABalapaappp, 11963, 0, 0, 0, , 0, 0, 0, 0, 0, 
111, 1, 111, 110, -1, 315, 190, 16.0, 14, ABalaapaaa, 6957, 0, 0, 0, , 0, 0, 0, 0, 0, 
112, 1, 112, 111, -1, 229, 180, 10.0, 19, ABalaapapa, 9017, 0, 0, 0, , 0, 0, 0, 0, 0, 
113, 1, 113, 112, -1, 293, 182, 11.0, 11, ABalaapaapp, 2472, 0, 0, 0, , 0, 0, 0, 0, 0, 
114, 1, 114, 113, -1, 312, 186, 13.0, 15, ABalaapaapa, 9625, 0, 0, 0, , 0, 0, 0, 0, 0, 
115, 1, 115, 114, -1, 296, 172, 14.0, 15, ABalaappapa, 4081, 0, 0, 0, , 0, 0, 0, 0, 0, 
116, 1, 116, 115, -1, 278, 172, 13.0, 11, ABalaappaa, 6902, 0, 0, 0, , 0, 0, 0, 0, 0, 
117, 1, 117, 116, -1, 302, 176, 21.0, 19, ABalaappppp, 18776, 0, 0, 0, , 0, 0, 0, 0, 0, 
118, 1, 118, 117, -1, 301, 185, 19.0, 13, ABalaappppa, 2252, 0, 0, 0, , 0, 0, 0, 0, 0, 
119, 1, 119, 118, -1, 289, 178, 20.0, 11, ABalaapppaa, 2755, 0, 0, 0, , 0, 0, 0, 0, 0, 
120, 1, 120, 119, -1, 338, 252, 11.0, 11, ABalaaaalpp, 1957, 0, 0, 0, , 0, 0, 0, 0, 0, 
121, 1, 121, 120, -1, 344, 236, 14.0, 13, ABalaaaalpa, 5592, 0, 0, 0, , 0, 0, 0, 0, 0, 
122, 1, 122, 121, -1, 334, 201, 20.0, 13, ABalaaaarrp, 4330, 0, 0, 0, , 0, 0, 0, 0, 0, 
123, 1, 123, 122, -1, 329, 194, 17.0, 13, ABalaaaarra, 3686, 0, 0, 0, , 0, 0, 0, 0, 0, 
124, 1, 124, 123, -1, 341, 210, 18.0, 13, ABalaaaarlp, 4365, 0, 0, 0, , 0, 0, 0, 0, 0, 
125, 1, 125, 124, -1, 343, 225, 19.0, 15, ABalaaaarla, 4996, 0, 0, 0, , 0, 0, 0, 0, 0, 
126, 1, 126, 125, -1, 332, 181, 21.0, 13, ABalaaapplr, 3633, 0, 0, 0, , 0, 0, 0, 0, 0, 
127, 1, 127, 126, -1, 315, 190, 18.0, 15, ABalaaapprr, 6775, 0, 0, 0, , 0, 0, 0, 0, 0, 
128, 1, 128, 127, -1, 304, 177, 16.0, 13, ABalaaapprl, 2535, 0, 0, 0, , 0, 0, 0, 0, 0, 
129, 1, 129, 128, -1, 335, 223, 28.0, 9, ABalappaapp, 1412, 0, 0, 0, , 0, 0, 0, 0, 0, 
130, 1, 130, 129, -1, 149, 322, 10.0, 13, ABplppppapa, 4283, 0, 0, 0, , 0, 0, 0, 0, 0, 
131, 1, 131, 130, -1, 139, 303, 10.0, 15, ABplppppapp, 4583, 0, 0, 0, , 0, 0, 0, 0, 0, 
132, 1, 132, 131, -1, 161, 303, 12.0, 13, ABplppppaaa, 4780, 0, 0, 0, , 0, 0, 0, 0, 0, 
133, 1, 133, 132, -1, 149, 304, 13.0, 13, ABplppppaap, 4411, 0, 0, 0, , 0, 0, 0, 0, 0, 
134, 1, 134, 133, -1, 87, 322, 13.0, 15, ABplppppppp, 4825, 0, 0, 0, , 0, 0, 0, 0, 0, 
135, 1, 135, 134, -1, 95, 318, 11.0, 13, ABplppppppa, 3723, 0, 0, 0, , 0, 0, 0, 0, 0, 
136, 1, 136, 135, -1, 131, 316, 15.0, 15, ABplpppppap, 5651, 0, 0, 0, , 0, 0, 0, 0, 0, 
137, 1, 137, 136, -1, 147, 315, 16.0, 13, ABplpppppaa, 5151, 0, 0, 0, , 0, 0, 0, 0, 0, 
138, 0, -1, -1, -1, 122, 293, 11.0, 11, , 2642, 0, 0, 0, , 0, 0, 0, 0, 0, 
139, 1, 139, 137, -1, 128, 312, 9.0, 13, ABplpppapaa, 4439, 0, 0, 0, , 0, 0, 0, 0, 0, 
140, 1, 140, 138, -1, 124, 324, 10.0, 13, ABplpppaapp, 5081, 0, 0, 0, , 0, 0, 0, 0, 0, 
141, 1, 141, 139, -1, 170, 313, 10.0, 15, ABplpppaaaa, 5240, 0, 0, 0, , 0, 0, 0, 0, 0, 
142, 1, 142, 140, -1, 164, 331, 11.0, 15, ABplpppaaap, 5603, 0, 0, 0, , 0, 0, 0, 0, 0, 
143, 1, 143, 141, -1, 170, 329, 13.0, 13, ABplppapppp, 3026, 0, 0, 0, , 0, 0, 0, 0, 0, 
144, 1, 144, 142, -1, 177, 316, 12.0, 13, ABplppapppa, 3805, 0, 0, 0, , 0, 0, 0, 0, 0, 
145, 1, 145, 143, -1, 194, 313, 13.0, 13, ABplppappap, 4056, 0, 0, 0, , 0, 0, 0, 0, 0, 
146, 1, 146, 144, -1, 208, 302, 14.0, 13, ABplppappaa, 4719, 0, 0, 0, , 0, 0, 0, 0, 0, 
147, 1, 147, 145, -1, 202, 323, 16.0, 13, ABplppapaap, 4773, 0, 0, 0, , 0, 0, 0, 0, 0, 
148, 1, 148, 146, -1, 193, 330, 15.0, 15, ABplppapapa, 4193, 0, 0, 0, , 0, 0, 0, 0, 0, 
149, 1, 149, 147, -1, 178, 332, 17.0, 13, ABplppapapp, 4974, 0, 0, 0, , 0, 0, 0, 0, 0, 
150, 1, 150, 148, -1, 199, 300, 10.0, 13, ABplppaappa, 4357, 0, 0, 0, , 0, 0, 0, 0, 0, 
151, 1, 151, 149, -1, 186, 307, 10.0, 13, ABplppaappp, 4288, 0, 0, 0, , 0, 0, 0, 0, 0, 
152, 1, 152, 150, -1, 266, 296, 17.0, 13, ABplppaaaaa, 4834, 0, 0, 0, , 0, 0, 0, 0, 0, 
153, 1, 153, 151, -1, 256, 304, 18.0, 11, ABplppaaap, 4847, 0, 0, 0, , 0, 0, 0, 0, 0, 
154, 1, 154, 152, -1, 241, 260, 9.0, 13, ABplpappaaa, 4709, 0, 0, 0, , 0, 0, 0, 0, 0, 
155, 1, 155, 153, -1, 225, 276, 10.0, 15, ABplpappaap, 2096, 0, 0, 0, , 0, 0, 0, 0, 0, 
156, 1, 156, 154, -1, 210, 265, 15.0, 15, MSaappaa, 3368, 0, 0, 0, , 0, 0, 0, 0, 0, 
157, 1, 157, 155, -1, 137, 291, 12.0, 13, ABplpappppp, 3049, 0, 0, 0, , 0, 0, 0, 0, 0, 
158, 1, 158, 156, -1, 157, 285, 12.0, 11, ABplpappppa, 3748, 0, 0, 0, , 0, 0, 0, 0, 0, 
159, 1, 159, 157, -1, 171, 286, 10.0, 15, ABplpapppaa, 4946, 0, 0, 0, , 0, 0, 0, 0, 0, 
160, 1, 160, 158, -1, 158, 269, 10.0, 13, ABplpapppap, 4506, 0, 0, 0, , 0, 0, 0, 0, 0, 
161, 1, 161, 159, -1, 207, 289, 11.0, 13, ABplpapappa, 3539, 0, 0, 0, , 0, 0, 0, 0, 0, 
162, 1, 162, 160, -1, 188, 286, 11.0, 13, ABplpapappp, 3509, 0, 0, 0, , 0, 0, 0, 0, 0, 
163, 1, 163, 161, -1, 225, 298, 16.0, 13, ABplpapapap, 3827, 0, 0, 0, , 0, 0, 0, 0, 0, 
164, 1, 164, 162, -1, 234, 290, 15.0, 13, ABplpapapaa, 4028, 0, 0, 0, , 0, 0, 0, 0, 0, 
165, 1, 165, 163, -1, 272, 285, 13.0, 11, ABplpapaapa, 3760, 0, 0, 0, , 0, 0, 0, 0, 0, 
166, 1, 166, 164, -1, 257, 297, 13.0, 11, ABplpapaapp, 3409, 0, 0, 0, , 0, 0, 0, 0, 0, 
167, 1, 167, 165, -1, 254, 284, 13.0, 13, ABplpapaaap, 4598, 0, 0, 0, , 0, 0, 0, 0, 0, 
168, 1, 168, 166, -1, 264, 276, 12.0, 13, ABplpapaaaa, 2561, 0, 0, 0, , 0, 0, 0, 0, 0, 
169, 1, 169, 167, -1, 208, 321, 13.0, 13, ABplpaaaapp, 6248, 0, 0, 0, , 0, 0, 0, 0, 0, 
170, 1, 170, 168, -1, 227, 308, 11.0, 13, ABplpaaaapa, 8197, 0, 0, 0, , 0, 0, 0, 0, 0, 
171, 1, 171, 169, -1, 314, 271, 16.0, 17, ABplpaaaaaa, 5661, 0, 0, 0, , 0, 0, 0, 0, 0, 
172, 1, 172, 170, -1, 304, 298, 14.0, 13, ABplpaaapap, 5042, 0, 0, 0, , 0, 0, 0, 0, 0, 
173, 1, 173, 171, -1, 313, 290, 13.0, 13, ABplpaaapaa, 5860, 0, 0, 0, , 0, 0, 0, 0, 0, 
174, 1, 174, 172, -1, 294, 285, 14.0, 13, ABplpaaappa, 4644, 0, 0, 0, , 0, 0, 0, 0, 0, 
175, 1, 175, 173, -1, 281, 291, 16.0, 13, ABplpaaappp, 6171, 0, 0, 0, , 0, 0, 0, 0, 0, 
176, 1, 176, 174, -1, 266, 320, 23.0, 13, ABplpaappap, 4405, 0, 0, 0, , 0, 0, 0, 0, 0, 
177, 1, 177, 175, -1, 283, 302, 22.0, 15, ABplpaappaa, 6053, 0, 0, 0, , 0, 0, 0, 0, 0, 
178, 1, 178, 176, -1, 294, 303, 16.0, 13, ABplpaapppa, 3991, 0, 0, 0, , 0, 0, 0, 0, 0, 
179, 1, 179, 177, -1, 308, 306, 18.0, 13, ABplpaapapp, 5007, 0, 0, 0, , 0, 0, 0, 0, 0, 
180, 1, 180, 178, -1, 278, 300, 13.0, 13, ABplpaapppp, 4502, 0, 0, 0, , 0, 0, 0, 0, 0, 
181, 1, 181, 179, -1, 303, 291, 20.0, 15, ABplpaapaap, 5194, 0, 0, 0, , 0, 0, 0, 0, 0, 
182, 1, 182, 180, -1, 307, 271, 18.0, 14, ABplpaapaaa, 5725, 0, 0, 0, , 0, 0, 0, 0, 0, 
183, 1, 183, 181, -1, 326, 300, 21.0, 17, ABplpaapapa, 6419, 0, 0, 0, , 0, 0, 0, 0, 0, 
184, 1, 184, 182, -1, 272, 317, 14.0, 13, ABplaappap, 4136, 0, 0, 0, , 0, 0, 0, 0, 0, 
185, 1, 185, 183, -1, 290, 312, 15.0, 13, ABplaappaa, 5692, 0, 0, 0, , 0, 0, 0, 0, 0, 
186, 1, 186, 184, -1, 264, 330, 19.0, 15, ABplaapppa, 5183, 0, 0, 0, , 0, 0, 0, 0, 0, 
187, 1, 187, 185, -1, 239, 338, 22.0, 17, ABplaapppp, 8630, 0, 0, 0, , 0, 0, 0, 0, 0, 
188, 1, 188, 186, -1, 351, 229, 27.0, 13, ABplaapaaaa, 4471, 0, 0, 0, , 0, 0, 0, 0, 0, 
189, 1, 189, 187, -1, 347, 251, 30.0, 17, ABplaapaaap, 5735, 0, 0, 0, , 0, 0, 0, 0, 0, 
190, 1, 190, 188, -1, 341, 274, 30.0, 13, ABplaapaapa, 5143, 0, 0, 0, , 0, 0, 0, 0, 0, 
191, 1, 191, 189, -1, 331, 282, 27.0, 14, ABplaapaapp, 4502, 0, 0, 0, , 0, 0, 0, 0, 0, 
192, 1, 192, 190, -1, 300, 299, 28.0, 19, ABplaapappp, 5927, 0, 0, 0, , 0, 0, 0, 0, 0, 
193, 1, 193, 191, -1, 305, 278, 28.0, 15, ABplaapappa, 5909, 0, 0, 0, , 0, 0, 0, 0, 0, 
194, 1, 194, 192, -1, 294, 291, 26.0, 13, ABplaapapap, 6602, 0, 0, 0, , 0, 0, 0, 0, 0, 
195, 1, 195, 193, -1, 304, 274, 25.0, 13, ABplaapapaa, 6562, 0, 0, 0, , 0, 0, 0, 0, 0, 
196, 1, 196, 194, -1, 307, 258, 32.0, 15, ABplaaaaapp, 9904, 0, 0, 0, , 0, 0, 0, 0, 0, 
197, 1, 197, 195, -1, 314, 256, 26.0, 11, ABplaaaaapa, 4248, 0, 0, 0, , 0, 0, 0, 0, 0, 
198, 1, 198, 196, -1, 331, 248, 33.0, 17, ABplaaaaaa, 7376, 0, 0, 0, , 0, 0, 0, 0, 0, 
199, 1, 199, 197, -1, 287, 250, 35.0, 17, ABplaaaapp, 4771, 0, 0, 0, , 0, 0, 0, 0, 0, 
200, 1, 200, 198, -1, 302, 240, 35.0, 15, ABplaaaapa, 6112, 0, 0, 0, , 0, 0, 0, 0, 0, 
201, 1, 201, 199, -1, 300, 298, 32.0, 19, ABplaaappa, 6099, 0, 0, 0, , 0, 0, 0, 0, 0, 
202, 1, 202, 200, -1, 284, 312, 32.0, 15, ABplaaappp, 6845, 0, 0, 0, , 0, 0, 0, 0, 0, 
203, 1, 203, 201, -1, 315, 298, 30.0, 15, ABplaaapap, 6345, 0, 0, 0, , 0, 0, 0, 0, 0, 
204, 1, 204, 202, -1, 323, 278, 32.0, 13, ABplaaapaa, 5771, 0, 0, 0, , 0, 0, 0, 0, 0, 
205, 1, 205, 203, -1, 131, 344, 12.0, 15, ABplappppa, 6700, 0, 0, 0, , 0, 0, 0, 0, 0, 
206, 1, 206, 204, -1, 100, 335, 13.0, 15, ABplappppp, 6230, 0, 0, 0, , 0, 0, 0, 0, 0, 
207, 1, 207, 205, -1, 114, 347, 18.0, 15, ABplapppaa, 5263, 0, 0, 0, , 0, 0, 0, 0, 0, 
208, 1, 208, 206, -1, 115, 324, 12.0, 15, ABplapppapp, 3070, 0, 0, 0, , 0, 0, 0, 0, 0, 
209, 1, 209, 207, -1, 116, 336, 14.0, 11, ABplapppapa, 3510, 0, 0, 0, , 0, 0, 0, 0, 0, 
210, 1, 210, 208, -1, 201, 350, 22.0, 15, ABplappaaa, 6663, 0, 0, 0, , 0, 0, 0, 0, 0, 
211, 1, 211, 209, -1, 179, 357, 23.0, 15, ABplappaap, 8922, 0, 0, 0, , 0, 0, 0, 0, 0, 
212, 1, 212, 210, -1, 163, 358, 20.0, 15, ABplappapp, 7517, 0, 0, 0, , 0, 0, 0, 0, 0, 
213, 1, 213, 211, -1, 176, 353, 30.0, 17, ABplappapa, 8189, 0, 0, 0, , 0, 0, 0, 0, 0, 
214, 1, 214, 212, -1, 218, 347, 22.0, 13, ABplapaapp, 10418, 0, 0, 0, , 0, 0, 0, 0, 0, 
215, 1, 215, 213, -1, 248, 336, 18.0, 13, ABplapaapa, 7094, 0, 0, 0, , 0, 0, 0, 0, 0, 
216, 1, 216, 214, -1, 269, 298, 34.0, 13, ABarppaaaa, 3878, 0, 0, 0, , 0, 0, 0, 0, 0, 
217, 1, 217, 215, -1, 248, 328, 25.0, 13, ABplapaaapp, 5431, 0, 0, 0, , 0, 0, 0, 0, 0, 
218, 1, 218, 216, -1, 253, 319, 27.0, 23, ABplapaaapa, 6402, 0, 0, 0, , 0, 0, 0, 0, 0, 
219, 1, 219, 217, -1, 100, 348, 20.0, 13, ABplapapppa, 3489, 0, 0, 0, , 0, 0, 0, 0, 0, 
220, 1, 220, 218, -1, 94, 341, 17.0, 13, ABplapapppp, 4171, 0, 0, 0, , 0, 0, 0, 0, 0, 
221, 1, 221, 219, -1, 143, 366, 20.0, 17, ABplapapap, 7564, 0, 0, 0, , 0, 0, 0, 0, 0, 
222, 1, 222, 220, -1, 132, 360, 17.0, 17, ABplapappa, 7182, 0, 0, 0, , 0, 0, 0, 0, 0, 
223, 1, 223, 221, -1, 130, 363, 26.0, 19, ABplapapaa, 36110, 0, 0, 0, , 0, 0, 0, 0, 0, 
224, 1, 224, 222, -1, 235, 214, 12.0, 11, ABprpapaaaa, 4521, 0, 0, 0, , 0, 0, 0, 0, 0, 
225, 1, 225, 223, -1, 216, 206, 12.0, 13, ABprpapaapp, 4339, 0, 0, 0, , 0, 0, 0, 0, 0, 
226, 1, 226, 224, -1, 184, 247, 12.0, 13, ABprpapappa, 5332, 0, 0, 0, , 0, 0, 0, 0, 0, 
227, 1, 227, 225, -1, 179, 267, 11.0, 13, ABprpapappp, 3540, 0, 0, 0, , 0, 0, 0, 0, 0, 
228, 1, 228, 226, -1, 195, 230, 14.0, 13, ABprpapapap, 3866, 0, 0, 0, , 0, 0, 0, 0, 0, 
229, 1, 229, 227, -1, 206, 226, 14.0, 13, ABprpapapaa, 4511, 0, 0, 0, , 0, 0, 0, 0, 0, 
230, 1, 230, 228, -1, 125, 289, 14.0, 15, ABprpappppp, 7178, 0, 0, 0, , 0, 0, 0, 0, 0, 
231, 1, 231, 229, -1, 145, 289, 14.0, 15, ABprpappppa, 4124, 0, 0, 0, , 0, 0, 0, 0, 0, 
232, 1, 232, 230, -1, 222, 234, 12.0, 13, ABprpapppaa, 3704, 0, 0, 0, , 0, 0, 0, 0, 0, 
233, 1, 233, 231, -1, 193, 252, 14.0, 15, ABprpapppap, 7838, 0, 0, 0, , 0, 0, 0, 0, 0, 
234, 1, 234, 232, -1, 193, 272, 11.0, 13, ABprpappapp, 5506, 0, 0, 0, , 0, 0, 0, 0, 0, 
235, 1, 235, 233, -1, 223, 245, 10.0, 15, ABprpappaap, 3825, 0, 0, 0, , 0, 0, 0, 0, 0, 
236, 1, 236, 234, -1, 236, 240, 9.0, 15, ABprpappaaa, 5011, 0, 0, 0, , 0, 0, 0, 0, 0, 
237, 1, 237, 235, -1, 251, 177, 18.0, 15, ABprpaaaaap, 5946, 0, 0, 0, , 0, 0, 0, 0, 0, 
238, 1, 238, 591, -1, 262, 190, 20.0, 13, ABprpaapaaa, 5503, 0, 0, 0, , 0, 0, 0, 0, 0, 
239, 1, 239, 237, -1, 170, 219, 11.0, 13, ABprpaaaapp, 5337, 0, 0, 0, , 0, 0, 0, 0, 0, 
240, 1, 240, 238, -1, 198, 228, 10.0, 17, ABprpaaaapa, 5754, 0, 0, 0, , 0, 0, 0, 0, 0, 
241, 1, 241, 239, -1, 247, 183, 14.0, 15, ABprpaaappa, 3374, 0, 0, 0, , 0, 0, 0, 0, 0, 
242, 1, 242, 240, -1, 235, 204, 15.0, 11, ABprpapaapa, 755, 0, 0, 0, , 0, 0, 0, 0, 0, 
243, 1, 243, 241, -1, 234, 186, 14.0, 13, ABprpaaappp, 5601, 0, 0, 0, , 0, 0, 0, 0, 0, 
244, 1, 244, 242, -1, 252, 174, 12.0, 13, ABprpaaapaa, 4865, 0, 0, 0, , 0, 0, 0, 0, 0, 
245, 1, 245, 243, -1, 248, 166, 15.0, 13, ABprpaaapap, 5457, 0, 0, 0, , 0, 0, 0, 0, 0, 
246, 1, 246, 244, -1, 246, 180, 20.0, 15, ABprpaapaap, 6510, 0, 0, 0, , 0, 0, 0, 0, 0, 
247, 1, 247, 245, -1, 261, 157, 21.0, 15, ABprpaapapa, 7259, 0, 0, 0, , 0, 0, 0, 0, 0, 
248, 1, 248, 246, -1, 245, 163, 18.0, 13, ABprpaapapp, 6874, 0, 0, 0, , 0, 0, 0, 0, 0, 
249, 1, 249, 247, -1, 238, 169, 16.0, 13, ABprpaapppa, 3994, 0, 0, 0, , 0, 0, 0, 0, 0, 
250, 1, 250, 248, -1, 226, 176, 15.0, 13, ABprpaapppp, 4626, 0, 0, 0, , 0, 0, 0, 0, 0, 
251, 1, 251, 249, -1, 213, 181, 25.0, 15, ABprpaappap, 5705, 0, 0, 0, , 0, 0, 0, 0, 0, 
252, 1, 252, 250, -1, 229, 180, 22.0, 15, ABprpaappaa, 5113, 0, 0, 0, , 0, 0, 0, 0, 0, 
253, 1, 253, 251, -1, 91, 264, 10.0, 15, ABprpppaapp, 5140, 0, 0, 0, , 0, 0, 0, 0, 0, 
254, 1, 254, 252, -1, 103, 262, 11.0, 17, ABprpppaapa, 5214, 0, 0, 0, , 0, 0, 0, 0, 0, 
255, 1, 255, 253, -1, 121, 244, 11.0, 15, ABprpppaaap, 5645, 0, 0, 0, , 0, 0, 0, 0, 0, 
256, 1, 256, 254, -1, 148, 252, 12.0, 13, ABprpppaaaa, 5046, 0, 0, 0, , 0, 0, 0, 0, 0, 
257, 1, 257, 255, -1, 114, 272, 10.0, 15, ABprpppapaa, 4316, 0, 0, 0, , 0, 0, 0, 0, 0, 
258, 1, 258, 256, -1, 104, 287, 10.0, 11, ABprpppapap, 2778, 0, 0, 0, , 0, 0, 0, 0, 0, 
259, 1, 608, 257, -1, 113, 302, 11.0, 11, ABplpppapp, 2245, 0, 0, 0, , 0, 0, 0, 0, 0, 
260, 1, 260, 258, -1, 133, 260, 11.0, 15, ABprppppapa, 7468, 0, 0, 0, , 0, 0, 0, 0, 0, 
261, 1, 261, 259, -1, 128, 277, 11.0, 13, ABprppppapp, 4384, 0, 0, 0, , 0, 0, 0, 0, 0, 
262, 1, 262, 260, -1, 148, 270, 12.0, 13, ABprppppaaa, 4006, 0, 0, 0, , 0, 0, 0, 0, 0, 
263, 1, 263, 261, -1, 136, 273, 14.0, 13, ABprppppaap, 4727, 0, 0, 0, , 0, 0, 0, 0, 0, 
264, 1, 264, 262, -1, 76, 296, 13.0, 13, ABprppppppp, 3452, 0, 0, 0, , 0, 0, 0, 0, 0, 
265, 1, 265, 263, -1, 88, 302, 10.0, 13, ABprppppppa, 5669, 0, 0, 0, , 0, 0, 0, 0, 0, 
266, 1, 266, 264, -1, 129, 256, 18.0, 13, ABprpppppaa, 4348, 0, 0, 0, , 0, 0, 0, 0, 0, 
267, 1, 267, 265, -1, 111, 269, 17.0, 15, ABprpppppap, 4683, 0, 0, 0, , 0, 0, 0, 0, 0, 
268, 1, 268, 266, -1, 193, 211, 15.0, 13, ABprppaapap, 3853, 0, 0, 0, , 0, 0, 0, 0, 0, 
269, 1, 269, 267, -1, 200, 210, 13.0, 13, ABprppaapaa, 5497, 0, 0, 0, , 0, 0, 0, 0, 0, 
270, 1, 270, 268, -1, 181, 251, 11.0, 17, ABprppaappa, 6938, 0, 0, 0, , 0, 0, 0, 0, 0, 
271, 1, 271, 269, -1, 164, 249, 11.0, 13, ABprppaappp, 5108, 0, 0, 0, , 0, 0, 0, 0, 0, 
272, 1, 272, 270, -1, 222, 193, 16.0, 13, ABprppaaaaa, 4303, 0, 0, 0, , 0, 0, 0, 0, 0, 
273, 1, 273, 271, -1, 208, 197, 15.0, 15, ABprppaaaap, 12427, 0, 0, 0, , 0, 0, 0, 0, 0, 
274, 0, 274, -1, -1, 196, 179, 16.0, 11, , 1477, 0, 0, 0, , 0, 0, 0, 0, 0, 
275, 1, 275, 273, -1, 174, 211, 16.0, 13, ABprppapaaa, 4824, 0, 0, 0, , 0, 0, 0, 0, 0, 
276, 1, 276, 274, -1, 160, 217, 15.0, 13, ABprppapaap, 4091, 0, 0, 0, , 0, 0, 0, 0, 0, 
277, 1, 277, 275, -1, 146, 221, 14.0, 13, ABprppapapa, 3809, 0, 0, 0, , 0, 0, 0, 0, 0, 
278, 1, 278, 276, -1, 132, 229, 16.0, 13, ABprppapapp, 4816, 0, 0, 0, , 0, 0, 0, 0, 0, 
279, 1, 279, 277, -1, 152, 235, 12.0, 13, ABprppapppa, 4559, 0, 0, 0, , 0, 0, 0, 0, 0, 
280, 1, 279, 278, -1, 133, 241, 12.0, 11, ABprppapppp, 3704, 0, 0, 0, , 0, 0, 0, 0, 0, 
281, 1, 280, 279, -1, 173, 233, 15.0, 13, ABprppappaa, 4476, 0, 0, 0, , 0, 0, 0, 0, 0, 
282, 1, 281, 280, -1, 163, 234, 12.0, 13, ABprppappap, 3691, 0, 0, 0, , 0, 0, 0, 0, 0, 
283, 1, 282, 281, -1, 338, 186, 28.0, 13, ABpraapaaaa, 4968, 0, 0, 0, , 0, 0, 0, 0, 0, 
284, 1, 283, 282, -1, 317, 181, 31.0, 15, ABarpapaaaa, 4349, 0, 0, 0, , 0, 0, 0, 0, 0, 
285, 1, 284, 283, -1, 324, 177, 29.0, 15, ABpraapaaap, 4518, 0, 0, 0, , 0, 0, 0, 0, 0, 
286, 1, 285, 284, -1, 296, 167, 27.0, 13, ABpraapaapa, 4794, 0, 0, 0, , 0, 0, 0, 0, 0, 
287, 1, 286, 285, -1, 246, 177, 26.0, 13, ABpraapapap, 5362, 0, 0, 0, , 0, 0, 0, 0, 0, 
288, 1, 287, 286, -1, 259, 187, 25.0, 13, ABpraapapaa, 4562, 0, 0, 0, , 0, 0, 0, 0, 0, 
289, 1, 288, 287, -1, 244, 169, 28.0, 17, ABpraapappp, 7115, 0, 0, 0, , 0, 0, 0, 0, 0, 
290, 1, 289, 288, -1, 259, 181, 28.0, 13, ABpraapappa, 5070, 0, 0, 0, , 0, 0, 0, 0, 0, 
291, 1, 290, 289, -1, 172, 186, 23.0, 17, ABpraapppp, 6610, 0, 0, 0, , 0, 0, 0, 0, 0, 
292, 0, 291, -1, -1, 199, 165, 21.0, 11, , 1960, 0, 0, 0, , 0, 0, 0, 0, 0, 
293, 1, 292, 291, -1, 212, 173, 17.0, 13, ABpraappap, 5558, 0, 0, 0, , 0, 0, 0, 0, 0, 
294, 1, 293, 292, -1, 228, 162, 18.0, 11, ABpraappaa, 4036, 0, 0, 0, , 0, 0, 0, 0, 0, 
295, 1, 294, 293, -1, 296, 172, 23.0, 15, ABpraaapapa, 3672, 0, 0, 0, , 0, 0, 0, 0, 0, 
296, 1, 295, 294, -1, 284, 163, 25.0, 13, ABpraaapapp, 4231, 0, 0, 0, , 0, 0, 0, 0, 0, 
297, 1, 296, 295, -1, 271, 176, 23.0, 15, ABpraaapaad, 4838, 0, 0, 0, , 0, 0, 0, 0, 0, 
298, 1, 297, 296, -1, 276, 184, 20.0, 11, ABpraaapaav, 4063, 0, 0, 0, , 0, 0, 0, 0, 0, 
299, 1, 298, 600, -1, 259, 189, 22.0, 13, ABpraaappaa, 4124, 0, 0, 0, , 0, 0, 0, 0, 0, 
300, 1, 299, 297, -1, 245, 181, 22.0, 13, ABpraaappap, 5728, 0, 0, 0, , 0, 0, 0, 0, 0, 
301, 1, 300, 298, -1, 228, 184, 28.0, 13, ABpraaapppa, 6450, 0, 0, 0, , 0, 0, 0, 0, 0, 
302, 1, 301, 299, -1, 227, 166, 25.0, 17, ABpraaapppp, 6648, 0, 0, 0, , 0, 0, 0, 0, 0, 
303, 1, 302, 300, -1, 282, 158, 22.0, 13, ABpraaaaapd, 4736, 0, 0, 0, , 0, 0, 0, 0, 0, 
304, 1, 303, 301, -1, 293, 162, 19.0, 15, ABpraaaaapv, 4571, 0, 0, 0, , 0, 0, 0, 0, 0, 
305, 1, 304, 302, -1, 280, 166, 16.0, 15, ABpraaaaaaa, 4957, 0, 0, 0, , 0, 0, 0, 0, 0, 
306, 1, 305, 303, -1, 265, 168, 14.0, 11, ABpraaaaaap, 6848, 0, 0, 0, , 0, 0, 0, 0, 0, 
307, 1, 306, 304, -1, 268, 170, 17.0, 15, ABpraaaapav, 3760, 0, 0, 0, , 0, 0, 0, 0, 0, 
308, 1, 307, 305, -1, 271, 159, 18.0, 17, ABpraaaapad, 4232, 0, 0, 0, , 0, 0, 0, 0, 0, 
309, 1, 308, 306, -1, 266, 157, 25.0, 11, ABpraaaappa, 4743, 0, 0, 0, , 0, 0, 0, 0, 0, 
310, 1, 309, 307, -1, 267, 170, 25.0, 11, ABpraaaappp, 2840, 0, 0, 0, , 0, 0, 0, 0, 0, 
311, 1, 310, 308, -1, 110, 218, 20.0, 15, ABprappapp, 8100, 0, 0, 0, , 0, 0, 0, 0, 0, 
312, 1, 311, 309, -1, 127, 213, 29.0, 15, ABprappapa, 6863, 0, 0, 0, , 0, 0, 0, 0, 0, 
313, 1, 312, 310, -1, 127, 209, 21.0, 15, ABprappaap, 7832, 0, 0, 0, , 0, 0, 0, 0, 0, 
314, 1, 313, 311, -1, 150, 209, 20.0, 13, ABprappaaa, 6380, 0, 0, 0, , 0, 0, 0, 0, 0, 
315, 1, 314, 312, -1, 86, 253, 16.0, 15, ABprapppaa, 8239, 0, 0, 0, , 0, 0, 0, 0, 0, 
316, 1, 315, 313, -1, 90, 269, 14.0, 13, ABprapppapp, 3641, 0, 0, 0, , 0, 0, 0, 0, 0, 
317, 1, 316, 314, -1, 80, 264, 12.0, 11, ABprapppapa, 3288, 0, 0, 0, , 0, 0, 0, 0, 0, 
318, 1, 317, 315, -1, 74, 278, 13.0, 15, ABprappppp, 7358, 0, 0, 0, , 0, 0, 0, 0, 0, 
319, 1, 318, 316, -1, 85, 248, 12.0, 17, ABprappppa, 16803, 0, 0, 0, , 0, 0, 0, 0, 0, 
320, 1, 319, 317, -1, 209, 189, 28.0, 17, ABprapaaapa, 6311, 0, 0, 0, , 0, 0, 0, 0, 0, 
321, 1, 320, 318, -1, 189, 189, 26.0, 15, ABprapaaapp, 4512, 0, 0, 0, , 0, 0, 0, 0, 0, 
322, 1, 321, 319, -1, 213, 201, 32.0, 13, ABprapaaaap, 5093, 0, 0, 0, , 0, 0, 0, 0, 0, 
323, 1, 322, 320, -1, 225, 197, 31.0, 13, ABprapaaaaa, 4021, 0, 0, 0, , 0, 0, 0, 0, 0, 
324, 1, 323, 321, -1, 156, 195, 21.0, 13, ABprapaapp, 8038, 0, 0, 0, , 0, 0, 0, 0, 0, 
325, 1, 324, 322, -1, 182, 191, 16.0, 15, ABprapaapa, 7868, 0, 0, 0, , 0, 0, 0, 0, 0, 
326, 1, 325, 323, -1, 95, 237, 15.0, 15, ABprapappa, 7183, 0, 0, 0, , 0, 0, 0, 0, 0, 
327, 1, 326, 324, -1, 75, 273, 17.0, 13, ABprapapppp, 4847, 0, 0, 0, , 0, 0, 0, 0, 0, 
328, 1, 327, 325, -1, 66, 264, 19.0, 11, ABprapapppa, 3587, 0, 0, 0, , 0, 0, 0, 0, 0, 
329, 1, 328, 326, -1, 94, 231, 19.0, 15, ABprapapap, 7576, 0, 0, 0, , 0, 0, 0, 0, 0, 
330, 1, 329, 327, -1, 83, 247, 26.0, 17, ABprapapaa, 8248, 0, 0, 0, , 0, 0, 0, 0, 0, 
331, 1, 330, 328, -1, 244, 199, 30.0, 15, MSppppap, 4787, 0, 0, 0, , 0, 0, 0, 0, 0, 
332, 1, 331, 329, -1, 226, 202, 20.0, 13, MSppppaa, 3506, 0, 0, 0, , 0, 0, 0, 0, 0, 
333, 1, 332, 330, -1, 243, 219, 32.0, 15, MSpppppa, 3114, 0, 0, 0, , 0, 0, 0, 0, 0, 
334, 1, 333, 331, -1, 212, 224, 32.0, 17, MSpppppp, 7087, 0, 0, 0, , 0, 0, 0, 0, 0, 
335, 1, 334, 332, -1, 227, 208, 26.0, 15, MSpppaaa, 4285, 0, 0, 0, , 0, 0, 0, 0, 0, 
336, 1, 335, 333, -1, 138, 251, 20.0, 15, MSpppaap, 2673, 0, 0, 0, , 0, 0, 0, 0, 0, 
337, 1, 597, 334, -1, 207, 206, 18.0, 15, MSpppapp, 4568, 0, 0, 0, , 0, 0, 0, 0, 0, 
338, 1, 337, 335, -1, 222, 217, 13.0, 13, ABprpapaaap, 3716, 0, 0, 0, , 0, 0, 0, 0, 0, 
339, 1, 338, 336, -1, 163, 266, 14.0, 15, MSppaapp, 5737, 0, 0, 0, , 0, 0, 0, 0, 0, 
340, 1, 339, 337, -1, 244, 207, 16.0, 13, MSppaapa, 4200, 0, 0, 0, , 0, 0, 0, 0, 0, 
341, 1, 340, 338, -1, 287, 203, 15.0, 13, MSppaaaa, 4571, 0, 0, 0, , 0, 0, 0, 0, 0, 
342, 1, 341, 339, -1, 286, 191, 24.0, 11, MSppaaap, 3674, 0, 0, 0, , 0, 0, 0, 0, 0, 
343, 1, 342, 340, -1, 265, 191, 31.0, 17, MSppappa, 6179, 0, 0, 0, , 0, 0, 0, 0, 0, 
344, 1, 343, 341, -1, 240, 198, 24.0, 13, MSppapaa, 4622, 0, 0, 0, , 0, 0, 0, 0, 0, 
345, 1, 344, 342, -1, 242, 195, 18.0, 15, MSppapap, 4776, 0, 0, 0, , 0, 0, 0, 0, 0, 
346, 1, 345, 343, -1, 199, 258, 17.0, 13, MSpapappp, 3487, 0, 0, 0, , 0, 0, 0, 0, 0, 
347, 1, 346, 344, -1, 207, 235, 21.0, 15, MSpapappa, 3489, 0, 0, 0, , 0, 0, 0, 0, 0, 
348, 1, 347, 345, -1, 201, 243, 18.0, 17, MSpapapa, 6653, 0, 0, 0, , 0, 0, 0, 0, 0, 
349, 1, 348, 346, -1, 218, 230, 18.0, 15, MSpapaaap, 5832, 0, 0, 0, , 0, 0, 0, 0, 0, 
350, 1, 349, 347, -1, 201, 232, 25.0, 17, MSpapaapp, 6254, 0, 0, 0, , 0, 0, 0, 0, 0, 
351, 0, 350, -1, -1, 196, 252, 24.0, 11, , 2998, 0, 0, 0, , 0, 0, 0, 0, 0, 
352, 0, 351, -1, -1, 208, 255, 25.0, 11, , 1360, 0, 0, 0, , 0, 0, 0, 0, 0, 
353, 1, 352, 350, -1, 162, 322, 16.0, 15, MSpappaa, 4718, 0, 0, 0, , 0, 0, 0, 0, 0, 
354, 1, 353, 351, -1, 149, 228, 18.0, 15, MSpapppp, 4285, 0, 0, 0, , 0, 0, 0, 0, 0, 
355, 1, 354, 589, -1, 175, 217, 19.0, 13, MSpapppa, 3531, 0, 0, 0, , 0, 0, 0, 0, 0, 
356, 1, 355, 352, -1, 256, 235, 29.0, 15, MSpaaappa, 6511, 0, 0, 0, , 0, 0, 0, 0, 0, 
357, 1, 356, 353, -1, 233, 241, 29.0, 15, MSpaaappp, 4851, 0, 0, 0, , 0, 0, 0, 0, 0, 
358, 1, 357, 354, -1, 246, 253, 31.0, 13, MSpaaapaa, 4113, 0, 0, 0, , 0, 0, 0, 0, 0, 
359, 1, 358, 355, -1, 230, 251, 31.0, 11, MSpaaapap, 3366, 0, 0, 0, , 0, 0, 0, 0, 0, 
360, 1, 359, 356, -1, 283, 211, 27.0, 15, MSpaaaapa, 5728, 0, 0, 0, , 0, 0, 0, 0, 0, 
361, 1, 360, 357, -1, 263, 214, 28.0, 17, MSpaaaapp, 4663, 0, 0, 0, , 0, 0, 0, 0, 0, 
362, 1, 361, 358, 359, 275, 225, 31.0, 13, MSpaaaaa, 4217, 0, 0, 0, , 0, 0, 0, 0, 0, 
363, 1, 362, 360, -1, 231, 219, 19.0, 13, ABaraappppa, 5923, 0, 0, 0, , 0, 0, 0, 0, 0, 
364, 1, 363, 361, -1, 232, 223, 23.0, 15, ABaraapppap, 5720, 0, 0, 0, , 0, 0, 0, 0, 0, 
365, 1, 364, 362, -1, 235, 224, 28.0, 13, MSpaapaap, 3901, 0, 0, 0, , 0, 0, 0, 0, 0, 
366, 1, 365, 363, -1, 252, 219, 27.0, 11, MSpaapaaa, 2940, 0, 0, 0, , 0, 0, 0, 0, 0, 
367, 1, 366, 364, -1, 181, 259, 26.0, 23, Earap, 28638, 0, 0, 0, , 0, 0, 0, 0, 0, 
368, 1, 367, 365, -1, 267, 297, 20.0, 13, MSapppaa, 2387, 0, 0, 0, , 0, 0, 0, 0, 0, 
369, 1, 368, 366, -1, 256, 291, 28.0, 15, MSapppap, 3538, 0, 0, 0, , 0, 0, 0, 0, 0, 
370, 1, 369, 367, -1, 247, 287, 31.0, 15, MSappppa, 6227, 0, 0, 0, , 0, 0, 0, 0, 0, 
371, 1, 370, 368, -1, 223, 297, 31.0, 17, MSappppp, 3540, 0, 0, 0, , 0, 0, 0, 0, 0, 
372, 1, 371, 369, -1, 163, 319, 20.0, 15, MSappaap, 4419, 0, 0, 0, , 0, 0, 0, 0, 0, 
373, 1, 372, 370, -1, 242, 295, 24.0, 15, MSappaaa, 3579, 0, 0, 0, , 0, 0, 0, 0, 0, 
374, 1, 373, 371, -1, 243, 296, 19.0, 14, MSappapp, 2512, 0, 0, 0, , 0, 0, 0, 0, 0, 
375, 1, 374, 372, -1, 254, 293, 20.0, 11, MSappapa, 1913, 0, 0, 0, , 0, 0, 0, 0, 0, 
376, 1, 375, 373, -1, 293, 276, 31.0, 15, MSapappa, 6722, 0, 0, 0, , 0, 0, 0, 0, 0, 
377, 1, 376, 374, -1, 288, 262, 31.0, 15, MSapappp, 4880, 0, 0, 0, , 0, 0, 0, 0, 0, 
378, 1, 377, 375, -1, 276, 281, 19.0, 15, MSapapap, 4741, 0, 0, 0, , 0, 0, 0, 0, 0, 
379, 1, 378, 376, -1, 272, 289, 26.0, 13, MSapapaa, 3427, 0, 0, 0, , 0, 0, 0, 0, 0, 
380, 1, 379, 377, -1, 192, 293, 15.0, 13, MSapaapp, 3661, 0, 0, 0, , 0, 0, 0, 0, 0, 
381, 1, 380, 378, -1, 289, 283, 18.0, 11, MSapaapa, 3395, 0, 0, 0, , 0, 0, 0, 0, 0, 
382, 1, 381, 379, -1, 314, 252, 16.0, 14, MSapaaaa, 4083, 0, 0, 0, , 0, 0, 0, 0, 0, 
383, 1, 382, 380, -1, 313, 259, 24.0, 13, MSapaaap, 3755, 0, 0, 0, , 0, 0, 0, 0, 0, 
384, 1, 383, 381, -1, 304, 220, 28.0, 17, MSaaaaapa, 5845, 0, 0, 0, , 0, 0, 0, 0, 0, 
385, 1, 384, 382, -1, 291, 238, 31.0, 17, MSaaaaapp, 5893, 0, 0, 0, , 0, 0, 0, 0, 0, 
386, 1, 385, 383, -1, 326, 220, 24.0, 15, MSaaaaaa, 10013, 0, 0, 0, , 0, 0, 0, 0, 0, 
387, 1, 386, 384, -1, 275, 242, 31.0, 11, MSaaaapaa, 3087, 0, 0, 0, , 0, 0, 0, 0, 0, 
388, 1, 387, 385, -1, 259, 244, 31.0, 15, MSaaaapap, 3782, 0, 0, 0, , 0, 0, 0, 0, 0, 
389, 1, 388, 386, -1, 243, 263, 28.0, 13, MSaaaappp, 4126, 0, 0, 0, , 0, 0, 0, 0, 0, 
390, 1, 389, 387, -1, 260, 262, 29.0, 13, MSaaaappa, 5095, 0, 0, 0, , 0, 0, 0, 0, 0, 
391, 1, 390, 388, -1, 244, 276, 27.0, 15, MSaaapapp, 3145, 0, 0, 0, , 0, 0, 0, 0, 0, 
392, 1, 391, 389, -1, 279, 259, 28.0, 13, MSaaapaap, 3982, 0, 0, 0, , 0, 0, 0, 0, 0, 
393, 0, 392, -1, -1, 298, 246, 28.0, 13, , 1874, 0, 0, 0, , 0, 0, 0, 0, 0, 
394, 1, 393, 391, -1, 225, 276, 28.0, 11, MSaaappa, 3445, 0, 0, 0, , 0, 0, 0, 0, 0, 
395, 1, 394, 392, -1, 225, 268, 30.0, 17, MSaaappp, 4281, 0, 0, 0, , 0, 0, 0, 0, 0, 
396, 1, 395, 393, -1, 179, 312, 17.0, 15, MSaapppp, 6175, 0, 0, 0, , 0, 0, 0, 0, 0, 
397, 1, 396, 394, -1, 212, 309, 19.0, 19, MSaapppa, 14975, 0, 0, 0, , 0, 0, 0, 0, 0, 
398, 1, 397, 395, -1, 235, 273, 16.0, 13, MSaapaaap, 8947, 0, 0, 0, , 0, 0, 0, 0, 0, 
399, 1, 398, 396, -1, 253, 271, 17.0, 15, MSaapaaaa, 4653, 0, 0, 0, , 0, 0, 0, 0, 0, 
400, 1, 399, 397, -1, 215, 278, 17.0, 13, MSaapappp, 4280, 0, 0, 0, , 0, 0, 0, 0, 0, 
401, 1, 400, 398, -1, 234, 283, 20.0, 13, MSaapappa, 3312, 0, 0, 0, , 0, 0, 0, 0, 0, 
402, 1, 401, 399, -1, 219, 284, 20.0, 17, MSaapapa, 7906, 0, 0, 0, , 0, 0, 0, 0, 0, 
403, 1, 402, 400, -1, 198, 282, 21.0, 21, Ealpa, 13345, 0, 0, 0, , 0, 0, 0, 0, 0, 
404, 0, 403, -1, -1, 132, 299, 24.0, 17, , 19415, 0, 0, 0, , 0, 0, 0, 0, 0, 
405, 1, 404, 402, -1, 129, 341, 22.0, 15, Cappapa, 5474, 0, 0, 0, , 0, 0, 0, 0, 0, 
406, 1, 405, 403, -1, 112, 328, 17.0, 15, Cappapp, 4751, 0, 0, 0, , 0, 0, 0, 0, 0, 
407, 1, 406, 404, -1, 168, 339, 27.0, 15, Cappaaa, 4453, 0, 0, 0, , 0, 0, 0, 0, 0, 
408, 1, 407, 405, -1, 99, 333, 23.0, 15, Capppap, 4230, 0, 0, 0, , 0, 0, 0, 0, 0, 
409, 1, 408, 406, -1, 115, 333, 28.0, 15, Capppaa, 3677, 0, 0, 0, , 0, 0, 0, 0, 0, 
410, 1, 409, 407, -1, 94, 320, 16.0, 15, Capppp, 3633, 0, 0, 0, , 0, 0, 0, 0, 0, 
411, 1, 410, 408, -1, 141, 339, 26.0, 21, Capapa, 23115, 0, 0, 0, , 0, 0, 0, 0, 0, 
412, 1, 411, 409, -1, 142, 337, 16.0, 17, Capapp, 9685, 0, 0, 0, , 0, 0, 0, 0, 0, 
413, 1, 412, 410, -1, 156, 343, 21.0, 21, Capaap, 4730, 0, 0, 0, , 0, 0, 0, 0, 0, 
414, 1, 413, 411, 412, 190, 333, 23.0, 17, Capaaa, 7200, 0, 0, 0, , 0, 0, 0, 0, 0, 
415, 1, 414, 413, -1, 81, 286, 30.0, 17, Caaapp, 6389, 0, 0, 0, , 0, 0, 0, 0, 0, 
416, 1, 415, 414, -1, 62, 293, 17.0, 19, Caappd, 7177, 0, 0, 0, , 0, 0, 0, 0, 0, 
417, 1, 416, 415, -1, 72, 313, 13.0, 13, Caappv, 3569, 0, 0, 0, , 0, 0, 0, 0, 0, 
418, 1, 417, 416, -1, 101, 303, 14.0, 17, Caapaa, 4001, 0, 0, 0, , 0, 0, 0, 0, 0, 
419, 1, 418, 417, -1, 76, 328, 21.0, 19, Cpappd, 25728, 0, 0, 0, , 0, 0, 0, 0, 0, 
420, 1, 419, 418, -1, 73, 320, 16.0, 17, Cpappv, 7979, 0, 0, 0, , 0, 0, 0, 0, 0, 
421, 1, 420, 419, -1, 67, 300, 24.0, 15, Cpapaa, 5604, 0, 0, 0, , 0, 0, 0, 0, 0, 
422, 1, 421, 420, 421, 123, 235, 21.0, 15, Cppaap, 7361, 0, 0, 0, , 0, 0, 0, 0, 0, 
423, 1, 422, 422, -1, 140, 223, 23.0, 15, Cppaaap, 5153, 0, 0, 0, , 0, 0, 0, 0, 0, 
424, 1, 423, 423, -1, 163, 214, 24.0, 15, Cppaaaa, 5962, 0, 0, 0, , 0, 0, 0, 0, 0, 
425, 1, 424, 424, -1, 129, 231, 27.0, 15, Cppapaa, 5638, 0, 0, 0, , 0, 0, 0, 0, 0, 
426, 1, 425, 425, -1, 113, 262, 13.0, 13, Cppappp, 4108, 0, 0, 0, , 0, 0, 0, 0, 0, 
427, 1, 425, 426, -1, 116, 243, 16.0, 13, Cppappa, 4104, 0, 0, 0, , 0, 0, 0, 0, 0, 
428, 1, 426, 427, -1, 126, 246, 31.0, 15, Cpppaap, 7722, 0, 0, 0, , 0, 0, 0, 0, 0, 
429, 1, 427, 428, -1, 148, 223, 27.0, 15, Cpppaaa, 5693, 0, 0, 0, , 0, 0, 0, 0, 0, 
430, 1, 428, 429, -1, 94, 264, 19.0, 13, Cpppapp, 4910, 0, 0, 0, , 0, 0, 0, 0, 0, 
431, 1, 429, 430, -1, 96, 255, 22.0, 15, Cpppapa, 5125, 0, 0, 0, , 0, 0, 0, 0, 0, 
432, 1, 430, 431, -1, 245, 315, 21.0, 17, Daapa, 4475, 0, 0, 0, , 0, 0, 0, 0, 0, 
433, 1, 431, 432, -1, 225, 323, 19.0, 13, Daapp, 3912, 0, 0, 0, , 0, 0, 0, 0, 0, 
434, 1, 432, 433, -1, 254, 303, 24.0, 15, Daaaa, 7338, 0, 0, 0, , 0, 0, 0, 0, 0, 
435, 1, 433, 434, -1, 234, 309, 28.0, 13, Daaap, 4532, 0, 0, 0, , 0, 0, 0, 0, 0, 
436, 1, 434, 435, -1, 205, 314, 30.0, 17, Dappa, 18715, 0, 0, 0, , 0, 0, 0, 0, 0, 
437, 1, 435, 436, -1, 168, 326, 31.0, 17, Dappp, 5699, 0, 0, 0, , 0, 0, 0, 0, 0, 
438, 1, 436, 437, -1, 187, 204, 20.0, 15, Dpapp, 5077, 0, 0, 0, , 0, 0, 0, 0, 0, 
439, 1, 437, 438, -1, 205, 198, 22.0, 19, Dpapa, 4567, 0, 0, 0, , 0, 0, 0, 0, 0, 
440, 1, 438, 439, -1, 206, 211, 29.0, 17, Dpaap, 4761, 0, 0, 0, , 0, 0, 0, 0, 0, 
441, 1, 439, 440, -1, 212, 199, 25.0, 13, Dpaaa, 4021, 0, 0, 0, , 0, 0, 0, 0, 0, 
442, 1, 440, 441, -1, 157, 228, 31.0, 17, Dpppp, 6939, 0, 0, 0, , 0, 0, 0, 0, 0, 
443, 1, 441, 442, -1, 180, 223, 31.0, 15, Dpppa, 2487, 0, 0, 0, , 0, 0, 0, 0, 0, 
444, 1, 442, 443, -1, 189, 206, 24.0, 15, Dppaa, 4403, 0, 0, 0, , 0, 0, 0, 0, 0, 
445, 1, 443, 444, -1, 166, 214, 27.0, 15, Dppap, 6001, 0, 0, 0, , 0, 0, 0, 0, 0, 
446, 0, 445, -1, -1, 380, 244, 24.0, 15, , 8689, 0, 0, 0, , 0, 0, 0, 0, 0, 
447, 1, 446, 446, -1, 325, 291, 23.0, 15, ABalpppappa, 3793, 0, 0, 0, , 0, 0, 0, 0, 0, 
448, 1, 447, 447, -1, 319, 290, 25.0, 17, ABalpppappp, 4132, 0, 0, 0, , 0, 0, 0, 0, 0, 
449, 1, 448, 448, -1, 299, 281, 22.0, 13, ABalpppppaa, 1773, 0, 0, 0, , 0, 0, 0, 0, 0, 
450, 1, 449, 449, -1, 292, 292, 23.0, 15, ABalpppppap, 4830, 0, 0, 0, , 0, 0, 0, 0, 0, 
451, 1, 450, 450, -1, 278, 308, 26.0, 15, ABalppppppa, 5872, 0, 0, 0, , 0, 0, 0, 0, 0, 
452, 1, 451, 451, -1, 294, 315, 23.0, 19, ABalppppppp, 5799, 0, 0, 0, , 0, 0, 0, 0, 0, 
453, 1, 612, 452, -1, 347, 266, 25.0, 13, ABalppppapp, 4676, 0, 0, 0, , 0, 0, 0, 0, 0, 
454, 1, 453, 453, -1, 321, 280, 22.0, 13, ABalppppaav, 2865, 0, 0, 0, , 0, 0, 0, 0, 0, 
455, 1, 454, 454, -1, 343, 280, 16.0, 13, ABalpppaaaa, 3634, 0, 0, 0, , 0, 0, 0, 0, 0, 
456, 1, 455, 455, -1, 327, 282, 14.0, 11, ABalpppaaap, 3347, 0, 0, 0, , 0, 0, 0, 0, 0, 
457, 1, 456, 456, -1, 351, 277, 20.0, 13, ABalpppaapd, 4888, 0, 0, 0, , 0, 0, 0, 0, 0, 
458, 1, 457, 457, -1, 346, 280, 24.0, 15, ABalpppaapv, 5900, 0, 0, 0, , 0, 0, 0, 0, 0, 
459, 1, 458, 458, -1, 329, 290, 17.0, 13, ABalpppapad, 4230, 0, 0, 0, , 0, 0, 0, 0, 0, 
460, 1, 459, 459, -1, 320, 299, 16.0, 13, ABalpppapav, 3911, 0, 0, 0, , 0, 0, 0, 0, 0, 
461, 1, 460, 460, -1, 354, 260, 18.0, 13, ABalaaapalr, 3759, 0, 0, 0, , 0, 0, 0, 0, 0, 
462, 1, 461, 461, -1, 341, 260, 14.0, 11, ABalppaaaa, 5644, 0, 0, 0, , 0, 0, 0, 0, 0, 
463, 1, 462, 462, -1, 334, 270, 12.0, 13, ABalppaaapp, 5142, 0, 0, 0, , 0, 0, 0, 0, 0, 
464, 1, 463, 463, -1, 284, 292, 10.0, 13, ABalppaappp, 5007, 0, 0, 0, , 0, 0, 0, 0, 0, 
465, 1, 464, 464, -1, 310, 267, 9.0, 11, ABalppaapa, 5262, 0, 0, 0, , 0, 0, 0, 0, 0, 
466, 1, 465, 465, -1, 304, 281, 17.0, 17, ABplpaaaaap, 4017, 0, 0, 0, , 0, 0, 0, 0, 0, 
467, 1, 466, 466, -1, 303, 274, 13.0, 13, ABalppapppa, 4046, 0, 0, 0, , 0, 0, 0, 0, 0, 
468, 1, 467, 467, -1, 315, 266, 14.0, 13, ABalppappap, 6188, 0, 0, 0, , 0, 0, 0, 0, 0, 
469, 1, 468, 468, -1, 328, 256, 15.0, 11, ABalppappaa, 1842, 0, 0, 0, , 0, 0, 0, 0, 0, 
470, 1, 469, 469, -1, 291, 262, 10.0, 13, ABalppapapa, 5858, 0, 0, 0, , 0, 0, 0, 0, 0, 
471, 1, 470, 470, -1, 278, 282, 10.0, 13, ABalppapapp, 5757, 0, 0, 0, , 0, 0, 0, 0, 0, 
472, 1, 471, 471, -1, 322, 256, 11.0, 13, ABalppapaaa, 4504, 0, 0, 0, , 0, 0, 0, 0, 0, 
473, 1, 472, 472, -1, 307, 256, 10.0, 11, ABalppapaap, 3765, 0, 0, 0, , 0, 0, 0, 0, 0, 
474, 1, 473, 473, -1, 241, 296, 11.0, 15, ABalpapapap, 5726, 0, 0, 0, , 0, 0, 0, 0, 0, 
475, 1, 474, 474, -1, 254, 281, 10.0, 17, ABalpapapaa, 9188, 0, 0, 0, , 0, 0, 0, 0, 0, 
476, 1, 475, 475, -1, 213, 307, 10.0, 15, ABalpapappa, 5378, 0, 0, 0, , 0, 0, 0, 0, 0, 
477, 1, 476, 476, -1, 223, 311, 14.0, 15, ABalpapappp, 7662, 0, 0, 0, , 0, 0, 0, 0, 0, 
478, 1, 477, 477, -1, 267, 244, 9.0, 15, ABalpapaapp, 7357, 0, 0, 0, , 0, 0, 0, 0, 0, 
479, 1, 478, 478, -1, 284, 236, 9.0, 13, ABalpapaapa, 5398, 0, 0, 0, , 0, 0, 0, 0, 0, 
480, 1, 479, 479, -1, 297, 246, 10.0, 13, ABalpapaaaa, 7172, 0, 0, 0, , 0, 0, 0, 0, 0, 
481, 1, 480, 480, -1, 272, 263, 10.0, 19, ABalpapaaap, 8126, 0, 0, 0, , 0, 0, 0, 0, 0, 
482, 1, 481, 481, -1, 294, 244, 14.0, 11, ABalpaaaaap, 4809, 0, 0, 0, , 0, 0, 0, 0, 0, 
483, 1, 482, 482, -1, 279, 236, 17.0, 13, ABalpappaaa, 5822, 0, 0, 0, , 0, 0, 0, 0, 0, 
484, 1, 483, 483, -1, 223, 261, 15.0, 14, ABalpappapp, 2529, 0, 0, 0, , 0, 0, 0, 0, 0, 
485, 1, 484, 484, -1, 278, 267, 16.0, 15, ABalpapppaa, 6918, 0, 0, 0, , 0, 0, 0, 0, 0, 
486, 1, 485, 485, -1, 262, 251, 19.0, 17, ABalpapppap, 6759, 0, 0, 0, , 0, 0, 0, 0, 0, 
487, 1, 486, 486, -1, 303, 249, 17.0, 15, ABalpaaapaa, 3660, 0, 0, 0, , 0, 0, 0, 0, 0, 
488, 1, 487, 487, -1, 296, 259, 20.0, 13, ABalpaaapap, 4070, 0, 0, 0, , 0, 0, 0, 0, 0, 
489, 1, 488, 488, -1, 282, 247, 13.0, 13, ABalpaaaapp, 5323, 0, 0, 0, , 0, 0, 0, 0, 0, 
490, 1, 489, 489, -1, 303, 237, 12.0, 13, ABalpaaaapa, 6786, 0, 0, 0, , 0, 0, 0, 0, 0, 
491, 1, 490, 490, -1, 285, 253, 17.0, 15, ABalpappaap, 7872, 0, 0, 0, , 0, 0, 0, 0, 0, 
492, 1, 491, 491, -1, 308, 235, 14.0, 15, ABalpaaaaaa, 7636, 0, 0, 0, , 0, 0, 0, 0, 0, 
493, 1, 492, 492, -1, 336, 222, 14.0, 15, ABalpaapppa, 4724, 0, 0, 0, , 0, 0, 0, 0, 0, 
494, 1, 493, 493, -1, 326, 243, 11.0, 13, ABalpaapppp, 4796, 0, 0, 0, , 0, 0, 0, 0, 0, 
495, 1, 494, 494, -1, 323, 223, 13.0, 13, ABalpaappaa, 4502, 0, 0, 0, , 0, 0, 0, 0, 0, 
496, 1, 495, 495, -1, 314, 231, 10.0, 13, ABalpaappap, 3904, 0, 0, 0, , 0, 0, 0, 0, 0, 
497, 1, 496, 496, -1, 297, 243, 21.0, 17, ABalpaapapa, 6222, 0, 0, 0, , 0, 0, 0, 0, 0, 
498, 1, 497, 497, -1, 316, 240, 21.0, 13, ABalpaapaap, 4337, 0, 0, 0, , 0, 0, 0, 0, 0, 
499, 1, 498, 498, -1, 317, 229, 19.0, 13, ABalpaapaaa, 5472, 0, 0, 0, , 0, 0, 0, 0, 0, 
500, 1, 499, 499, -1, 167, 271, 29.0, 19, Epraa, 19716, 0, 0, 0, , 0, 0, 0, 0, 0, 
501, 0, 500, -1, -1, 158, 293, 27.0, 21, , 65535, 0, 0, 0, , 0, 0, 0, 0, 0, 
502, 1, 501, 501, -1, 200, 253, 26.0, 15, Earaa, 10793, 0, 0, 0, , 0, 0, 0, 0, 0, 
503, 1, 502, 502, -1, 147, 268, 26.0, 19, Earpp, 13372, 0, 0, 0, , 0, 0, 0, 0, 0, 
504, 1, 503, 503, -1, 178, 288, 25.0, 15, Ealap, 12859, 0, 0, 0, , 0, 0, 0, 0, 0, 
505, 1, 504, 504, -1, 208, 277, 27.0, 23, Ealaa, 6155, 0, 0, 0, , 0, 0, 0, 0, 0, 
506, 1, 505, 505, -1, 160, 292, 27.0, 23, Eplaa, 5722, 0, 0, 0, , 0, 0, 0, 0, 0, 
507, 1, 506, 506, -1, 130, 302, 26.0, 21, Eplap, 42813, 0, 0, 0, , 0, 0, 0, 0, 0, 
508, 1, 507, 507, -1, 121, 275, 20.0, 25, Eprpp, 6752, 0, 0, 0, , 0, 0, 0, 0, 0, 
509, 1, 508, 508, -1, 191, 333, 28.0, 17, Dapap, 6067, 0, 0, 0, , 0, 0, 0, 0, 0, 
510, 1, 509, 509, -1, 217, 324, 23.0, 17, Dapaa, 7092, 0, 0, 0, , 0, 0, 0, 0, 0, 
511, 1, 510, 510, -1, 226, 283, 24.0, 15, MSaapaapp, 5740, 0, 0, 0, , 0, 0, 0, 0, 0, 
512, 1, 511, 511, -1, 235, 266, 23.0, 15, MSaapaapa, 3619, 0, 0, 0, , 0, 0, 0, 0, 0, 
513, 1, 512, 512, -1, 169, 205, 32.0, 15, ABarpppapp, 5629, 0, 0, 0, , 0, 0, 0, 0, 0, 
514, 1, 513, 513, -1, 238, 311, 16.0, 13, ABplppaapap, 4105, 0, 0, 0, , 0, 0, 0, 0, 0, 
515, 1, 514, 514, -1, 243, 307, 14.0, 13, ABplppaapaa, 6858, 0, 0, 0, , 0, 0, 0, 0, 0, 
516, 1, 515, 515, -1, 80, 318, 27.0, 21, Cpapap, 12709, 0, 0, 0, , 0, 0, 0, 0, 0, 
517, 1, 516, 516, -1, 344, 249, 16.0, 13, ABalaaaalar, 3460, 0, 0, 0, , 0, 0, 0, 0, 0, 
518, 1, 517, 517, -1, 338, 234, 17.0, 13, ABalaaaalal, 4350, 0, 0, 0, , 0, 0, 0, 0, 0, 
519, 1, 518, 518, -1, 283, 174, 33.0, 15, ABarpappaa, 5413, 0, 0, 0, , 0, 0, 0, 0, 0, 
520, 1, 519, 519, -1, 98, 265, 30.0, 17, Cppppaa, 5907, 0, 0, 0, , 0, 0, 0, 0, 0, 
521, 1, 520, 520, -1, 80, 280, 25.0, 17, Cppppap, 5171, 0, 0, 0, , 0, 0, 0, 0, 0, 
522, 1, 521, 521, -1, 98, 285, 15.0, 15, Cpppppv, 5527, 0, 0, 0, , 0, 0, 0, 0, 0, 
523, 1, 522, 522, -1, 186, 260, 21.0, 21, Earpa, 48866, 0, 0, 0, , 0, 0, 0, 0, 0, 
524, 1, 523, 523, -1, 279, 201, 31.0, 17, MSppappp, 4704, 0, 0, 0, , 0, 0, 0, 0, 0, 
525, 0, 524, -1, -1, 132, 279, 27.0, 19, , 7112, 0, 0, 0, , 0, 0, 0, 0, 0, 
526, 1, 525, 525, -1, 242, 244, 35.0, 19, ABarpaappa, 15858, 0, 0, 0, , 0, 0, 0, 0, 0, 
527, 1, 526, 526, -1, 237, 313, 34.0, 19, ABarppaapa, 26852, 0, 0, 0, , 0, 0, 0, 0, 0, 
528, 0, 527, -1, -1, 126, 305, 19.0, 13, , 7455, 0, 0, 0, , 0, 0, 0, 0, 0, 
529, 1, 528, 528, -1, 121, 299, 17.0, 29, Eplpp, 5310, 0, 0, 0, , 0, 0, 0, 0, 0, 
530, 1, 529, 529, -1, 199, 274, 17.0, 13, MSaappap, 3967, 0, 0, 0, , 0, 0, 0, 0, 0, 
531, 1, 530, 530, -1, 171, 293, 16.0, 19, Z3, 10347, 0, 0, 0, , 0, 0, 0, 0, 0, 
532, 1, 531, 531, -1, 262, 183, 10.0, 13, ABalaapappa, 3569, 0, 0, 0, , 0, 0, 0, 0, 0, 
533, 0, 532, -1, -1, 166, 273, 29.0, 15, , 7948, 0, 0, 0, , 0, 0, 0, 0, 0, 
534, 0, 533, -1, -1, 265, 314, 16.0, 11, , 832, 0, 0, 0, , 0, 0, 0, 0, 0, 
535, 1, 534, 534, -1, 125, 296, 9.0, 14, ABplpppapap, 363, 0, 0, 0, , 0, 0, 0, 0, 0, 
536, 1, 535, 535, -1, 224, 326, 16.0, 13, ABplppapaaa, 6554, 0, 0, 0, , 0, 0, 0, 0, 0, 
537, 1, 536, 536, -1, 341, 244, 19.0, 15, ABalaaapall, 4756, 0, 0, 0, , 0, 0, 0, 0, 0, 
538, 1, 537, 537, -1, 133, 283, 27.0, 17, Eprap, 5840, 0, 0, 0, , 0, 0, 0, 0, 0, 
539, 1, 538, 538, -1, 265, 188, 16.0, 13, ABprpaaaaaa, 6778, 0, 0, 0, , 0, 0, 0, 0, 0, 
540, 1, 539, 539, -1, 136, 252, 15.0, 17, MSpappap, 6140, 0, 0, 0, , 0, 0, 0, 0, 0, 
541, 1, 540, 540, -1, 219, 240, 27.0, 15, MSpaapapp, 3842, 0, 0, 0, , 0, 0, 0, 0, 0, 
542, 0, 541, -1, -1, 203, 257, 29.0, 21, , 21465, 0, 0, 0, , 0, 0, 0, 0, 0, 
543, 1, 542, 542, -1, 79, 291, 20.0, 17, Cpppppd, 5856, 0, 0, 0, , 0, 0, 0, 0, 0, 
544, 1, 543, 543, -1, 268, 297, 30.0, 11, ABplapaaaaa, 4202, 0, 0, 0, , 0, 0, 0, 0, 0, 
545, 1, 544, 544, -1, 129, 308, 21.0, 15, Eplpa, 4251, 0, 0, 0, , 0, 0, 0, 0, 0, 
546, 0, 545, -1, -1, 230, 276, 12.0, 13, , 2972, 0, 0, 0, , 0, 0, 0, 0, 0, 
547, 1, 546, 546, -1, 260, 309, 31.0, 15, ABplapaaaap, 5339, 0, 0, 0, , 0, 0, 0, 0, 0, 
548, 1, 547, 547, -1, 351, 267, 15.0, 15, ABalppaaapa, 2802, 0, 0, 0, , 0, 0, 0, 0, 0, 
549, 1, 548, 548, -1, 256, 259, 15.0, 19, ABalpappppp, 8794, 0, 0, 0, , 0, 0, 0, 0, 0, 
550, 1, 444, 549, -1, 155, 246, 17.0, 21, Z2, 61137, 0, 0, 0, , 0, 0, 0, 0, 0, 
551, 1, 550, 550, -1, 351, 209, 22.0, 13, ABalaaaparr, 3980, 0, 0, 0, , 0, 0, 0, 0, 0, 
552, 1, 551, 551, -1, 347, 227, 21.0, 15, ABalaaaparl, 6913, 0, 0, 0, , 0, 0, 0, 0, 0, 
553, 1, 552, 552, -1, 263, 260, 21.0, 13, ABalpaaappp, 3554, 0, 0, 0, , 0, 0, 0, 0, 0, 
554, 1, 553, 553, -1, 280, 262, 20.0, 15, ABalpaaappa, 6957, 0, 0, 0, , 0, 0, 0, 0, 0, 
555, 0, 554, -1, -1, 199, 281, 22.0, 15, , 2432, 0, 0, 0, , 0, 0, 0, 0, 0, 
556, 1, 555, 555, -1, 207, 248, 11.0, 17, ABprpappapa, 4749, 0, 0, 0, , 0, 0, 0, 0, 0, 
557, 0, 556, -1, -1, 173, 290, 14.0, 13, , 4872, 0, 0, 0, , 0, 0, 0, 0, 0, 
558, 1, 557, 557, -1, 137, 334, 31.0, 15, Cappaap, 4952, 0, 0, 0, , 0, 0, 0, 0, 0, 
559, 1, 558, 558, -1, 269, 252, 13.0, 13, ABalpappppa, 11017, 0, 0, 0, , 0, 0, 0, 0, 0, 
560, 0, 559, -1, -1, 245, 234, 12.0, 15, , 5766, 0, 0, 0, , 0, 0, 0, 0, 0, 
561, 0, 560, -1, -1, 180, 261, 25.0, 15, , 3022, 0, 0, 0, , 0, 0, 0, 0, 0, 
562, 1, 561, 561, -1, 308, 202, 32.0, 19, ABalapppapp, 5917, 0, 0, 0, , 0, 0, 0, 0, 0, 
563, 1, 562, 562, -1, 224, 241, 22.0, 17, MSpapaapa, 6303, 0, 0, 0, , 0, 0, 0, 0, 0, 
564, 1, 563, 563, -1, 274, 166, 29.0, 15, ABpraapaapp, 6441, 0, 0, 0, , 0, 0, 0, 0, 0, 
565, 1, 564, 564, -1, 305, 179, 27.0, 11, ABalapppppa, 1428, 0, 0, 0, , 0, 0, 0, 0, 0, 
566, 1, 565, 565, -1, 302, 216, 12.0, 13, ABarapaaaaa, 7849, 0, 0, 0, , 0, 0, 0, 0, 0, 
567, 0, 566, -1, -1, 92, 322, 18.0, 13, , 4579, 0, 0, 0, , 0, 0, 0, 0, 0, 
568, 1, 567, 567, -1, 289, 267, 12.0, 15, ABalppapppp, 5890, 0, 0, 0, , 0, 0, 0, 0, 0, 
569, 1, 568, 568, -1, 344, 190, 22.0, 13, ABalaaappll, 3404, 0, 0, 0, , 0, 0, 0, 0, 0, 
570, 0, 569, -1, -1, 179, 284, 24.0, 21, , 21664, 0, 0, 0, , 0, 0, 0, 0, 0, 
571, 1, 570, 570, -1, 103, 249, 27.0, 15, Cppapap, 4567, 0, 0, 0, , 0, 0, 0, 0, 0, 
572, 1, 571, 571, -1, 116, 278, 23.0, 19, Eprpa, 23246, 0, 0, 0, , 0, 0, 0, 0, 0, 
573, 1, 572, 572, -1, 245, 223, 19.0, 17, ABarapaappp, 7164, 0, 0, 0, , 0, 0, 0, 0, 0, 
574, 1, 573, 573, -1, 312, 272, 21.0, 11, ABalppppaad, 4410, 0, 0, 0, , 0, 0, 0, 0, 0, 
575, 0, 574, -1, -1, 263, 268, 27.0, 13, , 1261, 0, 0, 0, , 0, 0, 0, 0, 0, 
576, 0, 575, -1, -1, 275, 318, 16.0, 13, , 5111, 0, 0, 0, , 0, 0, 0, 0, 0, 
577, 1, 576, 576, -1, 310, 281, 10.0, 15, ABalppaappa, 4651, 0, 0, 0, , 0, 0, 0, 0, 0, 
578, 0, 577, -1, -1, 285, 257, 25.0, 15, , 1680, 0, 0, 0, , 0, 0, 0, 0, 0, 
579, 0, 578, -1, -1, 161, 339, 21.0, 15, , 4210, 0, 0, 0, , 0, 0, 0, 0, 0, 
580, 1, 579, 579, -1, 132, 327, 12.0, 13, ABplpppaapa, 3941, 0, 0, 0, , 0, 0, 0, 0, 0, 
581, 1, 580, 580, -1, 319, 240, 35.0, 13, ABarpaaaapp, 2225, 0, 0, 0, , 0, 0, 0, 0, 0, 
582, 0, 581, -1, -1, 347, 205, 26.0, 9, , 1016, 0, 0, 0, , 0, 0, 0, 0, 0, 
583, 0, 582, -1, -1, 208, 276, 26.0, 23, , 65535, 0, 0, 0, , 0, 0, 0, 0, 0, 
584, 0, 583, -1, -1, 114, 299, 18.0, 17, , 3188, 0, 0, 0, , 0, 0, 0, 0, 0, 
585, 1, 584, 584, -1, 192, 176, 18.0, 13, ABpraapppa, 3543, 0, 0, 0, , 0, 0, 0, 0, 0, 
586, 0, 585, -1, -1, 114, 278, 19.0, 11, , 641, 0, 0, 0, , 0, 0, 0, 0, 0, 
587, 1, 586, 586, -1, 219, 233, 16.0, 15, MSpapaaaa, 5089, 0, 0, 0, , 0, 0, 0, 0, 0, 
588, 0, 587, -1, -1, 182, 193, 13.0, 9, , 1148, 0, 0, 0, , 0, 0, 0, 0, 0, 
589, 0, 588, -1, -1, 319, 280, 11.0, 11, , 1488, 0, 0, 0, , 0, 0, 0, 0, 0, 
590, 1, 589, 588, -1, 204, 185, 18.0, 11, ABprppaaap, 2774, 0, 0, 0, , 0, 0, 0, 0, 0, 
591, 0, 590, -1, -1, 182, 222, 19.0, 17, , 4143, 0, 0, 0, , 0, 0, 0, 0, 0, 
592, 0, 591, -1, -1, 266, 257, 35.0, 15, , 4092, 0, 0, 0, , 0, 0, 0, 0, 0, 
593, 0, -1, -1, -1, 71, 306, 24.0, 15, , 7994, 0, 0, 0, , 0, 0, 0, 0, 0, 
594, 0, -1, -1, -1, 264, 190, 18.0, 11, , 6133, 0, 0, 0, , 0, 0, 0, 0, 0, 
595, 1, 603, 592, -1, 272, 248, 11.0, 17, ABalpappapa, 6128, 0, 0, 0, , 0, 0, 0, 0, 0, 
596, 0, -1, -1, -1, 299, 313, 24.0, 13, , 858, 0, 0, 0, , 0, 0, 0, 0, 0, 
597, 1, 68, 590, -1, 266, 262, 34.0, 18, ABarpaapap, 5276, 0, 0, 0, , 0, 0, 0, 0, 0, 
598, 1, 592, 601, -1, 204, 219, 35.545456, 19, ABarpppapa, 1967, 0, 0, 0, , 0, 0, 0, 0, 0, 
599, 1, 593, 602, -1, 183, 315, 34.0, 17, Cpaaap, 0, 0, 0, 0, , 0, 0, 0, 0, 0, 
600, 1, 559, 603, -1, 249, 236, 13.0, 14, ABarapapppa, 1929, 0, 0, 0, , 0, 0, 0, 0, 0, 
601, 1, 594, 604, -1, 105, 318, 32.0, 15, Cpaapp, 0, 0, 0, 0, , 0, 0, 0, 0, 0, 
602, 1, 595, 605, -1, 214, 289, 33.0, 15, Cpaaaa, 0, 0, 0, 0, , 0, 0, 0, 0, 0, 
603, 1, 596, 606, -1, 105, 271, 33.5, 15, Caaapa, 0, 0, 0, 0, , 0, 0, 0, 0, 0, 
604, 1, 403, 500, -1, 154, 299, 24.0, 18, Ealpp, 8118, 0, 0, 0, , 0, 0, 0, 0, 0, 
605, 1, 598, 607, -1, 138, 305, 33.0, 15, Cpaapa, 0, 0, 0, 0, , 0, 0, 0, 0, 0, 
606, 1, 599, 608, -1, 140, 257, 33.0, 15, Caaaap, 0, 0, 0, 0, , 0, 0, 0, 0, 0, 
607, 1, 600, 609, -1, 204, 322, 33.0, 18, Caaaaa, 0, 0, 0, 0, , 0, 0, 0, 0, 0, 
608, 1, 601, 610, -1, 90, 300, 13.0, 13, Caapap, 0, 0, 0, 0, , 0, 0, 0, 0, 0, 
609, 1, 602, 611, -1, 213, 268, 13.0, 11, ABplpappap, 6046, 0, 0, 0, , 0, 0, 0, 0, 0, 
610, 1, 604, 613, -1, 287, 186, 17.23077, 13, ABalaapppap, 2552, 0, 0, 0, , 0, 0, 0, 0, 0, 
611, 1, 605, 614, -1, 278, 176, 10.5, 14, ABalaappapp, 2677, 0, 0, 0, , 0, 0, 0, 0, 0, 
612, 1, 606, 597, -1, 220, 208, 18.0, 13, MSpppapa, 2841, 0, 0, 0, , 0, 0, 0, 0, 0, 
613, 1, 607, 595, -1, 108, 304, 10.0, 11, ABprpppapp, 4555, 0, 0, 0, , 0, 0, 0, 0, 0, 
614, 1, 533, 596, -1, 257, 316, 17.0, 13, ABplppaaaap, 7251, 0, 0, 0, , 0, 0, 0, 0, 0, 
615, 1, 609, 616, -1, 263, 269, 27.0, 13, MSaaapapa, 0, 0, 0, 0, , 0, 0, 0, 0, 0, 
616, 1, 610, 577, -1, 283, 258, 23.0, 15, ABalpaapapp, 4028, 0, 0, 0, , 0, 0, 0, 0, 0, 
617, 1, 611, 617, -1, 337, 257, 20.0, 15, ABalapaappa, 0, 0, 0, 0, , 0, 0, 0, 0, 0, 
618, 1, 613, 618, -1, 325, 229, 28.0, 15, ABalapapapa, 0, 0, 0, 0, , 0, 0, 0, 0, 0, 
619, 1, 614, 619, -1, 296, 246, 28.0, 13, MSaaapaaa, 0, 0, 0, 0, , 0, 0, 0, 0, 0, 
620, 1, 615, 620, -1, 340, 200, 25.0, 15, ABalappaapa, 0, 0, 0, 0, , 0, 0, 0, 0, 0, 
621, 0, 616, -1, -1, 243, 191, 10.955056, 13, , 0, 0, 0, 0, , 0, 0, 0, 0, 0, 
622, 1, 617, 622, -1, 236, 184, 11.0, 13, ABalaapappp, 0, 0, 0, 0, , 0, 0, 0, 0, 0, 
