1, 1, 1, 1, -1, 287, 221, 27.0, 13, ABaraaapaap, 2907, 0, 0, 0, , 0, 0, 0, 0, 0, 
2, 1, 2, 2, -1, 246, 229, 30.0, 13, ABaraaapapp, 3778, 0, 0, 0, , 0, 0, 0, 0, 0, 
3, 1, 3, 3, -1, 228, 231, 23.0, 15, ABaraappppp, 4574, 0, 0, 0, , 0, 0, 0, 0, 0, 
4, 1, 4, 4, -1, 260, 286, 20.0, 13, ABaraapappa, 7343, 0, 0, 0, , 0, 0, 0, 0, 0, 
5, 1, 5, 5, -1, 253, 268, 18.0, 13, ABaraapappp, 8533, 0, 0, 0, , 0, 0, 0, 0, 0, 
6, 1, 6, 6, -1, 272, 300, 24.0, 15, ABaraapapap, 7029, 0, 0, 0, , 0, 0, 0, 0, 0, 
7, 1, 7, 7, -1, 301, 224, 24.0, 15, ABaraapaaaa, 7786, 0, 0, 0, , 0, 0, 0, 0, 0, 
8, 1, 8, 8, -1, 308, 247, 28.0, 13, ABaraapaaap, 8102, 0, 0, 0, , 0, 0, 0, 0, 0, 
9, 1, 9, 9, -1, 294, 278, 30.0, 15, MSaaaaapp, 4373, 0, 0, 0, , 0, 0, 0, 0, 0, 
10, 1, 10, 10, -1, 307, 261, 28.0, 13, ABaraapaapa, 6398, 0, 0, 0, , 0, 0, 0, 0, 0, 
11, 1, 11, 11, -1, 322, 206, 24.0, 11, ABaraaappaa, 3589, 0, 0, 0, , 0, 0, 0, 0, 0, 
12, 1, 12, 12, -1, 313, 196, 23.0, 13, ABaraaapppa, 3102, 0, 0, 0, , 0, 0, 0, 0, 0, 
13, 1, 13, 13, -1, 306, 193, 26.0, 13, ABaraaapppp, 3704, 0, 0, 0, , 0, 0, 0, 0, 0, 
14, 1, 14, 14, -1, 305, 206, 24.0, 11, ABaraaapaaa, 3245, 0, 0, 0, , 0, 0, 0, 0, 0, 
15, 1, 15, 15, -1, 247, 254, 31.0, 19, ABaraappapp, 21179, 0, 0, 0, , 0, 0, 0, 0, 0, 
16, 1, 16, 16, -1, 305, 252, 22.0, 9, ABaraaaaaap, 773, 0, 0, 0, , 0, 0, 0, 0, 0, 
17, 1, 17, 17, -1, 290, 250, 25.0, 11, ABaraaaapp, 1522, 0, 0, 0, , 0, 0, 0, 0, 0, 
18, 1, 18, 18, -1, 218, 267, 20.0, 15, ABalpappapp, 12822, 0, 0, 0, , 0, 0, 0, 0, 0, 
19, 1, 19, 19, -1, 243, 213, 24.0, 11, ABarapapaap, 4281, 0, 0, 0, , 0, 0, 0, 0, 0, 
20, 0, 20, -1, -1, 257, 221, 14.0, 15, , 9130, 0, 0, 0, , 0, 0, 0, 0, 0, 
21, 1, 21, 21, -1, 250, 216, 26.0, 15, ABarapappaa, 9703, 0, 0, 0, , 0, 0, 0, 0, 0, 
22, 1, 22, 22, -1, 285, 193, 10.0, 11, ABalaapappa, 3622, 0, 0, 0, , 0, 0, 0, 0, 0, 
23, 1, 23, 23, -1, 286, 219, 20.0, 13, ABarapaaapp, 8312, 0, 0, 0, , 0, 0, 0, 0, 0, 
24, 1, 24, 24, -1, 267, 222, 27.0, 13, ABarapaapap, 8748, 0, 0, 0, , 0, 0, 0, 0, 0, 
25, 1, 25, 25, -1, 267, 240, 27.0, 11, ABarapaapaa, 3745, 0, 0, 0, , 0, 0, 0, 0, 0, 
26, 1, 26, 26, -1, 262, 203, 14.0, 11, ABarapppapa, 5258, 0, 0, 0, , 0, 0, 0, 0, 0, 
27, 1, 27, 27, -1, 300, 194, 12.0, 15, Nuc365_12_301_194, 3720, 0, 0, 0, , 0, 0, 0, 0, 0, 
28, 1, 28, 28, -1, 291, 179, 14.0, 11, Nuc365_14_294_182, 4811, 0, 0, 0, , 0, 0, 0, 0, 0, 
29, 1, 29, 29, -1, 273, 191, 22.0, 15, Nuc365_22_276_188, 5008, 0, 0, 0, , 0, 0, 0, 0, 0, 
30, 1, 30, 30, -1, 290, 189, 14.0, 15, ABarapppaap, 5482, 0, 0, 0, , 0, 0, 0, 0, 0, 
31, 1, 31, 31, -1, 245, 180, 24.0, 9, ABalaapppap, 1398, 0, 0, 0, , 0, 0, 0, 0, 0, 
32, 1, 32, -1, -1, 274, 202, 12.0, 9, ABarapppppa, 907, 0, 0, 0, , 0, 0, 0, 0, 0, 
33, 1, 33, 32, -1, 276, 194, 18.0, 13, ABarapppppp, 6174, 0, 0, 0, , 0, 0, 0, 0, 0, 
34, 1, 34, 33, -1, 292, 195, 23.0, 13, ABarappaaaa, 6837, 0, 0, 0, , 0, 0, 0, 0, 0, 
35, 1, 36, 34, -1, 257, 210, 16.0, 13, ABarappapaa, 6563, 0, 0, 0, , 0, 0, 0, 0, 0, 
36, 1, 37, 35, -1, 215, 211, 13.0, 11, ABprpapappa, 3430, 0, 0, 0, , 0, 0, 0, 0, 0, 
37, 1, 38, 36, -1, 278, 157, 25.0, 15, ABarpapppa, 5269, 0, 0, 0, , 0, 0, 0, 0, 0, 
38, 0, 39, -1, -1, 322, 186, 29.0, 11, , 2451, 0, 0, 0, , 0, 0, 0, 0, 0, 
39, 1, 40, 38, -1, 345, 185, 21.0, 13, ABarpapapa, 2687, 0, 0, 0, , 0, 0, 0, 0, 0, 
40, 1, 41, 39, -1, 353, 193, 30.0, 13, ABarpaapaa, 3374, 0, 0, 0, , 0, 0, 0, 0, 0, 
41, 1, 42, 40, -1, 356, 205, 26.0, 15, ABarpaaaaar, 3117, 0, 0, 0, , 0, 0, 0, 0, 0, 
42, 1, 43, 41, -1, 349, 214, 27.0, 13, ABarpaaaapa, 4154, 0, 0, 0, , 0, 0, 0, 0, 0, 
43, 1, 44, 42, -1, 352, 181, 26.0, 13, ABarpaaapp, 3788, 0, 0, 0, , 0, 0, 0, 0, 0, 
44, 1, 45, 43, -1, 337, 210, 27.0, 13, ABarpaaapaa, 3332, 0, 0, 0, , 0, 0, 0, 0, 0, 
45, 1, 46, 44, -1, 331, 177, 28.0, 11, ABarpaaapap, 2745, 0, 0, 0, , 0, 0, 0, 0, 0, 
46, 1, 47, 45, -1, 257, 319, 21.0, 15, ABarppaapp, 6063, 0, 0, 0, , 0, 0, 0, 0, 0, 
47, 1, 48, 46, -1, 173, 356, 18.0, 15, ABarppappa, 4771, 0, 0, 0, , 0, 0, 0, 0, 0, 
48, 1, 49, 47, -1, 244, 335, 17.0, 17, ABarppapap, 6506, 0, 0, 0, , 0, 0, 0, 0, 0, 
49, 1, 50, 48, -1, 201, 216, 32.0, 17, ABarppppaa, 3477, 0, 0, 0, , 0, 0, 0, 0, 0, 
50, 1, 51, 49, -1, 187, 241, 31.0, 13, ABarppppap, 2754, 0, 0, 0, , 0, 0, 0, 0, 0, 
51, 1, 52, 50, -1, 228, 181, 30.0, 15, ABpraapapppa, 5122, 0, 0, 0, , 0, 0, 0, 0, 0, 
52, 1, 53, 51, -1, 321, 224, 28.0, 13, ABalapppaap, 1834, 0, 0, 0, , 0, 0, 0, 0, 0, 
53, 1, 54, 52, -1, 320, 237, 30.0, 11, ABalapppaaa, 1249, 0, 0, 0, , 0, 0, 0, 0, 0, 
54, 1, 55, 53, -1, 354, 228, 32.0, 17, ABarpapapp, 6191, 0, 0, 0, , 0, 0, 0, 0, 0, 
55, 1, 56, 54, -1, 329, 266, 22.0, 13, ABalppppapa, 1818, 0, 0, 0, , 0, 0, 0, 0, 0, 
56, 1, 57, 55, -1, 336, 292, 21.0, 13, ABalapaaaap, 3346, 0, 0, 0, , 0, 0, 0, 0, 0, 
57, 0, 58, -1, -1, 325, 287, 23.0, 13, , 1661, 0, 0, 0, , 0, 0, 0, 0, 0, 
58, 1, 59, 57, -1, 279, 168, 22.0, 11, ABalaapaapa, 3416, 0, 0, 0, , 0, 0, 0, 0, 0, 
59, 1, 60, 58, -1, 284, 170, 19.0, 11, ABalaappaa, 2215, 0, 0, 0, , 0, 0, 0, 0, 0, 
60, 1, 61, 59, -1, 257, 182, 26.0, 15, ABarappppaa, 4869, 0, 0, 0, , 0, 0, 0, 0, 0, 
61, 1, 62, 60, -1, 240, 169, 25.0, 11, ABalaapppaa, 2416, 0, 0, 0, , 0, 0, 0, 0, 0, 
62, 1, 63, 61, -1, 294, 197, 27.0, 13, ABalaaaarrp, 3234, 0, 0, 0, , 0, 0, 0, 0, 0, 
63, 1, 64, 62, -1, 284, 181, 22.0, 11, ABalaapaapp, 2821, 0, 0, 0, , 0, 0, 0, 0, 0, 
64, 1, 65, 63, -1, 319, 174, 22.0, 13, ABalaaaarra, 3982, 0, 0, 0, , 0, 0, 0, 0, 0, 
65, 1, 66, 64, -1, 324, 243, 22.0, 11, ABalaaaarlp, 3316, 0, 0, 0, , 0, 0, 0, 0, 0, 
66, 0, 67, -1, -1, 349, 227, 26.0, 13, , 4436, 0, 0, 0, , 0, 0, 0, 0, 0, 
67, 1, 68, 66, -1, 327, 243, 16.0, 11, ABalaaaalpp, 2323, 0, 0, 0, , 0, 0, 0, 0, 0, 
68, 1, 69, 67, -1, 339, 186, 25.0, 11, ABpraapaaap, 3589, 0, 0, 0, , 0, 0, 0, 0, 0, 
69, 1, 70, 68, -1, 284, 196, 30.0, 11, ABalaapaaar, 3014, 0, 0, 0, , 0, 0, 0, 0, 0, 
70, 1, 71, 69, -1, 298, 163, 20.0, 11, ABpraaaaapv, 4079, 0, 0, 0, , 0, 0, 0, 0, 0, 
71, 1, 72, 70, -1, 334, 228, 33.0, 13, ABalappaapa, 5252, 0, 0, 0, , 0, 0, 0, 0, 0, 
72, 0, 73, -1, -1, 102, 253, 11.0, 11, , 944, 0, 0, 0, , 0, 0, 0, 0, 0, 
73, 1, 74, 71, -1, 112, 265, 12.0, 13, ABplppppapp, 4506, 0, 0, 0, , 0, 0, 0, 0, 0, 
74, 1, 75, 72, -1, 123, 289, 16.0, 13, ABplppppaaa, 3985, 0, 0, 0, , 0, 0, 0, 0, 0, 
75, 1, 76, 73, -1, 111, 283, 17.0, 13, ABplppppaap, 3609, 0, 0, 0, , 0, 0, 0, 0, 0, 
76, 1, 77, 74, -1, 75, 270, 14.0, 11, ABplppppppp, 3338, 0, 0, 0, , 0, 0, 0, 0, 0, 
77, 1, 78, 75, -1, 87, 269, 13.0, 13, ABplppppppa, 4126, 0, 0, 0, , 0, 0, 0, 0, 0, 
78, 1, 79, 76, -1, 101, 316, 13.0, 15, ABplpppaapa, 6410, 0, 0, 0, , 0, 0, 0, 0, 0, 
79, 1, 80, 77, -1, 112, 303, 17.0, 13, ABplpppppaa, 4375, 0, 0, 0, , 0, 0, 0, 0, 0, 
80, 1, 81, 78, -1, 106, 285, 11.0, 15, ABplpppapaa, 4927, 0, 0, 0, , 0, 0, 0, 0, 0, 
81, 1, 82, 79, -1, 108, 299, 13.0, 13, ABplpppaapp, 4027, 0, 0, 0, , 0, 0, 0, 0, 0, 
82, 1, 83, 80, -1, 142, 270, 12.0, 13, ABplpppaaaa, 5482, 0, 0, 0, , 0, 0, 0, 0, 0, 
83, 1, 84, 81, -1, 147, 300, 14.0, 15, ABplpppaaap, 5190, 0, 0, 0, , 0, 0, 0, 0, 0, 
84, 1, 85, 82, -1, 146, 295, 16.0, 13, ABplppapppp, 3121, 0, 0, 0, , 0, 0, 0, 0, 0, 
85, 1, 86, 83, -1, 178, 279, 15.0, 13, ABplppapppa, 5007, 0, 0, 0, , 0, 0, 0, 0, 0, 
86, 1, 87, 84, -1, 205, 268, 14.0, 13, ABplppappap, 4642, 0, 0, 0, , 0, 0, 0, 0, 0, 
87, 1, 88, 85, -1, 213, 256, 13.0, 13, ABplppappaa, 3678, 0, 0, 0, , 0, 0, 0, 0, 0, 
88, 1, 89, 86, -1, 196, 280, 14.0, 13, ABplppapapa, 4244, 0, 0, 0, , 0, 0, 0, 0, 0, 
89, 1, 90, 87, -1, 179, 295, 16.0, 13, ABplppapapp, 5014, 0, 0, 0, , 0, 0, 0, 0, 0, 
90, 1, 91, 88, -1, 161, 293, 15.0, 13, ABplppaappp, 4205, 0, 0, 0, , 0, 0, 0, 0, 0, 
91, 0, 92, -1, -1, 280, 207, 15.0, 11, , 3283, 0, 0, 0, , 0, 0, 0, 0, 0, 
92, 1, 93, 90, -1, 202, 274, 20.0, 13, MSaappap, 2973, 0, 0, 0, , 0, 0, 0, 0, 0, 
93, 1, 94, 91, -1, 104, 267, 16.0, 11, ABplpappppp, 3175, 0, 0, 0, , 0, 0, 0, 0, 0, 
94, 1, 95, 92, -1, 120, 277, 18.0, 13, ABplpappppa, 3599, 0, 0, 0, , 0, 0, 0, 0, 0, 
95, 1, 96, 93, -1, 117, 277, 14.0, 15, ABplpapppaa, 3306, 0, 0, 0, , 0, 0, 0, 0, 0, 
96, 1, 97, 94, -1, 118, 257, 19.0, 13, ABplpapppap, 4667, 0, 0, 0, , 0, 0, 0, 0, 0, 
97, 1, 98, 95, -1, 232, 236, 12.0, 11, ABplpapappa, 2326, 0, 0, 0, , 0, 0, 0, 0, 0, 
98, 1, 99, 96, -1, 162, 294, 17.0, 13, ABprppapppa, 3119, 0, 0, 0, , 0, 0, 0, 0, 0, 
99, 1, 100, 97, -1, 230, 251, 15.0, 13, ABplpapapap, 3755, 0, 0, 0, , 0, 0, 0, 0, 0, 
100, 1, 101, 98, -1, 230, 265, 15.0, 13, ABplpapapaa, 6699, 0, 0, 0, , 0, 0, 0, 0, 0, 
101, 1, 102, 99, -1, 247, 239, 13.0, 11, Nuc365_12_254_241, 2547, 0, 0, 0, , 0, 0, 0, 0, 0, 
102, 1, 103, -1, -1, 243, 241, 15.0, 11, ABplpapaaap, 3774, 0, 0, 0, , 0, 0, 0, 0, 0, 
103, 1, 104, 100, -1, 258, 243, 15.0, 15, ABplpapaaaa, 4447, 0, 0, 0, , 0, 0, 0, 0, 0, 
104, 1, 105, 101, -1, 216, 267, 15.0, 13, ABplppapaap, 4356, 0, 0, 0, , 0, 0, 0, 0, 0, 
105, 0, 106, -1, -1, 329, 261, 12.0, 11, , 4240, 0, 0, 0, , 0, 0, 0, 0, 0, 
106, 1, 107, 103, -1, 310, 265, 14.0, 15, ABplpaaaaaa, 7581, 0, 0, 0, , 0, 0, 0, 0, 0, 
107, 1, 108, 104, -1, 301, 220, 10.0, 13, ABplpaapapp, 6603, 0, 0, 0, , 0, 0, 0, 0, 0, 
108, 0, 109, -1, -1, 312, 241, 15.0, 13, , 3583, 0, 0, 0, , 0, 0, 0, 0, 0, 
109, 1, 110, 106, -1, 273, 299, 15.0, 13, ABplpaappap, 5007, 0, 0, 0, , 0, 0, 0, 0, 0, 
110, 1, 111, 107, -1, 275, 283, 15.0, 15, ABplpaappaa, 3102, 0, 0, 0, , 0, 0, 0, 0, 0, 
111, 1, 112, 108, -1, 280, 230, 10.0, 13, Nuc357_12_281_253, 4262, 0, 0, 0, , 0, 0, 0, 0, 0, 
112, 0, 113, -1, -1, 277, 231, 12.0, 13, , 5403, 0, 0, 0, , 0, 0, 0, 0, 0, 
113, 1, 114, 110, -1, 287, 302, 14.0, 13, ABplpaapaap, 5918, 0, 0, 0, , 0, 0, 0, 0, 0, 
114, 0, 115, -1, -1, 305, 287, 21.0, 13, , 4447, 0, 0, 0, , 0, 0, 0, 0, 0, 
115, 1, 116, 112, -1, 357, 252, 19.0, 13, ABplpaapapa, 4975, 0, 0, 0, , 0, 0, 0, 0, 0, 
116, 1, 117, 113, -1, 346, 198, 23.0, 13, ABplaapaaaa, 4408, 0, 0, 0, , 0, 0, 0, 0, 0, 
117, 1, 118, 114, -1, 355, 207, 21.0, 13, ABplaapaaap, 4342, 0, 0, 0, , 0, 0, 0, 0, 0, 
118, 1, 119, 115, -1, 344, 247, 18.0, 13, ABplaapaapa, 4639, 0, 0, 0, , 0, 0, 0, 0, 0, 
119, 1, 120, 116, -1, 310, 297, 19.0, 13, ABplaapapppa, 3194, 0, 0, 0, , 0, 0, 0, 0, 0, 
120, 1, 121, 117, -1, 296, 302, 20.0, 11, ABplaapapppp, 2764, 0, 0, 0, , 0, 0, 0, 0, 0, 
121, 1, 122, 118, -1, 285, 281, 18.0, 13, ABplaapappa, 4178, 0, 0, 0, , 0, 0, 0, 0, 0, 
122, 1, 123, 119, -1, 282, 300, 21.0, 11, ABplaapapap, 4194, 0, 0, 0, , 0, 0, 0, 0, 0, 
123, 1, 124, 120, -1, 274, 287, 18.0, 13, ABplaapapaa, 2538, 0, 0, 0, , 0, 0, 0, 0, 0, 
124, 0, 125, -1, -1, 330, 265, 31.0, 17, , 6302, 0, 0, 0, , 0, 0, 0, 0, 0, 
125, 0, 126, -1, -1, 344, 236, 31.0, 11, , 1195, 0, 0, 0, , 0, 0, 0, 0, 0, 
126, 1, 127, 123, -1, 362, 217, 29.0, 15, ABplaaaapp, 4056, 0, 0, 0, , 0, 0, 0, 0, 0, 
127, 1, 128, 124, -1, 350, 260, 14.0, 15, ABplaaappa, 6737, 0, 0, 0, , 0, 0, 0, 0, 0, 
128, 0, 129, -1, -1, 338, 270, 19.0, 13, , 4898, 0, 0, 0, , 0, 0, 0, 0, 0, 
129, 0, 130, -1, -1, 343, 283, 19.0, 11, , 2031, 0, 0, 0, , 0, 0, 0, 0, 0, 
130, 1, 131, 127, -1, 341, 252, 21.0, 11, ABplaaappp, 1981, 0, 0, 0, , 0, 0, 0, 0, 0, 
131, 1, 132, 128, -1, 341, 214, 15.0, 13, ABplaaapaa, 5370, 0, 0, 0, , 0, 0, 0, 0, 0, 
132, 1, 133, 129, -1, 121, 259, 10.0, 19, ABplappppa, 25122, 0, 0, 0, , 0, 0, 0, 0, 0, 
133, 1, 134, 130, -1, 79, 292, 11.0, 15, ABplappppp, 6598, 0, 0, 0, , 0, 0, 0, 0, 0, 
134, 1, 135, 131, -1, 103, 312, 11.0, 13, ABplapppaaa, 4662, 0, 0, 0, , 0, 0, 0, 0, 0, 
135, 1, 136, 132, -1, 94, 299, 13.0, 13, ABplapppapp, 3409, 0, 0, 0, , 0, 0, 0, 0, 0, 
136, 1, 137, 133, -1, 90, 308, 10.0, 13, ABplapppapa, 1970, 0, 0, 0, , 0, 0, 0, 0, 0, 
137, 1, 138, 134, -1, 221, 329, 14.0, 19, ABplappaaa, 9268, 0, 0, 0, , 0, 0, 0, 0, 0, 
138, 1, 139, 135, -1, 162, 343, 14.0, 15, ABplappapp, 8192, 0, 0, 0, , 0, 0, 0, 0, 0, 
139, 1, 140, 136, -1, 204, 349, 18.0, 17, ABplappapa, 21489, 0, 0, 0, , 0, 0, 0, 0, 0, 
140, 1, 141, 137, -1, 240, 317, 12.0, 17, ABplapaapp, 10554, 0, 0, 0, , 0, 0, 0, 0, 0, 
141, 1, 142, 138, -1, 233, 241, 10.0, 17, ABplapaapa, 10887, 0, 0, 0, , 0, 0, 0, 0, 0, 
142, 1, 143, 139, -1, 318, 291, 26.0, 15, ABarppaaaa, 4892, 0, 0, 0, , 0, 0, 0, 0, 0, 
143, 1, 144, 140, -1, 266, 309, 20.0, 15, ABplapaaapp, 2537, 0, 0, 0, , 0, 0, 0, 0, 0, 
144, 1, 145, 141, -1, 132, 336, 11.0, 15, ABplapapap, 7049, 0, 0, 0, , 0, 0, 0, 0, 0, 
145, 1, 146, 142, -1, 118, 318, 10.0, 15, ABplapappa, 6510, 0, 0, 0, , 0, 0, 0, 0, 0, 
146, 1, 147, 143, -1, 128, 352, 16.0, 17, ABplapapaa, 14056, 0, 0, 0, , 0, 0, 0, 0, 0, 
147, 1, 148, 144, -1, 231, 210, 16.0, 11, ABprpapaaap, 2512, 0, 0, 0, , 0, 0, 0, 0, 0, 
148, 1, 149, -1, -1, 133, 285, 14.0, 11, Nuc362_14_137_290, 1786, 0, 0, 0, , 0, 0, 0, 0, 0, 
149, 1, 150, 146, -1, 208, 218, 18.0, 11, ABprpapapaa, 4301, 0, 0, 0, , 0, 0, 0, 0, 0, 
150, 1, 151, 147, -1, 84, 293, 18.0, 15, Eplppa, 6337, 0, 0, 0, , 0, 0, 0, 0, 0, 
151, 1, 152, 148, -1, 95, 267, 20.0, 13, ABprpappppa, 3795, 0, 0, 0, , 0, 0, 0, 0, 0, 
152, 0, 153, -1, -1, 178, 266, 14.0, 9, , 1250, 0, 0, 0, , 0, 0, 0, 0, 0, 
153, 1, 154, 150, -1, 243, 225, 17.0, 11, ABprpappaap, 2859, 0, 0, 0, , 0, 0, 0, 0, 0, 
154, 1, 155, 151, -1, 290, 209, 19.0, 13, ABarapapapa, 6030, 0, 0, 0, , 0, 0, 0, 0, 0, 
155, 1, 156, 152, -1, 221, 176, 21.0, 15, ABprpaaaaap, 7006, 0, 0, 0, , 0, 0, 0, 0, 0, 
156, 1, 157, 153, -1, 233, 187, 23.0, 11, ABpraaappaa, 2813, 0, 0, 0, , 0, 0, 0, 0, 0, 
157, 1, 158, 154, -1, 184, 256, 15.0, 13, ABprpaaaapp, 5400, 0, 0, 0, , 0, 0, 0, 0, 0, 
158, 1, 159, 155, -1, 232, 211, 11.0, 15, ABprpaaaapa, 6113, 0, 0, 0, , 0, 0, 0, 0, 0, 
159, 1, 160, 156, -1, 257, 180, 22.0, 13, ABprpaaaaaa, 6234, 0, 0, 0, , 0, 0, 0, 0, 0, 
160, 1, 161, 157, -1, 256, 195, 16.0, 13, ABprpapaapp, 3614, 0, 0, 0, , 0, 0, 0, 0, 0, 
161, 1, 162, 158, -1, 245, 202, 15.0, 11, ABprpapaapa, 3361, 0, 0, 0, , 0, 0, 0, 0, 0, 
162, 1, 163, 159, -1, 253, 182, 18.0, 15, ABprpaaappp, 5550, 0, 0, 0, , 0, 0, 0, 0, 0, 
163, 1, 164, 160, -1, 280, 169, 16.0, 13, ABprpaaapap, 5349, 0, 0, 0, , 0, 0, 0, 0, 0, 
164, 1, 165, 161, -1, 207, 186, 26.0, 15, ABprpaapaap, 5348, 0, 0, 0, , 0, 0, 0, 0, 0, 
165, 1, 166, 162, -1, 300, 169, 30.0, 15, ABprpaapapa, 5348, 0, 0, 0, , 0, 0, 0, 0, 0, 
166, 0, 167, -1, -1, 262, 181, 15.0, 11, , 2017, 0, 0, 0, , 0, 0, 0, 0, 0, 
167, 1, 168, 164, -1, 208, 201, 26.0, 13, ABprpaappap, 3810, 0, 0, 0, , 0, 0, 0, 0, 0, 
168, 1, 169, 165, -1, 218, 191, 23.0, 13, ABprpaappaa, 4441, 0, 0, 0, , 0, 0, 0, 0, 0, 
169, 1, 170, 166, -1, 107, 258, 25.0, 15, ABprpppaapa, 12687, 0, 0, 0, , 0, 0, 0, 0, 0, 
170, 1, 171, 167, -1, 141, 272, 20.0, 15, ABprpppaaap, 4070, 0, 0, 0, , 0, 0, 0, 0, 0, 
171, 1, 172, 168, -1, 142, 257, 16.0, 15, ABprpppaaaa, 5776, 0, 0, 0, , 0, 0, 0, 0, 0, 
172, 1, 173, 169, -1, 109, 235, 20.0, 15, ABprpppapaa, 6169, 0, 0, 0, , 0, 0, 0, 0, 0, 
173, 1, 174, 170, -1, 129, 243, 16.0, 15, ABprppppapa, 3674, 0, 0, 0, , 0, 0, 0, 0, 0, 
174, 1, 175, 171, -1, 115, 249, 14.0, 13, ABprppppapp, 4906, 0, 0, 0, , 0, 0, 0, 0, 0, 
175, 1, 176, 172, -1, 125, 267, 21.0, 13, ABprppppaaa, 4151, 0, 0, 0, , 0, 0, 0, 0, 0, 
176, 1, 177, 173, -1, 111, 266, 20.0, 13, ABprppppaap, 3668, 0, 0, 0, , 0, 0, 0, 0, 0, 
177, 1, 178, 174, -1, 137, 271, 23.0, 17, ABprpppppaa, 3619, 0, 0, 0, , 0, 0, 0, 0, 0, 
178, 1, 179, 175, -1, 114, 276, 24.0, 13, ABprpppppap, 3991, 0, 0, 0, , 0, 0, 0, 0, 0, 
179, 1, 180, 176, -1, 208, 189, 21.0, 15, ABprppaapap, 8563, 0, 0, 0, , 0, 0, 0, 0, 0, 
180, 0, 181, -1, -1, 214, 178, 17.0, 13, , 5454, 0, 0, 0, , 0, 0, 0, 0, 0, 
181, 1, 182, 178, -1, 206, 229, 13.0, 13, ABprppaappa, 5881, 0, 0, 0, , 0, 0, 0, 0, 0, 
182, 1, 183, 179, -1, 151, 281, 17.0, 13, ABprppaappp, 3407, 0, 0, 0, , 0, 0, 0, 0, 0, 
183, 1, 184, 180, -1, 227, 172, 18.0, 13, ABprppaaaaa, 5847, 0, 0, 0, , 0, 0, 0, 0, 0, 
184, 1, 185, 181, -1, 193, 204, 23.0, 13, ABprppaaaapp, 3924, 0, 0, 0, , 0, 0, 0, 0, 0, 
185, 1, 186, 182, -1, 199, 187, 23.0, 15, ABprppaaaapa, 2792, 0, 0, 0, , 0, 0, 0, 0, 0, 
186, 1, 187, 183, -1, 196, 216, 13.0, 17, ABprppapaaa, 4887, 0, 0, 0, , 0, 0, 0, 0, 0, 
187, 1, 188, 184, -1, 202, 267, 17.0, 13, ABprppapaap, 4529, 0, 0, 0, , 0, 0, 0, 0, 0, 
188, 1, 189, 185, -1, 193, 269, 16.0, 11, ABprppappap, 1076, 0, 0, 0, , 0, 0, 0, 0, 0, 
189, 1, 190, 186, -1, 184, 269, 18.0, 13, ABprppapapa, 3934, 0, 0, 0, , 0, 0, 0, 0, 0, 
190, 1, 191, 187, -1, 161, 292, 20.0, 15, ABprppapapp, 4851, 0, 0, 0, , 0, 0, 0, 0, 0, 
191, 1, 192, 188, -1, 137, 281, 17.0, 13, ABprppapppp, 4549, 0, 0, 0, , 0, 0, 0, 0, 0, 
192, 1, 193, 189, -1, 196, 252, 15.0, 11, ABprppappaa, 3498, 0, 0, 0, , 0, 0, 0, 0, 0, 
193, 1, 194, 190, -1, 334, 213, 23.0, 15, ABpraapaaaa, 4254, 0, 0, 0, , 0, 0, 0, 0, 0, 
194, 1, 195, 191, -1, 322, 185, 32.0, 13, ABarpapaaap, 4792, 0, 0, 0, , 0, 0, 0, 0, 0, 
195, 1, 196, 192, -1, 288, 174, 33.0, 13, ABalappappp, 2120, 0, 0, 0, , 0, 0, 0, 0, 0, 
196, 1, 197, 193, -1, 232, 209, 29.0, 17, ABpraapapap, 9740, 0, 0, 0, , 0, 0, 0, 0, 0, 
197, 1, 198, 194, -1, 221, 216, 26.0, 11, ABpraapapaa, 2997, 0, 0, 0, , 0, 0, 0, 0, 0, 
198, 0, 199, -1, -1, 239, 155, 23.0, 9, , 544, 0, 0, 0, , 0, 0, 0, 0, 0, 
199, 1, 200, 196, -1, 232, 213, 26.0, 11, ABpraapappa, 3993, 0, 0, 0, , 0, 0, 0, 0, 0, 
200, 1, 201, 197, -1, 191, 198, 27.0, 15, ABpraapppp, 4639, 0, 0, 0, , 0, 0, 0, 0, 0, 
201, 1, 202, 198, -1, 310, 177, 14.0, 13, ABpraappaa, 8822, 0, 0, 0, , 0, 0, 0, 0, 0, 
202, 1, 203, 199, -1, 256, 199, 25.0, 11, MSppapap, 2519, 0, 0, 0, , 0, 0, 0, 0, 0, 
203, 1, 204, 200, -1, 243, 198, 26.0, 11, ABpraaapaad, 4994, 0, 0, 0, , 0, 0, 0, 0, 0, 
204, 1, 205, 201, -1, 226, 196, 25.0, 15, ABpraaappap, 3875, 0, 0, 0, , 0, 0, 0, 0, 0, 
205, 1, 206, 202, -1, 214, 195, 33.0, 13, ABpraaapppap, 2907, 0, 0, 0, , 0, 0, 0, 0, 0, 
206, 1, 207, 203, -1, 241, 172, 20.0, 13, ABpraaaaaaa, 4545, 0, 0, 0, , 0, 0, 0, 0, 0, 
207, 1, 208, 204, -1, 250, 164, 22.0, 13, ABalaappapa, 3177, 0, 0, 0, , 0, 0, 0, 0, 0, 
208, 1, 209, 205, -1, 243, 188, 27.0, 9, ABpraaaappa, 1884, 0, 0, 0, , 0, 0, 0, 0, 0, 
209, 1, 210, 206, -1, 247, 186, 30.0, 15, ABpraaaappp, 3516, 0, 0, 0, , 0, 0, 0, 0, 0, 
210, 1, 211, 207, -1, 139, 268, 30.0, 15, ABprappapp, 6424, 0, 0, 0, , 0, 0, 0, 0, 0, 
211, 1, 212, 208, -1, 166, 263, 32.0, 15, ABprappapa, 6420, 0, 0, 0, , 0, 0, 0, 0, 0, 
212, 1, 213, 209, -1, 160, 258, 28.0, 17, ABprappaap, 6526, 0, 0, 0, , 0, 0, 0, 0, 0, 
213, 1, 214, 210, -1, 175, 242, 26.0, 15, ABprappaaa, 7954, 0, 0, 0, , 0, 0, 0, 0, 0, 
214, 1, 215, 211, -1, 107, 246, 26.0, 15, ABprapppaaa, 4370, 0, 0, 0, , 0, 0, 0, 0, 0, 
215, 1, 216, 212, -1, 97, 252, 21.0, 13, ABprapppapp, 5108, 0, 0, 0, , 0, 0, 0, 0, 0, 
216, 1, 217, 213, -1, 79, 250, 22.0, 15, ABprappppp, 4847, 0, 0, 0, , 0, 0, 0, 0, 0, 
217, 1, 218, 214, -1, 120, 234, 13.0, 19, ABprappppa, 7824, 0, 0, 0, , 0, 0, 0, 0, 0, 
218, 1, 219, 215, -1, 207, 219, 26.0, 11, ABprapaaapa, 2971, 0, 0, 0, , 0, 0, 0, 0, 0, 
219, 1, 220, 216, -1, 201, 223, 28.0, 17, ABprapaaapp, 4531, 0, 0, 0, , 0, 0, 0, 0, 0, 
220, 0, 221, -1, -1, 264, 190, 30.0, 11, , 1247, 0, 0, 0, , 0, 0, 0, 0, 0, 
221, 1, 222, 218, -1, 180, 220, 26.0, 15, ABprapaapp, 7098, 0, 0, 0, , 0, 0, 0, 0, 0, 
222, 1, 223, 219, -1, 208, 198, 13.0, 13, ABprapaapa, 7337, 0, 0, 0, , 0, 0, 0, 0, 0, 
223, 1, 224, 220, -1, 124, 235, 25.0, 17, ABprapappa, 4976, 0, 0, 0, , 0, 0, 0, 0, 0, 
224, 1, 225, 221, -1, 72, 265, 22.0, 11, ABprapappppp, 2338, 0, 0, 0, , 0, 0, 0, 0, 0, 
225, 1, 226, 222, -1, 124, 257, 28.0, 15, ABprapapap, 6898, 0, 0, 0, , 0, 0, 0, 0, 0, 
226, 1, 227, 223, -1, 112, 272, 33.0, 15, ABprapapaa, 4756, 0, 0, 0, , 0, 0, 0, 0, 0, 
227, 1, 228, 224, -1, 265, 225, 34.0, 17, MSppppap, 4338, 0, 0, 0, , 0, 0, 0, 0, 0, 
228, 1, 229, 225, -1, 234, 204, 22.0, 13, MSppppaa, 3714, 0, 0, 0, , 0, 0, 0, 0, 0, 
229, 1, 230, 226, -1, 314, 225, 35.0, 15, MSpppppa, 5989, 0, 0, 0, , 0, 0, 0, 0, 0, 
230, 1, -1, 227, -1, 293, 239, 35.0, 15, Nuc366_35_293_239, 2660, 0, 0, 0, , 0, 0, 0, 0, 0, 
231, 1, 232, 228, -1, 162, 289, 26.0, 13, MSpppaap, 2197, 0, 0, 0, , 0, 0, 0, 0, 0, 
232, 1, 233, 229, -1, 238, 212, 18.0, 13, ABprpapaaaa, 2726, 0, 0, 0, , 0, 0, 0, 0, 0, 
233, 1, 234, 230, -1, 120, 293, 21.0, 15, MSppaapp, 5195, 0, 0, 0, , 0, 0, 0, 0, 0, 
234, 0, 235, -1, -1, 242, 195, 26.0, 11, , 1241, 0, 0, 0, , 0, 0, 0, 0, 0, 
235, 1, 236, 232, -1, 272, 203, 28.0, 11, MSppaaaad, 2301, 0, 0, 0, , 0, 0, 0, 0, 0, 
236, 1, 237, 233, -1, 265, 211, 24.0, 11, Nuc361_23_260_214, 3520, 0, 0, 0, , 0, 0, 0, 0, 0, 
237, 1, 238, 234, -1, 208, 272, 25.0, 15, MSpapappp, 4258, 0, 0, 0, , 0, 0, 0, 0, 0, 
238, 1, 239, 235, -1, 203, 250, 22.0, 15, MSpapapaa, 3785, 0, 0, 0, , 0, 0, 0, 0, 0, 
239, 1, 240, 236, -1, 214, 234, 22.0, 13, MSpapaaap, 6882, 0, 0, 0, , 0, 0, 0, 0, 0, 
240, 1, 241, 237, -1, 171, 314, 14.0, 15, MSpappaa, 5576, 0, 0, 0, , 0, 0, 0, 0, 0, 
241, 1, 242, 238, -1, 181, 253, 20.0, 13, MSpappppa, 2862, 0, 0, 0, , 0, 0, 0, 0, 0, 
242, 1, 243, 239, -1, 171, 262, 21.0, 15, MSpappppp, 2858, 0, 0, 0, , 0, 0, 0, 0, 0, 
243, 1, 244, 240, -1, 258, 295, 32.0, 11, MSpaaappp, 2187, 0, 0, 0, , 0, 0, 0, 0, 0, 
244, 1, 245, 241, -1, 259, 297, 29.0, 15, MSpaaapaa, 5882, 0, 0, 0, , 0, 0, 0, 0, 0, 
245, 1, 246, 242, -1, 270, 251, 32.0, 15, MSpaaaapp, 6250, 0, 0, 0, , 0, 0, 0, 0, 0, 
246, 1, 247, 243, -1, 283, 272, 33.0, 15, MSpaaaaaa, 7275, 0, 0, 0, , 0, 0, 0, 0, 0, 
247, 1, 248, 244, -1, 260, 266, 30.0, 11, MSpaaaaap, 3069, 0, 0, 0, , 0, 0, 0, 0, 0, 
248, 1, 249, 245, -1, 226, 235, 27.0, 13, ABaraappppa, 6055, 0, 0, 0, , 0, 0, 0, 0, 0, 
249, 1, 250, 246, -1, 233, 244, 31.0, 15, ABaraapppap, 9549, 0, 0, 0, , 0, 0, 0, 0, 0, 
250, 1, 251, 247, -1, 249, 281, 30.0, 11, MSpaapaap, 3661, 0, 0, 0, , 0, 0, 0, 0, 0, 
251, 1, 252, 248, -1, 266, 273, 32.0, 15, MSpaaappa, 5484, 0, 0, 0, , 0, 0, 0, 0, 0, 
252, 1, 253, 249, -1, 243, 268, 30.0, 11, MSpaapaaa, 2692, 0, 0, 0, , 0, 0, 0, 0, 0, 
253, 1, 254, 250, -1, 304, 300, 28.0, 15, MSapppap, 3906, 0, 0, 0, , 0, 0, 0, 0, 0, 
254, 1, 255, 251, -1, 329, 263, 32.0, 15, MSappppa, 1049, 0, 0, 0, , 0, 0, 0, 0, 0, 
255, 1, 256, 252, -1, 311, 270, 33.0, 17, MSappaaa, 3914, 0, 0, 0, , 0, 0, 0, 0, 0, 
256, 1, 257, 253, -1, 282, 292, 27.0, 15, ABaraapaapp, 5658, 0, 0, 0, , 0, 0, 0, 0, 0, 
257, 1, 258, 254, -1, 351, 250, 32.0, 13, Nuc359_33_337_234, 4107, 0, 0, 0, , 0, 0, 0, 0, 0, 
258, 1, 259, 255, -1, 138, 298, 20.0, 15, MSapaapp, 5873, 0, 0, 0, , 0, 0, 0, 0, 0, 
259, 1, 260, 256, -1, 317, 264, 24.0, 13, MSapaaaa, 3119, 0, 0, 0, , 0, 0, 0, 0, 0, 
260, 1, 261, 257, -1, 268, 273, 29.0, 13, Nuc360_29_260_263, 1777, 0, 0, 0, , 0, 0, 0, 0, 0, 
261, 1, 262, 258, -1, 271, 258, 26.0, 11, MSaaaaapap, 1734, 0, 0, 0, , 0, 0, 0, 0, 0, 
262, 0, 263, -1, -1, 299, 219, 31.0, 15, , 5628, 0, 0, 0, , 0, 0, 0, 0, 0, 
263, 1, 264, 260, -1, 324, 251, 27.0, 13, MSaaaaaal, 4108, 0, 0, 0, , 0, 0, 0, 0, 0, 
264, 1, 265, 261, -1, 269, 290, 33.0, 13, MSaaaapaa, 4670, 0, 0, 0, , 0, 0, 0, 0, 0, 
265, 1, 266, 262, -1, 280, 292, 30.0, 15, MSaaaapap, 5212, 0, 0, 0, , 0, 0, 0, 0, 0, 
266, 1, 267, 263, -1, 246, 299, 29.0, 15, MSaaaappa, 2070, 0, 0, 0, , 0, 0, 0, 0, 0, 
267, 1, 268, 264, -1, 238, 296, 31.0, 15, MSpaaapap, 3563, 0, 0, 0, , 0, 0, 0, 0, 0, 
268, 1, 269, 265, -1, 255, 307, 26.0, 13, MSaaapapa, 3124, 0, 0, 0, , 0, 0, 0, 0, 0, 
269, 1, 270, 266, -1, 229, 294, 23.0, 13, MSaaapapp, 2472, 0, 0, 0, , 0, 0, 0, 0, 0, 
270, 1, 272, 267, -1, 229, 305, 26.0, 11, MSaaappa, 2331, 0, 0, 0, , 0, 0, 0, 0, 0, 
271, 1, 273, 268, -1, 238, 315, 30.0, 13, MSaaappp, 2041, 0, 0, 0, , 0, 0, 0, 0, 0, 
272, 1, 274, 269, -1, 205, 296, 12.0, 11, MSaappppa, 2710, 0, 0, 0, , 0, 0, 0, 0, 0, 
273, 1, 275, 270, -1, 190, 307, 13.0, 13, MSaappppp, 3224, 0, 0, 0, , 0, 0, 0, 0, 0, 
274, 1, 276, 271, -1, 240, 267, 17.0, 11, MSaapaaap, 1701, 0, 0, 0, , 0, 0, 0, 0, 0, 
275, 1, 277, 272, -1, 254, 256, 18.0, 13, MSaapaaaa, 2218, 0, 0, 0, , 0, 0, 0, 0, 0, 
276, 1, 278, 273, -1, 222, 286, 19.0, 13, MSaapappp, 3476, 0, 0, 0, , 0, 0, 0, 0, 0, 
277, 1, 279, 274, -1, 258, 301, 22.0, 11, MSaapappa, 2218, 0, 0, 0, , 0, 0, 0, 0, 0, 
278, 1, 280, 275, -1, 233, 282, 18.0, 11, MSaapapaa, 2940, 0, 0, 0, , 0, 0, 0, 0, 0, 
279, 1, 281, 276, -1, 238, 285, 22.0, 11, MSaapapap, 3290, 0, 0, 0, , 0, 0, 0, 0, 0, 
280, 1, 282, 277, -1, 100, 323, 24.0, 17, Eplpa, 3045, 0, 0, 0, , 0, 0, 0, 0, 0, 
281, 1, 283, 278, -1, 88, 349, 19.0, 13, Cappapa, 4622, 0, 0, 0, , 0, 0, 0, 0, 0, 
282, 1, 284, 279, -1, 74, 333, 18.0, 15, Cappapp, 5577, 0, 0, 0, , 0, 0, 0, 0, 0, 
283, 1, 285, 280, -1, 216, 350, 26.0, 17, Cappaaa, 4661, 0, 0, 0, , 0, 0, 0, 0, 0, 
284, 1, 286, 281, -1, 72, 340, 22.0, 15, Capppap, 5558, 0, 0, 0, , 0, 0, 0, 0, 0, 
285, 1, 287, 282, -1, 122, 367, 26.0, 17, Capppaa, 3941, 0, 0, 0, , 0, 0, 0, 0, 0, 
286, 1, 288, 283, -1, 122, 368, 23.0, 15, Capapap, 7386, 0, 0, 0, , 0, 0, 0, 0, 0, 
287, 1, 289, 284, -1, 127, 294, 11.0, 13, Capappp, 5715, 0, 0, 0, , 0, 0, 0, 0, 0, 
288, 1, 290, 285, -1, 140, 314, 11.0, 15, Capappa, 6730, 0, 0, 0, , 0, 0, 0, 0, 0, 
289, 1, 291, 286, -1, 202, 319, 13.0, 15, Capaaap, 5735, 0, 0, 0, , 0, 0, 0, 0, 0, 
290, 1, 292, 287, -1, 220, 304, 13.0, 15, Capaaaa, 13093, 0, 0, 0, , 0, 0, 0, 0, 0, 
291, 1, 293, 288, -1, 79, 252, 15.0, 15, ABprppppppp, 6716, 0, 0, 0, , 0, 0, 0, 0, 0, 
292, 1, 294, 289, -1, 72, 258, 19.0, 15, Caappv, 4449, 0, 0, 0, , 0, 0, 0, 0, 0, 
293, 1, 295, 290, -1, 68, 288, 13.0, 15, Cpappv, 4314, 0, 0, 0, , 0, 0, 0, 0, 0, 
294, 1, 296, 291, -1, 165, 271, 26.0, 15, Cppaapa, 3891, 0, 0, 0, , 0, 0, 0, 0, 0, 
295, 1, 297, 292, -1, 172, 250, 23.0, 13, Cppaaap, 4171, 0, 0, 0, , 0, 0, 0, 0, 0, 
296, 1, 298, 293, -1, 177, 233, 22.0, 15, Cppaaaa, 5164, 0, 0, 0, , 0, 0, 0, 0, 0, 
297, 0, 299, -1, -1, 184, 308, 35.0, 11, , 682, 0, 0, 0, , 0, 0, 0, 0, 0, 
298, 1, 300, 294, -1, 130, 242, 20.0, 17, Cppappp, 6667, 0, 0, 0, , 0, 0, 0, 0, 0, 
299, 1, 301, 295, -1, 127, 258, 24.0, 19, Cppappa, 10404, 0, 0, 0, , 0, 0, 0, 0, 0, 
300, 1, 302, 296, -1, 177, 330, 35.0, 17, Cpppaap, 5594, 0, 0, 0, , 0, 0, 0, 0, 0, 
301, 1, 303, 297, -1, 210, 285, 33.0, 13, Cpppaaa, 4235, 0, 0, 0, , 0, 0, 0, 0, 0, 
302, 1, 304, 298, -1, 73, 288, 28.0, 17, Cpppapp, 7904, 0, 0, 0, , 0, 0, 0, 0, 0, 
303, 1, 305, 299, -1, 258, 261, 13.0, 13, Daapa, 5086, 0, 0, 0, , 0, 0, 0, 0, 0, 
304, 1, 306, 300, -1, 243, 263, 12.0, 13, Daapp, 3394, 0, 0, 0, , 0, 0, 0, 0, 0, 
305, 0, 307, -1, -1, 252, 306, 15.0, 11, , 1662, 0, 0, 0, , 0, 0, 0, 0, 0, 
306, 1, 308, 302, -1, 277, 315, 28.0, 15, Daaap, 1447, 0, 0, 0, , 0, 0, 0, 0, 0, 
307, 1, 309, 303, -1, 278, 312, 31.0, 13, Dappaa, 4015, 0, 0, 0, , 0, 0, 0, 0, 0, 
308, 1, 310, 304, -1, 203, 201, 17.0, 13, Dpapp, 4458, 0, 0, 0, , 0, 0, 0, 0, 0, 
309, 1, 311, 305, -1, 223, 191, 17.0, 13, Dpapa, 1166, 0, 0, 0, , 0, 0, 0, 0, 0, 
310, 1, 312, 306, -1, 243, 235, 33.0, 11, Dpaap, 786, 0, 0, 0, , 0, 0, 0, 0, 0, 
311, 1, 313, 307, -1, 209, 208, 21.0, 11, Dpaaa, 854, 0, 0, 0, , 0, 0, 0, 0, 0, 
312, 1, 314, 308, -1, 229, 300, 34.0, 13, Dppppa, 2654, 0, 0, 0, , 0, 0, 0, 0, 0, 
313, 1, 315, 309, -1, 238, 282, 34.0, 13, Dpppap, 2706, 0, 0, 0, , 0, 0, 0, 0, 0, 
314, 1, 316, 310, -1, 263, 256, 35.0, 17, Dpppaa, 4066, 0, 0, 0, , 0, 0, 0, 0, 0, 
315, 1, 317, 311, -1, 194, 222, 22.0, 17, Dppaa, 5585, 0, 0, 0, , 0, 0, 0, 0, 0, 
316, 1, 318, 312, -1, 225, 263, 35.0, 17, Dppap, 5019, 0, 0, 0, , 0, 0, 0, 0, 0, 
317, 0, 319, -1, -1, 382, 245, 24.0, 15, , 5726, 0, 0, 0, , 0, 0, 0, 0, 0, 
318, 0, 320, -1, -1, 276, 290, 19.0, 11, , 1291, 0, 0, 0, , 0, 0, 0, 0, 0, 
319, 1, 321, 315, -1, 289, 316, 15.0, 11, ABalppppppap, 2972, 0, 0, 0, , 0, 0, 0, 0, 0, 
320, 1, 322, 316, -1, 360, 235, 16.0, 13, ABplaaapap, 8381, 0, 0, 0, , 0, 0, 0, 0, 0, 
321, 1, 323, 317, -1, 300, 266, 11.0, 11, ABalpppaaaa, 3568, 0, 0, 0, , 0, 0, 0, 0, 0, 
322, 1, 324, 318, -1, 324, 228, 14.0, 13, ABalpppaaap, 2799, 0, 0, 0, , 0, 0, 0, 0, 0, 
323, 1, 325, 319, -1, 345, 247, 12.0, 11, ABalpppaapd, 3871, 0, 0, 0, , 0, 0, 0, 0, 0, 
324, 1, 326, 320, -1, 336, 236, 18.0, 13, ABalpppaapv, 5017, 0, 0, 0, , 0, 0, 0, 0, 0, 
325, 1, 327, 321, -1, 295, 274, 13.0, 13, ABalpppapad, 3157, 0, 0, 0, , 0, 0, 0, 0, 0, 
326, 1, 328, 322, -1, 311, 255, 12.0, 13, ABalpppapav, 3263, 0, 0, 0, , 0, 0, 0, 0, 0, 
327, 1, 329, 323, -1, 333, 225, 12.0, 13, ABalppaaapp, 5207, 0, 0, 0, , 0, 0, 0, 0, 0, 
328, 1, 330, 324, -1, 284, 282, 13.0, 19, ABplpaaaaap, 12127, 0, 0, 0, , 0, 0, 0, 0, 0, 
329, 1, 331, 325, -1, 289, 223, 14.0, 13, ABalppapppa, 5084, 0, 0, 0, , 0, 0, 0, 0, 0, 
330, 1, 332, 326, -1, 310, 278, 16.0, 13, ABalppappaa, 3381, 0, 0, 0, , 0, 0, 0, 0, 0, 
331, 1, 333, 708, -1, 324, 262, 18.0, 11, ABalapaappa, 506, 0, 0, 0, , 0, 0, 0, 0, 0, 
332, 1, 334, 327, -1, 271, 216, 12.0, 11, ABalppapapa, 3338, 0, 0, 0, , 0, 0, 0, 0, 0, 
333, 1, 335, 328, -1, 308, 207, 12.0, 13, ABalppapapp, 2919, 0, 0, 0, , 0, 0, 0, 0, 0, 
334, 1, 336, 329, -1, 319, 194, 13.0, 13, ABplaappaa, 5215, 0, 0, 0, , 0, 0, 0, 0, 0, 
335, 1, 337, 330, -1, 316, 252, 18.0, 11, ABalppapaaa, 4308, 0, 0, 0, , 0, 0, 0, 0, 0, 
336, 0, 338, -1, -1, 259, 232, 14.0, 11, , 1506, 0, 0, 0, , 0, 0, 0, 0, 0, 
337, 1, 339, 331, -1, 205, 252, 10.0, 17, ABalpapappa, 8821, 0, 0, 0, , 0, 0, 0, 0, 0, 
338, 1, 340, 332, -1, 311, 194, 15.0, 11, ABalpapaapp, 6154, 0, 0, 0, , 0, 0, 0, 0, 0, 
339, 0, 341, -1, -1, 286, 211, 12.0, 11, , 6827, 0, 0, 0, , 0, 0, 0, 0, 0, 
340, 1, 342, 334, -1, 285, 240, 19.0, 15, ABalpaaaapa, 9734, 0, 0, 0, , 0, 0, 0, 0, 0, 
341, 1, 343, 335, -1, 277, 248, 18.0, 13, ABalpaaaaap, 5527, 0, 0, 0, , 0, 0, 0, 0, 0, 
342, 1, 344, 336, -1, 261, 243, 24.0, 9, ABalpappaaa, 1033, 0, 0, 0, , 0, 0, 0, 0, 0, 
343, 1, 345, 337, -1, 288, 269, 20.0, 17, ABalpapppaa, 6515, 0, 0, 0, , 0, 0, 0, 0, 0, 
344, 1, 346, 338, -1, 298, 277, 27.0, 13, ABalpaapapa, 1922, 0, 0, 0, , 0, 0, 0, 0, 0, 
345, 1, 347, 339, -1, 263, 240, 18.0, 13, ABalpaaaapp, 8177, 0, 0, 0, , 0, 0, 0, 0, 0, 
346, 1, 348, 340, -1, 298, 230, 20.0, 11, ABalpaaaaaa, 4080, 0, 0, 0, , 0, 0, 0, 0, 0, 
347, 1, 349, 341, -1, 278, 249, 20.0, 11, Nuc362_20_282_258, 2355, 0, 0, 0, , 0, 0, 0, 0, 0, 
348, 1, 350, 342, -1, 332, 235, 21.0, 13, ABalpaapppa, 4099, 0, 0, 0, , 0, 0, 0, 0, 0, 
349, 1, 351, 343, -1, 339, 226, 19.0, 13, ABalpaapppp, 1540, 0, 0, 0, , 0, 0, 0, 0, 0, 
350, 1, 352, 344, -1, 327, 213, 21.0, 13, ABalpaappaa, 2843, 0, 0, 0, , 0, 0, 0, 0, 0, 
351, 0, 353, -1, -1, 306, 244, 25.0, 11, , 4429, 0, 0, 0, , 0, 0, 0, 0, 0, 
352, 0, 354, -1, -1, 280, 245, 15.0, 13, , 2074, 0, 0, 0, , 0, 0, 0, 0, 0, 
353, 1, 355, 347, -1, 141, 340, 24.0, 19, Ealpp, 28248, 0, 0, 0, , 0, 0, 0, 0, 0, 
354, 1, 356, 348, -1, 149, 321, 27.0, 13, Nuc365_27_148_319, 967, 0, 0, 0, , 0, 0, 0, 0, 0, 
355, 0, 357, -1, -1, 206, 307, 22.0, 21, , 11133, 0, 0, 0, , 0, 0, 0, 0, 0, 
356, 1, 359, 350, -1, 249, 334, 28.0, 19, Dapap, 8806, 0, 0, 0, , 0, 0, 0, 0, 0, 
357, 1, 360, 351, -1, 238, 293, 14.0, 13, Dapaa, 5231, 0, 0, 0, , 0, 0, 0, 0, 0, 
358, 1, 361, 352, -1, 243, 297, 21.0, 15, MSaapaapp, 3713, 0, 0, 0, , 0, 0, 0, 0, 0, 
359, 1, 362, 353, -1, 243, 276, 21.0, 11, MSaapaapaa, 2019, 0, 0, 0, , 0, 0, 0, 0, 0, 
360, 1, 363, 354, -1, 245, 293, 18.0, 11, MSaapaapap, 2519, 0, 0, 0, , 0, 0, 0, 0, 0, 
361, 1, 364, 355, -1, 210, 241, 32.0, 15, ABarpppapp, 6318, 0, 0, 0, , 0, 0, 0, 0, 0, 
362, 1, 365, 356, -1, 268, 284, 12.0, 13, ABplppaapap, 4670, 0, 0, 0, , 0, 0, 0, 0, 0, 
363, 1, 366, 357, -1, 284, 267, 9.0, 11, ABplppaapaa, 2921, 0, 0, 0, , 0, 0, 0, 0, 0, 
364, 1, 367, 358, -1, 337, 251, 24.0, 13, ABalaaaalar, 3665, 0, 0, 0, , 0, 0, 0, 0, 0, 
365, 1, 368, 359, -1, 326, 251, 20.0, 13, ABalapaappp, 2588, 0, 0, 0, , 0, 0, 0, 0, 0, 
366, 0, 369, -1, -1, 276, 171, 31.0, 9, , 450, 0, 0, 0, , 0, 0, 0, 0, 0, 
367, 1, 370, 361, -1, 276, 187, 32.0, 15, ABalaaapprr, 4038, 0, 0, 0, , 0, 0, 0, 0, 0, 
368, 1, 371, 362, -1, 300, 176, 22.0, 13, ABalaaapprl, 3487, 0, 0, 0, , 0, 0, 0, 0, 0, 
369, 1, 372, 363, -1, 121, 341, 33.0, 15, Cppppaa, 2033, 0, 0, 0, , 0, 0, 0, 0, 0, 
370, 1, 373, 364, -1, 81, 322, 30.0, 15, Cppppap, 4590, 0, 0, 0, , 0, 0, 0, 0, 0, 
371, 0, 374, -1, -1, 105, 247, 11.0, 11, , 923, 0, 0, 0, , 0, 0, 0, 0, 0, 
372, 1, 375, 366, -1, 310, 198, 33.0, 13, ABarpapaappp, 2548, 0, 0, 0, , 0, 0, 0, 0, 0, 
373, 0, 376, -1, -1, 133, 338, 29.0, 11, , 1348, 0, 0, 0, , 0, 0, 0, 0, 0, 
374, 1, 377, 368, -1, 118, 339, 26.0, 17, Eplap, 7902, 0, 0, 0, , 0, 0, 0, 0, 0, 
375, 0, 379, -1, -1, 153, 324, 28.0, 21, , 29655, 0, 0, 0, , 0, 0, 0, 0, 0, 
376, 1, 380, 370, -1, 224, 260, 10.0, 17, ABplppapaaa, 7653, 0, 0, 0, , 0, 0, 0, 0, 0, 
377, 1, 381, 371, -1, 334, 282, 26.0, 15, ABalaaaalal, 5377, 0, 0, 0, , 0, 0, 0, 0, 0, 
378, 0, 382, -1, -1, 268, 184, 20.0, 13, , 3997, 0, 0, 0, , 0, 0, 0, 0, 0, 
379, 1, 383, 373, -1, 165, 276, 22.0, 13, MSpappap, 5075, 0, 0, 0, , 0, 0, 0, 0, 0, 
380, 1, 384, 374, -1, 230, 270, 30.0, 13, MSpaapapa, 2510, 0, 0, 0, , 0, 0, 0, 0, 0, 
381, 1, 385, 375, -1, 67, 287, 24.0, 15, Cpppppd, 5809, 0, 0, 0, , 0, 0, 0, 0, 0, 
382, 1, 386, 376, -1, 306, 308, 22.0, 11, ABplapaaaaa, 4418, 0, 0, 0, , 0, 0, 0, 0, 0, 
383, 1, 387, 377, -1, 213, 276, 22.0, 13, MSaappaa, 3461, 0, 0, 0, , 0, 0, 0, 0, 0, 
384, 1, 388, 378, -1, 327, 250, 13.0, 13, ABalaaaalpa, 3596, 0, 0, 0, , 0, 0, 0, 0, 0, 
385, 1, 389, 379, -1, 348, 237, 22.0, 13, ABalaaaparr, 2112, 0, 0, 0, , 0, 0, 0, 0, 0, 
386, 1, 390, 380, -1, 367, 226, 22.0, 15, ABarpaaaapp, 5106, 0, 0, 0, , 0, 0, 0, 0, 0, 
387, 1, 391, 381, -1, 271, 273, 20.0, 13, ABalpaaappp, 3624, 0, 0, 0, , 0, 0, 0, 0, 0, 
388, 1, 392, 382, -1, 284, 267, 22.0, 13, ABalpaaappa, 4679, 0, 0, 0, , 0, 0, 0, 0, 0, 
389, 1, 393, 383, -1, 208, 291, 18.0, 17, Ealaad, 7941, 0, 0, 0, , 0, 0, 0, 0, 0, 
390, 1, 394, 384, -1, 222, 214, 19.0, 17, ABprpappapa, 5403, 0, 0, 0, , 0, 0, 0, 0, 0, 
391, 1, 395, 385, -1, 169, 365, 28.0, 15, Cappaap, 4730, 0, 0, 0, , 0, 0, 0, 0, 0, 
392, 1, 396, 386, -1, 300, 208, 20.0, 11, ABarappaapp, 7570, 0, 0, 0, , 0, 0, 0, 0, 0, 
393, 1, 397, 387, -1, 213, 257, 27.0, 17, MSpapaapp, 5489, 0, 0, 0, , 0, 0, 0, 0, 0, 
394, 1, 398, 388, -1, 216, 238, 25.0, 13, MSpapaapaa, 1613, 0, 0, 0, , 0, 0, 0, 0, 0, 
395, 1, 399, 389, -1, 205, 238, 25.0, 13, MSpapaapap, 2968, 0, 0, 0, , 0, 0, 0, 0, 0, 
396, 1, 400, 390, -1, 268, 170, 28.0, 15, ABpraapaapp, 3880, 0, 0, 0, , 0, 0, 0, 0, 0, 
397, 1, 401, 391, -1, 257, 188, 33.0, 11, ABalapppppa, 1644, 0, 0, 0, , 0, 0, 0, 0, 0, 
398, 1, 402, 392, -1, 325, 185, 25.0, 13, ABalaaapplr, 3546, 0, 0, 0, , 0, 0, 0, 0, 0, 
399, 1, 403, 393, -1, 302, 295, 32.0, 15, MSappppp, 6912, 0, 0, 0, , 0, 0, 0, 0, 0, 
400, 1, 404, 394, -1, 297, 282, 24.0, 15, ABalpaapapp, 5094, 0, 0, 0, , 0, 0, 0, 0, 0, 
401, 1, 405, 395, -1, 238, 239, 22.0, 13, MSpapaaaa, 2066, 0, 0, 0, , 0, 0, 0, 0, 0, 
402, 1, 406, 396, -1, 190, 219, 18.0, 13, MSpapppaa, 3596, 0, 0, 0, , 0, 0, 0, 0, 0, 
403, 1, 407, 397, -1, 186, 238, 19.0, 15, MSpapppap, 3034, 0, 0, 0, , 0, 0, 0, 0, 0, 
404, 1, 408, 398, -1, 264, 187, 28.0, 13, ABprpaapaaa, 5889, 0, 0, 0, , 0, 0, 0, 0, 0, 
405, 1, 409, 399, -1, 300, 291, 12.0, 11, ABalpppppppp, 2813, 0, 0, 0, , 0, 0, 0, 0, 0, 
406, 1, 410, 400, -1, 87, 255, 10.0, 11, Caapap, 5625, 0, 0, 0, , 0, 0, 0, 0, 0, 
407, 1, 411, 401, -1, 343, 201, 25.0, 13, ABarpaaaaal, 2449, 0, 0, 0, , 0, 0, 0, 0, 0, 
408, 1, 412, 402, -1, 91, 256, 16.0, 13, ABprppppppa, 3907, 0, 0, 0, , 0, 0, 0, 0, 0, 
409, 1, 413, 403, -1, 107, 259, 29.0, 13, ABarpppppp, 595, 0, 0, 0, , 0, 0, 0, 0, 0, 
410, 1, 414, 404, -1, 244, 177, 16.0, 9, MSpppapa, 1737, 0, 0, 0, , 0, 0, 0, 0, 0, 
411, 1, 415, 405, -1, 316, 285, 28.0, 11, MSapappa, 2663, 0, 0, 0, , 0, 0, 0, 0, 0, 
412, 1, 416, 406, -1, 325, 208, 33.0, 19, MSppappp, 4404, 0, 0, 0, , 0, 0, 0, 0, 0, 
413, 1, 417, 407, -1, 96, 278, 13.0, 15, Cappppd, 4192, 0, 0, 0, , 0, 0, 0, 0, 0, 
414, 1, 418, 408, -1, 239, 287, 28.0, 15, MSaaaappp, 4477, 0, 0, 0, , 0, 0, 0, 0, 0, 
415, 1, 419, 409, -1, 95, 332, 12.0, 13, ABplapppaap, 4548, 0, 0, 0, , 0, 0, 0, 0, 0, 
416, 1, 420, 410, -1, 343, 246, 30.0, 11, ABplaaaaapa, 1962, 0, 0, 0, , 0, 0, 0, 0, 0, 
417, 1, 421, 411, -1, 217, 259, 24.0, 13, MSpapapap, 5756, 0, 0, 0, , 0, 0, 0, 0, 0, 
418, 1, 423, 412, -1, 180, 328, 14.0, 13, Capaapa, 4179, 0, 0, 0, , 0, 0, 0, 0, 0, 
419, 1, 424, 413, -1, 202, 298, 22.0, 13, Ealpa, 1906, 0, 0, 0, , 0, 0, 0, 0, 0, 
420, 0, 425, -1, -1, 221, 308, 31.0, 19, , 4908, 0, 0, 0, , 0, 0, 0, 0, 0, 
421, 1, 426, 415, -1, 221, 172, 25.0, 11, ABpraaappppp, 2993, 0, 0, 0, , 0, 0, 0, 0, 0, 
422, 1, 427, 416, -1, 305, 300, 15.0, 17, ABalpppppaa, 8686, 0, 0, 0, , 0, 0, 0, 0, 0, 
423, 1, 428, 417, -1, 323, 277, 18.0, 13, ABplpaapaaa, 6335, 0, 0, 0, , 0, 0, 0, 0, 0, 
424, 1, 429, 418, -1, 284, 212, 31.0, 17, MSppaaap, 10475, 0, 0, 0, , 0, 0, 0, 0, 0, 
425, 1, 430, 419, -1, 221, 256, 19.0, 15, ABarapapapp, 6368, 0, 0, 0, , 0, 0, 0, 0, 0, 
426, 1, 431, 420, -1, 64, 300, 18.0, 15, Cappppv, 2345, 0, 0, 0, , 0, 0, 0, 0, 0, 
427, 1, 432, 421, -1, 220, 283, 12.0, 13, MSaapppap, 3474, 0, 0, 0, , 0, 0, 0, 0, 0, 
428, 1, 433, 422, -1, 262, 310, 18.0, 23, ABplapaaapa, 6525, 0, 0, 0, , 0, 0, 0, 0, 0, 
429, 1, 434, 423, -1, 243, 228, 26.0, 13, ABarapapppp, 2252, 0, 0, 0, , 0, 0, 0, 0, 0, 
430, 1, 435, 424, -1, 234, 277, 13.0, 11, MSaapppaa, 2232, 0, 0, 0, , 0, 0, 0, 0, 0, 
431, 1, 436, 425, -1, 204, 245, 12.0, 13, ABarappappa, 6930, 0, 0, 0, , 0, 0, 0, 0, 0, 
432, 1, 437, 426, -1, 310, 230, 21.0, 13, ABaraaaaaaa, 2601, 0, 0, 0, , 0, 0, 0, 0, 0, 
433, 1, 438, 427, -1, 181, 313, 23.0, 15, Ealap, 2061, 0, 0, 0, , 0, 0, 0, 0, 0, 
434, 1, 439, 428, -1, 192, 256, 12.0, 17, ABplpaaaapp, 7943, 0, 0, 0, , 0, 0, 0, 0, 0, 
435, 0, 440, -1, -1, 268, 302, 17.0, 13, , 1395, 0, 0, 0, , 0, 0, 0, 0, 0, 
436, 1, 441, 430, -1, 255, 242, 22.0, 11, ABarapappap, 2845, 0, 0, 0, , 0, 0, 0, 0, 0, 
437, 0, 442, -1, -1, 255, 182, 13.0, 11, , 3620, 0, 0, 0, , 0, 0, 0, 0, 0, 
438, 1, 443, 432, -1, 96, 278, 17.0, 13, ABprpappppp, 4412, 0, 0, 0, , 0, 0, 0, 0, 0, 
439, 1, 444, 433, -1, 255, 242, 11.0, 19, ABalpapappp, 12065, 0, 0, 0, , 0, 0, 0, 0, 0, 
440, 1, 445, 434, -1, 96, 309, 26.0, 13, Nuc363_28_95_306, 1825, 0, 0, 0, , 0, 0, 0, 0, 0, 
441, 1, 446, 435, -1, 333, 278, 15.0, 13, ABalpppapppa, 919, 0, 0, 0, , 0, 0, 0, 0, 0, 
442, 1, 447, 436, -1, 342, 207, 31.0, 11, ABalapppapp, 1905, 0, 0, 0, , 0, 0, 0, 0, 0, 
443, 1, 448, 437, -1, 302, 202, 12.0, 13, ABalpapaaap, 4472, 0, 0, 0, , 0, 0, 0, 0, 0, 
444, 1, 449, 438, -1, 239, 195, 19.0, 11, MSpppapp, 3012, 0, 0, 0, , 0, 0, 0, 0, 0, 
445, 1, 450, 439, -1, 304, 268, 19.0, 13, MSapapap, 5396, 0, 0, 0, , 0, 0, 0, 0, 0, 
446, 1, 451, 440, -1, 306, 242, 30.0, 15, ABaraappaaa, 3087, 0, 0, 0, , 0, 0, 0, 0, 0, 
447, 1, 452, 441, -1, 294, 289, 17.0, 15, ABalpppppap, 2748, 0, 0, 0, , 0, 0, 0, 0, 0, 
448, 1, 453, 442, -1, 302, 240, 13.0, 13, ABalppaappp, 7919, 0, 0, 0, , 0, 0, 0, 0, 0, 
449, 0, 454, -1, -1, 338, 270, 25.0, 15, , 3419, 0, 0, 0, , 0, 0, 0, 0, 0, 
450, 1, 455, 444, -1, 286, 275, 11.0, 19, ABplppaaaaa, 3707, 0, 0, 0, , 0, 0, 0, 0, 0, 
451, 1, 456, 445, -1, 269, 215, 21.0, 13, ABarapaaapa, 6502, 0, 0, 0, , 0, 0, 0, 0, 0, 
452, 1, 457, 446, -1, 294, 234, 28.0, 13, ABaraappaap, 3745, 0, 0, 0, , 0, 0, 0, 0, 0, 
453, 1, 458, 447, -1, 264, 231, 31.0, 15, ABaraaapapa, 3539, 0, 0, 0, , 0, 0, 0, 0, 0, 
454, 1, 459, 524, -1, 202, 298, 26.0, 13, Earpa, 3430, 0, 0, 0, , 0, 0, 0, 0, 0, 
455, 1, 460, 449, -1, 319, 228, 17.0, 15, ABalpapaaaa, 9492, 0, 0, 0, , 0, 0, 0, 0, 0, 
456, 1, 461, 450, -1, 78, 267, 27.0, 13, Caappd, 3077, 0, 0, 0, , 0, 0, 0, 0, 0, 
457, 0, 463, -1, -1, 242, 242, 27.0, 15, , 4825, 0, 0, 0, , 0, 0, 0, 0, 0, 
458, 1, 464, 452, -1, 264, 207, 33.0, 13, ABarpppaaa, 3681, 0, 0, 0, , 0, 0, 0, 0, 0, 
459, 0, 465, -1, -1, 99, 329, 24.0, 23, , 37518, 0, 0, 0, , 0, 0, 0, 0, 0, 
460, 0, 466, -1, -1, 177, 334, 29.0, 13, , 3293, 0, 0, 0, , 0, 0, 0, 0, 0, 
461, 0, 467, -1, -1, 329, 252, 21.0, 11, , 1782, 0, 0, 0, , 0, 0, 0, 0, 0, 
462, 0, 468, -1, -1, 90, 263, 28.0, 15, , 1343, 0, 0, 0, , 0, 0, 0, 0, 0, 
463, 1, 469, 457, -1, 280, 200, 35.0, 11, ABalappapap, 1717, 0, 0, 0, , 0, 0, 0, 0, 0, 
464, 1, 470, 458, -1, 320, 248, 10.0, 15, ABplaappap, 3726, 0, 0, 0, , 0, 0, 0, 0, 0, 
465, 0, 471, -1, -1, 237, 165, 16.0, 9, , 583, 0, 0, 0, , 0, 0, 0, 0, 0, 
466, 1, 472, 460, -1, 218, 240, 11.0, 11, ABplppaappa, 3860, 0, 0, 0, , 0, 0, 0, 0, 0, 
467, 1, 473, 461, -1, 227, 190, 13.0, 11, ABarappappp, 14279, 0, 0, 0, , 0, 0, 0, 0, 0, 
468, 1, 474, 462, -1, 104, 359, 17.0, 17, Cpapap, 5744, 0, 0, 0, , 0, 0, 0, 0, 0, 
469, 1, 475, 463, -1, 236, 221, 14.0, 17, ABplpaaaapa, 7514, 0, 0, 0, , 0, 0, 0, 0, 0, 
470, 1, 476, 464, -1, 316, 218, 10.0, 15, ABplpaaapap, 4844, 0, 0, 0, , 0, 0, 0, 0, 0, 
471, 1, 477, 465, -1, 267, 277, 23.0, 17, ABaraapapaa, 8752, 0, 0, 0, , 0, 0, 0, 0, 0, 
472, 1, 478, 466, -1, 349, 253, 29.0, 13, MSapappp, 2217, 0, 0, 0, , 0, 0, 0, 0, 0, 
473, 1, 479, 467, -1, 112, 239, 22.0, 17, ABprpppaapp, 5620, 0, 0, 0, , 0, 0, 0, 0, 0, 
474, 1, 480, 468, -1, 128, 277, 11.0, 13, ABplppppapa, 3929, 0, 0, 0, , 0, 0, 0, 0, 0, 
475, 1, 481, 469, -1, 191, 237, 15.0, 13, ABprpapppap, 3848, 0, 0, 0, , 0, 0, 0, 0, 0, 
476, 0, 482, -1, -1, 204, 309, 27.0, 13, , 4458, 0, 0, 0, , 0, 0, 0, 0, 0, 
477, 1, 483, 471, -1, 252, 204, 35.0, 17, ABarpaappp, 4988, 0, 0, 0, , 0, 0, 0, 0, 0, 
478, 0, 484, -1, -1, 211, 233, 17.0, 13, , 2511, 0, 0, 0, , 0, 0, 0, 0, 0, 
479, 1, 485, 473, -1, 317, 224, 23.0, 13, ABalpaapaaa, 9174, 0, 0, 0, , 0, 0, 0, 0, 0, 
480, 0, 486, -1, -1, 343, 254, 34.0, 11, , 823, 0, 0, 0, , 0, 0, 0, 0, 0, 
481, 0, 487, -1, -1, 239, 195, 30.0, 9, , 441, 0, 0, 0, , 0, 0, 0, 0, 0, 
482, 0, 488, -1, -1, 273, 301, 13.0, 15, , 6245, 0, 0, 0, , 0, 0, 0, 0, 0, 
483, 1, 489, 477, -1, 267, 313, 12.0, 13, ABplaapppp, 2671, 0, 0, 0, , 0, 0, 0, 0, 0, 
484, 1, 490, 478, -1, 279, 242, 31.0, 13, MSpaaaapa, 1713, 0, 0, 0, , 0, 0, 0, 0, 0, 
485, 1, 491, 479, -1, 176, 331, 27.0, 17, Epraa, 41101, 0, 0, 0, , 0, 0, 0, 0, 0, 
486, 1, 492, 480, -1, 340, 278, 23.0, 13, ABalaaapall, 2831, 0, 0, 0, , 0, 0, 0, 0, 0, 
487, 1, 493, 481, -1, 259, 220, 29.0, 19, ABarapaappa, 8259, 0, 0, 0, , 0, 0, 0, 0, 0, 
488, 0, 494, -1, -1, 313, 175, 27.0, 11, , 2591, 0, 0, 0, , 0, 0, 0, 0, 0, 
489, 1, 495, 483, -1, 252, 330, 31.0, 17, Dappap, 10949, 0, 0, 0, , 0, 0, 0, 0, 0, 
490, 1, 496, 484, -1, 365, 238, 25.0, 13, ABplaaaaaap, 3669, 0, 0, 0, , 0, 0, 0, 0, 0, 
491, 1, 497, 485, -1, 190, 325, 26.0, 13, Earap, 1249, 0, 0, 0, , 0, 0, 0, 0, 0, 
492, 1, 498, 486, -1, 328, 200, 29.0, 13, ABalappppap, 3175, 0, 0, 0, , 0, 0, 0, 0, 0, 
493, 0, 499, -1, -1, 129, 311, 17.0, 11, , 1627, 0, 0, 0, , 0, 0, 0, 0, 0, 
494, 1, 500, 488, -1, 198, 272, 27.0, 13, Earaad, 1720, 0, 0, 0, , 0, 0, 0, 0, 0, 
495, 0, 501, -1, -1, 128, 326, 28.0, 13, , 2036, 0, 0, 0, , 0, 0, 0, 0, 0, 
496, 0, 502, -1, -1, 281, 183, 25.0, 9, , 530, 0, 0, 0, , 0, 0, 0, 0, 0, 
497, 0, 503, -1, -1, 99, 244, 29.0, 11, , 3719, 0, 0, 0, , 0, 0, 0, 0, 0, 
498, 0, 504, -1, -1, 349, 260, 18.0, 11, , 2304, 0, 0, 0, , 0, 0, 0, 0, 0, 
499, 1, 505, 493, -1, 322, 268, 16.0, 11, ABalapaapaa, 2367, 0, 0, 0, , 0, 0, 0, 0, 0, 
500, 1, 506, 494, -1, 252, 205, 21.0, 13, MSppaaaav, 3107, 0, 0, 0, , 0, 0, 0, 0, 0, 
501, 1, 507, 495, -1, 290, 238, 30.0, 15, ABaraappapa, 8235, 0, 0, 0, , 0, 0, 0, 0, 0, 
502, 1, 508, 496, -1, 82, 311, 14.0, 11, ABplapapppp, 2367, 0, 0, 0, , 0, 0, 0, 0, 0, 
503, 1, 509, 497, -1, 238, 257, 22.0, 11, ABarapapaaa, 4881, 0, 0, 0, , 0, 0, 0, 0, 0, 
504, 1, 510, 498, -1, 281, 217, 26.0, 11, ABarapaaaaa, 2670, 0, 0, 0, , 0, 0, 0, 0, 0, 
505, 1, 511, 499, -1, 101, 310, 33.0, 15, Cpppapa, 4272, 0, 0, 0, , 0, 0, 0, 0, 0, 
506, 1, 512, 500, -1, 351, 266, 22.0, 13, ABalapaaapp, 3491, 0, 0, 0, , 0, 0, 0, 0, 0, 
507, 1, 513, 501, -1, 266, 247, 22.0, 11, ABalpappppp, 1850, 0, 0, 0, , 0, 0, 0, 0, 0, 
508, 0, 514, -1, -1, 276, 250, 22.0, 13, , 3521, 0, 0, 0, , 0, 0, 0, 0, 0, 
509, 1, 515, 503, -1, 313, 206, 33.0, 13, ABalapppapa, 1590, 0, 0, 0, , 0, 0, 0, 0, 0, 
510, 1, 516, 504, -1, 316, 292, 24.0, 13, ABalapaaaaa, 6407, 0, 0, 0, , 0, 0, 0, 0, 0, 
511, 1, 517, 505, -1, 193, 240, 27.0, 11, MSppapaa, 1445, 0, 0, 0, , 0, 0, 0, 0, 0, 
512, 1, 518, 506, -1, 274, 202, 10.0, 13, ABarappaaap, 6770, 0, 0, 0, , 0, 0, 0, 0, 0, 
513, 0, 519, -1, -1, 268, 240, 26.0, 13, , 1323, 0, 0, 0, , 0, 0, 0, 0, 0, 
514, 0, 520, -1, -1, 296, 190, 31.0, 11, , 3026, 0, 0, 0, , 0, 0, 0, 0, 0, 
515, 0, 521, -1, -1, 278, 262, 14.0, 13, , 2545, 0, 0, 0, , 0, 0, 0, 0, 0, 
516, 0, 522, -1, -1, 114, 315, 27.0, 13, , 5273, 0, 0, 0, , 0, 0, 0, 0, 0, 
517, 1, 523, 511, -1, 221, 281, 29.0, 13, MSpaapapp, 9446, 0, 0, 0, , 0, 0, 0, 0, 0, 
518, 1, 524, 512, -1, 293, 172, 26.0, 13, ABpraapaapa, 5362, 0, 0, 0, , 0, 0, 0, 0, 0, 
519, 1, 525, 513, -1, 231, 178, 13.0, 13, ABpraapppa, 3726, 0, 0, 0, , 0, 0, 0, 0, 0, 
520, 1, 526, 514, -1, 309, 224, 14.0, 11, ABalppapppp, 2840, 0, 0, 0, , 0, 0, 0, 0, 0, 
521, 1, 527, 515, -1, 317, 215, 14.0, 13, ABplpaaapaa, 2621, 0, 0, 0, , 0, 0, 0, 0, 0, 
522, 1, 528, 516, -1, 83, 334, 15.0, 19, Cpappd, 14262, 0, 0, 0, , 0, 0, 0, 0, 0, 
523, 1, 529, 517, -1, 364, 200, 24.0, 13, ABplaaaapa, 2675, 0, 0, 0, , 0, 0, 0, 0, 0, 
524, 0, 530, -1, -1, 221, 318, 17.0, 15, , 2439, 0, 0, 0, , 0, 0, 0, 0, 0, 
525, 1, 531, 519, -1, 230, 316, 17.0, 15, MSapapaa, 5990, 0, 0, 0, , 0, 0, 0, 0, 0, 
526, 1, 532, 520, -1, 265, 167, 21.0, 15, ABpraaaapad, 4641, 0, 0, 0, , 0, 0, 0, 0, 0, 
527, 0, 533, -1, -1, 281, 268, 26.0, 13, , 1459, 0, 0, 0, , 0, 0, 0, 0, 0, 
528, 1, 534, 522, -1, 300, 264, 23.0, 13, ABalpaaapaa, 5171, 0, 0, 0, , 0, 0, 0, 0, 0, 
529, 0, 535, -1, -1, 230, 351, 22.0, 17, , 10757, 0, 0, 0, , 0, 0, 0, 0, 0, 
530, 1, 536, -1, -1, 201, 298, 27.0, 17, Nuc355_28_197_289, 4819, 0, 0, 0, , 0, 0, 0, 0, 0, 
531, 1, 537, 525, -1, 103, 248, 10.0, 15, Nuc365_10_105_252, 2889, 0, 0, 0, , 0, 0, 0, 0, 0, 
532, 1, 538, 526, -1, 357, 251, 22.0, 13, ABalapapppp, 3836, 0, 0, 0, , 0, 0, 0, 0, 0, 
533, 1, 539, 527, -1, 276, 193, 15.0, 11, ABprpaaapaa, 5804, 0, 0, 0, , 0, 0, 0, 0, 0, 
534, 1, 540, 528, -1, 278, 252, 10.0, 17, ABplaapppa, 10261, 0, 0, 0, , 0, 0, 0, 0, 0, 
535, 0, 541, -1, -1, 91, 268, 10.0, 11, , 2902, 0, 0, 0, , 0, 0, 0, 0, 0, 
536, 1, 542, 530, -1, 109, 339, 13.0, 15, ABarppappp, 4231, 0, 0, 0, , 0, 0, 0, 0, 0, 
537, 1, 543, 531, -1, 348, 229, 27.0, 13, ABalapappap, 5582, 0, 0, 0, , 0, 0, 0, 0, 0, 
538, 0, 544, -1, -1, 299, 196, 34.0, 11, , 841, 0, 0, 0, , 0, 0, 0, 0, 0, 
539, 1, 545, 533, -1, 298, 256, 31.0, 11, MSaaaaapaa, 2241, 0, 0, 0, , 0, 0, 0, 0, 0, 
540, 0, 546, -1, -1, 334, 235, 32.0, 11, , 596, 0, 0, 0, , 0, 0, 0, 0, 0, 
541, 1, 547, 535, -1, 272, 217, 17.0, 13, ABplpappaaa, 4862, 0, 0, 0, , 0, 0, 0, 0, 0, 
542, 0, 548, -1, -1, 261, 301, 17.0, 11, , 1030, 0, 0, 0, , 0, 0, 0, 0, 0, 
543, 1, 549, 537, -1, 236, 253, 20.0, 13, ABarapapppa, 4117, 0, 0, 0, , 0, 0, 0, 0, 0, 
544, 1, -1, 538, -1, 228, 184, 33.0, 13, Nuc366_33_228_184, 3063, 0, 0, 0, , 0, 0, 0, 0, 0, 
545, 1, 551, 539, -1, 339, 287, 18.0, 13, Nuc360_22_334_293, 3016, 0, 0, 0, , 0, 0, 0, 0, 0, 
546, 1, 552, 540, -1, 232, 323, 24.0, 19, Ealaav, 24119, 0, 0, 0, , 0, 0, 0, 0, 0, 
547, 0, 553, -1, -1, 114, 340, 26.0, 13, , 2507, 0, 0, 0, , 0, 0, 0, 0, 0, 
548, 0, 554, -1, -1, 145, 347, 25.0, 11, , 876, 0, 0, 0, , 0, 0, 0, 0, 0, 
549, 1, 555, 543, -1, 260, 168, 31.0, 13, ABarpapppp, 2786, 0, 0, 0, , 0, 0, 0, 0, 0, 
550, 1, 556, 544, -1, 253, 280, 15.0, 11, Daaaa, 2950, 0, 0, 0, , 0, 0, 0, 0, 0, 
551, 0, 557, -1, -1, 228, 233, 14.0, 9, , 1493, 0, 0, 0, , 0, 0, 0, 0, 0, 
552, 1, 558, 546, -1, 337, 231, 15.0, 13, ABalaaapalr, 3591, 0, 0, 0, , 0, 0, 0, 0, 0, 
553, 1, 559, 547, -1, 263, 224, 22.0, 13, ABarapaaaap, 6143, 0, 0, 0, , 0, 0, 0, 0, 0, 
554, 1, 560, 548, -1, 220, 199, 28.0, 13, ABpraaapppaa, 1159, 0, 0, 0, , 0, 0, 0, 0, 0, 
555, 1, 561, 549, -1, 239, 211, 31.0, 15, ABprapaaaap, 3601, 0, 0, 0, , 0, 0, 0, 0, 0, 
556, 1, 562, 550, -1, 269, 325, 17.0, 15, ABarppapaa, 6024, 0, 0, 0, , 0, 0, 0, 0, 0, 
557, 1, 563, 551, -1, 243, 223, 10.0, 11, ABalpapapapp, 4363, 0, 0, 0, , 0, 0, 0, 0, 0, 
558, 1, 564, 552, -1, 260, 208, 11.0, 11, ABalpapapapa, 4323, 0, 0, 0, , 0, 0, 0, 0, 0, 
559, 0, 565, -1, -1, 265, 311, 11.0, 17, , 2963, 0, 0, 0, , 0, 0, 0, 0, 0, 
560, 1, 566, 554, -1, 121, 327, 16.0, 15, MSappaap, 5851, 0, 0, 0, , 0, 0, 0, 0, 0, 
561, 1, 567, 555, -1, 270, 329, 25.0, 13, Cpaaaa, 2119, 0, 0, 0, , 0, 0, 0, 0, 0, 
562, 1, 568, 556, -1, 221, 176, 27.0, 13, ABpraaappppa, 3690, 0, 0, 0, , 0, 0, 0, 0, 0, 
563, 0, -1, -1, -1, 274, 183, 31.0, 15, , 2960, 0, 0, 0, , 0, 0, 0, 0, 0, 
564, 0, 570, -1, -1, 226, 225, 15.0, 11, , 1555, 0, 0, 0, , 0, 0, 0, 0, 0, 
565, 1, 570, 559, -1, 218, 213, 16.0, 11, ABprpapapap, 3299, 0, 0, 0, , 0, 0, 0, 0, 0, 
566, 1, 571, 560, -1, 300, 180, 26.0, 11, ABpraaaaapd, 4177, 0, 0, 0, , 0, 0, 0, 0, 0, 
567, 1, 572, 561, -1, 282, 283, 25.0, 13, MSaaapaap, 2467, 0, 0, 0, , 0, 0, 0, 0, 0, 
568, 0, 573, -1, -1, 101, 252, 13.0, 11, , 1857, 0, 0, 0, , 0, 0, 0, 0, 0, 
569, 0, 574, -1, -1, 205, 211, 28.0, 11, , 1150, 0, 0, 0, , 0, 0, 0, 0, 0, 
570, 0, 575, -1, -1, 308, 248, 9.0, 13, , 1777, 0, 0, 0, , 0, 0, 0, 0, 0, 
571, 1, 576, 565, -1, 348, 218, 20.0, 11, ABalaaaarla, 3445, 0, 0, 0, , 0, 0, 0, 0, 0, 
572, 0, 577, -1, -1, 309, 177, 33.0, 11, , 647, 0, 0, 0, , 0, 0, 0, 0, 0, 
573, 1, 578, 567, -1, 88, 257, 26.0, 13, ABprapappppa, 2376, 0, 0, 0, , 0, 0, 0, 0, 0, 
574, 0, 579, -1, -1, 263, 226, 24.0, 9, , 621, 0, 0, 0, , 0, 0, 0, 0, 0, 
575, 1, 580, 569, -1, 250, 197, 11.0, 15, ABarappapap, 5399, 0, 0, 0, , 0, 0, 0, 0, 0, 
576, 0, 581, -1, -1, 137, 315, 16.0, 17, , 8238, 0, 0, 0, , 0, 0, 0, 0, 0, 
577, 0, 582, -1, -1, 246, 192, 22.0, 9, , 487, 0, 0, 0, , 0, 0, 0, 0, 0, 
578, 0, 583, -1, -1, 288, 180, 30.0, 9, , 1232, 0, 0, 0, , 0, 0, 0, 0, 0, 
579, 0, 584, -1, -1, 162, 333, 22.0, 15, , 2274, 0, 0, 0, , 0, 0, 0, 0, 0, 
580, 1, 585, 574, -1, 181, 361, 26.0, 17, Capapaa, 14307, 0, 0, 0, , 0, 0, 0, 0, 0, 
581, 0, 586, -1, -1, 211, 285, 25.0, 9, , 1011, 0, 0, 0, , 0, 0, 0, 0, 0, 
582, 1, 587, 576, -1, 296, 310, 23.0, 15, ABplapaaaap, 5674, 0, 0, 0, , 0, 0, 0, 0, 0, 
583, 1, 588, 577, -1, 266, 179, 19.0, 9, ABprpaaappa, 5264, 0, 0, 0, , 0, 0, 0, 0, 0, 
584, 0, 589, -1, -1, 298, 170, 17.0, 11, , 3240, 0, 0, 0, , 0, 0, 0, 0, 0, 
585, 1, 590, 579, -1, 263, 245, 21.0, 11, ABalpappppa, 1157, 0, 0, 0, , 0, 0, 0, 0, 0, 
586, 0, 591, -1, -1, 200, 330, 25.0, 17, , 7236, 0, 0, 0, , 0, 0, 0, 0, 0, 
587, 0, 592, -1, -1, 201, 298, 25.0, 13, , 2014, 0, 0, 0, , 0, 0, 0, 0, 0, 
588, 1, 593, 582, -1, 233, 191, 34.0, 15, ABarpppaap, 4052, 0, 0, 0, , 0, 0, 0, 0, 0, 
589, 1, 594, 583, -1, 228, 345, 30.0, 15, Dapppa, 3622, 0, 0, 0, , 0, 0, 0, 0, 0, 
590, 1, 595, 584, -1, 301, 210, 15.0, 13, ABalppapaap, 6953, 0, 0, 0, , 0, 0, 0, 0, 0, 
591, 0, 596, -1, -1, 274, 294, 11.0, 13, , 2690, 0, 0, 0, , 0, 0, 0, 0, 0, 
592, 1, 597, 586, -1, 173, 277, 17.0, 15, ABplpapappp, 3410, 0, 0, 0, , 0, 0, 0, 0, 0, 
593, 1, 598, -1, -1, 285, 262, 16.0, 11, Nuc365_15_285_265, 1370, 0, 0, 0, , 0, 0, 0, 0, 0, 
594, 1, 599, 587, -1, 278, 250, 14.0, 15, MSappapp, 2882, 0, 0, 0, , 0, 0, 0, 0, 0, 
595, 0, 600, -1, -1, 135, 273, 27.0, 17, , 8626, 0, 0, 0, , 0, 0, 0, 0, 0, 
596, 0, 601, -1, -1, 103, 329, 22.0, 13, , 1471, 0, 0, 0, , 0, 0, 0, 0, 0, 
597, 0, 602, -1, -1, 250, 169, 31.0, 13, , 1283, 0, 0, 0, , 0, 0, 0, 0, 0, 
598, 0, 603, -1, -1, 316, 268, 12.0, 15, , 3678, 0, 0, 0, , 0, 0, 0, 0, 0, 
599, 0, 604, -1, -1, 247, 197, 23.0, 9, , 1358, 0, 0, 0, , 0, 0, 0, 0, 0, 
600, 1, 605, 593, -1, 145, 288, 24.0, 15, Z2, 10530, 0, 0, 0, , 0, 0, 0, 0, 0, 
601, 0, 606, -1, -1, 178, 305, 23.0, 15, , 5963, 0, 0, 0, , 0, 0, 0, 0, 0, 
602, 1, 607, 595, -1, 141, 325, 35.0, 13, Cppapap, 3953, 0, 0, 0, , 0, 0, 0, 0, 0, 
603, 1, 608, 596, -1, 358, 252, 25.0, 9, ABplaaaaapp, 788, 0, 0, 0, , 0, 0, 0, 0, 0, 
604, 0, 609, -1, -1, 284, 195, 30.0, 11, , 3149, 0, 0, 0, , 0, 0, 0, 0, 0, 
605, 0, 610, -1, -1, 224, 222, 33.0, 15, , 6900, 0, 0, 0, , 0, 0, 0, 0, 0, 
606, 0, 611, -1, -1, 346, 247, 34.0, 15, , 2738, 0, 0, 0, , 0, 0, 0, 0, 0, 
607, 1, 612, 600, -1, 143, 368, 20.0, 19, Cpaapp, 8180, 0, 0, 0, , 0, 0, 0, 0, 0, 
608, 1, 613, 601, -1, 270, 175, 13.0, 13, ABprpaapapp, 7759, 0, 0, 0, , 0, 0, 0, 0, 0, 
609, 1, 614, 602, -1, 85, 310, 20.0, 19, Eplppp, 16233, 0, 0, 0, , 0, 0, 0, 0, 0, 
610, 1, 615, 603, -1, 89, 273, 30.0, 13, Cpapaa, 2335, 0, 0, 0, , 0, 0, 0, 0, 0, 
611, 0, 616, -1, -1, 323, 261, 35.0, 21, , 3530, 0, 0, 0, , 0, 0, 0, 0, 0, 
612, 1, 617, 605, -1, 309, 162, 25.0, 17, ABarpappap, 7513, 0, 0, 0, , 0, 0, 0, 0, 0, 
613, 0, 618, -1, -1, 231, 237, 16.0, 9, , 721, 0, 0, 0, , 0, 0, 0, 0, 0, 
614, 0, 619, -1, -1, 256, 293, 14.0, 11, , 4042, 0, 0, 0, , 0, 0, 0, 0, 0, 
615, 1, 620, 608, -1, 326, 296, 20.0, 13, ABalpppapppp, 3653, 0, 0, 0, , 0, 0, 0, 0, 0, 
616, 1, 621, 609, -1, 228, 201, 31.0, 13, ABpraapapppp, 1947, 0, 0, 0, , 0, 0, 0, 0, 0, 
617, 1, 622, 610, -1, 216, 249, 29.0, 13, MSpapappa, 1953, 0, 0, 0, , 0, 0, 0, 0, 0, 
618, 1, 623, 611, -1, 203, 354, 30.0, 15, Dapppp, 4382, 0, 0, 0, , 0, 0, 0, 0, 0, 
619, 0, 624, -1, -1, 245, 159, 28.0, 9, , 2206, 0, 0, 0, , 0, 0, 0, 0, 0, 
620, 1, 625, 613, -1, 259, 220, 18.0, 13, ABprpapppaa, 3616, 0, 0, 0, , 0, 0, 0, 0, 0, 
621, 0, 626, -1, -1, 86, 237, 23.0, 11, , 4926, 0, 0, 0, , 0, 0, 0, 0, 0, 
622, 1, 627, 615, -1, 297, 246, 20.0, 13, ABalpappaapa, 3262, 0, 0, 0, , 0, 0, 0, 0, 0, 
623, 1, 628, 616, -1, 289, 261, 18.0, 11, ABalpappaapp, 4520, 0, 0, 0, , 0, 0, 0, 0, 0, 
624, 1, 629, 617, -1, 89, 309, 26.0, 15, Eprppp, 6983, 0, 0, 0, , 0, 0, 0, 0, 0, 
625, 0, 630, -1, -1, 260, 169, 32.0, 15, , 5174, 0, 0, 0, , 0, 0, 0, 0, 0, 
626, 0, 631, -1, -1, 209, 295, 17.0, 15, , 11829, 0, 0, 0, , 0, 0, 0, 0, 0, 
627, 0, 632, -1, -1, 237, 155, 19.0, 9, , 724, 0, 0, 0, , 0, 0, 0, 0, 0, 
628, 0, 633, -1, -1, 272, 268, 27.0, 9, , 878, 0, 0, 0, , 0, 0, 0, 0, 0, 
629, 0, 634, -1, -1, 193, 362, 23.0, 17, , 8142, 0, 0, 0, , 0, 0, 0, 0, 0, 
630, 1, 635, 623, -1, 299, 195, 20.0, 13, ABaraaappap, 1218, 0, 0, 0, , 0, 0, 0, 0, 0, 
631, 0, 636, -1, -1, 180, 315, 22.0, 21, , 6880, 0, 0, 0, , 0, 0, 0, 0, 0, 
632, 1, 637, 625, -1, 167, 342, 24.0, 17, Eplaa, 6840, 0, 0, 0, , 0, 0, 0, 0, 0, 
633, 1, 153, 626, -1, 182, 273, 13.0, 13, ABprpappapp, 2122, 0, 0, 0, , 0, 0, 0, 0, 0, 
634, 1, 639, 627, -1, 103, 241, 17.0, 17, Cpppppv, 7756, 0, 0, 0, , 0, 0, 0, 0, 0, 
635, 1, 640, 628, -1, 234, 171, 23.0, 11, ABpraaaapav, 3026, 0, 0, 0, , 0, 0, 0, 0, 0, 
636, 0, 641, -1, -1, 232, 248, 20.0, 13, , 1250, 0, 0, 0, , 0, 0, 0, 0, 0, 
637, 0, 642, -1, -1, 243, 170, 29.0, 9, , 443, 0, 0, 0, , 0, 0, 0, 0, 0, 
638, 0, 643, -1, -1, 248, 340, 23.0, 19, , 7940, 0, 0, 0, , 0, 0, 0, 0, 0, 
639, 0, 644, -1, -1, 107, 251, 32.0, 11, , 1697, 0, 0, 0, , 0, 0, 0, 0, 0, 
640, 0, 645, -1, -1, 201, 311, 35.0, 15, , 1089, 0, 0, 0, , 0, 0, 0, 0, 0, 
641, 0, 647, -1, -1, 333, 230, 26.0, 11, , 2357, 0, 0, 0, , 0, 0, 0, 0, 0, 
642, 0, 648, -1, -1, 245, 242, 35.0, 15, , 4989, 0, 0, 0, , 0, 0, 0, 0, 0, 
643, 1, 649, 637, -1, 154, 330, 15.0, 17, Capaapp, 5753, 0, 0, 0, , 0, 0, 0, 0, 0, 
644, 1, 650, 638, -1, 294, 278, 16.0, 13, Nuc361_17_297_285, 5499, 0, 0, 0, , 0, 0, 0, 0, 0, 
645, 1, 651, 639, -1, 267, 177, 24.0, 17, ABalaapaaal, 4314, 0, 0, 0, , 0, 0, 0, 0, 0, 
646, 1, 652, 640, -1, 213, 298, 27.0, 13, Nuc365_27_213_298, 2376, 0, 0, 0, , 0, 0, 0, 0, 0, 
647, 1, 653, 641, -1, 318, 189, 27.0, 11, ABalaaappll, 1251, 0, 0, 0, , 0, 0, 0, 0, 0, 
648, 0, 654, -1, -1, 287, 256, 27.0, 17, , 1528, 0, 0, 0, , 0, 0, 0, 0, 0, 
649, 0, 655, -1, -1, 305, 245, 33.0, 13, , 2867, 0, 0, 0, , 0, 0, 0, 0, 0, 
650, 1, 656, 644, -1, 81, 292, 13.0, 11, Nuc361_15_91_298, 3113, 0, 0, 0, , 0, 0, 0, 0, 0, 
651, 1, 657, 645, -1, 98, 230, 15.0, 11, Nuc362_13_89_241, 3477, 0, 0, 0, , 0, 0, 0, 0, 0, 
652, 0, 658, -1, -1, 236, 163, 16.0, 9, , 446, 0, 0, 0, , 0, 0, 0, 0, 0, 
653, 0, 659, -1, -1, 211, 171, 21.0, 9, , 441, 0, 0, 0, , 0, 0, 0, 0, 0, 
654, 0, 660, -1, -1, 353, 227, 17.0, 15, , 1429, 0, 0, 0, , 0, 0, 0, 0, 0, 
655, 1, 661, 648, -1, 316, 215, 18.0, 13, Nuc362_18_313_218, 2890, 0, 0, 0, , 0, 0, 0, 0, 0, 
656, 1, 662, 649, -1, 93, 282, 21.0, 17, Eprppa, 4044, 0, 0, 0, , 0, 0, 0, 0, 0, 
657, 0, 663, -1, -1, 281, 170, 29.0, 9, , 1294, 0, 0, 0, , 0, 0, 0, 0, 0, 
658, 0, 664, -1, -1, 356, 258, 26.0, 11, , 1933, 0, 0, 0, , 0, 0, 0, 0, 0, 
659, 0, 665, -1, -1, 252, 198, 30.0, 9, , 533, 0, 0, 0, , 0, 0, 0, 0, 0, 
660, 1, 666, 653, -1, 103, 326, 27.0, 13, Nuc362_29_103_319, 3001, 0, 0, 0, , 0, 0, 0, 0, 0, 
661, 0, 667, -1, -1, 334, 212, 12.0, 9, , 1567, 0, 0, 0, , 0, 0, 0, 0, 0, 
662, 1, 668, 654, -1, 302, 239, 11.0, 17, Nuc363_11_307_245, 4730, 0, 0, 0, , 0, 0, 0, 0, 0, 
663, 0, 669, -1, -1, 292, 204, 14.0, 13, , 4417, 0, 0, 0, , 0, 0, 0, 0, 0, 
664, 1, 670, 656, -1, 191, 340, 14.0, 19, ABplappaap, 7510, 0, 0, 0, , 0, 0, 0, 0, 0, 
665, 0, 671, -1, -1, 80, 235, 16.0, 9, , 309, 0, 0, 0, , 0, 0, 0, 0, 0, 
666, 1, 672, 658, -1, 338, 267, 15.0, 11, Nuc363_16_344_267, 2095, 0, 0, 0, , 0, 0, 0, 0, 0, 
667, 0, 673, -1, -1, 277, 253, 26.0, 11, , 2626, 0, 0, 0, , 0, 0, 0, 0, 0, 
668, 1, 674, 660, -1, 295, 213, 34.0, 19, MSppappa, 5795, 0, 0, 0, , 0, 0, 0, 0, 0, 
669, 1, 675, 661, -1, 285, 240, 33.0, 17, Nuc363_35_285_222, 3025, 0, 0, 0, , 0, 0, 0, 0, 0, 
670, 1, 676, 662, -1, 100, 236, 16.0, 9, Nuc363_15_99_233, 479, 0, 0, 0, , 0, 0, 0, 0, 0, 
671, 1, 677, 663, -1, 82, 256, 29.0, 13, Nuc363_30_92_243, 609, 0, 0, 0, , 0, 0, 0, 0, 0, 
672, 1, 678, 664, -1, 259, 161, 18.0, 17, ABpraappap, 15114, 0, 0, 0, , 0, 0, 0, 0, 0, 
673, 1, 679, 665, -1, 155, 332, 28.0, 13, Earpp, 1872, 0, 0, 0, , 0, 0, 0, 0, 0, 
674, 1, 680, -1, -1, 310, 283, 17.0, 7, Nuc364_18_311_283, 911, 0, 0, 0, , 0, 0, 0, 0, 0, 
675, 1, 681, 666, -1, 295, 316, 18.0, 15, Nuc364_18_298_316, 3014, 0, 0, 0, , 0, 0, 0, 0, 0, 
676, 0, 682, -1, -1, 212, 212, 22.0, 15, , 2581, 0, 0, 0, , 0, 0, 0, 0, 0, 
677, 1, 683, 668, -1, 81, 244, 21.0, 13, Nuc364_21_85_237, 2607, 0, 0, 0, , 0, 0, 0, 0, 0, 
678, 1, 684, 669, -1, 146, 323, 27.0, 13, Nuc364_26_149_320, 3215, 0, 0, 0, , 0, 0, 0, 0, 0, 
679, 0, 685, -1, -1, 192, 249, 27.0, 11, , 2706, 0, 0, 0, , 0, 0, 0, 0, 0, 
680, 0, 686, -1, -1, 90, 279, 32.0, 17, , 2482, 0, 0, 0, , 0, 0, 0, 0, 0, 
681, 1, 299, 672, -1, 180, 310, 34.0, 17, Cppapaa, 1313, 0, 0, 0, , 0, 0, 0, 0, 0, 
682, 0, 688, -1, -1, 273, 187, 34.0, 13, , 3520, 0, 0, 0, , 0, 0, 0, 0, 0, 
683, 1, 689, 674, -1, 254, 176, 34.0, 17, Nuc364_35_260_178, 1394, 0, 0, 0, , 0, 0, 0, 0, 0, 
684, 1, 690, 675, -1, 294, 271, 36.0, 15, Nuc364_36_289_269, 2683, 0, 0, 0, , 0, 0, 0, 0, 0, 
685, 1, 691, 676, -1, 352, 236, 21.0, 15, Nuc364_19_356_235, 1485, 0, 0, 0, , 0, 0, 0, 0, 0, 
686, 0, 692, -1, -1, 314, 280, 20.0, 11, , 1540, 0, 0, 0, , 0, 0, 0, 0, 0, 
687, 0, 693, -1, -1, 142, 290, 26.0, 19, , 18356, 0, 0, 0, , 0, 0, 0, 0, 0, 
688, 1, 694, 679, -1, 231, 322, 26.0, 19, Nuc364_26_235_323, 10826, 0, 0, 0, , 0, 0, 0, 0, 0, 
689, 0, 695, -1, -1, 65, 289, 18.0, 11, , 1855, 0, 0, 0, , 0, 0, 0, 0, 0, 
690, 1, 696, 681, -1, 92, 239, 13.0, 13, ABprpppapap, 6077, 0, 0, 0, , 0, 0, 0, 0, 0, 
691, 1, 697, 682, -1, 244, 232, 21.0, 11, Nuc365_21_248_235, 3696, 0, 0, 0, , 0, 0, 0, 0, 0, 
692, 0, 698, -1, -1, 192, 274, 26.0, 15, , 9861, 0, 0, 0, , 0, 0, 0, 0, 0, 
693, 1, 699, 684, -1, 338, 264, 27.0, 13, MSapaaap, 4283, 0, 0, 0, , 0, 0, 0, 0, 0, 
694, 0, 700, -1, -1, 108, 320, 29.0, 19, , 4333, 0, 0, 0, , 0, 0, 0, 0, 0, 
695, 1, 701, 686, -1, 226, 177, 13.0, 11, Nuc365_14_223_178, 1407, 0, 0, 0, , 0, 0, 0, 0, 0, 
696, 1, -1, 687, -1, 284, 217, 23.0, 13, Nuc366_23_284_217, 11325, 0, 0, 0, , 0, 0, 0, 0, 0, 
697, 1, -1, -1, -1, 287, 248, 9.0, 11, Nuc366_9_287_248, 1710, 0, 0, 0, , 0, 0, 0, 0, 0, 
698, 1, 706, 688, -1, 290, 184, 17.0, 15, ABarappppap, 5817, 0, 0, 0, , 0, 0, 0, 0, 0, 
699, 1, -1, 689, -1, 220, 161, 22.0, 13, Nuc366_22_220_161, 108, 0, 0, 0, , 0, 0, 0, 0, 0, 
700, 0, -1, -1, -1, 251, 158, 25.0, 9, , 1648, 0, 0, 0, , 0, 0, 0, 0, 0, 
701, 0, -1, -1, -1, 225, 308, 29.0, 13, , 3380, 0, 0, 0, , 0, 0, 0, 0, 0, 
702, 1, -1, -1, -1, 266, 228, 12.0, 9, Nuc366_12_266_228, 1039, 0, 0, 0, , 0, 0, 0, 0, 0, 
703, 1, -1, 693, -1, 297, 257, 15.0, 9, Nuc366_15_297_257, 454, 0, 0, 0, , 0, 0, 0, 0, 0, 
704, 0, 702, -1, -1, 357, 228, 23.0, 11, , 0, 0, 0, 0, , 0, 0, 0, 0, 0, 
705, 1, 703, 698, -1, 212, 235, 16.2, 15, ABplpappaap, 0, 0, 0, 0, , 0, 0, 0, 0, 0, 
706, 1, 704, 699, -1, 241, 242, 27.0, 13, ABaraapppaa, 0, 0, 0, 0, , 0, 0, 0, 0, 0, 
707, 1, 707, 700, -1, 258, 300, 16.0, 16, ABplppaaaap, 0, 0, 0, 0, , 0, 0, 0, 0, 0, 
708, 1, 708, 702, -1, 102, 255, 10.0, 10, ABplpppapap, 0, 0, 0, 0, , 0, 0, 0, 0, 0, 
709, 1, 709, 703, -1, 98, 315, 17.0, 13, ABplpppppap, 0, 0, 0, 0, , 0, 0, 0, 0, 0, 
710, 1, 710, 704, -1, 282, 181, 23.0, 13, ABalaappppa, 0, 0, 0, 0, , 0, 0, 0, 0, 0, 
711, 0, 711, -1, -1, 333, 229, 28.5, 13, , 0, 0, 0, 0, , 0, 0, 0, 0, 0, 
712, 1, 712, 706, -1, 282, 183, 26.0, 13, ABalaappppp, 0, 0, 0, 0, , 0, 0, 0, 0, 0, 
713, 1, 713, 707, -1, 340, 268, 25.0, 13, ABalapaaapa, 0, 0, 0, 0, , 0, 0, 0, 0, 0, 
714, 0, 714, -1, -1, 261, 193, 30.0, 13, , 0, 0, 0, 0, , 0, 0, 0, 0, 0, 
715, 1, 715, 710, -1, 200, 309, 34.0, 13, Dppppp, 0, 0, 0, 0, , 0, 0, 0, 0, 0, 
716, 1, 716, 711, -1, 132, 276, 28.5, 13, Cppaapp, 0, 0, 0, 0, , 0, 0, 0, 0, 0, 
717, 1, 717, 712, -1, 129, 332, 29.666666, 15, Cpaapa, 0, 0, 0, 0, , 0, 0, 0, 0, 0, 
718, 1, 718, 713, -1, 230, 351, 24.2, 15, Cpaaap, 0, 0, 0, 0, , 0, 0, 0, 0, 0, 
719, 1, 719, 714, -1, 248, 336, 23.8, 17, Caaaaa, 0, 0, 0, 0, , 0, 0, 0, 0, 0, 
720, 1, 720, 715, -1, 130, 326, 27.25, 15, Eprap, 0, 0, 0, 0, , 0, 0, 0, 0, 0, 
721, 1, 721, 716, -1, 220, 304, 29.5, 15, Earaav, 0, 0, 0, 0, , 0, 0, 0, 0, 0, 
722, 1, 722, 717, -1, 306, 248, 34.0, 15, MSpppaaa, 0, 0, 0, 0, , 0, 0, 0, 0, 0, 
723, 1, 723, 718, -1, 282, 265, 15.333333, 13, MSapppaa, 0, 0, 0, 0, , 0, 0, 0, 0, 0, 
724, 1, 724, 719, -1, 289, 256, 27.714285, 13, MSaaapaaa, 0, 0, 0, 0, , 0, 0, 0, 0, 0, 
725, 1, 263, 720, -1, 296, 218, 31.0, 13, MSaaaaaar, 4137, 0, 0, 0, , 0, 0, 0, 0, 0, 
726, 1, 725, 721, -1, 213, 179, 16.142857, 12, ABprppaapaa, 0, 0, 0, 0, , 0, 0, 0, 0, 0, 
727, 1, 726, 722, -1, 277, 205, 13.333333, 13, ABprpappaaa, 0, 0, 0, 0, , 0, 0, 0, 0, 0, 
728, 1, 727, 145, -1, 137, 278, 15.0, 11, ABprpapappp, 0, 0, 0, 0, , 0, 0, 0, 0, 0, 
729, 1, 728, 723, -1, 252, 182, 14.0, 11, ABprpaappppp, 0, 0, 0, 0, , 0, 0, 0, 0, 0, 
730, 1, 728, 163, -1, 260, 182, 15.0, 11, ABprpaappppa, 0, 0, 0, 0, , 0, 0, 0, 0, 0, 
731, 1, 729, 724, -1, 229, 196, 15.0, 13, ABprpaapppa, 0, 0, 0, 0, , 0, 0, 0, 0, 0, 
732, 1, 730, 725, -1, 94, 246, 27.0, 12, ABprapppaap, 0, 0, 0, 0, , 0, 0, 0, 0, 0, 
733, 0, -1, -1, -1, 234, 178, 30.0, 14, , 2664, 0, 0, 0, , 0, 0, 0, 0, 0, 
734, 1, 732, 727, -1, 274, 184, 30.444445, 13, ABpraaapapa, 3478, 0, 0, 0, , 0, 0, 0, 0, 0, 
735, 1, 113, 692, -1, 269, 231, 13.0, 14, ABplpapaapp, 2323, 0, 0, 0, , 0, 0, 0, 0, 0, 
736, 1, 733, 728, -1, 260, 233, 14.0, 13, ABplpapaapa, 0, 0, 0, 0, , 0, 0, 0, 0, 0, 
