1, 1, 1, 1, -1, 269, 182, 14.0, 33, ABara, 51958, 0, 0, 0, , 0, 0, 0, 0, 0, 
2, 1, 2, 2, -1, 239, 199, 25.0, 35, ABarp, 51793, 0, 0, 0, , 0, 0, 0, 0, 0, 
3, 1, 3, 3, -1, 353, 201, 19.0, 35, ABala, 55222, 0, 0, 0, , 0, 0, 0, 0, 0, 
4, 1, 4, 4, -1, 233, 299, 27.0, 33, ABplp, 45279, 0, 0, 0, , 0, 0, 0, 0, 0, 
5, 1, 5, 5, -1, 294, 249, 30.0, 35, ABpla, 57116, 0, 0, 0, , 0, 0, 0, 0, 0, 
6, 0, 6, -1, -1, 197, 216, 25.0, 21, , 18629, 0, 0, 0, , 0, 0, 0, 0, 0, 
7, 1, 7, 7, -1, 156, 261, 13.0, 33, ABprp, 48123, 0, 0, 0, , 0, 0, 0, 0, 0, 
8, 1, 8, 8, -1, 181, 194, 14.0, 33, ABpra, 54098, 0, 0, 0, , 0, 0, 0, 0, 0, 
9, 1, 9, 9, 10, 248, 284, 14.0, 27, MS, 28112, 0, 0, 0, , 0, 0, 0, 0, 0, 
10, 1, 10, 11, -1, 157, 336, 17.0, 32, E, 30673, 0, 0, 0, , 0, 0, 0, 0, 0, 
11, 1, 11, 12, -1, 134, 256, 26.0, 39, C, 65535, 0, 0, 0, , 0, 0, 0, 0, 0, 
12, 1, 12, 13, -1, 91, 311, 20.0, 33, P3, 55769, 0, 0, 0, , 0, 0, 0, 0, 0, 
13, 0, 13, -1, -1, 390, 238, 23.0, 21, , 25380, 0, 0, 0, , 0, 0, 0, 0, 0, 
14, 1, 14, 15, -1, 312, 266, 17.0, 33, ABalp, 54877, 0, 0, 0, , 0, 0, 0, 0, 0, 
