1, 1, 1, 1, -1, 299, 196, 13.0, 33, ABaraa, 43406, 0, 0, 0, , 0, 0, 0, 0, 0, 
2, 1, 2, 2, -1, 246, 199, 13.0, 29, ABarap, 43826, 0, 0, 0, , 0, 0, 0, 0, 0, 
3, 1, 3, 3, -1, 252, 174, 24.0, 35, ABarpa, 51389, 0, 0, 0, , 0, 0, 0, 0, 0, 
4, 1, 4, 4, -1, 201, 198, 26.0, 29, ABarpp, 48976, 0, 0, 0, , 0, 0, 0, 0, 0, 
5, 1, 5, 5, -1, 316, 189, 23.0, 31, ABalap, 45965, 0, 0, 0, , 0, 0, 0, 0, 0, 
6, 1, 6, 6, -1, 357, 202, 17.0, 31, ABalaa, 42264, 0, 0, 0, , 0, 0, 0, 0, 0, 
7, 1, 7, 7, -1, 212, 330, 29.0, 29, ABplpp, 39262, 0, 0, 0, , 0, 0, 0, 0, 0, 
8, 1, 8, 8, -1, 260, 319, 27.0, 33, ABplpa, 65535, 0, 0, 0, , 0, 0, 0, 0, 0, 
9, 1, 9, 9, -1, 305, 221, 31.0, 35, ABplaa, 49544, 0, 0, 0, , 0, 0, 0, 0, 0, 
10, 1, 10, 10, -1, 250, 246, 30.0, 31, ABplap, 42317, 0, 0, 0, , 0, 0, 0, 0, 0, 
11, 0, 11, -1, -1, 170, 196, 28.0, 19, , 11882, 0, 0, 0, , 0, 0, 0, 0, 0, 
12, 1, 12, 12, -1, 157, 249, 12.0, 29, ABprpa, 37429, 0, 0, 0, , 0, 0, 0, 0, 0, 
13, 1, 13, 13, -1, 104, 261, 14.0, 31, ABprpp, 40967, 0, 0, 0, , 0, 0, 0, 0, 0, 
14, 1, 14, 14, -1, 198, 191, 16.0, 35, ABpraa, 60839, 0, 0, 0, , 0, 0, 0, 0, 0, 
15, 1, 15, 15, -1, 146, 210, 21.0, 33, ABprap, 44955, 0, 0, 0, , 0, 0, 0, 0, 0, 
16, 1, 16, 16, -1, 202, 262, 10.0, 29, MSpp, 36628, 0, 0, 0, , 0, 0, 0, 0, 0, 
17, 1, 17, 17, -1, 256, 265, 13.0, 31, MSpa, 38489, 0, 0, 0, , 0, 0, 0, 0, 0, 
18, 1, 18, 18, -1, 279, 304, 17.0, 29, MSap, 35955, 0, 0, 0, , 0, 0, 0, 0, 0, 
19, 1, 19, 19, -1, 310, 260, 12.0, 31, MSaa, 40851, 0, 0, 0, , 0, 0, 0, 0, 0, 
20, 1, 20, 20, -1, 203, 292, 16.0, 33, Ea, 64004, 0, 0, 0, , 0, 0, 0, 0, 0, 
21, 1, 21, 21, -1, 137, 308, 19.0, 31, Ep, 65535, 0, 0, 0, , 0, 0, 0, 0, 0, 
22, 1, 22, 22, -1, 167, 300, 28.0, 25, Cap, 24918, 0, 0, 0, , 0, 0, 0, 0, 0, 
23, 1, 23, 23, -1, 200, 249, 29.0, 25, Caa, 24331, 0, 0, 0, , 0, 0, 0, 0, 0, 
24, 1, 24, 24, -1, 124, 249, 29.0, 29, Cpa, 32505, 0, 0, 0, , 0, 0, 0, 0, 0, 
25, 1, 25, 25, -1, 86, 298, 24.0, 29, Cpp, 27941, 0, 0, 0, , 0, 0, 0, 0, 0, 
26, 1, 26, 26, -1, 91, 335, 18.0, 29, D, 41756, 0, 0, 0, , 0, 0, 0, 0, 0, 
27, 1, 27, 27, -1, 128, 360, 20.0, 27, P4, 29875, 0, 0, 0, , 0, 0, 0, 0, 0, 
28, 0, 28, -1, -1, 388, 241, 23.0, 21, , 21034, 0, 0, 0, , 0, 0, 0, 0, 0, 
29, 1, 29, 29, -1, 307, 285, 26.0, 31, ABalpp, 46051, 0, 0, 0, , 0, 0, 0, 0, 0, 
30, 1, 30, 30, -1, 351, 252, 20.0, 33, ABalpa, 48224, 0, 0, 0, , 0, 0, 0, 0, 0, 
