1, 1, 1, 1, -1, 285, 217, 13.0, 19, ABaraap, 9848, 0, 0, 0, , 0, 0, 0, 0, 0, 
2, 1, 1, 2, -1, 304, 186, 13.0, 19, ABaraaa, 11295, 0, 0, 0, , 0, 0, 0, 0, 0, 
3, 1, 2, 3, -1, 253, 179, 12.0, 21, ABarapa, 12558, 0, 0, 0, , 0, 0, 0, 0, 0, 
4, 1, 3, 4, -1, 234, 215, 12.0, 19, ABarapp, 11943, 0, 0, 0, , 0, 0, 0, 0, 0, 
5, 1, 4, 5, -1, 255, 186, 23.0, 21, ABarpap, 13546, 0, 0, 0, , 0, 0, 0, 0, 0, 
6, 1, 4, 6, -1, 269, 167, 25.0, 21, ABarpaa, 11124, 0, 0, 0, , 0, 0, 0, 0, 0, 
7, 1, 5, 7, -1, 214, 190, 30.0, 23, ABarppa, 13376, 0, 0, 0, , 0, 0, 0, 0, 0, 
8, 1, 5, 8, -1, 192, 204, 27.0, 21, ABarppp, 12314, 0, 0, 0, , 0, 0, 0, 0, 0, 
9, 1, 6, 9, -1, 314, 204, 24.0, 19, ABalapp, 10169, 0, 0, 0, , 0, 0, 0, 0, 0, 
10, 1, 6, 10, -1, 323, 173, 24.0, 19, ABalapa, 10888, 0, 0, 0, , 0, 0, 0, 0, 0, 
11, 1, 7, 11, 12, 348, 209, 16.0, 25, ABalaa, 17176, 0, 0, 0, , 0, 0, 0, 0, 0, 
12, 1, 8, 13, -1, 190, 344, 25.0, 21, ABplppp, 13608, 0, 0, 0, , 0, 0, 0, 0, 0, 
13, 1, 9, 14, -1, 211, 325, 31.0, 21, ABplppa, 14841, 0, 0, 0, , 0, 0, 0, 0, 0, 
14, 1, 10, 15, -1, 231, 332, 23.0, 19, ABplpap, 10057, 0, 0, 0, , 0, 0, 0, 0, 0, 
15, 1, 10, 16, -1, 264, 317, 27.0, 19, ABplpaa, 9849, 0, 0, 0, , 0, 0, 0, 0, 0, 
16, 1, 11, 17, -1, 290, 242, 29.0, 23, ABplaap, 17557, 0, 0, 0, , 0, 0, 0, 0, 0, 
17, 1, 12, 18, -1, 307, 203, 32.0, 21, ABplaaa, 17169, 0, 0, 0, , 0, 0, 0, 0, 0, 
18, 1, 13, 19, -1, 238, 268, 29.0, 21, ABplapp, 17039, 0, 0, 0, , 0, 0, 0, 0, 0, 
19, 1, 14, 20, -1, 261, 220, 31.0, 23, ABplapa, 15453, 0, 0, 0, , 0, 0, 0, 0, 0, 
20, 0, 15, -1, -1, 173, 225, 27.0, 19, , 9809, 0, 0, 0, , 0, 0, 0, 0, 0, 
21, 1, 16, 22, -1, 146, 253, 13.0, 19, ABprpap, 10952, 0, 0, 0, , 0, 0, 0, 0, 0, 
22, 1, 16, 23, -1, 151, 227, 13.0, 19, ABprpaa, 11021, 0, 0, 0, , 0, 0, 0, 0, 0, 
23, 1, 17, 24, -1, 97, 279, 14.0, 21, ABprppp, 11695, 0, 0, 0, , 0, 0, 0, 0, 0, 
24, 1, 17, 25, -1, 95, 248, 14.0, 21, ABprppa, 13129, 0, 0, 0, , 0, 0, 0, 0, 0, 
25, 1, 18, 26, -1, 185, 200, 14.0, 21, ABpraap, 12545, 0, 0, 0, , 0, 0, 0, 0, 0, 
26, 1, 19, 27, -1, 208, 175, 17.0, 19, ABpraaa, 11936, 0, 0, 0, , 0, 0, 0, 0, 0, 
27, 1, 20, 28, -1, 123, 227, 22.0, 21, ABprapp, 11777, 0, 0, 0, , 0, 0, 0, 0, 0, 
28, 1, 21, 29, -1, 151, 200, 23.0, 21, ABprapa, 13640, 0, 0, 0, , 0, 0, 0, 0, 0, 
29, 1, 22, 30, -1, 196, 253, 11.0, 31, MSpp, 38456, 0, 0, 0, , 0, 0, 0, 0, 0, 
30, 1, 23, 31, -1, 250, 263, 13.0, 31, MSpa, 41580, 0, 0, 0, , 0, 0, 0, 0, 0, 
31, 1, 24, 32, -1, 265, 306, 15.0, 31, MSap, 37039, 0, 0, 0, , 0, 0, 0, 0, 0, 
32, 1, 25, 33, -1, 304, 263, 11.0, 31, MSaa, 65535, 0, 0, 0, , 0, 0, 0, 0, 0, 
33, 1, 26, 34, -1, 203, 283, 20.0, 35, Ea, 65535, 0, 0, 0, , 0, 0, 0, 0, 0, 
34, 1, 27, 35, -1, 136, 297, 22.0, 37, Ep, 65535, 0, 0, 0, , 0, 0, 0, 0, 0, 
35, 1, 28, 36, -1, 158, 318, 31.0, 31, Cap, 39330, 0, 0, 0, , 0, 0, 0, 0, 0, 
36, 1, 29, 37, -1, 188, 253, 29.0, 27, Caa, 37522, 0, 0, 0, , 0, 0, 0, 0, 0, 
37, 1, 30, 38, -1, 118, 255, 30.0, 31, Cpa, 37098, 0, 0, 0, , 0, 0, 0, 0, 0, 
38, 1, 31, 39, -1, 80, 306, 24.0, 27, Cpp, 31797, 0, 0, 0, , 0, 0, 0, 0, 0, 
39, 1, 32, 40, -1, 103, 339, 18.0, 29, D, 41307, 0, 0, 0, , 0, 0, 0, 0, 0, 
40, 1, 33, 41, -1, 145, 355, 18.0, 29, P4, 29548, 0, 0, 0, , 0, 0, 0, 0, 0, 
41, 0, 34, -1, -1, 387, 241, 23.0, 19, , 15492, 0, 0, 0, , 0, 0, 0, 0, 0, 
42, 1, 35, 43, -1, 296, 302, 25.0, 21, ABalppp, 12110, 0, 0, 0, , 0, 0, 0, 0, 0, 
43, 1, 36, 44, -1, 316, 280, 30.0, 21, ABalppa, 11799, 0, 0, 0, , 0, 0, 0, 0, 0, 
44, 1, 37, 45, -1, 335, 273, 20.0, 19, ABalpap, 10962, 0, 0, 0, , 0, 0, 0, 0, 0, 
45, 1, 38, 46, -1, 360, 248, 23.0, 19, ABalpaa, 9633, 0, 0, 0, , 0, 0, 0, 0, 0, 
