1, 1, 1, 1, -1, 275, 200, 11.0, 27, ABaraap, 25077, 0, 0, 0, , 0, 0, 0, 0, 0, 
2, 1, 2, 2, -1, 303, 172, 16.0, 27, ABaraaa, 23993, 0, 0, 0, , 0, 0, 0, 0, 0, 
3, 1, 3, 3, -1, 250, 171, 17.0, 27, ABarapa, 27747, 0, 0, 0, , 0, 0, 0, 0, 0, 
4, 1, 4, 4, -1, 215, 203, 12.0, 27, ABarapp, 25214, 0, 0, 0, , 0, 0, 0, 0, 0, 
5, 1, 5, 5, -1, 238, 213, 20.0, 29, ABarpap, 32441, 0, 0, 0, , 0, 0, 0, 0, 0, 
6, 1, 6, 6, -1, 261, 172, 28.0, 27, ABarpaa, 27010, 0, 0, 0, , 0, 0, 0, 0, 0, 
7, 1, 7, 7, -1, 225, 208, 29.0, 27, ABarppa, 32584, 0, 0, 0, , 0, 0, 0, 0, 0, 
8, 1, 8, 8, -1, 181, 222, 27.0, 27, ABarppp, 65535, 0, 0, 0, , 0, 0, 0, 0, 0, 
9, 1, 9, 9, -1, 299, 214, 23.0, 27, ABalapp, 27104, 0, 0, 0, , 0, 0, 0, 0, 0, 
10, 1, 10, 10, -1, 308, 175, 27.0, 27, ABalapa, 24586, 0, 0, 0, , 0, 0, 0, 0, 0, 
11, 1, 11, 11, -1, 344, 212, 14.0, 25, ABalaap, 23263, 0, 0, 0, , 0, 0, 0, 0, 0, 
12, 1, 12, 12, -1, 343, 182, 22.0, 27, ABalaaa, 25427, 0, 0, 0, , 0, 0, 0, 0, 0, 
13, 1, 13, 13, -1, 195, 351, 23.0, 27, ABplppp, 25380, 0, 0, 0, , 0, 0, 0, 0, 0, 
14, 1, 14, 14, -1, 232, 325, 30.0, 25, ABplppa, 24525, 0, 0, 0, , 0, 0, 0, 0, 0, 
15, 1, 15, 15, -1, 236, 338, 20.0, 27, ABplpap, 27867, 0, 0, 0, , 0, 0, 0, 0, 0, 
16, 1, 16, 16, -1, 276, 321, 27.0, 25, ABplpaa, 25072, 0, 0, 0, , 0, 0, 0, 0, 0, 
17, 1, 17, 17, -1, 301, 255, 31.0, 29, ABplaap, 30258, 0, 0, 0, , 0, 0, 0, 0, 0, 
18, 1, 18, 18, -1, 303, 212, 33.0, 27, ABplaaa, 25983, 0, 0, 0, , 0, 0, 0, 0, 0, 
19, 1, 19, 19, -1, 243, 286, 27.0, 27, ABplapp, 27470, 0, 0, 0, , 0, 0, 0, 0, 0, 
20, 1, 20, 20, -1, 264, 228, 29.0, 25, ABplapa, 24755, 0, 0, 0, , 0, 0, 0, 0, 0, 
21, 1, 21, 21, -1, 123, 255, 12.0, 27, ABprpap, 23673, 0, 0, 0, , 0, 0, 0, 0, 0, 
22, 1, 22, 22, -1, 139, 207, 15.0, 27, ABprpaa, 23720, 0, 0, 0, , 0, 0, 0, 0, 0, 
23, 1, 23, 23, -1, 85, 285, 15.0, 27, ABprppp, 25793, 0, 0, 0, , 0, 0, 0, 0, 0, 
24, 1, 24, 24, -1, 94, 239, 16.0, 25, ABprppa, 21281, 0, 0, 0, , 0, 0, 0, 0, 0, 
25, 1, 25, 25, -1, 174, 193, 18.0, 27, ABpraap, 27753, 0, 0, 0, , 0, 0, 0, 0, 0, 
26, 1, 26, 26, -1, 210, 174, 24.0, 25, ABpraaa, 25343, 0, 0, 0, , 0, 0, 0, 0, 0, 
27, 1, 27, 27, -1, 117, 239, 22.0, 29, ABprapp, 26390, 0, 0, 0, , 0, 0, 0, 0, 0, 
28, 1, 28, 28, -1, 148, 209, 27.0, 25, ABprapa, 24784, 0, 0, 0, , 0, 0, 0, 0, 0, 
29, 1, 29, 29, -1, 164, 276, 11.0, 23, MSppp, 19448, 0, 0, 0, , 0, 0, 0, 0, 0, 
30, 1, 30, 30, -1, 182, 229, 12.0, 23, MSppa, 19433, 0, 0, 0, , 0, 0, 0, 0, 0, 
31, 1, 31, 31, -1, 212, 269, 10.0, 27, MSpap, 19793, 0, 0, 0, , 0, 0, 0, 0, 0, 
32, 1, 32, 32, -1, 256, 232, 14.0, 23, MSpaa, 19626, 0, 0, 0, , 0, 0, 0, 0, 0, 
33, 1, 33, 33, -1, 242, 297, 14.0, 21, MSapp, 14581, 0, 0, 0, , 0, 0, 0, 0, 0, 
34, 1, 34, 34, -1, 284, 294, 17.0, 23, MSapa, 16596, 0, 0, 0, , 0, 0, 0, 0, 0, 
35, 1, 35, 35, -1, 319, 232, 12.0, 25, MSaaa, 21584, 0, 0, 0, , 0, 0, 0, 0, 0, 
36, 1, 36, 36, -1, 271, 268, 12.0, 23, MSaap, 20558, 0, 0, 0, , 0, 0, 0, 0, 0, 
37, 1, 37, 37, -1, 214, 306, 20.0, 27, Eal, 29848, 0, 0, 0, , 0, 0, 0, 0, 0, 
38, 1, 38, 38, -1, 161, 322, 22.0, 29, Epl, 39171, 0, 0, 0, , 0, 0, 0, 0, 0, 
39, 1, 39, 39, -1, 173, 323, 31.0, 29, Cap, 39728, 0, 0, 0, , 0, 0, 0, 0, 0, 
40, 1, 40, 40, -1, 202, 260, 29.0, 27, Caa, 32815, 0, 0, 0, , 0, 0, 0, 0, 0, 
41, 1, 41, 41, -1, 132, 276, 30.0, 31, Cpa, 39616, 0, 0, 0, , 0, 0, 0, 0, 0, 
42, 1, 42, 42, -1, 95, 321, 26.0, 31, Cpp, 37975, 0, 0, 0, , 0, 0, 0, 0, 0, 
43, 1, 43, 43, -1, 135, 364, 21.0, 25, Da, 20619, 0, 0, 0, , 0, 0, 0, 0, 0, 
44, 1, 44, 44, -1, 91, 324, 14.0, 23, Dp, 20739, 0, 0, 0, , 0, 0, 0, 0, 0, 
45, 1, 45, 45, -1, 141, 339, 15.0, 29, P4, 29737, 0, 0, 0, , 0, 0, 0, 0, 0, 
46, 0, 46, -1, -1, 386, 242, 23.0, 17, , 15707, 0, 0, 0, , 0, 0, 0, 0, 0, 
47, 1, 47, 47, -1, 307, 298, 24.0, 27, ABalppp, 26496, 0, 0, 0, , 0, 0, 0, 0, 0, 
48, 1, 48, 48, -1, 341, 263, 26.0, 27, ABalppa, 39725, 0, 0, 0, , 0, 0, 0, 0, 0, 
49, 1, 49, 49, -1, 338, 273, 17.0, 29, ABalpap, 35893, 0, 0, 0, , 0, 0, 0, 0, 0, 
50, 1, 50, 50, -1, 361, 225, 22.0, 29, ABalpaa, 24401, 0, 0, 0, , 0, 0, 0, 0, 0, 
51, 1, 51, 51, -1, 124, 282, 18.0, 31, Epr, 33306, 0, 0, 0, , 0, 0, 0, 0, 0, 
52, 1, 52, 52, -1, 183, 259, 18.0, 27, Ear, 30204, 0, 0, 0, , 0, 0, 0, 0, 0, 
