1, 1, 1, 1, -1, 260, 225, 12.0, 21, ABaraapp, 13488, 0, 0, 0, , 0, 0, 0, 0, 0, 
2, 1, 2, 2, -1, 298, 201, 11.0, 21, ABaraapa, 15918, 0, 0, 0, , 0, 0, 0, 0, 0, 
3, 1, 3, 3, -1, 289, 191, 19.0, 21, ABaraaap, 13525, 0, 0, 0, , 0, 0, 0, 0, 0, 
4, 1, 4, 4, -1, 317, 184, 14.0, 21, ABaraaaa, 10826, 0, 0, 0, , 0, 0, 0, 0, 0, 
5, 1, 5, 5, -1, 233, 182, 13.0, 21, ABarapap, 13409, 0, 0, 0, , 0, 0, 0, 0, 0, 
6, 1, 6, 6, -1, 267, 179, 12.0, 21, ABarapaa, 13679, 0, 0, 0, , 0, 0, 0, 0, 0, 
7, 1, 7, 7, -1, 197, 231, 13.0, 21, ABarappp, 12932, 0, 0, 0, , 0, 0, 0, 0, 0, 
8, 1, 8, 8, -1, 212, 198, 11.0, 21, ABarappa, 13220, 0, 0, 0, , 0, 0, 0, 0, 0, 
9, 1, 9, 9, -1, 225, 226, 21.0, 23, ABarpapp, 15073, 0, 0, 0, , 0, 0, 0, 0, 0, 
10, 1, 10, 10, -1, 256, 193, 20.0, 21, ABarpapa, 13273, 0, 0, 0, , 0, 0, 0, 0, 0, 
11, 1, 11, 11, -1, 247, 177, 30.0, 25, ABarpaap, 17038, 0, 0, 0, , 0, 0, 0, 0, 0, 
12, 1, 12, 12, -1, 265, 158, 21.0, 21, ABarpaaa, 12922, 0, 0, 0, , 0, 0, 0, 0, 0, 
13, 1, 13, 13, -1, 215, 174, 28.0, 21, ABarppaa, 15610, 0, 0, 0, , 0, 0, 0, 0, 0, 
14, 1, 14, 14, -1, 204, 220, 30.0, 21, ABarppap, 12695, 0, 0, 0, , 0, 0, 0, 0, 0, 
15, 1, 15, 15, -1, 160, 241, 28.0, 23, ABarpppp, 15226, 0, 0, 0, , 0, 0, 0, 0, 0, 
16, 1, 16, 16, -1, 190, 201, 24.0, 23, ABarpppa, 15450, 0, 0, 0, , 0, 0, 0, 0, 0, 
17, 1, 17, 17, -1, 258, 231, 26.0, 23, ABalappp, 15164, 0, 0, 0, , 0, 0, 0, 0, 0, 
18, 1, 18, 18, -1, 295, 207, 24.0, 21, ABalappa, 11698, 0, 0, 0, , 0, 0, 0, 0, 0, 
19, 1, 19, 19, -1, 276, 187, 28.0, 21, ABalapap, 12214, 0, 0, 0, , 0, 0, 0, 0, 0, 
20, 1, 20, 20, -1, 307, 163, 25.0, 21, ABalapaa, 14063, 0, 0, 0, , 0, 0, 0, 0, 0, 
21, 1, 21, 21, -1, 325, 222, 17.0, 21, ABalaapa, 11196, 0, 0, 0, , 0, 0, 0, 0, 0, 
22, 1, 22, 22, -1, 294, 228, 22.0, 19, ABalaapp, 12245, 0, 0, 0, , 0, 0, 0, 0, 0, 
23, 1, 23, 23, -1, 343, 194, 16.0, 21, ABalaaaa, 12557, 0, 0, 0, , 0, 0, 0, 0, 0, 
24, 1, 24, 24, -1, 320, 188, 22.0, 21, ABalaaap, 12774, 0, 0, 0, , 0, 0, 0, 0, 0, 
25, 1, 25, 25, -1, 174, 354, 23.0, 21, ABplpppp, 12847, 0, 0, 0, , 0, 0, 0, 0, 0, 
26, 1, 26, 26, -1, 214, 350, 25.0, 21, ABplpppa, 14615, 0, 0, 0, , 0, 0, 0, 0, 0, 
27, 1, 27, 27, -1, 217, 332, 29.0, 21, ABplppap, 12775, 0, 0, 0, , 0, 0, 0, 0, 0, 
28, 1, 28, 28, -1, 255, 326, 30.0, 21, ABplppaa, 13058, 0, 0, 0, , 0, 0, 0, 0, 0, 
29, 1, 29, 29, -1, 212, 341, 19.0, 23, ABplpapp, 15065, 0, 0, 0, , 0, 0, 0, 0, 0, 
30, 1, 30, 30, -1, 252, 336, 20.0, 21, ABplpapa, 15169, 0, 0, 0, , 0, 0, 0, 0, 0, 
31, 1, 31, 31, -1, 306, 305, 24.0, 23, ABplpaaa, 15370, 0, 0, 0, , 0, 0, 0, 0, 0, 
32, 1, 32, 32, -1, 273, 322, 26.0, 21, ABplpaap, 13314, 0, 0, 0, , 0, 0, 0, 0, 0, 
33, 1, 33, 33, -1, 284, 263, 32.0, 23, ABplaapp, 18384, 0, 0, 0, , 0, 0, 0, 0, 0, 
34, 1, 34, 34, -1, 334, 227, 30.0, 23, ABplaapa, 16328, 0, 0, 0, , 0, 0, 0, 0, 0, 
35, 1, 35, 35, -1, 353, 203, 24.0, 21, ABplaaaa, 15315, 0, 0, 0, , 0, 0, 0, 0, 0, 
36, 1, 36, 36, -1, 311, 201, 32.0, 21, ABplaaap, 15439, 0, 0, 0, , 0, 0, 0, 0, 0, 
37, 1, 37, 37, -1, 208, 306, 31.0, 21, ABplappp, 11268, 0, 0, 0, , 0, 0, 0, 0, 0, 
38, 1, 38, 38, -1, 254, 278, 30.0, 21, ABplappa, 11934, 0, 0, 0, , 0, 0, 0, 0, 0, 
39, 1, 39, 39, -1, 288, 219, 32.0, 21, ABplapaa, 15232, 0, 0, 0, , 0, 0, 0, 0, 0, 
40, 1, 40, 40, -1, 241, 232, 32.0, 23, ABplapap, 12233, 0, 0, 0, , 0, 0, 0, 0, 0, 
41, 1, 41, 41, -1, 129, 237, 12.0, 21, ABprpapa, 12890, 0, 0, 0, , 0, 0, 0, 0, 0, 
42, 1, 42, 42, -1, 110, 282, 13.0, 21, ABprpapp, 16209, 0, 0, 0, , 0, 0, 0, 0, 0, 
43, 1, 43, 43, -1, 141, 204, 12.0, 23, ABprpaaa, 14026, 0, 0, 0, , 0, 0, 0, 0, 0, 
44, 1, 44, 44, -1, 112, 223, 18.0, 23, ABprpaap, 13444, 0, 0, 0, , 0, 0, 0, 0, 0, 
45, 1, 45, 45, -1, 73, 287, 13.0, 23, ABprpppa, 13458, 0, 0, 0, , 0, 0, 0, 0, 0, 
46, 1, 46, 46, -1, 102, 316, 14.0, 21, ABprpppp, 12541, 0, 0, 0, , 0, 0, 0, 0, 0, 
47, 1, 47, 47, -1, 93, 240, 14.0, 21, ABprppaa, 12247, 0, 0, 0, , 0, 0, 0, 0, 0, 
48, 1, 48, 48, -1, 81, 265, 18.0, 21, ABprppap, 10994, 0, 0, 0, , 0, 0, 0, 0, 0, 
49, 1, 49, 49, -1, 183, 193, 13.0, 21, ABpraapa, 15336, 0, 0, 0, , 0, 0, 0, 0, 0, 
50, 1, 50, 50, -1, 156, 224, 19.0, 23, ABpraapp, 16831, 0, 0, 0, , 0, 0, 0, 0, 0, 
51, 1, 51, 51, -1, 187, 179, 21.0, 23, ABpraaap, 14612, 0, 0, 0, , 0, 0, 0, 0, 0, 
52, 1, 52, 52, -1, 222, 167, 19.0, 21, ABpraaaa, 13794, 0, 0, 0, , 0, 0, 0, 0, 0, 
53, 1, 53, 53, -1, 95, 240, 22.0, 23, ABprappa, 16175, 0, 0, 0, , 0, 0, 0, 0, 0, 
54, 1, 54, 54, -1, 95, 287, 24.0, 23, ABprappp, 15028, 0, 0, 0, , 0, 0, 0, 0, 0, 
55, 1, 55, 55, -1, 151, 189, 21.0, 21, ABprapaa, 13690, 0, 0, 0, , 0, 0, 0, 0, 0, 
56, 1, 56, 56, -1, 126, 224, 28.0, 23, ABprapap, 14176, 0, 0, 0, , 0, 0, 0, 0, 0, 
57, 1, 57, 57, -1, 150, 279, 10.0, 25, MSppp, 22136, 0, 0, 0, , 0, 0, 0, 0, 0, 
58, 1, 58, 58, -1, 175, 243, 11.0, 25, MSppa, 23365, 0, 0, 0, , 0, 0, 0, 0, 0, 
59, 1, 59, 59, -1, 209, 287, 12.0, 29, MSpap, 65535, 0, 0, 0, , 0, 0, 0, 0, 0, 
60, 1, 60, 60, -1, 247, 250, 14.0, 23, MSpaa, 21733, 0, 0, 0, , 0, 0, 0, 0, 0, 
61, 1, 61, 61, -1, 235, 318, 13.0, 25, MSapp, 22485, 0, 0, 0, , 0, 0, 0, 0, 0, 
62, 1, 62, 62, -1, 284, 307, 15.0, 25, MSapa, 22850, 0, 0, 0, , 0, 0, 0, 0, 0, 
63, 1, 63, 63, -1, 306, 247, 12.0, 25, MSaaa, 24655, 0, 0, 0, , 0, 0, 0, 0, 0, 
64, 1, 64, 64, -1, 271, 276, 12.0, 25, MSaap, 24857, 0, 0, 0, , 0, 0, 0, 0, 0, 
65, 1, 65, 65, -1, 234, 289, 21.0, 33, Eal, 65535, 0, 0, 0, , 0, 0, 0, 0, 0, 
66, 1, 66, 66, -1, 163, 306, 21.0, 27, Epl, 41406, 0, 0, 0, , 0, 0, 0, 0, 0, 
67, 1, 67, 67, -1, 140, 343, 28.0, 23, Capp, 17885, 0, 0, 0, , 0, 0, 0, 0, 0, 
68, 1, 68, 68, -1, 188, 337, 31.0, 23, Capa, 15896, 0, 0, 0, , 0, 0, 0, 0, 0, 
69, 1, 69, 69, -1, 202, 255, 30.0, 25, Caaa, 19007, 0, 0, 0, , 0, 0, 0, 0, 0, 
70, 1, 70, 70, -1, 159, 304, 31.0, 21, Caap, 16684, 0, 0, 0, , 0, 0, 0, 0, 0, 
71, 1, 71, 71, -1, 109, 314, 30.0, 27, Cpap, 49651, 0, 0, 0, , 0, 0, 0, 0, 0, 
72, 1, 72, 72, -1, 126, 256, 31.0, 29, Cpaa, 28114, 0, 0, 0, , 0, 0, 0, 0, 0, 
73, 1, 73, 73, -1, 74, 313, 22.0, 25, Cppa, 20556, 0, 0, 0, , 0, 0, 0, 0, 0, 
74, 1, 74, 74, -1, 101, 345, 24.0, 25, Cppp, 18543, 0, 0, 0, , 0, 0, 0, 0, 0, 
75, 1, 75, 75, -1, 147, 349, 18.0, 25, Da, 23993, 0, 0, 0, , 0, 0, 0, 0, 0, 
76, 1, 76, 76, -1, 128, 327, 15.0, 25, Dp, 22317, 0, 0, 0, , 0, 0, 0, 0, 0, 
77, 1, 77, 77, -1, 164, 313, 14.0, 27, P4, 25831, 0, 0, 0, , 0, 0, 0, 0, 0, 
78, 0, 78, -1, -1, 384, 242, 24.0, 17, , 14644, 0, 0, 0, , 0, 0, 0, 0, 0, 
79, 1, 79, 79, -1, 275, 285, 22.0, 23, ABalpppp, 17950, 0, 0, 0, , 0, 0, 0, 0, 0, 
80, 1, 80, 80, -1, 316, 270, 25.0, 23, ABalpppa, 16003, 0, 0, 0, , 0, 0, 0, 0, 0, 
81, 1, 81, 81, -1, 366, 243, 28.0, 21, ABalppaa, 10912, 0, 0, 0, , 0, 0, 0, 0, 0, 
82, 1, 82, 82, -1, 340, 268, 30.0, 23, ABalppap, 19258, 0, 0, 0, , 0, 0, 0, 0, 0, 
83, 1, 83, 83, -1, 356, 260, 16.0, 21, ABalpapa, 16275, 0, 0, 0, , 0, 0, 0, 0, 0, 
84, 1, 84, 84, -1, 315, 284, 16.0, 23, ABalpapp, 17692, 0, 0, 0, , 0, 0, 0, 0, 0, 
85, 1, 85, 85, -1, 357, 224, 14.0, 21, ABalpaaa, 13473, 0, 0, 0, , 0, 0, 0, 0, 0, 
86, 1, 86, 86, -1, 348, 243, 22.0, 23, ABalpaap, 13418, 0, 0, 0, , 0, 0, 0, 0, 0, 
87, 1, 87, 87, -1, 134, 276, 22.0, 31, Epr, 65535, 0, 0, 0, , 0, 0, 0, 0, 0, 
88, 1, 88, 88, -1, 190, 258, 19.0, 31, Ear, 65535, 0, 0, 0, , 0, 0, 0, 0, 0, 
