1, 1, 1, 1, -1, 269, 220, 11.0, 23, ABaraapp, 14527, 0, 0, 0, , 0, 0, 0, 0, 0, 
2, 1, 2, 2, -1, 309, 205, 10.0, 23, ABaraapa, 15160, 0, 0, 0, , 0, 0, 0, 0, 0, 
3, 1, 3, 3, -1, 288, 190, 19.0, 21, ABaraaap, 15916, 0, 0, 0, , 0, 0, 0, 0, 0, 
4, 1, 4, 4, -1, 329, 187, 14.0, 21, ABaraaaa, 13107, 0, 0, 0, , 0, 0, 0, 0, 0, 
5, 1, 5, 5, -1, 236, 181, 13.0, 23, ABarapap, 14933, 0, 0, 0, , 0, 0, 0, 0, 0, 
6, 1, 6, 6, -1, 274, 181, 11.0, 23, ABarapaa, 14681, 0, 0, 0, , 0, 0, 0, 0, 0, 
7, 1, 7, 7, -1, 196, 220, 14.0, 21, ABarappp, 14167, 0, 0, 0, , 0, 0, 0, 0, 0, 
8, 1, 8, 8, -1, 211, 194, 11.0, 21, ABarappa, 13830, 0, 0, 0, , 0, 0, 0, 0, 0, 
9, 1, 9, 9, -1, 227, 220, 20.0, 21, ABarpapp, 14573, 0, 0, 0, , 0, 0, 0, 0, 0, 
10, 1, 10, 10, -1, 258, 191, 20.0, 21, ABarpapa, 15322, 0, 0, 0, , 0, 0, 0, 0, 0, 
11, 1, 11, 11, -1, 250, 177, 30.0, 21, ABarpaap, 16349, 0, 0, 0, , 0, 0, 0, 0, 0, 
12, 1, 12, 12, -1, 267, 160, 20.0, 21, ABarpaaa, 12276, 0, 0, 0, , 0, 0, 0, 0, 0, 
13, 1, 13, 13, -1, 218, 179, 29.0, 23, ABarppaa, 16566, 0, 0, 0, , 0, 0, 0, 0, 0, 
14, 1, 14, 14, -1, 209, 223, 29.0, 21, ABarppap, 13714, 0, 0, 0, , 0, 0, 0, 0, 0, 
15, 1, 15, 15, -1, 154, 243, 26.0, 23, ABarpppp, 17218, 0, 0, 0, , 0, 0, 0, 0, 0, 
16, 1, 16, 16, -1, 188, 202, 24.0, 23, ABarpppa, 15866, 0, 0, 0, , 0, 0, 0, 0, 0, 
17, 1, 17, 17, -1, 257, 227, 26.0, 21, ABalappp, 14854, 0, 0, 0, , 0, 0, 0, 0, 0, 
18, 1, 18, 18, -1, 300, 207, 25.0, 21, ABalappa, 14383, 0, 0, 0, , 0, 0, 0, 0, 0, 
19, 1, 19, 19, -1, 281, 180, 29.0, 21, ABalapap, 13914, 0, 0, 0, , 0, 0, 0, 0, 0, 
20, 1, 20, 20, -1, 311, 165, 26.0, 21, ABalapaa, 14244, 0, 0, 0, , 0, 0, 0, 0, 0, 
21, 1, 21, 21, -1, 330, 219, 18.0, 21, ABalaapa, 12734, 0, 0, 0, , 0, 0, 0, 0, 0, 
22, 1, 22, 22, -1, 287, 227, 21.0, 23, ABalaapp, 14025, 0, 0, 0, , 0, 0, 0, 0, 0, 
23, 1, 23, 23, -1, 358, 204, 18.0, 21, ABalaaaa, 13611, 0, 0, 0, , 0, 0, 0, 0, 0, 
24, 1, 24, 24, -1, 323, 190, 23.0, 21, ABalaaap, 12387, 0, 0, 0, , 0, 0, 0, 0, 0, 
25, 1, 25, 25, -1, 179, 356, 23.0, 23, ABplpppp, 13657, 0, 0, 0, , 0, 0, 0, 0, 0, 
26, 1, 26, 26, -1, 211, 350, 27.0, 21, ABplpppa, 14443, 0, 0, 0, , 0, 0, 0, 0, 0, 
27, 1, 27, 27, -1, 217, 329, 31.0, 19, ABplppap, 12554, 0, 0, 0, , 0, 0, 0, 0, 0, 
28, 1, 28, 28, -1, 258, 321, 32.0, 21, ABplppaa, 12412, 0, 0, 0, , 0, 0, 0, 0, 0, 
29, 1, 29, 29, -1, 216, 341, 20.0, 23, ABplpapp, 16345, 0, 0, 0, , 0, 0, 0, 0, 0, 
30, 1, 30, 30, -1, 257, 337, 24.0, 23, ABplpapa, 13654, 0, 0, 0, , 0, 0, 0, 0, 0, 
31, 1, 31, 31, -1, 312, 302, 26.0, 23, ABplpaaa, 15760, 0, 0, 0, , 0, 0, 0, 0, 0, 
32, 1, 32, 32, -1, 278, 319, 27.0, 21, ABplpaap, 15141, 0, 0, 0, , 0, 0, 0, 0, 0, 
33, 1, 33, 33, -1, 282, 264, 32.0, 25, ABplaapp, 18628, 0, 0, 0, , 0, 0, 0, 0, 0, 
34, 1, 34, 34, -1, 333, 230, 32.0, 23, ABplaapa, 16466, 0, 0, 0, , 0, 0, 0, 0, 0, 
35, 1, 35, 35, -1, 349, 208, 26.0, 23, ABplaaaa, 14973, 0, 0, 0, , 0, 0, 0, 0, 0, 
36, 1, 36, 36, -1, 308, 200, 33.0, 23, ABplaaap, 13811, 0, 0, 0, , 0, 0, 0, 0, 0, 
37, 1, 37, 37, -1, 211, 301, 32.0, 21, ABplappp, 12480, 0, 0, 0, , 0, 0, 0, 0, 0, 
38, 1, 38, 38, -1, 248, 274, 30.0, 23, ABplappa, 14637, 0, 0, 0, , 0, 0, 0, 0, 0, 
39, 1, 39, 39, -1, 286, 219, 33.0, 21, ABplapaa, 14390, 0, 0, 0, , 0, 0, 0, 0, 0, 
40, 1, 40, 40, -1, 238, 232, 33.0, 21, ABplapap, 14182, 0, 0, 0, , 0, 0, 0, 0, 0, 
41, 1, 41, 41, -1, 133, 234, 11.0, 21, ABprpapa, 12864, 0, 0, 0, , 0, 0, 0, 0, 0, 
42, 1, 42, 42, -1, 108, 277, 12.0, 23, ABprpapp, 15414, 0, 0, 0, , 0, 0, 0, 0, 0, 
43, 1, 43, 43, -1, 146, 203, 12.0, 23, ABprpaaa, 16686, 0, 0, 0, , 0, 0, 0, 0, 0, 
44, 1, 44, 44, -1, 109, 226, 16.0, 21, ABprpaap, 12802, 0, 0, 0, , 0, 0, 0, 0, 0, 
45, 1, 45, 45, -1, 69, 295, 14.0, 23, ABprpppa, 14554, 0, 0, 0, , 0, 0, 0, 0, 0, 
46, 1, 46, 46, -1, 102, 318, 12.0, 23, ABprpppp, 15660, 0, 0, 0, , 0, 0, 0, 0, 0, 
47, 1, 47, 47, -1, 89, 243, 13.0, 21, ABprppaa, 12261, 0, 0, 0, , 0, 0, 0, 0, 0, 
48, 1, 48, 48, -1, 75, 274, 18.0, 21, ABprppap, 12448, 0, 0, 0, , 0, 0, 0, 0, 0, 
49, 1, 49, 49, -1, 178, 188, 14.0, 21, ABpraapa, 16386, 0, 0, 0, , 0, 0, 0, 0, 0, 
50, 1, 50, 50, -1, 150, 216, 20.0, 25, ABpraapp, 17279, 0, 0, 0, , 0, 0, 0, 0, 0, 
51, 1, 51, 51, -1, 183, 178, 21.0, 23, ABpraaap, 15025, 0, 0, 0, , 0, 0, 0, 0, 0, 
52, 1, 52, 52, -1, 223, 164, 19.0, 23, ABpraaaa, 16002, 0, 0, 0, , 0, 0, 0, 0, 0, 
53, 1, 53, 53, -1, 94, 246, 21.0, 23, ABprappa, 15736, 0, 0, 0, , 0, 0, 0, 0, 0, 
54, 1, 54, 54, -1, 91, 289, 22.0, 23, ABprappp, 14349, 0, 0, 0, , 0, 0, 0, 0, 0, 
55, 1, 55, 55, -1, 155, 193, 25.0, 21, ABprapaa, 12351, 0, 0, 0, , 0, 0, 0, 0, 0, 
56, 1, 56, 56, -1, 120, 226, 27.0, 23, ABprapap, 16005, 0, 0, 0, , 0, 0, 0, 0, 0, 
57, 1, 57, 57, -1, 153, 273, 11.0, 23, MSppp, 20946, 0, 0, 0, , 0, 0, 0, 0, 0, 
58, 1, 58, 58, -1, 179, 242, 11.0, 27, MSppa, 27056, 0, 0, 0, , 0, 0, 0, 0, 0, 
59, 1, 59, 59, -1, 216, 285, 13.0, 19, MSpap, 18852, 0, 0, 0, , 0, 0, 0, 0, 0, 
60, 1, 60, 60, -1, 253, 247, 14.0, 25, MSpaa, 22240, 0, 0, 0, , 0, 0, 0, 0, 0, 
61, 1, 61, 61, -1, 231, 321, 13.0, 25, MSapp, 24037, 0, 0, 0, , 0, 0, 0, 0, 0, 
62, 1, 62, 62, -1, 286, 310, 17.0, 25, MSapa, 22467, 0, 0, 0, , 0, 0, 0, 0, 0, 
63, 1, 63, 63, -1, 305, 250, 12.0, 23, MSaaa, 24903, 0, 0, 0, , 0, 0, 0, 0, 0, 
64, 1, 64, 64, -1, 265, 287, 12.0, 25, MSaap, 24214, 0, 0, 0, , 0, 0, 0, 0, 0, 
65, 1, 65, 65, -1, 233, 289, 21.0, 33, Eal, 65535, 0, 0, 0, , 0, 0, 0, 0, 0, 
66, 1, 66, 66, -1, 167, 304, 22.0, 27, Epl, 31369, 0, 0, 0, , 0, 0, 0, 0, 0, 
67, 1, 67, 67, -1, 144, 349, 28.0, 21, Capp, 15687, 0, 0, 0, , 0, 0, 0, 0, 0, 
68, 1, 68, 68, -1, 188, 331, 31.0, 23, Capa, 15328, 0, 0, 0, , 0, 0, 0, 0, 0, 
69, 1, 69, 69, -1, 191, 251, 29.0, 21, Caaa, 17447, 0, 0, 0, , 0, 0, 0, 0, 0, 
70, 1, 70, 70, -1, 158, 303, 32.0, 23, Caap, 18168, 0, 0, 0, , 0, 0, 0, 0, 0, 
71, 1, 71, 71, -1, 107, 318, 30.0, 27, Cpap, 22935, 0, 0, 0, , 0, 0, 0, 0, 0, 
72, 1, 72, 72, -1, 122, 256, 31.0, 27, Cpaa, 49594, 0, 0, 0, , 0, 0, 0, 0, 0, 
73, 1, 73, 73, -1, 80, 322, 23.0, 23, Cppa, 18411, 0, 0, 0, , 0, 0, 0, 0, 0, 
74, 1, 74, 74, -1, 108, 345, 24.0, 25, Cppp, 21892, 0, 0, 0, , 0, 0, 0, 0, 0, 
75, 1, 75, 75, -1, 154, 352, 18.0, 25, Da, 22712, 0, 0, 0, , 0, 0, 0, 0, 0, 
76, 1, 76, 76, -1, 130, 328, 15.0, 25, Dp, 22364, 0, 0, 0, , 0, 0, 0, 0, 0, 
77, 1, 77, 77, -1, 167, 308, 14.0, 25, P4, 25793, 0, 0, 0, , 0, 0, 0, 0, 0, 
78, 0, 78, -1, -1, 384, 242, 24.0, 17, , 14766, 0, 0, 0, , 0, 0, 0, 0, 0, 
79, 1, 79, 79, -1, 272, 281, 23.0, 21, ABalpppp, 15917, 0, 0, 0, , 0, 0, 0, 0, 0, 
80, 1, 80, 80, -1, 309, 255, 25.0, 21, ABalpppa, 14855, 0, 0, 0, , 0, 0, 0, 0, 0, 
81, 1, 81, 81, -1, 366, 248, 27.0, 19, ABalppaa, 11002, 0, 0, 0, , 0, 0, 0, 0, 0, 
82, 1, 82, 82, -1, 336, 271, 28.0, 25, ABalppap, 18227, 0, 0, 0, , 0, 0, 0, 0, 0, 
83, 1, 83, 83, -1, 355, 263, 17.0, 23, ABalpapa, 16548, 0, 0, 0, , 0, 0, 0, 0, 0, 
84, 1, 84, 84, -1, 317, 285, 16.0, 23, ABalpapp, 18080, 0, 0, 0, , 0, 0, 0, 0, 0, 
85, 1, 85, 85, -1, 353, 234, 13.0, 21, ABalpaaa, 14275, 0, 0, 0, , 0, 0, 0, 0, 0, 
86, 1, 86, 86, -1, 348, 240, 22.0, 21, ABalpaap, 14449, 0, 0, 0, , 0, 0, 0, 0, 0, 
87, 1, 87, 87, -1, 132, 281, 22.0, 29, Epr, 36544, 0, 0, 0, , 0, 0, 0, 0, 0, 
88, 1, 88, 88, -1, 190, 249, 18.0, 27, Ear, 30811, 0, 0, 0, , 0, 0, 0, 0, 0, 
