1, 1, 1, 1, -1, 270, 206, 10.0, 25, ABaraapp, 21122, 0, 0, 0, , 0, 0, 0, 0, 0, 
2, 1, 2, 2, -1, 310, 192, 12.0, 23, ABaraapa, 16199, 0, 0, 0, , 0, 0, 0, 0, 0, 
3, 1, 3, 3, -1, 290, 176, 18.0, 23, ABaraaap, 18445, 0, 0, 0, , 0, 0, 0, 0, 0, 
4, 1, 4, 4, -1, 327, 178, 17.0, 21, ABaraaaa, 12634, 0, 0, 0, , 0, 0, 0, 0, 0, 
5, 1, 5, 5, -1, 236, 180, 12.0, 23, ABarapap, 15849, 0, 0, 0, , 0, 0, 0, 0, 0, 
6, 1, 6, 6, -1, 270, 169, 14.0, 23, ABarapaa, 15166, 0, 0, 0, , 0, 0, 0, 0, 0, 
7, 1, 7, 7, -1, 187, 208, 17.0, 21, ABarappp, 12813, 0, 0, 0, , 0, 0, 0, 0, 0, 
8, 1, 8, 8, -1, 218, 189, 16.0, 23, ABarappa, 14945, 0, 0, 0, , 0, 0, 0, 0, 0, 
9, 1, 9, 9, -1, 213, 203, 23.0, 21, ABarpapp, 15533, 0, 0, 0, , 0, 0, 0, 0, 0, 
10, 1, 10, 10, -1, 248, 183, 25.0, 23, ABarpapa, 26474, 0, 0, 0, , 0, 0, 0, 0, 0, 
11, 1, 11, 11, -1, 245, 187, 31.0, 23, ABarpaap, 25214, 0, 0, 0, , 0, 0, 0, 0, 0, 
12, 1, 12, 12, -1, 273, 161, 26.0, 21, ABarpaaa, 14974, 0, 0, 0, , 0, 0, 0, 0, 0, 
13, 1, 13, 13, -1, 230, 216, 31.0, 21, ABarppaa, 16121, 0, 0, 0, , 0, 0, 0, 0, 0, 
14, 1, 14, 14, -1, 225, 249, 28.0, 23, ABarppap, 17309, 0, 0, 0, , 0, 0, 0, 0, 0, 
15, 1, 15, 15, -1, 157, 248, 27.0, 25, ABarpppp, 18780, 0, 0, 0, , 0, 0, 0, 0, 0, 
16, 1, 16, 16, -1, 187, 214, 27.0, 23, ABarpppa, 16703, 0, 0, 0, , 0, 0, 0, 0, 0, 
17, 1, 17, 17, -1, 257, 221, 26.0, 23, ABalappp, 15667, 0, 0, 0, , 0, 0, 0, 0, 0, 
18, 1, 18, 18, -1, 293, 214, 26.0, 23, ABalappa, 16739, 0, 0, 0, , 0, 0, 0, 0, 0, 
19, 1, 19, 19, -1, 291, 186, 29.0, 21, ABalapap, 14231, 0, 0, 0, , 0, 0, 0, 0, 0, 
20, 1, 20, 20, -1, 322, 191, 30.0, 21, ABalapaa, 15915, 0, 0, 0, , 0, 0, 0, 0, 0, 
21, 1, 21, 21, -1, 316, 205, 20.0, 23, ABalaapa, 12471, 0, 0, 0, , 0, 0, 0, 0, 0, 
22, 1, 22, 22, -1, 277, 206, 20.0, 23, ABalaapp, 15351, 0, 0, 0, , 0, 0, 0, 0, 0, 
23, 1, 23, 23, -1, 351, 192, 19.0, 21, ABalaaaa, 13879, 0, 0, 0, , 0, 0, 0, 0, 0, 
24, 1, 24, 24, -1, 335, 197, 24.0, 23, ABalaaap, 15440, 0, 0, 0, , 0, 0, 0, 0, 0, 
25, 1, 25, 25, -1, 198, 352, 21.0, 23, ABplpppp, 17539, 0, 0, 0, , 0, 0, 0, 0, 0, 
26, 1, 26, 26, -1, 216, 347, 27.0, 21, ABplpppa, 13402, 0, 0, 0, , 0, 0, 0, 0, 0, 
27, 1, 27, 27, -1, 239, 332, 26.0, 21, ABplppap, 18008, 0, 0, 0, , 0, 0, 0, 0, 0, 
28, 1, 28, 28, -1, 274, 316, 27.0, 21, ABplppaa, 14478, 0, 0, 0, , 0, 0, 0, 0, 0, 
29, 1, 29, 29, -1, 240, 335, 19.0, 23, ABplpapp, 21542, 0, 0, 0, , 0, 0, 0, 0, 0, 
30, 1, 30, 30, -1, 278, 322, 20.0, 23, ABplpapa, 16836, 0, 0, 0, , 0, 0, 0, 0, 0, 
31, 1, 31, 31, -1, 325, 290, 22.0, 21, ABplpaaa, 13926, 0, 0, 0, , 0, 0, 0, 0, 0, 
32, 1, 32, 32, -1, 302, 308, 24.0, 21, ABplpaap, 13524, 0, 0, 0, , 0, 0, 0, 0, 0, 
33, 1, 33, 33, -1, 284, 272, 28.0, 25, ABplaapp, 19262, 0, 0, 0, , 0, 0, 0, 0, 0, 
34, 1, 34, 34, -1, 325, 262, 30.0, 23, ABplaapa, 18762, 0, 0, 0, , 0, 0, 0, 0, 0, 
35, 1, 35, 35, -1, 333, 223, 31.0, 23, ABplaaaa, 17630, 0, 0, 0, , 0, 0, 0, 0, 0, 
36, 1, 36, 36, -1, 298, 223, 33.0, 23, ABplaaap, 18307, 0, 0, 0, , 0, 0, 0, 0, 0, 
37, 1, 37, 37, -1, 211, 321, 31.0, 21, ABplappp, 14110, 0, 0, 0, , 0, 0, 0, 0, 0, 
38, 1, 38, 38, -1, 247, 304, 31.0, 25, ABplappa, 18289, 0, 0, 0, , 0, 0, 0, 0, 0, 
39, 1, 39, 39, -1, 288, 252, 33.0, 21, ABplapaa, 16006, 0, 0, 0, , 0, 0, 0, 0, 0, 
40, 1, 40, 40, -1, 254, 269, 33.0, 25, ABplapap, 36899, 0, 0, 0, , 0, 0, 0, 0, 0, 
41, 1, 41, 41, -1, 144, 215, 11.0, 21, ABprpapa, 14515, 0, 0, 0, , 0, 0, 0, 0, 0, 
42, 1, 42, 42, -1, 119, 240, 11.0, 23, ABprpapp, 15260, 0, 0, 0, , 0, 0, 0, 0, 0, 
43, 1, 43, 43, -1, 165, 190, 13.0, 23, ABprpaaa, 15156, 0, 0, 0, , 0, 0, 0, 0, 0, 
44, 1, 44, 44, -1, 136, 206, 17.0, 23, ABprpaap, 16659, 0, 0, 0, , 0, 0, 0, 0, 0, 
45, 1, 45, 45, -1, 71, 274, 16.0, 23, ABprpppa, 15872, 0, 0, 0, , 0, 0, 0, 0, 0, 
46, 1, 46, 46, -1, 97, 288, 11.0, 23, ABprpppp, 14955, 0, 0, 0, , 0, 0, 0, 0, 0, 
47, 1, 47, 47, -1, 109, 220, 17.0, 21, ABprppaa, 13441, 0, 0, 0, , 0, 0, 0, 0, 0, 
48, 1, 48, 48, -1, 94, 255, 15.0, 21, ABprppap, 13904, 0, 0, 0, , 0, 0, 0, 0, 0, 
49, 1, 49, 49, -1, 179, 179, 19.0, 23, ABpraapa, 15783, 0, 0, 0, , 0, 0, 0, 0, 0, 
50, 1, 50, 50, -1, 149, 206, 24.0, 25, ABpraapp, 23449, 0, 0, 0, , 0, 0, 0, 0, 0, 
51, 1, 51, 51, -1, 193, 176, 25.0, 23, ABpraaap, 16935, 0, 0, 0, , 0, 0, 0, 0, 0, 
52, 1, 52, 52, -1, 234, 166, 20.0, 23, ABpraaaa, 15619, 0, 0, 0, , 0, 0, 0, 0, 0, 
53, 1, 53, 53, -1, 103, 240, 22.0, 27, ABprappa, 48026, 0, 0, 0, , 0, 0, 0, 0, 0, 
54, 1, 54, 54, -1, 85, 274, 21.0, 23, ABprappp, 16261, 0, 0, 0, , 0, 0, 0, 0, 0, 
55, 1, 55, 55, -1, 166, 202, 32.0, 23, ABprapaa, 16580, 0, 0, 0, , 0, 0, 0, 0, 0, 
56, 1, 56, 56, -1, 118, 230, 29.0, 23, ABprapap, 19706, 0, 0, 0, , 0, 0, 0, 0, 0, 
57, 1, 57, 57, -1, 134, 286, 12.0, 21, MSpppp, 12248, 0, 0, 0, , 0, 0, 0, 0, 0, 
58, 1, 58, 58, -1, 153, 250, 12.0, 21, MSpppa, 11600, 0, 0, 0, , 0, 0, 0, 0, 0, 
59, 1, 59, 59, -1, 207, 215, 13.0, 21, MSppaa, 12064, 0, 0, 0, , 0, 0, 0, 0, 0, 
60, 1, 60, 60, -1, 175, 240, 11.0, 21, MSppap, 14531, 0, 0, 0, , 0, 0, 0, 0, 0, 
61, 1, 61, 61, -1, 224, 251, 11.0, 23, MSpapa, 18006, 0, 0, 0, , 0, 0, 0, 0, 0, 
62, 1, 62, 62, -1, 176, 275, 10.0, 21, MSpapp, 13707, 0, 0, 0, , 0, 0, 0, 0, 0, 
63, 1, 63, 63, -1, 261, 214, 15.0, 23, MSpaaa, 15264, 0, 0, 0, , 0, 0, 0, 0, 0, 
64, 1, 64, 64, -1, 232, 242, 15.0, 21, MSpaap, 12924, 0, 0, 0, , 0, 0, 0, 0, 0, 
65, 1, 65, 65, -1, 188, 327, 16.0, 21, MSappp, 10869, 0, 0, 0, , 0, 0, 0, 0, 0, 
66, 1, 66, 66, -1, 220, 309, 12.0, 19, MSappa, 9212, 0, 0, 0, , 0, 0, 0, 0, 0, 
67, 1, 67, 67, -1, 242, 312, 15.0, 21, MSapap, 11483, 0, 0, 0, , 0, 0, 0, 0, 0, 
68, 1, 68, 68, -1, 274, 285, 16.0, 21, MSapaa, 25167, 0, 0, 0, , 0, 0, 0, 0, 0, 
69, 1, 69, 69, -1, 327, 226, 14.0, 21, MSaaaa, 13122, 0, 0, 0, , 0, 0, 0, 0, 0, 
70, 1, 70, 70, -1, 286, 240, 13.0, 21, MSaaap, 14348, 0, 0, 0, , 0, 0, 0, 0, 0, 
71, 1, 71, 71, -1, 232, 284, 10.0, 21, MSaapp, 12809, 0, 0, 0, , 0, 0, 0, 0, 0, 
72, 1, 72, 72, -1, 270, 260, 11.0, 23, MSaapa, 15758, 0, 0, 0, , 0, 0, 0, 0, 0, 
73, 1, 73, 73, 98, 224, 284, 21.0, 23, Eal, 16011, 0, 0, 0, , 0, 0, 0, 0, 0, 
74, 1, 74, 74, -1, 168, 303, 23.0, 29, Epl, 65535, 0, 0, 0, , 0, 0, 0, 0, 0, 
75, 1, 75, 75, -1, 146, 351, 28.0, 25, Capp, 19510, 0, 0, 0, , 0, 0, 0, 0, 0, 
76, 1, 76, 76, -1, 183, 340, 28.0, 23, Capa, 17380, 0, 0, 0, , 0, 0, 0, 0, 0, 
77, 1, 77, 77, -1, 190, 271, 31.0, 29, Caaa, 19888, 0, 0, 0, , 0, 0, 0, 0, 0, 
78, 1, 78, 78, -1, 140, 326, 33.0, 23, Caap, 17736, 0, 0, 0, , 0, 0, 0, 0, 0, 
79, 1, 79, 79, -1, 100, 323, 29.0, 27, Cpap, 22203, 0, 0, 0, , 0, 0, 0, 0, 0, 
80, 1, 80, 80, -1, 129, 270, 30.0, 25, Cpaa, 25134, 0, 0, 0, , 0, 0, 0, 0, 0, 
81, 1, 81, 81, -1, 77, 319, 20.0, 25, Cppa, 18378, 0, 0, 0, , 0, 0, 0, 0, 0, 
82, 1, 82, 82, -1, 109, 341, 23.0, 27, Cppp, 23915, 0, 0, 0, , 0, 0, 0, 0, 0, 
83, 1, 83, 83, -1, 155, 348, 18.0, 25, Da, 22784, 0, 0, 0, , 0, 0, 0, 0, 0, 
84, 1, 84, 84, -1, 116, 319, 14.0, 25, Dp, 24967, 0, 0, 0, , 0, 0, 0, 0, 0, 
85, 1, 85, 85, -1, 189, 300, 11.0, 21, Z3, 15339, 0, 0, 0, , 0, 0, 0, 0, 0, 
86, 1, 86, 86, -1, 146, 316, 11.0, 21, Z2, 16944, 0, 0, 0, , 0, 0, 0, 0, 0, 
87, 0, 87, -1, -1, 385, 241, 23.0, 17, , 13282, 0, 0, 0, , 0, 0, 0, 0, 0, 
88, 1, 88, 88, -1, 278, 283, 21.0, 25, ABalpppp, 22383, 0, 0, 0, , 0, 0, 0, 0, 0, 
89, 1, 89, 89, -1, 307, 253, 21.0, 25, ABalpppa, 18427, 0, 0, 0, , 0, 0, 0, 0, 0, 
90, 1, 90, 90, -1, 364, 255, 25.0, 19, ABalppaa, 11105, 0, 0, 0, , 0, 0, 0, 0, 0, 
91, 1, 91, 91, -1, 340, 264, 22.0, 23, ABalppap, 17583, 0, 0, 0, , 0, 0, 0, 0, 0, 
92, 1, 92, 92, -1, 350, 251, 14.0, 23, ABalpapa, 16093, 0, 0, 0, , 0, 0, 0, 0, 0, 
93, 1, 93, 93, -1, 312, 264, 12.0, 23, ABalpapp, 20425, 0, 0, 0, , 0, 0, 0, 0, 0, 
94, 1, 94, 94, -1, 352, 211, 14.0, 21, ABalpaaa, 14030, 0, 0, 0, , 0, 0, 0, 0, 0, 
95, 1, 95, 95, -1, 354, 230, 22.0, 23, ABalpaap, 17067, 0, 0, 0, , 0, 0, 0, 0, 0, 
96, 1, 96, 96, -1, 131, 278, 21.0, 27, Epr, 33505, 0, 0, 0, , 0, 0, 0, 0, 0, 
97, 1, 97, 97, -1, 190, 248, 19.0, 31, Ear, 35390, 0, 0, 0, , 0, 0, 0, 0, 0, 
