1, 1, 1, 1, -1, 281, 216, 11.0, 19, ABaraappa, 10068, 0, 0, 0, , 0, 0, 0, 0, 0, 
2, 1, 2, 2, -1, 256, 226, 14.0, 19, ABaraappp, 10311, 0, 0, 0, , 0, 0, 0, 0, 0, 
3, 1, 3, 3, -1, 301, 227, 13.0, 19, ABaraapap, 8693, 0, 0, 0, , 0, 0, 0, 0, 0, 
4, 1, 4, 4, -1, 323, 214, 13.0, 19, ABaraapaa, 8662, 0, 0, 0, , 0, 0, 0, 0, 0, 
5, 1, 5, 5, -1, 267, 177, 14.0, 17, ABaraaapp, 8135, 0, 0, 0, , 0, 0, 0, 0, 0, 
6, 1, 6, 6, -1, 304, 177, 14.0, 21, ABaraaapa, 11207, 0, 0, 0, , 0, 0, 0, 0, 0, 
7, 1, 7, 7, -1, 331, 188, 16.0, 17, ABaraaaaa, 7631, 0, 0, 0, , 0, 0, 0, 0, 0, 
8, 1, 8, 8, -1, 305, 197, 10.0, 17, ABaraaaap, 8244, 0, 0, 0, , 0, 0, 0, 0, 0, 
9, 1, 9, 9, -1, 239, 185, 11.0, 19, ABarapapa, 11777, 0, 0, 0, , 0, 0, 0, 0, 0, 
10, 1, 10, 10, -1, 233, 216, 11.0, 21, ABarapapp, 10902, 0, 0, 0, , 0, 0, 0, 0, 0, 
11, 1, 11, 11, -1, 285, 188, 11.0, 19, ABarapaaa, 8289, 0, 0, 0, , 0, 0, 0, 0, 0, 
12, 1, 12, 12, -1, 259, 197, 11.0, 17, ABarapaap, 8420, 0, 0, 0, , 0, 0, 0, 0, 0, 
13, 1, 13, 13, -1, 215, 188, 17.0, 19, ABarapppa, 9062, 0, 0, 0, , 0, 0, 0, 0, 0, 
14, 1, 14, 14, -1, 191, 195, 15.0, 17, ABarapppp, 8989, 0, 0, 0, , 0, 0, 0, 0, 0, 
15, 1, 15, 15, -1, 244, 183, 15.0, 19, ABarappaa, 10795, 0, 0, 0, , 0, 0, 0, 0, 0, 
16, 1, 16, 16, -1, 213, 205, 13.0, 19, ABarappap, 9482, 0, 0, 0, , 0, 0, 0, 0, 0, 
17, 1, 17, 17, -1, 215, 209, 30.0, 19, ABarpappp, 9799, 0, 0, 0, , 0, 0, 0, 0, 0, 
18, 1, 18, 18, -1, 238, 198, 33.0, 19, ABarpappa, 8191, 0, 0, 0, , 0, 0, 0, 0, 0, 
19, 1, 19, 19, -1, 286, 184, 35.0, 19, ABarpapaa, 7921, 0, 0, 0, , 0, 0, 0, 0, 0, 
20, 1, 20, 20, -1, 258, 187, 34.0, 21, ABarpapap, 9149, 0, 0, 0, , 0, 0, 0, 0, 0, 
21, 1, 21, 21, -1, 220, 255, 32.0, 19, ABarpaapp, 9894, 0, 0, 0, , 0, 0, 0, 0, 0, 
22, 1, 22, 22, -1, 255, 239, 32.0, 19, ABarpaapa, 10716, 0, 0, 0, , 0, 0, 0, 0, 0, 
23, 1, 23, 23, -1, 304, 219, 33.0, 19, ABarpaaaa, 11649, 0, 0, 0, , 0, 0, 0, 0, 0, 
24, 1, 24, 24, -1, 272, 226, 32.0, 17, ABarpaaap, 8125, 0, 0, 0, , 0, 0, 0, 0, 0, 
25, 1, 25, 25, -1, 238, 281, 33.0, 19, ABarppaaa, 6937, 0, 0, 0, , 0, 0, 0, 0, 0, 
26, 1, 26, 26, -1, 209, 295, 32.0, 21, ABarppaap, 9702, 0, 0, 0, , 0, 0, 0, 0, 0, 
27, 1, 27, 27, -1, 162, 340, 28.0, 21, ABarppapp, 9186, 0, 0, 0, , 0, 0, 0, 0, 0, 
28, 1, 28, 28, -1, 198, 314, 29.0, 19, ABarppapa, 9898, 0, 0, 0, , 0, 0, 0, 0, 0, 
29, 1, 29, 29, -1, 128, 277, 30.0, 21, ABarppppp, 6817, 0, 0, 0, , 0, 0, 0, 0, 0, 
30, 1, 30, 30, -1, 162, 250, 29.0, 19, ABarppppa, 8843, 0, 0, 0, , 0, 0, 0, 0, 0, 
31, 1, 31, 31, -1, 204, 225, 33.0, 19, ABarpppaa, 7543, 0, 0, 0, , 0, 0, 0, 0, 0, 
32, 1, 32, 32, -1, 179, 241, 33.0, 19, ABarpppap, 20803, 0, 0, 0, , 0, 0, 0, 0, 0, 
33, 1, 33, 33, -1, 248, 210, 28.0, 19, ABalapppp, 9033, 0, 0, 0, , 0, 0, 0, 0, 0, 
34, 1, 34, 34, -1, 290, 201, 30.0, 21, ABalapppa, 9928, 0, 0, 0, , 0, 0, 0, 0, 0, 
35, 1, 35, 35, -1, 334, 210, 29.0, 19, ABalappaa, 8954, 0, 0, 0, , 0, 0, 0, 0, 0, 
36, 1, 36, 36, -1, 310, 197, 28.0, 19, ABalappap, 7546, 0, 0, 0, , 0, 0, 0, 0, 0, 
37, 1, 37, 37, -1, 294, 260, 28.0, 19, ABalapapp, 12243, 0, 0, 0, , 0, 0, 0, 0, 0, 
38, 1, 38, 38, -1, 318, 243, 30.0, 19, ABalapapa, 7828, 0, 0, 0, , 0, 0, 0, 0, 0, 
39, 1, 39, 39, -1, 345, 227, 25.0, 17, ABalapaaa, 7553, 0, 0, 0, , 0, 0, 0, 0, 0, 
40, 1, 40, 40, -1, 335, 241, 28.0, 19, ABalapaap, 7797, 0, 0, 0, , 0, 0, 0, 0, 0, 
41, 1, 41, 41, -1, 330, 175, 20.0, 19, ABalaapaa, 8023, 0, 0, 0, , 0, 0, 0, 0, 0, 
42, 1, 42, 42, -1, 295, 165, 22.0, 19, ABalaapap, 8746, 0, 0, 0, , 0, 0, 0, 0, 0, 
43, 1, 43, 43, -1, 291, 179, 26.0, 19, ABalaappa, 8147, 0, 0, 0, , 0, 0, 0, 0, 0, 
44, 1, 44, 44, -1, 267, 176, 29.0, 21, ABalaappp, 10774, 0, 0, 0, , 0, 0, 0, 0, 0, 
45, 1, 45, 45, -1, 362, 215, 24.0, 19, ABalaaaal, 9739, 0, 0, 0, , 0, 0, 0, 0, 0, 
46, 1, 46, 46, -1, 352, 190, 18.0, 19, ABalaaaar, 8332, 0, 0, 0, , 0, 0, 0, 0, 0, 
47, 1, 47, 47, -1, 326, 182, 25.0, 19, ABalaaapp, 11599, 0, 0, 0, , 0, 0, 0, 0, 0, 
48, 1, 48, 48, -1, 348, 194, 24.0, 17, ABalaaapa, 8678, 0, 0, 0, , 0, 0, 0, 0, 0, 
49, 1, 49, 49, -1, 190, 315, 11.0, 19, ABplppppa, 9117, 0, 0, 0, , 0, 0, 0, 0, 0, 
50, 1, 50, 50, -1, 162, 331, 11.0, 19, ABplppppp, 9029, 0, 0, 0, , 0, 0, 0, 0, 0, 
51, 1, 51, 51, -1, 179, 344, 14.0, 19, ABplpppap, 10110, 0, 0, 0, , 0, 0, 0, 0, 0, 
52, 1, 52, 52, -1, 206, 336, 13.0, 19, ABplpppaa, 10282, 0, 0, 0, , 0, 0, 0, 0, 0, 
53, 1, 53, 53, -1, 206, 332, 18.0, 19, ABplppapp, 11248, 0, 0, 0, , 0, 0, 0, 0, 0, 
54, 1, 54, 54, -1, 235, 335, 18.0, 19, ABplppapa, 9192, 0, 0, 0, , 0, 0, 0, 0, 0, 
55, 1, 55, 55, -1, 243, 329, 14.0, 19, ABplppaap, 9884, 0, 0, 0, , 0, 0, 0, 0, 0, 
56, 1, 56, 56, -1, 270, 326, 16.0, 19, ABplppaaa, 11922, 0, 0, 0, , 0, 0, 0, 0, 0, 
57, 1, 57, 57, -1, 243, 300, 10.0, 21, ABplpappa, 12069, 0, 0, 0, , 0, 0, 0, 0, 0, 
58, 1, 58, 58, -1, 215, 307, 10.0, 19, ABplpappp, 10196, 0, 0, 0, , 0, 0, 0, 0, 0, 
59, 1, 59, 59, -1, 267, 304, 12.0, 19, ABplpapap, 9499, 0, 0, 0, , 0, 0, 0, 0, 0, 
60, 1, 60, 60, -1, 292, 296, 11.0, 17, ABplpapaa, 10045, 0, 0, 0, , 0, 0, 0, 0, 0, 
61, 1, 61, 61, -1, 318, 292, 18.0, 19, ABplpaaaa, 9350, 0, 0, 0, , 0, 0, 0, 0, 0, 
62, 1, 62, 62, -1, 296, 310, 17.0, 21, ABplpaaap, 9448, 0, 0, 0, , 0, 0, 0, 0, 0, 
63, 1, 63, 63, -1, 273, 325, 22.0, 19, ABplpaapp, 10883, 0, 0, 0, , 0, 0, 0, 0, 0, 
64, 1, 64, 64, -1, 304, 309, 22.0, 19, ABplpaapa, 8064, 0, 0, 0, , 0, 0, 0, 0, 0, 
65, 1, 65, 65, -1, 270, 322, 29.0, 19, ABplaappa, 9726, 0, 0, 0, , 0, 0, 0, 0, 0, 
66, 1, 66, 66, -1, 242, 323, 26.0, 23, ABplaappp, 13974, 0, 0, 0, , 0, 0, 0, 0, 0, 
67, 1, 67, 67, -1, 322, 287, 30.0, 21, ABplaapaa, 9759, 0, 0, 0, , 0, 0, 0, 0, 0, 
68, 1, 68, 68, -1, 284, 298, 34.0, 21, ABplaapap, 14450, 0, 0, 0, , 0, 0, 0, 0, 0, 
69, 1, 69, 69, -1, 333, 263, 33.0, 19, ABplaaaaa, 8840, 0, 0, 0, , 0, 0, 0, 0, 0, 
70, 1, 70, 70, -1, 303, 260, 34.0, 19, ABplaaaap, 10323, 0, 0, 0, , 0, 0, 0, 0, 0, 
71, 1, 71, 71, -1, 256, 266, 32.0, 19, ABplaaapp, 10747, 0, 0, 0, , 0, 0, 0, 0, 0, 
72, 1, 72, 72, -1, 282, 251, 33.0, 17, ABplaaapa, 7823, 0, 0, 0, , 0, 0, 0, 0, 0, 
73, 1, 73, 73, -1, 155, 357, 18.0, 19, ABplapppp, 8755, 0, 0, 0, , 0, 0, 0, 0, 0, 
74, 1, 74, 74, -1, 184, 349, 18.0, 19, ABplapppa, 10331, 0, 0, 0, , 0, 0, 0, 0, 0, 
75, 1, 75, 75, -1, 227, 344, 23.0, 21, ABplappaa, 11742, 0, 0, 0, , 0, 0, 0, 0, 0, 
76, 1, 76, 76, -1, 195, 345, 22.0, 19, ABplappap, 9287, 0, 0, 0, , 0, 0, 0, 0, 0, 
77, 1, 77, 77, -1, 224, 327, 32.0, 19, ABplapaap, 8763, 0, 0, 0, , 0, 0, 0, 0, 0, 
78, 1, 78, 78, -1, 246, 308, 34.0, 19, ABplapaaa, 11071, 0, 0, 0, , 0, 0, 0, 0, 0, 
79, 1, 79, 79, -1, 173, 359, 24.0, 21, ABplapapp, 10683, 0, 0, 0, , 0, 0, 0, 0, 0, 
80, 1, 80, 80, -1, 200, 348, 29.0, 21, ABplapapa, 12482, 0, 0, 0, , 0, 0, 0, 0, 0, 
81, 1, 81, 81, -1, 190, 197, 10.0, 19, ABprpapaa, 10256, 0, 0, 0, , 0, 0, 0, 0, 0, 
82, 1, 82, 82, -1, 168, 195, 12.0, 17, ABprpapap, 9555, 0, 0, 0, , 0, 0, 0, 0, 0, 
83, 1, 83, 83, -1, 153, 227, 11.0, 19, ABprpappp, 9980, 0, 0, 0, , 0, 0, 0, 0, 0, 
84, 1, 84, 84, -1, 177, 220, 10.0, 19, ABprpappa, 9950, 0, 0, 0, , 0, 0, 0, 0, 0, 
85, 1, 85, 85, -1, 207, 166, 19.0, 21, ABprpaaaa, 9314, 0, 0, 0, , 0, 0, 0, 0, 0, 
86, 1, 86, 86, -1, 176, 180, 17.0, 19, ABprpaaap, 9138, 0, 0, 0, , 0, 0, 0, 0, 0, 
87, 1, 87, 87, -1, 194, 183, 23.0, 21, ABprpaapa, 10192, 0, 0, 0, , 0, 0, 0, 0, 0, 
88, 1, 88, 88, -1, 169, 197, 21.0, 19, ABprpaapp, 8192, 0, 0, 0, , 0, 0, 0, 0, 0, 
89, 1, 89, 89, -1, 111, 216, 17.0, 19, ABprpppaa, 8762, 0, 0, 0, , 0, 0, 0, 0, 0, 
90, 1, 90, 90, -1, 88, 242, 16.0, 17, ABprpppap, 9159, 0, 0, 0, , 0, 0, 0, 0, 0, 
91, 1, 91, 91, -1, 129, 230, 12.0, 19, ABprppppa, 8307, 0, 0, 0, , 0, 0, 0, 0, 0, 
92, 1, 92, 92, -1, 105, 247, 11.0, 19, ABprppppp, 9696, 0, 0, 0, , 0, 0, 0, 0, 0, 
93, 1, 93, 93, -1, 128, 207, 14.0, 17, ABprppaap, 8572, 0, 0, 0, , 0, 0, 0, 0, 0, 
94, 1, 94, 94, -1, 154, 201, 17.0, 17, ABprppaaa, 7614, 0, 0, 0, , 0, 0, 0, 0, 0, 
95, 1, 95, 95, -1, 139, 222, 17.0, 19, ABprppapa, 7629, 0, 0, 0, , 0, 0, 0, 0, 0, 
96, 1, 96, 96, -1, 118, 243, 19.0, 19, ABprppapp, 8001, 0, 0, 0, , 0, 0, 0, 0, 0, 
97, 1, 97, 97, -1, 210, 167, 26.0, 19, ABpraapaa, 9089, 0, 0, 0, , 0, 0, 0, 0, 0, 
98, 1, 98, 98, -1, 203, 187, 31.0, 19, ABpraapap, 9560, 0, 0, 0, , 0, 0, 0, 0, 0, 
99, 1, 99, 99, -1, 152, 208, 25.0, 19, ABpraappp, 11637, 0, 0, 0, , 0, 0, 0, 0, 0, 
100, 1, 100, 100, -1, 178, 192, 28.0, 19, ABpraappa, 8074, 0, 0, 0, , 0, 0, 0, 0, 0, 
101, 1, 101, 101, -1, 258, 160, 25.0, 17, ABpraaapa, 7345, 0, 0, 0, , 0, 0, 0, 0, 0, 
102, 1, 102, 102, -1, 236, 177, 27.0, 19, ABpraaapp, 11492, 0, 0, 0, , 0, 0, 0, 0, 0, 
103, 1, 103, 103, -1, 269, 169, 20.0, 17, ABpraaaaa, 7597, 0, 0, 0, , 0, 0, 0, 0, 0, 
104, 1, 104, 104, -1, 236, 166, 21.0, 21, ABpraaaap, 10365, 0, 0, 0, , 0, 0, 0, 0, 0, 
105, 1, 105, 105, -1, 100, 235, 24.0, 21, ABprappap, 10054, 0, 0, 0, , 0, 0, 0, 0, 0, 
106, 1, 106, 106, -1, 123, 214, 23.0, 19, ABprappaa, 10345, 0, 0, 0, , 0, 0, 0, 0, 0, 
107, 1, 107, 107, -1, 84, 249, 21.0, 19, ABprapppa, 9975, 0, 0, 0, , 0, 0, 0, 0, 0, 
108, 1, 108, 108, -1, 75, 275, 19.0, 17, ABprapppp, 8322, 0, 0, 0, , 0, 0, 0, 0, 0, 
109, 1, 109, 109, -1, 172, 209, 34.0, 19, ABprapaaa, 10899, 0, 0, 0, , 0, 0, 0, 0, 0, 
110, 1, 110, 110, -1, 142, 224, 33.0, 19, ABprapaap, 9137, 0, 0, 0, , 0, 0, 0, 0, 0, 
111, 1, 111, 111, -1, 89, 265, 28.0, 19, ABprapapp, 9334, 0, 0, 0, , 0, 0, 0, 0, 0, 
112, 1, 112, 112, -1, 116, 239, 30.0, 21, ABprapapa, 11779, 0, 0, 0, , 0, 0, 0, 0, 0, 
113, 1, 113, 113, -1, 166, 230, 20.0, 21, MSpppp, 14101, 0, 0, 0, , 0, 0, 0, 0, 0, 
114, 1, 114, 114, -1, 196, 224, 18.0, 21, MSpppa, 26415, 0, 0, 0, , 0, 0, 0, 0, 0, 
115, 1, 115, 115, 116, 247, 196, 20.0, 15, MSppaa, 9902, 0, 0, 0, , 0, 0, 0, 0, 0, 
116, 1, 116, 117, -1, 196, 217, 24.0, 17, MSppapp, 5965, 0, 0, 0, , 0, 0, 0, 0, 0, 
117, 1, 117, 118, -1, 221, 196, 23.0, 15, MSppapa, 5581, 0, 0, 0, , 0, 0, 0, 0, 0, 
118, 1, 118, 119, -1, 199, 247, 14.0, 19, MSpapap, 8835, 0, 0, 0, , 0, 0, 0, 0, 0, 
119, 1, 119, 120, -1, 236, 238, 14.0, 19, MSpapaa, 8990, 0, 0, 0, , 0, 0, 0, 0, 0, 
120, 1, 120, 121, -1, 191, 248, 10.0, 17, MSpappa, 8333, 0, 0, 0, , 0, 0, 0, 0, 0, 
121, 1, 121, 122, -1, 163, 265, 11.0, 17, MSpappp, 8382, 0, 0, 0, , 0, 0, 0, 0, 0, 
122, 1, 122, 123, -1, 273, 202, 24.0, 21, MSpaaap, 9105, 0, 0, 0, , 0, 0, 0, 0, 0, 
123, 1, 123, 124, -1, 305, 192, 19.0, 19, MSpaaaa, 8278, 0, 0, 0, , 0, 0, 0, 0, 0, 
124, 1, 124, 125, -1, 271, 215, 19.0, 19, MSpaapa, 8650, 0, 0, 0, , 0, 0, 0, 0, 0, 
125, 1, 125, 126, -1, 244, 235, 18.0, 15, MSpaapp, 6253, 0, 0, 0, , 0, 0, 0, 0, 0, 
126, 1, 126, 127, -1, 225, 303, 19.0, 21, MSappp, 12961, 0, 0, 0, , 0, 0, 0, 0, 0, 
127, 1, 127, 128, -1, 225, 277, 17.0, 21, MSappa, 13547, 0, 0, 0, , 0, 0, 0, 0, 0, 
128, 1, 128, 129, 130, 262, 295, 20.0, 21, MSapap, 8214, 0, 0, 0, , 0, 0, 0, 0, 0, 
129, 1, 129, 131, -1, 298, 260, 21.0, 21, MSapaa, 13061, 0, 0, 0, , 0, 0, 0, 0, 0, 
130, 1, 130, 132, -1, 329, 207, 20.0, 19, MSaaaaa, 7635, 0, 0, 0, , 0, 0, 0, 0, 0, 
131, 1, 131, 133, -1, 308, 229, 26.0, 21, MSaaaap, 9631, 0, 0, 0, , 0, 0, 0, 0, 0, 
132, 1, 132, 134, -1, 302, 229, 21.0, 21, MSaaapa, 13495, 0, 0, 0, , 0, 0, 0, 0, 0, 
133, 1, 133, 135, -1, 265, 246, 20.0, 17, MSaaapp, 6858, 0, 0, 0, , 0, 0, 0, 0, 0, 
134, 1, 134, 136, -1, 206, 278, 11.0, 15, MSaappp, 7065, 0, 0, 0, , 0, 0, 0, 0, 0, 
135, 1, 134, 137, -1, 217, 271, 11.0, 15, MSaappa, 5859, 0, 0, 0, , 0, 0, 0, 0, 0, 
136, 1, 135, 138, -1, 271, 256, 16.0, 19, MSaapaa, 8306, 0, 0, 0, , 0, 0, 0, 0, 0, 
137, 1, 136, 139, -1, 240, 272, 12.0, 19, MSaapap, 7106, 0, 0, 0, , 0, 0, 0, 0, 0, 
138, 1, 137, 140, -1, 221, 281, 22.0, 23, Ealp, 17212, 0, 0, 0, , 0, 0, 0, 0, 0, 
139, 1, 138, 141, -1, 146, 310, 23.0, 25, Eplp, 21725, 0, 0, 0, , 0, 0, 0, 0, 0, 
140, 1, 139, 142, -1, 130, 361, 20.0, 19, Cappa, 10749, 0, 0, 0, , 0, 0, 0, 0, 0, 
141, 1, 140, 143, -1, 103, 339, 17.0, 21, Cappp, 8706, 0, 0, 0, , 0, 0, 0, 0, 0, 
142, 1, 141, 144, -1, 126, 329, 12.0, 27, Capa, 65535, 0, 0, 0, , 0, 0, 0, 0, 0, 
143, 1, 142, 145, -1, 129, 340, 29.0, 21, Caaap, 11833, 0, 0, 0, , 0, 0, 0, 0, 0, 
144, 1, 143, 146, -1, 168, 315, 32.0, 23, Caaaa, 7867, 0, 0, 0, , 0, 0, 0, 0, 0, 
145, 1, 144, 147, -1, 101, 355, 22.0, 19, Caapp, 8266, 0, 0, 0, , 0, 0, 0, 0, 0, 
146, 1, 145, 148, -1, 116, 360, 27.0, 19, Caapa, 9340, 0, 0, 0, , 0, 0, 0, 0, 0, 
147, 1, 146, 149, -1, 79, 341, 21.0, 21, Cpapp, 11099, 0, 0, 0, , 0, 0, 0, 0, 0, 
148, 1, 147, 150, -1, 92, 323, 28.0, 23, Cpapa, 27527, 0, 0, 0, , 0, 0, 0, 0, 0, 
149, 1, 148, 151, -1, 163, 275, 33.0, 23, Cpaaa, 14922, 0, 0, 0, , 0, 0, 0, 0, 0, 
150, 1, 149, 152, -1, 114, 299, 33.0, 23, Cpaap, 16768, 0, 0, 0, , 0, 0, 0, 0, 0, 
151, 1, 150, 153, -1, 99, 275, 11.0, 21, Cppaa, 11467, 0, 0, 0, , 0, 0, 0, 0, 0, 
152, 1, 151, 154, -1, 79, 306, 13.0, 21, Cppap, 12709, 0, 0, 0, , 0, 0, 0, 0, 0, 
153, 1, 152, 155, -1, 83, 318, 17.0, 21, Cpppp, 11061, 0, 0, 0, , 0, 0, 0, 0, 0, 
154, 1, 153, 156, -1, 78, 300, 23.0, 21, Cpppa, 12927, 0, 0, 0, , 0, 0, 0, 0, 0, 
155, 1, 154, 157, -1, 173, 300, 14.0, 21, Daa, 12915, 0, 0, 0, , 0, 0, 0, 0, 0, 
156, 1, 155, 158, -1, 145, 314, 17.0, 23, Dap, 17952, 0, 0, 0, , 0, 0, 0, 0, 0, 
157, 1, 156, 159, -1, 138, 260, 13.0, 21, Dpa, 12352, 0, 0, 0, , 0, 0, 0, 0, 0, 
158, 1, 157, 160, -1, 120, 288, 16.0, 23, Dpp, 12684, 0, 0, 0, , 0, 0, 0, 0, 0, 
159, 1, 158, 161, -1, 188, 269, 17.0, 21, Z3, 12311, 0, 0, 0, , 0, 0, 0, 0, 0, 
160, 1, 159, 162, -1, 154, 275, 18.0, 21, Z2, 13057, 0, 0, 0, , 0, 0, 0, 0, 0, 
161, 0, 160, -1, -1, 382, 243, 24.0, 17, , 12218, 0, 0, 0, , 0, 0, 0, 0, 0, 
162, 1, 161, 164, -1, 272, 288, 27.0, 23, ABalppppp, 13398, 0, 0, 0, , 0, 0, 0, 0, 0, 
163, 1, 162, 165, -1, 304, 290, 27.0, 19, ABalppppa, 9939, 0, 0, 0, , 0, 0, 0, 0, 0, 
164, 1, 163, 166, -1, 340, 263, 25.0, 19, ABalpppaa, 8485, 0, 0, 0, , 0, 0, 0, 0, 0, 
165, 1, 164, 167, -1, 324, 283, 24.0, 19, ABalpppap, 9860, 0, 0, 0, , 0, 0, 0, 0, 0, 
166, 1, 165, 168, -1, 358, 261, 21.0, 17, ABalppaaa, 7716, 0, 0, 0, , 0, 0, 0, 0, 0, 
167, 1, 166, 169, -1, 341, 278, 19.0, 19, ABalppaap, 8312, 0, 0, 0, , 0, 0, 0, 0, 0, 
168, 1, 167, 170, -1, 285, 280, 14.0, 21, ABalppapp, 11550, 0, 0, 0, , 0, 0, 0, 0, 0, 
169, 1, 168, 171, -1, 316, 271, 15.0, 19, ABalppapa, 8844, 0, 0, 0, , 0, 0, 0, 0, 0, 
170, 1, 169, 172, -1, 321, 250, 11.0, 21, ABalpapap, 9636, 0, 0, 0, , 0, 0, 0, 0, 0, 
171, 1, 170, 173, -1, 347, 254, 13.0, 19, ABalpapaa, 8939, 0, 0, 0, , 0, 0, 0, 0, 0, 
172, 1, 171, 174, -1, 301, 255, 10.0, 21, ABalpappa, 11355, 0, 0, 0, , 0, 0, 0, 0, 0, 
173, 1, 172, 175, -1, 271, 248, 10.0, 21, ABalpappp, 12019, 0, 0, 0, , 0, 0, 0, 0, 0, 
174, 1, 173, 176, -1, 348, 231, 12.0, 19, ABalpaaap, 8783, 0, 0, 0, , 0, 0, 0, 0, 0, 
175, 1, 174, 177, -1, 349, 204, 15.0, 17, ABalpaaaa, 8334, 0, 0, 0, , 0, 0, 0, 0, 0, 
176, 1, 175, 178, -1, 323, 246, 17.0, 19, ABalpaapp, 10135, 0, 0, 0, , 0, 0, 0, 0, 0, 
177, 1, 176, 179, -1, 353, 229, 18.0, 23, ABalpaapa, 13210, 0, 0, 0, , 0, 0, 0, 0, 0, 
178, 1, 177, 180, -1, 148, 249, 24.0, 25, Epra, 22499, 0, 0, 0, , 0, 0, 0, 0, 0, 
179, 1, 178, 181, -1, 235, 229, 24.0, 25, Eara, 56897, 0, 0, 0, , 0, 0, 0, 0, 0, 
180, 1, 179, 182, -1, 194, 250, 23.0, 23, Earp, 19256, 0, 0, 0, , 0, 0, 0, 0, 0, 
181, 1, 180, 183, -1, 258, 256, 25.0, 25, Eala, 41241, 0, 0, 0, , 0, 0, 0, 0, 0, 
182, 1, 181, 184, -1, 186, 289, 24.0, 25, Epla, 58112, 0, 0, 0, , 0, 0, 0, 0, 0, 
183, 1, 182, 185, -1, 109, 281, 23.0, 27, Eprp, 65535, 0, 0, 0, , 0, 0, 0, 0, 0, 
