1, 1, 1, 1, -1, 273, 209, 15.0, 21, ABaraappa, 8900, 0, 0, 0, , 0, 0, 0, 0, 0, 
2, 1, 2, 2, -1, 246, 222, 16.0, 19, ABaraappp, 12297, 0, 0, 0, , 0, 0, 0, 0, 0, 
3, 1, 3, 3, -1, 294, 231, 16.0, 19, ABaraapap, 10371, 0, 0, 0, , 0, 0, 0, 0, 0, 
4, 1, 4, 4, -1, 312, 212, 17.0, 17, ABaraapaa, 10321, 0, 0, 0, , 0, 0, 0, 0, 0, 
5, 1, 5, 5, -1, 268, 180, 12.0, 19, ABaraaapp, 11834, 0, 0, 0, , 0, 0, 0, 0, 0, 
6, 1, 6, 6, -1, 299, 194, 11.0, 23, ABaraaapa, 14621, 0, 0, 0, , 0, 0, 0, 0, 0, 
7, 1, 7, 7, -1, 321, 187, 15.0, 17, ABaraaaaa, 8481, 0, 0, 0, , 0, 0, 0, 0, 0, 
8, 1, 8, 8, -1, 296, 199, 16.0, 17, ABaraaaap, 9648, 0, 0, 0, , 0, 0, 0, 0, 0, 
9, 1, 9, 9, -1, 239, 225, 10.0, 21, ABarapapa, 10708, 0, 0, 0, , 0, 0, 0, 0, 0, 
10, 1, 10, 10, -1, 223, 238, 13.0, 19, ABarapapp, 13153, 0, 0, 0, , 0, 0, 0, 0, 0, 
11, 1, 11, 11, -1, 285, 216, 10.0, 17, ABarapaaa, 9185, 0, 0, 0, , 0, 0, 0, 0, 0, 
12, 1, 12, 12, -1, 260, 214, 11.0, 21, ABarapaap, 11200, 0, 0, 0, , 0, 0, 0, 0, 0, 
13, 1, 13, 13, -1, 233, 187, 13.0, 21, ABarapppa, 10232, 0, 0, 0, , 0, 0, 0, 0, 0, 
14, 1, 14, 14, -1, 206, 182, 13.0, 19, ABarapppp, 9877, 0, 0, 0, , 0, 0, 0, 0, 0, 
15, 1, 15, 15, -1, 237, 198, 10.0, 19, ABarappaa, 10409, 0, 0, 0, , 0, 0, 0, 0, 0, 
16, 1, 16, 16, -1, 210, 204, 11.0, 19, ABarappap, 10427, 0, 0, 0, , 0, 0, 0, 0, 0, 
17, 1, 17, 17, -1, 196, 203, 32.0, 21, ABarpappp, 12523, 0, 0, 0, , 0, 0, 0, 0, 0, 
18, 1, 18, 18, -1, 228, 206, 33.0, 19, ABarpappa, 9963, 0, 0, 0, , 0, 0, 0, 0, 0, 
19, 1, 19, 19, -1, 275, 184, 34.0, 21, ABarpapaa, 9269, 0, 0, 0, , 0, 0, 0, 0, 0, 
20, 1, 20, 20, -1, 259, 206, 34.0, 19, ABarpapap, 10178, 0, 0, 0, , 0, 0, 0, 0, 0, 
21, 1, 21, 21, -1, 207, 253, 33.0, 21, ABarpaapp, 10244, 0, 0, 0, , 0, 0, 0, 0, 0, 
22, 1, 22, 22, -1, 251, 237, 33.0, 21, ABarpaapa, 11784, 0, 0, 0, , 0, 0, 0, 0, 0, 
23, 1, 23, 23, -1, 307, 220, 34.0, 19, ABarpaaaa, 9932, 0, 0, 0, , 0, 0, 0, 0, 0, 
24, 1, 24, 24, -1, 285, 225, 33.0, 17, ABarpaaap, 9032, 0, 0, 0, , 0, 0, 0, 0, 0, 
25, 1, 25, 25, -1, 222, 277, 33.0, 19, ABarppaaa, 8780, 0, 0, 0, , 0, 0, 0, 0, 0, 
26, 1, 26, 26, -1, 204, 300, 33.0, 19, ABarppaap, 9333, 0, 0, 0, , 0, 0, 0, 0, 0, 
27, 1, 27, 27, -1, 148, 341, 28.0, 19, ABarppapp, 10309, 0, 0, 0, , 0, 0, 0, 0, 0, 
28, 1, 28, 28, -1, 189, 328, 32.0, 19, ABarppapa, 10832, 0, 0, 0, , 0, 0, 0, 0, 0, 
29, 1, 29, 29, -1, 112, 260, 31.0, 21, ABarppppp, 10403, 0, 0, 0, , 0, 0, 0, 0, 0, 
30, 1, 30, 30, -1, 135, 235, 32.0, 21, ABarppppa, 10429, 0, 0, 0, , 0, 0, 0, 0, 0, 
31, 1, 31, 31, -1, 194, 224, 34.0, 19, ABarpppaa, 8878, 0, 0, 0, , 0, 0, 0, 0, 0, 
32, 1, 32, 32, -1, 164, 226, 32.0, 21, ABarpppap, 10725, 0, 0, 0, , 0, 0, 0, 0, 0, 
33, 1, 33, 33, -1, 252, 206, 29.0, 21, ABalapppp, 13626, 0, 0, 0, , 0, 0, 0, 0, 0, 
34, 1, 34, 34, -1, 293, 189, 31.0, 21, ABalapppa, 10089, 0, 0, 0, , 0, 0, 0, 0, 0, 
35, 1, 35, 35, -1, 330, 194, 27.0, 19, ABalappaa, 8237, 0, 0, 0, , 0, 0, 0, 0, 0, 
36, 1, 36, 36, -1, 318, 188, 31.0, 21, ABalappap, 10334, 0, 0, 0, , 0, 0, 0, 0, 0, 
37, 1, 37, 37, -1, 291, 266, 27.0, 21, ABalapapp, 11309, 0, 0, 0, , 0, 0, 0, 0, 0, 
38, 1, 38, 38, -1, 323, 237, 30.0, 19, ABalapapa, 8442, 0, 0, 0, , 0, 0, 0, 0, 0, 
39, 1, 39, 39, -1, 350, 225, 25.0, 19, ABalapaaa, 9233, 0, 0, 0, , 0, 0, 0, 0, 0, 
40, 1, 40, 40, -1, 341, 243, 28.0, 19, ABalapaap, 9966, 0, 0, 0, , 0, 0, 0, 0, 0, 
41, 1, 41, 41, -1, 315, 168, 19.0, 19, ABalaapaa, 8150, 0, 0, 0, , 0, 0, 0, 0, 0, 
42, 1, 42, 42, -1, 290, 165, 19.0, 17, ABalaapap, 8451, 0, 0, 0, , 0, 0, 0, 0, 0, 
43, 1, 43, 43, -1, 296, 170, 24.0, 19, ABalaappa, 9859, 0, 0, 0, , 0, 0, 0, 0, 0, 
44, 1, 44, 44, -1, 282, 170, 28.0, 21, ABalaappp, 10661, 0, 0, 0, , 0, 0, 0, 0, 0, 
45, 1, 45, 45, -1, 352, 217, 20.0, 21, ABalaaaal, 10058, 0, 0, 0, , 0, 0, 0, 0, 0, 
46, 1, 46, 46, -1, 344, 194, 17.0, 19, ABalaaaar, 9246, 0, 0, 0, , 0, 0, 0, 0, 0, 
47, 1, 47, 47, -1, 329, 173, 23.0, 19, ABalaaapp, 9574, 0, 0, 0, , 0, 0, 0, 0, 0, 
48, 1, 48, 48, -1, 346, 194, 23.0, 19, ABalaaapa, 9851, 0, 0, 0, , 0, 0, 0, 0, 0, 
49, 1, 49, 49, -1, 209, 323, 12.0, 21, ABplppppa, 10826, 0, 0, 0, , 0, 0, 0, 0, 0, 
50, 1, 50, 50, -1, 175, 320, 11.0, 21, ABplppppp, 10641, 0, 0, 0, , 0, 0, 0, 0, 0, 
51, 1, 51, 51, -1, 181, 339, 15.0, 19, ABplpppap, 9388, 0, 0, 0, , 0, 0, 0, 0, 0, 
52, 1, 52, 52, -1, 208, 343, 15.0, 19, ABplpppaa, 11777, 0, 0, 0, , 0, 0, 0, 0, 0, 
53, 1, 53, 53, -1, 210, 343, 20.0, 19, ABplppapp, 13237, 0, 0, 0, , 0, 0, 0, 0, 0, 
54, 1, 54, 54, -1, 238, 329, 18.0, 21, ABplppapa, 10975, 0, 0, 0, , 0, 0, 0, 0, 0, 
55, 1, 55, 55, -1, 251, 329, 15.0, 21, ABplppaap, 9975, 0, 0, 0, , 0, 0, 0, 0, 0, 
56, 1, 56, 56, -1, 267, 318, 17.0, 19, ABplppaaa, 9093, 0, 0, 0, , 0, 0, 0, 0, 0, 
57, 1, 57, 57, -1, 241, 295, 10.0, 21, ABplpappa, 13858, 0, 0, 0, , 0, 0, 0, 0, 0, 
58, 1, 58, 58, -1, 213, 302, 10.0, 21, ABplpappp, 10717, 0, 0, 0, , 0, 0, 0, 0, 0, 
59, 1, 59, 59, -1, 260, 300, 13.0, 21, ABplpapap, 10711, 0, 0, 0, , 0, 0, 0, 0, 0, 
60, 1, 60, 60, -1, 278, 296, 12.0, 19, ABplpapaa, 8976, 0, 0, 0, , 0, 0, 0, 0, 0, 
61, 1, 61, 61, -1, 313, 286, 18.0, 21, ABplpaaaa, 11825, 0, 0, 0, , 0, 0, 0, 0, 0, 
62, 1, 62, 62, -1, 293, 316, 18.0, 17, ABplpaaap, 10563, 0, 0, 0, , 0, 0, 0, 0, 0, 
63, 1, 63, 63, -1, 267, 326, 22.0, 21, ABplpaapp, 13962, 0, 0, 0, , 0, 0, 0, 0, 0, 
64, 1, 64, 64, -1, 306, 302, 22.0, 21, ABplpaapa, 10116, 0, 0, 0, , 0, 0, 0, 0, 0, 
65, 1, 65, 65, -1, 264, 327, 29.0, 21, ABplaappa, 12350, 0, 0, 0, , 0, 0, 0, 0, 0, 
66, 1, 66, 66, -1, 238, 332, 25.0, 21, ABplaappp, 12458, 0, 0, 0, , 0, 0, 0, 0, 0, 
67, 1, 67, 67, -1, 314, 281, 33.0, 23, ABplaapaa, 13232, 0, 0, 0, , 0, 0, 0, 0, 0, 
68, 1, 68, 68, -1, 285, 297, 34.0, 21, ABplaapap, 13032, 0, 0, 0, , 0, 0, 0, 0, 0, 
69, 1, 69, 69, -1, 318, 254, 33.0, 19, ABplaaaaa, 8175, 0, 0, 0, , 0, 0, 0, 0, 0, 
70, 1, 70, 70, -1, 290, 254, 33.0, 19, ABplaaaap, 8658, 0, 0, 0, , 0, 0, 0, 0, 0, 
71, 1, 71, 71, -1, 252, 283, 33.0, 21, ABplaaapp, 11803, 0, 0, 0, , 0, 0, 0, 0, 0, 
72, 1, 72, 72, -1, 270, 258, 34.0, 19, ABplaaapa, 10229, 0, 0, 0, , 0, 0, 0, 0, 0, 
73, 1, 73, 73, -1, 155, 352, 18.0, 17, ABplapppp, 7733, 0, 0, 0, , 0, 0, 0, 0, 0, 
74, 1, 74, 74, -1, 181, 352, 19.0, 19, ABplapppa, 14949, 0, 0, 0, , 0, 0, 0, 0, 0, 
75, 1, 75, 75, -1, 214, 350, 24.0, 21, ABplappaa, 13163, 0, 0, 0, , 0, 0, 0, 0, 0, 
76, 1, 76, 76, -1, 181, 355, 24.0, 21, ABplappap, 14127, 0, 0, 0, , 0, 0, 0, 0, 0, 
77, 1, 77, 77, -1, 213, 331, 30.0, 19, ABplapaap, 10100, 0, 0, 0, , 0, 0, 0, 0, 0, 
78, 1, 78, 78, -1, 236, 314, 32.0, 21, ABplapaaa, 10826, 0, 0, 0, , 0, 0, 0, 0, 0, 
79, 1, 79, 79, -1, 149, 361, 23.0, 21, ABplapapp, 12247, 0, 0, 0, , 0, 0, 0, 0, 0, 
80, 1, 80, 80, -1, 172, 355, 30.0, 21, ABplapapa, 11415, 0, 0, 0, , 0, 0, 0, 0, 0, 
81, 1, 81, 81, -1, 189, 205, 14.0, 19, ABprpapaa, 8899, 0, 0, 0, , 0, 0, 0, 0, 0, 
82, 1, 82, 82, -1, 169, 203, 11.0, 21, ABprpapap, 12261, 0, 0, 0, , 0, 0, 0, 0, 0, 
83, 1, 83, 83, -1, 160, 230, 10.0, 21, ABprpappp, 10653, 0, 0, 0, , 0, 0, 0, 0, 0, 
84, 1, 84, 84, -1, 187, 229, 11.0, 19, ABprpappa, 10644, 0, 0, 0, , 0, 0, 0, 0, 0, 
85, 1, 85, 85, -1, 225, 172, 16.0, 19, ABprpaaaa, 11372, 0, 0, 0, , 0, 0, 0, 0, 0, 
86, 1, 86, 86, -1, 195, 172, 17.0, 19, ABprpaaap, 9153, 0, 0, 0, , 0, 0, 0, 0, 0, 
87, 1, 87, 87, -1, 214, 177, 21.0, 19, ABprpaapa, 9446, 0, 0, 0, , 0, 0, 0, 0, 0, 
88, 1, 88, 88, -1, 177, 185, 20.0, 19, ABprpaapp, 10125, 0, 0, 0, , 0, 0, 0, 0, 0, 
89, 1, 89, 89, -1, 111, 221, 14.0, 19, ABprpppaa, 10050, 0, 0, 0, , 0, 0, 0, 0, 0, 
90, 1, 90, 90, -1, 94, 254, 12.0, 19, ABprpppap, 8974, 0, 0, 0, , 0, 0, 0, 0, 0, 
91, 1, 91, 91, -1, 137, 231, 12.0, 21, ABprppppa, 11012, 0, 0, 0, , 0, 0, 0, 0, 0, 
92, 1, 92, 92, -1, 118, 255, 10.0, 21, ABprppppp, 9868, 0, 0, 0, , 0, 0, 0, 0, 0, 
93, 1, 93, 93, -1, 146, 203, 14.0, 19, ABprppaap, 8329, 0, 0, 0, , 0, 0, 0, 0, 0, 
94, 1, 94, 94, -1, 167, 200, 16.0, 17, ABprppaaa, 9133, 0, 0, 0, , 0, 0, 0, 0, 0, 
95, 1, 95, 95, -1, 140, 216, 18.0, 19, ABprppapa, 9653, 0, 0, 0, , 0, 0, 0, 0, 0, 
96, 1, 96, 96, -1, 119, 236, 17.0, 19, ABprppapp, 8180, 0, 0, 0, , 0, 0, 0, 0, 0, 
97, 1, 97, 97, -1, 248, 169, 30.0, 21, ABpraapaa, 10311, 0, 0, 0, , 0, 0, 0, 0, 0, 
98, 1, 98, 98, -1, 210, 184, 31.0, 21, ABpraapap, 11529, 0, 0, 0, , 0, 0, 0, 0, 0, 
99, 1, 99, 99, -1, 154, 197, 23.0, 21, ABpraappp, 14184, 0, 0, 0, , 0, 0, 0, 0, 0, 
100, 1, 100, 100, -1, 183, 181, 26.0, 21, ABpraappa, 10635, 0, 0, 0, , 0, 0, 0, 0, 0, 
101, 1, 101, 101, -1, 258, 174, 25.0, 19, ABpraaapa, 8283, 0, 0, 0, , 0, 0, 0, 0, 0, 
102, 1, 102, 102, -1, 218, 169, 27.0, 21, ABpraaapp, 11980, 0, 0, 0, , 0, 0, 0, 0, 0, 
103, 1, 103, 103, -1, 264, 159, 21.0, 19, ABpraaaaa, 8178, 0, 0, 0, , 0, 0, 0, 0, 0, 
104, 1, 104, 104, -1, 240, 163, 21.0, 19, ABpraaaap, 9812, 0, 0, 0, , 0, 0, 0, 0, 0, 
105, 1, 105, 105, -1, 95, 233, 19.0, 19, ABprappap, 9329, 0, 0, 0, , 0, 0, 0, 0, 0, 
106, 1, 106, 106, -1, 120, 214, 21.0, 21, ABprappaa, 11348, 0, 0, 0, , 0, 0, 0, 0, 0, 
107, 1, 107, 107, -1, 87, 249, 17.0, 19, ABprapppa, 10975, 0, 0, 0, , 0, 0, 0, 0, 0, 
108, 1, 108, 108, -1, 78, 270, 15.0, 19, ABprapppp, 10317, 0, 0, 0, , 0, 0, 0, 0, 0, 
109, 1, 109, 109, -1, 167, 199, 30.0, 19, ABprapaaa, 9955, 0, 0, 0, , 0, 0, 0, 0, 0, 
110, 1, 110, 110, -1, 136, 216, 28.0, 19, ABprapaap, 9862, 0, 0, 0, , 0, 0, 0, 0, 0, 
111, 1, 111, 111, -1, 79, 259, 23.0, 19, ABprapapp, 11226, 0, 0, 0, , 0, 0, 0, 0, 0, 
112, 1, 112, 112, -1, 100, 238, 27.0, 21, ABprapapa, 10758, 0, 0, 0, , 0, 0, 0, 0, 0, 
113, 1, 113, 113, -1, 184, 210, 22.0, 17, MSppppa, 7901, 0, 0, 0, , 0, 0, 0, 0, 0, 
114, 1, 114, 114, -1, 167, 232, 21.0, 17, MSppppp, 7210, 0, 0, 0, , 0, 0, 0, 0, 0, 
115, 1, 115, 115, -1, 215, 211, 18.0, 17, MSpppaa, 7443, 0, 0, 0, , 0, 0, 0, 0, 0, 
116, 1, 116, 116, -1, 189, 233, 16.0, 17, MSpppap, 6477, 0, 0, 0, , 0, 0, 0, 0, 0, 
117, 1, 117, 117, -1, 239, 197, 19.0, 15, MSppaap, 6817, 0, 0, 0, , 0, 0, 0, 0, 0, 
118, 1, 118, 118, -1, 259, 181, 19.0, 17, MSppaaa, 8170, 0, 0, 0, , 0, 0, 0, 0, 0, 
119, 1, 119, 119, -1, 201, 202, 25.0, 19, MSppapp, 8610, 0, 0, 0, , 0, 0, 0, 0, 0, 
120, 1, 120, 120, -1, 227, 197, 23.0, 17, MSppapa, 7701, 0, 0, 0, , 0, 0, 0, 0, 0, 
121, 1, 121, 121, -1, 207, 255, 15.0, 17, MSpapap, 9996, 0, 0, 0, , 0, 0, 0, 0, 0, 
122, 1, 122, 122, -1, 229, 241, 19.0, 19, MSpapaa, 10892, 0, 0, 0, , 0, 0, 0, 0, 0, 
123, 1, 123, 123, -1, 205, 254, 10.0, 17, MSpappa, 10896, 0, 0, 0, , 0, 0, 0, 0, 0, 
124, 1, 124, 124, -1, 180, 270, 12.0, 21, MSpappp, 12933, 0, 0, 0, , 0, 0, 0, 0, 0, 
125, 1, 125, 125, -1, 276, 199, 25.0, 19, MSpaaap, 10255, 0, 0, 0, , 0, 0, 0, 0, 0, 
126, 1, 126, 126, -1, 299, 187, 21.0, 19, MSpaaaa, 9315, 0, 0, 0, , 0, 0, 0, 0, 0, 
127, 1, 127, 127, -1, 266, 211, 21.0, 19, MSpaapa, 10389, 0, 0, 0, , 0, 0, 0, 0, 0, 
128, 1, 128, 128, -1, 239, 222, 24.0, 17, MSpaapp, 7770, 0, 0, 0, , 0, 0, 0, 0, 0, 
129, 1, 129, 129, -1, 248, 303, 21.0, 17, MSapppa, 9746, 0, 0, 0, , 0, 0, 0, 0, 0, 
130, 1, 130, 130, -1, 216, 313, 23.0, 17, MSapppp, 7735, 0, 0, 0, , 0, 0, 0, 0, 0, 
131, 1, 131, 131, -1, 259, 280, 19.0, 17, MSappaa, 6699, 0, 0, 0, , 0, 0, 0, 0, 0, 
132, 1, 132, 132, -1, 226, 290, 16.0, 17, MSappap, 6485, 0, 0, 0, , 0, 0, 0, 0, 0, 
133, 1, 133, 133, -1, 254, 297, 26.0, 17, MSapapp, 8860, 0, 0, 0, , 0, 0, 0, 0, 0, 
134, 1, 134, 134, -1, 282, 285, 22.0, 17, MSapapa, 8571, 0, 0, 0, , 0, 0, 0, 0, 0, 
135, 1, 135, 135, -1, 296, 263, 21.0, 19, MSapaap, 7558, 0, 0, 0, , 0, 0, 0, 0, 0, 
136, 1, 136, 136, -1, 326, 247, 22.0, 19, MSapaaa, 8691, 0, 0, 0, , 0, 0, 0, 0, 0, 
137, 1, 137, 137, -1, 324, 207, 23.0, 19, MSaaaaa, 9579, 0, 0, 0, , 0, 0, 0, 0, 0, 
138, 1, 138, 138, -1, 302, 225, 27.0, 19, MSaaaap, 12056, 0, 0, 0, , 0, 0, 0, 0, 0, 
139, 1, 139, 139, -1, 300, 228, 22.0, 21, MSaaapa, 12657, 0, 0, 0, , 0, 0, 0, 0, 0, 
140, 1, 140, 140, -1, 266, 238, 23.0, 17, MSaaapp, 6908, 0, 0, 0, , 0, 0, 0, 0, 0, 
141, 1, 141, 141, -1, 206, 281, 12.0, 17, MSaappp, 7351, 0, 0, 0, , 0, 0, 0, 0, 0, 
142, 1, 142, 142, -1, 230, 268, 11.0, 17, MSaappa, 8382, 0, 0, 0, , 0, 0, 0, 0, 0, 
143, 1, 143, 143, -1, 269, 249, 20.0, 21, MSaapaa, 10449, 0, 0, 0, , 0, 0, 0, 0, 0, 
144, 1, 144, 144, -1, 236, 263, 16.0, 17, MSaapap, 8451, 0, 0, 0, , 0, 0, 0, 0, 0, 
145, 1, 145, 145, -1, 221, 286, 24.0, 25, Ealp, 19651, 0, 0, 0, , 0, 0, 0, 0, 0, 
146, 1, 146, 146, -1, 137, 314, 24.0, 27, Eplp, 65535, 0, 0, 0, , 0, 0, 0, 0, 0, 
147, 1, 147, 147, -1, 140, 336, 18.0, 19, Cappa, 9540, 0, 0, 0, , 0, 0, 0, 0, 0, 
148, 1, 148, 148, -1, 119, 329, 15.0, 19, Cappp, 9928, 0, 0, 0, , 0, 0, 0, 0, 0, 
149, 1, 149, 149, -1, 163, 305, 14.0, 21, Capaa, 10577, 0, 0, 0, , 0, 0, 0, 0, 0, 
150, 1, 150, 150, -1, 136, 319, 11.0, 21, Capap, 11977, 0, 0, 0, , 0, 0, 0, 0, 0, 
151, 1, 151, 151, -1, 114, 336, 29.0, 23, Caaap, 13846, 0, 0, 0, , 0, 0, 0, 0, 0, 
152, 1, 152, 152, -1, 153, 317, 34.0, 23, Caaaa, 32748, 0, 0, 0, , 0, 0, 0, 0, 0, 
153, 1, 153, 153, -1, 94, 344, 18.0, 21, Caapp, 10721, 0, 0, 0, , 0, 0, 0, 0, 0, 
154, 1, 154, 154, -1, 96, 354, 23.0, 19, Caapa, 7989, 0, 0, 0, , 0, 0, 0, 0, 0, 
155, 1, 155, 155, -1, 73, 326, 16.0, 21, Cpapp, 11087, 0, 0, 0, , 0, 0, 0, 0, 0, 
156, 1, 156, 156, -1, 76, 324, 23.0, 21, Cpapa, 14550, 0, 0, 0, , 0, 0, 0, 0, 0, 
157, 1, 157, 157, -1, 157, 264, 33.0, 23, Cpaaa, 13851, 0, 0, 0, , 0, 0, 0, 0, 0, 
158, 1, 158, 158, -1, 106, 300, 30.0, 21, Cpaap, 13446, 0, 0, 0, , 0, 0, 0, 0, 0, 
159, 1, 159, 159, -1, 132, 278, 12.0, 21, Cppaa, 12051, 0, 0, 0, , 0, 0, 0, 0, 0, 
160, 1, 160, 160, -1, 115, 300, 13.0, 21, Cppap, 10966, 0, 0, 0, , 0, 0, 0, 0, 0, 
161, 1, 161, 161, -1, 96, 313, 16.0, 21, Cpppp, 11024, 0, 0, 0, , 0, 0, 0, 0, 0, 
162, 1, 162, 162, -1, 85, 291, 19.0, 23, Cpppa, 12155, 0, 0, 0, , 0, 0, 0, 0, 0, 
163, 1, 163, 163, -1, 187, 307, 16.0, 15, Daap, 5671, 0, 0, 0, , 0, 0, 0, 0, 0, 
164, 1, 163, 164, -1, 208, 302, 18.0, 17, Daaa, 5820, 0, 0, 0, , 0, 0, 0, 0, 0, 
165, 1, 164, 165, -1, 172, 311, 21.0, 17, Dapp, 6258, 0, 0, 0, , 0, 0, 0, 0, 0, 
166, 1, 165, 166, -1, 163, 242, 17.0, 21, Dpa, 25048, 0, 0, 0, , 0, 0, 0, 0, 0, 
167, 1, 166, 167, -1, 125, 275, 18.0, 17, Dppp, 5919, 0, 0, 0, , 0, 0, 0, 0, 0, 
168, 1, 167, 168, -1, 145, 255, 19.0, 15, Dppa, 5412, 0, 0, 0, , 0, 0, 0, 0, 0, 
169, 1, 168, 169, -1, 186, 270, 18.0, 21, Z3, 14032, 0, 0, 0, , 0, 0, 0, 0, 0, 
170, 1, 169, 170, -1, 155, 284, 19.0, 21, Z2, 16842, 0, 0, 0, , 0, 0, 0, 0, 0, 
171, 0, 170, -1, -1, 382, 243, 24.0, 17, , 10810, 0, 0, 0, , 0, 0, 0, 0, 0, 
172, 1, 171, 172, -1, 306, 302, 27.0, 17, ABalpppppa, 6330, 0, 0, 0, , 0, 0, 0, 0, 0, 
173, 1, 171, 173, -1, 281, 311, 27.0, 17, ABalpppppp, 5590, 0, 0, 0, , 0, 0, 0, 0, 0, 
174, 1, 172, 174, -1, 320, 269, 28.0, 21, ABalppppa, 9740, 0, 0, 0, , 0, 0, 0, 0, 0, 
175, 1, 173, 175, -1, 345, 265, 25.0, 19, ABalpppaa, 9490, 0, 0, 0, , 0, 0, 0, 0, 0, 
176, 1, 174, 176, -1, 333, 288, 24.0, 19, ABalpppap, 12816, 0, 0, 0, , 0, 0, 0, 0, 0, 
177, 1, 175, 177, -1, 347, 262, 19.0, 19, ABalppaaa, 9625, 0, 0, 0, , 0, 0, 0, 0, 0, 
178, 1, 176, 178, -1, 340, 282, 19.0, 19, ABalppaap, 10032, 0, 0, 0, , 0, 0, 0, 0, 0, 
179, 1, 177, 179, -1, 300, 297, 14.0, 21, ABalppapp, 12305, 0, 0, 0, , 0, 0, 0, 0, 0, 
180, 1, 178, 180, -1, 320, 277, 14.0, 19, ABalppapa, 10621, 0, 0, 0, , 0, 0, 0, 0, 0, 
181, 1, 179, 181, -1, 294, 274, 11.0, 19, ABalpapap, 11825, 0, 0, 0, , 0, 0, 0, 0, 0, 
182, 1, 180, 182, -1, 323, 246, 10.0, 21, ABalpapaa, 13177, 0, 0, 0, , 0, 0, 0, 0, 0, 
183, 1, 181, 183, -1, 280, 251, 11.0, 15, ABalpappap, 5873, 0, 0, 0, , 0, 0, 0, 0, 0, 
184, 1, 181, 184, -1, 293, 242, 11.0, 15, ABalpappaa, 5994, 0, 0, 0, , 0, 0, 0, 0, 0, 
185, 1, 182, 185, -1, 265, 258, 14.0, 21, ABalpappp, 10179, 0, 0, 0, , 0, 0, 0, 0, 0, 
186, 1, 183, 186, -1, 311, 226, 11.0, 17, ABalpaaap, 9714, 0, 0, 0, , 0, 0, 0, 0, 0, 
187, 1, 184, 187, -1, 327, 203, 11.0, 19, ABalpaaaa, 9953, 0, 0, 0, , 0, 0, 0, 0, 0, 
188, 1, 185, 188, -1, 324, 253, 15.0, 19, ABalpaapp, 11351, 0, 0, 0, , 0, 0, 0, 0, 0, 
189, 1, 186, 189, -1, 336, 221, 15.0, 21, ABalpaapa, 13513, 0, 0, 0, , 0, 0, 0, 0, 0, 
190, 1, 187, 190, -1, 150, 249, 26.0, 27, Epra, 49971, 0, 0, 0, , 0, 0, 0, 0, 0, 
191, 1, 188, 191, -1, 226, 232, 27.0, 27, Eara, 56420, 0, 0, 0, , 0, 0, 0, 0, 0, 
192, 1, 189, 192, -1, 196, 244, 23.0, 25, Earp, 64815, 0, 0, 0, , 0, 0, 0, 0, 0, 
193, 1, 190, 193, -1, 254, 259, 28.0, 25, Eala, 60568, 0, 0, 0, , 0, 0, 0, 0, 0, 
194, 1, 191, 194, -1, 182, 279, 26.0, 23, Epla, 34303, 0, 0, 0, , 0, 0, 0, 0, 0, 
195, 1, 192, 195, -1, 106, 281, 24.0, 25, Eprp, 19804, 0, 0, 0, , 0, 0, 0, 0, 0, 
196, 1, 164, 196, -1, 183, 310, 25.0, 17, Dapa, 5978, 0, 0, 0, , 0, 0, 0, 0, 0, 
