1, 1, 1, 1, -1, 276, 210, 15.0, 21, ABaraappa, 11251, 0, 0, 0, , 0, 0, 0, 0, 0, 
2, 1, 2, 2, -1, 250, 225, 16.0, 21, ABaraappp, 10530, 0, 0, 0, , 0, 0, 0, 0, 0, 
3, 1, 3, 3, -1, 295, 236, 17.0, 19, ABaraapap, 12119, 0, 0, 0, , 0, 0, 0, 0, 0, 
4, 1, 4, 4, -1, 314, 216, 17.0, 19, ABaraapaa, 10443, 0, 0, 0, , 0, 0, 0, 0, 0, 
5, 1, 5, 5, -1, 270, 183, 11.0, 19, ABaraaapp, 10346, 0, 0, 0, , 0, 0, 0, 0, 0, 
6, 1, 6, 6, -1, 299, 195, 11.0, 21, ABaraaapa, 13815, 0, 0, 0, , 0, 0, 0, 0, 0, 
7, 1, 7, 7, -1, 322, 189, 15.0, 17, ABaraaaaa, 9833, 0, 0, 0, , 0, 0, 0, 0, 0, 
8, 1, 8, 8, -1, 299, 202, 16.0, 17, ABaraaaap, 8243, 0, 0, 0, , 0, 0, 0, 0, 0, 
9, 1, 9, 9, -1, 243, 229, 10.0, 23, ABarapapa, 12096, 0, 0, 0, , 0, 0, 0, 0, 0, 
10, 1, 10, 10, -1, 225, 237, 13.0, 19, ABarapapp, 11451, 0, 0, 0, , 0, 0, 0, 0, 0, 
11, 1, 11, 11, -1, 288, 217, 10.0, 17, ABarapaaa, 9342, 0, 0, 0, , 0, 0, 0, 0, 0, 
12, 1, 12, 12, -1, 262, 215, 11.0, 19, ABarapaap, 10735, 0, 0, 0, , 0, 0, 0, 0, 0, 
13, 1, 13, 13, -1, 235, 187, 12.0, 19, ABarapppa, 10950, 0, 0, 0, , 0, 0, 0, 0, 0, 
14, 1, 14, 14, -1, 212, 181, 12.0, 17, ABarapppp, 9194, 0, 0, 0, , 0, 0, 0, 0, 0, 
15, 1, 15, 15, -1, 238, 202, 11.0, 19, ABarappaa, 9694, 0, 0, 0, , 0, 0, 0, 0, 0, 
16, 1, 16, 16, -1, 210, 207, 11.0, 19, ABarappap, 11110, 0, 0, 0, , 0, 0, 0, 0, 0, 
17, 1, 17, 17, -1, 196, 205, 32.0, 21, ABarpappp, 11950, 0, 0, 0, , 0, 0, 0, 0, 0, 
18, 1, 18, 18, -1, 229, 206, 33.0, 19, ABarpappa, 8829, 0, 0, 0, , 0, 0, 0, 0, 0, 
19, 1, 19, 19, -1, 273, 183, 34.0, 21, ABarpapaa, 9511, 0, 0, 0, , 0, 0, 0, 0, 0, 
20, 1, 20, 20, -1, 257, 207, 34.0, 21, ABarpapap, 13490, 0, 0, 0, , 0, 0, 0, 0, 0, 
21, 1, 21, 21, -1, 205, 253, 32.0, 17, ABarpaapp, 10425, 0, 0, 0, , 0, 0, 0, 0, 0, 
22, 1, 22, 22, -1, 252, 238, 34.0, 21, ABarpaapa, 11305, 0, 0, 0, , 0, 0, 0, 0, 0, 
23, 1, 23, 23, -1, 305, 219, 35.0, 17, ABarpaaaa, 10578, 0, 0, 0, , 0, 0, 0, 0, 0, 
24, 1, 24, 24, -1, 284, 227, 33.0, 17, ABarpaaap, 8458, 0, 0, 0, , 0, 0, 0, 0, 0, 
25, 1, 25, 25, -1, 219, 279, 33.0, 19, ABarppaaa, 8312, 0, 0, 0, , 0, 0, 0, 0, 0, 
26, 1, 26, 26, -1, 203, 301, 32.0, 19, ABarppaap, 9815, 0, 0, 0, , 0, 0, 0, 0, 0, 
27, 1, 27, 27, -1, 146, 344, 28.0, 19, ABarppapp, 9125, 0, 0, 0, , 0, 0, 0, 0, 0, 
28, 1, 28, 28, -1, 187, 330, 31.0, 19, ABarppapa, 11093, 0, 0, 0, , 0, 0, 0, 0, 0, 
29, 1, 29, 29, -1, 111, 260, 30.0, 21, ABarppppp, 10256, 0, 0, 0, , 0, 0, 0, 0, 0, 
30, 1, 30, 30, -1, 133, 232, 32.0, 21, ABarppppa, 10947, 0, 0, 0, , 0, 0, 0, 0, 0, 
31, 1, 31, 31, -1, 195, 225, 34.0, 17, ABarpppaa, 8205, 0, 0, 0, , 0, 0, 0, 0, 0, 
32, 1, 32, 32, -1, 166, 227, 33.0, 19, ABarpppap, 10267, 0, 0, 0, , 0, 0, 0, 0, 0, 
33, 1, 33, 33, -1, 251, 204, 29.0, 21, ABalapppp, 12804, 0, 0, 0, , 0, 0, 0, 0, 0, 
34, 1, 34, 34, -1, 295, 192, 31.0, 21, ABalapppa, 9774, 0, 0, 0, , 0, 0, 0, 0, 0, 
35, 1, 35, 35, -1, 330, 194, 27.0, 19, ABalappaa, 7728, 0, 0, 0, , 0, 0, 0, 0, 0, 
36, 1, 36, 36, -1, 317, 183, 30.0, 21, ABalappap, 10620, 0, 0, 0, , 0, 0, 0, 0, 0, 
37, 1, 37, 37, -1, 290, 268, 27.0, 19, ABalapapp, 9589, 0, 0, 0, , 0, 0, 0, 0, 0, 
38, 1, 38, 38, -1, 322, 233, 31.0, 21, ABalapapa, 9890, 0, 0, 0, , 0, 0, 0, 0, 0, 
39, 1, 39, 39, -1, 352, 228, 25.0, 21, ABalapaaa, 10412, 0, 0, 0, , 0, 0, 0, 0, 0, 
40, 1, 40, 40, -1, 338, 240, 29.0, 19, ABalapaap, 11112, 0, 0, 0, , 0, 0, 0, 0, 0, 
41, 1, 41, 41, -1, 314, 169, 18.0, 19, ABalaapaa, 8170, 0, 0, 0, , 0, 0, 0, 0, 0, 
42, 1, 42, 42, -1, 290, 165, 19.0, 17, ABalaapap, 7324, 0, 0, 0, , 0, 0, 0, 0, 0, 
43, 1, 43, 43, -1, 298, 168, 24.0, 19, ABalaappa, 8975, 0, 0, 0, , 0, 0, 0, 0, 0, 
44, 1, 44, 44, -1, 282, 172, 28.0, 21, ABalaappp, 11162, 0, 0, 0, , 0, 0, 0, 0, 0, 
45, 1, 45, 45, -1, 354, 218, 20.0, 19, ABalaaaal, 9605, 0, 0, 0, , 0, 0, 0, 0, 0, 
46, 1, 46, 46, -1, 346, 193, 17.0, 19, ABalaaaar, 10431, 0, 0, 0, , 0, 0, 0, 0, 0, 
47, 1, 47, 47, -1, 331, 173, 23.0, 21, ABalaaapp, 10749, 0, 0, 0, , 0, 0, 0, 0, 0, 
48, 1, 48, 48, -1, 348, 197, 23.0, 19, ABalaaapa, 10964, 0, 0, 0, , 0, 0, 0, 0, 0, 
49, 1, 49, 49, -1, 212, 322, 13.0, 21, ABplppppa, 10721, 0, 0, 0, , 0, 0, 0, 0, 0, 
50, 1, 50, 50, -1, 175, 319, 10.0, 21, ABplppppp, 12477, 0, 0, 0, , 0, 0, 0, 0, 0, 
51, 1, 51, 51, -1, 180, 341, 14.0, 19, ABplpppap, 9125, 0, 0, 0, , 0, 0, 0, 0, 0, 
52, 1, 52, 52, -1, 208, 342, 15.0, 21, ABplpppaa, 12946, 0, 0, 0, , 0, 0, 0, 0, 0, 
53, 1, 53, 53, -1, 211, 343, 20.0, 21, ABplppapp, 14055, 0, 0, 0, , 0, 0, 0, 0, 0, 
54, 1, 54, 54, -1, 239, 330, 18.0, 21, ABplppapa, 10043, 0, 0, 0, , 0, 0, 0, 0, 0, 
55, 1, 55, 55, -1, 249, 328, 15.0, 21, ABplppaap, 11172, 0, 0, 0, , 0, 0, 0, 0, 0, 
56, 1, 56, 56, -1, 267, 319, 17.0, 17, ABplppaaa, 10336, 0, 0, 0, , 0, 0, 0, 0, 0, 
57, 1, 57, 57, -1, 241, 291, 10.0, 21, ABplpappa, 13569, 0, 0, 0, , 0, 0, 0, 0, 0, 
58, 1, 58, 58, -1, 214, 301, 10.0, 21, ABplpappp, 11117, 0, 0, 0, , 0, 0, 0, 0, 0, 
59, 1, 59, 59, -1, 258, 302, 13.0, 19, ABplpapap, 9554, 0, 0, 0, , 0, 0, 0, 0, 0, 
60, 1, 60, 60, -1, 278, 298, 12.0, 19, ABplpapaa, 9671, 0, 0, 0, , 0, 0, 0, 0, 0, 
61, 1, 61, 61, -1, 309, 288, 18.0, 21, ABplpaaaa, 11443, 0, 0, 0, , 0, 0, 0, 0, 0, 
62, 1, 62, 62, -1, 292, 316, 18.0, 19, ABplpaaap, 10992, 0, 0, 0, , 0, 0, 0, 0, 0, 
63, 1, 63, 63, -1, 268, 329, 21.0, 21, ABplpaapp, 13117, 0, 0, 0, , 0, 0, 0, 0, 0, 
64, 1, 64, 64, -1, 305, 303, 22.0, 21, ABplpaapa, 10556, 0, 0, 0, , 0, 0, 0, 0, 0, 
65, 1, 65, 65, -1, 260, 331, 29.0, 19, ABplaappa, 10873, 0, 0, 0, , 0, 0, 0, 0, 0, 
66, 1, 66, 66, -1, 236, 333, 25.0, 23, ABplaappp, 14290, 0, 0, 0, , 0, 0, 0, 0, 0, 
67, 1, 67, 67, -1, 313, 284, 33.0, 23, ABplaapaa, 13593, 0, 0, 0, , 0, 0, 0, 0, 0, 
68, 1, 68, 68, -1, 286, 299, 33.0, 21, ABplaapap, 11269, 0, 0, 0, , 0, 0, 0, 0, 0, 
69, 1, 69, 69, -1, 314, 255, 33.0, 19, ABplaaaaa, 8957, 0, 0, 0, , 0, 0, 0, 0, 0, 
70, 1, 70, 70, -1, 289, 255, 33.0, 19, ABplaaaap, 10215, 0, 0, 0, , 0, 0, 0, 0, 0, 
71, 1, 71, 71, -1, 248, 288, 32.0, 19, ABplaaapp, 11117, 0, 0, 0, , 0, 0, 0, 0, 0, 
72, 1, 72, 72, -1, 268, 263, 35.0, 17, ABplaaapa, 8545, 0, 0, 0, , 0, 0, 0, 0, 0, 
73, 1, 73, 73, -1, 154, 353, 17.0, 19, ABplapppp, 8033, 0, 0, 0, , 0, 0, 0, 0, 0, 
74, 1, 74, 74, -1, 181, 354, 19.0, 19, ABplapppa, 18273, 0, 0, 0, , 0, 0, 0, 0, 0, 
75, 1, 75, 75, -1, 211, 352, 24.0, 21, ABplappaa, 12978, 0, 0, 0, , 0, 0, 0, 0, 0, 
76, 1, 76, 76, -1, 179, 355, 23.0, 19, ABplappap, 13353, 0, 0, 0, , 0, 0, 0, 0, 0, 
77, 1, 77, 77, -1, 211, 332, 30.0, 19, ABplapaap, 10145, 0, 0, 0, , 0, 0, 0, 0, 0, 
78, 1, 78, 78, -1, 233, 315, 31.0, 21, ABplapaaa, 11637, 0, 0, 0, , 0, 0, 0, 0, 0, 
79, 1, 79, 79, -1, 147, 363, 23.0, 21, ABplapapp, 11470, 0, 0, 0, , 0, 0, 0, 0, 0, 
80, 1, 80, 80, -1, 170, 354, 31.0, 21, ABplapapa, 12604, 0, 0, 0, , 0, 0, 0, 0, 0, 
81, 1, 81, 81, -1, 190, 204, 14.0, 19, ABprpapaa, 9180, 0, 0, 0, , 0, 0, 0, 0, 0, 
82, 1, 82, 82, -1, 171, 203, 11.0, 19, ABprpapap, 10402, 0, 0, 0, , 0, 0, 0, 0, 0, 
83, 1, 83, 83, -1, 164, 235, 10.0, 19, ABprpappp, 11904, 0, 0, 0, , 0, 0, 0, 0, 0, 
84, 1, 84, 84, -1, 187, 227, 10.0, 19, ABprpappa, 10889, 0, 0, 0, , 0, 0, 0, 0, 0, 
85, 1, 85, 85, -1, 228, 175, 16.0, 19, ABprpaaaa, 12440, 0, 0, 0, , 0, 0, 0, 0, 0, 
86, 1, 86, 86, -1, 197, 173, 16.0, 19, ABprpaaap, 9584, 0, 0, 0, , 0, 0, 0, 0, 0, 
87, 1, 87, 87, -1, 216, 177, 20.0, 19, ABprpaapa, 10262, 0, 0, 0, , 0, 0, 0, 0, 0, 
88, 1, 88, 88, -1, 181, 183, 20.0, 21, ABprpaapp, 11102, 0, 0, 0, , 0, 0, 0, 0, 0, 
89, 1, 89, 89, -1, 113, 221, 13.0, 21, ABprpppaa, 11637, 0, 0, 0, , 0, 0, 0, 0, 0, 
90, 1, 90, 90, -1, 95, 256, 12.0, 19, ABprpppap, 9012, 0, 0, 0, , 0, 0, 0, 0, 0, 
91, 1, 91, 91, -1, 138, 232, 12.0, 19, ABprppppa, 11359, 0, 0, 0, , 0, 0, 0, 0, 0, 
92, 1, 92, 92, -1, 116, 257, 10.0, 21, ABprppppp, 10851, 0, 0, 0, , 0, 0, 0, 0, 0, 
93, 1, 93, 93, -1, 148, 203, 13.0, 19, ABprppaap, 9632, 0, 0, 0, , 0, 0, 0, 0, 0, 
94, 1, 94, 94, -1, 168, 199, 16.0, 19, ABprppaaa, 8816, 0, 0, 0, , 0, 0, 0, 0, 0, 
95, 1, 95, 95, -1, 141, 214, 17.0, 19, ABprppapa, 9211, 0, 0, 0, , 0, 0, 0, 0, 0, 
96, 1, 96, 96, -1, 122, 236, 17.0, 21, ABprppapp, 8246, 0, 0, 0, , 0, 0, 0, 0, 0, 
97, 1, 97, 97, -1, 247, 170, 30.0, 21, ABpraapaa, 11507, 0, 0, 0, , 0, 0, 0, 0, 0, 
98, 1, 98, 98, -1, 214, 183, 31.0, 21, ABpraapap, 12203, 0, 0, 0, , 0, 0, 0, 0, 0, 
99, 1, 99, 99, -1, 157, 196, 23.0, 21, ABpraappp, 14657, 0, 0, 0, , 0, 0, 0, 0, 0, 
100, 1, 100, 100, -1, 183, 182, 26.0, 19, ABpraappa, 10083, 0, 0, 0, , 0, 0, 0, 0, 0, 
101, 1, 101, 101, -1, 258, 174, 25.0, 19, ABpraaapa, 8926, 0, 0, 0, , 0, 0, 0, 0, 0, 
102, 1, 102, 102, -1, 216, 171, 26.0, 21, ABpraaapp, 14942, 0, 0, 0, , 0, 0, 0, 0, 0, 
103, 1, 103, 103, -1, 265, 161, 20.0, 17, ABpraaaaa, 9307, 0, 0, 0, , 0, 0, 0, 0, 0, 
104, 1, 104, 104, -1, 243, 163, 20.0, 17, ABpraaaap, 8616, 0, 0, 0, , 0, 0, 0, 0, 0, 
105, 1, 105, 105, -1, 96, 231, 19.0, 19, ABprappap, 9682, 0, 0, 0, , 0, 0, 0, 0, 0, 
106, 1, 106, 106, -1, 120, 213, 20.0, 19, ABprappaa, 11658, 0, 0, 0, , 0, 0, 0, 0, 0, 
107, 1, 107, 107, -1, 89, 247, 16.0, 21, ABprapppa, 10059, 0, 0, 0, , 0, 0, 0, 0, 0, 
108, 1, 108, 108, -1, 78, 267, 15.0, 21, ABprapppp, 9248, 0, 0, 0, , 0, 0, 0, 0, 0, 
109, 1, 109, 109, -1, 165, 199, 31.0, 19, ABprapaaa, 10689, 0, 0, 0, , 0, 0, 0, 0, 0, 
110, 1, 110, 110, -1, 138, 217, 27.0, 19, ABprapaap, 8477, 0, 0, 0, , 0, 0, 0, 0, 0, 
111, 1, 111, 111, -1, 78, 260, 22.0, 21, ABprapapp, 11942, 0, 0, 0, , 0, 0, 0, 0, 0, 
112, 1, 112, 112, -1, 98, 240, 27.0, 21, ABprapapa, 11052, 0, 0, 0, , 0, 0, 0, 0, 0, 
113, 1, 113, 113, -1, 187, 210, 22.0, 17, MSppppa, 8353, 0, 0, 0, , 0, 0, 0, 0, 0, 
114, 1, 114, 114, -1, 167, 229, 22.0, 19, MSppppp, 7348, 0, 0, 0, , 0, 0, 0, 0, 0, 
115, 1, 115, 115, -1, 216, 213, 18.0, 17, MSpppaa, 7344, 0, 0, 0, , 0, 0, 0, 0, 0, 
116, 1, 116, 116, -1, 191, 231, 16.0, 17, MSpppap, 8550, 0, 0, 0, , 0, 0, 0, 0, 0, 
117, 1, 117, 117, -1, 242, 197, 19.0, 17, MSppaap, 6713, 0, 0, 0, , 0, 0, 0, 0, 0, 
118, 1, 118, 118, -1, 260, 182, 19.0, 17, MSppaaa, 7699, 0, 0, 0, , 0, 0, 0, 0, 0, 
119, 1, 119, 119, -1, 202, 201, 25.0, 17, MSppapp, 8251, 0, 0, 0, , 0, 0, 0, 0, 0, 
120, 1, 120, 120, -1, 228, 197, 23.0, 17, MSppapa, 7300, 0, 0, 0, , 0, 0, 0, 0, 0, 
121, 1, 121, 121, -1, 206, 255, 15.0, 17, MSpapap, 9960, 0, 0, 0, , 0, 0, 0, 0, 0, 
122, 1, 122, 122, -1, 231, 241, 19.0, 21, MSpapaa, 10327, 0, 0, 0, , 0, 0, 0, 0, 0, 
123, 1, 123, 123, -1, 204, 256, 10.0, 19, MSpappa, 10841, 0, 0, 0, , 0, 0, 0, 0, 0, 
124, 1, 124, 124, -1, 180, 271, 12.0, 21, MSpappp, 10565, 0, 0, 0, , 0, 0, 0, 0, 0, 
125, 1, 125, 125, -1, 276, 201, 25.0, 19, MSpaaap, 10770, 0, 0, 0, , 0, 0, 0, 0, 0, 
126, 1, 126, 126, -1, 301, 186, 21.0, 19, MSpaaaa, 9021, 0, 0, 0, , 0, 0, 0, 0, 0, 
127, 1, 127, 127, -1, 268, 212, 21.0, 19, MSpaapa, 11527, 0, 0, 0, , 0, 0, 0, 0, 0, 
128, 1, 128, 128, -1, 241, 220, 24.0, 17, MSpaapp, 6411, 0, 0, 0, , 0, 0, 0, 0, 0, 
129, 1, 129, 129, -1, 249, 306, 20.0, 17, MSapppa, 6521, 0, 0, 0, , 0, 0, 0, 0, 0, 
130, 1, 130, 130, -1, 210, 314, 24.0, 17, MSapppp, 8100, 0, 0, 0, , 0, 0, 0, 0, 0, 
131, 1, 131, 131, -1, 260, 283, 20.0, 17, MSappaa, 7984, 0, 0, 0, , 0, 0, 0, 0, 0, 
132, 1, 132, 132, -1, 226, 294, 16.0, 17, MSappap, 6564, 0, 0, 0, , 0, 0, 0, 0, 0, 
133, 1, 133, 133, -1, 254, 298, 26.0, 19, MSapapp, 9223, 0, 0, 0, , 0, 0, 0, 0, 0, 
134, 1, 134, 134, -1, 281, 287, 23.0, 19, MSapapa, 8268, 0, 0, 0, , 0, 0, 0, 0, 0, 
135, 1, 135, 135, -1, 295, 265, 21.0, 19, MSapaap, 7582, 0, 0, 0, , 0, 0, 0, 0, 0, 
136, 1, 136, 136, -1, 328, 249, 22.0, 19, MSapaaa, 8946, 0, 0, 0, , 0, 0, 0, 0, 0, 
137, 1, 137, 137, -1, 324, 205, 22.0, 19, MSaaaaa, 9713, 0, 0, 0, , 0, 0, 0, 0, 0, 
138, 1, 138, 138, -1, 301, 226, 27.0, 19, MSaaaap, 12896, 0, 0, 0, , 0, 0, 0, 0, 0, 
139, 1, 139, 139, -1, 302, 230, 22.0, 23, MSaaapa, 36324, 0, 0, 0, , 0, 0, 0, 0, 0, 
140, 1, 140, 140, -1, 268, 241, 23.0, 17, MSaaapp, 7177, 0, 0, 0, , 0, 0, 0, 0, 0, 
141, 1, 141, 141, -1, 205, 283, 13.0, 19, MSaappp, 8604, 0, 0, 0, , 0, 0, 0, 0, 0, 
142, 1, 142, 142, -1, 226, 268, 11.0, 15, MSaappa, 7852, 0, 0, 0, , 0, 0, 0, 0, 0, 
143, 1, 143, 143, -1, 267, 252, 20.0, 21, MSaapaa, 10259, 0, 0, 0, , 0, 0, 0, 0, 0, 
144, 1, 144, 144, -1, 233, 265, 16.0, 17, MSaapap, 8200, 0, 0, 0, , 0, 0, 0, 0, 0, 
145, 1, 145, 145, -1, 218, 288, 24.0, 25, Ealp, 19914, 0, 0, 0, , 0, 0, 0, 0, 0, 
146, 1, 146, 146, -1, 138, 313, 23.0, 27, Eplp, 65535, 0, 0, 0, , 0, 0, 0, 0, 0, 
147, 1, 147, 147, -1, 139, 336, 18.0, 21, Cappa, 10553, 0, 0, 0, , 0, 0, 0, 0, 0, 
148, 1, 148, 148, -1, 120, 330, 15.0, 19, Cappp, 10146, 0, 0, 0, , 0, 0, 0, 0, 0, 
149, 1, 149, 149, -1, 158, 305, 14.0, 21, Capaa, 11108, 0, 0, 0, , 0, 0, 0, 0, 0, 
150, 1, 150, 150, -1, 135, 319, 11.0, 21, Capap, 10805, 0, 0, 0, , 0, 0, 0, 0, 0, 
151, 1, 151, 151, -1, 114, 334, 28.0, 23, Caaap, 14379, 0, 0, 0, , 0, 0, 0, 0, 0, 
152, 1, 152, 152, -1, 153, 320, 33.0, 21, Caaaa, 11992, 0, 0, 0, , 0, 0, 0, 0, 0, 
153, 1, 153, 153, -1, 93, 345, 18.0, 21, Caapp, 10209, 0, 0, 0, , 0, 0, 0, 0, 0, 
154, 1, 154, 154, -1, 95, 357, 23.0, 19, Caapa, 9864, 0, 0, 0, , 0, 0, 0, 0, 0, 
155, 1, 155, 155, -1, 73, 325, 16.0, 21, Cpapp, 11175, 0, 0, 0, , 0, 0, 0, 0, 0, 
156, 1, 156, 156, -1, 76, 323, 23.0, 23, Cpapa, 14537, 0, 0, 0, , 0, 0, 0, 0, 0, 
157, 1, 157, 157, -1, 152, 263, 33.0, 23, Cpaaa, 17478, 0, 0, 0, , 0, 0, 0, 0, 0, 
158, 1, 158, 158, -1, 109, 300, 32.0, 21, Cpaap, 13978, 0, 0, 0, , 0, 0, 0, 0, 0, 
159, 1, 159, 159, -1, 133, 276, 12.0, 21, Cppaa, 11578, 0, 0, 0, , 0, 0, 0, 0, 0, 
160, 1, 160, 160, -1, 117, 300, 13.0, 21, Cppap, 11319, 0, 0, 0, , 0, 0, 0, 0, 0, 
161, 1, 161, 161, -1, 97, 314, 16.0, 21, Cpppp, 11005, 0, 0, 0, , 0, 0, 0, 0, 0, 
162, 1, 162, 162, -1, 87, 290, 18.0, 23, Cpppa, 12063, 0, 0, 0, , 0, 0, 0, 0, 0, 
163, 1, 163, 163, -1, 182, 309, 14.0, 15, Daap, 5971, 0, 0, 0, , 0, 0, 0, 0, 0, 
164, 1, 164, 164, -1, 205, 303, 19.0, 17, Daaa, 6069, 0, 0, 0, , 0, 0, 0, 0, 0, 
165, 1, 165, 165, -1, 180, 313, 20.0, 17, Dapp, 6505, 0, 0, 0, , 0, 0, 0, 0, 0, 
166, 1, 166, 166, -1, 164, 238, 17.0, 19, Dpa, 8592, 0, 0, 0, , 0, 0, 0, 0, 0, 
167, 1, 167, 167, -1, 123, 274, 18.0, 17, Dppp, 6667, 0, 0, 0, , 0, 0, 0, 0, 0, 
168, 1, 168, 168, -1, 146, 252, 18.0, 17, Dppa, 5961, 0, 0, 0, , 0, 0, 0, 0, 0, 
169, 1, 169, 169, -1, 185, 270, 17.0, 21, Z3, 13104, 0, 0, 0, , 0, 0, 0, 0, 0, 
170, 1, 170, 170, -1, 154, 282, 19.0, 21, Z2, 13137, 0, 0, 0, , 0, 0, 0, 0, 0, 
171, 0, 171, -1, -1, 382, 244, 24.0, 17, , 13096, 0, 0, 0, , 0, 0, 0, 0, 0, 
172, 1, 172, 172, -1, 306, 302, 27.0, 15, ABalpppppa, 6007, 0, 0, 0, , 0, 0, 0, 0, 0, 
173, 1, 173, 173, -1, 278, 316, 27.0, 17, ABalpppppp, 5738, 0, 0, 0, , 0, 0, 0, 0, 0, 
174, 1, 174, 174, -1, 319, 270, 28.0, 19, ABalppppa, 9547, 0, 0, 0, , 0, 0, 0, 0, 0, 
175, 1, 175, 175, -1, 344, 266, 25.0, 17, ABalpppaa, 9282, 0, 0, 0, , 0, 0, 0, 0, 0, 
176, 1, 176, 176, -1, 333, 290, 24.0, 19, ABalpppap, 12596, 0, 0, 0, , 0, 0, 0, 0, 0, 
177, 1, 177, 177, -1, 346, 267, 19.0, 19, ABalppaaa, 9729, 0, 0, 0, , 0, 0, 0, 0, 0, 
178, 1, 178, 178, -1, 335, 286, 19.0, 17, ABalppaap, 12370, 0, 0, 0, , 0, 0, 0, 0, 0, 
179, 1, 179, 179, -1, 298, 296, 14.0, 21, ABalppapp, 12890, 0, 0, 0, , 0, 0, 0, 0, 0, 
180, 1, 180, 180, -1, 319, 278, 13.0, 21, ABalppapa, 11479, 0, 0, 0, , 0, 0, 0, 0, 0, 
181, 1, 181, 181, -1, 293, 273, 11.0, 19, ABalpapap, 10937, 0, 0, 0, , 0, 0, 0, 0, 0, 
182, 1, 182, 182, -1, 327, 250, 11.0, 21, ABalpapaa, 15415, 0, 0, 0, , 0, 0, 0, 0, 0, 
183, 1, 183, 183, -1, 276, 251, 11.0, 15, ABalpappap, 5426, 0, 0, 0, , 0, 0, 0, 0, 0, 
184, 1, 184, 184, -1, 301, 242, 10.0, 15, ABalpappaa, 5137, 0, 0, 0, , 0, 0, 0, 0, 0, 
185, 1, 185, 185, 186, 263, 261, 14.0, 19, ABalpappp, 10214, 0, 0, 0, , 0, 0, 0, 0, 0, 
186, 1, 186, 187, -1, 315, 227, 11.0, 19, ABalpaaap, 8634, 0, 0, 0, , 0, 0, 0, 0, 0, 
187, 1, 187, 188, -1, 330, 206, 11.0, 19, ABalpaaaa, 10479, 0, 0, 0, , 0, 0, 0, 0, 0, 
188, 1, 188, 189, -1, 325, 255, 15.0, 19, ABalpaapp, 11727, 0, 0, 0, , 0, 0, 0, 0, 0, 
189, 1, 189, 190, -1, 337, 220, 15.0, 19, ABalpaapa, 12110, 0, 0, 0, , 0, 0, 0, 0, 0, 
190, 1, 190, 191, -1, 152, 249, 25.0, 25, Epra, 65535, 0, 0, 0, , 0, 0, 0, 0, 0, 
191, 1, 191, 192, -1, 228, 230, 28.0, 29, Eara, 65535, 0, 0, 0, , 0, 0, 0, 0, 0, 
192, 1, 192, 193, -1, 196, 245, 23.0, 27, Earp, 63751, 0, 0, 0, , 0, 0, 0, 0, 0, 
193, 1, 193, 194, -1, 252, 258, 27.0, 27, Eala, 65535, 0, 0, 0, , 0, 0, 0, 0, 0, 
194, 1, 194, 195, -1, 180, 278, 27.0, 25, Epla, 65535, 0, 0, 0, , 0, 0, 0, 0, 0, 
195, 1, 195, 196, -1, 105, 281, 24.0, 27, Eprp, 55226, 0, 0, 0, , 0, 0, 0, 0, 0, 
196, 1, 196, 197, -1, 175, 311, 26.0, 17, Dapa, 5415, 0, 0, 0, , 0, 0, 0, 0, 0, 
