1, 1, 1, 1, -1, 280, 204, 15.0, 21, ABaraappa, 10510, 0, 0, 0, , 0, 0, 0, 0, 0, 
2, 1, 2, 2, -1, 254, 221, 17.0, 19, ABaraappp, 12058, 0, 0, 0, , 0, 0, 0, 0, 0, 
3, 1, 3, 3, -1, 294, 238, 18.0, 21, ABaraapap, 13266, 0, 0, 0, , 0, 0, 0, 0, 0, 
4, 1, 4, 4, -1, 316, 212, 17.0, 19, ABaraapaa, 9409, 0, 0, 0, , 0, 0, 0, 0, 0, 
5, 1, 5, 5, -1, 272, 185, 10.0, 19, ABaraaapp, 10013, 0, 0, 0, , 0, 0, 0, 0, 0, 
6, 1, 6, 6, -1, 301, 196, 11.0, 21, ABaraaapa, 14398, 0, 0, 0, , 0, 0, 0, 0, 0, 
7, 1, 7, 7, -1, 326, 189, 14.0, 17, ABaraaaaa, 9079, 0, 0, 0, , 0, 0, 0, 0, 0, 
8, 1, 8, 8, -1, 301, 205, 15.0, 17, ABaraaaap, 10339, 0, 0, 0, , 0, 0, 0, 0, 0, 
9, 1, 9, 9, -1, 243, 237, 10.0, 19, ABarapapa, 12410, 0, 0, 0, , 0, 0, 0, 0, 0, 
10, 1, 10, 10, -1, 210, 249, 13.0, 15, ABarapappp, 6055, 0, 0, 0, , 0, 0, 0, 0, 0, 
11, 1, 10, 11, -1, 235, 233, 14.0, 15, ABarapappa, 5105, 0, 0, 0, , 0, 0, 0, 0, 0, 
12, 1, 11, 12, -1, 284, 220, 10.0, 19, ABarapaaa, 10450, 0, 0, 0, , 0, 0, 0, 0, 0, 
13, 1, 12, 13, -1, 260, 214, 12.0, 19, ABarapaap, 13052, 0, 0, 0, , 0, 0, 0, 0, 0, 
14, 1, 13, 14, -1, 236, 187, 11.0, 21, ABarapppa, 10448, 0, 0, 0, , 0, 0, 0, 0, 0, 
15, 1, 14, 15, -1, 211, 185, 11.0, 19, ABarapppp, 10550, 0, 0, 0, , 0, 0, 0, 0, 0, 
16, 1, 15, 16, -1, 236, 209, 10.0, 19, ABarappaa, 9436, 0, 0, 0, , 0, 0, 0, 0, 0, 
17, 1, 16, 17, -1, 210, 212, 11.0, 19, ABarappap, 10725, 0, 0, 0, , 0, 0, 0, 0, 0, 
18, 1, 17, 18, -1, 196, 200, 31.0, 19, ABarpappp, 11100, 0, 0, 0, , 0, 0, 0, 0, 0, 
19, 1, 18, 19, -1, 226, 205, 33.0, 17, ABarpappa, 8845, 0, 0, 0, , 0, 0, 0, 0, 0, 
20, 1, 19, 20, -1, 271, 182, 34.0, 19, ABarpapaa, 9550, 0, 0, 0, , 0, 0, 0, 0, 0, 
21, 1, 20, 21, -1, 257, 207, 35.0, 19, ABarpapap, 11051, 0, 0, 0, , 0, 0, 0, 0, 0, 
22, 1, 21, 22, -1, 199, 249, 32.0, 17, ABarpaapp, 10656, 0, 0, 0, , 0, 0, 0, 0, 0, 
23, 1, 22, 23, -1, 253, 235, 33.0, 21, ABarpaapa, 11904, 0, 0, 0, , 0, 0, 0, 0, 0, 
24, 1, 23, 24, -1, 306, 216, 34.0, 19, ABarpaaaa, 11769, 0, 0, 0, , 0, 0, 0, 0, 0, 
25, 1, 24, 25, -1, 285, 220, 33.0, 19, ABarpaaap, 7420, 0, 0, 0, , 0, 0, 0, 0, 0, 
26, 1, 25, 26, -1, 216, 276, 33.0, 19, ABarppaaa, 10564, 0, 0, 0, , 0, 0, 0, 0, 0, 
27, 1, 26, 27, -1, 197, 300, 33.0, 19, ABarppaap, 10910, 0, 0, 0, , 0, 0, 0, 0, 0, 
28, 1, 27, 28, -1, 146, 337, 27.0, 19, ABarppapp, 9545, 0, 0, 0, , 0, 0, 0, 0, 0, 
29, 1, 28, 29, -1, 183, 329, 31.0, 19, ABarppapa, 12059, 0, 0, 0, , 0, 0, 0, 0, 0, 
30, 1, 29, 30, -1, 107, 254, 29.0, 21, ABarppppp, 11262, 0, 0, 0, , 0, 0, 0, 0, 0, 
31, 1, 30, 31, -1, 134, 227, 31.0, 19, ABarppppa, 11874, 0, 0, 0, , 0, 0, 0, 0, 0, 
32, 1, 31, 32, -1, 189, 220, 34.0, 17, ABarpppaa, 8644, 0, 0, 0, , 0, 0, 0, 0, 0, 
33, 1, 32, 33, -1, 165, 229, 32.0, 21, ABarpppap, 10921, 0, 0, 0, , 0, 0, 0, 0, 0, 
34, 1, 33, 34, -1, 247, 201, 28.0, 19, ABalapppp, 10575, 0, 0, 0, , 0, 0, 0, 0, 0, 
35, 1, 34, 35, -1, 292, 186, 31.0, 21, ABalapppa, 10996, 0, 0, 0, , 0, 0, 0, 0, 0, 
36, 1, 35, 36, -1, 329, 192, 28.0, 17, ABalappaa, 8855, 0, 0, 0, , 0, 0, 0, 0, 0, 
37, 1, 36, 37, -1, 317, 182, 30.0, 21, ABalappap, 10797, 0, 0, 0, , 0, 0, 0, 0, 0, 
38, 1, 37, 38, -1, 293, 262, 28.0, 21, ABalapapp, 11370, 0, 0, 0, , 0, 0, 0, 0, 0, 
39, 1, 38, 39, -1, 325, 231, 30.0, 19, ABalapapa, 8982, 0, 0, 0, , 0, 0, 0, 0, 0, 
40, 1, 39, 40, -1, 350, 223, 25.0, 19, ABalapaaa, 10192, 0, 0, 0, , 0, 0, 0, 0, 0, 
41, 1, 40, 41, -1, 338, 241, 26.0, 21, ABalapaap, 10830, 0, 0, 0, , 0, 0, 0, 0, 0, 
42, 1, 41, 42, -1, 317, 169, 18.0, 19, ABalaapaa, 8674, 0, 0, 0, , 0, 0, 0, 0, 0, 
43, 1, 42, 43, -1, 291, 164, 18.0, 17, ABalaapap, 10636, 0, 0, 0, , 0, 0, 0, 0, 0, 
44, 1, 43, 44, -1, 295, 166, 23.0, 19, ABalaappa, 11354, 0, 0, 0, , 0, 0, 0, 0, 0, 
45, 1, 44, 45, -1, 283, 172, 27.0, 23, ABalaappp, 10521, 0, 0, 0, , 0, 0, 0, 0, 0, 
46, 1, 45, 46, -1, 355, 218, 20.0, 21, ABalaaaal, 10759, 0, 0, 0, , 0, 0, 0, 0, 0, 
47, 1, 46, 47, -1, 346, 193, 18.0, 19, ABalaaaar, 10421, 0, 0, 0, , 0, 0, 0, 0, 0, 
48, 1, 47, 48, -1, 328, 172, 23.0, 19, ABalaaapp, 10828, 0, 0, 0, , 0, 0, 0, 0, 0, 
49, 1, 48, 49, -1, 348, 196, 23.0, 19, ABalaaapa, 10061, 0, 0, 0, , 0, 0, 0, 0, 0, 
50, 1, 49, 50, -1, 213, 321, 13.0, 20, ABplppppa, 9027, 0, 0, 0, , 0, 0, 0, 0, 0, 
51, 1, 50, 51, -1, 178, 322, 10.0, 21, ABplppppp, 14795, 0, 0, 0, , 0, 0, 0, 0, 0, 
52, 1, 51, 52, -1, 181, 344, 14.0, 19, ABplpppap, 10128, 0, 0, 0, , 0, 0, 0, 0, 0, 
53, 1, 52, 53, -1, 206, 342, 17.0, 21, ABplpppaa, 14240, 0, 0, 0, , 0, 0, 0, 0, 0, 
54, 1, 53, 54, -1, 212, 342, 21.0, 19, ABplppapp, 11743, 0, 0, 0, , 0, 0, 0, 0, 0, 
55, 1, 54, 55, -1, 240, 330, 18.0, 21, ABplppapa, 9559, 0, 0, 0, , 0, 0, 0, 0, 0, 
56, 1, 55, 56, -1, 249, 326, 14.0, 21, ABplppaap, 11181, 0, 0, 0, , 0, 0, 0, 0, 0, 
57, 1, 56, 57, -1, 266, 322, 17.0, 17, ABplppaaa, 10567, 0, 0, 0, , 0, 0, 0, 0, 0, 
58, 1, 57, 58, 59, 236, 285, 11.0, 17, ABplpappa, 9690, 0, 0, 0, , 0, 0, 0, 0, 0, 
59, 1, 58, 60, -1, 215, 301, 9.0, 23, ABplpappp, 11931, 0, 0, 0, , 0, 0, 0, 0, 0, 
60, 1, 59, 61, -1, 258, 303, 13.0, 21, ABplpapap, 9883, 0, 0, 0, , 0, 0, 0, 0, 0, 
61, 1, 60, 62, -1, 275, 291, 12.0, 19, ABplpapaa, 10370, 0, 0, 0, , 0, 0, 0, 0, 0, 
62, 1, 61, 63, -1, 309, 293, 18.0, 19, ABplpaaaa, 10828, 0, 0, 0, , 0, 0, 0, 0, 0, 
63, 1, 62, 64, -1, 292, 317, 19.0, 19, ABplpaaap, 9411, 0, 0, 0, , 0, 0, 0, 0, 0, 
64, 1, 63, 65, -1, 267, 330, 22.0, 21, ABplpaapp, 12292, 0, 0, 0, , 0, 0, 0, 0, 0, 
65, 1, 64, 66, -1, 302, 306, 23.0, 19, ABplpaapa, 10632, 0, 0, 0, , 0, 0, 0, 0, 0, 
66, 1, 65, 67, -1, 261, 324, 31.0, 21, ABplaappa, 12543, 0, 0, 0, , 0, 0, 0, 0, 0, 
67, 1, 66, 68, -1, 237, 332, 26.0, 21, ABplaappp, 13757, 0, 0, 0, , 0, 0, 0, 0, 0, 
68, 1, 67, 69, -1, 312, 278, 34.0, 21, ABplaapaa, 25111, 0, 0, 0, , 0, 0, 0, 0, 0, 
69, 1, 68, 70, -1, 287, 294, 32.0, 21, ABplaapap, 12704, 0, 0, 0, , 0, 0, 0, 0, 0, 
70, 1, 69, 71, -1, 314, 249, 33.0, 19, ABplaaaaa, 9269, 0, 0, 0, , 0, 0, 0, 0, 0, 
71, 1, 70, 72, -1, 290, 250, 34.0, 19, ABplaaaap, 9612, 0, 0, 0, , 0, 0, 0, 0, 0, 
72, 1, 71, 73, -1, 248, 282, 33.0, 21, ABplaaapp, 12633, 0, 0, 0, , 0, 0, 0, 0, 0, 
73, 1, 72, 74, -1, 269, 260, 34.0, 17, ABplaaapa, 9963, 0, 0, 0, , 0, 0, 0, 0, 0, 
74, 1, 73, 75, -1, 153, 356, 18.0, 19, ABplapppp, 10054, 0, 0, 0, , 0, 0, 0, 0, 0, 
75, 1, 74, 76, -1, 180, 350, 19.0, 19, ABplapppa, 13428, 0, 0, 0, , 0, 0, 0, 0, 0, 
76, 1, 75, 77, -1, 211, 351, 25.0, 21, ABplappaa, 12752, 0, 0, 0, , 0, 0, 0, 0, 0, 
77, 1, 76, 78, -1, 182, 352, 24.0, 21, ABplappap, 11799, 0, 0, 0, , 0, 0, 0, 0, 0, 
78, 1, 77, 79, -1, 209, 328, 31.0, 21, ABplapaap, 10969, 0, 0, 0, , 0, 0, 0, 0, 0, 
79, 1, 78, 80, -1, 232, 309, 31.0, 21, ABplapaaa, 11237, 0, 0, 0, , 0, 0, 0, 0, 0, 
80, 1, 79, 81, -1, 150, 357, 23.0, 19, ABplapapp, 13233, 0, 0, 0, , 0, 0, 0, 0, 0, 
81, 1, 80, 82, -1, 166, 351, 31.0, 21, ABplapapa, 12689, 0, 0, 0, , 0, 0, 0, 0, 0, 
82, 1, 81, 83, -1, 189, 200, 13.0, 19, ABprpapaa, 8913, 0, 0, 0, , 0, 0, 0, 0, 0, 
83, 1, 82, 84, -1, 172, 208, 10.0, 19, ABprpapap, 11895, 0, 0, 0, , 0, 0, 0, 0, 0, 
84, 1, 83, 85, -1, 168, 244, 10.0, 21, ABprpappp, 11532, 0, 0, 0, , 0, 0, 0, 0, 0, 
85, 1, 84, 86, -1, 191, 230, 11.0, 17, ABprpappa, 11357, 0, 0, 0, , 0, 0, 0, 0, 0, 
86, 1, 85, 87, -1, 229, 178, 15.0, 21, ABprpaaaa, 10615, 0, 0, 0, , 0, 0, 0, 0, 0, 
87, 1, 86, 88, -1, 196, 175, 16.0, 19, ABprpaaap, 9211, 0, 0, 0, , 0, 0, 0, 0, 0, 
88, 1, 87, 89, -1, 215, 172, 19.0, 19, ABprpaapa, 10931, 0, 0, 0, , 0, 0, 0, 0, 0, 
89, 1, 88, 90, -1, 184, 179, 20.0, 23, ABprpaapp, 10989, 0, 0, 0, , 0, 0, 0, 0, 0, 
90, 1, 89, 91, -1, 113, 226, 13.0, 21, ABprpppaa, 9531, 0, 0, 0, , 0, 0, 0, 0, 0, 
91, 1, 90, 92, -1, 99, 255, 11.0, 19, ABprpppap, 8874, 0, 0, 0, , 0, 0, 0, 0, 0, 
92, 1, 91, 93, -1, 144, 224, 12.0, 19, ABprppppa, 12208, 0, 0, 0, , 0, 0, 0, 0, 0, 
93, 1, 92, 94, -1, 122, 259, 10.0, 19, ABprppppp, 9970, 0, 0, 0, , 0, 0, 0, 0, 0, 
94, 1, 93, 95, -1, 155, 199, 12.0, 19, ABprppaap, 9204, 0, 0, 0, , 0, 0, 0, 0, 0, 
95, 1, 94, 96, -1, 171, 192, 16.0, 19, ABprppaaa, 8909, 0, 0, 0, , 0, 0, 0, 0, 0, 
96, 1, 95, 97, -1, 146, 204, 16.0, 21, ABprppapa, 12066, 0, 0, 0, , 0, 0, 0, 0, 0, 
97, 1, 96, 98, -1, 127, 225, 17.0, 21, ABprppapp, 10900, 0, 0, 0, , 0, 0, 0, 0, 0, 
98, 1, 97, 99, -1, 252, 171, 31.0, 19, ABpraapaa, 11268, 0, 0, 0, , 0, 0, 0, 0, 0, 
99, 1, 98, 100, -1, 215, 183, 30.0, 21, ABpraapap, 11709, 0, 0, 0, , 0, 0, 0, 0, 0, 
100, 1, 99, 101, -1, 162, 194, 23.0, 21, ABpraappp, 9881, 0, 0, 0, , 0, 0, 0, 0, 0, 
101, 1, 100, 102, -1, 191, 176, 26.0, 21, ABpraappa, 11313, 0, 0, 0, , 0, 0, 0, 0, 0, 
102, 1, 101, 103, -1, 258, 172, 24.0, 19, ABpraaapa, 8819, 0, 0, 0, , 0, 0, 0, 0, 0, 
103, 1, 102, 104, -1, 229, 174, 25.0, 21, ABpraaapp, 11668, 0, 0, 0, , 0, 0, 0, 0, 0, 
104, 1, 103, 105, -1, 265, 159, 20.0, 17, ABpraaaaa, 8041, 0, 0, 0, , 0, 0, 0, 0, 0, 
105, 1, 104, 106, -1, 243, 163, 20.0, 19, ABpraaaap, 9201, 0, 0, 0, , 0, 0, 0, 0, 0, 
106, 1, 105, 107, -1, 97, 227, 18.0, 19, ABprappap, 11216, 0, 0, 0, , 0, 0, 0, 0, 0, 
107, 1, 106, 108, -1, 123, 208, 20.0, 21, ABprappaa, 12014, 0, 0, 0, , 0, 0, 0, 0, 0, 
108, 1, 107, 109, -1, 93, 244, 15.0, 19, ABprapppa, 9357, 0, 0, 0, , 0, 0, 0, 0, 0, 
109, 1, 108, 110, -1, 81, 267, 14.0, 21, ABprapppp, 9917, 0, 0, 0, , 0, 0, 0, 0, 0, 
110, 1, 109, 111, -1, 164, 198, 30.0, 21, ABprapaaa, 10733, 0, 0, 0, , 0, 0, 0, 0, 0, 
111, 1, 110, 112, -1, 137, 213, 26.0, 19, ABprapaap, 10558, 0, 0, 0, , 0, 0, 0, 0, 0, 
112, 1, 111, 113, -1, 78, 259, 20.0, 21, ABprapapp, 11146, 0, 0, 0, , 0, 0, 0, 0, 0, 
113, 1, 112, 114, -1, 93, 237, 25.0, 21, ABprapapa, 12816, 0, 0, 0, , 0, 0, 0, 0, 0, 
114, 1, 113, 115, -1, 190, 207, 21.0, 19, MSppppa, 8831, 0, 0, 0, , 0, 0, 0, 0, 0, 
115, 1, 114, 116, -1, 167, 222, 24.0, 17, MSppppp, 7181, 0, 0, 0, , 0, 0, 0, 0, 0, 
116, 1, 115, 117, -1, 219, 212, 18.0, 17, MSpppaa, 8279, 0, 0, 0, , 0, 0, 0, 0, 0, 
117, 1, 116, 118, -1, 195, 230, 16.0, 17, MSpppap, 7683, 0, 0, 0, , 0, 0, 0, 0, 0, 
118, 1, 117, 119, -1, 245, 195, 17.0, 15, MSppaap, 6573, 0, 0, 0, , 0, 0, 0, 0, 0, 
119, 1, 118, 120, -1, 261, 179, 18.0, 17, MSppaaa, 7699, 0, 0, 0, , 0, 0, 0, 0, 0, 
120, 1, 119, 121, -1, 204, 198, 24.0, 19, MSppapp, 9107, 0, 0, 0, , 0, 0, 0, 0, 0, 
121, 1, 120, 122, -1, 232, 197, 22.0, 17, MSppapa, 7290, 0, 0, 0, , 0, 0, 0, 0, 0, 
122, 1, 121, 123, -1, 204, 258, 17.0, 21, MSpapap, 8704, 0, 0, 0, , 0, 0, 0, 0, 0, 
123, 1, 122, 124, -1, 234, 237, 19.0, 21, MSpapaa, 10871, 0, 0, 0, , 0, 0, 0, 0, 0, 
124, 1, 123, 125, -1, 193, 261, 11.0, 17, MSpappa, 7334, 0, 0, 0, , 0, 0, 0, 0, 0, 
125, 1, 124, 126, -1, 176, 277, 12.0, 19, MSpappp, 10304, 0, 0, 0, , 0, 0, 0, 0, 0, 
126, 1, 125, 127, -1, 276, 201, 25.0, 21, MSpaaap, 11917, 0, 0, 0, , 0, 0, 0, 0, 0, 
127, 1, 126, 128, -1, 305, 186, 21.0, 19, MSpaaaa, 9022, 0, 0, 0, , 0, 0, 0, 0, 0, 
128, 1, 127, 129, -1, 271, 211, 20.0, 23, MSpaapa, 13124, 0, 0, 0, , 0, 0, 0, 0, 0, 
129, 1, 128, 130, -1, 241, 219, 24.0, 17, MSpaapp, 6586, 0, 0, 0, , 0, 0, 0, 0, 0, 
130, 1, 129, 131, -1, 249, 307, 21.0, 17, MSapppa, 6304, 0, 0, 0, , 0, 0, 0, 0, 0, 
131, 1, 130, 132, -1, 212, 312, 24.0, 17, MSapppp, 8689, 0, 0, 0, , 0, 0, 0, 0, 0, 
132, 1, 131, 133, -1, 265, 285, 20.0, 19, MSappaa, 8889, 0, 0, 0, , 0, 0, 0, 0, 0, 
133, 1, 132, 134, -1, 228, 295, 17.0, 17, MSappap, 7034, 0, 0, 0, , 0, 0, 0, 0, 0, 
134, 1, 133, 135, -1, 253, 296, 25.0, 19, MSapapp, 8661, 0, 0, 0, , 0, 0, 0, 0, 0, 
135, 1, 134, 136, -1, 285, 283, 24.0, 17, MSapapa, 7291, 0, 0, 0, , 0, 0, 0, 0, 0, 
136, 1, 135, 137, -1, 295, 266, 21.0, 19, MSapaap, 7478, 0, 0, 0, , 0, 0, 0, 0, 0, 
137, 1, 136, 138, -1, 323, 252, 21.0, 19, MSapaaa, 7637, 0, 0, 0, , 0, 0, 0, 0, 0, 
138, 1, 137, 139, -1, 324, 204, 23.0, 19, MSaaaaa, 9513, 0, 0, 0, , 0, 0, 0, 0, 0, 
139, 1, 138, 140, -1, 300, 223, 27.0, 19, MSaaaap, 10270, 0, 0, 0, , 0, 0, 0, 0, 0, 
140, 1, 139, 141, -1, 305, 227, 22.0, 21, MSaaapa, 12986, 0, 0, 0, , 0, 0, 0, 0, 0, 
141, 1, 140, 142, -1, 272, 239, 23.0, 15, MSaaapp, 6659, 0, 0, 0, , 0, 0, 0, 0, 0, 
142, 1, 141, 143, -1, 204, 289, 13.0, 19, MSaappp, 7893, 0, 0, 0, , 0, 0, 0, 0, 0, 
143, 1, 142, 144, -1, 218, 271, 12.0, 15, MSaappa, 6105, 0, 0, 0, , 0, 0, 0, 0, 0, 
144, 1, 143, 145, -1, 266, 254, 19.0, 21, MSaapaa, 9712, 0, 0, 0, , 0, 0, 0, 0, 0, 
145, 1, 144, 146, -1, 234, 268, 18.0, 19, MSaapap, 7842, 0, 0, 0, , 0, 0, 0, 0, 0, 
146, 1, 145, 147, -1, 216, 286, 25.0, 25, Ealp, 19462, 0, 0, 0, , 0, 0, 0, 0, 0, 
147, 1, 146, 148, -1, 139, 309, 23.0, 27, Eplp, 65535, 0, 0, 0, , 0, 0, 0, 0, 0, 
148, 1, 147, 149, -1, 140, 339, 18.0, 19, Cappa, 9834, 0, 0, 0, , 0, 0, 0, 0, 0, 
149, 1, 148, 150, -1, 119, 333, 15.0, 19, Cappp, 9856, 0, 0, 0, , 0, 0, 0, 0, 0, 
150, 1, 149, 151, -1, 155, 308, 13.0, 21, Capaa, 10755, 0, 0, 0, , 0, 0, 0, 0, 0, 
151, 1, 150, 152, -1, 135, 320, 11.0, 21, Capap, 10676, 0, 0, 0, , 0, 0, 0, 0, 0, 
152, 1, 151, 153, -1, 112, 330, 27.0, 23, Caaap, 11829, 0, 0, 0, , 0, 0, 0, 0, 0, 
153, 1, 152, 154, -1, 150, 311, 32.0, 23, Caaaa, 14239, 0, 0, 0, , 0, 0, 0, 0, 0, 
154, 1, 153, 155, -1, 91, 342, 18.0, 19, Caapp, 9858, 0, 0, 0, , 0, 0, 0, 0, 0, 
155, 1, 154, 156, -1, 92, 349, 22.0, 19, Caapa, 9414, 0, 0, 0, , 0, 0, 0, 0, 0, 
156, 1, 155, 157, -1, 73, 318, 14.0, 21, Cpapp, 13058, 0, 0, 0, , 0, 0, 0, 0, 0, 
157, 1, 156, 158, -1, 72, 316, 21.0, 21, Cpapa, 13801, 0, 0, 0, , 0, 0, 0, 0, 0, 
158, 1, 157, 159, -1, 139, 263, 34.0, 21, Cpaaa, 21434, 0, 0, 0, , 0, 0, 0, 0, 0, 
159, 1, 158, 160, 161, 105, 293, 29.0, 19, Cpaap, 8750, 0, 0, 0, , 0, 0, 0, 0, 0, 
160, 1, 159, 162, -1, 141, 275, 13.0, 21, Cppaa, 11326, 0, 0, 0, , 0, 0, 0, 0, 0, 
161, 1, 160, 163, -1, 124, 298, 14.0, 19, Cppap, 10163, 0, 0, 0, , 0, 0, 0, 0, 0, 
162, 1, 161, 164, -1, 99, 313, 15.0, 21, Cpppp, 11565, 0, 0, 0, , 0, 0, 0, 0, 0, 
163, 1, 162, 165, -1, 91, 289, 17.0, 23, Cpppa, 12224, 0, 0, 0, , 0, 0, 0, 0, 0, 
164, 1, 163, 166, -1, 177, 312, 14.0, 17, Daap, 8483, 0, 0, 0, , 0, 0, 0, 0, 0, 
165, 1, 164, 167, -1, 207, 306, 19.0, 19, Daaa, 7626, 0, 0, 0, , 0, 0, 0, 0, 0, 
166, 1, 165, 168, -1, 180, 315, 19.0, 19, Dapp, 8689, 0, 0, 0, , 0, 0, 0, 0, 0, 
167, 1, 166, 169, -1, 156, 249, 15.0, 15, Dpap, 6404, 0, 0, 0, , 0, 0, 0, 0, 0, 
168, 1, 167, 170, -1, 169, 229, 18.0, 17, Dpaa, 6321, 0, 0, 0, , 0, 0, 0, 0, 0, 
169, 1, 168, 171, -1, 121, 270, 18.0, 19, Dppp, 8138, 0, 0, 0, , 0, 0, 0, 0, 0, 
170, 1, 169, 172, -1, 147, 248, 19.0, 19, Dppa, 9393, 0, 0, 0, , 0, 0, 0, 0, 0, 
171, 1, 170, 173, -1, 186, 271, 19.0, 21, Z3, 12926, 0, 0, 0, , 0, 0, 0, 0, 0, 
172, 1, 171, 174, -1, 154, 282, 19.0, 21, Z2, 15026, 0, 0, 0, , 0, 0, 0, 0, 0, 
173, 0, 172, -1, -1, 381, 243, 24.0, 17, , 12796, 0, 0, 0, , 0, 0, 0, 0, 0, 
174, 1, 173, 176, -1, 307, 295, 27.0, 15, ABalpppppa, 6439, 0, 0, 0, , 0, 0, 0, 0, 0, 
175, 1, 174, 177, -1, 275, 311, 27.0, 19, ABalpppppp, 6868, 0, 0, 0, , 0, 0, 0, 0, 0, 
176, 1, 175, 178, 179, 321, 270, 27.0, 20, ABalppppa, 9030, 0, 0, 0, , 0, 0, 0, 0, 0, 
177, 1, 176, 180, -1, 347, 267, 25.0, 17, ABalpppaa, 10204, 0, 0, 0, , 0, 0, 0, 0, 0, 
178, 1, 177, 181, -1, 329, 292, 24.0, 19, ABalpppap, 11343, 0, 0, 0, , 0, 0, 0, 0, 0, 
179, 1, 178, 182, -1, 346, 266, 19.0, 19, ABalppaaa, 10349, 0, 0, 0, , 0, 0, 0, 0, 0, 
180, 1, 179, 183, -1, 335, 286, 19.0, 19, ABalppaap, 10860, 0, 0, 0, , 0, 0, 0, 0, 0, 
181, 1, 180, 184, -1, 291, 297, 14.0, 19, ABalppapp, 9650, 0, 0, 0, , 0, 0, 0, 0, 0, 
182, 1, 181, 185, -1, 318, 279, 14.0, 19, ABalppapa, 11175, 0, 0, 0, , 0, 0, 0, 0, 0, 
183, 1, 182, 186, -1, 291, 273, 10.0, 19, ABalpapap, 12844, 0, 0, 0, , 0, 0, 0, 0, 0, 
184, 1, 183, 187, -1, 323, 253, 10.0, 21, ABalpapaa, 12566, 0, 0, 0, , 0, 0, 0, 0, 0, 
185, 1, 184, 188, -1, 269, 254, 11.0, 19, ABalpappap, 8437, 0, 0, 0, , 0, 0, 0, 0, 0, 
186, 1, 185, 189, -1, 300, 242, 10.0, 17, ABalpappaa, 6880, 0, 0, 0, , 0, 0, 0, 0, 0, 
187, 1, 186, 190, -1, 249, 263, 14.0, 17, ABalpapppp, 7758, 0, 0, 0, , 0, 0, 0, 0, 0, 
188, 1, 187, 191, -1, 279, 258, 16.0, 15, ABalpapppa, 5579, 0, 0, 0, , 0, 0, 0, 0, 0, 
189, 1, 188, 192, -1, 308, 226, 11.0, 17, ABalpaaap, 10103, 0, 0, 0, , 0, 0, 0, 0, 0, 
190, 1, 189, 193, -1, 329, 208, 11.0, 19, ABalpaaaa, 11837, 0, 0, 0, , 0, 0, 0, 0, 0, 
191, 1, 190, 194, -1, 313, 255, 15.0, 19, ABalpaapp, 11239, 0, 0, 0, , 0, 0, 0, 0, 0, 
192, 1, 191, 195, -1, 325, 235, 15.0, 15, ABalpaapap, 4770, 0, 0, 0, , 0, 0, 0, 0, 0, 
193, 1, 191, 196, -1, 343, 216, 16.0, 15, ABalpaapaa, 6111, 0, 0, 0, , 0, 0, 0, 0, 0, 
194, 1, 192, 197, -1, 150, 245, 25.0, 25, Epra, 21962, 0, 0, 0, , 0, 0, 0, 0, 0, 
195, 1, 193, 198, -1, 231, 230, 28.0, 29, Eara, 65535, 0, 0, 0, , 0, 0, 0, 0, 0, 
196, 1, 194, 199, -1, 196, 243, 23.0, 29, Earp, 52435, 0, 0, 0, , 0, 0, 0, 0, 0, 
197, 1, 195, 200, -1, 257, 256, 26.0, 23, Eala, 28234, 0, 0, 0, , 0, 0, 0, 0, 0, 
198, 1, 196, 201, -1, 174, 276, 28.0, 27, Epla, 65535, 0, 0, 0, , 0, 0, 0, 0, 0, 
199, 1, 197, 202, -1, 105, 279, 23.0, 27, Eprp, 61678, 0, 0, 0, , 0, 0, 0, 0, 0, 
200, 1, 198, 203, -1, 181, 306, 26.0, 21, Dapa, 9946, 0, 0, 0, , 0, 0, 0, 0, 0, 
