1, 1, 1, 1, -1, 289, 199, 17.0, 19, ABaraappa, 7558, 0, 0, 0, , 0, 0, 0, 0, 0, 
2, 1, 2, 2, -1, 267, 217, 16.0, 15, ABaraapppa, 7223, 0, 0, 0, , 0, 0, 0, 0, 0, 
3, 1, 2, 3, -1, 255, 228, 17.0, 15, ABaraapppp, 6082, 0, 0, 0, , 0, 0, 0, 0, 0, 
4, 1, 3, 4, 5, 295, 242, 18.0, 19, ABaraapap, 11175, 0, 0, 0, , 0, 0, 0, 0, 0, 
5, 1, 4, 6, -1, 319, 224, 18.0, 19, ABaraapaa, 10195, 0, 0, 0, , 0, 0, 0, 0, 0, 
6, 1, 5, 7, -1, 270, 187, 10.0, 19, ABaraaapp, 12951, 0, 0, 0, , 0, 0, 0, 0, 0, 
7, 1, 7, 8, -1, 304, 202, 11.0, 15, ABaraaapaa, 6188, 0, 0, 0, , 0, 0, 0, 0, 0, 
8, 1, 7, 9, -1, 292, 205, 11.0, 15, ABaraaapap, 8365, 0, 0, 0, , 0, 0, 0, 0, 0, 
9, 1, 8, 10, -1, 326, 193, 14.0, 19, ABaraaaaa, 9329, 0, 0, 0, , 0, 0, 0, 0, 0, 
10, 1, 9, 11, -1, 310, 206, 17.0, 19, ABaraaaap, 8784, 0, 0, 0, , 0, 0, 0, 0, 0, 
11, 1, 10, 12, -1, 227, 252, 11.0, 15, ABarapapap, 6868, 0, 0, 0, , 0, 0, 0, 0, 0, 
12, 1, 11, 13, -1, 252, 241, 10.0, 15, ABarapapaa, 6621, 0, 0, 0, , 0, 0, 0, 0, 0, 
13, 1, 12, 14, -1, 212, 263, 13.0, 17, ABarapappp, 8396, 0, 0, 0, , 0, 0, 0, 0, 0, 
14, 1, 13, 15, -1, 240, 238, 14.0, 17, ABarapappa, 6008, 0, 0, 0, , 0, 0, 0, 0, 0, 
15, 1, 14, 16, -1, 285, 229, 10.0, 17, ABarapaaa, 9965, 0, 0, 0, , 0, 0, 0, 0, 0, 
16, 1, 15, 17, -1, 265, 219, 11.0, 17, ABarapaap, 12032, 0, 0, 0, , 0, 0, 0, 0, 0, 
17, 1, 16, 18, -1, 242, 200, 11.0, 19, ABarapppa, 10424, 0, 0, 0, , 0, 0, 0, 0, 0, 
18, 1, 17, 19, -1, 214, 194, 12.0, 19, ABarapppp, 11060, 0, 0, 0, , 0, 0, 0, 0, 0, 
19, 1, 18, 20, -1, 236, 223, 11.0, 19, ABarappaa, 11096, 0, 0, 0, , 0, 0, 0, 0, 0, 
20, 1, 19, 21, -1, 212, 221, 11.0, 19, ABarappap, 11394, 0, 0, 0, , 0, 0, 0, 0, 0, 
21, 1, 20, 22, -1, 206, 202, 32.0, 21, ABarpappp, 9928, 0, 0, 0, , 0, 0, 0, 0, 0, 
22, 1, 21, 23, -1, 231, 198, 34.0, 21, ABarpappa, 9953, 0, 0, 0, , 0, 0, 0, 0, 0, 
23, 1, 22, 24, -1, 275, 183, 34.0, 21, ABarpapaa, 10251, 0, 0, 0, , 0, 0, 0, 0, 0, 
24, 1, 23, 25, -1, 258, 207, 34.0, 19, ABarpapap, 9223, 0, 0, 0, , 0, 0, 0, 0, 0, 
25, 1, 24, 26, -1, 208, 247, 33.0, 19, ABarpaapp, 10849, 0, 0, 0, , 0, 0, 0, 0, 0, 
26, 1, 25, 27, -1, 247, 232, 33.0, 19, ABarpaapa, 9156, 0, 0, 0, , 0, 0, 0, 0, 0, 
27, 1, 26, 28, -1, 303, 222, 34.0, 17, ABarpaaaa, 10184, 0, 0, 0, , 0, 0, 0, 0, 0, 
28, 1, 27, 29, -1, 282, 223, 33.0, 19, ABarpaaap, 8888, 0, 0, 0, , 0, 0, 0, 0, 0, 
29, 1, 28, 30, -1, 216, 281, 33.0, 17, ABarppaaa, 9763, 0, 0, 0, , 0, 0, 0, 0, 0, 
30, 1, 29, 31, -1, 193, 298, 32.0, 21, ABarppaap, 11055, 0, 0, 0, , 0, 0, 0, 0, 0, 
31, 1, 30, 32, -1, 134, 336, 29.0, 19, ABarppapp, 8601, 0, 0, 0, , 0, 0, 0, 0, 0, 
32, 1, 31, 33, -1, 179, 334, 32.0, 19, ABarppapa, 11511, 0, 0, 0, , 0, 0, 0, 0, 0, 
33, 1, 32, 34, -1, 111, 247, 29.0, 21, ABarppppp, 10998, 0, 0, 0, , 0, 0, 0, 0, 0, 
34, 1, 33, 35, -1, 136, 225, 31.0, 19, ABarppppa, 9810, 0, 0, 0, , 0, 0, 0, 0, 0, 
35, 1, 34, 36, -1, 185, 214, 34.0, 19, ABarpppaa, 9656, 0, 0, 0, , 0, 0, 0, 0, 0, 
36, 1, 35, 37, -1, 163, 227, 34.0, 19, ABarpppap, 11229, 0, 0, 0, , 0, 0, 0, 0, 0, 
37, 1, 36, 38, -1, 262, 191, 30.0, 15, ABalappppa, 4381, 0, 0, 0, , 0, 0, 0, 0, 0, 
38, 1, 37, 39, -1, 240, 212, 29.0, 15, ABalappppp, 4633, 0, 0, 0, , 0, 0, 0, 0, 0, 
39, 1, 38, 40, 41, 298, 196, 31.0, 15, ABalapppa, 7470, 0, 0, 0, , 0, 0, 0, 0, 0, 
40, 1, 39, 42, -1, 338, 188, 27.0, 19, ABalappaa, 9684, 0, 0, 0, , 0, 0, 0, 0, 0, 
41, 1, 40, 43, -1, 324, 185, 30.0, 19, ABalappap, 10249, 0, 0, 0, , 0, 0, 0, 0, 0, 
42, 1, 41, 44, -1, 278, 256, 28.0, 15, ABalapappp, 4919, 0, 0, 0, , 0, 0, 0, 0, 0, 
43, 1, 41, 45, -1, 307, 258, 28.0, 15, ABalapappa, 5330, 0, 0, 0, , 0, 0, 0, 0, 0, 
44, 1, 42, 46, -1, 330, 231, 30.0, 21, ABalapapa, 11341, 0, 0, 0, , 0, 0, 0, 0, 0, 
45, 1, 43, 47, -1, 357, 221, 26.0, 21, ABalapaaa, 9239, 0, 0, 0, , 0, 0, 0, 0, 0, 
46, 1, 44, 48, -1, 345, 246, 25.0, 19, ABalapaap, 18697, 0, 0, 0, , 0, 0, 0, 0, 0, 
47, 1, 45, 49, -1, 318, 171, 18.0, 19, ABalaapaa, 9074, 0, 0, 0, , 0, 0, 0, 0, 0, 
48, 1, 46, 50, -1, 293, 167, 17.0, 17, ABalaapap, 7957, 0, 0, 0, , 0, 0, 0, 0, 0, 
49, 1, 47, 51, -1, 300, 168, 23.0, 21, ABalaappa, 13517, 0, 0, 0, , 0, 0, 0, 0, 0, 
50, 1, 48, 52, -1, 299, 171, 28.0, 21, ABalaappp, 13025, 0, 0, 0, , 0, 0, 0, 0, 0, 
51, 1, 49, 53, -1, 348, 240, 18.0, 21, ABalaaaal, 10622, 0, 0, 0, , 0, 0, 0, 0, 0, 
52, 1, 50, 54, -1, 346, 194, 17.0, 21, ABalaaaar, 10750, 0, 0, 0, , 0, 0, 0, 0, 0, 
53, 1, 51, 55, -1, 335, 178, 22.0, 19, ABalaaapp, 12070, 0, 0, 0, , 0, 0, 0, 0, 0, 
54, 1, 52, 56, -1, 351, 207, 21.0, 21, ABalaaapa, 10529, 0, 0, 0, , 0, 0, 0, 0, 0, 
55, 1, 53, 57, -1, 183, 334, 12.0, 17, ABplppppap, 6287, 0, 0, 0, , 0, 0, 0, 0, 0, 
56, 1, 54, 58, -1, 214, 325, 13.0, 15, ABplppppaa, 5838, 0, 0, 0, , 0, 0, 0, 0, 0, 
57, 1, 55, 59, -1, 158, 325, 11.0, 19, ABplppppp, 12058, 0, 0, 0, , 0, 0, 0, 0, 0, 
58, 1, 56, 60, -1, 166, 349, 16.0, 19, ABplpppap, 12156, 0, 0, 0, , 0, 0, 0, 0, 0, 
59, 1, 57, 61, -1, 192, 348, 16.0, 15, ABplpppaap, 4562, 0, 0, 0, , 0, 0, 0, 0, 0, 
60, 1, 57, 62, -1, 213, 340, 16.0, 15, ABplpppaaa, 6847, 0, 0, 0, , 0, 0, 0, 0, 0, 
61, 1, 58, 63, -1, 210, 342, 21.0, 23, ABplppapp, 11341, 0, 0, 0, , 0, 0, 0, 0, 0, 
62, 1, 59, 64, -1, 234, 332, 19.0, 19, ABplppapa, 12400, 0, 0, 0, , 0, 0, 0, 0, 0, 
63, 1, 60, 65, -1, 238, 332, 14.0, 19, ABplppaap, 12689, 0, 0, 0, , 0, 0, 0, 0, 0, 
64, 1, 61, 66, -1, 261, 327, 17.0, 19, ABplppaaa, 14392, 0, 0, 0, , 0, 0, 0, 0, 0, 
65, 1, 62, 67, -1, 240, 283, 11.0, 17, ABplpappaa, 7890, 0, 0, 0, , 0, 0, 0, 0, 0, 
66, 1, 63, 68, -1, 214, 300, 10.0, 15, ABplpappap, 6291, 0, 0, 0, , 0, 0, 0, 0, 0, 
67, 1, 64, 69, -1, 195, 310, 10.0, 21, ABplpappp, 11834, 0, 0, 0, , 0, 0, 0, 0, 0, 
68, 1, 65, 70, -1, 240, 311, 11.0, 21, ABplpapap, 12481, 0, 0, 0, , 0, 0, 0, 0, 0, 
69, 1, 66, 71, -1, 262, 305, 12.0, 19, ABplpapaa, 11520, 0, 0, 0, , 0, 0, 0, 0, 0, 
70, 1, 67, 72, -1, 300, 294, 19.0, 19, ABplpaaaa, 9693, 0, 0, 0, , 0, 0, 0, 0, 0, 
71, 1, 68, 73, -1, 294, 316, 19.0, 19, ABplpaaap, 10154, 0, 0, 0, , 0, 0, 0, 0, 0, 
72, 1, 69, 74, -1, 264, 332, 22.0, 21, ABplpaapp, 14256, 0, 0, 0, , 0, 0, 0, 0, 0, 
73, 1, 70, 75, -1, 301, 310, 24.0, 21, ABplpaapa, 10843, 0, 0, 0, , 0, 0, 0, 0, 0, 
74, 1, 71, 76, -1, 264, 318, 31.0, 17, ABplaappa, 9894, 0, 0, 0, , 0, 0, 0, 0, 0, 
75, 1, 72, 77, -1, 253, 331, 27.0, 15, ABplaapppa, 5231, 0, 0, 0, , 0, 0, 0, 0, 0, 
76, 1, 73, 78, -1, 220, 339, 27.0, 15, ABplaapppp, 5306, 0, 0, 0, , 0, 0, 0, 0, 0, 
77, 1, 74, 79, -1, 308, 271, 33.0, 19, ABplaapaa, 7013, 0, 0, 0, , 0, 0, 0, 0, 0, 
78, 1, 75, 80, -1, 278, 290, 33.0, 21, ABplaapap, 8811, 0, 0, 0, , 0, 0, 0, 0, 0, 
79, 1, 76, 81, -1, 313, 247, 33.0, 19, ABplaaaaa, 9567, 0, 0, 0, , 0, 0, 0, 0, 0, 
80, 1, 77, 82, -1, 285, 246, 34.0, 19, ABplaaaap, 9684, 0, 0, 0, , 0, 0, 0, 0, 0, 
81, 1, 78, 83, -1, 244, 280, 33.0, 21, ABplaaapp, 13126, 0, 0, 0, , 0, 0, 0, 0, 0, 
82, 1, 79, 84, -1, 265, 261, 34.0, 19, ABplaaapa, 10857, 0, 0, 0, , 0, 0, 0, 0, 0, 
83, 1, 80, 85, -1, 140, 362, 19.0, 19, ABplapppp, 9381, 0, 0, 0, , 0, 0, 0, 0, 0, 
84, 1, 81, 86, -1, 168, 356, 21.0, 21, ABplapppa, 11494, 0, 0, 0, , 0, 0, 0, 0, 0, 
85, 1, 82, 87, -1, 202, 354, 24.0, 21, ABplappaa, 11595, 0, 0, 0, , 0, 0, 0, 0, 0, 
86, 1, 83, 88, -1, 173, 353, 25.0, 21, ABplappap, 12251, 0, 0, 0, , 0, 0, 0, 0, 0, 
87, 1, 84, 89, -1, 205, 332, 32.0, 19, ABplapaap, 9884, 0, 0, 0, , 0, 0, 0, 0, 0, 
88, 1, 85, 90, -1, 229, 309, 31.0, 21, ABplapaaa, 10991, 0, 0, 0, , 0, 0, 0, 0, 0, 
89, 1, 86, 91, 92, 138, 360, 25.0, 19, ABplapapp, 9581, 0, 0, 0, , 0, 0, 0, 0, 0, 
90, 1, 87, 93, -1, 156, 351, 30.0, 21, ABplapapa, 10152, 0, 0, 0, , 0, 0, 0, 0, 0, 
91, 1, 88, 94, -1, 189, 201, 12.0, 19, ABprpapaa, 11134, 0, 0, 0, , 0, 0, 0, 0, 0, 
92, 1, 89, 95, -1, 174, 221, 10.0, 19, ABprpapap, 10117, 0, 0, 0, , 0, 0, 0, 0, 0, 
93, 1, 90, 96, -1, 161, 254, 10.0, 17, ABprpappp, 7741, 0, 0, 0, , 0, 0, 0, 0, 0, 
94, 1, 91, 97, -1, 185, 252, 11.0, 15, ABprpappap, 5903, 0, 0, 0, , 0, 0, 0, 0, 0, 
95, 1, 91, 98, -1, 200, 234, 11.0, 15, ABprpappaa, 5360, 0, 0, 0, , 0, 0, 0, 0, 0, 
96, 1, 92, 99, -1, 235, 181, 15.0, 17, ABprpaaaa, 8664, 0, 0, 0, , 0, 0, 0, 0, 0, 
97, 1, 93, 100, -1, 205, 178, 15.0, 21, ABprpaaap, 10492, 0, 0, 0, , 0, 0, 0, 0, 0, 
98, 1, 94, 101, -1, 222, 173, 19.0, 21, ABprpaapa, 11608, 0, 0, 0, , 0, 0, 0, 0, 0, 
99, 1, 95, 102, -1, 189, 179, 19.0, 21, ABprpaapp, 10765, 0, 0, 0, , 0, 0, 0, 0, 0, 
100, 1, 96, 103, -1, 115, 228, 12.0, 21, ABprpppaa, 9900, 0, 0, 0, , 0, 0, 0, 0, 0, 
101, 1, 97, 104, -1, 100, 256, 11.0, 19, ABprpppap, 10008, 0, 0, 0, , 0, 0, 0, 0, 0, 
102, 1, 98, 105, -1, 133, 244, 12.0, 15, ABprppppap, 5981, 0, 0, 0, , 0, 0, 0, 0, 0, 
103, 1, 99, 106, -1, 152, 225, 11.0, 15, ABprppppaa, 5414, 0, 0, 0, , 0, 0, 0, 0, 0, 
104, 1, 100, 107, -1, 127, 268, 11.0, 19, ABprppppp, 6115, 0, 0, 0, , 0, 0, 0, 0, 0, 
105, 1, 101, 108, -1, 158, 199, 12.0, 19, ABprppaap, 16907, 0, 0, 0, , 0, 0, 0, 0, 0, 
106, 1, 102, 109, -1, 178, 186, 14.0, 19, ABprppaaa, 8741, 0, 0, 0, , 0, 0, 0, 0, 0, 
107, 1, 103, 110, -1, 159, 199, 16.0, 19, ABprppapa, 12408, 0, 0, 0, , 0, 0, 0, 0, 0, 
108, 1, 104, 111, -1, 134, 219, 15.0, 19, ABprppapp, 9844, 0, 0, 0, , 0, 0, 0, 0, 0, 
109, 1, 105, 112, -1, 266, 169, 29.0, 19, ABpraapaa, 11248, 0, 0, 0, , 0, 0, 0, 0, 0, 
110, 1, 106, 113, -1, 228, 182, 30.0, 19, ABpraapap, 9677, 0, 0, 0, , 0, 0, 0, 0, 0, 
111, 1, 107, 114, -1, 151, 196, 21.0, 15, ABpraapppp, 5923, 0, 0, 0, , 0, 0, 0, 0, 0, 
112, 1, 108, 115, -1, 180, 183, 24.0, 17, ABpraapppa, 5879, 0, 0, 0, , 0, 0, 0, 0, 0, 
113, 1, 109, 116, -1, 199, 173, 25.0, 19, ABpraappa, 11077, 0, 0, 0, , 0, 0, 0, 0, 0, 
114, 1, 110, 117, -1, 270, 166, 24.0, 19, ABpraaapa, 13603, 0, 0, 0, , 0, 0, 0, 0, 0, 
115, 1, 111, 118, -1, 249, 173, 24.0, 15, ABpraaappa, 5303, 0, 0, 0, , 0, 0, 0, 0, 0, 
116, 1, 111, 119, -1, 226, 169, 25.0, 15, ABpraaappp, 5900, 0, 0, 0, , 0, 0, 0, 0, 0, 
117, 1, 112, 120, -1, 271, 162, 19.0, 17, ABpraaaaa, 9926, 0, 0, 0, , 0, 0, 0, 0, 0, 
118, 1, 113, 121, -1, 248, 163, 19.0, 19, ABpraaaap, 10458, 0, 0, 0, , 0, 0, 0, 0, 0, 
119, 1, 114, 122, -1, 105, 220, 20.0, 21, ABprappap, 11527, 0, 0, 0, , 0, 0, 0, 0, 0, 
120, 1, 115, 123, -1, 126, 203, 18.0, 21, ABprappaa, 13538, 0, 0, 0, , 0, 0, 0, 0, 0, 
121, 1, 116, 124, -1, 99, 235, 16.0, 19, ABprapppa, 9570, 0, 0, 0, , 0, 0, 0, 0, 0, 
122, 1, 117, 125, -1, 79, 260, 14.0, 23, ABprapppp, 38578, 0, 0, 0, , 0, 0, 0, 0, 0, 
123, 1, 118, 126, -1, 169, 200, 29.0, 19, ABprapaaa, 10249, 0, 0, 0, , 0, 0, 0, 0, 0, 
124, 1, 119, 127, -1, 141, 211, 26.0, 21, ABprapaap, 10931, 0, 0, 0, , 0, 0, 0, 0, 0, 
125, 1, 120, 128, -1, 86, 246, 23.0, 17, ABprapappa, 6396, 0, 0, 0, , 0, 0, 0, 0, 0, 
126, 1, 120, 129, -1, 82, 260, 18.0, 17, ABprapappp, 9272, 0, 0, 0, , 0, 0, 0, 0, 0, 
127, 1, 121, 130, -1, 98, 238, 26.0, 21, ABprapapa, 11691, 0, 0, 0, , 0, 0, 0, 0, 0, 
128, 1, 122, 131, -1, 199, 205, 20.0, 17, MSppppa, 7972, 0, 0, 0, , 0, 0, 0, 0, 0, 
129, 1, 123, 132, -1, 177, 214, 23.0, 19, MSppppp, 8989, 0, 0, 0, , 0, 0, 0, 0, 0, 
130, 1, 124, 133, -1, 226, 213, 17.0, 19, MSpppaa, 8134, 0, 0, 0, , 0, 0, 0, 0, 0, 
131, 1, 125, 134, -1, 199, 227, 16.0, 17, MSpppap, 7941, 0, 0, 0, , 0, 0, 0, 0, 0, 
132, 1, 126, 135, -1, 251, 198, 17.0, 15, MSppaap, 6326, 0, 0, 0, , 0, 0, 0, 0, 0, 
133, 1, 127, 136, -1, 267, 182, 18.0, 17, MSppaaa, 8059, 0, 0, 0, , 0, 0, 0, 0, 0, 
134, 1, 128, 137, -1, 214, 194, 24.0, 17, MSppapp, 8371, 0, 0, 0, , 0, 0, 0, 0, 0, 
135, 1, 129, 138, -1, 239, 195, 21.0, 17, MSppapa, 8068, 0, 0, 0, , 0, 0, 0, 0, 0, 
136, 1, 130, 139, -1, 209, 261, 18.0, 19, MSpapap, 10047, 0, 0, 0, , 0, 0, 0, 0, 0, 
137, 1, 131, 140, -1, 236, 245, 19.0, 19, MSpapaa, 10829, 0, 0, 0, , 0, 0, 0, 0, 0, 
138, 1, 132, 141, -1, 196, 273, 12.0, 15, MSpappa, 6350, 0, 0, 0, , 0, 0, 0, 0, 0, 
139, 1, 133, 142, -1, 175, 281, 12.0, 21, MSpappp, 11547, 0, 0, 0, , 0, 0, 0, 0, 0, 
140, 1, 134, 143, -1, 279, 200, 26.0, 21, MSpaaap, 11425, 0, 0, 0, , 0, 0, 0, 0, 0, 
141, 1, 135, 144, -1, 307, 193, 22.0, 19, MSpaaaa, 9718, 0, 0, 0, , 0, 0, 0, 0, 0, 
142, 1, 136, 145, -1, 268, 212, 22.0, 23, MSpaapa, 12922, 0, 0, 0, , 0, 0, 0, 0, 0, 
143, 1, 137, 146, -1, 239, 219, 22.0, 15, MSpaapp, 6542, 0, 0, 0, , 0, 0, 0, 0, 0, 
144, 1, 138, 147, -1, 245, 308, 21.0, 17, MSapppa, 7578, 0, 0, 0, , 0, 0, 0, 0, 0, 
145, 1, 139, 148, -1, 214, 313, 25.0, 17, MSapppp, 7455, 0, 0, 0, , 0, 0, 0, 0, 0, 
146, 1, 140, 149, -1, 264, 290, 19.0, 19, MSappaa, 7935, 0, 0, 0, , 0, 0, 0, 0, 0, 
147, 1, 141, 150, -1, 227, 299, 17.0, 17, MSappap, 6338, 0, 0, 0, , 0, 0, 0, 0, 0, 
148, 1, 142, 151, -1, 252, 298, 26.0, 19, MSapapp, 8782, 0, 0, 0, , 0, 0, 0, 0, 0, 
149, 1, 143, 152, -1, 285, 280, 24.0, 21, MSapapa, 9003, 0, 0, 0, , 0, 0, 0, 0, 0, 
150, 1, 144, 153, -1, 296, 267, 22.0, 17, MSapaap, 7006, 0, 0, 0, , 0, 0, 0, 0, 0, 
151, 1, 145, 154, -1, 321, 255, 22.0, 19, MSapaaa, 9879, 0, 0, 0, , 0, 0, 0, 0, 0, 
152, 1, 146, 155, -1, 326, 208, 24.0, 19, MSaaaaa, 11081, 0, 0, 0, , 0, 0, 0, 0, 0, 
153, 1, 147, 156, -1, 298, 225, 29.0, 19, MSaaaap, 10596, 0, 0, 0, , 0, 0, 0, 0, 0, 
154, 1, 148, 157, -1, 303, 234, 23.0, 21, MSaaapa, 11888, 0, 0, 0, , 0, 0, 0, 0, 0, 
155, 1, 149, 158, -1, 267, 238, 24.0, 17, MSaaapp, 7859, 0, 0, 0, , 0, 0, 0, 0, 0, 
156, 1, 150, 159, -1, 201, 300, 14.0, 19, MSaappp, 8293, 0, 0, 0, , 0, 0, 0, 0, 0, 
157, 1, 151, 160, -1, 219, 286, 13.0, 15, MSaappa, 6063, 0, 0, 0, , 0, 0, 0, 0, 0, 
158, 1, 152, 161, -1, 270, 258, 20.0, 21, MSaapaa, 9768, 0, 0, 0, , 0, 0, 0, 0, 0, 
159, 1, 153, 162, -1, 236, 275, 18.0, 19, MSaapap, 7515, 0, 0, 0, , 0, 0, 0, 0, 0, 
160, 1, 154, 163, -1, 216, 289, 25.0, 25, Ealp, 19710, 0, 0, 0, , 0, 0, 0, 0, 0, 
161, 1, 155, 164, -1, 135, 307, 24.0, 27, Eplp, 46505, 0, 0, 0, , 0, 0, 0, 0, 0, 
162, 1, 156, 165, -1, 136, 338, 20.0, 21, Cappa, 10831, 0, 0, 0, , 0, 0, 0, 0, 0, 
163, 1, 157, 166, -1, 110, 330, 17.0, 19, Cappp, 9284, 0, 0, 0, , 0, 0, 0, 0, 0, 
164, 1, 158, 167, -1, 154, 309, 15.0, 23, Capaa, 9817, 0, 0, 0, , 0, 0, 0, 0, 0, 
165, 1, 159, 168, -1, 130, 322, 15.0, 21, Capap, 10860, 0, 0, 0, , 0, 0, 0, 0, 0, 
166, 1, 160, 169, -1, 113, 317, 30.0, 17, Caaapa, 5984, 0, 0, 0, , 0, 0, 0, 0, 0, 
167, 1, 161, 170, -1, 97, 337, 24.0, 17, Caaapp, 5859, 0, 0, 0, , 0, 0, 0, 0, 0, 
168, 1, 162, 171, -1, 161, 298, 33.0, 17, Caaaaa, 6498, 0, 0, 0, , 0, 0, 0, 0, 0, 
169, 1, 162, 172, -1, 136, 311, 32.0, 15, Caaaap, 5526, 0, 0, 0, , 0, 0, 0, 0, 0, 
170, 1, 163, 173, -1, 80, 336, 16.0, 19, Caapp, 10747, 0, 0, 0, , 0, 0, 0, 0, 0, 
171, 1, 164, 174, -1, 85, 353, 20.0, 19, Caapa, 8652, 0, 0, 0, , 0, 0, 0, 0, 0, 
172, 1, 165, 175, -1, 76, 309, 13.0, 21, Cpapp, 12064, 0, 0, 0, , 0, 0, 0, 0, 0, 
173, 1, 166, 176, -1, 65, 317, 20.0, 23, Cpapa, 14820, 0, 0, 0, , 0, 0, 0, 0, 0, 
174, 1, 167, 177, -1, 160, 254, 32.0, 15, Cpaaaa, 4768, 0, 0, 0, , 0, 0, 0, 0, 0, 
175, 1, 168, 178, -1, 128, 267, 33.0, 15, Cpaaap, 6109, 0, 0, 0, , 0, 0, 0, 0, 0, 
176, 1, 169, 179, -1, 104, 284, 32.0, 17, Cpaapa, 4843, 0, 0, 0, , 0, 0, 0, 0, 0, 
177, 1, 170, 180, -1, 86, 307, 27.0, 17, Cpaapp, 7706, 0, 0, 0, , 0, 0, 0, 0, 0, 
178, 1, 171, 181, -1, 144, 279, 14.0, 21, Cppaa, 11637, 0, 0, 0, , 0, 0, 0, 0, 0, 
179, 1, 172, 182, -1, 120, 293, 14.0, 19, Cppap, 11267, 0, 0, 0, , 0, 0, 0, 0, 0, 
180, 1, 173, 183, -1, 97, 306, 15.0, 19, Cpppp, 11042, 0, 0, 0, , 0, 0, 0, 0, 0, 
181, 1, 174, 184, -1, 92, 284, 17.0, 19, Cpppa, 7649, 0, 0, 0, , 0, 0, 0, 0, 0, 
182, 1, 175, 185, -1, 174, 319, 16.0, 19, Daap, 8923, 0, 0, 0, , 0, 0, 0, 0, 0, 
183, 1, 176, 186, -1, 205, 309, 19.0, 19, Daaa, 7257, 0, 0, 0, , 0, 0, 0, 0, 0, 
184, 1, 177, 187, -1, 182, 319, 21.0, 19, Dapp, 11256, 0, 0, 0, , 0, 0, 0, 0, 0, 
185, 1, 178, 188, -1, 153, 254, 16.0, 17, Dpap, 6847, 0, 0, 0, , 0, 0, 0, 0, 0, 
186, 1, 179, 189, -1, 174, 224, 18.0, 19, Dpaa, 7394, 0, 0, 0, , 0, 0, 0, 0, 0, 
187, 1, 180, 190, -1, 123, 260, 19.0, 21, Dppp, 9851, 0, 0, 0, , 0, 0, 0, 0, 0, 
188, 1, 181, 191, -1, 155, 236, 18.0, 17, Dppa, 6947, 0, 0, 0, , 0, 0, 0, 0, 0, 
189, 1, 182, 192, -1, 188, 277, 18.0, 21, Z3, 12793, 0, 0, 0, , 0, 0, 0, 0, 0, 
190, 1, 183, 193, -1, 154, 283, 19.0, 21, Z2, 14365, 0, 0, 0, , 0, 0, 0, 0, 0, 
191, 0, 184, -1, -1, 381, 244, 24.0, 17, , 10616, 0, 0, 0, , 0, 0, 0, 0, 0, 
192, 1, 185, 196, -1, 305, 306, 28.0, 15, ABalpppppa, 7658, 0, 0, 0, , 0, 0, 0, 0, 0, 
193, 1, 186, 197, -1, 276, 314, 27.0, 17, ABalpppppp, 7193, 0, 0, 0, , 0, 0, 0, 0, 0, 
194, 1, 187, 198, -1, 303, 284, 29.0, 17, ABalppppap, 5884, 0, 0, 0, , 0, 0, 0, 0, 0, 
195, 1, 188, 199, -1, 329, 261, 29.0, 15, ABalppppaa, 5695, 0, 0, 0, , 0, 0, 0, 0, 0, 
196, 1, 189, 200, -1, 344, 272, 26.0, 19, ABalpppaa, 10037, 0, 0, 0, , 0, 0, 0, 0, 0, 
197, 1, 190, 195, 201, 324, 290, 25.0, 17, ABalpppap, 10719, 0, 0, 0, , 0, 0, 0, 0, 0, 
198, 1, 191, 202, -1, 342, 275, 19.0, 19, ABalppaaa, 9608, 0, 0, 0, , 0, 0, 0, 0, 0, 
199, 1, 192, 203, -1, 329, 291, 20.0, 21, ABalppaap, 11324, 0, 0, 0, , 0, 0, 0, 0, 0, 
200, 1, 193, 204, -1, 274, 311, 16.0, 15, ABalppappp, 5495, 0, 0, 0, , 0, 0, 0, 0, 0, 
201, 1, 194, 205, -1, 296, 298, 14.0, 15, ABalppappa, 6861, 0, 0, 0, , 0, 0, 0, 0, 0, 
202, 1, 195, 206, -1, 305, 284, 14.0, 15, ABalppapap, 5328, 0, 0, 0, , 0, 0, 0, 0, 0, 
203, 1, 195, 207, -1, 323, 280, 15.0, 15, ABalppapaa, 5878, 0, 0, 0, , 0, 0, 0, 0, 0, 
204, 1, 196, 208, 209, 285, 283, 11.0, 19, ABalpapap, 10592, 0, 0, 0, , 0, 0, 0, 0, 0, 
205, 1, 197, 210, -1, 309, 260, 11.0, 19, ABalpapaa, 11966, 0, 0, 0, , 0, 0, 0, 0, 0, 
206, 1, 198, 211, -1, 270, 257, 11.0, 17, ABalpappap, 7410, 0, 0, 0, , 0, 0, 0, 0, 0, 
207, 1, 199, 212, -1, 292, 250, 9.0, 15, ABalpappaa, 6512, 0, 0, 0, , 0, 0, 0, 0, 0, 
208, 1, 200, 213, -1, 252, 266, 14.0, 17, ABalpapppp, 8045, 0, 0, 0, , 0, 0, 0, 0, 0, 
209, 1, 201, 214, -1, 286, 266, 16.0, 17, ABalpapppa, 6932, 0, 0, 0, , 0, 0, 0, 0, 0, 
210, 1, 202, 215, -1, 305, 232, 11.0, 17, ABalpaaap, 9862, 0, 0, 0, , 0, 0, 0, 0, 0, 
211, 1, 203, 216, -1, 329, 215, 10.0, 19, ABalpaaaa, 11645, 0, 0, 0, , 0, 0, 0, 0, 0, 
212, 1, 204, 217, -1, 326, 260, 15.0, 21, ABalpaapp, 16295, 0, 0, 0, , 0, 0, 0, 0, 0, 
213, 1, 205, 218, -1, 325, 240, 14.0, 17, ABalpaapap, 6751, 0, 0, 0, , 0, 0, 0, 0, 0, 
214, 1, 206, 219, -1, 344, 213, 15.0, 17, ABalpaapaa, 5553, 0, 0, 0, , 0, 0, 0, 0, 0, 
215, 1, 207, 220, -1, 151, 244, 24.0, 25, Epra, 43617, 0, 0, 0, , 0, 0, 0, 0, 0, 
216, 1, 208, 221, -1, 232, 233, 26.0, 29, Eara, 63315, 0, 0, 0, , 0, 0, 0, 0, 0, 
217, 1, 209, 222, -1, 194, 246, 23.0, 25, Earp, 25501, 0, 0, 0, , 0, 0, 0, 0, 0, 
218, 1, 210, 223, -1, 254, 260, 26.0, 23, Eala, 25830, 0, 0, 0, , 0, 0, 0, 0, 0, 
219, 1, 211, 224, -1, 173, 278, 27.0, 27, Epla, 65535, 0, 0, 0, , 0, 0, 0, 0, 0, 
220, 1, 212, 225, -1, 104, 280, 23.0, 25, Eprp, 58723, 0, 0, 0, , 0, 0, 0, 0, 0, 
221, 1, 213, 226, -1, 185, 312, 26.0, 19, Dapa, 9595, 0, 0, 0, , 0, 0, 0, 0, 0, 
