1, 1, 1, 1, -1, 292, 201, 16.0, 19, ABaraappa, 8883, 0, 0, 0, , 0, 0, 0, 0, 0, 
2, 1, 2, 2, -1, 273, 214, 16.0, 15, ABaraapppa, 6027, 0, 0, 0, , 0, 0, 0, 0, 0, 
3, 1, 3, 3, -1, 251, 227, 17.0, 15, ABaraapppp, 6116, 0, 0, 0, , 0, 0, 0, 0, 0, 
4, 1, 4, 4, -1, 283, 242, 19.0, 15, ABaraapapp, 6030, 0, 0, 0, , 0, 0, 0, 0, 0, 
5, 1, 4, 5, -1, 305, 237, 17.0, 15, ABaraapapa, 6451, 0, 0, 0, , 0, 0, 0, 0, 0, 
6, 1, 5, 6, -1, 324, 225, 18.0, 19, ABaraapaa, 9645, 0, 0, 0, , 0, 0, 0, 0, 0, 
7, 1, 6, 7, -1, 268, 186, 10.0, 21, ABaraaapp, 12876, 0, 0, 0, , 0, 0, 0, 0, 0, 
8, 1, 7, 8, -1, 316, 200, 12.0, 15, ABaraaapaa, 7303, 0, 0, 0, , 0, 0, 0, 0, 0, 
9, 1, 8, 9, -1, 289, 204, 11.0, 15, ABaraaapap, 6592, 0, 0, 0, , 0, 0, 0, 0, 0, 
10, 1, 9, 10, -1, 332, 193, 14.0, 19, ABaraaaaa, 9475, 0, 0, 0, , 0, 0, 0, 0, 0, 
11, 1, 10, 11, -1, 317, 203, 17.0, 17, ABaraaaap, 8857, 0, 0, 0, , 0, 0, 0, 0, 0, 
12, 1, 11, 12, -1, 227, 248, 10.0, 15, ABarapapap, 6634, 0, 0, 0, , 0, 0, 0, 0, 0, 
13, 1, 12, 13, -1, 255, 241, 11.0, 15, ABarapapaa, 6457, 0, 0, 0, , 0, 0, 0, 0, 0, 
14, 1, 13, 14, -1, 212, 261, 12.0, 15, ABarapappp, 7283, 0, 0, 0, , 0, 0, 0, 0, 0, 
15, 1, 14, 15, -1, 240, 236, 14.0, 17, ABarapappa, 5574, 0, 0, 0, , 0, 0, 0, 0, 0, 
16, 1, 15, 16, -1, 288, 230, 10.0, 19, ABarapaaa, 11125, 0, 0, 0, , 0, 0, 0, 0, 0, 
17, 1, 16, 17, -1, 266, 223, 12.0, 19, ABarapaap, 8714, 0, 0, 0, , 0, 0, 0, 0, 0, 
18, 1, 17, 18, -1, 244, 202, 11.0, 17, ABarapppa, 10222, 0, 0, 0, , 0, 0, 0, 0, 0, 
19, 1, 18, 19, 20, 215, 191, 12.0, 19, ABarapppp, 9883, 0, 0, 0, , 0, 0, 0, 0, 0, 
20, 1, 19, 21, -1, 237, 222, 11.0, 17, ABarappaa, 11116, 0, 0, 0, , 0, 0, 0, 0, 0, 
21, 1, 20, 22, -1, 211, 218, 11.0, 19, ABarappap, 10687, 0, 0, 0, , 0, 0, 0, 0, 0, 
22, 1, 21, 23, 24, 208, 201, 31.0, 15, ABarpappp, 8644, 0, 0, 0, , 0, 0, 0, 0, 0, 
23, 1, 22, 25, -1, 231, 197, 34.0, 21, ABarpappa, 10303, 0, 0, 0, , 0, 0, 0, 0, 0, 
24, 1, 23, 26, -1, 272, 180, 34.0, 19, ABarpapaa, 9580, 0, 0, 0, , 0, 0, 0, 0, 0, 
25, 1, 24, 27, -1, 258, 209, 34.0, 19, ABarpapap, 10059, 0, 0, 0, , 0, 0, 0, 0, 0, 
26, 1, 25, 28, 29, 212, 246, 32.0, 17, ABarpaapp, 8762, 0, 0, 0, , 0, 0, 0, 0, 0, 
27, 1, 26, 30, 31, 245, 235, 31.0, 19, ABarpaapa, 8964, 0, 0, 0, , 0, 0, 0, 0, 0, 
28, 1, 27, 32, -1, 303, 218, 35.0, 19, ABarpaaaa, 10842, 0, 0, 0, , 0, 0, 0, 0, 0, 
29, 1, 28, 33, -1, 281, 224, 33.0, 17, ABarpaaap, 8388, 0, 0, 0, , 0, 0, 0, 0, 0, 
30, 1, 29, 34, -1, 218, 281, 33.0, 19, ABarppaaa, 9710, 0, 0, 0, , 0, 0, 0, 0, 0, 
31, 1, 30, 35, -1, 193, 295, 32.0, 21, ABarppaap, 10236, 0, 0, 0, , 0, 0, 0, 0, 0, 
32, 1, 31, 36, -1, 134, 335, 28.0, 19, ABarppapp, 10308, 0, 0, 0, , 0, 0, 0, 0, 0, 
33, 1, 32, 37, -1, 179, 331, 32.0, 21, ABarppapa, 11403, 0, 0, 0, , 0, 0, 0, 0, 0, 
34, 1, 33, 38, -1, 116, 245, 30.0, 21, ABarppppp, 11148, 0, 0, 0, , 0, 0, 0, 0, 0, 
35, 1, 34, 39, -1, 137, 224, 31.0, 21, ABarppppa, 10467, 0, 0, 0, , 0, 0, 0, 0, 0, 
36, 1, 35, 40, -1, 185, 214, 34.0, 21, ABarpppaa, 9134, 0, 0, 0, , 0, 0, 0, 0, 0, 
37, 1, 36, 41, -1, 165, 228, 33.0, 19, ABarpppap, 9963, 0, 0, 0, , 0, 0, 0, 0, 0, 
38, 1, 37, 42, -1, 264, 193, 30.0, 15, ABalappppa, 4752, 0, 0, 0, , 0, 0, 0, 0, 0, 
39, 1, 38, 43, -1, 238, 210, 29.0, 15, ABalappppp, 5399, 0, 0, 0, , 0, 0, 0, 0, 0, 
40, 1, 39, 44, -1, 314, 196, 31.0, 15, ABalapppaa, 4632, 0, 0, 0, , 0, 0, 0, 0, 0, 
41, 1, 39, 45, -1, 287, 199, 32.0, 15, ABalapppap, 5391, 0, 0, 0, , 0, 0, 0, 0, 0, 
42, 1, 40, 46, -1, 339, 186, 27.0, 19, ABalappaa, 9730, 0, 0, 0, , 0, 0, 0, 0, 0, 
43, 1, 41, 47, -1, 325, 179, 30.0, 21, ABalappap, 9994, 0, 0, 0, , 0, 0, 0, 0, 0, 
44, 1, 42, 48, -1, 279, 254, 28.0, 15, ABalapappp, 5858, 0, 0, 0, , 0, 0, 0, 0, 0, 
45, 1, 43, 49, -1, 309, 257, 27.0, 15, ABalapappa, 5076, 0, 0, 0, , 0, 0, 0, 0, 0, 
46, 1, 44, 50, -1, 330, 232, 30.0, 21, ABalapapa, 10168, 0, 0, 0, , 0, 0, 0, 0, 0, 
47, 1, 45, 51, -1, 356, 225, 26.0, 19, ABalapaaa, 9521, 0, 0, 0, , 0, 0, 0, 0, 0, 
48, 1, 46, 52, -1, 347, 249, 25.0, 21, ABalapaap, 11425, 0, 0, 0, , 0, 0, 0, 0, 0, 
49, 1, 47, 53, -1, 318, 172, 18.0, 19, ABalaapaa, 8833, 0, 0, 0, , 0, 0, 0, 0, 0, 
50, 1, 48, 54, -1, 296, 168, 17.0, 17, ABalaapap, 8346, 0, 0, 0, , 0, 0, 0, 0, 0, 
51, 1, 49, 55, -1, 301, 164, 23.0, 19, ABalaappa, 12549, 0, 0, 0, , 0, 0, 0, 0, 0, 
52, 1, 50, 56, -1, 300, 172, 28.0, 21, ABalaappp, 13248, 0, 0, 0, , 0, 0, 0, 0, 0, 
53, 1, 51, 57, -1, 349, 242, 19.0, 21, ABalaaaal, 10425, 0, 0, 0, , 0, 0, 0, 0, 0, 
54, 1, 52, 58, -1, 350, 194, 18.0, 21, ABalaaaar, 10887, 0, 0, 0, , 0, 0, 0, 0, 0, 
55, 1, 53, 59, -1, 336, 176, 22.0, 19, ABalaaapp, 11381, 0, 0, 0, , 0, 0, 0, 0, 0, 
56, 1, 54, 60, -1, 352, 204, 23.0, 19, ABalaaapa, 19558, 0, 0, 0, , 0, 0, 0, 0, 0, 
57, 1, 55, 61, -1, 180, 333, 12.0, 17, ABplppppap, 5476, 0, 0, 0, , 0, 0, 0, 0, 0, 
58, 1, 56, 62, -1, 212, 322, 13.0, 17, ABplppppaa, 6184, 0, 0, 0, , 0, 0, 0, 0, 0, 
59, 1, 57, 63, -1, 158, 323, 11.0, 21, ABplppppp, 12205, 0, 0, 0, , 0, 0, 0, 0, 0, 
60, 1, 58, 64, -1, 164, 345, 16.0, 17, ABplpppap, 10061, 0, 0, 0, , 0, 0, 0, 0, 0, 
61, 1, 59, 65, -1, 187, 350, 16.0, 15, ABplpppaap, 5688, 0, 0, 0, , 0, 0, 0, 0, 0, 
62, 1, 60, 66, -1, 214, 340, 16.0, 15, ABplpppaaa, 5444, 0, 0, 0, , 0, 0, 0, 0, 0, 
63, 1, 61, 67, -1, 206, 342, 20.0, 21, ABplppapp, 9983, 0, 0, 0, , 0, 0, 0, 0, 0, 
64, 1, 62, 68, -1, 235, 331, 19.0, 19, ABplppapa, 12466, 0, 0, 0, , 0, 0, 0, 0, 0, 
65, 1, 63, 69, -1, 236, 332, 14.0, 21, ABplppaap, 15781, 0, 0, 0, , 0, 0, 0, 0, 0, 
66, 1, 64, 70, -1, 261, 326, 17.0, 19, ABplppaaa, 12511, 0, 0, 0, , 0, 0, 0, 0, 0, 
67, 1, 65, 71, -1, 239, 281, 11.0, 17, ABplpappaa, 7206, 0, 0, 0, , 0, 0, 0, 0, 0, 
68, 1, 66, 72, -1, 213, 298, 10.0, 15, ABplpappap, 6251, 0, 0, 0, , 0, 0, 0, 0, 0, 
69, 1, 67, 73, -1, 195, 309, 10.0, 17, ABplpappp, 9547, 0, 0, 0, , 0, 0, 0, 0, 0, 
70, 1, 68, 74, -1, 238, 309, 11.0, 21, ABplpapap, 12694, 0, 0, 0, , 0, 0, 0, 0, 0, 
71, 1, 69, 75, -1, 261, 302, 12.0, 21, ABplpapaa, 11353, 0, 0, 0, , 0, 0, 0, 0, 0, 
72, 1, 70, 76, 77, 300, 291, 19.0, 15, ABplpaaaa, 9632, 0, 0, 0, , 0, 0, 0, 0, 0, 
73, 1, 71, 78, -1, 288, 314, 19.0, 19, ABplpaaap, 19041, 0, 0, 0, , 0, 0, 0, 0, 0, 
74, 1, 72, 79, -1, 265, 331, 22.0, 21, ABplpaapp, 15107, 0, 0, 0, , 0, 0, 0, 0, 0, 
75, 1, 73, 80, -1, 305, 310, 23.0, 21, ABplpaapa, 10030, 0, 0, 0, , 0, 0, 0, 0, 0, 
76, 1, 74, 81, 82, 260, 320, 31.0, 19, ABplaappa, 8369, 0, 0, 0, , 0, 0, 0, 0, 0, 
77, 1, 75, 83, -1, 252, 332, 27.0, 15, ABplaapppa, 4627, 0, 0, 0, , 0, 0, 0, 0, 0, 
78, 1, 76, 84, -1, 217, 338, 27.0, 15, ABplaapppp, 6678, 0, 0, 0, , 0, 0, 0, 0, 0, 
79, 1, 77, 85, 86, 302, 267, 33.0, 19, ABplaapaa, 6031, 0, 0, 0, , 0, 0, 0, 0, 0, 
80, 1, 78, 87, 88, 278, 288, 33.0, 19, ABplaapap, 8806, 0, 0, 0, , 0, 0, 0, 0, 0, 
81, 1, 79, 89, -1, 316, 245, 34.0, 19, ABplaaaaa, 10309, 0, 0, 0, , 0, 0, 0, 0, 0, 
82, 1, 80, 90, -1, 284, 244, 33.0, 19, ABplaaaap, 11534, 0, 0, 0, , 0, 0, 0, 0, 0, 
83, 1, 81, 91, -1, 244, 280, 33.0, 23, ABplaaapp, 13508, 0, 0, 0, , 0, 0, 0, 0, 0, 
84, 1, 82, 92, -1, 264, 261, 34.0, 19, ABplaaapa, 12550, 0, 0, 0, , 0, 0, 0, 0, 0, 
85, 1, 83, 93, -1, 142, 363, 19.0, 19, ABplapppp, 8651, 0, 0, 0, , 0, 0, 0, 0, 0, 
86, 1, 84, 94, -1, 171, 356, 20.0, 21, ABplapppa, 12148, 0, 0, 0, , 0, 0, 0, 0, 0, 
87, 1, 85, 95, -1, 202, 354, 24.0, 23, ABplappaa, 48281, 0, 0, 0, , 0, 0, 0, 0, 0, 
88, 1, 86, 96, -1, 173, 353, 25.0, 23, ABplappap, 12261, 0, 0, 0, , 0, 0, 0, 0, 0, 
89, 1, 87, 97, -1, 204, 330, 33.0, 19, ABplapaap, 9968, 0, 0, 0, , 0, 0, 0, 0, 0, 
90, 1, 88, 98, -1, 228, 309, 30.0, 21, ABplapaaa, 11680, 0, 0, 0, , 0, 0, 0, 0, 0, 
91, 1, 89, 99, -1, 125, 363, 23.0, 15, ABplapappp, 5401, 0, 0, 0, , 0, 0, 0, 0, 0, 
92, 1, 89, 101, -1, 143, 361, 27.0, 15, ABplapappa, 5778, 0, 0, 0, , 0, 0, 0, 0, 0, 
93, 1, 90, 100, 102, 156, 348, 31.0, 19, ABplapapa, 20136, 0, 0, 0, , 0, 0, 0, 0, 0, 
94, 1, 91, 103, -1, 189, 202, 13.0, 19, ABprpapaa, 9766, 0, 0, 0, , 0, 0, 0, 0, 0, 
95, 1, 92, 104, -1, 176, 222, 10.0, 21, ABprpapap, 11622, 0, 0, 0, , 0, 0, 0, 0, 0, 
96, 1, 93, 105, 106, 160, 257, 10.0, 19, ABprpappp, 9868, 0, 0, 0, , 0, 0, 0, 0, 0, 
97, 1, 94, 107, -1, 183, 256, 11.0, 15, ABprpappap, 5960, 0, 0, 0, , 0, 0, 0, 0, 0, 
98, 1, 95, 108, -1, 202, 235, 12.0, 15, ABprpappaa, 5359, 0, 0, 0, , 0, 0, 0, 0, 0, 
99, 1, 96, 109, -1, 236, 180, 15.0, 17, ABprpaaaa, 8429, 0, 0, 0, , 0, 0, 0, 0, 0, 
100, 1, 97, 110, -1, 204, 176, 15.0, 19, ABprpaaap, 10207, 0, 0, 0, , 0, 0, 0, 0, 0, 
101, 1, 98, 111, -1, 224, 172, 19.0, 21, ABprpaapa, 9977, 0, 0, 0, , 0, 0, 0, 0, 0, 
102, 1, 99, 112, -1, 188, 178, 19.0, 23, ABprpaapp, 22078, 0, 0, 0, , 0, 0, 0, 0, 0, 
103, 1, 100, 113, -1, 114, 229, 12.0, 19, ABprpppaa, 10554, 0, 0, 0, , 0, 0, 0, 0, 0, 
104, 1, 101, 114, -1, 102, 257, 11.0, 19, ABprpppap, 10236, 0, 0, 0, , 0, 0, 0, 0, 0, 
105, 1, 102, 115, -1, 132, 245, 12.0, 15, ABprppppap, 5838, 0, 0, 0, , 0, 0, 0, 0, 0, 
106, 1, 103, 116, -1, 152, 225, 11.0, 15, ABprppppaa, 5766, 0, 0, 0, , 0, 0, 0, 0, 0, 
107, 1, 104, 117, 118, 126, 272, 11.0, 17, ABprppppp, 8353, 0, 0, 0, , 0, 0, 0, 0, 0, 
108, 1, 105, 119, -1, 158, 199, 11.0, 19, ABprppaap, 11454, 0, 0, 0, , 0, 0, 0, 0, 0, 
109, 1, 106, 120, -1, 177, 184, 13.0, 17, ABprppaaa, 8867, 0, 0, 0, , 0, 0, 0, 0, 0, 
110, 1, 107, 121, -1, 162, 197, 16.0, 19, ABprppapa, 13107, 0, 0, 0, , 0, 0, 0, 0, 0, 
111, 1, 108, 122, -1, 134, 214, 15.0, 19, ABprppapp, 9412, 0, 0, 0, , 0, 0, 0, 0, 0, 
112, 1, 109, 123, -1, 265, 169, 28.0, 17, ABpraapaa, 9468, 0, 0, 0, , 0, 0, 0, 0, 0, 
113, 1, 110, 124, 125, 229, 178, 30.0, 17, ABpraapap, 9921, 0, 0, 0, , 0, 0, 0, 0, 0, 
114, 1, 111, 126, -1, 151, 194, 22.0, 17, ABpraapppp, 6468, 0, 0, 0, , 0, 0, 0, 0, 0, 
115, 1, 112, 127, -1, 181, 183, 24.0, 17, ABpraapppa, 5884, 0, 0, 0, , 0, 0, 0, 0, 0, 
116, 1, 113, 128, -1, 201, 172, 25.0, 19, ABpraappa, 10104, 0, 0, 0, , 0, 0, 0, 0, 0, 
117, 1, 114, 129, -1, 273, 167, 23.0, 19, ABpraaapa, 11056, 0, 0, 0, , 0, 0, 0, 0, 0, 
118, 1, 115, 130, -1, 252, 174, 23.0, 15, ABpraaappa, 4643, 0, 0, 0, , 0, 0, 0, 0, 0, 
119, 1, 116, 131, -1, 228, 169, 25.0, 15, ABpraaappp, 7106, 0, 0, 0, , 0, 0, 0, 0, 0, 
120, 1, 117, 132, -1, 273, 161, 19.0, 17, ABpraaaaa, 12551, 0, 0, 0, , 0, 0, 0, 0, 0, 
121, 1, 118, 133, -1, 248, 161, 19.0, 17, ABpraaaap, 10428, 0, 0, 0, , 0, 0, 0, 0, 0, 
122, 1, 119, 134, -1, 108, 219, 19.0, 21, ABprappap, 10862, 0, 0, 0, , 0, 0, 0, 0, 0, 
123, 1, 120, 135, -1, 127, 201, 18.0, 21, ABprappaa, 12061, 0, 0, 0, , 0, 0, 0, 0, 0, 
124, 1, 121, 136, -1, 97, 235, 15.0, 19, ABprapppa, 9187, 0, 0, 0, , 0, 0, 0, 0, 0, 
125, 1, 122, 137, -1, 79, 261, 13.0, 21, ABprapppp, 15701, 0, 0, 0, , 0, 0, 0, 0, 0, 
126, 1, 123, 138, -1, 171, 199, 29.0, 21, ABprapaaa, 11853, 0, 0, 0, , 0, 0, 0, 0, 0, 
127, 1, 124, 139, -1, 139, 212, 26.0, 21, ABprapaap, 11336, 0, 0, 0, , 0, 0, 0, 0, 0, 
128, 1, 125, 140, -1, 86, 242, 23.0, 15, ABprapappa, 5980, 0, 0, 0, , 0, 0, 0, 0, 0, 
129, 1, 126, 141, -1, 80, 257, 17.0, 17, ABprapappp, 5487, 0, 0, 0, , 0, 0, 0, 0, 0, 
130, 1, 127, 142, -1, 100, 235, 26.0, 19, ABprapapa, 9562, 0, 0, 0, , 0, 0, 0, 0, 0, 
131, 1, 128, 143, -1, 200, 203, 20.0, 17, MSppppa, 7262, 0, 0, 0, , 0, 0, 0, 0, 0, 
132, 1, 129, 144, -1, 177, 212, 22.0, 19, MSppppp, 8665, 0, 0, 0, , 0, 0, 0, 0, 0, 
133, 1, 130, 145, -1, 226, 212, 18.0, 19, MSpppaa, 7718, 0, 0, 0, , 0, 0, 0, 0, 0, 
134, 1, 131, 146, -1, 198, 226, 16.0, 17, MSpppap, 7233, 0, 0, 0, , 0, 0, 0, 0, 0, 
135, 1, 132, 147, -1, 252, 198, 17.0, 17, MSppaap, 5496, 0, 0, 0, , 0, 0, 0, 0, 0, 
136, 1, 133, 148, -1, 271, 181, 18.0, 17, MSppaaa, 6661, 0, 0, 0, , 0, 0, 0, 0, 0, 
137, 1, 134, 149, -1, 216, 194, 24.0, 19, MSppapp, 7570, 0, 0, 0, , 0, 0, 0, 0, 0, 
138, 1, 135, 150, -1, 241, 195, 21.0, 17, MSppapa, 6862, 0, 0, 0, , 0, 0, 0, 0, 0, 
139, 1, 136, 151, -1, 208, 258, 18.0, 19, MSpapap, 9205, 0, 0, 0, , 0, 0, 0, 0, 0, 
140, 1, 137, 152, -1, 235, 246, 19.0, 19, MSpapaa, 8582, 0, 0, 0, , 0, 0, 0, 0, 0, 
141, 1, 138, 153, -1, 196, 275, 13.0, 15, MSpappa, 5892, 0, 0, 0, , 0, 0, 0, 0, 0, 
142, 1, 139, 154, -1, 173, 282, 12.0, 21, MSpappp, 10936, 0, 0, 0, , 0, 0, 0, 0, 0, 
143, 1, 140, 155, -1, 281, 200, 26.0, 23, MSpaaap, 32660, 0, 0, 0, , 0, 0, 0, 0, 0, 
144, 1, 141, 156, -1, 309, 192, 22.0, 19, MSpaaaa, 10618, 0, 0, 0, , 0, 0, 0, 0, 0, 
145, 1, 142, 157, -1, 271, 213, 21.0, 23, MSpaapa, 11803, 0, 0, 0, , 0, 0, 0, 0, 0, 
146, 1, 143, 158, -1, 238, 218, 22.0, 15, MSpaapp, 7152, 0, 0, 0, , 0, 0, 0, 0, 0, 
147, 1, 144, 159, -1, 247, 307, 21.0, 17, MSapppa, 6526, 0, 0, 0, , 0, 0, 0, 0, 0, 
148, 1, 145, 160, -1, 215, 313, 24.0, 17, MSapppp, 8786, 0, 0, 0, , 0, 0, 0, 0, 0, 
149, 1, 146, 161, -1, 264, 289, 19.0, 19, MSappaa, 7676, 0, 0, 0, , 0, 0, 0, 0, 0, 
150, 1, 147, 162, -1, 226, 297, 17.0, 17, MSappap, 6531, 0, 0, 0, , 0, 0, 0, 0, 0, 
151, 1, 148, 163, -1, 253, 300, 26.0, 19, MSapapp, 9213, 0, 0, 0, , 0, 0, 0, 0, 0, 
152, 1, 149, 164, -1, 283, 279, 24.0, 21, MSapapa, 8515, 0, 0, 0, , 0, 0, 0, 0, 0, 
153, 1, 150, 165, -1, 297, 264, 22.0, 17, MSapaap, 7081, 0, 0, 0, , 0, 0, 0, 0, 0, 
154, 1, 151, 166, -1, 322, 255, 22.0, 19, MSapaaa, 8749, 0, 0, 0, , 0, 0, 0, 0, 0, 
155, 1, 152, 167, -1, 327, 210, 24.0, 19, MSaaaaa, 10352, 0, 0, 0, , 0, 0, 0, 0, 0, 
156, 1, 153, 168, -1, 299, 223, 29.0, 19, MSaaaap, 11201, 0, 0, 0, , 0, 0, 0, 0, 0, 
157, 1, 154, 169, -1, 298, 235, 23.0, 21, MSaaapa, 11633, 0, 0, 0, , 0, 0, 0, 0, 0, 
158, 1, 155, 170, -1, 266, 238, 24.0, 15, MSaaapp, 7670, 0, 0, 0, , 0, 0, 0, 0, 0, 
159, 1, 156, 171, -1, 200, 299, 14.0, 21, MSaappp, 7202, 0, 0, 0, , 0, 0, 0, 0, 0, 
160, 1, 157, 172, -1, 217, 283, 12.0, 15, MSaappa, 6000, 0, 0, 0, , 0, 0, 0, 0, 0, 
161, 1, 158, 173, -1, 267, 257, 19.0, 19, MSaapaa, 9961, 0, 0, 0, , 0, 0, 0, 0, 0, 
162, 1, 159, 174, -1, 236, 275, 17.0, 17, MSaapap, 8648, 0, 0, 0, , 0, 0, 0, 0, 0, 
163, 1, 160, 175, -1, 218, 288, 24.0, 23, Ealp, 18529, 0, 0, 0, , 0, 0, 0, 0, 0, 
164, 1, 161, 176, -1, 133, 307, 23.0, 29, Eplp, 38963, 0, 0, 0, , 0, 0, 0, 0, 0, 
165, 1, 162, 177, -1, 136, 339, 20.0, 19, Cappa, 8791, 0, 0, 0, , 0, 0, 0, 0, 0, 
166, 1, 163, 178, -1, 113, 330, 17.0, 19, Cappp, 10330, 0, 0, 0, , 0, 0, 0, 0, 0, 
167, 1, 164, 179, -1, 154, 308, 16.0, 21, Capaa, 10019, 0, 0, 0, , 0, 0, 0, 0, 0, 
168, 1, 165, 180, -1, 131, 323, 15.0, 21, Capap, 11655, 0, 0, 0, , 0, 0, 0, 0, 0, 
169, 1, 166, 181, -1, 110, 316, 30.0, 19, Caaapa, 7376, 0, 0, 0, , 0, 0, 0, 0, 0, 
170, 1, 167, 182, -1, 92, 337, 23.0, 17, Caaapp, 6366, 0, 0, 0, , 0, 0, 0, 0, 0, 
171, 1, 168, 183, -1, 164, 292, 32.0, 15, Caaaaa, 6076, 0, 0, 0, , 0, 0, 0, 0, 0, 
172, 1, 169, 184, -1, 133, 309, 31.0, 15, Caaaap, 6685, 0, 0, 0, , 0, 0, 0, 0, 0, 
173, 1, 170, 185, -1, 82, 332, 15.0, 19, Caapp, 8990, 0, 0, 0, , 0, 0, 0, 0, 0, 
174, 1, 171, 186, -1, 84, 348, 19.0, 19, Caapa, 8679, 0, 0, 0, , 0, 0, 0, 0, 0, 
175, 1, 172, 187, -1, 77, 305, 13.0, 19, Cpapp, 11024, 0, 0, 0, , 0, 0, 0, 0, 0, 
176, 1, 173, 188, -1, 65, 315, 19.0, 21, Cpapa, 12449, 0, 0, 0, , 0, 0, 0, 0, 0, 
177, 1, 174, 189, -1, 163, 257, 32.0, 21, Cpaaaa, 5910, 0, 0, 0, , 0, 0, 0, 0, 0, 
178, 1, 175, 190, -1, 129, 267, 32.0, 17, Cpaaap, 5692, 0, 0, 0, , 0, 0, 0, 0, 0, 
179, 1, 176, 191, -1, 103, 283, 31.0, 19, Cpaapa, 5236, 0, 0, 0, , 0, 0, 0, 0, 0, 
180, 1, 177, 192, -1, 82, 304, 26.0, 17, Cpaapp, 7679, 0, 0, 0, , 0, 0, 0, 0, 0, 
181, 1, 178, 193, -1, 142, 276, 15.0, 21, Cppaa, 12885, 0, 0, 0, , 0, 0, 0, 0, 0, 
182, 1, 179, 194, -1, 122, 294, 15.0, 19, Cppap, 9517, 0, 0, 0, , 0, 0, 0, 0, 0, 
183, 1, 180, 195, -1, 98, 304, 16.0, 19, Cpppp, 10869, 0, 0, 0, , 0, 0, 0, 0, 0, 
184, 1, 181, 196, -1, 95, 281, 17.0, 17, Cpppa, 8132, 0, 0, 0, , 0, 0, 0, 0, 0, 
185, 1, 182, 197, -1, 175, 317, 17.0, 17, Daap, 10507, 0, 0, 0, , 0, 0, 0, 0, 0, 
186, 1, 183, 198, -1, 205, 311, 20.0, 17, Daaa, 7451, 0, 0, 0, , 0, 0, 0, 0, 0, 
187, 1, 184, 199, -1, 180, 319, 21.0, 19, Dapp, 10803, 0, 0, 0, , 0, 0, 0, 0, 0, 
188, 1, 185, 200, -1, 152, 252, 16.0, 17, Dpap, 6883, 0, 0, 0, , 0, 0, 0, 0, 0, 
189, 1, 186, 201, -1, 172, 224, 17.0, 19, Dpaa, 8708, 0, 0, 0, , 0, 0, 0, 0, 0, 
190, 1, 187, 202, -1, 123, 255, 20.0, 19, Dppp, 9465, 0, 0, 0, , 0, 0, 0, 0, 0, 
191, 1, 188, 203, -1, 155, 232, 18.0, 19, Dppa, 7225, 0, 0, 0, , 0, 0, 0, 0, 0, 
192, 1, 189, 204, -1, 188, 275, 19.0, 21, Z3, 13146, 0, 0, 0, , 0, 0, 0, 0, 0, 
193, 1, 190, 205, -1, 153, 283, 20.0, 23, Z2, 32360, 0, 0, 0, , 0, 0, 0, 0, 0, 
194, 0, 191, -1, -1, 381, 243, 24.0, 17, , 12041, 0, 0, 0, , 0, 0, 0, 0, 0, 
195, 1, 197, 207, -1, 315, 295, 28.0, 15, ABalpppapp, 4618, 0, 0, 0, , 0, 0, 0, 0, 0, 
196, 1, 192, 208, -1, 300, 306, 29.0, 15, ABalpppppa, 6113, 0, 0, 0, , 0, 0, 0, 0, 0, 
197, 1, 193, 209, -1, 276, 316, 27.0, 19, ABalpppppp, 8274, 0, 0, 0, , 0, 0, 0, 0, 0, 
198, 1, 194, 210, -1, 296, 280, 29.0, 17, ABalppppap, 6029, 0, 0, 0, , 0, 0, 0, 0, 0, 
199, 1, 195, 211, -1, 328, 263, 29.0, 15, ABalppppaa, 6712, 0, 0, 0, , 0, 0, 0, 0, 0, 
200, 1, 196, 212, -1, 343, 276, 27.0, 19, ABalpppaa, 10012, 0, 0, 0, , 0, 0, 0, 0, 0, 
201, 1, 197, 213, -1, 327, 288, 23.0, 15, ABalpppapa, 7091, 0, 0, 0, , 0, 0, 0, 0, 0, 
202, 1, 198, 214, -1, 343, 275, 21.0, 19, ABalppaaa, 9887, 0, 0, 0, , 0, 0, 0, 0, 0, 
203, 1, 199, 215, -1, 326, 292, 19.0, 19, ABalppaap, 10877, 0, 0, 0, , 0, 0, 0, 0, 0, 
204, 1, 200, 216, -1, 272, 310, 16.0, 17, ABalppappp, 6797, 0, 0, 0, , 0, 0, 0, 0, 0, 
205, 1, 201, 217, -1, 296, 301, 13.0, 15, ABalppappa, 7454, 0, 0, 0, , 0, 0, 0, 0, 0, 
206, 1, 202, 218, -1, 305, 285, 14.0, 15, ABalppapap, 5678, 0, 0, 0, , 0, 0, 0, 0, 0, 
207, 1, 203, 219, -1, 329, 277, 15.0, 15, ABalppapaa, 4844, 0, 0, 0, , 0, 0, 0, 0, 0, 
208, 1, 204, 220, -1, 294, 278, 10.0, 15, ABalpapapa, 6118, 0, 0, 0, , 0, 0, 0, 0, 0, 
209, 1, 204, 221, -1, 278, 282, 11.0, 15, ABalpapapp, 5907, 0, 0, 0, , 0, 0, 0, 0, 0, 
210, 1, 205, 222, -1, 314, 258, 11.0, 21, ABalpapaa, 9831, 0, 0, 0, , 0, 0, 0, 0, 0, 
211, 1, 206, 223, -1, 274, 252, 12.0, 17, ABalpappap, 6932, 0, 0, 0, , 0, 0, 0, 0, 0, 
212, 1, 207, 224, -1, 295, 250, 10.0, 15, ABalpappaa, 6490, 0, 0, 0, , 0, 0, 0, 0, 0, 
213, 1, 208, 225, -1, 253, 264, 14.0, 19, ABalpapppp, 8203, 0, 0, 0, , 0, 0, 0, 0, 0, 
214, 1, 209, 226, -1, 287, 265, 16.0, 17, ABalpapppa, 6043, 0, 0, 0, , 0, 0, 0, 0, 0, 
215, 1, 210, 227, -1, 307, 230, 11.0, 17, ABalpaaap, 9366, 0, 0, 0, , 0, 0, 0, 0, 0, 
216, 1, 211, 228, -1, 334, 217, 11.0, 19, ABalpaaaa, 11057, 0, 0, 0, , 0, 0, 0, 0, 0, 
217, 1, 212, 229, -1, 323, 258, 16.0, 15, ABalpaapp, 9462, 0, 0, 0, , 0, 0, 0, 0, 0, 
218, 1, 213, 230, -1, 329, 238, 14.0, 17, ABalpaapap, 7287, 0, 0, 0, , 0, 0, 0, 0, 0, 
219, 1, 214, 231, -1, 349, 214, 16.0, 17, ABalpaapaa, 5601, 0, 0, 0, , 0, 0, 0, 0, 0, 
220, 1, 215, 232, -1, 154, 242, 23.0, 23, Epra, 26785, 0, 0, 0, , 0, 0, 0, 0, 0, 
221, 1, 216, 233, -1, 231, 229, 26.0, 29, Eara, 28992, 0, 0, 0, , 0, 0, 0, 0, 0, 
222, 1, 217, 234, -1, 193, 242, 23.0, 25, Earp, 29564, 0, 0, 0, , 0, 0, 0, 0, 0, 
223, 1, 218, 235, -1, 257, 262, 27.0, 27, Eala, 65535, 0, 0, 0, , 0, 0, 0, 0, 0, 
224, 1, 219, 236, -1, 171, 278, 27.0, 29, Epla, 65535, 0, 0, 0, , 0, 0, 0, 0, 0, 
225, 1, 220, 237, -1, 107, 279, 23.0, 25, Eprp, 65535, 0, 0, 0, , 0, 0, 0, 0, 0, 
226, 1, 221, 238, -1, 185, 312, 26.0, 19, Dapa, 9248, 0, 0, 0, , 0, 0, 0, 0, 0, 
