1, 1, 1, 1, -1, 314, 198, 16.0, 15, ABaraappaa, 6300, 0, 0, 0, , 0, 0, 0, 0, 0, 
2, 1, 2, 2, -1, 295, 211, 17.0, 17, ABaraappap, 6814, 0, 0, 0, , 0, 0, 0, 0, 0, 
3, 1, 3, 3, -1, 275, 221, 17.0, 17, ABaraapppa, 10162, 0, 0, 0, , 0, 0, 0, 0, 0, 
4, 1, 4, 4, -1, 251, 220, 17.0, 15, ABaraapppp, 6617, 0, 0, 0, , 0, 0, 0, 0, 0, 
5, 1, 5, 5, -1, 274, 246, 20.0, 17, ABaraapapp, 7396, 0, 0, 0, , 0, 0, 0, 0, 0, 
6, 1, 6, 6, -1, 295, 237, 19.0, 17, ABaraapapa, 8420, 0, 0, 0, , 0, 0, 0, 0, 0, 
7, 1, 7, 7, -1, 337, 225, 16.0, 17, ABaraapaaa, 8311, 0, 0, 0, , 0, 0, 0, 0, 0, 
8, 1, 8, 8, -1, 314, 231, 19.0, 15, ABaraapaap, 7299, 0, 0, 0, , 0, 0, 0, 0, 0, 
9, 1, 9, 9, -1, 295, 189, 11.0, 15, ABaraaappa, 6878, 0, 0, 0, , 0, 0, 0, 0, 0, 
10, 1, 10, 10, -1, 279, 193, 13.0, 15, ABaraaappp, 5212, 0, 0, 0, , 0, 0, 0, 0, 0, 
11, 1, 11, 11, -1, 325, 206, 11.0, 15, ABaraaapaa, 7733, 0, 0, 0, , 0, 0, 0, 0, 0, 
12, 1, 12, 12, -1, 303, 208, 12.0, 15, ABaraaapap, 6629, 0, 0, 0, , 0, 0, 0, 0, 0, 
13, 1, 13, 13, 14, 336, 201, 15.0, 15, ABaraaaaa, 6081, 0, 0, 0, , 0, 0, 0, 0, 0, 
14, 1, 14, 15, -1, 327, 209, 19.0, 19, ABaraaaap, 11624, 0, 0, 0, , 0, 0, 0, 0, 0, 
15, 1, 15, 16, -1, 240, 249, 10.0, 17, ABarapapap, 7625, 0, 0, 0, , 0, 0, 0, 0, 0, 
16, 1, 16, 17, -1, 261, 243, 10.0, 15, ABarapapaa, 6156, 0, 0, 0, , 0, 0, 0, 0, 0, 
17, 1, 17, 18, -1, 226, 263, 12.0, 17, ABarapappp, 7504, 0, 0, 0, , 0, 0, 0, 0, 0, 
18, 1, 18, 19, -1, 249, 239, 13.0, 17, ABarapappa, 6559, 0, 0, 0, , 0, 0, 0, 0, 0, 
19, 1, 19, 20, -1, 277, 240, 10.0, 13, ABarapaaap, 6371, 0, 0, 0, , 0, 0, 0, 0, 0, 
20, 1, 20, 21, -1, 300, 229, 11.0, 15, ABarapaaaa, 5721, 0, 0, 0, , 0, 0, 0, 0, 0, 
21, 1, 21, 22, -1, 283, 214, 12.0, 15, ABarapaapa, 6729, 0, 0, 0, , 0, 0, 0, 0, 0, 
22, 1, 22, 23, -1, 266, 226, 14.0, 17, ABarapaapp, 6328, 0, 0, 0, , 0, 0, 0, 0, 0, 
23, 1, 23, 24, -1, 245, 195, 11.0, 15, ABarapppap, 6689, 0, 0, 0, , 0, 0, 0, 0, 0, 
24, 1, 24, 25, -1, 267, 194, 10.0, 15, ABarapppaa, 7166, 0, 0, 0, , 0, 0, 0, 0, 0, 
25, 1, 25, 26, -1, 230, 182, 11.0, 15, ABarappppa, 5800, 0, 0, 0, , 0, 0, 0, 0, 0, 
26, 1, 26, 27, -1, 217, 190, 13.0, 15, ABarappppp, 6608, 0, 0, 0, , 0, 0, 0, 0, 0, 
27, 1, 27, 28, -1, 258, 212, 11.0, 15, ABarappaaa, 7340, 0, 0, 0, , 0, 0, 0, 0, 0, 
28, 1, 28, 29, -1, 233, 230, 10.0, 15, ABarappaap, 6198, 0, 0, 0, , 0, 0, 0, 0, 0, 
29, 1, 29, 30, -1, 226, 206, 10.0, 15, ABarappapa, 6966, 0, 0, 0, , 0, 0, 0, 0, 0, 
30, 1, 30, 31, -1, 214, 224, 10.0, 15, ABarappapp, 6655, 0, 0, 0, , 0, 0, 0, 0, 0, 
31, 1, 31, 32, -1, 205, 202, 34.0, 17, ABarpapppa, 5635, 0, 0, 0, , 0, 0, 0, 0, 0, 
32, 1, 32, 33, -1, 193, 191, 31.0, 19, ABarpapppp, 14059, 0, 0, 0, , 0, 0, 0, 0, 0, 
33, 1, 33, 34, -1, 224, 204, 34.0, 15, ABarpappap, 5997, 0, 0, 0, , 0, 0, 0, 0, 0, 
34, 1, 34, 35, -1, 285, 192, 35.0, 17, ABarpapaaa, 5963, 0, 0, 0, , 0, 0, 0, 0, 0, 
35, 1, 35, 36, -1, 260, 182, 34.0, 17, ABarpapaap, 5557, 0, 0, 0, , 0, 0, 0, 0, 0, 
36, 1, 36, 37, -1, 247, 217, 33.0, 15, ABarpapapp, 5511, 0, 0, 0, , 0, 0, 0, 0, 0, 
37, 1, 37, 38, -1, 268, 208, 34.0, 15, ABarpapapa, 4789, 0, 0, 0, , 0, 0, 0, 0, 0, 
38, 1, 38, 39, -1, 190, 265, 34.0, 17, ABarpaappp, 4633, 0, 0, 0, , 0, 0, 0, 0, 0, 
39, 1, 39, 40, -1, 216, 245, 34.0, 17, ABarpaappa, 1643, 0, 0, 0, , 0, 0, 0, 0, 0, 
40, 1, 40, 41, -1, 259, 230, 33.0, 15, ABarpaapaa, 5116, 0, 0, 0, , 0, 0, 0, 0, 0, 
41, 1, 41, 42, -1, 235, 240, 33.0, 19, ABarpaapap, 6082, 0, 0, 0, , 0, 0, 0, 0, 0, 
42, 1, 42, 43, -1, 310, 216, 34.0, 19, ABarpaaaa, 11146, 0, 0, 0, , 0, 0, 0, 0, 0, 
43, 1, 43, 44, -1, 283, 219, 34.0, 19, ABarpaaap, 18031, 0, 0, 0, , 0, 0, 0, 0, 0, 
44, 1, 44, 45, -1, 214, 287, 33.0, 17, ABarppaaa, 9169, 0, 0, 0, , 0, 0, 0, 0, 0, 
45, 1, 45, 46, -1, 173, 310, 33.0, 15, ABarppaapp, 4175, 0, 0, 0, , 0, 0, 0, 0, 0, 
46, 1, 46, 47, -1, 192, 291, 33.0, 15, ABarppaapa, 5330, 0, 0, 0, , 0, 0, 0, 0, 0, 
47, 1, 47, 48, -1, 146, 334, 32.0, 15, ABarppappa, 4710, 0, 0, 0, , 0, 0, 0, 0, 0, 
48, 1, 47, 49, -1, 130, 335, 28.0, 15, ABarppappp, 4592, 0, 0, 0, , 0, 0, 0, 0, 0, 
49, 1, 48, 50, 51, 185, 330, 32.0, 19, ABarppapa, 7877, 0, 0, 0, , 0, 0, 0, 0, 0, 
50, 1, 49, 52, -1, 102, 253, 29.0, 21, ABarppppp, 19742, 0, 0, 0, , 0, 0, 0, 0, 0, 
51, 1, 50, 53, 54, 131, 229, 28.0, 21, ABarppppa, 10658, 0, 0, 0, , 0, 0, 0, 0, 0, 
52, 1, 51, 55, 56, 186, 216, 33.0, 19, ABarpppaa, 8601, 0, 0, 0, , 0, 0, 0, 0, 0, 
53, 1, 52, 57, -1, 122, 261, 33.0, 19, Cpaaap, 11394, 0, 0, 0, , 0, 0, 0, 0, 0, 
54, 1, 54, 58, -1, 269, 188, 30.0, 17, ABalappppa, 5604, 0, 0, 0, , 0, 0, 0, 0, 0, 
55, 1, 55, 59, -1, 246, 199, 30.0, 17, ABalappppp, 5737, 0, 0, 0, , 0, 0, 0, 0, 0, 
56, 1, 56, 60, -1, 323, 197, 30.0, 17, ABalapppaa, 5686, 0, 0, 0, , 0, 0, 0, 0, 0, 
57, 1, 57, 61, -1, 294, 196, 31.0, 15, ABalapppap, 6191, 0, 0, 0, , 0, 0, 0, 0, 0, 
58, 1, 58, 62, -1, 337, 177, 30.0, 15, ABalappapa, 5614, 0, 0, 0, , 0, 0, 0, 0, 0, 
59, 1, 59, 63, -1, 341, 193, 26.0, 17, ABalappaa, 6772, 0, 0, 0, , 0, 0, 0, 0, 0, 
60, 1, 60, 64, -1, 311, 181, 33.0, 17, ABalappapp, 6781, 0, 0, 0, , 0, 0, 0, 0, 0, 
61, 1, 61, 65, -1, 284, 263, 29.0, 15, ABalapappp, 6811, 0, 0, 0, , 0, 0, 0, 0, 0, 
62, 1, 62, 66, -1, 309, 254, 29.0, 17, ABalapappa, 6437, 0, 0, 0, , 0, 0, 0, 0, 0, 
63, 1, 63, 67, -1, 339, 216, 31.0, 15, ABalapapaa, 5408, 0, 0, 0, , 0, 0, 0, 0, 0, 
64, 1, 64, 68, -1, 322, 239, 31.0, 15, ABalapapap, 5823, 0, 0, 0, , 0, 0, 0, 0, 0, 
65, 1, 65, 69, -1, 361, 221, 27.0, 15, ABalapaaaa, 6356, 0, 0, 0, , 0, 0, 0, 0, 0, 
66, 1, 66, 70, -1, 344, 239, 28.0, 15, ABalapaaap, 5607, 0, 0, 0, , 0, 0, 0, 0, 0, 
67, 1, 67, 71, -1, 362, 242, 26.0, 15, ABalapaapa, 4536, 0, 0, 0, , 0, 0, 0, 0, 0, 
68, 1, 68, 72, -1, 343, 255, 26.0, 17, ABalapaapp, 6702, 0, 0, 0, , 0, 0, 0, 0, 0, 
69, 1, 69, 73, -1, 318, 177, 17.0, 17, ABalaapaa, 8393, 0, 0, 0, , 0, 0, 0, 0, 0, 
70, 1, 70, 74, -1, 300, 171, 18.0, 19, ABalaapap, 9495, 0, 0, 0, , 0, 0, 0, 0, 0, 
71, 1, 71, 75, -1, 290, 177, 24.0, 19, ABalaappap, 6288, 0, 0, 0, , 0, 0, 0, 0, 0, 
72, 1, 72, 76, -1, 308, 161, 22.0, 13, ABalaappaa, 4951, 0, 0, 0, , 0, 0, 0, 0, 0, 
73, 1, 73, 77, -1, 296, 174, 29.0, 19, ABalaapppp, 6967, 0, 0, 0, , 0, 0, 0, 0, 0, 
74, 1, 74, 78, -1, 322, 174, 27.0, 15, ABalaapppa, 6002, 0, 0, 0, , 0, 0, 0, 0, 0, 
75, 1, 75, 79, -1, 353, 253, 18.0, 15, ABalaaaalp, 4576, 0, 0, 0, , 0, 0, 0, 0, 0, 
76, 1, 76, 80, -1, 340, 186, 19.0, 15, ABalaaaarr, 4913, 0, 0, 0, , 0, 0, 0, 0, 0, 
77, 1, 77, 81, -1, 356, 206, 18.0, 15, ABalaaaarl, 4752, 0, 0, 0, , 0, 0, 0, 0, 0, 
78, 1, 78, 82, -1, 351, 182, 23.0, 15, ABalaaappl, 5864, 0, 0, 0, , 0, 0, 0, 0, 0, 
79, 1, 79, 83, -1, 324, 171, 22.0, 15, ABalaaappr, 7038, 0, 0, 0, , 0, 0, 0, 0, 0, 
80, 1, 80, 84, -1, 361, 197, 25.0, 15, ABalaaapar, 5562, 0, 0, 0, , 0, 0, 0, 0, 0, 
81, 1, 81, 85, -1, 361, 220, 24.0, 15, ABalaaapal, 7901, 0, 0, 0, , 0, 0, 0, 0, 0, 
82, 1, 82, 86, -1, 172, 331, 11.0, 19, ABplppppap, 6972, 0, 0, 0, , 0, 0, 0, 0, 0, 
83, 1, 83, 87, -1, 197, 325, 11.0, 17, ABplppppaa, 6898, 0, 0, 0, , 0, 0, 0, 0, 0, 
84, 1, 84, 88, -1, 132, 310, 10.0, 17, ABplpppppp, 6638, 0, 0, 0, , 0, 0, 0, 0, 0, 
85, 1, 85, 89, -1, 154, 318, 10.0, 15, ABplpppppa, 8937, 0, 0, 0, , 0, 0, 0, 0, 0, 
86, 1, 86, 90, -1, 127, 339, 13.0, 15, ABplpppapp, 4734, 0, 0, 0, , 0, 0, 0, 0, 0, 
87, 1, 87, 91, -1, 151, 343, 13.0, 17, ABplpppapa, 8114, 0, 0, 0, , 0, 0, 0, 0, 0, 
88, 1, 88, 92, -1, 173, 341, 14.0, 15, ABplpppaap, 6745, 0, 0, 0, , 0, 0, 0, 0, 0, 
89, 1, 89, 93, -1, 199, 341, 15.0, 15, ABplpppaaa, 6053, 0, 0, 0, , 0, 0, 0, 0, 0, 
90, 1, 90, 94, -1, 187, 354, 17.0, 15, ABplppappp, 5549, 0, 0, 0, , 0, 0, 0, 0, 0, 
91, 1, 91, 95, -1, 214, 348, 18.0, 15, ABplppappa, 7150, 0, 0, 0, , 0, 0, 0, 0, 0, 
92, 1, 92, 96, -1, 249, 329, 18.0, 17, ABplppapaa, 7008, 0, 0, 0, , 0, 0, 0, 0, 0, 
93, 1, 93, 97, -1, 234, 343, 18.0, 15, ABplppapap, 5728, 0, 0, 0, , 0, 0, 0, 0, 0, 
94, 1, 94, 98, -1, 217, 339, 13.0, 15, ABplppaapp, 6290, 0, 0, 0, , 0, 0, 0, 0, 0, 
95, 1, 95, 99, -1, 279, 314, 17.0, 19, ABplppaaaa, 8157, 0, 0, 0, , 0, 0, 0, 0, 0, 
96, 1, 96, 100, -1, 261, 326, 18.0, 15, ABplppaaap, 6437, 0, 0, 0, , 0, 0, 0, 0, 0, 
97, 1, 97, 101, -1, 238, 286, 10.0, 23, ABplpappaa, 37135, 0, 0, 0, , 0, 0, 0, 0, 0, 
98, 1, 98, 102, -1, 207, 290, 9.0, 17, ABplpappap, 5546, 0, 0, 0, , 0, 0, 0, 0, 0, 
99, 1, 99, 103, -1, 171, 303, 9.0, 17, ABplpapppp, 7008, 0, 0, 0, , 0, 0, 0, 0, 0, 
100, 1, 100, 104, -1, 197, 303, 10.0, 15, ABplpapppa, 6441, 0, 0, 0, , 0, 0, 0, 0, 0, 
101, 1, 101, 105, -1, 222, 318, 11.0, 17, ABplpapapp, 6953, 0, 0, 0, , 0, 0, 0, 0, 0, 
102, 1, 102, 106, -1, 245, 318, 11.0, 15, ABplpapapa, 7267, 0, 0, 0, , 0, 0, 0, 0, 0, 
103, 1, 103, 107, -1, 257, 315, 14.0, 15, ABplpapaap, 5011, 0, 0, 0, , 0, 0, 0, 0, 0, 
104, 1, 104, 108, -1, 267, 303, 11.0, 15, ABplpapaaa, 6144, 0, 0, 0, , 0, 0, 0, 0, 0, 
105, 1, 105, 109, -1, 298, 296, 19.0, 17, ABplpaaaap, 6630, 0, 0, 0, , 0, 0, 0, 0, 0, 
106, 1, 106, 110, -1, 310, 280, 19.0, 17, ABplpaaaaa, 7562, 0, 0, 0, , 0, 0, 0, 0, 0, 
107, 1, 107, 111, -1, 304, 314, 19.0, 15, ABplpaaapa, 6512, 0, 0, 0, , 0, 0, 0, 0, 0, 
108, 1, 108, 112, -1, 289, 321, 21.0, 17, ABplpaaapp, 7441, 0, 0, 0, , 0, 0, 0, 0, 0, 
109, 1, 109, 113, -1, 279, 324, 25.0, 15, ABplpaappa, 6561, 0, 0, 0, , 0, 0, 0, 0, 0, 
110, 1, 110, 114, -1, 265, 336, 21.0, 15, ABplpaappp, 6113, 0, 0, 0, , 0, 0, 0, 0, 0, 
111, 1, 111, 115, -1, 315, 301, 23.0, 15, ABplpaapaa, 5313, 0, 0, 0, , 0, 0, 0, 0, 0, 
112, 1, 112, 116, -1, 298, 315, 24.0, 15, ABplpaapap, 6432, 0, 0, 0, , 0, 0, 0, 0, 0, 
113, 1, 113, 117, -1, 259, 326, 30.0, 15, ABplaappap, 7439, 0, 0, 0, , 0, 0, 0, 0, 0, 
114, 1, 114, 118, -1, 286, 311, 33.0, 15, ABplaappaa, 5583, 0, 0, 0, , 0, 0, 0, 0, 0, 
115, 1, 115, 119, -1, 253, 333, 26.0, 17, ABplaapppa, 6860, 0, 0, 0, , 0, 0, 0, 0, 0, 
116, 1, 116, 120, -1, 229, 342, 27.0, 17, ABplaapppp, 7905, 0, 0, 0, , 0, 0, 0, 0, 0, 
117, 1, 117, 121, -1, 328, 267, 32.0, 19, ABplaapaaa, 6628, 0, 0, 0, , 0, 0, 0, 0, 0, 
118, 1, 118, 122, -1, 309, 279, 34.0, 17, ABplaapaap, 8534, 0, 0, 0, , 0, 0, 0, 0, 0, 
119, 1, 119, 123, -1, 267, 294, 34.0, 15, ABplaapapp, 7238, 0, 0, 0, , 0, 0, 0, 0, 0, 
120, 1, 120, 124, -1, 289, 288, 34.0, 17, ABplaapapa, 5818, 0, 0, 0, , 0, 0, 0, 0, 0, 
121, 1, 121, 125, -1, 298, 260, 34.0, 15, ABplaaaaap, 4799, 0, 0, 0, , 0, 0, 0, 0, 0, 
122, 1, 122, 126, -1, 326, 248, 35.0, 15, ABplaaaaaa, 5151, 0, 0, 0, , 0, 0, 0, 0, 0, 
123, 1, 123, 127, -1, 267, 247, 32.0, 15, ABplaaaapp, 5142, 0, 0, 0, , 0, 0, 0, 0, 0, 
124, 1, 124, 128, -1, 297, 236, 34.0, 15, ABplaaaapa, 6306, 0, 0, 0, , 0, 0, 0, 0, 0, 
125, 1, 125, 129, -1, 237, 296, 33.0, 15, ABplaaappp, 6467, 0, 0, 0, , 0, 0, 0, 0, 0, 
126, 1, 126, 130, -1, 245, 276, 33.0, 15, ABplaaappa, 4913, 0, 0, 0, , 0, 0, 0, 0, 0, 
127, 1, 127, 131, -1, 260, 268, 34.0, 13, ABplaaapap, 4266, 0, 0, 0, , 0, 0, 0, 0, 0, 
128, 1, 128, 132, -1, 281, 260, 33.0, 13, ABplaaapaa, 5909, 0, 0, 0, , 0, 0, 0, 0, 0, 
129, 1, 129, 133, -1, 133, 354, 18.0, 15, ABplapppp, 5589, 0, 0, 0, , 0, 0, 0, 0, 0, 
130, 1, 130, 134, -1, 165, 351, 19.0, 17, ABplapppa, 9880, 0, 0, 0, , 0, 0, 0, 0, 0, 
131, 1, 131, 135, -1, 215, 355, 24.0, 17, ABplappaaa, 7864, 0, 0, 0, , 0, 0, 0, 0, 0, 
132, 1, 132, 136, -1, 182, 360, 23.0, 19, ABplappaap, 8957, 0, 0, 0, , 0, 0, 0, 0, 0, 
133, 1, 133, 137, -1, 153, 364, 23.0, 17, ABplappapp, 6841, 0, 0, 0, , 0, 0, 0, 0, 0, 
134, 1, 134, 138, -1, 173, 357, 28.0, 17, ABplappapa, 7374, 0, 0, 0, , 0, 0, 0, 0, 0, 
135, 1, 135, 139, -1, 195, 351, 29.0, 17, ABplapaapp, 7322, 0, 0, 0, , 0, 0, 0, 0, 0, 
136, 1, 136, 140, -1, 213, 328, 29.0, 15, ABplapaapa, 7000, 0, 0, 0, , 0, 0, 0, 0, 0, 
137, 1, 137, 141, -1, 241, 313, 31.0, 15, ABplapaaaa, 6024, 0, 0, 0, , 0, 0, 0, 0, 0, 
138, 1, 138, 142, -1, 213, 317, 32.0, 17, ABplapaaap, 7407, 0, 0, 0, , 0, 0, 0, 0, 0, 
139, 1, 139, 143, -1, 107, 347, 20.0, 17, ABplapappp, 7507, 0, 0, 0, , 0, 0, 0, 0, 0, 
140, 1, 140, 144, -1, 131, 362, 28.0, 17, ABplapapap, 6077, 0, 0, 0, , 0, 0, 0, 0, 0, 
141, 1, 141, 145, -1, 123, 351, 24.0, 17, ABplapappa, 7040, 0, 0, 0, , 0, 0, 0, 0, 0, 
142, 1, 142, 146, -1, 152, 357, 30.0, 15, ABplapapaa, 7310, 0, 0, 0, , 0, 0, 0, 0, 0, 
143, 1, 143, 147, -1, 207, 200, 10.0, 15, ABprpapaaa, 5767, 0, 0, 0, , 0, 0, 0, 0, 0, 
144, 1, 144, 148, -1, 185, 206, 10.0, 15, ABprpapaap, 4938, 0, 0, 0, , 0, 0, 0, 0, 0, 
145, 1, 145, 149, -1, 169, 234, 9.0, 19, ABprpapapp, 7508, 0, 0, 0, , 0, 0, 0, 0, 0, 
146, 1, 146, 150, -1, 193, 226, 10.0, 17, ABprpapapa, 4940, 0, 0, 0, , 0, 0, 0, 0, 0, 
147, 1, 147, 151, -1, 146, 279, 10.0, 15, ABprpapppp, 6667, 0, 0, 0, , 0, 0, 0, 0, 0, 
148, 1, 148, 152, -1, 165, 263, 9.0, 17, ABprpapppa, 6756, 0, 0, 0, , 0, 0, 0, 0, 0, 
149, 1, 149, 153, -1, 192, 261, 9.0, 17, ABprpappap, 7877, 0, 0, 0, , 0, 0, 0, 0, 0, 
150, 1, 150, 154, -1, 210, 242, 11.0, 17, ABprpappaa, 6489, 0, 0, 0, , 0, 0, 0, 0, 0, 
151, 1, 151, 155, -1, 262, 177, 14.0, 15, ABprpaaaaa, 7342, 0, 0, 0, , 0, 0, 0, 0, 0, 
152, 1, 152, 156, -1, 238, 177, 14.0, 17, ABprpaaaap, 8350, 0, 0, 0, , 0, 0, 0, 0, 0, 
153, 1, 153, 157, -1, 202, 172, 16.0, 15, ABprpaaapp, 7274, 0, 0, 0, , 0, 0, 0, 0, 0, 
154, 1, 154, 158, -1, 222, 166, 16.0, 15, ABprpaaapa, 6125, 0, 0, 0, , 0, 0, 0, 0, 0, 
155, 1, 155, 159, -1, 243, 166, 18.0, 15, ABprpaapaa, 5208, 0, 0, 0, , 0, 0, 0, 0, 0, 
156, 1, 156, 160, -1, 220, 167, 21.0, 15, ABprpaapap, 8522, 0, 0, 0, , 0, 0, 0, 0, 0, 
157, 1, 157, 161, -1, 178, 178, 16.0, 17, ABprpaappp, 6604, 0, 0, 0, , 0, 0, 0, 0, 0, 
158, 1, 158, 162, -1, 201, 173, 20.0, 15, ABprpaappa, 7538, 0, 0, 0, , 0, 0, 0, 0, 0, 
159, 1, 159, 163, -1, 112, 244, 11.0, 15, ABprpppaap, 5670, 0, 0, 0, , 0, 0, 0, 0, 0, 
160, 1, 160, 164, -1, 128, 225, 11.0, 15, ABprpppaaa, 6231, 0, 0, 0, , 0, 0, 0, 0, 0, 
161, 1, 161, 165, -1, 97, 258, 10.0, 17, ABprpppapa, 5734, 0, 0, 0, , 0, 0, 0, 0, 0, 
162, 1, 162, 166, -1, 98, 286, 10.0, 15, ABprpppapp, 5555, 0, 0, 0, , 0, 0, 0, 0, 0, 
163, 1, 163, 167, -1, 133, 251, 10.0, 17, ABprppppap, 6922, 0, 0, 0, , 0, 0, 0, 0, 0, 
164, 1, 164, 168, -1, 152, 236, 11.0, 15, ABprppppaa, 5650, 0, 0, 0, , 0, 0, 0, 0, 0, 
165, 1, 165, 169, -1, 122, 294, 10.0, 15, ABprpppppp, 6132, 0, 0, 0, , 0, 0, 0, 0, 0, 
166, 1, 166, 170, -1, 119, 273, 10.0, 17, ABprpppppa, 7188, 0, 0, 0, , 0, 0, 0, 0, 0, 
167, 1, 167, 171, -1, 169, 214, 11.0, 15, ABprppaapa, 5437, 0, 0, 0, , 0, 0, 0, 0, 0, 
168, 1, 168, 172, -1, 146, 219, 10.0, 15, ABprppaapp, 4616, 0, 0, 0, , 0, 0, 0, 0, 0, 
169, 1, 169, 173, -1, 191, 189, 13.0, 15, ABprppaaa, 7650, 0, 0, 0, , 0, 0, 0, 0, 0, 
170, 1, 170, 174, -1, 171, 191, 13.0, 15, ABprppapaa, 6141, 0, 0, 0, , 0, 0, 0, 0, 0, 
171, 1, 171, 175, -1, 149, 197, 12.0, 15, ABprppapap, 6111, 0, 0, 0, , 0, 0, 0, 0, 0, 
172, 1, 172, 176, -1, 117, 229, 14.0, 15, ABprppappp, 4761, 0, 0, 0, , 0, 0, 0, 0, 0, 
173, 1, 173, 177, -1, 133, 207, 13.0, 15, ABprppappa, 5686, 0, 0, 0, , 0, 0, 0, 0, 0, 
174, 1, 174, 178, -1, 283, 170, 32.0, 15, ABpraapaaa, 6988, 0, 0, 0, , 0, 0, 0, 0, 0, 
175, 1, 175, 179, -1, 256, 169, 30.0, 15, ABpraapaap, 7717, 0, 0, 0, , 0, 0, 0, 0, 0, 
176, 1, 176, 180, -1, 236, 175, 31.0, 15, ABpraapapa, 5658, 0, 0, 0, , 0, 0, 0, 0, 0, 
177, 1, 177, 181, -1, 212, 177, 31.0, 17, ABpraapapp, 6589, 0, 0, 0, , 0, 0, 0, 0, 0, 
178, 1, 178, 182, -1, 151, 194, 19.0, 17, ABpraapppp, 7915, 0, 0, 0, , 0, 0, 0, 0, 0, 
179, 1, 179, 183, -1, 177, 184, 22.0, 17, ABpraapppa, 8100, 0, 0, 0, , 0, 0, 0, 0, 0, 
180, 1, 180, 184, -1, 190, 176, 25.0, 19, ABpraappap, 7540, 0, 0, 0, , 0, 0, 0, 0, 0, 
181, 1, 181, 185, -1, 217, 163, 25.0, 15, ABpraappaa, 5551, 0, 0, 0, , 0, 0, 0, 0, 0, 
182, 1, 182, 186, -1, 261, 171, 26.0, 19, ABpraaapap, 6612, 0, 0, 0, , 0, 0, 0, 0, 0, 
183, 1, 183, 187, -1, 281, 173, 26.0, 15, ABpraaapaa, 5862, 0, 0, 0, , 0, 0, 0, 0, 0, 
184, 1, 184, 188, -1, 248, 182, 25.0, 15, ABpraaappa, 5713, 0, 0, 0, , 0, 0, 0, 0, 0, 
185, 1, 185, 189, -1, 228, 176, 26.0, 17, ABpraaappp, 6918, 0, 0, 0, , 0, 0, 0, 0, 0, 
186, 1, 186, 190, -1, 272, 162, 22.0, 15, ABpraaaaap, 5271, 0, 0, 0, , 0, 0, 0, 0, 0, 
187, 1, 186, 191, -1, 287, 167, 21.0, 15, ABpraaaaaa, 4862, 0, 0, 0, , 0, 0, 0, 0, 0, 
188, 1, 187, 192, -1, 259, 164, 19.0, 17, ABpraaaapa, 5096, 0, 0, 0, , 0, 0, 0, 0, 0, 
189, 1, 188, 193, -1, 237, 160, 23.0, 15, ABpraaaapp, 6552, 0, 0, 0, , 0, 0, 0, 0, 0, 
190, 1, 189, 194, -1, 87, 238, 18.0, 15, ABprappapp, 6256, 0, 0, 0, , 0, 0, 0, 0, 0, 
191, 1, 190, 195, -1, 108, 223, 23.0, 15, ABprappapa, 5830, 0, 0, 0, , 0, 0, 0, 0, 0, 
192, 1, 191, 196, -1, 112, 225, 18.0, 17, ABprappaap, 7242, 0, 0, 0, , 0, 0, 0, 0, 0, 
193, 1, 192, 197, -1, 133, 200, 18.0, 15, ABprappaaa, 6625, 0, 0, 0, , 0, 0, 0, 0, 0, 
194, 1, 193, 198, -1, 102, 249, 14.0, 17, ABprapppa, 9570, 0, 0, 0, , 0, 0, 0, 0, 0, 
195, 1, 194, 199, -1, 79, 285, 12.0, 13, ABprappppp, 4023, 0, 0, 0, , 0, 0, 0, 0, 0, 
196, 1, 194, 200, -1, 85, 263, 14.0, 13, ABprappppa, 4909, 0, 0, 0, , 0, 0, 0, 0, 0, 
197, 1, 195, 201, -1, 154, 207, 28.0, 17, ABprapaaap, 6671, 0, 0, 0, , 0, 0, 0, 0, 0, 
198, 1, 196, 202, -1, 179, 198, 27.0, 15, ABprapaaaa, 6302, 0, 0, 0, , 0, 0, 0, 0, 0, 
199, 1, 197, 203, -1, 122, 209, 23.0, 17, ABprapaapp, 7399, 0, 0, 0, , 0, 0, 0, 0, 0, 
200, 1, 198, 204, -1, 150, 207, 25.0, 15, ABprapaapa, 8194, 0, 0, 0, , 0, 0, 0, 0, 0, 
201, 1, 199, 205, -1, 77, 267, 20.0, 17, ABprapappa, 7022, 0, 0, 0, , 0, 0, 0, 0, 0, 
202, 1, 200, 206, -1, 68, 276, 17.0, 15, ABprapappp, 6266, 0, 0, 0, , 0, 0, 0, 0, 0, 
203, 1, 201, 207, -1, 82, 258, 24.0, 17, ABprapapap, 6962, 0, 0, 0, , 0, 0, 0, 0, 0, 
204, 1, 202, 208, -1, 91, 237, 26.0, 15, ABprapapaa, 6109, 0, 0, 0, , 0, 0, 0, 0, 0, 
205, 1, 203, 209, -1, 216, 194, 18.0, 15, MSppppa, 9218, 0, 0, 0, , 0, 0, 0, 0, 0, 
206, 1, 204, 210, -1, 186, 210, 24.0, 21, MSppppp, 9868, 0, 0, 0, , 0, 0, 0, 0, 0, 
207, 1, 205, 211, -1, 226, 211, 16.0, 19, MSpppaa, 7917, 0, 0, 0, , 0, 0, 0, 0, 0, 
208, 1, 206, 212, -1, 199, 210, 16.0, 17, MSpppap, 7763, 0, 0, 0, , 0, 0, 0, 0, 0, 
209, 1, 207, 213, -1, 254, 197, 16.0, 17, MSppaap, 7020, 0, 0, 0, , 0, 0, 0, 0, 0, 
210, 1, 208, 214, -1, 280, 190, 18.0, 17, MSppaaa, 8500, 0, 0, 0, , 0, 0, 0, 0, 0, 
211, 1, 209, 215, -1, 221, 196, 24.0, 19, MSppapp, 10643, 0, 0, 0, , 0, 0, 0, 0, 0, 
212, 1, 210, 216, -1, 254, 185, 21.0, 19, MSppapa, 5358, 0, 0, 0, , 0, 0, 0, 0, 0, 
213, 1, 211, 217, -1, 199, 260, 15.0, 17, MSpapapp, 4766, 0, 0, 0, , 0, 0, 0, 0, 0, 
214, 1, 212, 218, -1, 223, 243, 14.0, 15, MSpapapa, 7176, 0, 0, 0, , 0, 0, 0, 0, 0, 
215, 1, 213, 219, -1, 254, 245, 17.0, 15, MSpapaaa, 5940, 0, 0, 0, , 0, 0, 0, 0, 0, 
216, 1, 214, 220, -1, 226, 242, 18.0, 17, MSpapaap, 7871, 0, 0, 0, , 0, 0, 0, 0, 0, 
217, 1, 215, 221, -1, 201, 279, 12.0, 19, MSpappa, 7176, 0, 0, 0, , 0, 0, 0, 0, 0, 
218, 1, 216, 222, -1, 177, 272, 13.0, 23, MSpappp, 29042, 0, 0, 0, , 0, 0, 0, 0, 0, 
219, 1, 217, 223, -1, 271, 213, 27.0, 19, MSpaaapp, 8630, 0, 0, 0, , 0, 0, 0, 0, 0, 
220, 1, 218, 224, -1, 299, 202, 27.0, 17, MSpaaapa, 6075, 0, 0, 0, , 0, 0, 0, 0, 0, 
221, 1, 219, 225, -1, 309, 208, 23.0, 19, MSpaaaap, 7398, 0, 0, 0, , 0, 0, 0, 0, 0, 
222, 1, 220, 226, -1, 330, 193, 22.0, 15, MSpaaaaa, 5205, 0, 0, 0, , 0, 0, 0, 0, 0, 
223, 1, 221, 227, -1, 253, 213, 22.0, 17, MSpaapap, 6932, 0, 0, 0, , 0, 0, 0, 0, 0, 
224, 1, 222, 228, -1, 290, 207, 22.0, 17, MSpaapaa, 5392, 0, 0, 0, , 0, 0, 0, 0, 0, 
225, 1, 223, 229, -1, 228, 217, 21.0, 17, MSpaapp, 6733, 0, 0, 0, , 0, 0, 0, 0, 0, 
226, 1, 224, 230, -1, 261, 305, 22.0, 19, MSapppa, 7639, 0, 0, 0, , 0, 0, 0, 0, 0, 
227, 1, 225, 231, -1, 237, 313, 25.0, 19, MSapppp, 9024, 0, 0, 0, , 0, 0, 0, 0, 0, 
228, 1, 226, 232, -1, 259, 290, 19.0, 19, MSappaa, 8834, 0, 0, 0, , 0, 0, 0, 0, 0, 
229, 1, 227, 233, -1, 237, 303, 18.0, 17, MSappap, 7282, 0, 0, 0, , 0, 0, 0, 0, 0, 
230, 1, 228, 234, -1, 255, 289, 28.0, 21, MSapapp, 9767, 0, 0, 0, , 0, 0, 0, 0, 0, 
231, 1, 229, 235, -1, 288, 280, 24.0, 21, MSapapa, 10144, 0, 0, 0, , 0, 0, 0, 0, 0, 
232, 1, 230, 236, -1, 297, 263, 20.0, 15, MSapaap, 8039, 0, 0, 0, , 0, 0, 0, 0, 0, 
233, 1, 231, 237, -1, 325, 254, 22.0, 19, MSapaaa, 10344, 0, 0, 0, , 0, 0, 0, 0, 0, 
234, 1, 232, 238, -1, 324, 219, 27.0, 19, MSaaaaap, 24082, 0, 0, 0, , 0, 0, 0, 0, 0, 
235, 1, 233, 239, -1, 343, 209, 22.0, 15, MSaaaaaa, 5453, 0, 0, 0, , 0, 0, 0, 0, 0, 
236, 1, 234, 240, -1, 310, 219, 30.0, 15, MSaaaapa, 7141, 0, 0, 0, , 0, 0, 0, 0, 0, 
237, 1, 235, 241, -1, 276, 239, 29.0, 15, MSaaaapp, 4844, 0, 0, 0, , 0, 0, 0, 0, 0, 
238, 1, 236, 242, -1, 282, 242, 24.0, 17, MSaaapap, 6425, 0, 0, 0, , 0, 0, 0, 0, 0, 
239, 1, 237, 243, -1, 313, 238, 24.0, 17, MSaaapaa, 6498, 0, 0, 0, , 0, 0, 0, 0, 0, 
240, 1, 238, 244, -1, 263, 240, 25.0, 15, MSaaapp, 7907, 0, 0, 0, , 0, 0, 0, 0, 0, 
241, 1, 239, 245, -1, 211, 309, 15.0, 21, MSaappp, 18829, 0, 0, 0, , 0, 0, 0, 0, 0, 
242, 1, 240, 246, -1, 218, 289, 13.0, 17, MSaappa, 5420, 0, 0, 0, , 0, 0, 0, 0, 0, 
243, 1, 241, 247, -1, 269, 271, 19.0, 17, MSaapaaa, 5128, 0, 0, 0, , 0, 0, 0, 0, 0, 
244, 1, 242, 248, -1, 223, 278, 17.0, 15, MSaapapp, 4647, 0, 0, 0, , 0, 0, 0, 0, 0, 
245, 1, 243, 249, -1, 251, 275, 16.0, 15, MSaapapa, 4762, 0, 0, 0, , 0, 0, 0, 0, 0, 
246, 1, 244, 250, -1, 215, 292, 25.0, 19, Ealp, 10023, 0, 0, 0, , 0, 0, 0, 0, 0, 
247, 1, 245, 251, -1, 143, 301, 24.0, 25, Eplp, 65535, 0, 0, 0, , 0, 0, 0, 0, 0, 
248, 1, 246, 252, -1, 153, 335, 23.0, 21, Cappa, 10731, 0, 0, 0, , 0, 0, 0, 0, 0, 
249, 1, 247, 253, -1, 131, 313, 16.0, 19, Cappp, 11707, 0, 0, 0, , 0, 0, 0, 0, 0, 
250, 1, 248, 254, -1, 152, 315, 14.0, 19, Capap, 9508, 0, 0, 0, , 0, 0, 0, 0, 0, 
251, 1, 249, 255, -1, 174, 307, 15.0, 19, Capaa, 12964, 0, 0, 0, , 0, 0, 0, 0, 0, 
252, 1, 250, 256, -1, 106, 321, 32.0, 19, Caaapa, 3873, 0, 0, 0, , 0, 0, 0, 0, 0, 
253, 1, 251, 257, -1, 93, 327, 24.0, 21, Caaapp, 15155, 0, 0, 0, , 0, 0, 0, 0, 0, 
254, 1, 252, 258, -1, 100, 334, 13.0, 13, Caappd, 5576, 0, 0, 0, , 0, 0, 0, 0, 0, 
255, 1, 253, 259, -1, 104, 320, 17.0, 17, Caapa, 5825, 0, 0, 0, , 0, 0, 0, 0, 0, 
256, 1, 254, 260, -1, 71, 302, 16.0, 17, Cpappd, 7001, 0, 0, 0, , 0, 0, 0, 0, 0, 
257, 1, 255, 261, -1, 87, 304, 11.0, 15, Cpappv, 6129, 0, 0, 0, , 0, 0, 0, 0, 0, 
258, 1, 256, 262, -1, 77, 330, 17.0, 17, Cpapaa, 7797, 0, 0, 0, , 0, 0, 0, 0, 0, 
259, 1, 257, 263, -1, 157, 260, 33.0, 17, Cpaaaa, 3453, 0, 0, 0, , 0, 0, 0, 0, 0, 
260, 1, 258, 264, -1, 82, 303, 28.0, 19, Cpaapp, 6799, 0, 0, 0, , 0, 0, 0, 0, 0, 
261, 1, 259, 265, -1, 154, 258, 14.0, 21, Cppaa, 28908, 0, 0, 0, , 0, 0, 0, 0, 0, 
262, 1, 260, 266, -1, 130, 273, 14.0, 21, Cppap, 21704, 0, 0, 0, , 0, 0, 0, 0, 0, 
263, 1, 261, 267, -1, 106, 299, 15.0, 17, Cpppp, 9464, 0, 0, 0, , 0, 0, 0, 0, 0, 
264, 1, 262, 268, -1, 115, 255, 20.0, 15, Cpppaa, 5022, 0, 0, 0, , 0, 0, 0, 0, 0, 
265, 1, 262, 269, -1, 109, 277, 17.0, 15, Cpppap, 5089, 0, 0, 0, , 0, 0, 0, 0, 0, 
266, 1, 263, 270, -1, 199, 318, 18.0, 19, Daap, 7754, 0, 0, 0, , 0, 0, 0, 0, 0, 
267, 1, 264, 271, -1, 215, 327, 22.0, 19, Daaa, 9423, 0, 0, 0, , 0, 0, 0, 0, 0, 
268, 1, 265, 272, -1, 187, 330, 22.0, 19, Dapp, 8311, 0, 0, 0, , 0, 0, 0, 0, 0, 
269, 1, 266, 273, -1, 179, 232, 15.0, 19, Dpap, 8384, 0, 0, 0, , 0, 0, 0, 0, 0, 
270, 1, 267, 274, -1, 175, 206, 18.0, 17, Dpaa, 7617, 0, 0, 0, , 0, 0, 0, 0, 0, 
271, 1, 268, 275, -1, 141, 235, 19.0, 19, Dppp, 11553, 0, 0, 0, , 0, 0, 0, 0, 0, 
272, 1, 269, 276, -1, 160, 225, 18.0, 17, Dppa, 7785, 0, 0, 0, , 0, 0, 0, 0, 0, 
273, 1, 270, 277, -1, 193, 281, 17.0, 21, Z3, 22200, 0, 0, 0, , 0, 0, 0, 0, 0, 
274, 1, 271, 278, -1, 157, 277, 19.0, 23, Z2, 65535, 0, 0, 0, , 0, 0, 0, 0, 0, 
275, 0, 272, -1, -1, 381, 244, 24.0, 15, , 9229, 0, 0, 0, , 0, 0, 0, 0, 0, 
276, 1, 273, 280, -1, 315, 304, 28.0, 15, ABalpppapp, 6947, 0, 0, 0, , 0, 0, 0, 0, 0, 
277, 1, 274, 281, -1, 296, 295, 28.0, 15, ABalpppppa, 5181, 0, 0, 0, , 0, 0, 0, 0, 0, 
278, 1, 275, 282, -1, 275, 307, 29.0, 19, ABalpppppp, 6989, 0, 0, 0, , 0, 0, 0, 0, 0, 
279, 1, 276, 283, -1, 306, 278, 29.0, 15, ABalppppap, 8031, 0, 0, 0, , 0, 0, 0, 0, 0, 
280, 1, 277, 284, -1, 326, 269, 26.0, 17, ABalppppaa, 6373, 0, 0, 0, , 0, 0, 0, 0, 0, 
281, 1, 278, 285, -1, 344, 282, 23.0, 15, ABalpppaaa, 6009, 0, 0, 0, , 0, 0, 0, 0, 0, 
282, 1, 279, 286, -1, 332, 280, 30.0, 17, ABalpppaap, 5510, 0, 0, 0, , 0, 0, 0, 0, 0, 
283, 1, 280, 287, -1, 330, 293, 25.0, 15, ABalpppapa, 6673, 0, 0, 0, , 0, 0, 0, 0, 0, 
284, 1, 281, 288, -1, 359, 248, 22.0, 15, ABalppaaaa, 5787, 0, 0, 0, , 0, 0, 0, 0, 0, 
285, 1, 282, 289, -1, 348, 269, 21.0, 17, ABalppaaap, 4883, 0, 0, 0, , 0, 0, 0, 0, 0, 
286, 1, 283, 290, -1, 329, 292, 20.0, 17, ABalppaapp, 6097, 0, 0, 0, , 0, 0, 0, 0, 0, 
287, 1, 284, 291, -1, 342, 275, 17.0, 13, ABalppaapa, 5671, 0, 0, 0, , 0, 0, 0, 0, 0, 
288, 1, 285, 292, -1, 282, 308, 13.0, 17, ABalppappp, 9082, 0, 0, 0, , 0, 0, 0, 0, 0, 
289, 1, 286, 293, -1, 303, 298, 14.0, 17, ABalppappa, 6306, 0, 0, 0, , 0, 0, 0, 0, 0, 
290, 1, 287, 294, -1, 308, 279, 15.0, 17, ABalppapap, 5144, 0, 0, 0, , 0, 0, 0, 0, 0, 
291, 1, 288, 295, -1, 328, 274, 14.0, 15, ABalppapaa, 6604, 0, 0, 0, , 0, 0, 0, 0, 0, 
292, 1, 289, 296, -1, 299, 285, 11.0, 15, ABalpapapa, 7607, 0, 0, 0, , 0, 0, 0, 0, 0, 
293, 1, 290, 297, -1, 276, 285, 10.0, 15, ABalpapapp, 7315, 0, 0, 0, , 0, 0, 0, 0, 0, 
294, 1, 291, 298, -1, 305, 267, 11.0, 15, ABalpapaap, 6396, 0, 0, 0, , 0, 0, 0, 0, 0, 
295, 1, 292, 299, -1, 316, 254, 10.0, 17, ABalpapaaa, 6733, 0, 0, 0, , 0, 0, 0, 0, 0, 
296, 1, 293, 300, -1, 278, 262, 12.0, 17, ABalpappap, 6266, 0, 0, 0, , 0, 0, 0, 0, 0, 
297, 1, 294, 301, -1, 293, 251, 10.0, 15, ABalpappaa, 5940, 0, 0, 0, , 0, 0, 0, 0, 0, 
298, 1, 295, 302, -1, 261, 280, 13.0, 19, ABalpapppp, 8478, 0, 0, 0, , 0, 0, 0, 0, 0, 
299, 1, 296, 303, -1, 282, 271, 16.0, 17, ABalpapppa, 7700, 0, 0, 0, , 0, 0, 0, 0, 0, 
300, 1, 297, 304, -1, 282, 249, 16.0, 15, ABalpaaapp, 5746, 0, 0, 0, , 0, 0, 0, 0, 0, 
301, 1, 298, 305, -1, 303, 240, 14.0, 15, ABalpaaapa, 5131, 0, 0, 0, , 0, 0, 0, 0, 0, 
302, 1, 299, 306, -1, 317, 235, 10.0, 15, ABalpaaaap, 4492, 0, 0, 0, , 0, 0, 0, 0, 0, 
303, 1, 299, 307, -1, 335, 227, 12.0, 15, ABalpaaaaa, 5916, 0, 0, 0, , 0, 0, 0, 0, 0, 
304, 1, 300, 308, -1, 309, 260, 16.0, 15, ABalpaappp, 6443, 0, 0, 0, , 0, 0, 0, 0, 0, 
305, 1, 301, 309, -1, 342, 256, 13.0, 17, ABalpaappa, 7498, 0, 0, 0, , 0, 0, 0, 0, 0, 
306, 1, 302, 310, -1, 325, 245, 15.0, 17, ABalpaapap, 7302, 0, 0, 0, , 0, 0, 0, 0, 0, 
307, 1, 303, 311, -1, 351, 223, 14.0, 17, ABalpaapaa, 6065, 0, 0, 0, , 0, 0, 0, 0, 0, 
308, 1, 304, 312, -1, 166, 248, 23.0, 23, Epra, 46211, 0, 0, 0, , 0, 0, 0, 0, 0, 
309, 0, 305, -1, -1, 236, 225, 27.0, 23, , 20719, 0, 0, 0, , 0, 0, 0, 0, 0, 
310, 1, 306, 314, -1, 202, 249, 21.0, 25, Earp, 65535, 0, 0, 0, , 0, 0, 0, 0, 0, 
311, 1, 307, 315, -1, 215, 265, 28.0, 17, Ealap, 6991, 0, 0, 0, , 0, 0, 0, 0, 0, 
312, 1, 308, 316, -1, 249, 259, 26.0, 17, Ealaa, 7271, 0, 0, 0, , 0, 0, 0, 0, 0, 
313, 1, 309, 317, -1, 170, 288, 28.0, 27, Epla, 65535, 0, 0, 0, , 0, 0, 0, 0, 0, 
314, 1, 310, 318, -1, 130, 274, 24.0, 23, Eprp, 27208, 0, 0, 0, , 0, 0, 0, 0, 0, 
315, 1, 311, 319, -1, 186, 317, 27.0, 19, Dapa, 7914, 0, 0, 0, , 0, 0, 0, 0, 0, 
316, 1, 312, 320, -1, 242, 269, 20.0, 19, MSaapaap, 7782, 0, 0, 0, , 0, 0, 0, 0, 0, 
317, 1, 313, 321, -1, 147, 243, 31.0, 15, ABarpppapp, 5950, 0, 0, 0, , 0, 0, 0, 0, 0, 
318, 1, 314, 322, -1, 103, 281, 32.0, 19, Cpaapa, 5355, 0, 0, 0, , 0, 0, 0, 0, 0, 
319, 1, 315, 323, -1, 150, 296, 33.0, 17, Caaaaa, 3611, 0, 0, 0, , 0, 0, 0, 0, 0, 
320, 1, 316, 324, -1, 243, 329, 14.0, 15, ABplppaapa, 7016, 0, 0, 0, , 0, 0, 0, 0, 0, 
321, 1, 317, 325, -1, 68, 297, 23.0, 19, Cpapap, 9379, 0, 0, 0, , 0, 0, 0, 0, 0, 
322, 1, 318, 326, -1, 229, 234, 26.0, 15, Eara, 1651, 0, 0, 0, , 0, 0, 0, 0, 0, 
323, 1, 319, 327, -1, 355, 227, 20.0, 15, ABalaaaala, 7008, 0, 0, 0, , 0, 0, 0, 0, 0, 
324, 1, 320, 328, -1, 125, 301, 33.0, 19, Caaaap, 3773, 0, 0, 0, , 0, 0, 0, 0, 0, 
325, 1, 321, 329, -1, 243, 186, 35.0, 15, ABarpappaa, 3973, 0, 0, 0, , 0, 0, 0, 0, 0, 
326, 1, 53, 331, -1, 171, 236, 33.142857, 17, ABarpppapa, 4286, 0, 0, 0, , 0, 0, 0, 0, 0, 
327, 1, 252, 332, -1, 98, 323, 13.0, 17, Caappv, 0, 0, 0, 0, , 0, 0, 0, 0, 0, 
