1, 1, 1, 1, -1, 308, 200, 17.0, 15, ABaraappaa, 7158, 0, 0, 0, , 0, 0, 0, 0, 0, 
2, 1, 2, 2, -1, 292, 215, 17.0, 15, ABaraappap, 6956, 0, 0, 0, , 0, 0, 0, 0, 0, 
3, 1, 3, 3, -1, 272, 222, 18.0, 17, ABaraapppa, 7537, 0, 0, 0, , 0, 0, 0, 0, 0, 
4, 1, 4, 4, -1, 248, 221, 18.0, 15, ABaraapppp, 6809, 0, 0, 0, , 0, 0, 0, 0, 0, 
5, 1, 5, 5, -1, 274, 249, 20.0, 15, ABaraapapp, 8404, 0, 0, 0, , 0, 0, 0, 0, 0, 
6, 1, 6, 6, -1, 297, 242, 19.0, 17, ABaraapapa, 9569, 0, 0, 0, , 0, 0, 0, 0, 0, 
7, 1, 7, 7, -1, 333, 226, 17.0, 15, ABaraapaaa, 7186, 0, 0, 0, , 0, 0, 0, 0, 0, 
8, 1, 8, 8, -1, 311, 229, 19.0, 15, ABaraapaap, 7486, 0, 0, 0, , 0, 0, 0, 0, 0, 
9, 1, 9, 9, -1, 293, 190, 10.0, 15, ABaraaappa, 7445, 0, 0, 0, , 0, 0, 0, 0, 0, 
10, 1, 10, 10, -1, 280, 195, 12.0, 17, ABaraaappp, 6603, 0, 0, 0, , 0, 0, 0, 0, 0, 
11, 1, 11, 11, -1, 327, 206, 12.0, 15, ABaraaapaa, 7559, 0, 0, 0, , 0, 0, 0, 0, 0, 
12, 1, 12, 12, -1, 305, 206, 12.0, 15, ABaraaapap, 7784, 0, 0, 0, , 0, 0, 0, 0, 0, 
13, 1, 13, 13, -1, 347, 207, 14.0, 13, ABaraaaaaa, 5954, 0, 0, 0, , 0, 0, 0, 0, 0, 
14, 1, 14, 14, -1, 320, 192, 15.0, 15, ABaraaaaap, 5669, 0, 0, 0, , 0, 0, 0, 0, 0, 
15, 1, 15, 15, -1, 326, 207, 19.0, 19, ABaraaaap, 7267, 0, 0, 0, , 0, 0, 0, 0, 0, 
16, 1, 16, 16, -1, 243, 251, 10.0, 15, ABarapapap, 7556, 0, 0, 0, , 0, 0, 0, 0, 0, 
17, 1, 17, 17, -1, 261, 240, 10.0, 15, ABarapapaa, 7673, 0, 0, 0, , 0, 0, 0, 0, 0, 
18, 1, 18, 18, -1, 230, 261, 13.0, 17, ABarapappp, 9552, 0, 0, 0, , 0, 0, 0, 0, 0, 
19, 1, 19, 19, -1, 247, 236, 13.0, 15, ABarapappa, 7008, 0, 0, 0, , 0, 0, 0, 0, 0, 
20, 1, 20, 20, -1, 278, 240, 10.0, 15, ABarapaaap, 6839, 0, 0, 0, , 0, 0, 0, 0, 0, 
21, 1, 21, 21, -1, 298, 226, 11.0, 15, ABarapaaaa, 7368, 0, 0, 0, , 0, 0, 0, 0, 0, 
22, 1, 22, 22, -1, 284, 214, 13.0, 13, ABarapaapa, 6846, 0, 0, 0, , 0, 0, 0, 0, 0, 
23, 1, 23, 23, -1, 267, 228, 14.0, 17, ABarapaapp, 8992, 0, 0, 0, , 0, 0, 0, 0, 0, 
24, 1, 24, 24, -1, 243, 205, 12.0, 13, ABarapppap, 6215, 0, 0, 0, , 0, 0, 0, 0, 0, 
25, 1, 25, 25, -1, 262, 193, 11.0, 15, ABarapppaa, 7589, 0, 0, 0, , 0, 0, 0, 0, 0, 
26, 1, 26, 26, -1, 232, 187, 11.0, 15, ABarappppa, 8006, 0, 0, 0, , 0, 0, 0, 0, 0, 
27, 1, 27, 27, -1, 221, 188, 14.0, 15, ABarappppp, 5659, 0, 0, 0, , 0, 0, 0, 0, 0, 
28, 1, 28, 28, -1, 258, 215, 10.0, 17, ABarappaaa, 16174, 0, 0, 0, , 0, 0, 0, 0, 0, 
29, 1, 29, 29, -1, 236, 231, 10.0, 15, ABarappaap, 7130, 0, 0, 0, , 0, 0, 0, 0, 0, 
30, 1, 30, 30, -1, 224, 207, 10.0, 15, ABarappapa, 7427, 0, 0, 0, , 0, 0, 0, 0, 0, 
31, 1, 31, 31, -1, 209, 222, 9.0, 15, ABarappapp, 6848, 0, 0, 0, , 0, 0, 0, 0, 0, 
32, 1, 32, 32, -1, 206, 198, 34.0, 19, ABarpapppa, 5596, 0, 0, 0, , 0, 0, 0, 0, 0, 
33, 1, 33, 33, -1, 192, 198, 30.0, 17, ABarpapppp, 6828, 0, 0, 0, , 0, 0, 0, 0, 0, 
34, 1, 34, 34, -1, 224, 207, 33.0, 15, ABarpappap, 4846, 0, 0, 0, , 0, 0, 0, 0, 0, 
35, 1, 35, 35, -1, 287, 191, 35.0, 17, ABarpapaaa, 4953, 0, 0, 0, , 0, 0, 0, 0, 0, 
36, 1, 36, 36, -1, 260, 182, 34.0, 19, ABarpapaap, 11959, 0, 0, 0, , 0, 0, 0, 0, 0, 
37, 1, 37, 37, -1, 245, 221, 33.0, 17, ABarpapapp, 5536, 0, 0, 0, , 0, 0, 0, 0, 0, 
38, 1, 38, 38, -1, 265, 205, 33.0, 15, ABarpapapa, 5227, 0, 0, 0, , 0, 0, 0, 0, 0, 
39, 1, 39, 39, -1, 191, 268, 34.0, 17, ABarpaappp, 5291, 0, 0, 0, , 0, 0, 0, 0, 0, 
40, 1, 40, 40, -1, 210, 239, 33.0, 15, ABarpaappa, 2699, 0, 0, 0, , 0, 0, 0, 0, 0, 
41, 1, 41, 41, -1, 259, 233, 33.0, 15, ABarpaapaa, 5338, 0, 0, 0, , 0, 0, 0, 0, 0, 
42, 1, 42, 42, -1, 234, 243, 33.0, 17, ABarpaapap, 6787, 0, 0, 0, , 0, 0, 0, 0, 0, 
43, 1, 43, 43, -1, 306, 215, 33.0, 19, ABarpaaaa, 9616, 0, 0, 0, , 0, 0, 0, 0, 0, 
44, 1, 44, 44, 45, 280, 217, 33.0, 15, ABarpaaap, 6560, 0, 0, 0, , 0, 0, 0, 0, 0, 
45, 1, 45, 46, 47, 212, 292, 33.0, 15, ABarppaaa, 7251, 0, 0, 0, , 0, 0, 0, 0, 0, 
46, 1, 46, 48, -1, 165, 314, 33.0, 17, ABarppaapp, 4852, 0, 0, 0, , 0, 0, 0, 0, 0, 
47, 1, 47, 49, -1, 189, 296, 33.0, 17, ABarppaapa, 3138, 0, 0, 0, , 0, 0, 0, 0, 0, 
48, 1, 48, 50, -1, 145, 333, 33.0, 17, ABarppappa, 5573, 0, 0, 0, , 0, 0, 0, 0, 0, 
49, 1, 49, 51, -1, 123, 341, 26.0, 15, ABarppappp, 5618, 0, 0, 0, , 0, 0, 0, 0, 0, 
50, 1, 50, 52, -1, 171, 336, 31.0, 15, ABarppapap, 4304, 0, 0, 0, , 0, 0, 0, 0, 0, 
51, 1, 51, 53, -1, 203, 329, 32.0, 15, ABarppapaa, 4975, 0, 0, 0, , 0, 0, 0, 0, 0, 
52, 1, 52, 54, -1, 90, 266, 27.0, 15, ABarpppppp, 4649, 0, 0, 0, , 0, 0, 0, 0, 0, 
53, 1, 53, 55, -1, 106, 247, 30.0, 15, ABarpppppa, 4554, 0, 0, 0, , 0, 0, 0, 0, 0, 
54, 1, 54, 56, -1, 140, 216, 30.0, 15, ABarppppaa, 5155, 0, 0, 0, , 0, 0, 0, 0, 0, 
55, 1, 55, 57, -1, 116, 234, 26.0, 15, ABarppppap, 5232, 0, 0, 0, , 0, 0, 0, 0, 0, 
56, 1, 56, 58, -1, 170, 217, 33.0, 15, ABarpppaap, 5465, 0, 0, 0, , 0, 0, 0, 0, 0, 
57, 1, 57, 59, -1, 194, 213, 35.0, 15, ABarpppaaa, 5391, 0, 0, 0, , 0, 0, 0, 0, 0, 
58, 1, 58, 60, -1, 120, 265, 33.0, 19, Cpaaap, 2701, 0, 0, 0, , 0, 0, 0, 0, 0, 
59, 1, 59, 61, -1, 273, 187, 30.0, 17, ABalappppa, 4614, 0, 0, 0, , 0, 0, 0, 0, 0, 
60, 1, 60, 62, -1, 244, 201, 30.0, 15, ABalappppp, 5501, 0, 0, 0, , 0, 0, 0, 0, 0, 
61, 1, 61, 63, -1, 318, 196, 30.0, 15, ABalapppaa, 5338, 0, 0, 0, , 0, 0, 0, 0, 0, 
62, 1, 62, 64, -1, 296, 192, 31.0, 17, ABalapppap, 5900, 0, 0, 0, , 0, 0, 0, 0, 0, 
63, 1, 63, 65, -1, 338, 178, 28.0, 15, ABalappapa, 5013, 0, 0, 0, , 0, 0, 0, 0, 0, 
64, 1, 64, 66, -1, 334, 199, 28.0, 15, ABalappaap, 5047, 0, 0, 0, , 0, 0, 0, 0, 0, 
65, 1, 65, 67, -1, 317, 176, 31.0, 15, ABalappapp, 6269, 0, 0, 0, , 0, 0, 0, 0, 0, 
66, 1, 66, 68, -1, 288, 263, 32.0, 15, ABalapappp, 7644, 0, 0, 0, , 0, 0, 0, 0, 0, 
67, 1, 67, 69, -1, 316, 255, 28.0, 17, ABalapappa, 6947, 0, 0, 0, , 0, 0, 0, 0, 0, 
68, 1, 68, 70, -1, 337, 219, 31.0, 15, ABalapapaa, 5135, 0, 0, 0, , 0, 0, 0, 0, 0, 
69, 1, 69, 71, -1, 324, 235, 31.0, 15, ABalapapap, 5429, 0, 0, 0, , 0, 0, 0, 0, 0, 
70, 1, 70, 72, -1, 361, 222, 26.0, 15, ABalapaaaa, 5146, 0, 0, 0, , 0, 0, 0, 0, 0, 
71, 1, 71, 73, -1, 348, 235, 27.0, 15, ABalapaaap, 5860, 0, 0, 0, , 0, 0, 0, 0, 0, 
72, 1, 72, 74, -1, 360, 246, 25.0, 13, ABalapaapa, 4799, 0, 0, 0, , 0, 0, 0, 0, 0, 
73, 1, 73, 75, -1, 343, 256, 26.0, 17, ABalapaapp, 6909, 0, 0, 0, , 0, 0, 0, 0, 0, 
74, 1, 74, 76, -1, 321, 177, 18.0, 13, ABalaapaaa, 4342, 0, 0, 0, , 0, 0, 0, 0, 0, 
75, 1, 75, 77, -1, 284, 174, 14.0, 13, ABalaapapa, 5344, 0, 0, 0, , 0, 0, 0, 0, 0, 
76, 1, 76, 78, -1, 296, 178, 15.0, 13, ABalaapaap, 5090, 0, 0, 0, , 0, 0, 0, 0, 0, 
77, 1, 77, 79, -1, 289, 181, 23.0, 19, ABalaappap, 5297, 0, 0, 0, , 0, 0, 0, 0, 0, 
78, 1, 78, 80, -1, 304, 166, 19.0, 15, ABalaappaa, 4283, 0, 0, 0, , 0, 0, 0, 0, 0, 
79, 1, 79, 81, -1, 295, 174, 27.0, 19, ABalaapppp, 6472, 0, 0, 0, , 0, 0, 0, 0, 0, 
80, 1, 80, 82, -1, 319, 175, 26.0, 17, ABalaapppa, 6321, 0, 0, 0, , 0, 0, 0, 0, 0, 
81, 1, 81, 83, -1, 349, 258, 18.0, 15, ABalaaaalp, 6149, 0, 0, 0, , 0, 0, 0, 0, 0, 
82, 1, 82, 84, -1, 339, 181, 19.0, 15, ABalaaaarr, 6178, 0, 0, 0, , 0, 0, 0, 0, 0, 
83, 1, 83, 85, -1, 357, 212, 19.0, 17, ABalaaaarl, 5684, 0, 0, 0, , 0, 0, 0, 0, 0, 
84, 1, 84, 86, -1, 345, 180, 22.0, 15, ABalaaappl, 4869, 0, 0, 0, , 0, 0, 0, 0, 0, 
85, 1, 85, 87, -1, 322, 171, 22.0, 15, ABalaaappr, 7626, 0, 0, 0, , 0, 0, 0, 0, 0, 
86, 1, 86, 88, -1, 358, 197, 23.0, 15, ABalaaapar, 5036, 0, 0, 0, , 0, 0, 0, 0, 0, 
87, 1, 87, 89, -1, 358, 219, 23.0, 17, ABalaaapal, 6545, 0, 0, 0, , 0, 0, 0, 0, 0, 
88, 1, 88, 90, -1, 176, 327, 12.0, 15, ABplppppap, 6250, 0, 0, 0, , 0, 0, 0, 0, 0, 
89, 1, 89, 91, -1, 196, 323, 11.0, 15, ABplppppaa, 6503, 0, 0, 0, , 0, 0, 0, 0, 0, 
90, 1, 90, 92, -1, 140, 307, 11.0, 15, ABplpppppp, 6249, 0, 0, 0, , 0, 0, 0, 0, 0, 
91, 1, 91, 93, -1, 157, 318, 11.0, 15, ABplpppppa, 8252, 0, 0, 0, , 0, 0, 0, 0, 0, 
92, 1, 92, 94, -1, 133, 337, 12.0, 15, ABplpppapp, 4720, 0, 0, 0, , 0, 0, 0, 0, 0, 
93, 1, 93, 95, -1, 153, 345, 13.0, 19, ABplpppapa, 8955, 0, 0, 0, , 0, 0, 0, 0, 0, 
94, 1, 94, 96, -1, 180, 342, 15.0, 15, ABplpppaap, 6432, 0, 0, 0, , 0, 0, 0, 0, 0, 
95, 1, 95, 97, -1, 202, 338, 14.0, 15, ABplpppaaa, 6133, 0, 0, 0, , 0, 0, 0, 0, 0, 
96, 1, 96, 98, -1, 198, 350, 17.0, 15, ABplppappp, 5743, 0, 0, 0, , 0, 0, 0, 0, 0, 
97, 1, 97, 99, -1, 219, 345, 18.0, 15, ABplppappa, 6886, 0, 0, 0, , 0, 0, 0, 0, 0, 
98, 1, 98, 100, -1, 252, 325, 17.0, 15, ABplppapaa, 5055, 0, 0, 0, , 0, 0, 0, 0, 0, 
99, 1, 99, 101, -1, 238, 341, 17.0, 15, ABplppapap, 5788, 0, 0, 0, , 0, 0, 0, 0, 0, 
100, 1, 100, 102, -1, 219, 337, 13.0, 15, ABplppaapp, 6078, 0, 0, 0, , 0, 0, 0, 0, 0, 
101, 1, 101, 103, -1, 281, 317, 17.0, 19, ABplppaaaa, 6776, 0, 0, 0, , 0, 0, 0, 0, 0, 
102, 1, 102, 104, -1, 267, 328, 18.0, 15, ABplppaaap, 5152, 0, 0, 0, , 0, 0, 0, 0, 0, 
103, 1, 103, 105, -1, 238, 284, 10.0, 23, ABplpappaa, 48629, 0, 0, 0, , 0, 0, 0, 0, 0, 
104, 1, 104, 106, -1, 206, 287, 9.0, 15, ABplpappap, 6668, 0, 0, 0, , 0, 0, 0, 0, 0, 
105, 1, 105, 107, -1, 170, 304, 10.0, 15, ABplpapppp, 6777, 0, 0, 0, , 0, 0, 0, 0, 0, 
106, 1, 106, 108, -1, 197, 303, 9.0, 15, ABplpapppa, 6888, 0, 0, 0, , 0, 0, 0, 0, 0, 
107, 1, 107, 109, -1, 219, 317, 11.0, 15, ABplpapapp, 6742, 0, 0, 0, , 0, 0, 0, 0, 0, 
108, 1, 108, 110, -1, 244, 317, 11.0, 19, ABplpapapa, 7156, 0, 0, 0, , 0, 0, 0, 0, 0, 
109, 1, 109, 111, -1, 258, 314, 13.0, 17, ABplpapaap, 6712, 0, 0, 0, , 0, 0, 0, 0, 0, 
110, 1, 110, 112, -1, 268, 304, 10.0, 15, ABplpapaaa, 6593, 0, 0, 0, , 0, 0, 0, 0, 0, 
111, 1, 111, 113, -1, 297, 295, 18.0, 17, ABplpaaaap, 7899, 0, 0, 0, , 0, 0, 0, 0, 0, 
112, 1, 112, 114, -1, 312, 281, 19.0, 17, ABplpaaaaa, 7414, 0, 0, 0, , 0, 0, 0, 0, 0, 
113, 1, 113, 115, -1, 307, 310, 19.0, 15, ABplpaaapa, 5465, 0, 0, 0, , 0, 0, 0, 0, 0, 
114, 1, 114, 116, -1, 291, 319, 21.0, 15, ABplpaaapp, 7747, 0, 0, 0, , 0, 0, 0, 0, 0, 
115, 1, 115, 117, -1, 283, 324, 25.0, 17, ABplpaappa, 6923, 0, 0, 0, , 0, 0, 0, 0, 0, 
116, 1, 116, 118, -1, 268, 334, 21.0, 15, ABplpaappp, 6540, 0, 0, 0, , 0, 0, 0, 0, 0, 
117, 1, 117, 119, -1, 314, 298, 23.0, 15, ABplpaapaa, 5656, 0, 0, 0, , 0, 0, 0, 0, 0, 
118, 1, 118, 120, -1, 300, 315, 25.0, 15, ABplpaapap, 6627, 0, 0, 0, , 0, 0, 0, 0, 0, 
119, 1, 119, 121, -1, 263, 325, 30.0, 17, ABplaappap, 6794, 0, 0, 0, , 0, 0, 0, 0, 0, 
120, 1, 120, 122, -1, 287, 309, 33.0, 15, ABplaappaa, 5900, 0, 0, 0, , 0, 0, 0, 0, 0, 
121, 1, 121, 123, -1, 257, 331, 26.0, 17, ABplaapppa, 8150, 0, 0, 0, , 0, 0, 0, 0, 0, 
122, 1, 122, 124, -1, 237, 343, 26.0, 17, ABplaapppp, 7751, 0, 0, 0, , 0, 0, 0, 0, 0, 
123, 1, 123, 125, -1, 331, 267, 33.0, 17, ABplaapaaa, 7010, 0, 0, 0, , 0, 0, 0, 0, 0, 
124, 1, 124, 126, -1, 314, 277, 34.0, 17, ABplaapaap, 7951, 0, 0, 0, , 0, 0, 0, 0, 0, 
125, 1, 125, 127, -1, 270, 293, 35.0, 17, ABplaapapp, 7354, 0, 0, 0, , 0, 0, 0, 0, 0, 
126, 1, 126, 128, -1, 294, 286, 34.0, 17, ABplaapapa, 6763, 0, 0, 0, , 0, 0, 0, 0, 0, 
127, 1, 127, 129, -1, 307, 255, 34.0, 15, ABplaaaaap, 6468, 0, 0, 0, , 0, 0, 0, 0, 0, 
128, 1, 128, 130, -1, 330, 243, 34.0, 15, ABplaaaaaa, 6061, 0, 0, 0, , 0, 0, 0, 0, 0, 
129, 1, 129, 131, -1, 270, 249, 33.0, 13, ABplaaaapp, 5355, 0, 0, 0, , 0, 0, 0, 0, 0, 
130, 1, 130, 132, -1, 296, 237, 35.0, 15, ABplaaaapa, 6235, 0, 0, 0, , 0, 0, 0, 0, 0, 
131, 1, 131, 133, -1, 238, 296, 34.0, 17, ABplaaappp, 6446, 0, 0, 0, , 0, 0, 0, 0, 0, 
132, 1, 132, 134, -1, 243, 273, 34.0, 17, ABplaaappa, 7216, 0, 0, 0, , 0, 0, 0, 0, 0, 
133, 1, 133, 135, -1, 263, 268, 33.0, 15, ABplaaapap, 7151, 0, 0, 0, , 0, 0, 0, 0, 0, 
134, 1, 134, 136, -1, 286, 260, 34.0, 13, ABplaaapaa, 4949, 0, 0, 0, , 0, 0, 0, 0, 0, 
135, 1, 135, 137, -1, 144, 361, 19.0, 15, ABplappppa, 5572, 0, 0, 0, , 0, 0, 0, 0, 0, 
136, 1, 136, 138, -1, 123, 346, 15.0, 15, ABplappppp, 5445, 0, 0, 0, , 0, 0, 0, 0, 0, 
137, 1, 137, 139, -1, 184, 353, 18.0, 13, ABplapppaa, 5200, 0, 0, 0, , 0, 0, 0, 0, 0, 
138, 1, 138, 140, -1, 158, 357, 18.0, 15, ABplapppap, 4791, 0, 0, 0, , 0, 0, 0, 0, 0, 
139, 1, 139, 141, -1, 220, 355, 24.0, 17, ABplappaaa, 6715, 0, 0, 0, , 0, 0, 0, 0, 0, 
140, 1, 140, 142, -1, 188, 358, 23.0, 17, ABplappaap, 8262, 0, 0, 0, , 0, 0, 0, 0, 0, 
141, 1, 141, 143, -1, 164, 364, 24.0, 17, ABplappapp, 6780, 0, 0, 0, , 0, 0, 0, 0, 0, 
142, 1, 142, 144, -1, 177, 354, 27.0, 17, ABplappapa, 6922, 0, 0, 0, , 0, 0, 0, 0, 0, 
143, 1, 143, 145, -1, 198, 350, 28.0, 15, ABplapaapp, 6276, 0, 0, 0, , 0, 0, 0, 0, 0, 
144, 1, 144, 146, -1, 220, 332, 28.0, 15, ABplapaapa, 5984, 0, 0, 0, , 0, 0, 0, 0, 0, 
145, 1, 145, 147, -1, 244, 313, 31.0, 15, ABplapaaaa, 6824, 0, 0, 0, , 0, 0, 0, 0, 0, 
146, 1, 146, 148, -1, 224, 317, 31.0, 15, ABplapaaap, 5933, 0, 0, 0, , 0, 0, 0, 0, 0, 
147, 1, 147, 149, -1, 113, 344, 20.0, 17, ABplapappp, 6408, 0, 0, 0, , 0, 0, 0, 0, 0, 
148, 1, 148, 150, -1, 140, 361, 26.0, 17, ABplapapap, 6576, 0, 0, 0, , 0, 0, 0, 0, 0, 
149, 1, 149, 151, -1, 126, 356, 22.0, 17, ABplapappa, 7246, 0, 0, 0, , 0, 0, 0, 0, 0, 
150, 1, 150, 152, -1, 149, 354, 30.0, 17, ABplapapaa, 7799, 0, 0, 0, , 0, 0, 0, 0, 0, 
151, 1, 151, 153, -1, 208, 207, 13.0, 15, ABprpapaaa, 5423, 0, 0, 0, , 0, 0, 0, 0, 0, 
152, 1, 152, 154, -1, 186, 204, 11.0, 15, ABprpapaap, 6354, 0, 0, 0, , 0, 0, 0, 0, 0, 
153, 1, 153, 155, -1, 168, 238, 10.0, 17, ABprpapapp, 7129, 0, 0, 0, , 0, 0, 0, 0, 0, 
154, 1, 154, 156, -1, 190, 228, 10.0, 17, ABprpapapa, 5508, 0, 0, 0, , 0, 0, 0, 0, 0, 
155, 1, 155, 157, -1, 147, 282, 10.0, 17, ABprpapppp, 6858, 0, 0, 0, , 0, 0, 0, 0, 0, 
156, 1, 156, 158, -1, 168, 263, 9.0, 19, ABprpapppa, 8931, 0, 0, 0, , 0, 0, 0, 0, 0, 
157, 1, 157, 159, -1, 197, 258, 10.0, 17, ABprpappap, 7584, 0, 0, 0, , 0, 0, 0, 0, 0, 
158, 1, 158, 160, -1, 212, 240, 10.0, 15, ABprpappaa, 7645, 0, 0, 0, , 0, 0, 0, 0, 0, 
159, 1, 159, 161, -1, 259, 178, 15.0, 15, ABprpaaaaa, 7253, 0, 0, 0, , 0, 0, 0, 0, 0, 
160, 1, 160, 162, -1, 242, 179, 14.0, 17, ABprpaaaap, 6618, 0, 0, 0, , 0, 0, 0, 0, 0, 
161, 1, 161, 163, -1, 204, 176, 17.0, 17, ABprpaaapp, 9185, 0, 0, 0, , 0, 0, 0, 0, 0, 
162, 1, 162, 164, -1, 227, 169, 16.0, 15, ABprpaaapa, 6559, 0, 0, 0, , 0, 0, 0, 0, 0, 
163, 1, 163, 165, -1, 243, 165, 18.0, 15, ABprpaapaa, 6638, 0, 0, 0, , 0, 0, 0, 0, 0, 
164, 1, 164, 166, -1, 218, 169, 20.0, 15, ABprpaapap, 6499, 0, 0, 0, , 0, 0, 0, 0, 0, 
165, 1, 165, 167, -1, 180, 179, 17.0, 15, ABprpaappp, 5103, 0, 0, 0, , 0, 0, 0, 0, 0, 
166, 1, 166, 168, -1, 202, 178, 21.0, 15, ABprpaappa, 6612, 0, 0, 0, , 0, 0, 0, 0, 0, 
167, 1, 167, 169, -1, 109, 242, 10.0, 17, ABprpppaap, 5683, 0, 0, 0, , 0, 0, 0, 0, 0, 
168, 1, 168, 170, -1, 127, 224, 11.0, 17, ABprpppaaa, 6477, 0, 0, 0, , 0, 0, 0, 0, 0, 
169, 1, 169, 171, -1, 96, 263, 10.0, 17, ABprpppapa, 7513, 0, 0, 0, , 0, 0, 0, 0, 0, 
170, 1, 170, 172, -1, 98, 287, 10.0, 15, ABprpppapp, 5837, 0, 0, 0, , 0, 0, 0, 0, 0, 
171, 1, 171, 173, -1, 133, 254, 10.0, 17, ABprppppap, 7123, 0, 0, 0, , 0, 0, 0, 0, 0, 
172, 1, 172, 174, -1, 148, 239, 10.0, 15, ABprppppaa, 5933, 0, 0, 0, , 0, 0, 0, 0, 0, 
173, 1, 173, 175, -1, 124, 299, 11.0, 15, ABprpppppp, 7029, 0, 0, 0, , 0, 0, 0, 0, 0, 
174, 1, 174, 176, -1, 119, 277, 10.0, 17, ABprpppppa, 7257, 0, 0, 0, , 0, 0, 0, 0, 0, 
175, 1, 175, 177, -1, 167, 217, 10.0, 15, ABprppaapa, 6154, 0, 0, 0, , 0, 0, 0, 0, 0, 
176, 1, 176, 178, -1, 143, 221, 10.0, 15, ABprppaapp, 5877, 0, 0, 0, , 0, 0, 0, 0, 0, 
177, 1, 177, 179, -1, 203, 187, 12.0, 15, ABprppaaaa, 5283, 0, 0, 0, , 0, 0, 0, 0, 0, 
178, 1, 178, 180, -1, 181, 189, 14.0, 15, ABprppaaap, 4367, 0, 0, 0, , 0, 0, 0, 0, 0, 
179, 1, 179, 181, -1, 169, 196, 13.0, 15, ABprppapaa, 5287, 0, 0, 0, , 0, 0, 0, 0, 0, 
180, 1, 180, 182, -1, 151, 203, 13.0, 15, ABprppapap, 5551, 0, 0, 0, , 0, 0, 0, 0, 0, 
181, 1, 181, 183, -1, 113, 229, 14.0, 17, ABprppappp, 7906, 0, 0, 0, , 0, 0, 0, 0, 0, 
182, 1, 182, 184, -1, 134, 208, 13.0, 15, ABprppappa, 6547, 0, 0, 0, , 0, 0, 0, 0, 0, 
183, 1, 183, 185, -1, 285, 171, 31.0, 15, ABpraapaaa, 6294, 0, 0, 0, , 0, 0, 0, 0, 0, 
184, 1, 184, 186, -1, 254, 170, 31.0, 19, ABpraapaap, 7596, 0, 0, 0, , 0, 0, 0, 0, 0, 
185, 1, 185, 187, -1, 234, 178, 32.0, 15, ABpraapapa, 6007, 0, 0, 0, , 0, 0, 0, 0, 0, 
186, 1, 186, 188, -1, 209, 177, 30.0, 17, ABpraapapp, 7466, 0, 0, 0, , 0, 0, 0, 0, 0, 
187, 1, 187, 189, -1, 149, 194, 19.0, 17, ABpraapppp, 6879, 0, 0, 0, , 0, 0, 0, 0, 0, 
188, 1, 188, 190, -1, 175, 185, 21.0, 17, ABpraapppa, 9125, 0, 0, 0, , 0, 0, 0, 0, 0, 
189, 1, 189, 191, -1, 193, 176, 25.0, 19, ABpraappap, 5888, 0, 0, 0, , 0, 0, 0, 0, 0, 
190, 1, 190, 192, -1, 215, 164, 25.0, 13, ABpraappaa, 5104, 0, 0, 0, , 0, 0, 0, 0, 0, 
191, 1, 191, 193, -1, 254, 169, 27.0, 17, ABpraaapap, 9209, 0, 0, 0, , 0, 0, 0, 0, 0, 
192, 1, 192, 194, -1, 275, 175, 26.0, 15, ABpraaapaa, 5752, 0, 0, 0, , 0, 0, 0, 0, 0, 
193, 1, 193, 195, -1, 243, 185, 26.0, 15, ABpraaappa, 5606, 0, 0, 0, , 0, 0, 0, 0, 0, 
194, 1, 194, 196, -1, 223, 180, 26.0, 17, ABpraaappp, 7343, 0, 0, 0, , 0, 0, 0, 0, 0, 
195, 1, 195, 197, -1, 265, 160, 24.0, 15, ABpraaaaap, 6445, 0, 0, 0, , 0, 0, 0, 0, 0, 
196, 1, 196, 198, -1, 289, 165, 22.0, 15, ABpraaaaaa, 6272, 0, 0, 0, , 0, 0, 0, 0, 0, 
197, 1, 197, 199, -1, 257, 165, 20.0, 17, ABpraaaapa, 6644, 0, 0, 0, , 0, 0, 0, 0, 0, 
198, 1, 198, 200, -1, 236, 160, 23.0, 15, ABpraaaapp, 6710, 0, 0, 0, , 0, 0, 0, 0, 0, 
199, 1, 199, 201, -1, 89, 239, 19.0, 17, ABprappapp, 6517, 0, 0, 0, , 0, 0, 0, 0, 0, 
200, 1, 200, 202, -1, 109, 220, 22.0, 15, ABprappapa, 7464, 0, 0, 0, , 0, 0, 0, 0, 0, 
201, 1, 201, 203, -1, 110, 221, 18.0, 17, ABprappaap, 7991, 0, 0, 0, , 0, 0, 0, 0, 0, 
202, 1, 202, 204, -1, 133, 203, 17.0, 17, ABprappaaa, 8351, 0, 0, 0, , 0, 0, 0, 0, 0, 
203, 1, 203, 205, 206, 99, 247, 15.0, 17, ABprapppa, 8558, 0, 0, 0, , 0, 0, 0, 0, 0, 
204, 1, 204, 207, -1, 77, 292, 12.0, 17, ABprappppp, 6569, 0, 0, 0, , 0, 0, 0, 0, 0, 
205, 1, 205, 208, -1, 83, 262, 14.0, 15, ABprappppa, 6098, 0, 0, 0, , 0, 0, 0, 0, 0, 
206, 1, 206, 209, -1, 163, 209, 26.0, 15, ABprapaaap, 5060, 0, 0, 0, , 0, 0, 0, 0, 0, 
207, 1, 207, 210, -1, 178, 196, 28.0, 15, ABprapaaaa, 7186, 0, 0, 0, , 0, 0, 0, 0, 0, 
208, 1, 208, 211, -1, 127, 209, 24.0, 17, ABprapaapp, 6419, 0, 0, 0, , 0, 0, 0, 0, 0, 
209, 1, 209, 212, -1, 150, 204, 24.0, 15, ABprapaapa, 6474, 0, 0, 0, , 0, 0, 0, 0, 0, 
210, 1, 210, 213, -1, 73, 275, 20.0, 15, ABprapappa, 6379, 0, 0, 0, , 0, 0, 0, 0, 0, 
211, 1, 211, 214, -1, 70, 283, 17.0, 15, ABprapappp, 5771, 0, 0, 0, , 0, 0, 0, 0, 0, 
212, 1, 212, 215, -1, 77, 257, 22.0, 15, ABprapapap, 5888, 0, 0, 0, , 0, 0, 0, 0, 0, 
213, 1, 213, 216, -1, 90, 242, 25.0, 15, ABprapapaa, 7137, 0, 0, 0, , 0, 0, 0, 0, 0, 
214, 1, 214, 217, -1, 216, 198, 20.0, 19, MSppppa, 15142, 0, 0, 0, , 0, 0, 0, 0, 0, 
215, 1, 215, 218, -1, 190, 212, 25.0, 19, MSppppp, 9380, 0, 0, 0, , 0, 0, 0, 0, 0, 
216, 1, 216, 219, -1, 226, 212, 16.0, 17, MSpppaa, 7712, 0, 0, 0, , 0, 0, 0, 0, 0, 
217, 1, 217, 220, -1, 199, 209, 17.0, 17, MSpppap, 7190, 0, 0, 0, , 0, 0, 0, 0, 0, 
218, 1, 218, 221, -1, 252, 200, 17.0, 17, MSppaap, 5835, 0, 0, 0, , 0, 0, 0, 0, 0, 
219, 1, 219, 222, -1, 278, 193, 18.0, 15, MSppaaa, 8354, 0, 0, 0, , 0, 0, 0, 0, 0, 
220, 1, 220, 223, -1, 220, 202, 25.0, 17, MSppapp, 8151, 0, 0, 0, , 0, 0, 0, 0, 0, 
221, 1, 221, 224, -1, 247, 189, 21.0, 17, MSppapa, 8378, 0, 0, 0, , 0, 0, 0, 0, 0, 
222, 1, 222, 225, -1, 203, 258, 14.0, 15, MSpapapp, 5847, 0, 0, 0, , 0, 0, 0, 0, 0, 
223, 1, 223, 226, -1, 220, 240, 15.0, 15, MSpapapa, 7093, 0, 0, 0, , 0, 0, 0, 0, 0, 
224, 1, 224, 227, -1, 255, 245, 18.0, 15, MSpapaaa, 5861, 0, 0, 0, , 0, 0, 0, 0, 0, 
225, 1, 225, 228, -1, 226, 240, 19.0, 19, MSpapaap, 14883, 0, 0, 0, , 0, 0, 0, 0, 0, 
226, 1, 226, 229, -1, 200, 279, 12.0, 17, MSpappa, 5717, 0, 0, 0, , 0, 0, 0, 0, 0, 
227, 1, 227, 230, -1, 178, 268, 13.0, 21, MSpappp, 6120, 0, 0, 0, , 0, 0, 0, 0, 0, 
228, 1, 228, 231, -1, 267, 218, 27.0, 19, MSpaaapp, 9281, 0, 0, 0, , 0, 0, 0, 0, 0, 
229, 1, 229, 232, -1, 293, 203, 27.0, 17, MSpaaapa, 6256, 0, 0, 0, , 0, 0, 0, 0, 0, 
230, 1, 230, 233, -1, 307, 205, 23.0, 17, MSpaaaap, 7151, 0, 0, 0, , 0, 0, 0, 0, 0, 
231, 1, 231, 234, -1, 327, 192, 22.0, 15, MSpaaaaa, 4343, 0, 0, 0, , 0, 0, 0, 0, 0, 
232, 1, 232, 235, -1, 253, 212, 23.0, 19, MSpaapap, 8363, 0, 0, 0, , 0, 0, 0, 0, 0, 
233, 1, 233, 236, -1, 286, 203, 22.0, 15, MSpaapaa, 5807, 0, 0, 0, , 0, 0, 0, 0, 0, 
234, 1, 234, 323, -1, 224, 223, 22.0, 17, MSpaapp, 8648, 0, 0, 0, , 0, 0, 0, 0, 0, 
235, 1, 235, 238, -1, 263, 303, 23.0, 21, MSapppa, 6758, 0, 0, 0, , 0, 0, 0, 0, 0, 
236, 1, 236, 239, -1, 237, 309, 26.0, 19, MSapppp, 6751, 0, 0, 0, , 0, 0, 0, 0, 0, 
237, 1, 237, 240, -1, 260, 291, 20.0, 19, MSappaa, 7588, 0, 0, 0, , 0, 0, 0, 0, 0, 
238, 1, 238, 241, -1, 242, 305, 19.0, 19, MSappap, 6993, 0, 0, 0, , 0, 0, 0, 0, 0, 
239, 1, 239, 242, -1, 259, 286, 28.0, 21, MSapapp, 35015, 0, 0, 0, , 0, 0, 0, 0, 0, 
240, 1, 240, 243, -1, 295, 274, 24.0, 19, MSapapa, 11721, 0, 0, 0, , 0, 0, 0, 0, 0, 
241, 1, 241, 244, -1, 295, 265, 20.0, 17, MSapaap, 7265, 0, 0, 0, , 0, 0, 0, 0, 0, 
242, 1, 242, 245, -1, 326, 251, 22.0, 19, MSapaaa, 10459, 0, 0, 0, , 0, 0, 0, 0, 0, 
243, 1, 243, 246, -1, 323, 220, 26.0, 19, MSaaaaap, 7226, 0, 0, 0, , 0, 0, 0, 0, 0, 
244, 1, 244, 247, -1, 341, 207, 23.0, 15, MSaaaaaa, 4159, 0, 0, 0, , 0, 0, 0, 0, 0, 
245, 1, 245, 248, -1, 306, 221, 29.0, 15, MSaaaapa, 6417, 0, 0, 0, , 0, 0, 0, 0, 0, 
246, 1, 246, 249, -1, 276, 242, 29.0, 15, MSaaaapp, 4750, 0, 0, 0, , 0, 0, 0, 0, 0, 
247, 1, 247, 250, -1, 286, 242, 25.0, 15, MSaaapap, 5337, 0, 0, 0, , 0, 0, 0, 0, 0, 
248, 1, 248, 251, -1, 311, 237, 24.0, 17, MSaaapaa, 6974, 0, 0, 0, , 0, 0, 0, 0, 0, 
249, 1, 249, 252, -1, 265, 243, 25.0, 17, MSaaapp, 9205, 0, 0, 0, , 0, 0, 0, 0, 0, 
250, 1, 250, 253, -1, 214, 307, 15.0, 21, MSaappp, 10647, 0, 0, 0, , 0, 0, 0, 0, 0, 
251, 1, 251, 254, -1, 220, 289, 13.0, 17, MSaappa, 5672, 0, 0, 0, , 0, 0, 0, 0, 0, 
252, 1, 252, 255, -1, 271, 272, 19.0, 15, MSaapaaa, 5061, 0, 0, 0, , 0, 0, 0, 0, 0, 
253, 1, 253, 256, -1, 221, 281, 17.0, 17, MSaapapp, 6304, 0, 0, 0, , 0, 0, 0, 0, 0, 
254, 1, 254, 257, -1, 252, 273, 16.0, 15, MSaapapa, 4525, 0, 0, 0, , 0, 0, 0, 0, 0, 
255, 1, 255, 258, -1, 232, 284, 23.0, 17, Ealpa, 6860, 0, 0, 0, , 0, 0, 0, 0, 0, 
256, 1, 256, 259, -1, 199, 292, 24.0, 15, Ealpp, 6923, 0, 0, 0, , 0, 0, 0, 0, 0, 
257, 1, 257, 260, -1, 136, 307, 22.0, 23, Eplp, 65535, 0, 0, 0, , 0, 0, 0, 0, 0, 
258, 1, 258, 261, -1, 157, 327, 22.0, 21, Cappa, 7894, 0, 0, 0, , 0, 0, 0, 0, 0, 
259, 1, 259, 262, -1, 135, 323, 17.0, 23, Cappp, 13678, 0, 0, 0, , 0, 0, 0, 0, 0, 
260, 1, 260, 263, -1, 155, 318, 15.0, 21, Capap, 10094, 0, 0, 0, , 0, 0, 0, 0, 0, 
261, 1, 261, 264, -1, 174, 305, 16.0, 23, Capaa, 15114, 0, 0, 0, , 0, 0, 0, 0, 0, 
262, 1, 262, 265, -1, 105, 322, 32.0, 21, Caaapa, 17298, 0, 0, 0, , 0, 0, 0, 0, 0, 
263, 1, 263, 266, -1, 88, 330, 23.0, 19, Caaapp, 7998, 0, 0, 0, , 0, 0, 0, 0, 0, 
264, 1, 264, 267, -1, 97, 345, 15.0, 17, Caappd, 7157, 0, 0, 0, , 0, 0, 0, 0, 0, 
265, 1, 265, 268, -1, 103, 320, 12.0, 17, Caappv, 4332, 0, 0, 0, , 0, 0, 0, 0, 0, 
266, 1, 266, 269, -1, 111, 321, 14.0, 17, Caapa, 9017, 0, 0, 0, , 0, 0, 0, 0, 0, 
267, 1, 267, 270, -1, 68, 308, 16.0, 17, Cpappd, 7085, 0, 0, 0, , 0, 0, 0, 0, 0, 
268, 1, 268, 271, -1, 86, 312, 11.0, 15, Cpappv, 7009, 0, 0, 0, , 0, 0, 0, 0, 0, 
269, 1, 269, 272, -1, 82, 331, 17.0, 17, Cpapaa, 7382, 0, 0, 0, , 0, 0, 0, 0, 0, 
270, 1, 270, 273, -1, 155, 259, 33.0, 17, Cpaaaa, 3241, 0, 0, 0, , 0, 0, 0, 0, 0, 
271, 1, 271, 274, -1, 81, 303, 26.0, 19, Cpaapp, 7178, 0, 0, 0, , 0, 0, 0, 0, 0, 
272, 1, 272, 275, 276, 152, 249, 15.0, 15, Cppaa, 5081, 0, 0, 0, , 0, 0, 0, 0, 0, 
273, 1, 273, 277, -1, 126, 268, 15.0, 17, Cppap, 8054, 0, 0, 0, , 0, 0, 0, 0, 0, 
274, 1, 275, 278, -1, 124, 248, 21.0, 17, Cpppaa, 7798, 0, 0, 0, , 0, 0, 0, 0, 0, 
275, 1, 276, 279, -1, 113, 277, 18.0, 19, Cpppap, 6720, 0, 0, 0, , 0, 0, 0, 0, 0, 
276, 1, 277, 280, -1, 207, 316, 19.0, 19, Daap, 8917, 0, 0, 0, , 0, 0, 0, 0, 0, 
277, 1, 278, 281, -1, 227, 322, 22.0, 19, Daaa, 8473, 0, 0, 0, , 0, 0, 0, 0, 0, 
278, 1, 279, 282, -1, 191, 326, 22.0, 19, Dapp, 14359, 0, 0, 0, , 0, 0, 0, 0, 0, 
279, 1, 280, 283, -1, 184, 229, 15.0, 17, Dpap, 7290, 0, 0, 0, , 0, 0, 0, 0, 0, 
280, 1, 281, 284, -1, 178, 206, 19.0, 17, Dpaa, 7841, 0, 0, 0, , 0, 0, 0, 0, 0, 
281, 1, 282, 285, -1, 145, 232, 22.0, 21, Dppp, 26261, 0, 0, 0, , 0, 0, 0, 0, 0, 
282, 1, 283, 286, -1, 164, 224, 19.0, 19, Dppa, 9213, 0, 0, 0, , 0, 0, 0, 0, 0, 
283, 1, 284, 287, -1, 194, 280, 17.0, 19, Z3, 25426, 0, 0, 0, , 0, 0, 0, 0, 0, 
284, 1, 285, 288, -1, 157, 281, 19.0, 21, Z2, 27675, 0, 0, 0, , 0, 0, 0, 0, 0, 
285, 0, 286, -1, -1, 381, 244, 24.0, 15, , 9156, 0, 0, 0, , 0, 0, 0, 0, 0, 
286, 1, 287, 290, -1, 318, 302, 28.0, 17, ABalpppapp, 6339, 0, 0, 0, , 0, 0, 0, 0, 0, 
287, 1, 288, 291, -1, 299, 294, 28.0, 15, ABalpppppa, 5819, 0, 0, 0, , 0, 0, 0, 0, 0, 
288, 1, 289, 292, -1, 278, 306, 28.0, 17, ABalpppppp, 7451, 0, 0, 0, , 0, 0, 0, 0, 0, 
289, 1, 290, 293, -1, 309, 278, 29.0, 17, ABalppppap, 7898, 0, 0, 0, , 0, 0, 0, 0, 0, 
290, 1, 291, 294, -1, 327, 270, 26.0, 17, ABalppppaa, 5431, 0, 0, 0, , 0, 0, 0, 0, 0, 
291, 1, 292, 295, -1, 342, 281, 24.0, 17, ABalpppaaa, 5634, 0, 0, 0, , 0, 0, 0, 0, 0, 
292, 1, 293, 296, -1, 336, 280, 30.0, 17, ABalpppaap, 7045, 0, 0, 0, , 0, 0, 0, 0, 0, 
293, 1, 294, 297, -1, 330, 291, 24.0, 15, ABalpppapa, 6087, 0, 0, 0, , 0, 0, 0, 0, 0, 
294, 1, 295, 298, -1, 358, 249, 21.0, 15, ABalppaaaa, 7149, 0, 0, 0, , 0, 0, 0, 0, 0, 
295, 1, 296, 299, -1, 349, 273, 21.0, 17, ABalppaaap, 6115, 0, 0, 0, , 0, 0, 0, 0, 0, 
296, 1, 297, 300, -1, 327, 298, 19.0, 15, ABalppaapp, 6790, 0, 0, 0, , 0, 0, 0, 0, 0, 
297, 1, 298, 301, -1, 336, 278, 18.0, 15, ABalppaapa, 5045, 0, 0, 0, , 0, 0, 0, 0, 0, 
298, 1, 299, 302, -1, 283, 308, 13.0, 17, ABalppappp, 8823, 0, 0, 0, , 0, 0, 0, 0, 0, 
299, 1, 300, 303, -1, 305, 297, 14.0, 17, ABalppappa, 7314, 0, 0, 0, , 0, 0, 0, 0, 0, 
300, 1, 301, 304, -1, 312, 279, 14.0, 15, ABalppapap, 6578, 0, 0, 0, , 0, 0, 0, 0, 0, 
301, 1, 302, 305, -1, 326, 271, 12.0, 15, ABalppapaa, 6608, 0, 0, 0, , 0, 0, 0, 0, 0, 
302, 1, 303, 306, -1, 298, 285, 11.0, 15, ABalpapapa, 7503, 0, 0, 0, , 0, 0, 0, 0, 0, 
303, 1, 304, 307, -1, 277, 284, 11.0, 15, ABalpapapp, 7056, 0, 0, 0, , 0, 0, 0, 0, 0, 
304, 1, 305, 308, -1, 302, 267, 10.0, 15, ABalpapaap, 6423, 0, 0, 0, , 0, 0, 0, 0, 0, 
305, 1, 306, 309, -1, 314, 253, 10.0, 15, ABalpapaaa, 6676, 0, 0, 0, , 0, 0, 0, 0, 0, 
306, 1, 307, 310, -1, 275, 261, 12.0, 17, ABalpappap, 6648, 0, 0, 0, , 0, 0, 0, 0, 0, 
307, 1, 308, 311, -1, 292, 250, 10.0, 15, ABalpappaa, 6113, 0, 0, 0, , 0, 0, 0, 0, 0, 
308, 1, 309, 312, -1, 257, 279, 13.0, 19, ABalpapppp, 8054, 0, 0, 0, , 0, 0, 0, 0, 0, 
309, 1, 310, 313, -1, 278, 273, 15.0, 15, ABalpapppa, 7751, 0, 0, 0, , 0, 0, 0, 0, 0, 
310, 1, 311, 314, -1, 280, 252, 16.0, 15, ABalpaaapp, 6348, 0, 0, 0, , 0, 0, 0, 0, 0, 
311, 1, 312, 315, -1, 303, 240, 14.0, 15, ABalpaaapa, 6194, 0, 0, 0, , 0, 0, 0, 0, 0, 
312, 1, 313, 316, -1, 317, 237, 10.0, 15, ABalpaaaap, 6226, 0, 0, 0, , 0, 0, 0, 0, 0, 
313, 1, 314, 317, -1, 338, 223, 12.0, 15, ABalpaaaaa, 6559, 0, 0, 0, , 0, 0, 0, 0, 0, 
314, 1, 315, 318, -1, 311, 258, 15.0, 15, ABalpaappp, 6474, 0, 0, 0, , 0, 0, 0, 0, 0, 
315, 1, 316, 319, -1, 339, 253, 12.0, 15, ABalpaappa, 7393, 0, 0, 0, , 0, 0, 0, 0, 0, 
316, 1, 317, 320, -1, 324, 240, 15.0, 17, ABalpaapap, 7296, 0, 0, 0, , 0, 0, 0, 0, 0, 
317, 1, 318, 321, -1, 352, 227, 15.0, 17, ABalpaapaa, 7146, 0, 0, 0, , 0, 0, 0, 0, 0, 
318, 1, 319, 322, -1, 162, 252, 23.0, 21, Epra, 58813, 0, 0, 0, , 0, 0, 0, 0, 0, 
319, 0, 320, -1, -1, 224, 223, 24.0, 15, , 5441, 0, 0, 0, , 0, 0, 0, 0, 0, 
320, 1, 321, 324, -1, 198, 256, 21.0, 23, Earp, 41629, 0, 0, 0, , 0, 0, 0, 0, 0, 
321, 1, 322, 325, -1, 208, 269, 29.0, 19, Ealap, 9982, 0, 0, 0, , 0, 0, 0, 0, 0, 
322, 1, 323, 326, -1, 250, 259, 26.0, 21, Ealaa, 28730, 0, 0, 0, , 0, 0, 0, 0, 0, 
323, 1, 324, 327, -1, 176, 284, 29.0, 15, Eplaa, 6054, 0, 0, 0, , 0, 0, 0, 0, 0, 
324, 1, 324, 328, -1, 158, 296, 26.0, 15, Eplap, 6220, 0, 0, 0, , 0, 0, 0, 0, 0, 
325, 1, 325, 329, -1, 128, 275, 23.0, 25, Eprp, 62294, 0, 0, 0, , 0, 0, 0, 0, 0, 
326, 1, 326, 330, -1, 190, 324, 28.0, 19, Dapa, 9532, 0, 0, 0, , 0, 0, 0, 0, 0, 
327, 1, 327, 331, -1, 243, 264, 21.0, 19, MSaapaap, 14137, 0, 0, 0, , 0, 0, 0, 0, 0, 
328, 1, 328, 332, -1, 133, 239, 31.0, 15, ABarpppapp, 6274, 0, 0, 0, , 0, 0, 0, 0, 0, 
329, 1, 329, 333, -1, 101, 285, 31.0, 19, Cpaapa, 7123, 0, 0, 0, , 0, 0, 0, 0, 0, 
330, 1, 330, 334, -1, 149, 300, 33.0, 17, Caaaaa, 2938, 0, 0, 0, , 0, 0, 0, 0, 0, 
331, 1, 331, 335, -1, 241, 329, 14.0, 15, ABplppaapa, 6614, 0, 0, 0, , 0, 0, 0, 0, 0, 
332, 1, 332, 336, -1, 66, 303, 22.0, 19, Cpapap, 8568, 0, 0, 0, , 0, 0, 0, 0, 0, 
333, 1, 341, 337, -1, 224, 231, 27.0, 15, Eara, 5783, 0, 0, 0, , 0, 0, 0, 0, 0, 
334, 1, 334, 338, -1, 352, 232, 19.0, 15, ABalaaaala, 6681, 0, 0, 0, , 0, 0, 0, 0, 0, 
335, 1, 335, 345, -1, 124, 301, 33.0, 17, Caaaap, 9757, 0, 0, 0, , 0, 0, 0, 0, 0, 
336, 1, 336, 339, -1, 248, 191, 36.0, 15, ABarpappaa, 5467, 0, 0, 0, , 0, 0, 0, 0, 0, 
337, 1, 337, 340, -1, 350, 190, 25.0, 15, ABalappaaa, 2424, 0, 0, 0, , 0, 0, 0, 0, 0, 
338, 0, 338, -1, -1, 103, 296, 15.0, 17, , 7071, 0, 0, 0, , 0, 0, 0, 0, 0, 
339, 1, 339, 343, -1, 277, 164, 19.0, 15, ABalaapapp, 5971, 0, 0, 0, , 0, 0, 0, 0, 0, 
340, 1, 340, 344, -1, 169, 235, 33.714287, 17, ABarpppapa, 4286, 0, 0, 0, , 0, 0, 0, 0, 0, 
341, 1, 274, 341, 342, 102, 297, 17.0, 17, Cpppp, 0, 0, 0, 0, , 0, 0, 0, 0, 0, 
