1, 1, 1, 1, -1, 310, 198, 18.0, 15, ABaraappaa, 5890, 0, 0, 0, , 0, 0, 0, 0, 0, 
2, 1, 2, 2, -1, 294, 211, 18.0, 15, ABaraappap, 6891, 0, 0, 0, , 0, 0, 0, 0, 0, 
3, 1, 3, 3, -1, 273, 219, 18.0, 19, ABaraapppa, 8441, 0, 0, 0, , 0, 0, 0, 0, 0, 
4, 1, 4, 4, -1, 246, 217, 18.0, 15, ABaraapppp, 7452, 0, 0, 0, , 0, 0, 0, 0, 0, 
5, 1, 5, 5, -1, 273, 248, 21.0, 15, ABaraapapp, 6079, 0, 0, 0, , 0, 0, 0, 0, 0, 
6, 1, 6, 6, -1, 294, 240, 19.0, 17, ABaraapapa, 8846, 0, 0, 0, , 0, 0, 0, 0, 0, 
7, 1, 7, 7, -1, 334, 224, 17.0, 17, ABaraapaaa, 6694, 0, 0, 0, , 0, 0, 0, 0, 0, 
8, 1, 8, 8, -1, 310, 228, 18.0, 15, ABaraapaap, 7828, 0, 0, 0, , 0, 0, 0, 0, 0, 
9, 1, 9, 9, -1, 299, 190, 11.0, 15, ABaraaappa, 6854, 0, 0, 0, , 0, 0, 0, 0, 0, 
10, 1, 10, 10, -1, 280, 195, 12.0, 15, ABaraaappp, 5689, 0, 0, 0, , 0, 0, 0, 0, 0, 
11, 1, 11, 11, -1, 328, 207, 12.0, 15, ABaraaapaa, 6965, 0, 0, 0, , 0, 0, 0, 0, 0, 
12, 1, 12, 12, -1, 306, 207, 12.0, 15, ABaraaapap, 6826, 0, 0, 0, , 0, 0, 0, 0, 0, 
13, 1, 13, 13, -1, 349, 209, 14.0, 15, ABaraaaaaa, 6567, 0, 0, 0, , 0, 0, 0, 0, 0, 
14, 1, 14, 14, -1, 320, 192, 15.0, 15, ABaraaaaap, 6488, 0, 0, 0, , 0, 0, 0, 0, 0, 
15, 1, 15, 15, -1, 319, 216, 22.0, 15, ABaraaaapp, 4894, 0, 0, 0, , 0, 0, 0, 0, 0, 
16, 1, 16, 16, -1, 333, 203, 17.0, 15, ABaraaaapa, 5603, 0, 0, 0, , 0, 0, 0, 0, 0, 
17, 1, 17, 17, -1, 242, 249, 10.0, 17, ABarapapap, 8116, 0, 0, 0, , 0, 0, 0, 0, 0, 
18, 1, 18, 18, -1, 262, 236, 11.0, 15, ABarapapaa, 6332, 0, 0, 0, , 0, 0, 0, 0, 0, 
19, 1, 19, 19, -1, 227, 260, 12.0, 17, ABarapappp, 7990, 0, 0, 0, , 0, 0, 0, 0, 0, 
20, 1, 20, 20, -1, 246, 233, 13.0, 17, ABarapappa, 8197, 0, 0, 0, , 0, 0, 0, 0, 0, 
21, 1, 21, 21, -1, 278, 236, 10.0, 15, ABarapaaap, 6298, 0, 0, 0, , 0, 0, 0, 0, 0, 
22, 1, 22, 22, -1, 294, 224, 10.0, 17, ABarapaaaa, 7194, 0, 0, 0, , 0, 0, 0, 0, 0, 
23, 1, 23, 23, -1, 284, 211, 13.0, 15, ABarapaapa, 7486, 0, 0, 0, , 0, 0, 0, 0, 0, 
24, 1, 24, 24, -1, 269, 226, 15.0, 17, ABarapaapp, 8185, 0, 0, 0, , 0, 0, 0, 0, 0, 
25, 1, 25, 25, -1, 244, 205, 11.0, 15, ABarapppap, 6269, 0, 0, 0, , 0, 0, 0, 0, 0, 
26, 1, 26, 26, -1, 266, 192, 11.0, 17, ABarapppaa, 7662, 0, 0, 0, , 0, 0, 0, 0, 0, 
27, 1, 27, 27, -1, 236, 189, 12.0, 15, ABarappppa, 5615, 0, 0, 0, , 0, 0, 0, 0, 0, 
28, 1, 28, 28, -1, 218, 190, 13.0, 15, ABarappppp, 7353, 0, 0, 0, , 0, 0, 0, 0, 0, 
29, 1, 29, 29, -1, 261, 214, 10.0, 15, ABarappaaa, 7198, 0, 0, 0, , 0, 0, 0, 0, 0, 
30, 1, 30, 30, -1, 238, 229, 10.0, 15, ABarappaap, 7715, 0, 0, 0, , 0, 0, 0, 0, 0, 
31, 1, 31, 31, -1, 223, 208, 10.0, 17, ABarappapa, 7272, 0, 0, 0, , 0, 0, 0, 0, 0, 
32, 1, 32, 32, -1, 205, 219, 10.0, 15, ABarappapp, 7280, 0, 0, 0, , 0, 0, 0, 0, 0, 
33, 1, 33, 33, -1, 212, 204, 33.0, 15, ABarpapppa, 5154, 0, 0, 0, , 0, 0, 0, 0, 0, 
34, 1, 34, 34, -1, 194, 197, 31.0, 19, ABarpapppp, 5603, 0, 0, 0, , 0, 0, 0, 0, 0, 
35, 1, 35, 35, -1, 229, 201, 33.0, 15, ABarpappap, 5053, 0, 0, 0, , 0, 0, 0, 0, 0, 
36, 1, 36, 36, -1, 290, 189, 35.0, 17, ABarpapaaa, 7322, 0, 0, 0, , 0, 0, 0, 0, 0, 
37, 1, 37, 37, -1, 265, 182, 34.0, 19, ABarpapaap, 6551, 0, 0, 0, , 0, 0, 0, 0, 0, 
38, 1, 38, 38, -1, 244, 219, 32.0, 15, ABarpapapp, 6625, 0, 0, 0, , 0, 0, 0, 0, 0, 
39, 1, 39, 39, -1, 267, 207, 33.0, 17, ABarpapapa, 12377, 0, 0, 0, , 0, 0, 0, 0, 0, 
40, 1, 40, 40, -1, 194, 268, 34.0, 19, ABarpaappp, 4088, 0, 0, 0, , 0, 0, 0, 0, 0, 
41, 1, 41, 41, -1, 210, 237, 34.0, 19, ABarpaappa, 10565, 0, 0, 0, , 0, 0, 0, 0, 0, 
42, 1, 42, 42, -1, 252, 235, 33.0, 15, ABarpaapaa, 4700, 0, 0, 0, , 0, 0, 0, 0, 0, 
43, 1, 43, 43, -1, 231, 236, 34.0, 17, ABarpaapap, 5622, 0, 0, 0, , 0, 0, 0, 0, 0, 
44, 1, 44, 44, -1, 315, 202, 33.0, 15, ABarpaaaaa, 5250, 0, 0, 0, , 0, 0, 0, 0, 0, 
45, 1, 45, 45, -1, 301, 226, 34.0, 13, ABarpaaaap, 3276, 0, 0, 0, , 0, 0, 0, 0, 0, 
46, 1, 46, 46, -1, 266, 228, 34.0, 11, ABarpaaapp, 3457, 0, 0, 0, , 0, 0, 0, 0, 0, 
47, 1, 47, 47, -1, 289, 215, 33.0, 13, ABarpaaapa, 4288, 0, 0, 0, , 0, 0, 0, 0, 0, 
48, 1, 48, 48, -1, 200, 307, 34.0, 15, ABarppaaap, 4136, 0, 0, 0, , 0, 0, 0, 0, 0, 
49, 1, 49, 49, -1, 221, 290, 35.0, 15, ABarppaaaa, 4605, 0, 0, 0, , 0, 0, 0, 0, 0, 
50, 1, 50, 50, -1, 161, 316, 34.0, 17, ABarppaapp, 5134, 0, 0, 0, , 0, 0, 0, 0, 0, 
51, 1, 51, 352, -1, 179, 294, 34.0, 17, ABarppaapa, 1566, 0, 0, 0, , 0, 0, 0, 0, 0, 
52, 1, 52, 51, -1, 141, 329, 32.0, 17, ABarppappa, 4677, 0, 0, 0, , 0, 0, 0, 0, 0, 
53, 1, 53, 52, -1, 119, 345, 25.0, 17, ABarppappp, 5811, 0, 0, 0, , 0, 0, 0, 0, 0, 
54, 1, 54, 53, -1, 164, 336, 31.0, 17, ABarppapap, 4736, 0, 0, 0, , 0, 0, 0, 0, 0, 
55, 1, 55, 54, -1, 199, 334, 34.0, 17, ABarppapaa, 6053, 0, 0, 0, , 0, 0, 0, 0, 0, 
56, 1, 56, 55, -1, 84, 264, 25.0, 17, ABarpppppp, 6183, 0, 0, 0, , 0, 0, 0, 0, 0, 
57, 1, 57, 56, -1, 109, 242, 30.0, 17, ABarpppppa, 4598, 0, 0, 0, , 0, 0, 0, 0, 0, 
58, 1, 58, 57, -1, 147, 211, 29.0, 15, ABarppppaa, 5929, 0, 0, 0, , 0, 0, 0, 0, 0, 
59, 1, 59, 58, -1, 123, 224, 27.0, 15, ABarppppap, 4078, 0, 0, 0, , 0, 0, 0, 0, 0, 
60, 1, 60, 59, -1, 171, 207, 33.0, 17, ABarpppaap, 6238, 0, 0, 0, , 0, 0, 0, 0, 0, 
61, 1, 61, 60, -1, 193, 212, 35.0, 15, ABarpppaaa, 3668, 0, 0, 0, , 0, 0, 0, 0, 0, 
62, 1, 63, 61, -1, 275, 183, 29.0, 15, ABalappppa, 4358, 0, 0, 0, , 0, 0, 0, 0, 0, 
63, 1, 64, 62, -1, 248, 195, 32.0, 15, ABalappppp, 5285, 0, 0, 0, , 0, 0, 0, 0, 0, 
64, 1, 65, 63, -1, 317, 191, 29.0, 15, ABalapppaa, 4928, 0, 0, 0, , 0, 0, 0, 0, 0, 
65, 1, 66, 64, -1, 294, 191, 30.0, 17, ABalapppap, 5665, 0, 0, 0, , 0, 0, 0, 0, 0, 
66, 1, 67, 65, -1, 335, 176, 27.0, 15, ABalappapa, 5337, 0, 0, 0, , 0, 0, 0, 0, 0, 
67, 1, 68, 66, -1, 333, 199, 28.0, 15, ABalappaap, 4952, 0, 0, 0, , 0, 0, 0, 0, 0, 
68, 1, 69, 67, -1, 318, 173, 29.0, 15, ABalappapp, 5975, 0, 0, 0, , 0, 0, 0, 0, 0, 
69, 1, 70, 68, -1, 289, 261, 30.0, 17, ABalapappp, 6092, 0, 0, 0, , 0, 0, 0, 0, 0, 
70, 1, 71, 69, -1, 315, 253, 28.0, 15, ABalapappa, 4685, 0, 0, 0, , 0, 0, 0, 0, 0, 
71, 1, 72, 70, -1, 337, 216, 31.0, 15, ABalapapaa, 5551, 0, 0, 0, , 0, 0, 0, 0, 0, 
72, 1, 73, 71, -1, 325, 233, 30.0, 15, ABalapapap, 5460, 0, 0, 0, , 0, 0, 0, 0, 0, 
73, 1, 74, 72, -1, 360, 229, 25.0, 15, ABalapaaaa, 4679, 0, 0, 0, , 0, 0, 0, 0, 0, 
74, 1, 75, 73, -1, 345, 234, 27.0, 15, ABalapaaap, 6147, 0, 0, 0, , 0, 0, 0, 0, 0, 
75, 1, 76, 74, -1, 352, 248, 25.0, 15, ABalapaapa, 5120, 0, 0, 0, , 0, 0, 0, 0, 0, 
76, 1, 77, 75, -1, 338, 255, 27.0, 17, ABalapaapp, 6462, 0, 0, 0, , 0, 0, 0, 0, 0, 
77, 1, 78, 76, -1, 322, 177, 17.0, 13, ABalaapaaa, 4166, 0, 0, 0, , 0, 0, 0, 0, 0, 
78, 1, 79, 77, -1, 284, 174, 13.0, 15, ABalaapapa, 5906, 0, 0, 0, , 0, 0, 0, 0, 0, 
79, 1, 80, 78, -1, 301, 171, 15.0, 15, ABalaapaap, 4942, 0, 0, 0, , 0, 0, 0, 0, 0, 
80, 1, 81, 79, -1, 292, 178, 21.0, 17, ABalaappap, 6882, 0, 0, 0, , 0, 0, 0, 0, 0, 
81, 1, 82, 80, -1, 311, 164, 19.0, 15, ABalaappaa, 4465, 0, 0, 0, , 0, 0, 0, 0, 0, 
82, 1, 83, 81, -1, 295, 172, 26.0, 19, ABalaapppp, 7170, 0, 0, 0, , 0, 0, 0, 0, 0, 
83, 1, 84, 82, -1, 316, 175, 24.0, 15, ABalaapppa, 5154, 0, 0, 0, , 0, 0, 0, 0, 0, 
84, 1, 85, 83, -1, 345, 259, 17.0, 15, ABalaaaalp, 6536, 0, 0, 0, , 0, 0, 0, 0, 0, 
85, 1, 86, 84, -1, 339, 186, 18.0, 15, ABalaaaarr, 5808, 0, 0, 0, , 0, 0, 0, 0, 0, 
86, 1, 87, 85, -1, 354, 214, 18.0, 17, ABalaaaarl, 7119, 0, 0, 0, , 0, 0, 0, 0, 0, 
87, 1, 88, 86, -1, 343, 182, 23.0, 15, ABalaaappl, 4706, 0, 0, 0, , 0, 0, 0, 0, 0, 
88, 1, 89, 87, -1, 327, 170, 21.0, 15, ABalaaappr, 5440, 0, 0, 0, , 0, 0, 0, 0, 0, 
89, 1, 90, 88, -1, 357, 201, 22.0, 15, ABalaaapar, 5727, 0, 0, 0, , 0, 0, 0, 0, 0, 
90, 1, 91, 89, -1, 355, 223, 22.0, 17, ABalaaapal, 6297, 0, 0, 0, , 0, 0, 0, 0, 0, 
91, 1, 92, 90, -1, 177, 329, 12.0, 15, ABplppppap, 6725, 0, 0, 0, , 0, 0, 0, 0, 0, 
92, 1, 93, 91, -1, 195, 323, 12.0, 17, ABplppppaa, 6260, 0, 0, 0, , 0, 0, 0, 0, 0, 
93, 1, 94, 92, -1, 137, 311, 11.0, 15, ABplpppppp, 5966, 0, 0, 0, , 0, 0, 0, 0, 0, 
94, 1, 95, 93, -1, 158, 315, 11.0, 17, ABplpppppa, 7712, 0, 0, 0, , 0, 0, 0, 0, 0, 
95, 1, 96, 94, -1, 131, 330, 11.0, 15, ABplpppapp, 4731, 0, 0, 0, , 0, 0, 0, 0, 0, 
96, 1, 97, 95, -1, 153, 343, 13.0, 17, ABplpppapa, 7503, 0, 0, 0, , 0, 0, 0, 0, 0, 
97, 1, 98, 96, -1, 175, 342, 15.0, 15, ABplpppaap, 6592, 0, 0, 0, , 0, 0, 0, 0, 0, 
98, 1, 99, 97, -1, 197, 338, 14.0, 15, ABplpppaaa, 5161, 0, 0, 0, , 0, 0, 0, 0, 0, 
99, 1, 100, 98, -1, 195, 349, 17.0, 15, ABplppappp, 5727, 0, 0, 0, , 0, 0, 0, 0, 0, 
100, 1, 101, 99, -1, 215, 345, 18.0, 15, ABplppappa, 6270, 0, 0, 0, , 0, 0, 0, 0, 0, 
101, 1, 102, 100, -1, 253, 326, 17.0, 15, ABplppapaa, 10479, 0, 0, 0, , 0, 0, 0, 0, 0, 
102, 1, 103, 101, -1, 236, 343, 18.0, 15, ABplppapap, 6264, 0, 0, 0, , 0, 0, 0, 0, 0, 
103, 1, 104, 102, -1, 218, 338, 14.0, 15, ABplppaapp, 6398, 0, 0, 0, , 0, 0, 0, 0, 0, 
104, 1, 105, 103, -1, 274, 317, 17.0, 17, ABplppaaaa, 5948, 0, 0, 0, , 0, 0, 0, 0, 0, 
105, 1, 106, 104, -1, 268, 329, 19.0, 15, ABplppaaap, 5947, 0, 0, 0, , 0, 0, 0, 0, 0, 
106, 1, 107, 105, -1, 236, 286, 10.0, 23, ABplpappaa, 38819, 0, 0, 0, , 0, 0, 0, 0, 0, 
107, 1, 108, 106, -1, 203, 288, 10.0, 13, ABplpappap, 5726, 0, 0, 0, , 0, 0, 0, 0, 0, 
108, 1, 109, 107, -1, 174, 305, 10.0, 15, ABplpapppp, 6890, 0, 0, 0, , 0, 0, 0, 0, 0, 
109, 1, 110, 108, -1, 200, 306, 10.0, 15, ABplpapppa, 6556, 0, 0, 0, , 0, 0, 0, 0, 0, 
110, 1, 111, 109, -1, 219, 318, 11.0, 15, ABplpapapp, 6557, 0, 0, 0, , 0, 0, 0, 0, 0, 
111, 1, 112, 110, -1, 242, 316, 11.0, 17, ABplpapapa, 7664, 0, 0, 0, , 0, 0, 0, 0, 0, 
112, 1, 113, 111, -1, 251, 306, 14.0, 15, ABplpapaap, 5439, 0, 0, 0, , 0, 0, 0, 0, 0, 
113, 1, 114, 112, -1, 265, 304, 12.0, 15, ABplpapaaa, 6361, 0, 0, 0, , 0, 0, 0, 0, 0, 
114, 1, 115, 113, -1, 293, 295, 19.0, 15, ABplpaaaap, 7244, 0, 0, 0, , 0, 0, 0, 0, 0, 
115, 1, 116, 114, -1, 309, 285, 18.0, 17, ABplpaaaaa, 7493, 0, 0, 0, , 0, 0, 0, 0, 0, 
116, 1, 117, 115, -1, 308, 310, 19.0, 15, ABplpaaapa, 5567, 0, 0, 0, , 0, 0, 0, 0, 0, 
117, 1, 118, 116, -1, 289, 318, 20.0, 17, ABplpaaapp, 7257, 0, 0, 0, , 0, 0, 0, 0, 0, 
118, 1, 119, 117, -1, 279, 323, 24.0, 15, ABplpaappa, 6996, 0, 0, 0, , 0, 0, 0, 0, 0, 
119, 1, 120, 118, -1, 265, 335, 21.0, 17, ABplpaappp, 7221, 0, 0, 0, , 0, 0, 0, 0, 0, 
120, 1, 121, 119, -1, 313, 300, 23.0, 15, ABplpaapaa, 5667, 0, 0, 0, , 0, 0, 0, 0, 0, 
121, 1, 122, 120, -1, 295, 316, 23.0, 15, ABplpaapap, 7141, 0, 0, 0, , 0, 0, 0, 0, 0, 
122, 1, 123, 121, -1, 259, 325, 30.0, 17, ABplaappap, 7793, 0, 0, 0, , 0, 0, 0, 0, 0, 
123, 1, 124, 122, -1, 285, 312, 32.0, 15, ABplaappaa, 6117, 0, 0, 0, , 0, 0, 0, 0, 0, 
124, 1, 125, 123, -1, 254, 331, 26.0, 17, ABplaapppa, 6845, 0, 0, 0, , 0, 0, 0, 0, 0, 
125, 1, 126, 124, -1, 233, 342, 27.0, 17, ABplaapppp, 8837, 0, 0, 0, , 0, 0, 0, 0, 0, 
126, 1, 127, 125, -1, 330, 268, 33.0, 17, ABplaapaaa, 7259, 0, 0, 0, , 0, 0, 0, 0, 0, 
127, 1, 128, 126, -1, 308, 270, 34.0, 17, ABplaapaap, 7595, 0, 0, 0, , 0, 0, 0, 0, 0, 
128, 1, 129, 127, -1, 273, 291, 33.0, 15, ABplaapapp, 6193, 0, 0, 0, , 0, 0, 0, 0, 0, 
129, 1, 130, 128, -1, 298, 289, 34.0, 15, ABplaapapa, 7014, 0, 0, 0, , 0, 0, 0, 0, 0, 
130, 1, 131, 129, -1, 310, 248, 34.0, 17, ABplaaaaap, 6418, 0, 0, 0, , 0, 0, 0, 0, 0, 
131, 1, 132, 130, -1, 328, 234, 34.0, 15, ABplaaaaaa, 6099, 0, 0, 0, , 0, 0, 0, 0, 0, 
132, 1, 133, 131, -1, 269, 249, 33.0, 15, ABplaaaapp, 5189, 0, 0, 0, , 0, 0, 0, 0, 0, 
133, 1, 134, 132, -1, 287, 237, 34.0, 15, ABplaaaapa, 3520, 0, 0, 0, , 0, 0, 0, 0, 0, 
134, 1, 135, 133, -1, 238, 300, 33.0, 17, ABplaaappp, 3662, 0, 0, 0, , 0, 0, 0, 0, 0, 
135, 1, 136, 134, -1, 247, 278, 34.0, 15, ABplaaappa, 4512, 0, 0, 0, , 0, 0, 0, 0, 0, 
136, 1, 137, 135, -1, 268, 272, 34.0, 17, ABplaaapap, 6471, 0, 0, 0, , 0, 0, 0, 0, 0, 
137, 1, 138, 136, -1, 288, 259, 35.0, 13, ABplaaapaa, 5729, 0, 0, 0, , 0, 0, 0, 0, 0, 
138, 1, 139, 137, -1, 134, 361, 18.0, 17, ABplappppa, 6341, 0, 0, 0, , 0, 0, 0, 0, 0, 
139, 1, 140, 138, -1, 118, 343, 14.0, 15, ABplappppp, 5797, 0, 0, 0, , 0, 0, 0, 0, 0, 
140, 1, 141, 139, -1, 178, 351, 19.0, 15, ABplapppaa, 6005, 0, 0, 0, , 0, 0, 0, 0, 0, 
141, 1, 142, 140, -1, 154, 356, 18.0, 15, ABplapppap, 5923, 0, 0, 0, , 0, 0, 0, 0, 0, 
142, 1, 143, 141, -1, 215, 354, 24.0, 17, ABplappaaa, 7112, 0, 0, 0, , 0, 0, 0, 0, 0, 
143, 1, 144, 142, -1, 185, 357, 24.0, 17, ABplappaap, 7540, 0, 0, 0, , 0, 0, 0, 0, 0, 
144, 1, 145, 143, -1, 161, 358, 24.0, 15, ABplappapp, 6392, 0, 0, 0, , 0, 0, 0, 0, 0, 
145, 1, 146, 144, -1, 172, 354, 28.0, 19, ABplappapa, 7805, 0, 0, 0, , 0, 0, 0, 0, 0, 
146, 1, 147, 145, -1, 195, 350, 28.0, 17, ABplapaapp, 7180, 0, 0, 0, , 0, 0, 0, 0, 0, 
147, 1, 148, 146, -1, 216, 333, 29.0, 15, ABplapaapa, 6641, 0, 0, 0, , 0, 0, 0, 0, 0, 
148, 1, 149, 147, -1, 240, 313, 30.0, 15, ABplapaaaa, 5874, 0, 0, 0, , 0, 0, 0, 0, 0, 
149, 1, 150, 148, -1, 219, 314, 31.0, 15, ABplapaaap, 6433, 0, 0, 0, , 0, 0, 0, 0, 0, 
150, 1, 151, 149, -1, 111, 345, 20.0, 17, ABplapappp, 6440, 0, 0, 0, , 0, 0, 0, 0, 0, 
151, 1, 152, 150, -1, 136, 361, 25.0, 17, ABplapapap, 6782, 0, 0, 0, , 0, 0, 0, 0, 0, 
152, 1, 153, 151, -1, 123, 358, 22.0, 19, ABplapappa, 6676, 0, 0, 0, , 0, 0, 0, 0, 0, 
153, 1, 154, 152, -1, 142, 351, 29.0, 17, ABplapapaa, 7346, 0, 0, 0, , 0, 0, 0, 0, 0, 
154, 1, 155, 153, -1, 208, 209, 14.0, 15, ABprpapaaa, 5946, 0, 0, 0, , 0, 0, 0, 0, 0, 
155, 1, 156, 154, -1, 189, 206, 12.0, 15, ABprpapaap, 5900, 0, 0, 0, , 0, 0, 0, 0, 0, 
156, 1, 157, 155, -1, 166, 239, 10.0, 15, ABprpapapp, 6612, 0, 0, 0, , 0, 0, 0, 0, 0, 
157, 1, 158, 156, -1, 186, 228, 10.0, 15, ABprpapapa, 6381, 0, 0, 0, , 0, 0, 0, 0, 0, 
158, 1, 159, 157, -1, 146, 284, 10.0, 17, ABprpapppp, 5606, 0, 0, 0, , 0, 0, 0, 0, 0, 
159, 1, 160, 158, -1, 168, 268, 9.0, 19, ABprpapppa, 9154, 0, 0, 0, , 0, 0, 0, 0, 0, 
160, 1, 161, 159, -1, 196, 259, 10.0, 19, ABprpappap, 8311, 0, 0, 0, , 0, 0, 0, 0, 0, 
161, 1, 162, 160, -1, 209, 240, 10.0, 15, ABprpappaa, 7056, 0, 0, 0, , 0, 0, 0, 0, 0, 
162, 1, 163, 161, -1, 261, 178, 15.0, 15, ABprpaaaaa, 7322, 0, 0, 0, , 0, 0, 0, 0, 0, 
163, 1, 164, 162, -1, 243, 176, 13.0, 17, ABprpaaaap, 7217, 0, 0, 0, , 0, 0, 0, 0, 0, 
164, 1, 165, 163, -1, 207, 175, 16.0, 17, ABprpaaapp, 7898, 0, 0, 0, , 0, 0, 0, 0, 0, 
165, 1, 166, 164, -1, 229, 172, 16.0, 15, ABprpaaapa, 6240, 0, 0, 0, , 0, 0, 0, 0, 0, 
166, 1, 167, 165, -1, 246, 165, 18.0, 15, ABprpaapaa, 6772, 0, 0, 0, , 0, 0, 0, 0, 0, 
167, 1, 168, 166, -1, 220, 168, 20.0, 15, ABprpaapap, 6796, 0, 0, 0, , 0, 0, 0, 0, 0, 
168, 1, 169, 167, -1, 184, 178, 16.0, 15, ABprpaappp, 6361, 0, 0, 0, , 0, 0, 0, 0, 0, 
169, 1, 170, 168, -1, 201, 175, 20.0, 15, ABprpaappa, 6625, 0, 0, 0, , 0, 0, 0, 0, 0, 
170, 1, 171, 169, -1, 110, 245, 10.0, 17, ABprpppaap, 6837, 0, 0, 0, , 0, 0, 0, 0, 0, 
171, 1, 172, 170, -1, 132, 230, 11.0, 15, ABprpppaaa, 4946, 0, 0, 0, , 0, 0, 0, 0, 0, 
172, 1, 173, 171, -1, 99, 267, 11.0, 17, ABprpppapa, 7039, 0, 0, 0, , 0, 0, 0, 0, 0, 
173, 1, 174, 172, -1, 103, 291, 9.0, 15, ABprpppapp, 6076, 0, 0, 0, , 0, 0, 0, 0, 0, 
174, 1, 175, 173, -1, 134, 253, 11.0, 15, ABprppppap, 7569, 0, 0, 0, , 0, 0, 0, 0, 0, 
175, 1, 176, 174, -1, 151, 243, 11.0, 15, ABprppppaa, 5958, 0, 0, 0, , 0, 0, 0, 0, 0, 
176, 1, 177, 175, -1, 129, 295, 12.0, 15, ABprpppppp, 5588, 0, 0, 0, , 0, 0, 0, 0, 0, 
177, 1, 178, 176, -1, 119, 277, 10.0, 19, ABprpppppa, 7072, 0, 0, 0, , 0, 0, 0, 0, 0, 
178, 1, 179, 177, -1, 168, 219, 11.0, 15, ABprppaapa, 6225, 0, 0, 0, , 0, 0, 0, 0, 0, 
179, 1, 180, 178, -1, 147, 222, 10.0, 15, ABprppaapp, 5091, 0, 0, 0, , 0, 0, 0, 0, 0, 
180, 1, 181, 179, -1, 201, 182, 11.0, 15, ABprppaaaa, 7944, 0, 0, 0, , 0, 0, 0, 0, 0, 
181, 1, 182, 180, -1, 181, 189, 13.0, 15, ABprppaaap, 6065, 0, 0, 0, , 0, 0, 0, 0, 0, 
182, 1, 183, 181, -1, 170, 197, 13.0, 15, ABprppapaa, 5762, 0, 0, 0, , 0, 0, 0, 0, 0, 
183, 1, 184, 182, -1, 154, 203, 13.0, 15, ABprppapap, 5861, 0, 0, 0, , 0, 0, 0, 0, 0, 
184, 1, 185, 183, -1, 122, 225, 14.0, 17, ABprppappp, 5495, 0, 0, 0, , 0, 0, 0, 0, 0, 
185, 1, 186, 184, -1, 138, 211, 14.0, 15, ABprppappa, 5947, 0, 0, 0, , 0, 0, 0, 0, 0, 
186, 1, 187, 185, -1, 290, 170, 31.0, 15, ABpraapaaa, 7436, 0, 0, 0, , 0, 0, 0, 0, 0, 
187, 1, 188, 186, -1, 261, 168, 30.0, 17, ABpraapaap, 9736, 0, 0, 0, , 0, 0, 0, 0, 0, 
188, 1, 189, 187, -1, 239, 173, 32.0, 15, ABpraapapa, 7409, 0, 0, 0, , 0, 0, 0, 0, 0, 
189, 1, 190, 188, -1, 214, 179, 31.0, 17, ABpraapapp, 7834, 0, 0, 0, , 0, 0, 0, 0, 0, 
190, 1, 191, 189, -1, 152, 194, 19.0, 17, ABpraapppp, 8048, 0, 0, 0, , 0, 0, 0, 0, 0, 
191, 1, 192, 190, -1, 177, 182, 22.0, 17, ABpraapppa, 7950, 0, 0, 0, , 0, 0, 0, 0, 0, 
192, 1, 193, 191, -1, 194, 176, 25.0, 17, ABpraappap, 7689, 0, 0, 0, , 0, 0, 0, 0, 0, 
193, 1, 194, 192, -1, 217, 163, 25.0, 15, ABpraappaa, 5491, 0, 0, 0, , 0, 0, 0, 0, 0, 
194, 1, 195, 193, -1, 260, 173, 27.0, 19, ABpraaapap, 6589, 0, 0, 0, , 0, 0, 0, 0, 0, 
195, 1, 196, 194, -1, 276, 178, 25.0, 15, ABpraaapaa, 5500, 0, 0, 0, , 0, 0, 0, 0, 0, 
196, 1, 197, 195, -1, 243, 178, 26.0, 17, ABpraaappa, 5440, 0, 0, 0, , 0, 0, 0, 0, 0, 
197, 1, 198, 196, -1, 221, 176, 27.0, 17, ABpraaappp, 6569, 0, 0, 0, , 0, 0, 0, 0, 0, 
198, 1, 199, 197, -1, 263, 158, 25.0, 15, ABpraaaaap, 5700, 0, 0, 0, , 0, 0, 0, 0, 0, 
199, 1, 200, 198, -1, 286, 161, 22.0, 15, ABpraaaaaa, 6179, 0, 0, 0, , 0, 0, 0, 0, 0, 
200, 1, 201, 199, -1, 257, 161, 21.0, 15, ABpraaaapa, 5718, 0, 0, 0, , 0, 0, 0, 0, 0, 
201, 1, 202, 200, -1, 238, 160, 24.0, 15, ABpraaaapp, 6666, 0, 0, 0, , 0, 0, 0, 0, 0, 
202, 1, 203, 201, -1, 95, 232, 20.0, 15, ABprappapp, 6653, 0, 0, 0, , 0, 0, 0, 0, 0, 
203, 1, 204, 202, -1, 113, 219, 23.0, 15, ABprappapa, 6434, 0, 0, 0, , 0, 0, 0, 0, 0, 
204, 1, 205, 203, -1, 113, 218, 18.0, 17, ABprappaap, 7019, 0, 0, 0, , 0, 0, 0, 0, 0, 
205, 1, 206, 204, -1, 133, 202, 18.0, 17, ABprappaaa, 7403, 0, 0, 0, , 0, 0, 0, 0, 0, 
206, 1, 207, 205, -1, 105, 234, 15.0, 15, ABprapppaa, 5784, 0, 0, 0, , 0, 0, 0, 0, 0, 
207, 1, 208, 206, -1, 92, 254, 13.0, 15, ABprapppap, 5463, 0, 0, 0, , 0, 0, 0, 0, 0, 
208, 1, 209, 207, -1, 81, 287, 12.0, 17, ABprappppp, 6320, 0, 0, 0, , 0, 0, 0, 0, 0, 
209, 1, 210, 208, -1, 79, 265, 14.0, 15, ABprappppa, 6257, 0, 0, 0, , 0, 0, 0, 0, 0, 
210, 1, 211, 209, -1, 165, 206, 26.0, 15, ABprapaaap, 5516, 0, 0, 0, , 0, 0, 0, 0, 0, 
211, 1, 212, 210, -1, 184, 197, 28.0, 15, ABprapaaaa, 5978, 0, 0, 0, , 0, 0, 0, 0, 0, 
212, 1, 213, 211, -1, 133, 205, 23.0, 17, ABprapaapp, 6647, 0, 0, 0, , 0, 0, 0, 0, 0, 
213, 1, 214, 212, -1, 153, 199, 24.0, 15, ABprapaapa, 5586, 0, 0, 0, , 0, 0, 0, 0, 0, 
214, 1, 215, 213, -1, 68, 267, 19.0, 17, ABprapappa, 6557, 0, 0, 0, , 0, 0, 0, 0, 0, 
215, 1, 216, 214, -1, 68, 281, 16.0, 15, ABprapappp, 6252, 0, 0, 0, , 0, 0, 0, 0, 0, 
216, 1, 217, 215, -1, 78, 250, 21.0, 15, ABprapapap, 6322, 0, 0, 0, , 0, 0, 0, 0, 0, 
217, 1, 218, 216, -1, 91, 241, 26.0, 15, ABprapapaa, 6989, 0, 0, 0, , 0, 0, 0, 0, 0, 
218, 1, 219, 217, -1, 215, 197, 20.0, 17, MSppppa, 6766, 0, 0, 0, , 0, 0, 0, 0, 0, 
219, 1, 220, 218, -1, 196, 216, 25.0, 19, MSppppp, 7187, 0, 0, 0, , 0, 0, 0, 0, 0, 
220, 1, 221, 219, -1, 227, 212, 16.0, 17, MSpppaa, 10623, 0, 0, 0, , 0, 0, 0, 0, 0, 
221, 1, 222, 220, -1, 202, 209, 17.0, 17, MSpppap, 7344, 0, 0, 0, , 0, 0, 0, 0, 0, 
222, 1, 223, 221, -1, 249, 195, 17.0, 17, MSppaap, 7023, 0, 0, 0, , 0, 0, 0, 0, 0, 
223, 1, 224, 222, -1, 288, 177, 17.0, 15, MSppaaaa, 10004, 0, 0, 0, , 0, 0, 0, 0, 0, 
224, 1, 225, 223, -1, 270, 193, 18.0, 15, MSppaaap, 4978, 0, 0, 0, , 0, 0, 0, 0, 0, 
225, 1, 226, 224, -1, 223, 200, 26.0, 21, MSppapp, 10713, 0, 0, 0, , 0, 0, 0, 0, 0, 
226, 1, 227, 225, -1, 257, 179, 22.0, 13, MSppapaa, 4315, 0, 0, 0, , 0, 0, 0, 0, 0, 
227, 1, 228, 226, -1, 233, 193, 21.0, 13, MSppapap, 3687, 0, 0, 0, , 0, 0, 0, 0, 0, 
228, 1, 229, 227, -1, 202, 260, 15.0, 15, MSpapapp, 5765, 0, 0, 0, , 0, 0, 0, 0, 0, 
229, 1, 230, 228, -1, 217, 239, 14.0, 15, MSpapapa, 5985, 0, 0, 0, , 0, 0, 0, 0, 0, 
230, 1, 231, 229, -1, 255, 242, 18.0, 17, MSpapaaa, 6219, 0, 0, 0, , 0, 0, 0, 0, 0, 
231, 1, 232, 230, -1, 231, 243, 18.0, 17, MSpapaap, 6643, 0, 0, 0, , 0, 0, 0, 0, 0, 
232, 1, 233, 231, -1, 198, 282, 13.0, 17, MSpappa, 7111, 0, 0, 0, , 0, 0, 0, 0, 0, 
233, 1, 234, 232, -1, 175, 263, 13.0, 21, MSpappp, 9523, 0, 0, 0, , 0, 0, 0, 0, 0, 
234, 1, 235, 233, -1, 269, 219, 29.0, 19, MSpaaapp, 9542, 0, 0, 0, , 0, 0, 0, 0, 0, 
235, 1, 236, 234, -1, 293, 206, 27.0, 15, MSpaaapa, 4927, 0, 0, 0, , 0, 0, 0, 0, 0, 
236, 1, 237, 235, -1, 304, 206, 24.0, 19, MSpaaaap, 9214, 0, 0, 0, , 0, 0, 0, 0, 0, 
237, 1, 238, 236, -1, 326, 195, 21.0, 15, MSpaaaaa, 5604, 0, 0, 0, , 0, 0, 0, 0, 0, 
238, 1, 239, 237, -1, 258, 208, 23.0, 19, MSpaapap, 8674, 0, 0, 0, , 0, 0, 0, 0, 0, 
239, 1, 240, 238, -1, 284, 198, 22.0, 15, MSpaapaa, 5299, 0, 0, 0, , 0, 0, 0, 0, 0, 
240, 1, 241, 239, -1, 212, 244, 27.0, 17, Earap, 6467, 0, 0, 0, , 0, 0, 0, 0, 0, 
241, 1, 242, 240, -1, 262, 302, 23.0, 21, MSapppa, 28855, 0, 0, 0, , 0, 0, 0, 0, 0, 
242, 1, 243, 241, -1, 232, 305, 26.0, 17, MSapppp, 5614, 0, 0, 0, , 0, 0, 0, 0, 0, 
243, 1, 244, 242, -1, 258, 288, 20.0, 17, MSappaa, 7176, 0, 0, 0, , 0, 0, 0, 0, 0, 
244, 1, 245, 243, -1, 242, 305, 19.0, 16, MSappap, 4242, 0, 0, 0, , 0, 0, 0, 0, 0, 
245, 1, 246, 244, -1, 262, 286, 28.0, 19, MSapapp, 20992, 0, 0, 0, , 0, 0, 0, 0, 0, 
246, 1, 247, 245, -1, 279, 280, 24.0, 15, MSapapap, 4804, 0, 0, 0, , 0, 0, 0, 0, 0, 
247, 1, 248, 246, -1, 307, 272, 22.0, 13, MSapapaa, 3672, 0, 0, 0, , 0, 0, 0, 0, 0, 
248, 1, 249, 247, -1, 290, 268, 20.0, 17, MSapaap, 8437, 0, 0, 0, , 0, 0, 0, 0, 0, 
249, 1, 250, 248, -1, 335, 251, 21.0, 15, MSapaaaa, 4847, 0, 0, 0, , 0, 0, 0, 0, 0, 
250, 1, 250, 249, -1, 314, 254, 21.0, 15, MSapaaap, 4733, 0, 0, 0, , 0, 0, 0, 0, 0, 
251, 1, 251, 250, -1, 323, 218, 27.0, 17, MSaaaaap, 7242, 0, 0, 0, , 0, 0, 0, 0, 0, 
252, 1, 252, 251, -1, 339, 212, 22.0, 15, MSaaaaaa, 5003, 0, 0, 0, , 0, 0, 0, 0, 0, 
253, 1, 253, 252, -1, 305, 222, 29.0, 15, MSaaaapa, 5808, 0, 0, 0, , 0, 0, 0, 0, 0, 
254, 1, 254, 253, -1, 279, 242, 29.0, 17, MSaaaapp, 6507, 0, 0, 0, , 0, 0, 0, 0, 0, 
255, 1, 255, 254, -1, 284, 240, 24.0, 17, MSaaapap, 5037, 0, 0, 0, , 0, 0, 0, 0, 0, 
256, 1, 256, 255, -1, 307, 240, 24.0, 19, MSaaapaa, 7583, 0, 0, 0, , 0, 0, 0, 0, 0, 
257, 1, 257, 256, -1, 266, 243, 26.0, 17, MSaaapp, 9973, 0, 0, 0, , 0, 0, 0, 0, 0, 
258, 1, 258, 257, -1, 217, 309, 16.0, 23, MSaappp, 22736, 0, 0, 0, , 0, 0, 0, 0, 0, 
259, 1, 259, 258, -1, 218, 290, 13.0, 15, MSaappa, 6469, 0, 0, 0, , 0, 0, 0, 0, 0, 
260, 1, 260, 259, -1, 268, 268, 19.0, 15, MSaapaaa, 4855, 0, 0, 0, , 0, 0, 0, 0, 0, 
261, 1, 261, 260, -1, 223, 278, 17.0, 17, MSaapapp, 6858, 0, 0, 0, , 0, 0, 0, 0, 0, 
262, 1, 262, 261, -1, 248, 273, 16.0, 15, MSaapapa, 5618, 0, 0, 0, , 0, 0, 0, 0, 0, 
263, 1, 263, 262, -1, 234, 279, 24.0, 19, Ealpa, 10229, 0, 0, 0, , 0, 0, 0, 0, 0, 
264, 1, 264, 263, -1, 193, 287, 23.0, 19, Ealpp, 10328, 0, 0, 0, , 0, 0, 0, 0, 0, 
265, 1, 265, 264, -1, 123, 308, 23.0, 25, Eplp, 49257, 0, 0, 0, , 0, 0, 0, 0, 0, 
266, 1, 266, 265, -1, 142, 336, 20.0, 15, Cappap, 4956, 0, 0, 0, , 0, 0, 0, 0, 0, 
267, 1, 267, 266, -1, 165, 324, 23.0, 15, Cappaa, 5070, 0, 0, 0, , 0, 0, 0, 0, 0, 
268, 1, 268, 267, -1, 133, 322, 17.0, 21, Cappp, 13825, 0, 0, 0, , 0, 0, 0, 0, 0, 
269, 1, 269, 268, -1, 157, 321, 17.0, 17, Capap, 7823, 0, 0, 0, , 0, 0, 0, 0, 0, 
270, 1, 270, 269, -1, 178, 312, 17.0, 23, Capaa, 9906, 0, 0, 0, , 0, 0, 0, 0, 0, 
271, 1, 271, 270, -1, 105, 321, 32.0, 19, Caaapa, 11104, 0, 0, 0, , 0, 0, 0, 0, 0, 
272, 1, 272, 271, -1, 87, 330, 25.0, 19, Caaapp, 15791, 0, 0, 0, , 0, 0, 0, 0, 0, 
273, 1, 273, 272, -1, 89, 342, 16.0, 19, Caappd, 7812, 0, 0, 0, , 0, 0, 0, 0, 0, 
274, 1, 274, 273, -1, 97, 322, 11.0, 16, Caappv, 4212, 0, 0, 0, , 0, 0, 0, 0, 0, 
275, 1, 275, 274, -1, 105, 324, 13.0, 19, Caapa, 9575, 0, 0, 0, , 0, 0, 0, 0, 0, 
276, 1, 276, 275, -1, 73, 305, 16.0, 17, Cpappd, 6976, 0, 0, 0, , 0, 0, 0, 0, 0, 
277, 1, 277, 276, -1, 81, 310, 11.0, 17, Cpappv, 6152, 0, 0, 0, , 0, 0, 0, 0, 0, 
278, 1, 278, 277, -1, 79, 325, 18.0, 19, Cpapaa, 7934, 0, 0, 0, , 0, 0, 0, 0, 0, 
279, 1, 280, 278, -1, 79, 300, 26.0, 21, Cpaapp, 6323, 0, 0, 0, , 0, 0, 0, 0, 0, 
280, 1, 281, 279, -1, 146, 270, 13.0, 15, Cppaap, 5423, 0, 0, 0, , 0, 0, 0, 0, 0, 
281, 1, 282, 280, -1, 164, 239, 17.0, 17, Cppaaa, 6299, 0, 0, 0, , 0, 0, 0, 0, 0, 
282, 1, 283, 281, -1, 135, 250, 17.0, 15, Cppapa, 5253, 0, 0, 0, , 0, 0, 0, 0, 0, 
283, 1, 284, 282, -1, 122, 275, 15.0, 15, Cppapp, 5226, 0, 0, 0, , 0, 0, 0, 0, 0, 
284, 1, 285, 283, -1, 125, 240, 22.0, 17, Cpppaa, 7708, 0, 0, 0, , 0, 0, 0, 0, 0, 
285, 1, 286, 284, -1, 107, 262, 19.0, 17, Cpppap, 6610, 0, 0, 0, , 0, 0, 0, 0, 0, 
286, 1, 287, 285, -1, 209, 316, 19.0, 17, Daap, 8345, 0, 0, 0, , 0, 0, 0, 0, 0, 
287, 1, 288, 286, -1, 228, 320, 23.0, 19, Daaa, 8567, 0, 0, 0, , 0, 0, 0, 0, 0, 
288, 1, 289, 287, -1, 192, 327, 23.0, 19, Dapp, 9140, 0, 0, 0, , 0, 0, 0, 0, 0, 
289, 1, 290, 288, -1, 187, 227, 16.0, 19, Dpap, 7718, 0, 0, 0, , 0, 0, 0, 0, 0, 
290, 1, 291, 289, -1, 187, 203, 20.0, 19, Dpaa, 9103, 0, 0, 0, , 0, 0, 0, 0, 0, 
291, 1, 292, 290, -1, 150, 230, 22.0, 23, Dppp, 22294, 0, 0, 0, , 0, 0, 0, 0, 0, 
292, 1, 293, 291, -1, 169, 217, 19.0, 17, Dppa, 7861, 0, 0, 0, , 0, 0, 0, 0, 0, 
293, 1, 294, 292, -1, 195, 282, 16.0, 19, Z3, 13438, 0, 0, 0, , 0, 0, 0, 0, 0, 
294, 1, 295, 293, -1, 155, 282, 17.0, 21, Z2, 34528, 0, 0, 0, , 0, 0, 0, 0, 0, 
295, 0, 296, -1, -1, 381, 244, 24.0, 15, , 9243, 0, 0, 0, , 0, 0, 0, 0, 0, 
296, 1, 297, 295, -1, 316, 304, 28.0, 17, ABalpppapp, 7332, 0, 0, 0, , 0, 0, 0, 0, 0, 
297, 1, 298, 296, -1, 299, 296, 28.0, 17, ABalpppppa, 7271, 0, 0, 0, , 0, 0, 0, 0, 0, 
298, 1, 299, 297, -1, 278, 311, 28.0, 19, ABalpppppp, 8579, 0, 0, 0, , 0, 0, 0, 0, 0, 
299, 1, 300, 298, -1, 307, 278, 29.0, 17, ABalppppap, 6741, 0, 0, 0, , 0, 0, 0, 0, 0, 
300, 1, 301, 299, -1, 326, 271, 26.0, 15, ABalppppaa, 4979, 0, 0, 0, , 0, 0, 0, 0, 0, 
301, 1, 302, 300, -1, 341, 282, 24.0, 15, ABalpppaaa, 5808, 0, 0, 0, , 0, 0, 0, 0, 0, 
302, 1, 303, 301, -1, 336, 281, 30.0, 17, ABalpppaap, 6637, 0, 0, 0, , 0, 0, 0, 0, 0, 
303, 1, 304, 302, -1, 327, 293, 25.0, 15, ABalpppapa, 5638, 0, 0, 0, , 0, 0, 0, 0, 0, 
304, 1, 305, 303, -1, 360, 256, 22.0, 13, ABalppaaaa, 5301, 0, 0, 0, , 0, 0, 0, 0, 0, 
305, 1, 306, 304, -1, 348, 270, 21.0, 15, ABalppaaap, 6140, 0, 0, 0, , 0, 0, 0, 0, 0, 
306, 1, 307, 305, -1, 328, 291, 20.0, 17, ABalppaapp, 6236, 0, 0, 0, , 0, 0, 0, 0, 0, 
307, 1, 308, 306, -1, 334, 279, 18.0, 15, ABalppaapa, 6383, 0, 0, 0, , 0, 0, 0, 0, 0, 
308, 1, 309, 307, -1, 284, 307, 13.0, 19, ABalppappp, 8069, 0, 0, 0, , 0, 0, 0, 0, 0, 
309, 1, 310, 308, -1, 306, 296, 14.0, 17, ABalppappa, 6496, 0, 0, 0, , 0, 0, 0, 0, 0, 
310, 1, 311, 309, -1, 306, 276, 14.0, 15, ABalppapap, 6953, 0, 0, 0, , 0, 0, 0, 0, 0, 
311, 1, 312, 310, -1, 323, 273, 12.0, 15, ABalppapaa, 6772, 0, 0, 0, , 0, 0, 0, 0, 0, 
312, 1, 313, 311, -1, 300, 286, 11.0, 17, ABalpapapa, 7788, 0, 0, 0, , 0, 0, 0, 0, 0, 
313, 1, 314, 312, -1, 275, 289, 10.0, 17, ABalpapapp, 7780, 0, 0, 0, , 0, 0, 0, 0, 0, 
314, 1, 315, 313, -1, 297, 267, 10.0, 15, ABalpapaap, 6769, 0, 0, 0, , 0, 0, 0, 0, 0, 
315, 1, 316, 314, -1, 311, 254, 10.0, 17, ABalpapaaa, 7321, 0, 0, 0, , 0, 0, 0, 0, 0, 
316, 1, 317, 315, -1, 271, 260, 12.0, 17, ABalpappap, 8383, 0, 0, 0, , 0, 0, 0, 0, 0, 
317, 1, 318, 316, -1, 286, 252, 11.0, 15, ABalpappaa, 6567, 0, 0, 0, , 0, 0, 0, 0, 0, 
318, 1, 319, 317, -1, 255, 278, 13.0, 21, ABalpapppp, 11001, 0, 0, 0, , 0, 0, 0, 0, 0, 
319, 1, 320, 318, -1, 276, 269, 15.0, 17, ABalpapppa, 8865, 0, 0, 0, , 0, 0, 0, 0, 0, 
320, 1, 321, 319, -1, 285, 250, 16.0, 15, ABalpaaapp, 5085, 0, 0, 0, , 0, 0, 0, 0, 0, 
321, 1, 322, 320, -1, 301, 242, 14.0, 15, ABalpaaapa, 6239, 0, 0, 0, , 0, 0, 0, 0, 0, 
322, 1, 323, 321, -1, 311, 236, 10.0, 15, ABalpaaaap, 5366, 0, 0, 0, , 0, 0, 0, 0, 0, 
323, 1, 324, 322, -1, 338, 233, 11.0, 17, ABalpaaaaa, 5947, 0, 0, 0, , 0, 0, 0, 0, 0, 
324, 1, 325, 323, -1, 310, 258, 14.0, 15, ABalpaappp, 7124, 0, 0, 0, , 0, 0, 0, 0, 0, 
325, 1, 326, 324, -1, 336, 254, 12.0, 15, ABalpaappa, 7187, 0, 0, 0, , 0, 0, 0, 0, 0, 
326, 1, 327, 325, -1, 324, 237, 14.0, 19, ABalpaapap, 9640, 0, 0, 0, , 0, 0, 0, 0, 0, 
327, 1, 328, 326, -1, 347, 226, 14.0, 15, ABalpaapaa, 5717, 0, 0, 0, , 0, 0, 0, 0, 0, 
328, 1, 329, 327, -1, 158, 257, 25.0, 21, Epra, 4695, 0, 0, 0, , 0, 0, 0, 0, 0, 
329, 1, 330, 328, -1, 233, 230, 22.0, 17, MSpaapp, 5117, 0, 0, 0, , 0, 0, 0, 0, 0, 
330, 1, 331, 329, -1, 180, 256, 20.0, 15, Earpp, 5310, 0, 0, 0, , 0, 0, 0, 0, 0, 
331, 1, 332, 330, -1, 211, 275, 28.0, 21, Ealap, 24702, 0, 0, 0, , 0, 0, 0, 0, 0, 
332, 1, 333, 331, -1, 253, 259, 27.0, 21, Ealaa, 11388, 0, 0, 0, , 0, 0, 0, 0, 0, 
333, 1, 334, 332, -1, 183, 278, 30.0, 21, Eplaa, 8467, 0, 0, 0, , 0, 0, 0, 0, 0, 
334, 1, 335, 333, -1, 149, 296, 24.0, 21, Eplap, 25033, 0, 0, 0, , 0, 0, 0, 0, 0, 
335, 1, 336, 334, -1, 128, 272, 22.0, 25, Eprp, 46952, 0, 0, 0, , 0, 0, 0, 0, 0, 
336, 1, 337, 335, -1, 190, 322, 28.0, 19, Dapa, 7828, 0, 0, 0, , 0, 0, 0, 0, 0, 
337, 1, 338, 336, -1, 246, 260, 21.0, 17, MSaapaap, 7203, 0, 0, 0, , 0, 0, 0, 0, 0, 
338, 1, 339, 337, -1, 137, 237, 31.0, 15, ABarpppapp, 5649, 0, 0, 0, , 0, 0, 0, 0, 0, 
339, 1, 340, 338, -1, 100, 280, 30.0, 15, Cpaapa, 3328, 0, 0, 0, , 0, 0, 0, 0, 0, 
340, 1, 341, 339, -1, 150, 296, 32.0, 17, Caaaaa, 3178, 0, 0, 0, , 0, 0, 0, 0, 0, 
341, 1, 342, 340, -1, 240, 332, 14.0, 15, ABplppaapa, 5619, 0, 0, 0, , 0, 0, 0, 0, 0, 
342, 1, 343, 341, -1, 66, 301, 22.0, 21, Cpapap, 7883, 0, 0, 0, , 0, 0, 0, 0, 0, 
343, 1, 344, 342, -1, 241, 225, 24.0, 15, Earaa, 6036, 0, 0, 0, , 0, 0, 0, 0, 0, 
344, 1, 345, 343, -1, 350, 241, 19.0, 15, ABalaaaala, 5242, 0, 0, 0, , 0, 0, 0, 0, 0, 
345, 1, 346, 344, -1, 247, 193, 35.0, 15, ABarpappaa, 6001, 0, 0, 0, , 0, 0, 0, 0, 0, 
346, 1, 347, 345, -1, 353, 192, 25.0, 15, ABalappaaa, 3831, 0, 0, 0, , 0, 0, 0, 0, 0, 
347, 1, 348, 346, -1, 97, 277, 18.0, 19, Cppppa, 6565, 0, 0, 0, , 0, 0, 0, 0, 0, 
348, 1, 349, 347, -1, 107, 305, 14.0, 17, Cppppp, 6333, 0, 0, 0, , 0, 0, 0, 0, 0, 
349, 1, 350, 348, -1, 274, 162, 19.0, 17, ABalaapapp, 6396, 0, 0, 0, , 0, 0, 0, 0, 0, 
350, 1, 351, 349, -1, 170, 232, 33.0, 17, ABarpppapa, 1531, 0, 0, 0, , 0, 0, 0, 0, 0, 
351, 1, 352, 350, -1, 211, 245, 20.0, 15, Earpa, 5122, 0, 0, 0, , 0, 0, 0, 0, 0, 
352, 0, -1, -1, -1, 126, 307, 21.0, 23, , 22147, 0, 0, 0, , 0, 0, 0, 0, 0, 
353, 1, 62, 353, -1, 121, 260, 33.0, 17, Cpaaap, 2372, 0, 0, 0, , 0, 0, 0, 0, 0, 
354, 1, 279, 354, -1, 156, 255, 32.0, 17, Cpaaaa, 4427, 0, 0, 0, , 0, 0, 0, 0, 0, 
355, 1, 353, 355, -1, 126, 299, 33.0, 15, Caaaap, 0, 0, 0, 0, , 0, 0, 0, 0, 0, 
