1, 1, 1, 1, -1, 307, 204, 19.0, 17, ABaraappaa, 6908, 0, 0, 0, , 0, 0, 0, 0, 0, 
2, 1, 2, 2, -1, 285, 214, 17.0, 17, ABaraappap, 7859, 0, 0, 0, , 0, 0, 0, 0, 0, 
3, 1, 3, 3, -1, 269, 224, 18.0, 19, ABaraapppa, 10067, 0, 0, 0, , 0, 0, 0, 0, 0, 
4, 1, 4, 4, -1, 248, 223, 19.0, 15, ABaraapppp, 7130, 0, 0, 0, , 0, 0, 0, 0, 0, 
5, 1, 5, 5, -1, 277, 258, 22.0, 17, ABaraapapp, 8358, 0, 0, 0, , 0, 0, 0, 0, 0, 
6, 1, 6, 6, -1, 294, 247, 19.0, 19, ABaraapapa, 10148, 0, 0, 0, , 0, 0, 0, 0, 0, 
7, 1, 7, 7, -1, 328, 224, 18.0, 15, ABaraapaaa, 8317, 0, 0, 0, , 0, 0, 0, 0, 0, 
8, 1, 8, 8, -1, 308, 231, 19.0, 19, ABaraapaap, 9201, 0, 0, 0, , 0, 0, 0, 0, 0, 
9, 1, 9, 9, -1, 299, 192, 11.0, 17, ABaraaappa, 6407, 0, 0, 0, , 0, 0, 0, 0, 0, 
10, 1, 10, 10, -1, 278, 204, 11.0, 15, ABaraaappp, 6003, 0, 0, 0, , 0, 0, 0, 0, 0, 
11, 1, 11, 11, -1, 322, 213, 13.0, 15, ABaraaapaa, 7158, 0, 0, 0, , 0, 0, 0, 0, 0, 
12, 1, 12, 12, -1, 302, 209, 14.0, 15, ABaraaapap, 6274, 0, 0, 0, , 0, 0, 0, 0, 0, 
13, 1, 13, 13, -1, 343, 211, 14.0, 15, ABaraaaaaa, 6041, 0, 0, 0, , 0, 0, 0, 0, 0, 
14, 1, 14, 14, -1, 318, 194, 15.0, 15, ABaraaaaap, 6362, 0, 0, 0, , 0, 0, 0, 0, 0, 
15, 1, 15, 15, -1, 320, 219, 22.0, 15, ABaraaaapp, 6973, 0, 0, 0, , 0, 0, 0, 0, 0, 
16, 1, 16, 16, -1, 333, 203, 18.0, 15, ABaraaaapa, 5153, 0, 0, 0, , 0, 0, 0, 0, 0, 
17, 1, 17, 17, -1, 244, 256, 10.0, 17, ABarapapap, 9808, 0, 0, 0, , 0, 0, 0, 0, 0, 
18, 1, 18, 18, -1, 259, 239, 11.0, 15, ABarapapaa, 8122, 0, 0, 0, , 0, 0, 0, 0, 0, 
19, 1, 19, 19, -1, 223, 260, 13.0, 17, ABarapappp, 9741, 0, 0, 0, , 0, 0, 0, 0, 0, 
20, 1, 20, 20, -1, 247, 238, 13.0, 17, ABarapappa, 7238, 0, 0, 0, , 0, 0, 0, 0, 0, 
21, 1, 21, 21, -1, 276, 239, 10.0, 15, ABarapaaap, 6773, 0, 0, 0, , 0, 0, 0, 0, 0, 
22, 1, 22, 22, -1, 296, 230, 10.0, 15, ABarapaaaa, 8513, 0, 0, 0, , 0, 0, 0, 0, 0, 
23, 1, 23, 23, -1, 286, 219, 12.0, 15, ABarapaapa, 8245, 0, 0, 0, , 0, 0, 0, 0, 0, 
24, 1, 24, 24, -1, 267, 228, 15.0, 17, ABarapaapp, 11118, 0, 0, 0, , 0, 0, 0, 0, 0, 
25, 1, 25, 25, -1, 246, 209, 11.0, 15, ABarapppap, 7199, 0, 0, 0, , 0, 0, 0, 0, 0, 
26, 1, 26, 26, -1, 265, 189, 11.0, 15, ABarapppaa, 8170, 0, 0, 0, , 0, 0, 0, 0, 0, 
27, 1, 27, 27, -1, 234, 198, 13.0, 15, ABarappppa, 6064, 0, 0, 0, , 0, 0, 0, 0, 0, 
28, 1, 28, 28, -1, 215, 193, 12.0, 15, ABarappppp, 7054, 0, 0, 0, , 0, 0, 0, 0, 0, 
29, 1, 29, 29, -1, 262, 217, 10.0, 15, ABarappaaa, 8114, 0, 0, 0, , 0, 0, 0, 0, 0, 
30, 1, 30, 30, -1, 238, 231, 10.0, 15, ABarappaap, 7570, 0, 0, 0, , 0, 0, 0, 0, 0, 
31, 1, 31, 31, -1, 223, 212, 10.0, 15, ABarappapa, 6613, 0, 0, 0, , 0, 0, 0, 0, 0, 
32, 1, 32, 32, -1, 199, 226, 10.0, 17, ABarappapp, 8368, 0, 0, 0, , 0, 0, 0, 0, 0, 
33, 1, 33, 33, -1, 214, 191, 33.0, 17, ABarpapppa, 5985, 0, 0, 0, , 0, 0, 0, 0, 0, 
34, 1, 34, 34, -1, 196, 194, 33.0, 19, ABarpapppp, 6859, 0, 0, 0, , 0, 0, 0, 0, 0, 
35, 1, 35, 35, -1, 234, 193, 33.0, 15, ABarpappap, 3915, 0, 0, 0, , 0, 0, 0, 0, 0, 
36, 1, 36, 36, -1, 296, 188, 35.0, 15, ABarpapaaa, 6326, 0, 0, 0, , 0, 0, 0, 0, 0, 
37, 1, 37, 37, -1, 274, 186, 34.0, 17, ABarpapaap, 7422, 0, 0, 0, , 0, 0, 0, 0, 0, 
38, 1, 38, 38, -1, 249, 211, 33.0, 15, ABarpapapp, 6158, 0, 0, 0, , 0, 0, 0, 0, 0, 
39, 1, 39, 39, -1, 271, 205, 33.0, 15, ABarpapapa, 5064, 0, 0, 0, , 0, 0, 0, 0, 0, 
40, 1, 40, 40, -1, 196, 270, 34.0, 17, ABarpaappp, 3282, 0, 0, 0, , 0, 0, 0, 0, 0, 
41, 1, 41, 41, -1, 257, 228, 34.0, 15, ABarpaapaa, 5584, 0, 0, 0, , 0, 0, 0, 0, 0, 
42, 1, 42, 42, -1, 236, 230, 33.0, 17, ABarpaapap, 6290, 0, 0, 0, , 0, 0, 0, 0, 0, 
43, 1, 43, 43, -1, 325, 204, 33.0, 17, ABarpaaaaa, 6684, 0, 0, 0, , 0, 0, 0, 0, 0, 
44, 1, 44, 44, -1, 309, 220, 35.0, 17, ABarpaaaap, 5637, 0, 0, 0, , 0, 0, 0, 0, 0, 
45, 1, 45, 45, -1, 273, 224, 35.0, 15, ABarpaaapp, 4680, 0, 0, 0, , 0, 0, 0, 0, 0, 
46, 1, 46, 46, -1, 294, 212, 33.0, 15, ABarpaaapa, 5450, 0, 0, 0, , 0, 0, 0, 0, 0, 
47, 1, 47, 47, -1, 212, 303, 33.0, 15, ABarppaaap, 5846, 0, 0, 0, , 0, 0, 0, 0, 0, 
48, 1, 48, 48, -1, 222, 280, 35.0, 15, ABarppaaaa, 5115, 0, 0, 0, , 0, 0, 0, 0, 0, 
49, 1, 49, 49, -1, 162, 323, 34.0, 15, ABarppaapp, 5003, 0, 0, 0, , 0, 0, 0, 0, 0, 
50, 1, 50, 50, -1, 144, 333, 32.0, 15, ABarppappa, 5521, 0, 0, 0, , 0, 0, 0, 0, 0, 
51, 1, 51, 51, -1, 115, 344, 25.0, 17, ABarppappp, 6042, 0, 0, 0, , 0, 0, 0, 0, 0, 
52, 1, 52, 52, -1, 176, 344, 32.0, 15, ABarppapap, 5685, 0, 0, 0, , 0, 0, 0, 0, 0, 
53, 1, 53, 53, -1, 198, 331, 34.0, 17, ABarppapaa, 4412, 0, 0, 0, , 0, 0, 0, 0, 0, 
54, 1, 54, 54, -1, 85, 269, 25.0, 19, ABarpppppp, 6692, 0, 0, 0, , 0, 0, 0, 0, 0, 
55, 1, 55, 55, -1, 107, 243, 30.0, 17, ABarpppppa, 6278, 0, 0, 0, , 0, 0, 0, 0, 0, 
56, 1, 56, 56, -1, 153, 207, 29.0, 15, ABarppppaa, 6018, 0, 0, 0, , 0, 0, 0, 0, 0, 
57, 1, 57, 57, -1, 125, 219, 27.0, 17, ABarppppap, 6196, 0, 0, 0, , 0, 0, 0, 0, 0, 
58, 1, 58, 58, -1, 174, 205, 33.0, 17, ABarpppaap, 6045, 0, 0, 0, , 0, 0, 0, 0, 0, 
59, 1, 59, 59, -1, 196, 212, 35.0, 15, ABarpppaaa, 5091, 0, 0, 0, , 0, 0, 0, 0, 0, 
60, 1, 60, 60, -1, 280, 183, 29.0, 17, ABalappppa, 5205, 0, 0, 0, , 0, 0, 0, 0, 0, 
61, 1, 61, 61, -1, 252, 185, 31.0, 15, ABalappppp, 4006, 0, 0, 0, , 0, 0, 0, 0, 0, 
62, 1, 62, 62, -1, 324, 194, 28.0, 15, ABalapppaa, 6162, 0, 0, 0, , 0, 0, 0, 0, 0, 
63, 1, 63, 63, -1, 301, 190, 29.0, 17, ABalapppap, 5979, 0, 0, 0, , 0, 0, 0, 0, 0, 
64, 1, 64, 64, -1, 334, 177, 26.0, 15, ABalappapa, 5605, 0, 0, 0, , 0, 0, 0, 0, 0, 
65, 1, 65, 65, -1, 340, 204, 26.0, 15, ABalappaap, 4937, 0, 0, 0, , 0, 0, 0, 0, 0, 
66, 1, 66, 66, -1, 319, 176, 27.0, 17, ABalappapp, 5369, 0, 0, 0, , 0, 0, 0, 0, 0, 
67, 1, 67, 67, -1, 297, 262, 31.0, 17, ABalapappp, 4708, 0, 0, 0, , 0, 0, 0, 0, 0, 
68, 1, 68, 68, -1, 330, 258, 30.0, 17, ABalapappa, 7665, 0, 0, 0, , 0, 0, 0, 0, 0, 
69, 1, 69, 69, -1, 337, 215, 29.0, 13, ABalapapaa, 4433, 0, 0, 0, , 0, 0, 0, 0, 0, 
70, 1, 70, 70, -1, 329, 230, 31.0, 17, ABalapapap, 5679, 0, 0, 0, , 0, 0, 0, 0, 0, 
71, 1, 71, 71, -1, 357, 225, 25.0, 15, ABalapaaaa, 7121, 0, 0, 0, , 0, 0, 0, 0, 0, 
72, 1, 72, 72, -1, 345, 236, 26.0, 17, ABalapaaap, 6816, 0, 0, 0, , 0, 0, 0, 0, 0, 
73, 1, 73, 73, -1, 348, 252, 24.0, 17, ABalapaapa, 6450, 0, 0, 0, , 0, 0, 0, 0, 0, 
74, 1, 74, 74, -1, 337, 260, 26.0, 17, ABalapaapp, 8097, 0, 0, 0, , 0, 0, 0, 0, 0, 
75, 1, 75, 75, -1, 314, 176, 15.0, 15, ABalaapaaa, 5732, 0, 0, 0, , 0, 0, 0, 0, 0, 
76, 1, 76, 76, -1, 276, 176, 13.0, 15, ABalaapapa, 4947, 0, 0, 0, , 0, 0, 0, 0, 0, 
77, 1, 77, 77, -1, 296, 175, 14.0, 15, ABalaapaap, 5971, 0, 0, 0, , 0, 0, 0, 0, 0, 
78, 1, 78, 78, -1, 291, 177, 20.0, 15, ABalaappap, 5971, 0, 0, 0, , 0, 0, 0, 0, 0, 
79, 1, 79, 79, -1, 305, 166, 19.0, 13, ABalaappaa, 4073, 0, 0, 0, , 0, 0, 0, 0, 0, 
80, 1, 80, 80, -1, 294, 173, 25.0, 17, ABalaapppp, 3993, 0, 0, 0, , 0, 0, 0, 0, 0, 
81, 1, 81, 81, -1, 313, 173, 23.0, 17, ABalaapppa, 5992, 0, 0, 0, , 0, 0, 0, 0, 0, 
82, 1, 82, 82, -1, 343, 261, 16.0, 17, ABalaaaalp, 6028, 0, 0, 0, , 0, 0, 0, 0, 0, 
83, 1, 83, 83, -1, 336, 186, 16.0, 15, ABalaaaarr, 6305, 0, 0, 0, , 0, 0, 0, 0, 0, 
84, 1, 84, 84, -1, 354, 213, 17.0, 15, ABalaaaarl, 5879, 0, 0, 0, , 0, 0, 0, 0, 0, 
85, 1, 85, 85, -1, 338, 182, 21.0, 15, ABalaaappl, 6194, 0, 0, 0, , 0, 0, 0, 0, 0, 
86, 1, 86, 86, -1, 322, 173, 20.0, 15, ABalaaappr, 6547, 0, 0, 0, , 0, 0, 0, 0, 0, 
87, 1, 87, 87, -1, 353, 201, 22.0, 17, ABalaaapar, 6055, 0, 0, 0, , 0, 0, 0, 0, 0, 
88, 1, 88, 88, -1, 356, 225, 21.0, 19, ABalaaapal, 5591, 0, 0, 0, , 0, 0, 0, 0, 0, 
89, 1, 89, 89, -1, 171, 331, 12.0, 17, ABplppppap, 7452, 0, 0, 0, , 0, 0, 0, 0, 0, 
90, 1, 90, 90, -1, 191, 321, 11.0, 15, ABplppppaa, 7773, 0, 0, 0, , 0, 0, 0, 0, 0, 
91, 1, 91, 91, -1, 136, 315, 11.0, 15, ABplpppppp, 6435, 0, 0, 0, , 0, 0, 0, 0, 0, 
92, 1, 92, 92, -1, 156, 313, 11.0, 15, ABplpppppa, 7769, 0, 0, 0, , 0, 0, 0, 0, 0, 
93, 1, 93, 93, -1, 137, 337, 11.0, 13, ABplpppapp, 4804, 0, 0, 0, , 0, 0, 0, 0, 0, 
94, 1, 94, 94, -1, 151, 342, 13.0, 17, ABplpppapa, 6438, 0, 0, 0, , 0, 0, 0, 0, 0, 
95, 1, 95, 95, -1, 174, 347, 15.0, 17, ABplpppaap, 7154, 0, 0, 0, , 0, 0, 0, 0, 0, 
96, 1, 96, 96, -1, 190, 334, 14.0, 15, ABplpppaaa, 6138, 0, 0, 0, , 0, 0, 0, 0, 0, 
97, 1, 97, 97, -1, 193, 345, 18.0, 15, ABplppappp, 6275, 0, 0, 0, , 0, 0, 0, 0, 0, 
98, 1, 98, 98, -1, 212, 343, 17.0, 15, ABplppappa, 6521, 0, 0, 0, , 0, 0, 0, 0, 0, 
99, 1, 99, 99, -1, 249, 328, 16.0, 15, ABplppapaa, 6153, 0, 0, 0, , 0, 0, 0, 0, 0, 
100, 1, 100, 100, -1, 232, 340, 17.0, 15, ABplppapap, 8040, 0, 0, 0, , 0, 0, 0, 0, 0, 
101, 1, 101, 101, -1, 209, 337, 13.0, 17, ABplppaapp, 6956, 0, 0, 0, , 0, 0, 0, 0, 0, 
102, 1, 102, 102, -1, 263, 321, 19.0, 13, ABplppaaaa, 5870, 0, 0, 0, , 0, 0, 0, 0, 0, 
103, 1, 103, 103, -1, 263, 336, 19.0, 13, ABplppaaap, 5160, 0, 0, 0, , 0, 0, 0, 0, 0, 
104, 1, 104, 104, -1, 232, 284, 10.0, 23, ABplpappaa, 47027, 0, 0, 0, , 0, 0, 0, 0, 0, 
105, 1, 105, 105, -1, 209, 287, 10.0, 13, ABplpappap, 5931, 0, 0, 0, , 0, 0, 0, 0, 0, 
106, 1, 106, 106, -1, 171, 303, 10.0, 17, ABplpapppp, 7384, 0, 0, 0, , 0, 0, 0, 0, 0, 
107, 1, 107, 107, -1, 193, 300, 9.0, 17, ABplpapppa, 7781, 0, 0, 0, , 0, 0, 0, 0, 0, 
108, 1, 108, 108, -1, 213, 317, 11.0, 15, ABplpapapp, 6904, 0, 0, 0, , 0, 0, 0, 0, 0, 
109, 1, 109, 109, -1, 234, 313, 12.0, 17, ABplpapapa, 7709, 0, 0, 0, , 0, 0, 0, 0, 0, 
110, 1, 110, 110, -1, 243, 309, 15.0, 17, ABplpapaap, 6683, 0, 0, 0, , 0, 0, 0, 0, 0, 
111, 1, 111, 111, -1, 259, 305, 14.0, 15, ABplpapaaa, 7013, 0, 0, 0, , 0, 0, 0, 0, 0, 
112, 1, 112, 112, -1, 281, 307, 18.0, 17, ABplpaaaap, 8420, 0, 0, 0, , 0, 0, 0, 0, 0, 
113, 1, 113, 113, -1, 300, 296, 18.0, 15, ABplpaaaaa, 8952, 0, 0, 0, , 0, 0, 0, 0, 0, 
114, 1, 114, 114, -1, 301, 316, 19.0, 15, ABplpaaapa, 6828, 0, 0, 0, , 0, 0, 0, 0, 0, 
115, 1, 115, 115, -1, 283, 321, 21.0, 17, ABplpaaapp, 8410, 0, 0, 0, , 0, 0, 0, 0, 0, 
116, 1, 116, 116, -1, 276, 324, 26.0, 17, ABplpaappa, 7488, 0, 0, 0, , 0, 0, 0, 0, 0, 
117, 1, 117, 117, -1, 263, 337, 23.0, 17, ABplpaappp, 7170, 0, 0, 0, , 0, 0, 0, 0, 0, 
118, 1, 118, 118, -1, 309, 300, 22.0, 17, ABplpaapaa, 6566, 0, 0, 0, , 0, 0, 0, 0, 0, 
119, 1, 119, 119, -1, 293, 317, 25.0, 17, ABplpaapap, 7859, 0, 0, 0, , 0, 0, 0, 0, 0, 
120, 1, 120, 120, -1, 261, 314, 33.0, 19, ABplaappap, 7197, 0, 0, 0, , 0, 0, 0, 0, 0, 
121, 1, 121, 121, -1, 291, 308, 33.0, 15, ABplaappaa, 5937, 0, 0, 0, , 0, 0, 0, 0, 0, 
122, 1, 122, 122, -1, 252, 333, 28.0, 17, ABplaapppa, 6535, 0, 0, 0, , 0, 0, 0, 0, 0, 
123, 1, 123, 123, -1, 232, 346, 26.0, 19, ABplaapppp, 9164, 0, 0, 0, , 0, 0, 0, 0, 0, 
124, 1, 124, 124, -1, 332, 269, 33.0, 15, ABplaapaaa, 6881, 0, 0, 0, , 0, 0, 0, 0, 0, 
125, 1, 125, 125, -1, 309, 272, 34.0, 19, ABplaapaap, 8013, 0, 0, 0, , 0, 0, 0, 0, 0, 
126, 1, 126, 126, -1, 281, 284, 33.0, 17, ABplaapapp, 9716, 0, 0, 0, , 0, 0, 0, 0, 0, 
127, 1, 127, 127, -1, 307, 293, 33.0, 15, ABplaapapa, 6027, 0, 0, 0, , 0, 0, 0, 0, 0, 
128, 1, 128, 128, -1, 309, 244, 34.0, 15, ABplaaaaap, 5900, 0, 0, 0, , 0, 0, 0, 0, 0, 
129, 1, 129, 129, -1, 329, 240, 35.0, 15, ABplaaaaaa, 7203, 0, 0, 0, , 0, 0, 0, 0, 0, 
130, 1, 130, 130, -1, 270, 247, 33.0, 15, ABplaaaapp, 6005, 0, 0, 0, , 0, 0, 0, 0, 0, 
131, 1, 131, 131, -1, 292, 233, 34.0, 15, ABplaaaapa, 5365, 0, 0, 0, , 0, 0, 0, 0, 0, 
132, 1, 132, 132, -1, 237, 293, 35.0, 15, ABplaaappp, 3764, 0, 0, 0, , 0, 0, 0, 0, 0, 
133, 1, 133, 133, -1, 253, 274, 34.0, 15, ABplaaappa, 5858, 0, 0, 0, , 0, 0, 0, 0, 0, 
134, 1, 134, 134, -1, 271, 268, 33.0, 15, ABplaaapap, 5061, 0, 0, 0, , 0, 0, 0, 0, 0, 
135, 1, 135, 135, -1, 290, 261, 35.0, 13, ABplaaapaa, 8479, 0, 0, 0, , 0, 0, 0, 0, 0, 
136, 1, 136, 136, -1, 133, 360, 16.0, 17, ABplappppa, 6305, 0, 0, 0, , 0, 0, 0, 0, 0, 
137, 1, 137, 137, -1, 115, 344, 14.0, 15, ABplappppp, 6548, 0, 0, 0, , 0, 0, 0, 0, 0, 
138, 1, 138, 138, -1, 174, 349, 20.0, 15, ABplapppaa, 6369, 0, 0, 0, , 0, 0, 0, 0, 0, 
139, 1, 139, 139, -1, 154, 355, 17.0, 15, ABplapppap, 6531, 0, 0, 0, , 0, 0, 0, 0, 0, 
140, 1, 140, 140, -1, 212, 353, 24.0, 17, ABplappaaa, 7547, 0, 0, 0, , 0, 0, 0, 0, 0, 
141, 1, 141, 141, -1, 187, 358, 24.0, 17, ABplappaap, 8068, 0, 0, 0, , 0, 0, 0, 0, 0, 
142, 1, 142, 142, -1, 159, 358, 24.0, 17, ABplappapp, 7890, 0, 0, 0, , 0, 0, 0, 0, 0, 
143, 1, 143, 143, -1, 168, 353, 28.0, 17, ABplappapa, 6594, 0, 0, 0, , 0, 0, 0, 0, 0, 
144, 1, 144, 144, -1, 198, 351, 29.0, 17, ABplapaapp, 6933, 0, 0, 0, , 0, 0, 0, 0, 0, 
145, 1, 145, 145, -1, 217, 337, 31.0, 15, ABplapaapa, 6001, 0, 0, 0, , 0, 0, 0, 0, 0, 
146, 1, 146, 146, -1, 240, 305, 31.0, 15, ABplapaaaa, 6656, 0, 0, 0, , 0, 0, 0, 0, 0, 
147, 1, 147, 147, -1, 226, 318, 31.0, 15, ABplapaaap, 5855, 0, 0, 0, , 0, 0, 0, 0, 0, 
148, 1, 148, 148, -1, 109, 355, 19.0, 15, ABplapappp, 6607, 0, 0, 0, , 0, 0, 0, 0, 0, 
149, 1, 149, 149, -1, 134, 360, 25.0, 17, ABplapapap, 8049, 0, 0, 0, , 0, 0, 0, 0, 0, 
150, 1, 150, 150, -1, 121, 364, 21.0, 17, ABplapappa, 7260, 0, 0, 0, , 0, 0, 0, 0, 0, 
151, 1, 151, 151, -1, 138, 351, 29.0, 17, ABplapapaa, 6657, 0, 0, 0, , 0, 0, 0, 0, 0, 
152, 1, 152, 152, -1, 207, 212, 13.0, 15, ABprpapaaa, 6920, 0, 0, 0, , 0, 0, 0, 0, 0, 
153, 1, 153, 153, -1, 190, 211, 12.0, 15, ABprpapaap, 6295, 0, 0, 0, , 0, 0, 0, 0, 0, 
154, 1, 154, 154, -1, 166, 247, 10.0, 15, ABprpapapp, 5240, 0, 0, 0, , 0, 0, 0, 0, 0, 
155, 1, 155, 155, -1, 186, 238, 11.0, 17, ABprpapapa, 6845, 0, 0, 0, , 0, 0, 0, 0, 0, 
156, 1, 156, 156, -1, 150, 284, 10.0, 15, ABprpapppp, 7085, 0, 0, 0, , 0, 0, 0, 0, 0, 
157, 1, 157, 157, -1, 180, 270, 10.0, 17, ABprpapppa, 7486, 0, 0, 0, , 0, 0, 0, 0, 0, 
158, 1, 158, 158, -1, 200, 262, 10.0, 19, ABprpappap, 8364, 0, 0, 0, , 0, 0, 0, 0, 0, 
159, 1, 159, 159, -1, 216, 243, 10.0, 17, ABprpappaa, 7623, 0, 0, 0, , 0, 0, 0, 0, 0, 
160, 1, 160, 160, -1, 254, 183, 14.0, 15, ABprpaaaaa, 6495, 0, 0, 0, , 0, 0, 0, 0, 0, 
161, 1, 161, 161, -1, 235, 180, 12.0, 15, ABprpaaaap, 6414, 0, 0, 0, , 0, 0, 0, 0, 0, 
162, 1, 162, 162, -1, 209, 177, 15.0, 15, ABprpaaapp, 6833, 0, 0, 0, , 0, 0, 0, 0, 0, 
163, 1, 163, 163, -1, 228, 173, 15.0, 17, ABprpaaapa, 7697, 0, 0, 0, , 0, 0, 0, 0, 0, 
164, 1, 164, 164, -1, 246, 168, 17.0, 15, ABprpaapaa, 5897, 0, 0, 0, , 0, 0, 0, 0, 0, 
165, 1, 165, 165, -1, 220, 168, 18.0, 17, ABprpaapap, 8096, 0, 0, 0, , 0, 0, 0, 0, 0, 
166, 1, 166, 166, -1, 190, 176, 17.0, 15, ABprpaappp, 6954, 0, 0, 0, , 0, 0, 0, 0, 0, 
167, 1, 167, 167, -1, 205, 177, 20.0, 15, ABprpaappa, 7302, 0, 0, 0, , 0, 0, 0, 0, 0, 
168, 1, 168, 168, -1, 113, 250, 11.0, 15, ABprpppaap, 5607, 0, 0, 0, , 0, 0, 0, 0, 0, 
169, 1, 169, 169, -1, 133, 236, 11.0, 15, ABprpppaaa, 7006, 0, 0, 0, , 0, 0, 0, 0, 0, 
170, 1, 170, 170, -1, 105, 272, 10.0, 15, ABprpppapa, 6574, 0, 0, 0, , 0, 0, 0, 0, 0, 
171, 1, 171, 171, -1, 104, 291, 10.0, 13, ABprpppapp, 5506, 0, 0, 0, , 0, 0, 0, 0, 0, 
172, 1, 172, 172, -1, 134, 261, 11.0, 17, ABprppppap, 6906, 0, 0, 0, , 0, 0, 0, 0, 0, 
173, 1, 173, 173, -1, 150, 253, 11.0, 15, ABprppppaa, 6738, 0, 0, 0, , 0, 0, 0, 0, 0, 
174, 1, 174, 174, -1, 130, 299, 12.0, 15, ABprpppppp, 6064, 0, 0, 0, , 0, 0, 0, 0, 0, 
175, 1, 175, 175, -1, 127, 283, 11.0, 17, ABprpppppa, 8041, 0, 0, 0, , 0, 0, 0, 0, 0, 
176, 1, 176, 176, -1, 168, 227, 12.0, 15, ABprppaapa, 6627, 0, 0, 0, , 0, 0, 0, 0, 0, 
177, 1, 177, 177, -1, 151, 230, 10.0, 15, ABprppaapp, 5746, 0, 0, 0, , 0, 0, 0, 0, 0, 
178, 1, 178, 178, -1, 197, 187, 12.0, 17, ABprppaaaa, 6552, 0, 0, 0, , 0, 0, 0, 0, 0, 
179, 1, 179, 179, -1, 179, 184, 13.0, 13, ABprppaaap, 4641, 0, 0, 0, , 0, 0, 0, 0, 0, 
180, 1, 180, 180, -1, 176, 201, 12.0, 15, ABprppapaa, 5879, 0, 0, 0, , 0, 0, 0, 0, 0, 
181, 1, 181, 181, -1, 156, 205, 12.0, 15, ABprppapap, 7115, 0, 0, 0, , 0, 0, 0, 0, 0, 
182, 1, 182, 182, -1, 124, 225, 13.0, 17, ABprppappp, 6689, 0, 0, 0, , 0, 0, 0, 0, 0, 
183, 1, 183, 183, -1, 140, 214, 12.0, 15, ABprppappa, 5626, 0, 0, 0, , 0, 0, 0, 0, 0, 
184, 1, 184, 184, -1, 297, 170, 31.0, 15, ABpraapaaa, 7598, 0, 0, 0, , 0, 0, 0, 0, 0, 
185, 1, 185, 185, -1, 266, 169, 30.0, 17, ABpraapaap, 9114, 0, 0, 0, , 0, 0, 0, 0, 0, 
186, 1, 186, 186, -1, 240, 168, 30.0, 17, ABpraapapa, 7106, 0, 0, 0, , 0, 0, 0, 0, 0, 
187, 1, 187, 187, -1, 219, 177, 30.0, 17, ABpraapapp, 8250, 0, 0, 0, , 0, 0, 0, 0, 0, 
188, 1, 188, 188, -1, 152, 194, 18.0, 17, ABpraapppp, 7103, 0, 0, 0, , 0, 0, 0, 0, 0, 
189, 1, 189, 189, -1, 175, 184, 21.0, 17, ABpraapppa, 7813, 0, 0, 0, , 0, 0, 0, 0, 0, 
190, 1, 190, 190, -1, 189, 176, 25.0, 19, ABpraappap, 8228, 0, 0, 0, , 0, 0, 0, 0, 0, 
191, 1, 191, 191, -1, 212, 164, 24.0, 15, ABpraappaa, 5664, 0, 0, 0, , 0, 0, 0, 0, 0, 
192, 1, 192, 192, -1, 261, 164, 26.0, 15, ABpraaapap, 5093, 0, 0, 0, , 0, 0, 0, 0, 0, 
193, 1, 193, 193, -1, 277, 170, 25.0, 15, ABpraaapaa, 5025, 0, 0, 0, , 0, 0, 0, 0, 0, 
194, 1, 194, 194, -1, 244, 171, 26.0, 15, ABpraaappa, 6821, 0, 0, 0, , 0, 0, 0, 0, 0, 
195, 1, 195, 195, -1, 221, 178, 25.0, 17, ABpraaappp, 8430, 0, 0, 0, , 0, 0, 0, 0, 0, 
196, 1, 196, 196, -1, 269, 158, 23.0, 17, ABpraaaaap, 6189, 0, 0, 0, , 0, 0, 0, 0, 0, 
197, 1, 197, 197, -1, 285, 160, 21.0, 15, ABpraaaaaa, 6139, 0, 0, 0, , 0, 0, 0, 0, 0, 
198, 1, 198, 198, -1, 258, 160, 20.0, 15, ABpraaaapa, 5489, 0, 0, 0, , 0, 0, 0, 0, 0, 
199, 1, 199, 199, -1, 237, 160, 23.0, 15, ABpraaaapp, 6886, 0, 0, 0, , 0, 0, 0, 0, 0, 
200, 1, 200, 200, -1, 97, 234, 20.0, 17, ABprappapp, 6766, 0, 0, 0, , 0, 0, 0, 0, 0, 
201, 1, 201, 201, -1, 113, 221, 23.0, 15, ABprappapa, 7034, 0, 0, 0, , 0, 0, 0, 0, 0, 
202, 1, 202, 202, -1, 119, 221, 18.0, 17, ABprappaap, 7206, 0, 0, 0, , 0, 0, 0, 0, 0, 
203, 1, 203, 203, -1, 135, 206, 17.0, 17, ABprappaaa, 7386, 0, 0, 0, , 0, 0, 0, 0, 0, 
204, 1, 204, 204, -1, 103, 234, 14.0, 15, ABprapppaa, 5731, 0, 0, 0, , 0, 0, 0, 0, 0, 
205, 1, 205, 205, -1, 95, 253, 14.0, 15, ABprapppap, 6039, 0, 0, 0, , 0, 0, 0, 0, 0, 
206, 1, 206, 206, -1, 82, 284, 12.0, 15, ABprappppp, 6429, 0, 0, 0, , 0, 0, 0, 0, 0, 
207, 1, 207, 207, -1, 83, 263, 13.0, 15, ABprappppa, 6377, 0, 0, 0, , 0, 0, 0, 0, 0, 
208, 1, 208, 208, -1, 172, 202, 26.0, 17, ABprapaaap, 6097, 0, 0, 0, , 0, 0, 0, 0, 0, 
209, 1, 209, 209, -1, 187, 196, 29.0, 15, ABprapaaaa, 6826, 0, 0, 0, , 0, 0, 0, 0, 0, 
210, 1, 210, 210, -1, 140, 203, 22.0, 15, ABprapaapp, 7107, 0, 0, 0, , 0, 0, 0, 0, 0, 
211, 1, 211, 211, -1, 157, 195, 24.0, 15, ABprapaapa, 5361, 0, 0, 0, , 0, 0, 0, 0, 0, 
212, 1, 212, 212, -1, 72, 254, 18.0, 17, ABprapappa, 6971, 0, 0, 0, , 0, 0, 0, 0, 0, 
213, 1, 213, 213, -1, 68, 276, 16.0, 15, ABprapappp, 6574, 0, 0, 0, , 0, 0, 0, 0, 0, 
214, 1, 214, 214, -1, 80, 252, 23.0, 15, ABprapapap, 6972, 0, 0, 0, , 0, 0, 0, 0, 0, 
215, 1, 215, 215, -1, 94, 240, 26.0, 17, ABprapapaa, 6812, 0, 0, 0, , 0, 0, 0, 0, 0, 
216, 1, 216, 216, -1, 221, 197, 21.0, 17, MSppppa, 8062, 0, 0, 0, , 0, 0, 0, 0, 0, 
217, 1, 217, 217, -1, 198, 213, 25.0, 17, MSppppp, 7743, 0, 0, 0, , 0, 0, 0, 0, 0, 
218, 1, 218, 218, -1, 228, 217, 17.0, 17, MSpppaa, 12268, 0, 0, 0, , 0, 0, 0, 0, 0, 
219, 1, 219, 219, -1, 205, 213, 16.0, 17, MSpppap, 9360, 0, 0, 0, , 0, 0, 0, 0, 0, 
220, 1, 220, 220, -1, 249, 198, 17.0, 19, MSppaap, 7662, 0, 0, 0, , 0, 0, 0, 0, 0, 
221, 1, 221, 221, -1, 286, 186, 16.0, 15, MSppaaaa, 4357, 0, 0, 0, , 0, 0, 0, 0, 0, 
222, 1, 222, 222, -1, 271, 190, 19.0, 15, MSppaaap, 5617, 0, 0, 0, , 0, 0, 0, 0, 0, 
223, 1, 223, 223, -1, 244, 191, 25.0, 17, MSppappa, 12696, 0, 0, 0, , 0, 0, 0, 0, 0, 
224, 1, 224, 224, -1, 257, 179, 20.0, 13, MSppapaa, 4770, 0, 0, 0, , 0, 0, 0, 0, 0, 
225, 1, 225, 225, -1, 240, 193, 21.0, 15, MSppapap, 6910, 0, 0, 0, , 0, 0, 0, 0, 0, 
226, 1, 226, 226, -1, 203, 262, 15.0, 17, MSpapapp, 6419, 0, 0, 0, , 0, 0, 0, 0, 0, 
227, 1, 227, 227, -1, 218, 242, 15.0, 15, MSpapapa, 6173, 0, 0, 0, , 0, 0, 0, 0, 0, 
228, 1, 228, 228, -1, 254, 247, 17.0, 17, MSpapaaa, 6658, 0, 0, 0, , 0, 0, 0, 0, 0, 
229, 1, 229, 229, -1, 233, 244, 20.0, 19, MSpapaap, 8741, 0, 0, 0, , 0, 0, 0, 0, 0, 
230, 1, 230, 230, -1, 187, 289, 13.0, 19, MSpappa, 8095, 0, 0, 0, , 0, 0, 0, 0, 0, 
231, 1, 231, 231, -1, 175, 259, 15.0, 21, MSpappp, 14470, 0, 0, 0, , 0, 0, 0, 0, 0, 
232, 1, 232, 232, -1, 268, 219, 28.0, 19, MSpaaapp, 24580, 0, 0, 0, , 0, 0, 0, 0, 0, 
233, 1, 233, 233, -1, 290, 207, 27.0, 15, MSpaaapa, 6493, 0, 0, 0, , 0, 0, 0, 0, 0, 
234, 1, 234, 234, -1, 303, 206, 23.0, 17, MSpaaaap, 7952, 0, 0, 0, , 0, 0, 0, 0, 0, 
235, 1, 235, 235, -1, 322, 192, 21.0, 15, MSpaaaaa, 4649, 0, 0, 0, , 0, 0, 0, 0, 0, 
236, 1, 236, 236, -1, 261, 213, 22.0, 19, MSpaapap, 7519, 0, 0, 0, , 0, 0, 0, 0, 0, 
237, 1, 237, 237, -1, 282, 201, 22.0, 15, MSpaapaa, 5868, 0, 0, 0, , 0, 0, 0, 0, 0, 
238, 1, 238, 238, -1, 207, 238, 26.0, 17, Earap, 10655, 0, 0, 0, , 0, 0, 0, 0, 0, 
239, 1, 239, 239, -1, 263, 301, 24.0, 19, MSapppa, 8584, 0, 0, 0, , 0, 0, 0, 0, 0, 
240, 1, 240, 240, -1, 222, 299, 29.0, 19, MSapppp, 19542, 0, 0, 0, , 0, 0, 0, 0, 0, 
241, 1, 241, 241, -1, 254, 288, 21.0, 17, MSappaa, 8825, 0, 0, 0, , 0, 0, 0, 0, 0, 
242, 1, 242, 242, -1, 243, 306, 20.0, 19, MSappap, 7230, 0, 0, 0, , 0, 0, 0, 0, 0, 
243, 1, 243, 243, -1, 287, 269, 27.0, 15, MSapappa, 6267, 0, 0, 0, , 0, 0, 0, 0, 0, 
244, 1, 244, 244, -1, 253, 284, 29.0, 15, MSapappp, 5694, 0, 0, 0, , 0, 0, 0, 0, 0, 
245, 1, 245, 245, -1, 281, 284, 24.0, 15, MSapapap, 5624, 0, 0, 0, , 0, 0, 0, 0, 0, 
246, 1, 246, 246, -1, 310, 271, 23.0, 19, MSapapaa, 6002, 0, 0, 0, , 0, 0, 0, 0, 0, 
247, 1, 247, 247, -1, 292, 278, 20.0, 19, MSapaap, 8160, 0, 0, 0, , 0, 0, 0, 0, 0, 
248, 1, 248, 248, -1, 337, 252, 20.0, 15, MSapaaaa, 5399, 0, 0, 0, , 0, 0, 0, 0, 0, 
249, 1, 249, 249, -1, 318, 260, 21.0, 15, MSapaaap, 5660, 0, 0, 0, , 0, 0, 0, 0, 0, 
250, 1, 250, 250, -1, 321, 220, 27.0, 19, MSaaaaap, 7240, 0, 0, 0, , 0, 0, 0, 0, 0, 
251, 1, 251, 251, -1, 340, 214, 22.0, 15, MSaaaaaa, 5352, 0, 0, 0, , 0, 0, 0, 0, 0, 
252, 1, 252, 252, -1, 305, 225, 30.0, 17, MSaaaapa, 6548, 0, 0, 0, , 0, 0, 0, 0, 0, 
253, 1, 253, 253, -1, 286, 239, 29.0, 17, MSaaaapp, 7254, 0, 0, 0, , 0, 0, 0, 0, 0, 
254, 1, 254, 254, -1, 287, 243, 25.0, 17, MSaaapap, 7195, 0, 0, 0, , 0, 0, 0, 0, 0, 
255, 1, 255, 255, -1, 307, 238, 24.0, 17, MSaaapaa, 8075, 0, 0, 0, , 0, 0, 0, 0, 0, 
256, 1, 256, 256, -1, 268, 245, 27.0, 17, MSaaapp, 10110, 0, 0, 0, , 0, 0, 0, 0, 0, 
257, 1, 257, 257, -1, 208, 308, 15.0, 21, MSaappp, 14442, 0, 0, 0, , 0, 0, 0, 0, 0, 
258, 1, 258, 258, -1, 213, 289, 14.0, 17, MSaappa, 5749, 0, 0, 0, , 0, 0, 0, 0, 0, 
259, 1, 259, 259, -1, 272, 267, 19.0, 17, MSaapaaa, 5100, 0, 0, 0, , 0, 0, 0, 0, 0, 
260, 1, 260, 260, -1, 228, 282, 17.0, 17, MSaapapp, 6315, 0, 0, 0, , 0, 0, 0, 0, 0, 
261, 1, 261, 261, -1, 250, 270, 18.0, 15, MSaapapa, 4854, 0, 0, 0, , 0, 0, 0, 0, 0, 
262, 1, 262, 262, -1, 228, 278, 23.0, 19, Ealpa, 10858, 0, 0, 0, , 0, 0, 0, 0, 0, 
263, 1, 263, 263, -1, 196, 283, 23.0, 19, Ealpp, 11104, 0, 0, 0, , 0, 0, 0, 0, 0, 
264, 1, 264, 264, -1, 139, 302, 25.0, 21, Eplpa, 10496, 0, 0, 0, , 0, 0, 0, 0, 0, 
265, 1, 265, 265, -1, 141, 338, 23.0, 17, Cappap, 6161, 0, 0, 0, , 0, 0, 0, 0, 0, 
266, 1, 266, 266, -1, 162, 321, 23.0, 17, Cappaa, 6755, 0, 0, 0, , 0, 0, 0, 0, 0, 
267, 1, 267, 267, -1, 130, 340, 20.0, 17, Capppa, 6298, 0, 0, 0, , 0, 0, 0, 0, 0, 
268, 1, 268, 268, -1, 124, 321, 14.0, 17, Capppp, 4931, 0, 0, 0, , 0, 0, 0, 0, 0, 
269, 1, 269, 269, -1, 155, 326, 17.0, 17, Capap, 7614, 0, 0, 0, , 0, 0, 0, 0, 0, 
270, 1, 270, 270, -1, 165, 307, 15.0, 15, Capaap, 5082, 0, 0, 0, , 0, 0, 0, 0, 0, 
271, 1, 271, 271, -1, 191, 317, 20.0, 17, Capaaa, 6415, 0, 0, 0, , 0, 0, 0, 0, 0, 
272, 1, 272, 272, -1, 86, 332, 25.0, 21, Caaapp, 49470, 0, 0, 0, , 0, 0, 0, 0, 0, 
273, 1, 273, 273, -1, 92, 335, 16.0, 19, Caappd, 7274, 0, 0, 0, , 0, 0, 0, 0, 0, 
274, 1, 274, 274, -1, 90, 322, 11.0, 17, Caappv, 4508, 0, 0, 0, , 0, 0, 0, 0, 0, 
275, 1, 275, 275, -1, 100, 314, 12.0, 17, Caapa, 5177, 0, 0, 0, , 0, 0, 0, 0, 0, 
276, 1, 276, 276, -1, 70, 301, 16.0, 17, Cpappd, 6904, 0, 0, 0, , 0, 0, 0, 0, 0, 
277, 1, 277, 277, -1, 83, 305, 11.0, 15, Cpappv, 5606, 0, 0, 0, , 0, 0, 0, 0, 0, 
278, 1, 278, 278, -1, 74, 325, 18.0, 17, Cpapaa, 6981, 0, 0, 0, , 0, 0, 0, 0, 0, 
279, 1, 279, 279, -1, 83, 298, 26.0, 19, Cpaapp, 7266, 0, 0, 0, , 0, 0, 0, 0, 0, 
280, 1, 280, 280, -1, 150, 277, 15.0, 17, Cppaap, 6428, 0, 0, 0, , 0, 0, 0, 0, 0, 
281, 1, 281, 281, -1, 156, 238, 17.0, 19, Cppaaa, 7575, 0, 0, 0, , 0, 0, 0, 0, 0, 
282, 1, 282, 282, -1, 134, 251, 17.0, 19, Cppapa, 7884, 0, 0, 0, , 0, 0, 0, 0, 0, 
283, 1, 283, 283, -1, 123, 274, 15.0, 19, Cppapp, 6383, 0, 0, 0, , 0, 0, 0, 0, 0, 
284, 1, 284, 284, -1, 128, 243, 22.0, 19, Cpppaa, 17144, 0, 0, 0, , 0, 0, 0, 0, 0, 
285, 1, 285, 285, -1, 112, 260, 19.0, 19, Cpppap, 6847, 0, 0, 0, , 0, 0, 0, 0, 0, 
286, 1, 286, 286, -1, 216, 316, 22.0, 19, Daap, 10318, 0, 0, 0, , 0, 0, 0, 0, 0, 
287, 1, 287, 287, -1, 236, 315, 24.0, 19, Daaa, 8829, 0, 0, 0, , 0, 0, 0, 0, 0, 
288, 1, 288, 288, -1, 191, 329, 25.0, 23, Dapp, 34504, 0, 0, 0, , 0, 0, 0, 0, 0, 
289, 1, 289, 289, -1, 184, 223, 16.0, 17, Dpap, 8208, 0, 0, 0, , 0, 0, 0, 0, 0, 
290, 1, 290, 290, -1, 197, 206, 20.0, 19, Dpaa, 9537, 0, 0, 0, , 0, 0, 0, 0, 0, 
291, 1, 291, 291, -1, 151, 233, 24.0, 19, Dppp, 36473, 0, 0, 0, , 0, 0, 0, 0, 0, 
292, 1, 292, 292, -1, 167, 216, 20.0, 19, Dppa, 9904, 0, 0, 0, , 0, 0, 0, 0, 0, 
293, 1, 293, 293, -1, 188, 284, 17.0, 19, Z3, 14107, 0, 0, 0, , 0, 0, 0, 0, 0, 
294, 1, 294, 294, -1, 155, 287, 19.0, 21, Z2, 12926, 0, 0, 0, , 0, 0, 0, 0, 0, 
295, 0, 295, -1, -1, 381, 244, 24.0, 15, , 10587, 0, 0, 0, , 0, 0, 0, 0, 0, 
296, 1, 296, 296, -1, 319, 302, 28.0, 17, ABalpppapp, 7312, 0, 0, 0, , 0, 0, 0, 0, 0, 
297, 1, 297, 297, -1, 299, 298, 27.0, 17, ABalpppppa, 6593, 0, 0, 0, , 0, 0, 0, 0, 0, 
298, 1, 298, 298, -1, 280, 305, 30.0, 19, ABalpppppp, 6841, 0, 0, 0, , 0, 0, 0, 0, 0, 
299, 1, 299, 299, -1, 316, 281, 30.0, 15, ABalppppap, 6864, 0, 0, 0, , 0, 0, 0, 0, 0, 
300, 1, 300, 300, -1, 328, 276, 25.0, 15, ABalppppaa, 6366, 0, 0, 0, , 0, 0, 0, 0, 0, 
301, 1, 301, 301, -1, 345, 282, 23.0, 15, ABalpppaaa, 6620, 0, 0, 0, , 0, 0, 0, 0, 0, 
302, 1, 302, 302, -1, 340, 285, 28.0, 15, ABalpppaap, 6693, 0, 0, 0, , 0, 0, 0, 0, 0, 
303, 1, 303, 303, -1, 326, 296, 23.0, 15, ABalpppapa, 7623, 0, 0, 0, , 0, 0, 0, 0, 0, 
304, 1, 304, 304, -1, 358, 253, 21.0, 13, ABalppaaaa, 5167, 0, 0, 0, , 0, 0, 0, 0, 0, 
305, 1, 305, 305, -1, 351, 269, 20.0, 15, ABalppaaap, 6604, 0, 0, 0, , 0, 0, 0, 0, 0, 
306, 1, 306, 306, -1, 327, 292, 19.0, 17, ABalppaapp, 6736, 0, 0, 0, , 0, 0, 0, 0, 0, 
307, 1, 307, 307, -1, 332, 279, 17.0, 13, ABalppaapa, 5404, 0, 0, 0, , 0, 0, 0, 0, 0, 
308, 1, 308, 308, -1, 276, 315, 14.0, 17, ABalppappp, 8385, 0, 0, 0, , 0, 0, 0, 0, 0, 
309, 1, 309, 309, -1, 295, 302, 14.0, 17, ABalppappa, 7178, 0, 0, 0, , 0, 0, 0, 0, 0, 
310, 1, 310, 310, -1, 302, 288, 13.0, 15, ABalppapap, 6432, 0, 0, 0, , 0, 0, 0, 0, 0, 
311, 1, 311, 311, -1, 315, 278, 11.0, 15, ABalppapaa, 7390, 0, 0, 0, , 0, 0, 0, 0, 0, 
312, 1, 312, 312, -1, 286, 290, 10.0, 17, ABalpapapa, 9160, 0, 0, 0, , 0, 0, 0, 0, 0, 
313, 1, 313, 313, -1, 267, 304, 10.0, 17, ABalpapapp, 9646, 0, 0, 0, , 0, 0, 0, 0, 0, 
314, 1, 314, 314, -1, 291, 271, 11.0, 13, ABalpapaap, 6611, 0, 0, 0, , 0, 0, 0, 0, 0, 
315, 1, 315, 315, -1, 303, 257, 10.0, 17, ABalpapaaa, 7173, 0, 0, 0, , 0, 0, 0, 0, 0, 
316, 1, 316, 316, -1, 268, 266, 12.0, 17, ABalpappap, 9330, 0, 0, 0, , 0, 0, 0, 0, 0, 
317, 1, 317, 317, -1, 284, 254, 11.0, 15, ABalpappaa, 6937, 0, 0, 0, , 0, 0, 0, 0, 0, 
318, 1, 318, 318, -1, 253, 280, 14.0, 19, ABalpapppp, 10594, 0, 0, 0, , 0, 0, 0, 0, 0, 
319, 1, 319, 319, -1, 278, 273, 16.0, 17, ABalpapppa, 8898, 0, 0, 0, , 0, 0, 0, 0, 0, 
320, 1, 320, 320, -1, 293, 260, 17.0, 15, ABalpaaapp, 5954, 0, 0, 0, , 0, 0, 0, 0, 0, 
321, 1, 321, 321, -1, 302, 248, 14.0, 15, ABalpaaapa, 6635, 0, 0, 0, , 0, 0, 0, 0, 0, 
322, 1, 322, 322, -1, 313, 239, 10.0, 15, ABalpaaaap, 5852, 0, 0, 0, , 0, 0, 0, 0, 0, 
323, 1, 323, 323, -1, 336, 242, 11.0, 15, ABalpaaaaa, 7694, 0, 0, 0, , 0, 0, 0, 0, 0, 
324, 1, 324, 324, -1, 312, 267, 14.0, 17, ABalpaappp, 6902, 0, 0, 0, , 0, 0, 0, 0, 0, 
325, 1, 325, 325, -1, 330, 261, 12.0, 15, ABalpaappa, 7481, 0, 0, 0, , 0, 0, 0, 0, 0, 
326, 1, 326, 326, -1, 321, 241, 15.0, 17, ABalpaapap, 8807, 0, 0, 0, , 0, 0, 0, 0, 0, 
327, 1, 327, 327, -1, 338, 226, 16.0, 15, ABalpaapaa, 6199, 0, 0, 0, , 0, 0, 0, 0, 0, 
328, 1, 328, 328, -1, 178, 242, 26.0, 21, Epraa, 9978, 0, 0, 0, , 0, 0, 0, 0, 0, 
329, 1, 329, 329, -1, 147, 255, 25.0, 19, Eprap, 9232, 0, 0, 0, , 0, 0, 0, 0, 0, 
330, 1, 330, 330, -1, 227, 222, 22.0, 15, MSpaapp, 5639, 0, 0, 0, , 0, 0, 0, 0, 0, 
331, 1, 331, 331, -1, 172, 259, 21.0, 21, Earpp, 16077, 0, 0, 0, , 0, 0, 0, 0, 0, 
332, 1, 332, 332, -1, 208, 263, 28.0, 19, Ealap, 10248, 0, 0, 0, , 0, 0, 0, 0, 0, 
333, 1, 333, 333, -1, 245, 258, 28.0, 21, Ealaa, 37198, 0, 0, 0, , 0, 0, 0, 0, 0, 
334, 1, 334, 334, -1, 186, 279, 29.0, 19, Eplaa, 9518, 0, 0, 0, , 0, 0, 0, 0, 0, 
335, 1, 335, 335, -1, 162, 296, 27.0, 21, Eplap, 21632, 0, 0, 0, , 0, 0, 0, 0, 0, 
336, 1, 336, 336, -1, 116, 292, 19.0, 19, Eprpp, 8873, 0, 0, 0, , 0, 0, 0, 0, 0, 
337, 1, 337, 337, -1, 200, 324, 28.0, 25, Dapa, 19508, 0, 0, 0, , 0, 0, 0, 0, 0, 
338, 1, 338, 338, -1, 250, 263, 23.0, 19, MSaapaap, 7329, 0, 0, 0, , 0, 0, 0, 0, 0, 
339, 1, 339, 339, -1, 132, 228, 31.0, 15, ABarpppapp, 5821, 0, 0, 0, , 0, 0, 0, 0, 0, 
340, 1, 340, 340, -1, 230, 332, 13.0, 15, ABplppaapa, 8504, 0, 0, 0, , 0, 0, 0, 0, 0, 
341, 1, 341, 341, -1, 68, 300, 22.0, 17, Cpapap, 7821, 0, 0, 0, , 0, 0, 0, 0, 0, 
342, 1, 342, 342, -1, 247, 229, 26.0, 19, Earaa, 11339, 0, 0, 0, , 0, 0, 0, 0, 0, 
343, 1, 343, 343, -1, 351, 242, 18.0, 15, ABalaaaala, 6644, 0, 0, 0, , 0, 0, 0, 0, 0, 
344, 1, 344, 344, -1, 246, 184, 35.0, 15, ABarpappaa, 5618, 0, 0, 0, , 0, 0, 0, 0, 0, 
345, 1, 345, 345, -1, 351, 192, 24.0, 15, ABalappaaa, 2894, 0, 0, 0, , 0, 0, 0, 0, 0, 
346, 1, 346, 346, -1, 94, 268, 19.0, 17, Cppppa, 6614, 0, 0, 0, , 0, 0, 0, 0, 0, 
347, 1, 347, 347, -1, 103, 302, 15.0, 21, Cppppp, 8308, 0, 0, 0, , 0, 0, 0, 0, 0, 
348, 1, 348, 348, -1, 272, 167, 17.0, 17, ABalaapapp, 6504, 0, 0, 0, , 0, 0, 0, 0, 0, 
349, 1, 349, 349, -1, 169, 229, 35.0, 19, ABarpppapa, 3358, 0, 0, 0, , 0, 0, 0, 0, 0, 
350, 1, 350, 350, -1, 209, 243, 20.0, 19, Earpa, 9467, 0, 0, 0, , 0, 0, 0, 0, 0, 
351, 1, 351, 351, -1, 124, 315, 21.0, 19, Eplpp, 11502, 0, 0, 0, , 0, 0, 0, 0, 0, 
352, 1, 352, 352, -1, 227, 206, 27.0, 15, MSppappp, 5454, 0, 0, 0, , 0, 0, 0, 0, 0, 
353, 1, 353, 353, -1, 117, 254, 33.0, 19, Cpaaap, 5774, 0, 0, 0, , 0, 0, 0, 0, 0, 
354, 1, 355, 354, -1, 131, 271, 25.0, 21, Eprpa, 30418, 0, 0, 0, , 0, 0, 0, 0, 0, 
355, 1, 356, 355, -1, 211, 239, 33.0, 15, ABarpaappa, 3193, 0, 0, 0, , 0, 0, 0, 0, 0, 
356, 1, 357, 356, -1, 149, 252, 33.0, 17, Cpaaaa, 1843, 0, 0, 0, , 0, 0, 0, 0, 0, 
357, 1, 360, 357, -1, 109, 323, 33.0, 15, Caaapa, 2972, 0, 0, 0, , 0, 0, 0, 0, 0, 
358, 1, 359, 358, -1, 101, 275, 31.0, 17, Cpaapa, 4148, 0, 0, 0, , 0, 0, 0, 0, 0, 
359, 1, 362, 359, -1, 154, 295, 33.0, 17, Caaaaa, 1901, 0, 0, 0, , 0, 0, 0, 0, 0, 
360, 1, 354, 360, -1, 188, 299, 33.5, 18, ABarppaapa, 3779, 0, 0, 0, , 0, 0, 0, 0, 0, 
361, 1, 361, 361, -1, 125, 301, 33.0, 15, Caaaap, 0, 0, 0, 0, , 0, 0, 0, 0, 0, 
