1, 1, 1, 1, -1, 309, 206, 19.0, 15, ABaraappaa, 7876, 0, 0, 0, , 0, 0, 0, 0, 0, 
2, 1, 2, 2, -1, 286, 213, 18.0, 17, ABaraappap, 8862, 0, 0, 0, , 0, 0, 0, 0, 0, 
3, 1, 3, 3, -1, 269, 224, 18.0, 17, ABaraapppa, 8385, 0, 0, 0, , 0, 0, 0, 0, 0, 
4, 1, 4, 4, -1, 246, 222, 19.0, 15, ABaraapppp, 8024, 0, 0, 0, , 0, 0, 0, 0, 0, 
5, 1, 5, 5, -1, 278, 260, 22.0, 15, ABaraapapp, 8346, 0, 0, 0, , 0, 0, 0, 0, 0, 
6, 1, 6, 6, -1, 291, 246, 19.0, 19, ABaraapapa, 9111, 0, 0, 0, , 0, 0, 0, 0, 0, 
7, 1, 7, 7, -1, 324, 220, 18.0, 15, ABaraapaaa, 8819, 0, 0, 0, , 0, 0, 0, 0, 0, 
8, 1, 8, 8, -1, 307, 233, 20.0, 19, ABaraapaap, 9963, 0, 0, 0, , 0, 0, 0, 0, 0, 
9, 1, 9, 9, -1, 298, 193, 11.0, 15, ABaraaappa, 6173, 0, 0, 0, , 0, 0, 0, 0, 0, 
10, 1, 10, 10, -1, 277, 206, 11.0, 15, ABaraaappp, 6424, 0, 0, 0, , 0, 0, 0, 0, 0, 
11, 1, 11, 11, -1, 320, 209, 13.0, 15, ABaraaapaa, 6987, 0, 0, 0, , 0, 0, 0, 0, 0, 
12, 1, 12, 12, -1, 302, 208, 14.0, 15, ABaraaapap, 7240, 0, 0, 0, , 0, 0, 0, 0, 0, 
13, 1, 13, 13, -1, 342, 207, 14.0, 15, ABaraaaaaa, 7394, 0, 0, 0, , 0, 0, 0, 0, 0, 
14, 1, 14, 14, -1, 319, 192, 15.0, 15, ABaraaaaap, 6573, 0, 0, 0, , 0, 0, 0, 0, 0, 
15, 1, 15, 15, -1, 323, 220, 22.0, 15, ABaraaaapp, 6123, 0, 0, 0, , 0, 0, 0, 0, 0, 
16, 1, 16, 16, -1, 332, 203, 19.0, 15, ABaraaaapa, 6150, 0, 0, 0, , 0, 0, 0, 0, 0, 
17, 1, 17, 17, -1, 243, 253, 10.0, 15, ABarapapap, 7722, 0, 0, 0, , 0, 0, 0, 0, 0, 
18, 1, 18, 18, -1, 260, 240, 11.0, 15, ABarapapaa, 8548, 0, 0, 0, , 0, 0, 0, 0, 0, 
19, 1, 19, 19, -1, 223, 257, 13.0, 19, ABarapappp, 9122, 0, 0, 0, , 0, 0, 0, 0, 0, 
20, 1, 20, 20, -1, 248, 241, 13.0, 17, ABarapappa, 9182, 0, 0, 0, , 0, 0, 0, 0, 0, 
21, 1, 21, 21, -1, 277, 238, 10.0, 15, ABarapaaap, 6733, 0, 0, 0, , 0, 0, 0, 0, 0, 
22, 1, 22, 22, -1, 294, 227, 10.0, 17, ABarapaaaa, 9043, 0, 0, 0, , 0, 0, 0, 0, 0, 
23, 1, 23, 23, -1, 287, 220, 13.0, 15, ABarapaapa, 7595, 0, 0, 0, , 0, 0, 0, 0, 0, 
24, 1, 24, 24, -1, 264, 225, 14.0, 17, ABarapaapp, 9269, 0, 0, 0, , 0, 0, 0, 0, 0, 
25, 1, 25, 25, -1, 241, 211, 11.0, 15, ABarapppap, 7244, 0, 0, 0, , 0, 0, 0, 0, 0, 
26, 1, 26, 26, -1, 263, 191, 11.0, 15, ABarapppaa, 8197, 0, 0, 0, , 0, 0, 0, 0, 0, 
27, 1, 27, 27, -1, 229, 197, 12.0, 15, ABarappppa, 7021, 0, 0, 0, , 0, 0, 0, 0, 0, 
28, 1, 28, 28, -1, 211, 195, 11.0, 15, ABarappppp, 7483, 0, 0, 0, , 0, 0, 0, 0, 0, 
29, 1, 29, 29, -1, 259, 218, 10.0, 15, ABarappaaa, 10117, 0, 0, 0, , 0, 0, 0, 0, 0, 
30, 1, 30, 30, -1, 238, 231, 10.0, 15, ABarappaap, 7743, 0, 0, 0, , 0, 0, 0, 0, 0, 
31, 1, 31, 31, -1, 220, 218, 11.0, 15, ABarappapa, 7786, 0, 0, 0, , 0, 0, 0, 0, 0, 
32, 1, 32, 32, -1, 196, 229, 10.0, 15, ABarappapp, 8218, 0, 0, 0, , 0, 0, 0, 0, 0, 
33, 1, 33, 33, -1, 213, 185, 33.0, 17, ABarpapppa, 6024, 0, 0, 0, , 0, 0, 0, 0, 0, 
34, 1, 34, 34, -1, 195, 194, 32.0, 19, ABarpapppp, 10266, 0, 0, 0, , 0, 0, 0, 0, 0, 
35, 1, 35, 35, -1, 232, 192, 34.0, 17, ABarpappap, 4262, 0, 0, 0, , 0, 0, 0, 0, 0, 
36, 1, 36, 36, -1, 296, 190, 34.0, 15, ABarpapaaa, 5726, 0, 0, 0, , 0, 0, 0, 0, 0, 
37, 1, 37, 37, -1, 275, 187, 33.0, 15, ABarpapaap, 5836, 0, 0, 0, , 0, 0, 0, 0, 0, 
38, 1, 38, 38, -1, 246, 211, 32.0, 15, ABarpapapp, 6684, 0, 0, 0, , 0, 0, 0, 0, 0, 
39, 1, 39, 39, -1, 271, 206, 33.0, 15, ABarpapapa, 4177, 0, 0, 0, , 0, 0, 0, 0, 0, 
40, 1, 40, 40, -1, 198, 273, 34.0, 17, ABarpaappp, 4741, 0, 0, 0, , 0, 0, 0, 0, 0, 
41, 1, 41, 41, -1, 257, 224, 34.0, 15, ABarpaapaa, 5040, 0, 0, 0, , 0, 0, 0, 0, 0, 
42, 1, 42, 42, -1, 235, 234, 35.0, 19, ABarpaapap, 4265, 0, 0, 0, , 0, 0, 0, 0, 0, 
43, 1, 43, 43, -1, 321, 202, 33.0, 17, ABarpaaaaa, 6521, 0, 0, 0, , 0, 0, 0, 0, 0, 
44, 1, 44, 44, -1, 311, 221, 34.0, 15, ABarpaaaap, 5541, 0, 0, 0, , 0, 0, 0, 0, 0, 
45, 1, 45, 45, -1, 276, 223, 35.0, 15, ABarpaaapp, 4857, 0, 0, 0, , 0, 0, 0, 0, 0, 
46, 1, 46, 46, -1, 294, 211, 34.0, 15, ABarpaaapa, 5387, 0, 0, 0, , 0, 0, 0, 0, 0, 
47, 1, 47, 47, -1, 215, 305, 33.0, 15, ABarppaaap, 4403, 0, 0, 0, , 0, 0, 0, 0, 0, 
48, 1, 48, 48, -1, 224, 283, 35.0, 15, ABarppaaaa, 4069, 0, 0, 0, , 0, 0, 0, 0, 0, 
49, 1, 49, 49, -1, 166, 331, 33.0, 15, ABarppaapp, 5337, 0, 0, 0, , 0, 0, 0, 0, 0, 
50, 1, 50, 50, -1, 144, 337, 31.0, 17, ABarppappa, 7078, 0, 0, 0, , 0, 0, 0, 0, 0, 
51, 1, 51, 51, -1, 115, 349, 25.0, 15, ABarppappp, 6075, 0, 0, 0, , 0, 0, 0, 0, 0, 
52, 1, 52, 52, -1, 183, 348, 30.0, 15, ABarppapap, 6157, 0, 0, 0, , 0, 0, 0, 0, 0, 
53, 1, 53, 53, -1, 203, 333, 33.0, 15, ABarppapaa, 5558, 0, 0, 0, , 0, 0, 0, 0, 0, 
54, 1, 54, 54, -1, 80, 271, 24.0, 17, ABarpppppp, 5943, 0, 0, 0, , 0, 0, 0, 0, 0, 
55, 1, 55, 55, -1, 107, 245, 30.0, 17, ABarpppppa, 6344, 0, 0, 0, , 0, 0, 0, 0, 0, 
56, 1, 56, 56, -1, 151, 205, 29.0, 17, ABarppppaa, 6358, 0, 0, 0, , 0, 0, 0, 0, 0, 
57, 1, 57, 57, -1, 126, 218, 27.0, 15, ABarppppap, 4484, 0, 0, 0, , 0, 0, 0, 0, 0, 
58, 1, 58, 58, -1, 174, 205, 33.0, 19, ABarpppaap, 5479, 0, 0, 0, , 0, 0, 0, 0, 0, 
59, 1, 59, 59, -1, 200, 214, 35.0, 15, ABarpppaaa, 4080, 0, 0, 0, , 0, 0, 0, 0, 0, 
60, 1, 60, 60, -1, 288, 176, 28.0, 17, ABalappppa, 6022, 0, 0, 0, , 0, 0, 0, 0, 0, 
61, 1, 61, 61, -1, 255, 186, 31.0, 15, ABalappppp, 4980, 0, 0, 0, , 0, 0, 0, 0, 0, 
62, 1, 62, 62, -1, 324, 192, 27.0, 15, ABalapppaa, 5965, 0, 0, 0, , 0, 0, 0, 0, 0, 
63, 1, 63, 63, -1, 301, 191, 29.0, 17, ABalapppap, 5988, 0, 0, 0, , 0, 0, 0, 0, 0, 
64, 1, 64, 64, -1, 332, 176, 26.0, 15, ABalappapa, 5992, 0, 0, 0, , 0, 0, 0, 0, 0, 
65, 1, 65, 65, -1, 342, 203, 26.0, 17, ABalappaap, 3189, 0, 0, 0, , 0, 0, 0, 0, 0, 
66, 1, 66, 66, -1, 313, 174, 26.0, 15, ABalappapp, 6088, 0, 0, 0, , 0, 0, 0, 0, 0, 
67, 1, 67, 67, -1, 303, 262, 31.0, 15, ABalapappp, 3798, 0, 0, 0, , 0, 0, 0, 0, 0, 
68, 1, 68, 68, -1, 331, 258, 29.0, 17, ABalapappa, 7441, 0, 0, 0, , 0, 0, 0, 0, 0, 
69, 1, 69, 69, -1, 337, 214, 29.0, 13, ABalapapaa, 4380, 0, 0, 0, , 0, 0, 0, 0, 0, 
70, 1, 70, 70, -1, 333, 231, 30.0, 15, ABalapapap, 6646, 0, 0, 0, , 0, 0, 0, 0, 0, 
71, 1, 71, 71, -1, 351, 228, 24.0, 17, ABalapaaaa, 7472, 0, 0, 0, , 0, 0, 0, 0, 0, 
72, 1, 72, 72, -1, 347, 243, 26.0, 17, ABalapaaap, 6880, 0, 0, 0, , 0, 0, 0, 0, 0, 
73, 1, 73, 73, -1, 346, 256, 23.0, 17, ABalapaapa, 7166, 0, 0, 0, , 0, 0, 0, 0, 0, 
74, 1, 74, 74, -1, 338, 261, 26.0, 17, ABalapaapp, 7670, 0, 0, 0, , 0, 0, 0, 0, 0, 
75, 1, 75, 75, -1, 310, 177, 15.0, 15, ABalaapaaa, 5131, 0, 0, 0, , 0, 0, 0, 0, 0, 
76, 1, 76, 76, -1, 275, 179, 13.0, 15, ABalaapapa, 4946, 0, 0, 0, , 0, 0, 0, 0, 0, 
77, 1, 77, 77, -1, 291, 178, 13.0, 15, ABalaapaap, 6062, 0, 0, 0, , 0, 0, 0, 0, 0, 
78, 1, 78, 78, -1, 291, 177, 19.0, 15, ABalaappap, 4873, 0, 0, 0, , 0, 0, 0, 0, 0, 
79, 1, 79, 79, -1, 297, 164, 17.0, 13, ABalaappaa, 4400, 0, 0, 0, , 0, 0, 0, 0, 0, 
80, 1, 80, 80, -1, 298, 165, 24.0, 15, ABalaapppp, 3898, 0, 0, 0, , 0, 0, 0, 0, 0, 
81, 1, 81, 81, -1, 312, 171, 21.0, 17, ABalaapppa, 7885, 0, 0, 0, , 0, 0, 0, 0, 0, 
82, 1, 82, 82, -1, 339, 263, 15.0, 17, ABalaaaalp, 8119, 0, 0, 0, , 0, 0, 0, 0, 0, 
83, 1, 83, 83, -1, 336, 186, 17.0, 15, ABalaaaarr, 6506, 0, 0, 0, , 0, 0, 0, 0, 0, 
84, 1, 84, 84, -1, 353, 214, 17.0, 15, ABalaaaarl, 5547, 0, 0, 0, , 0, 0, 0, 0, 0, 
85, 1, 85, 85, -1, 336, 180, 21.0, 15, ABalaaappl, 6236, 0, 0, 0, , 0, 0, 0, 0, 0, 
86, 1, 86, 86, -1, 318, 173, 19.0, 15, ABalaaappr, 7586, 0, 0, 0, , 0, 0, 0, 0, 0, 
87, 1, 87, 87, -1, 353, 203, 22.0, 17, ABalaaapar, 6408, 0, 0, 0, , 0, 0, 0, 0, 0, 
88, 1, 88, 88, -1, 353, 232, 21.0, 15, ABalaaapal, 9112, 0, 0, 0, , 0, 0, 0, 0, 0, 
89, 1, 89, 89, -1, 169, 324, 12.0, 15, ABplppppap, 7048, 0, 0, 0, , 0, 0, 0, 0, 0, 
90, 1, 90, 90, -1, 190, 314, 11.0, 15, ABplppppaa, 7258, 0, 0, 0, , 0, 0, 0, 0, 0, 
91, 1, 91, 91, -1, 131, 313, 10.0, 15, ABplpppppp, 6773, 0, 0, 0, , 0, 0, 0, 0, 0, 
92, 1, 92, 92, -1, 156, 308, 12.0, 15, ABplpppppa, 8563, 0, 0, 0, , 0, 0, 0, 0, 0, 
93, 1, 93, 93, -1, 138, 332, 10.0, 13, ABplpppapp, 4618, 0, 0, 0, , 0, 0, 0, 0, 0, 
94, 1, 94, 94, -1, 152, 338, 12.0, 17, ABplpppapa, 6304, 0, 0, 0, , 0, 0, 0, 0, 0, 
95, 1, 95, 95, -1, 170, 344, 14.0, 17, ABplpppaap, 6833, 0, 0, 0, , 0, 0, 0, 0, 0, 
96, 1, 96, 96, -1, 186, 330, 14.0, 15, ABplpppaaa, 5371, 0, 0, 0, , 0, 0, 0, 0, 0, 
97, 1, 97, 97, -1, 190, 343, 16.0, 17, ABplppappp, 6446, 0, 0, 0, , 0, 0, 0, 0, 0, 
98, 1, 98, 98, -1, 210, 343, 16.0, 15, ABplppappa, 6327, 0, 0, 0, , 0, 0, 0, 0, 0, 
99, 1, 99, 99, -1, 247, 331, 16.0, 17, ABplppapaa, 6872, 0, 0, 0, , 0, 0, 0, 0, 0, 
100, 1, 100, 100, -1, 228, 340, 16.0, 17, ABplppapap, 6890, 0, 0, 0, , 0, 0, 0, 0, 0, 
101, 1, 101, 101, -1, 204, 333, 12.0, 15, ABplppaapp, 5933, 0, 0, 0, , 0, 0, 0, 0, 0, 
102, 1, 102, 102, -1, 258, 322, 19.0, 15, ABplppaaaa, 5324, 0, 0, 0, , 0, 0, 0, 0, 0, 
103, 1, 103, 103, -1, 261, 337, 19.0, 13, ABplppaaap, 5512, 0, 0, 0, , 0, 0, 0, 0, 0, 
104, 1, 104, 104, -1, 230, 280, 10.0, 21, ABplpappaa, 18917, 0, 0, 0, , 0, 0, 0, 0, 0, 
105, 1, 105, 105, -1, 211, 282, 10.0, 13, ABplpappap, 5903, 0, 0, 0, , 0, 0, 0, 0, 0, 
106, 1, 106, 106, -1, 172, 299, 10.0, 15, ABplpapppp, 7341, 0, 0, 0, , 0, 0, 0, 0, 0, 
107, 1, 107, 107, -1, 194, 293, 10.0, 15, ABplpapppa, 7057, 0, 0, 0, , 0, 0, 0, 0, 0, 
108, 1, 108, 108, -1, 211, 312, 10.0, 17, ABplpapapp, 6804, 0, 0, 0, , 0, 0, 0, 0, 0, 
109, 1, 109, 109, -1, 230, 309, 12.0, 15, ABplpapapa, 6320, 0, 0, 0, , 0, 0, 0, 0, 0, 
110, 1, 110, 110, -1, 242, 311, 15.0, 15, ABplpapaap, 7411, 0, 0, 0, , 0, 0, 0, 0, 0, 
111, 1, 111, 111, -1, 260, 303, 15.0, 15, ABplpapaaa, 6796, 0, 0, 0, , 0, 0, 0, 0, 0, 
112, 1, 112, 112, -1, 278, 310, 18.0, 19, ABplpaaaap, 9636, 0, 0, 0, , 0, 0, 0, 0, 0, 
113, 1, 113, 113, -1, 299, 295, 17.0, 17, ABplpaaaaa, 8821, 0, 0, 0, , 0, 0, 0, 0, 0, 
114, 1, 114, 114, -1, 301, 313, 19.0, 15, ABplpaaapa, 7676, 0, 0, 0, , 0, 0, 0, 0, 0, 
115, 1, 115, 115, -1, 280, 321, 20.0, 19, ABplpaaapp, 6803, 0, 0, 0, , 0, 0, 0, 0, 0, 
116, 1, 116, 116, -1, 279, 322, 26.0, 17, ABplpaappa, 7786, 0, 0, 0, , 0, 0, 0, 0, 0, 
117, 1, 117, 117, -1, 266, 335, 24.0, 17, ABplpaappp, 7555, 0, 0, 0, , 0, 0, 0, 0, 0, 
118, 1, 118, 118, -1, 306, 299, 21.0, 15, ABplpaapaa, 7249, 0, 0, 0, , 0, 0, 0, 0, 0, 
119, 1, 119, 119, -1, 293, 319, 23.0, 17, ABplpaapap, 7858, 0, 0, 0, , 0, 0, 0, 0, 0, 
120, 1, 120, 120, -1, 264, 313, 32.0, 19, ABplaappap, 7697, 0, 0, 0, , 0, 0, 0, 0, 0, 
121, 1, 121, 121, -1, 294, 308, 32.0, 15, ABplaappaa, 4864, 0, 0, 0, , 0, 0, 0, 0, 0, 
122, 1, 122, 122, -1, 253, 332, 29.0, 17, ABplaapppa, 7875, 0, 0, 0, , 0, 0, 0, 0, 0, 
123, 1, 123, 123, -1, 235, 346, 24.0, 17, ABplaapppp, 10159, 0, 0, 0, , 0, 0, 0, 0, 0, 
124, 1, 124, 124, -1, 335, 268, 33.0, 17, ABplaapaaa, 7781, 0, 0, 0, , 0, 0, 0, 0, 0, 
125, 1, 125, 125, -1, 314, 273, 34.0, 17, ABplaapaap, 9299, 0, 0, 0, , 0, 0, 0, 0, 0, 
126, 1, 126, 126, -1, 287, 283, 34.0, 19, ABplaapapp, 16977, 0, 0, 0, , 0, 0, 0, 0, 0, 
127, 1, 127, 127, -1, 311, 294, 32.0, 17, ABplaapapa, 7715, 0, 0, 0, , 0, 0, 0, 0, 0, 
128, 1, 128, 128, -1, 311, 242, 33.0, 15, ABplaaaaap, 6778, 0, 0, 0, , 0, 0, 0, 0, 0, 
129, 1, 129, 129, -1, 330, 237, 34.0, 17, ABplaaaaaa, 5153, 0, 0, 0, , 0, 0, 0, 0, 0, 
130, 1, 130, 130, -1, 271, 246, 33.0, 15, ABplaaaapp, 5758, 0, 0, 0, , 0, 0, 0, 0, 0, 
131, 1, 131, 131, -1, 292, 235, 34.0, 15, ABplaaaapa, 5641, 0, 0, 0, , 0, 0, 0, 0, 0, 
132, 1, 132, 132, -1, 241, 294, 34.0, 19, ABplaaappp, 3527, 0, 0, 0, , 0, 0, 0, 0, 0, 
133, 1, 133, 133, -1, 257, 279, 34.0, 15, ABplaaappa, 6389, 0, 0, 0, , 0, 0, 0, 0, 0, 
134, 1, 134, 134, -1, 273, 267, 34.0, 15, ABplaaapap, 5321, 0, 0, 0, , 0, 0, 0, 0, 0, 
135, 1, 135, 135, -1, 292, 262, 35.0, 13, ABplaaapaa, 3993, 0, 0, 0, , 0, 0, 0, 0, 0, 
136, 1, 136, 136, -1, 132, 356, 15.0, 15, ABplappppa, 6364, 0, 0, 0, , 0, 0, 0, 0, 0, 
137, 1, 137, 137, -1, 116, 343, 13.0, 15, ABplappppp, 5342, 0, 0, 0, , 0, 0, 0, 0, 0, 
138, 1, 138, 138, -1, 172, 349, 19.0, 15, ABplapppaa, 6806, 0, 0, 0, , 0, 0, 0, 0, 0, 
139, 1, 139, 139, -1, 151, 346, 16.0, 15, ABplapppap, 7025, 0, 0, 0, , 0, 0, 0, 0, 0, 
140, 1, 140, 140, -1, 212, 352, 23.0, 17, ABplappaaa, 7319, 0, 0, 0, , 0, 0, 0, 0, 0, 
141, 1, 141, 141, -1, 187, 358, 23.0, 17, ABplappaap, 7816, 0, 0, 0, , 0, 0, 0, 0, 0, 
142, 1, 142, 142, -1, 160, 358, 23.0, 15, ABplappapp, 7042, 0, 0, 0, , 0, 0, 0, 0, 0, 
143, 1, 143, 143, -1, 167, 353, 27.0, 17, ABplappapa, 8822, 0, 0, 0, , 0, 0, 0, 0, 0, 
144, 1, 144, 144, -1, 205, 351, 28.0, 17, ABplapaapp, 7193, 0, 0, 0, , 0, 0, 0, 0, 0, 
145, 1, 145, 145, -1, 223, 339, 31.0, 15, ABplapaapa, 5770, 0, 0, 0, , 0, 0, 0, 0, 0, 
146, 1, 146, 146, -1, 241, 306, 31.0, 15, ABplapaaaa, 6080, 0, 0, 0, , 0, 0, 0, 0, 0, 
147, 1, 147, 147, -1, 228, 320, 32.0, 15, ABplapaaap, 6151, 0, 0, 0, , 0, 0, 0, 0, 0, 
148, 1, 148, 148, -1, 108, 354, 18.0, 15, ABplapappp, 6661, 0, 0, 0, , 0, 0, 0, 0, 0, 
149, 1, 149, 149, -1, 134, 362, 24.0, 17, ABplapapap, 6920, 0, 0, 0, , 0, 0, 0, 0, 0, 
150, 1, 150, 150, -1, 125, 362, 20.0, 17, ABplapappa, 6007, 0, 0, 0, , 0, 0, 0, 0, 0, 
151, 1, 151, 151, -1, 141, 355, 28.0, 19, ABplapapaa, 8789, 0, 0, 0, , 0, 0, 0, 0, 0, 
152, 1, 152, 152, -1, 204, 214, 13.0, 15, ABprpapaaa, 7518, 0, 0, 0, , 0, 0, 0, 0, 0, 
153, 1, 153, 153, -1, 184, 215, 12.0, 15, ABprpapaap, 6067, 0, 0, 0, , 0, 0, 0, 0, 0, 
154, 1, 154, 154, -1, 163, 246, 10.0, 17, ABprpapapp, 5476, 0, 0, 0, , 0, 0, 0, 0, 0, 
155, 1, 155, 155, -1, 186, 240, 11.0, 17, ABprpapapa, 7371, 0, 0, 0, , 0, 0, 0, 0, 0, 
156, 1, 156, 156, -1, 152, 283, 11.0, 15, ABprpapppp, 6966, 0, 0, 0, , 0, 0, 0, 0, 0, 
157, 1, 157, 157, -1, 177, 269, 11.0, 19, ABprpapppa, 14655, 0, 0, 0, , 0, 0, 0, 0, 0, 
158, 1, 158, 158, -1, 199, 263, 10.0, 17, ABprpappap, 7804, 0, 0, 0, , 0, 0, 0, 0, 0, 
159, 1, 159, 159, -1, 214, 242, 10.0, 17, ABprpappaa, 6614, 0, 0, 0, , 0, 0, 0, 0, 0, 
160, 1, 160, 160, -1, 249, 183, 13.0, 15, ABprpaaaaa, 7372, 0, 0, 0, , 0, 0, 0, 0, 0, 
161, 1, 161, 161, -1, 228, 179, 11.0, 17, ABprpaaaap, 8659, 0, 0, 0, , 0, 0, 0, 0, 0, 
162, 1, 162, 162, -1, 208, 177, 14.0, 15, ABprpaaapp, 7827, 0, 0, 0, , 0, 0, 0, 0, 0, 
163, 1, 163, 163, -1, 231, 176, 15.0, 15, ABprpaaapa, 8498, 0, 0, 0, , 0, 0, 0, 0, 0, 
164, 1, 164, 164, -1, 247, 170, 17.0, 17, ABprpaapaa, 6520, 0, 0, 0, , 0, 0, 0, 0, 0, 
165, 1, 165, 165, -1, 219, 170, 17.0, 17, ABprpaapap, 8378, 0, 0, 0, , 0, 0, 0, 0, 0, 
166, 1, 166, 166, -1, 191, 176, 16.0, 15, ABprpaappp, 6821, 0, 0, 0, , 0, 0, 0, 0, 0, 
167, 1, 167, 167, -1, 205, 174, 20.0, 17, ABprpaappa, 6496, 0, 0, 0, , 0, 0, 0, 0, 0, 
168, 1, 168, 168, -1, 110, 251, 11.0, 15, ABprpppaap, 5787, 0, 0, 0, , 0, 0, 0, 0, 0, 
169, 1, 169, 169, -1, 129, 233, 11.0, 17, ABprpppaaa, 7223, 0, 0, 0, , 0, 0, 0, 0, 0, 
170, 1, 170, 170, -1, 103, 271, 11.0, 15, ABprpppapa, 6011, 0, 0, 0, , 0, 0, 0, 0, 0, 
171, 1, 171, 171, -1, 111, 283, 9.0, 13, ABprpppapp, 5756, 0, 0, 0, , 0, 0, 0, 0, 0, 
172, 1, 172, 172, -1, 131, 260, 11.0, 17, ABprppppap, 7253, 0, 0, 0, , 0, 0, 0, 0, 0, 
173, 1, 173, 173, -1, 148, 252, 11.0, 15, ABprppppaa, 6209, 0, 0, 0, , 0, 0, 0, 0, 0, 
174, 1, 174, 174, -1, 123, 298, 11.0, 15, ABprpppppp, 5715, 0, 0, 0, , 0, 0, 0, 0, 0, 
175, 1, 175, 175, -1, 132, 283, 11.0, 15, ABprpppppa, 6034, 0, 0, 0, , 0, 0, 0, 0, 0, 
176, 1, 176, 176, -1, 167, 228, 12.0, 13, ABprppaapa, 5990, 0, 0, 0, , 0, 0, 0, 0, 0, 
177, 1, 177, 177, -1, 148, 229, 11.0, 15, ABprppaapp, 5866, 0, 0, 0, , 0, 0, 0, 0, 0, 
178, 1, 178, 178, -1, 193, 192, 12.0, 17, ABprppaaaa, 6772, 0, 0, 0, , 0, 0, 0, 0, 0, 
179, 1, 179, 179, -1, 177, 187, 12.0, 13, ABprppaaap, 5885, 0, 0, 0, , 0, 0, 0, 0, 0, 
180, 1, 180, 180, -1, 171, 204, 13.0, 15, ABprppapaa, 5764, 0, 0, 0, , 0, 0, 0, 0, 0, 
181, 1, 181, 181, -1, 155, 206, 12.0, 15, ABprppapap, 6600, 0, 0, 0, , 0, 0, 0, 0, 0, 
182, 1, 182, 182, -1, 119, 223, 13.0, 15, ABprppappp, 5780, 0, 0, 0, , 0, 0, 0, 0, 0, 
183, 1, 183, 183, -1, 141, 212, 13.0, 17, ABprppappa, 6327, 0, 0, 0, , 0, 0, 0, 0, 0, 
184, 1, 184, 184, -1, 296, 170, 32.0, 17, ABpraapaaa, 7605, 0, 0, 0, , 0, 0, 0, 0, 0, 
185, 1, 185, 185, -1, 265, 168, 30.0, 17, ABpraapaap, 8834, 0, 0, 0, , 0, 0, 0, 0, 0, 
186, 1, 186, 186, -1, 244, 167, 28.0, 15, ABpraapapa, 8505, 0, 0, 0, , 0, 0, 0, 0, 0, 
187, 1, 187, 187, -1, 226, 179, 29.0, 15, ABpraapapp, 8095, 0, 0, 0, , 0, 0, 0, 0, 0, 
188, 1, 188, 188, -1, 152, 193, 18.0, 17, ABpraapppp, 6747, 0, 0, 0, , 0, 0, 0, 0, 0, 
189, 1, 189, 189, -1, 175, 182, 20.0, 17, ABpraapppa, 7342, 0, 0, 0, , 0, 0, 0, 0, 0, 
190, 1, 190, 190, -1, 191, 175, 24.0, 17, ABpraappap, 7234, 0, 0, 0, , 0, 0, 0, 0, 0, 
191, 1, 191, 191, -1, 214, 164, 25.0, 15, ABpraappaa, 5508, 0, 0, 0, , 0, 0, 0, 0, 0, 
192, 1, 192, 192, -1, 262, 163, 26.0, 15, ABpraaapap, 7931, 0, 0, 0, , 0, 0, 0, 0, 0, 
193, 1, 193, 193, -1, 277, 170, 24.0, 15, ABpraaapaa, 6672, 0, 0, 0, , 0, 0, 0, 0, 0, 
194, 1, 194, 194, -1, 244, 170, 24.0, 15, ABpraaappa, 6757, 0, 0, 0, , 0, 0, 0, 0, 0, 
195, 1, 195, 195, -1, 225, 176, 25.0, 16, ABpraaappp, 5248, 0, 0, 0, , 0, 0, 0, 0, 0, 
196, 1, 196, 196, -1, 268, 158, 22.0, 15, ABpraaaaap, 6690, 0, 0, 0, , 0, 0, 0, 0, 0, 
197, 1, 197, 197, -1, 282, 160, 20.0, 15, ABpraaaaaa, 6273, 0, 0, 0, , 0, 0, 0, 0, 0, 
198, 1, 198, 198, -1, 257, 161, 19.0, 15, ABpraaaapa, 5756, 0, 0, 0, , 0, 0, 0, 0, 0, 
199, 1, 199, 199, -1, 235, 162, 21.0, 15, ABpraaaapp, 7369, 0, 0, 0, , 0, 0, 0, 0, 0, 
200, 1, 200, 200, -1, 97, 232, 20.0, 17, ABprappapp, 6990, 0, 0, 0, , 0, 0, 0, 0, 0, 
201, 1, 201, 201, -1, 114, 222, 24.0, 15, ABprappapa, 6802, 0, 0, 0, , 0, 0, 0, 0, 0, 
202, 1, 202, 202, -1, 116, 219, 18.0, 17, ABprappaap, 7645, 0, 0, 0, , 0, 0, 0, 0, 0, 
203, 1, 203, 203, -1, 136, 208, 17.0, 17, ABprappaaa, 8702, 0, 0, 0, , 0, 0, 0, 0, 0, 
204, 1, 204, 204, -1, 106, 237, 15.0, 15, ABprapppaa, 6099, 0, 0, 0, , 0, 0, 0, 0, 0, 
205, 1, 205, 205, -1, 97, 254, 14.0, 15, ABprapppap, 5777, 0, 0, 0, , 0, 0, 0, 0, 0, 
206, 1, 206, 206, -1, 83, 287, 12.0, 15, ABprappppp, 6336, 0, 0, 0, , 0, 0, 0, 0, 0, 
207, 1, 207, 207, -1, 84, 265, 13.0, 15, ABprappppa, 5320, 0, 0, 0, , 0, 0, 0, 0, 0, 
208, 1, 208, 208, -1, 171, 201, 27.0, 17, ABprapaaap, 7525, 0, 0, 0, , 0, 0, 0, 0, 0, 
209, 1, 209, 209, -1, 187, 197, 29.0, 17, ABprapaaaa, 6430, 0, 0, 0, , 0, 0, 0, 0, 0, 
210, 1, 210, 210, -1, 139, 204, 23.0, 17, ABprapaapp, 7250, 0, 0, 0, , 0, 0, 0, 0, 0, 
211, 1, 211, 211, -1, 158, 193, 24.0, 15, ABprapaapa, 5735, 0, 0, 0, , 0, 0, 0, 0, 0, 
212, 1, 212, 212, -1, 75, 253, 17.0, 15, ABprapappa, 7251, 0, 0, 0, , 0, 0, 0, 0, 0, 
213, 1, 213, 213, -1, 71, 275, 16.0, 15, ABprapappp, 5386, 0, 0, 0, , 0, 0, 0, 0, 0, 
214, 1, 214, 214, -1, 79, 253, 21.0, 15, ABprapapap, 8941, 0, 0, 0, , 0, 0, 0, 0, 0, 
215, 1, 215, 215, -1, 91, 244, 26.0, 17, ABprapapaa, 7163, 0, 0, 0, , 0, 0, 0, 0, 0, 
216, 1, 216, 216, -1, 220, 198, 20.0, 19, MSppppa, 9240, 0, 0, 0, , 0, 0, 0, 0, 0, 
217, 1, 217, 217, -1, 198, 210, 25.0, 17, MSppppp, 4971, 0, 0, 0, , 0, 0, 0, 0, 0, 
218, 1, 218, 218, -1, 221, 219, 17.0, 19, MSpppaa, 9037, 0, 0, 0, , 0, 0, 0, 0, 0, 
219, 1, 219, 219, -1, 198, 212, 16.0, 17, MSpppap, 6505, 0, 0, 0, , 0, 0, 0, 0, 0, 
220, 1, 220, 220, -1, 247, 198, 17.0, 19, MSppaap, 8340, 0, 0, 0, , 0, 0, 0, 0, 0, 
221, 1, 221, 221, -1, 284, 188, 16.0, 15, MSppaaaa, 4965, 0, 0, 0, , 0, 0, 0, 0, 0, 
222, 1, 222, 222, -1, 269, 189, 19.0, 15, MSppaaap, 5724, 0, 0, 0, , 0, 0, 0, 0, 0, 
223, 1, 223, 223, -1, 251, 189, 25.0, 15, MSppappa, 5796, 0, 0, 0, , 0, 0, 0, 0, 0, 
224, 1, 224, 224, -1, 256, 180, 20.0, 13, MSppapaa, 3912, 0, 0, 0, , 0, 0, 0, 0, 0, 
225, 1, 225, 225, -1, 239, 192, 21.0, 15, MSppapap, 4858, 0, 0, 0, , 0, 0, 0, 0, 0, 
226, 1, 226, 226, -1, 201, 265, 16.0, 15, MSpapapp, 8126, 0, 0, 0, , 0, 0, 0, 0, 0, 
227, 1, 227, 227, -1, 216, 247, 16.0, 15, MSpapapa, 5798, 0, 0, 0, , 0, 0, 0, 0, 0, 
228, 1, 228, 228, -1, 252, 245, 17.0, 15, MSpapaaa, 6509, 0, 0, 0, , 0, 0, 0, 0, 0, 
229, 1, 229, 229, -1, 231, 244, 20.0, 17, MSpapaap, 8944, 0, 0, 0, , 0, 0, 0, 0, 0, 
230, 1, 230, 230, -1, 184, 285, 13.0, 21, MSpappa, 13641, 0, 0, 0, , 0, 0, 0, 0, 0, 
231, 1, 231, 231, -1, 168, 267, 15.0, 15, MSpapppp, 4628, 0, 0, 0, , 0, 0, 0, 0, 0, 
232, 1, 231, 232, -1, 180, 247, 16.0, 13, MSpapppa, 4893, 0, 0, 0, , 0, 0, 0, 0, 0, 
233, 1, 232, 233, -1, 264, 218, 28.0, 19, MSpaaapp, 9987, 0, 0, 0, , 0, 0, 0, 0, 0, 
234, 1, 233, 234, -1, 286, 208, 28.0, 15, MSpaaapa, 6604, 0, 0, 0, , 0, 0, 0, 0, 0, 
235, 1, 234, 235, -1, 302, 205, 24.0, 19, MSpaaaap, 9889, 0, 0, 0, , 0, 0, 0, 0, 0, 
236, 1, 235, 236, -1, 321, 192, 21.0, 15, MSpaaaaa, 5671, 0, 0, 0, , 0, 0, 0, 0, 0, 
237, 1, 236, 237, -1, 256, 208, 22.0, 19, MSpaapap, 7348, 0, 0, 0, , 0, 0, 0, 0, 0, 
238, 1, 237, 238, -1, 283, 201, 22.0, 19, MSpaapaa, 5760, 0, 0, 0, , 0, 0, 0, 0, 0, 
239, 1, 238, 239, -1, 206, 236, 26.0, 21, Earap, 10742, 0, 0, 0, , 0, 0, 0, 0, 0, 
240, 1, 239, 240, -1, 263, 297, 25.0, 17, MSapppa, 5277, 0, 0, 0, , 0, 0, 0, 0, 0, 
241, 1, 240, 241, -1, 224, 298, 28.0, 21, MSapppp, 6925, 0, 0, 0, , 0, 0, 0, 0, 0, 
242, 1, 241, 242, -1, 253, 289, 21.0, 17, MSappaa, 10048, 0, 0, 0, , 0, 0, 0, 0, 0, 
243, 1, 242, 243, -1, 242, 308, 20.0, 17, MSappap, 8295, 0, 0, 0, , 0, 0, 0, 0, 0, 
244, 1, 243, 244, -1, 289, 264, 27.0, 15, MSapappa, 6227, 0, 0, 0, , 0, 0, 0, 0, 0, 
245, 1, 244, 245, -1, 259, 280, 28.0, 17, MSapappp, 5884, 0, 0, 0, , 0, 0, 0, 0, 0, 
246, 1, 245, 246, -1, 284, 283, 23.0, 15, MSapapap, 5825, 0, 0, 0, , 0, 0, 0, 0, 0, 
247, 1, 246, 247, -1, 307, 268, 23.0, 17, MSapapaa, 5643, 0, 0, 0, , 0, 0, 0, 0, 0, 
248, 1, 247, 248, -1, 289, 278, 19.0, 17, MSapaap, 7766, 0, 0, 0, , 0, 0, 0, 0, 0, 
249, 1, 248, 249, -1, 334, 250, 19.0, 15, MSapaaaa, 4342, 0, 0, 0, , 0, 0, 0, 0, 0, 
250, 1, 249, 250, -1, 317, 261, 20.0, 15, MSapaaap, 6001, 0, 0, 0, , 0, 0, 0, 0, 0, 
251, 1, 250, 251, -1, 321, 221, 27.0, 19, MSaaaaap, 10016, 0, 0, 0, , 0, 0, 0, 0, 0, 
252, 1, 251, 252, -1, 340, 213, 22.0, 15, MSaaaaaa, 4417, 0, 0, 0, , 0, 0, 0, 0, 0, 
253, 1, 252, 253, -1, 302, 222, 29.0, 17, MSaaaapa, 6499, 0, 0, 0, , 0, 0, 0, 0, 0, 
254, 1, 253, 254, -1, 283, 236, 29.0, 15, MSaaaapp, 6779, 0, 0, 0, , 0, 0, 0, 0, 0, 
255, 1, 254, 255, -1, 283, 239, 24.0, 17, MSaaapap, 6000, 0, 0, 0, , 0, 0, 0, 0, 0, 
256, 1, 255, 256, -1, 306, 238, 25.0, 19, MSaaapaa, 9320, 0, 0, 0, , 0, 0, 0, 0, 0, 
257, 1, 256, 257, -1, 266, 245, 27.0, 17, MSaaapp, 7153, 0, 0, 0, , 0, 0, 0, 0, 0, 
258, 1, 257, 258, -1, 207, 309, 16.0, 17, MSaappp, 9307, 0, 0, 0, , 0, 0, 0, 0, 0, 
259, 1, 258, 259, -1, 212, 290, 14.0, 17, MSaappa, 9094, 0, 0, 0, , 0, 0, 0, 0, 0, 
260, 1, 259, 260, -1, 269, 265, 19.0, 17, MSaapaaa, 6002, 0, 0, 0, , 0, 0, 0, 0, 0, 
261, 1, 260, 261, -1, 228, 280, 16.0, 15, MSaapapp, 5947, 0, 0, 0, , 0, 0, 0, 0, 0, 
262, 1, 261, 262, -1, 249, 267, 18.0, 15, MSaapapa, 5532, 0, 0, 0, , 0, 0, 0, 0, 0, 
263, 1, 262, 263, -1, 228, 276, 23.0, 19, Ealpa, 9313, 0, 0, 0, , 0, 0, 0, 0, 0, 
264, 1, 263, 264, -1, 198, 285, 23.0, 19, Ealpp, 10728, 0, 0, 0, , 0, 0, 0, 0, 0, 
265, 1, 264, 265, -1, 135, 300, 24.0, 19, Eplpa, 9951, 0, 0, 0, , 0, 0, 0, 0, 0, 
266, 1, 265, 266, -1, 145, 337, 21.0, 19, Cappap, 6878, 0, 0, 0, , 0, 0, 0, 0, 0, 
267, 1, 266, 267, -1, 160, 322, 23.0, 17, Cappaa, 7874, 0, 0, 0, , 0, 0, 0, 0, 0, 
268, 1, 267, 268, -1, 130, 342, 20.0, 15, Capppa, 6123, 0, 0, 0, , 0, 0, 0, 0, 0, 
269, 1, 268, 269, -1, 121, 319, 14.0, 17, Capppp, 3861, 0, 0, 0, , 0, 0, 0, 0, 0, 
270, 1, 269, 270, -1, 167, 319, 19.0, 15, Capapa, 4538, 0, 0, 0, , 0, 0, 0, 0, 0, 
271, 1, 270, 271, -1, 140, 320, 15.0, 15, Capapp, 4184, 0, 0, 0, , 0, 0, 0, 0, 0, 
272, 1, 271, 272, -1, 160, 305, 15.0, 15, Capaap, 6398, 0, 0, 0, , 0, 0, 0, 0, 0, 
273, 1, 272, 273, -1, 192, 317, 20.0, 19, Capaaa, 7963, 0, 0, 0, , 0, 0, 0, 0, 0, 
274, 1, 273, 274, -1, 87, 333, 26.0, 19, Caaapp, 7965, 0, 0, 0, , 0, 0, 0, 0, 0, 
275, 1, 274, 275, -1, 94, 335, 15.0, 19, Caappd, 7687, 0, 0, 0, , 0, 0, 0, 0, 0, 
276, 1, 275, 276, -1, 91, 322, 11.0, 17, Caappv, 5492, 0, 0, 0, , 0, 0, 0, 0, 0, 
277, 1, 276, 277, -1, 101, 315, 12.0, 21, Caapa, 8207, 0, 0, 0, , 0, 0, 0, 0, 0, 
278, 1, 277, 278, -1, 71, 303, 17.0, 17, Cpappd, 7071, 0, 0, 0, , 0, 0, 0, 0, 0, 
279, 1, 278, 279, -1, 80, 308, 12.0, 15, Cpappv, 5540, 0, 0, 0, , 0, 0, 0, 0, 0, 
280, 1, 279, 280, -1, 80, 328, 19.0, 19, Cpapaa, 9593, 0, 0, 0, , 0, 0, 0, 0, 0, 
281, 1, 280, 281, -1, 80, 301, 27.0, 19, Cpaapp, 9604, 0, 0, 0, , 0, 0, 0, 0, 0, 
282, 1, 281, 282, -1, 147, 271, 15.0, 19, Cppaap, 5483, 0, 0, 0, , 0, 0, 0, 0, 0, 
283, 1, 282, 283, -1, 154, 235, 18.0, 17, Cppaaa, 8448, 0, 0, 0, , 0, 0, 0, 0, 0, 
284, 1, 283, 284, -1, 132, 246, 18.0, 17, Cppapa, 8796, 0, 0, 0, , 0, 0, 0, 0, 0, 
285, 1, 284, 285, -1, 120, 270, 15.0, 21, Cppapp, 18125, 0, 0, 0, , 0, 0, 0, 0, 0, 
286, 1, 285, 286, -1, 127, 241, 22.0, 19, Cpppaa, 14976, 0, 0, 0, , 0, 0, 0, 0, 0, 
287, 1, 286, 287, -1, 111, 260, 19.0, 19, Cpppap, 7833, 0, 0, 0, , 0, 0, 0, 0, 0, 
288, 1, 287, 288, -1, 220, 318, 22.0, 19, Daap, 9702, 0, 0, 0, , 0, 0, 0, 0, 0, 
289, 1, 288, 289, -1, 240, 314, 24.0, 17, Daaa, 8541, 0, 0, 0, , 0, 0, 0, 0, 0, 
290, 1, 289, 290, -1, 183, 326, 25.0, 21, Dapp, 19754, 0, 0, 0, , 0, 0, 0, 0, 0, 
291, 1, 290, 291, -1, 183, 225, 17.0, 19, Dpap, 8125, 0, 0, 0, , 0, 0, 0, 0, 0, 
292, 1, 291, 292, -1, 194, 203, 20.0, 17, Dpaa, 8254, 0, 0, 0, , 0, 0, 0, 0, 0, 
293, 1, 292, 293, -1, 149, 235, 24.0, 21, Dppp, 27871, 0, 0, 0, , 0, 0, 0, 0, 0, 
294, 1, 293, 294, -1, 166, 212, 21.0, 19, Dppa, 9045, 0, 0, 0, , 0, 0, 0, 0, 0, 
295, 1, 294, 295, -1, 186, 287, 17.0, 19, Z3, 23396, 0, 0, 0, , 0, 0, 0, 0, 0, 
296, 1, 295, 296, -1, 154, 284, 18.0, 21, Z2, 13594, 0, 0, 0, , 0, 0, 0, 0, 0, 
297, 0, 296, -1, -1, 381, 244, 24.0, 15, , 9167, 0, 0, 0, , 0, 0, 0, 0, 0, 
298, 1, 297, 298, -1, 319, 298, 26.0, 17, ABalpppapp, 8187, 0, 0, 0, , 0, 0, 0, 0, 0, 
299, 1, 298, 299, -1, 299, 297, 26.0, 15, ABalpppppa, 6714, 0, 0, 0, , 0, 0, 0, 0, 0, 
300, 1, 299, 300, -1, 281, 300, 29.0, 21, ABalpppppp, 24483, 0, 0, 0, , 0, 0, 0, 0, 0, 
301, 1, 300, 301, -1, 315, 280, 29.0, 17, ABalppppap, 5839, 0, 0, 0, , 0, 0, 0, 0, 0, 
302, 1, 301, 302, -1, 326, 276, 24.0, 15, ABalppppaa, 6371, 0, 0, 0, , 0, 0, 0, 0, 0, 
303, 1, 302, 303, -1, 344, 281, 22.0, 15, ABalpppaaa, 6324, 0, 0, 0, , 0, 0, 0, 0, 0, 
304, 1, 303, 304, -1, 338, 287, 28.0, 15, ABalpppaap, 6874, 0, 0, 0, , 0, 0, 0, 0, 0, 
305, 1, 304, 305, -1, 326, 295, 22.0, 15, ABalpppapa, 8810, 0, 0, 0, , 0, 0, 0, 0, 0, 
306, 1, 305, 306, -1, 354, 252, 19.0, 13, ABalppaaaa, 5760, 0, 0, 0, , 0, 0, 0, 0, 0, 
307, 1, 306, 307, -1, 348, 268, 19.0, 15, ABalppaaap, 6876, 0, 0, 0, , 0, 0, 0, 0, 0, 
308, 1, 307, 308, -1, 327, 294, 18.0, 17, ABalppaapp, 5461, 0, 0, 0, , 0, 0, 0, 0, 0, 
309, 1, 308, 309, -1, 329, 282, 17.0, 13, ABalppaapa, 5505, 0, 0, 0, , 0, 0, 0, 0, 0, 
310, 1, 309, 310, -1, 275, 315, 14.0, 17, ABalppappp, 8563, 0, 0, 0, , 0, 0, 0, 0, 0, 
311, 1, 310, 311, -1, 290, 299, 14.0, 17, ABalppappa, 7551, 0, 0, 0, , 0, 0, 0, 0, 0, 
312, 1, 311, 312, -1, 302, 289, 12.0, 15, ABalppapap, 7394, 0, 0, 0, , 0, 0, 0, 0, 0, 
313, 1, 312, 313, -1, 312, 278, 11.0, 17, ABalppapaa, 7823, 0, 0, 0, , 0, 0, 0, 0, 0, 
314, 1, 313, 314, -1, 278, 290, 11.0, 19, ABalpapapa, 9192, 0, 0, 0, , 0, 0, 0, 0, 0, 
315, 1, 314, 315, -1, 261, 309, 11.0, 17, ABalpapapp, 9388, 0, 0, 0, , 0, 0, 0, 0, 0, 
316, 1, 315, 316, -1, 287, 274, 10.0, 15, ABalpapaap, 6880, 0, 0, 0, , 0, 0, 0, 0, 0, 
317, 1, 316, 317, -1, 302, 257, 10.0, 17, ABalpapaaa, 8668, 0, 0, 0, , 0, 0, 0, 0, 0, 
318, 1, 317, 318, -1, 266, 267, 11.0, 17, ABalpappap, 9296, 0, 0, 0, , 0, 0, 0, 0, 0, 
319, 1, 318, 319, -1, 284, 253, 11.0, 15, ABalpappaa, 6973, 0, 0, 0, , 0, 0, 0, 0, 0, 
320, 1, 319, 320, -1, 251, 279, 14.0, 19, ABalpapppp, 15154, 0, 0, 0, , 0, 0, 0, 0, 0, 
321, 1, 320, 321, -1, 275, 269, 15.0, 17, ABalpapppa, 8730, 0, 0, 0, , 0, 0, 0, 0, 0, 
322, 1, 321, 322, -1, 292, 259, 17.0, 15, ABalpaaapp, 6870, 0, 0, 0, , 0, 0, 0, 0, 0, 
323, 1, 322, 323, -1, 301, 249, 14.0, 15, ABalpaaapa, 7311, 0, 0, 0, , 0, 0, 0, 0, 0, 
324, 1, 323, 324, -1, 311, 235, 10.0, 15, ABalpaaaap, 5896, 0, 0, 0, , 0, 0, 0, 0, 0, 
325, 1, 324, 325, -1, 334, 241, 12.0, 15, ABalpaaaaa, 7706, 0, 0, 0, , 0, 0, 0, 0, 0, 
326, 1, 325, 326, -1, 315, 267, 14.0, 15, ABalpaappp, 6280, 0, 0, 0, , 0, 0, 0, 0, 0, 
327, 1, 326, 327, -1, 331, 257, 12.0, 17, ABalpaappa, 7898, 0, 0, 0, , 0, 0, 0, 0, 0, 
328, 1, 327, 328, -1, 316, 239, 15.0, 19, ABalpaapap, 9066, 0, 0, 0, , 0, 0, 0, 0, 0, 
329, 1, 328, 329, -1, 336, 223, 15.0, 15, ABalpaapaa, 6263, 0, 0, 0, , 0, 0, 0, 0, 0, 
330, 1, 329, 330, -1, 179, 243, 26.0, 19, Epraa, 9273, 0, 0, 0, , 0, 0, 0, 0, 0, 
331, 1, 330, 331, -1, 145, 257, 26.0, 16, Eprap, 5286, 0, 0, 0, , 0, 0, 0, 0, 0, 
332, 1, 331, 332, -1, 226, 221, 22.0, 13, MSpaapp, 5360, 0, 0, 0, , 0, 0, 0, 0, 0, 
333, 1, 332, 333, -1, 169, 259, 22.0, 21, Earpp, 12320, 0, 0, 0, , 0, 0, 0, 0, 0, 
334, 1, 333, 334, -1, 208, 267, 28.0, 21, Ealap, 10614, 0, 0, 0, , 0, 0, 0, 0, 0, 
335, 1, 334, 335, -1, 246, 256, 29.0, 21, Ealaa, 38069, 0, 0, 0, , 0, 0, 0, 0, 0, 
336, 1, 335, 336, -1, 188, 278, 29.0, 23, Eplaa, 31251, 0, 0, 0, , 0, 0, 0, 0, 0, 
337, 1, 336, 337, -1, 157, 295, 26.0, 21, Eplap, 40888, 0, 0, 0, , 0, 0, 0, 0, 0, 
338, 1, 337, 338, -1, 119, 292, 20.0, 21, Eprpp, 34528, 0, 0, 0, , 0, 0, 0, 0, 0, 
339, 1, 338, 339, -1, 204, 330, 27.0, 16, Dapa, 5670, 0, 0, 0, , 0, 0, 0, 0, 0, 
340, 1, 339, 340, -1, 253, 266, 23.0, 19, MSaapaap, 8548, 0, 0, 0, , 0, 0, 0, 0, 0, 
341, 1, 340, 341, -1, 134, 228, 32.0, 15, ABarpppapp, 4487, 0, 0, 0, , 0, 0, 0, 0, 0, 
342, 1, 341, 342, -1, 227, 329, 11.0, 15, ABplppaapa, 7073, 0, 0, 0, , 0, 0, 0, 0, 0, 
343, 1, 342, 343, -1, 68, 301, 22.0, 17, Cpapap, 6953, 0, 0, 0, , 0, 0, 0, 0, 0, 
344, 1, 343, 344, -1, 245, 230, 24.0, 19, Earaa, 12465, 0, 0, 0, , 0, 0, 0, 0, 0, 
345, 1, 344, 345, -1, 350, 243, 16.0, 15, ABalaaaala, 6045, 0, 0, 0, , 0, 0, 0, 0, 0, 
346, 1, 345, 346, -1, 247, 187, 35.0, 15, ABarpappaa, 5437, 0, 0, 0, , 0, 0, 0, 0, 0, 
347, 1, 346, 347, -1, 348, 189, 24.0, 15, ABalappaaa, 4491, 0, 0, 0, , 0, 0, 0, 0, 0, 
348, 1, 347, 348, -1, 93, 271, 19.0, 15, Cppppa, 7075, 0, 0, 0, , 0, 0, 0, 0, 0, 
349, 1, 348, 349, -1, 105, 298, 15.0, 19, Cppppp, 8438, 0, 0, 0, , 0, 0, 0, 0, 0, 
350, 1, 349, 350, -1, 270, 169, 17.0, 15, ABalaapapp, 6643, 0, 0, 0, , 0, 0, 0, 0, 0, 
351, 1, 350, 351, -1, 167, 224, 34.0, 17, ABarpppapa, 3654, 0, 0, 0, , 0, 0, 0, 0, 0, 
352, 1, 351, 352, -1, 208, 246, 20.0, 19, Earpa, 9507, 0, 0, 0, , 0, 0, 0, 0, 0, 
353, 1, 352, 353, -1, 126, 315, 20.0, 19, Eplpp, 12073, 0, 0, 0, , 0, 0, 0, 0, 0, 
354, 1, 353, 354, -1, 229, 203, 26.0, 15, MSppappp, 5767, 0, 0, 0, , 0, 0, 0, 0, 0, 
355, 1, 354, 355, -1, 130, 272, 25.0, 23, Eprpa, 35053, 0, 0, 0, , 0, 0, 0, 0, 0, 
356, 1, 355, 356, -1, 210, 238, 34.0, 15, ABarpaappa, 4400, 0, 0, 0, , 0, 0, 0, 0, 0, 
357, 1, 356, 357, -1, 100, 277, 32.0, 19, Cpaapa, 6216, 0, 0, 0, , 0, 0, 0, 0, 0, 
358, 1, 358, 358, -1, 190, 301, 34.0, 19, ABarppaapa, 4350, 0, 0, 0, , 0, 0, 0, 0, 0, 
359, 1, 359, 359, -1, 118, 257, 33.0, 21, Cpaaap, 2212, 0, 0, 0, , 0, 0, 0, 0, 0, 
360, 1, 360, 360, -1, 153, 251, 33.0, 19, Cpaaaa, 1852, 0, 0, 0, , 0, 0, 0, 0, 0, 
361, 1, 361, 361, -1, 108, 324, 32.0, 20, Caaapa, 2055, 0, 0, 0, , 0, 0, 0, 0, 0, 
362, 1, 362, 362, -1, 126, 302, 33.0, 15, Caaaap, 0, 0, 0, 0, , 0, 0, 0, 0, 0, 
363, 1, 357, 363, -1, 159, 302, 33.0, 19, Caaaaa, 1825, 0, 0, 0, , 0, 0, 0, 0, 0, 
