1, 1, 1, 1, -1, 307, 206, 21.0, 15, ABaraappaa, 8098, 0, 0, 0, , 0, 0, 0, 0, 0, 
2, 1, 2, 2, -1, 284, 212, 19.0, 17, ABaraappap, 10030, 0, 0, 0, , 0, 0, 0, 0, 0, 
3, 1, 3, 3, -1, 267, 225, 18.0, 19, ABaraapppa, 11863, 0, 0, 0, , 0, 0, 0, 0, 0, 
4, 1, 4, 4, -1, 246, 224, 19.0, 15, ABaraapppp, 8336, 0, 0, 0, , 0, 0, 0, 0, 0, 
5, 1, 5, 5, -1, 273, 263, 23.0, 15, ABaraapapp, 10214, 0, 0, 0, , 0, 0, 0, 0, 0, 
6, 1, 6, 6, -1, 285, 253, 20.0, 19, ABaraapapa, 11191, 0, 0, 0, , 0, 0, 0, 0, 0, 
7, 1, 7, 7, -1, 320, 221, 20.0, 15, ABaraapaaa, 9056, 0, 0, 0, , 0, 0, 0, 0, 0, 
8, 1, 8, 8, -1, 303, 233, 22.0, 17, ABaraapaap, 12965, 0, 0, 0, , 0, 0, 0, 0, 0, 
9, 1, 9, 9, -1, 299, 199, 11.0, 15, ABaraaappa, 7661, 0, 0, 0, , 0, 0, 0, 0, 0, 
10, 1, 10, 10, -1, 279, 204, 10.0, 15, ABaraaappp, 7111, 0, 0, 0, , 0, 0, 0, 0, 0, 
11, 1, 11, 11, -1, 320, 210, 16.0, 15, ABaraaapaa, 6650, 0, 0, 0, , 0, 0, 0, 0, 0, 
12, 1, 12, 12, -1, 301, 218, 15.0, 17, ABaraaapap, 5293, 0, 0, 0, , 0, 0, 0, 0, 0, 
13, 1, 13, 13, -1, 339, 211, 15.0, 15, ABaraaaaaa, 7399, 0, 0, 0, , 0, 0, 0, 0, 0, 
14, 1, 14, 14, -1, 314, 197, 15.0, 15, ABaraaaaap, 6718, 0, 0, 0, , 0, 0, 0, 0, 0, 
15, 1, 15, 15, -1, 326, 225, 24.0, 15, ABaraaaapp, 7946, 0, 0, 0, , 0, 0, 0, 0, 0, 
16, 1, 16, 16, -1, 332, 203, 19.0, 15, ABaraaaapa, 7510, 0, 0, 0, , 0, 0, 0, 0, 0, 
17, 1, 17, 17, -1, 247, 246, 10.0, 15, ABarapapap, 10355, 0, 0, 0, , 0, 0, 0, 0, 0, 
18, 1, 18, 18, -1, 263, 233, 11.0, 15, ABarapapaa, 7890, 0, 0, 0, , 0, 0, 0, 0, 0, 
19, 1, 19, 19, -1, 209, 257, 14.0, 13, ABarapapppp, 5660, 0, 0, 0, , 0, 0, 0, 0, 0, 
20, 1, 20, 20, -1, 235, 242, 13.0, 13, ABarapapppa, 4562, 0, 0, 0, , 0, 0, 0, 0, 0, 
21, 1, 21, 21, -1, 252, 234, 14.0, 17, ABarapappa, 8281, 0, 0, 0, , 0, 0, 0, 0, 0, 
22, 1, 22, 22, -1, 278, 234, 10.0, 15, ABarapaaap, 10101, 0, 0, 0, , 0, 0, 0, 0, 0, 
23, 1, 23, 23, -1, 292, 229, 11.0, 17, ABarapaaaa, 9248, 0, 0, 0, , 0, 0, 0, 0, 0, 
24, 1, 24, 24, -1, 287, 217, 13.0, 15, ABarapaapa, 10117, 0, 0, 0, , 0, 0, 0, 0, 0, 
25, 1, 25, 25, -1, 267, 225, 15.0, 19, ABarapaapp, 15882, 0, 0, 0, , 0, 0, 0, 0, 0, 
26, 1, 26, 26, -1, 239, 207, 10.0, 15, ABarapppap, 8335, 0, 0, 0, , 0, 0, 0, 0, 0, 
27, 1, 27, 27, -1, 264, 189, 11.0, 15, ABarapppaa, 8937, 0, 0, 0, , 0, 0, 0, 0, 0, 
28, 1, 28, 28, -1, 238, 196, 12.0, 17, ABarappppa, 7883, 0, 0, 0, , 0, 0, 0, 0, 0, 
29, 1, 29, 29, -1, 214, 196, 11.0, 15, ABarappppp, 8501, 0, 0, 0, , 0, 0, 0, 0, 0, 
30, 1, 30, 30, -1, 258, 213, 11.0, 15, ABarappaaa, 8810, 0, 0, 0, , 0, 0, 0, 0, 0, 
31, 1, 31, 31, -1, 234, 228, 10.0, 15, ABarappaap, 8249, 0, 0, 0, , 0, 0, 0, 0, 0, 
32, 1, 32, 32, -1, 217, 219, 10.0, 17, ABarappapa, 10353, 0, 0, 0, , 0, 0, 0, 0, 0, 
33, 1, 33, 33, -1, 195, 222, 10.0, 17, ABarappapp, 9197, 0, 0, 0, , 0, 0, 0, 0, 0, 
34, 1, 34, 34, -1, 209, 180, 31.0, 17, ABarpapppa, 6912, 0, 0, 0, , 0, 0, 0, 0, 0, 
35, 1, 35, 35, -1, 195, 194, 32.0, 19, ABarpapppp, 5855, 0, 0, 0, , 0, 0, 0, 0, 0, 
36, 1, 36, 36, -1, 229, 185, 33.0, 17, ABarpappap, 4965, 0, 0, 0, , 0, 0, 0, 0, 0, 
37, 1, 37, 37, -1, 291, 185, 35.0, 17, ABarpapaaa, 4989, 0, 0, 0, , 0, 0, 0, 0, 0, 
38, 1, 38, 38, -1, 275, 194, 33.0, 15, ABarpapaap, 6322, 0, 0, 0, , 0, 0, 0, 0, 0, 
39, 1, 39, 39, -1, 234, 212, 33.0, 17, ABarpapapp, 7540, 0, 0, 0, , 0, 0, 0, 0, 0, 
40, 1, 40, 40, -1, 266, 208, 33.0, 15, ABarpapapa, 5653, 0, 0, 0, , 0, 0, 0, 0, 0, 
41, 1, 41, 41, -1, 194, 268, 34.0, 19, ABarpaappp, 4339, 0, 0, 0, , 0, 0, 0, 0, 0, 
42, 1, 42, 42, -1, 256, 226, 34.0, 15, ABarpaapaa, 6133, 0, 0, 0, , 0, 0, 0, 0, 0, 
43, 1, 43, 43, -1, 235, 238, 34.0, 19, ABarpaapap, 6485, 0, 0, 0, , 0, 0, 0, 0, 0, 
44, 1, 44, 44, -1, 322, 203, 33.0, 15, ABarpaaaaa, 6229, 0, 0, 0, , 0, 0, 0, 0, 0, 
45, 1, 45, 45, -1, 311, 222, 34.0, 15, ABarpaaaap, 4188, 0, 0, 0, , 0, 0, 0, 0, 0, 
46, 1, 46, 46, -1, 282, 220, 34.0, 13, ABarpaaapp, 3418, 0, 0, 0, , 0, 0, 0, 0, 0, 
47, 1, 47, 47, -1, 298, 209, 34.0, 15, ABarpaaapa, 6231, 0, 0, 0, , 0, 0, 0, 0, 0, 
48, 1, 48, 48, -1, 218, 304, 34.0, 15, ABarppaaap, 4321, 0, 0, 0, , 0, 0, 0, 0, 0, 
49, 1, 49, 49, -1, 225, 282, 34.0, 13, ABarppaaaa, 3595, 0, 0, 0, , 0, 0, 0, 0, 0, 
50, 1, 50, 50, -1, 169, 330, 33.0, 17, ABarppaapp, 5739, 0, 0, 0, , 0, 0, 0, 0, 0, 
51, 1, 51, 51, -1, 146, 346, 30.0, 17, ABarppappa, 6347, 0, 0, 0, , 0, 0, 0, 0, 0, 
52, 1, 52, 52, -1, 113, 351, 24.0, 17, ABarppappp, 7573, 0, 0, 0, , 0, 0, 0, 0, 0, 
53, 1, 53, 53, -1, 188, 346, 31.0, 17, ABarppapap, 6509, 0, 0, 0, , 0, 0, 0, 0, 0, 
54, 1, 54, 54, -1, 207, 331, 34.0, 17, ABarppapaa, 5542, 0, 0, 0, , 0, 0, 0, 0, 0, 
55, 1, 55, 55, -1, 76, 277, 24.0, 17, ABarpppppp, 6095, 0, 0, 0, , 0, 0, 0, 0, 0, 
56, 1, 56, 56, -1, 103, 246, 30.0, 19, ABarpppppa, 5563, 0, 0, 0, , 0, 0, 0, 0, 0, 
57, 1, 57, 57, -1, 150, 203, 29.0, 15, ABarppppaa, 5554, 0, 0, 0, , 0, 0, 0, 0, 0, 
58, 1, 58, 58, -1, 125, 217, 27.0, 15, ABarppppap, 6139, 0, 0, 0, , 0, 0, 0, 0, 0, 
59, 1, 59, 59, -1, 175, 204, 33.0, 17, ABarpppaap, 5343, 0, 0, 0, , 0, 0, 0, 0, 0, 
60, 1, 60, 60, -1, 195, 210, 35.0, 15, ABarpppaaa, 5166, 0, 0, 0, , 0, 0, 0, 0, 0, 
61, 1, 61, 61, -1, 292, 177, 28.0, 19, ABalappppa, 6102, 0, 0, 0, , 0, 0, 0, 0, 0, 
62, 1, 62, 62, -1, 260, 181, 33.0, 17, ABalappppp, 4827, 0, 0, 0, , 0, 0, 0, 0, 0, 
63, 1, 63, 63, -1, 321, 190, 28.0, 17, ABalapppaa, 5522, 0, 0, 0, , 0, 0, 0, 0, 0, 
64, 1, 64, 64, -1, 301, 193, 31.0, 19, ABalapppap, 5743, 0, 0, 0, , 0, 0, 0, 0, 0, 
65, 1, 65, 65, -1, 324, 176, 25.0, 15, ABalappapa, 5448, 0, 0, 0, , 0, 0, 0, 0, 0, 
66, 1, 66, 66, -1, 344, 208, 26.0, 19, ABalappaap, 12421, 0, 0, 0, , 0, 0, 0, 0, 0, 
67, 1, 67, 67, -1, 305, 173, 26.0, 17, ABalappapp, 5742, 0, 0, 0, , 0, 0, 0, 0, 0, 
68, 1, 68, 68, -1, 310, 260, 32.0, 17, ABalapappp, 6573, 0, 0, 0, , 0, 0, 0, 0, 0, 
69, 1, 69, 69, -1, 333, 260, 29.0, 17, ABalapappa, 6285, 0, 0, 0, , 0, 0, 0, 0, 0, 
70, 1, 70, 70, -1, 331, 219, 30.0, 13, ABalapapaa, 4732, 0, 0, 0, , 0, 0, 0, 0, 0, 
71, 1, 71, 71, -1, 324, 234, 31.0, 15, ABalapapap, 3988, 0, 0, 0, , 0, 0, 0, 0, 0, 
72, 1, 72, 72, -1, 351, 229, 25.0, 15, ABalapaaaa, 7468, 0, 0, 0, , 0, 0, 0, 0, 0, 
73, 1, 73, 73, -1, 345, 247, 27.0, 17, ABalapaaap, 6955, 0, 0, 0, , 0, 0, 0, 0, 0, 
74, 1, 74, 74, -1, 341, 258, 22.0, 15, ABalapaapa, 8585, 0, 0, 0, , 0, 0, 0, 0, 0, 
75, 1, 75, 75, -1, 338, 263, 26.0, 19, ABalapaapp, 7631, 0, 0, 0, , 0, 0, 0, 0, 0, 
76, 1, 76, 76, -1, 305, 181, 14.0, 15, ABalaapaaa, 5321, 0, 0, 0, , 0, 0, 0, 0, 0, 
77, 1, 77, 77, -1, 273, 176, 13.0, 13, ABalaapapa, 6278, 0, 0, 0, , 0, 0, 0, 0, 0, 
78, 1, 78, 78, -1, 288, 182, 12.0, 15, ABalaapaap, 4967, 0, 0, 0, , 0, 0, 0, 0, 0, 
79, 1, 79, 79, -1, 287, 179, 18.0, 15, ABalaappap, 5741, 0, 0, 0, , 0, 0, 0, 0, 0, 
80, 1, 80, 80, -1, 292, 167, 16.0, 13, ABalaappaa, 4591, 0, 0, 0, , 0, 0, 0, 0, 0, 
81, 1, 81, 81, -1, 299, 167, 22.0, 15, ABalaapppp, 7235, 0, 0, 0, , 0, 0, 0, 0, 0, 
82, 1, 82, 82, -1, 306, 178, 20.0, 15, ABalaapppa, 5045, 0, 0, 0, , 0, 0, 0, 0, 0, 
83, 1, 83, 83, -1, 335, 267, 15.0, 17, ABalaaaalp, 6072, 0, 0, 0, , 0, 0, 0, 0, 0, 
84, 1, 84, 84, -1, 333, 189, 17.0, 15, ABalaaaarr, 6716, 0, 0, 0, , 0, 0, 0, 0, 0, 
85, 1, 85, 85, -1, 350, 221, 17.0, 17, ABalaaaarl, 6863, 0, 0, 0, , 0, 0, 0, 0, 0, 
86, 1, 86, 86, -1, 331, 181, 22.0, 15, ABalaaappl, 6972, 0, 0, 0, , 0, 0, 0, 0, 0, 
87, 1, 87, 87, -1, 316, 175, 17.0, 17, ABalaaappr, 6394, 0, 0, 0, , 0, 0, 0, 0, 0, 
88, 1, 88, 88, -1, 352, 204, 22.0, 15, ABalaaapar, 6840, 0, 0, 0, , 0, 0, 0, 0, 0, 
89, 1, 89, 89, -1, 350, 233, 21.0, 15, ABalaaapal, 7595, 0, 0, 0, , 0, 0, 0, 0, 0, 
90, 1, 90, 90, -1, 165, 321, 11.0, 17, ABplppppap, 8820, 0, 0, 0, , 0, 0, 0, 0, 0, 
91, 1, 91, 91, -1, 187, 312, 10.0, 17, ABplppppaa, 7693, 0, 0, 0, , 0, 0, 0, 0, 0, 
92, 1, 92, 92, -1, 128, 311, 10.0, 15, ABplpppppp, 6889, 0, 0, 0, , 0, 0, 0, 0, 0, 
93, 1, 93, 93, -1, 150, 303, 12.0, 15, ABplpppppa, 6888, 0, 0, 0, , 0, 0, 0, 0, 0, 
94, 1, 94, 94, -1, 140, 327, 10.0, 13, ABplpppapp, 6704, 0, 0, 0, , 0, 0, 0, 0, 0, 
95, 1, 95, 95, -1, 149, 336, 11.0, 17, ABplpppapa, 7017, 0, 0, 0, , 0, 0, 0, 0, 0, 
96, 1, 96, 96, -1, 170, 343, 13.0, 15, ABplpppaap, 7784, 0, 0, 0, , 0, 0, 0, 0, 0, 
97, 1, 97, 97, -1, 185, 332, 12.0, 15, ABplpppaaa, 6672, 0, 0, 0, , 0, 0, 0, 0, 0, 
98, 1, 98, 98, -1, 193, 342, 15.0, 15, ABplppappp, 8010, 0, 0, 0, , 0, 0, 0, 0, 0, 
99, 1, 99, 99, -1, 212, 337, 15.0, 17, ABplppappa, 15315, 0, 0, 0, , 0, 0, 0, 0, 0, 
100, 1, 100, 100, -1, 246, 335, 16.0, 17, ABplppapaa, 13328, 0, 0, 0, , 0, 0, 0, 0, 0, 
101, 1, 101, 101, -1, 225, 340, 16.0, 15, ABplppapap, 7531, 0, 0, 0, , 0, 0, 0, 0, 0, 
102, 1, 102, 102, -1, 206, 326, 11.0, 15, ABplppaapp, 7648, 0, 0, 0, , 0, 0, 0, 0, 0, 
103, 1, 103, 103, -1, 259, 324, 19.0, 17, ABplppaaaa, 6372, 0, 0, 0, , 0, 0, 0, 0, 0, 
104, 1, 104, 104, -1, 260, 338, 20.0, 15, ABplppaaap, 7195, 0, 0, 0, , 0, 0, 0, 0, 0, 
105, 1, 105, 105, -1, 235, 276, 11.0, 16, ABplpappaa, 7057, 0, 0, 0, , 0, 0, 0, 0, 0, 
106, 1, 106, 106, -1, 218, 275, 12.0, 13, ABplpappap, 6925, 0, 0, 0, , 0, 0, 0, 0, 0, 
107, 1, 107, 107, -1, 169, 300, 10.0, 17, ABplpapppp, 7357, 0, 0, 0, , 0, 0, 0, 0, 0, 
108, 1, 108, 108, -1, 193, 285, 10.0, 17, ABplpapppa, 8218, 0, 0, 0, , 0, 0, 0, 0, 0, 
109, 1, 109, 109, -1, 211, 304, 11.0, 15, ABplpapapp, 7381, 0, 0, 0, , 0, 0, 0, 0, 0, 
110, 1, 110, 110, -1, 231, 306, 12.0, 15, ABplpapapa, 5777, 0, 0, 0, , 0, 0, 0, 0, 0, 
111, 1, 111, 111, -1, 249, 311, 15.0, 17, ABplpapaap, 7296, 0, 0, 0, , 0, 0, 0, 0, 0, 
112, 1, 112, 112, -1, 260, 295, 15.0, 15, ABplpapaaa, 6984, 0, 0, 0, , 0, 0, 0, 0, 0, 
113, 1, 113, 113, -1, 275, 319, 16.0, 19, ABplpaaaap, 11808, 0, 0, 0, , 0, 0, 0, 0, 0, 
114, 1, 114, 114, -1, 298, 298, 17.0, 17, ABplpaaaaa, 8779, 0, 0, 0, , 0, 0, 0, 0, 0, 
115, 1, 115, 115, -1, 298, 312, 19.0, 15, ABplpaaapa, 8078, 0, 0, 0, , 0, 0, 0, 0, 0, 
116, 1, 116, 116, -1, 284, 320, 20.0, 17, ABplpaaapp, 7865, 0, 0, 0, , 0, 0, 0, 0, 0, 
117, 1, 117, 117, -1, 282, 309, 25.0, 17, ABplpaappa, 7593, 0, 0, 0, , 0, 0, 0, 0, 0, 
118, 1, 118, 118, -1, 273, 331, 24.0, 17, ABplpaappp, 7855, 0, 0, 0, , 0, 0, 0, 0, 0, 
119, 1, 119, 119, -1, 307, 299, 20.0, 15, ABplpaapaa, 6549, 0, 0, 0, , 0, 0, 0, 0, 0, 
120, 1, 120, 120, -1, 298, 319, 24.0, 17, ABplpaapap, 8708, 0, 0, 0, , 0, 0, 0, 0, 0, 
121, 1, 121, 121, -1, 267, 325, 31.0, 17, ABplaappap, 7939, 0, 0, 0, , 0, 0, 0, 0, 0, 
122, 1, 122, 122, -1, 297, 316, 29.0, 15, ABplaappaa, 6267, 0, 0, 0, , 0, 0, 0, 0, 0, 
123, 1, 123, 123, -1, 252, 336, 27.0, 17, ABplaapppa, 8542, 0, 0, 0, , 0, 0, 0, 0, 0, 
124, 1, 124, 124, -1, 231, 347, 25.0, 17, ABplaapppp, 9014, 0, 0, 0, , 0, 0, 0, 0, 0, 
125, 1, 125, 125, -1, 334, 269, 33.0, 17, ABplaapaaa, 8652, 0, 0, 0, , 0, 0, 0, 0, 0, 
126, 1, 126, 126, -1, 315, 279, 34.0, 17, ABplaapaap, 8147, 0, 0, 0, , 0, 0, 0, 0, 0, 
127, 1, 127, 127, -1, 288, 284, 32.0, 19, ABplaapapp, 15251, 0, 0, 0, , 0, 0, 0, 0, 0, 
128, 1, 128, 128, -1, 306, 294, 30.0, 17, ABplaapapa, 7686, 0, 0, 0, , 0, 0, 0, 0, 0, 
129, 1, 129, 129, -1, 307, 245, 35.0, 15, ABplaaaaap, 5856, 0, 0, 0, , 0, 0, 0, 0, 0, 
130, 1, 130, 130, -1, 327, 241, 35.0, 15, ABplaaaaaa, 4981, 0, 0, 0, , 0, 0, 0, 0, 0, 
131, 1, 131, 131, -1, 268, 252, 34.0, 15, ABplaaaapp, 7357, 0, 0, 0, , 0, 0, 0, 0, 0, 
132, 1, 132, 132, -1, 289, 237, 35.0, 17, ABplaaaapa, 6918, 0, 0, 0, , 0, 0, 0, 0, 0, 
133, 1, 133, 133, -1, 243, 292, 34.0, 15, ABplaaappp, 4796, 0, 0, 0, , 0, 0, 0, 0, 0, 
134, 1, 134, 134, -1, 261, 286, 33.0, 15, ABplaaappa, 6686, 0, 0, 0, , 0, 0, 0, 0, 0, 
135, 1, 135, 135, -1, 278, 274, 33.0, 15, ABplaaapap, 6439, 0, 0, 0, , 0, 0, 0, 0, 0, 
136, 1, 136, 136, -1, 292, 267, 36.0, 15, ABplaaapaa, 5560, 0, 0, 0, , 0, 0, 0, 0, 0, 
137, 1, 137, 137, -1, 129, 352, 14.0, 15, ABplappppa, 6664, 0, 0, 0, , 0, 0, 0, 0, 0, 
138, 1, 138, 138, -1, 119, 332, 11.0, 15, ABplappppp, 6889, 0, 0, 0, , 0, 0, 0, 0, 0, 
139, 1, 139, 139, -1, 170, 352, 18.0, 15, ABplapppaa, 5922, 0, 0, 0, , 0, 0, 0, 0, 0, 
140, 1, 140, 140, -1, 149, 346, 15.0, 15, ABplapppap, 7041, 0, 0, 0, , 0, 0, 0, 0, 0, 
141, 1, 141, 141, -1, 207, 351, 22.0, 17, ABplappaaa, 8379, 0, 0, 0, , 0, 0, 0, 0, 0, 
142, 1, 142, 142, -1, 186, 357, 23.0, 15, ABplappaap, 6940, 0, 0, 0, , 0, 0, 0, 0, 0, 
143, 1, 143, 143, -1, 161, 358, 22.0, 15, ABplappapp, 7458, 0, 0, 0, , 0, 0, 0, 0, 0, 
144, 1, 144, 144, -1, 171, 352, 27.0, 17, ABplappapa, 7634, 0, 0, 0, , 0, 0, 0, 0, 0, 
145, 1, 145, 145, -1, 208, 353, 28.0, 17, ABplapaapp, 7349, 0, 0, 0, , 0, 0, 0, 0, 0, 
146, 1, 146, 146, -1, 225, 341, 32.0, 15, ABplapaapa, 6312, 0, 0, 0, , 0, 0, 0, 0, 0, 
147, 1, 147, 147, -1, 243, 311, 31.0, 15, ABplapaaaa, 7353, 0, 0, 0, , 0, 0, 0, 0, 0, 
148, 1, 148, 148, -1, 229, 324, 32.0, 17, ABplapaaap, 7352, 0, 0, 0, , 0, 0, 0, 0, 0, 
149, 1, 149, 149, -1, 110, 347, 16.0, 17, ABplapappp, 7005, 0, 0, 0, , 0, 0, 0, 0, 0, 
150, 1, 150, 150, -1, 135, 361, 23.0, 17, ABplapapap, 8561, 0, 0, 0, , 0, 0, 0, 0, 0, 
151, 1, 151, 151, -1, 126, 362, 19.0, 17, ABplapappa, 9799, 0, 0, 0, , 0, 0, 0, 0, 0, 
152, 1, 152, 152, -1, 139, 356, 27.0, 17, ABplapapaa, 7832, 0, 0, 0, , 0, 0, 0, 0, 0, 
153, 1, 153, 153, -1, 212, 219, 13.0, 17, ABprpapaaa, 7375, 0, 0, 0, , 0, 0, 0, 0, 0, 
154, 1, 154, 154, -1, 188, 210, 12.0, 17, ABprpapaap, 6946, 0, 0, 0, , 0, 0, 0, 0, 0, 
155, 1, 155, 155, -1, 169, 248, 10.0, 17, ABprpapapp, 5657, 0, 0, 0, , 0, 0, 0, 0, 0, 
156, 1, 156, 156, -1, 185, 237, 11.0, 17, ABprpapapa, 7076, 0, 0, 0, , 0, 0, 0, 0, 0, 
157, 1, 157, 157, -1, 155, 282, 12.0, 15, ABprpapppp, 8054, 0, 0, 0, , 0, 0, 0, 0, 0, 
158, 1, 158, 158, -1, 178, 267, 11.0, 17, ABprpapppa, 7253, 0, 0, 0, , 0, 0, 0, 0, 0, 
159, 1, 159, 159, -1, 198, 262, 9.0, 17, ABprpappap, 8112, 0, 0, 0, , 0, 0, 0, 0, 0, 
160, 1, 160, 160, -1, 213, 244, 10.0, 17, ABprpappaa, 8386, 0, 0, 0, , 0, 0, 0, 0, 0, 
161, 1, 161, 161, -1, 245, 178, 13.0, 15, ABprpaaaaa, 7940, 0, 0, 0, , 0, 0, 0, 0, 0, 
162, 1, 162, 162, -1, 217, 179, 11.0, 19, ABprpaaaap, 7889, 0, 0, 0, , 0, 0, 0, 0, 0, 
163, 1, 163, 163, -1, 214, 177, 15.0, 17, ABprpaaapp, 8887, 0, 0, 0, , 0, 0, 0, 0, 0, 
164, 1, 164, 164, -1, 231, 181, 15.0, 15, ABprpaaapa, 7112, 0, 0, 0, , 0, 0, 0, 0, 0, 
165, 1, 165, 165, -1, 243, 174, 18.0, 17, ABprpaapaa, 7712, 0, 0, 0, , 0, 0, 0, 0, 0, 
166, 1, 166, 166, -1, 217, 165, 19.0, 15, ABprpaapap, 8572, 0, 0, 0, , 0, 0, 0, 0, 0, 
167, 1, 167, 167, -1, 197, 173, 17.0, 15, ABprpaappp, 7193, 0, 0, 0, , 0, 0, 0, 0, 0, 
168, 1, 168, 168, -1, 211, 177, 21.0, 17, ABprpaappa, 8340, 0, 0, 0, , 0, 0, 0, 0, 0, 
169, 1, 169, 169, -1, 108, 246, 11.0, 15, ABprpppaap, 6973, 0, 0, 0, , 0, 0, 0, 0, 0, 
170, 1, 170, 170, -1, 128, 235, 11.0, 17, ABprpppaaa, 6972, 0, 0, 0, , 0, 0, 0, 0, 0, 
171, 1, 171, 171, -1, 108, 264, 11.0, 17, ABprpppapa, 5926, 0, 0, 0, , 0, 0, 0, 0, 0, 
172, 1, 172, 172, -1, 112, 280, 9.0, 13, ABprpppapp, 4663, 0, 0, 0, , 0, 0, 0, 0, 0, 
173, 1, 173, 173, -1, 133, 257, 11.0, 17, ABprppppap, 7969, 0, 0, 0, , 0, 0, 0, 0, 0, 
174, 1, 174, 174, -1, 154, 258, 10.0, 15, ABprppppaa, 6263, 0, 0, 0, , 0, 0, 0, 0, 0, 
175, 1, 175, 175, -1, 125, 294, 11.0, 15, ABprpppppp, 6355, 0, 0, 0, , 0, 0, 0, 0, 0, 
176, 1, 176, 176, -1, 133, 278, 11.0, 15, ABprpppppa, 6556, 0, 0, 0, , 0, 0, 0, 0, 0, 
177, 1, 177, 177, -1, 166, 225, 11.0, 15, ABprppaapa, 5534, 0, 0, 0, , 0, 0, 0, 0, 0, 
178, 1, 178, 178, -1, 151, 236, 11.0, 15, ABprppaapp, 6499, 0, 0, 0, , 0, 0, 0, 0, 0, 
179, 1, 179, 179, -1, 190, 189, 12.0, 17, ABprppaaaa, 8127, 0, 0, 0, , 0, 0, 0, 0, 0, 
180, 1, 180, 180, -1, 179, 184, 17.0, 13, ABprppaaap, 5419, 0, 0, 0, , 0, 0, 0, 0, 0, 
181, 1, 181, 181, -1, 170, 198, 13.0, 15, ABprppapaa, 7117, 0, 0, 0, , 0, 0, 0, 0, 0, 
182, 1, 182, 182, -1, 154, 206, 12.0, 15, ABprppapap, 7562, 0, 0, 0, , 0, 0, 0, 0, 0, 
183, 1, 183, 183, -1, 119, 226, 13.0, 17, ABprppappp, 7131, 0, 0, 0, , 0, 0, 0, 0, 0, 
184, 1, 184, 184, -1, 140, 216, 12.0, 15, ABprppappa, 7129, 0, 0, 0, , 0, 0, 0, 0, 0, 
185, 1, 185, 185, -1, 296, 173, 32.0, 17, ABpraapaaa, 7771, 0, 0, 0, , 0, 0, 0, 0, 0, 
186, 1, 186, 186, -1, 268, 167, 30.0, 17, ABpraapaap, 9555, 0, 0, 0, , 0, 0, 0, 0, 0, 
187, 1, 187, 187, -1, 250, 171, 28.0, 17, ABpraapapa, 7250, 0, 0, 0, , 0, 0, 0, 0, 0, 
188, 1, 188, 188, -1, 233, 180, 30.0, 17, ABpraapapp, 9201, 0, 0, 0, , 0, 0, 0, 0, 0, 
189, 1, 189, 189, -1, 150, 192, 19.0, 17, ABpraapppp, 14227, 0, 0, 0, , 0, 0, 0, 0, 0, 
190, 1, 190, 190, -1, 174, 182, 21.0, 19, ABpraapppa, 7614, 0, 0, 0, , 0, 0, 0, 0, 0, 
191, 1, 191, 191, -1, 193, 173, 24.0, 19, ABpraappap, 8159, 0, 0, 0, , 0, 0, 0, 0, 0, 
192, 1, 192, 192, -1, 216, 163, 26.0, 15, ABpraappaa, 5582, 0, 0, 0, , 0, 0, 0, 0, 0, 
193, 1, 193, 193, -1, 264, 163, 26.0, 15, ABpraaapap, 8533, 0, 0, 0, , 0, 0, 0, 0, 0, 
194, 1, 194, 194, -1, 279, 169, 23.0, 15, ABpraaapaa, 5407, 0, 0, 0, , 0, 0, 0, 0, 0, 
195, 1, 195, 195, -1, 249, 174, 24.0, 15, ABpraaappa, 6887, 0, 0, 0, , 0, 0, 0, 0, 0, 
196, 1, 196, 196, -1, 223, 180, 25.0, 19, ABpraaappp, 7736, 0, 0, 0, , 0, 0, 0, 0, 0, 
197, 1, 197, 197, -1, 265, 159, 22.0, 15, ABpraaaaap, 5724, 0, 0, 0, , 0, 0, 0, 0, 0, 
198, 1, 198, 198, -1, 278, 162, 19.0, 15, ABpraaaaaa, 6956, 0, 0, 0, , 0, 0, 0, 0, 0, 
199, 1, 199, 199, -1, 256, 165, 19.0, 15, ABpraaaapa, 6422, 0, 0, 0, , 0, 0, 0, 0, 0, 
200, 1, 200, 200, -1, 239, 161, 22.0, 17, ABpraaaapp, 7197, 0, 0, 0, , 0, 0, 0, 0, 0, 
201, 1, 201, 201, -1, 94, 233, 21.0, 17, ABprappapp, 7303, 0, 0, 0, , 0, 0, 0, 0, 0, 
202, 1, 202, 202, -1, 108, 223, 24.0, 15, ABprappapa, 6868, 0, 0, 0, , 0, 0, 0, 0, 0, 
203, 1, 203, 203, -1, 114, 217, 19.0, 17, ABprappaap, 7276, 0, 0, 0, , 0, 0, 0, 0, 0, 
204, 1, 204, 204, -1, 134, 210, 17.0, 19, ABprappaaa, 8730, 0, 0, 0, , 0, 0, 0, 0, 0, 
205, 1, 205, 205, -1, 105, 238, 16.0, 15, ABprapppaa, 6423, 0, 0, 0, , 0, 0, 0, 0, 0, 
206, 1, 206, 206, -1, 94, 254, 15.0, 15, ABprapppap, 6054, 0, 0, 0, , 0, 0, 0, 0, 0, 
207, 1, 207, 207, -1, 87, 285, 11.0, 17, ABprappppp, 7003, 0, 0, 0, , 0, 0, 0, 0, 0, 
208, 1, 208, 208, -1, 82, 268, 14.0, 15, ABprappppa, 6532, 0, 0, 0, , 0, 0, 0, 0, 0, 
209, 1, 209, 209, -1, 170, 196, 28.0, 15, ABprapaaap, 6750, 0, 0, 0, , 0, 0, 0, 0, 0, 
210, 1, 210, 210, -1, 187, 195, 28.0, 15, ABprapaaaa, 6536, 0, 0, 0, , 0, 0, 0, 0, 0, 
211, 1, 211, 211, -1, 136, 203, 23.0, 17, ABprapaapp, 7607, 0, 0, 0, , 0, 0, 0, 0, 0, 
212, 1, 212, 212, -1, 153, 190, 24.0, 15, ABprapaapa, 7273, 0, 0, 0, , 0, 0, 0, 0, 0, 
213, 1, 213, 213, -1, 74, 255, 18.0, 17, ABprapappa, 8468, 0, 0, 0, , 0, 0, 0, 0, 0, 
214, 1, 214, 214, -1, 71, 278, 17.0, 15, ABprapappp, 7039, 0, 0, 0, , 0, 0, 0, 0, 0, 
215, 1, 215, 215, -1, 79, 256, 22.0, 17, ABprapapap, 8644, 0, 0, 0, , 0, 0, 0, 0, 0, 
216, 1, 216, 216, -1, 88, 254, 27.0, 15, ABprapapaa, 7058, 0, 0, 0, , 0, 0, 0, 0, 0, 
217, 1, 217, 217, -1, 212, 203, 23.0, 13, MSppppap, 3171, 0, 0, 0, , 0, 0, 0, 0, 0, 
218, 1, 218, 218, -1, 221, 195, 18.0, 15, MSppppaa, 3678, 0, 0, 0, , 0, 0, 0, 0, 0, 
219, 1, 219, 219, -1, 212, 205, 28.0, 15, MSpppppa, 4276, 0, 0, 0, , 0, 0, 0, 0, 0, 
220, 1, 219, 220, -1, 191, 218, 27.0, 15, MSpppppp, 4127, 0, 0, 0, , 0, 0, 0, 0, 0, 
221, 1, 220, 221, -1, 230, 226, 15.0, 13, MSpppaaa, 3512, 0, 0, 0, , 0, 0, 0, 0, 0, 
222, 1, 221, 222, -1, 204, 228, 19.0, 15, MSpppaap, 4764, 0, 0, 0, , 0, 0, 0, 0, 0, 
223, 1, 222, 223, -1, 196, 208, 16.0, 19, MSpppap, 8832, 0, 0, 0, , 0, 0, 0, 0, 0, 
224, 1, 223, 224, -1, 237, 210, 18.0, 13, MSppaapp, 3966, 0, 0, 0, , 0, 0, 0, 0, 0, 
225, 1, 224, 225, -1, 250, 199, 15.0, 13, MSppaapa, 4618, 0, 0, 0, , 0, 0, 0, 0, 0, 
226, 1, 225, 226, -1, 280, 194, 15.0, 13, MSppaaaa, 5035, 0, 0, 0, , 0, 0, 0, 0, 0, 
227, 1, 226, 227, -1, 267, 194, 18.0, 15, MSppaaap, 4764, 0, 0, 0, , 0, 0, 0, 0, 0, 
228, 1, 227, 228, -1, 260, 191, 27.0, 15, MSppappa, 5482, 0, 0, 0, , 0, 0, 0, 0, 0, 
229, 1, 228, 229, -1, 262, 185, 21.0, 15, MSppapaa, 4043, 0, 0, 0, , 0, 0, 0, 0, 0, 
230, 1, 229, 230, -1, 241, 191, 21.0, 15, MSppapap, 4661, 0, 0, 0, , 0, 0, 0, 0, 0, 
231, 1, 230, 231, -1, 197, 264, 16.0, 17, MSpapapp, 6664, 0, 0, 0, , 0, 0, 0, 0, 0, 
232, 1, 231, 232, -1, 217, 247, 17.0, 19, MSpapapa, 7046, 0, 0, 0, , 0, 0, 0, 0, 0, 
233, 1, 232, 233, -1, 249, 245, 18.0, 17, MSpapaaa, 6564, 0, 0, 0, , 0, 0, 0, 0, 0, 
234, 1, 233, 234, -1, 226, 242, 21.0, 17, MSpapaap, 8505, 0, 0, 0, , 0, 0, 0, 0, 0, 
235, 1, 234, 235, -1, 182, 287, 13.0, 19, MSpappa, 10274, 0, 0, 0, , 0, 0, 0, 0, 0, 
236, 1, 235, 236, -1, 167, 266, 15.0, 15, MSpapppp, 5923, 0, 0, 0, , 0, 0, 0, 0, 0, 
237, 1, 236, 237, -1, 170, 239, 16.0, 17, MSpapppa, 6085, 0, 0, 0, , 0, 0, 0, 0, 0, 
238, 1, 237, 238, -1, 260, 225, 28.0, 19, MSpaaapp, 8804, 0, 0, 0, , 0, 0, 0, 0, 0, 
239, 1, 238, 239, -1, 282, 218, 30.0, 15, MSpaaapa, 9123, 0, 0, 0, , 0, 0, 0, 0, 0, 
240, 1, 239, 240, -1, 298, 206, 26.0, 19, MSpaaaap, 18264, 0, 0, 0, , 0, 0, 0, 0, 0, 
241, 1, 240, 241, -1, 316, 194, 22.0, 15, MSpaaaaa, 6271, 0, 0, 0, , 0, 0, 0, 0, 0, 
242, 1, 241, 242, -1, 256, 210, 23.0, 21, MSpaapap, 19559, 0, 0, 0, , 0, 0, 0, 0, 0, 
243, 1, 242, 243, -1, 279, 202, 23.0, 17, MSpaapaa, 5752, 0, 0, 0, , 0, 0, 0, 0, 0, 
244, 1, 243, 244, -1, 201, 242, 26.0, 21, Earap, 11013, 0, 0, 0, , 0, 0, 0, 0, 0, 
245, 1, 244, 245, -1, 269, 290, 24.0, 15, MSapppaa, 4341, 0, 0, 0, , 0, 0, 0, 0, 0, 
246, 1, 245, 246, -1, 256, 298, 27.0, 13, MSapppap, 3907, 0, 0, 0, , 0, 0, 0, 0, 0, 
247, 1, 246, 247, -1, 231, 293, 28.0, 17, MSapppp, 5978, 0, 0, 0, , 0, 0, 0, 0, 0, 
248, 1, 247, 248, -1, 248, 289, 22.0, 19, MSappaa, 9488, 0, 0, 0, , 0, 0, 0, 0, 0, 
249, 1, 248, 249, -1, 247, 311, 19.0, 15, MSappap, 7224, 0, 0, 0, , 0, 0, 0, 0, 0, 
250, 1, 249, 250, -1, 296, 262, 28.0, 15, MSapappa, 6389, 0, 0, 0, , 0, 0, 0, 0, 0, 
251, 1, 250, 251, -1, 263, 282, 29.0, 15, MSapappp, 6933, 0, 0, 0, , 0, 0, 0, 0, 0, 
252, 1, 251, 252, -1, 285, 278, 23.0, 15, MSapapap, 5234, 0, 0, 0, , 0, 0, 0, 0, 0, 
253, 1, 252, 253, -1, 307, 269, 22.0, 15, MSapapaa, 5634, 0, 0, 0, , 0, 0, 0, 0, 0, 
254, 1, 253, 255, -1, 278, 286, 18.0, 17, MSapaap, 13202, 0, 0, 0, , 0, 0, 0, 0, 0, 
255, 1, 254, 256, -1, 332, 249, 19.0, 13, MSapaaaa, 5309, 0, 0, 0, , 0, 0, 0, 0, 0, 
256, 1, 255, 257, -1, 317, 258, 19.0, 15, MSapaaap, 5488, 0, 0, 0, , 0, 0, 0, 0, 0, 
257, 1, 256, 258, -1, 321, 222, 27.0, 19, MSaaaaap, 9540, 0, 0, 0, , 0, 0, 0, 0, 0, 
258, 1, 257, 259, -1, 336, 211, 23.0, 17, MSaaaaaa, 5477, 0, 0, 0, , 0, 0, 0, 0, 0, 
259, 1, 258, 260, -1, 300, 227, 30.0, 17, MSaaaapa, 5301, 0, 0, 0, , 0, 0, 0, 0, 0, 
260, 1, 259, 261, -1, 274, 246, 29.0, 17, MSaaaapp, 6371, 0, 0, 0, , 0, 0, 0, 0, 0, 
261, 1, 260, 262, -1, 283, 247, 24.0, 13, MSaaapap, 3602, 0, 0, 0, , 0, 0, 0, 0, 0, 
262, 1, 261, 263, -1, 302, 241, 26.0, 19, MSaaapaa, 8613, 0, 0, 0, , 0, 0, 0, 0, 0, 
263, 1, 262, 264, -1, 270, 256, 27.0, 13, MSaaappa, 4067, 0, 0, 0, , 0, 0, 0, 0, 0, 
264, 1, 263, 265, -1, 249, 243, 26.0, 15, MSaaappp, 5573, 0, 0, 0, , 0, 0, 0, 0, 0, 
265, 1, 264, 266, -1, 192, 313, 15.0, 13, MSaapppp, 4529, 0, 0, 0, , 0, 0, 0, 0, 0, 
266, 1, 265, 267, -1, 221, 307, 17.0, 15, MSaapppa, 5697, 0, 0, 0, , 0, 0, 0, 0, 0, 
267, 1, 266, 268, -1, 209, 287, 14.0, 15, MSaappa, 5358, 0, 0, 0, , 0, 0, 0, 0, 0, 
268, 1, 267, 269, -1, 265, 264, 19.0, 17, MSaapaaa, 6259, 0, 0, 0, , 0, 0, 0, 0, 0, 
269, 1, 268, 270, -1, 222, 281, 19.0, 17, MSaapapp, 7430, 0, 0, 0, , 0, 0, 0, 0, 0, 
270, 1, 269, 271, -1, 242, 266, 19.0, 15, MSaapapa, 5797, 0, 0, 0, , 0, 0, 0, 0, 0, 
271, 1, 270, 272, -1, 219, 280, 23.0, 19, Ealpa, 10740, 0, 0, 0, , 0, 0, 0, 0, 0, 
272, 1, 271, 273, -1, 187, 286, 23.0, 17, Ealpp, 8222, 0, 0, 0, , 0, 0, 0, 0, 0, 
273, 1, 272, 274, -1, 139, 304, 24.0, 21, Eplpa, 63543, 0, 0, 0, , 0, 0, 0, 0, 0, 
274, 1, 273, 275, -1, 148, 336, 21.0, 15, Cappap, 6331, 0, 0, 0, , 0, 0, 0, 0, 0, 
275, 1, 274, 276, -1, 165, 318, 22.0, 17, Cappaa, 7533, 0, 0, 0, , 0, 0, 0, 0, 0, 
276, 1, 275, 277, -1, 129, 339, 20.0, 15, Capppa, 5914, 0, 0, 0, , 0, 0, 0, 0, 0, 
277, 1, 276, 278, -1, 122, 316, 15.0, 16, Capppp, 4441, 0, 0, 0, , 0, 0, 0, 0, 0, 
278, 1, 277, 279, -1, 168, 328, 19.0, 17, Capapa, 6580, 0, 0, 0, , 0, 0, 0, 0, 0, 
279, 1, 278, 280, -1, 142, 320, 15.0, 17, Capapp, 7062, 0, 0, 0, , 0, 0, 0, 0, 0, 
280, 1, 279, 281, -1, 166, 310, 16.0, 17, Capaap, 7187, 0, 0, 0, , 0, 0, 0, 0, 0, 
281, 1, 280, 282, -1, 198, 322, 20.0, 19, Capaaa, 7355, 0, 0, 0, , 0, 0, 0, 0, 0, 
282, 1, 281, 283, -1, 84, 334, 25.0, 19, Caaapp, 7453, 0, 0, 0, , 0, 0, 0, 0, 0, 
283, 1, 282, 284, -1, 90, 332, 15.0, 17, Caappd, 7192, 0, 0, 0, , 0, 0, 0, 0, 0, 
284, 1, 283, 285, -1, 86, 319, 12.0, 13, Caappv, 4781, 0, 0, 0, , 0, 0, 0, 0, 0, 
285, 1, 284, 286, -1, 103, 312, 12.0, 19, Caapa, 8691, 0, 0, 0, , 0, 0, 0, 0, 0, 
286, 1, 285, 287, -1, 71, 303, 17.0, 19, Cpappd, 7575, 0, 0, 0, , 0, 0, 0, 0, 0, 
287, 1, 286, 288, -1, 80, 304, 13.0, 15, Cpappv, 6101, 0, 0, 0, , 0, 0, 0, 0, 0, 
288, 1, 287, 289, -1, 76, 331, 20.0, 21, Cpapaa, 16803, 0, 0, 0, , 0, 0, 0, 0, 0, 
289, 1, 288, 290, -1, 78, 304, 28.0, 21, Cpaapp, 13080, 0, 0, 0, , 0, 0, 0, 0, 0, 
290, 1, 289, 291, -1, 144, 261, 16.0, 19, Cppaap, 8796, 0, 0, 0, , 0, 0, 0, 0, 0, 
291, 1, 290, 292, -1, 150, 230, 19.0, 19, Cppaaa, 8913, 0, 0, 0, , 0, 0, 0, 0, 0, 
292, 1, 291, 293, -1, 128, 243, 19.0, 17, Cppapa, 8611, 0, 0, 0, , 0, 0, 0, 0, 0, 
293, 1, 292, 294, -1, 116, 266, 15.0, 17, Cppapp, 6329, 0, 0, 0, , 0, 0, 0, 0, 0, 
294, 1, 293, 295, -1, 124, 240, 24.0, 17, Cpppaa, 9020, 0, 0, 0, , 0, 0, 0, 0, 0, 
295, 1, 294, 296, -1, 110, 257, 20.0, 17, Cpppap, 8159, 0, 0, 0, , 0, 0, 0, 0, 0, 
296, 1, 295, 297, -1, 228, 320, 22.0, 23, Daap, 27599, 0, 0, 0, , 0, 0, 0, 0, 0, 
297, 1, 296, 298, -1, 246, 312, 25.0, 19, Daaa, 11323, 0, 0, 0, , 0, 0, 0, 0, 0, 
298, 1, 297, 299, 300, 183, 323, 26.0, 19, Dapp, 7101, 0, 0, 0, , 0, 0, 0, 0, 0, 
299, 1, 298, 301, -1, 182, 220, 17.0, 19, Dpap, 9039, 0, 0, 0, , 0, 0, 0, 0, 0, 
300, 1, 299, 302, -1, 200, 203, 20.0, 19, Dpaa, 9613, 0, 0, 0, , 0, 0, 0, 0, 0, 
301, 1, 300, 303, -1, 143, 243, 25.0, 15, Dpppp, 4653, 0, 0, 0, , 0, 0, 0, 0, 0, 
302, 1, 301, 304, -1, 165, 221, 24.0, 15, Dpppa, 4822, 0, 0, 0, , 0, 0, 0, 0, 0, 
303, 1, 302, 305, -1, 170, 205, 20.0, 15, Dppa, 5537, 0, 0, 0, , 0, 0, 0, 0, 0, 
304, 1, 303, 306, -1, 186, 291, 17.0, 19, Z3, 12735, 0, 0, 0, , 0, 0, 0, 0, 0, 
305, 1, 304, 307, -1, 152, 281, 18.0, 16, Z2, 2864, 0, 0, 0, , 0, 0, 0, 0, 0, 
306, 0, 305, -1, -1, 381, 244, 24.0, 15, , 8823, 0, 0, 0, , 0, 0, 0, 0, 0, 
307, 1, 306, 309, -1, 325, 301, 25.0, 15, ABalpppapp, 7134, 0, 0, 0, , 0, 0, 0, 0, 0, 
308, 1, 307, 310, -1, 307, 293, 23.0, 15, ABalpppppa, 7782, 0, 0, 0, , 0, 0, 0, 0, 0, 
309, 1, 308, 311, -1, 292, 288, 26.0, 15, ABalppppppa, 4138, 0, 0, 0, , 0, 0, 0, 0, 0, 
310, 1, 309, 312, -1, 281, 309, 31.0, 15, ABalppppppp, 4768, 0, 0, 0, , 0, 0, 0, 0, 0, 
311, 1, 310, 313, -1, 319, 280, 29.0, 15, ABalppppap, 7575, 0, 0, 0, , 0, 0, 0, 0, 0, 
312, 1, 311, 314, -1, 327, 275, 23.0, 15, ABalppppaa, 6803, 0, 0, 0, , 0, 0, 0, 0, 0, 
313, 1, 312, 315, -1, 346, 280, 20.0, 15, ABalpppaaa, 6678, 0, 0, 0, , 0, 0, 0, 0, 0, 
314, 1, 313, 316, -1, 344, 282, 26.0, 15, ABalpppaap, 7806, 0, 0, 0, , 0, 0, 0, 0, 0, 
315, 1, 314, 317, -1, 327, 295, 21.0, 15, ABalpppapa, 6949, 0, 0, 0, , 0, 0, 0, 0, 0, 
316, 1, 315, 318, -1, 353, 253, 19.0, 13, ABalppaaaa, 6119, 0, 0, 0, , 0, 0, 0, 0, 0, 
317, 1, 316, 319, -1, 351, 266, 18.0, 17, ABalppaaap, 5204, 0, 0, 0, , 0, 0, 0, 0, 0, 
318, 1, 317, 320, -1, 320, 291, 17.0, 17, ABalppaapp, 6518, 0, 0, 0, , 0, 0, 0, 0, 0, 
319, 1, 318, 321, -1, 329, 281, 17.0, 13, ABalppaapa, 5817, 0, 0, 0, , 0, 0, 0, 0, 0, 
320, 1, 319, 322, -1, 281, 308, 12.0, 17, ABalppappp, 8790, 0, 0, 0, , 0, 0, 0, 0, 0, 
321, 1, 320, 323, -1, 292, 291, 14.0, 19, ABalppappa, 10619, 0, 0, 0, , 0, 0, 0, 0, 0, 
322, 1, 321, 324, -1, 296, 288, 10.0, 17, ABalppapap, 8695, 0, 0, 0, , 0, 0, 0, 0, 0, 
323, 1, 322, 325, -1, 309, 277, 11.0, 17, ABalppapaa, 8071, 0, 0, 0, , 0, 0, 0, 0, 0, 
324, 1, 323, 326, -1, 273, 289, 10.0, 19, ABalpapapa, 8444, 0, 0, 0, , 0, 0, 0, 0, 0, 
325, 1, 324, 327, -1, 258, 314, 11.0, 17, ABalpapapp, 10157, 0, 0, 0, , 0, 0, 0, 0, 0, 
326, 1, 325, 328, -1, 284, 270, 10.0, 15, ABalpapaap, 8690, 0, 0, 0, , 0, 0, 0, 0, 0, 
327, 1, 326, 329, -1, 302, 255, 10.0, 17, ABalpapaaa, 9761, 0, 0, 0, , 0, 0, 0, 0, 0, 
328, 1, 327, 330, -1, 262, 263, 12.0, 17, ABalpappap, 8577, 0, 0, 0, , 0, 0, 0, 0, 0, 
329, 1, 328, 331, -1, 283, 250, 11.0, 15, ABalpappaa, 6385, 0, 0, 0, , 0, 0, 0, 0, 0, 
330, 1, 329, 332, -1, 232, 274, 15.0, 19, ABalpappppp, 7100, 0, 0, 0, , 0, 0, 0, 0, 0, 
331, 1, 330, 333, -1, 261, 272, 15.0, 19, ABalpappppa, 5861, 0, 0, 0, , 0, 0, 0, 0, 0, 
332, 1, 331, 334, -1, 274, 256, 15.0, 17, ABalpapppa, 7938, 0, 0, 0, , 0, 0, 0, 0, 0, 
333, 1, 332, 335, -1, 291, 262, 16.0, 15, ABalpaaapp, 7357, 0, 0, 0, , 0, 0, 0, 0, 0, 
334, 1, 333, 336, -1, 305, 242, 13.0, 15, ABalpaaapa, 8025, 0, 0, 0, , 0, 0, 0, 0, 0, 
335, 1, 334, 337, -1, 310, 238, 10.0, 15, ABalpaaaap, 6186, 0, 0, 0, , 0, 0, 0, 0, 0, 
336, 1, 335, 338, -1, 330, 233, 11.0, 17, ABalpaaaaa, 8248, 0, 0, 0, , 0, 0, 0, 0, 0, 
337, 1, 336, 339, -1, 323, 266, 12.0, 15, ABalpaappp, 7572, 0, 0, 0, , 0, 0, 0, 0, 0, 
338, 1, 337, 340, -1, 333, 249, 11.0, 17, ABalpaappa, 8501, 0, 0, 0, , 0, 0, 0, 0, 0, 
339, 1, 338, 341, -1, 300, 247, 18.0, 13, ABalpaapapp, 5205, 0, 0, 0, , 0, 0, 0, 0, 0, 
340, 1, 339, 342, -1, 324, 232, 14.0, 15, ABalpaapapa, 4536, 0, 0, 0, , 0, 0, 0, 0, 0, 
341, 1, 340, 343, -1, 333, 227, 18.0, 15, ABalpaapaa, 7085, 0, 0, 0, , 0, 0, 0, 0, 0, 
342, 1, 341, 344, -1, 176, 250, 28.0, 21, Epraa, 42697, 0, 0, 0, , 0, 0, 0, 0, 0, 
343, 1, 342, 345, -1, 148, 265, 26.0, 21, Eprap, 29306, 0, 0, 0, , 0, 0, 0, 0, 0, 
344, 1, 343, 346, -1, 222, 217, 23.0, 15, MSpaapp, 5844, 0, 0, 0, , 0, 0, 0, 0, 0, 
345, 1, 344, 347, -1, 167, 256, 22.0, 21, Earpp, 30073, 0, 0, 0, , 0, 0, 0, 0, 0, 
346, 1, 345, 348, -1, 202, 269, 27.0, 19, Ealap, 15778, 0, 0, 0, , 0, 0, 0, 0, 0, 
347, 1, 346, 349, -1, 243, 260, 28.0, 21, Ealaa, 29293, 0, 0, 0, , 0, 0, 0, 0, 0, 
348, 1, 347, 350, -1, 180, 276, 29.0, 21, Eplaa, 27091, 0, 0, 0, , 0, 0, 0, 0, 0, 
349, 1, 348, 351, -1, 155, 291, 26.0, 21, Eplap, 18734, 0, 0, 0, , 0, 0, 0, 0, 0, 
350, 1, 349, 352, -1, 119, 287, 21.0, 19, Eprpp, 10608, 0, 0, 0, , 0, 0, 0, 0, 0, 
351, 1, 350, 353, -1, 210, 326, 26.0, 19, Dapa, 14224, 0, 0, 0, , 0, 0, 0, 0, 0, 
352, 1, 351, 354, -1, 248, 265, 23.0, 19, MSaapaap, 10714, 0, 0, 0, , 0, 0, 0, 0, 0, 
353, 1, 352, 355, -1, 136, 225, 31.0, 17, ABarpppapp, 6044, 0, 0, 0, , 0, 0, 0, 0, 0, 
354, 1, 353, 356, -1, 233, 326, 12.0, 15, ABplppaapa, 8586, 0, 0, 0, , 0, 0, 0, 0, 0, 
355, 1, 354, 357, -1, 66, 304, 23.0, 17, Cpapap, 8491, 0, 0, 0, , 0, 0, 0, 0, 0, 
356, 1, 355, 358, -1, 240, 225, 25.0, 19, Earaa, 11066, 0, 0, 0, , 0, 0, 0, 0, 0, 
357, 1, 356, 359, -1, 348, 246, 15.0, 15, ABalaaaala, 6989, 0, 0, 0, , 0, 0, 0, 0, 0, 
358, 1, 357, 360, -1, 246, 189, 35.0, 15, ABarpappaa, 3918, 0, 0, 0, , 0, 0, 0, 0, 0, 
359, 1, 358, 361, -1, 348, 195, 25.0, 13, ABalappaaa, 3543, 0, 0, 0, , 0, 0, 0, 0, 0, 
360, 1, 359, 362, -1, 92, 275, 19.0, 17, Cppppa, 7441, 0, 0, 0, , 0, 0, 0, 0, 0, 
361, 1, 360, 363, -1, 105, 295, 15.0, 19, Cppppp, 8677, 0, 0, 0, , 0, 0, 0, 0, 0, 
362, 1, 361, 364, -1, 267, 171, 15.0, 17, ABalaapapp, 6324, 0, 0, 0, , 0, 0, 0, 0, 0, 
363, 1, 362, 365, -1, 168, 227, 34.0, 19, ABarpppapa, 4323, 0, 0, 0, , 0, 0, 0, 0, 0, 
364, 1, 363, 366, -1, 197, 249, 21.0, 21, Earpa, 35804, 0, 0, 0, , 0, 0, 0, 0, 0, 
365, 1, 364, 367, -1, 126, 311, 20.0, 21, Eplpp, 31321, 0, 0, 0, , 0, 0, 0, 0, 0, 
366, 1, 365, 368, -1, 236, 201, 28.0, 15, MSppappp, 6488, 0, 0, 0, , 0, 0, 0, 0, 0, 
367, 1, 366, 369, -1, 129, 274, 25.0, 21, Eprpa, 11068, 0, 0, 0, , 0, 0, 0, 0, 0, 
368, 1, 367, 370, -1, 210, 245, 34.0, 15, ABarpaappa, 6004, 0, 0, 0, , 0, 0, 0, 0, 0, 
369, 1, 368, 371, -1, 193, 303, 33.0, 15, ABarppaapa, 3339, 0, 0, 0, , 0, 0, 0, 0, 0, 
370, 1, 369, 372, -1, 117, 258, 33.0, 17, Cpaaap, 3786, 0, 0, 0, , 0, 0, 0, 0, 0, 
371, 1, 370, 373, -1, 113, 329, 32.0, 21, Caaapa, 6233, 0, 0, 0, , 0, 0, 0, 0, 0, 
372, 1, 371, 374, -1, 101, 284, 33.0, 19, Cpaapa, 6022, 0, 0, 0, , 0, 0, 0, 0, 0, 
373, 1, 372, 375, -1, 150, 249, 33.0, 19, Cpaaaa, 1712, 0, 0, 0, , 0, 0, 0, 0, 0, 
374, 1, 374, 376, -1, 167, 306, 33.0, 19, Caaaaa, 2154, 0, 0, 0, , 0, 0, 0, 0, 0, 
375, 1, 373, 377, -1, 131, 310, 33.0, 15, Caaaap, 0, 0, 0, 0, , 0, 0, 0, 0, 0, 
