1, 1, 1, 1, -1, 309, 206, 22.0, 17, ABaraappaa, 8176, 0, 0, 0, , 0, 0, 0, 0, 0, 
2, 1, 2, 2, -1, 285, 210, 20.0, 19, ABaraappap, 11471, 0, 0, 0, , 0, 0, 0, 0, 0, 
3, 1, 3, 3, -1, 269, 223, 19.0, 17, ABaraapppa, 9428, 0, 0, 0, , 0, 0, 0, 0, 0, 
4, 1, 4, 4, -1, 243, 222, 20.0, 17, ABaraapppp, 8607, 0, 0, 0, , 0, 0, 0, 0, 0, 
5, 1, 5, 5, -1, 272, 264, 23.0, 15, ABaraapapp, 9318, 0, 0, 0, , 0, 0, 0, 0, 0, 
6, 1, 6, 6, -1, 285, 252, 20.0, 19, ABaraapapa, 12978, 0, 0, 0, , 0, 0, 0, 0, 0, 
7, 1, 7, 7, -1, 321, 222, 21.0, 15, ABaraapaaa, 12588, 0, 0, 0, , 0, 0, 0, 0, 0, 
8, 1, 8, 8, -1, 301, 238, 22.0, 17, ABaraapaap, 12252, 0, 0, 0, , 0, 0, 0, 0, 0, 
9, 1, 9, 9, -1, 299, 202, 11.0, 15, ABaraaappa, 6253, 0, 0, 0, , 0, 0, 0, 0, 0, 
10, 1, 10, 10, -1, 280, 204, 10.0, 15, ABaraaappp, 6398, 0, 0, 0, , 0, 0, 0, 0, 0, 
11, 1, 11, 11, -1, 319, 211, 16.0, 15, ABaraaapaa, 7422, 0, 0, 0, , 0, 0, 0, 0, 0, 
12, 1, 12, 12, -1, 299, 212, 16.0, 15, ABaraaapap, 7351, 0, 0, 0, , 0, 0, 0, 0, 0, 
13, 1, 13, 13, -1, 335, 216, 14.0, 15, ABaraaaaaa, 6473, 0, 0, 0, , 0, 0, 0, 0, 0, 
14, 1, 14, 14, -1, 314, 196, 15.0, 15, ABaraaaaap, 6561, 0, 0, 0, , 0, 0, 0, 0, 0, 
15, 1, 15, 15, -1, 322, 225, 24.0, 15, ABaraaaapp, 6314, 0, 0, 0, , 0, 0, 0, 0, 0, 
16, 1, 16, 16, -1, 333, 204, 19.0, 15, ABaraaaapa, 6171, 0, 0, 0, , 0, 0, 0, 0, 0, 
17, 1, 17, 17, -1, 240, 247, 10.0, 16, ABarapapap, 12816, 0, 0, 0, , 0, 0, 0, 0, 0, 
18, 1, 18, 18, -1, 264, 234, 11.0, 17, ABarapapaa, 10950, 0, 0, 0, , 0, 0, 0, 0, 0, 
19, 1, 19, 19, -1, 210, 253, 14.0, 17, ABarapapppp, 5972, 0, 0, 0, , 0, 0, 0, 0, 0, 
20, 1, 20, 20, -1, 235, 237, 13.0, 15, ABarapapppa, 5839, 0, 0, 0, , 0, 0, 0, 0, 0, 
21, 1, 21, 21, -1, 252, 233, 14.0, 17, ABarapappa, 8484, 0, 0, 0, , 0, 0, 0, 0, 0, 
22, 1, 22, 22, -1, 279, 234, 10.0, 17, ABarapaaap, 10358, 0, 0, 0, , 0, 0, 0, 0, 0, 
23, 1, 23, 23, -1, 294, 225, 11.0, 15, ABarapaaaa, 9797, 0, 0, 0, , 0, 0, 0, 0, 0, 
24, 1, 24, 24, -1, 285, 219, 14.0, 15, ABarapaapa, 8603, 0, 0, 0, , 0, 0, 0, 0, 0, 
25, 1, 25, 25, -1, 267, 231, 15.0, 17, ABarapaapp, 11541, 0, 0, 0, , 0, 0, 0, 0, 0, 
26, 1, 26, 26, -1, 238, 206, 10.0, 15, ABarapppap, 8457, 0, 0, 0, , 0, 0, 0, 0, 0, 
27, 1, 27, 27, -1, 264, 190, 10.0, 15, ABarapppaa, 8000, 0, 0, 0, , 0, 0, 0, 0, 0, 
28, 1, 28, 28, -1, 245, 194, 12.0, 17, ABarappppa, 7586, 0, 0, 0, , 0, 0, 0, 0, 0, 
29, 1, 29, 29, -1, 216, 196, 11.0, 17, ABarappppp, 7590, 0, 0, 0, , 0, 0, 0, 0, 0, 
30, 1, 30, 30, -1, 259, 213, 11.0, 15, ABarappaaa, 9060, 0, 0, 0, , 0, 0, 0, 0, 0, 
31, 1, 31, 31, -1, 235, 227, 10.0, 15, ABarappaap, 9647, 0, 0, 0, , 0, 0, 0, 0, 0, 
32, 1, 32, 32, -1, 218, 218, 10.0, 17, ABarappapa, 12696, 0, 0, 0, , 0, 0, 0, 0, 0, 
33, 1, 33, 33, -1, 195, 225, 10.0, 15, ABarappapp, 9146, 0, 0, 0, , 0, 0, 0, 0, 0, 
34, 1, 34, 34, -1, 211, 179, 31.0, 15, ABarpapppa, 7062, 0, 0, 0, , 0, 0, 0, 0, 0, 
35, 1, 35, 35, -1, 201, 196, 32.0, 13, ABarpapppp, 2394, 0, 0, 0, , 0, 0, 0, 0, 0, 
36, 1, 36, 36, -1, 234, 180, 33.0, 17, ABarpappap, 5484, 0, 0, 0, , 0, 0, 0, 0, 0, 
37, 1, 37, 37, -1, 295, 186, 35.0, 17, ABarpapaaa, 5346, 0, 0, 0, , 0, 0, 0, 0, 0, 
38, 1, 38, 38, -1, 277, 194, 33.0, 15, ABarpapaap, 7263, 0, 0, 0, , 0, 0, 0, 0, 0, 
39, 1, 39, 39, -1, 234, 210, 34.0, 15, ABarpapapp, 6587, 0, 0, 0, , 0, 0, 0, 0, 0, 
40, 1, 40, 40, -1, 266, 208, 34.0, 15, ABarpapapa, 5210, 0, 0, 0, , 0, 0, 0, 0, 0, 
41, 1, 41, 41, -1, 196, 264, 34.0, 19, ABarpaappp, 5917, 0, 0, 0, , 0, 0, 0, 0, 0, 
42, 1, 42, 42, -1, 255, 222, 34.0, 15, ABarpaapaa, 6194, 0, 0, 0, , 0, 0, 0, 0, 0, 
43, 1, 43, 43, -1, 239, 242, 34.0, 21, ABarpaapap, 22304, 0, 0, 0, , 0, 0, 0, 0, 0, 
44, 1, 44, 44, -1, 329, 202, 32.0, 17, ABarpaaaaa, 9905, 0, 0, 0, , 0, 0, 0, 0, 0, 
45, 1, 45, 45, -1, 313, 220, 34.0, 15, ABarpaaaap, 5837, 0, 0, 0, , 0, 0, 0, 0, 0, 
46, 1, 46, 46, -1, 281, 218, 34.0, 13, ABarpaaapp, 5157, 0, 0, 0, , 0, 0, 0, 0, 0, 
47, 1, 47, 47, -1, 300, 209, 34.0, 15, ABarpaaapa, 5861, 0, 0, 0, , 0, 0, 0, 0, 0, 
48, 1, 48, 48, -1, 222, 304, 34.0, 15, ABarppaaap, 3824, 0, 0, 0, , 0, 0, 0, 0, 0, 
49, 1, 49, 49, -1, 227, 283, 35.0, 15, ABarppaaaa, 4802, 0, 0, 0, , 0, 0, 0, 0, 0, 
50, 1, 50, 50, -1, 170, 331, 33.0, 15, ABarppaapp, 5284, 0, 0, 0, , 0, 0, 0, 0, 0, 
51, 1, 51, 51, -1, 145, 347, 30.0, 17, ABarppappa, 6447, 0, 0, 0, , 0, 0, 0, 0, 0, 
52, 1, 52, 52, -1, 111, 350, 24.0, 17, ABarppappp, 7229, 0, 0, 0, , 0, 0, 0, 0, 0, 
53, 1, 53, 53, -1, 187, 344, 30.0, 17, ABarppapap, 5769, 0, 0, 0, , 0, 0, 0, 0, 0, 
54, 1, 54, 54, -1, 207, 329, 34.0, 17, ABarppapaa, 5790, 0, 0, 0, , 0, 0, 0, 0, 0, 
55, 1, 55, 55, -1, 75, 274, 24.0, 15, ABarpppppp, 5843, 0, 0, 0, , 0, 0, 0, 0, 0, 
56, 1, 56, 56, -1, 103, 247, 30.0, 17, ABarpppppa, 5502, 0, 0, 0, , 0, 0, 0, 0, 0, 
57, 1, 57, 57, -1, 150, 203, 29.0, 15, ABarppppaa, 5615, 0, 0, 0, , 0, 0, 0, 0, 0, 
58, 1, 58, 58, -1, 126, 214, 27.0, 15, ABarppppap, 6258, 0, 0, 0, , 0, 0, 0, 0, 0, 
59, 1, 59, 59, -1, 177, 202, 33.0, 17, ABarpppaap, 6905, 0, 0, 0, , 0, 0, 0, 0, 0, 
60, 1, 60, 60, -1, 195, 212, 35.0, 15, ABarpppaaa, 5272, 0, 0, 0, , 0, 0, 0, 0, 0, 
61, 1, 61, 61, -1, 294, 178, 28.0, 19, ABalappppa, 7490, 0, 0, 0, , 0, 0, 0, 0, 0, 
62, 1, 62, 62, -1, 268, 171, 32.0, 15, ABalappppp, 3296, 0, 0, 0, , 0, 0, 0, 0, 0, 
63, 1, 63, 63, -1, 325, 190, 27.0, 17, ABalapppaa, 6488, 0, 0, 0, , 0, 0, 0, 0, 0, 
64, 1, 64, 64, -1, 307, 193, 31.0, 17, ABalapppap, 5564, 0, 0, 0, , 0, 0, 0, 0, 0, 
65, 1, 65, 65, -1, 322, 173, 25.0, 15, ABalappapa, 4326, 0, 0, 0, , 0, 0, 0, 0, 0, 
66, 1, 66, 66, -1, 344, 212, 26.0, 17, ABalappaap, 3406, 0, 0, 0, , 0, 0, 0, 0, 0, 
67, 1, 67, 67, -1, 304, 171, 25.0, 17, ABalappapp, 7558, 0, 0, 0, , 0, 0, 0, 0, 0, 
68, 1, 68, 68, -1, 311, 259, 32.0, 17, ABalapappp, 8793, 0, 0, 0, , 0, 0, 0, 0, 0, 
69, 1, 69, 69, -1, 334, 259, 29.0, 19, ABalapappa, 7347, 0, 0, 0, , 0, 0, 0, 0, 0, 
70, 1, 70, 70, -1, 331, 225, 31.0, 13, ABalapapaa, 4245, 0, 0, 0, , 0, 0, 0, 0, 0, 
71, 1, 71, 71, -1, 319, 238, 31.0, 15, ABalapapap, 5656, 0, 0, 0, , 0, 0, 0, 0, 0, 
72, 1, 72, 72, -1, 352, 232, 24.0, 17, ABalapaaaa, 8094, 0, 0, 0, , 0, 0, 0, 0, 0, 
73, 1, 73, 73, -1, 341, 249, 26.0, 17, ABalapaaap, 7640, 0, 0, 0, , 0, 0, 0, 0, 0, 
74, 1, 74, 74, -1, 339, 258, 21.0, 17, ABalapaapa, 5899, 0, 0, 0, , 0, 0, 0, 0, 0, 
75, 1, 75, 75, -1, 337, 262, 24.0, 17, ABalapaapp, 7676, 0, 0, 0, , 0, 0, 0, 0, 0, 
76, 1, 76, 76, -1, 307, 181, 14.0, 15, ABalaapaaa, 6063, 0, 0, 0, , 0, 0, 0, 0, 0, 
77, 1, 77, 77, -1, 271, 178, 12.0, 13, ABalaapapa, 8115, 0, 0, 0, , 0, 0, 0, 0, 0, 
78, 1, 78, 78, -1, 288, 182, 12.0, 15, ABalaapaap, 5966, 0, 0, 0, , 0, 0, 0, 0, 0, 
79, 1, 79, 79, -1, 285, 180, 17.0, 15, ABalaappap, 5629, 0, 0, 0, , 0, 0, 0, 0, 0, 
80, 1, 80, 80, -1, 294, 170, 16.0, 13, ABalaappaa, 4971, 0, 0, 0, , 0, 0, 0, 0, 0, 
81, 1, 81, 81, -1, 298, 167, 22.0, 17, ABalaapppp, 8080, 0, 0, 0, , 0, 0, 0, 0, 0, 
82, 1, 82, 82, -1, 304, 177, 20.0, 17, ABalaapppa, 5786, 0, 0, 0, , 0, 0, 0, 0, 0, 
83, 1, 83, 83, -1, 338, 265, 15.0, 17, ABalaaaalp, 6275, 0, 0, 0, , 0, 0, 0, 0, 0, 
84, 1, 84, 84, -1, 330, 189, 17.0, 15, ABalaaaarr, 6799, 0, 0, 0, , 0, 0, 0, 0, 0, 
85, 1, 85, 85, -1, 350, 216, 17.0, 15, ABalaaaarl, 6373, 0, 0, 0, , 0, 0, 0, 0, 0, 
86, 1, 86, 86, -1, 331, 182, 22.0, 17, ABalaaappl, 6240, 0, 0, 0, , 0, 0, 0, 0, 0, 
87, 1, 87, 87, -1, 318, 176, 18.0, 17, ABalaaappr, 6366, 0, 0, 0, , 0, 0, 0, 0, 0, 
88, 1, 88, 88, -1, 351, 204, 22.0, 17, ABalaaapar, 5718, 0, 0, 0, , 0, 0, 0, 0, 0, 
89, 1, 89, 89, -1, 350, 236, 20.0, 15, ABalaaapal, 6848, 0, 0, 0, , 0, 0, 0, 0, 0, 
90, 1, 90, 90, -1, 166, 322, 12.0, 15, ABplppppap, 6971, 0, 0, 0, , 0, 0, 0, 0, 0, 
91, 1, 91, 91, -1, 185, 317, 10.0, 15, ABplppppaa, 7044, 0, 0, 0, , 0, 0, 0, 0, 0, 
92, 1, 92, 92, -1, 126, 312, 11.0, 15, ABplpppppp, 7452, 0, 0, 0, , 0, 0, 0, 0, 0, 
93, 1, 93, 93, -1, 149, 303, 13.0, 15, ABplpppppa, 7275, 0, 0, 0, , 0, 0, 0, 0, 0, 
94, 1, 94, 94, -1, 140, 325, 10.0, 13, ABplpppapp, 6399, 0, 0, 0, , 0, 0, 0, 0, 0, 
95, 1, 95, 95, -1, 151, 334, 11.0, 15, ABplpppapa, 6561, 0, 0, 0, , 0, 0, 0, 0, 0, 
96, 1, 96, 96, -1, 167, 344, 14.0, 17, ABplpppaap, 7488, 0, 0, 0, , 0, 0, 0, 0, 0, 
97, 1, 97, 97, -1, 185, 334, 13.0, 15, ABplpppaaa, 6902, 0, 0, 0, , 0, 0, 0, 0, 0, 
98, 1, 98, 98, -1, 194, 343, 15.0, 15, ABplppappp, 7373, 0, 0, 0, , 0, 0, 0, 0, 0, 
99, 1, 99, 99, -1, 213, 336, 15.0, 15, ABplppappa, 6878, 0, 0, 0, , 0, 0, 0, 0, 0, 
100, 1, 100, 100, -1, 241, 334, 17.0, 17, ABplppapaa, 7665, 0, 0, 0, , 0, 0, 0, 0, 0, 
101, 1, 101, 101, -1, 222, 340, 18.0, 15, ABplppapap, 6815, 0, 0, 0, , 0, 0, 0, 0, 0, 
102, 1, 102, 102, -1, 206, 327, 11.0, 15, ABplppaapp, 7386, 0, 0, 0, , 0, 0, 0, 0, 0, 
103, 1, 103, 103, -1, 259, 330, 19.0, 21, ABplppaaaa, 9205, 0, 0, 0, , 0, 0, 0, 0, 0, 
104, 1, 104, 104, -1, 259, 338, 21.0, 15, ABplppaaap, 6477, 0, 0, 0, , 0, 0, 0, 0, 0, 
105, 1, 105, 105, -1, 241, 274, 11.0, 15, ABplpappaaa, 3945, 0, 0, 0, , 0, 0, 0, 0, 0, 
106, 1, 106, 106, -1, 212, 281, 10.0, 15, ABplpappaap, 2874, 0, 0, 0, , 0, 0, 0, 0, 0, 
107, 1, 107, 107, -1, 212, 277, 12.0, 13, ABplpappap, 7162, 0, 0, 0, , 0, 0, 0, 0, 0, 
108, 1, 108, 108, -1, 170, 301, 10.0, 17, ABplpapppp, 7625, 0, 0, 0, , 0, 0, 0, 0, 0, 
109, 1, 109, 109, -1, 184, 285, 10.0, 15, ABplpapppa, 8412, 0, 0, 0, , 0, 0, 0, 0, 0, 
110, 1, 110, 110, -1, 209, 309, 11.0, 15, ABplpapapp, 5790, 0, 0, 0, , 0, 0, 0, 0, 0, 
111, 1, 111, 111, -1, 232, 306, 12.0, 15, ABplpapapa, 7088, 0, 0, 0, , 0, 0, 0, 0, 0, 
112, 1, 112, 112, -1, 251, 310, 14.0, 15, ABplpapaap, 7412, 0, 0, 0, , 0, 0, 0, 0, 0, 
113, 1, 113, 113, -1, 260, 293, 14.0, 15, ABplpapaaa, 6901, 0, 0, 0, , 0, 0, 0, 0, 0, 
114, 1, 114, 114, -1, 269, 321, 16.0, 19, ABplpaaaap, 9461, 0, 0, 0, , 0, 0, 0, 0, 0, 
115, 1, 115, 115, -1, 294, 295, 17.0, 17, ABplpaaaaa, 10739, 0, 0, 0, , 0, 0, 0, 0, 0, 
116, 1, 116, 116, -1, 293, 310, 18.0, 15, ABplpaaapa, 8060, 0, 0, 0, , 0, 0, 0, 0, 0, 
117, 1, 117, 117, -1, 281, 321, 19.0, 17, ABplpaaapp, 8042, 0, 0, 0, , 0, 0, 0, 0, 0, 
118, 1, 118, 118, -1, 284, 308, 25.0, 15, ABplpaappa, 7663, 0, 0, 0, , 0, 0, 0, 0, 0, 
119, 1, 119, 119, -1, 273, 328, 24.0, 17, ABplpaappp, 7019, 0, 0, 0, , 0, 0, 0, 0, 0, 
120, 1, 120, 120, -1, 304, 300, 20.0, 17, ABplpaapaa, 9817, 0, 0, 0, , 0, 0, 0, 0, 0, 
121, 1, 121, 121, -1, 295, 320, 23.0, 17, ABplpaapap, 8292, 0, 0, 0, , 0, 0, 0, 0, 0, 
122, 1, 122, 122, -1, 271, 323, 30.0, 17, ABplaappap, 11887, 0, 0, 0, , 0, 0, 0, 0, 0, 
123, 1, 123, 123, -1, 298, 317, 29.0, 15, ABplaappaa, 5975, 0, 0, 0, , 0, 0, 0, 0, 0, 
124, 1, 124, 124, -1, 253, 334, 28.0, 17, ABplaapppa, 7912, 0, 0, 0, , 0, 0, 0, 0, 0, 
125, 1, 125, 125, -1, 233, 346, 26.0, 17, ABplaapppp, 8800, 0, 0, 0, , 0, 0, 0, 0, 0, 
126, 1, 126, 126, -1, 336, 271, 32.0, 15, ABplaapaaa, 7668, 0, 0, 0, , 0, 0, 0, 0, 0, 
127, 1, 127, 127, -1, 316, 278, 33.0, 15, ABplaapaap, 8257, 0, 0, 0, , 0, 0, 0, 0, 0, 
128, 1, 128, 128, -1, 297, 286, 32.0, 19, ABplaapapp, 6732, 0, 0, 0, , 0, 0, 0, 0, 0, 
129, 1, 129, 129, -1, 308, 293, 29.0, 15, ABplaapapa, 7147, 0, 0, 0, , 0, 0, 0, 0, 0, 
130, 1, 130, 130, -1, 304, 244, 35.0, 17, ABplaaaaap, 7328, 0, 0, 0, , 0, 0, 0, 0, 0, 
131, 1, 131, 131, -1, 326, 239, 35.0, 17, ABplaaaaaa, 6794, 0, 0, 0, , 0, 0, 0, 0, 0, 
132, 1, 132, 132, -1, 266, 252, 34.0, 15, ABplaaaapp, 6325, 0, 0, 0, , 0, 0, 0, 0, 0, 
133, 1, 133, 133, -1, 286, 234, 35.0, 17, ABplaaaapa, 6710, 0, 0, 0, , 0, 0, 0, 0, 0, 
134, 1, 134, 134, -1, 244, 289, 33.0, 15, ABplaaappp, 5668, 0, 0, 0, , 0, 0, 0, 0, 0, 
135, 1, 135, 135, -1, 264, 285, 33.0, 15, ABplaaappa, 5819, 0, 0, 0, , 0, 0, 0, 0, 0, 
136, 1, 136, 136, -1, 283, 278, 34.0, 17, ABplaaapap, 6224, 0, 0, 0, , 0, 0, 0, 0, 0, 
137, 1, 137, 137, -1, 292, 267, 35.0, 15, ABplaaapaa, 5453, 0, 0, 0, , 0, 0, 0, 0, 0, 
138, 1, 138, 138, -1, 125, 352, 14.0, 15, ABplappppa, 6218, 0, 0, 0, , 0, 0, 0, 0, 0, 
139, 1, 139, 139, -1, 118, 333, 11.0, 17, ABplappppp, 6032, 0, 0, 0, , 0, 0, 0, 0, 0, 
140, 1, 140, 140, -1, 164, 353, 18.0, 15, ABplapppaa, 7245, 0, 0, 0, , 0, 0, 0, 0, 0, 
141, 1, 141, 141, -1, 142, 345, 15.0, 17, ABplapppap, 6411, 0, 0, 0, , 0, 0, 0, 0, 0, 
142, 1, 142, 142, -1, 204, 351, 23.0, 17, ABplappaaa, 7402, 0, 0, 0, , 0, 0, 0, 0, 0, 
143, 1, 143, 143, -1, 186, 355, 23.0, 17, ABplappaap, 7998, 0, 0, 0, , 0, 0, 0, 0, 0, 
144, 1, 144, 144, -1, 164, 356, 22.0, 17, ABplappapp, 8741, 0, 0, 0, , 0, 0, 0, 0, 0, 
145, 1, 145, 145, -1, 170, 350, 27.0, 17, ABplappapa, 7362, 0, 0, 0, , 0, 0, 0, 0, 0, 
146, 1, 146, 146, -1, 207, 352, 28.0, 15, ABplapaapp, 8194, 0, 0, 0, , 0, 0, 0, 0, 0, 
147, 1, 147, 147, -1, 226, 338, 32.0, 15, ABplapaapa, 6206, 0, 0, 0, , 0, 0, 0, 0, 0, 
148, 1, 148, 148, -1, 246, 307, 31.0, 15, ABplapaaaa, 6512, 0, 0, 0, , 0, 0, 0, 0, 0, 
149, 1, 149, 149, -1, 231, 319, 32.0, 15, ABplapaaap, 7359, 0, 0, 0, , 0, 0, 0, 0, 0, 
150, 1, 150, 150, -1, 109, 345, 17.0, 17, ABplapappp, 7085, 0, 0, 0, , 0, 0, 0, 0, 0, 
151, 1, 151, 151, -1, 134, 363, 22.0, 17, ABplapapap, 7999, 0, 0, 0, , 0, 0, 0, 0, 0, 
152, 1, 152, 152, -1, 121, 363, 19.0, 19, ABplapappa, 6807, 0, 0, 0, , 0, 0, 0, 0, 0, 
153, 1, 153, 153, -1, 137, 356, 26.0, 17, ABplapapaa, 9255, 0, 0, 0, , 0, 0, 0, 0, 0, 
154, 1, 154, 154, -1, 214, 216, 13.0, 17, ABprpapaaa, 9211, 0, 0, 0, , 0, 0, 0, 0, 0, 
155, 1, 155, 155, -1, 188, 206, 11.0, 15, ABprpapaap, 6982, 0, 0, 0, , 0, 0, 0, 0, 0, 
156, 1, 156, 156, -1, 169, 249, 10.0, 15, ABprpapapp, 6900, 0, 0, 0, , 0, 0, 0, 0, 0, 
157, 1, 157, 157, -1, 185, 238, 12.0, 17, ABprpapapa, 7051, 0, 0, 0, , 0, 0, 0, 0, 0, 
158, 1, 158, 158, -1, 153, 283, 12.0, 15, ABprpapppp, 6748, 0, 0, 0, , 0, 0, 0, 0, 0, 
159, 1, 159, 159, -1, 178, 266, 11.0, 17, ABprpapppa, 8043, 0, 0, 0, , 0, 0, 0, 0, 0, 
160, 1, 160, 160, -1, 196, 259, 10.0, 17, ABprpappap, 8310, 0, 0, 0, , 0, 0, 0, 0, 0, 
161, 1, 161, 161, -1, 216, 244, 10.0, 17, ABprpappaa, 8391, 0, 0, 0, , 0, 0, 0, 0, 0, 
162, 1, 162, 162, -1, 246, 177, 13.0, 17, ABprpaaaaa, 8791, 0, 0, 0, , 0, 0, 0, 0, 0, 
163, 1, 163, 163, -1, 217, 178, 11.0, 19, ABprpaaaap, 9654, 0, 0, 0, , 0, 0, 0, 0, 0, 
164, 1, 164, 164, -1, 214, 177, 14.0, 15, ABprpaaapp, 11314, 0, 0, 0, , 0, 0, 0, 0, 0, 
165, 1, 165, 165, -1, 232, 182, 15.0, 15, ABprpaaapa, 6297, 0, 0, 0, , 0, 0, 0, 0, 0, 
166, 1, 166, 166, -1, 241, 174, 18.0, 17, ABprpaapaa, 7515, 0, 0, 0, , 0, 0, 0, 0, 0, 
167, 1, 167, 167, -1, 215, 163, 18.0, 15, ABprpaapap, 8010, 0, 0, 0, , 0, 0, 0, 0, 0, 
168, 1, 168, 168, -1, 198, 174, 17.0, 15, ABprpaappp, 6751, 0, 0, 0, , 0, 0, 0, 0, 0, 
169, 1, 169, 169, -1, 213, 177, 21.0, 17, ABprpaappa, 8565, 0, 0, 0, , 0, 0, 0, 0, 0, 
170, 1, 170, 170, -1, 107, 244, 11.0, 15, ABprpppaap, 7103, 0, 0, 0, , 0, 0, 0, 0, 0, 
171, 1, 171, 171, -1, 130, 236, 11.0, 15, ABprpppaaa, 8040, 0, 0, 0, , 0, 0, 0, 0, 0, 
172, 1, 172, 172, -1, 110, 263, 11.0, 17, ABprpppapa, 8071, 0, 0, 0, , 0, 0, 0, 0, 0, 
173, 1, 173, 173, -1, 110, 278, 9.0, 15, ABprpppapp, 6614, 0, 0, 0, , 0, 0, 0, 0, 0, 
174, 1, 174, 174, -1, 133, 258, 11.0, 17, ABprppppap, 8501, 0, 0, 0, , 0, 0, 0, 0, 0, 
175, 1, 175, 175, -1, 154, 260, 10.0, 15, ABprppppaa, 7753, 0, 0, 0, , 0, 0, 0, 0, 0, 
176, 1, 176, 176, -1, 125, 294, 10.0, 15, ABprpppppp, 6855, 0, 0, 0, , 0, 0, 0, 0, 0, 
177, 1, 177, 177, -1, 132, 278, 12.0, 17, ABprpppppa, 6294, 0, 0, 0, , 0, 0, 0, 0, 0, 
178, 1, 178, 178, -1, 169, 224, 11.0, 15, ABprppaapa, 7322, 0, 0, 0, , 0, 0, 0, 0, 0, 
179, 1, 179, 179, -1, 152, 234, 11.0, 15, ABprppaapp, 5954, 0, 0, 0, , 0, 0, 0, 0, 0, 
180, 1, 180, 180, -1, 190, 187, 12.0, 17, ABprppaaaa, 9549, 0, 0, 0, , 0, 0, 0, 0, 0, 
181, 1, 181, 181, -1, 180, 180, 17.0, 13, ABprppaaap, 6458, 0, 0, 0, , 0, 0, 0, 0, 0, 
182, 1, 182, 182, -1, 169, 198, 12.0, 15, ABprppapaa, 7290, 0, 0, 0, , 0, 0, 0, 0, 0, 
183, 1, 183, 183, -1, 152, 205, 12.0, 15, ABprppapap, 6652, 0, 0, 0, , 0, 0, 0, 0, 0, 
184, 1, 184, 184, -1, 118, 227, 13.0, 17, ABprppappp, 7006, 0, 0, 0, , 0, 0, 0, 0, 0, 
185, 1, 185, 185, -1, 139, 215, 12.0, 15, ABprppappa, 6233, 0, 0, 0, , 0, 0, 0, 0, 0, 
186, 1, 186, 186, -1, 303, 172, 32.0, 17, ABpraapaaa, 7560, 0, 0, 0, , 0, 0, 0, 0, 0, 
187, 1, 187, 187, -1, 270, 167, 30.0, 19, ABpraapaap, 8763, 0, 0, 0, , 0, 0, 0, 0, 0, 
188, 1, 188, 188, -1, 253, 170, 27.0, 15, ABpraapapa, 7336, 0, 0, 0, , 0, 0, 0, 0, 0, 
189, 1, 189, 189, -1, 237, 177, 29.0, 17, ABpraapapp, 9610, 0, 0, 0, , 0, 0, 0, 0, 0, 
190, 1, 190, 190, -1, 151, 192, 19.0, 17, ABpraapppp, 7036, 0, 0, 0, , 0, 0, 0, 0, 0, 
191, 1, 191, 191, -1, 177, 180, 22.0, 17, ABpraapppa, 8784, 0, 0, 0, , 0, 0, 0, 0, 0, 
192, 1, 192, 192, -1, 195, 171, 24.0, 15, ABpraappap, 6605, 0, 0, 0, , 0, 0, 0, 0, 0, 
193, 1, 193, 193, -1, 216, 161, 25.0, 13, ABpraappaa, 5455, 0, 0, 0, , 0, 0, 0, 0, 0, 
194, 1, 194, 194, -1, 266, 160, 25.0, 15, ABpraaapap, 8168, 0, 0, 0, , 0, 0, 0, 0, 0, 
195, 1, 195, 195, -1, 278, 171, 22.0, 15, ABpraaapaa, 5453, 0, 0, 0, , 0, 0, 0, 0, 0, 
196, 1, 196, 196, -1, 252, 172, 23.0, 15, ABpraaappa, 7392, 0, 0, 0, , 0, 0, 0, 0, 0, 
197, 1, 197, 197, -1, 227, 173, 26.0, 13, ABpraaappp, 1911, 0, 0, 0, , 0, 0, 0, 0, 0, 
198, 1, 198, 198, -1, 266, 158, 21.0, 15, ABpraaaaap, 6363, 0, 0, 0, , 0, 0, 0, 0, 0, 
199, 1, 199, 199, -1, 279, 161, 18.0, 15, ABpraaaaaa, 7660, 0, 0, 0, , 0, 0, 0, 0, 0, 
200, 1, 200, 200, -1, 257, 165, 18.0, 15, ABpraaaapa, 6658, 0, 0, 0, , 0, 0, 0, 0, 0, 
201, 1, 201, 201, -1, 241, 160, 21.0, 17, ABpraaaapp, 7267, 0, 0, 0, , 0, 0, 0, 0, 0, 
202, 1, 202, 202, -1, 96, 232, 21.0, 15, ABprappapp, 7487, 0, 0, 0, , 0, 0, 0, 0, 0, 
203, 1, 203, 203, -1, 108, 223, 25.0, 15, ABprappapa, 6820, 0, 0, 0, , 0, 0, 0, 0, 0, 
204, 1, 204, 204, -1, 114, 217, 19.0, 15, ABprappaap, 8525, 0, 0, 0, , 0, 0, 0, 0, 0, 
205, 1, 205, 205, -1, 135, 209, 17.0, 17, ABprappaaa, 7126, 0, 0, 0, , 0, 0, 0, 0, 0, 
206, 1, 206, 206, -1, 102, 239, 16.0, 15, ABprapppaa, 7321, 0, 0, 0, , 0, 0, 0, 0, 0, 
207, 1, 207, 207, -1, 95, 259, 14.0, 17, ABprapppap, 6403, 0, 0, 0, , 0, 0, 0, 0, 0, 
208, 1, 208, 208, -1, 89, 283, 11.0, 17, ABprappppp, 6905, 0, 0, 0, , 0, 0, 0, 0, 0, 
209, 1, 209, 209, -1, 80, 268, 13.0, 15, ABprappppa, 6540, 0, 0, 0, , 0, 0, 0, 0, 0, 
210, 1, 210, 210, -1, 169, 197, 28.0, 17, ABprapaaap, 7363, 0, 0, 0, , 0, 0, 0, 0, 0, 
211, 1, 211, 211, -1, 187, 194, 28.0, 15, ABprapaaaa, 6628, 0, 0, 0, , 0, 0, 0, 0, 0, 
212, 1, 212, 212, -1, 135, 203, 22.0, 17, ABprapaapp, 8078, 0, 0, 0, , 0, 0, 0, 0, 0, 
213, 1, 213, 213, -1, 157, 188, 25.0, 15, ABprapaapa, 7242, 0, 0, 0, , 0, 0, 0, 0, 0, 
214, 1, 214, 214, -1, 75, 253, 18.0, 15, ABprapappa, 8876, 0, 0, 0, , 0, 0, 0, 0, 0, 
215, 1, 215, 215, -1, 70, 275, 17.0, 15, ABprapappp, 7003, 0, 0, 0, , 0, 0, 0, 0, 0, 
216, 1, 216, 216, -1, 81, 252, 22.0, 17, ABprapapap, 7619, 0, 0, 0, , 0, 0, 0, 0, 0, 
217, 1, 217, 217, -1, 89, 252, 26.0, 17, ABprapapaa, 7435, 0, 0, 0, , 0, 0, 0, 0, 0, 
218, 1, 218, 218, -1, 213, 200, 24.0, 15, MSppppap, 3726, 0, 0, 0, , 0, 0, 0, 0, 0, 
219, 1, 219, 219, -1, 222, 196, 18.0, 15, MSppppaa, 3895, 0, 0, 0, , 0, 0, 0, 0, 0, 
220, 1, 220, 220, -1, 216, 201, 28.0, 15, MSpppppa, 5567, 0, 0, 0, , 0, 0, 0, 0, 0, 
221, 1, 221, 221, -1, 185, 216, 27.0, 13, MSpppppp, 5117, 0, 0, 0, , 0, 0, 0, 0, 0, 
222, 1, 222, 222, -1, 226, 223, 16.0, 15, MSpppaaa, 3796, 0, 0, 0, , 0, 0, 0, 0, 0, 
223, 1, 223, 223, -1, 202, 227, 19.0, 15, MSpppaap, 4812, 0, 0, 0, , 0, 0, 0, 0, 0, 
224, 1, 224, 224, -1, 197, 205, 16.0, 15, MSpppap, 6288, 0, 0, 0, , 0, 0, 0, 0, 0, 
225, 1, 225, 225, -1, 237, 209, 17.0, 15, MSppaapp, 4644, 0, 0, 0, , 0, 0, 0, 0, 0, 
226, 1, 226, 226, -1, 252, 204, 15.0, 13, MSppaapa, 4782, 0, 0, 0, , 0, 0, 0, 0, 0, 
227, 1, 227, 227, -1, 280, 194, 15.0, 15, MSppaaaa, 4410, 0, 0, 0, , 0, 0, 0, 0, 0, 
228, 1, 228, 228, -1, 266, 194, 17.0, 15, MSppaaap, 4939, 0, 0, 0, , 0, 0, 0, 0, 0, 
229, 1, 229, 229, -1, 263, 189, 27.0, 15, MSppappa, 5402, 0, 0, 0, , 0, 0, 0, 0, 0, 
230, 1, 230, 230, -1, 261, 184, 20.0, 15, MSppapaa, 4176, 0, 0, 0, , 0, 0, 0, 0, 0, 
231, 1, 231, 231, -1, 241, 191, 21.0, 15, MSppapap, 5244, 0, 0, 0, , 0, 0, 0, 0, 0, 
232, 1, 232, 232, -1, 195, 261, 17.0, 17, MSpapapp, 6969, 0, 0, 0, , 0, 0, 0, 0, 0, 
233, 1, 233, 233, -1, 215, 243, 16.0, 17, MSpapapa, 8423, 0, 0, 0, , 0, 0, 0, 0, 0, 
234, 1, 234, 234, -1, 248, 243, 18.0, 17, MSpapaaa, 6723, 0, 0, 0, , 0, 0, 0, 0, 0, 
235, 1, 235, 235, 236, 222, 238, 21.0, 15, MSpapaap, 6911, 0, 0, 0, , 0, 0, 0, 0, 0, 
236, 1, 236, 237, -1, 175, 287, 14.0, 17, MSpappa, 3883, 0, 0, 0, , 0, 0, 0, 0, 0, 
237, 1, 237, 238, -1, 168, 264, 15.0, 15, MSpapppp, 6319, 0, 0, 0, , 0, 0, 0, 0, 0, 
238, 1, 238, 239, -1, 164, 238, 15.0, 17, MSpapppa, 5857, 0, 0, 0, , 0, 0, 0, 0, 0, 
239, 1, 239, 240, -1, 260, 223, 28.0, 19, MSpaaapp, 9716, 0, 0, 0, , 0, 0, 0, 0, 0, 
240, 1, 240, 241, -1, 281, 220, 30.0, 17, MSpaaapa, 7017, 0, 0, 0, , 0, 0, 0, 0, 0, 
241, 1, 241, 242, -1, 293, 206, 26.0, 21, MSpaaaap, 10087, 0, 0, 0, , 0, 0, 0, 0, 0, 
242, 1, 242, 243, -1, 315, 193, 23.0, 15, MSpaaaaa, 7155, 0, 0, 0, , 0, 0, 0, 0, 0, 
243, 1, 243, 244, -1, 255, 208, 23.0, 19, MSpaapap, 8713, 0, 0, 0, , 0, 0, 0, 0, 0, 
244, 1, 244, 245, -1, 278, 200, 23.0, 17, MSpaapaa, 5910, 0, 0, 0, , 0, 0, 0, 0, 0, 
245, 1, 245, 246, -1, 197, 240, 27.0, 19, Earap, 19871, 0, 0, 0, , 0, 0, 0, 0, 0, 
246, 1, 246, 247, -1, 266, 289, 24.0, 15, MSapppaa, 5662, 0, 0, 0, , 0, 0, 0, 0, 0, 
247, 1, 247, 248, -1, 261, 292, 27.0, 15, MSapppap, 5244, 0, 0, 0, , 0, 0, 0, 0, 0, 
248, 1, 248, 249, -1, 246, 286, 28.0, 13, MSappppa, 4406, 0, 0, 0, , 0, 0, 0, 0, 0, 
249, 1, 249, 250, -1, 216, 297, 28.0, 13, MSappppp, 4999, 0, 0, 0, , 0, 0, 0, 0, 0, 
250, 1, 250, 251, 252, 243, 287, 21.0, 19, MSappaa, 7651, 0, 0, 0, , 0, 0, 0, 0, 0, 
251, 1, 251, 253, -1, 250, 309, 18.0, 15, MSappap, 7295, 0, 0, 0, , 0, 0, 0, 0, 0, 
252, 1, 252, 254, -1, 298, 261, 28.0, 15, MSapappa, 6343, 0, 0, 0, , 0, 0, 0, 0, 0, 
253, 1, 253, 255, -1, 265, 278, 29.0, 15, MSapappp, 7408, 0, 0, 0, , 0, 0, 0, 0, 0, 
254, 1, 254, 256, -1, 284, 278, 22.0, 13, MSapapap, 5100, 0, 0, 0, , 0, 0, 0, 0, 0, 
255, 1, 255, 257, -1, 306, 268, 21.0, 15, MSapapaa, 5398, 0, 0, 0, , 0, 0, 0, 0, 0, 
256, 1, 256, 258, -1, 269, 289, 19.0, 15, MSapaapp, 5516, 0, 0, 0, , 0, 0, 0, 0, 0, 
257, 1, 257, 259, -1, 283, 278, 17.0, 13, MSapaapa, 4308, 0, 0, 0, , 0, 0, 0, 0, 0, 
258, 1, 258, 260, -1, 330, 250, 18.0, 13, MSapaaaa, 4910, 0, 0, 0, , 0, 0, 0, 0, 0, 
259, 1, 259, 261, -1, 313, 261, 18.0, 15, MSapaaap, 6146, 0, 0, 0, , 0, 0, 0, 0, 0, 
260, 1, 260, 262, -1, 319, 220, 27.0, 19, MSaaaaap, 11390, 0, 0, 0, , 0, 0, 0, 0, 0, 
261, 1, 261, 263, -1, 337, 212, 23.0, 15, MSaaaaaa, 5193, 0, 0, 0, , 0, 0, 0, 0, 0, 
262, 1, 262, 264, -1, 297, 227, 30.0, 17, MSaaaapa, 6314, 0, 0, 0, , 0, 0, 0, 0, 0, 
263, 1, 263, 265, -1, 274, 248, 29.0, 17, MSaaaapp, 5658, 0, 0, 0, , 0, 0, 0, 0, 0, 
264, 1, 264, 266, -1, 280, 244, 25.0, 17, MSaaapap, 5052, 0, 0, 0, , 0, 0, 0, 0, 0, 
265, 1, 265, 267, -1, 300, 238, 26.0, 17, MSaaapaa, 6245, 0, 0, 0, , 0, 0, 0, 0, 0, 
266, 1, 266, 268, -1, 268, 253, 27.0, 15, MSaaappa, 4269, 0, 0, 0, , 0, 0, 0, 0, 0, 
267, 1, 267, 269, -1, 249, 243, 26.0, 15, MSaaappp, 5365, 0, 0, 0, , 0, 0, 0, 0, 0, 
268, 1, 268, 270, -1, 189, 315, 15.0, 17, MSaapppp, 4966, 0, 0, 0, , 0, 0, 0, 0, 0, 
269, 1, 269, 271, -1, 220, 304, 17.0, 17, MSaapppa, 5234, 0, 0, 0, , 0, 0, 0, 0, 0, 
270, 1, 271, 272, -1, 263, 265, 19.0, 17, MSaapaaa, 6238, 0, 0, 0, , 0, 0, 0, 0, 0, 
271, 1, 272, 273, -1, 223, 277, 18.0, 17, MSaapapp, 6022, 0, 0, 0, , 0, 0, 0, 0, 0, 
272, 1, 273, 274, -1, 238, 263, 19.0, 15, MSaapapa, 6930, 0, 0, 0, , 0, 0, 0, 0, 0, 
273, 1, 274, 275, -1, 218, 276, 23.0, 19, Ealpa, 12169, 0, 0, 0, , 0, 0, 0, 0, 0, 
274, 1, 275, 276, -1, 187, 281, 24.0, 19, Ealpp, 11279, 0, 0, 0, , 0, 0, 0, 0, 0, 
275, 1, 276, 277, -1, 138, 300, 24.0, 19, Eplpa, 10836, 0, 0, 0, , 0, 0, 0, 0, 0, 
276, 1, 277, 278, -1, 146, 338, 20.0, 15, Cappap, 6764, 0, 0, 0, , 0, 0, 0, 0, 0, 
277, 1, 278, 279, -1, 163, 320, 22.0, 21, Cappaa, 8902, 0, 0, 0, , 0, 0, 0, 0, 0, 
278, 1, 279, 280, -1, 127, 338, 21.0, 15, Capppa, 5801, 0, 0, 0, , 0, 0, 0, 0, 0, 
279, 1, 280, 281, -1, 121, 322, 15.0, 19, Capppp, 5715, 0, 0, 0, , 0, 0, 0, 0, 0, 
280, 1, 281, 282, -1, 168, 330, 20.0, 17, Capapa, 6909, 0, 0, 0, , 0, 0, 0, 0, 0, 
281, 1, 282, 283, -1, 141, 318, 16.0, 17, Capapp, 5522, 0, 0, 0, , 0, 0, 0, 0, 0, 
282, 1, 283, 284, -1, 168, 312, 17.0, 17, Capaap, 7973, 0, 0, 0, , 0, 0, 0, 0, 0, 
283, 1, 284, 285, -1, 199, 320, 21.0, 19, Capaaa, 8157, 0, 0, 0, , 0, 0, 0, 0, 0, 
284, 1, 285, 286, -1, 82, 333, 25.0, 19, Caaapp, 8254, 0, 0, 0, , 0, 0, 0, 0, 0, 
285, 1, 286, 287, -1, 89, 329, 15.0, 19, Caappd, 7034, 0, 0, 0, , 0, 0, 0, 0, 0, 
286, 1, 287, 288, -1, 87, 317, 11.0, 15, Caappv, 4315, 0, 0, 0, , 0, 0, 0, 0, 0, 
287, 1, 288, 289, -1, 105, 309, 12.0, 16, Caapa, 6396, 0, 0, 0, , 0, 0, 0, 0, 0, 
288, 1, 289, 290, -1, 69, 301, 17.0, 17, Cpappd, 6645, 0, 0, 0, , 0, 0, 0, 0, 0, 
289, 1, 290, 291, -1, 79, 302, 13.0, 17, Cpappv, 6567, 0, 0, 0, , 0, 0, 0, 0, 0, 
290, 1, 291, 292, -1, 73, 330, 20.0, 19, Cpapaa, 11003, 0, 0, 0, , 0, 0, 0, 0, 0, 
291, 1, 292, 293, -1, 80, 302, 29.0, 23, Cpaapp, 27479, 0, 0, 0, , 0, 0, 0, 0, 0, 
292, 1, 293, 294, -1, 144, 262, 16.0, 17, Cppaap, 6887, 0, 0, 0, , 0, 0, 0, 0, 0, 
293, 1, 294, 295, -1, 149, 230, 19.0, 21, Cppaaa, 17644, 0, 0, 0, , 0, 0, 0, 0, 0, 
294, 1, 295, 296, -1, 127, 243, 18.0, 17, Cppapa, 7256, 0, 0, 0, , 0, 0, 0, 0, 0, 
295, 1, 296, 297, -1, 116, 265, 15.0, 17, Cppapp, 7038, 0, 0, 0, , 0, 0, 0, 0, 0, 
296, 1, 297, 298, -1, 127, 237, 22.0, 17, Cpppaa, 8199, 0, 0, 0, , 0, 0, 0, 0, 0, 
297, 1, 298, 299, -1, 110, 259, 19.0, 17, Cpppap, 8397, 0, 0, 0, , 0, 0, 0, 0, 0, 
298, 1, 299, 300, -1, 231, 321, 22.0, 17, Daap, 3414, 0, 0, 0, , 0, 0, 0, 0, 0, 
299, 1, 300, 301, 302, 245, 308, 25.0, 17, Daaa, 7445, 0, 0, 0, , 0, 0, 0, 0, 0, 
300, 1, 301, 303, -1, 196, 316, 27.0, 15, Dappa, 3731, 0, 0, 0, , 0, 0, 0, 0, 0, 
301, 1, 302, 304, -1, 165, 322, 26.0, 15, Dappp, 6935, 0, 0, 0, , 0, 0, 0, 0, 0, 
302, 1, 303, 305, -1, 180, 219, 16.0, 19, Dpap, 9829, 0, 0, 0, , 0, 0, 0, 0, 0, 
303, 1, 304, 306, -1, 200, 203, 21.0, 19, Dpaa, 9599, 0, 0, 0, , 0, 0, 0, 0, 0, 
304, 1, 305, 307, -1, 138, 243, 26.0, 15, Dpppp, 6417, 0, 0, 0, , 0, 0, 0, 0, 0, 
305, 1, 306, 308, -1, 159, 223, 23.0, 17, Dpppa, 6185, 0, 0, 0, , 0, 0, 0, 0, 0, 
306, 1, 307, 309, 310, 171, 206, 21.0, 13, Dppa, 2565, 0, 0, 0, , 0, 0, 0, 0, 0, 
307, 0, 307, -1, -1, 172, 203, 21.0, 13, , 2773, 0, 0, 0, , 0, 0, 0, 0, 0, 
308, 1, 308, 311, -1, 188, 292, 18.0, 21, Z3, 24411, 0, 0, 0, , 0, 0, 0, 0, 0, 
309, 1, 309, 312, -1, 155, 281, 17.0, 16, Z2, 6263, 0, 0, 0, , 0, 0, 0, 0, 0, 
310, 0, 310, -1, -1, 381, 244, 24.0, 15, , 8857, 0, 0, 0, , 0, 0, 0, 0, 0, 
311, 1, 311, 314, -1, 326, 298, 24.0, 15, ABalpppapp, 8602, 0, 0, 0, , 0, 0, 0, 0, 0, 
312, 1, 312, 315, -1, 306, 290, 23.0, 19, ABalpppppa, 8608, 0, 0, 0, , 0, 0, 0, 0, 0, 
313, 1, 313, 316, -1, 292, 290, 26.0, 15, ABalppppppa, 4200, 0, 0, 0, , 0, 0, 0, 0, 0, 
314, 1, 314, 317, -1, 284, 305, 31.0, 15, ABalppppppp, 4783, 0, 0, 0, , 0, 0, 0, 0, 0, 
315, 1, 315, 318, -1, 321, 277, 28.0, 17, ABalppppap, 10371, 0, 0, 0, , 0, 0, 0, 0, 0, 
316, 1, 316, 319, -1, 326, 275, 22.0, 15, ABalppppaa, 6655, 0, 0, 0, , 0, 0, 0, 0, 0, 
317, 1, 317, 320, -1, 341, 281, 19.0, 15, ABalpppaaa, 6235, 0, 0, 0, , 0, 0, 0, 0, 0, 
318, 1, 318, 321, -1, 345, 282, 25.0, 15, ABalpppaap, 7720, 0, 0, 0, , 0, 0, 0, 0, 0, 
319, 1, 319, 322, -1, 324, 294, 20.0, 15, ABalpppapa, 7156, 0, 0, 0, , 0, 0, 0, 0, 0, 
320, 1, 320, 323, -1, 351, 252, 18.0, 13, ABalppaaaa, 6063, 0, 0, 0, , 0, 0, 0, 0, 0, 
321, 1, 321, 324, -1, 351, 267, 18.0, 17, ABalppaaap, 5555, 0, 0, 0, , 0, 0, 0, 0, 0, 
322, 1, 322, 325, -1, 316, 291, 16.0, 15, ABalppaapp, 5508, 0, 0, 0, , 0, 0, 0, 0, 0, 
323, 1, 323, 326, -1, 326, 282, 16.0, 13, ABalppaapa, 5807, 0, 0, 0, , 0, 0, 0, 0, 0, 
324, 1, 324, 327, -1, 277, 306, 13.0, 17, ABalppappp, 8375, 0, 0, 0, , 0, 0, 0, 0, 0, 
325, 1, 325, 328, -1, 293, 290, 14.0, 19, ABalppappa, 10307, 0, 0, 0, , 0, 0, 0, 0, 0, 
326, 1, 326, 329, -1, 288, 292, 10.0, 15, ABalppapap, 8570, 0, 0, 0, , 0, 0, 0, 0, 0, 
327, 1, 327, 330, -1, 306, 282, 11.0, 15, ABalppapaa, 8352, 0, 0, 0, , 0, 0, 0, 0, 0, 
328, 1, 328, 331, -1, 266, 285, 11.0, 17, ABalpapapa, 10566, 0, 0, 0, , 0, 0, 0, 0, 0, 
329, 1, 329, 332, -1, 256, 311, 11.0, 17, ABalpapapp, 12120, 0, 0, 0, , 0, 0, 0, 0, 0, 
330, 1, 330, 333, -1, 281, 271, 10.0, 15, ABalpapaap, 8632, 0, 0, 0, , 0, 0, 0, 0, 0, 
331, 1, 331, 334, -1, 301, 261, 10.0, 15, ABalpapaaa, 8515, 0, 0, 0, , 0, 0, 0, 0, 0, 
332, 1, 332, 335, -1, 269, 259, 11.0, 13, ABalpappapa, 5395, 0, 0, 0, , 0, 0, 0, 0, 0, 
333, 1, 332, 336, -1, 247, 263, 13.0, 13, ABalpappapp, 5178, 0, 0, 0, , 0, 0, 0, 0, 0, 
334, 1, 333, 337, -1, 283, 249, 11.0, 15, ABalpappaa, 7557, 0, 0, 0, , 0, 0, 0, 0, 0, 
335, 1, 334, 338, -1, 232, 263, 15.0, 17, ABalpappppp, 5861, 0, 0, 0, , 0, 0, 0, 0, 0, 
336, 1, 335, 339, -1, 259, 272, 16.0, 15, ABalpappppa, 5835, 0, 0, 0, , 0, 0, 0, 0, 0, 
337, 1, 336, 340, -1, 272, 259, 15.0, 17, ABalpapppa, 8689, 0, 0, 0, , 0, 0, 0, 0, 0, 
338, 1, 337, 341, -1, 289, 259, 16.0, 15, ABalpaaapp, 6196, 0, 0, 0, , 0, 0, 0, 0, 0, 
339, 1, 338, 342, -1, 301, 243, 14.0, 15, ABalpaaapa, 9502, 0, 0, 0, , 0, 0, 0, 0, 0, 
340, 1, 339, 343, -1, 306, 242, 10.0, 13, ABalpaaaap, 6081, 0, 0, 0, , 0, 0, 0, 0, 0, 
341, 1, 340, 344, -1, 325, 233, 11.0, 19, ABalpaaaaa, 9811, 0, 0, 0, , 0, 0, 0, 0, 0, 
342, 1, 341, 345, -1, 317, 267, 13.0, 17, ABalpaappp, 7592, 0, 0, 0, , 0, 0, 0, 0, 0, 
343, 1, 342, 346, -1, 328, 250, 11.0, 17, ABalpaappa, 8161, 0, 0, 0, , 0, 0, 0, 0, 0, 
344, 1, 343, 347, -1, 300, 241, 18.0, 15, ABalpaapapp, 6350, 0, 0, 0, , 0, 0, 0, 0, 0, 
345, 1, 344, 348, -1, 319, 232, 14.0, 15, ABalpaapapa, 5795, 0, 0, 0, , 0, 0, 0, 0, 0, 
346, 1, 345, 349, -1, 333, 228, 18.0, 15, ABalpaapaa, 7465, 0, 0, 0, , 0, 0, 0, 0, 0, 
347, 1, 346, 350, -1, 175, 250, 28.0, 19, Epraa, 25261, 0, 0, 0, , 0, 0, 0, 0, 0, 
348, 1, 347, 351, -1, 148, 263, 27.0, 21, Eprap, 17399, 0, 0, 0, , 0, 0, 0, 0, 0, 
349, 1, 348, 352, -1, 218, 215, 24.0, 13, MSpaapp, 4477, 0, 0, 0, , 0, 0, 0, 0, 0, 
350, 1, 349, 353, -1, 167, 256, 23.0, 19, Earpp, 11428, 0, 0, 0, , 0, 0, 0, 0, 0, 
351, 1, 350, 354, -1, 201, 265, 27.0, 19, Ealap, 16306, 0, 0, 0, , 0, 0, 0, 0, 0, 
352, 1, 351, 355, -1, 238, 259, 28.0, 21, Ealaa, 21458, 0, 0, 0, , 0, 0, 0, 0, 0, 
353, 1, 352, 356, -1, 177, 273, 28.0, 21, Eplaa, 20757, 0, 0, 0, , 0, 0, 0, 0, 0, 
354, 1, 353, 357, -1, 154, 290, 26.0, 21, Eplap, 10626, 0, 0, 0, , 0, 0, 0, 0, 0, 
355, 1, 354, 358, -1, 120, 284, 21.0, 21, Eprpp, 11326, 0, 0, 0, , 0, 0, 0, 0, 0, 
356, 1, 355, 359, -1, 208, 325, 26.0, 15, Dapap, 7252, 0, 0, 0, , 0, 0, 0, 0, 0, 
357, 1, 355, 360, -1, 219, 321, 26.0, 15, Dapaa, 2340, 0, 0, 0, , 0, 0, 0, 0, 0, 
358, 1, 356, 361, -1, 245, 262, 23.0, 19, MSaapaap, 9194, 0, 0, 0, , 0, 0, 0, 0, 0, 
359, 1, 357, 362, -1, 133, 223, 32.0, 17, ABarpppapp, 6778, 0, 0, 0, , 0, 0, 0, 0, 0, 
360, 1, 358, 363, -1, 232, 326, 13.0, 15, ABplppaapa, 7578, 0, 0, 0, , 0, 0, 0, 0, 0, 
361, 1, 359, 364, -1, 67, 302, 23.0, 17, Cpapap, 8255, 0, 0, 0, , 0, 0, 0, 0, 0, 
362, 1, 360, 365, -1, 236, 224, 26.0, 21, Earaa, 32052, 0, 0, 0, , 0, 0, 0, 0, 0, 
363, 1, 361, 366, -1, 347, 245, 14.0, 15, ABalaaaala, 7184, 0, 0, 0, , 0, 0, 0, 0, 0, 
364, 1, 362, 367, -1, 247, 188, 35.0, 15, ABarpappaa, 5080, 0, 0, 0, , 0, 0, 0, 0, 0, 
365, 1, 363, 368, -1, 347, 197, 26.0, 13, ABalappaaa, 3546, 0, 0, 0, , 0, 0, 0, 0, 0, 
366, 1, 364, 369, -1, 91, 275, 19.0, 19, Cppppa, 8472, 0, 0, 0, , 0, 0, 0, 0, 0, 
367, 1, 365, 370, -1, 105, 294, 15.0, 19, Cppppp, 8606, 0, 0, 0, , 0, 0, 0, 0, 0, 
368, 1, 366, 371, -1, 269, 174, 15.0, 15, ABalaapapp, 4602, 0, 0, 0, , 0, 0, 0, 0, 0, 
369, 1, 367, 372, -1, 170, 225, 34.0, 21, ABarpppapa, 4316, 0, 0, 0, , 0, 0, 0, 0, 0, 
370, 1, 368, 373, -1, 195, 244, 20.0, 19, Earpa, 12529, 0, 0, 0, , 0, 0, 0, 0, 0, 
371, 1, 369, 383, -1, 127, 307, 20.0, 21, Eplpp, 22660, 0, 0, 0, , 0, 0, 0, 0, 0, 
372, 1, 370, 375, -1, 240, 198, 28.0, 15, MSppappp, 5614, 0, 0, 0, , 0, 0, 0, 0, 0, 
373, 1, 371, 376, -1, 129, 273, 25.0, 21, Eprpa, 22166, 0, 0, 0, , 0, 0, 0, 0, 0, 
374, 1, 372, 377, -1, 216, 246, 33.0, 17, ABarpaappa, 6496, 0, 0, 0, , 0, 0, 0, 0, 0, 
375, 1, 373, 378, -1, 193, 300, 34.0, 19, ABarppaapa, 2432, 0, 0, 0, , 0, 0, 0, 0, 0, 
376, 1, 374, 379, -1, 116, 259, 33.0, 17, Cpaaap, 3888, 0, 0, 0, , 0, 0, 0, 0, 0, 
377, 1, 375, 380, -1, 113, 331, 32.0, 21, Caaapa, 28999, 0, 0, 0, , 0, 0, 0, 0, 0, 
378, 1, 376, 381, -1, 101, 285, 33.0, 19, Cpaapa, 6003, 0, 0, 0, , 0, 0, 0, 0, 0, 
379, 1, 377, 382, -1, 170, 311, 32.0, 17, Caaaaa, 1639, 0, 0, 0, , 0, 0, 0, 0, 0, 
380, 1, 270, 384, -1, 208, 286, 15.333333, 15, MSaappa, 4420, 0, 0, 0, , 0, 0, 0, 0, 0, 
381, 1, 378, 385, -1, 149, 251, 34.0, 21, Cpaaaa, 2531, 0, 0, 0, , 0, 0, 0, 0, 0, 
382, 1, 379, 386, -1, 131, 312, 33.0, 15, Caaaap, 0, 0, 0, 0, , 0, 0, 0, 0, 0, 
