1, 1, 1, 1, -1, 309, 206, 22.0, 15, ABaraappaa, 8386, 0, 0, 0, , 0, 0, 0, 0, 0, 
2, 1, 2, 2, -1, 291, 208, 20.0, 17, ABaraappap, 10281, 0, 0, 0, , 0, 0, 0, 0, 0, 
3, 1, 3, 3, -1, 254, 231, 20.0, 15, ABaraapppap, 5797, 0, 0, 0, , 0, 0, 0, 0, 0, 
4, 1, 4, 4, -1, 280, 221, 18.0, 15, ABaraapppaa, 5760, 0, 0, 0, , 0, 0, 0, 0, 0, 
5, 1, 5, 5, -1, 236, 214, 20.0, 17, ABaraapppp, 6873, 0, 0, 0, , 0, 0, 0, 0, 0, 
6, 1, 6, 6, -1, 270, 264, 22.0, 17, ABaraapapp, 9647, 0, 0, 0, , 0, 0, 0, 0, 0, 
7, 1, 7, 7, 8, 282, 247, 20.0, 17, ABaraapapa, 11576, 0, 0, 0, , 0, 0, 0, 0, 0, 
8, 1, 8, 9, -1, 318, 219, 21.0, 15, ABaraapaaa, 10183, 0, 0, 0, , 0, 0, 0, 0, 0, 
9, 1, 9, 10, -1, 303, 236, 22.0, 19, ABaraapaap, 11801, 0, 0, 0, , 0, 0, 0, 0, 0, 
10, 1, 10, 11, -1, 304, 204, 10.0, 15, ABaraaappa, 8041, 0, 0, 0, , 0, 0, 0, 0, 0, 
11, 1, 11, 12, -1, 284, 202, 10.0, 15, ABaraaappp, 7879, 0, 0, 0, , 0, 0, 0, 0, 0, 
12, 1, 12, 13, -1, 318, 210, 17.0, 17, ABaraaapaa, 7083, 0, 0, 0, , 0, 0, 0, 0, 0, 
13, 1, 13, 14, -1, 298, 217, 16.0, 19, ABaraaapap, 6848, 0, 0, 0, , 0, 0, 0, 0, 0, 
14, 1, 14, 15, -1, 336, 223, 15.0, 15, ABaraaaaaa, 6179, 0, 0, 0, , 0, 0, 0, 0, 0, 
15, 1, 15, 16, -1, 317, 201, 14.0, 17, ABaraaaaap, 8141, 0, 0, 0, , 0, 0, 0, 0, 0, 
16, 1, 16, 17, -1, 322, 225, 24.0, 13, ABaraaaapp, 5055, 0, 0, 0, , 0, 0, 0, 0, 0, 
17, 1, 17, 18, -1, 333, 207, 20.0, 15, ABaraaaapa, 5826, 0, 0, 0, , 0, 0, 0, 0, 0, 
18, 1, 18, 19, -1, 244, 246, 10.0, 17, ABarapapap, 10005, 0, 0, 0, , 0, 0, 0, 0, 0, 
19, 1, 19, 20, -1, 266, 232, 11.0, 17, ABarapapaa, 10337, 0, 0, 0, , 0, 0, 0, 0, 0, 
20, 1, 20, 21, -1, 210, 256, 13.0, 19, ABarapapppp, 7762, 0, 0, 0, , 0, 0, 0, 0, 0, 
21, 1, 21, 22, -1, 230, 242, 13.0, 15, ABarapapppa, 6188, 0, 0, 0, , 0, 0, 0, 0, 0, 
22, 1, 22, 23, -1, 250, 239, 13.0, 17, ABarapappa, 9848, 0, 0, 0, , 0, 0, 0, 0, 0, 
23, 1, 23, 24, -1, 280, 231, 10.0, 17, ABarapaaap, 11024, 0, 0, 0, , 0, 0, 0, 0, 0, 
24, 1, 24, 25, -1, 299, 225, 10.0, 15, ABarapaaaa, 8242, 0, 0, 0, , 0, 0, 0, 0, 0, 
25, 1, 25, 26, -1, 286, 222, 13.0, 19, ABarapaapa, 10087, 0, 0, 0, , 0, 0, 0, 0, 0, 
26, 1, 26, 27, -1, 264, 230, 15.0, 17, ABarapaapp, 12489, 0, 0, 0, , 0, 0, 0, 0, 0, 
27, 1, 27, 28, -1, 238, 206, 10.0, 15, ABarapppap, 7355, 0, 0, 0, , 0, 0, 0, 0, 0, 
28, 1, 28, 29, -1, 267, 189, 10.0, 17, ABarapppaa, 7604, 0, 0, 0, , 0, 0, 0, 0, 0, 
29, 1, 29, 30, -1, 249, 192, 12.0, 17, ABarappppa, 7805, 0, 0, 0, , 0, 0, 0, 0, 0, 
30, 1, 30, 31, -1, 218, 199, 12.0, 15, ABarappppp, 7912, 0, 0, 0, , 0, 0, 0, 0, 0, 
31, 1, 31, 32, -1, 259, 212, 11.0, 17, ABarappaaa, 9548, 0, 0, 0, , 0, 0, 0, 0, 0, 
32, 1, 32, 33, -1, 236, 226, 10.0, 15, ABarappaap, 8439, 0, 0, 0, , 0, 0, 0, 0, 0, 
33, 1, 33, 34, -1, 217, 218, 10.0, 17, ABarappapa, 10448, 0, 0, 0, , 0, 0, 0, 0, 0, 
34, 1, 34, 35, -1, 193, 217, 10.0, 17, ABarappapp, 10540, 0, 0, 0, , 0, 0, 0, 0, 0, 
35, 1, 35, 36, -1, 212, 182, 31.0, 17, ABarpapppa, 6173, 0, 0, 0, , 0, 0, 0, 0, 0, 
36, 1, 36, 37, -1, 203, 198, 33.0, 19, ABarpapppp, 5540, 0, 0, 0, , 0, 0, 0, 0, 0, 
37, 1, 37, 38, -1, 234, 180, 33.0, 19, ABarpappap, 6160, 0, 0, 0, , 0, 0, 0, 0, 0, 
38, 1, 38, 39, -1, 290, 187, 35.0, 17, ABarpapaaa, 5374, 0, 0, 0, , 0, 0, 0, 0, 0, 
39, 1, 39, 40, -1, 274, 195, 32.0, 19, ABarpapaap, 7667, 0, 0, 0, , 0, 0, 0, 0, 0, 
40, 1, 40, 41, -1, 239, 214, 34.0, 15, ABarpapapp, 5835, 0, 0, 0, , 0, 0, 0, 0, 0, 
41, 1, 41, 42, -1, 267, 208, 33.0, 15, ABarpapapa, 5427, 0, 0, 0, , 0, 0, 0, 0, 0, 
42, 1, 42, 43, -1, 199, 272, 34.0, 17, ABarpaappp, 5145, 0, 0, 0, , 0, 0, 0, 0, 0, 
43, 1, 43, 44, -1, 256, 220, 34.0, 15, ABarpaapaa, 5885, 0, 0, 0, , 0, 0, 0, 0, 0, 
44, 1, 44, 45, -1, 240, 245, 34.0, 19, ABarpaapap, 9364, 0, 0, 0, , 0, 0, 0, 0, 0, 
45, 1, 45, 46, -1, 328, 204, 32.0, 17, ABarpaaaaa, 6663, 0, 0, 0, , 0, 0, 0, 0, 0, 
46, 1, 46, 47, -1, 308, 225, 35.0, 15, ABarpaaaap, 5481, 0, 0, 0, , 0, 0, 0, 0, 0, 
47, 1, 47, 48, -1, 280, 218, 34.0, 13, ABarpaaapp, 4396, 0, 0, 0, , 0, 0, 0, 0, 0, 
48, 1, 48, 49, -1, 297, 210, 35.0, 15, ABarpaaapa, 7039, 0, 0, 0, , 0, 0, 0, 0, 0, 
49, 1, 49, 50, -1, 219, 308, 34.0, 17, ABarppaaap, 6164, 0, 0, 0, , 0, 0, 0, 0, 0, 
50, 1, 50, 51, -1, 226, 282, 35.0, 13, ABarppaaaa, 4547, 0, 0, 0, , 0, 0, 0, 0, 0, 
51, 1, 51, 52, -1, 165, 334, 33.0, 15, ABarppaapp, 5726, 0, 0, 0, , 0, 0, 0, 0, 0, 
52, 1, 52, 53, -1, 141, 347, 30.0, 17, ABarppappa, 6320, 0, 0, 0, , 0, 0, 0, 0, 0, 
53, 1, 53, 54, -1, 109, 353, 24.0, 17, ABarppappp, 6546, 0, 0, 0, , 0, 0, 0, 0, 0, 
54, 1, 54, 55, -1, 187, 345, 32.0, 17, ABarppapap, 11736, 0, 0, 0, , 0, 0, 0, 0, 0, 
55, 1, 55, 56, -1, 208, 334, 33.0, 17, ABarppapaa, 5877, 0, 0, 0, , 0, 0, 0, 0, 0, 
56, 1, 56, 57, -1, 70, 277, 23.0, 17, ABarpppppp, 6013, 0, 0, 0, , 0, 0, 0, 0, 0, 
57, 1, 57, 58, -1, 100, 245, 30.0, 17, ABarpppppa, 6048, 0, 0, 0, , 0, 0, 0, 0, 0, 
58, 1, 58, 59, -1, 153, 199, 29.0, 17, ABarppppaa, 5875, 0, 0, 0, , 0, 0, 0, 0, 0, 
59, 1, 59, 60, -1, 123, 214, 28.0, 17, ABarppppap, 5894, 0, 0, 0, , 0, 0, 0, 0, 0, 
60, 1, 60, 61, -1, 175, 202, 33.0, 17, ABarpppaap, 6612, 0, 0, 0, , 0, 0, 0, 0, 0, 
61, 1, 61, 62, -1, 202, 216, 35.0, 15, ABarpppaaa, 5509, 0, 0, 0, , 0, 0, 0, 0, 0, 
62, 1, 62, 63, -1, 301, 175, 28.0, 15, ABalappppa, 3524, 0, 0, 0, , 0, 0, 0, 0, 0, 
63, 1, 63, 64, -1, 269, 179, 32.0, 17, ABalappppp, 4751, 0, 0, 0, , 0, 0, 0, 0, 0, 
64, 1, 64, 65, -1, 320, 190, 28.0, 17, ABalapppaa, 5808, 0, 0, 0, , 0, 0, 0, 0, 0, 
65, 1, 65, 66, -1, 307, 197, 32.0, 17, ABalapppap, 5238, 0, 0, 0, , 0, 0, 0, 0, 0, 
66, 1, 66, 67, -1, 318, 173, 24.0, 15, ABalappapa, 5222, 0, 0, 0, , 0, 0, 0, 0, 0, 
67, 1, 67, 68, -1, 343, 212, 27.0, 15, ABalappaap, 4007, 0, 0, 0, , 0, 0, 0, 0, 0, 
68, 1, 68, 69, -1, 301, 166, 25.0, 17, ABalappapp, 7668, 0, 0, 0, , 0, 0, 0, 0, 0, 
69, 1, 69, 70, -1, 311, 262, 34.0, 15, ABalapappp, 4755, 0, 0, 0, , 0, 0, 0, 0, 0, 
70, 1, 70, 71, -1, 330, 257, 30.0, 17, ABalapappa, 4827, 0, 0, 0, , 0, 0, 0, 0, 0, 
71, 1, 71, 72, -1, 333, 226, 32.0, 13, ABalapapaa, 4558, 0, 0, 0, , 0, 0, 0, 0, 0, 
72, 1, 72, 73, -1, 319, 236, 32.0, 13, ABalapapap, 3992, 0, 0, 0, , 0, 0, 0, 0, 0, 
73, 1, 73, 74, -1, 350, 235, 26.0, 15, ABalapaaaa, 7765, 0, 0, 0, , 0, 0, 0, 0, 0, 
74, 1, 74, 75, -1, 341, 258, 28.0, 17, ABalapaaap, 11162, 0, 0, 0, , 0, 0, 0, 0, 0, 
75, 1, 75, 76, -1, 343, 257, 22.0, 15, ABalapaapa, 7636, 0, 0, 0, , 0, 0, 0, 0, 0, 
76, 1, 76, 77, -1, 332, 264, 25.0, 19, ABalapaapp, 6103, 0, 0, 0, , 0, 0, 0, 0, 0, 
77, 1, 77, 78, -1, 308, 183, 14.0, 15, ABalaapaaa, 6561, 0, 0, 0, , 0, 0, 0, 0, 0, 
78, 1, 78, 79, -1, 265, 177, 12.0, 13, ABalaapapa, 8148, 0, 0, 0, , 0, 0, 0, 0, 0, 
79, 1, 79, 80, -1, 286, 182, 12.0, 15, ABalaapaap, 6059, 0, 0, 0, , 0, 0, 0, 0, 0, 
80, 1, 80, 81, -1, 287, 182, 17.0, 17, ABalaappap, 6564, 0, 0, 0, , 0, 0, 0, 0, 0, 
81, 1, 81, 82, -1, 296, 173, 16.0, 17, ABalaappaa, 6081, 0, 0, 0, , 0, 0, 0, 0, 0, 
82, 1, 82, 83, -1, 297, 165, 21.0, 17, ABalaapppp, 7356, 0, 0, 0, , 0, 0, 0, 0, 0, 
83, 1, 83, 84, -1, 299, 182, 21.0, 17, ABalaapppa, 11577, 0, 0, 0, , 0, 0, 0, 0, 0, 
84, 1, 84, 85, -1, 337, 268, 15.0, 17, ABalaaaalp, 6934, 0, 0, 0, , 0, 0, 0, 0, 0, 
85, 1, 85, 86, -1, 332, 190, 17.0, 15, ABalaaaarr, 7051, 0, 0, 0, , 0, 0, 0, 0, 0, 
86, 1, 86, 87, -1, 350, 216, 19.0, 17, ABalaaaarl, 5772, 0, 0, 0, , 0, 0, 0, 0, 0, 
87, 1, 87, 88, -1, 330, 186, 22.0, 17, ABalaaappl, 6192, 0, 0, 0, , 0, 0, 0, 0, 0, 
88, 1, 88, 89, -1, 317, 181, 18.0, 17, ABalaaappr, 7717, 0, 0, 0, , 0, 0, 0, 0, 0, 
89, 1, 89, 90, -1, 349, 207, 23.0, 17, ABalaaapar, 6080, 0, 0, 0, , 0, 0, 0, 0, 0, 
90, 1, 90, 91, -1, 351, 239, 22.0, 17, ABalaaapal, 7317, 0, 0, 0, , 0, 0, 0, 0, 0, 
91, 1, 91, 92, -1, 167, 320, 11.0, 17, ABplppppap, 7743, 0, 0, 0, , 0, 0, 0, 0, 0, 
92, 1, 92, 93, -1, 185, 316, 10.0, 15, ABplppppaa, 7119, 0, 0, 0, , 0, 0, 0, 0, 0, 
93, 1, 93, 94, -1, 127, 315, 11.0, 15, ABplpppppp, 7368, 0, 0, 0, , 0, 0, 0, 0, 0, 
94, 1, 94, 95, -1, 154, 302, 13.0, 17, ABplpppppa, 7577, 0, 0, 0, , 0, 0, 0, 0, 0, 
95, 1, 95, 96, -1, 142, 319, 13.0, 13, ABplpppapp, 7279, 0, 0, 0, , 0, 0, 0, 0, 0, 
96, 1, 96, 97, -1, 149, 328, 11.0, 15, ABplpppapa, 7497, 0, 0, 0, , 0, 0, 0, 0, 0, 
97, 1, 97, 98, -1, 162, 345, 13.0, 17, ABplpppaap, 8105, 0, 0, 0, , 0, 0, 0, 0, 0, 
98, 1, 98, 99, -1, 181, 336, 13.0, 17, ABplpppaaa, 7532, 0, 0, 0, , 0, 0, 0, 0, 0, 
99, 1, 99, 100, -1, 191, 345, 15.0, 15, ABplppappp, 7426, 0, 0, 0, , 0, 0, 0, 0, 0, 
100, 1, 100, 101, -1, 213, 340, 15.0, 15, ABplppappa, 6552, 0, 0, 0, , 0, 0, 0, 0, 0, 
101, 1, 101, 102, -1, 243, 337, 18.0, 17, ABplppapaa, 8832, 0, 0, 0, , 0, 0, 0, 0, 0, 
102, 1, 102, 103, -1, 223, 344, 18.0, 17, ABplppapap, 8303, 0, 0, 0, , 0, 0, 0, 0, 0, 
103, 1, 103, 104, -1, 204, 329, 11.0, 17, ABplppaapp, 8616, 0, 0, 0, , 0, 0, 0, 0, 0, 
104, 1, 104, 105, -1, 262, 330, 20.0, 19, ABplppaaaa, 8600, 0, 0, 0, , 0, 0, 0, 0, 0, 
105, 1, 105, 106, -1, 259, 334, 22.0, 15, ABplppaaap, 7283, 0, 0, 0, , 0, 0, 0, 0, 0, 
106, 1, 106, 107, -1, 248, 280, 10.0, 15, ABplpappaaa, 6683, 0, 0, 0, , 0, 0, 0, 0, 0, 
107, 1, 107, 108, -1, 222, 293, 10.0, 15, ABplpappaap, 8641, 0, 0, 0, , 0, 0, 0, 0, 0, 
108, 1, 108, 109, -1, 216, 276, 11.0, 13, ABplpappap, 6547, 0, 0, 0, , 0, 0, 0, 0, 0, 
109, 1, 109, 110, -1, 169, 299, 10.0, 15, ABplpapppp, 7163, 0, 0, 0, , 0, 0, 0, 0, 0, 
110, 1, 110, 111, -1, 186, 285, 10.0, 17, ABplpapppa, 7467, 0, 0, 0, , 0, 0, 0, 0, 0, 
111, 1, 111, 112, -1, 206, 310, 10.0, 17, ABplpapapp, 7132, 0, 0, 0, , 0, 0, 0, 0, 0, 
112, 1, 112, 113, -1, 235, 311, 12.0, 15, ABplpapapa, 7842, 0, 0, 0, , 0, 0, 0, 0, 0, 
113, 1, 113, 114, -1, 251, 314, 15.0, 15, ABplpapaap, 5630, 0, 0, 0, , 0, 0, 0, 0, 0, 
114, 1, 114, 115, -1, 259, 298, 14.0, 15, ABplpapaaa, 6849, 0, 0, 0, , 0, 0, 0, 0, 0, 
115, 1, 115, 116, -1, 268, 325, 16.0, 19, ABplpaaaap, 9943, 0, 0, 0, , 0, 0, 0, 0, 0, 
116, 1, 116, 117, -1, 294, 299, 17.0, 19, ABplpaaaaa, 8594, 0, 0, 0, , 0, 0, 0, 0, 0, 
117, 1, 117, 118, -1, 293, 309, 18.0, 17, ABplpaaapa, 5706, 0, 0, 0, , 0, 0, 0, 0, 0, 
118, 1, 118, 119, -1, 283, 321, 19.0, 17, ABplpaaapp, 8650, 0, 0, 0, , 0, 0, 0, 0, 0, 
119, 1, 119, 120, -1, 283, 306, 25.0, 17, ABplpaappa, 7603, 0, 0, 0, , 0, 0, 0, 0, 0, 
120, 1, 120, 121, -1, 277, 328, 25.0, 15, ABplpaappp, 7713, 0, 0, 0, , 0, 0, 0, 0, 0, 
121, 1, 121, 122, -1, 302, 296, 20.0, 19, ABplpaapaa, 10120, 0, 0, 0, , 0, 0, 0, 0, 0, 
122, 1, 122, 123, -1, 293, 321, 23.0, 15, ABplpaapap, 7974, 0, 0, 0, , 0, 0, 0, 0, 0, 
123, 1, 123, 124, -1, 272, 322, 30.0, 15, ABplaappap, 6844, 0, 0, 0, , 0, 0, 0, 0, 0, 
124, 1, 124, 125, -1, 292, 318, 29.0, 15, ABplaappaa, 5080, 0, 0, 0, , 0, 0, 0, 0, 0, 
125, 1, 125, 126, -1, 253, 330, 29.0, 17, ABplaapppa, 8027, 0, 0, 0, , 0, 0, 0, 0, 0, 
126, 1, 126, 127, -1, 234, 346, 25.0, 17, ABplaapppp, 9718, 0, 0, 0, , 0, 0, 0, 0, 0, 
127, 1, 127, 128, -1, 332, 271, 33.0, 17, ABplaapaaa, 7941, 0, 0, 0, , 0, 0, 0, 0, 0, 
128, 1, 128, 129, -1, 316, 278, 32.0, 17, ABplaapaap, 8689, 0, 0, 0, , 0, 0, 0, 0, 0, 
129, 1, 129, 130, -1, 298, 286, 32.0, 17, ABplaapapp, 6697, 0, 0, 0, , 0, 0, 0, 0, 0, 
130, 1, 130, 131, -1, 306, 292, 28.0, 17, ABplaapapa, 9769, 0, 0, 0, , 0, 0, 0, 0, 0, 
131, 1, 131, 132, -1, 296, 249, 34.0, 17, ABplaaaaap, 7454, 0, 0, 0, , 0, 0, 0, 0, 0, 
132, 1, 132, 133, -1, 319, 244, 35.0, 17, ABplaaaaaa, 7352, 0, 0, 0, , 0, 0, 0, 0, 0, 
133, 1, 133, 134, -1, 266, 254, 34.0, 15, ABplaaaapp, 7292, 0, 0, 0, , 0, 0, 0, 0, 0, 
134, 1, 134, 135, -1, 284, 236, 35.0, 15, ABplaaaapa, 4408, 0, 0, 0, , 0, 0, 0, 0, 0, 
135, 1, 135, 136, -1, 247, 286, 34.0, 15, ABplaaappp, 7141, 0, 0, 0, , 0, 0, 0, 0, 0, 
136, 1, 136, 137, -1, 265, 285, 33.0, 15, ABplaaappa, 6976, 0, 0, 0, , 0, 0, 0, 0, 0, 
137, 1, 137, 138, -1, 281, 282, 34.0, 17, ABplaaapap, 8917, 0, 0, 0, , 0, 0, 0, 0, 0, 
138, 1, 138, 139, -1, 292, 273, 35.0, 15, ABplaaapaa, 5421, 0, 0, 0, , 0, 0, 0, 0, 0, 
139, 1, 139, 140, -1, 125, 354, 15.0, 15, ABplappppa, 5412, 0, 0, 0, , 0, 0, 0, 0, 0, 
140, 1, 140, 141, -1, 115, 332, 11.0, 17, ABplappppp, 7059, 0, 0, 0, , 0, 0, 0, 0, 0, 
141, 1, 141, 142, -1, 154, 353, 18.0, 15, ABplapppaa, 7028, 0, 0, 0, , 0, 0, 0, 0, 0, 
142, 1, 142, 143, -1, 135, 339, 14.0, 15, ABplapppap, 6114, 0, 0, 0, , 0, 0, 0, 0, 0, 
143, 1, 143, 144, -1, 203, 355, 23.0, 17, ABplappaaa, 8539, 0, 0, 0, , 0, 0, 0, 0, 0, 
144, 1, 144, 145, -1, 184, 358, 23.0, 15, ABplappaap, 7656, 0, 0, 0, , 0, 0, 0, 0, 0, 
145, 1, 145, 146, -1, 162, 358, 23.0, 15, ABplappapp, 7253, 0, 0, 0, , 0, 0, 0, 0, 0, 
146, 1, 146, 147, -1, 169, 352, 28.0, 17, ABplappapa, 7765, 0, 0, 0, , 0, 0, 0, 0, 0, 
147, 1, 147, 148, -1, 208, 352, 28.0, 17, ABplapaapp, 8849, 0, 0, 0, , 0, 0, 0, 0, 0, 
148, 1, 148, 149, -1, 229, 337, 32.0, 15, ABplapaapa, 6437, 0, 0, 0, , 0, 0, 0, 0, 0, 
149, 1, 149, 150, -1, 241, 301, 32.0, 17, ABplapaaaa, 8159, 0, 0, 0, , 0, 0, 0, 0, 0, 
150, 1, 150, 151, -1, 237, 320, 32.0, 15, ABplapaaap, 7584, 0, 0, 0, , 0, 0, 0, 0, 0, 
151, 1, 151, 152, -1, 107, 349, 17.0, 17, ABplapappp, 6839, 0, 0, 0, , 0, 0, 0, 0, 0, 
152, 1, 152, 153, -1, 138, 364, 22.0, 17, ABplapapap, 7087, 0, 0, 0, , 0, 0, 0, 0, 0, 
153, 1, 153, 154, -1, 122, 365, 19.0, 17, ABplapappa, 7614, 0, 0, 0, , 0, 0, 0, 0, 0, 
154, 1, 154, 155, -1, 135, 356, 27.0, 17, ABplapapaa, 7222, 0, 0, 0, , 0, 0, 0, 0, 0, 
155, 1, 155, 156, -1, 209, 218, 13.0, 17, ABprpapaaa, 8001, 0, 0, 0, , 0, 0, 0, 0, 0, 
156, 1, 156, 157, -1, 189, 210, 13.0, 15, ABprpapaap, 6541, 0, 0, 0, , 0, 0, 0, 0, 0, 
157, 1, 157, 158, -1, 173, 250, 10.0, 17, ABprpapapp, 6979, 0, 0, 0, , 0, 0, 0, 0, 0, 
158, 1, 158, 159, -1, 190, 237, 12.0, 15, ABprpapapa, 6857, 0, 0, 0, , 0, 0, 0, 0, 0, 
159, 1, 159, 160, -1, 158, 281, 13.0, 15, ABprpapppp, 6813, 0, 0, 0, , 0, 0, 0, 0, 0, 
160, 1, 160, 161, -1, 183, 266, 11.0, 17, ABprpapppa, 6902, 0, 0, 0, , 0, 0, 0, 0, 0, 
161, 1, 161, 162, -1, 197, 259, 10.0, 17, ABprpappap, 8325, 0, 0, 0, , 0, 0, 0, 0, 0, 
162, 1, 162, 163, -1, 215, 242, 10.0, 17, ABprpappaa, 9151, 0, 0, 0, , 0, 0, 0, 0, 0, 
163, 1, 163, 164, -1, 242, 185, 14.0, 19, ABprpaaaaa, 9136, 0, 0, 0, , 0, 0, 0, 0, 0, 
164, 1, 164, 165, -1, 212, 181, 11.0, 19, ABprpaaaap, 10889, 0, 0, 0, , 0, 0, 0, 0, 0, 
165, 1, 165, 166, -1, 213, 179, 15.0, 17, ABprpaaapp, 9949, 0, 0, 0, , 0, 0, 0, 0, 0, 
166, 1, 166, 167, -1, 227, 183, 16.0, 15, ABprpaaapa, 8097, 0, 0, 0, , 0, 0, 0, 0, 0, 
167, 1, 167, 168, -1, 242, 175, 18.0, 17, ABprpaapaa, 6873, 0, 0, 0, , 0, 0, 0, 0, 0, 
168, 1, 168, 169, -1, 216, 164, 19.0, 17, ABprpaapap, 8193, 0, 0, 0, , 0, 0, 0, 0, 0, 
169, 1, 169, 170, -1, 200, 174, 18.0, 17, ABprpaappp, 7774, 0, 0, 0, , 0, 0, 0, 0, 0, 
170, 1, 170, 171, -1, 219, 180, 23.0, 17, ABprpaappa, 8264, 0, 0, 0, , 0, 0, 0, 0, 0, 
171, 1, 171, 172, -1, 107, 247, 11.0, 17, ABprpppaap, 6652, 0, 0, 0, , 0, 0, 0, 0, 0, 
172, 1, 172, 173, -1, 130, 240, 11.0, 17, ABprpppaaa, 6522, 0, 0, 0, , 0, 0, 0, 0, 0, 
173, 1, 173, 174, -1, 116, 268, 11.0, 13, ABprpppapa, 4914, 0, 0, 0, , 0, 0, 0, 0, 0, 
174, 1, 174, 175, -1, 117, 281, 10.0, 13, ABprpppapp, 6464, 0, 0, 0, , 0, 0, 0, 0, 0, 
175, 1, 175, 176, -1, 136, 260, 11.0, 15, ABprppppap, 8262, 0, 0, 0, , 0, 0, 0, 0, 0, 
176, 1, 176, 177, -1, 156, 262, 11.0, 15, ABprppppaa, 6527, 0, 0, 0, , 0, 0, 0, 0, 0, 
177, 1, 177, 178, -1, 123, 298, 11.0, 15, ABprpppppp, 6213, 0, 0, 0, , 0, 0, 0, 0, 0, 
178, 1, 178, 179, -1, 136, 280, 12.0, 15, ABprpppppa, 6739, 0, 0, 0, , 0, 0, 0, 0, 0, 
179, 1, 179, 180, -1, 171, 224, 12.0, 15, ABprppaapa, 7255, 0, 0, 0, , 0, 0, 0, 0, 0, 
180, 1, 180, 181, -1, 156, 238, 11.0, 15, ABprppaapp, 6204, 0, 0, 0, , 0, 0, 0, 0, 0, 
181, 1, 181, 182, -1, 188, 188, 14.0, 17, ABprppaaaa, 8983, 0, 0, 0, , 0, 0, 0, 0, 0, 
182, 1, 182, 183, -1, 180, 178, 19.0, 13, ABprppaaap, 7025, 0, 0, 0, , 0, 0, 0, 0, 0, 
183, 1, 183, 184, -1, 168, 199, 13.0, 17, ABprppapaa, 9099, 0, 0, 0, , 0, 0, 0, 0, 0, 
184, 1, 184, 185, -1, 147, 205, 13.0, 15, ABprppapap, 7456, 0, 0, 0, , 0, 0, 0, 0, 0, 
185, 1, 185, 186, -1, 120, 229, 13.0, 17, ABprppappp, 6416, 0, 0, 0, , 0, 0, 0, 0, 0, 
186, 1, 186, 187, -1, 141, 219, 12.0, 15, ABprppappa, 7873, 0, 0, 0, , 0, 0, 0, 0, 0, 
187, 1, 187, 188, -1, 302, 173, 33.0, 17, ABpraapaaa, 8933, 0, 0, 0, , 0, 0, 0, 0, 0, 
188, 1, 188, 189, -1, 273, 165, 29.0, 17, ABpraapaap, 9704, 0, 0, 0, , 0, 0, 0, 0, 0, 
189, 1, 189, 190, -1, 258, 176, 26.0, 17, ABpraapapa, 7824, 0, 0, 0, , 0, 0, 0, 0, 0, 
190, 1, 190, 191, -1, 244, 179, 29.0, 17, ABpraapapp, 10306, 0, 0, 0, , 0, 0, 0, 0, 0, 
191, 1, 191, 192, -1, 152, 192, 19.0, 17, ABpraapppp, 7532, 0, 0, 0, , 0, 0, 0, 0, 0, 
192, 1, 192, 193, -1, 179, 181, 22.0, 13, ABpraapppa, 4116, 0, 0, 0, , 0, 0, 0, 0, 0, 
193, 1, 193, 194, -1, 196, 171, 24.0, 15, ABpraappap, 7582, 0, 0, 0, , 0, 0, 0, 0, 0, 
194, 1, 194, 195, -1, 218, 162, 24.0, 15, ABpraappaa, 6060, 0, 0, 0, , 0, 0, 0, 0, 0, 
195, 1, 195, 196, -1, 270, 163, 25.0, 15, ABpraaapap, 8335, 0, 0, 0, , 0, 0, 0, 0, 0, 
196, 1, 196, 197, -1, 278, 171, 21.0, 15, ABpraaapaa, 6959, 0, 0, 0, , 0, 0, 0, 0, 0, 
197, 1, 197, 198, -1, 253, 172, 22.0, 17, ABpraaappa, 8483, 0, 0, 0, , 0, 0, 0, 0, 0, 
198, 1, 198, 199, -1, 240, 186, 23.0, 15, ABpraaapppa, 3946, 0, 0, 0, , 0, 0, 0, 0, 0, 
199, 1, 199, 200, -1, 219, 177, 27.0, 17, ABpraaapppp, 5522, 0, 0, 0, , 0, 0, 0, 0, 0, 
200, 1, 200, 201, -1, 266, 160, 20.0, 17, ABpraaaaap, 7032, 0, 0, 0, , 0, 0, 0, 0, 0, 
201, 1, 201, 202, -1, 278, 164, 17.0, 15, ABpraaaaaa, 7032, 0, 0, 0, , 0, 0, 0, 0, 0, 
202, 1, 202, 203, -1, 257, 166, 18.0, 15, ABpraaaapa, 7600, 0, 0, 0, , 0, 0, 0, 0, 0, 
203, 1, 203, 204, -1, 240, 160, 23.0, 15, ABpraaaapp, 8076, 0, 0, 0, , 0, 0, 0, 0, 0, 
204, 1, 204, 205, -1, 96, 233, 20.0, 15, ABprappapp, 7421, 0, 0, 0, , 0, 0, 0, 0, 0, 
205, 1, 205, 206, -1, 106, 225, 25.0, 15, ABprappapa, 7246, 0, 0, 0, , 0, 0, 0, 0, 0, 
206, 1, 206, 207, -1, 112, 221, 18.0, 15, ABprappaap, 7259, 0, 0, 0, , 0, 0, 0, 0, 0, 
207, 1, 207, 208, -1, 130, 210, 18.0, 17, ABprappaaa, 7681, 0, 0, 0, , 0, 0, 0, 0, 0, 
208, 1, 208, 209, -1, 97, 248, 15.0, 15, ABprapppaa, 6885, 0, 0, 0, , 0, 0, 0, 0, 0, 
209, 1, 209, 210, -1, 95, 266, 13.0, 15, ABprapppap, 5385, 0, 0, 0, , 0, 0, 0, 0, 0, 
210, 1, 210, 211, -1, 87, 283, 11.0, 17, ABprappppp, 7284, 0, 0, 0, , 0, 0, 0, 0, 0, 
211, 1, 211, 212, -1, 79, 266, 14.0, 15, ABprappppa, 6483, 0, 0, 0, , 0, 0, 0, 0, 0, 
212, 1, 212, 213, -1, 175, 197, 27.0, 17, ABprapaaap, 6871, 0, 0, 0, , 0, 0, 0, 0, 0, 
213, 1, 213, 214, -1, 190, 195, 29.0, 15, ABprapaaaa, 7254, 0, 0, 0, , 0, 0, 0, 0, 0, 
214, 1, 214, 215, -1, 135, 200, 23.0, 15, ABprapaapp, 7592, 0, 0, 0, , 0, 0, 0, 0, 0, 
215, 1, 215, 216, -1, 162, 187, 25.0, 15, ABprapaapa, 7206, 0, 0, 0, , 0, 0, 0, 0, 0, 
216, 1, 216, 217, -1, 74, 255, 18.0, 17, ABprapappa, 7689, 0, 0, 0, , 0, 0, 0, 0, 0, 
217, 1, 217, 218, -1, 71, 280, 17.0, 17, ABprapappp, 6182, 0, 0, 0, , 0, 0, 0, 0, 0, 
218, 1, 218, 219, -1, 81, 251, 22.0, 17, ABprapapap, 8813, 0, 0, 0, , 0, 0, 0, 0, 0, 
219, 1, 219, 220, -1, 88, 255, 26.0, 17, ABprapapaa, 7597, 0, 0, 0, , 0, 0, 0, 0, 0, 
220, 1, 220, 221, -1, 220, 198, 25.0, 15, MSppppap, 4307, 0, 0, 0, , 0, 0, 0, 0, 0, 
221, 1, 221, 222, -1, 226, 197, 20.0, 13, MSppppaa, 3236, 0, 0, 0, , 0, 0, 0, 0, 0, 
222, 1, 222, 223, -1, 218, 207, 29.0, 17, MSpppppa, 4746, 0, 0, 0, , 0, 0, 0, 0, 0, 
223, 1, 223, 224, -1, 185, 218, 27.0, 15, MSpppppp, 4818, 0, 0, 0, , 0, 0, 0, 0, 0, 
224, 1, 224, 225, -1, 219, 225, 16.0, 15, MSpppaaa, 4134, 0, 0, 0, , 0, 0, 0, 0, 0, 
225, 1, 225, 226, -1, 209, 227, 20.0, 17, MSpppaap, 5495, 0, 0, 0, , 0, 0, 0, 0, 0, 
226, 1, 226, 227, -1, 192, 221, 18.0, 13, MSpppapp, 4536, 0, 0, 0, , 0, 0, 0, 0, 0, 
227, 1, 227, 228, -1, 198, 200, 16.0, 13, MSpppapa, 3503, 0, 0, 0, , 0, 0, 0, 0, 0, 
228, 1, 228, 229, -1, 232, 211, 16.0, 15, MSppaapp, 4420, 0, 0, 0, , 0, 0, 0, 0, 0, 
229, 1, 229, 230, -1, 252, 209, 15.0, 13, MSppaapa, 3977, 0, 0, 0, , 0, 0, 0, 0, 0, 
230, 1, 230, 231, -1, 280, 198, 15.0, 15, MSppaaaa, 5237, 0, 0, 0, , 0, 0, 0, 0, 0, 
231, 1, 231, 232, -1, 266, 202, 17.0, 17, MSppaaap, 5379, 0, 0, 0, , 0, 0, 0, 0, 0, 
232, 1, 232, 233, -1, 268, 192, 27.0, 17, MSppappa, 12248, 0, 0, 0, , 0, 0, 0, 0, 0, 
233, 1, 233, 234, -1, 266, 188, 20.0, 15, MSppapaa, 4267, 0, 0, 0, , 0, 0, 0, 0, 0, 
234, 1, 234, 235, -1, 248, 195, 19.0, 13, MSppapap, 4722, 0, 0, 0, , 0, 0, 0, 0, 0, 
235, 1, 235, 236, -1, 201, 261, 16.0, 19, MSpapapp, 7537, 0, 0, 0, , 0, 0, 0, 0, 0, 
236, 1, 236, 237, -1, 216, 252, 17.0, 15, MSpapapa, 6136, 0, 0, 0, , 0, 0, 0, 0, 0, 
237, 1, 237, 238, -1, 242, 246, 17.0, 19, MSpapaaa, 7465, 0, 0, 0, , 0, 0, 0, 0, 0, 
238, 1, 238, 239, -1, 231, 230, 20.0, 13, MSpapaapa, 3920, 0, 0, 0, , 0, 0, 0, 0, 0, 
239, 1, 239, 240, -1, 214, 256, 22.0, 15, MSpapaapp, 4900, 0, 0, 0, , 0, 0, 0, 0, 0, 
240, 1, 240, 241, -1, 188, 301, 14.0, 13, MSpappaa, 4034, 0, 0, 0, , 0, 0, 0, 0, 0, 
241, 1, 241, 242, -1, 174, 277, 15.0, 13, MSpappap, 3452, 0, 0, 0, , 0, 0, 0, 0, 0, 
242, 1, 242, 243, -1, 168, 261, 15.0, 17, MSpapppp, 5578, 0, 0, 0, , 0, 0, 0, 0, 0, 
243, 1, 243, 244, -1, 164, 237, 16.0, 17, MSpapppa, 7259, 0, 0, 0, , 0, 0, 0, 0, 0, 
244, 1, 244, 245, -1, 255, 225, 28.0, 19, MSpaaapp, 8382, 0, 0, 0, , 0, 0, 0, 0, 0, 
245, 1, 245, 246, -1, 274, 229, 31.0, 15, MSpaaapa, 6231, 0, 0, 0, , 0, 0, 0, 0, 0, 
246, 1, 246, 247, -1, 290, 209, 26.0, 21, MSpaaaap, 13167, 0, 0, 0, , 0, 0, 0, 0, 0, 
247, 1, 247, 248, -1, 314, 195, 24.0, 17, MSpaaaaa, 7522, 0, 0, 0, , 0, 0, 0, 0, 0, 
248, 1, 248, 249, -1, 256, 213, 22.0, 15, MSpaapap, 4704, 0, 0, 0, , 0, 0, 0, 0, 0, 
249, 1, 249, 250, -1, 271, 205, 24.0, 15, MSpaapaa, 6271, 0, 0, 0, , 0, 0, 0, 0, 0, 
250, 1, 250, 251, -1, 196, 241, 26.0, 21, Earap, 52966, 0, 0, 0, , 0, 0, 0, 0, 0, 
251, 1, 251, 252, -1, 265, 286, 24.0, 15, MSapppaa, 4808, 0, 0, 0, , 0, 0, 0, 0, 0, 
252, 1, 252, 253, -1, 258, 294, 27.0, 15, MSapppap, 3979, 0, 0, 0, , 0, 0, 0, 0, 0, 
253, 1, 253, 254, -1, 245, 287, 28.0, 13, MSappppa, 6551, 0, 0, 0, , 0, 0, 0, 0, 0, 
254, 1, 254, 255, -1, 213, 305, 28.0, 15, MSappppp, 4411, 0, 0, 0, , 0, 0, 0, 0, 0, 
255, 1, 255, 256, -1, 228, 305, 22.0, 17, MSappaap, 9194, 0, 0, 0, , 0, 0, 0, 0, 0, 
256, 1, 256, 257, -1, 250, 287, 19.0, 13, MSappaaa, 4355, 0, 0, 0, , 0, 0, 0, 0, 0, 
257, 1, 257, 258, -1, 234, 311, 19.0, 15, MSappapp, 4346, 0, 0, 0, , 0, 0, 0, 0, 0, 
258, 1, 258, 259, -1, 255, 309, 19.0, 13, MSappapa, 3975, 0, 0, 0, , 0, 0, 0, 0, 0, 
259, 1, 259, 260, -1, 297, 261, 27.0, 15, MSapappa, 6836, 0, 0, 0, , 0, 0, 0, 0, 0, 
260, 1, 260, 261, -1, 265, 276, 28.0, 15, MSapappp, 5628, 0, 0, 0, , 0, 0, 0, 0, 0, 
261, 1, 261, 262, -1, 283, 282, 21.0, 13, MSapapap, 7085, 0, 0, 0, , 0, 0, 0, 0, 0, 
262, 1, 262, 263, -1, 300, 268, 22.0, 15, MSapapaa, 5077, 0, 0, 0, , 0, 0, 0, 0, 0, 
263, 1, 263, 264, -1, 266, 294, 19.0, 15, MSapaapp, 6203, 0, 0, 0, , 0, 0, 0, 0, 0, 
264, 1, 264, 265, -1, 285, 275, 17.0, 13, MSapaapa, 4079, 0, 0, 0, , 0, 0, 0, 0, 0, 
265, 1, 265, 266, -1, 331, 251, 20.0, 13, MSapaaaa, 5303, 0, 0, 0, , 0, 0, 0, 0, 0, 
266, 1, 266, 267, -1, 313, 264, 19.0, 15, MSapaaap, 5338, 0, 0, 0, , 0, 0, 0, 0, 0, 
267, 1, 267, 268, 269, 318, 219, 29.0, 17, MSaaaaap, 7335, 0, 0, 0, , 0, 0, 0, 0, 0, 
268, 1, 268, 270, -1, 335, 214, 24.0, 19, MSaaaaaa, 5321, 0, 0, 0, , 0, 0, 0, 0, 0, 
269, 1, 269, 271, -1, 294, 227, 30.0, 17, MSaaaapa, 7065, 0, 0, 0, , 0, 0, 0, 0, 0, 
270, 1, 270, 272, -1, 271, 251, 29.0, 15, MSaaaapp, 7055, 0, 0, 0, , 0, 0, 0, 0, 0, 
271, 1, 271, 273, -1, 277, 244, 24.0, 17, MSaaapap, 4897, 0, 0, 0, , 0, 0, 0, 0, 0, 
272, 1, 272, 274, -1, 299, 239, 26.0, 17, MSaaapaa, 6664, 0, 0, 0, , 0, 0, 0, 0, 0, 
273, 1, 273, 275, -1, 265, 256, 26.0, 15, MSaaappa, 4396, 0, 0, 0, , 0, 0, 0, 0, 0, 
274, 1, 274, 276, -1, 247, 249, 26.0, 15, MSaaappp, 5615, 0, 0, 0, , 0, 0, 0, 0, 0, 
275, 1, 275, 277, -1, 195, 320, 16.0, 15, MSaapppp, 5007, 0, 0, 0, , 0, 0, 0, 0, 0, 
276, 1, 276, 278, -1, 215, 310, 17.0, 17, MSaapppa, 6744, 0, 0, 0, , 0, 0, 0, 0, 0, 
277, 1, 277, 279, -1, 261, 267, 18.0, 19, MSaapaaa, 6476, 0, 0, 0, , 0, 0, 0, 0, 0, 
278, 1, 278, 280, -1, 229, 287, 17.0, 17, MSaapapp, 7088, 0, 0, 0, , 0, 0, 0, 0, 0, 
279, 1, 279, 281, -1, 238, 268, 19.0, 15, MSaapapa, 6022, 0, 0, 0, , 0, 0, 0, 0, 0, 
280, 1, 280, 282, -1, 217, 283, 23.0, 19, Ealpa, 10826, 0, 0, 0, , 0, 0, 0, 0, 0, 
281, 1, 281, 283, -1, 187, 286, 24.0, 19, Ealpp, 10934, 0, 0, 0, , 0, 0, 0, 0, 0, 
282, 1, 282, 284, -1, 138, 303, 24.0, 21, Eplpa, 27982, 0, 0, 0, , 0, 0, 0, 0, 0, 
283, 1, 283, 285, -1, 145, 339, 20.0, 17, Cappap, 6387, 0, 0, 0, , 0, 0, 0, 0, 0, 
284, 1, 284, 286, -1, 163, 329, 23.0, 19, Cappaa, 8402, 0, 0, 0, , 0, 0, 0, 0, 0, 
285, 1, 285, 287, -1, 125, 339, 21.0, 15, Capppa, 7019, 0, 0, 0, , 0, 0, 0, 0, 0, 
286, 1, 286, 288, -1, 117, 324, 16.0, 17, Capppp, 6714, 0, 0, 0, , 0, 0, 0, 0, 0, 
287, 1, 287, 289, -1, 169, 331, 19.0, 19, Capapa, 7055, 0, 0, 0, , 0, 0, 0, 0, 0, 
288, 1, 288, 290, -1, 144, 318, 17.0, 19, Capapp, 7114, 0, 0, 0, , 0, 0, 0, 0, 0, 
289, 1, 289, 291, -1, 175, 315, 17.0, 17, Capaap, 7369, 0, 0, 0, , 0, 0, 0, 0, 0, 
290, 1, 290, 292, -1, 195, 323, 21.0, 17, Capaaa, 7989, 0, 0, 0, , 0, 0, 0, 0, 0, 
291, 1, 291, 293, -1, 84, 333, 26.0, 19, Caaapp, 8529, 0, 0, 0, , 0, 0, 0, 0, 0, 
292, 1, 292, 294, -1, 89, 330, 15.0, 17, Caappd, 7119, 0, 0, 0, , 0, 0, 0, 0, 0, 
293, 1, 293, 295, -1, 90, 318, 11.0, 15, Caappv, 5233, 0, 0, 0, , 0, 0, 0, 0, 0, 
294, 1, 294, 296, -1, 104, 304, 13.0, 17, Caapa, 9013, 0, 0, 0, , 0, 0, 0, 0, 0, 
295, 1, 295, 297, -1, 66, 304, 17.0, 17, Cpappd, 5514, 0, 0, 0, , 0, 0, 0, 0, 0, 
296, 1, 296, 298, -1, 78, 302, 12.0, 15, Cpappv, 6382, 0, 0, 0, , 0, 0, 0, 0, 0, 
297, 1, 297, 299, -1, 77, 333, 20.0, 19, Cpapaa, 8220, 0, 0, 0, , 0, 0, 0, 0, 0, 
298, 1, 298, 300, -1, 81, 302, 29.0, 21, Cpaapp, 6774, 0, 0, 0, , 0, 0, 0, 0, 0, 
299, 1, 299, 301, -1, 145, 261, 16.0, 19, Cppaap, 7694, 0, 0, 0, , 0, 0, 0, 0, 0, 
300, 1, 300, 302, -1, 148, 228, 18.0, 19, Cppaaa, 7963, 0, 0, 0, , 0, 0, 0, 0, 0, 
301, 1, 301, 303, -1, 127, 241, 20.0, 19, Cppapa, 7245, 0, 0, 0, , 0, 0, 0, 0, 0, 
302, 1, 302, 304, -1, 117, 263, 16.0, 19, Cppapp, 7735, 0, 0, 0, , 0, 0, 0, 0, 0, 
303, 1, 303, 305, -1, 128, 232, 24.0, 19, Cpppaa, 8577, 0, 0, 0, , 0, 0, 0, 0, 0, 
304, 1, 304, 306, -1, 110, 257, 20.0, 17, Cpppap, 8475, 0, 0, 0, , 0, 0, 0, 0, 0, 
305, 1, 305, 307, -1, 244, 316, 23.0, 15, Daapa, 4741, 0, 0, 0, , 0, 0, 0, 0, 0, 
306, 1, 306, 308, -1, 213, 322, 22.0, 15, Daapp, 5207, 0, 0, 0, , 0, 0, 0, 0, 0, 
307, 1, 307, 309, -1, 256, 304, 23.0, 15, Daaaa, 5558, 0, 0, 0, , 0, 0, 0, 0, 0, 
308, 1, 308, 310, -1, 233, 306, 27.0, 15, Daaap, 5497, 0, 0, 0, , 0, 0, 0, 0, 0, 
309, 1, 309, 311, -1, 197, 317, 28.0, 17, Dappa, 5422, 0, 0, 0, , 0, 0, 0, 0, 0, 
310, 1, 310, 312, -1, 160, 328, 27.0, 17, Dappp, 8034, 0, 0, 0, , 0, 0, 0, 0, 0, 
311, 1, 311, 313, -1, 175, 215, 17.0, 19, Dpap, 7943, 0, 0, 0, , 0, 0, 0, 0, 0, 
312, 1, 312, 314, -1, 197, 211, 24.0, 13, Dpaap, 4313, 0, 0, 0, , 0, 0, 0, 0, 0, 
313, 1, 313, 315, -1, 208, 197, 19.0, 15, Dpaaa, 4124, 0, 0, 0, , 0, 0, 0, 0, 0, 
314, 1, 314, 316, -1, 134, 241, 27.0, 17, Dpppp, 5452, 0, 0, 0, , 0, 0, 0, 0, 0, 
315, 1, 315, 317, -1, 161, 229, 23.0, 15, Dpppa, 4300, 0, 0, 0, , 0, 0, 0, 0, 0, 
316, 1, 316, 318, -1, 182, 208, 21.0, 17, Dppaa, 5740, 0, 0, 0, , 0, 0, 0, 0, 0, 
317, 1, 317, 319, -1, 153, 215, 22.0, 15, Dppap, 4900, 0, 0, 0, , 0, 0, 0, 0, 0, 
318, 1, 318, 320, -1, 190, 292, 17.0, 23, Z3, 9384, 0, 0, 0, , 0, 0, 0, 0, 0, 
319, 1, 319, 321, -1, 155, 286, 19.0, 17, Z2, 3177, 0, 0, 0, , 0, 0, 0, 0, 0, 
320, 0, 320, -1, -1, 381, 245, 24.0, 15, , 10369, 0, 0, 0, , 0, 0, 0, 0, 0, 
321, 1, 321, 323, -1, 328, 297, 25.0, 17, ABalpppapp, 8805, 0, 0, 0, , 0, 0, 0, 0, 0, 
322, 1, 322, 324, -1, 306, 292, 24.0, 17, ABalpppppa, 8620, 0, 0, 0, , 0, 0, 0, 0, 0, 
323, 1, 323, 325, -1, 288, 285, 25.0, 15, ABalppppppa, 4129, 0, 0, 0, , 0, 0, 0, 0, 0, 
324, 1, 324, 326, -1, 283, 299, 30.0, 17, ABalppppppp, 4557, 0, 0, 0, , 0, 0, 0, 0, 0, 
325, 1, 325, 327, -1, 323, 280, 28.0, 17, ABalppppap, 8763, 0, 0, 0, , 0, 0, 0, 0, 0, 
326, 1, 326, 328, -1, 325, 276, 22.0, 15, ABalppppaa, 7075, 0, 0, 0, , 0, 0, 0, 0, 0, 
327, 1, 327, 329, -1, 341, 284, 19.0, 15, ABalpppaaa, 5729, 0, 0, 0, , 0, 0, 0, 0, 0, 
328, 1, 328, 330, -1, 345, 283, 24.0, 15, ABalpppaap, 7127, 0, 0, 0, , 0, 0, 0, 0, 0, 
329, 1, 329, 331, -1, 324, 298, 21.0, 15, ABalpppapa, 7245, 0, 0, 0, , 0, 0, 0, 0, 0, 
330, 1, 330, 332, -1, 348, 255, 18.0, 15, ABalppaaaa, 6119, 0, 0, 0, , 0, 0, 0, 0, 0, 
331, 1, 331, 333, -1, 350, 269, 18.0, 17, ABalppaaap, 7319, 0, 0, 0, , 0, 0, 0, 0, 0, 
332, 1, 332, 334, -1, 316, 295, 16.0, 15, ABalppaapp, 6130, 0, 0, 0, , 0, 0, 0, 0, 0, 
333, 1, 333, 335, -1, 322, 284, 17.0, 13, ABalppaapa, 6026, 0, 0, 0, , 0, 0, 0, 0, 0, 
334, 1, 334, 336, -1, 281, 304, 13.0, 17, ABalppappp, 8542, 0, 0, 0, , 0, 0, 0, 0, 0, 
335, 1, 335, 337, -1, 298, 285, 14.0, 17, ABalppappa, 7527, 0, 0, 0, , 0, 0, 0, 0, 0, 
336, 1, 336, 338, -1, 293, 288, 10.0, 17, ABalppapap, 8115, 0, 0, 0, , 0, 0, 0, 0, 0, 
337, 1, 337, 339, -1, 310, 279, 11.0, 15, ABalppapaa, 9567, 0, 0, 0, , 0, 0, 0, 0, 0, 
338, 1, 338, 340, -1, 273, 287, 11.0, 17, ABalpapapa, 9573, 0, 0, 0, , 0, 0, 0, 0, 0, 
339, 1, 339, 341, -1, 260, 316, 11.0, 19, ABalpapapp, 13815, 0, 0, 0, , 0, 0, 0, 0, 0, 
340, 1, 340, 342, -1, 279, 268, 10.0, 15, ABalpapaap, 7430, 0, 0, 0, , 0, 0, 0, 0, 0, 
341, 1, 341, 343, -1, 300, 262, 11.0, 15, ABalpapaaa, 8536, 0, 0, 0, , 0, 0, 0, 0, 0, 
342, 1, 342, 344, -1, 272, 253, 11.0, 13, ABalpappapa, 4504, 0, 0, 0, , 0, 0, 0, 0, 0, 
343, 1, 343, 345, -1, 244, 267, 12.0, 15, ABalpappapp, 6431, 0, 0, 0, , 0, 0, 0, 0, 0, 
344, 1, 344, 346, -1, 291, 249, 11.0, 17, ABalpappaa, 9220, 0, 0, 0, , 0, 0, 0, 0, 0, 
345, 1, 345, 347, -1, 235, 273, 14.0, 17, ABalpappppp, 7037, 0, 0, 0, , 0, 0, 0, 0, 0, 
346, 1, 346, 348, -1, 259, 274, 14.0, 15, ABalpappppa, 5874, 0, 0, 0, , 0, 0, 0, 0, 0, 
347, 1, 347, 349, -1, 273, 259, 15.0, 15, ABalpapppa, 9575, 0, 0, 0, , 0, 0, 0, 0, 0, 
348, 1, 348, 350, -1, 290, 257, 16.0, 15, ABalpaaapp, 7312, 0, 0, 0, , 0, 0, 0, 0, 0, 
349, 1, 349, 351, -1, 302, 241, 14.0, 15, ABalpaaapa, 8829, 0, 0, 0, , 0, 0, 0, 0, 0, 
350, 1, 350, 352, -1, 311, 242, 10.0, 15, ABalpaaaap, 6294, 0, 0, 0, , 0, 0, 0, 0, 0, 
351, 1, 351, 353, -1, 325, 235, 12.0, 17, ABalpaaaaa, 8871, 0, 0, 0, , 0, 0, 0, 0, 0, 
352, 1, 352, 354, -1, 324, 265, 12.0, 17, ABalpaappp, 7976, 0, 0, 0, , 0, 0, 0, 0, 0, 
353, 1, 353, 355, -1, 333, 247, 11.0, 15, ABalpaappa, 8467, 0, 0, 0, , 0, 0, 0, 0, 0, 
354, 1, 354, 356, -1, 302, 244, 18.0, 15, ABalpaapapp, 6140, 0, 0, 0, , 0, 0, 0, 0, 0, 
355, 1, 355, 357, -1, 319, 238, 16.0, 15, ABalpaapapa, 4712, 0, 0, 0, , 0, 0, 0, 0, 0, 
356, 1, 356, 358, -1, 332, 230, 19.0, 15, ABalpaapaa, 8673, 0, 0, 0, , 0, 0, 0, 0, 0, 
357, 1, 357, 359, -1, 175, 252, 28.0, 19, Epraa, 20002, 0, 0, 0, , 0, 0, 0, 0, 0, 
358, 1, 358, 360, -1, 151, 265, 27.0, 21, Eprap, 12042, 0, 0, 0, , 0, 0, 0, 0, 0, 
359, 1, 359, 361, -1, 218, 215, 25.0, 11, MSpaapp, 3667, 0, 0, 0, , 0, 0, 0, 0, 0, 
360, 1, 360, 362, -1, 169, 262, 22.0, 23, Earpp, 44133, 0, 0, 0, , 0, 0, 0, 0, 0, 
361, 1, 361, 363, -1, 202, 268, 27.0, 19, Ealap, 14074, 0, 0, 0, , 0, 0, 0, 0, 0, 
362, 1, 362, 364, -1, 232, 263, 28.0, 21, Ealaa, 42870, 0, 0, 0, , 0, 0, 0, 0, 0, 
363, 1, 363, 365, -1, 177, 275, 29.0, 21, Eplaa, 34253, 0, 0, 0, , 0, 0, 0, 0, 0, 
364, 1, 364, 366, -1, 154, 290, 26.0, 19, Eplap, 12225, 0, 0, 0, , 0, 0, 0, 0, 0, 
365, 1, 365, 367, -1, 122, 283, 20.0, 19, Eprpp, 9698, 0, 0, 0, , 0, 0, 0, 0, 0, 
366, 1, 366, 368, -1, 193, 330, 26.0, 17, Dapap, 6569, 0, 0, 0, , 0, 0, 0, 0, 0, 
367, 1, 367, 369, -1, 223, 322, 26.0, 19, Dapaa, 3973, 0, 0, 0, , 0, 0, 0, 0, 0, 
368, 1, 368, 370, -1, 246, 263, 23.0, 19, MSaapaap, 9061, 0, 0, 0, , 0, 0, 0, 0, 0, 
369, 1, 369, 371, -1, 140, 219, 31.0, 17, ABarpppapp, 5805, 0, 0, 0, , 0, 0, 0, 0, 0, 
370, 1, 370, 372, -1, 231, 328, 13.0, 15, ABplppaapa, 9068, 0, 0, 0, , 0, 0, 0, 0, 0, 
371, 1, 371, 373, -1, 66, 307, 23.0, 17, Cpapap, 7935, 0, 0, 0, , 0, 0, 0, 0, 0, 
372, 1, 372, 374, -1, 229, 233, 25.0, 23, Earaa, 51708, 0, 0, 0, , 0, 0, 0, 0, 0, 
373, 1, 373, 375, -1, 348, 246, 16.0, 15, ABalaaaala, 8380, 0, 0, 0, , 0, 0, 0, 0, 0, 
374, 1, 374, 376, -1, 243, 190, 34.0, 15, ABarpappaa, 5126, 0, 0, 0, , 0, 0, 0, 0, 0, 
375, 1, 375, 377, -1, 341, 195, 27.0, 13, ABalappaaa, 3754, 0, 0, 0, , 0, 0, 0, 0, 0, 
376, 1, 376, 378, -1, 92, 274, 20.0, 19, Cppppa, 8090, 0, 0, 0, , 0, 0, 0, 0, 0, 
377, 1, 377, 379, -1, 101, 291, 16.0, 21, Cppppp, 8932, 0, 0, 0, , 0, 0, 0, 0, 0, 
378, 1, 378, 380, -1, 193, 247, 20.0, 19, Earpa, 11208, 0, 0, 0, , 0, 0, 0, 0, 0, 
379, 1, 379, 381, -1, 242, 202, 29.0, 15, MSppappp, 6242, 0, 0, 0, , 0, 0, 0, 0, 0, 
380, 1, 380, 382, -1, 131, 273, 24.0, 19, Eprpa, 11881, 0, 0, 0, , 0, 0, 0, 0, 0, 
381, 1, 381, 383, -1, 215, 245, 34.0, 17, ABarpaappa, 5345, 0, 0, 0, , 0, 0, 0, 0, 0, 
382, 1, 382, 384, -1, 194, 302, 34.0, 19, ABarppaapa, 4175, 0, 0, 0, , 0, 0, 0, 0, 0, 
383, 1, 383, 385, -1, 119, 254, 33.0, 19, Cpaaap, 6565, 0, 0, 0, , 0, 0, 0, 0, 0, 
384, 1, 384, 386, -1, 112, 331, 31.0, 19, Caaapa, 6081, 0, 0, 0, , 0, 0, 0, 0, 0, 
385, 1, 385, 387, -1, 103, 285, 33.0, 21, Cpaapa, 2474, 0, 0, 0, , 0, 0, 0, 0, 0, 
386, 1, 386, 388, -1, 131, 307, 20.0, 23, Eplpp, 22304, 0, 0, 0, , 0, 0, 0, 0, 0, 
387, 1, 387, 389, -1, 210, 285, 14.0, 17, MSaappa, 6904, 0, 0, 0, , 0, 0, 0, 0, 0, 
388, 1, 388, 390, -1, 179, 229, 34.0, 19, ABarpppapa, 2034, 0, 0, 0, , 0, 0, 0, 0, 0, 
389, 1, 389, 391, -1, 265, 174, 15.0, 17, ABalaapapp, 4247, 0, 0, 0, , 0, 0, 0, 0, 0, 
390, 1, 390, 392, -1, 152, 249, 34.0, 21, Cpaaaa, 2531, 0, 0, 0, , 0, 0, 0, 0, 0, 
391, 1, 391, 393, -1, 130, 313, 33.0, 15, Caaaap, 0, 0, 0, 0, , 0, 0, 0, 0, 0, 
392, 1, 392, 394, -1, 167, 309, 33.0, 17, Caaaaa, 0, 0, 0, 0, , 0, 0, 0, 0, 0, 
