1, 1, 1, 1, -1, 303, 202, 22.0, 17, ABaraappaa, 8321, 0, 0, 0, , 0, 0, 0, 0, 0, 
2, 1, 2, 2, -1, 286, 216, 21.0, 17, ABaraappap, 10185, 0, 0, 0, , 0, 0, 0, 0, 0, 
3, 1, 3, 3, -1, 255, 230, 20.0, 13, ABaraapppap, 5438, 0, 0, 0, , 0, 0, 0, 0, 0, 
4, 1, 4, 4, -1, 270, 222, 20.0, 17, ABaraapppaa, 4779, 0, 0, 0, , 0, 0, 0, 0, 0, 
5, 1, 5, 5, -1, 237, 222, 19.0, 17, ABaraapppp, 9120, 0, 0, 0, , 0, 0, 0, 0, 0, 
6, 1, 6, 6, -1, 270, 270, 21.0, 15, ABaraapapp, 9428, 0, 0, 0, , 0, 0, 0, 0, 0, 
7, 1, 7, 7, -1, 269, 250, 21.0, 15, ABaraapapap, 7018, 0, 0, 0, , 0, 0, 0, 0, 0, 
8, 1, 8, 8, -1, 287, 242, 21.0, 15, ABaraapapaa, 7095, 0, 0, 0, , 0, 0, 0, 0, 0, 
9, 1, 9, 9, -1, 322, 213, 22.0, 17, ABaraapaaa, 10723, 0, 0, 0, , 0, 0, 0, 0, 0, 
10, 1, 10, 10, -1, 307, 233, 22.0, 19, ABaraapaap, 11697, 0, 0, 0, , 0, 0, 0, 0, 0, 
11, 1, 11, 11, -1, 303, 202, 10.0, 17, ABaraaappa, 7497, 0, 0, 0, , 0, 0, 0, 0, 0, 
12, 1, 12, 12, -1, 282, 204, 10.0, 15, ABaraaappp, 6706, 0, 0, 0, , 0, 0, 0, 0, 0, 
13, 1, 13, 13, -1, 319, 205, 18.0, 17, ABaraaapaa, 7826, 0, 0, 0, , 0, 0, 0, 0, 0, 
14, 1, 14, 14, -1, 306, 212, 16.0, 15, ABaraaapapa, 3454, 0, 0, 0, , 0, 0, 0, 0, 0, 
15, 1, 15, 15, -1, 281, 227, 18.0, 15, ABaraaapapp, 5334, 0, 0, 0, , 0, 0, 0, 0, 0, 
16, 1, 16, 16, -1, 330, 226, 14.0, 17, ABaraaaaaa, 8309, 0, 0, 0, , 0, 0, 0, 0, 0, 
17, 1, 17, 17, -1, 310, 206, 13.0, 15, ABaraaaaap, 9411, 0, 0, 0, , 0, 0, 0, 0, 0, 
18, 1, 18, 18, -1, 325, 227, 25.0, 11, ABaraaaapp, 6307, 0, 0, 0, , 0, 0, 0, 0, 0, 
19, 1, 19, 19, -1, 335, 205, 19.0, 15, ABaraaaapa, 5130, 0, 0, 0, , 0, 0, 0, 0, 0, 
20, 1, 20, 20, -1, 246, 241, 11.0, 19, ABarapapap, 11142, 0, 0, 0, , 0, 0, 0, 0, 0, 
21, 1, 21, 21, -1, 267, 228, 11.0, 17, ABarapapaa, 13165, 0, 0, 0, , 0, 0, 0, 0, 0, 
22, 1, 22, 22, -1, 211, 248, 13.0, 17, ABarapapppp, 6254, 0, 0, 0, , 0, 0, 0, 0, 0, 
23, 1, 23, 23, -1, 232, 243, 14.0, 15, ABarapapppa, 5610, 0, 0, 0, , 0, 0, 0, 0, 0, 
24, 1, 24, 24, -1, 247, 234, 14.0, 17, ABarapappa, 11576, 0, 0, 0, , 0, 0, 0, 0, 0, 
25, 1, 25, 25, -1, 285, 234, 9.0, 15, ABarapaaap, 10077, 0, 0, 0, , 0, 0, 0, 0, 0, 
26, 1, 26, 26, -1, 297, 221, 10.0, 15, ABarapaaaa, 10070, 0, 0, 0, , 0, 0, 0, 0, 0, 
27, 1, 27, 27, -1, 288, 219, 14.0, 17, ABarapaapa, 9584, 0, 0, 0, , 0, 0, 0, 0, 0, 
28, 1, 28, 28, -1, 252, 232, 17.0, 15, ABarapaappp, 8319, 0, 0, 0, , 0, 0, 0, 0, 0, 
29, 1, 29, 29, -1, 273, 231, 15.0, 13, ABarapaappa, 7188, 0, 0, 0, , 0, 0, 0, 0, 0, 
30, 1, 30, 30, -1, 242, 202, 10.0, 17, ABarapppap, 7844, 0, 0, 0, , 0, 0, 0, 0, 0, 
31, 1, 31, 31, -1, 271, 187, 10.0, 17, ABarapppaa, 9176, 0, 0, 0, , 0, 0, 0, 0, 0, 
32, 1, 32, 32, -1, 254, 194, 13.0, 17, ABarappppa, 6429, 0, 0, 0, , 0, 0, 0, 0, 0, 
33, 1, 33, 33, -1, 221, 197, 11.0, 17, ABarappppp, 8428, 0, 0, 0, , 0, 0, 0, 0, 0, 
34, 1, 34, 34, -1, 259, 211, 10.0, 17, ABarappaaa, 9693, 0, 0, 0, , 0, 0, 0, 0, 0, 
35, 1, 35, 35, -1, 236, 223, 10.0, 15, ABarappaap, 9093, 0, 0, 0, , 0, 0, 0, 0, 0, 
36, 1, 36, 36, -1, 217, 218, 10.0, 17, ABarappapa, 13894, 0, 0, 0, , 0, 0, 0, 0, 0, 
37, 1, 37, 37, -1, 192, 211, 10.0, 17, ABarappapp, 11445, 0, 0, 0, , 0, 0, 0, 0, 0, 
38, 1, 38, 38, -1, 219, 180, 31.0, 15, ABarpapppa, 7094, 0, 0, 0, , 0, 0, 0, 0, 0, 
39, 1, 39, 39, -1, 211, 197, 34.0, 19, ABarpapppp, 21279, 0, 0, 0, , 0, 0, 0, 0, 0, 
40, 1, 40, 40, -1, 239, 179, 33.0, 17, ABarpappap, 6801, 0, 0, 0, , 0, 0, 0, 0, 0, 
41, 1, 41, 41, -1, 285, 193, 35.0, 15, ABarpapaaa, 6889, 0, 0, 0, , 0, 0, 0, 0, 0, 
42, 1, 42, 42, -1, 279, 199, 31.0, 17, ABarpapaap, 7634, 0, 0, 0, , 0, 0, 0, 0, 0, 
43, 1, 43, 43, -1, 234, 218, 34.0, 17, ABarpapapp, 6711, 0, 0, 0, , 0, 0, 0, 0, 0, 
44, 1, 44, 44, -1, 267, 212, 33.0, 15, ABarpapapa, 5418, 0, 0, 0, , 0, 0, 0, 0, 0, 
45, 1, 45, 45, -1, 207, 275, 34.0, 19, ABarpaappp, 13488, 0, 0, 0, , 0, 0, 0, 0, 0, 
46, 1, 46, 46, -1, 253, 220, 34.0, 13, ABarpaapaa, 4641, 0, 0, 0, , 0, 0, 0, 0, 0, 
47, 1, 47, 47, -1, 236, 245, 34.0, 19, ABarpaapap, 9675, 0, 0, 0, , 0, 0, 0, 0, 0, 
48, 1, 48, 48, -1, 327, 207, 33.0, 17, ABarpaaaaa, 8219, 0, 0, 0, , 0, 0, 0, 0, 0, 
49, 1, 49, 49, -1, 298, 233, 35.0, 15, ABarpaaaap, 5487, 0, 0, 0, , 0, 0, 0, 0, 0, 
50, 1, 50, 50, -1, 275, 228, 35.0, 13, ABarpaaapp, 4580, 0, 0, 0, , 0, 0, 0, 0, 0, 
51, 1, 51, 51, -1, 293, 214, 35.0, 15, ABarpaaapa, 6319, 0, 0, 0, , 0, 0, 0, 0, 0, 
52, 1, 52, 52, -1, 224, 314, 34.0, 17, ABarppaaap, 6212, 0, 0, 0, , 0, 0, 0, 0, 0, 
53, 1, 53, 53, -1, 230, 289, 34.0, 13, ABarppaaaa, 3795, 0, 0, 0, , 0, 0, 0, 0, 0, 
54, 1, 54, 54, -1, 165, 333, 34.0, 15, ABarppaapp, 6781, 0, 0, 0, , 0, 0, 0, 0, 0, 
55, 1, 55, 55, -1, 142, 352, 30.0, 17, ABarppappa, 9224, 0, 0, 0, , 0, 0, 0, 0, 0, 
56, 1, 56, 56, -1, 111, 354, 22.0, 17, ABarppappp, 6224, 0, 0, 0, , 0, 0, 0, 0, 0, 
57, 1, 57, 57, -1, 188, 345, 32.0, 17, ABarppapap, 6864, 0, 0, 0, , 0, 0, 0, 0, 0, 
58, 1, 58, 58, -1, 212, 334, 33.0, 15, ABarppapaa, 6040, 0, 0, 0, , 0, 0, 0, 0, 0, 
59, 1, 59, 59, -1, 70, 270, 22.0, 17, ABarpppppp, 6348, 0, 0, 0, , 0, 0, 0, 0, 0, 
60, 1, 60, 60, -1, 99, 247, 29.0, 17, ABarpppppa, 4722, 0, 0, 0, , 0, 0, 0, 0, 0, 
61, 1, 61, 61, -1, 154, 200, 30.0, 15, ABarppppaa, 5628, 0, 0, 0, , 0, 0, 0, 0, 0, 
62, 1, 62, 62, -1, 127, 211, 28.0, 17, ABarppppap, 5784, 0, 0, 0, , 0, 0, 0, 0, 0, 
63, 1, 63, 63, -1, 182, 200, 34.0, 19, ABarpppaap, 7474, 0, 0, 0, , 0, 0, 0, 0, 0, 
64, 1, 64, 64, -1, 204, 216, 34.0, 15, ABarpppaaa, 4729, 0, 0, 0, , 0, 0, 0, 0, 0, 
65, 1, 65, 65, -1, 312, 176, 28.0, 13, ABalappppaa, 3818, 0, 0, 0, , 0, 0, 0, 0, 0, 
66, 1, 66, 66, -1, 286, 179, 29.0, 15, ABalappppap, 3601, 0, 0, 0, , 0, 0, 0, 0, 0, 
67, 1, 67, 67, -1, 276, 177, 33.0, 21, ABalappppp, 5069, 0, 0, 0, , 0, 0, 0, 0, 0, 
68, 1, 68, 68, -1, 330, 189, 27.0, 17, ABalapppaa, 5232, 0, 0, 0, , 0, 0, 0, 0, 0, 
69, 1, 69, 69, -1, 320, 191, 31.0, 15, ABalapppapa, 3188, 0, 0, 0, , 0, 0, 0, 0, 0, 
70, 1, 69, 70, -1, 299, 202, 33.0, 11, ABalapppapp, 2624, 0, 0, 0, , 0, 0, 0, 0, 0, 
71, 1, 70, 71, -1, 315, 172, 23.0, 15, ABalappapa, 5628, 0, 0, 0, , 0, 0, 0, 0, 0, 
72, 1, 71, 72, -1, 348, 213, 26.0, 15, ABalappaap, 2864, 0, 0, 0, , 0, 0, 0, 0, 0, 
73, 1, 72, 73, -1, 297, 167, 26.0, 19, ABalappapp, 6506, 0, 0, 0, , 0, 0, 0, 0, 0, 
74, 1, 73, 74, -1, 310, 263, 34.0, 16, ABalapappp, 4874, 0, 0, 0, , 0, 0, 0, 0, 0, 
75, 1, 74, 75, -1, 342, 241, 28.0, 15, ABalapappaa, 5628, 0, 0, 0, , 0, 0, 0, 0, 0, 
76, 1, 75, 76, -1, 318, 258, 31.0, 13, ABalapappap, 3228, 0, 0, 0, , 0, 0, 0, 0, 0, 
77, 1, 76, 77, -1, 325, 222, 32.0, 17, ABalapapaa, 9321, 0, 0, 0, , 0, 0, 0, 0, 0, 
78, 1, 77, 78, -1, 320, 238, 33.0, 19, ABalapapap, 5080, 0, 0, 0, , 0, 0, 0, 0, 0, 
79, 1, 78, 79, -1, 350, 242, 25.0, 17, ABalapaaaa, 8495, 0, 0, 0, , 0, 0, 0, 0, 0, 
80, 1, 79, 80, -1, 341, 263, 29.0, 19, ABalapaaap, 9798, 0, 0, 0, , 0, 0, 0, 0, 0, 
81, 1, 80, 81, -1, 338, 259, 22.0, 17, ABalapaapa, 6670, 0, 0, 0, , 0, 0, 0, 0, 0, 
82, 1, 81, 82, -1, 333, 264, 25.0, 23, ABalapaapp, 5841, 0, 0, 0, , 0, 0, 0, 0, 0, 
83, 1, 82, 83, -1, 309, 184, 14.0, 15, ABalaapaaa, 6869, 0, 0, 0, , 0, 0, 0, 0, 0, 
84, 1, 83, 84, -1, 257, 176, 12.0, 13, ABalaapapa, 5469, 0, 0, 0, , 0, 0, 0, 0, 0, 
85, 1, 84, 85, -1, 289, 181, 12.0, 15, ABalaapaap, 6790, 0, 0, 0, , 0, 0, 0, 0, 0, 
86, 1, 85, 86, -1, 287, 182, 16.0, 15, ABalaappap, 7300, 0, 0, 0, , 0, 0, 0, 0, 0, 
87, 1, 86, 87, -1, 294, 172, 16.0, 15, ABalaappaa, 6657, 0, 0, 0, , 0, 0, 0, 0, 0, 
88, 1, 87, 88, -1, 294, 169, 23.0, 19, ABalaapppp, 9541, 0, 0, 0, , 0, 0, 0, 0, 0, 
89, 1, 88, 89, -1, 297, 181, 20.0, 15, ABalaapppa, 6879, 0, 0, 0, , 0, 0, 0, 0, 0, 
90, 1, 89, 90, -1, 340, 265, 14.0, 17, ABalaaaalp, 6589, 0, 0, 0, , 0, 0, 0, 0, 0, 
91, 1, 90, 91, -1, 328, 188, 17.0, 15, ABalaaaarr, 6724, 0, 0, 0, , 0, 0, 0, 0, 0, 
92, 1, 91, 92, -1, 349, 217, 18.0, 15, ABalaaaarl, 7802, 0, 0, 0, , 0, 0, 0, 0, 0, 
93, 1, 92, 93, -1, 332, 183, 22.0, 15, ABalaaappl, 6939, 0, 0, 0, , 0, 0, 0, 0, 0, 
94, 1, 93, 94, -1, 315, 176, 19.0, 17, ABalaaappr, 8130, 0, 0, 0, , 0, 0, 0, 0, 0, 
95, 1, 94, 95, -1, 350, 205, 22.0, 17, ABalaaapar, 6465, 0, 0, 0, , 0, 0, 0, 0, 0, 
96, 1, 95, 96, -1, 352, 246, 21.0, 19, ABalaaapal, 9466, 0, 0, 0, , 0, 0, 0, 0, 0, 
97, 1, 96, 97, -1, 162, 323, 11.0, 13, ABplppppapa, 4455, 0, 0, 0, , 0, 0, 0, 0, 0, 
98, 1, 96, 98, -1, 154, 312, 11.0, 13, ABplppppapp, 3961, 0, 0, 0, , 0, 0, 0, 0, 0, 
99, 1, 97, 99, 100, 183, 312, 11.0, 15, ABplppppaa, 7638, 0, 0, 0, , 0, 0, 0, 0, 0, 
100, 1, 98, 101, -1, 111, 318, 11.0, 15, ABplpppppp, 7661, 0, 0, 0, , 0, 0, 0, 0, 0, 
101, 1, 99, 102, -1, 151, 302, 14.0, 15, ABplpppppa, 7468, 0, 0, 0, , 0, 0, 0, 0, 0, 
102, 1, 100, 103, -1, 132, 311, 12.0, 15, ABplpppapp, 7164, 0, 0, 0, , 0, 0, 0, 0, 0, 
103, 1, 101, 104, -1, 148, 334, 10.0, 13, ABplpppapaa, 4255, 0, 0, 0, , 0, 0, 0, 0, 0, 
104, 1, 102, 105, -1, 157, 342, 12.0, 17, ABplpppaap, 8093, 0, 0, 0, , 0, 0, 0, 0, 0, 
105, 1, 103, 106, -1, 178, 335, 12.0, 17, ABplpppaaa, 6702, 0, 0, 0, , 0, 0, 0, 0, 0, 
106, 1, 104, 107, -1, 184, 345, 15.0, 17, ABplppappp, 8111, 0, 0, 0, , 0, 0, 0, 0, 0, 
107, 1, 105, 108, -1, 210, 340, 14.0, 15, ABplppappa, 7918, 0, 0, 0, , 0, 0, 0, 0, 0, 
108, 1, 106, 109, -1, 243, 340, 18.0, 17, ABplppapaa, 9841, 0, 0, 0, , 0, 0, 0, 0, 0, 
109, 1, 107, 110, -1, 216, 346, 18.0, 17, ABplppapap, 7602, 0, 0, 0, , 0, 0, 0, 0, 0, 
110, 1, 108, 111, -1, 203, 326, 11.0, 17, ABplppaapp, 8150, 0, 0, 0, , 0, 0, 0, 0, 0, 
111, 1, 109, 112, -1, 264, 325, 19.0, 15, ABplppaaaa, 8576, 0, 0, 0, , 0, 0, 0, 0, 0, 
112, 1, 110, 113, -1, 261, 324, 21.0, 15, ABplppaaap, 8710, 0, 0, 0, , 0, 0, 0, 0, 0, 
113, 1, 111, 114, -1, 247, 278, 9.0, 15, ABplpappaaa, 6369, 0, 0, 0, , 0, 0, 0, 0, 0, 
114, 1, 112, 115, -1, 226, 290, 10.0, 17, ABplpappaap, 7722, 0, 0, 0, , 0, 0, 0, 0, 0, 
115, 1, 113, 116, -1, 222, 271, 10.0, 15, ABplpappap, 7418, 0, 0, 0, , 0, 0, 0, 0, 0, 
116, 1, 114, 117, -1, 167, 296, 10.0, 15, ABplpapppp, 6128, 0, 0, 0, , 0, 0, 0, 0, 0, 
117, 1, 115, 118, -1, 184, 281, 10.0, 17, ABplpapppa, 8884, 0, 0, 0, , 0, 0, 0, 0, 0, 
118, 1, 116, 119, -1, 204, 305, 10.0, 17, ABplpapapp, 6743, 0, 0, 0, , 0, 0, 0, 0, 0, 
119, 1, 117, 120, -1, 231, 311, 12.0, 17, ABplpapapa, 6921, 0, 0, 0, , 0, 0, 0, 0, 0, 
120, 1, 118, 121, -1, 247, 317, 15.0, 15, ABplpapaap, 7662, 0, 0, 0, , 0, 0, 0, 0, 0, 
121, 1, 119, 122, -1, 256, 298, 14.0, 15, ABplpapaaa, 7059, 0, 0, 0, , 0, 0, 0, 0, 0, 
122, 1, 120, 123, -1, 267, 326, 15.0, 21, ABplpaaaap, 14569, 0, 0, 0, , 0, 0, 0, 0, 0, 
123, 1, 121, 124, -1, 292, 290, 17.0, 17, ABplpaaaaa, 9468, 0, 0, 0, , 0, 0, 0, 0, 0, 
124, 1, 122, 125, -1, 290, 309, 18.0, 17, ABplpaaapa, 6626, 0, 0, 0, , 0, 0, 0, 0, 0, 
125, 1, 123, 126, -1, 283, 318, 18.0, 17, ABplpaaapp, 9529, 0, 0, 0, , 0, 0, 0, 0, 0, 
126, 1, 124, 127, -1, 280, 304, 25.0, 17, ABplpaappa, 7831, 0, 0, 0, , 0, 0, 0, 0, 0, 
127, 1, 125, 128, -1, 281, 324, 23.0, 17, ABplpaappp, 8751, 0, 0, 0, , 0, 0, 0, 0, 0, 
128, 1, 126, 129, -1, 296, 294, 20.0, 15, ABplpaapaa, 8241, 0, 0, 0, , 0, 0, 0, 0, 0, 
129, 1, 127, 130, -1, 299, 317, 23.0, 15, ABplpaapap, 7822, 0, 0, 0, , 0, 0, 0, 0, 0, 
130, 1, 128, 131, -1, 271, 327, 28.0, 17, ABplaappap, 6318, 0, 0, 0, , 0, 0, 0, 0, 0, 
131, 1, 129, 132, -1, 289, 322, 27.0, 15, ABplaappaa, 6222, 0, 0, 0, , 0, 0, 0, 0, 0, 
132, 1, 130, 133, -1, 253, 330, 28.0, 15, ABplaapppa, 7522, 0, 0, 0, , 0, 0, 0, 0, 0, 
133, 1, 131, 134, -1, 232, 345, 26.0, 17, ABplaapppp, 10323, 0, 0, 0, , 0, 0, 0, 0, 0, 
134, 1, 132, 135, -1, 335, 261, 33.0, 17, ABplaapaaa, 9415, 0, 0, 0, , 0, 0, 0, 0, 0, 
135, 1, 133, 136, -1, 326, 277, 32.0, 19, ABplaapaap, 9970, 0, 0, 0, , 0, 0, 0, 0, 0, 
136, 1, 134, 137, -1, 300, 282, 30.0, 15, ABplaapapp, 7295, 0, 0, 0, , 0, 0, 0, 0, 0, 
137, 1, 135, 138, -1, 305, 281, 27.0, 19, ABplaapapa, 8405, 0, 0, 0, , 0, 0, 0, 0, 0, 
138, 1, 136, 139, -1, 296, 255, 34.0, 17, ABplaaaaap, 5595, 0, 0, 0, , 0, 0, 0, 0, 0, 
139, 1, 137, 140, -1, 316, 246, 36.0, 19, ABplaaaaaa, 7221, 0, 0, 0, , 0, 0, 0, 0, 0, 
140, 1, 138, 141, -1, 261, 259, 35.0, 15, ABplaaaapp, 6345, 0, 0, 0, , 0, 0, 0, 0, 0, 
141, 1, 139, 142, -1, 278, 248, 34.0, 15, ABplaaaapa, 5565, 0, 0, 0, , 0, 0, 0, 0, 0, 
142, 1, 140, 143, -1, 251, 291, 34.0, 17, ABplaaappp, 6174, 0, 0, 0, , 0, 0, 0, 0, 0, 
143, 1, 141, 144, -1, 270, 297, 34.0, 17, ABplaaappa, 5895, 0, 0, 0, , 0, 0, 0, 0, 0, 
144, 1, 142, 145, -1, 288, 293, 34.0, 17, ABplaaapap, 6738, 0, 0, 0, , 0, 0, 0, 0, 0, 
145, 1, 143, 146, -1, 296, 281, 35.0, 13, ABplaaapaa, 6908, 0, 0, 0, , 0, 0, 0, 0, 0, 
146, 1, 144, 147, -1, 122, 355, 15.0, 15, ABplappppa, 6582, 0, 0, 0, , 0, 0, 0, 0, 0, 
147, 1, 145, 148, -1, 109, 336, 12.0, 15, ABplappppp, 6726, 0, 0, 0, , 0, 0, 0, 0, 0, 
148, 1, 146, 149, -1, 144, 348, 16.0, 15, ABplapppaa, 7928, 0, 0, 0, , 0, 0, 0, 0, 0, 
149, 1, 147, 150, -1, 130, 336, 13.0, 15, ABplapppap, 6474, 0, 0, 0, , 0, 0, 0, 0, 0, 
150, 1, 148, 151, -1, 200, 357, 24.0, 15, ABplappaaa, 8498, 0, 0, 0, , 0, 0, 0, 0, 0, 
151, 1, 149, 152, -1, 182, 360, 24.0, 15, ABplappaap, 6647, 0, 0, 0, , 0, 0, 0, 0, 0, 
152, 1, 150, 153, -1, 165, 360, 22.0, 15, ABplappapp, 7819, 0, 0, 0, , 0, 0, 0, 0, 0, 
153, 1, 151, 154, -1, 167, 353, 29.0, 19, ABplappapa, 7898, 0, 0, 0, , 0, 0, 0, 0, 0, 
154, 1, 152, 155, -1, 209, 353, 28.0, 17, ABplapaapp, 8466, 0, 0, 0, , 0, 0, 0, 0, 0, 
155, 1, 153, 156, -1, 234, 337, 32.0, 15, ABplapaapa, 6266, 0, 0, 0, , 0, 0, 0, 0, 0, 
156, 1, 154, 157, -1, 242, 302, 32.0, 15, ABplapaaaa, 9686, 0, 0, 0, , 0, 0, 0, 0, 0, 
157, 1, 155, 158, -1, 238, 318, 31.0, 15, ABplapaaap, 7803, 0, 0, 0, , 0, 0, 0, 0, 0, 
158, 1, 156, 159, -1, 105, 345, 17.0, 17, ABplapappp, 8277, 0, 0, 0, , 0, 0, 0, 0, 0, 
159, 1, 157, 160, -1, 143, 366, 22.0, 15, ABplapapap, 6313, 0, 0, 0, , 0, 0, 0, 0, 0, 
160, 1, 158, 161, -1, 124, 362, 19.0, 17, ABplapappa, 7882, 0, 0, 0, , 0, 0, 0, 0, 0, 
161, 1, 159, 162, -1, 134, 356, 26.0, 17, ABplapapaa, 9321, 0, 0, 0, , 0, 0, 0, 0, 0, 
162, 1, 160, 163, -1, 213, 220, 13.0, 17, ABprpapaaa, 7222, 0, 0, 0, , 0, 0, 0, 0, 0, 
163, 1, 161, 164, -1, 191, 207, 13.0, 17, ABprpapaap, 9172, 0, 0, 0, , 0, 0, 0, 0, 0, 
164, 1, 162, 165, -1, 177, 248, 10.0, 17, ABprpapapp, 8349, 0, 0, 0, , 0, 0, 0, 0, 0, 
165, 1, 163, 166, -1, 193, 232, 12.0, 17, ABprpapapa, 7102, 0, 0, 0, , 0, 0, 0, 0, 0, 
166, 1, 164, 167, -1, 155, 279, 12.0, 17, ABprpapppp, 7726, 0, 0, 0, , 0, 0, 0, 0, 0, 
167, 1, 165, 168, -1, 190, 265, 12.0, 19, ABprpapppa, 7069, 0, 0, 0, , 0, 0, 0, 0, 0, 
168, 1, 166, 169, -1, 200, 261, 10.0, 17, ABprpappap, 7618, 0, 0, 0, , 0, 0, 0, 0, 0, 
169, 1, 167, 170, -1, 221, 247, 9.0, 19, ABprpappaa, 13335, 0, 0, 0, , 0, 0, 0, 0, 0, 
170, 1, 168, 171, -1, 243, 191, 15.0, 19, ABprpaaaaa, 8571, 0, 0, 0, , 0, 0, 0, 0, 0, 
171, 1, 169, 172, -1, 209, 180, 11.0, 17, ABprpaaaap, 7994, 0, 0, 0, , 0, 0, 0, 0, 0, 
172, 1, 170, 173, -1, 219, 177, 15.0, 19, ABprpaaapp, 8447, 0, 0, 0, , 0, 0, 0, 0, 0, 
173, 1, 171, 174, -1, 234, 176, 15.0, 15, ABprpaaapa, 8779, 0, 0, 0, , 0, 0, 0, 0, 0, 
174, 1, 172, 175, -1, 244, 178, 18.0, 17, ABprpaapaa, 8289, 0, 0, 0, , 0, 0, 0, 0, 0, 
175, 1, 173, 176, -1, 224, 164, 19.0, 17, ABprpaapap, 8992, 0, 0, 0, , 0, 0, 0, 0, 0, 
176, 1, 174, 177, -1, 210, 175, 18.0, 17, ABprpaappp, 9151, 0, 0, 0, , 0, 0, 0, 0, 0, 
177, 1, 175, 178, -1, 217, 183, 23.0, 17, ABprpaappa, 10470, 0, 0, 0, , 0, 0, 0, 0, 0, 
178, 1, 176, 179, -1, 105, 245, 12.0, 17, ABprpppaap, 8449, 0, 0, 0, , 0, 0, 0, 0, 0, 
179, 1, 177, 180, -1, 130, 238, 11.0, 19, ABprpppaaa, 7897, 0, 0, 0, , 0, 0, 0, 0, 0, 
180, 1, 178, 181, -1, 113, 255, 10.0, 13, ABprpppapaa, 4090, 0, 0, 0, , 0, 0, 0, 0, 0, 
181, 1, 179, 182, -1, 110, 283, 10.0, 13, ABprpppapap, 4096, 0, 0, 0, , 0, 0, 0, 0, 0, 
182, 1, 180, 183, -1, 126, 283, 9.0, 15, ABprpppapp, 7427, 0, 0, 0, , 0, 0, 0, 0, 0, 
183, 1, 181, 184, 185, 132, 260, 11.0, 13, ABprppppap, 6361, 0, 0, 0, , 0, 0, 0, 0, 0, 
184, 1, 182, 186, -1, 157, 259, 10.0, 17, ABprppppaa, 7536, 0, 0, 0, , 0, 0, 0, 0, 0, 
185, 1, 183, 187, -1, 112, 299, 11.0, 17, ABprpppppp, 6115, 0, 0, 0, , 0, 0, 0, 0, 0, 
186, 1, 184, 188, -1, 133, 279, 13.0, 17, ABprpppppa, 7798, 0, 0, 0, , 0, 0, 0, 0, 0, 
187, 1, 185, 189, -1, 174, 220, 12.0, 15, ABprppaapa, 7604, 0, 0, 0, , 0, 0, 0, 0, 0, 
188, 1, 186, 190, -1, 156, 237, 11.0, 15, ABprppaapp, 6420, 0, 0, 0, , 0, 0, 0, 0, 0, 
189, 1, 187, 191, -1, 189, 187, 15.0, 19, ABprppaaaa, 10698, 0, 0, 0, , 0, 0, 0, 0, 0, 
190, 1, 188, 192, -1, 181, 177, 20.0, 13, ABprppaaap, 5412, 0, 0, 0, , 0, 0, 0, 0, 0, 
191, 1, 189, 193, -1, 166, 199, 14.0, 19, ABprppapaa, 8270, 0, 0, 0, , 0, 0, 0, 0, 0, 
192, 1, 190, 194, -1, 140, 207, 14.0, 15, ABprppapap, 8123, 0, 0, 0, , 0, 0, 0, 0, 0, 
193, 1, 191, 195, -1, 118, 229, 14.0, 19, ABprppappp, 7103, 0, 0, 0, , 0, 0, 0, 0, 0, 
194, 1, 192, 196, -1, 144, 220, 12.0, 15, ABprppappa, 6952, 0, 0, 0, , 0, 0, 0, 0, 0, 
195, 1, 193, 197, -1, 304, 177, 33.0, 17, ABpraapaaa, 9001, 0, 0, 0, , 0, 0, 0, 0, 0, 
196, 1, 194, 198, -1, 274, 164, 30.0, 17, ABpraapaap, 8997, 0, 0, 0, , 0, 0, 0, 0, 0, 
197, 1, 195, 199, -1, 261, 180, 25.0, 17, ABpraapapa, 6556, 0, 0, 0, , 0, 0, 0, 0, 0, 
198, 1, 196, 200, 201, 249, 179, 29.0, 17, ABpraapapp, 9266, 0, 0, 0, , 0, 0, 0, 0, 0, 
199, 1, 197, 202, -1, 155, 190, 20.0, 17, ABpraapppp, 7616, 0, 0, 0, , 0, 0, 0, 0, 0, 
200, 1, 198, 203, -1, 181, 178, 22.0, 13, ABpraapppa, 3402, 0, 0, 0, , 0, 0, 0, 0, 0, 
201, 1, 199, 204, -1, 197, 171, 23.0, 15, ABpraappap, 5252, 0, 0, 0, , 0, 0, 0, 0, 0, 
202, 1, 200, 205, -1, 215, 163, 24.0, 13, ABpraappaa, 5547, 0, 0, 0, , 0, 0, 0, 0, 0, 
203, 1, 201, 206, -1, 270, 166, 25.0, 15, ABpraaapap, 10226, 0, 0, 0, , 0, 0, 0, 0, 0, 
204, 1, 202, 207, -1, 277, 176, 20.0, 17, ABpraaapaa, 6629, 0, 0, 0, , 0, 0, 0, 0, 0, 
205, 1, 203, 208, -1, 249, 175, 21.0, 19, ABpraaappa, 12803, 0, 0, 0, , 0, 0, 0, 0, 0, 
206, 1, 204, 209, -1, 237, 192, 24.0, 15, ABpraaapppa, 4667, 0, 0, 0, , 0, 0, 0, 0, 0, 
207, 1, 205, 210, -1, 225, 178, 27.0, 19, ABpraaapppp, 4800, 0, 0, 0, , 0, 0, 0, 0, 0, 
208, 1, 206, 211, -1, 267, 158, 21.0, 15, ABpraaaaap, 7742, 0, 0, 0, , 0, 0, 0, 0, 0, 
209, 1, 207, 212, -1, 276, 165, 17.0, 15, ABpraaaaaa, 6283, 0, 0, 0, , 0, 0, 0, 0, 0, 
210, 1, 208, 213, -1, 258, 168, 18.0, 17, ABpraaaapa, 7880, 0, 0, 0, , 0, 0, 0, 0, 0, 
211, 1, 209, 214, -1, 242, 159, 23.0, 17, ABpraaaapp, 9154, 0, 0, 0, , 0, 0, 0, 0, 0, 
212, 1, 210, 215, -1, 100, 228, 21.0, 15, ABprappapp, 7021, 0, 0, 0, , 0, 0, 0, 0, 0, 
213, 1, 211, 216, -1, 108, 223, 26.0, 15, ABprappapa, 7310, 0, 0, 0, , 0, 0, 0, 0, 0, 
214, 1, 212, 217, -1, 115, 214, 20.0, 15, ABprappaap, 7273, 0, 0, 0, , 0, 0, 0, 0, 0, 
215, 1, 213, 218, -1, 135, 206, 19.0, 17, ABprappaaa, 7994, 0, 0, 0, , 0, 0, 0, 0, 0, 
216, 1, 214, 219, -1, 94, 253, 15.0, 15, ABprapppaa, 5719, 0, 0, 0, , 0, 0, 0, 0, 0, 
217, 1, 215, 220, -1, 98, 269, 13.0, 15, ABprapppap, 6622, 0, 0, 0, , 0, 0, 0, 0, 0, 
218, 1, 216, 221, -1, 80, 282, 12.0, 17, ABprappppp, 7346, 0, 0, 0, , 0, 0, 0, 0, 0, 
219, 1, 217, 222, -1, 78, 265, 14.0, 15, ABprappppa, 5494, 0, 0, 0, , 0, 0, 0, 0, 0, 
220, 1, 218, 223, -1, 175, 198, 29.0, 17, ABprapaaap, 8382, 0, 0, 0, , 0, 0, 0, 0, 0, 
221, 1, 219, 224, -1, 196, 199, 30.0, 19, ABprapaaaa, 15574, 0, 0, 0, , 0, 0, 0, 0, 0, 
222, 1, 220, 225, -1, 138, 200, 24.0, 15, ABprapaapp, 7917, 0, 0, 0, , 0, 0, 0, 0, 0, 
223, 1, 221, 226, -1, 166, 186, 26.0, 15, ABprapaapa, 7023, 0, 0, 0, , 0, 0, 0, 0, 0, 
224, 1, 222, 227, -1, 81, 249, 18.0, 17, ABprapappa, 7957, 0, 0, 0, , 0, 0, 0, 0, 0, 
225, 1, 223, 228, -1, 73, 278, 18.0, 17, ABprapappp, 7547, 0, 0, 0, , 0, 0, 0, 0, 0, 
226, 1, 224, 229, -1, 86, 246, 22.0, 15, ABprapapap, 7357, 0, 0, 0, , 0, 0, 0, 0, 0, 
227, 1, 225, 230, -1, 86, 255, 26.0, 17, ABprapapaa, 7647, 0, 0, 0, , 0, 0, 0, 0, 0, 
228, 1, 226, 231, -1, 217, 201, 26.0, 15, MSppppap, 5580, 0, 0, 0, , 0, 0, 0, 0, 0, 
229, 1, 227, 232, -1, 224, 202, 20.0, 13, MSppppaa, 4328, 0, 0, 0, , 0, 0, 0, 0, 0, 
230, 1, 228, 233, -1, 224, 207, 30.0, 17, MSpppppa, 6118, 0, 0, 0, , 0, 0, 0, 0, 0, 
231, 1, 229, 234, -1, 191, 220, 28.0, 15, MSpppppp, 4129, 0, 0, 0, , 0, 0, 0, 0, 0, 
232, 1, 230, 235, -1, 219, 225, 16.0, 13, MSpppaaa, 4001, 0, 0, 0, , 0, 0, 0, 0, 0, 
233, 1, 231, 236, -1, 206, 228, 19.0, 15, MSpppaap, 3761, 0, 0, 0, , 0, 0, 0, 0, 0, 
234, 1, 232, 237, -1, 191, 220, 19.0, 15, MSpppapp, 4936, 0, 0, 0, , 0, 0, 0, 0, 0, 
235, 1, 233, 238, -1, 205, 202, 16.0, 13, MSpppapa, 3791, 0, 0, 0, , 0, 0, 0, 0, 0, 
236, 1, 234, 239, -1, 228, 210, 16.0, 15, MSppaapp, 4362, 0, 0, 0, , 0, 0, 0, 0, 0, 
237, 1, 235, 240, -1, 250, 216, 16.0, 11, MSppaapa, 3457, 0, 0, 0, , 0, 0, 0, 0, 0, 
238, 1, 236, 241, -1, 285, 199, 16.0, 15, MSppaaaa, 4622, 0, 0, 0, , 0, 0, 0, 0, 0, 
239, 1, 237, 242, -1, 267, 201, 17.0, 15, MSppaaap, 11765, 0, 0, 0, , 0, 0, 0, 0, 0, 
240, 1, 238, 243, -1, 277, 192, 26.0, 15, MSppappa, 4904, 0, 0, 0, , 0, 0, 0, 0, 0, 
241, 1, 239, 244, -1, 264, 195, 20.0, 15, MSppapaa, 6841, 0, 0, 0, , 0, 0, 0, 0, 0, 
242, 1, 240, 245, -1, 244, 200, 19.0, 15, MSppapap, 4193, 0, 0, 0, , 0, 0, 0, 0, 0, 
243, 1, 241, 246, -1, 205, 261, 16.0, 15, MSpapapp, 4562, 0, 0, 0, , 0, 0, 0, 0, 0, 
244, 1, 242, 247, -1, 214, 246, 18.0, 15, MSpapapa, 6958, 0, 0, 0, , 0, 0, 0, 0, 0, 
245, 1, 243, 248, -1, 251, 246, 16.0, 11, MSpapaaaa, 1932, 0, 0, 0, , 0, 0, 0, 0, 0, 
246, 1, 244, 249, -1, 234, 251, 21.0, 15, MSpapaaap, 4111, 0, 0, 0, , 0, 0, 0, 0, 0, 
247, 1, 245, 250, -1, 227, 232, 20.0, 13, MSpapaapa, 3181, 0, 0, 0, , 0, 0, 0, 0, 0, 
248, 1, 246, 251, -1, 214, 252, 22.0, 15, MSpapaapp, 4207, 0, 0, 0, , 0, 0, 0, 0, 0, 
249, 1, 247, 252, -1, 182, 297, 14.0, 15, MSpappaa, 4742, 0, 0, 0, , 0, 0, 0, 0, 0, 
250, 1, 248, 253, -1, 176, 278, 14.0, 15, MSpappap, 4277, 0, 0, 0, , 0, 0, 0, 0, 0, 
251, 1, 249, 254, -1, 167, 256, 14.0, 17, MSpapppp, 4509, 0, 0, 0, , 0, 0, 0, 0, 0, 
252, 1, 250, 255, -1, 167, 232, 16.0, 17, MSpapppa, 6508, 0, 0, 0, , 0, 0, 0, 0, 0, 
253, 1, 251, 256, -1, 262, 221, 29.0, 17, MSpaaappa, 6927, 0, 0, 0, , 0, 0, 0, 0, 0, 
254, 1, 252, 257, -1, 242, 241, 28.0, 15, MSpaaappp, 5131, 0, 0, 0, , 0, 0, 0, 0, 0, 
255, 1, 253, 258, -1, 262, 236, 31.0, 17, MSpaaapa, 6805, 0, 0, 0, , 0, 0, 0, 0, 0, 
256, 1, 254, 259, -1, 302, 210, 27.0, 15, MSpaaaapa, 5186, 0, 0, 0, , 0, 0, 0, 0, 0, 
257, 1, 255, 260, -1, 278, 219, 28.0, 15, MSpaaaapp, 5036, 0, 0, 0, , 0, 0, 0, 0, 0, 
258, 1, 256, 261, -1, 313, 195, 26.0, 15, MSpaaaaa, 7393, 0, 0, 0, , 0, 0, 0, 0, 0, 
259, 1, 257, 262, -1, 250, 222, 23.0, 19, MSpaapap, 7622, 0, 0, 0, , 0, 0, 0, 0, 0, 
260, 1, 258, 263, -1, 270, 204, 24.0, 15, MSpaapaa, 6648, 0, 0, 0, , 0, 0, 0, 0, 0, 
261, 1, 259, 264, -1, 189, 244, 25.0, 23, Earap, 6626, 0, 0, 0, , 0, 0, 0, 0, 0, 
262, 1, 260, 265, -1, 266, 291, 23.0, 15, MSapppaa, 2981, 0, 0, 0, , 0, 0, 0, 0, 0, 
263, 1, 261, 266, -1, 256, 292, 27.0, 15, MSapppap, 4306, 0, 0, 0, , 0, 0, 0, 0, 0, 
264, 1, 262, 267, -1, 245, 284, 29.0, 15, MSappppa, 3811, 0, 0, 0, , 0, 0, 0, 0, 0, 
265, 1, 263, 268, -1, 211, 310, 28.0, 13, MSappppp, 3431, 0, 0, 0, , 0, 0, 0, 0, 0, 
266, 1, 264, 269, -1, 223, 308, 21.0, 15, MSappaap, 4905, 0, 0, 0, , 0, 0, 0, 0, 0, 
267, 1, 265, 270, -1, 245, 291, 21.0, 15, MSappaaa, 4222, 0, 0, 0, , 0, 0, 0, 0, 0, 
268, 1, 266, 271, -1, 229, 315, 17.0, 13, MSappapp, 3401, 0, 0, 0, , 0, 0, 0, 0, 0, 
269, 1, 267, 272, -1, 249, 306, 20.0, 13, MSappapa, 3324, 0, 0, 0, , 0, 0, 0, 0, 0, 
270, 1, 268, 273, -1, 305, 256, 26.0, 15, MSapappa, 5976, 0, 0, 0, , 0, 0, 0, 0, 0, 
271, 1, 269, 274, -1, 270, 273, 30.0, 15, MSapappp, 5402, 0, 0, 0, , 0, 0, 0, 0, 0, 
272, 1, 270, 275, -1, 280, 282, 20.0, 13, MSapapap, 4340, 0, 0, 0, , 0, 0, 0, 0, 0, 
273, 1, 271, 276, -1, 292, 268, 23.0, 17, MSapapaa, 5465, 0, 0, 0, , 0, 0, 0, 0, 0, 
274, 1, 272, 277, -1, 260, 296, 19.0, 15, MSapaapp, 6520, 0, 0, 0, , 0, 0, 0, 0, 0, 
275, 1, 273, 278, -1, 285, 273, 15.0, 15, MSapaapa, 4100, 0, 0, 0, , 0, 0, 0, 0, 0, 
276, 1, 274, 279, -1, 332, 248, 20.0, 15, MSapaaaa, 5302, 0, 0, 0, , 0, 0, 0, 0, 0, 
277, 1, 275, 280, -1, 307, 263, 20.0, 15, MSapaaap, 6352, 0, 0, 0, , 0, 0, 0, 0, 0, 
278, 1, 276, 281, -1, 326, 214, 27.0, 15, MSaaaaapa, 5004, 0, 0, 0, , 0, 0, 0, 0, 0, 
279, 1, 277, 282, -1, 303, 228, 31.0, 15, MSaaaaapp, 5882, 0, 0, 0, , 0, 0, 0, 0, 0, 
280, 1, 278, 283, -1, 340, 218, 23.0, 17, MSaaaaaa, 6567, 0, 0, 0, , 0, 0, 0, 0, 0, 
281, 1, 279, 284, -1, 285, 231, 31.0, 17, MSaaaapa, 7814, 0, 0, 0, , 0, 0, 0, 0, 0, 
282, 1, 280, 285, -1, 268, 255, 29.0, 15, MSaaaapp, 6608, 0, 0, 0, , 0, 0, 0, 0, 0, 
283, 1, 281, 286, -1, 273, 240, 25.0, 15, MSaaapap, 3698, 0, 0, 0, , 0, 0, 0, 0, 0, 
284, 1, 282, 287, -1, 288, 245, 27.0, 15, MSaaapaap, 3360, 0, 0, 0, , 0, 0, 0, 0, 0, 
285, 1, 283, 288, -1, 314, 235, 27.0, 13, MSaaapaaa, 4146, 0, 0, 0, , 0, 0, 0, 0, 0, 
286, 1, 284, 289, -1, 259, 264, 26.0, 13, MSaaappa, 4135, 0, 0, 0, , 0, 0, 0, 0, 0, 
287, 1, 285, 290, -1, 244, 256, 26.0, 15, MSaaappp, 5053, 0, 0, 0, , 0, 0, 0, 0, 0, 
288, 1, 286, 291, -1, 191, 320, 16.0, 15, MSaapppp, 5696, 0, 0, 0, , 0, 0, 0, 0, 0, 
289, 1, 287, 292, -1, 210, 313, 16.0, 17, MSaapppa, 6032, 0, 0, 0, , 0, 0, 0, 0, 0, 
290, 1, 288, 293, -1, 253, 270, 17.0, 19, MSaapaaa, 7861, 0, 0, 0, , 0, 0, 0, 0, 0, 
291, 1, 289, 294, -1, 225, 288, 17.0, 17, MSaapapp, 7696, 0, 0, 0, , 0, 0, 0, 0, 0, 
292, 1, 290, 295, -1, 233, 271, 19.0, 15, MSaapapa, 6247, 0, 0, 0, , 0, 0, 0, 0, 0, 
293, 1, 291, 296, -1, 212, 282, 22.0, 21, Ealpa, 37963, 0, 0, 0, , 0, 0, 0, 0, 0, 
294, 1, 292, 297, -1, 182, 290, 24.0, 19, Ealpp, 10599, 0, 0, 0, , 0, 0, 0, 0, 0, 
295, 1, 293, 298, -1, 134, 306, 24.0, 21, Eplpa, 12065, 0, 0, 0, , 0, 0, 0, 0, 0, 
296, 1, 294, 299, -1, 145, 340, 20.0, 17, Cappap, 5967, 0, 0, 0, , 0, 0, 0, 0, 0, 
297, 1, 295, 300, -1, 163, 334, 23.0, 19, Cappaa, 8729, 0, 0, 0, , 0, 0, 0, 0, 0, 
298, 1, 296, 301, -1, 124, 336, 21.0, 17, Capppa, 6647, 0, 0, 0, , 0, 0, 0, 0, 0, 
299, 1, 297, 302, -1, 115, 320, 15.0, 17, Capppp, 9285, 0, 0, 0, , 0, 0, 0, 0, 0, 
300, 1, 298, 303, -1, 167, 334, 19.0, 15, Capapa, 7634, 0, 0, 0, , 0, 0, 0, 0, 0, 
301, 1, 299, 304, -1, 146, 322, 16.0, 15, Capapp, 6354, 0, 0, 0, , 0, 0, 0, 0, 0, 
302, 1, 300, 305, -1, 172, 315, 17.0, 17, Capaap, 7971, 0, 0, 0, , 0, 0, 0, 0, 0, 
303, 1, 301, 306, -1, 195, 326, 21.0, 17, Capaaa, 7890, 0, 0, 0, , 0, 0, 0, 0, 0, 
304, 1, 302, 307, -1, 84, 333, 27.0, 19, Caaapp, 7832, 0, 0, 0, , 0, 0, 0, 0, 0, 
305, 1, 303, 308, -1, 83, 328, 16.0, 19, Caappd, 10132, 0, 0, 0, , 0, 0, 0, 0, 0, 
306, 1, 304, 309, -1, 84, 320, 12.0, 15, Caappv, 5752, 0, 0, 0, , 0, 0, 0, 0, 0, 
307, 1, 305, 310, -1, 98, 303, 13.0, 17, Caapa, 7210, 0, 0, 0, , 0, 0, 0, 0, 0, 
308, 1, 306, 311, -1, 64, 305, 18.0, 19, Cpappd, 7545, 0, 0, 0, , 0, 0, 0, 0, 0, 
309, 1, 307, 312, -1, 74, 303, 13.0, 17, Cpappv, 6283, 0, 0, 0, , 0, 0, 0, 0, 0, 
310, 1, 308, 313, -1, 75, 337, 21.0, 21, Cpapaa, 8087, 0, 0, 0, , 0, 0, 0, 0, 0, 
311, 1, 309, 314, -1, 80, 302, 30.0, 21, Cpaapp, 18539, 0, 0, 0, , 0, 0, 0, 0, 0, 
312, 1, 310, 315, -1, 145, 253, 16.0, 17, Cppaap, 6942, 0, 0, 0, , 0, 0, 0, 0, 0, 
313, 1, 311, 316, -1, 145, 228, 18.0, 17, Cppaaa, 9130, 0, 0, 0, , 0, 0, 0, 0, 0, 
314, 1, 312, 317, -1, 123, 241, 21.0, 19, Cppapa, 8290, 0, 0, 0, , 0, 0, 0, 0, 0, 
315, 1, 313, 318, -1, 120, 254, 15.0, 19, Cppapp, 7501, 0, 0, 0, , 0, 0, 0, 0, 0, 
316, 1, 314, 319, -1, 130, 232, 25.0, 17, Cpppaa, 9372, 0, 0, 0, , 0, 0, 0, 0, 0, 
317, 1, 315, 320, -1, 109, 262, 18.0, 19, Cpppap, 7741, 0, 0, 0, , 0, 0, 0, 0, 0, 
318, 1, 316, 321, -1, 240, 316, 23.0, 15, Daapa, 5718, 0, 0, 0, , 0, 0, 0, 0, 0, 
319, 1, 317, 322, -1, 215, 327, 21.0, 15, Daapp, 5609, 0, 0, 0, , 0, 0, 0, 0, 0, 
320, 1, 318, 323, -1, 251, 298, 24.0, 15, Daaaa, 5169, 0, 0, 0, , 0, 0, 0, 0, 0, 
321, 1, 319, 324, -1, 233, 303, 26.0, 17, Daaap, 4943, 0, 0, 0, , 0, 0, 0, 0, 0, 
322, 1, 320, 325, -1, 190, 322, 29.0, 17, Dappa, 6020, 0, 0, 0, , 0, 0, 0, 0, 0, 
323, 1, 321, 326, -1, 157, 330, 27.0, 15, Dappp, 6017, 0, 0, 0, , 0, 0, 0, 0, 0, 
324, 1, 322, 327, -1, 167, 212, 18.0, 15, Dpapp, 4987, 0, 0, 0, , 0, 0, 0, 0, 0, 
325, 1, 323, 328, -1, 192, 204, 19.0, 15, Dpapa, 4638, 0, 0, 0, , 0, 0, 0, 0, 0, 
326, 1, 324, 329, -1, 196, 208, 25.0, 15, Dpaap, 5636, 0, 0, 0, , 0, 0, 0, 0, 0, 
327, 1, 325, 330, -1, 209, 197, 20.0, 15, Dpaaa, 3955, 0, 0, 0, , 0, 0, 0, 0, 0, 
328, 1, 326, 331, -1, 135, 241, 28.0, 17, Dpppp, 5750, 0, 0, 0, , 0, 0, 0, 0, 0, 
329, 1, 327, 332, -1, 164, 223, 26.0, 19, Dpppa, 6909, 0, 0, 0, , 0, 0, 0, 0, 0, 
330, 1, 328, 333, -1, 180, 203, 23.0, 17, Dppaa, 6004, 0, 0, 0, , 0, 0, 0, 0, 0, 
331, 1, 329, 334, -1, 156, 212, 22.0, 13, Dppap, 4379, 0, 0, 0, , 0, 0, 0, 0, 0, 
332, 1, 330, 335, -1, 188, 292, 18.0, 19, Z3, 8781, 0, 0, 0, , 0, 0, 0, 0, 0, 
333, 1, 331, 336, -1, 155, 276, 16.0, 21, Z2, 35087, 0, 0, 0, , 0, 0, 0, 0, 0, 
334, 0, 332, -1, -1, 381, 244, 24.0, 17, , 8737, 0, 0, 0, , 0, 0, 0, 0, 0, 
335, 1, 333, 338, -1, 323, 296, 24.0, 19, ABalpppapp, 9142, 0, 0, 0, , 0, 0, 0, 0, 0, 
336, 1, 334, 339, -1, 308, 284, 20.0, 13, ABalpppppaa, 3003, 0, 0, 0, , 0, 0, 0, 0, 0, 
337, 1, 335, 340, -1, 298, 295, 25.0, 13, ABalpppppap, 4884, 0, 0, 0, , 0, 0, 0, 0, 0, 
338, 1, 336, 341, -1, 284, 282, 26.0, 15, ABalppppppa, 4445, 0, 0, 0, , 0, 0, 0, 0, 0, 
339, 1, 337, 342, -1, 281, 303, 30.0, 19, ABalppppppp, 7259, 0, 0, 0, , 0, 0, 0, 0, 0, 
340, 1, 338, 343, -1, 325, 280, 27.0, 19, ABalppppap, 16715, 0, 0, 0, , 0, 0, 0, 0, 0, 
341, 1, 339, 344, -1, 326, 276, 21.0, 17, ABalppppaa, 7446, 0, 0, 0, , 0, 0, 0, 0, 0, 
342, 1, 340, 345, -1, 339, 283, 17.0, 15, ABalpppaaa, 6934, 0, 0, 0, , 0, 0, 0, 0, 0, 
343, 1, 341, 346, -1, 343, 287, 22.0, 17, ABalpppaap, 8405, 0, 0, 0, , 0, 0, 0, 0, 0, 
344, 1, 342, 347, -1, 318, 302, 19.0, 17, ABalpppapa, 9624, 0, 0, 0, , 0, 0, 0, 0, 0, 
345, 1, 343, 348, -1, 330, 263, 17.0, 15, ABalppaaaa, 5577, 0, 0, 0, , 0, 0, 0, 0, 0, 
346, 1, 344, 349, -1, 348, 267, 18.0, 17, ABalppaaap, 7841, 0, 0, 0, , 0, 0, 0, 0, 0, 
347, 1, 345, 350, -1, 310, 301, 15.0, 15, ABalppaapp, 8790, 0, 0, 0, , 0, 0, 0, 0, 0, 
348, 1, 346, 351, -1, 323, 290, 15.0, 13, ABalppaapa, 5154, 0, 0, 0, , 0, 0, 0, 0, 0, 
349, 1, 347, 352, -1, 295, 295, 12.0, 13, ABalppapppa, 3898, 0, 0, 0, , 0, 0, 0, 0, 0, 
350, 1, 348, 353, -1, 272, 304, 13.0, 13, ABalppapppp, 4728, 0, 0, 0, , 0, 0, 0, 0, 0, 
351, 1, 349, 354, -1, 307, 276, 15.0, 19, ABalppappa, 8026, 0, 0, 0, , 0, 0, 0, 0, 0, 
352, 1, 350, 355, -1, 293, 280, 10.0, 15, ABalppapap, 8712, 0, 0, 0, , 0, 0, 0, 0, 0, 
353, 1, 351, 356, -1, 315, 276, 11.0, 15, ABalppapaa, 8692, 0, 0, 0, , 0, 0, 0, 0, 0, 
354, 1, 352, 357, -1, 272, 284, 10.0, 19, ABalpapapa, 11551, 0, 0, 0, , 0, 0, 0, 0, 0, 
355, 1, 353, 358, -1, 256, 318, 11.0, 19, ABalpapapp, 12300, 0, 0, 0, , 0, 0, 0, 0, 0, 
356, 1, 354, 359, -1, 278, 263, 10.0, 15, ABalpapaap, 8174, 0, 0, 0, , 0, 0, 0, 0, 0, 
357, 1, 355, 360, -1, 302, 260, 11.0, 15, ABalpapaaa, 9806, 0, 0, 0, , 0, 0, 0, 0, 0, 
358, 1, 356, 361, -1, 267, 255, 11.0, 15, ABalpappapa, 5312, 0, 0, 0, , 0, 0, 0, 0, 0, 
359, 1, 357, 362, -1, 242, 263, 11.0, 15, ABalpappapp, 5345, 0, 0, 0, , 0, 0, 0, 0, 0, 
360, 1, 358, 363, -1, 285, 248, 13.0, 15, ABalpappaa, 9283, 0, 0, 0, , 0, 0, 0, 0, 0, 
361, 1, 359, 364, -1, 236, 273, 14.0, 15, ABalpappppp, 5755, 0, 0, 0, , 0, 0, 0, 0, 0, 
362, 1, 360, 365, -1, 260, 273, 14.0, 15, ABalpappppa, 5384, 0, 0, 0, , 0, 0, 0, 0, 0, 
363, 1, 361, 366, -1, 269, 257, 15.0, 17, ABalpapppa, 9658, 0, 0, 0, , 0, 0, 0, 0, 0, 
364, 1, 362, 367, -1, 282, 256, 18.0, 15, ABalpaaapp, 8049, 0, 0, 0, , 0, 0, 0, 0, 0, 
365, 1, 363, 368, -1, 302, 243, 15.0, 17, ABalpaaapa, 10107, 0, 0, 0, , 0, 0, 0, 0, 0, 
366, 1, 364, 369, -1, 306, 239, 10.0, 15, ABalpaaaap, 6164, 0, 0, 0, , 0, 0, 0, 0, 0, 
367, 1, 365, 370, -1, 316, 231, 12.0, 19, ABalpaaaaa, 7308, 0, 0, 0, , 0, 0, 0, 0, 0, 
368, 1, 366, 371, -1, 326, 258, 12.0, 15, ABalpaappp, 7694, 0, 0, 0, , 0, 0, 0, 0, 0, 
369, 1, 367, 372, -1, 328, 237, 10.0, 17, ABalpaappa, 9172, 0, 0, 0, , 0, 0, 0, 0, 0, 
370, 1, 368, 373, -1, 300, 245, 18.0, 15, ABalpaapapp, 6458, 0, 0, 0, , 0, 0, 0, 0, 0, 
371, 1, 369, 374, -1, 315, 240, 17.0, 15, ABalpaapapa, 4818, 0, 0, 0, , 0, 0, 0, 0, 0, 
372, 1, 370, 375, -1, 322, 230, 19.0, 13, ABalpaapaap, 4039, 0, 0, 0, , 0, 0, 0, 0, 0, 
373, 1, 370, 376, -1, 339, 225, 18.0, 13, ABalpaapaaa, 4795, 0, 0, 0, , 0, 0, 0, 0, 0, 
374, 1, 371, 377, -1, 172, 258, 28.0, 19, Epraa, 23731, 0, 0, 0, , 0, 0, 0, 0, 0, 
375, 1, 372, 378, -1, 149, 267, 27.0, 19, Eprap, 10439, 0, 0, 0, , 0, 0, 0, 0, 0, 
376, 1, 373, 379, -1, 214, 231, 24.0, 15, MSpaapp, 4554, 0, 0, 0, , 0, 0, 0, 0, 0, 
377, 1, 374, 380, -1, 168, 262, 23.0, 19, Earpp, 12241, 0, 0, 0, , 0, 0, 0, 0, 0, 
378, 1, 375, 381, -1, 196, 274, 27.0, 21, Ealap, 31196, 0, 0, 0, , 0, 0, 0, 0, 0, 
379, 1, 376, 382, -1, 219, 263, 28.0, 23, Ealaa, 41559, 0, 0, 0, , 0, 0, 0, 0, 0, 
380, 1, 377, 383, -1, 172, 279, 28.0, 21, Eplaa, 47520, 0, 0, 0, , 0, 0, 0, 0, 0, 
381, 1, 378, 384, -1, 153, 292, 24.0, 21, Eplap, 10561, 0, 0, 0, , 0, 0, 0, 0, 0, 
382, 1, 379, 385, -1, 125, 281, 21.0, 19, Eprpp, 9928, 0, 0, 0, , 0, 0, 0, 0, 0, 
383, 1, 380, 386, -1, 192, 336, 26.0, 17, Dapap, 5918, 0, 0, 0, , 0, 0, 0, 0, 0, 
384, 1, 381, 387, -1, 218, 322, 25.0, 15, Dapaa, 7060, 0, 0, 0, , 0, 0, 0, 0, 0, 
385, 1, 382, 388, -1, 230, 272, 23.0, 13, MSaapaapp, 3254, 0, 0, 0, , 0, 0, 0, 0, 0, 
386, 1, 383, 389, -1, 254, 263, 22.0, 11, MSaapaapa, 2666, 0, 0, 0, , 0, 0, 0, 0, 0, 
387, 1, 384, 390, -1, 142, 220, 32.0, 17, ABarpppapp, 6779, 0, 0, 0, , 0, 0, 0, 0, 0, 
388, 1, 385, 391, -1, 229, 328, 13.0, 15, ABplppaapa, 8097, 0, 0, 0, , 0, 0, 0, 0, 0, 
389, 1, 386, 392, -1, 67, 302, 24.0, 17, Cpapap, 7138, 0, 0, 0, , 0, 0, 0, 0, 0, 
390, 1, 387, 393, -1, 222, 237, 26.0, 21, Earaa, 18699, 0, 0, 0, , 0, 0, 0, 0, 0, 
391, 1, 388, 394, -1, 347, 245, 16.0, 15, ABalaaaala, 7182, 0, 0, 0, , 0, 0, 0, 0, 0, 
392, 1, 389, 395, -1, 250, 189, 34.0, 15, ABarpappaa, 5020, 0, 0, 0, , 0, 0, 0, 0, 0, 
393, 1, 390, 396, -1, 342, 200, 27.0, 13, ABalappaaa, 3599, 0, 0, 0, , 0, 0, 0, 0, 0, 
394, 1, 391, 397, -1, 95, 271, 22.0, 19, Cppppa, 9029, 0, 0, 0, , 0, 0, 0, 0, 0, 
395, 1, 392, 398, -1, 95, 288, 16.0, 19, Cppppp, 7166, 0, 0, 0, , 0, 0, 0, 0, 0, 
396, 1, 393, 399, -1, 191, 250, 20.0, 19, Earpa, 10478, 0, 0, 0, , 0, 0, 0, 0, 0, 
397, 1, 394, 400, -1, 245, 202, 29.0, 15, MSppappp, 5901, 0, 0, 0, , 0, 0, 0, 0, 0, 
398, 1, 395, 401, -1, 132, 273, 24.0, 21, Eprpa, 44730, 0, 0, 0, , 0, 0, 0, 0, 0, 
399, 1, 396, 402, -1, 217, 253, 34.0, 17, ABarpaappa, 6117, 0, 0, 0, , 0, 0, 0, 0, 0, 
400, 1, 397, 403, -1, 197, 303, 35.0, 19, ABarppaapa, 8684, 0, 0, 0, , 0, 0, 0, 0, 0, 
401, 1, 398, 404, -1, 115, 254, 33.0, 19, Cpaaap, 10737, 0, 0, 0, , 0, 0, 0, 0, 0, 
402, 1, 399, 405, -1, 116, 332, 32.0, 21, Caaapa, 4786, 0, 0, 0, , 0, 0, 0, 0, 0, 
403, 1, 400, 406, -1, 103, 286, 33.0, 19, Cpaapa, 3979, 0, 0, 0, , 0, 0, 0, 0, 0, 
404, 1, 401, 407, -1, 134, 299, 19.0, 21, Eplpp, 12486, 0, 0, 0, , 0, 0, 0, 0, 0, 
405, 1, 402, 408, -1, 201, 292, 14.0, 13, MSaappap, 3863, 0, 0, 0, , 0, 0, 0, 0, 0, 
406, 0, 403, -1, -1, 167, 278, 30.0, 15, , 6355, 0, 0, 0, , 0, 0, 0, 0, 0, 
407, 0, 404, -1, -1, 184, 292, 16.0, 19, , 7150, 0, 0, 0, , 0, 0, 0, 0, 0, 
408, 1, 405, 411, -1, 184, 227, 35.0, 16, ABarpppapa, 1247, 0, 0, 0, , 0, 0, 0, 0, 0, 
409, 1, 406, 412, -1, 266, 177, 15.0, 17, ABalaapapp, 3572, 0, 0, 0, , 0, 0, 0, 0, 0, 
410, 1, 407, 413, -1, 220, 273, 13.0, 13, MSaappaa, 4035, 0, 0, 0, , 0, 0, 0, 0, 0, 
411, 1, 408, 415, -1, 157, 246, 34.0, 20, Cpaaaa, 2531, 0, 0, 0, , 0, 0, 0, 0, 0, 
412, 1, 409, 416, -1, 132, 312, 33.0, 15, Caaaap, 0, 0, 0, 0, , 0, 0, 0, 0, 0, 
413, 1, 410, 417, -1, 171, 304, 33.0, 17, Caaaaa, 0, 0, 0, 0, , 0, 0, 0, 0, 0, 
414, 1, 411, 418, -1, 132, 313, 9.0, 10, ABplpppapap, 0, 0, 0, 0, , 0, 0, 0, 0, 0, 
