1, 1, 1, 1, -1, 314, 203, 23.0, 17, ABaraappaa, 9896, 0, 0, 0, , 0, 0, 0, 0, 0, 
2, 1, 2, 2, -1, 278, 219, 23.0, 15, ABaraappapp, 7407, 0, 0, 0, , 0, 0, 0, 0, 0, 
3, 1, 3, 3, -1, 299, 210, 22.0, 15, ABaraappapa, 5007, 0, 0, 0, , 0, 0, 0, 0, 0, 
4, 1, 4, 4, -1, 255, 230, 21.0, 15, ABaraapppap, 5346, 0, 0, 0, , 0, 0, 0, 0, 0, 
5, 1, 5, 5, -1, 270, 222, 19.0, 15, ABaraapppaa, 5468, 0, 0, 0, , 0, 0, 0, 0, 0, 
6, 1, 6, 6, -1, 238, 224, 20.0, 17, ABaraapppp, 7982, 0, 0, 0, , 0, 0, 0, 0, 0, 
7, 1, 7, 7, -1, 263, 270, 21.0, 17, ABaraapapp, 11808, 0, 0, 0, , 0, 0, 0, 0, 0, 
8, 1, 8, 8, -1, 270, 254, 22.0, 15, ABaraapapap, 6847, 0, 0, 0, , 0, 0, 0, 0, 0, 
9, 1, 9, 9, -1, 287, 248, 21.0, 17, ABaraapapaa, 6975, 0, 0, 0, , 0, 0, 0, 0, 0, 
10, 1, 10, 10, -1, 330, 223, 22.0, 17, ABaraapaaa, 11000, 0, 0, 0, , 0, 0, 0, 0, 0, 
11, 1, 11, 11, -1, 294, 238, 24.0, 17, ABaraapaapp, 8335, 0, 0, 0, , 0, 0, 0, 0, 0, 
12, 1, 12, 12, -1, 312, 225, 22.0, 13, ABaraapaapa, 6356, 0, 0, 0, , 0, 0, 0, 0, 0, 
13, 1, 13, 13, -1, 313, 210, 10.0, 17, ABaraaappa, 8939, 0, 0, 0, , 0, 0, 0, 0, 0, 
14, 1, 14, 14, -1, 291, 205, 9.0, 15, ABaraaappp, 7870, 0, 0, 0, , 0, 0, 0, 0, 0, 
15, 1, 15, 15, -1, 326, 208, 17.0, 13, ABaraaapaaa, 4063, 0, 0, 0, , 0, 0, 0, 0, 0, 
16, 1, 15, 16, -1, 307, 211, 20.0, 13, ABaraaapaap, 4544, 0, 0, 0, , 0, 0, 0, 0, 0, 
17, 1, 16, 17, -1, 299, 219, 17.0, 15, ABaraaapapa, 3653, 0, 0, 0, , 0, 0, 0, 0, 0, 
18, 1, 17, 18, -1, 287, 227, 19.0, 15, ABaraaapapp, 4788, 0, 0, 0, , 0, 0, 0, 0, 0, 
19, 1, 18, 19, -1, 324, 229, 15.0, 17, ABaraaaaaa, 7720, 0, 0, 0, , 0, 0, 0, 0, 0, 
20, 1, 19, 20, -1, 309, 210, 14.0, 15, ABaraaaaap, 7509, 0, 0, 0, , 0, 0, 0, 0, 0, 
21, 1, 20, 21, -1, 322, 230, 25.0, 13, ABaraaaapp, 4840, 0, 0, 0, , 0, 0, 0, 0, 0, 
22, 1, 21, 22, -1, 334, 206, 19.0, 13, ABaraaaapa, 6096, 0, 0, 0, , 0, 0, 0, 0, 0, 
23, 1, 22, 23, -1, 244, 251, 12.0, 13, ABarapapapp, 5786, 0, 0, 0, , 0, 0, 0, 0, 0, 
24, 1, 23, 24, -1, 262, 237, 11.0, 13, ABarapapapa, 5416, 0, 0, 0, , 0, 0, 0, 0, 0, 
25, 1, 24, 25, -1, 270, 226, 14.0, 15, ABarapapaa, 8381, 0, 0, 0, , 0, 0, 0, 0, 0, 
26, 1, 25, 26, -1, 217, 239, 13.0, 17, ABarapapppp, 7990, 0, 0, 0, , 0, 0, 0, 0, 0, 
27, 1, 26, 27, -1, 237, 238, 14.0, 15, ABarapapppa, 4980, 0, 0, 0, , 0, 0, 0, 0, 0, 
28, 1, 27, 28, -1, 253, 234, 14.0, 17, ABarapappa, 9360, 0, 0, 0, , 0, 0, 0, 0, 0, 
29, 1, 28, 29, -1, 282, 234, 11.0, 15, ABarapaaap, 9243, 0, 0, 0, , 0, 0, 0, 0, 0, 
30, 1, 29, 30, -1, 298, 222, 12.0, 15, ABarapaaaa, 9123, 0, 0, 0, , 0, 0, 0, 0, 0, 
31, 1, 30, 31, -1, 287, 222, 15.0, 19, ABarapaapa, 12254, 0, 0, 0, , 0, 0, 0, 0, 0, 
32, 1, 31, 32, -1, 249, 226, 17.0, 15, ABarapaappp, 7422, 0, 0, 0, , 0, 0, 0, 0, 0, 
33, 1, 32, 33, -1, 268, 238, 18.0, 15, ABarapaappa, 6320, 0, 0, 0, , 0, 0, 0, 0, 0, 
34, 1, 33, 34, -1, 257, 207, 10.0, 17, ABarapppap, 19870, 0, 0, 0, , 0, 0, 0, 0, 0, 
35, 1, 34, 35, -1, 278, 189, 10.0, 17, ABarapppaa, 9614, 0, 0, 0, , 0, 0, 0, 0, 0, 
36, 1, 35, 36, -1, 264, 192, 13.0, 15, ABarappppa, 8681, 0, 0, 0, , 0, 0, 0, 0, 0, 
37, 1, 36, 37, -1, 240, 195, 10.0, 13, ABarapppppa, 5835, 0, 0, 0, , 0, 0, 0, 0, 0, 
38, 1, 37, 38, -1, 216, 199, 12.0, 13, ABarapppppp, 4756, 0, 0, 0, , 0, 0, 0, 0, 0, 
39, 1, 38, 39, -1, 272, 216, 10.0, 17, ABarappaaa, 11539, 0, 0, 0, , 0, 0, 0, 0, 0, 
40, 1, 39, 40, -1, 242, 228, 10.0, 15, ABarappaap, 10997, 0, 0, 0, , 0, 0, 0, 0, 0, 
41, 1, 40, 41, -1, 230, 216, 11.0, 15, ABarappapa, 8130, 0, 0, 0, , 0, 0, 0, 0, 0, 
42, 1, 41, 42, -1, 196, 211, 10.0, 19, ABarappapp, 11313, 0, 0, 0, , 0, 0, 0, 0, 0, 
43, 1, 42, 43, -1, 224, 177, 32.0, 15, ABarpapppa, 6017, 0, 0, 0, , 0, 0, 0, 0, 0, 
44, 1, 43, 44, -1, 217, 193, 34.0, 17, ABarpapppp, 7078, 0, 0, 0, , 0, 0, 0, 0, 0, 
45, 1, 44, 45, -1, 247, 175, 33.0, 17, ABarpappap, 6630, 0, 0, 0, , 0, 0, 0, 0, 0, 
46, 1, 45, 46, -1, 294, 187, 35.0, 19, ABarpapaaa, 11609, 0, 0, 0, , 0, 0, 0, 0, 0, 
47, 1, 46, 47, -1, 291, 196, 31.0, 13, ABarpapaapa, 3685, 0, 0, 0, , 0, 0, 0, 0, 0, 
48, 1, 46, 48, -1, 274, 196, 33.0, 13, ABarpapaapp, 3700, 0, 0, 0, , 0, 0, 0, 0, 0, 
49, 1, 47, 49, -1, 237, 216, 34.0, 15, ABarpapapp, 8868, 0, 0, 0, , 0, 0, 0, 0, 0, 
50, 1, 48, 50, -1, 268, 215, 33.0, 15, ABarpapapa, 6591, 0, 0, 0, , 0, 0, 0, 0, 0, 
51, 1, 49, 51, -1, 211, 270, 34.0, 17, ABarpaappp, 6637, 0, 0, 0, , 0, 0, 0, 0, 0, 
52, 1, 50, 52, -1, 253, 218, 34.0, 13, ABarpaapaa, 4924, 0, 0, 0, , 0, 0, 0, 0, 0, 
53, 1, 51, 53, -1, 240, 249, 34.0, 21, ABarpaapap, 20906, 0, 0, 0, , 0, 0, 0, 0, 0, 
54, 1, 52, 54, -1, 326, 208, 33.0, 17, ABarpaaaaa, 6676, 0, 0, 0, , 0, 0, 0, 0, 0, 
55, 1, 53, 55, -1, 297, 234, 35.0, 15, ABarpaaaap, 5186, 0, 0, 0, , 0, 0, 0, 0, 0, 
56, 1, 54, 56, -1, 273, 235, 35.0, 11, ABarpaaapp, 4317, 0, 0, 0, , 0, 0, 0, 0, 0, 
57, 1, 55, 57, -1, 290, 212, 35.0, 17, ABarpaaapa, 7105, 0, 0, 0, , 0, 0, 0, 0, 0, 
58, 1, 56, 58, -1, 231, 319, 34.0, 17, ABarppaaap, 6437, 0, 0, 0, , 0, 0, 0, 0, 0, 
59, 1, 57, 59, -1, 235, 290, 35.0, 15, ABarppaaaa, 4968, 0, 0, 0, , 0, 0, 0, 0, 0, 
60, 1, 58, 60, -1, 179, 329, 34.0, 15, ABarppaapp, 3963, 0, 0, 0, , 0, 0, 0, 0, 0, 
61, 1, 59, 61, -1, 137, 350, 30.0, 17, ABarppappa, 5211, 0, 0, 0, , 0, 0, 0, 0, 0, 
62, 1, 60, 62, -1, 110, 356, 21.0, 17, ABarppappp, 6640, 0, 0, 0, , 0, 0, 0, 0, 0, 
63, 1, 61, 63, -1, 188, 346, 33.0, 17, ABarppapap, 6303, 0, 0, 0, , 0, 0, 0, 0, 0, 
64, 1, 62, 64, -1, 212, 335, 33.0, 15, ABarppapaa, 5888, 0, 0, 0, , 0, 0, 0, 0, 0, 
65, 1, 63, 65, -1, 70, 264, 21.0, 15, ABarpppppp, 5640, 0, 0, 0, , 0, 0, 0, 0, 0, 
66, 1, 64, 66, -1, 98, 247, 29.0, 19, ABarpppppa, 6550, 0, 0, 0, , 0, 0, 0, 0, 0, 
67, 1, 65, 67, -1, 162, 198, 30.0, 15, ABarppppaa, 5767, 0, 0, 0, , 0, 0, 0, 0, 0, 
68, 1, 66, 68, -1, 133, 213, 31.0, 15, ABarppppap, 6688, 0, 0, 0, , 0, 0, 0, 0, 0, 
69, 1, 67, 69, -1, 185, 197, 34.0, 17, ABarpppaap, 7754, 0, 0, 0, , 0, 0, 0, 0, 0, 
70, 1, 68, 70, -1, 204, 211, 34.0, 15, ABarpppaaa, 4764, 0, 0, 0, , 0, 0, 0, 0, 0, 
71, 1, 69, 71, -1, 313, 184, 26.0, 13, ABalappppaa, 3704, 0, 0, 0, , 0, 0, 0, 0, 0, 
72, 1, 70, 72, -1, 295, 180, 28.0, 13, ABalappppap, 3411, 0, 0, 0, , 0, 0, 0, 0, 0, 
73, 1, 71, 73, -1, 295, 177, 32.0, 13, ABalapppppa, 2801, 0, 0, 0, , 0, 0, 0, 0, 0, 
74, 1, 72, 74, -1, 268, 176, 33.0, 13, ABalapppppp, 2722, 0, 0, 0, , 0, 0, 0, 0, 0, 
75, 1, 73, 75, -1, 330, 191, 27.0, 15, ABalapppaa, 3597, 0, 0, 0, , 0, 0, 0, 0, 0, 
76, 1, 74, 76, -1, 322, 195, 31.0, 13, ABalapppapa, 2700, 0, 0, 0, , 0, 0, 0, 0, 0, 
77, 1, 75, 77, -1, 300, 204, 33.0, 13, ABalapppapp, 4404, 0, 0, 0, , 0, 0, 0, 0, 0, 
78, 1, 76, 78, -1, 319, 176, 23.0, 15, ABalappapa, 4734, 0, 0, 0, , 0, 0, 0, 0, 0, 
79, 1, 77, 79, -1, 345, 216, 27.0, 17, ABalappaap, 5777, 0, 0, 0, , 0, 0, 0, 0, 0, 
80, 1, 78, 80, -1, 306, 166, 26.0, 17, ABalappapp, 5752, 0, 0, 0, , 0, 0, 0, 0, 0, 
81, 1, 79, 81, -1, 312, 263, 34.0, 13, ABalapappp, 4475, 0, 0, 0, , 0, 0, 0, 0, 0, 
82, 1, 80, 82, -1, 340, 245, 28.0, 15, ABalapappaa, 5325, 0, 0, 0, , 0, 0, 0, 0, 0, 
83, 1, 81, 83, -1, 320, 258, 30.0, 15, ABalapappap, 4032, 0, 0, 0, , 0, 0, 0, 0, 0, 
84, 1, 82, 84, -1, 325, 224, 33.0, 15, ABalapapaa, 6356, 0, 0, 0, , 0, 0, 0, 0, 0, 
85, 1, 83, 85, -1, 322, 237, 33.0, 13, ABalapapap, 5787, 0, 0, 0, , 0, 0, 0, 0, 0, 
86, 1, 84, 86, -1, 350, 238, 25.0, 15, ABalapaaaa, 7034, 0, 0, 0, , 0, 0, 0, 0, 0, 
87, 1, 85, 87, -1, 338, 266, 28.0, 15, ABalapaaap, 4400, 0, 0, 0, , 0, 0, 0, 0, 0, 
88, 1, 86, 88, -1, 351, 257, 24.0, 13, ABalapaappa, 3695, 0, 0, 0, , 0, 0, 0, 0, 0, 
89, 1, 87, 89, -1, 337, 257, 21.0, 15, ABalapaapa, 7043, 0, 0, 0, , 0, 0, 0, 0, 0, 
90, 1, 88, 90, -1, 346, 276, 23.0, 15, ABalapaappp, 6057, 0, 0, 0, , 0, 0, 0, 0, 0, 
91, 1, 89, 91, -1, 310, 188, 14.0, 15, ABalaapaaa, 6895, 0, 0, 0, , 0, 0, 0, 0, 0, 
92, 1, 90, 92, -1, 252, 179, 10.0, 17, ABalaapapa, 6268, 0, 0, 0, , 0, 0, 0, 0, 0, 
93, 1, 91, 93, -1, 296, 184, 12.0, 15, ABalaapaap, 5595, 0, 0, 0, , 0, 0, 0, 0, 0, 
94, 1, 92, 94, -1, 284, 183, 15.0, 17, ABalaappap, 5213, 0, 0, 0, , 0, 0, 0, 0, 0, 
95, 1, 93, 95, -1, 289, 170, 14.0, 15, ABalaappaa, 6108, 0, 0, 0, , 0, 0, 0, 0, 0, 
96, 1, 94, 96, -1, 292, 170, 24.0, 13, ABalaappppp, 3568, 0, 0, 0, , 0, 0, 0, 0, 0, 
97, 1, 94, 97, -1, 306, 174, 20.0, 13, ABalaappppa, 3711, 0, 0, 0, , 0, 0, 0, 0, 0, 
98, 1, 95, 98, -1, 292, 186, 20.0, 15, ABalaapppa, 6115, 0, 0, 0, , 0, 0, 0, 0, 0, 
99, 1, 96, 99, -1, 344, 260, 13.0, 17, ABalaaaalp, 7098, 0, 0, 0, , 0, 0, 0, 0, 0, 
100, 1, 97, 100, -1, 329, 190, 17.0, 15, ABalaaaarr, 7543, 0, 0, 0, , 0, 0, 0, 0, 0, 
101, 1, 98, 101, -1, 349, 216, 18.0, 15, ABalaaaarl, 6760, 0, 0, 0, , 0, 0, 0, 0, 0, 
102, 1, 99, 102, -1, 333, 186, 21.0, 15, ABalaaappl, 7084, 0, 0, 0, , 0, 0, 0, 0, 0, 
103, 1, 100, 103, -1, 313, 181, 18.0, 19, ABalaaappr, 23141, 0, 0, 0, , 0, 0, 0, 0, 0, 
104, 1, 101, 104, -1, 349, 214, 22.0, 17, ABalaaapar, 7421, 0, 0, 0, , 0, 0, 0, 0, 0, 
105, 1, 102, 105, -1, 349, 244, 19.0, 19, ABalaaapal, 10251, 0, 0, 0, , 0, 0, 0, 0, 0, 
106, 1, 103, 106, -1, 158, 326, 10.0, 13, ABplppppapa, 4516, 0, 0, 0, , 0, 0, 0, 0, 0, 
107, 1, 104, 107, -1, 150, 308, 10.0, 13, ABplppppapp, 5274, 0, 0, 0, , 0, 0, 0, 0, 0, 
108, 1, 105, 108, -1, 183, 306, 9.0, 15, ABplppppaaa, 5916, 0, 0, 0, , 0, 0, 0, 0, 0, 
109, 1, 106, 109, -1, 172, 313, 10.0, 13, ABplppppaap, 3779, 0, 0, 0, , 0, 0, 0, 0, 0, 
110, 1, 107, 110, -1, 108, 315, 11.0, 17, ABplpppppp, 9651, 0, 0, 0, , 0, 0, 0, 0, 0, 
111, 1, 108, 111, -1, 151, 306, 13.0, 17, ABplpppppa, 8300, 0, 0, 0, , 0, 0, 0, 0, 0, 
112, 1, 109, 112, -1, 130, 312, 12.0, 13, ABplpppapp, 6556, 0, 0, 0, , 0, 0, 0, 0, 0, 
113, 1, 110, 113, -1, 142, 330, 10.0, 13, ABplpppapaa, 4022, 0, 0, 0, , 0, 0, 0, 0, 0, 
114, 1, 111, 114, 115, 154, 343, 13.0, 15, ABplpppaap, 8239, 0, 0, 0, , 0, 0, 0, 0, 0, 
115, 1, 112, 116, 117, 178, 333, 12.0, 17, ABplpppaaa, 7273, 0, 0, 0, , 0, 0, 0, 0, 0, 
116, 1, 113, 118, -1, 189, 344, 15.0, 15, ABplppappp, 7213, 0, 0, 0, , 0, 0, 0, 0, 0, 
117, 1, 114, 119, -1, 212, 337, 13.0, 17, ABplppappa, 7384, 0, 0, 0, , 0, 0, 0, 0, 0, 
118, 1, 115, 120, 457, 231, 341, 17.0, 17, ABplppapaa, 3595, 0, 0, 0, , 0, 0, 0, 0, 0, 
119, 1, 116, 121, -1, 208, 347, 18.0, 17, ABplppapap, 9511, 0, 0, 0, , 0, 0, 0, 0, 0, 
120, 1, 117, 122, -1, 201, 322, 11.0, 17, ABplppaapp, 9058, 0, 0, 0, , 0, 0, 0, 0, 0, 
121, 1, 118, 123, -1, 266, 319, 18.0, 13, ABplppaaaaa, 5104, 0, 0, 0, , 0, 0, 0, 0, 0, 
122, 1, 119, 124, -1, 250, 327, 21.0, 15, ABplppaaap, 5797, 0, 0, 0, , 0, 0, 0, 0, 0, 
123, 1, 120, 125, -1, 243, 270, 9.0, 15, ABplpappaaa, 8285, 0, 0, 0, , 0, 0, 0, 0, 0, 
124, 1, 121, 126, -1, 222, 284, 10.0, 17, ABplpappaap, 8547, 0, 0, 0, , 0, 0, 0, 0, 0, 
125, 1, 122, 127, -1, 217, 265, 10.0, 15, ABplpappap, 7871, 0, 0, 0, , 0, 0, 0, 0, 0, 
126, 1, 123, 128, -1, 164, 293, 10.0, 15, ABplpapppp, 8450, 0, 0, 0, , 0, 0, 0, 0, 0, 
127, 1, 124, 129, -1, 183, 279, 11.0, 15, ABplpapppa, 7276, 0, 0, 0, , 0, 0, 0, 0, 0, 
128, 1, 125, 130, -1, 204, 297, 10.0, 15, ABplpapapp, 7949, 0, 0, 0, , 0, 0, 0, 0, 0, 
129, 1, 126, 131, -1, 229, 308, 12.0, 17, ABplpapapa, 5904, 0, 0, 0, , 0, 0, 0, 0, 0, 
130, 1, 127, 132, -1, 252, 312, 15.0, 17, ABplpapaap, 6403, 0, 0, 0, , 0, 0, 0, 0, 0, 
131, 1, 128, 133, -1, 264, 297, 14.0, 17, ABplpapaaa, 5404, 0, 0, 0, , 0, 0, 0, 0, 0, 
132, 1, 129, 134, -1, 252, 334, 15.0, 15, ABplpaaaapp, 6552, 0, 0, 0, , 0, 0, 0, 0, 0, 
133, 1, 130, 135, -1, 268, 320, 13.0, 15, ABplpaaaapa, 5083, 0, 0, 0, , 0, 0, 0, 0, 0, 
134, 1, 131, 136, -1, 301, 288, 16.0, 15, ABplpaaaaa, 4771, 0, 0, 0, , 0, 0, 0, 0, 0, 
135, 1, 132, 137, -1, 299, 307, 18.0, 17, ABplpaaapa, 8931, 0, 0, 0, , 0, 0, 0, 0, 0, 
136, 1, 133, 138, -1, 283, 314, 16.0, 17, ABplpaaapp, 8331, 0, 0, 0, , 0, 0, 0, 0, 0, 
137, 1, 134, 139, -1, 280, 300, 25.0, 17, ABplpaappa, 8232, 0, 0, 0, , 0, 0, 0, 0, 0, 
138, 1, 135, 140, -1, 280, 322, 20.0, 16, ABplpaappp, 5477, 0, 0, 0, , 0, 0, 0, 0, 0, 
139, 1, 136, 141, -1, 300, 287, 20.0, 19, ABplpaapaa, 11456, 0, 0, 0, , 0, 0, 0, 0, 0, 
140, 1, 137, 142, -1, 295, 315, 22.0, 19, ABplpaapap, 9435, 0, 0, 0, , 0, 0, 0, 0, 0, 
141, 1, 138, 143, -1, 270, 330, 26.0, 15, ABplaappap, 10130, 0, 0, 0, , 0, 0, 0, 0, 0, 
142, 1, 139, 144, -1, 283, 324, 25.0, 15, ABplaappaa, 6576, 0, 0, 0, , 0, 0, 0, 0, 0, 
143, 1, 140, 145, -1, 257, 327, 28.0, 17, ABplaapppa, 18277, 0, 0, 0, , 0, 0, 0, 0, 0, 
144, 1, 141, 146, -1, 229, 347, 25.0, 19, ABplaapppp, 9434, 0, 0, 0, , 0, 0, 0, 0, 0, 
145, 1, 142, 147, -1, 332, 261, 35.0, 19, ABplaapaaa, 15002, 0, 0, 0, , 0, 0, 0, 0, 0, 
146, 1, 143, 148, -1, 333, 273, 32.0, 17, ABplaapaapa, 4571, 0, 0, 0, , 0, 0, 0, 0, 0, 
147, 1, 143, 149, -1, 314, 286, 32.0, 15, ABplaapaapp, 5140, 0, 0, 0, , 0, 0, 0, 0, 0, 
148, 1, 144, 150, -1, 295, 302, 30.0, 15, ABplaapappp, 4946, 0, 0, 0, , 0, 0, 0, 0, 0, 
149, 1, 145, 151, -1, 304, 279, 28.0, 15, ABplaapappa, 7867, 0, 0, 0, , 0, 0, 0, 0, 0, 
150, 1, 146, 152, -1, 307, 277, 26.0, 19, ABplaapapa, 10321, 0, 0, 0, , 0, 0, 0, 0, 0, 
151, 1, 147, 153, -1, 299, 251, 32.0, 19, ABplaaaaap, 5818, 0, 0, 0, , 0, 0, 0, 0, 0, 
152, 1, 148, 154, -1, 312, 248, 36.0, 17, ABplaaaaaa, 6861, 0, 0, 0, , 0, 0, 0, 0, 0, 
153, 1, 149, 155, -1, 261, 266, 34.0, 17, ABplaaaapp, 6567, 0, 0, 0, , 0, 0, 0, 0, 0, 
154, 1, 150, 156, -1, 277, 252, 34.0, 13, ABplaaaapa, 5827, 0, 0, 0, , 0, 0, 0, 0, 0, 
155, 1, 151, 157, -1, 259, 292, 34.0, 17, ABplaaappp, 6354, 0, 0, 0, , 0, 0, 0, 0, 0, 
156, 1, 152, 158, -1, 275, 297, 33.0, 17, ABplaaappa, 6477, 0, 0, 0, , 0, 0, 0, 0, 0, 
157, 1, 153, 159, -1, 292, 288, 33.0, 19, ABplaaapap, 7189, 0, 0, 0, , 0, 0, 0, 0, 0, 
158, 1, 154, 160, -1, 299, 281, 35.0, 15, ABplaaapaa, 4889, 0, 0, 0, , 0, 0, 0, 0, 0, 
159, 1, 155, 161, -1, 131, 355, 14.0, 17, ABplappppa, 6840, 0, 0, 0, , 0, 0, 0, 0, 0, 
160, 1, 156, 162, -1, 110, 336, 12.0, 15, ABplappppp, 6380, 0, 0, 0, , 0, 0, 0, 0, 0, 
161, 1, 157, 163, -1, 131, 342, 17.0, 15, ABplapppaa, 5732, 0, 0, 0, , 0, 0, 0, 0, 0, 
162, 1, 158, 164, -1, 129, 335, 13.0, 15, ABplapppap, 6846, 0, 0, 0, , 0, 0, 0, 0, 0, 
163, 1, 159, 165, -1, 195, 355, 25.0, 15, ABplappaaa, 7281, 0, 0, 0, , 0, 0, 0, 0, 0, 
164, 1, 160, 166, -1, 177, 361, 25.0, 15, ABplappaap, 7923, 0, 0, 0, , 0, 0, 0, 0, 0, 
165, 1, 161, 167, -1, 164, 361, 22.0, 15, ABplappapp, 8410, 0, 0, 0, , 0, 0, 0, 0, 0, 
166, 1, 162, 168, -1, 162, 349, 31.0, 17, ABplappapa, 7406, 0, 0, 0, , 0, 0, 0, 0, 0, 
167, 1, 163, 169, -1, 207, 352, 28.0, 17, ABplapaapp, 9083, 0, 0, 0, , 0, 0, 0, 0, 0, 
168, 1, 164, 170, -1, 239, 338, 29.0, 15, ABplapaapa, 6910, 0, 0, 0, , 0, 0, 0, 0, 0, 
169, 1, 165, 171, -1, 243, 301, 32.0, 17, ABplapaaaa, 8074, 0, 0, 0, , 0, 0, 0, 0, 0, 
170, 1, 166, 172, -1, 245, 319, 30.0, 15, ABplapaaap, 8478, 0, 0, 0, , 0, 0, 0, 0, 0, 
171, 1, 167, 173, -1, 106, 342, 17.0, 17, ABplapappp, 8576, 0, 0, 0, , 0, 0, 0, 0, 0, 
172, 1, 168, 174, -1, 142, 370, 22.0, 15, ABplapapap, 7411, 0, 0, 0, , 0, 0, 0, 0, 0, 
173, 1, 169, 175, -1, 130, 362, 18.0, 17, ABplapappa, 8823, 0, 0, 0, , 0, 0, 0, 0, 0, 
174, 1, 170, 176, -1, 132, 358, 26.0, 19, ABplapapaa, 10109, 0, 0, 0, , 0, 0, 0, 0, 0, 
175, 1, 171, 177, -1, 214, 221, 13.0, 15, ABprpapaaa, 7121, 0, 0, 0, , 0, 0, 0, 0, 0, 
176, 1, 172, 178, -1, 198, 205, 13.0, 17, ABprpapaap, 6000, 0, 0, 0, , 0, 0, 0, 0, 0, 
177, 1, 173, 179, -1, 182, 237, 11.0, 13, ABprpapappa, 4959, 0, 0, 0, , 0, 0, 0, 0, 0, 
178, 1, 173, 180, -1, 176, 258, 10.0, 11, ABprpapappp, 3547, 0, 0, 0, , 0, 0, 0, 0, 0, 
179, 1, 174, 181, -1, 195, 228, 12.0, 15, ABprpapapa, 7129, 0, 0, 0, , 0, 0, 0, 0, 0, 
180, 1, 175, 182, -1, 148, 286, 13.0, 19, ABprpapppp, 6866, 0, 0, 0, , 0, 0, 0, 0, 0, 
181, 1, 176, 183, -1, 195, 261, 13.0, 15, ABprpapppa, 8126, 0, 0, 0, , 0, 0, 0, 0, 0, 
182, 1, 177, 184, -1, 205, 250, 10.0, 16, ABprpappapa, 3984, 0, 0, 0, , 0, 0, 0, 0, 0, 
183, 1, 178, 185, -1, 196, 275, 10.0, 17, ABprpappapp, 2993, 0, 0, 0, , 0, 0, 0, 0, 0, 
184, 1, 179, 186, -1, 215, 236, 10.0, 15, ABprpappaap, 4909, 0, 0, 0, , 0, 0, 0, 0, 0, 
185, 1, 180, 187, -1, 238, 247, 9.0, 15, ABprpappaaa, 5560, 0, 0, 0, , 0, 0, 0, 0, 0, 
186, 1, 181, 188, -1, 244, 188, 15.0, 17, ABprpaaaaa, 9178, 0, 0, 0, , 0, 0, 0, 0, 0, 
187, 1, 182, 189, -1, 194, 187, 12.0, 13, ABprpaaaapp, 5919, 0, 0, 0, , 0, 0, 0, 0, 0, 
188, 1, 183, 190, -1, 218, 183, 10.0, 17, ABprpaaaapa, 6630, 0, 0, 0, , 0, 0, 0, 0, 0, 
189, 1, 184, 191, -1, 228, 173, 15.0, 13, ABprpaaappa, 4548, 0, 0, 0, , 0, 0, 0, 0, 0, 
190, 1, 184, 192, -1, 213, 183, 14.0, 13, ABprpaaappp, 4518, 0, 0, 0, , 0, 0, 0, 0, 0, 
191, 1, 185, 193, -1, 237, 171, 13.0, 17, ABprpaaapa, 9176, 0, 0, 0, , 0, 0, 0, 0, 0, 
192, 1, 186, 194, -1, 246, 175, 18.0, 15, ABprpaapaa, 6460, 0, 0, 0, , 0, 0, 0, 0, 0, 
193, 1, 187, 195, -1, 227, 167, 20.0, 19, ABprpaapap, 12102, 0, 0, 0, , 0, 0, 0, 0, 0, 
194, 1, 188, 196, 197, 208, 171, 18.0, 16, ABprpaappp, 5334, 0, 0, 0, , 0, 0, 0, 0, 0, 
195, 1, 189, 198, 199, 217, 184, 23.0, 15, ABprpaappa, 7104, 0, 0, 0, , 0, 0, 0, 0, 0, 
196, 1, 190, 200, -1, 107, 248, 11.0, 17, ABprpppaap, 9268, 0, 0, 0, , 0, 0, 0, 0, 0, 
197, 1, 191, 201, -1, 130, 235, 11.0, 19, ABprpppaaa, 8683, 0, 0, 0, , 0, 0, 0, 0, 0, 
198, 1, 192, 202, -1, 121, 261, 10.0, 13, ABprpppapaa, 3814, 0, 0, 0, , 0, 0, 0, 0, 0, 
199, 1, 193, 203, -1, 112, 278, 10.0, 13, ABprpppapap, 4255, 0, 0, 0, , 0, 0, 0, 0, 0, 
200, 1, 194, 204, -1, 123, 293, 10.0, 13, ABprpppapp, 6177, 0, 0, 0, , 0, 0, 0, 0, 0, 
201, 1, 195, 205, -1, 139, 251, 10.0, 13, ABprppppapa, 5174, 0, 0, 0, , 0, 0, 0, 0, 0, 
202, 1, 196, 206, -1, 133, 279, 10.0, 13, ABprppppapp, 4526, 0, 0, 0, , 0, 0, 0, 0, 0, 
203, 1, 197, 207, -1, 165, 265, 10.0, 13, ABprppppaaa, 3855, 0, 0, 0, , 0, 0, 0, 0, 0, 
204, 1, 198, 208, -1, 144, 268, 11.0, 13, ABprppppaap, 4361, 0, 0, 0, , 0, 0, 0, 0, 0, 
205, 1, 199, 209, -1, 98, 296, 11.0, 13, ABprppppppp, 4625, 0, 0, 0, , 0, 0, 0, 0, 0, 
206, 1, 199, 210, -1, 104, 290, 10.0, 13, ABprppppppa, 4509, 0, 0, 0, , 0, 0, 0, 0, 0, 
207, 1, 200, 211, -1, 129, 274, 14.0, 19, ABprpppppa, 7269, 0, 0, 0, , 0, 0, 0, 0, 0, 
208, 1, 201, 212, -1, 177, 215, 13.0, 15, ABprppaapa, 7475, 0, 0, 0, , 0, 0, 0, 0, 0, 
209, 1, 202, 213, -1, 160, 244, 11.0, 17, ABprppaapp, 8989, 0, 0, 0, , 0, 0, 0, 0, 0, 
210, 1, 203, 214, -1, 196, 192, 15.0, 17, ABprppaaaa, 8991, 0, 0, 0, , 0, 0, 0, 0, 0, 
211, 1, 204, 215, -1, 178, 180, 19.0, 13, ABprppaaap, 6252, 0, 0, 0, , 0, 0, 0, 0, 0, 
212, 1, 205, 216, -1, 161, 203, 14.0, 17, ABprppapaa, 6498, 0, 0, 0, , 0, 0, 0, 0, 0, 
213, 1, 206, 217, -1, 135, 213, 14.0, 17, ABprppapap, 6814, 0, 0, 0, , 0, 0, 0, 0, 0, 
214, 1, 207, 218, -1, 114, 230, 14.0, 17, ABprppappp, 7278, 0, 0, 0, , 0, 0, 0, 0, 0, 
215, 1, 208, 219, -1, 153, 223, 12.0, 17, ABprppappa, 8042, 0, 0, 0, , 0, 0, 0, 0, 0, 
216, 1, 209, 220, -1, 315, 175, 32.0, 17, ABpraapaaa, 9334, 0, 0, 0, , 0, 0, 0, 0, 0, 
217, 1, 210, 221, 452, 279, 168, 29.0, 17, ABpraapaap, 14507, 0, 0, 0, , 0, 0, 0, 0, 0, 
218, 1, 211, 222, -1, 259, 181, 25.0, 17, ABpraapapa, 9114, 0, 0, 0, , 0, 0, 0, 0, 0, 
219, 1, 212, 223, -1, 240, 173, 28.0, 15, ABpraapappp, 6083, 0, 0, 0, , 0, 0, 0, 0, 0, 
220, 1, 213, 224, -1, 258, 175, 28.0, 15, ABpraapappa, 6050, 0, 0, 0, , 0, 0, 0, 0, 0, 
221, 1, 214, 225, -1, 159, 192, 21.0, 17, ABpraapppp, 6978, 0, 0, 0, , 0, 0, 0, 0, 0, 
222, 1, 215, 226, -1, 181, 180, 22.0, 13, ABpraapppa, 2841, 0, 0, 0, , 0, 0, 0, 0, 0, 
223, 1, 216, 227, -1, 198, 170, 23.0, 15, ABpraappap, 6499, 0, 0, 0, , 0, 0, 0, 0, 0, 
224, 1, 217, 228, -1, 215, 164, 23.0, 13, ABpraappaa, 5601, 0, 0, 0, , 0, 0, 0, 0, 0, 
225, 1, 218, 229, -1, 270, 166, 24.0, 17, ABpraaapap, 7481, 0, 0, 0, , 0, 0, 0, 0, 0, 
226, 1, 219, 230, -1, 274, 179, 20.0, 15, ABpraaapaa, 5343, 0, 0, 0, , 0, 0, 0, 0, 0, 
227, 1, 220, 231, -1, 251, 180, 22.0, 17, ABpraaappa, 9395, 0, 0, 0, , 0, 0, 0, 0, 0, 
228, 1, 221, 232, -1, 240, 193, 24.0, 15, ABpraaapppa, 4490, 0, 0, 0, , 0, 0, 0, 0, 0, 
229, 1, 222, 233, -1, 225, 180, 27.0, 19, ABpraaapppp, 4280, 0, 0, 0, , 0, 0, 0, 0, 0, 
230, 1, 223, 234, -1, 277, 159, 20.0, 15, ABpraaaaap, 7334, 0, 0, 0, , 0, 0, 0, 0, 0, 
231, 1, 224, 235, -1, 271, 167, 15.0, 15, ABpraaaaaa, 8643, 0, 0, 0, , 0, 0, 0, 0, 0, 
232, 1, 225, 236, -1, 261, 166, 19.0, 17, ABpraaaapa, 7318, 0, 0, 0, , 0, 0, 0, 0, 0, 
233, 1, 226, 237, -1, 250, 159, 22.0, 19, ABpraaaapp, 8712, 0, 0, 0, , 0, 0, 0, 0, 0, 
234, 1, 227, 238, -1, 105, 224, 19.0, 15, ABprappapp, 7165, 0, 0, 0, , 0, 0, 0, 0, 0, 
235, 1, 228, 239, -1, 110, 223, 28.0, 15, ABprappapa, 7238, 0, 0, 0, , 0, 0, 0, 0, 0, 
236, 1, 229, 240, -1, 116, 211, 22.0, 15, ABprappaap, 7819, 0, 0, 0, , 0, 0, 0, 0, 0, 
237, 1, 230, 241, -1, 138, 205, 19.0, 17, ABprappaaa, 16927, 0, 0, 0, , 0, 0, 0, 0, 0, 
238, 1, 231, 242, -1, 90, 260, 16.0, 15, ABprapppaa, 5258, 0, 0, 0, , 0, 0, 0, 0, 0, 
239, 1, 232, 243, -1, 98, 266, 13.0, 15, ABprapppap, 7012, 0, 0, 0, , 0, 0, 0, 0, 0, 
240, 1, 233, 244, -1, 78, 280, 12.0, 17, ABprappppp, 7459, 0, 0, 0, , 0, 0, 0, 0, 0, 
241, 1, 234, 245, -1, 79, 257, 14.0, 15, ABprappppa, 7660, 0, 0, 0, , 0, 0, 0, 0, 0, 
242, 1, 235, 246, -1, 190, 194, 28.0, 19, ABprapaaap, 8537, 0, 0, 0, , 0, 0, 0, 0, 0, 
243, 1, 236, 247, -1, 206, 199, 31.0, 15, ABprapaaaa, 7167, 0, 0, 0, , 0, 0, 0, 0, 0, 
244, 1, 237, 248, -1, 141, 198, 24.0, 15, ABprapaapp, 8485, 0, 0, 0, , 0, 0, 0, 0, 0, 
245, 1, 238, 249, -1, 171, 184, 25.0, 15, ABprapaapa, 6871, 0, 0, 0, , 0, 0, 0, 0, 0, 
246, 1, 239, 250, -1, 86, 242, 17.0, 17, ABprapappa, 8341, 0, 0, 0, , 0, 0, 0, 0, 0, 
247, 1, 240, 251, -1, 71, 279, 17.0, 15, ABprapappp, 7658, 0, 0, 0, , 0, 0, 0, 0, 0, 
248, 1, 241, 252, -1, 88, 240, 21.0, 17, ABprapapap, 8276, 0, 0, 0, , 0, 0, 0, 0, 0, 
249, 1, 242, 253, -1, 85, 255, 26.0, 17, ABprapapaa, 7653, 0, 0, 0, , 0, 0, 0, 0, 0, 
250, 1, 243, 254, -1, 224, 204, 26.0, 15, MSppppap, 5458, 0, 0, 0, , 0, 0, 0, 0, 0, 
251, 1, 244, 255, -1, 224, 200, 20.0, 15, MSppppaa, 4239, 0, 0, 0, , 0, 0, 0, 0, 0, 
252, 1, 245, 256, -1, 232, 210, 30.0, 17, MSpppppa, 4428, 0, 0, 0, , 0, 0, 0, 0, 0, 
253, 1, 246, 257, -1, 195, 220, 30.0, 15, MSpppppp, 4095, 0, 0, 0, , 0, 0, 0, 0, 0, 
254, 1, 247, 258, -1, 217, 223, 16.0, 15, MSpppaaa, 4381, 0, 0, 0, , 0, 0, 0, 0, 0, 
255, 1, 248, 259, -1, 195, 230, 18.0, 15, MSpppaap, 5338, 0, 0, 0, , 0, 0, 0, 0, 0, 
256, 1, 249, 260, -1, 188, 215, 17.0, 17, MSpppapp, 5715, 0, 0, 0, , 0, 0, 0, 0, 0, 
257, 1, 250, 261, -1, 209, 209, 17.0, 13, MSpppapa, 4113, 0, 0, 0, , 0, 0, 0, 0, 0, 
258, 1, 251, 262, -1, 227, 209, 16.0, 13, MSppaapp, 4650, 0, 0, 0, , 0, 0, 0, 0, 0, 
259, 1, 252, 263, -1, 248, 211, 15.0, 11, MSppaapa, 4021, 0, 0, 0, , 0, 0, 0, 0, 0, 
260, 1, 253, 264, -1, 285, 201, 15.0, 15, MSppaaaa, 5856, 0, 0, 0, , 0, 0, 0, 0, 0, 
261, 1, 254, 265, -1, 275, 198, 19.0, 15, MSppaaap, 4814, 0, 0, 0, , 0, 0, 0, 0, 0, 
262, 1, 255, 266, -1, 279, 188, 26.0, 15, MSppappa, 5780, 0, 0, 0, , 0, 0, 0, 0, 0, 
263, 1, 256, 267, -1, 258, 197, 20.0, 13, MSppapaa, 6218, 0, 0, 0, , 0, 0, 0, 0, 0, 
264, 1, 257, 268, -1, 238, 199, 18.0, 15, MSppapap, 5055, 0, 0, 0, , 0, 0, 0, 0, 0, 
265, 1, 258, 269, -1, 193, 270, 16.0, 15, MSpapappp, 2752, 0, 0, 0, , 0, 0, 0, 0, 0, 
266, 1, 259, 270, -1, 218, 257, 15.0, 15, MSpapappa, 3458, 0, 0, 0, , 0, 0, 0, 0, 0, 
267, 1, 260, 271, -1, 206, 250, 18.0, 17, MSpapapa, 7471, 0, 0, 0, , 0, 0, 0, 0, 0, 
268, 1, 261, 272, -1, 248, 249, 17.0, 13, MSpapaaaa, 3627, 0, 0, 0, , 0, 0, 0, 0, 0, 
269, 1, 262, 273, -1, 235, 253, 19.0, 15, MSpapaaap, 5420, 0, 0, 0, , 0, 0, 0, 0, 0, 
270, 1, 263, 274, -1, 222, 233, 19.0, 13, MSpapaapa, 4153, 0, 0, 0, , 0, 0, 0, 0, 0, 
271, 1, 264, 275, -1, 215, 253, 21.0, 17, MSpapaapp, 4755, 0, 0, 0, , 0, 0, 0, 0, 0, 
272, 1, 265, 276, -1, 180, 300, 13.0, 15, MSpappaa, 5415, 0, 0, 0, , 0, 0, 0, 0, 0, 
273, 1, 266, 277, -1, 173, 277, 14.0, 15, MSpappap, 4460, 0, 0, 0, , 0, 0, 0, 0, 0, 
274, 1, 267, 278, -1, 160, 247, 13.0, 17, MSpapppp, 5323, 0, 0, 0, , 0, 0, 0, 0, 0, 
275, 1, 268, 279, -1, 164, 229, 16.0, 19, MSpapppa, 6582, 0, 0, 0, , 0, 0, 0, 0, 0, 
276, 1, 269, 280, -1, 257, 221, 28.0, 15, MSpaaappa, 5894, 0, 0, 0, , 0, 0, 0, 0, 0, 
277, 1, 270, 281, -1, 241, 240, 28.0, 15, MSpaaappp, 5329, 0, 0, 0, , 0, 0, 0, 0, 0, 
278, 1, 271, 282, -1, 259, 235, 31.0, 15, MSpaaapa, 6546, 0, 0, 0, , 0, 0, 0, 0, 0, 
279, 1, 272, 283, -1, 289, 209, 26.0, 17, MSpaaaapa, 4531, 0, 0, 0, , 0, 0, 0, 0, 0, 
280, 1, 273, 284, -1, 271, 213, 29.0, 16, MSpaaaapp, 4513, 0, 0, 0, , 0, 0, 0, 0, 0, 
281, 1, 274, 285, -1, 304, 202, 29.0, 15, MSpaaaaa, 7711, 0, 0, 0, , 0, 0, 0, 0, 0, 
282, 1, 275, 286, -1, 234, 236, 24.0, 17, MSpaapapp, 4397, 0, 0, 0, , 0, 0, 0, 0, 0, 
283, 1, 276, 287, -1, 260, 219, 23.0, 15, MSpaapapa, 2955, 0, 0, 0, , 0, 0, 0, 0, 0, 
284, 1, 277, 288, -1, 263, 203, 26.0, 15, MSpaapaa, 6148, 0, 0, 0, , 0, 0, 0, 0, 0, 
285, 1, 278, 289, -1, 188, 248, 24.0, 21, Earap, 4903, 0, 0, 0, , 0, 0, 0, 0, 0, 
286, 1, 279, 290, -1, 264, 297, 22.0, 15, MSapppaa, 3464, 0, 0, 0, , 0, 0, 0, 0, 0, 
287, 1, 280, 291, -1, 256, 289, 26.0, 17, MSapppap, 7670, 0, 0, 0, , 0, 0, 0, 0, 0, 
288, 1, 281, 292, -1, 255, 279, 30.0, 15, MSappppa, 4461, 0, 0, 0, , 0, 0, 0, 0, 0, 
289, 1, 282, 293, -1, 212, 305, 30.0, 15, MSappppp, 5567, 0, 0, 0, , 0, 0, 0, 0, 0, 
290, 1, 283, 294, -1, 215, 312, 21.0, 15, MSappaap, 5205, 0, 0, 0, , 0, 0, 0, 0, 0, 
291, 1, 284, 295, -1, 240, 295, 21.0, 15, MSappaaa, 3012, 0, 0, 0, , 0, 0, 0, 0, 0, 
292, 1, 285, 296, -1, 234, 313, 19.0, 13, MSappapp, 3393, 0, 0, 0, , 0, 0, 0, 0, 0, 
293, 1, 286, 297, -1, 248, 305, 21.0, 13, MSappapa, 3517, 0, 0, 0, , 0, 0, 0, 0, 0, 
294, 1, 287, 298, -1, 307, 261, 28.0, 13, MSapappa, 4081, 0, 0, 0, , 0, 0, 0, 0, 0, 
295, 1, 288, 299, -1, 275, 270, 30.0, 15, MSapappp, 5489, 0, 0, 0, , 0, 0, 0, 0, 0, 
296, 1, 289, 300, -1, 277, 288, 19.0, 15, MSapapap, 5265, 0, 0, 0, , 0, 0, 0, 0, 0, 
297, 1, 290, 301, -1, 284, 275, 22.0, 15, MSapapaa, 5437, 0, 0, 0, , 0, 0, 0, 0, 0, 
298, 1, 291, 302, -1, 259, 294, 18.0, 15, MSapaapp, 6224, 0, 0, 0, , 0, 0, 0, 0, 0, 
299, 1, 292, 303, -1, 293, 268, 16.0, 13, MSapaapa, 3930, 0, 0, 0, , 0, 0, 0, 0, 0, 
300, 1, 293, 304, -1, 326, 251, 17.0, 15, MSapaaaa, 4099, 0, 0, 0, , 0, 0, 0, 0, 0, 
301, 1, 294, 305, -1, 322, 256, 24.0, 15, MSapaaap, 5446, 0, 0, 0, , 0, 0, 0, 0, 0, 
302, 1, 295, 306, -1, 323, 214, 28.0, 15, MSaaaaapa, 4837, 0, 0, 0, , 0, 0, 0, 0, 0, 
303, 1, 296, 307, -1, 304, 224, 31.0, 15, MSaaaaapp, 3799, 0, 0, 0, , 0, 0, 0, 0, 0, 
304, 1, 297, 308, -1, 332, 204, 24.0, 15, MSaaaaaa, 6086, 0, 0, 0, , 0, 0, 0, 0, 0, 
305, 1, 298, 309, -1, 288, 221, 31.0, 13, MSaaaapaa, 4293, 0, 0, 0, , 0, 0, 0, 0, 0, 
306, 1, 298, 310, -1, 276, 235, 30.0, 13, MSaaaapap, 3775, 0, 0, 0, , 0, 0, 0, 0, 0, 
307, 1, 299, 311, -1, 265, 253, 29.0, 15, MSaaaapp, 7577, 0, 0, 0, , 0, 0, 0, 0, 0, 
308, 1, 300, 312, -1, 254, 247, 25.0, 15, MSaaapapp, 3256, 0, 0, 0, , 0, 0, 0, 0, 0, 
309, 1, 301, 313, -1, 289, 248, 28.0, 15, MSaaapaap, 5009, 0, 0, 0, , 0, 0, 0, 0, 0, 
310, 1, 302, 314, -1, 307, 236, 28.0, 15, MSaaapaaa, 2939, 0, 0, 0, , 0, 0, 0, 0, 0, 
311, 1, 303, 315, -1, 256, 266, 27.0, 13, MSaaappa, 4169, 0, 0, 0, , 0, 0, 0, 0, 0, 
312, 1, 304, 316, -1, 235, 256, 28.0, 15, MSaaappp, 5070, 0, 0, 0, , 0, 0, 0, 0, 0, 
313, 1, 305, 317, -1, 194, 321, 16.0, 15, MSaapppp, 5867, 0, 0, 0, , 0, 0, 0, 0, 0, 
314, 1, 306, 318, -1, 212, 311, 16.0, 17, MSaapppa, 5379, 0, 0, 0, , 0, 0, 0, 0, 0, 
315, 1, 307, 319, -1, 242, 273, 18.0, 13, MSaapaaap, 4062, 0, 0, 0, , 0, 0, 0, 0, 0, 
316, 1, 308, 320, -1, 260, 271, 17.0, 13, MSaapaaaa, 3537, 0, 0, 0, , 0, 0, 0, 0, 0, 
317, 1, 309, 321, -1, 222, 284, 17.0, 17, MSaapapp, 6192, 0, 0, 0, , 0, 0, 0, 0, 0, 
318, 1, 310, 322, -1, 228, 277, 21.0, 17, MSaapapa, 7697, 0, 0, 0, , 0, 0, 0, 0, 0, 
319, 1, 311, 323, -1, 207, 282, 22.0, 21, Ealpa, 14874, 0, 0, 0, , 0, 0, 0, 0, 0, 
320, 1, 312, 324, -1, 172, 297, 24.0, 21, Ealpp, 44080, 0, 0, 0, , 0, 0, 0, 0, 0, 
321, 1, 313, 325, -1, 129, 306, 23.0, 23, Eplpa, 55183, 0, 0, 0, , 0, 0, 0, 0, 0, 
322, 1, 314, 326, -1, 141, 340, 20.0, 19, Cappap, 8246, 0, 0, 0, , 0, 0, 0, 0, 0, 
323, 1, 315, 327, -1, 162, 338, 25.0, 17, Cappaa, 9612, 0, 0, 0, , 0, 0, 0, 0, 0, 
324, 1, 316, 328, -1, 123, 336, 23.0, 17, Capppa, 7629, 0, 0, 0, , 0, 0, 0, 0, 0, 
325, 1, 317, 329, -1, 112, 320, 15.0, 15, Capppp, 7332, 0, 0, 0, , 0, 0, 0, 0, 0, 
326, 1, 318, 330, -1, 163, 337, 20.0, 19, Capapa, 8060, 0, 0, 0, , 0, 0, 0, 0, 0, 
327, 1, 319, 331, -1, 147, 324, 16.0, 17, Capapp, 7008, 0, 0, 0, , 0, 0, 0, 0, 0, 
328, 1, 320, 332, -1, 173, 319, 17.0, 19, Capaap, 14271, 0, 0, 0, , 0, 0, 0, 0, 0, 
329, 1, 321, 333, -1, 193, 325, 21.0, 15, Capaaa, 7857, 0, 0, 0, , 0, 0, 0, 0, 0, 
330, 1, 322, 334, -1, 86, 331, 28.0, 19, Caaapp, 8207, 0, 0, 0, , 0, 0, 0, 0, 0, 
331, 1, 323, 335, -1, 84, 328, 16.0, 19, Caappd, 6386, 0, 0, 0, , 0, 0, 0, 0, 0, 
332, 1, 324, 336, -1, 85, 324, 12.0, 15, Caappv, 5290, 0, 0, 0, , 0, 0, 0, 0, 0, 
333, 1, 325, 337, -1, 95, 304, 14.0, 19, Caapa, 8435, 0, 0, 0, , 0, 0, 0, 0, 0, 
334, 1, 326, 338, -1, 66, 305, 19.0, 17, Cpappd, 7338, 0, 0, 0, , 0, 0, 0, 0, 0, 
335, 1, 327, 339, -1, 73, 305, 13.0, 17, Cpappv, 8726, 0, 0, 0, , 0, 0, 0, 0, 0, 
336, 1, 328, 340, -1, 76, 337, 21.0, 19, Cpapaa, 8288, 0, 0, 0, , 0, 0, 0, 0, 0, 
337, 1, 329, 341, -1, 83, 296, 30.0, 21, Cpaapp, 4897, 0, 0, 0, , 0, 0, 0, 0, 0, 
338, 1, 330, 342, -1, 140, 248, 16.0, 19, Cppaap, 7255, 0, 0, 0, , 0, 0, 0, 0, 0, 
339, 1, 331, 343, -1, 146, 226, 19.0, 17, Cppaaa, 8672, 0, 0, 0, , 0, 0, 0, 0, 0, 
340, 1, 332, 344, -1, 122, 238, 22.0, 19, Cppapa, 9126, 0, 0, 0, , 0, 0, 0, 0, 0, 
341, 1, 333, 345, -1, 120, 251, 15.0, 19, Cppapp, 6208, 0, 0, 0, , 0, 0, 0, 0, 0, 
342, 1, 334, 346, -1, 131, 227, 25.0, 19, Cpppaa, 9718, 0, 0, 0, , 0, 0, 0, 0, 0, 
343, 1, 335, 347, -1, 103, 261, 18.0, 15, Cpppap, 7177, 0, 0, 0, , 0, 0, 0, 0, 0, 
344, 1, 336, 348, -1, 234, 317, 23.0, 13, Daapa, 4642, 0, 0, 0, , 0, 0, 0, 0, 0, 
345, 1, 337, 349, -1, 216, 330, 21.0, 15, Daapp, 5389, 0, 0, 0, , 0, 0, 0, 0, 0, 
346, 1, 338, 350, -1, 247, 300, 24.0, 15, Daaaa, 6107, 0, 0, 0, , 0, 0, 0, 0, 0, 
347, 1, 339, 351, -1, 232, 302, 27.0, 15, Daaap, 4346, 0, 0, 0, , 0, 0, 0, 0, 0, 
348, 1, 340, 352, -1, 192, 318, 29.0, 17, Dappa, 7307, 0, 0, 0, , 0, 0, 0, 0, 0, 
349, 1, 341, 353, -1, 156, 327, 29.0, 15, Dappp, 5696, 0, 0, 0, , 0, 0, 0, 0, 0, 
350, 1, 342, 354, -1, 169, 212, 18.0, 15, Dpapp, 5506, 0, 0, 0, , 0, 0, 0, 0, 0, 
351, 1, 343, 355, -1, 192, 204, 21.0, 15, Dpapa, 4619, 0, 0, 0, , 0, 0, 0, 0, 0, 
352, 1, 344, 356, -1, 199, 208, 25.0, 15, Dpaap, 5625, 0, 0, 0, , 0, 0, 0, 0, 0, 
353, 1, 345, 357, -1, 211, 205, 21.0, 15, Dpaaa, 4114, 0, 0, 0, , 0, 0, 0, 0, 0, 
354, 1, 346, 358, -1, 138, 241, 29.0, 17, Dpppp, 5644, 0, 0, 0, , 0, 0, 0, 0, 0, 
355, 1, 347, 359, -1, 164, 223, 27.0, 19, Dpppa, 7007, 0, 0, 0, , 0, 0, 0, 0, 0, 
356, 1, 348, 360, -1, 182, 205, 24.0, 17, Dppaa, 5369, 0, 0, 0, , 0, 0, 0, 0, 0, 
357, 1, 349, 361, -1, 159, 212, 22.0, 13, Dppap, 4505, 0, 0, 0, , 0, 0, 0, 0, 0, 
358, 1, 350, 362, -1, 158, 266, 16.0, 22, Z2, 5893, 0, 0, 0, , 0, 0, 0, 0, 0, 
359, 0, 351, -1, -1, 381, 244, 24.0, 15, , 8169, 0, 0, 0, , 0, 0, 0, 0, 0, 
360, 1, 352, 364, -1, 333, 293, 21.0, 13, ABalpppappa, 4579, 0, 0, 0, , 0, 0, 0, 0, 0, 
361, 1, 353, 365, -1, 318, 304, 24.0, 15, ABalpppappp, 5047, 0, 0, 0, , 0, 0, 0, 0, 0, 
362, 1, 354, 366, -1, 305, 281, 23.0, 15, ABalpppppaa, 7588, 0, 0, 0, , 0, 0, 0, 0, 0, 
363, 1, 355, 367, -1, 297, 289, 24.0, 15, ABalpppppap, 5009, 0, 0, 0, , 0, 0, 0, 0, 0, 
364, 1, 356, 368, -1, 281, 279, 26.0, 15, ABalppppppa, 5760, 0, 0, 0, , 0, 0, 0, 0, 0, 
365, 1, 357, 369, -1, 279, 305, 28.0, 17, ABalppppppp, 6879, 0, 0, 0, , 0, 0, 0, 0, 0, 
366, 1, 358, 370, -1, 320, 296, 28.0, 13, ABalppppapp, 5303, 0, 0, 0, , 0, 0, 0, 0, 0, 
367, 1, 359, 371, -1, 338, 285, 26.0, 15, ABalppppapa, 4326, 0, 0, 0, , 0, 0, 0, 0, 0, 
368, 1, 360, 372, -1, 319, 269, 19.0, 13, ABalppppaad, 5001, 0, 0, 0, , 0, 0, 0, 0, 0, 
369, 1, 360, 373, -1, 325, 280, 23.0, 13, ABalppppaav, 3787, 0, 0, 0, , 0, 0, 0, 0, 0, 
370, 1, 361, 374, -1, 333, 282, 16.0, 15, ABalpppaaa, 6322, 0, 0, 0, , 0, 0, 0, 0, 0, 
371, 1, 362, 375, -1, 346, 280, 21.0, 17, ABalpppaap, 7910, 0, 0, 0, , 0, 0, 0, 0, 0, 
372, 1, 363, 376, -1, 320, 297, 19.0, 19, ABalpppapa, 8432, 0, 0, 0, , 0, 0, 0, 0, 0, 
373, 1, 364, 377, -1, 334, 263, 17.0, 13, ABalppaaaa, 5576, 0, 0, 0, , 0, 0, 0, 0, 0, 
374, 1, 365, 378, -1, 349, 270, 17.0, 15, ABalppaaap, 6243, 0, 0, 0, , 0, 0, 0, 0, 0, 
375, 1, 366, 379, -1, 307, 302, 14.0, 17, ABalppaapp, 8525, 0, 0, 0, , 0, 0, 0, 0, 0, 
376, 1, 367, 380, -1, 320, 291, 14.0, 13, ABalppaapa, 5051, 0, 0, 0, , 0, 0, 0, 0, 0, 
377, 1, 368, 381, -1, 290, 292, 13.0, 13, ABalppapppa, 4449, 0, 0, 0, , 0, 0, 0, 0, 0, 
378, 1, 369, 382, -1, 276, 304, 12.0, 13, ABalppapppp, 4563, 0, 0, 0, , 0, 0, 0, 0, 0, 
379, 1, 370, 383, -1, 303, 281, 13.0, 13, ABalppappap, 3648, 0, 0, 0, , 0, 0, 0, 0, 0, 
380, 1, 371, 384, -1, 320, 267, 15.0, 13, ABalppappaa, 4957, 0, 0, 0, , 0, 0, 0, 0, 0, 
381, 1, 372, 385, -1, 307, 272, 10.0, 13, ABalppapapa, 4387, 0, 0, 0, , 0, 0, 0, 0, 0, 
382, 1, 373, 386, -1, 286, 283, 10.0, 13, ABalppapapp, 6151, 0, 0, 0, , 0, 0, 0, 0, 0, 
383, 1, 374, 387, -1, 320, 269, 12.0, 16, ABalppapaa, 6823, 0, 0, 0, , 0, 0, 0, 0, 0, 
384, 1, 375, 388, -1, 253, 287, 11.0, 15, ABalpapapap, 6619, 0, 0, 0, , 0, 0, 0, 0, 0, 
385, 1, 376, 389, -1, 276, 274, 11.0, 13, ABalpapapaa, 6201, 0, 0, 0, , 0, 0, 0, 0, 0, 
386, 1, 377, 390, -1, 247, 322, 12.0, 17, ABalpapapp, 11440, 0, 0, 0, , 0, 0, 0, 0, 0, 
387, 1, 378, 391, -1, 280, 253, 9.0, 19, ABalpapaap, 10777, 0, 0, 0, , 0, 0, 0, 0, 0, 
388, 1, 379, 392, -1, 314, 251, 11.0, 13, ABalpapaaaa, 6028, 0, 0, 0, , 0, 0, 0, 0, 0, 
389, 1, 380, 393, -1, 290, 260, 11.0, 19, ABalpapaaap, 5930, 0, 0, 0, , 0, 0, 0, 0, 0, 
390, 1, 381, 394, -1, 266, 259, 12.0, 15, ABalpappapa, 6320, 0, 0, 0, , 0, 0, 0, 0, 0, 
391, 1, 382, 395, -1, 241, 269, 12.0, 15, ABalpappapp, 14859, 0, 0, 0, , 0, 0, 0, 0, 0, 
392, 1, 383, 396, -1, 281, 258, 14.0, 15, ABalpappaap, 5771, 0, 0, 0, , 0, 0, 0, 0, 0, 
393, 1, 384, 397, -1, 286, 238, 13.0, 13, ABalpappaaa, 3656, 0, 0, 0, , 0, 0, 0, 0, 0, 
394, 1, 385, 398, -1, 234, 272, 15.0, 17, ABalpappppp, 6083, 0, 0, 0, , 0, 0, 0, 0, 0, 
395, 1, 386, 399, -1, 259, 277, 14.0, 15, ABalpappppa, 5500, 0, 0, 0, , 0, 0, 0, 0, 0, 
396, 1, 387, 400, -1, 267, 254, 15.0, 15, ABalpapppa, 8715, 0, 0, 0, , 0, 0, 0, 0, 0, 
397, 1, 388, 401, -1, 282, 258, 18.0, 15, ABalpaaapp, 6912, 0, 0, 0, , 0, 0, 0, 0, 0, 
398, 1, 389, 402, -1, 300, 251, 16.0, 15, ABalpaaapa, 7086, 0, 0, 0, , 0, 0, 0, 0, 0, 
399, 1, 390, 403, -1, 303, 240, 11.0, 15, ABalpaaaap, 6841, 0, 0, 0, , 0, 0, 0, 0, 0, 
400, 1, 391, 404, -1, 313, 236, 13.0, 19, ABalpaaaaa, 4996, 0, 0, 0, , 0, 0, 0, 0, 0, 
401, 1, 392, 405, -1, 331, 249, 11.0, 15, ABalpaappp, 8905, 0, 0, 0, , 0, 0, 0, 0, 0, 
402, 1, 393, 406, -1, 331, 226, 11.0, 17, ABalpaappa, 10382, 0, 0, 0, , 0, 0, 0, 0, 0, 
403, 1, 394, 407, -1, 302, 253, 21.0, 15, ABalpaapapp, 5603, 0, 0, 0, , 0, 0, 0, 0, 0, 
404, 1, 395, 408, -1, 308, 241, 18.0, 15, ABalpaapapa, 4866, 0, 0, 0, , 0, 0, 0, 0, 0, 
405, 1, 396, 409, -1, 321, 232, 19.0, 13, ABalpaapaap, 5045, 0, 0, 0, , 0, 0, 0, 0, 0, 
406, 1, 397, 410, -1, 337, 223, 18.0, 13, ABalpaapaaa, 3947, 0, 0, 0, , 0, 0, 0, 0, 0, 
407, 1, 398, 411, -1, 169, 263, 27.0, 16, Epraa, 3573, 0, 0, 0, , 0, 0, 0, 0, 0, 
408, 1, 399, 412, -1, 144, 269, 27.0, 21, Eprap, 45406, 0, 0, 0, , 0, 0, 0, 0, 0, 
409, 1, 400, 413, -1, 209, 234, 24.0, 13, MSpaapp, 3865, 0, 0, 0, , 0, 0, 0, 0, 0, 
410, 1, 401, 414, -1, 163, 264, 23.0, 21, Earpp, 45307, 0, 0, 0, , 0, 0, 0, 0, 0, 
411, 1, 402, 415, -1, 194, 281, 26.0, 21, Ealap, 21195, 0, 0, 0, , 0, 0, 0, 0, 0, 
412, 1, 403, 416, -1, 217, 273, 27.0, 23, Ealaa, 22352, 0, 0, 0, , 0, 0, 0, 0, 0, 
413, 1, 404, 417, -1, 166, 283, 29.0, 23, Eplaa, 65535, 0, 0, 0, , 0, 0, 0, 0, 0, 
414, 1, 405, 418, -1, 145, 292, 26.0, 19, Eplap, 12644, 0, 0, 0, , 0, 0, 0, 0, 0, 
415, 1, 406, 419, -1, 125, 276, 20.0, 19, Eprpp, 10375, 0, 0, 0, , 0, 0, 0, 0, 0, 
416, 1, 407, 420, -1, 189, 336, 26.0, 15, Dapap, 5632, 0, 0, 0, , 0, 0, 0, 0, 0, 
417, 1, 408, 421, -1, 215, 320, 26.0, 17, Dapaa, 5805, 0, 0, 0, , 0, 0, 0, 0, 0, 
418, 1, 409, 422, -1, 230, 268, 24.0, 15, MSaapaapp, 3350, 0, 0, 0, , 0, 0, 0, 0, 0, 
419, 1, 410, 423, -1, 247, 265, 22.0, 13, MSaapaapa, 3356, 0, 0, 0, , 0, 0, 0, 0, 0, 
420, 1, 411, 424, -1, 151, 214, 32.0, 15, ABarpppapp, 5292, 0, 0, 0, , 0, 0, 0, 0, 0, 
421, 1, 412, 425, -1, 231, 320, 15.0, 15, ABplppaapa, 8522, 0, 0, 0, , 0, 0, 0, 0, 0, 
422, 1, 413, 426, -1, 66, 300, 24.0, 17, Cpapap, 8436, 0, 0, 0, , 0, 0, 0, 0, 0, 
423, 1, 414, 456, -1, 217, 240, 28.0, 21, Earaa, 23555, 0, 0, 0, , 0, 0, 0, 0, 0, 
424, 1, 415, 428, -1, 346, 243, 15.0, 15, ABalaaaala, 7663, 0, 0, 0, , 0, 0, 0, 0, 0, 
425, 1, 416, 429, -1, 257, 188, 35.0, 15, ABarpappaa, 5177, 0, 0, 0, , 0, 0, 0, 0, 0, 
426, 1, 417, 430, -1, 342, 200, 28.0, 15, ABalappaaa, 4017, 0, 0, 0, , 0, 0, 0, 0, 0, 
427, 1, 418, 431, -1, 94, 272, 24.0, 19, Cppppa, 15443, 0, 0, 0, , 0, 0, 0, 0, 0, 
428, 1, 419, 432, -1, 92, 284, 16.0, 21, Cppppp, 27349, 0, 0, 0, , 0, 0, 0, 0, 0, 
429, 1, 420, 433, -1, 190, 258, 20.0, 21, Earpa, 10571, 0, 0, 0, , 0, 0, 0, 0, 0, 
430, 1, 421, 434, -1, 250, 196, 29.0, 17, MSppappp, 6228, 0, 0, 0, , 0, 0, 0, 0, 0, 
431, 1, 422, 435, -1, 127, 273, 24.0, 19, Eprpa, 11289, 0, 0, 0, , 0, 0, 0, 0, 0, 
432, 1, 423, 436, -1, 220, 246, 34.0, 15, ABarpaappa, 5782, 0, 0, 0, , 0, 0, 0, 0, 0, 
433, 1, 424, 437, -1, 204, 300, 34.0, 19, ABarppaapa, 10698, 0, 0, 0, , 0, 0, 0, 0, 0, 
434, 1, 425, 438, -1, 125, 252, 34.0, 19, Cpaaap, 4570, 0, 0, 0, , 0, 0, 0, 0, 0, 
435, 1, 426, 439, -1, 115, 331, 32.0, 19, Caaapa, 5583, 0, 0, 0, , 0, 0, 0, 0, 0, 
436, 1, 427, 440, -1, 106, 284, 33.0, 21, Cpaapa, 5514, 0, 0, 0, , 0, 0, 0, 0, 0, 
437, 1, 428, 441, -1, 130, 297, 18.0, 23, Eplpp, 65535, 0, 0, 0, , 0, 0, 0, 0, 0, 
438, 1, 429, 442, -1, 204, 290, 14.0, 15, MSaappap, 4011, 0, 0, 0, , 0, 0, 0, 0, 0, 
439, 1, 430, 443, -1, 184, 294, 16.0, 21, Z3, 51079, 0, 0, 0, , 0, 0, 0, 0, 0, 
440, 1, 431, 444, -1, 187, 226, 35.0, 19, ABarpppapa, 2207, 0, 0, 0, , 0, 0, 0, 0, 0, 
441, 1, 432, 445, -1, 262, 172, 12.0, 17, ABalaapapp, 14422, 0, 0, 0, , 0, 0, 0, 0, 0, 
442, 1, 433, 446, -1, 211, 272, 14.0, 13, MSaappaa, 3473, 0, 0, 0, , 0, 0, 0, 0, 0, 
443, 0, 434, -1, -1, 188, 248, 25.0, 21, , 7325, 0, 0, 0, , 0, 0, 0, 0, 0, 
444, 1, 436, 448, -1, 279, 245, 25.0, 15, MSaaapapa, 3078, 0, 0, 0, , 0, 0, 0, 0, 0, 
445, 1, 437, 449, -1, 251, 336, 19.0, 15, ABplppaaaap, 3510, 0, 0, 0, , 0, 0, 0, 0, 0, 
446, 1, 441, 450, -1, 131, 311, 9.0, 15, ABplpppapap, 2767, 0, 0, 0, , 0, 0, 0, 0, 0, 
447, 1, 435, 453, -1, 166, 247, 33.875, 21, Cpaaaa, 4680, 0, 0, 0, , 0, 0, 0, 0, 0, 
448, 1, 439, 454, -1, 139, 310, 33.0, 15, Caaaap, 0, 0, 0, 0, , 0, 0, 0, 0, 0, 
449, 1, 440, 455, -1, 176, 303, 33.0, 17, Caaaaa, 0, 0, 0, 0, , 0, 0, 0, 0, 0, 
