1, 1, 1, 1, -1, 312, 203, 24.0, 17, ABaraappaa, 9482, 0, 0, 0, , 0, 0, 0, 0, 0, 
2, 1, 2, 2, -1, 278, 219, 23.0, 15, ABaraappapp, 7754, 0, 0, 0, , 0, 0, 0, 0, 0, 
3, 1, 3, 3, -1, 296, 206, 23.0, 15, ABaraappapa, 5119, 0, 0, 0, , 0, 0, 0, 0, 0, 
4, 1, 4, 4, -1, 254, 230, 21.0, 15, ABaraapppap, 5780, 0, 0, 0, , 0, 0, 0, 0, 0, 
5, 1, 5, 5, -1, 267, 219, 19.0, 15, ABaraapppaa, 4925, 0, 0, 0, , 0, 0, 0, 0, 0, 
6, 1, 6, 6, -1, 236, 224, 20.0, 15, ABaraapppp, 8277, 0, 0, 0, , 0, 0, 0, 0, 0, 
7, 1, 7, 7, -1, 261, 268, 21.0, 17, ABaraapapp, 10812, 0, 0, 0, , 0, 0, 0, 0, 0, 
8, 1, 8, 8, -1, 266, 252, 22.0, 15, ABaraapapap, 7428, 0, 0, 0, , 0, 0, 0, 0, 0, 
9, 1, 9, 9, -1, 283, 248, 22.0, 15, ABaraapapaa, 6779, 0, 0, 0, , 0, 0, 0, 0, 0, 
10, 1, 10, 10, -1, 328, 223, 23.0, 15, ABaraapaaa, 12153, 0, 0, 0, , 0, 0, 0, 0, 0, 
11, 1, 11, 11, -1, 292, 234, 25.0, 17, ABaraapaapp, 8570, 0, 0, 0, , 0, 0, 0, 0, 0, 
12, 1, 12, 12, -1, 314, 224, 22.0, 13, ABaraapaapa, 7195, 0, 0, 0, , 0, 0, 0, 0, 0, 
13, 1, 13, 13, -1, 313, 212, 10.0, 17, ABaraaappa, 8744, 0, 0, 0, , 0, 0, 0, 0, 0, 
14, 1, 14, 14, -1, 290, 206, 11.0, 17, ABaraaappp, 16080, 0, 0, 0, , 0, 0, 0, 0, 0, 
15, 1, 15, 15, -1, 325, 210, 17.0, 13, ABaraaapaaa, 5339, 0, 0, 0, , 0, 0, 0, 0, 0, 
16, 1, 16, 16, -1, 305, 209, 20.0, 13, ABaraaapaap, 5082, 0, 0, 0, , 0, 0, 0, 0, 0, 
17, 1, 17, 469, -1, 297, 222, 18.0, 15, ABaraaapapa, 4288, 0, 0, 0, , 0, 0, 0, 0, 0, 
18, 1, 18, 17, -1, 283, 225, 20.0, 15, ABaraaapapp, 6893, 0, 0, 0, , 0, 0, 0, 0, 0, 
19, 1, 19, 18, -1, 324, 229, 15.0, 15, ABaraaaaaa, 9494, 0, 0, 0, , 0, 0, 0, 0, 0, 
20, 1, 20, 19, -1, 305, 211, 14.0, 15, ABaraaaaap, 8037, 0, 0, 0, , 0, 0, 0, 0, 0, 
21, 1, 21, 20, -1, 320, 228, 26.0, 13, ABaraaaapp, 6681, 0, 0, 0, , 0, 0, 0, 0, 0, 
22, 1, 22, 21, -1, 331, 207, 19.0, 15, ABaraaaapa, 6757, 0, 0, 0, , 0, 0, 0, 0, 0, 
23, 1, 23, 22, -1, 244, 250, 12.0, 13, ABarapapapp, 6871, 0, 0, 0, , 0, 0, 0, 0, 0, 
24, 1, 24, 23, -1, 262, 237, 11.0, 13, ABarapapapa, 5248, 0, 0, 0, , 0, 0, 0, 0, 0, 
25, 1, 25, 24, 25, 270, 226, 14.0, 13, ABarapapaa, 8254, 0, 0, 0, , 0, 0, 0, 0, 0, 
26, 1, 26, 26, -1, 216, 237, 13.0, 15, ABarapapppp, 8946, 0, 0, 0, , 0, 0, 0, 0, 0, 
27, 1, 27, 27, -1, 239, 235, 13.0, 15, ABarapapppa, 5938, 0, 0, 0, , 0, 0, 0, 0, 0, 
28, 1, 28, 28, -1, 250, 231, 15.0, 19, ABarapappa, 17811, 0, 0, 0, , 0, 0, 0, 0, 0, 
29, 1, 29, 29, -1, 282, 233, 11.0, 15, ABarapaaap, 9994, 0, 0, 0, , 0, 0, 0, 0, 0, 
30, 1, 30, 30, -1, 297, 224, 12.0, 15, ABarapaaaa, 10174, 0, 0, 0, , 0, 0, 0, 0, 0, 
31, 1, 31, 31, -1, 288, 223, 15.0, 17, ABarapaapa, 11609, 0, 0, 0, , 0, 0, 0, 0, 0, 
32, 1, 32, 32, -1, 247, 223, 17.0, 15, ABarapaappp, 6411, 0, 0, 0, , 0, 0, 0, 0, 0, 
33, 1, 33, 33, -1, 265, 238, 18.0, 15, ABarapaappa, 6158, 0, 0, 0, , 0, 0, 0, 0, 0, 
34, 1, 34, 34, -1, 253, 206, 10.0, 15, ABarapppap, 9708, 0, 0, 0, , 0, 0, 0, 0, 0, 
35, 1, 35, 35, -1, 278, 191, 10.0, 17, ABarapppaa, 10726, 0, 0, 0, , 0, 0, 0, 0, 0, 
36, 1, 36, 36, -1, 265, 194, 13.0, 15, ABarappppa, 9478, 0, 0, 0, , 0, 0, 0, 0, 0, 
37, 1, 37, 37, -1, 239, 192, 11.0, 13, ABarapppppa, 5183, 0, 0, 0, , 0, 0, 0, 0, 0, 
38, 1, 38, 38, -1, 219, 194, 12.0, 13, ABarapppppp, 4430, 0, 0, 0, , 0, 0, 0, 0, 0, 
39, 1, 39, 39, -1, 268, 219, 10.0, 17, ABarappaaa, 9467, 0, 0, 0, , 0, 0, 0, 0, 0, 
40, 1, 40, 40, -1, 242, 228, 10.0, 15, ABarappaap, 12878, 0, 0, 0, , 0, 0, 0, 0, 0, 
41, 1, 41, 41, 42, 227, 214, 11.0, 15, ABarappapa, 9702, 0, 0, 0, , 0, 0, 0, 0, 0, 
42, 1, 42, 43, -1, 192, 209, 10.0, 19, ABarappapp, 10991, 0, 0, 0, , 0, 0, 0, 0, 0, 
43, 1, 43, 44, -1, 223, 177, 32.0, 17, ABarpapppa, 6052, 0, 0, 0, , 0, 0, 0, 0, 0, 
44, 1, 44, 45, -1, 216, 192, 34.0, 17, ABarpapppp, 6358, 0, 0, 0, , 0, 0, 0, 0, 0, 
45, 1, 45, 46, -1, 245, 176, 33.0, 17, ABarpappap, 6706, 0, 0, 0, , 0, 0, 0, 0, 0, 
46, 1, 46, 47, -1, 290, 185, 35.0, 17, ABarpapaaa, 6246, 0, 0, 0, , 0, 0, 0, 0, 0, 
47, 1, 47, 48, -1, 294, 192, 32.0, 13, ABarpapaapa, 3618, 0, 0, 0, , 0, 0, 0, 0, 0, 
48, 1, 48, 49, -1, 272, 197, 33.0, 15, ABarpapaapp, 4092, 0, 0, 0, , 0, 0, 0, 0, 0, 
49, 1, 49, 50, -1, 235, 214, 34.0, 17, ABarpapapp, 7814, 0, 0, 0, , 0, 0, 0, 0, 0, 
50, 1, 50, 51, -1, 271, 219, 34.0, 15, ABarpapapa, 6015, 0, 0, 0, , 0, 0, 0, 0, 0, 
51, 1, 51, 52, -1, 213, 271, 33.0, 17, ABarpaappp, 7081, 0, 0, 0, , 0, 0, 0, 0, 0, 
52, 1, 52, 53, -1, 254, 220, 34.0, 13, ABarpaapaa, 5000, 0, 0, 0, , 0, 0, 0, 0, 0, 
53, 1, 53, 54, -1, 242, 251, 34.0, 21, ABarpaapap, 28187, 0, 0, 0, , 0, 0, 0, 0, 0, 
54, 1, 54, 55, -1, 327, 211, 32.0, 17, ABarpaaaaa, 7001, 0, 0, 0, , 0, 0, 0, 0, 0, 
55, 1, 55, 56, -1, 296, 232, 35.0, 15, ABarpaaaap, 6981, 0, 0, 0, , 0, 0, 0, 0, 0, 
56, 1, 56, 57, -1, 272, 237, 35.0, 11, ABarpaaapp, 4279, 0, 0, 0, , 0, 0, 0, 0, 0, 
57, 1, 57, 58, -1, 292, 209, 35.0, 19, ABarpaaapa, 8505, 0, 0, 0, , 0, 0, 0, 0, 0, 
58, 1, 58, 59, -1, 232, 319, 34.0, 15, ABarppaaap, 6133, 0, 0, 0, , 0, 0, 0, 0, 0, 
59, 1, 59, 60, -1, 237, 293, 34.0, 17, ABarppaaaa, 4490, 0, 0, 0, , 0, 0, 0, 0, 0, 
60, 1, 60, 61, -1, 180, 331, 34.0, 15, ABarppaapp, 5438, 0, 0, 0, , 0, 0, 0, 0, 0, 
61, 1, 61, 62, -1, 138, 350, 30.0, 17, ABarppappa, 5488, 0, 0, 0, , 0, 0, 0, 0, 0, 
62, 1, 62, 63, -1, 110, 357, 21.0, 17, ABarppappp, 6786, 0, 0, 0, , 0, 0, 0, 0, 0, 
63, 1, 63, 64, -1, 190, 347, 32.0, 17, ABarppapap, 6912, 0, 0, 0, , 0, 0, 0, 0, 0, 
64, 1, 64, 65, -1, 214, 337, 33.0, 17, ABarppapaa, 7496, 0, 0, 0, , 0, 0, 0, 0, 0, 
65, 1, 65, 66, -1, 71, 259, 20.0, 15, ABarpppppp, 6078, 0, 0, 0, , 0, 0, 0, 0, 0, 
66, 1, 66, 67, -1, 96, 245, 29.0, 15, ABarpppppa, 5519, 0, 0, 0, , 0, 0, 0, 0, 0, 
67, 1, 67, 68, -1, 161, 198, 30.0, 15, ABarppppaa, 5895, 0, 0, 0, , 0, 0, 0, 0, 0, 
68, 1, 68, 69, -1, 132, 214, 31.0, 17, ABarppppap, 6052, 0, 0, 0, , 0, 0, 0, 0, 0, 
69, 1, 69, 70, -1, 186, 196, 34.0, 17, ABarpppaap, 6606, 0, 0, 0, , 0, 0, 0, 0, 0, 
70, 1, 70, 71, -1, 203, 213, 34.0, 15, ABarpppaaa, 4439, 0, 0, 0, , 0, 0, 0, 0, 0, 
71, 1, 71, 72, -1, 315, 184, 27.0, 13, ABalappppaa, 2906, 0, 0, 0, , 0, 0, 0, 0, 0, 
72, 1, 72, 73, -1, 299, 181, 28.0, 11, ABalappppap, 1448, 0, 0, 0, , 0, 0, 0, 0, 0, 
73, 1, 73, 74, -1, 294, 172, 31.0, 13, ABalapppppa, 2565, 0, 0, 0, , 0, 0, 0, 0, 0, 
74, 1, 74, 75, -1, 269, 176, 33.0, 15, ABalapppppp, 1946, 0, 0, 0, , 0, 0, 0, 0, 0, 
75, 1, 75, 76, -1, 334, 191, 27.0, 17, ABalapppaa, 4656, 0, 0, 0, , 0, 0, 0, 0, 0, 
76, 1, 76, 77, -1, 321, 195, 31.0, 13, ABalapppapa, 2605, 0, 0, 0, , 0, 0, 0, 0, 0, 
77, 1, 77, 78, -1, 302, 204, 33.0, 13, ABalapppapp, 4404, 0, 0, 0, , 0, 0, 0, 0, 0, 
78, 1, 78, 79, -1, 319, 177, 23.0, 15, ABalappapa, 6873, 0, 0, 0, , 0, 0, 0, 0, 0, 
79, 1, 79, 80, -1, 343, 220, 27.0, 15, ABalappaap, 5154, 0, 0, 0, , 0, 0, 0, 0, 0, 
80, 1, 80, 81, -1, 306, 167, 26.0, 17, ABalappapp, 4541, 0, 0, 0, , 0, 0, 0, 0, 0, 
81, 1, 81, 82, -1, 311, 264, 34.0, 16, ABalapappp, 4939, 0, 0, 0, , 0, 0, 0, 0, 0, 
82, 1, 82, 83, -1, 335, 242, 27.0, 13, ABalapappaa, 3240, 0, 0, 0, , 0, 0, 0, 0, 0, 
83, 1, 83, 84, -1, 322, 259, 30.0, 13, ABalapappap, 3593, 0, 0, 0, , 0, 0, 0, 0, 0, 
84, 1, 84, 85, -1, 327, 226, 34.0, 15, ABalapapaa, 6065, 0, 0, 0, , 0, 0, 0, 0, 0, 
85, 1, 85, 86, 464, 320, 237, 32.0, 15, ABalapapap, 5095, 0, 0, 0, , 0, 0, 0, 0, 0, 
86, 1, 86, 87, -1, 349, 239, 25.0, 15, ABalapaaaa, 7236, 0, 0, 0, , 0, 0, 0, 0, 0, 
87, 1, 87, 88, -1, 345, 255, 28.0, 13, ABalapaaapa, 3809, 0, 0, 0, , 0, 0, 0, 0, 0, 
88, 1, 87, 89, -1, 335, 268, 29.0, 13, ABalapaaapp, 4602, 0, 0, 0, , 0, 0, 0, 0, 0, 
89, 1, 88, 90, -1, 350, 257, 24.0, 15, ABalapaappa, 4596, 0, 0, 0, , 0, 0, 0, 0, 0, 
90, 1, 89, 91, -1, 336, 260, 21.0, 15, ABalapaapa, 7165, 0, 0, 0, , 0, 0, 0, 0, 0, 
91, 1, 90, 92, -1, 346, 278, 24.0, 15, ABalapaappp, 5699, 0, 0, 0, , 0, 0, 0, 0, 0, 
92, 1, 91, 93, -1, 310, 189, 14.0, 15, ABalaapaaa, 6110, 0, 0, 0, , 0, 0, 0, 0, 0, 
93, 1, 92, 94, -1, 254, 181, 10.0, 15, ABalaapapa, 5540, 0, 0, 0, , 0, 0, 0, 0, 0, 
94, 1, 93, 95, -1, 297, 185, 12.0, 15, ABalaapaap, 6613, 0, 0, 0, , 0, 0, 0, 0, 0, 
95, 1, 94, 96, -1, 283, 185, 15.0, 15, ABalaappap, 5986, 0, 0, 0, , 0, 0, 0, 0, 0, 
96, 1, 95, 97, -1, 290, 169, 15.0, 13, ABalaappaa, 5552, 0, 0, 0, , 0, 0, 0, 0, 0, 
97, 1, 96, 98, -1, 291, 169, 24.0, 15, ABalaappppp, 3437, 0, 0, 0, , 0, 0, 0, 0, 0, 
98, 1, 97, 99, -1, 308, 175, 20.0, 17, ABalaappppa, 4271, 0, 0, 0, , 0, 0, 0, 0, 0, 
99, 1, 98, 100, -1, 291, 185, 20.0, 15, ABalaapppa, 6926, 0, 0, 0, , 0, 0, 0, 0, 0, 
100, 1, 99, 101, -1, 346, 262, 13.0, 17, ABalaaaalp, 8426, 0, 0, 0, , 0, 0, 0, 0, 0, 
101, 1, 100, 102, -1, 326, 192, 16.0, 15, ABalaaaarr, 7174, 0, 0, 0, , 0, 0, 0, 0, 0, 
102, 1, 101, 103, -1, 347, 218, 18.0, 15, ABalaaaarl, 9461, 0, 0, 0, , 0, 0, 0, 0, 0, 
103, 1, 102, 104, -1, 331, 187, 21.0, 15, ABalaaappl, 7015, 0, 0, 0, , 0, 0, 0, 0, 0, 
104, 1, 103, 105, -1, 309, 183, 17.0, 17, ABalaaappr, 10477, 0, 0, 0, , 0, 0, 0, 0, 0, 
105, 1, 104, 106, -1, 349, 214, 22.0, 17, ABalaaapar, 7359, 0, 0, 0, , 0, 0, 0, 0, 0, 
106, 1, 105, 107, -1, 350, 245, 20.0, 17, ABalaaapal, 8321, 0, 0, 0, , 0, 0, 0, 0, 0, 
107, 1, 106, 108, -1, 156, 327, 10.0, 13, ABplppppapa, 4538, 0, 0, 0, , 0, 0, 0, 0, 0, 
108, 1, 107, 109, -1, 151, 308, 10.0, 13, ABplppppapp, 5322, 0, 0, 0, , 0, 0, 0, 0, 0, 
109, 1, 108, 110, -1, 184, 307, 9.0, 15, ABplppppaaa, 5672, 0, 0, 0, , 0, 0, 0, 0, 0, 
110, 1, 109, 111, -1, 173, 316, 10.0, 13, ABplppppaap, 4678, 0, 0, 0, , 0, 0, 0, 0, 0, 
111, 1, 110, 112, -1, 109, 317, 11.0, 17, ABplpppppp, 8523, 0, 0, 0, , 0, 0, 0, 0, 0, 
112, 1, 111, 113, -1, 153, 308, 13.0, 15, ABplpppppa, 8450, 0, 0, 0, , 0, 0, 0, 0, 0, 
113, 1, 112, 114, -1, 130, 312, 12.0, 13, ABplpppapp, 6500, 0, 0, 0, , 0, 0, 0, 0, 0, 
114, 1, 113, 115, -1, 140, 330, 10.0, 13, ABplpppapaa, 4290, 0, 0, 0, , 0, 0, 0, 0, 0, 
115, 1, 114, 116, -1, 137, 346, 13.0, 13, ABplpppaapp, 3623, 0, 0, 0, , 0, 0, 0, 0, 0, 
116, 1, 115, 117, -1, 159, 342, 12.0, 13, ABplpppaapa, 4718, 0, 0, 0, , 0, 0, 0, 0, 0, 
117, 1, 116, 118, -1, 190, 327, 11.0, 11, ABplpppaaaa, 3636, 0, 0, 0, , 0, 0, 0, 0, 0, 
118, 1, 117, 119, -1, 170, 340, 12.0, 13, ABplpppaaap, 4075, 0, 0, 0, , 0, 0, 0, 0, 0, 
119, 1, 118, 120, -1, 188, 342, 14.0, 15, ABplppappp, 7499, 0, 0, 0, , 0, 0, 0, 0, 0, 
120, 1, 119, 121, -1, 213, 334, 13.0, 17, ABplppappa, 8144, 0, 0, 0, , 0, 0, 0, 0, 0, 
121, 1, 120, 122, -1, 217, 340, 17.0, 15, ABplppapaap, 4067, 0, 0, 0, , 0, 0, 0, 0, 0, 
122, 1, 121, 123, -1, 202, 346, 18.0, 15, ABplppapap, 8092, 0, 0, 0, , 0, 0, 0, 0, 0, 
123, 1, 122, 124, -1, 204, 318, 11.0, 15, ABplppaapp, 8572, 0, 0, 0, , 0, 0, 0, 0, 0, 
124, 1, 123, 125, -1, 265, 317, 18.0, 13, ABplppaaaaa, 4057, 0, 0, 0, , 0, 0, 0, 0, 0, 
125, 1, 124, 126, -1, 250, 322, 20.0, 13, ABplppaaap, 6916, 0, 0, 0, , 0, 0, 0, 0, 0, 
126, 1, 125, 127, -1, 243, 269, 8.0, 15, ABplpappaaa, 3970, 0, 0, 0, , 0, 0, 0, 0, 0, 
127, 1, 126, 128, -1, 223, 280, 10.0, 17, ABplpappaap, 7020, 0, 0, 0, , 0, 0, 0, 0, 0, 
128, 1, 127, 129, -1, 218, 263, 11.0, 15, ABplpappap, 7470, 0, 0, 0, , 0, 0, 0, 0, 0, 
129, 1, 128, 130, -1, 163, 294, 10.0, 17, ABplpapppp, 7356, 0, 0, 0, , 0, 0, 0, 0, 0, 
130, 1, 129, 131, -1, 179, 281, 10.0, 19, ABplpapppa, 8229, 0, 0, 0, , 0, 0, 0, 0, 0, 
131, 1, 130, 132, -1, 205, 296, 10.0, 15, ABplpapapp, 7237, 0, 0, 0, , 0, 0, 0, 0, 0, 
132, 1, 131, 133, 134, 229, 304, 11.0, 13, ABplpapapa, 6691, 0, 0, 0, , 0, 0, 0, 0, 0, 
133, 1, 132, 135, -1, 252, 309, 15.0, 17, ABplpapaap, 6801, 0, 0, 0, , 0, 0, 0, 0, 0, 
134, 1, 133, 136, -1, 266, 294, 13.0, 17, ABplpapaaa, 7964, 0, 0, 0, , 0, 0, 0, 0, 0, 
135, 1, 134, 137, -1, 254, 333, 15.0, 13, ABplpaaaapp, 6339, 0, 0, 0, , 0, 0, 0, 0, 0, 
136, 1, 135, 138, -1, 267, 318, 12.0, 15, ABplpaaaapa, 6553, 0, 0, 0, , 0, 0, 0, 0, 0, 
137, 1, 136, 139, -1, 299, 286, 16.0, 15, ABplpaaaaa, 11484, 0, 0, 0, , 0, 0, 0, 0, 0, 
138, 1, 137, 140, -1, 300, 304, 18.0, 17, ABplpaaapa, 7671, 0, 0, 0, , 0, 0, 0, 0, 0, 
139, 1, 138, 141, -1, 292, 310, 16.0, 15, ABplpaaappa, 6693, 0, 0, 0, , 0, 0, 0, 0, 0, 
140, 1, 138, 142, -1, 275, 319, 16.0, 15, ABplpaaappp, 5600, 0, 0, 0, , 0, 0, 0, 0, 0, 
141, 1, 139, 143, -1, 280, 303, 25.0, 16, ABplpaappa, 4885, 0, 0, 0, , 0, 0, 0, 0, 0, 
142, 1, 140, 144, 145, 280, 322, 20.0, 17, ABplpaappp, 8922, 0, 0, 0, , 0, 0, 0, 0, 0, 
143, 1, 141, 146, -1, 300, 285, 20.0, 17, ABplpaapaa, 8379, 0, 0, 0, , 0, 0, 0, 0, 0, 
144, 1, 142, 147, -1, 295, 313, 22.0, 19, ABplpaapap, 7250, 0, 0, 0, , 0, 0, 0, 0, 0, 
145, 1, 143, 148, -1, 269, 332, 25.0, 19, ABplaappap, 15087, 0, 0, 0, , 0, 0, 0, 0, 0, 
146, 1, 144, 149, -1, 283, 324, 25.0, 15, ABplaappaa, 6077, 0, 0, 0, , 0, 0, 0, 0, 0, 
147, 1, 145, 150, -1, 259, 330, 28.0, 17, ABplaapppa, 5844, 0, 0, 0, , 0, 0, 0, 0, 0, 
148, 1, 146, 151, -1, 230, 347, 24.0, 17, ABplaapppp, 8554, 0, 0, 0, , 0, 0, 0, 0, 0, 
149, 1, 147, 152, -1, 334, 258, 34.0, 19, ABplaapaaa, 8748, 0, 0, 0, , 0, 0, 0, 0, 0, 
150, 1, 148, 153, -1, 336, 273, 32.0, 17, ABplaapaapa, 5360, 0, 0, 0, , 0, 0, 0, 0, 0, 
151, 1, 149, 154, -1, 315, 285, 31.0, 15, ABplaapaapp, 4869, 0, 0, 0, , 0, 0, 0, 0, 0, 
152, 1, 150, 155, -1, 297, 303, 29.0, 17, ABplaapappp, 8401, 0, 0, 0, , 0, 0, 0, 0, 0, 
153, 1, 151, 156, -1, 303, 279, 29.0, 15, ABplaapappa, 6803, 0, 0, 0, , 0, 0, 0, 0, 0, 
154, 1, 152, 157, -1, 307, 277, 26.0, 17, ABplaapapa, 11754, 0, 0, 0, , 0, 0, 0, 0, 0, 
155, 1, 153, 158, -1, 299, 251, 32.0, 17, ABplaaaaap, 7629, 0, 0, 0, , 0, 0, 0, 0, 0, 
156, 1, 154, 159, -1, 308, 246, 36.0, 15, ABplaaaaaa, 6781, 0, 0, 0, , 0, 0, 0, 0, 0, 
157, 1, 155, 160, -1, 261, 268, 34.0, 15, ABplaaaapp, 6541, 0, 0, 0, , 0, 0, 0, 0, 0, 
158, 1, 156, 161, -1, 277, 254, 34.0, 15, ABplaaaapa, 6271, 0, 0, 0, , 0, 0, 0, 0, 0, 
159, 1, 157, 162, -1, 258, 292, 34.0, 17, ABplaaappp, 6157, 0, 0, 0, , 0, 0, 0, 0, 0, 
160, 1, 158, 163, -1, 275, 298, 33.0, 17, ABplaaappa, 5438, 0, 0, 0, , 0, 0, 0, 0, 0, 
161, 1, 159, 164, -1, 292, 293, 34.0, 17, ABplaaapap, 6028, 0, 0, 0, , 0, 0, 0, 0, 0, 
162, 1, 160, 165, -1, 300, 278, 35.0, 15, ABplaaapaa, 5654, 0, 0, 0, , 0, 0, 0, 0, 0, 
163, 1, 161, 166, -1, 127, 355, 14.0, 17, ABplappppa, 7310, 0, 0, 0, , 0, 0, 0, 0, 0, 
164, 1, 162, 167, -1, 106, 337, 13.0, 15, ABplappppp, 6614, 0, 0, 0, , 0, 0, 0, 0, 0, 
165, 1, 163, 168, -1, 126, 341, 17.0, 15, ABplapppaa, 5773, 0, 0, 0, , 0, 0, 0, 0, 0, 
166, 1, 164, 169, -1, 125, 333, 13.0, 15, ABplapppap, 6333, 0, 0, 0, , 0, 0, 0, 0, 0, 
167, 1, 165, 170, -1, 195, 356, 24.0, 15, ABplappaaa, 7950, 0, 0, 0, , 0, 0, 0, 0, 0, 
168, 1, 166, 171, -1, 176, 362, 24.0, 15, ABplappaap, 7262, 0, 0, 0, , 0, 0, 0, 0, 0, 
169, 1, 167, 172, -1, 162, 362, 22.0, 15, ABplappapp, 7268, 0, 0, 0, , 0, 0, 0, 0, 0, 
170, 1, 168, 173, -1, 163, 350, 31.0, 15, ABplappapa, 8034, 0, 0, 0, , 0, 0, 0, 0, 0, 
171, 1, 169, 174, -1, 208, 353, 28.0, 17, ABplapaapp, 7975, 0, 0, 0, , 0, 0, 0, 0, 0, 
172, 1, 170, 175, -1, 241, 338, 29.0, 15, ABplapaapa, 6858, 0, 0, 0, , 0, 0, 0, 0, 0, 
173, 1, 171, 176, -1, 241, 301, 32.0, 16, ABplapaaaa, 7894, 0, 0, 0, , 0, 0, 0, 0, 0, 
174, 1, 172, 177, -1, 246, 318, 30.0, 19, ABplapaaap, 8577, 0, 0, 0, , 0, 0, 0, 0, 0, 
175, 1, 173, 178, -1, 104, 342, 18.0, 17, ABplapappp, 8347, 0, 0, 0, , 0, 0, 0, 0, 0, 
176, 1, 174, 179, -1, 141, 369, 22.0, 15, ABplapapap, 6529, 0, 0, 0, , 0, 0, 0, 0, 0, 
177, 1, 175, 180, -1, 130, 360, 18.0, 17, ABplapappa, 7974, 0, 0, 0, , 0, 0, 0, 0, 0, 
178, 1, 176, 181, -1, 128, 358, 27.0, 17, ABplapapaa, 9074, 0, 0, 0, , 0, 0, 0, 0, 0, 
179, 1, 177, 182, -1, 213, 220, 13.0, 13, ABprpapaaa, 5060, 0, 0, 0, , 0, 0, 0, 0, 0, 
180, 1, 178, 183, -1, 204, 204, 13.0, 15, ABprpapaap, 6325, 0, 0, 0, , 0, 0, 0, 0, 0, 
181, 1, 179, 184, -1, 179, 235, 11.0, 13, ABprpapappa, 4250, 0, 0, 0, , 0, 0, 0, 0, 0, 
182, 1, 180, 185, -1, 176, 259, 10.0, 13, ABprpapappp, 4370, 0, 0, 0, , 0, 0, 0, 0, 0, 
183, 1, 181, 186, -1, 195, 228, 12.0, 15, ABprpapapa, 6395, 0, 0, 0, , 0, 0, 0, 0, 0, 
184, 1, 182, 187, -1, 144, 289, 12.0, 13, ABprpappppp, 4051, 0, 0, 0, , 0, 0, 0, 0, 0, 
185, 1, 182, 188, -1, 152, 285, 14.0, 15, ABprpappppa, 4652, 0, 0, 0, , 0, 0, 0, 0, 0, 
186, 1, 183, 189, -1, 202, 252, 12.0, 13, ABprpapppaa, 5180, 0, 0, 0, , 0, 0, 0, 0, 0, 
187, 1, 183, 190, -1, 190, 266, 12.0, 13, ABprpapppap, 3988, 0, 0, 0, , 0, 0, 0, 0, 0, 
188, 1, 184, 191, -1, 204, 248, 10.0, 13, ABprpappapa, 4843, 0, 0, 0, , 0, 0, 0, 0, 0, 
189, 1, 185, 192, -1, 198, 273, 9.0, 15, ABprpappapp, 7403, 0, 0, 0, , 0, 0, 0, 0, 0, 
190, 1, 186, 193, -1, 215, 233, 10.0, 13, ABprpappaap, 5660, 0, 0, 0, , 0, 0, 0, 0, 0, 
191, 1, 187, 194, -1, 236, 247, 9.0, 15, ABprpappaaa, 5447, 0, 0, 0, , 0, 0, 0, 0, 0, 
192, 1, 188, 195, -1, 233, 184, 15.0, 13, ABprpaaaaap, 5276, 0, 0, 0, , 0, 0, 0, 0, 0, 
193, 1, 188, 196, -1, 255, 188, 15.0, 13, ABprpaaaaaa, 5113, 0, 0, 0, , 0, 0, 0, 0, 0, 
194, 1, 189, 197, -1, 191, 187, 11.0, 19, ABprpaaaapp, 7299, 0, 0, 0, , 0, 0, 0, 0, 0, 
195, 1, 190, 198, -1, 218, 179, 11.0, 16, ABprpaaaapa, 4227, 0, 0, 0, , 0, 0, 0, 0, 0, 
196, 1, 191, 199, -1, 227, 169, 15.0, 13, ABprpaaappa, 4753, 0, 0, 0, , 0, 0, 0, 0, 0, 
197, 1, 192, 200, -1, 212, 184, 14.0, 15, ABprpaaappp, 5286, 0, 0, 0, , 0, 0, 0, 0, 0, 
198, 1, 193, 201, -1, 239, 170, 13.0, 15, ABprpaaapa, 9051, 0, 0, 0, , 0, 0, 0, 0, 0, 
199, 1, 194, 202, -1, 248, 176, 18.0, 19, ABprpaapaa, 9892, 0, 0, 0, , 0, 0, 0, 0, 0, 
200, 1, 195, 203, 204, 231, 165, 20.0, 17, ABprpaapap, 7484, 0, 0, 0, , 0, 0, 0, 0, 0, 
201, 1, 196, 205, -1, 217, 169, 18.0, 15, ABprpaapppa, 4213, 0, 0, 0, , 0, 0, 0, 0, 0, 
202, 1, 197, 206, -1, 200, 175, 18.0, 13, ABprpaapppp, 4172, 0, 0, 0, , 0, 0, 0, 0, 0, 
203, 1, 198, 207, -1, 209, 181, 25.0, 13, ABprpaappap, 3484, 0, 0, 0, , 0, 0, 0, 0, 0, 
204, 1, 199, 208, -1, 229, 185, 22.0, 15, ABprpaappaa, 4313, 0, 0, 0, , 0, 0, 0, 0, 0, 
205, 1, 200, 209, -1, 110, 252, 10.0, 19, ABprpppaap, 13936, 0, 0, 0, , 0, 0, 0, 0, 0, 
206, 1, 201, 210, -1, 134, 240, 11.0, 17, ABprpppaaa, 8699, 0, 0, 0, , 0, 0, 0, 0, 0, 
207, 1, 202, 211, -1, 121, 264, 10.0, 13, ABprpppapaa, 4716, 0, 0, 0, , 0, 0, 0, 0, 0, 
208, 1, 203, 212, -1, 116, 281, 10.0, 11, ABprpppapap, 2654, 0, 0, 0, , 0, 0, 0, 0, 0, 
209, 1, 204, 213, -1, 121, 297, 10.0, 13, ABprpppapp, 5095, 0, 0, 0, , 0, 0, 0, 0, 0, 
210, 1, 205, 214, -1, 142, 257, 10.0, 13, ABprppppapa, 4639, 0, 0, 0, , 0, 0, 0, 0, 0, 
211, 1, 206, 215, -1, 136, 282, 9.0, 15, ABprppppapp, 4343, 0, 0, 0, , 0, 0, 0, 0, 0, 
212, 1, 207, 216, -1, 164, 267, 10.0, 13, ABprppppaaa, 4672, 0, 0, 0, , 0, 0, 0, 0, 0, 
213, 1, 208, 217, -1, 147, 271, 11.0, 13, ABprppppaap, 3673, 0, 0, 0, , 0, 0, 0, 0, 0, 
214, 1, 209, 218, -1, 91, 303, 11.0, 13, ABprppppppp, 5017, 0, 0, 0, , 0, 0, 0, 0, 0, 
215, 1, 210, 219, -1, 108, 290, 10.0, 13, ABprppppppa, 3771, 0, 0, 0, , 0, 0, 0, 0, 0, 
216, 1, 211, 220, -1, 130, 275, 14.0, 19, ABprpppppa, 14087, 0, 0, 0, , 0, 0, 0, 0, 0, 
217, 1, 212, 221, -1, 177, 215, 13.0, 15, ABprppaapa, 8075, 0, 0, 0, , 0, 0, 0, 0, 0, 
218, 1, 213, 222, -1, 161, 243, 10.0, 17, ABprppaapp, 10962, 0, 0, 0, , 0, 0, 0, 0, 0, 
219, 1, 214, 223, -1, 195, 192, 16.0, 17, ABprppaaaa, 9248, 0, 0, 0, , 0, 0, 0, 0, 0, 
220, 1, 215, 224, -1, 178, 179, 20.0, 13, ABprppaaap, 5222, 0, 0, 0, , 0, 0, 0, 0, 0, 
221, 1, 216, 225, -1, 161, 200, 14.0, 17, ABprppapaa, 8107, 0, 0, 0, , 0, 0, 0, 0, 0, 
222, 1, 217, 226, -1, 135, 215, 14.0, 19, ABprppapap, 8339, 0, 0, 0, , 0, 0, 0, 0, 0, 
223, 1, 218, 227, -1, 116, 230, 13.0, 19, ABprppappp, 7673, 0, 0, 0, , 0, 0, 0, 0, 0, 
224, 1, 219, 228, -1, 152, 222, 12.0, 15, ABprppappa, 8106, 0, 0, 0, , 0, 0, 0, 0, 0, 
225, 1, 220, 229, -1, 317, 176, 32.0, 19, ABpraapaaa, 8485, 0, 0, 0, , 0, 0, 0, 0, 0, 
226, 1, 221, 230, -1, 291, 170, 28.0, 15, ABpraapaapa, 5207, 0, 0, 0, , 0, 0, 0, 0, 0, 
227, 1, 222, 231, -1, 261, 183, 25.0, 17, ABpraapapa, 7721, 0, 0, 0, , 0, 0, 0, 0, 0, 
228, 1, 223, 232, -1, 241, 170, 28.0, 15, ABpraapappp, 5853, 0, 0, 0, , 0, 0, 0, 0, 0, 
229, 1, 224, 233, -1, 257, 179, 28.0, 15, ABpraapappa, 5182, 0, 0, 0, , 0, 0, 0, 0, 0, 
230, 1, 225, 234, -1, 157, 191, 22.0, 15, ABpraapppp, 8938, 0, 0, 0, , 0, 0, 0, 0, 0, 
231, 1, 226, 235, -1, 184, 180, 23.0, 17, ABpraapppa, 3658, 0, 0, 0, , 0, 0, 0, 0, 0, 
232, 1, 227, 236, -1, 200, 168, 23.0, 15, ABpraappap, 5659, 0, 0, 0, , 0, 0, 0, 0, 0, 
233, 1, 228, 237, -1, 216, 168, 23.0, 15, ABpraappaa, 5495, 0, 0, 0, , 0, 0, 0, 0, 0, 
234, 1, 229, 238, -1, 274, 169, 25.0, 15, ABpraaapap, 6935, 0, 0, 0, , 0, 0, 0, 0, 0, 
235, 1, 230, 239, -1, 276, 178, 20.0, 13, ABpraaapaa, 6252, 0, 0, 0, , 0, 0, 0, 0, 0, 
236, 1, 231, 240, -1, 254, 179, 22.0, 19, ABpraaappa, 14831, 0, 0, 0, , 0, 0, 0, 0, 0, 
237, 1, 232, 241, -1, 241, 191, 25.0, 15, ABpraaapppa, 4283, 0, 0, 0, , 0, 0, 0, 0, 0, 
238, 1, 233, 242, -1, 225, 179, 27.0, 15, ABpraaapppp, 4374, 0, 0, 0, , 0, 0, 0, 0, 0, 
239, 1, 234, 243, -1, 279, 159, 20.0, 15, ABpraaaaap, 7080, 0, 0, 0, , 0, 0, 0, 0, 0, 
240, 1, 235, 244, -1, 272, 168, 15.0, 15, ABpraaaaaa, 8603, 0, 0, 0, , 0, 0, 0, 0, 0, 
241, 1, 236, 245, -1, 263, 165, 19.0, 17, ABpraaaapa, 6597, 0, 0, 0, , 0, 0, 0, 0, 0, 
242, 1, 237, 246, -1, 256, 158, 23.0, 19, ABpraaaapp, 8793, 0, 0, 0, , 0, 0, 0, 0, 0, 
243, 1, 238, 247, -1, 107, 222, 19.0, 15, ABprappapp, 8712, 0, 0, 0, , 0, 0, 0, 0, 0, 
244, 1, 239, 248, -1, 110, 224, 28.0, 15, ABprappapa, 7265, 0, 0, 0, , 0, 0, 0, 0, 0, 
245, 1, 240, 249, -1, 116, 213, 22.0, 15, ABprappaap, 6186, 0, 0, 0, , 0, 0, 0, 0, 0, 
246, 1, 241, 250, -1, 137, 206, 20.0, 15, ABprappaaa, 9341, 0, 0, 0, , 0, 0, 0, 0, 0, 
247, 1, 242, 251, -1, 90, 262, 15.0, 15, ABprapppaa, 6276, 0, 0, 0, , 0, 0, 0, 0, 0, 
248, 1, 243, 252, -1, 98, 269, 12.0, 15, ABprapppap, 6699, 0, 0, 0, , 0, 0, 0, 0, 0, 
249, 1, 244, 253, -1, 78, 278, 12.0, 17, ABprappppp, 6836, 0, 0, 0, , 0, 0, 0, 0, 0, 
250, 1, 245, 254, -1, 84, 252, 13.0, 17, ABprappppa, 7785, 0, 0, 0, , 0, 0, 0, 0, 0, 
251, 1, 246, 255, -1, 190, 192, 28.0, 19, ABprapaaap, 9066, 0, 0, 0, , 0, 0, 0, 0, 0, 
252, 1, 247, 256, -1, 205, 199, 31.0, 15, ABprapaaaa, 7195, 0, 0, 0, , 0, 0, 0, 0, 0, 
253, 1, 248, 257, -1, 139, 199, 24.0, 15, ABprapaapp, 7309, 0, 0, 0, , 0, 0, 0, 0, 0, 
254, 1, 249, 258, -1, 170, 184, 25.0, 15, ABprapaapa, 6944, 0, 0, 0, , 0, 0, 0, 0, 0, 
255, 1, 250, 259, -1, 90, 242, 16.0, 17, ABprapappa, 8010, 0, 0, 0, , 0, 0, 0, 0, 0, 
256, 1, 251, 260, -1, 73, 277, 17.0, 15, ABprapappp, 7049, 0, 0, 0, , 0, 0, 0, 0, 0, 
257, 1, 252, 261, -1, 91, 239, 20.0, 15, ABprapapap, 8829, 0, 0, 0, , 0, 0, 0, 0, 0, 
258, 1, 253, 262, -1, 83, 252, 25.0, 17, ABprapapaa, 7799, 0, 0, 0, , 0, 0, 0, 0, 0, 
259, 1, 254, 263, -1, 222, 200, 25.0, 13, MSppppap, 3394, 0, 0, 0, , 0, 0, 0, 0, 0, 
260, 1, 255, 264, -1, 221, 200, 20.0, 15, MSppppaa, 4083, 0, 0, 0, , 0, 0, 0, 0, 0, 
261, 1, 256, 265, -1, 234, 211, 30.0, 15, MSpppppa, 4860, 0, 0, 0, , 0, 0, 0, 0, 0, 
262, 1, 257, 266, -1, 193, 221, 30.0, 15, MSpppppp, 4159, 0, 0, 0, , 0, 0, 0, 0, 0, 
263, 1, 258, 267, -1, 212, 222, 17.0, 13, MSpppaaa, 3678, 0, 0, 0, , 0, 0, 0, 0, 0, 
264, 1, 259, 268, -1, 189, 230, 19.0, 17, MSpppaap, 5352, 0, 0, 0, , 0, 0, 0, 0, 0, 
265, 1, 260, 269, -1, 188, 214, 17.0, 13, MSpppapp, 3903, 0, 0, 0, , 0, 0, 0, 0, 0, 
266, 1, 261, 270, -1, 207, 208, 17.0, 11, MSpppapa, 3058, 0, 0, 0, , 0, 0, 0, 0, 0, 
267, 1, 262, 271, -1, 225, 208, 17.0, 15, MSppaapp, 4323, 0, 0, 0, , 0, 0, 0, 0, 0, 
268, 1, 263, 272, -1, 244, 208, 15.0, 11, MSppaapa, 4196, 0, 0, 0, , 0, 0, 0, 0, 0, 
269, 1, 264, 273, -1, 283, 203, 15.0, 17, MSppaaaa, 4637, 0, 0, 0, , 0, 0, 0, 0, 0, 
270, 1, 265, 274, -1, 277, 197, 19.0, 17, MSppaaap, 6109, 0, 0, 0, , 0, 0, 0, 0, 0, 
271, 1, 266, 275, -1, 279, 188, 27.0, 15, MSppappa, 4905, 0, 0, 0, , 0, 0, 0, 0, 0, 
272, 1, 267, 276, -1, 255, 197, 20.0, 13, MSppapaa, 7667, 0, 0, 0, , 0, 0, 0, 0, 0, 
273, 1, 268, 277, -1, 237, 197, 18.0, 15, MSppapap, 4204, 0, 0, 0, , 0, 0, 0, 0, 0, 
274, 1, 269, 278, -1, 194, 267, 15.0, 15, MSpapappp, 4952, 0, 0, 0, , 0, 0, 0, 0, 0, 
275, 1, 270, 279, -1, 214, 257, 16.0, 15, MSpapappa, 3921, 0, 0, 0, , 0, 0, 0, 0, 0, 
276, 1, 271, 280, -1, 202, 248, 18.0, 17, MSpapapa, 7428, 0, 0, 0, , 0, 0, 0, 0, 0, 
277, 1, 272, 281, -1, 246, 247, 17.0, 15, MSpapaaaa, 3648, 0, 0, 0, , 0, 0, 0, 0, 0, 
278, 1, 273, 282, -1, 231, 253, 19.0, 15, MSpapaaap, 5005, 0, 0, 0, , 0, 0, 0, 0, 0, 
279, 1, 274, 283, -1, 219, 234, 19.0, 15, MSpapaapa, 3808, 0, 0, 0, , 0, 0, 0, 0, 0, 
280, 1, 275, 284, -1, 213, 248, 22.0, 17, MSpapaapp, 5528, 0, 0, 0, , 0, 0, 0, 0, 0, 
281, 1, 276, 285, -1, 181, 302, 13.0, 15, MSpappaa, 5332, 0, 0, 0, , 0, 0, 0, 0, 0, 
282, 1, 277, 286, -1, 174, 277, 14.0, 15, MSpappap, 4338, 0, 0, 0, , 0, 0, 0, 0, 0, 
283, 1, 278, 287, -1, 161, 248, 14.0, 17, MSpapppp, 5071, 0, 0, 0, , 0, 0, 0, 0, 0, 
284, 1, 279, 288, -1, 164, 228, 16.0, 17, MSpapppa, 5920, 0, 0, 0, , 0, 0, 0, 0, 0, 
285, 1, 280, 289, -1, 257, 221, 28.0, 13, MSpaaappa, 5191, 0, 0, 0, , 0, 0, 0, 0, 0, 
286, 1, 281, 290, -1, 238, 238, 28.0, 15, MSpaaappp, 5734, 0, 0, 0, , 0, 0, 0, 0, 0, 
287, 1, 282, 291, -1, 253, 238, 30.0, 15, MSpaaapa, 6633, 0, 0, 0, , 0, 0, 0, 0, 0, 
288, 1, 283, 292, -1, 285, 212, 27.0, 17, MSpaaaapa, 5270, 0, 0, 0, , 0, 0, 0, 0, 0, 
289, 1, 284, 293, -1, 269, 211, 29.0, 15, MSpaaaapp, 6120, 0, 0, 0, , 0, 0, 0, 0, 0, 
290, 1, 285, 294, -1, 299, 200, 28.0, 17, MSpaaaaa, 7770, 0, 0, 0, , 0, 0, 0, 0, 0, 
291, 1, 286, 295, -1, 235, 235, 24.0, 15, MSpaapapp, 4265, 0, 0, 0, , 0, 0, 0, 0, 0, 
292, 1, 287, 296, -1, 256, 217, 23.0, 15, MSpaapapa, 3391, 0, 0, 0, , 0, 0, 0, 0, 0, 
293, 1, 288, 297, -1, 264, 204, 25.0, 15, MSpaapaa, 5995, 0, 0, 0, , 0, 0, 0, 0, 0, 
294, 1, 289, 298, -1, 187, 248, 24.0, 23, Earap, 4903, 0, 0, 0, , 0, 0, 0, 0, 0, 
295, 1, 290, 299, -1, 263, 302, 22.0, 16, MSapppaa, 4287, 0, 0, 0, , 0, 0, 0, 0, 0, 
296, 1, 291, 300, -1, 256, 291, 27.0, 15, MSapppap, 5738, 0, 0, 0, , 0, 0, 0, 0, 0, 
297, 1, 292, 301, -1, 252, 279, 29.0, 13, MSappppa, 3284, 0, 0, 0, , 0, 0, 0, 0, 0, 
298, 1, 293, 302, -1, 214, 307, 30.0, 15, MSappppp, 3701, 0, 0, 0, , 0, 0, 0, 0, 0, 
299, 1, 294, 303, -1, 215, 312, 21.0, 15, MSappaap, 5249, 0, 0, 0, , 0, 0, 0, 0, 0, 
300, 1, 295, 304, -1, 234, 296, 20.0, 13, MSappaaa, 2776, 0, 0, 0, , 0, 0, 0, 0, 0, 
301, 1, 296, 305, -1, 242, 304, 19.0, 13, MSappapp, 1517, 0, 0, 0, , 0, 0, 0, 0, 0, 
302, 1, 297, 306, -1, 245, 302, 21.0, 13, MSappapa, 5182, 0, 0, 0, , 0, 0, 0, 0, 0, 
303, 1, 298, 307, -1, 303, 260, 28.0, 15, MSapappa, 4884, 0, 0, 0, , 0, 0, 0, 0, 0, 
304, 1, 299, 308, -1, 274, 272, 30.0, 17, MSapappp, 5585, 0, 0, 0, , 0, 0, 0, 0, 0, 
305, 1, 300, 309, -1, 279, 287, 19.0, 17, MSapapap, 5378, 0, 0, 0, , 0, 0, 0, 0, 0, 
306, 1, 301, 310, -1, 282, 274, 23.0, 15, MSapapaa, 5489, 0, 0, 0, , 0, 0, 0, 0, 0, 
307, 1, 302, 311, -1, 261, 293, 18.0, 17, MSapaapp, 6748, 0, 0, 0, , 0, 0, 0, 0, 0, 
308, 1, 303, 312, -1, 292, 266, 17.0, 13, MSapaapa, 4019, 0, 0, 0, , 0, 0, 0, 0, 0, 
309, 1, 304, 313, -1, 327, 252, 17.0, 16, MSapaaaa, 3011, 0, 0, 0, , 0, 0, 0, 0, 0, 
310, 1, 305, 314, -1, 322, 256, 24.0, 17, MSapaaap, 7132, 0, 0, 0, , 0, 0, 0, 0, 0, 
311, 1, 306, 315, -1, 320, 212, 28.0, 15, MSaaaaapa, 4740, 0, 0, 0, , 0, 0, 0, 0, 0, 
312, 1, 307, 316, -1, 304, 222, 31.0, 15, MSaaaaapp, 4272, 0, 0, 0, , 0, 0, 0, 0, 0, 
313, 1, 308, 317, -1, 331, 204, 24.0, 15, MSaaaaaa, 12915, 0, 0, 0, , 0, 0, 0, 0, 0, 
314, 1, 309, 318, -1, 289, 218, 31.0, 13, MSaaaapaa, 3918, 0, 0, 0, , 0, 0, 0, 0, 0, 
315, 1, 310, 319, -1, 272, 235, 30.0, 13, MSaaaapap, 4611, 0, 0, 0, , 0, 0, 0, 0, 0, 
316, 1, 311, 320, -1, 265, 255, 29.0, 17, MSaaaapp, 7183, 0, 0, 0, , 0, 0, 0, 0, 0, 
317, 1, 312, 321, -1, 251, 247, 25.0, 13, MSaaapapp, 3481, 0, 0, 0, , 0, 0, 0, 0, 0, 
318, 1, 313, 322, -1, 290, 246, 28.0, 15, MSaaapaap, 4724, 0, 0, 0, , 0, 0, 0, 0, 0, 
319, 1, 314, 323, -1, 305, 237, 28.0, 13, MSaaapaaa, 2970, 0, 0, 0, , 0, 0, 0, 0, 0, 
320, 1, 315, 324, -1, 256, 267, 26.0, 13, MSaaappa, 4784, 0, 0, 0, , 0, 0, 0, 0, 0, 
321, 1, 316, 325, -1, 233, 257, 27.0, 15, MSaaappp, 5533, 0, 0, 0, , 0, 0, 0, 0, 0, 
322, 1, 317, 326, -1, 194, 320, 16.0, 15, MSaapppp, 5647, 0, 0, 0, , 0, 0, 0, 0, 0, 
323, 1, 318, 327, -1, 215, 310, 16.0, 19, MSaapppa, 4868, 0, 0, 0, , 0, 0, 0, 0, 0, 
324, 1, 319, 328, -1, 245, 273, 18.0, 13, MSaapaaap, 3231, 0, 0, 0, , 0, 0, 0, 0, 0, 
325, 1, 320, 329, -1, 263, 271, 17.0, 13, MSaapaaaa, 3475, 0, 0, 0, , 0, 0, 0, 0, 0, 
326, 1, 321, 330, -1, 218, 285, 17.0, 13, MSaapappp, 3112, 0, 0, 0, , 0, 0, 0, 0, 0, 
327, 1, 321, 331, -1, 230, 278, 18.0, 13, MSaapappa, 4062, 0, 0, 0, , 0, 0, 0, 0, 0, 
328, 1, 322, 332, -1, 230, 278, 21.0, 15, MSaapapa, 6504, 0, 0, 0, , 0, 0, 0, 0, 0, 
329, 1, 323, 333, -1, 207, 281, 22.0, 21, Ealpa, 14734, 0, 0, 0, , 0, 0, 0, 0, 0, 
330, 1, 324, 334, -1, 170, 298, 23.0, 21, Ealpp, 19271, 0, 0, 0, , 0, 0, 0, 0, 0, 
331, 1, 325, 335, -1, 128, 304, 23.0, 23, Eplpa, 33854, 0, 0, 0, , 0, 0, 0, 0, 0, 
332, 1, 326, 336, -1, 139, 338, 20.0, 17, Cappap, 6991, 0, 0, 0, , 0, 0, 0, 0, 0, 
333, 1, 327, 337, -1, 159, 339, 25.0, 19, Cappaa, 9310, 0, 0, 0, , 0, 0, 0, 0, 0, 
334, 1, 328, 338, -1, 123, 337, 24.0, 17, Capppa, 7022, 0, 0, 0, , 0, 0, 0, 0, 0, 
335, 1, 329, 339, -1, 111, 320, 15.0, 15, Capppp, 6962, 0, 0, 0, , 0, 0, 0, 0, 0, 
336, 1, 330, 340, -1, 161, 338, 20.0, 17, Capapa, 8256, 0, 0, 0, , 0, 0, 0, 0, 0, 
337, 1, 331, 341, -1, 149, 326, 15.0, 17, Capapp, 7254, 0, 0, 0, , 0, 0, 0, 0, 0, 
338, 1, 332, 342, -1, 175, 320, 16.0, 17, Capaap, 7681, 0, 0, 0, , 0, 0, 0, 0, 0, 
339, 1, 333, 343, -1, 193, 326, 20.0, 15, Capaaa, 7141, 0, 0, 0, , 0, 0, 0, 0, 0, 
340, 1, 334, 344, -1, 85, 328, 27.0, 19, Caaapp, 29728, 0, 0, 0, , 0, 0, 0, 0, 0, 
341, 1, 335, 345, -1, 82, 327, 17.0, 19, Caappd, 15765, 0, 0, 0, , 0, 0, 0, 0, 0, 
342, 1, 336, 346, -1, 85, 325, 12.0, 17, Caappv, 5556, 0, 0, 0, , 0, 0, 0, 0, 0, 
343, 1, 337, 347, -1, 95, 303, 14.0, 19, Caapa, 11250, 0, 0, 0, , 0, 0, 0, 0, 0, 
344, 1, 338, 348, -1, 63, 302, 19.0, 19, Cpappd, 7090, 0, 0, 0, , 0, 0, 0, 0, 0, 
345, 1, 339, 349, -1, 72, 305, 14.0, 19, Cpappv, 6892, 0, 0, 0, , 0, 0, 0, 0, 0, 
346, 1, 340, 350, -1, 75, 335, 22.0, 19, Cpapaa, 9400, 0, 0, 0, , 0, 0, 0, 0, 0, 
347, 1, 341, 351, -1, 84, 293, 29.0, 19, Cpaapp, 4823, 0, 0, 0, , 0, 0, 0, 0, 0, 
348, 1, 342, 352, -1, 140, 246, 17.0, 19, Cppaap, 8260, 0, 0, 0, , 0, 0, 0, 0, 0, 
349, 1, 343, 353, -1, 146, 226, 20.0, 17, Cppaaa, 8793, 0, 0, 0, , 0, 0, 0, 0, 0, 
350, 1, 344, 354, -1, 120, 241, 22.0, 17, Cppapa, 8088, 0, 0, 0, , 0, 0, 0, 0, 0, 
351, 1, 345, 355, -1, 121, 251, 15.0, 17, Cppapp, 6295, 0, 0, 0, , 0, 0, 0, 0, 0, 
352, 1, 346, 356, -1, 130, 232, 26.0, 19, Cpppaa, 8955, 0, 0, 0, , 0, 0, 0, 0, 0, 
353, 1, 347, 357, -1, 105, 260, 18.0, 19, Cpppap, 15601, 0, 0, 0, , 0, 0, 0, 0, 0, 
354, 1, 348, 358, -1, 234, 317, 23.0, 15, Daapa, 5387, 0, 0, 0, , 0, 0, 0, 0, 0, 
355, 1, 349, 359, -1, 219, 330, 21.0, 15, Daapp, 5423, 0, 0, 0, , 0, 0, 0, 0, 0, 
356, 1, 350, 360, -1, 248, 298, 24.0, 15, Daaaa, 4798, 0, 0, 0, , 0, 0, 0, 0, 0, 
357, 1, 351, 361, -1, 231, 303, 27.0, 17, Daaap, 4731, 0, 0, 0, , 0, 0, 0, 0, 0, 
358, 1, 352, 362, -1, 193, 319, 29.0, 19, Dappa, 7373, 0, 0, 0, , 0, 0, 0, 0, 0, 
359, 1, 353, 363, -1, 159, 328, 29.0, 15, Dappp, 5593, 0, 0, 0, , 0, 0, 0, 0, 0, 
360, 1, 354, 364, -1, 170, 212, 18.0, 15, Dpapp, 5395, 0, 0, 0, , 0, 0, 0, 0, 0, 
361, 1, 355, 365, -1, 193, 204, 21.0, 17, Dpapa, 4827, 0, 0, 0, , 0, 0, 0, 0, 0, 
362, 1, 356, 366, -1, 199, 208, 25.0, 15, Dpaap, 3876, 0, 0, 0, , 0, 0, 0, 0, 0, 
363, 1, 357, 367, -1, 211, 203, 22.0, 15, Dpaaa, 4849, 0, 0, 0, , 0, 0, 0, 0, 0, 
364, 1, 358, 368, -1, 141, 240, 30.0, 19, Dpppp, 12769, 0, 0, 0, , 0, 0, 0, 0, 0, 
365, 1, 359, 369, -1, 164, 222, 27.0, 19, Dpppa, 7026, 0, 0, 0, , 0, 0, 0, 0, 0, 
366, 1, 360, 370, -1, 182, 206, 24.0, 15, Dppaa, 5310, 0, 0, 0, , 0, 0, 0, 0, 0, 
367, 1, 361, 371, -1, 159, 211, 22.0, 15, Dppap, 4692, 0, 0, 0, , 0, 0, 0, 0, 0, 
368, 1, 362, 372, -1, 160, 264, 16.0, 21, Z2, 65535, 0, 0, 0, , 0, 0, 0, 0, 0, 
369, 0, 363, -1, -1, 381, 244, 24.0, 15, , 8247, 0, 0, 0, , 0, 0, 0, 0, 0, 
370, 1, 364, 374, -1, 331, 297, 22.0, 13, ABalpppappa, 3762, 0, 0, 0, , 0, 0, 0, 0, 0, 
371, 1, 365, 375, -1, 317, 305, 24.0, 15, ABalpppappp, 6111, 0, 0, 0, , 0, 0, 0, 0, 0, 
372, 1, 366, 376, -1, 306, 279, 23.0, 15, ABalpppppaa, 5146, 0, 0, 0, , 0, 0, 0, 0, 0, 
373, 1, 367, 377, -1, 295, 287, 24.0, 13, ABalpppppap, 4143, 0, 0, 0, , 0, 0, 0, 0, 0, 
374, 1, 368, 378, -1, 280, 279, 26.0, 15, ABalppppppa, 5611, 0, 0, 0, , 0, 0, 0, 0, 0, 
375, 1, 369, 379, -1, 281, 305, 28.0, 17, ABalppppppp, 5231, 0, 0, 0, , 0, 0, 0, 0, 0, 
376, 1, 370, 380, -1, 321, 298, 29.0, 13, ABalppppapp, 4917, 0, 0, 0, , 0, 0, 0, 0, 0, 
377, 1, 371, 381, -1, 338, 283, 27.0, 17, ABalppppapa, 5242, 0, 0, 0, , 0, 0, 0, 0, 0, 
378, 1, 372, 382, -1, 317, 271, 18.0, 13, ABalppppaad, 4262, 0, 0, 0, , 0, 0, 0, 0, 0, 
379, 1, 373, 383, -1, 324, 283, 23.0, 13, ABalppppaav, 4445, 0, 0, 0, , 0, 0, 0, 0, 0, 
380, 1, 374, 384, -1, 332, 285, 17.0, 15, ABalpppaaa, 6058, 0, 0, 0, , 0, 0, 0, 0, 0, 
381, 1, 375, 385, -1, 344, 282, 21.0, 17, ABalpppaap, 8758, 0, 0, 0, , 0, 0, 0, 0, 0, 
382, 1, 376, 386, -1, 319, 296, 20.0, 17, ABalpppapa, 11390, 0, 0, 0, , 0, 0, 0, 0, 0, 
383, 1, 377, 387, -1, 336, 264, 17.0, 13, ABalppaaaa, 6100, 0, 0, 0, , 0, 0, 0, 0, 0, 
384, 1, 378, 388, -1, 351, 272, 18.0, 15, ABalppaaap, 7505, 0, 0, 0, , 0, 0, 0, 0, 0, 
385, 1, 379, 389, -1, 307, 299, 13.0, 17, ABalppaapp, 7412, 0, 0, 0, , 0, 0, 0, 0, 0, 
386, 1, 380, 390, -1, 320, 290, 14.0, 13, ABalppaapa, 6067, 0, 0, 0, , 0, 0, 0, 0, 0, 
387, 1, 381, 391, -1, 289, 291, 12.0, 13, ABalppapppa, 3879, 0, 0, 0, , 0, 0, 0, 0, 0, 
388, 1, 382, 392, -1, 278, 303, 12.0, 13, ABalppapppp, 5230, 0, 0, 0, , 0, 0, 0, 0, 0, 
389, 1, 383, 393, -1, 301, 282, 13.0, 13, ABalppappap, 4985, 0, 0, 0, , 0, 0, 0, 0, 0, 
390, 1, 384, 394, -1, 321, 269, 15.0, 13, ABalppappaa, 4962, 0, 0, 0, , 0, 0, 0, 0, 0, 
391, 1, 385, 395, -1, 308, 271, 10.0, 15, ABalppapapa, 5732, 0, 0, 0, , 0, 0, 0, 0, 0, 
392, 1, 386, 396, -1, 284, 280, 9.0, 13, ABalppapapp, 5877, 0, 0, 0, , 0, 0, 0, 0, 0, 
393, 1, 387, 397, -1, 322, 272, 12.0, 17, ABalppapaa, 9225, 0, 0, 0, , 0, 0, 0, 0, 0, 
394, 1, 388, 398, -1, 251, 285, 10.0, 15, ABalpapapap, 6659, 0, 0, 0, , 0, 0, 0, 0, 0, 
395, 1, 389, 399, -1, 272, 274, 10.0, 13, ABalpapapaa, 6258, 0, 0, 0, , 0, 0, 0, 0, 0, 
396, 1, 390, 400, -1, 247, 320, 12.0, 19, ABalpapapp, 11274, 0, 0, 0, , 0, 0, 0, 0, 0, 
397, 1, 391, 401, -1, 278, 252, 9.0, 19, ABalpapaap, 9945, 0, 0, 0, , 0, 0, 0, 0, 0, 
398, 1, 392, 402, -1, 315, 253, 11.0, 11, ABalpapaaaa, 5520, 0, 0, 0, , 0, 0, 0, 0, 0, 
399, 1, 393, 403, -1, 289, 260, 11.0, 15, ABalpapaaap, 5734, 0, 0, 0, , 0, 0, 0, 0, 0, 
400, 1, 394, 404, -1, 267, 255, 12.0, 15, ABalpappapa, 6274, 0, 0, 0, , 0, 0, 0, 0, 0, 
401, 1, 395, 405, -1, 245, 266, 11.0, 16, ABalpappapp, 9246, 0, 0, 0, , 0, 0, 0, 0, 0, 
402, 1, 396, 406, -1, 284, 258, 14.0, 15, ABalpappaap, 7407, 0, 0, 0, , 0, 0, 0, 0, 0, 
403, 1, 397, 407, -1, 286, 239, 14.0, 11, ABalpappaaa, 4814, 0, 0, 0, , 0, 0, 0, 0, 0, 
404, 1, 398, 408, -1, 236, 271, 14.0, 19, ABalpappppp, 8308, 0, 0, 0, , 0, 0, 0, 0, 0, 
405, 1, 399, 409, -1, 261, 275, 14.0, 17, ABalpappppa, 5964, 0, 0, 0, , 0, 0, 0, 0, 0, 
406, 1, 400, 410, -1, 269, 254, 15.0, 17, ABalpapppa, 9740, 0, 0, 0, , 0, 0, 0, 0, 0, 
407, 1, 401, 411, -1, 282, 259, 19.0, 17, ABalpaaapp, 6853, 0, 0, 0, , 0, 0, 0, 0, 0, 
408, 1, 402, 412, -1, 301, 249, 16.0, 15, ABalpaaapa, 8703, 0, 0, 0, , 0, 0, 0, 0, 0, 
409, 1, 403, 413, -1, 300, 244, 12.0, 15, ABalpaaaap, 7139, 0, 0, 0, , 0, 0, 0, 0, 0, 
410, 1, 404, 414, -1, 313, 239, 14.0, 17, ABalpaaaaa, 14545, 0, 0, 0, , 0, 0, 0, 0, 0, 
411, 1, 405, 415, -1, 333, 250, 11.0, 15, ABalpaappp, 8509, 0, 0, 0, , 0, 0, 0, 0, 0, 
412, 1, 406, 416, -1, 326, 228, 11.0, 19, ABalpaappa, 11071, 0, 0, 0, , 0, 0, 0, 0, 0, 
413, 1, 407, 417, -1, 299, 253, 21.0, 15, ABalpaapapp, 6383, 0, 0, 0, , 0, 0, 0, 0, 0, 
414, 1, 408, 418, -1, 308, 242, 19.0, 15, ABalpaapapa, 4712, 0, 0, 0, , 0, 0, 0, 0, 0, 
415, 1, 409, 419, -1, 320, 233, 20.0, 15, ABalpaapaap, 5297, 0, 0, 0, , 0, 0, 0, 0, 0, 
416, 1, 410, 420, -1, 335, 225, 18.0, 13, ABalpaapaaa, 3670, 0, 0, 0, , 0, 0, 0, 0, 0, 
417, 1, 411, 421, -1, 171, 262, 27.0, 17, Epraa, 8414, 0, 0, 0, , 0, 0, 0, 0, 0, 
418, 1, 412, 422, -1, 149, 274, 27.0, 17, Eprap, 5020, 0, 0, 0, , 0, 0, 0, 0, 0, 
419, 1, 413, 423, -1, 205, 231, 24.0, 13, MSpaapp, 3367, 0, 0, 0, , 0, 0, 0, 0, 0, 
420, 1, 414, 424, -1, 162, 263, 23.0, 23, Earpp, 62003, 0, 0, 0, , 0, 0, 0, 0, 0, 
421, 1, 415, 425, -1, 191, 282, 27.0, 17, Ealap, 14852, 0, 0, 0, , 0, 0, 0, 0, 0, 
422, 1, 416, 426, -1, 215, 272, 27.0, 21, Ealaa, 53169, 0, 0, 0, , 0, 0, 0, 0, 0, 
423, 1, 417, 427, -1, 166, 286, 28.0, 19, Eplaa, 12809, 0, 0, 0, , 0, 0, 0, 0, 0, 
424, 1, 418, 428, -1, 145, 292, 26.0, 17, Eplap, 10491, 0, 0, 0, , 0, 0, 0, 0, 0, 
425, 1, 419, 429, -1, 123, 278, 19.0, 19, Eprpp, 11526, 0, 0, 0, , 0, 0, 0, 0, 0, 
426, 1, 420, 430, -1, 189, 337, 26.0, 15, Dapap, 5742, 0, 0, 0, , 0, 0, 0, 0, 0, 
427, 1, 421, 431, -1, 215, 323, 26.0, 15, Dapaa, 5806, 0, 0, 0, , 0, 0, 0, 0, 0, 
428, 1, 422, 432, -1, 226, 266, 23.0, 15, MSaapaapp, 3221, 0, 0, 0, , 0, 0, 0, 0, 0, 
429, 1, 423, 433, -1, 245, 265, 22.0, 11, MSaapaapa, 2810, 0, 0, 0, , 0, 0, 0, 0, 0, 
430, 1, 424, 434, -1, 150, 213, 31.0, 15, ABarpppapp, 5304, 0, 0, 0, , 0, 0, 0, 0, 0, 
431, 1, 425, 435, -1, 232, 321, 15.0, 17, ABplppaapa, 8199, 0, 0, 0, , 0, 0, 0, 0, 0, 
432, 1, 426, 436, -1, 64, 297, 24.0, 17, Cpapap, 7786, 0, 0, 0, , 0, 0, 0, 0, 0, 
433, 0, -1, -1, -1, 220, 241, 25.0, 13, , 1998, 0, 0, 0, , 0, 0, 0, 0, 0, 
434, 1, 428, 438, -1, 346, 243, 15.0, 15, ABalaaaala, 7521, 0, 0, 0, , 0, 0, 0, 0, 0, 
435, 1, 429, 439, -1, 256, 187, 35.0, 15, ABarpappaa, 3976, 0, 0, 0, , 0, 0, 0, 0, 0, 
436, 1, 430, 440, -1, 345, 205, 27.0, 13, ABalappaaa, 3967, 0, 0, 0, , 0, 0, 0, 0, 0, 
437, 1, 431, 441, -1, 95, 268, 25.0, 17, Cppppa, 12888, 0, 0, 0, , 0, 0, 0, 0, 0, 
438, 1, 432, 442, -1, 93, 284, 16.0, 19, Cppppp, 13552, 0, 0, 0, , 0, 0, 0, 0, 0, 
439, 1, 433, 443, -1, 189, 261, 20.0, 19, Earpa, 65535, 0, 0, 0, , 0, 0, 0, 0, 0, 
440, 1, 434, 444, -1, 248, 197, 29.0, 15, MSppappp, 5806, 0, 0, 0, , 0, 0, 0, 0, 0, 
441, 1, 435, 445, -1, 125, 273, 24.0, 19, Eprpa, 10905, 0, 0, 0, , 0, 0, 0, 0, 0, 
442, 1, 436, 446, -1, 221, 245, 34.0, 17, ABarpaappa, 6214, 0, 0, 0, , 0, 0, 0, 0, 0, 
443, 1, 437, 447, -1, 206, 301, 34.0, 19, ABarppaapa, 4676, 0, 0, 0, , 0, 0, 0, 0, 0, 
444, 1, 438, 448, -1, 125, 255, 35.0, 21, Cpaaap, 9948, 0, 0, 0, , 0, 0, 0, 0, 0, 
445, 1, 439, 449, -1, 116, 330, 32.0, 17, Caaapa, 5106, 0, 0, 0, , 0, 0, 0, 0, 0, 
446, 1, 440, 465, -1, 109, 286, 33.0, 21, Cpaapa, 4675, 0, 0, 0, , 0, 0, 0, 0, 0, 
447, 1, 441, 450, -1, 130, 299, 18.0, 23, Eplpp, 44049, 0, 0, 0, , 0, 0, 0, 0, 0, 
448, 1, 442, 451, -1, 206, 290, 14.0, 15, MSaappap, 4500, 0, 0, 0, , 0, 0, 0, 0, 0, 
449, 1, 443, 452, -1, 186, 292, 16.0, 21, Z3, 24620, 0, 0, 0, , 0, 0, 0, 0, 0, 
450, 1, 444, 453, -1, 190, 228, 35.0, 19, ABarpppapa, 8202, 0, 0, 0, , 0, 0, 0, 0, 0, 
451, 1, 445, 454, -1, 261, 171, 13.0, 13, ABalaapapp, 6777, 0, 0, 0, , 0, 0, 0, 0, 0, 
452, 1, 446, 455, -1, 212, 269, 14.0, 15, MSaappaa, 3874, 0, 0, 0, , 0, 0, 0, 0, 0, 
453, 0, 447, -1, -1, 187, 248, 25.0, 19, , 27814, 0, 0, 0, , 0, 0, 0, 0, 0, 
454, 1, 448, 457, -1, 276, 244, 26.0, 15, MSaaapapa, 3687, 0, 0, 0, , 0, 0, 0, 0, 0, 
455, 1, 449, 458, -1, 255, 333, 19.0, 13, ABplppaaaap, 5210, 0, 0, 0, , 0, 0, 0, 0, 0, 
456, 1, 450, 459, -1, 130, 312, 9.0, 13, ABplpppapap, 2989, 0, 0, 0, , 0, 0, 0, 0, 0, 
457, 1, 452, 460, -1, 269, 169, 30.0, 15, ABpraapaapp, 5373, 0, 0, 0, , 0, 0, 0, 0, 0, 
458, 1, 457, 461, -1, 241, 339, 17.0, 13, ABplppapaaa, 3791, 0, 0, 0, , 0, 0, 0, 0, 0, 
459, 1, 453, 466, -1, 171, 249, 33.625, 19, Cpaaaa, 4680, 0, 0, 0, , 0, 0, 0, 0, 0, 
460, 1, 454, 467, -1, 141, 309, 33.0, 15, Caaaap, 0, 0, 0, 0, , 0, 0, 0, 0, 0, 
461, 1, 455, 468, -1, 176, 303, 33.0, 17, Caaaaa, 0, 0, 0, 0, , 0, 0, 0, 0, 0, 
462, 1, 456, 462, -1, 215, 240, 28.0, 20, Earaa, 23555, 0, 0, 0, , 0, 0, 0, 0, 0, 
