1, 1, 1, 1, -1, 315, 205, 22.0, 13, ABaraappaaa, 4133, 0, 0, 0, , 0, 0, 0, 0, 0, 
2, 1, 2, 2, -1, 300, 214, 25.0, 13, ABaraappaap, 4541, 0, 0, 0, , 0, 0, 0, 0, 0, 
3, 1, 3, 3, -1, 269, 209, 23.0, 15, ABaraappapp, 6829, 0, 0, 0, , 0, 0, 0, 0, 0, 
4, 1, 4, 4, -1, 289, 206, 24.0, 15, ABaraappapa, 6019, 0, 0, 0, , 0, 0, 0, 0, 0, 
5, 1, 5, 5, -1, 249, 231, 23.0, 15, MSpaapapa, 3340, 0, 0, 0, , 0, 0, 0, 0, 0, 
6, 1, 6, 6, -1, 257, 213, 21.0, 15, ABaraapppaa, 6372, 0, 0, 0, , 0, 0, 0, 0, 0, 
7, 1, 7, 7, -1, 238, 243, 20.0, 13, ABaraappppp, 5855, 0, 0, 0, , 0, 0, 0, 0, 0, 
8, 1, 8, 8, -1, 262, 272, 21.0, 15, ABaraapappa, 6428, 0, 0, 0, , 0, 0, 0, 0, 0, 
9, 1, 9, 9, -1, 244, 257, 19.0, 15, ABaraapappp, 6900, 0, 0, 0, , 0, 0, 0, 0, 0, 
10, 1, 10, 10, -1, 258, 259, 22.0, 13, ABaraapapap, 5855, 0, 0, 0, , 0, 0, 0, 0, 0, 
11, 1, 11, 11, -1, 272, 255, 23.0, 19, ABaraapapaa, 8067, 0, 0, 0, , 0, 0, 0, 0, 0, 
12, 1, 12, 12, -1, 319, 222, 22.0, 13, ABaraapaaaa, 7673, 0, 0, 0, , 0, 0, 0, 0, 0, 
13, 1, 13, 13, -1, 310, 229, 25.0, 13, ABaraapaaap, 7012, 0, 0, 0, , 0, 0, 0, 0, 0, 
14, 1, 14, 14, -1, 285, 243, 25.0, 15, ABaraapaapp, 6669, 0, 0, 0, , 0, 0, 0, 0, 0, 
15, 1, 15, 15, -1, 301, 234, 24.0, 15, ABaraapaapa, 6742, 0, 0, 0, , 0, 0, 0, 0, 0, 
16, 1, 16, 16, 17, 310, 213, 13.0, 17, ABaraaappa, 7343, 0, 0, 0, , 0, 0, 0, 0, 0, 
17, 1, 17, 18, -1, 307, 204, 11.0, 13, ABaraaapppa, 4864, 0, 0, 0, , 0, 0, 0, 0, 0, 
18, 1, 18, 19, -1, 279, 206, 10.0, 11, ABaraaapppp, 4559, 0, 0, 0, , 0, 0, 0, 0, 0, 
19, 1, 19, 20, -1, 309, 214, 19.0, 15, ABaraaapaaa, 4317, 0, 0, 0, , 0, 0, 0, 0, 0, 
20, 1, 20, 21, -1, 285, 217, 20.0, 17, ABaraaapapa, 4189, 0, 0, 0, , 0, 0, 0, 0, 0, 
21, 1, 21, 22, -1, 296, 205, 21.0, 13, ABaraaapaap, 4439, 0, 0, 0, , 0, 0, 0, 0, 0, 
22, 1, 22, 23, -1, 272, 226, 21.0, 15, ABaraaapapp, 4891, 0, 0, 0, , 0, 0, 0, 0, 0, 
23, 1, 23, 24, 25, 308, 234, 17.0, 15, ABaraaaaaa, 7233, 0, 0, 0, , 0, 0, 0, 0, 0, 
24, 1, 24, 26, 27, 300, 214, 16.0, 15, ABaraaaaap, 10586, 0, 0, 0, , 0, 0, 0, 0, 0, 
25, 1, 25, 28, -1, 295, 226, 28.0, 11, ABaraaaapp, 4853, 0, 0, 0, , 0, 0, 0, 0, 0, 
26, 1, 26, 29, -1, 321, 218, 17.0, 17, ABaraaaapa, 7528, 0, 0, 0, , 0, 0, 0, 0, 0, 
27, 1, 27, 30, -1, 235, 248, 10.0, 15, ABarapapapp, 7579, 0, 0, 0, , 0, 0, 0, 0, 0, 
28, 1, 28, 31, -1, 262, 240, 11.0, 15, ABarapapapa, 6334, 0, 0, 0, , 0, 0, 0, 0, 0, 
29, 1, 29, 32, -1, 265, 236, 15.0, 13, ABarapapaap, 8125, 0, 0, 0, , 0, 0, 0, 0, 0, 
30, 1, 30, 33, -1, 270, 218, 15.0, 15, ABarapapaaa, 7041, 0, 0, 0, , 0, 0, 0, 0, 0, 
31, 1, 31, 34, -1, 221, 243, 13.0, 17, ABarapapppp, 8583, 0, 0, 0, , 0, 0, 0, 0, 0, 
32, 1, 32, 35, -1, 249, 226, 15.0, 17, ABarapappa, 10196, 0, 0, 0, , 0, 0, 0, 0, 0, 
33, 1, 33, 36, -1, 276, 226, 11.0, 17, ABarapaaap, 11376, 0, 0, 0, , 0, 0, 0, 0, 0, 
34, 1, 34, 37, -1, 290, 226, 13.0, 17, ABarapaaaa, 12297, 0, 0, 0, , 0, 0, 0, 0, 0, 
35, 1, 35, 38, -1, 280, 216, 17.0, 15, ABarapaapa, 9993, 0, 0, 0, , 0, 0, 0, 0, 0, 
36, 1, 36, 39, -1, 247, 223, 18.0, 13, ABarapaappp, 10872, 0, 0, 0, , 0, 0, 0, 0, 0, 
37, 1, 37, 40, -1, 263, 230, 18.0, 17, ABarapaappa, 6021, 0, 0, 0, , 0, 0, 0, 0, 0, 
38, 1, 38, 41, -1, 257, 201, 10.0, 15, ABarapppapa, 5467, 0, 0, 0, , 0, 0, 0, 0, 0, 
39, 1, 39, 42, -1, 235, 207, 9.0, 13, ABarapppapp, 6206, 0, 0, 0, , 0, 0, 0, 0, 0, 
40, 1, 40, 43, -1, 289, 194, 10.0, 15, ABarapppaaa, 5794, 0, 0, 0, , 0, 0, 0, 0, 0, 
41, 1, 41, 44, -1, 271, 188, 9.0, 15, ABarapppaap, 5747, 0, 0, 0, , 0, 0, 0, 0, 0, 
42, 1, 42, 45, -1, 264, 197, 13.0, 13, ABarappppap, 5197, 0, 0, 0, , 0, 0, 0, 0, 0, 
43, 1, 43, 46, -1, 276, 190, 14.0, 13, ABarappppaa, 5735, 0, 0, 0, , 0, 0, 0, 0, 0, 
44, 1, 44, 47, -1, 242, 197, 12.0, 11, ABarapppppa, 3559, 0, 0, 0, , 0, 0, 0, 0, 0, 
45, 1, 45, 48, -1, 226, 190, 12.0, 15, ABarapppppp, 6599, 0, 0, 0, , 0, 0, 0, 0, 0, 
46, 1, 46, 49, -1, 252, 211, 12.0, 13, ABarappaaap, 5784, 0, 0, 0, , 0, 0, 0, 0, 0, 
47, 1, 47, 50, -1, 265, 218, 10.0, 13, ABarappaaaa, 5985, 0, 0, 0, , 0, 0, 0, 0, 0, 
48, 1, 48, 51, -1, 246, 228, 11.0, 15, ABarappaap, 17835, 0, 0, 0, , 0, 0, 0, 0, 0, 
49, 1, 49, 52, -1, 215, 216, 10.0, 15, ABarappapap, 9551, 0, 0, 0, , 0, 0, 0, 0, 0, 
50, 1, 50, 53, -1, 220, 195, 10.0, 15, ABarappapaa, 6839, 0, 0, 0, , 0, 0, 0, 0, 0, 
51, 1, 51, 54, -1, 178, 210, 11.0, 15, ABarappappp, 6229, 0, 0, 0, , 0, 0, 0, 0, 0, 
52, 1, 52, 55, -1, 195, 207, 10.0, 15, ABarappappa, 6066, 0, 0, 0, , 0, 0, 0, 0, 0, 
53, 1, 53, 56, -1, 225, 174, 31.0, 15, ABarpapppa, 5618, 0, 0, 0, , 0, 0, 0, 0, 0, 
54, 1, 54, 57, -1, 221, 183, 33.0, 15, ABarpapppp, 3010, 0, 0, 0, , 0, 0, 0, 0, 0, 
55, 1, 55, 58, -1, 250, 173, 33.0, 19, ABarpappap, 26375, 0, 0, 0, , 0, 0, 0, 0, 0, 
56, 1, 56, 59, -1, 300, 186, 34.0, 17, ABarpapaaa, 6503, 0, 0, 0, , 0, 0, 0, 0, 0, 
57, 1, 57, 60, -1, 292, 196, 30.0, 13, ABarpapaapa, 4400, 0, 0, 0, , 0, 0, 0, 0, 0, 
58, 1, 58, 61, -1, 280, 196, 33.0, 15, ABarpapaapp, 4797, 0, 0, 0, , 0, 0, 0, 0, 0, 
59, 1, 59, 62, -1, 246, 217, 34.0, 17, ABarpapapp, 6947, 0, 0, 0, , 0, 0, 0, 0, 0, 
60, 1, 60, 63, -1, 282, 216, 35.0, 15, ABarpapapa, 5504, 0, 0, 0, , 0, 0, 0, 0, 0, 
61, 1, 61, 64, -1, 225, 264, 34.0, 17, ABarpaappp, 11724, 0, 0, 0, , 0, 0, 0, 0, 0, 
62, 1, 62, 65, -1, 263, 216, 35.0, 15, ABarpaapaa, 4308, 0, 0, 0, , 0, 0, 0, 0, 0, 
63, 1, 63, 66, -1, 253, 260, 34.0, 19, ABarpaapap, 2854, 0, 0, 0, , 0, 0, 0, 0, 0, 
64, 1, 64, 67, -1, 330, 208, 32.0, 17, ABarpaaaaa, 8321, 0, 0, 0, , 0, 0, 0, 0, 0, 
65, 1, 65, 68, -1, 306, 232, 35.0, 19, ABarpaaaap, 21199, 0, 0, 0, , 0, 0, 0, 0, 0, 
66, 1, 66, 69, -1, 278, 232, 35.0, 13, ABarpaaapp, 4679, 0, 0, 0, , 0, 0, 0, 0, 0, 
67, 1, 67, 70, -1, 303, 211, 34.0, 17, ABarpaaapa, 7570, 0, 0, 0, , 0, 0, 0, 0, 0, 
68, 1, 68, 71, -1, 243, 327, 33.0, 17, ABarppaaap, 7420, 0, 0, 0, , 0, 0, 0, 0, 0, 
69, 1, 69, 72, -1, 203, 330, 33.0, 15, ABarppaapp, 9748, 0, 0, 0, , 0, 0, 0, 0, 0, 
70, 1, 70, 73, -1, 140, 352, 31.0, 17, ABarppappa, 7253, 0, 0, 0, , 0, 0, 0, 0, 0, 
71, 1, 71, 74, -1, 113, 360, 22.0, 17, ABarppappp, 6371, 0, 0, 0, , 0, 0, 0, 0, 0, 
72, 1, 72, 75, -1, 195, 349, 31.0, 15, ABarppapap, 6589, 0, 0, 0, , 0, 0, 0, 0, 0, 
73, 1, 73, 76, -1, 222, 335, 33.0, 19, ABarppapaa, 8783, 0, 0, 0, , 0, 0, 0, 0, 0, 
74, 1, 74, 77, -1, 74, 255, 23.0, 15, ABarpppppp, 5538, 0, 0, 0, , 0, 0, 0, 0, 0, 
75, 1, 75, 78, -1, 101, 243, 30.0, 17, ABarpppppa, 4265, 0, 0, 0, , 0, 0, 0, 0, 0, 
76, 1, 76, 79, -1, 169, 196, 32.0, 15, ABarppppaa, 5504, 0, 0, 0, , 0, 0, 0, 0, 0, 
77, 1, 77, 80, -1, 141, 215, 32.0, 15, ABarppppap, 5274, 0, 0, 0, , 0, 0, 0, 0, 0, 
78, 1, 78, 81, -1, 192, 190, 34.0, 17, ABarpppaap, 3288, 0, 0, 0, , 0, 0, 0, 0, 0, 
79, 1, 79, 82, -1, 219, 212, 34.0, 13, ABarpppaaa, 3480, 0, 0, 0, , 0, 0, 0, 0, 0, 
80, 1, 80, 83, -1, 330, 189, 24.0, 13, ABalappppaa, 1940, 0, 0, 0, , 0, 0, 0, 0, 0, 
81, 1, 81, 84, -1, 307, 185, 28.0, 13, ABalappppap, 5339, 0, 0, 0, , 0, 0, 0, 0, 0, 
82, 1, 82, 85, -1, 280, 180, 32.0, 11, ABalapppppp, 2176, 0, 0, 0, , 0, 0, 0, 0, 0, 
83, 1, 83, 86, -1, 338, 203, 23.0, 13, ABalapppaaa, 2250, 0, 0, 0, , 0, 0, 0, 0, 0, 
84, 1, 84, 87, -1, 327, 197, 28.0, 11, ABalapppaap, 2415, 0, 0, 0, , 0, 0, 0, 0, 0, 
85, 1, 85, 88, -1, 316, 197, 31.0, 13, ABalapppapa, 1057, 0, 0, 0, , 0, 0, 0, 0, 0, 
86, 1, 86, 89, -1, 310, 185, 25.0, 17, ABalappapa, 6359, 0, 0, 0, , 0, 0, 0, 0, 0, 
87, 1, 87, 90, -1, 340, 207, 28.0, 13, ABalappaaa, 4653, 0, 0, 0, , 0, 0, 0, 0, 0, 
88, 1, 88, 91, -1, 322, 172, 24.0, 11, ABalappappa, 1820, 0, 0, 0, , 0, 0, 0, 0, 0, 
89, 1, 89, 92, -1, 308, 164, 26.0, 11, ABalappappp, 2216, 0, 0, 0, , 0, 0, 0, 0, 0, 
90, 1, 90, 93, -1, 316, 266, 34.0, 13, ABalapapppp, 837, 0, 0, 0, , 0, 0, 0, 0, 0, 
91, 1, 91, 94, -1, 328, 262, 32.0, 11, ABalapapppa, 2344, 0, 0, 0, , 0, 0, 0, 0, 0, 
92, 1, 92, 95, -1, 337, 235, 25.0, 11, ABalapappaa, 2921, 0, 0, 0, , 0, 0, 0, 0, 0, 
93, 1, 93, 96, -1, 328, 252, 29.0, 13, ABalapappap, 3493, 0, 0, 0, , 0, 0, 0, 0, 0, 
94, 1, 94, 97, -1, 322, 228, 33.0, 13, ABalapapaa, 5701, 0, 0, 0, , 0, 0, 0, 0, 0, 
95, 1, 95, 98, -1, 317, 245, 32.0, 11, ABalapapapp, 3014, 0, 0, 0, , 0, 0, 0, 0, 0, 
96, 1, 96, 99, -1, 337, 249, 25.0, 15, ABalapaaaa, 8878, 0, 0, 0, , 0, 0, 0, 0, 0, 
97, 1, 97, 100, -1, 354, 247, 26.0, 13, ABalapaaapa, 4245, 0, 0, 0, , 0, 0, 0, 0, 0, 
98, 1, 98, 101, -1, 348, 262, 29.0, 15, ABalapaaapp, 4367, 0, 0, 0, , 0, 0, 0, 0, 0, 
99, 1, 99, 102, -1, 346, 253, 22.0, 13, ABalapaappa, 4997, 0, 0, 0, , 0, 0, 0, 0, 0, 
100, 1, 100, 103, -1, 328, 264, 19.0, 15, ABalapaapa, 8178, 0, 0, 0, , 0, 0, 0, 0, 0, 
101, 1, 101, 104, -1, 339, 268, 23.0, 17, ABalapaappp, 4107, 0, 0, 0, , 0, 0, 0, 0, 0, 
102, 1, 102, 105, -1, 313, 191, 15.0, 15, ABalaapaaa, 7259, 0, 0, 0, , 0, 0, 0, 0, 0, 
103, 1, 103, 106, -1, 246, 179, 11.0, 17, ABalaapapa, 10399, 0, 0, 0, , 0, 0, 0, 0, 0, 
104, 1, 104, 107, -1, 301, 189, 11.0, 15, ABalaapaap, 12914, 0, 0, 0, , 0, 0, 0, 0, 0, 
105, 1, 105, 108, -1, 299, 177, 14.0, 15, ABalaappapa, 4362, 0, 0, 0, , 0, 0, 0, 0, 0, 
106, 1, 106, 109, -1, 277, 171, 13.0, 15, ABalaappaa, 5060, 0, 0, 0, , 0, 0, 0, 0, 0, 
107, 1, 107, 110, -1, 302, 175, 23.0, 15, ABalaappppp, 3903, 0, 0, 0, , 0, 0, 0, 0, 0, 
108, 1, 108, 111, -1, 314, 180, 21.0, 15, ABalaappppa, 3876, 0, 0, 0, , 0, 0, 0, 0, 0, 
109, 1, 109, 112, 113, 296, 182, 19.0, 13, ABalaapppa, 6646, 0, 0, 0, , 0, 0, 0, 0, 0, 
110, 1, 110, 114, -1, 341, 254, 13.0, 15, ABalaaaalp, 6487, 0, 0, 0, , 0, 0, 0, 0, 0, 
111, 1, 111, 115, -1, 334, 209, 19.0, 15, ABalaaaarrp, 3595, 0, 0, 0, , 0, 0, 0, 0, 0, 
112, 1, 112, 116, -1, 326, 192, 17.0, 13, ABalaaaarra, 4658, 0, 0, 0, , 0, 0, 0, 0, 0, 
113, 1, 113, 117, -1, 341, 224, 18.0, 15, ABalaaaarl, 6272, 0, 0, 0, , 0, 0, 0, 0, 0, 
114, 1, 114, 118, -1, 333, 190, 21.0, 17, ABalaaappl, 6726, 0, 0, 0, , 0, 0, 0, 0, 0, 
115, 1, 115, 119, -1, 321, 182, 18.0, 13, ABalaaapprr, 4091, 0, 0, 0, , 0, 0, 0, 0, 0, 
116, 1, 116, 120, -1, 304, 173, 17.0, 15, ABalaaapprl, 4690, 0, 0, 0, , 0, 0, 0, 0, 0, 
117, 0, -1, -1, -1, 344, 219, 25.0, 13, , 1960, 0, 0, 0, , 0, 0, 0, 0, 0, 
118, 1, 118, 122, -1, 157, 325, 10.0, 13, ABplppppapa, 4165, 0, 0, 0, , 0, 0, 0, 0, 0, 
119, 1, 119, 123, -1, 143, 311, 10.0, 13, ABplppppapp, 3874, 0, 0, 0, , 0, 0, 0, 0, 0, 
120, 1, 120, 124, -1, 172, 302, 10.0, 13, ABplppppaaa, 4347, 0, 0, 0, , 0, 0, 0, 0, 0, 
121, 1, 121, 125, -1, 161, 305, 11.0, 15, ABplppppaap, 4112, 0, 0, 0, , 0, 0, 0, 0, 0, 
122, 1, 122, 126, -1, 91, 324, 13.0, 13, ABplppppppp, 4689, 0, 0, 0, , 0, 0, 0, 0, 0, 
123, 1, 123, 127, -1, 98, 315, 10.0, 13, ABplppppppa, 3790, 0, 0, 0, , 0, 0, 0, 0, 0, 
124, 1, 124, 128, -1, 135, 313, 14.0, 13, ABplpppppap, 5192, 0, 0, 0, , 0, 0, 0, 0, 0, 
125, 1, 125, 129, -1, 156, 307, 15.0, 17, ABplpppppaa, 5384, 0, 0, 0, , 0, 0, 0, 0, 0, 
126, 1, 126, 130, -1, 116, 310, 12.0, 13, ABplpppapp, 4446, 0, 0, 0, , 0, 0, 0, 0, 0, 
127, 1, 127, 131, -1, 134, 322, 10.0, 13, ABplpppapaa, 3761, 0, 0, 0, , 0, 0, 0, 0, 0, 
128, 1, 128, 132, -1, 130, 339, 11.0, 13, ABplpppaapp, 4554, 0, 0, 0, , 0, 0, 0, 0, 0, 
129, 1, 129, 133, -1, 146, 338, 11.0, 15, ABplpppaapa, 6101, 0, 0, 0, , 0, 0, 0, 0, 0, 
130, 1, 130, 134, -1, 179, 322, 10.0, 15, ABplpppaaaa, 4824, 0, 0, 0, , 0, 0, 0, 0, 0, 
131, 1, 131, 135, -1, 166, 339, 11.0, 13, ABplpppaaap, 5325, 0, 0, 0, , 0, 0, 0, 0, 0, 
132, 1, 132, 136, -1, 184, 333, 13.0, 17, ABplppappp, 7956, 0, 0, 0, , 0, 0, 0, 0, 0, 
133, 1, 133, 137, -1, 201, 328, 11.0, 13, ABplppappap, 4205, 0, 0, 0, , 0, 0, 0, 0, 0, 
134, 1, 134, 138, -1, 217, 325, 13.0, 15, ABplppappaa, 4548, 0, 0, 0, , 0, 0, 0, 0, 0, 
135, 1, 135, 139, -1, 207, 335, 14.0, 15, ABplppapaap, 5657, 0, 0, 0, , 0, 0, 0, 0, 0, 
136, 1, 136, 140, -1, 201, 339, 17.0, 13, ABplppapapa, 5401, 0, 0, 0, , 0, 0, 0, 0, 0, 
137, 1, 137, 141, -1, 180, 337, 17.0, 13, ABplppapapp, 5362, 0, 0, 0, , 0, 0, 0, 0, 0, 
138, 1, 138, 142, -1, 208, 310, 10.0, 15, ABplppaappa, 4958, 0, 0, 0, , 0, 0, 0, 0, 0, 
139, 1, 139, 143, -1, 191, 312, 10.0, 13, ABplppaappp, 4597, 0, 0, 0, , 0, 0, 0, 0, 0, 
140, 1, 140, 144, -1, 268, 307, 18.0, 13, ABplppaaaaa, 4270, 0, 0, 0, , 0, 0, 0, 0, 0, 
141, 1, 141, 145, -1, 254, 313, 19.0, 13, ABplppaaap, 7172, 0, 0, 0, , 0, 0, 0, 0, 0, 
142, 1, 142, 146, -1, 245, 268, 9.0, 15, ABplpappaaa, 6338, 0, 0, 0, , 0, 0, 0, 0, 0, 
143, 1, 143, 147, -1, 235, 286, 10.0, 15, ABplpappaap, 4811, 0, 0, 0, , 0, 0, 0, 0, 0, 
144, 1, 144, 148, -1, 220, 280, 12.0, 15, ABplpappap, 8242, 0, 0, 0, , 0, 0, 0, 0, 0, 
145, 1, 145, 149, -1, 141, 296, 11.0, 13, ABplpappppp, 4545, 0, 0, 0, , 0, 0, 0, 0, 0, 
146, 1, 146, 150, -1, 159, 282, 10.0, 13, ABplpappppa, 4597, 0, 0, 0, , 0, 0, 0, 0, 0, 
147, 1, 147, 151, -1, 182, 282, 10.0, 15, ABplpapppaa, 4620, 0, 0, 0, , 0, 0, 0, 0, 0, 
148, 1, 148, 152, -1, 163, 264, 10.0, 15, ABplpapppap, 4199, 0, 0, 0, , 0, 0, 0, 0, 0, 
149, 1, 149, 153, -1, 214, 298, 11.0, 13, ABplpapappa, 3667, 0, 0, 0, , 0, 0, 0, 0, 0, 
150, 1, 150, 154, -1, 192, 294, 10.0, 13, ABplpapappp, 3976, 0, 0, 0, , 0, 0, 0, 0, 0, 
151, 1, 151, 155, -1, 224, 306, 12.0, 13, ABplpapapap, 3894, 0, 0, 0, , 0, 0, 0, 0, 0, 
152, 1, 152, 156, -1, 240, 304, 13.0, 11, ABplpapapaa, 3366, 0, 0, 0, , 0, 0, 0, 0, 0, 
153, 1, 153, 157, -1, 272, 299, 14.0, 11, ABplpapaapa, 3288, 0, 0, 0, , 0, 0, 0, 0, 0, 
154, 1, 154, 158, -1, 254, 309, 14.0, 13, ABplpapaapp, 4004, 0, 0, 0, , 0, 0, 0, 0, 0, 
155, 1, 155, 159, -1, 255, 297, 13.0, 13, ABplpapaaap, 4211, 0, 0, 0, , 0, 0, 0, 0, 0, 
156, 1, 156, 160, -1, 272, 285, 12.0, 13, ABplpapaaaa, 2481, 0, 0, 0, , 0, 0, 0, 0, 0, 
157, 1, 157, 161, -1, 246, 333, 16.0, 15, ABplpaaaapp, 6858, 0, 0, 0, , 0, 0, 0, 0, 0, 
158, 1, 158, 162, -1, 256, 323, 13.0, 15, ABplpaaaapa, 5856, 0, 0, 0, , 0, 0, 0, 0, 0, 
159, 1, 159, 163, -1, 296, 284, 16.0, 13, ABplpaaaaap, 5230, 0, 0, 0, , 0, 0, 0, 0, 0, 
160, 1, 160, 164, -1, 312, 274, 16.0, 15, ABplpaaaaaa, 6602, 0, 0, 0, , 0, 0, 0, 0, 0, 
161, 1, 161, 165, -1, 308, 301, 17.0, 17, ABplpaaapa, 16346, 0, 0, 0, , 0, 0, 0, 0, 0, 
162, 1, 162, 166, -1, 289, 303, 15.0, 15, ABplpaaappa, 5767, 0, 0, 0, , 0, 0, 0, 0, 0, 
163, 1, 163, 167, -1, 279, 315, 15.0, 13, ABplpaaappp, 5294, 0, 0, 0, , 0, 0, 0, 0, 0, 
164, 1, 164, 168, -1, 265, 308, 26.0, 13, ABplpaappap, 4986, 0, 0, 0, , 0, 0, 0, 0, 0, 
165, 1, 165, 169, -1, 283, 300, 23.0, 15, ABplpaappaa, 5096, 0, 0, 0, , 0, 0, 0, 0, 0, 
166, 1, 166, 170, -1, 296, 312, 19.0, 15, ABplpaapppa, 4836, 0, 0, 0, , 0, 0, 0, 0, 0, 
167, 1, 167, 171, -1, 307, 312, 20.0, 13, ABplpaapapp, 4501, 0, 0, 0, , 0, 0, 0, 0, 0, 
168, 1, 168, 172, -1, 280, 319, 19.0, 15, ABplpaapppp, 5108, 0, 0, 0, , 0, 0, 0, 0, 0, 
169, 1, 169, 173, -1, 305, 291, 20.0, 15, ABplpaapaap, 4877, 0, 0, 0, , 0, 0, 0, 0, 0, 
170, 1, 170, 174, -1, 303, 272, 19.0, 13, ABplpaapaaa, 5414, 0, 0, 0, , 0, 0, 0, 0, 0, 
171, 1, 171, 175, -1, 315, 308, 24.0, 15, ABplpaapapa, 5713, 0, 0, 0, , 0, 0, 0, 0, 0, 
172, 1, 172, 176, -1, 275, 327, 22.0, 15, ABplaappap, 6620, 0, 0, 0, , 0, 0, 0, 0, 0, 
173, 1, 173, 177, -1, 293, 320, 22.0, 13, ABplaappaa, 4789, 0, 0, 0, , 0, 0, 0, 0, 0, 
174, 1, 174, 178, -1, 262, 329, 25.0, 15, ABplaapppa, 6468, 0, 0, 0, , 0, 0, 0, 0, 0, 
175, 1, 175, 179, -1, 233, 347, 23.0, 15, ABplaapppp, 10655, 0, 0, 0, , 0, 0, 0, 0, 0, 
176, 1, 176, 180, -1, 342, 232, 29.0, 15, ABplaapaaaa, 5034, 0, 0, 0, , 0, 0, 0, 0, 0, 
177, 1, 177, 181, -1, 340, 250, 31.0, 13, ABplaapaaap, 5543, 0, 0, 0, , 0, 0, 0, 0, 0, 
178, 1, 178, 182, -1, 345, 266, 32.0, 15, ABplaapaapa, 4152, 0, 0, 0, , 0, 0, 0, 0, 0, 
179, 1, 179, 183, -1, 328, 280, 30.0, 17, ABplaapaapp, 6194, 0, 0, 0, , 0, 0, 0, 0, 0, 
180, 1, 180, 184, -1, 292, 298, 30.0, 17, ABplaapappp, 6200, 0, 0, 0, , 0, 0, 0, 0, 0, 
181, 1, 181, 185, -1, 309, 280, 30.0, 15, ABplaapappa, 4880, 0, 0, 0, , 0, 0, 0, 0, 0, 
182, 1, 182, 186, -1, 303, 291, 27.0, 13, ABplaapapap, 4402, 0, 0, 0, , 0, 0, 0, 0, 0, 
183, 1, 183, 187, -1, 309, 275, 26.0, 13, ABplaapapaa, 5372, 0, 0, 0, , 0, 0, 0, 0, 0, 
184, 1, 184, 188, -1, 301, 257, 33.0, 13, ABplaaaaapp, 4299, 0, 0, 0, , 0, 0, 0, 0, 0, 
185, 1, 185, 189, -1, 312, 259, 30.0, 13, ABplaaaaapa, 3613, 0, 0, 0, , 0, 0, 0, 0, 0, 
186, 1, 186, 190, -1, 327, 248, 35.0, 17, ABplaaaaaa, 7777, 0, 0, 0, , 0, 0, 0, 0, 0, 
187, 1, 187, 191, -1, 271, 260, 34.0, 17, ABplaaaapp, 6837, 0, 0, 0, , 0, 0, 0, 0, 0, 
188, 1, 188, 192, -1, 284, 251, 34.0, 15, ABplaaaapa, 5941, 0, 0, 0, , 0, 0, 0, 0, 0, 
189, 0, 189, -1, -1, 269, 309, 33.0, 15, , 4743, 0, 0, 0, , 0, 0, 0, 0, 0, 
190, 1, 190, 194, -1, 285, 300, 33.0, 17, ABplaaappa, 5606, 0, 0, 0, , 0, 0, 0, 0, 0, 
191, 1, 191, 195, -1, 268, 300, 33.0, 13, ABplaaappp, 3988, 0, 0, 0, , 0, 0, 0, 0, 0, 
192, 1, 192, 196, -1, 304, 296, 33.0, 17, ABplaaapap, 6943, 0, 0, 0, , 0, 0, 0, 0, 0, 
193, 1, 193, 197, -1, 314, 280, 34.0, 13, ABplaaapaa, 5135, 0, 0, 0, , 0, 0, 0, 0, 0, 
194, 1, 194, 198, -1, 136, 352, 14.0, 15, ABplappppa, 7129, 0, 0, 0, , 0, 0, 0, 0, 0, 
195, 1, 195, 199, -1, 103, 339, 14.0, 15, ABplappppp, 6867, 0, 0, 0, , 0, 0, 0, 0, 0, 
196, 1, 196, 200, -1, 119, 345, 16.0, 17, ABplapppaa, 7401, 0, 0, 0, , 0, 0, 0, 0, 0, 
197, 1, 197, 201, -1, 113, 328, 11.0, 11, ABplapppapp, 3112, 0, 0, 0, , 0, 0, 0, 0, 0, 
198, 1, 198, 202, -1, 128, 335, 14.0, 13, ABplapppapa, 3496, 0, 0, 0, , 0, 0, 0, 0, 0, 
199, 1, 199, 203, -1, 194, 354, 24.0, 15, ABplappaaa, 7569, 0, 0, 0, , 0, 0, 0, 0, 0, 
200, 1, 200, 204, -1, 177, 359, 25.0, 17, ABplappaap, 6941, 0, 0, 0, , 0, 0, 0, 0, 0, 
201, 1, 201, 205, -1, 163, 363, 21.0, 15, ABplappapp, 7407, 0, 0, 0, , 0, 0, 0, 0, 0, 
202, 1, 202, 206, -1, 167, 348, 32.0, 17, ABplappapa, 8260, 0, 0, 0, , 0, 0, 0, 0, 0, 
203, 1, 203, 207, -1, 212, 351, 26.0, 15, ABplapaapp, 8823, 0, 0, 0, , 0, 0, 0, 0, 0, 
204, 1, 204, 208, -1, 250, 341, 26.0, 13, ABplapaapa, 7178, 0, 0, 0, , 0, 0, 0, 0, 0, 
205, 1, 205, 209, -1, 249, 295, 34.0, 15, ABarppaaaa, 5146, 0, 0, 0, , 0, 0, 0, 0, 0, 
206, 1, 206, 210, -1, 242, 330, 29.0, 15, ABplapaaapp, 4977, 0, 0, 0, , 0, 0, 0, 0, 0, 
207, 1, 207, 211, -1, 249, 315, 28.0, 15, ABplapaaapa, 5970, 0, 0, 0, , 0, 0, 0, 0, 0, 
208, 1, 208, 212, -1, 103, 351, 20.0, 19, ABplapappp, 12687, 0, 0, 0, , 0, 0, 0, 0, 0, 
209, 1, 209, 213, -1, 142, 371, 22.0, 15, ABplapapap, 6300, 0, 0, 0, , 0, 0, 0, 0, 0, 
210, 1, 210, 214, -1, 133, 363, 18.0, 17, ABplapappa, 6490, 0, 0, 0, , 0, 0, 0, 0, 0, 
211, 1, 211, 215, -1, 126, 359, 27.0, 19, ABplapapaa, 19531, 0, 0, 0, , 0, 0, 0, 0, 0, 
212, 1, 212, 216, -1, 233, 212, 13.0, 13, ABprpapaaaa, 3673, 0, 0, 0, , 0, 0, 0, 0, 0, 
213, 1, 213, 217, -1, 203, 201, 13.0, 15, ABprpapaapp, 3113, 0, 0, 0, , 0, 0, 0, 0, 0, 
214, 1, 214, 218, -1, 185, 236, 11.0, 13, ABprpapappa, 3808, 0, 0, 0, , 0, 0, 0, 0, 0, 
215, 1, 215, 219, -1, 172, 255, 10.0, 15, ABprpapappp, 4705, 0, 0, 0, , 0, 0, 0, 0, 0, 
216, 1, 216, 220, -1, 189, 227, 11.0, 13, ABprpapapap, 3770, 0, 0, 0, , 0, 0, 0, 0, 0, 
217, 1, 217, 221, -1, 205, 223, 12.0, 11, ABprpapapaa, 3468, 0, 0, 0, , 0, 0, 0, 0, 0, 
218, 1, 218, 222, -1, 125, 289, 13.0, 13, ABprpappppp, 4411, 0, 0, 0, , 0, 0, 0, 0, 0, 
219, 1, 219, 223, -1, 148, 287, 13.0, 13, ABprpappppa, 3941, 0, 0, 0, , 0, 0, 0, 0, 0, 
220, 1, 220, 224, -1, 203, 244, 11.0, 13, ABprpapppaa, 10528, 0, 0, 0, , 0, 0, 0, 0, 0, 
221, 1, 221, 225, -1, 189, 257, 11.0, 15, ABprpapppap, 4492, 0, 0, 0, , 0, 0, 0, 0, 0, 
222, 1, 222, 226, -1, 200, 277, 10.0, 17, ABprpappapp, 4423, 0, 0, 0, , 0, 0, 0, 0, 0, 
223, 1, 223, 227, -1, 217, 234, 10.0, 13, ABprpappaap, 3950, 0, 0, 0, , 0, 0, 0, 0, 0, 
224, 1, 224, 228, -1, 230, 236, 9.0, 15, ABprpappaaa, 4646, 0, 0, 0, , 0, 0, 0, 0, 0, 
225, 1, 225, 229, -1, 246, 189, 16.0, 13, ABprpaaaaap, 6390, 0, 0, 0, , 0, 0, 0, 0, 0, 
226, 1, 226, 230, -1, 263, 192, 18.0, 15, ABprpaapaaa, 6870, 0, 0, 0, , 0, 0, 0, 0, 0, 
227, 1, 227, 231, -1, 181, 192, 14.0, 11, ABprpaaaapp, 5618, 0, 0, 0, , 0, 0, 0, 0, 0, 
228, 1, 228, 232, -1, 203, 191, 11.0, 15, ABprpaaaapa, 5697, 0, 0, 0, , 0, 0, 0, 0, 0, 
229, 1, 229, 233, -1, 233, 180, 14.0, 13, ABprpaaappa, 4520, 0, 0, 0, , 0, 0, 0, 0, 0, 
230, 1, 230, 234, -1, 223, 200, 15.0, 11, ABprpapaapa, 3253, 0, 0, 0, , 0, 0, 0, 0, 0, 
231, 1, 231, 235, -1, 223, 185, 15.0, 13, ABprpaaappp, 4484, 0, 0, 0, , 0, 0, 0, 0, 0, 
232, 1, 232, 236, -1, 247, 167, 16.0, 15, ABprpaaapa, 9051, 0, 0, 0, , 0, 0, 0, 0, 0, 
233, 1, 233, 237, -1, 249, 177, 20.0, 13, ABprpaapaap, 6289, 0, 0, 0, , 0, 0, 0, 0, 0, 
234, 1, 234, 238, -1, 249, 158, 21.0, 15, ABprpaapapa, 10910, 0, 0, 0, , 0, 0, 0, 0, 0, 
235, 1, 235, 239, -1, 237, 161, 19.0, 15, ABprpaapapp, 6799, 0, 0, 0, , 0, 0, 0, 0, 0, 
236, 1, 236, 240, -1, 230, 169, 17.0, 13, ABprpaapppa, 4506, 0, 0, 0, , 0, 0, 0, 0, 0, 
237, 1, 237, 241, -1, 219, 174, 18.0, 13, ABprpaapppp, 5277, 0, 0, 0, , 0, 0, 0, 0, 0, 
238, 1, 238, 242, -1, 220, 191, 27.0, 13, ABprpaappap, 4030, 0, 0, 0, , 0, 0, 0, 0, 0, 
239, 1, 239, 243, -1, 231, 182, 22.0, 15, ABprpaappaa, 5956, 0, 0, 0, , 0, 0, 0, 0, 0, 
240, 1, 240, 244, -1, 86, 256, 10.0, 15, ABprpppaapp, 5448, 0, 0, 0, , 0, 0, 0, 0, 0, 
241, 1, 241, 245, -1, 104, 256, 11.0, 15, ABprpppaapa, 6639, 0, 0, 0, , 0, 0, 0, 0, 0, 
242, 1, 242, 246, -1, 114, 242, 11.0, 13, ABprpppaaap, 4448, 0, 0, 0, , 0, 0, 0, 0, 0, 
243, 1, 243, 247, -1, 137, 244, 11.0, 13, ABprpppaaaa, 4940, 0, 0, 0, , 0, 0, 0, 0, 0, 
244, 1, 244, 248, -1, 110, 277, 10.0, 13, ABprpppapaa, 4811, 0, 0, 0, , 0, 0, 0, 0, 0, 
245, 1, 245, 249, -1, 104, 292, 11.0, 11, ABprpppapap, 2827, 0, 0, 0, , 0, 0, 0, 0, 0, 
246, 1, 246, 250, -1, 110, 305, 11.0, 15, ABprpppapp, 5564, 0, 0, 0, , 0, 0, 0, 0, 0, 
247, 1, 247, 251, -1, 130, 260, 10.0, 15, ABprppppapa, 5390, 0, 0, 0, , 0, 0, 0, 0, 0, 
248, 1, 248, 252, -1, 125, 280, 10.0, 15, ABprppppapp, 4284, 0, 0, 0, , 0, 0, 0, 0, 0, 
249, 1, 249, 253, -1, 149, 266, 10.0, 13, ABprppppaaa, 4253, 0, 0, 0, , 0, 0, 0, 0, 0, 
250, 1, 250, 254, -1, 140, 272, 11.0, 13, ABprppppaap, 4359, 0, 0, 0, , 0, 0, 0, 0, 0, 
251, 1, 251, 255, -1, 76, 297, 12.0, 13, ABprppppppp, 3918, 0, 0, 0, , 0, 0, 0, 0, 0, 
252, 1, 252, 256, -1, 92, 300, 10.0, 13, ABprppppppa, 4173, 0, 0, 0, , 0, 0, 0, 0, 0, 
253, 1, 253, 257, -1, 124, 261, 15.0, 13, ABprpppppaa, 3926, 0, 0, 0, , 0, 0, 0, 0, 0, 
254, 1, 254, 258, -1, 110, 275, 14.0, 13, ABprpppppap, 5156, 0, 0, 0, , 0, 0, 0, 0, 0, 
255, 1, 255, 259, -1, 187, 210, 14.0, 17, ABprppaapa, 9036, 0, 0, 0, , 0, 0, 0, 0, 0, 
256, 1, 256, 260, -1, 173, 237, 10.0, 13, ABprppaappa, 4442, 0, 0, 0, , 0, 0, 0, 0, 0, 
257, 1, 257, 261, -1, 152, 245, 10.0, 13, ABprppaappp, 4376, 0, 0, 0, , 0, 0, 0, 0, 0, 
258, 1, 258, 262, -1, 215, 191, 17.0, 15, ABprppaaaaa, 5035, 0, 0, 0, , 0, 0, 0, 0, 0, 
259, 1, 259, 263, -1, 200, 192, 16.0, 15, ABprppaaaap, 5287, 0, 0, 0, , 0, 0, 0, 0, 0, 
260, 1, 260, 264, -1, 195, 179, 19.0, 11, ABprppaaap, 5360, 0, 0, 0, , 0, 0, 0, 0, 0, 
261, 1, 261, 265, -1, 166, 201, 15.0, 15, ABprppapaaa, 5300, 0, 0, 0, , 0, 0, 0, 0, 0, 
262, 1, 262, 266, -1, 149, 208, 15.0, 13, ABprppapaap, 4166, 0, 0, 0, , 0, 0, 0, 0, 0, 
263, 1, 263, 267, -1, 132, 222, 15.0, 17, ABprppapap, 9297, 0, 0, 0, , 0, 0, 0, 0, 0, 
264, 1, 264, 268, -1, 130, 229, 12.0, 21, ABprppappp, 20603, 0, 0, 0, , 0, 0, 0, 0, 0, 
265, 1, 265, 269, -1, 167, 214, 12.0, 15, ABprppappaa, 4080, 0, 0, 0, , 0, 0, 0, 0, 0, 
266, 1, 266, 270, -1, 151, 226, 11.0, 13, ABprppappap, 5128, 0, 0, 0, , 0, 0, 0, 0, 0, 
267, 1, 267, 271, -1, 332, 182, 29.0, 13, ABpraapaaaa, 4838, 0, 0, 0, , 0, 0, 0, 0, 0, 
268, 1, 268, 272, -1, 315, 178, 33.0, 15, ABpraapaaap, 5627, 0, 0, 0, , 0, 0, 0, 0, 0, 
269, 1, 269, 273, -1, 296, 169, 29.0, 15, ABpraapaapa, 5120, 0, 0, 0, , 0, 0, 0, 0, 0, 
270, 1, 270, 274, -1, 252, 170, 26.0, 13, ABpraapapap, 4558, 0, 0, 0, , 0, 0, 0, 0, 0, 
271, 1, 271, 275, -1, 271, 180, 25.0, 15, ABpraapapaa, 5074, 0, 0, 0, , 0, 0, 0, 0, 0, 
272, 1, 272, 276, -1, 243, 170, 29.0, 15, ABpraapappp, 6858, 0, 0, 0, , 0, 0, 0, 0, 0, 
273, 1, 273, 277, -1, 262, 177, 28.0, 15, ABpraapappa, 4908, 0, 0, 0, , 0, 0, 0, 0, 0, 
274, 1, 274, 278, -1, 158, 190, 22.0, 15, ABpraapppp, 5089, 0, 0, 0, , 0, 0, 0, 0, 0, 
275, 1, 275, 279, -1, 192, 177, 22.0, 15, ABpraapppa, 4781, 0, 0, 0, , 0, 0, 0, 0, 0, 
276, 1, 276, 280, -1, 208, 171, 21.0, 15, ABpraappap, 8289, 0, 0, 0, , 0, 0, 0, 0, 0, 
277, 1, 277, 281, -1, 225, 164, 22.0, 13, ABpraappaa, 4870, 0, 0, 0, , 0, 0, 0, 0, 0, 
278, 1, 278, 282, -1, 295, 173, 25.0, 13, ABpraaapapa, 3882, 0, 0, 0, , 0, 0, 0, 0, 0, 
279, 1, 278, 283, -1, 280, 163, 26.0, 11, ABpraaapapp, 3728, 0, 0, 0, , 0, 0, 0, 0, 0, 
280, 1, 279, 284, -1, 278, 181, 20.0, 17, ABpraaapaa, 7820, 0, 0, 0, , 0, 0, 0, 0, 0, 
281, 1, 280, 285, -1, 265, 181, 22.0, 13, ABpraaappaa, 4035, 0, 0, 0, , 0, 0, 0, 0, 0, 
282, 1, 281, 286, -1, 250, 177, 23.0, 13, ABpraaappap, 4172, 0, 0, 0, , 0, 0, 0, 0, 0, 
283, 1, 282, 287, -1, 239, 186, 26.0, 15, ABpraaapppa, 4768, 0, 0, 0, , 0, 0, 0, 0, 0, 
284, 1, 283, 288, -1, 225, 174, 26.0, 17, ABpraaapppp, 5746, 0, 0, 0, , 0, 0, 0, 0, 0, 
285, 1, 284, 289, -1, 288, 161, 20.0, 15, ABpraaaaap, 7664, 0, 0, 0, , 0, 0, 0, 0, 0, 
286, 1, 285, 290, -1, 275, 167, 15.0, 17, ABpraaaaaa, 9662, 0, 0, 0, , 0, 0, 0, 0, 0, 
287, 1, 286, 291, -1, 266, 174, 17.0, 13, ABpraaaapav, 2109, 0, 0, 0, , 0, 0, 0, 0, 0, 
288, 1, 287, 292, -1, 268, 160, 21.0, 13, ABpraaaapad, 3921, 0, 0, 0, , 0, 0, 0, 0, 0, 
289, 1, 288, 293, -1, 277, 157, 23.0, 13, ABpraaaappa, 4498, 0, 0, 0, , 0, 0, 0, 0, 0, 
290, 1, 289, 294, -1, 264, 157, 25.0, 15, ABpraaaappp, 5207, 0, 0, 0, , 0, 0, 0, 0, 0, 
291, 1, 290, 295, -1, 109, 223, 20.0, 15, ABprappapp, 7629, 0, 0, 0, , 0, 0, 0, 0, 0, 
292, 1, 291, 296, -1, 118, 223, 30.0, 15, ABprappapa, 7030, 0, 0, 0, , 0, 0, 0, 0, 0, 
293, 1, 292, 297, -1, 118, 212, 23.0, 15, ABprappaap, 8380, 0, 0, 0, , 0, 0, 0, 0, 0, 
294, 1, 293, 298, -1, 138, 204, 20.0, 15, ABprappaaa, 5966, 0, 0, 0, , 0, 0, 0, 0, 0, 
295, 1, 294, 299, -1, 78, 264, 18.0, 17, ABprapppaa, 7201, 0, 0, 0, , 0, 0, 0, 0, 0, 
296, 1, 295, 300, -1, 90, 278, 12.0, 13, ABprapppapp, 4298, 0, 0, 0, , 0, 0, 0, 0, 0, 
297, 1, 295, 301, -1, 90, 264, 13.0, 11, ABprapppapa, 3303, 0, 0, 0, , 0, 0, 0, 0, 0, 
298, 1, 296, 302, -1, 73, 277, 14.0, 17, ABprappppp, 6922, 0, 0, 0, , 0, 0, 0, 0, 0, 
299, 1, 297, 303, -1, 84, 250, 14.0, 17, ABprappppa, 7084, 0, 0, 0, , 0, 0, 0, 0, 0, 
300, 1, 298, 304, -1, 203, 194, 27.0, 13, ABprapaaapa, 4210, 0, 0, 0, , 0, 0, 0, 0, 0, 
301, 1, 299, 305, -1, 187, 190, 27.0, 15, ABprapaaapp, 5180, 0, 0, 0, , 0, 0, 0, 0, 0, 
302, 1, 300, 306, -1, 209, 198, 34.0, 13, ABprapaaaap, 4584, 0, 0, 0, , 0, 0, 0, 0, 0, 
303, 1, 301, 307, -1, 221, 203, 30.0, 13, ABprapaaaaa, 3759, 0, 0, 0, , 0, 0, 0, 0, 0, 
304, 1, 302, 308, -1, 144, 196, 25.0, 13, ABprapaapp, 5014, 0, 0, 0, , 0, 0, 0, 0, 0, 
305, 1, 303, 309, -1, 175, 181, 23.0, 13, ABprapaapa, 6530, 0, 0, 0, , 0, 0, 0, 0, 0, 
306, 1, 304, 310, -1, 88, 243, 17.0, 15, ABprapappa, 6315, 0, 0, 0, , 0, 0, 0, 0, 0, 
307, 1, 305, 311, -1, 64, 285, 18.0, 15, ABprapapppp, 5255, 0, 0, 0, , 0, 0, 0, 0, 0, 
308, 1, 306, 312, -1, 76, 270, 22.0, 13, ABprapapppa, 3984, 0, 0, 0, , 0, 0, 0, 0, 0, 
309, 1, 307, 313, -1, 91, 233, 22.0, 15, ABprapapap, 6626, 0, 0, 0, , 0, 0, 0, 0, 0, 
310, 1, 308, 314, -1, 84, 254, 27.0, 17, ABprapapaa, 7330, 0, 0, 0, , 0, 0, 0, 0, 0, 
311, 1, 309, 315, -1, 233, 205, 27.0, 13, MSppppap, 2372, 0, 0, 0, , 0, 0, 0, 0, 0, 
312, 1, 310, 316, -1, 223, 202, 20.0, 11, MSppppaa, 2863, 0, 0, 0, , 0, 0, 0, 0, 0, 
313, 1, 311, 317, -1, 237, 218, 30.0, 13, MSpppppa, 3886, 0, 0, 0, , 0, 0, 0, 0, 0, 
314, 1, 312, 318, -1, 202, 222, 30.0, 17, MSpppppp, 3662, 0, 0, 0, , 0, 0, 0, 0, 0, 
315, 1, 313, 319, -1, 205, 222, 19.0, 17, MSpppaaa, 4930, 0, 0, 0, , 0, 0, 0, 0, 0, 
316, 1, 314, 320, -1, 153, 237, 19.0, 17, MSpppaap, 5290, 0, 0, 0, , 0, 0, 0, 0, 0, 
317, 1, 315, 321, -1, 195, 211, 18.0, 15, MSpppapp, 4445, 0, 0, 0, , 0, 0, 0, 0, 0, 
318, 1, 550, 322, -1, 214, 214, 17.0, 11, MSpppapa, 3160, 0, 0, 0, , 0, 0, 0, 0, 0, 
319, 1, 317, 323, -1, 214, 216, 13.0, 13, ABprpapaaap, 7318, 0, 0, 0, , 0, 0, 0, 0, 0, 
320, 1, 318, 324, -1, 191, 236, 14.0, 15, MSppaapp, 5953, 0, 0, 0, , 0, 0, 0, 0, 0, 
321, 1, 319, 325, -1, 238, 205, 17.0, 13, MSppaapa, 4039, 0, 0, 0, , 0, 0, 0, 0, 0, 
322, 1, 320, 326, -1, 285, 202, 14.0, 11, MSppaaaa, 2169, 0, 0, 0, , 0, 0, 0, 0, 0, 
323, 1, 321, 327, -1, 288, 191, 24.0, 15, MSppaaap, 5516, 0, 0, 0, , 0, 0, 0, 0, 0, 
324, 1, 322, 328, -1, 269, 188, 29.0, 15, MSppappa, 5274, 0, 0, 0, , 0, 0, 0, 0, 0, 
325, 1, 323, 329, -1, 250, 195, 23.0, 15, MSppapaa, 5404, 0, 0, 0, , 0, 0, 0, 0, 0, 
326, 1, 324, 330, -1, 238, 193, 19.0, 15, MSppapap, 3880, 0, 0, 0, , 0, 0, 0, 0, 0, 
327, 1, 325, 331, -1, 199, 262, 14.0, 13, MSpapappp, 3542, 0, 0, 0, , 0, 0, 0, 0, 0, 
328, 1, 326, 332, -1, 216, 255, 16.0, 13, MSpapappa, 3914, 0, 0, 0, , 0, 0, 0, 0, 0, 
329, 1, 327, 333, -1, 199, 245, 18.0, 15, MSpapapa, 6542, 0, 0, 0, , 0, 0, 0, 0, 0, 
330, 1, 328, 334, -1, 234, 235, 16.0, 13, MSpapaaaa, 2866, 0, 0, 0, , 0, 0, 0, 0, 0, 
331, 1, 329, 335, -1, 220, 237, 16.0, 15, MSpapaaap, 5493, 0, 0, 0, , 0, 0, 0, 0, 0, 
332, 1, 330, 336, -1, 220, 240, 20.0, 15, MSpapaapa, 5578, 0, 0, 0, , 0, 0, 0, 0, 0, 
333, 0, 331, -1, -1, 204, 250, 24.0, 11, , 1387, 0, 0, 0, , 0, 0, 0, 0, 0, 
334, 1, 332, 338, -1, 206, 239, 22.0, 19, MSpapaapp, 3318, 0, 0, 0, , 0, 0, 0, 0, 0, 
335, 1, 333, 339, -1, 169, 311, 13.0, 15, MSpappaa, 4181, 0, 0, 0, , 0, 0, 0, 0, 0, 
336, 1, 334, 340, -1, 152, 232, 15.0, 15, MSpapppp, 5784, 0, 0, 0, , 0, 0, 0, 0, 0, 
337, 1, 335, 341, -1, 168, 220, 19.0, 15, MSpapppa, 6164, 0, 0, 0, , 0, 0, 0, 0, 0, 
338, 1, 336, 342, -1, 253, 236, 26.0, 15, MSpaaappa, 6701, 0, 0, 0, , 0, 0, 0, 0, 0, 
339, 1, 337, 343, -1, 231, 240, 27.0, 15, MSpaaappp, 6223, 0, 0, 0, , 0, 0, 0, 0, 0, 
340, 1, 338, 344, -1, 241, 248, 30.0, 17, MSpaaapa, 6826, 0, 0, 0, , 0, 0, 0, 0, 0, 
341, 1, 339, 345, -1, 281, 212, 27.0, 15, MSpaaaapa, 6420, 0, 0, 0, , 0, 0, 0, 0, 0, 
342, 1, 340, 346, -1, 261, 217, 28.0, 15, MSpaaaapp, 5185, 0, 0, 0, , 0, 0, 0, 0, 0, 
343, 1, 341, 347, -1, 272, 219, 31.0, 19, MSpaaaaa, 7228, 0, 0, 0, , 0, 0, 0, 0, 0, 
344, 1, 342, 348, -1, 230, 219, 19.0, 13, ABaraappppa, 5231, 0, 0, 0, , 0, 0, 0, 0, 0, 
345, 1, 343, 349, -1, 242, 221, 21.0, 15, ABaraapppap, 6103, 0, 0, 0, , 0, 0, 0, 0, 0, 
346, 1, 344, 350, -1, 238, 220, 27.0, 13, MSpaapaap, 3951, 0, 0, 0, , 0, 0, 0, 0, 0, 
347, 1, 345, 351, -1, 260, 216, 26.0, 13, MSpaapaaa, 3803, 0, 0, 0, , 0, 0, 0, 0, 0, 
348, 1, 346, 352, -1, 182, 256, 24.0, 21, Earap, 964, 0, 0, 0, , 0, 0, 0, 0, 0, 
349, 1, 347, 353, -1, 265, 300, 21.0, 15, MSapppaa, 4937, 0, 0, 0, , 0, 0, 0, 0, 0, 
350, 1, 348, 354, -1, 256, 283, 27.0, 17, MSapppap, 4112, 0, 0, 0, , 0, 0, 0, 0, 0, 
351, 1, 349, 355, -1, 243, 281, 30.0, 15, MSappppa, 3607, 0, 0, 0, , 0, 0, 0, 0, 0, 
352, 1, 350, 356, -1, 213, 307, 29.0, 15, MSappppp, 4664, 0, 0, 0, , 0, 0, 0, 0, 0, 
353, 1, 351, 357, -1, 180, 315, 18.0, 17, MSappaap, 11450, 0, 0, 0, , 0, 0, 0, 0, 0, 
354, 1, 352, 358, -1, 229, 301, 21.0, 15, MSappaaa, 3998, 0, 0, 0, , 0, 0, 0, 0, 0, 
355, 1, 353, 359, -1, 241, 303, 20.0, 11, MSappapp, 2274, 0, 0, 0, , 0, 0, 0, 0, 0, 
356, 1, 354, 360, -1, 253, 295, 20.0, 11, MSappapa, 3159, 0, 0, 0, , 0, 0, 0, 0, 0, 
357, 1, 355, 361, -1, 292, 274, 30.0, 15, MSapappa, 5836, 0, 0, 0, , 0, 0, 0, 0, 0, 
358, 1, 356, 362, -1, 273, 269, 31.0, 17, MSapappp, 4448, 0, 0, 0, , 0, 0, 0, 0, 0, 
359, 1, 357, 363, -1, 270, 291, 17.0, 13, MSapapap, 3911, 0, 0, 0, , 0, 0, 0, 0, 0, 
360, 1, 358, 364, -1, 278, 279, 23.0, 15, MSapapaa, 6045, 0, 0, 0, , 0, 0, 0, 0, 0, 
361, 1, 359, 365, -1, 220, 301, 15.0, 15, MSapaapp, 5199, 0, 0, 0, , 0, 0, 0, 0, 0, 
362, 1, 360, 366, -1, 282, 284, 17.0, 11, MSapaapa, 4187, 0, 0, 0, , 0, 0, 0, 0, 0, 
363, 1, 361, 367, -1, 319, 251, 16.0, 15, MSapaaaa, 5111, 0, 0, 0, , 0, 0, 0, 0, 0, 
364, 1, 362, 368, -1, 315, 255, 24.0, 15, MSapaaap, 6197, 0, 0, 0, , 0, 0, 0, 0, 0, 
365, 1, 363, 369, -1, 306, 213, 29.0, 15, MSaaaaapa, 3759, 0, 0, 0, , 0, 0, 0, 0, 0, 
366, 1, 364, 370, -1, 302, 236, 31.0, 17, MSaaaaapp, 5778, 0, 0, 0, , 0, 0, 0, 0, 0, 
367, 1, 365, 371, -1, 324, 214, 25.0, 17, MSaaaaaa, 6186, 0, 0, 0, , 0, 0, 0, 0, 0, 
368, 1, 366, 372, -1, 285, 233, 31.0, 13, MSaaaapaa, 4435, 0, 0, 0, , 0, 0, 0, 0, 0, 
369, 1, 367, 373, -1, 266, 241, 30.0, 15, MSaaaapap, 5124, 0, 0, 0, , 0, 0, 0, 0, 0, 
370, 1, 368, 374, -1, 246, 263, 27.0, 13, MSaaaappp, 6253, 0, 0, 0, , 0, 0, 0, 0, 0, 
371, 1, 369, 375, -1, 267, 257, 28.0, 13, MSaaaappa, 5475, 0, 0, 0, , 0, 0, 0, 0, 0, 
372, 1, 370, 376, -1, 244, 261, 24.0, 13, MSaaapapp, 3050, 0, 0, 0, , 0, 0, 0, 0, 0, 
373, 1, 371, 377, -1, 283, 253, 28.0, 13, MSaaapaap, 3054, 0, 0, 0, , 0, 0, 0, 0, 0, 
374, 0, 372, -1, -1, 302, 249, 27.0, 15, , 2771, 0, 0, 0, , 0, 0, 0, 0, 0, 
375, 1, 373, 379, -1, 226, 271, 26.0, 11, MSaaappa, 3636, 0, 0, 0, , 0, 0, 0, 0, 0, 
376, 1, 374, 380, -1, 228, 262, 28.0, 13, MSaaappp, 2996, 0, 0, 0, , 0, 0, 0, 0, 0, 
377, 1, 375, 381, -1, 186, 314, 15.0, 15, MSaapppp, 4289, 0, 0, 0, , 0, 0, 0, 0, 0, 
378, 1, 376, 382, -1, 208, 317, 18.0, 19, MSaapppa, 12039, 0, 0, 0, , 0, 0, 0, 0, 0, 
379, 1, 377, 383, -1, 244, 280, 16.0, 15, MSaapaaap, 4696, 0, 0, 0, , 0, 0, 0, 0, 0, 
380, 1, 378, 384, -1, 258, 273, 16.0, 13, MSaapaaaa, 3343, 0, 0, 0, , 0, 0, 0, 0, 0, 
381, 1, 379, 385, -1, 212, 282, 17.0, 13, MSaapappp, 4163, 0, 0, 0, , 0, 0, 0, 0, 0, 
382, 1, 380, 386, -1, 231, 277, 17.0, 15, MSaapappa, 2463, 0, 0, 0, , 0, 0, 0, 0, 0, 
383, 1, 381, 387, -1, 223, 282, 20.0, 15, MSaapapa, 5135, 0, 0, 0, , 0, 0, 0, 0, 0, 
384, 1, 382, 388, -1, 202, 282, 21.0, 23, Ealpa, 22591, 0, 0, 0, , 0, 0, 0, 0, 0, 
385, 1, 383, 389, -1, 162, 301, 22.0, 17, Ealpp, 9582, 0, 0, 0, , 0, 0, 0, 0, 0, 
386, 1, 384, 390, -1, 133, 306, 20.0, 21, Eplpa, 8438, 0, 0, 0, , 0, 0, 0, 0, 0, 
387, 1, 385, 391, -1, 123, 339, 21.0, 19, Cappap, 28409, 0, 0, 0, , 0, 0, 0, 0, 0, 
388, 1, 386, 392, -1, 157, 338, 27.0, 17, Cappaa, 5672, 0, 0, 0, , 0, 0, 0, 0, 0, 
389, 1, 387, 393, -1, 118, 337, 26.0, 17, Capppa, 7734, 0, 0, 0, , 0, 0, 0, 0, 0, 
390, 1, 388, 394, -1, 101, 323, 17.0, 15, Capppp, 5440, 0, 0, 0, , 0, 0, 0, 0, 0, 
391, 1, 389, 395, -1, 146, 345, 23.0, 19, Capapa, 9570, 0, 0, 0, , 0, 0, 0, 0, 0, 
392, 1, 390, 396, -1, 149, 331, 14.0, 17, Capapp, 9293, 0, 0, 0, , 0, 0, 0, 0, 0, 
393, 1, 391, 397, -1, 160, 337, 18.0, 17, Capaap, 11547, 0, 0, 0, , 0, 0, 0, 0, 0, 
394, 1, 392, 398, -1, 185, 333, 23.0, 17, Capaaa, 8337, 0, 0, 0, , 0, 0, 0, 0, 0, 
395, 1, 393, 399, -1, 89, 306, 28.0, 19, Caaapp, 14294, 0, 0, 0, , 0, 0, 0, 0, 0, 
396, 1, 394, 400, -1, 71, 316, 18.0, 19, Caappd, 12790, 0, 0, 0, , 0, 0, 0, 0, 0, 
397, 1, 395, 401, -1, 79, 331, 15.0, 15, Caappv, 4257, 0, 0, 0, , 0, 0, 0, 0, 0, 
398, 1, 396, 402, -1, 95, 304, 16.0, 15, Caapaa, 3896, 0, 0, 0, , 0, 0, 0, 0, 0, 
399, 1, 397, 403, -1, 84, 308, 11.0, 15, Caapap, 3227, 0, 0, 0, , 0, 0, 0, 0, 0, 
400, 1, 398, 404, -1, 68, 305, 21.0, 19, Cpappd, 15623, 0, 0, 0, , 0, 0, 0, 0, 0, 
401, 1, 399, 405, -1, 74, 311, 15.0, 17, Cpappv, 11022, 0, 0, 0, , 0, 0, 0, 0, 0, 
402, 1, 400, 406, -1, 80, 331, 23.0, 17, Cpapaa, 9029, 0, 0, 0, , 0, 0, 0, 0, 0, 
403, 1, 401, 407, -1, 94, 298, 32.0, 21, Cpaapp, 15801, 0, 0, 0, , 0, 0, 0, 0, 0, 
404, 1, 402, 408, -1, 127, 240, 19.0, 19, Cppaap, 10102, 0, 0, 0, , 0, 0, 0, 0, 0, 
405, 1, 403, 409, -1, 144, 222, 22.0, 17, Cppaaa, 7052, 0, 0, 0, , 0, 0, 0, 0, 0, 
406, 1, 404, 410, -1, 120, 240, 26.0, 21, Cppapa, 16219, 0, 0, 0, , 0, 0, 0, 0, 0, 
407, 1, 405, 411, -1, 107, 252, 16.0, 15, Cppapp, 7486, 0, 0, 0, , 0, 0, 0, 0, 0, 
408, 1, 406, 412, -1, 120, 249, 30.0, 15, Cpppaap, 4387, 0, 0, 0, , 0, 0, 0, 0, 0, 
409, 1, 407, 413, -1, 139, 223, 27.0, 15, Cpppaaa, 6126, 0, 0, 0, , 0, 0, 0, 0, 0, 
410, 1, 408, 414, -1, 93, 268, 18.0, 13, Cpppapp, 4050, 0, 0, 0, , 0, 0, 0, 0, 0, 
411, 1, 409, 415, -1, 108, 250, 22.0, 17, Cpppapa, 5287, 0, 0, 0, , 0, 0, 0, 0, 0, 
412, 1, 410, 416, -1, 237, 318, 24.0, 15, Daapa, 5009, 0, 0, 0, , 0, 0, 0, 0, 0, 
413, 1, 411, 417, -1, 223, 329, 21.0, 15, Daapp, 5421, 0, 0, 0, , 0, 0, 0, 0, 0, 
414, 1, 412, 418, -1, 249, 293, 24.0, 15, Daaaa, 6001, 0, 0, 0, , 0, 0, 0, 0, 0, 
415, 1, 413, 419, -1, 233, 305, 27.0, 15, Daaap, 4567, 0, 0, 0, , 0, 0, 0, 0, 0, 
416, 1, 414, 420, -1, 195, 314, 30.0, 19, Dappa, 15017, 0, 0, 0, , 0, 0, 0, 0, 0, 
417, 1, 415, 421, -1, 162, 324, 30.0, 15, Dappp, 5870, 0, 0, 0, , 0, 0, 0, 0, 0, 
418, 1, 416, 422, -1, 171, 204, 20.0, 17, Dpapp, 6085, 0, 0, 0, , 0, 0, 0, 0, 0, 
419, 1, 417, 423, -1, 198, 202, 22.0, 15, Dpapa, 5567, 0, 0, 0, , 0, 0, 0, 0, 0, 
420, 1, 418, 424, -1, 205, 211, 28.0, 15, Dpaap, 4433, 0, 0, 0, , 0, 0, 0, 0, 0, 
421, 1, 419, 425, -1, 217, 206, 23.0, 15, Dpaaa, 4562, 0, 0, 0, , 0, 0, 0, 0, 0, 
422, 1, 420, 426, -1, 149, 236, 31.0, 19, Dpppp, 12912, 0, 0, 0, , 0, 0, 0, 0, 0, 
423, 1, 421, 427, -1, 170, 222, 29.0, 21, Dpppa, 7939, 0, 0, 0, , 0, 0, 0, 0, 0, 
424, 1, 422, 428, -1, 191, 208, 25.0, 15, Dppaa, 3472, 0, 0, 0, , 0, 0, 0, 0, 0, 
425, 1, 423, 429, -1, 160, 208, 25.0, 15, Dppap, 4231, 0, 0, 0, , 0, 0, 0, 0, 0, 
426, 1, 424, 430, -1, 156, 251, 15.0, 23, Z2, 5467, 0, 0, 0, , 0, 0, 0, 0, 0, 
427, 0, 425, -1, -1, 380, 244, 24.0, 15, , 7724, 0, 0, 0, , 0, 0, 0, 0, 0, 
428, 1, 426, 432, -1, 324, 293, 24.0, 11, ABalpppappa, 4279, 0, 0, 0, , 0, 0, 0, 0, 0, 
429, 1, 427, 433, -1, 321, 291, 26.0, 13, ABalpppappp, 3672, 0, 0, 0, , 0, 0, 0, 0, 0, 
430, 1, 428, 434, -1, 303, 276, 23.0, 13, ABalpppppaa, 4192, 0, 0, 0, , 0, 0, 0, 0, 0, 
431, 1, 429, 435, -1, 294, 287, 23.0, 13, ABalpppppap, 3841, 0, 0, 0, , 0, 0, 0, 0, 0, 
432, 1, 430, 436, -1, 274, 294, 27.0, 15, ABalppppppa, 5379, 0, 0, 0, , 0, 0, 0, 0, 0, 
433, 1, 431, 437, -1, 290, 310, 27.0, 17, ABalppppppp, 7003, 0, 0, 0, , 0, 0, 0, 0, 0, 
434, 1, 432, 438, -1, 338, 277, 27.0, 13, ABalppppapp, 5366, 0, 0, 0, , 0, 0, 0, 0, 0, 
435, 1, 433, 439, -1, 343, 267, 25.0, 15, ABalppppapa, 5546, 0, 0, 0, , 0, 0, 0, 0, 0, 
436, 1, 434, 440, -1, 316, 277, 20.0, 11, ABalppppaad, 3688, 0, 0, 0, , 0, 0, 0, 0, 0, 
437, 1, 435, 441, -1, 321, 276, 23.0, 13, ABalppppaav, 3866, 0, 0, 0, , 0, 0, 0, 0, 0, 
438, 1, 436, 442, -1, 344, 278, 19.0, 13, ABalpppaaaa, 4227, 0, 0, 0, , 0, 0, 0, 0, 0, 
439, 1, 437, 443, -1, 328, 288, 16.0, 13, ABalpppaaap, 5109, 0, 0, 0, , 0, 0, 0, 0, 0, 
440, 1, 438, 444, -1, 341, 284, 23.0, 15, ABalpppaap, 7851, 0, 0, 0, , 0, 0, 0, 0, 0, 
441, 1, 439, 445, -1, 327, 291, 18.0, 15, ABalpppapad, 4604, 0, 0, 0, , 0, 0, 0, 0, 0, 
442, 1, 440, 446, -1, 324, 301, 20.0, 15, ABalpppapav, 4339, 0, 0, 0, , 0, 0, 0, 0, 0, 
443, 1, 441, 447, -1, 352, 260, 19.0, 15, ABalaaapalr, 3261, 0, 0, 0, , 0, 0, 0, 0, 0, 
444, 1, 442, 448, -1, 347, 260, 16.0, 13, ABalppaaaa, 7248, 0, 0, 0, , 0, 0, 0, 0, 0, 
445, 1, 443, 449, -1, 335, 277, 14.0, 15, ABalppaaapp, 4208, 0, 0, 0, , 0, 0, 0, 0, 0, 
446, 1, 444, 450, -1, 297, 302, 13.0, 13, ABalppaappp, 5040, 0, 0, 0, , 0, 0, 0, 0, 0, 
447, 1, 445, 451, -1, 317, 290, 14.0, 15, ABalppaappa, 1946, 0, 0, 0, , 0, 0, 0, 0, 0, 
448, 1, 446, 452, -1, 317, 283, 12.0, 13, ABalppaapa, 4741, 0, 0, 0, , 0, 0, 0, 0, 0, 
449, 1, 447, 453, -1, 292, 283, 13.0, 15, ABalppapppa, 5702, 0, 0, 0, , 0, 0, 0, 0, 0, 
450, 1, 448, 454, -1, 284, 298, 11.0, 13, ABalppapppp, 3873, 0, 0, 0, , 0, 0, 0, 0, 0, 
451, 1, 449, 455, -1, 308, 271, 14.0, 13, ABalppappap, 5099, 0, 0, 0, , 0, 0, 0, 0, 0, 
452, 1, 450, 456, -1, 325, 261, 15.0, 13, ABalppappaa, 5556, 0, 0, 0, , 0, 0, 0, 0, 0, 
453, 1, 451, 457, -1, 296, 272, 9.0, 13, ABalppapapa, 4959, 0, 0, 0, , 0, 0, 0, 0, 0, 
454, 1, 452, 458, -1, 279, 294, 9.0, 15, ABalppapapp, 6355, 0, 0, 0, , 0, 0, 0, 0, 0, 
455, 1, 453, 459, -1, 327, 264, 11.0, 15, ABalppapaaa, 4866, 0, 0, 0, , 0, 0, 0, 0, 0, 
456, 1, 454, 460, -1, 312, 273, 10.0, 13, ABalppapaap, 4385, 0, 0, 0, , 0, 0, 0, 0, 0, 
457, 1, 455, 461, -1, 256, 301, 10.0, 17, ABalpapapap, 7817, 0, 0, 0, , 0, 0, 0, 0, 0, 
458, 1, 456, 462, -1, 266, 279, 10.0, 15, ABalpapapaa, 7256, 0, 0, 0, , 0, 0, 0, 0, 0, 
459, 1, 457, 463, -1, 242, 321, 11.0, 15, ABalpapappa, 6186, 0, 0, 0, , 0, 0, 0, 0, 0, 
460, 1, 458, 464, -1, 235, 331, 14.0, 15, ABalpapappp, 6332, 0, 0, 0, , 0, 0, 0, 0, 0, 
461, 1, 459, 465, -1, 264, 247, 10.0, 19, ABalpapaapp, 6809, 0, 0, 0, , 0, 0, 0, 0, 0, 
462, 1, 460, 466, -1, 283, 242, 10.0, 13, ABalpapaapa, 5040, 0, 0, 0, , 0, 0, 0, 0, 0, 
463, 1, 461, 467, -1, 303, 255, 9.0, 15, ABalpapaaaa, 7707, 0, 0, 0, , 0, 0, 0, 0, 0, 
464, 1, 462, 468, -1, 283, 264, 10.0, 15, ABalpapaaap, 6115, 0, 0, 0, , 0, 0, 0, 0, 0, 
465, 1, 463, 469, -1, 268, 258, 11.0, 17, ABalpappapa, 12583, 0, 0, 0, , 0, 0, 0, 0, 0, 
466, 1, 464, 470, -1, 284, 256, 15.0, 15, ABalpappaap, 5425, 0, 0, 0, , 0, 0, 0, 0, 0, 
467, 1, 465, 471, -1, 283, 236, 16.0, 13, ABalpappaaa, 5370, 0, 0, 0, , 0, 0, 0, 0, 0, 
468, 1, 466, 472, -1, 230, 265, 12.0, 15, ABalpappapp, 4387, 0, 0, 0, , 0, 0, 0, 0, 0, 
469, 1, 467, 473, -1, 274, 268, 17.0, 15, ABalpapppa, 3005, 0, 0, 0, , 0, 0, 0, 0, 0, 
470, 0, 468, -1, -1, 272, 255, 19.0, 13, , 1405, 0, 0, 0, , 0, 0, 0, 0, 0, 
471, 1, 469, 474, -1, 303, 252, 17.0, 13, ABalpaaapaa, 4183, 0, 0, 0, , 0, 0, 0, 0, 0, 
472, 1, 469, 475, -1, 289, 257, 19.0, 13, ABalpaaapap, 4383, 0, 0, 0, , 0, 0, 0, 0, 0, 
473, 1, 470, 476, -1, 297, 251, 12.0, 17, ABalpaaaap, 10904, 0, 0, 0, , 0, 0, 0, 0, 0, 
474, 1, 471, 477, -1, 292, 245, 14.0, 11, ABalpaaaaap, 4504, 0, 0, 0, , 0, 0, 0, 0, 0, 
475, 1, 472, 478, -1, 310, 235, 13.0, 13, ABalpaaaaaa, 4685, 0, 0, 0, , 0, 0, 0, 0, 0, 
476, 1, 473, 479, -1, 332, 228, 13.0, 17, ABalpaapppa, 6505, 0, 0, 0, , 0, 0, 0, 0, 0, 
477, 1, 474, 480, -1, 320, 254, 11.0, 13, ABalpaapppp, 4015, 0, 0, 0, , 0, 0, 0, 0, 0, 
478, 1, 475, 481, -1, 322, 225, 15.0, 15, ABalpaappaa, 3651, 0, 0, 0, , 0, 0, 0, 0, 0, 
479, 1, 476, 482, -1, 315, 237, 11.0, 15, ABalpaappap, 5503, 0, 0, 0, , 0, 0, 0, 0, 0, 
480, 1, 477, 483, -1, 288, 256, 23.0, 13, ABalpaapapp, 2917, 0, 0, 0, , 0, 0, 0, 0, 0, 
481, 1, 478, 484, -1, 297, 242, 21.0, 17, ABalpaapapa, 4786, 0, 0, 0, , 0, 0, 0, 0, 0, 
482, 1, 479, 485, -1, 314, 242, 22.0, 13, ABalpaapaap, 3169, 0, 0, 0, , 0, 0, 0, 0, 0, 
483, 1, 480, 486, -1, 321, 237, 20.0, 13, ABalpaapaaa, 3367, 0, 0, 0, , 0, 0, 0, 0, 0, 
484, 1, 481, 487, -1, 173, 267, 27.0, 21, Epraa, 65535, 0, 0, 0, , 0, 0, 0, 0, 0, 
485, 0, 482, -1, -1, 166, 290, 28.0, 21, , 48625, 0, 0, 0, , 0, 0, 0, 0, 0, 
486, 1, 483, 489, -1, 198, 240, 25.0, 11, MSpaapp, 3146, 0, 0, 0, , 0, 0, 0, 0, 0, 
487, 1, 484, 490, -1, 155, 265, 24.0, 21, Earpp, 11996, 0, 0, 0, , 0, 0, 0, 0, 0, 
488, 1, 485, 491, -1, 186, 285, 24.0, 19, Ealap, 36303, 0, 0, 0, , 0, 0, 0, 0, 0, 
489, 1, 486, 492, -1, 209, 277, 26.0, 15, Ealaa, 7926, 0, 0, 0, , 0, 0, 0, 0, 0, 
490, 1, 487, 493, -1, 164, 290, 27.0, 23, Eplaa, 2654, 0, 0, 0, , 0, 0, 0, 0, 0, 
491, 1, 488, 494, -1, 141, 301, 24.0, 19, Eplap, 32291, 0, 0, 0, , 0, 0, 0, 0, 0, 
492, 1, 489, 495, -1, 133, 278, 17.0, 19, Eprpp, 8372, 0, 0, 0, , 0, 0, 0, 0, 0, 
493, 1, 490, 496, -1, 190, 335, 28.0, 17, Dapap, 5700, 0, 0, 0, , 0, 0, 0, 0, 0, 
494, 1, 491, 497, -1, 212, 328, 24.0, 15, Dapaa, 5336, 0, 0, 0, , 0, 0, 0, 0, 0, 
495, 1, 492, 498, -1, 226, 274, 23.0, 15, MSaapaapp, 4502, 0, 0, 0, , 0, 0, 0, 0, 0, 
496, 1, 493, 499, -1, 241, 272, 22.0, 15, MSaapaapa, 4361, 0, 0, 0, , 0, 0, 0, 0, 0, 
497, 1, 494, 500, -1, 160, 213, 32.0, 15, ABarpppapp, 5878, 0, 0, 0, , 0, 0, 0, 0, 0, 
498, 1, 495, 501, -1, 227, 321, 15.0, 13, ABplppaapap, 4433, 0, 0, 0, , 0, 0, 0, 0, 0, 
499, 1, 496, 502, -1, 245, 310, 16.0, 13, ABplppaapaa, 5186, 0, 0, 0, , 0, 0, 0, 0, 0, 
500, 1, 497, 503, -1, 72, 296, 25.0, 19, Cpapap, 7847, 0, 0, 0, , 0, 0, 0, 0, 0, 
501, 1, 498, 504, -1, 209, 248, 27.0, 19, Earaa, 11436, 0, 0, 0, , 0, 0, 0, 0, 0, 
502, 1, 499, 505, -1, 343, 243, 16.0, 19, ABalaaaala, 7608, 0, 0, 0, , 0, 0, 0, 0, 0, 
503, 1, 500, 506, -1, 268, 176, 34.0, 13, ABarpappaa, 4072, 0, 0, 0, , 0, 0, 0, 0, 0, 
504, 1, 502, 507, 508, 98, 270, 25.0, 19, Cppppa, 14002, 0, 0, 0, , 0, 0, 0, 0, 0, 
505, 0, 503, -1, -1, 84, 293, 17.0, 11, , 974, 0, 0, 0, , 0, 0, 0, 0, 0, 
506, 1, 504, 510, -1, 187, 264, 18.0, 19, Earpa, 11271, 0, 0, 0, , 0, 0, 0, 0, 0, 
507, 1, 505, 511, -1, 253, 197, 31.0, 15, MSppappp, 5542, 0, 0, 0, , 0, 0, 0, 0, 0, 
508, 1, 506, 512, -1, 128, 278, 22.0, 19, Eprpa, 13726, 0, 0, 0, , 0, 0, 0, 0, 0, 
509, 1, 507, 513, -1, 234, 247, 34.0, 19, ABarpaappa, 5438, 0, 0, 0, , 0, 0, 0, 0, 0, 
510, 1, 508, 514, -1, 220, 302, 35.0, 19, ABarppaapa, 7163, 0, 0, 0, , 0, 0, 0, 0, 0, 
511, 1, 509, 515, -1, 129, 299, 17.0, 23, Eplpp, 41919, 0, 0, 0, , 0, 0, 0, 0, 0, 
512, 1, 510, 516, -1, 202, 282, 14.0, 13, MSaappap, 3457, 0, 0, 0, , 0, 0, 0, 0, 0, 
513, 1, 511, 517, -1, 181, 293, 14.0, 19, Z3, 9051, 0, 0, 0, , 0, 0, 0, 0, 0, 
514, 1, 512, 518, -1, 258, 180, 12.0, 11, ABalaapappa, 17590, 0, 0, 0, , 0, 0, 0, 0, 0, 
515, 1, 513, 519, -1, 216, 273, 14.0, 13, MSaappaa, 2688, 0, 0, 0, , 0, 0, 0, 0, 0, 
516, 0, 514, -1, -1, 182, 256, 23.0, 21, , 24918, 0, 0, 0, , 0, 0, 0, 0, 0, 
517, 1, 515, 521, -1, 255, 323, 18.0, 15, ABplppaaaap, 3232, 0, 0, 0, , 0, 0, 0, 0, 0, 
518, 1, 516, 522, -1, 124, 304, 10.0, 13, ABplpppapap, 2124, 0, 0, 0, , 0, 0, 0, 0, 0, 
519, 1, 517, 523, -1, 275, 166, 30.0, 15, ABpraapaapp, 4936, 0, 0, 0, , 0, 0, 0, 0, 0, 
520, 1, 518, 524, -1, 231, 333, 18.0, 15, ABplppapaaa, 6138, 0, 0, 0, , 0, 0, 0, 0, 0, 
521, 1, 519, 525, -1, 326, 228, 30.0, 11, ABalapapapa, 1750, 0, 0, 0, , 0, 0, 0, 0, 0, 
522, 1, 520, 526, -1, 344, 242, 19.0, 15, ABalaaapall, 7607, 0, 0, 0, , 0, 0, 0, 0, 0, 
523, 1, 521, 527, -1, 140, 280, 27.0, 19, Eprap, 13016, 0, 0, 0, , 0, 0, 0, 0, 0, 
524, 1, 522, 528, -1, 266, 193, 16.0, 15, ABprpaaaaaa, 6393, 0, 0, 0, , 0, 0, 0, 0, 0, 
525, 1, 523, 529, -1, 195, 265, 33.0, 19, Cpaaaa, 4579, 0, 0, 0, , 0, 0, 0, 0, 0, 
526, 1, 524, 530, -1, 158, 275, 14.0, 15, MSpappap, 4203, 0, 0, 0, , 0, 0, 0, 0, 0, 
527, 1, 525, 531, -1, 227, 235, 24.0, 17, MSpaapapp, 3499, 0, 0, 0, , 0, 0, 0, 0, 0, 
528, 0, 526, -1, -1, 215, 241, 25.0, 13, , 2735, 0, 0, 0, , 0, 0, 0, 0, 0, 
529, 1, 527, 533, -1, 195, 222, 35.0, 21, ABarpppapa, 2507, 0, 0, 0, , 0, 0, 0, 0, 0, 
530, 1, 528, 534, -1, 90, 286, 18.0, 19, Cppppp, 12852, 0, 0, 0, , 0, 0, 0, 0, 0, 
531, 1, 529, 535, -1, 253, 296, 30.0, 13, ABplapaaaaa, 4157, 0, 0, 0, , 0, 0, 0, 0, 0, 
532, 0, 530, -1, -1, 132, 313, 21.0, 15, , 2813, 0, 0, 0, , 0, 0, 0, 0, 0, 
533, 1, 531, 537, -1, 161, 281, 33.0, 19, Cpaaap, 2319, 0, 0, 0, , 0, 0, 0, 0, 0, 
534, 0, 532, -1, -1, 232, 284, 10.0, 17, , 2315, 0, 0, 0, , 0, 0, 0, 0, 0, 
535, 1, 533, 539, -1, 250, 306, 33.0, 15, ABplapaaaap, 5569, 0, 0, 0, , 0, 0, 0, 0, 0, 
536, 1, 534, 540, -1, 356, 269, 16.0, 13, ABalppaaapa, 4911, 0, 0, 0, , 0, 0, 0, 0, 0, 
537, 1, 535, 541, -1, 243, 267, 14.0, 19, ABalpappppp, 6513, 0, 0, 0, , 0, 0, 0, 0, 0, 
538, 0, 536, -1, -1, 155, 253, 15.0, 21, , 43978, 0, 0, 0, , 0, 0, 0, 0, 0, 
539, 1, 537, 543, -1, 344, 219, 22.0, 17, ABalaaapar, 8152, 0, 0, 0, , 0, 0, 0, 0, 0, 
540, 0, 538, -1, -1, 132, 301, 21.0, 15, , 1359, 0, 0, 0, , 0, 0, 0, 0, 0, 
541, 1, 468, 544, -1, 275, 265, 19.0, 13, ABalpaaapp, 13131, 0, 0, 0, , 0, 0, 0, 0, 0, 
542, 0, -1, -1, -1, 208, 271, 27.0, 21, , 12308, 0, 0, 0, , 0, 0, 0, 0, 0, 
543, 1, 542, 546, -1, 140, 280, 33.0, 15, Caaaap, 1347, 0, 0, 0, , 0, 0, 0, 0, 0, 
544, 0, 544, -1, -1, 202, 248, 8.0, 13, , 3404, 0, 0, 0, , 0, 0, 0, 0, 0, 
545, 1, 539, 550, -1, 242, 232, 13.0, 16, ABarapapppa, 4988, 0, 0, 0, , 0, 0, 0, 0, 0, 
546, 1, 540, 551, -1, 126, 296, 33.0, 15, Cpaapa, 0, 0, 0, 0, , 0, 0, 0, 0, 0, 
547, 1, 541, 552, -1, 112, 308, 33.0, 15, Caaapa, 0, 0, 0, 0, , 0, 0, 0, 0, 0, 
548, 1, 543, 553, -1, 196, 303, 33.0, 17, Caaaaa, 0, 0, 0, 0, , 0, 0, 0, 0, 0, 
549, 1, 545, 554, -1, 264, 258, 13.0, 15, ABalpappppa, 4346, 0, 0, 0, , 0, 0, 0, 0, 0, 
550, 1, 546, 555, -1, 299, 175, 31.0, 13, ABalapppppa, 0, 0, 0, 0, , 0, 0, 0, 0, 0, 
551, 1, 547, 556, -1, 342, 216, 26.285715, 16, ABalappaap, 6139, 0, 0, 0, , 0, 0, 0, 0, 0, 
552, 1, 548, 557, -1, 302, 202, 32.363636, 12, ABalapppapp, 828, 0, 0, 0, , 0, 0, 0, 0, 0, 
553, 1, 549, 558, -1, 276, 183, 11.8, 13, ABalaappapp, 1996, 0, 0, 0, , 0, 0, 0, 0, 0, 
554, 1, 551, 559, -1, 268, 257, 27.0, 13, MSaaapapa, 0, 0, 0, 0, , 0, 0, 0, 0, 0, 
555, 1, 552, 560, -1, 300, 247, 27.0, 13, MSaaapaaa, 0, 0, 0, 0, , 0, 0, 0, 0, 0, 
556, 1, 512, 561, -1, 250, 181, 13.0, 13, ABalaapappp, 0, 0, 0, 0, , 0, 0, 0, 0, 0, 
557, 1, 553, 562, -1, 201, 245, 9.0, 14, ABprpappapa, 0, 0, 0, 0, , 0, 0, 0, 0, 0, 
