1, 1, 1, 1, -1, 313, 205, 21.0, 15, ABaraappaaa, 5295, 0, 0, 0, , 0, 0, 0, 0, 0, 
2, 1, 2, 2, -1, 300, 213, 25.0, 11, ABaraappaap, 4646, 0, 0, 0, , 0, 0, 0, 0, 0, 
3, 1, 3, 3, -1, 271, 210, 24.0, 15, ABaraappapp, 6316, 0, 0, 0, , 0, 0, 0, 0, 0, 
4, 1, 4, 4, -1, 289, 204, 24.0, 15, ABaraappapa, 5394, 0, 0, 0, , 0, 0, 0, 0, 0, 
5, 1, 5, 5, -1, 249, 231, 23.0, 15, MSpaapapa, 3722, 0, 0, 0, , 0, 0, 0, 0, 0, 
6, 1, 6, 6, -1, 256, 212, 20.0, 15, ABaraapppaa, 6452, 0, 0, 0, , 0, 0, 0, 0, 0, 
7, 1, 7, 7, -1, 238, 242, 20.0, 13, ABaraappppp, 5428, 0, 0, 0, , 0, 0, 0, 0, 0, 
8, 1, 8, 8, -1, 260, 273, 21.0, 15, ABaraapappa, 7887, 0, 0, 0, , 0, 0, 0, 0, 0, 
9, 1, 9, 9, -1, 246, 255, 19.0, 15, ABaraapappp, 7928, 0, 0, 0, , 0, 0, 0, 0, 0, 
10, 1, 10, 10, -1, 259, 260, 23.0, 15, ABaraapapap, 6560, 0, 0, 0, , 0, 0, 0, 0, 0, 
11, 1, 11, 11, -1, 272, 256, 23.0, 15, ABaraapapaa, 10234, 0, 0, 0, , 0, 0, 0, 0, 0, 
12, 1, 12, 12, -1, 319, 222, 22.0, 15, ABaraapaaaa, 7199, 0, 0, 0, , 0, 0, 0, 0, 0, 
13, 1, 13, 13, -1, 312, 227, 26.0, 13, ABaraapaaap, 6202, 0, 0, 0, , 0, 0, 0, 0, 0, 
14, 1, 14, 14, -1, 288, 244, 25.0, 15, ABaraapaapp, 6928, 0, 0, 0, , 0, 0, 0, 0, 0, 
15, 1, 15, 15, -1, 301, 233, 24.0, 15, ABaraapaapa, 6889, 0, 0, 0, , 0, 0, 0, 0, 0, 
16, 1, 16, 16, -1, 304, 214, 11.0, 13, ABaraaappap, 4217, 0, 0, 0, , 0, 0, 0, 0, 0, 
17, 1, 16, 17, -1, 315, 216, 14.0, 11, ABaraaappaa, 3779, 0, 0, 0, , 0, 0, 0, 0, 0, 
18, 1, 17, 18, -1, 306, 202, 11.0, 15, ABaraaapppa, 4799, 0, 0, 0, , 0, 0, 0, 0, 0, 
19, 1, 18, 19, -1, 277, 206, 10.0, 11, ABaraaapppp, 4354, 0, 0, 0, , 0, 0, 0, 0, 0, 
20, 1, 19, 20, -1, 308, 213, 19.0, 15, ABaraaapaaa, 3847, 0, 0, 0, , 0, 0, 0, 0, 0, 
21, 1, 20, 21, -1, 281, 216, 20.0, 13, ABaraaapapa, 4910, 0, 0, 0, , 0, 0, 0, 0, 0, 
22, 1, 21, 22, -1, 296, 204, 21.0, 15, ABaraaapaap, 5002, 0, 0, 0, , 0, 0, 0, 0, 0, 
23, 1, 22, 23, -1, 272, 226, 21.0, 15, ABaraaapapp, 5046, 0, 0, 0, , 0, 0, 0, 0, 0, 
24, 1, 23, 24, -1, 299, 236, 18.0, 13, ABaraaaaaap, 4010, 0, 0, 0, , 0, 0, 0, 0, 0, 
25, 1, 23, 25, -1, 313, 231, 16.0, 11, ABaraaaaaaa, 3758, 0, 0, 0, , 0, 0, 0, 0, 0, 
26, 1, 24, 26, -1, 294, 213, 17.0, 11, ABaraaaaapp, 2406, 0, 0, 0, , 0, 0, 0, 0, 0, 
27, 1, 24, 27, -1, 301, 213, 15.0, 11, ABaraaaaapa, 3253, 0, 0, 0, , 0, 0, 0, 0, 0, 
28, 1, 25, 28, -1, 293, 223, 28.0, 13, ABaraaaapp, 4898, 0, 0, 0, , 0, 0, 0, 0, 0, 
29, 1, 26, 29, -1, 322, 216, 17.0, 15, ABaraaaapa, 6492, 0, 0, 0, , 0, 0, 0, 0, 0, 
30, 1, 27, 30, -1, 236, 250, 10.0, 15, ABarapapapp, 7946, 0, 0, 0, , 0, 0, 0, 0, 0, 
31, 1, 28, 31, -1, 262, 240, 11.0, 15, ABarapapapa, 6016, 0, 0, 0, , 0, 0, 0, 0, 0, 
32, 1, 29, 32, -1, 263, 237, 15.0, 13, ABarapapaap, 7845, 0, 0, 0, , 0, 0, 0, 0, 0, 
33, 1, 30, 33, -1, 269, 219, 15.0, 13, ABarapapaaa, 7602, 0, 0, 0, , 0, 0, 0, 0, 0, 
34, 1, 31, 34, -1, 221, 242, 13.0, 17, ABarapapppp, 7370, 0, 0, 0, , 0, 0, 0, 0, 0, 
35, 1, 32, 35, -1, 248, 225, 15.0, 15, ABarapappa, 11785, 0, 0, 0, , 0, 0, 0, 0, 0, 
36, 1, 33, 36, -1, 277, 226, 11.0, 17, ABarapaaap, 12938, 0, 0, 0, , 0, 0, 0, 0, 0, 
37, 1, 34, 37, -1, 289, 225, 13.0, 15, ABarapaaaa, 11906, 0, 0, 0, , 0, 0, 0, 0, 0, 
38, 1, 35, 38, -1, 277, 215, 17.0, 15, ABarapaapa, 11607, 0, 0, 0, , 0, 0, 0, 0, 0, 
39, 1, 36, 556, -1, 246, 223, 18.0, 17, ABarapaappp, 14195, 0, 0, 0, , 0, 0, 0, 0, 0, 
40, 1, 37, 39, -1, 262, 230, 18.0, 17, ABarapaappa, 5887, 0, 0, 0, , 0, 0, 0, 0, 0, 
41, 1, 38, 40, -1, 257, 200, 10.0, 13, ABarapppapa, 5589, 0, 0, 0, , 0, 0, 0, 0, 0, 
42, 1, 39, 41, -1, 235, 208, 9.0, 15, ABarapppapp, 6423, 0, 0, 0, , 0, 0, 0, 0, 0, 
43, 1, 40, 42, -1, 287, 195, 10.0, 15, ABarapppaaa, 5849, 0, 0, 0, , 0, 0, 0, 0, 0, 
44, 1, 41, 43, -1, 270, 187, 9.0, 13, ABarapppaap, 5376, 0, 0, 0, , 0, 0, 0, 0, 0, 
45, 1, 42, 44, -1, 262, 196, 13.0, 13, ABarappppap, 5574, 0, 0, 0, , 0, 0, 0, 0, 0, 
46, 1, 43, 45, -1, 275, 190, 14.0, 13, ABarappppaa, 4863, 0, 0, 0, , 0, 0, 0, 0, 0, 
47, 1, 44, 46, -1, 243, 198, 12.0, 11, ABarapppppa, 3513, 0, 0, 0, , 0, 0, 0, 0, 0, 
48, 1, 45, 47, -1, 225, 191, 12.0, 13, ABarapppppp, 7144, 0, 0, 0, , 0, 0, 0, 0, 0, 
49, 1, 46, 48, -1, 251, 211, 12.0, 13, ABarappaaap, 5348, 0, 0, 0, , 0, 0, 0, 0, 0, 
50, 1, 47, 49, -1, 264, 219, 10.0, 13, ABarappaaaa, 5755, 0, 0, 0, , 0, 0, 0, 0, 0, 
51, 1, 48, 50, -1, 245, 227, 10.0, 17, ABarappaap, 13361, 0, 0, 0, , 0, 0, 0, 0, 0, 
52, 1, 49, 51, -1, 214, 216, 10.0, 19, ABarappapap, 10328, 0, 0, 0, , 0, 0, 0, 0, 0, 
53, 1, 50, 52, -1, 220, 194, 10.0, 15, ABarappapaa, 7908, 0, 0, 0, , 0, 0, 0, 0, 0, 
54, 1, 51, 53, -1, 179, 208, 11.0, 15, ABarappappp, 6221, 0, 0, 0, , 0, 0, 0, 0, 0, 
55, 1, 52, 54, -1, 194, 206, 10.0, 15, ABarappappa, 6133, 0, 0, 0, , 0, 0, 0, 0, 0, 
56, 1, 53, 55, -1, 225, 174, 31.0, 19, ABarpapppa, 8182, 0, 0, 0, , 0, 0, 0, 0, 0, 
57, 1, 54, 56, -1, 221, 182, 33.0, 17, ABarpapppp, 6971, 0, 0, 0, , 0, 0, 0, 0, 0, 
58, 1, 55, 57, -1, 250, 171, 32.0, 17, ABarpappap, 6782, 0, 0, 0, , 0, 0, 0, 0, 0, 
59, 1, 56, 58, -1, 300, 187, 34.0, 17, ABarpapaaa, 7216, 0, 0, 0, , 0, 0, 0, 0, 0, 
60, 1, 57, 59, -1, 292, 193, 29.0, 13, ABarpapaapa, 4556, 0, 0, 0, , 0, 0, 0, 0, 0, 
61, 1, 58, 60, -1, 281, 195, 33.0, 15, ABarpapaapp, 5251, 0, 0, 0, , 0, 0, 0, 0, 0, 
62, 1, 59, 61, -1, 246, 216, 35.0, 19, ABarpapapp, 9217, 0, 0, 0, , 0, 0, 0, 0, 0, 
63, 1, 60, 62, -1, 283, 215, 35.0, 15, ABarpapapa, 7080, 0, 0, 0, , 0, 0, 0, 0, 0, 
64, 1, 61, 63, -1, 225, 262, 34.0, 13, ABarpaappp, 3391, 0, 0, 0, , 0, 0, 0, 0, 0, 
65, 1, 62, 64, -1, 264, 216, 35.0, 13, ABarpaapaa, 5781, 0, 0, 0, , 0, 0, 0, 0, 0, 
66, 1, 63, 65, -1, 255, 260, 34.0, 21, ABarpaapap, 1707, 0, 0, 0, , 0, 0, 0, 0, 0, 
67, 1, 64, 66, -1, 331, 206, 32.0, 17, ABarpaaaaa, 9477, 0, 0, 0, , 0, 0, 0, 0, 0, 
68, 1, 65, 67, -1, 308, 230, 35.0, 17, ABarpaaaap, 7986, 0, 0, 0, , 0, 0, 0, 0, 0, 
69, 1, 66, 68, -1, 280, 230, 35.0, 13, ABarpaaapp, 4766, 0, 0, 0, , 0, 0, 0, 0, 0, 
70, 1, 67, 69, -1, 306, 209, 35.0, 19, ABarpaaapa, 9507, 0, 0, 0, , 0, 0, 0, 0, 0, 
71, 1, 68, 70, -1, 245, 325, 33.0, 15, ABarppaaap, 7545, 0, 0, 0, , 0, 0, 0, 0, 0, 
72, 1, 69, 71, -1, 204, 330, 33.0, 15, ABarppaapp, 5884, 0, 0, 0, , 0, 0, 0, 0, 0, 
73, 1, 70, 72, -1, 141, 351, 31.0, 17, ABarppappa, 6661, 0, 0, 0, , 0, 0, 0, 0, 0, 
74, 1, 71, 73, -1, 112, 359, 22.0, 17, ABarppappp, 6385, 0, 0, 0, , 0, 0, 0, 0, 0, 
75, 1, 72, 74, -1, 195, 347, 31.0, 15, ABarppapap, 5958, 0, 0, 0, , 0, 0, 0, 0, 0, 
76, 1, 73, 75, -1, 222, 334, 33.0, 17, ABarppapaa, 11726, 0, 0, 0, , 0, 0, 0, 0, 0, 
77, 1, 74, 76, -1, 76, 253, 22.0, 17, ABarpppppp, 6194, 0, 0, 0, , 0, 0, 0, 0, 0, 
78, 1, 75, 77, -1, 101, 241, 30.0, 17, ABarpppppa, 4736, 0, 0, 0, , 0, 0, 0, 0, 0, 
79, 1, 76, 78, -1, 169, 196, 32.0, 15, ABarppppaa, 5449, 0, 0, 0, , 0, 0, 0, 0, 0, 
80, 1, 77, 79, -1, 141, 214, 33.0, 15, ABarppppap, 5837, 0, 0, 0, , 0, 0, 0, 0, 0, 
81, 1, 78, 80, -1, 190, 190, 34.0, 17, ABarpppaap, 6194, 0, 0, 0, , 0, 0, 0, 0, 0, 
82, 1, 79, 81, -1, 220, 209, 34.0, 13, ABarpppaaa, 4144, 0, 0, 0, , 0, 0, 0, 0, 0, 
83, 1, 80, 82, -1, 324, 189, 25.0, 13, ABalappppaa, 2292, 0, 0, 0, , 0, 0, 0, 0, 0, 
84, 1, 81, 83, -1, 308, 184, 28.0, 15, ABalappppap, 4931, 0, 0, 0, , 0, 0, 0, 0, 0, 
85, 1, 82, 84, -1, 280, 179, 31.0, 11, ABalapppppp, 1543, 0, 0, 0, , 0, 0, 0, 0, 0, 
86, 1, 83, 85, -1, 336, 203, 23.0, 11, ABalapppaaa, 1919, 0, 0, 0, , 0, 0, 0, 0, 0, 
87, 1, 84, 86, -1, 325, 197, 28.0, 11, ABalapppaap, 3078, 0, 0, 0, , 0, 0, 0, 0, 0, 
88, 1, 85, 87, -1, 316, 196, 31.0, 13, ABalapppapa, 1071, 0, 0, 0, , 0, 0, 0, 0, 0, 
89, 1, 86, 88, -1, 309, 184, 25.0, 17, ABalappapa, 7260, 0, 0, 0, , 0, 0, 0, 0, 0, 
90, 1, 87, 89, -1, 339, 205, 28.0, 13, ABalappaaa, 3652, 0, 0, 0, , 0, 0, 0, 0, 0, 
91, 1, 88, 90, -1, 323, 170, 24.0, 13, ABalappappa, 2797, 0, 0, 0, , 0, 0, 0, 0, 0, 
92, 1, 89, 91, -1, 307, 164, 26.0, 11, ABalappappp, 2352, 0, 0, 0, , 0, 0, 0, 0, 0, 
93, 1, 90, 92, -1, 318, 265, 34.0, 13, ABalapapppp, 851, 0, 0, 0, , 0, 0, 0, 0, 0, 
94, 1, 91, 93, -1, 329, 261, 32.0, 13, ABalapapppa, 2335, 0, 0, 0, , 0, 0, 0, 0, 0, 
95, 1, 92, 94, -1, 337, 233, 25.0, 13, ABalapappaa, 3258, 0, 0, 0, , 0, 0, 0, 0, 0, 
96, 1, 93, 95, -1, 329, 252, 29.0, 13, ABalapappap, 3495, 0, 0, 0, , 0, 0, 0, 0, 0, 
97, 1, 94, 96, -1, 325, 227, 33.0, 13, ABalapapaa, 4352, 0, 0, 0, , 0, 0, 0, 0, 0, 
98, 1, 95, 97, -1, 319, 244, 32.0, 11, ABalapapapp, 2863, 0, 0, 0, , 0, 0, 0, 0, 0, 
99, 1, 96, 98, -1, 336, 248, 25.0, 15, ABalapaaaa, 16014, 0, 0, 0, , 0, 0, 0, 0, 0, 
100, 1, 97, 99, -1, 352, 243, 26.0, 15, ABalapaaapa, 4565, 0, 0, 0, , 0, 0, 0, 0, 0, 
101, 1, 98, 100, -1, 348, 261, 29.0, 13, ABalapaaapp, 4393, 0, 0, 0, , 0, 0, 0, 0, 0, 
102, 1, 99, 101, -1, 346, 254, 21.0, 15, ABalapaappa, 4425, 0, 0, 0, , 0, 0, 0, 0, 0, 
103, 1, 100, 102, -1, 329, 265, 19.0, 17, ABalapaapa, 5716, 0, 0, 0, , 0, 0, 0, 0, 0, 
104, 1, 101, 103, -1, 339, 267, 23.0, 15, ABalapaappp, 4775, 0, 0, 0, , 0, 0, 0, 0, 0, 
105, 1, 102, 104, -1, 312, 190, 15.0, 15, ABalaapaaa, 7137, 0, 0, 0, , 0, 0, 0, 0, 0, 
106, 1, 103, 105, -1, 243, 183, 11.0, 15, ABalaapapa, 6369, 0, 0, 0, , 0, 0, 0, 0, 0, 
107, 1, 104, 106, -1, 299, 189, 12.0, 15, ABalaapaap, 11982, 0, 0, 0, , 0, 0, 0, 0, 0, 
108, 1, 105, 107, -1, 297, 175, 14.0, 15, ABalaappapa, 2931, 0, 0, 0, , 0, 0, 0, 0, 0, 
109, 1, 106, 108, -1, 280, 171, 13.0, 15, ABalaappaa, 7309, 0, 0, 0, , 0, 0, 0, 0, 0, 
110, 1, 107, 109, -1, 304, 173, 22.0, 17, ABalaappppp, 3570, 0, 0, 0, , 0, 0, 0, 0, 0, 
111, 1, 108, 110, -1, 312, 181, 20.0, 19, ABalaappppa, 5163, 0, 0, 0, , 0, 0, 0, 0, 0, 
112, 1, 109, 111, -1, 291, 176, 21.0, 11, ABalaapppaa, 2939, 0, 0, 0, , 0, 0, 0, 0, 0, 
113, 1, 109, 112, -1, 295, 187, 17.0, 13, ABalaapppap, 3680, 0, 0, 0, , 0, 0, 0, 0, 0, 
114, 1, 110, 113, -1, 339, 253, 13.0, 15, ABalaaaalp, 7049, 0, 0, 0, , 0, 0, 0, 0, 0, 
115, 1, 111, 114, -1, 332, 208, 19.0, 15, ABalaaaarrp, 3632, 0, 0, 0, , 0, 0, 0, 0, 0, 
116, 1, 112, 115, -1, 325, 192, 16.0, 13, ABalaaaarra, 4292, 0, 0, 0, , 0, 0, 0, 0, 0, 
117, 1, 113, 116, -1, 341, 223, 18.0, 15, ABalaaaarl, 6423, 0, 0, 0, , 0, 0, 0, 0, 0, 
118, 1, 114, 117, -1, 334, 190, 21.0, 15, ABalaaappl, 7265, 0, 0, 0, , 0, 0, 0, 0, 0, 
119, 1, 115, 118, -1, 320, 183, 19.0, 13, ABalaaapprr, 3073, 0, 0, 0, , 0, 0, 0, 0, 0, 
120, 1, 116, 119, -1, 305, 173, 17.0, 13, ABalaaapprl, 4514, 0, 0, 0, , 0, 0, 0, 0, 0, 
121, 0, 117, -1, -1, 343, 216, 25.0, 11, , 2275, 0, 0, 0, , 0, 0, 0, 0, 0, 
122, 1, 118, 121, -1, 156, 323, 10.0, 13, ABplppppapa, 4205, 0, 0, 0, , 0, 0, 0, 0, 0, 
123, 1, 119, 122, -1, 143, 309, 10.0, 13, ABplppppapp, 3724, 0, 0, 0, , 0, 0, 0, 0, 0, 
124, 1, 120, 123, -1, 171, 302, 10.0, 13, ABplppppaaa, 4282, 0, 0, 0, , 0, 0, 0, 0, 0, 
125, 1, 121, 124, -1, 160, 304, 11.0, 13, ABplppppaap, 5148, 0, 0, 0, , 0, 0, 0, 0, 0, 
126, 1, 122, 125, -1, 92, 324, 12.0, 13, ABplppppppp, 3938, 0, 0, 0, , 0, 0, 0, 0, 0, 
127, 1, 123, 126, -1, 98, 313, 10.0, 15, ABplppppppa, 3215, 0, 0, 0, , 0, 0, 0, 0, 0, 
128, 1, 124, 127, -1, 136, 313, 14.0, 13, ABplpppppap, 3929, 0, 0, 0, , 0, 0, 0, 0, 0, 
129, 1, 125, 128, -1, 155, 305, 15.0, 15, ABplpppppaa, 5581, 0, 0, 0, , 0, 0, 0, 0, 0, 
130, 1, 126, 129, -1, 117, 310, 12.0, 11, ABplpppapp, 3093, 0, 0, 0, , 0, 0, 0, 0, 0, 
131, 1, 127, 130, -1, 134, 321, 9.0, 13, ABplpppapaa, 4865, 0, 0, 0, , 0, 0, 0, 0, 0, 
132, 1, 128, 131, -1, 133, 336, 11.0, 13, ABplpppaapp, 4743, 0, 0, 0, , 0, 0, 0, 0, 0, 
133, 1, 129, 132, -1, 148, 336, 11.0, 13, ABplpppaapa, 5217, 0, 0, 0, , 0, 0, 0, 0, 0, 
134, 1, 130, 133, -1, 178, 321, 10.0, 15, ABplpppaaaa, 3386, 0, 0, 0, , 0, 0, 0, 0, 0, 
135, 1, 131, 134, -1, 167, 337, 11.0, 13, ABplpppaaap, 5185, 0, 0, 0, , 0, 0, 0, 0, 0, 
136, 1, 132, 135, -1, 184, 333, 13.0, 15, ABplppappp, 8432, 0, 0, 0, , 0, 0, 0, 0, 0, 
137, 1, 133, 136, -1, 201, 324, 11.0, 13, ABplppappap, 5261, 0, 0, 0, , 0, 0, 0, 0, 0, 
138, 1, 134, 137, -1, 216, 322, 13.0, 15, ABplppappaa, 4045, 0, 0, 0, , 0, 0, 0, 0, 0, 
139, 1, 135, 138, -1, 206, 334, 14.0, 15, ABplppapaap, 4875, 0, 0, 0, , 0, 0, 0, 0, 0, 
140, 1, 136, 139, -1, 200, 339, 17.0, 15, ABplppapapa, 4506, 0, 0, 0, , 0, 0, 0, 0, 0, 
141, 1, 137, 140, -1, 179, 336, 17.0, 15, ABplppapapp, 5833, 0, 0, 0, , 0, 0, 0, 0, 0, 
142, 1, 138, 141, -1, 207, 309, 10.0, 15, ABplppaappa, 4669, 0, 0, 0, , 0, 0, 0, 0, 0, 
143, 1, 139, 142, -1, 190, 310, 10.0, 13, ABplppaappp, 3828, 0, 0, 0, , 0, 0, 0, 0, 0, 
144, 1, 140, 143, -1, 268, 307, 18.0, 11, ABplppaaaaa, 4168, 0, 0, 0, , 0, 0, 0, 0, 0, 
145, 1, 141, 144, -1, 253, 313, 19.0, 13, ABplppaaap, 5582, 0, 0, 0, , 0, 0, 0, 0, 0, 
146, 1, 142, 145, -1, 246, 270, 9.0, 15, ABplpappaaa, 6844, 0, 0, 0, , 0, 0, 0, 0, 0, 
147, 1, 143, 146, -1, 237, 288, 11.0, 11, ABplpappaap, 1679, 0, 0, 0, , 0, 0, 0, 0, 0, 
148, 1, 144, 147, -1, 221, 279, 11.0, 13, ABplpappap, 6578, 0, 0, 0, , 0, 0, 0, 0, 0, 
149, 1, 145, 148, -1, 141, 295, 10.0, 13, ABplpappppp, 4702, 0, 0, 0, , 0, 0, 0, 0, 0, 
150, 1, 146, 149, -1, 160, 282, 10.0, 13, ABplpappppa, 3800, 0, 0, 0, , 0, 0, 0, 0, 0, 
151, 1, 147, 150, -1, 182, 282, 10.0, 13, ABplpapppaa, 4339, 0, 0, 0, , 0, 0, 0, 0, 0, 
152, 1, 148, 151, -1, 165, 264, 10.0, 13, ABplpapppap, 3920, 0, 0, 0, , 0, 0, 0, 0, 0, 
153, 1, 149, 152, -1, 215, 298, 11.0, 13, ABplpapappa, 3645, 0, 0, 0, , 0, 0, 0, 0, 0, 
154, 1, 150, 153, -1, 192, 293, 10.0, 13, ABplpapappp, 4428, 0, 0, 0, , 0, 0, 0, 0, 0, 
155, 1, 151, 154, -1, 224, 304, 12.0, 13, ABplpapapap, 3868, 0, 0, 0, , 0, 0, 0, 0, 0, 
156, 1, 152, 155, -1, 240, 302, 13.0, 11, ABplpapapaa, 3253, 0, 0, 0, , 0, 0, 0, 0, 0, 
157, 1, 153, 156, -1, 272, 301, 14.0, 13, ABplpapaapa, 5769, 0, 0, 0, , 0, 0, 0, 0, 0, 
158, 1, 154, 157, -1, 255, 308, 14.0, 13, ABplpapaapp, 2432, 0, 0, 0, , 0, 0, 0, 0, 0, 
159, 1, 155, 158, -1, 255, 298, 13.0, 15, ABplpapaaap, 5072, 0, 0, 0, , 0, 0, 0, 0, 0, 
160, 1, 156, 159, -1, 271, 286, 12.0, 13, ABplpapaaaa, 3330, 0, 0, 0, , 0, 0, 0, 0, 0, 
161, 1, 157, 160, -1, 245, 334, 16.0, 15, ABplpaaaapp, 5553, 0, 0, 0, , 0, 0, 0, 0, 0, 
162, 1, 158, 161, -1, 254, 323, 13.0, 15, ABplpaaaapa, 5591, 0, 0, 0, , 0, 0, 0, 0, 0, 
163, 1, 159, 162, -1, 297, 283, 16.0, 13, ABplpaaaaap, 5488, 0, 0, 0, , 0, 0, 0, 0, 0, 
164, 1, 160, 163, -1, 312, 273, 16.0, 13, ABplpaaaaaa, 6535, 0, 0, 0, , 0, 0, 0, 0, 0, 
165, 1, 161, 164, 165, 310, 301, 16.0, 15, ABplpaaapa, 9706, 0, 0, 0, , 0, 0, 0, 0, 0, 
166, 1, 162, 166, -1, 289, 304, 15.0, 15, ABplpaaappa, 4255, 0, 0, 0, , 0, 0, 0, 0, 0, 
167, 1, 163, 167, -1, 278, 313, 15.0, 13, ABplpaaappp, 5383, 0, 0, 0, , 0, 0, 0, 0, 0, 
168, 1, 164, 168, -1, 266, 308, 26.0, 13, ABplpaappap, 5307, 0, 0, 0, , 0, 0, 0, 0, 0, 
169, 1, 165, 169, -1, 284, 300, 23.0, 15, ABplpaappaa, 4988, 0, 0, 0, , 0, 0, 0, 0, 0, 
170, 1, 166, 170, -1, 297, 313, 18.0, 13, ABplpaapppa, 4550, 0, 0, 0, , 0, 0, 0, 0, 0, 
171, 1, 167, 171, -1, 308, 311, 20.0, 13, ABplpaapapp, 4104, 0, 0, 0, , 0, 0, 0, 0, 0, 
172, 1, 168, 172, -1, 281, 318, 19.0, 13, ABplpaapppp, 4106, 0, 0, 0, , 0, 0, 0, 0, 0, 
173, 1, 169, 173, -1, 304, 291, 20.0, 15, ABplpaapaap, 5399, 0, 0, 0, , 0, 0, 0, 0, 0, 
174, 1, 170, 174, -1, 302, 271, 18.0, 13, ABplpaapaaa, 3553, 0, 0, 0, , 0, 0, 0, 0, 0, 
175, 1, 171, 175, -1, 316, 307, 24.0, 15, ABplpaapapa, 6046, 0, 0, 0, , 0, 0, 0, 0, 0, 
176, 1, 172, 176, -1, 274, 326, 22.0, 15, ABplaappap, 5350, 0, 0, 0, , 0, 0, 0, 0, 0, 
177, 1, 173, 177, -1, 293, 319, 22.0, 15, ABplaappaa, 5615, 0, 0, 0, , 0, 0, 0, 0, 0, 
178, 1, 174, 178, -1, 262, 329, 24.0, 17, ABplaapppa, 11798, 0, 0, 0, , 0, 0, 0, 0, 0, 
179, 1, 175, 179, -1, 232, 345, 24.0, 15, ABplaapppp, 11798, 0, 0, 0, , 0, 0, 0, 0, 0, 
180, 1, 176, 180, -1, 343, 230, 29.0, 15, ABplaapaaaa, 5836, 0, 0, 0, , 0, 0, 0, 0, 0, 
181, 1, 177, 181, -1, 340, 248, 31.0, 13, ABplaapaaap, 4366, 0, 0, 0, , 0, 0, 0, 0, 0, 
182, 1, 178, 182, -1, 345, 265, 31.0, 15, ABplaapaapa, 4456, 0, 0, 0, , 0, 0, 0, 0, 0, 
183, 1, 179, 183, -1, 330, 281, 30.0, 17, ABplaapaapp, 6660, 0, 0, 0, , 0, 0, 0, 0, 0, 
184, 1, 180, 184, -1, 293, 296, 30.0, 17, ABplaapappp, 6403, 0, 0, 0, , 0, 0, 0, 0, 0, 
185, 1, 181, 185, -1, 311, 278, 30.0, 15, ABplaapappa, 4329, 0, 0, 0, , 0, 0, 0, 0, 0, 
186, 1, 182, 186, -1, 304, 290, 27.0, 13, ABplaapapap, 4734, 0, 0, 0, , 0, 0, 0, 0, 0, 
187, 1, 183, 187, -1, 308, 273, 26.0, 13, ABplaapapaa, 5802, 0, 0, 0, , 0, 0, 0, 0, 0, 
188, 1, 184, 188, -1, 305, 257, 34.0, 15, ABplaaaaapp, 5799, 0, 0, 0, , 0, 0, 0, 0, 0, 
189, 1, 185, 189, -1, 313, 259, 30.0, 11, ABplaaaaapa, 3279, 0, 0, 0, , 0, 0, 0, 0, 0, 
190, 1, 186, 190, -1, 328, 247, 36.0, 17, ABplaaaaaa, 7603, 0, 0, 0, , 0, 0, 0, 0, 0, 
191, 1, 187, 191, -1, 272, 257, 34.0, 17, ABplaaaapp, 5937, 0, 0, 0, , 0, 0, 0, 0, 0, 
192, 1, 188, 192, -1, 287, 250, 34.0, 15, ABplaaaapa, 5276, 0, 0, 0, , 0, 0, 0, 0, 0, 
193, 0, 189, -1, -1, 270, 308, 33.0, 13, , 1939, 0, 0, 0, , 0, 0, 0, 0, 0, 
194, 1, 190, 194, -1, 287, 300, 33.0, 17, ABplaaappa, 7963, 0, 0, 0, , 0, 0, 0, 0, 0, 
195, 1, 191, 195, -1, 269, 299, 33.0, 13, ABplaaappp, 5707, 0, 0, 0, , 0, 0, 0, 0, 0, 
196, 1, 192, 196, -1, 306, 295, 33.0, 15, ABplaaapap, 5882, 0, 0, 0, , 0, 0, 0, 0, 0, 
197, 1, 193, 197, -1, 318, 280, 34.0, 13, ABplaaapaa, 4656, 0, 0, 0, , 0, 0, 0, 0, 0, 
198, 1, 194, 198, -1, 138, 350, 14.0, 17, ABplappppa, 6825, 0, 0, 0, , 0, 0, 0, 0, 0, 
199, 1, 195, 199, -1, 105, 338, 14.0, 15, ABplappppp, 6965, 0, 0, 0, , 0, 0, 0, 0, 0, 
200, 1, 196, 200, -1, 121, 344, 16.0, 15, ABplapppaa, 6317, 0, 0, 0, , 0, 0, 0, 0, 0, 
201, 1, 197, 201, -1, 113, 326, 11.0, 11, ABplapppapp, 3778, 0, 0, 0, , 0, 0, 0, 0, 0, 
202, 1, 198, 202, -1, 131, 334, 13.0, 11, ABplapppapa, 3663, 0, 0, 0, , 0, 0, 0, 0, 0, 
203, 1, 199, 203, -1, 196, 353, 24.0, 15, ABplappaaa, 7753, 0, 0, 0, , 0, 0, 0, 0, 0, 
204, 1, 200, 204, -1, 177, 359, 25.0, 15, ABplappaap, 7296, 0, 0, 0, , 0, 0, 0, 0, 0, 
205, 1, 201, 205, -1, 163, 361, 21.0, 15, ABplappapp, 7462, 0, 0, 0, , 0, 0, 0, 0, 0, 
206, 1, 202, 206, -1, 167, 347, 32.0, 17, ABplappapa, 8107, 0, 0, 0, , 0, 0, 0, 0, 0, 
207, 1, 203, 207, -1, 212, 350, 26.0, 15, ABplapaapp, 8642, 0, 0, 0, , 0, 0, 0, 0, 0, 
208, 1, 204, 208, -1, 250, 340, 25.0, 15, ABplapaapa, 7453, 0, 0, 0, , 0, 0, 0, 0, 0, 
209, 1, 205, 209, -1, 250, 293, 34.0, 15, ABarppaaaa, 4888, 0, 0, 0, , 0, 0, 0, 0, 0, 
210, 1, 206, 210, -1, 242, 329, 29.0, 15, ABplapaaapp, 4845, 0, 0, 0, , 0, 0, 0, 0, 0, 
211, 1, 207, 211, -1, 248, 315, 28.0, 15, ABplapaaapa, 5495, 0, 0, 0, , 0, 0, 0, 0, 0, 
212, 1, 208, 212, -1, 104, 350, 19.0, 19, ABplapappp, 6748, 0, 0, 0, , 0, 0, 0, 0, 0, 
213, 1, 209, 213, -1, 142, 370, 22.0, 15, ABplapapap, 7558, 0, 0, 0, , 0, 0, 0, 0, 0, 
214, 1, 210, 214, -1, 134, 362, 18.0, 17, ABplapappa, 6439, 0, 0, 0, , 0, 0, 0, 0, 0, 
215, 1, 211, 215, -1, 126, 360, 27.0, 19, ABplapapaa, 22264, 0, 0, 0, , 0, 0, 0, 0, 0, 
216, 1, 212, 216, -1, 232, 213, 13.0, 13, ABprpapaaaa, 3554, 0, 0, 0, , 0, 0, 0, 0, 0, 
217, 1, 213, 217, -1, 204, 198, 13.0, 15, ABprpapaapp, 3252, 0, 0, 0, , 0, 0, 0, 0, 0, 
218, 1, 214, 218, -1, 185, 236, 11.0, 13, ABprpapappa, 6869, 0, 0, 0, , 0, 0, 0, 0, 0, 
219, 1, 215, 219, -1, 173, 256, 10.0, 13, ABprpapappp, 3842, 0, 0, 0, , 0, 0, 0, 0, 0, 
220, 1, 216, 220, -1, 189, 227, 11.0, 13, ABprpapapap, 4276, 0, 0, 0, , 0, 0, 0, 0, 0, 
221, 1, 217, 221, -1, 205, 222, 12.0, 13, ABprpapapaa, 3753, 0, 0, 0, , 0, 0, 0, 0, 0, 
222, 1, 218, 222, -1, 125, 287, 12.0, 15, ABprpappppp, 4671, 0, 0, 0, , 0, 0, 0, 0, 0, 
223, 1, 219, 223, -1, 147, 286, 13.0, 15, ABprpappppa, 3784, 0, 0, 0, , 0, 0, 0, 0, 0, 
224, 1, 220, 224, -1, 205, 242, 11.0, 15, ABprpapppaa, 6545, 0, 0, 0, , 0, 0, 0, 0, 0, 
225, 1, 221, 225, -1, 190, 257, 11.0, 15, ABprpapppap, 4748, 0, 0, 0, , 0, 0, 0, 0, 0, 
226, 1, 222, 226, -1, 200, 278, 10.0, 15, ABprpappapp, 5066, 0, 0, 0, , 0, 0, 0, 0, 0, 
227, 1, 223, 227, -1, 216, 233, 10.0, 13, ABprpappaap, 4060, 0, 0, 0, , 0, 0, 0, 0, 0, 
228, 1, 224, 228, -1, 229, 237, 9.0, 13, ABprpappaaa, 4156, 0, 0, 0, , 0, 0, 0, 0, 0, 
229, 1, 225, 229, -1, 245, 190, 16.0, 15, ABprpaaaaap, 5728, 0, 0, 0, , 0, 0, 0, 0, 0, 
230, 1, 226, 230, -1, 261, 193, 18.0, 13, ABprpaapaaa, 6118, 0, 0, 0, , 0, 0, 0, 0, 0, 
231, 1, 227, 231, -1, 182, 190, 14.0, 13, ABprpaaaapp, 5803, 0, 0, 0, , 0, 0, 0, 0, 0, 
232, 1, 228, 232, -1, 202, 190, 11.0, 15, ABprpaaaapa, 5174, 0, 0, 0, , 0, 0, 0, 0, 0, 
233, 1, 229, 233, -1, 232, 180, 15.0, 13, ABprpaaappa, 4789, 0, 0, 0, , 0, 0, 0, 0, 0, 
234, 1, 230, 234, -1, 223, 201, 15.0, 11, ABprpapaapa, 3225, 0, 0, 0, , 0, 0, 0, 0, 0, 
235, 1, 231, 235, -1, 223, 186, 15.0, 15, ABprpaaappp, 5642, 0, 0, 0, , 0, 0, 0, 0, 0, 
236, 1, 232, 236, -1, 245, 167, 15.0, 15, ABprpaaapa, 10383, 0, 0, 0, , 0, 0, 0, 0, 0, 
237, 1, 233, 237, -1, 247, 177, 20.0, 13, ABprpaapaap, 6005, 0, 0, 0, , 0, 0, 0, 0, 0, 
238, 1, 234, 238, -1, 249, 157, 21.0, 13, ABprpaapapa, 5614, 0, 0, 0, , 0, 0, 0, 0, 0, 
239, 1, 235, 239, -1, 236, 160, 19.0, 15, ABprpaapapp, 5450, 0, 0, 0, , 0, 0, 0, 0, 0, 
240, 1, 236, 240, -1, 230, 169, 17.0, 13, ABprpaapppa, 5088, 0, 0, 0, , 0, 0, 0, 0, 0, 
241, 1, 237, 241, -1, 219, 173, 18.0, 13, ABprpaapppp, 5097, 0, 0, 0, , 0, 0, 0, 0, 0, 
242, 1, 238, 242, -1, 220, 191, 27.0, 15, ABprpaappap, 4060, 0, 0, 0, , 0, 0, 0, 0, 0, 
243, 1, 239, 243, -1, 232, 183, 23.0, 15, ABprpaappaa, 11580, 0, 0, 0, , 0, 0, 0, 0, 0, 
244, 1, 240, 244, -1, 87, 255, 11.0, 15, ABprpppaapp, 6361, 0, 0, 0, , 0, 0, 0, 0, 0, 
245, 1, 241, 245, -1, 104, 253, 11.0, 15, ABprpppaapa, 6402, 0, 0, 0, , 0, 0, 0, 0, 0, 
246, 1, 242, 246, -1, 115, 241, 11.0, 13, ABprpppaaap, 5041, 0, 0, 0, , 0, 0, 0, 0, 0, 
247, 1, 243, 247, -1, 138, 244, 11.0, 13, ABprpppaaaa, 4170, 0, 0, 0, , 0, 0, 0, 0, 0, 
248, 1, 244, 248, -1, 108, 274, 10.0, 13, ABprpppapaa, 4646, 0, 0, 0, , 0, 0, 0, 0, 0, 
249, 1, 245, 249, -1, 106, 291, 11.0, 11, ABprpppapap, 2594, 0, 0, 0, , 0, 0, 0, 0, 0, 
250, 1, 246, 250, -1, 110, 305, 11.0, 13, ABprpppapp, 5033, 0, 0, 0, , 0, 0, 0, 0, 0, 
251, 1, 247, 251, -1, 129, 259, 10.0, 15, ABprppppapa, 5176, 0, 0, 0, , 0, 0, 0, 0, 0, 
252, 1, 248, 252, -1, 123, 280, 10.0, 13, ABprppppapp, 4477, 0, 0, 0, , 0, 0, 0, 0, 0, 
253, 1, 249, 253, -1, 149, 265, 10.0, 13, ABprppppaaa, 4115, 0, 0, 0, , 0, 0, 0, 0, 0, 
254, 1, 250, 254, -1, 139, 272, 11.0, 13, ABprppppaap, 3783, 0, 0, 0, , 0, 0, 0, 0, 0, 
255, 1, 251, 255, -1, 75, 295, 12.0, 15, ABprppppppp, 4048, 0, 0, 0, , 0, 0, 0, 0, 0, 
256, 1, 252, 256, -1, 91, 299, 10.0, 13, ABprppppppa, 3205, 0, 0, 0, , 0, 0, 0, 0, 0, 
257, 1, 253, 257, -1, 123, 259, 15.0, 13, ABprpppppaa, 4467, 0, 0, 0, , 0, 0, 0, 0, 0, 
258, 1, 254, 258, -1, 110, 274, 14.0, 13, ABprpppppap, 5555, 0, 0, 0, , 0, 0, 0, 0, 0, 
259, 1, 255, 259, -1, 187, 208, 14.0, 17, ABprppaapa, 8195, 0, 0, 0, , 0, 0, 0, 0, 0, 
260, 1, 256, 260, -1, 172, 237, 10.0, 13, ABprppaappa, 5237, 0, 0, 0, , 0, 0, 0, 0, 0, 
261, 1, 257, 261, -1, 153, 245, 10.0, 15, ABprppaappp, 4528, 0, 0, 0, , 0, 0, 0, 0, 0, 
262, 1, 258, 262, -1, 214, 192, 18.0, 13, ABprppaaaaa, 4725, 0, 0, 0, , 0, 0, 0, 0, 0, 
263, 1, 259, 263, -1, 201, 192, 16.0, 17, ABprppaaaap, 5796, 0, 0, 0, , 0, 0, 0, 0, 0, 
264, 1, 260, 264, -1, 196, 179, 19.0, 11, ABprppaaap, 5195, 0, 0, 0, , 0, 0, 0, 0, 0, 
265, 1, 261, 265, -1, 167, 201, 15.0, 15, ABprppapaaa, 4698, 0, 0, 0, , 0, 0, 0, 0, 0, 
266, 1, 262, 266, -1, 150, 207, 15.0, 13, ABprppapaap, 4013, 0, 0, 0, , 0, 0, 0, 0, 0, 
267, 1, 263, 267, -1, 132, 220, 15.0, 17, ABprppapap, 8497, 0, 0, 0, , 0, 0, 0, 0, 0, 
268, 1, 264, 268, -1, 132, 229, 12.0, 17, ABprppappp, 8968, 0, 0, 0, , 0, 0, 0, 0, 0, 
269, 1, 265, 269, -1, 168, 215, 12.0, 13, ABprppappaa, 4679, 0, 0, 0, , 0, 0, 0, 0, 0, 
270, 1, 266, 270, -1, 153, 225, 11.0, 15, ABprppappap, 5341, 0, 0, 0, , 0, 0, 0, 0, 0, 
271, 1, 267, 271, -1, 332, 181, 28.0, 15, ABpraapaaaa, 5042, 0, 0, 0, , 0, 0, 0, 0, 0, 
272, 1, 268, 272, -1, 315, 175, 32.0, 15, ABpraapaaap, 5950, 0, 0, 0, , 0, 0, 0, 0, 0, 
273, 1, 269, 273, -1, 296, 168, 29.0, 15, ABpraapaapa, 6216, 0, 0, 0, , 0, 0, 0, 0, 0, 
274, 1, 270, 274, -1, 251, 170, 26.0, 15, ABpraapapap, 4708, 0, 0, 0, , 0, 0, 0, 0, 0, 
275, 1, 271, 275, -1, 271, 178, 25.0, 13, ABpraapapaa, 5087, 0, 0, 0, , 0, 0, 0, 0, 0, 
276, 1, 272, 276, -1, 243, 170, 29.0, 15, ABpraapappp, 5477, 0, 0, 0, , 0, 0, 0, 0, 0, 
277, 1, 273, 277, -1, 262, 177, 28.0, 15, ABpraapappa, 4866, 0, 0, 0, , 0, 0, 0, 0, 0, 
278, 1, 274, 278, -1, 159, 190, 22.0, 15, ABpraapppp, 3723, 0, 0, 0, , 0, 0, 0, 0, 0, 
279, 1, 275, 279, -1, 194, 179, 21.0, 11, ABpraapppa, 1034, 0, 0, 0, , 0, 0, 0, 0, 0, 
280, 1, 276, 280, -1, 208, 169, 20.0, 15, ABpraappap, 3309, 0, 0, 0, , 0, 0, 0, 0, 0, 
281, 1, 277, 281, -1, 224, 164, 22.0, 15, ABpraappaa, 4919, 0, 0, 0, , 0, 0, 0, 0, 0, 
282, 1, 278, 282, -1, 293, 170, 25.0, 15, ABpraaapapa, 4047, 0, 0, 0, , 0, 0, 0, 0, 0, 
283, 1, 279, 283, -1, 277, 161, 26.0, 13, ABpraaapapp, 3948, 0, 0, 0, , 0, 0, 0, 0, 0, 
284, 1, 280, 284, -1, 277, 183, 20.0, 19, ABpraaapaa, 16542, 0, 0, 0, , 0, 0, 0, 0, 0, 
285, 1, 281, 285, -1, 263, 180, 22.0, 13, ABpraaappaa, 3305, 0, 0, 0, , 0, 0, 0, 0, 0, 
286, 1, 282, 286, -1, 250, 177, 23.0, 13, ABpraaappap, 4419, 0, 0, 0, , 0, 0, 0, 0, 0, 
287, 1, 283, 287, -1, 239, 186, 26.0, 15, ABpraaapppa, 4332, 0, 0, 0, , 0, 0, 0, 0, 0, 
288, 1, 284, 288, -1, 224, 174, 26.0, 15, ABpraaapppp, 5962, 0, 0, 0, , 0, 0, 0, 0, 0, 
289, 1, 285, 289, -1, 286, 160, 20.0, 17, ABpraaaaap, 9011, 0, 0, 0, , 0, 0, 0, 0, 0, 
290, 1, 286, 290, -1, 276, 168, 16.0, 15, ABpraaaaaa, 8038, 0, 0, 0, , 0, 0, 0, 0, 0, 
291, 1, 287, 291, -1, 265, 176, 17.0, 17, ABpraaaapav, 4405, 0, 0, 0, , 0, 0, 0, 0, 0, 
292, 1, 288, 292, -1, 268, 159, 20.0, 13, ABpraaaapad, 3880, 0, 0, 0, , 0, 0, 0, 0, 0, 
293, 1, 289, 293, -1, 276, 156, 23.0, 13, ABpraaaappa, 4387, 0, 0, 0, , 0, 0, 0, 0, 0, 
294, 1, 290, 294, -1, 262, 157, 25.0, 15, ABpraaaappp, 4878, 0, 0, 0, , 0, 0, 0, 0, 0, 
295, 1, 291, 295, -1, 109, 221, 20.0, 15, ABprappapp, 7510, 0, 0, 0, , 0, 0, 0, 0, 0, 
296, 1, 292, 296, -1, 119, 222, 30.0, 15, ABprappapa, 7101, 0, 0, 0, , 0, 0, 0, 0, 0, 
297, 1, 293, 297, -1, 118, 211, 23.0, 15, ABprappaap, 8446, 0, 0, 0, , 0, 0, 0, 0, 0, 
298, 1, 294, 298, -1, 137, 202, 21.0, 15, ABprappaaa, 11540, 0, 0, 0, , 0, 0, 0, 0, 0, 
299, 1, 295, 299, -1, 78, 262, 18.0, 17, ABprapppaa, 8237, 0, 0, 0, , 0, 0, 0, 0, 0, 
300, 1, 296, 300, -1, 91, 279, 12.0, 13, ABprapppapp, 4396, 0, 0, 0, , 0, 0, 0, 0, 0, 
301, 1, 297, 301, -1, 91, 259, 13.0, 11, ABprapppapa, 2594, 0, 0, 0, , 0, 0, 0, 0, 0, 
302, 1, 298, 302, -1, 73, 273, 14.0, 17, ABprappppp, 10437, 0, 0, 0, , 0, 0, 0, 0, 0, 
303, 1, 299, 303, -1, 84, 248, 15.0, 17, ABprappppa, 10054, 0, 0, 0, , 0, 0, 0, 0, 0, 
304, 1, 300, 304, -1, 203, 194, 27.0, 15, ABprapaaapa, 4563, 0, 0, 0, , 0, 0, 0, 0, 0, 
305, 1, 301, 305, -1, 186, 190, 27.0, 13, ABprapaaapp, 4970, 0, 0, 0, , 0, 0, 0, 0, 0, 
306, 1, 302, 306, -1, 209, 197, 34.0, 13, ABprapaaaap, 4679, 0, 0, 0, , 0, 0, 0, 0, 0, 
307, 1, 303, 307, -1, 220, 203, 30.0, 13, ABprapaaaaa, 4730, 0, 0, 0, , 0, 0, 0, 0, 0, 
308, 1, 304, 308, -1, 146, 195, 25.0, 13, ABprapaapp, 6618, 0, 0, 0, , 0, 0, 0, 0, 0, 
309, 1, 305, 309, -1, 176, 180, 23.0, 13, ABprapaapa, 6635, 0, 0, 0, , 0, 0, 0, 0, 0, 
310, 1, 306, 310, -1, 88, 241, 17.0, 17, ABprapappa, 7671, 0, 0, 0, , 0, 0, 0, 0, 0, 
311, 1, 307, 311, -1, 64, 288, 18.0, 17, ABprapapppp, 4155, 0, 0, 0, , 0, 0, 0, 0, 0, 
312, 1, 308, 312, -1, 76, 270, 22.0, 13, ABprapapppa, 3717, 0, 0, 0, , 0, 0, 0, 0, 0, 
313, 1, 309, 313, -1, 91, 232, 21.0, 15, ABprapapap, 6935, 0, 0, 0, , 0, 0, 0, 0, 0, 
314, 1, 310, 314, -1, 84, 254, 28.0, 17, ABprapapaa, 7262, 0, 0, 0, , 0, 0, 0, 0, 0, 
315, 1, 311, 315, -1, 233, 205, 27.0, 13, MSppppap, 3011, 0, 0, 0, , 0, 0, 0, 0, 0, 
316, 1, 312, 316, -1, 224, 205, 18.0, 9, MSppppaa, 747, 0, 0, 0, , 0, 0, 0, 0, 0, 
317, 1, 313, 317, -1, 238, 218, 30.0, 15, MSpppppa, 4225, 0, 0, 0, , 0, 0, 0, 0, 0, 
318, 1, 314, 318, -1, 202, 222, 30.0, 17, MSpppppp, 4739, 0, 0, 0, , 0, 0, 0, 0, 0, 
319, 1, 315, 319, -1, 205, 222, 19.0, 15, MSpppaaa, 4883, 0, 0, 0, , 0, 0, 0, 0, 0, 
320, 1, 316, 320, -1, 152, 237, 19.0, 17, MSpppaap, 5373, 0, 0, 0, , 0, 0, 0, 0, 0, 
321, 1, 317, 321, -1, 196, 209, 19.0, 15, MSpppapp, 6153, 0, 0, 0, , 0, 0, 0, 0, 0, 
322, 1, 318, 322, -1, 213, 214, 17.0, 11, MSpppapa, 3067, 0, 0, 0, , 0, 0, 0, 0, 0, 
323, 1, 319, 323, -1, 213, 215, 13.0, 13, ABprpapaaap, 9481, 0, 0, 0, , 0, 0, 0, 0, 0, 
324, 1, 320, 324, -1, 193, 237, 14.0, 17, MSppaapp, 6044, 0, 0, 0, , 0, 0, 0, 0, 0, 
325, 1, 321, 325, -1, 238, 206, 16.0, 13, MSppaapa, 4268, 0, 0, 0, , 0, 0, 0, 0, 0, 
326, 1, 322, 326, -1, 284, 203, 14.0, 13, MSppaaaa, 3224, 0, 0, 0, , 0, 0, 0, 0, 0, 
327, 1, 323, 327, -1, 288, 189, 24.0, 15, MSppaaap, 5565, 0, 0, 0, , 0, 0, 0, 0, 0, 
328, 1, 324, 328, -1, 268, 188, 29.0, 15, MSppappa, 5727, 0, 0, 0, , 0, 0, 0, 0, 0, 
329, 1, 325, 329, -1, 250, 196, 23.0, 15, MSppapaa, 5583, 0, 0, 0, , 0, 0, 0, 0, 0, 
330, 1, 326, 330, -1, 238, 193, 19.0, 15, MSppapap, 4816, 0, 0, 0, , 0, 0, 0, 0, 0, 
331, 1, 327, 331, -1, 199, 261, 14.0, 13, MSpapappp, 4043, 0, 0, 0, , 0, 0, 0, 0, 0, 
332, 1, 328, 332, -1, 219, 257, 16.0, 15, MSpapappa, 3919, 0, 0, 0, , 0, 0, 0, 0, 0, 
333, 1, 329, 333, -1, 200, 247, 17.0, 15, MSpapapa, 6802, 0, 0, 0, , 0, 0, 0, 0, 0, 
334, 1, 330, 334, -1, 233, 235, 16.0, 13, MSpapaaaa, 3284, 0, 0, 0, , 0, 0, 0, 0, 0, 
335, 1, 331, 335, -1, 220, 237, 17.0, 13, MSpapaaap, 5399, 0, 0, 0, , 0, 0, 0, 0, 0, 
336, 1, 332, 559, -1, 221, 242, 21.0, 15, MSpapaapa, 4537, 0, 0, 0, , 0, 0, 0, 0, 0, 
337, 0, 333, -1, -1, 203, 248, 24.0, 11, , 1401, 0, 0, 0, , 0, 0, 0, 0, 0, 
338, 1, 334, 336, -1, 206, 239, 22.0, 19, MSpapaapp, 5977, 0, 0, 0, , 0, 0, 0, 0, 0, 
339, 1, 335, 339, -1, 168, 312, 14.0, 15, MSpappaa, 4075, 0, 0, 0, , 0, 0, 0, 0, 0, 
340, 1, 336, 340, -1, 152, 231, 15.0, 17, MSpapppp, 6450, 0, 0, 0, , 0, 0, 0, 0, 0, 
341, 1, 337, 341, -1, 169, 221, 18.0, 15, MSpapppa, 5725, 0, 0, 0, , 0, 0, 0, 0, 0, 
342, 1, 338, 342, -1, 253, 235, 27.0, 15, MSpaaappa, 6918, 0, 0, 0, , 0, 0, 0, 0, 0, 
343, 1, 339, 343, -1, 232, 241, 26.0, 15, MSpaaappp, 3747, 0, 0, 0, , 0, 0, 0, 0, 0, 
344, 1, 340, 344, -1, 243, 248, 31.0, 15, MSpaaapa, 6542, 0, 0, 0, , 0, 0, 0, 0, 0, 
345, 1, 341, 345, -1, 279, 211, 28.0, 15, MSpaaaapa, 8532, 0, 0, 0, , 0, 0, 0, 0, 0, 
346, 1, 342, 346, -1, 262, 218, 28.0, 15, MSpaaaapp, 7168, 0, 0, 0, , 0, 0, 0, 0, 0, 
347, 1, 343, 347, -1, 271, 218, 31.0, 19, MSpaaaaa, 29205, 0, 0, 0, , 0, 0, 0, 0, 0, 
348, 1, 344, 348, -1, 229, 219, 18.0, 13, ABaraappppa, 5167, 0, 0, 0, , 0, 0, 0, 0, 0, 
349, 1, 345, 349, -1, 240, 221, 21.0, 13, ABaraapppap, 5974, 0, 0, 0, , 0, 0, 0, 0, 0, 
350, 1, 346, 350, -1, 237, 221, 27.0, 13, MSpaapaap, 4341, 0, 0, 0, , 0, 0, 0, 0, 0, 
351, 1, 347, 351, -1, 260, 216, 25.0, 13, MSpaapaaa, 2459, 0, 0, 0, , 0, 0, 0, 0, 0, 
352, 1, 348, 352, -1, 184, 256, 23.0, 23, Earap, 26098, 0, 0, 0, , 0, 0, 0, 0, 0, 
353, 1, 349, 353, -1, 265, 300, 22.0, 15, MSapppaa, 3653, 0, 0, 0, , 0, 0, 0, 0, 0, 
354, 1, 350, 354, -1, 255, 284, 27.0, 15, MSapppap, 3514, 0, 0, 0, , 0, 0, 0, 0, 0, 
355, 1, 351, 355, -1, 243, 281, 30.0, 15, MSappppa, 3405, 0, 0, 0, , 0, 0, 0, 0, 0, 
356, 1, 352, 356, -1, 212, 304, 30.0, 15, MSappppp, 2812, 0, 0, 0, , 0, 0, 0, 0, 0, 
357, 1, 353, 357, -1, 181, 317, 19.0, 15, MSappaap, 4605, 0, 0, 0, , 0, 0, 0, 0, 0, 
358, 1, 354, 358, -1, 231, 299, 20.0, 15, MSappaaa, 5074, 0, 0, 0, , 0, 0, 0, 0, 0, 
359, 1, 355, 359, -1, 242, 302, 20.0, 9, MSappapp, 697, 0, 0, 0, , 0, 0, 0, 0, 0, 
360, 1, 356, 360, -1, 253, 296, 20.0, 11, MSappapa, 2956, 0, 0, 0, , 0, 0, 0, 0, 0, 
361, 1, 357, 361, -1, 295, 272, 30.0, 15, MSapappa, 3686, 0, 0, 0, , 0, 0, 0, 0, 0, 
362, 1, 358, 362, -1, 280, 267, 31.0, 15, MSapappp, 3175, 0, 0, 0, , 0, 0, 0, 0, 0, 
363, 1, 359, 363, -1, 271, 290, 18.0, 13, MSapapap, 4556, 0, 0, 0, , 0, 0, 0, 0, 0, 
364, 1, 360, 364, -1, 278, 278, 23.0, 15, MSapapaa, 4619, 0, 0, 0, , 0, 0, 0, 0, 0, 
365, 1, 361, 365, -1, 220, 300, 15.0, 15, MSapaapp, 5478, 0, 0, 0, , 0, 0, 0, 0, 0, 
366, 1, 362, 366, -1, 283, 285, 17.0, 11, MSapaapa, 4207, 0, 0, 0, , 0, 0, 0, 0, 0, 
367, 1, 363, 367, -1, 318, 250, 16.0, 15, MSapaaaa, 5115, 0, 0, 0, , 0, 0, 0, 0, 0, 
368, 1, 364, 368, -1, 315, 254, 25.0, 15, MSapaaap, 6104, 0, 0, 0, , 0, 0, 0, 0, 0, 
369, 1, 365, 369, -1, 307, 213, 29.0, 15, MSaaaaapa, 3417, 0, 0, 0, , 0, 0, 0, 0, 0, 
370, 1, 366, 370, -1, 303, 232, 32.0, 15, MSaaaaapp, 5874, 0, 0, 0, , 0, 0, 0, 0, 0, 
371, 1, 367, 371, -1, 323, 213, 25.0, 17, MSaaaaaa, 6080, 0, 0, 0, , 0, 0, 0, 0, 0, 
372, 1, 368, 372, -1, 284, 232, 31.0, 13, MSaaaapaa, 4055, 0, 0, 0, , 0, 0, 0, 0, 0, 
373, 1, 369, 373, -1, 267, 241, 30.0, 13, MSaaaapap, 4014, 0, 0, 0, , 0, 0, 0, 0, 0, 
374, 1, 370, 374, -1, 246, 264, 27.0, 13, MSaaaappp, 5896, 0, 0, 0, , 0, 0, 0, 0, 0, 
375, 1, 371, 375, -1, 267, 257, 29.0, 13, MSaaaappa, 5745, 0, 0, 0, , 0, 0, 0, 0, 0, 
376, 1, 372, 376, -1, 244, 263, 25.0, 13, MSaaapapp, 3050, 0, 0, 0, , 0, 0, 0, 0, 0, 
377, 1, 373, 377, -1, 284, 251, 28.0, 15, MSaaapaap, 4219, 0, 0, 0, , 0, 0, 0, 0, 0, 
378, 0, 374, -1, -1, 302, 250, 27.0, 11, , 1917, 0, 0, 0, , 0, 0, 0, 0, 0, 
379, 1, 375, 379, -1, 227, 270, 26.0, 11, MSaaappa, 3462, 0, 0, 0, , 0, 0, 0, 0, 0, 
380, 1, 376, 380, -1, 229, 261, 29.0, 15, MSaaappp, 3663, 0, 0, 0, , 0, 0, 0, 0, 0, 
381, 1, 377, 381, -1, 186, 313, 15.0, 15, MSaapppp, 4694, 0, 0, 0, , 0, 0, 0, 0, 0, 
382, 1, 378, 382, -1, 207, 316, 17.0, 17, MSaapppa, 13074, 0, 0, 0, , 0, 0, 0, 0, 0, 
383, 1, 379, 383, -1, 245, 279, 17.0, 15, MSaapaaap, 4202, 0, 0, 0, , 0, 0, 0, 0, 0, 
384, 1, 380, 384, -1, 258, 273, 16.0, 13, MSaapaaaa, 3545, 0, 0, 0, , 0, 0, 0, 0, 0, 
385, 1, 381, 385, -1, 210, 281, 17.0, 13, MSaapappp, 4030, 0, 0, 0, , 0, 0, 0, 0, 0, 
386, 1, 382, 386, -1, 231, 277, 17.0, 15, MSaapappa, 3713, 0, 0, 0, , 0, 0, 0, 0, 0, 
387, 1, 383, 387, -1, 222, 281, 20.0, 15, MSaapapa, 6253, 0, 0, 0, , 0, 0, 0, 0, 0, 
388, 1, 384, 388, -1, 202, 283, 21.0, 19, Ealpa, 13673, 0, 0, 0, , 0, 0, 0, 0, 0, 
389, 1, 385, 389, -1, 162, 300, 22.0, 17, Ealpp, 9270, 0, 0, 0, , 0, 0, 0, 0, 0, 
390, 1, 386, 390, -1, 132, 303, 20.0, 21, Eplpa, 12021, 0, 0, 0, , 0, 0, 0, 0, 0, 
391, 1, 387, 391, -1, 123, 337, 20.0, 19, Cappap, 10333, 0, 0, 0, , 0, 0, 0, 0, 0, 
392, 1, 388, 392, 549, 154, 338, 26.0, 19, Cappaa, 2832, 0, 0, 0, , 0, 0, 0, 0, 0, 
393, 1, 389, 393, -1, 117, 336, 26.0, 19, Capppa, 9715, 0, 0, 0, , 0, 0, 0, 0, 0, 
394, 1, 390, 394, -1, 101, 323, 17.0, 15, Capppp, 4981, 0, 0, 0, , 0, 0, 0, 0, 0, 
395, 1, 391, 395, -1, 144, 344, 24.0, 19, Capapa, 10153, 0, 0, 0, , 0, 0, 0, 0, 0, 
396, 1, 392, 396, -1, 149, 330, 15.0, 17, Capapp, 8814, 0, 0, 0, , 0, 0, 0, 0, 0, 
397, 1, 393, 397, -1, 162, 338, 19.0, 21, Capaap, 8298, 0, 0, 0, , 0, 0, 0, 0, 0, 
398, 1, 394, 398, -1, 185, 333, 23.0, 17, Capaaa, 8308, 0, 0, 0, , 0, 0, 0, 0, 0, 
399, 1, 395, 399, -1, 88, 304, 28.0, 17, Caaapp, 9698, 0, 0, 0, , 0, 0, 0, 0, 0, 
400, 1, 396, 400, -1, 73, 312, 19.0, 19, Caappd, 12790, 0, 0, 0, , 0, 0, 0, 0, 0, 
401, 1, 397, 401, -1, 81, 329, 15.0, 15, Caappv, 4350, 0, 0, 0, , 0, 0, 0, 0, 0, 
402, 1, 398, 402, -1, 94, 304, 15.0, 15, Caapaa, 4666, 0, 0, 0, , 0, 0, 0, 0, 0, 
403, 1, 399, 403, -1, 83, 308, 11.0, 13, Caapap, 2999, 0, 0, 0, , 0, 0, 0, 0, 0, 
404, 1, 400, 404, -1, 65, 306, 21.0, 17, Cpappd, 29175, 0, 0, 0, , 0, 0, 0, 0, 0, 
405, 1, 401, 405, -1, 74, 310, 15.0, 17, Cpappv, 10562, 0, 0, 0, , 0, 0, 0, 0, 0, 
406, 1, 402, 406, -1, 80, 331, 23.0, 19, Cpapaa, 10329, 0, 0, 0, , 0, 0, 0, 0, 0, 
407, 1, 403, 407, -1, 93, 295, 31.0, 19, Cpaapp, 10270, 0, 0, 0, , 0, 0, 0, 0, 0, 
408, 1, 404, 408, -1, 126, 237, 19.0, 17, Cppaap, 9104, 0, 0, 0, , 0, 0, 0, 0, 0, 
409, 1, 405, 409, 410, 147, 223, 22.0, 15, Cppaaa, 4904, 0, 0, 0, , 0, 0, 0, 0, 0, 
410, 1, 406, 411, -1, 119, 241, 26.0, 21, Cppapa, 30401, 0, 0, 0, , 0, 0, 0, 0, 0, 
411, 1, 407, 412, -1, 108, 250, 16.0, 15, Cppapp, 7364, 0, 0, 0, , 0, 0, 0, 0, 0, 
412, 1, 408, 413, -1, 120, 249, 30.0, 15, Cpppaap, 5225, 0, 0, 0, , 0, 0, 0, 0, 0, 
413, 1, 409, 414, -1, 138, 222, 27.0, 15, Cpppaaa, 5168, 0, 0, 0, , 0, 0, 0, 0, 0, 
414, 1, 410, 415, -1, 92, 267, 18.0, 13, Cpppapp, 4053, 0, 0, 0, , 0, 0, 0, 0, 0, 
415, 1, 411, 416, -1, 108, 248, 22.0, 19, Cpppapa, 6116, 0, 0, 0, , 0, 0, 0, 0, 0, 
416, 1, 412, 417, -1, 238, 317, 24.0, 15, Daapa, 5537, 0, 0, 0, , 0, 0, 0, 0, 0, 
417, 1, 413, 418, -1, 222, 327, 21.0, 17, Daapp, 6007, 0, 0, 0, , 0, 0, 0, 0, 0, 
418, 1, 414, 419, -1, 249, 294, 24.0, 17, Daaaa, 6237, 0, 0, 0, , 0, 0, 0, 0, 0, 
419, 1, 415, 420, -1, 233, 305, 28.0, 15, Daaap, 4778, 0, 0, 0, , 0, 0, 0, 0, 0, 
420, 1, 416, 421, -1, 195, 313, 30.0, 19, Dappa, 6866, 0, 0, 0, , 0, 0, 0, 0, 0, 
421, 1, 417, 422, -1, 163, 321, 30.0, 19, Dappp, 5346, 0, 0, 0, , 0, 0, 0, 0, 0, 
422, 1, 418, 423, -1, 172, 205, 20.0, 15, Dpapp, 5786, 0, 0, 0, , 0, 0, 0, 0, 0, 
423, 1, 419, 424, -1, 198, 203, 22.0, 15, Dpapa, 5757, 0, 0, 0, , 0, 0, 0, 0, 0, 
424, 1, 420, 425, -1, 205, 211, 29.0, 13, Dpaap, 3657, 0, 0, 0, , 0, 0, 0, 0, 0, 
425, 1, 421, 426, -1, 218, 205, 23.0, 15, Dpaaa, 5712, 0, 0, 0, , 0, 0, 0, 0, 0, 
426, 1, 422, 427, -1, 148, 233, 30.0, 17, Dpppp, 7151, 0, 0, 0, , 0, 0, 0, 0, 0, 
427, 1, 423, 428, -1, 171, 223, 28.0, 19, Dpppa, 20361, 0, 0, 0, , 0, 0, 0, 0, 0, 
428, 1, 424, 429, -1, 190, 209, 25.0, 15, Dppaa, 3676, 0, 0, 0, , 0, 0, 0, 0, 0, 
429, 1, 425, 430, -1, 161, 208, 26.0, 15, Dppap, 5305, 0, 0, 0, , 0, 0, 0, 0, 0, 
430, 1, 426, 431, -1, 156, 252, 15.0, 21, Z2, 6909, 0, 0, 0, , 0, 0, 0, 0, 0, 
431, 0, 427, -1, -1, 380, 243, 24.0, 15, , 7697, 0, 0, 0, , 0, 0, 0, 0, 0, 
432, 1, 428, 433, -1, 325, 292, 24.0, 11, ABalpppappa, 4235, 0, 0, 0, , 0, 0, 0, 0, 0, 
433, 1, 429, 434, -1, 323, 289, 26.0, 15, ABalpppappp, 4415, 0, 0, 0, , 0, 0, 0, 0, 0, 
434, 1, 430, 435, -1, 303, 276, 22.0, 13, ABalpppppaa, 3978, 0, 0, 0, , 0, 0, 0, 0, 0, 
435, 1, 431, 436, -1, 294, 287, 24.0, 15, ABalpppppap, 4815, 0, 0, 0, , 0, 0, 0, 0, 0, 
436, 1, 432, 437, -1, 276, 294, 27.0, 13, ABalppppppa, 7236, 0, 0, 0, , 0, 0, 0, 0, 0, 
437, 1, 433, 438, -1, 292, 310, 27.0, 19, ABalppppppp, 6707, 0, 0, 0, , 0, 0, 0, 0, 0, 
438, 1, 434, 439, -1, 340, 278, 27.0, 13, ABalppppapp, 4071, 0, 0, 0, , 0, 0, 0, 0, 0, 
439, 1, 435, 440, -1, 343, 265, 25.0, 15, ABalppppapa, 4976, 0, 0, 0, , 0, 0, 0, 0, 0, 
440, 1, 436, 441, -1, 315, 274, 20.0, 11, ABalppppaad, 3687, 0, 0, 0, , 0, 0, 0, 0, 0, 
441, 1, 437, 442, -1, 322, 275, 23.0, 13, ABalppppaav, 3909, 0, 0, 0, , 0, 0, 0, 0, 0, 
442, 1, 438, 443, -1, 345, 279, 18.0, 15, ABalpppaaaa, 4447, 0, 0, 0, , 0, 0, 0, 0, 0, 
443, 1, 439, 444, -1, 327, 287, 16.0, 13, ABalpppaaap, 4374, 0, 0, 0, , 0, 0, 0, 0, 0, 
444, 1, 440, 445, -1, 341, 281, 22.0, 19, ABalpppaap, 14060, 0, 0, 0, , 0, 0, 0, 0, 0, 
445, 1, 441, 446, -1, 326, 289, 18.0, 13, ABalpppapad, 4374, 0, 0, 0, , 0, 0, 0, 0, 0, 
446, 1, 442, 447, -1, 323, 301, 20.0, 13, ABalpppapav, 4065, 0, 0, 0, , 0, 0, 0, 0, 0, 
447, 1, 443, 448, -1, 349, 260, 18.0, 13, ABalaaapalr, 3204, 0, 0, 0, , 0, 0, 0, 0, 0, 
448, 1, 444, 449, -1, 347, 261, 16.0, 13, ABalppaaaa, 5834, 0, 0, 0, , 0, 0, 0, 0, 0, 
449, 1, 445, 450, -1, 335, 276, 14.0, 15, ABalppaaapp, 5352, 0, 0, 0, , 0, 0, 0, 0, 0, 
450, 1, 446, 451, -1, 296, 302, 13.0, 13, ABalppaappp, 4977, 0, 0, 0, , 0, 0, 0, 0, 0, 
451, 1, 447, 561, -1, 316, 289, 13.0, 15, ABalppaappa, 2703, 0, 0, 0, , 0, 0, 0, 0, 0, 
452, 1, 448, 452, -1, 317, 281, 11.0, 15, ABalppaapa, 6528, 0, 0, 0, , 0, 0, 0, 0, 0, 
453, 1, 449, 453, -1, 292, 282, 13.0, 15, ABalppapppa, 4996, 0, 0, 0, , 0, 0, 0, 0, 0, 
454, 1, 450, 454, -1, 284, 297, 12.0, 13, ABalppapppp, 5390, 0, 0, 0, , 0, 0, 0, 0, 0, 
455, 1, 451, 455, -1, 306, 271, 13.0, 13, ABalppappap, 4704, 0, 0, 0, , 0, 0, 0, 0, 0, 
456, 1, 452, 456, -1, 325, 261, 15.0, 13, ABalppappaa, 4382, 0, 0, 0, , 0, 0, 0, 0, 0, 
457, 1, 453, 457, -1, 296, 273, 10.0, 11, ABalppapapa, 4931, 0, 0, 0, , 0, 0, 0, 0, 0, 
458, 1, 454, 458, -1, 278, 295, 9.0, 15, ABalppapapp, 6348, 0, 0, 0, , 0, 0, 0, 0, 0, 
459, 1, 455, 459, -1, 326, 264, 11.0, 13, ABalppapaaa, 5793, 0, 0, 0, , 0, 0, 0, 0, 0, 
460, 1, 456, 460, -1, 310, 271, 10.0, 13, ABalppapaap, 4141, 0, 0, 0, , 0, 0, 0, 0, 0, 
461, 1, 457, 461, -1, 254, 302, 10.0, 17, ABalpapapap, 8226, 0, 0, 0, , 0, 0, 0, 0, 0, 
462, 1, 458, 462, -1, 266, 279, 10.0, 15, ABalpapapaa, 6805, 0, 0, 0, , 0, 0, 0, 0, 0, 
463, 1, 459, 463, -1, 239, 321, 11.0, 15, ABalpapappa, 6514, 0, 0, 0, , 0, 0, 0, 0, 0, 
464, 1, 460, 464, -1, 233, 329, 14.0, 15, ABalpapappp, 6856, 0, 0, 0, , 0, 0, 0, 0, 0, 
465, 1, 461, 465, -1, 263, 245, 10.0, 17, ABalpapaapp, 5843, 0, 0, 0, , 0, 0, 0, 0, 0, 
466, 1, 462, 466, -1, 284, 242, 10.0, 13, ABalpapaapa, 5096, 0, 0, 0, , 0, 0, 0, 0, 0, 
467, 1, 463, 467, -1, 303, 256, 9.0, 13, ABalpapaaaa, 5720, 0, 0, 0, , 0, 0, 0, 0, 0, 
468, 1, 464, 468, -1, 284, 264, 10.0, 15, ABalpapaaap, 5926, 0, 0, 0, , 0, 0, 0, 0, 0, 
469, 1, 465, 469, -1, 269, 258, 11.0, 17, ABalpappapa, 10470, 0, 0, 0, , 0, 0, 0, 0, 0, 
470, 1, 466, 470, -1, 282, 253, 16.0, 13, ABalpappaap, 7280, 0, 0, 0, , 0, 0, 0, 0, 0, 
471, 1, 467, 471, -1, 281, 236, 16.0, 11, ABalpappaaa, 4845, 0, 0, 0, , 0, 0, 0, 0, 0, 
472, 1, 468, 472, -1, 233, 266, 12.0, 17, ABalpappapp, 5686, 0, 0, 0, , 0, 0, 0, 0, 0, 
473, 1, 469, 473, -1, 276, 268, 16.0, 13, ABalpapppa, 4070, 0, 0, 0, , 0, 0, 0, 0, 0, 
474, 1, 471, 474, -1, 302, 253, 17.0, 11, ABalpaaapaa, 3937, 0, 0, 0, , 0, 0, 0, 0, 0, 
475, 1, 472, 475, -1, 287, 258, 19.0, 11, ABalpaaapap, 4352, 0, 0, 0, , 0, 0, 0, 0, 0, 
476, 1, 473, 476, -1, 298, 250, 11.0, 19, ABalpaaaap, 9138, 0, 0, 0, , 0, 0, 0, 0, 0, 
477, 1, 474, 477, -1, 291, 246, 14.0, 13, ABalpaaaaap, 3542, 0, 0, 0, , 0, 0, 0, 0, 0, 
478, 1, 475, 478, -1, 308, 234, 13.0, 13, ABalpaaaaaa, 4713, 0, 0, 0, , 0, 0, 0, 0, 0, 
479, 1, 476, 479, -1, 332, 228, 12.0, 15, ABalpaapppa, 6132, 0, 0, 0, , 0, 0, 0, 0, 0, 
480, 1, 477, 480, -1, 321, 253, 11.0, 13, ABalpaapppp, 3956, 0, 0, 0, , 0, 0, 0, 0, 0, 
481, 1, 478, 481, -1, 323, 229, 14.0, 13, ABalpaappaa, 3967, 0, 0, 0, , 0, 0, 0, 0, 0, 
482, 1, 479, 482, -1, 315, 237, 10.0, 15, ABalpaappap, 5623, 0, 0, 0, , 0, 0, 0, 0, 0, 
483, 1, 480, 483, -1, 288, 256, 23.0, 13, ABalpaapapp, 2917, 0, 0, 0, , 0, 0, 0, 0, 0, 
484, 1, 481, 484, -1, 298, 242, 21.0, 17, ABalpaapapa, 5139, 0, 0, 0, , 0, 0, 0, 0, 0, 
485, 1, 482, 485, -1, 314, 241, 22.0, 15, ABalpaapaap, 4370, 0, 0, 0, , 0, 0, 0, 0, 0, 
486, 1, 483, 486, -1, 320, 235, 20.0, 15, ABalpaapaaa, 4153, 0, 0, 0, , 0, 0, 0, 0, 0, 
487, 1, 484, 487, -1, 174, 269, 28.0, 17, Epraa, 12949, 0, 0, 0, , 0, 0, 0, 0, 0, 
488, 0, 485, -1, -1, 163, 287, 29.0, 19, , 14150, 0, 0, 0, , 0, 0, 0, 0, 0, 
489, 1, 486, -1, -1, 199, 240, 25.0, 11, MSpaapp, 3108, 0, 0, 0, , 0, 0, 0, 0, 0, 
490, 1, 487, 490, -1, 155, 261, 24.0, 21, Earpp, 18071, 0, 0, 0, , 0, 0, 0, 0, 0, 
491, 1, 488, 491, -1, 186, 283, 24.0, 21, Ealap, 58833, 0, 0, 0, , 0, 0, 0, 0, 0, 
492, 1, 489, 492, -1, 210, 277, 25.0, 15, Ealaa, 6934, 0, 0, 0, , 0, 0, 0, 0, 0, 
493, 1, 490, 493, -1, 164, 290, 26.0, 19, Eplaa, 5609, 0, 0, 0, , 0, 0, 0, 0, 0, 
494, 1, 491, 494, -1, 140, 301, 24.0, 19, Eplap, 29826, 0, 0, 0, , 0, 0, 0, 0, 0, 
495, 1, 492, 495, -1, 135, 276, 18.0, 19, Eprpp, 8493, 0, 0, 0, , 0, 0, 0, 0, 0, 
496, 1, 493, 496, -1, 190, 334, 28.0, 17, Dapap, 5640, 0, 0, 0, , 0, 0, 0, 0, 0, 
497, 1, 494, 497, -1, 211, 326, 24.0, 15, Dapaa, 6026, 0, 0, 0, , 0, 0, 0, 0, 0, 
498, 1, 495, 498, -1, 227, 276, 23.0, 15, MSaapaapp, 5208, 0, 0, 0, , 0, 0, 0, 0, 0, 
499, 1, 496, 499, -1, 240, 271, 22.0, 15, MSaapaapa, 5274, 0, 0, 0, , 0, 0, 0, 0, 0, 
500, 1, 497, 500, -1, 161, 213, 32.0, 15, ABarpppapp, 5749, 0, 0, 0, , 0, 0, 0, 0, 0, 
501, 1, 498, 501, -1, 227, 320, 15.0, 13, ABplppaapap, 4927, 0, 0, 0, , 0, 0, 0, 0, 0, 
502, 1, 499, 502, -1, 246, 309, 16.0, 13, ABplppaapaa, 5125, 0, 0, 0, , 0, 0, 0, 0, 0, 
503, 1, 500, 503, -1, 71, 296, 26.0, 19, Cpapap, 13003, 0, 0, 0, , 0, 0, 0, 0, 0, 
504, 1, 501, 504, -1, 206, 246, 28.0, 21, Earaa, 13017, 0, 0, 0, , 0, 0, 0, 0, 0, 
505, 1, 502, 505, -1, 343, 244, 16.0, 17, ABalaaaala, 8871, 0, 0, 0, , 0, 0, 0, 0, 0, 
506, 1, 503, 506, -1, 269, 174, 34.0, 15, ABarpappaa, 4397, 0, 0, 0, , 0, 0, 0, 0, 0, 
507, 1, 504, 507, -1, 101, 266, 27.0, 15, Cppppaa, 4326, 0, 0, 0, , 0, 0, 0, 0, 0, 
508, 1, 504, 508, -1, 94, 275, 24.0, 15, Cppppap, 4198, 0, 0, 0, , 0, 0, 0, 0, 0, 
509, 0, 505, -1, -1, 86, 293, 17.0, 11, , 974, 0, 0, 0, , 0, 0, 0, 0, 0, 
510, 1, 506, 510, -1, 188, 262, 17.0, 17, Earpa, 11530, 0, 0, 0, , 0, 0, 0, 0, 0, 
511, 1, 507, 511, -1, 254, 195, 31.0, 17, MSppappp, 5788, 0, 0, 0, , 0, 0, 0, 0, 0, 
512, 1, 508, 512, -1, 127, 279, 24.0, 17, Eprpa, 14480, 0, 0, 0, , 0, 0, 0, 0, 0, 
513, 1, 509, 513, -1, 234, 243, 34.0, 17, ABarpaappa, 6696, 0, 0, 0, , 0, 0, 0, 0, 0, 
514, 1, 510, 514, -1, 221, 301, 35.0, 17, ABarppaapa, 7795, 0, 0, 0, , 0, 0, 0, 0, 0, 
515, 1, 511, 515, -1, 131, 297, 17.0, 19, Eplpp, 6799, 0, 0, 0, , 0, 0, 0, 0, 0, 
516, 1, 512, 516, -1, 201, 282, 14.0, 13, MSaappap, 4938, 0, 0, 0, , 0, 0, 0, 0, 0, 
517, 1, 513, 517, -1, 180, 290, 15.0, 17, Z3, 11943, 0, 0, 0, , 0, 0, 0, 0, 0, 
518, 1, 514, 518, -1, 264, 176, 12.0, 13, ABalaapappa, 3592, 0, 0, 0, , 0, 0, 0, 0, 0, 
519, 1, 515, 519, -1, 218, 276, 13.0, 17, MSaappaa, 3788, 0, 0, 0, , 0, 0, 0, 0, 0, 
520, 0, 516, -1, -1, 174, 266, 26.0, 19, , 6322, 0, 0, 0, , 0, 0, 0, 0, 0, 
521, 1, 517, 521, -1, 256, 323, 18.0, 13, ABplppaaaap, 2425, 0, 0, 0, , 0, 0, 0, 0, 0, 
522, 1, 518, 522, -1, 124, 304, 10.0, 13, ABplpppapap, 2248, 0, 0, 0, , 0, 0, 0, 0, 0, 
523, 1, 519, 555, -1, 274, 164, 30.0, 15, ABpraapaapp, 4696, 0, 0, 0, , 0, 0, 0, 0, 0, 
524, 1, 520, 523, -1, 230, 332, 18.0, 15, ABplppapaaa, 5535, 0, 0, 0, , 0, 0, 0, 0, 0, 
525, 1, 521, 524, -1, 329, 227, 31.0, 17, ABalapapapa, 2682, 0, 0, 0, , 0, 0, 0, 0, 0, 
526, 1, 522, 525, -1, 345, 240, 19.0, 15, ABalaaapall, 5062, 0, 0, 0, , 0, 0, 0, 0, 0, 
527, 1, 523, 526, -1, 140, 279, 25.0, 17, Eprap, 7861, 0, 0, 0, , 0, 0, 0, 0, 0, 
528, 1, 524, 527, -1, 264, 193, 16.0, 15, ABprpaaaaaa, 8427, 0, 0, 0, , 0, 0, 0, 0, 0, 
529, 1, 525, 528, -1, 194, 262, 33.0, 21, Cpaaaa, 11459, 0, 0, 0, , 0, 0, 0, 0, 0, 
530, 1, 526, 529, -1, 156, 273, 13.0, 15, MSpappap, 5072, 0, 0, 0, , 0, 0, 0, 0, 0, 
531, 1, 527, 530, -1, 225, 234, 24.0, 19, MSpaapapp, 4511, 0, 0, 0, , 0, 0, 0, 0, 0, 
532, 0, 528, -1, -1, 216, 242, 25.0, 15, , 1799, 0, 0, 0, , 0, 0, 0, 0, 0, 
533, 1, 529, 532, -1, 197, 223, 35.0, 21, ABarpppapa, 12618, 0, 0, 0, , 0, 0, 0, 0, 0, 
534, 1, 530, 533, -1, 87, 286, 17.0, 21, Cppppp, 12676, 0, 0, 0, , 0, 0, 0, 0, 0, 
535, 1, 531, 534, -1, 255, 296, 30.0, 13, ABplapaaaaa, 4582, 0, 0, 0, , 0, 0, 0, 0, 0, 
536, 0, 532, -1, -1, 130, 311, 21.0, 13, , 3037, 0, 0, 0, , 0, 0, 0, 0, 0, 
537, 1, 533, 536, -1, 163, 273, 34.0, 13, Cpaaap, 1004, 0, 0, 0, , 0, 0, 0, 0, 0, 
538, 0, 534, -1, -1, 235, 286, 10.0, 13, , 1162, 0, 0, 0, , 0, 0, 0, 0, 0, 
539, 1, 535, 538, -1, 250, 304, 33.0, 15, ABplapaaaap, 4025, 0, 0, 0, , 0, 0, 0, 0, 0, 
540, 1, 536, 539, -1, 356, 269, 16.0, 13, ABalppaaapa, 3696, 0, 0, 0, , 0, 0, 0, 0, 0, 
541, 1, 537, 540, -1, 243, 266, 14.0, 19, ABalpappppp, 7618, 0, 0, 0, , 0, 0, 0, 0, 0, 
542, 0, 538, -1, -1, 158, 251, 15.0, 21, , 23476, 0, 0, 0, , 0, 0, 0, 0, 0, 
543, 1, 539, 542, 543, 345, 218, 22.0, 15, ABalaaapar, 7944, 0, 0, 0, , 0, 0, 0, 0, 0, 
544, 1, 541, 544, -1, 270, 261, 19.0, 17, ABalpaaapp, 5887, 0, 0, 0, , 0, 0, 0, 0, 0, 
545, 0, 542, -1, -1, 208, 266, 25.0, 13, , 5440, 0, 0, 0, , 0, 0, 0, 0, 0, 
546, 1, 543, 546, -1, 139, 279, 33.0, 15, Caaaap, 2898, 0, 0, 0, , 0, 0, 0, 0, 0, 
547, 0, 544, -1, -1, 202, 250, 8.0, 13, , 1097, 0, 0, 0, , 0, 0, 0, 0, 0, 
548, 0, -1, -1, -1, 179, 287, 13.0, 15, , 6239, 0, 0, 0, , 0, 0, 0, 0, 0, 
549, 0, -1, -1, -1, 153, 342, 27.0, 13, , 2664, 0, 0, 0, , 0, 0, 0, 0, 0, 
550, 1, 545, 551, -1, 242, 233, 13.0, 18, ABarapapppa, 4988, 0, 0, 0, , 0, 0, 0, 0, 0, 
551, 1, 546, 557, -1, 126, 296, 33.0, 15, Cpaapa, 0, 0, 0, 0, , 0, 0, 0, 0, 0, 
552, 1, 547, 558, -1, 112, 306, 33.0, 15, Caaapa, 0, 0, 0, 0, , 0, 0, 0, 0, 0, 
553, 1, 548, 560, -1, 189, 311, 33.0, 17, Caaaaa, 0, 0, 0, 0, , 0, 0, 0, 0, 0, 
554, 1, 549, 550, -1, 264, 258, 13.0, 15, ABalpappppa, 4346, 0, 0, 0, , 0, 0, 0, 0, 0, 
555, 1, 550, 562, -1, 300, 176, 30.666666, 13, ABalapppppa, 0, 0, 0, 0, , 0, 0, 0, 0, 0, 
556, 1, 551, 120, -1, 342, 215, 26.142857, 16, ABalappaap, 6139, 0, 0, 0, , 0, 0, 0, 0, 0, 
557, 1, 552, 553, -1, 302, 202, 32.18182, 12, ABalapppapp, 828, 0, 0, 0, , 0, 0, 0, 0, 0, 
558, 1, 553, 563, -1, 277, 182, 11.7, 13, ABalaappapp, 1996, 0, 0, 0, , 0, 0, 0, 0, 0, 
559, 1, 554, 564, -1, 268, 257, 27.0, 13, MSaaapapa, 0, 0, 0, 0, , 0, 0, 0, 0, 0, 
560, 1, 555, 565, -1, 300, 247, 27.0, 13, MSaaapaaa, 0, 0, 0, 0, , 0, 0, 0, 0, 0, 
561, 1, 556, 566, -1, 240, 183, 13.0, 13, ABalaapappp, 0, 0, 0, 0, , 0, 0, 0, 0, 0, 
562, 1, 557, 567, -1, 202, 246, 9.0, 14, ABprpappapa, 0, 0, 0, 0, , 0, 0, 0, 0, 0, 
