1, 1, 1, 1, -1, 313, 206, 21.0, 13, ABaraappaaa, 6083, 0, 0, 0, , 0, 0, 0, 0, 0, 
2, 1, 2, 2, -1, 298, 212, 25.0, 11, ABaraappaap, 5463, 0, 0, 0, , 0, 0, 0, 0, 0, 
3, 1, 3, 3, -1, 270, 209, 23.0, 15, ABaraappapp, 7406, 0, 0, 0, , 0, 0, 0, 0, 0, 
4, 1, 4, 4, -1, 288, 204, 24.0, 15, ABaraappapa, 5412, 0, 0, 0, , 0, 0, 0, 0, 0, 
5, 1, 5, 5, -1, 248, 231, 23.0, 13, MSpaapapa, 4208, 0, 0, 0, , 0, 0, 0, 0, 0, 
6, 1, 6, 6, -1, 255, 214, 20.0, 15, ABaraapppaa, 6141, 0, 0, 0, , 0, 0, 0, 0, 0, 
7, 1, 7, 7, -1, 238, 242, 20.0, 13, ABaraappppp, 5673, 0, 0, 0, , 0, 0, 0, 0, 0, 
8, 1, 8, 8, -1, 260, 273, 21.0, 15, ABaraapappa, 6845, 0, 0, 0, , 0, 0, 0, 0, 0, 
9, 1, 9, 9, -1, 246, 256, 19.0, 15, ABaraapappp, 8455, 0, 0, 0, , 0, 0, 0, 0, 0, 
10, 1, 10, 10, -1, 259, 260, 23.0, 13, ABaraapapap, 4784, 0, 0, 0, , 0, 0, 0, 0, 0, 
11, 1, 11, 11, -1, 272, 257, 23.0, 15, ABaraapapaa, 8275, 0, 0, 0, , 0, 0, 0, 0, 0, 
12, 1, 12, 12, -1, 318, 221, 22.0, 13, ABaraapaaaa, 6954, 0, 0, 0, , 0, 0, 0, 0, 0, 
13, 1, 13, 13, -1, 312, 227, 26.0, 13, ABaraapaaap, 6518, 0, 0, 0, , 0, 0, 0, 0, 0, 
14, 1, 14, 14, -1, 288, 243, 25.0, 15, ABaraapaapp, 8673, 0, 0, 0, , 0, 0, 0, 0, 0, 
15, 1, 15, 15, -1, 301, 231, 24.0, 13, ABaraapaapa, 6572, 0, 0, 0, , 0, 0, 0, 0, 0, 
16, 1, 16, 16, -1, 302, 212, 11.0, 13, ABaraaappap, 5086, 0, 0, 0, , 0, 0, 0, 0, 0, 
17, 1, 17, 17, -1, 319, 213, 14.0, 11, ABaraaappaa, 3827, 0, 0, 0, , 0, 0, 0, 0, 0, 
18, 1, 18, 18, -1, 309, 201, 12.0, 15, ABaraaapppa, 4385, 0, 0, 0, , 0, 0, 0, 0, 0, 
19, 1, 19, 19, -1, 279, 205, 10.0, 11, ABaraaapppp, 4065, 0, 0, 0, , 0, 0, 0, 0, 0, 
20, 1, 20, 20, -1, 307, 213, 18.0, 13, ABaraaapaaa, 4737, 0, 0, 0, , 0, 0, 0, 0, 0, 
21, 1, 21, 21, -1, 283, 215, 21.0, 15, ABaraaapapa, 2987, 0, 0, 0, , 0, 0, 0, 0, 0, 
22, 1, 22, 22, -1, 296, 203, 20.0, 13, ABaraaapaap, 3809, 0, 0, 0, , 0, 0, 0, 0, 0, 
23, 1, 23, 23, -1, 270, 227, 21.0, 15, ABaraaapapp, 5237, 0, 0, 0, , 0, 0, 0, 0, 0, 
24, 1, 24, 24, -1, 296, 236, 17.0, 13, ABaraaaaaap, 2917, 0, 0, 0, , 0, 0, 0, 0, 0, 
25, 1, 25, 25, -1, 316, 229, 16.0, 11, ABaraaaaaaa, 4058, 0, 0, 0, , 0, 0, 0, 0, 0, 
26, 1, 26, 26, -1, 290, 214, 18.0, 11, ABaraaaaapp, 3606, 0, 0, 0, , 0, 0, 0, 0, 0, 
27, 1, 27, 27, -1, 305, 215, 15.0, 11, ABaraaaaapa, 3375, 0, 0, 0, , 0, 0, 0, 0, 0, 
28, 1, 28, 28, -1, 292, 223, 27.0, 11, ABaraaaapp, 4633, 0, 0, 0, , 0, 0, 0, 0, 0, 
29, 1, 29, 29, -1, 323, 215, 17.0, 15, ABaraaaapa, 6974, 0, 0, 0, , 0, 0, 0, 0, 0, 
30, 1, 30, 30, -1, 237, 251, 10.0, 17, ABarapapapp, 8629, 0, 0, 0, , 0, 0, 0, 0, 0, 
31, 1, 31, 31, -1, 261, 239, 11.0, 13, ABarapapapa, 6888, 0, 0, 0, , 0, 0, 0, 0, 0, 
32, 1, 32, 32, -1, 262, 238, 15.0, 13, ABarapapaap, 7919, 0, 0, 0, , 0, 0, 0, 0, 0, 
33, 1, 33, 33, -1, 268, 220, 15.0, 15, ABarapapaaa, 7425, 0, 0, 0, , 0, 0, 0, 0, 0, 
34, 1, 34, 34, -1, 220, 240, 12.0, 15, ABarapapppp, 5553, 0, 0, 0, , 0, 0, 0, 0, 0, 
35, 1, 35, 560, -1, 245, 223, 16.0, 17, ABarapappa, 22108, 0, 0, 0, , 0, 0, 0, 0, 0, 
36, 1, 36, 36, -1, 278, 224, 11.0, 17, ABarapaaap, 22907, 0, 0, 0, , 0, 0, 0, 0, 0, 
37, 1, 37, 37, -1, 288, 225, 13.0, 15, ABarapaaaa, 12036, 0, 0, 0, , 0, 0, 0, 0, 0, 
38, 1, 38, 38, -1, 274, 216, 16.0, 15, ABarapaapa, 6011, 0, 0, 0, , 0, 0, 0, 0, 0, 
39, 1, 40, 39, -1, 261, 232, 18.0, 17, ABarapaappa, 6047, 0, 0, 0, , 0, 0, 0, 0, 0, 
40, 1, 41, 40, -1, 257, 200, 10.0, 13, ABarapppapa, 6783, 0, 0, 0, , 0, 0, 0, 0, 0, 
41, 1, 42, 41, -1, 236, 207, 9.0, 13, ABarapppapp, 5201, 0, 0, 0, , 0, 0, 0, 0, 0, 
42, 1, 43, 42, -1, 287, 195, 10.0, 15, ABarapppaaa, 5807, 0, 0, 0, , 0, 0, 0, 0, 0, 
43, 1, 44, 43, -1, 270, 189, 9.0, 13, ABarapppaap, 5408, 0, 0, 0, , 0, 0, 0, 0, 0, 
44, 1, 45, 44, -1, 262, 195, 13.0, 13, ABarappppap, 5479, 0, 0, 0, , 0, 0, 0, 0, 0, 
45, 1, 46, 45, -1, 277, 191, 14.0, 13, ABarappppaa, 5059, 0, 0, 0, , 0, 0, 0, 0, 0, 
46, 1, 47, 46, -1, 244, 197, 12.0, 13, ABarapppppa, 3933, 0, 0, 0, , 0, 0, 0, 0, 0, 
47, 1, 48, 47, -1, 227, 189, 12.0, 15, ABarapppppp, 6645, 0, 0, 0, , 0, 0, 0, 0, 0, 
48, 1, 49, 48, -1, 253, 210, 11.0, 15, ABarappaaap, 5358, 0, 0, 0, , 0, 0, 0, 0, 0, 
49, 1, 50, 49, -1, 265, 218, 9.0, 13, ABarappaaaa, 6088, 0, 0, 0, , 0, 0, 0, 0, 0, 
50, 1, 51, 50, -1, 245, 230, 10.0, 13, ABarappaap, 6490, 0, 0, 0, , 0, 0, 0, 0, 0, 
51, 1, 52, 51, -1, 212, 214, 9.0, 15, ABarappapap, 7287, 0, 0, 0, , 0, 0, 0, 0, 0, 
52, 1, 53, 52, -1, 221, 193, 10.0, 15, ABarappapaa, 7931, 0, 0, 0, , 0, 0, 0, 0, 0, 
53, 1, 54, 53, -1, 179, 206, 11.0, 17, ABarappappp, 6688, 0, 0, 0, , 0, 0, 0, 0, 0, 
54, 1, 55, 54, -1, 193, 205, 10.0, 15, ABarappappa, 6452, 0, 0, 0, , 0, 0, 0, 0, 0, 
55, 1, 56, 55, -1, 224, 172, 30.0, 17, ABarpapppa, 6335, 0, 0, 0, , 0, 0, 0, 0, 0, 
56, 1, 57, 56, -1, 224, 184, 34.0, 19, ABarpapppp, 6484, 0, 0, 0, , 0, 0, 0, 0, 0, 
57, 1, 58, 57, -1, 251, 172, 33.0, 15, ABarpappap, 5122, 0, 0, 0, , 0, 0, 0, 0, 0, 
58, 1, 59, 58, -1, 301, 186, 34.0, 17, ABarpapaaa, 5493, 0, 0, 0, , 0, 0, 0, 0, 0, 
59, 1, 60, 59, -1, 293, 193, 29.0, 11, ABarpapaapa, 3575, 0, 0, 0, , 0, 0, 0, 0, 0, 
60, 1, 61, 60, -1, 281, 195, 33.0, 15, ABarpapaapp, 4632, 0, 0, 0, , 0, 0, 0, 0, 0, 
61, 1, 62, 61, -1, 246, 213, 35.0, 17, ABarpapapp, 7080, 0, 0, 0, , 0, 0, 0, 0, 0, 
62, 1, 63, 62, -1, 285, 214, 35.0, 15, ABarpapapa, 5738, 0, 0, 0, , 0, 0, 0, 0, 0, 
63, 1, 64, 63, -1, 226, 263, 34.0, 17, ABarpaappp, 5810, 0, 0, 0, , 0, 0, 0, 0, 0, 
64, 1, 65, 64, -1, 264, 215, 35.0, 15, ABarpaapaa, 3761, 0, 0, 0, , 0, 0, 0, 0, 0, 
65, 1, 66, 65, -1, 254, 261, 34.0, 19, ABarpaapap, 4641, 0, 0, 0, , 0, 0, 0, 0, 0, 
66, 1, 67, 66, -1, 330, 208, 32.0, 17, ABarpaaaaa, 9369, 0, 0, 0, , 0, 0, 0, 0, 0, 
67, 1, 68, 67, -1, 311, 229, 35.0, 19, ABarpaaaap, 9382, 0, 0, 0, , 0, 0, 0, 0, 0, 
68, 1, 69, 68, -1, 281, 230, 35.0, 11, ABarpaaapp, 4540, 0, 0, 0, , 0, 0, 0, 0, 0, 
69, 1, 70, 69, -1, 306, 208, 35.0, 17, ABarpaaapa, 7087, 0, 0, 0, , 0, 0, 0, 0, 0, 
70, 1, 71, 70, -1, 245, 325, 33.0, 17, ABarppaaap, 7730, 0, 0, 0, , 0, 0, 0, 0, 0, 
71, 1, 72, 71, -1, 204, 331, 33.0, 15, ABarppaapp, 5842, 0, 0, 0, , 0, 0, 0, 0, 0, 
72, 1, 73, 72, -1, 141, 350, 31.0, 19, ABarppappa, 9446, 0, 0, 0, , 0, 0, 0, 0, 0, 
73, 1, 74, 73, -1, 113, 360, 22.0, 17, ABarppappp, 6989, 0, 0, 0, , 0, 0, 0, 0, 0, 
74, 1, 75, 74, -1, 196, 347, 31.0, 15, ABarppapap, 6467, 0, 0, 0, , 0, 0, 0, 0, 0, 
75, 1, 76, 75, -1, 223, 334, 33.0, 17, ABarppapaa, 11055, 0, 0, 0, , 0, 0, 0, 0, 0, 
76, 1, 77, 76, -1, 75, 253, 23.0, 15, ABarpppppp, 5771, 0, 0, 0, , 0, 0, 0, 0, 0, 
77, 1, 78, 77, -1, 103, 239, 30.0, 17, ABarpppppa, 5675, 0, 0, 0, , 0, 0, 0, 0, 0, 
78, 1, 79, 78, -1, 169, 195, 32.0, 15, ABarppppaa, 5845, 0, 0, 0, , 0, 0, 0, 0, 0, 
79, 1, 80, 79, -1, 142, 213, 33.0, 15, ABarppppap, 4431, 0, 0, 0, , 0, 0, 0, 0, 0, 
80, 1, 81, 80, -1, 192, 188, 33.0, 17, ABarpppaap, 5352, 0, 0, 0, , 0, 0, 0, 0, 0, 
81, 1, 82, 81, -1, 221, 209, 34.0, 13, ABarpppaaa, 3589, 0, 0, 0, , 0, 0, 0, 0, 0, 
82, 1, 83, 82, -1, 325, 189, 25.0, 13, ABalappppaa, 2259, 0, 0, 0, , 0, 0, 0, 0, 0, 
83, 1, 84, 83, -1, 309, 183, 27.0, 13, ABalappppap, 5813, 0, 0, 0, , 0, 0, 0, 0, 0, 
84, 1, 85, 84, -1, 281, 178, 31.0, 11, ABalapppppp, 2236, 0, 0, 0, , 0, 0, 0, 0, 0, 
85, 1, 86, 85, -1, 333, 202, 23.0, 11, ABalapppaaa, 1702, 0, 0, 0, , 0, 0, 0, 0, 0, 
86, 1, 87, 86, -1, 322, 197, 28.0, 13, ABalapppaap, 2876, 0, 0, 0, , 0, 0, 0, 0, 0, 
87, 1, 88, 87, -1, 318, 196, 30.0, 11, ABalapppapa, 1746, 0, 0, 0, , 0, 0, 0, 0, 0, 
88, 1, 89, 88, -1, 308, 184, 25.0, 17, ABalappapa, 7321, 0, 0, 0, , 0, 0, 0, 0, 0, 
89, 1, 90, 89, -1, 339, 205, 28.0, 13, ABalappaaa, 3596, 0, 0, 0, , 0, 0, 0, 0, 0, 
90, 1, 91, 90, -1, 322, 172, 23.0, 13, ABalappappa, 3141, 0, 0, 0, , 0, 0, 0, 0, 0, 
91, 1, 92, 91, -1, 308, 163, 25.0, 11, ABalappappp, 2160, 0, 0, 0, , 0, 0, 0, 0, 0, 
92, 1, 93, 92, -1, 317, 264, 34.0, 11, ABalapapppp, 852, 0, 0, 0, , 0, 0, 0, 0, 0, 
93, 1, 94, 93, -1, 329, 261, 32.0, 11, ABalapapppa, 2679, 0, 0, 0, , 0, 0, 0, 0, 0, 
94, 1, 95, 94, -1, 340, 232, 25.0, 13, ABalapappaa, 2688, 0, 0, 0, , 0, 0, 0, 0, 0, 
95, 1, 96, 95, -1, 330, 251, 28.0, 13, ABalapappap, 3657, 0, 0, 0, , 0, 0, 0, 0, 0, 
96, 1, 97, 96, -1, 325, 227, 32.0, 15, ABalapapaa, 5727, 0, 0, 0, , 0, 0, 0, 0, 0, 
97, 1, 98, 97, -1, 319, 244, 32.0, 11, ABalapapapp, 2772, 0, 0, 0, , 0, 0, 0, 0, 0, 
98, 1, 99, 98, -1, 335, 248, 25.0, 15, ABalapaaaa, 7914, 0, 0, 0, , 0, 0, 0, 0, 0, 
99, 1, 100, 99, -1, 353, 245, 25.0, 13, ABalapaaapa, 4117, 0, 0, 0, , 0, 0, 0, 0, 0, 
100, 1, 101, 100, -1, 348, 260, 29.0, 13, ABalapaaapp, 3174, 0, 0, 0, , 0, 0, 0, 0, 0, 
101, 1, 102, 101, -1, 342, 249, 21.0, 25, ABalapaappa, 5026, 0, 0, 0, , 0, 0, 0, 0, 0, 
102, 1, 103, 102, -1, 328, 265, 19.0, 15, ABalapaapa, 6512, 0, 0, 0, , 0, 0, 0, 0, 0, 
103, 1, 104, 103, -1, 336, 265, 23.0, 15, ABalapaappp, 3886, 0, 0, 0, , 0, 0, 0, 0, 0, 
104, 1, 105, 104, -1, 311, 188, 15.0, 15, ABalaapaaa, 7052, 0, 0, 0, , 0, 0, 0, 0, 0, 
105, 1, 106, 105, -1, 244, 178, 11.0, 15, ABalaapapa, 8923, 0, 0, 0, , 0, 0, 0, 0, 0, 
106, 1, 107, 106, -1, 297, 192, 13.0, 11, ABalaapaap, 1724, 0, 0, 0, , 0, 0, 0, 0, 0, 
107, 1, 108, 107, -1, 297, 174, 14.0, 15, ABalaappapa, 4227, 0, 0, 0, , 0, 0, 0, 0, 0, 
108, 1, 109, 108, -1, 279, 171, 13.0, 15, ABalaappaa, 9359, 0, 0, 0, , 0, 0, 0, 0, 0, 
109, 1, 110, 109, -1, 303, 173, 22.0, 17, ABalaappppp, 3876, 0, 0, 0, , 0, 0, 0, 0, 0, 
110, 1, 111, 110, -1, 309, 182, 20.0, 19, ABalaappppa, 5316, 0, 0, 0, , 0, 0, 0, 0, 0, 
111, 1, 112, 111, -1, 289, 174, 21.0, 11, ABalaapppaa, 3015, 0, 0, 0, , 0, 0, 0, 0, 0, 
112, 1, 113, 112, -1, 295, 188, 17.0, 13, ABalaapppap, 3541, 0, 0, 0, , 0, 0, 0, 0, 0, 
113, 1, 114, 113, -1, 340, 252, 13.0, 15, ABalaaaalp, 6922, 0, 0, 0, , 0, 0, 0, 0, 0, 
114, 1, 115, 114, -1, 334, 206, 19.0, 13, ABalaaaarrp, 3646, 0, 0, 0, , 0, 0, 0, 0, 0, 
115, 1, 116, 115, -1, 325, 190, 16.0, 15, ABalaaaarra, 4387, 0, 0, 0, , 0, 0, 0, 0, 0, 
116, 1, 117, 116, 117, 340, 223, 18.0, 15, ABalaaaarl, 7097, 0, 0, 0, , 0, 0, 0, 0, 0, 
117, 1, 118, 118, -1, 334, 189, 21.0, 17, ABalaaappl, 6833, 0, 0, 0, , 0, 0, 0, 0, 0, 
118, 1, 119, 119, -1, 320, 184, 18.0, 17, ABalaaapprr, 3963, 0, 0, 0, , 0, 0, 0, 0, 0, 
119, 1, 120, 120, -1, 303, 172, 17.0, 15, ABalaaapprl, 4594, 0, 0, 0, , 0, 0, 0, 0, 0, 
120, 1, 556, 121, -1, 343, 214, 26.0, 15, ABalappaap, 2635, 0, 0, 0, , 0, 0, 0, 0, 0, 
121, 1, 122, 122, -1, 156, 323, 10.0, 13, ABplppppapa, 4389, 0, 0, 0, , 0, 0, 0, 0, 0, 
122, 1, 123, 123, -1, 143, 309, 10.0, 13, ABplppppapp, 3794, 0, 0, 0, , 0, 0, 0, 0, 0, 
123, 1, 124, 124, -1, 172, 300, 10.0, 13, ABplppppaaa, 5154, 0, 0, 0, , 0, 0, 0, 0, 0, 
124, 1, 125, 125, -1, 159, 303, 11.0, 13, ABplppppaap, 4052, 0, 0, 0, , 0, 0, 0, 0, 0, 
125, 1, 126, 126, -1, 90, 325, 12.0, 13, ABplppppppp, 3993, 0, 0, 0, , 0, 0, 0, 0, 0, 
126, 1, 127, 127, -1, 97, 313, 10.0, 13, ABplppppppa, 3397, 0, 0, 0, , 0, 0, 0, 0, 0, 
127, 1, 128, 128, -1, 136, 313, 14.0, 15, ABplpppppap, 4825, 0, 0, 0, , 0, 0, 0, 0, 0, 
128, 1, 129, 129, -1, 154, 308, 15.0, 15, ABplpppppaa, 4482, 0, 0, 0, , 0, 0, 0, 0, 0, 
129, 1, 130, 130, -1, 115, 310, 12.0, 11, ABplpppapp, 3986, 0, 0, 0, , 0, 0, 0, 0, 0, 
130, 1, 131, 131, -1, 133, 320, 9.0, 15, ABplpppapaa, 4205, 0, 0, 0, , 0, 0, 0, 0, 0, 
131, 1, 132, 132, -1, 132, 336, 10.0, 13, ABplpppaapp, 4463, 0, 0, 0, , 0, 0, 0, 0, 0, 
132, 1, 133, 133, -1, 147, 336, 11.0, 13, ABplpppaapa, 6359, 0, 0, 0, , 0, 0, 0, 0, 0, 
133, 1, 134, 134, -1, 179, 320, 10.0, 15, ABplpppaaaa, 5838, 0, 0, 0, , 0, 0, 0, 0, 0, 
134, 1, 135, 135, -1, 166, 338, 12.0, 13, ABplpppaaap, 5240, 0, 0, 0, , 0, 0, 0, 0, 0, 
135, 1, 136, 136, -1, 183, 334, 13.0, 15, ABplppappp, 7909, 0, 0, 0, , 0, 0, 0, 0, 0, 
136, 1, 137, 137, -1, 199, 324, 11.0, 13, ABplppappap, 4092, 0, 0, 0, , 0, 0, 0, 0, 0, 
137, 1, 138, 138, -1, 213, 321, 13.0, 13, ABplppappaa, 3891, 0, 0, 0, , 0, 0, 0, 0, 0, 
138, 1, 139, 139, -1, 206, 335, 14.0, 15, ABplppapaap, 4222, 0, 0, 0, , 0, 0, 0, 0, 0, 
139, 1, 140, 140, -1, 199, 338, 17.0, 15, ABplppapapa, 4806, 0, 0, 0, , 0, 0, 0, 0, 0, 
140, 1, 141, 141, -1, 179, 336, 17.0, 15, ABplppapapp, 6292, 0, 0, 0, , 0, 0, 0, 0, 0, 
141, 1, 142, 142, -1, 207, 310, 10.0, 15, ABplppaappa, 4704, 0, 0, 0, , 0, 0, 0, 0, 0, 
142, 1, 143, 143, -1, 191, 310, 10.0, 13, ABplppaappp, 4104, 0, 0, 0, , 0, 0, 0, 0, 0, 
143, 1, 144, 144, -1, 267, 305, 18.0, 11, ABplppaaaaa, 3750, 0, 0, 0, , 0, 0, 0, 0, 0, 
144, 1, 145, 145, -1, 254, 311, 18.0, 11, ABplppaaap, 7540, 0, 0, 0, , 0, 0, 0, 0, 0, 
145, 1, 146, 146, -1, 245, 273, 9.0, 15, ABplpappaaa, 5892, 0, 0, 0, , 0, 0, 0, 0, 0, 
146, 1, 147, 147, -1, 235, 287, 11.0, 15, ABplpappaap, 2055, 0, 0, 0, , 0, 0, 0, 0, 0, 
147, 1, 148, 148, -1, 219, 278, 11.0, 13, ABplpappap, 6323, 0, 0, 0, , 0, 0, 0, 0, 0, 
148, 1, 149, 149, -1, 141, 294, 10.0, 13, ABplpappppp, 4471, 0, 0, 0, , 0, 0, 0, 0, 0, 
149, 1, 150, 150, -1, 159, 282, 10.0, 13, ABplpappppa, 4559, 0, 0, 0, , 0, 0, 0, 0, 0, 
150, 1, 151, 151, -1, 180, 282, 10.0, 13, ABplpapppaa, 4504, 0, 0, 0, , 0, 0, 0, 0, 0, 
151, 1, 152, 152, -1, 163, 264, 10.0, 15, ABplpapppap, 5044, 0, 0, 0, , 0, 0, 0, 0, 0, 
152, 1, 153, 153, -1, 213, 297, 10.0, 13, ABplpapappa, 4246, 0, 0, 0, , 0, 0, 0, 0, 0, 
153, 1, 154, 154, -1, 192, 293, 10.0, 13, ABplpapappp, 3654, 0, 0, 0, , 0, 0, 0, 0, 0, 
154, 1, 155, 155, -1, 224, 305, 12.0, 13, ABplpapapap, 4003, 0, 0, 0, , 0, 0, 0, 0, 0, 
155, 1, 156, 156, -1, 242, 302, 13.0, 13, ABplpapapaa, 2576, 0, 0, 0, , 0, 0, 0, 0, 0, 
156, 1, 157, 157, -1, 273, 301, 13.0, 13, ABplpapaapa, 3179, 0, 0, 0, , 0, 0, 0, 0, 0, 
157, 1, 158, 158, -1, 258, 307, 13.0, 13, ABplpapaapp, 3482, 0, 0, 0, , 0, 0, 0, 0, 0, 
158, 1, 159, 159, -1, 257, 295, 13.0, 13, ABplpapaaap, 3329, 0, 0, 0, , 0, 0, 0, 0, 0, 
159, 1, 160, 160, -1, 271, 284, 12.0, 15, ABplpapaaaa, 2787, 0, 0, 0, , 0, 0, 0, 0, 0, 
160, 1, 161, 161, -1, 243, 331, 16.0, 13, ABplpaaaapp, 6524, 0, 0, 0, , 0, 0, 0, 0, 0, 
161, 1, 162, 162, -1, 253, 323, 13.0, 15, ABplpaaaapa, 5604, 0, 0, 0, , 0, 0, 0, 0, 0, 
162, 1, 163, 163, -1, 297, 282, 16.0, 13, ABplpaaaaap, 5585, 0, 0, 0, , 0, 0, 0, 0, 0, 
163, 1, 164, 164, -1, 312, 272, 16.0, 15, ABplpaaaaaa, 7178, 0, 0, 0, , 0, 0, 0, 0, 0, 
164, 1, 165, 165, -1, 303, 306, 17.0, 13, ABplpaaapap, 5413, 0, 0, 0, , 0, 0, 0, 0, 0, 
165, 1, 165, 166, -1, 314, 294, 15.0, 13, ABplpaaapaa, 5656, 0, 0, 0, , 0, 0, 0, 0, 0, 
166, 1, 166, 167, -1, 290, 301, 15.0, 17, ABplpaaappa, 3957, 0, 0, 0, , 0, 0, 0, 0, 0, 
167, 1, 167, 168, -1, 279, 311, 15.0, 15, ABplpaaappp, 5921, 0, 0, 0, , 0, 0, 0, 0, 0, 
168, 1, 168, 169, -1, 266, 309, 26.0, 13, ABplpaappap, 4837, 0, 0, 0, , 0, 0, 0, 0, 0, 
169, 1, 169, 170, -1, 284, 299, 23.0, 15, ABplpaappaa, 5071, 0, 0, 0, , 0, 0, 0, 0, 0, 
170, 1, 170, 171, -1, 294, 310, 19.0, 13, ABplpaapppa, 4397, 0, 0, 0, , 0, 0, 0, 0, 0, 
171, 1, 171, 172, -1, 307, 310, 20.0, 13, ABplpaapapp, 4975, 0, 0, 0, , 0, 0, 0, 0, 0, 
172, 1, 172, 173, -1, 281, 317, 18.0, 13, ABplpaapppp, 3900, 0, 0, 0, , 0, 0, 0, 0, 0, 
173, 1, 173, 174, -1, 305, 289, 19.0, 15, ABplpaapaap, 5359, 0, 0, 0, , 0, 0, 0, 0, 0, 
174, 1, 174, 175, -1, 303, 270, 18.0, 13, ABplpaapaaa, 5824, 0, 0, 0, , 0, 0, 0, 0, 0, 
175, 1, 175, 176, -1, 317, 308, 23.0, 17, ABplpaapapa, 6441, 0, 0, 0, , 0, 0, 0, 0, 0, 
176, 1, 176, 177, -1, 274, 325, 22.0, 15, ABplaappap, 5143, 0, 0, 0, , 0, 0, 0, 0, 0, 
177, 1, 177, 178, -1, 293, 318, 22.0, 13, ABplaappaa, 6104, 0, 0, 0, , 0, 0, 0, 0, 0, 
178, 1, 178, 179, -1, 262, 330, 23.0, 17, ABplaapppa, 9887, 0, 0, 0, , 0, 0, 0, 0, 0, 
179, 1, 179, 180, -1, 233, 346, 23.0, 15, ABplaapppp, 5794, 0, 0, 0, , 0, 0, 0, 0, 0, 
180, 1, 180, 181, -1, 343, 230, 29.0, 15, ABplaapaaaa, 6388, 0, 0, 0, , 0, 0, 0, 0, 0, 
181, 1, 181, 182, -1, 341, 247, 31.0, 13, ABplaapaaap, 5520, 0, 0, 0, , 0, 0, 0, 0, 0, 
182, 1, 182, 183, -1, 344, 266, 31.0, 13, ABplaapaapa, 5003, 0, 0, 0, , 0, 0, 0, 0, 0, 
183, 1, 183, 184, -1, 330, 281, 30.0, 17, ABplaapaapp, 4899, 0, 0, 0, , 0, 0, 0, 0, 0, 
184, 1, 184, 185, -1, 293, 296, 30.0, 15, ABplaapappp, 5499, 0, 0, 0, , 0, 0, 0, 0, 0, 
185, 1, 185, 186, -1, 311, 277, 29.0, 13, ABplaapappa, 4540, 0, 0, 0, , 0, 0, 0, 0, 0, 
186, 1, 186, 187, -1, 302, 289, 26.0, 13, ABplaapapap, 5265, 0, 0, 0, , 0, 0, 0, 0, 0, 
187, 1, 187, 188, -1, 306, 272, 25.0, 13, ABplaapapaa, 4228, 0, 0, 0, , 0, 0, 0, 0, 0, 
188, 1, 188, 189, -1, 306, 255, 34.0, 15, ABplaaaaapp, 3950, 0, 0, 0, , 0, 0, 0, 0, 0, 
189, 1, 189, 190, -1, 314, 259, 30.0, 13, ABplaaaaapa, 3431, 0, 0, 0, , 0, 0, 0, 0, 0, 
190, 1, 190, 191, -1, 328, 246, 35.0, 17, ABplaaaaaa, 7101, 0, 0, 0, , 0, 0, 0, 0, 0, 
191, 1, 191, 192, -1, 273, 258, 34.0, 17, ABplaaaapp, 8651, 0, 0, 0, , 0, 0, 0, 0, 0, 
192, 1, 192, 193, -1, 289, 250, 34.0, 17, ABplaaaapa, 7340, 0, 0, 0, , 0, 0, 0, 0, 0, 
193, 0, 193, -1, -1, 273, 301, 35.0, 13, , 2711, 0, 0, 0, , 0, 0, 0, 0, 0, 
194, 1, 194, 194, -1, 288, 300, 33.0, 17, ABplaaappa, 5226, 0, 0, 0, , 0, 0, 0, 0, 0, 
195, 1, 195, 195, -1, 272, 300, 33.0, 13, ABplaaappp, 3945, 0, 0, 0, , 0, 0, 0, 0, 0, 
196, 1, 196, 196, -1, 306, 296, 33.0, 17, ABplaaapap, 11728, 0, 0, 0, , 0, 0, 0, 0, 0, 
197, 1, 197, 197, -1, 318, 280, 33.0, 13, ABplaaapaa, 5768, 0, 0, 0, , 0, 0, 0, 0, 0, 
198, 1, 198, 198, -1, 137, 350, 14.0, 15, ABplappppa, 5657, 0, 0, 0, , 0, 0, 0, 0, 0, 
199, 1, 199, 199, -1, 105, 339, 13.0, 15, ABplappppp, 6975, 0, 0, 0, , 0, 0, 0, 0, 0, 
200, 1, 200, 200, -1, 119, 344, 16.0, 17, ABplapppaa, 6678, 0, 0, 0, , 0, 0, 0, 0, 0, 
201, 1, 201, 201, -1, 110, 326, 11.0, 11, ABplapppapp, 3951, 0, 0, 0, , 0, 0, 0, 0, 0, 
202, 1, 202, 202, -1, 128, 334, 13.0, 13, ABplapppapa, 3638, 0, 0, 0, , 0, 0, 0, 0, 0, 
203, 1, 203, 203, -1, 195, 353, 24.0, 15, ABplappaaa, 7149, 0, 0, 0, , 0, 0, 0, 0, 0, 
204, 1, 204, 204, -1, 177, 359, 25.0, 15, ABplappaap, 6907, 0, 0, 0, , 0, 0, 0, 0, 0, 
205, 1, 205, 205, -1, 161, 360, 21.0, 17, ABplappapp, 8418, 0, 0, 0, , 0, 0, 0, 0, 0, 
206, 1, 206, 206, -1, 166, 346, 32.0, 17, ABplappapa, 7894, 0, 0, 0, , 0, 0, 0, 0, 0, 
207, 1, 207, 207, -1, 212, 351, 25.0, 15, ABplapaapp, 7551, 0, 0, 0, , 0, 0, 0, 0, 0, 
208, 1, 208, 208, -1, 251, 340, 25.0, 13, ABplapaapa, 7077, 0, 0, 0, , 0, 0, 0, 0, 0, 
209, 1, 209, 209, -1, 252, 295, 34.0, 15, ABarppaaaa, 6236, 0, 0, 0, , 0, 0, 0, 0, 0, 
210, 1, 210, 210, -1, 242, 330, 28.0, 17, ABplapaaapp, 6013, 0, 0, 0, , 0, 0, 0, 0, 0, 
211, 1, 211, 211, -1, 247, 315, 28.0, 17, ABplapaaapa, 6147, 0, 0, 0, , 0, 0, 0, 0, 0, 
212, 1, 212, 212, 213, 103, 347, 19.0, 17, ABplapappp, 7188, 0, 0, 0, , 0, 0, 0, 0, 0, 
213, 1, 213, 214, -1, 141, 369, 22.0, 15, ABplapapap, 6732, 0, 0, 0, , 0, 0, 0, 0, 0, 
214, 1, 214, 215, -1, 132, 361, 18.0, 17, ABplapappa, 6688, 0, 0, 0, , 0, 0, 0, 0, 0, 
215, 1, 215, 216, -1, 126, 358, 28.0, 19, ABplapapaa, 42250, 0, 0, 0, , 0, 0, 0, 0, 0, 
216, 1, 216, 217, -1, 232, 212, 12.0, 13, ABprpapaaaa, 4281, 0, 0, 0, , 0, 0, 0, 0, 0, 
217, 1, 217, 218, -1, 205, 199, 13.0, 13, ABprpapaapp, 3673, 0, 0, 0, , 0, 0, 0, 0, 0, 
218, 1, 218, 219, -1, 183, 234, 10.0, 15, ABprpapappa, 4087, 0, 0, 0, , 0, 0, 0, 0, 0, 
219, 1, 219, 220, -1, 172, 255, 10.0, 13, ABprpapappp, 3702, 0, 0, 0, , 0, 0, 0, 0, 0, 
220, 1, 220, 221, -1, 188, 225, 12.0, 11, ABprpapapap, 4390, 0, 0, 0, , 0, 0, 0, 0, 0, 
221, 1, 221, 222, -1, 204, 221, 12.0, 11, ABprpapapaa, 3492, 0, 0, 0, , 0, 0, 0, 0, 0, 
222, 1, 222, 223, -1, 126, 291, 13.0, 13, ABprpappppp, 6551, 0, 0, 0, , 0, 0, 0, 0, 0, 
223, 1, 223, 224, -1, 147, 286, 13.0, 15, ABprpappppa, 4053, 0, 0, 0, , 0, 0, 0, 0, 0, 
224, 1, 224, 225, -1, 204, 241, 11.0, 13, ABprpapppaa, 4790, 0, 0, 0, , 0, 0, 0, 0, 0, 
225, 1, 225, 226, -1, 190, 257, 11.0, 15, ABprpapppap, 5420, 0, 0, 0, , 0, 0, 0, 0, 0, 
226, 1, 226, 227, -1, 199, 278, 9.0, 15, ABprpappapp, 3411, 0, 0, 0, , 0, 0, 0, 0, 0, 
227, 1, 227, 228, -1, 216, 231, 10.0, 15, ABprpappaap, 4072, 0, 0, 0, , 0, 0, 0, 0, 0, 
228, 1, 228, 229, -1, 229, 238, 9.0, 13, ABprpappaaa, 3782, 0, 0, 0, , 0, 0, 0, 0, 0, 
229, 1, 229, 230, -1, 246, 189, 16.0, 15, ABprpaaaaap, 5511, 0, 0, 0, , 0, 0, 0, 0, 0, 
230, 1, 230, 231, -1, 261, 194, 18.0, 13, ABprpaapaaa, 6283, 0, 0, 0, , 0, 0, 0, 0, 0, 
231, 1, 231, 232, -1, 182, 189, 14.0, 13, ABprpaaaapp, 5840, 0, 0, 0, , 0, 0, 0, 0, 0, 
232, 1, 232, 233, -1, 203, 189, 11.0, 17, ABprpaaaapa, 5619, 0, 0, 0, , 0, 0, 0, 0, 0, 
233, 1, 233, 234, -1, 233, 182, 15.0, 13, ABprpaaappa, 4355, 0, 0, 0, , 0, 0, 0, 0, 0, 
234, 1, 234, 235, -1, 223, 200, 14.0, 15, ABprpapaapa, 1412, 0, 0, 0, , 0, 0, 0, 0, 0, 
235, 1, 235, 236, -1, 222, 185, 15.0, 15, ABprpaaappp, 4094, 0, 0, 0, , 0, 0, 0, 0, 0, 
236, 1, 236, 237, -1, 247, 168, 15.0, 17, ABprpaaapa, 8126, 0, 0, 0, , 0, 0, 0, 0, 0, 
237, 1, 237, 238, -1, 246, 178, 20.0, 13, ABprpaapaap, 6296, 0, 0, 0, , 0, 0, 0, 0, 0, 
238, 1, 238, 239, -1, 250, 157, 21.0, 13, ABprpaapapa, 5884, 0, 0, 0, , 0, 0, 0, 0, 0, 
239, 1, 239, 240, -1, 238, 162, 18.0, 15, ABprpaapapp, 6492, 0, 0, 0, , 0, 0, 0, 0, 0, 
240, 1, 240, 241, -1, 230, 169, 17.0, 15, ABprpaapppa, 4933, 0, 0, 0, , 0, 0, 0, 0, 0, 
241, 1, 241, 242, -1, 219, 174, 18.0, 13, ABprpaapppp, 4835, 0, 0, 0, , 0, 0, 0, 0, 0, 
242, 1, 242, 243, -1, 219, 190, 27.0, 13, ABprpaappap, 4227, 0, 0, 0, , 0, 0, 0, 0, 0, 
243, 1, 243, 244, -1, 231, 186, 23.0, 17, ABprpaappaa, 12968, 0, 0, 0, , 0, 0, 0, 0, 0, 
244, 1, 244, 245, -1, 86, 258, 10.0, 15, ABprpppaapp, 5991, 0, 0, 0, , 0, 0, 0, 0, 0, 
245, 1, 245, 246, -1, 102, 254, 11.0, 15, ABprpppaapa, 5665, 0, 0, 0, , 0, 0, 0, 0, 0, 
246, 1, 246, 247, -1, 115, 241, 11.0, 13, ABprpppaaap, 4228, 0, 0, 0, , 0, 0, 0, 0, 0, 
247, 1, 247, 248, -1, 136, 243, 11.0, 13, ABprpppaaaa, 4425, 0, 0, 0, , 0, 0, 0, 0, 0, 
248, 1, 248, 249, -1, 108, 274, 10.0, 15, ABprpppapaa, 4234, 0, 0, 0, , 0, 0, 0, 0, 0, 
249, 1, 249, 250, -1, 105, 292, 11.0, 11, ABprpppapap, 3623, 0, 0, 0, , 0, 0, 0, 0, 0, 
250, 1, 250, 251, -1, 109, 305, 11.0, 13, ABprpppapp, 4806, 0, 0, 0, , 0, 0, 0, 0, 0, 
251, 1, 251, 252, -1, 128, 259, 10.0, 15, ABprppppapa, 4909, 0, 0, 0, , 0, 0, 0, 0, 0, 
252, 1, 252, 253, -1, 122, 281, 10.0, 13, ABprppppapp, 4241, 0, 0, 0, , 0, 0, 0, 0, 0, 
253, 1, 253, 254, -1, 148, 264, 10.0, 13, ABprppppaaa, 4232, 0, 0, 0, , 0, 0, 0, 0, 0, 
254, 1, 254, 255, -1, 138, 272, 11.0, 13, ABprppppaap, 4429, 0, 0, 0, , 0, 0, 0, 0, 0, 
255, 1, 255, 256, -1, 74, 296, 12.0, 13, ABprppppppp, 4082, 0, 0, 0, , 0, 0, 0, 0, 0, 
256, 1, 256, 257, -1, 90, 299, 10.0, 13, ABprppppppa, 3459, 0, 0, 0, , 0, 0, 0, 0, 0, 
257, 1, 257, 258, -1, 123, 261, 15.0, 13, ABprpppppaa, 5012, 0, 0, 0, , 0, 0, 0, 0, 0, 
258, 1, 258, 259, -1, 110, 275, 14.0, 13, ABprpppppap, 4443, 0, 0, 0, , 0, 0, 0, 0, 0, 
259, 1, 259, 260, -1, 189, 208, 14.0, 15, ABprppaapa, 8172, 0, 0, 0, , 0, 0, 0, 0, 0, 
260, 1, 260, 261, -1, 173, 236, 10.0, 13, ABprppaappa, 4609, 0, 0, 0, , 0, 0, 0, 0, 0, 
261, 1, 261, 262, -1, 152, 245, 10.0, 13, ABprppaappp, 5282, 0, 0, 0, , 0, 0, 0, 0, 0, 
262, 1, 262, 263, -1, 214, 193, 18.0, 13, ABprppaaaaa, 4628, 0, 0, 0, , 0, 0, 0, 0, 0, 
263, 1, 263, 264, -1, 201, 190, 16.0, 15, ABprppaaaap, 5625, 0, 0, 0, , 0, 0, 0, 0, 0, 
264, 1, 264, 265, -1, 195, 180, 19.0, 11, ABprppaaap, 5164, 0, 0, 0, , 0, 0, 0, 0, 0, 
265, 1, 265, 266, -1, 167, 202, 15.0, 15, ABprppapaaa, 5669, 0, 0, 0, , 0, 0, 0, 0, 0, 
266, 1, 266, 267, -1, 150, 209, 15.0, 13, ABprppapaap, 3947, 0, 0, 0, , 0, 0, 0, 0, 0, 
267, 1, 267, 268, -1, 132, 220, 15.0, 17, ABprppapap, 9412, 0, 0, 0, , 0, 0, 0, 0, 0, 
268, 1, 268, 269, -1, 134, 230, 11.0, 15, ABprppappp, 5531, 0, 0, 0, , 0, 0, 0, 0, 0, 
269, 1, 269, 270, -1, 167, 214, 12.0, 15, ABprppappaa, 4282, 0, 0, 0, , 0, 0, 0, 0, 0, 
270, 1, 270, 271, -1, 152, 225, 11.0, 13, ABprppappap, 4389, 0, 0, 0, , 0, 0, 0, 0, 0, 
271, 1, 271, 272, -1, 333, 182, 28.0, 13, ABpraapaaaa, 5146, 0, 0, 0, , 0, 0, 0, 0, 0, 
272, 1, 272, 273, -1, 316, 175, 32.0, 15, ABpraapaaap, 4743, 0, 0, 0, , 0, 0, 0, 0, 0, 
273, 1, 273, 274, -1, 297, 168, 28.0, 15, ABpraapaapa, 5220, 0, 0, 0, , 0, 0, 0, 0, 0, 
274, 1, 274, 275, -1, 251, 171, 26.0, 15, ABpraapapap, 3620, 0, 0, 0, , 0, 0, 0, 0, 0, 
275, 1, 275, 276, -1, 271, 180, 25.0, 13, ABpraapapaa, 4998, 0, 0, 0, , 0, 0, 0, 0, 0, 
276, 1, 276, 277, -1, 243, 170, 29.0, 15, ABpraapappp, 9411, 0, 0, 0, , 0, 0, 0, 0, 0, 
277, 1, 277, 278, -1, 262, 176, 28.0, 15, ABpraapappa, 5051, 0, 0, 0, , 0, 0, 0, 0, 0, 
278, 1, 278, 279, -1, 161, 191, 23.0, 17, ABpraapppp, 8419, 0, 0, 0, , 0, 0, 0, 0, 0, 
279, 1, 279, 280, -1, 193, 178, 21.0, 13, ABpraapppa, 4223, 0, 0, 0, , 0, 0, 0, 0, 0, 
280, 1, 280, 281, -1, 208, 169, 20.0, 17, ABpraappap, 5746, 0, 0, 0, , 0, 0, 0, 0, 0, 
281, 1, 281, 282, -1, 226, 163, 21.0, 13, ABpraappaa, 4944, 0, 0, 0, , 0, 0, 0, 0, 0, 
282, 1, 282, 283, -1, 293, 169, 25.0, 15, ABpraaapapa, 4951, 0, 0, 0, , 0, 0, 0, 0, 0, 
283, 1, 283, 284, -1, 275, 160, 25.0, 13, ABpraaapapp, 5326, 0, 0, 0, , 0, 0, 0, 0, 0, 
284, 1, 284, 285, -1, 278, 185, 20.0, 15, ABpraaapaa, 7499, 0, 0, 0, , 0, 0, 0, 0, 0, 
285, 1, 285, 286, -1, 262, 181, 21.0, 13, ABpraaappaa, 3737, 0, 0, 0, , 0, 0, 0, 0, 0, 
286, 1, 286, 287, -1, 250, 180, 23.0, 13, ABpraaappap, 4481, 0, 0, 0, , 0, 0, 0, 0, 0, 
287, 1, 287, 288, -1, 239, 187, 26.0, 15, ABpraaapppa, 5204, 0, 0, 0, , 0, 0, 0, 0, 0, 
288, 1, 288, 289, -1, 226, 173, 26.0, 15, ABpraaapppp, 5135, 0, 0, 0, , 0, 0, 0, 0, 0, 
289, 1, 289, 290, -1, 286, 160, 20.0, 17, ABpraaaaap, 7833, 0, 0, 0, , 0, 0, 0, 0, 0, 
290, 1, 290, 291, -1, 274, 169, 16.0, 15, ABpraaaaaa, 6934, 0, 0, 0, , 0, 0, 0, 0, 0, 
291, 1, 291, 292, -1, 265, 179, 18.0, 13, ABpraaaapav, 6318, 0, 0, 0, , 0, 0, 0, 0, 0, 
292, 1, 292, 293, -1, 268, 159, 20.0, 13, ABpraaaapad, 4120, 0, 0, 0, , 0, 0, 0, 0, 0, 
293, 1, 293, 294, -1, 276, 155, 22.0, 13, ABpraaaappa, 4107, 0, 0, 0, , 0, 0, 0, 0, 0, 
294, 1, 294, 295, -1, 263, 158, 24.0, 13, ABpraaaappp, 4795, 0, 0, 0, , 0, 0, 0, 0, 0, 
295, 1, 295, 296, -1, 111, 222, 20.0, 15, ABprappapp, 7297, 0, 0, 0, , 0, 0, 0, 0, 0, 
296, 1, 296, 297, -1, 119, 221, 30.0, 15, ABprappapa, 7274, 0, 0, 0, , 0, 0, 0, 0, 0, 
297, 1, 297, 298, -1, 118, 210, 23.0, 15, ABprappaap, 7927, 0, 0, 0, , 0, 0, 0, 0, 0, 
298, 1, 298, 299, -1, 138, 202, 20.0, 15, ABprappaaa, 8085, 0, 0, 0, , 0, 0, 0, 0, 0, 
299, 1, 299, 300, -1, 77, 262, 18.0, 17, ABprapppaa, 7262, 0, 0, 0, , 0, 0, 0, 0, 0, 
300, 1, 300, 301, -1, 89, 279, 12.0, 13, ABprapppapp, 4361, 0, 0, 0, , 0, 0, 0, 0, 0, 
301, 1, 301, 302, -1, 92, 259, 14.0, 13, ABprapppapa, 3739, 0, 0, 0, , 0, 0, 0, 0, 0, 
302, 1, 302, 303, -1, 74, 272, 14.0, 17, ABprappppp, 7786, 0, 0, 0, , 0, 0, 0, 0, 0, 
303, 1, 303, 304, -1, 82, 248, 15.0, 17, ABprappppa, 9520, 0, 0, 0, , 0, 0, 0, 0, 0, 
304, 1, 304, 305, -1, 203, 193, 27.0, 15, ABprapaaapa, 4461, 0, 0, 0, , 0, 0, 0, 0, 0, 
305, 1, 305, 306, -1, 186, 188, 27.0, 15, ABprapaaapp, 4436, 0, 0, 0, , 0, 0, 0, 0, 0, 
306, 1, 306, 307, -1, 211, 197, 33.0, 13, ABprapaaaap, 4964, 0, 0, 0, , 0, 0, 0, 0, 0, 
307, 1, 307, 308, -1, 221, 203, 30.0, 13, ABprapaaaaa, 3926, 0, 0, 0, , 0, 0, 0, 0, 0, 
308, 1, 308, 309, -1, 146, 195, 25.0, 13, ABprapaapp, 7632, 0, 0, 0, , 0, 0, 0, 0, 0, 
309, 1, 309, 310, -1, 175, 181, 22.0, 15, ABprapaapa, 6799, 0, 0, 0, , 0, 0, 0, 0, 0, 
310, 1, 310, 311, -1, 88, 240, 17.0, 17, ABprapappa, 6806, 0, 0, 0, , 0, 0, 0, 0, 0, 
311, 1, 311, 312, -1, 65, 287, 18.0, 15, ABprapapppp, 5346, 0, 0, 0, , 0, 0, 0, 0, 0, 
312, 1, 312, 313, -1, 72, 269, 22.0, 13, ABprapapppa, 3637, 0, 0, 0, , 0, 0, 0, 0, 0, 
313, 1, 313, 314, -1, 92, 232, 21.0, 15, ABprapapap, 7052, 0, 0, 0, , 0, 0, 0, 0, 0, 
314, 1, 314, 315, -1, 84, 254, 27.0, 17, ABprapapaa, 7480, 0, 0, 0, , 0, 0, 0, 0, 0, 
315, 1, 315, 316, -1, 233, 204, 27.0, 15, MSppppap, 3431, 0, 0, 0, , 0, 0, 0, 0, 0, 
316, 1, 316, 317, -1, 224, 206, 19.0, 11, MSppppaa, 2396, 0, 0, 0, , 0, 0, 0, 0, 0, 
317, 1, 317, 318, -1, 238, 220, 30.0, 15, MSpppppa, 2292, 0, 0, 0, , 0, 0, 0, 0, 0, 
318, 1, 318, 319, -1, 206, 223, 30.0, 15, MSpppppp, 4388, 0, 0, 0, , 0, 0, 0, 0, 0, 
319, 1, 319, 320, -1, 207, 220, 19.0, 15, MSpppaaa, 4044, 0, 0, 0, , 0, 0, 0, 0, 0, 
320, 1, 320, 321, -1, 148, 241, 19.0, 19, MSpppaap, 4170, 0, 0, 0, , 0, 0, 0, 0, 0, 
321, 1, 321, 322, -1, 196, 211, 18.0, 15, MSpppapp, 4080, 0, 0, 0, , 0, 0, 0, 0, 0, 
322, 1, 322, 323, -1, 212, 215, 17.0, 15, MSpppapa, 3609, 0, 0, 0, , 0, 0, 0, 0, 0, 
323, 1, 323, 324, -1, 214, 214, 13.0, 13, ABprpapaaap, 4318, 0, 0, 0, , 0, 0, 0, 0, 0, 
324, 1, 324, 325, -1, 187, 236, 14.0, 15, MSppaapp, 12335, 0, 0, 0, , 0, 0, 0, 0, 0, 
325, 1, 325, 326, -1, 239, 205, 16.0, 13, MSppaapa, 4188, 0, 0, 0, , 0, 0, 0, 0, 0, 
326, 1, 326, 327, -1, 284, 205, 14.0, 15, MSppaaaa, 7937, 0, 0, 0, , 0, 0, 0, 0, 0, 
327, 1, 327, 328, -1, 286, 189, 24.0, 15, MSppaaap, 5143, 0, 0, 0, , 0, 0, 0, 0, 0, 
328, 1, 328, 329, -1, 267, 189, 29.0, 15, MSppappa, 5557, 0, 0, 0, , 0, 0, 0, 0, 0, 
329, 1, 329, 330, -1, 249, 198, 23.0, 17, MSppapaa, 5162, 0, 0, 0, , 0, 0, 0, 0, 0, 
330, 1, 330, 331, -1, 236, 193, 19.0, 13, MSppapap, 4113, 0, 0, 0, , 0, 0, 0, 0, 0, 
331, 1, 331, 332, -1, 198, 262, 14.0, 13, MSpapappp, 3500, 0, 0, 0, , 0, 0, 0, 0, 0, 
332, 1, 332, 333, -1, 218, 257, 16.0, 13, MSpapappa, 4656, 0, 0, 0, , 0, 0, 0, 0, 0, 
333, 1, 333, 334, -1, 200, 248, 17.0, 15, MSpapapa, 5691, 0, 0, 0, , 0, 0, 0, 0, 0, 
334, 1, 334, 335, -1, 229, 235, 15.0, 13, MSpapaaaa, 2578, 0, 0, 0, , 0, 0, 0, 0, 0, 
335, 1, 335, 336, -1, 219, 237, 17.0, 13, MSpapaaap, 5257, 0, 0, 0, , 0, 0, 0, 0, 0, 
336, 1, 338, 337, -1, 205, 240, 21.0, 17, MSpapaapp, 3200, 0, 0, 0, , 0, 0, 0, 0, 0, 
337, 0, 337, -1, -1, 200, 243, 24.0, 11, , 3412, 0, 0, 0, , 0, 0, 0, 0, 0, 
338, 0, 338, -1, -1, 206, 236, 22.0, 11, , 1336, 0, 0, 0, , 0, 0, 0, 0, 0, 
339, 1, 339, 340, -1, 168, 314, 14.0, 15, MSpappaa, 3991, 0, 0, 0, , 0, 0, 0, 0, 0, 
340, 1, 340, 341, -1, 152, 231, 15.0, 15, MSpapppp, 5692, 0, 0, 0, , 0, 0, 0, 0, 0, 
341, 1, 341, 342, -1, 169, 221, 17.0, 19, MSpapppa, 8040, 0, 0, 0, , 0, 0, 0, 0, 0, 
342, 1, 342, 343, -1, 251, 235, 27.0, 15, MSpaaappa, 5917, 0, 0, 0, , 0, 0, 0, 0, 0, 
343, 1, 343, 344, -1, 231, 242, 27.0, 17, MSpaaappp, 5772, 0, 0, 0, , 0, 0, 0, 0, 0, 
344, 1, 344, 345, -1, 243, 251, 30.0, 17, MSpaaapa, 5437, 0, 0, 0, , 0, 0, 0, 0, 0, 
345, 1, 345, 346, -1, 277, 212, 27.0, 15, MSpaaaapa, 10032, 0, 0, 0, , 0, 0, 0, 0, 0, 
346, 1, 346, 347, -1, 260, 218, 28.0, 15, MSpaaaapp, 6911, 0, 0, 0, , 0, 0, 0, 0, 0, 
347, 1, 347, 348, -1, 272, 218, 31.0, 17, MSpaaaaa, 8675, 0, 0, 0, , 0, 0, 0, 0, 0, 
348, 1, 348, 349, -1, 229, 221, 19.0, 13, ABaraappppa, 5621, 0, 0, 0, , 0, 0, 0, 0, 0, 
349, 1, 349, 350, -1, 239, 221, 21.0, 13, ABaraapppap, 5848, 0, 0, 0, , 0, 0, 0, 0, 0, 
350, 1, 350, 351, -1, 237, 221, 27.0, 13, MSpaapaap, 4341, 0, 0, 0, , 0, 0, 0, 0, 0, 
351, 1, 351, 352, -1, 258, 216, 25.0, 11, MSpaapaaa, 3027, 0, 0, 0, , 0, 0, 0, 0, 0, 
352, 1, 352, 353, -1, 184, 256, 24.0, 25, Earap, 6412, 0, 0, 0, , 0, 0, 0, 0, 0, 
353, 1, 353, 354, -1, 263, 300, 22.0, 15, MSapppaa, 3552, 0, 0, 0, , 0, 0, 0, 0, 0, 
354, 1, 354, 355, -1, 255, 285, 27.0, 17, MSapppap, 3943, 0, 0, 0, , 0, 0, 0, 0, 0, 
355, 1, 355, 356, -1, 243, 283, 30.0, 17, MSappppa, 3788, 0, 0, 0, , 0, 0, 0, 0, 0, 
356, 1, 356, 357, -1, 211, 303, 30.0, 17, MSappppp, 3250, 0, 0, 0, , 0, 0, 0, 0, 0, 
357, 1, 357, 358, -1, 179, 317, 19.0, 15, MSappaap, 7830, 0, 0, 0, , 0, 0, 0, 0, 0, 
358, 1, 358, 359, -1, 231, 300, 21.0, 15, MSappaaa, 4714, 0, 0, 0, , 0, 0, 0, 0, 0, 
359, 1, 359, 360, -1, 240, 307, 20.0, 13, MSappapp, 2217, 0, 0, 0, , 0, 0, 0, 0, 0, 
360, 1, 360, 361, -1, 253, 296, 20.0, 11, MSappapa, 2966, 0, 0, 0, , 0, 0, 0, 0, 0, 
361, 1, 361, 362, -1, 294, 274, 31.0, 13, MSapappa, 5140, 0, 0, 0, , 0, 0, 0, 0, 0, 
362, 1, 362, 363, -1, 280, 266, 31.0, 15, MSapappp, 6734, 0, 0, 0, , 0, 0, 0, 0, 0, 
363, 1, 363, 364, -1, 271, 289, 18.0, 13, MSapapap, 4276, 0, 0, 0, , 0, 0, 0, 0, 0, 
364, 1, 364, 365, -1, 281, 278, 22.0, 15, MSapapaa, 5503, 0, 0, 0, , 0, 0, 0, 0, 0, 
365, 1, 365, 366, -1, 220, 299, 15.0, 15, MSapaapp, 5486, 0, 0, 0, , 0, 0, 0, 0, 0, 
366, 1, 366, 367, -1, 282, 284, 17.0, 11, MSapaapa, 4182, 0, 0, 0, , 0, 0, 0, 0, 0, 
367, 1, 367, 368, -1, 317, 248, 16.0, 17, MSapaaaa, 5535, 0, 0, 0, , 0, 0, 0, 0, 0, 
368, 1, 368, 369, -1, 315, 253, 24.0, 15, MSapaaap, 5839, 0, 0, 0, , 0, 0, 0, 0, 0, 
369, 1, 369, 370, -1, 304, 212, 29.0, 15, MSaaaaapa, 5035, 0, 0, 0, , 0, 0, 0, 0, 0, 
370, 1, 370, 371, -1, 303, 232, 32.0, 13, MSaaaaapp, 6032, 0, 0, 0, , 0, 0, 0, 0, 0, 
371, 1, 371, 372, -1, 324, 215, 25.0, 17, MSaaaaaa, 7897, 0, 0, 0, , 0, 0, 0, 0, 0, 
372, 1, 372, 373, -1, 284, 231, 31.0, 13, MSaaaapaa, 4333, 0, 0, 0, , 0, 0, 0, 0, 0, 
373, 1, 373, 374, -1, 266, 240, 30.0, 13, MSaaaapap, 4027, 0, 0, 0, , 0, 0, 0, 0, 0, 
374, 1, 374, 375, -1, 247, 265, 27.0, 13, MSaaaappp, 4028, 0, 0, 0, , 0, 0, 0, 0, 0, 
375, 1, 375, 376, -1, 267, 257, 29.0, 13, MSaaaappa, 5385, 0, 0, 0, , 0, 0, 0, 0, 0, 
376, 1, 376, 377, -1, 245, 264, 25.0, 13, MSaaapapp, 3479, 0, 0, 0, , 0, 0, 0, 0, 0, 
377, 1, 377, 378, -1, 282, 251, 28.0, 13, MSaaapaap, 2959, 0, 0, 0, , 0, 0, 0, 0, 0, 
378, 0, 378, -1, -1, 302, 247, 27.0, 13, , 2448, 0, 0, 0, , 0, 0, 0, 0, 0, 
379, 1, 379, 380, -1, 228, 273, 26.0, 11, MSaaappa, 3496, 0, 0, 0, , 0, 0, 0, 0, 0, 
380, 1, 380, 381, -1, 228, 261, 29.0, 15, MSaaappp, 4944, 0, 0, 0, , 0, 0, 0, 0, 0, 
381, 1, 381, 382, -1, 186, 314, 15.0, 15, MSaapppp, 4584, 0, 0, 0, , 0, 0, 0, 0, 0, 
382, 1, 382, 383, -1, 207, 317, 17.0, 19, MSaapppa, 15432, 0, 0, 0, , 0, 0, 0, 0, 0, 
383, 1, 383, 384, -1, 245, 280, 17.0, 13, MSaapaaap, 4234, 0, 0, 0, , 0, 0, 0, 0, 0, 
384, 1, 384, 385, -1, 256, 271, 16.0, 13, MSaapaaaa, 2715, 0, 0, 0, , 0, 0, 0, 0, 0, 
385, 1, 385, 386, -1, 211, 281, 17.0, 13, MSaapappp, 2923, 0, 0, 0, , 0, 0, 0, 0, 0, 
386, 1, 386, 387, -1, 231, 276, 17.0, 15, MSaapappa, 2583, 0, 0, 0, , 0, 0, 0, 0, 0, 
387, 1, 387, 388, -1, 224, 281, 20.0, 15, MSaapapa, 10220, 0, 0, 0, , 0, 0, 0, 0, 0, 
388, 1, 388, 389, -1, 201, 283, 21.0, 19, Ealpa, 16523, 0, 0, 0, , 0, 0, 0, 0, 0, 
389, 1, 389, 390, -1, 164, 296, 22.0, 19, Ealpp, 10532, 0, 0, 0, , 0, 0, 0, 0, 0, 
390, 1, 390, 391, -1, 133, 300, 20.0, 17, Eplpa, 10618, 0, 0, 0, , 0, 0, 0, 0, 0, 
391, 1, 391, 392, -1, 119, 334, 20.0, 15, Cappap, 5671, 0, 0, 0, , 0, 0, 0, 0, 0, 
392, 1, 392, 393, -1, 165, 338, 26.0, 15, Cappaaa, 4321, 0, 0, 0, , 0, 0, 0, 0, 0, 
393, 1, 393, 394, -1, 115, 336, 25.0, 19, Capppa, 6823, 0, 0, 0, , 0, 0, 0, 0, 0, 
394, 1, 394, 395, -1, 100, 324, 17.0, 15, Capppp, 4501, 0, 0, 0, , 0, 0, 0, 0, 0, 
395, 1, 395, 396, -1, 141, 343, 24.0, 19, Capapa, 9484, 0, 0, 0, , 0, 0, 0, 0, 0, 
396, 1, 396, 397, -1, 148, 331, 14.0, 15, Capapp, 7438, 0, 0, 0, , 0, 0, 0, 0, 0, 
397, 1, 397, 398, -1, 160, 339, 19.0, 19, Capaap, 7014, 0, 0, 0, , 0, 0, 0, 0, 0, 
398, 1, 398, 399, -1, 185, 334, 23.0, 17, Capaaa, 8586, 0, 0, 0, , 0, 0, 0, 0, 0, 
399, 1, 399, 400, -1, 90, 301, 28.0, 19, Caaapp, 6352, 0, 0, 0, , 0, 0, 0, 0, 0, 
400, 1, 400, 401, -1, 71, 313, 19.0, 15, Caappd, 1944, 0, 0, 0, , 0, 0, 0, 0, 0, 
401, 1, 401, 402, -1, 81, 331, 15.0, 15, Caappv, 4267, 0, 0, 0, , 0, 0, 0, 0, 0, 
402, 1, 402, 403, -1, 94, 304, 15.0, 15, Caapaa, 3940, 0, 0, 0, , 0, 0, 0, 0, 0, 
403, 1, 403, 404, -1, 83, 309, 12.0, 13, Caapap, 3004, 0, 0, 0, , 0, 0, 0, 0, 0, 
404, 1, 404, 405, -1, 69, 305, 22.0, 17, Cpappd, 8062, 0, 0, 0, , 0, 0, 0, 0, 0, 
405, 1, 405, 406, -1, 74, 312, 16.0, 17, Cpappv, 8977, 0, 0, 0, , 0, 0, 0, 0, 0, 
406, 1, 406, 407, -1, 78, 331, 23.0, 19, Cpapaa, 9498, 0, 0, 0, , 0, 0, 0, 0, 0, 
407, 1, 407, 408, -1, 95, 295, 31.0, 17, Cpaapp, 5167, 0, 0, 0, , 0, 0, 0, 0, 0, 
408, 1, 408, 409, -1, 126, 238, 19.0, 17, Cppaap, 19887, 0, 0, 0, , 0, 0, 0, 0, 0, 
409, 1, 409, 410, -1, 144, 219, 23.0, 13, Cppaaap, 3333, 0, 0, 0, , 0, 0, 0, 0, 0, 
410, 1, 409, 411, -1, 147, 221, 21.0, 15, Cppaaaa, 5405, 0, 0, 0, , 0, 0, 0, 0, 0, 
411, 1, 410, 412, -1, 120, 240, 26.0, 21, Cppapa, 24557, 0, 0, 0, , 0, 0, 0, 0, 0, 
412, 1, 411, 413, -1, 109, 251, 14.0, 17, Cppapp, 5116, 0, 0, 0, , 0, 0, 0, 0, 0, 
413, 1, 412, 414, -1, 122, 248, 30.0, 15, Cpppaap, 5388, 0, 0, 0, , 0, 0, 0, 0, 0, 
414, 1, 413, 415, -1, 140, 223, 27.0, 15, Cpppaaa, 5584, 0, 0, 0, , 0, 0, 0, 0, 0, 
415, 1, 414, 416, -1, 92, 267, 18.0, 13, Cpppapp, 4422, 0, 0, 0, , 0, 0, 0, 0, 0, 
416, 1, 415, 417, -1, 106, 250, 22.0, 17, Cpppapa, 10787, 0, 0, 0, , 0, 0, 0, 0, 0, 
417, 1, 416, 418, -1, 239, 317, 24.0, 15, Daapa, 5743, 0, 0, 0, , 0, 0, 0, 0, 0, 
418, 1, 417, 419, -1, 222, 329, 21.0, 15, Daapp, 5176, 0, 0, 0, , 0, 0, 0, 0, 0, 
419, 1, 418, 420, -1, 250, 296, 24.0, 17, Daaaa, 6094, 0, 0, 0, , 0, 0, 0, 0, 0, 
420, 1, 419, 421, -1, 232, 306, 28.0, 15, Daaap, 4551, 0, 0, 0, , 0, 0, 0, 0, 0, 
421, 1, 420, 422, -1, 192, 315, 30.0, 17, Dappa, 11753, 0, 0, 0, , 0, 0, 0, 0, 0, 
422, 1, 421, 423, -1, 162, 321, 30.0, 17, Dappp, 4844, 0, 0, 0, , 0, 0, 0, 0, 0, 
423, 1, 422, 424, -1, 173, 207, 20.0, 17, Dpapp, 5918, 0, 0, 0, , 0, 0, 0, 0, 0, 
424, 1, 423, 425, -1, 198, 204, 21.0, 15, Dpapa, 9677, 0, 0, 0, , 0, 0, 0, 0, 0, 
425, 1, 424, 426, -1, 206, 210, 29.0, 15, Dpaap, 4484, 0, 0, 0, , 0, 0, 0, 0, 0, 
426, 1, 425, 427, -1, 217, 205, 23.0, 13, Dpaaa, 5240, 0, 0, 0, , 0, 0, 0, 0, 0, 
427, 1, 426, 428, -1, 150, 232, 31.0, 19, Dpppp, 19333, 0, 0, 0, , 0, 0, 0, 0, 0, 
428, 1, 427, 429, -1, 175, 221, 29.0, 19, Dpppa, 7252, 0, 0, 0, , 0, 0, 0, 0, 0, 
429, 1, 428, 430, -1, 187, 207, 24.0, 21, Dppaa, 16993, 0, 0, 0, , 0, 0, 0, 0, 0, 
430, 1, 429, 431, -1, 160, 210, 26.0, 15, Dppap, 5454, 0, 0, 0, , 0, 0, 0, 0, 0, 
431, 1, 430, 432, -1, 157, 252, 14.0, 19, Z2, 9887, 0, 0, 0, , 0, 0, 0, 0, 0, 
432, 0, 431, -1, -1, 380, 243, 24.0, 15, , 7859, 0, 0, 0, , 0, 0, 0, 0, 0, 
433, 1, 432, 434, -1, 323, 292, 24.0, 11, ABalpppappa, 4226, 0, 0, 0, , 0, 0, 0, 0, 0, 
434, 1, 433, 435, -1, 321, 289, 26.0, 13, ABalpppappp, 3155, 0, 0, 0, , 0, 0, 0, 0, 0, 
435, 1, 434, 436, -1, 304, 274, 22.0, 13, ABalpppppaa, 4091, 0, 0, 0, , 0, 0, 0, 0, 0, 
436, 1, 435, 437, -1, 293, 287, 23.0, 15, ABalpppppap, 3856, 0, 0, 0, , 0, 0, 0, 0, 0, 
437, 1, 436, 438, -1, 276, 294, 27.0, 15, ABalppppppa, 4264, 0, 0, 0, , 0, 0, 0, 0, 0, 
438, 1, 437, 439, -1, 292, 311, 26.0, 19, ABalppppppp, 6653, 0, 0, 0, , 0, 0, 0, 0, 0, 
439, 1, 438, 440, -1, 337, 278, 27.0, 11, ABalppppapp, 4002, 0, 0, 0, , 0, 0, 0, 0, 0, 
440, 1, 439, 441, -1, 344, 265, 26.0, 15, ABalppppapa, 5208, 0, 0, 0, , 0, 0, 0, 0, 0, 
441, 1, 440, 442, -1, 315, 272, 20.0, 11, ABalppppaad, 4993, 0, 0, 0, , 0, 0, 0, 0, 0, 
442, 1, 441, 443, -1, 321, 276, 23.0, 13, ABalppppaav, 1672, 0, 0, 0, , 0, 0, 0, 0, 0, 
443, 1, 442, 444, -1, 346, 282, 18.0, 15, ABalpppaaaa, 5678, 0, 0, 0, , 0, 0, 0, 0, 0, 
444, 1, 443, 445, -1, 328, 287, 16.0, 11, ABalpppaaap, 4110, 0, 0, 0, , 0, 0, 0, 0, 0, 
445, 1, 444, 446, -1, 340, 279, 23.0, 15, ABalpppaap, 10088, 0, 0, 0, , 0, 0, 0, 0, 0, 
446, 1, 445, 447, -1, 325, 290, 18.0, 13, ABalpppapad, 4336, 0, 0, 0, , 0, 0, 0, 0, 0, 
447, 1, 446, 448, -1, 322, 301, 19.0, 13, ABalpppapav, 4268, 0, 0, 0, , 0, 0, 0, 0, 0, 
448, 1, 447, 449, -1, 350, 262, 19.0, 13, ABalaaapalr, 2858, 0, 0, 0, , 0, 0, 0, 0, 0, 
449, 1, 448, 450, -1, 347, 261, 16.0, 13, ABalppaaaa, 7488, 0, 0, 0, , 0, 0, 0, 0, 0, 
450, 1, 449, 451, -1, 336, 275, 14.0, 13, ABalppaaapp, 4893, 0, 0, 0, , 0, 0, 0, 0, 0, 
451, 1, 450, 452, -1, 298, 302, 13.0, 15, ABalppaappp, 4837, 0, 0, 0, , 0, 0, 0, 0, 0, 
452, 1, 452, 453, -1, 318, 279, 11.0, 13, ABalppaapa, 5924, 0, 0, 0, , 0, 0, 0, 0, 0, 
453, 1, 453, 454, -1, 293, 280, 13.0, 13, ABalppapppa, 5238, 0, 0, 0, , 0, 0, 0, 0, 0, 
454, 1, 454, 455, -1, 285, 293, 12.0, 13, ABalppapppp, 4439, 0, 0, 0, , 0, 0, 0, 0, 0, 
455, 1, 455, 456, -1, 310, 269, 14.0, 13, ABalppappap, 4707, 0, 0, 0, , 0, 0, 0, 0, 0, 
456, 1, 456, 457, -1, 326, 260, 15.0, 13, ABalppappaa, 5094, 0, 0, 0, , 0, 0, 0, 0, 0, 
457, 1, 457, 458, -1, 298, 271, 10.0, 13, ABalppapapa, 5369, 0, 0, 0, , 0, 0, 0, 0, 0, 
458, 1, 458, 459, -1, 282, 289, 9.0, 15, ABalppapapp, 6216, 0, 0, 0, , 0, 0, 0, 0, 0, 
459, 1, 459, 460, -1, 328, 262, 11.0, 13, ABalppapaaa, 5443, 0, 0, 0, , 0, 0, 0, 0, 0, 
460, 1, 460, 461, -1, 312, 267, 10.0, 11, ABalppapaap, 3712, 0, 0, 0, , 0, 0, 0, 0, 0, 
461, 1, 461, 462, -1, 258, 304, 10.0, 17, ABalpapapap, 9920, 0, 0, 0, , 0, 0, 0, 0, 0, 
462, 1, 462, 463, -1, 265, 280, 10.0, 15, ABalpapapaa, 6926, 0, 0, 0, , 0, 0, 0, 0, 0, 
463, 1, 463, 464, -1, 238, 321, 11.0, 15, ABalpapappa, 7601, 0, 0, 0, , 0, 0, 0, 0, 0, 
464, 1, 464, 465, -1, 231, 328, 14.0, 15, ABalpapappp, 7218, 0, 0, 0, , 0, 0, 0, 0, 0, 
465, 1, 465, 466, -1, 262, 243, 10.0, 17, ABalpapaapp, 6504, 0, 0, 0, , 0, 0, 0, 0, 0, 
466, 1, 466, 467, -1, 284, 240, 10.0, 13, ABalpapaapa, 6013, 0, 0, 0, , 0, 0, 0, 0, 0, 
467, 1, 467, 468, -1, 303, 253, 9.0, 13, ABalpapaaaa, 6398, 0, 0, 0, , 0, 0, 0, 0, 0, 
468, 1, 468, 469, -1, 284, 263, 10.0, 15, ABalpapaaap, 7239, 0, 0, 0, , 0, 0, 0, 0, 0, 
469, 1, 469, 470, -1, 269, 257, 11.0, 17, ABalpappapa, 8463, 0, 0, 0, , 0, 0, 0, 0, 0, 
470, 1, 470, 471, -1, 283, 256, 15.0, 15, ABalpappaap, 6458, 0, 0, 0, , 0, 0, 0, 0, 0, 
471, 1, 471, 472, -1, 281, 237, 16.0, 11, ABalpappaaa, 5065, 0, 0, 0, , 0, 0, 0, 0, 0, 
472, 1, 472, 473, -1, 232, 267, 12.0, 15, ABalpappapp, 5438, 0, 0, 0, , 0, 0, 0, 0, 0, 
473, 1, 473, 474, -1, 274, 266, 16.0, 15, ABalpapppa, 9982, 0, 0, 0, , 0, 0, 0, 0, 0, 
474, 1, 474, 475, -1, 302, 250, 17.0, 13, ABalpaaapaa, 4804, 0, 0, 0, , 0, 0, 0, 0, 0, 
475, 1, 475, 476, -1, 287, 257, 19.0, 11, ABalpaaapap, 4210, 0, 0, 0, , 0, 0, 0, 0, 0, 
476, 1, 476, 477, -1, 297, 248, 11.0, 19, ABalpaaaap, 7983, 0, 0, 0, , 0, 0, 0, 0, 0, 
477, 1, 477, 478, -1, 290, 246, 14.0, 13, ABalpaaaaap, 5878, 0, 0, 0, , 0, 0, 0, 0, 0, 
478, 1, 478, 479, -1, 308, 232, 13.0, 13, ABalpaaaaaa, 4582, 0, 0, 0, , 0, 0, 0, 0, 0, 
479, 1, 479, 480, -1, 335, 228, 12.0, 15, ABalpaapppa, 6811, 0, 0, 0, , 0, 0, 0, 0, 0, 
480, 1, 480, 481, -1, 321, 251, 11.0, 13, ABalpaapppp, 4938, 0, 0, 0, , 0, 0, 0, 0, 0, 
481, 1, 481, 482, -1, 324, 228, 14.0, 13, ABalpaappaa, 4027, 0, 0, 0, , 0, 0, 0, 0, 0, 
482, 1, 482, 483, -1, 317, 238, 10.0, 13, ABalpaappap, 4699, 0, 0, 0, , 0, 0, 0, 0, 0, 
483, 1, 483, 484, -1, 288, 256, 23.0, 11, ABalpaapapp, 1071, 0, 0, 0, , 0, 0, 0, 0, 0, 
484, 1, 484, 485, -1, 298, 243, 21.0, 17, ABalpaapapa, 5256, 0, 0, 0, , 0, 0, 0, 0, 0, 
485, 1, 485, 486, -1, 314, 239, 21.0, 15, ABalpaapaap, 4501, 0, 0, 0, , 0, 0, 0, 0, 0, 
486, 1, 486, 487, -1, 319, 234, 19.0, 13, ABalpaapaaa, 5611, 0, 0, 0, , 0, 0, 0, 0, 0, 
487, 1, 487, 488, -1, 172, 267, 27.0, 19, Epraa, 9977, 0, 0, 0, , 0, 0, 0, 0, 0, 
488, 0, 488, -1, -1, 165, 287, 28.0, 21, , 27014, 0, 0, 0, , 0, 0, 0, 0, 0, 
489, 0, 489, -1, -1, 203, 246, 26.0, 15, , 3245, 0, 0, 0, , 0, 0, 0, 0, 0, 
490, 1, 490, 491, -1, 155, 262, 24.0, 21, Earpp, 19990, 0, 0, 0, , 0, 0, 0, 0, 0, 
491, 1, 491, 492, -1, 187, 283, 25.0, 21, Ealap, 61102, 0, 0, 0, , 0, 0, 0, 0, 0, 
492, 1, 492, 493, -1, 210, 278, 25.0, 13, Ealaa, 4096, 0, 0, 0, , 0, 0, 0, 0, 0, 
493, 1, 493, 494, -1, 165, 289, 28.0, 19, Eplaa, 6074, 0, 0, 0, , 0, 0, 0, 0, 0, 
494, 1, 494, 495, -1, 141, 301, 24.0, 19, Eplap, 28822, 0, 0, 0, , 0, 0, 0, 0, 0, 
495, 1, 495, 496, -1, 135, 275, 17.0, 17, Eprpp, 16451, 0, 0, 0, , 0, 0, 0, 0, 0, 
496, 1, 496, 497, -1, 187, 335, 28.0, 15, Dapap, 5120, 0, 0, 0, , 0, 0, 0, 0, 0, 
497, 1, 497, 498, -1, 211, 326, 24.0, 17, Dapaa, 6949, 0, 0, 0, , 0, 0, 0, 0, 0, 
498, 1, 498, 499, -1, 227, 278, 23.0, 15, MSaapaapp, 3816, 0, 0, 0, , 0, 0, 0, 0, 0, 
499, 1, 499, 500, -1, 241, 272, 22.0, 15, MSaapaapa, 3559, 0, 0, 0, , 0, 0, 0, 0, 0, 
500, 1, 500, 501, -1, 161, 212, 32.0, 15, ABarpppapp, 5932, 0, 0, 0, , 0, 0, 0, 0, 0, 
501, 1, 501, 502, -1, 225, 318, 15.0, 13, ABplppaapap, 4393, 0, 0, 0, , 0, 0, 0, 0, 0, 
502, 1, 502, 503, -1, 247, 307, 15.0, 15, ABplppaapaa, 5331, 0, 0, 0, , 0, 0, 0, 0, 0, 
503, 1, 503, 504, -1, 72, 297, 26.0, 19, Cpapap, 15330, 0, 0, 0, , 0, 0, 0, 0, 0, 
504, 1, 504, 505, -1, 206, 249, 28.0, 17, Earaa, 6765, 0, 0, 0, , 0, 0, 0, 0, 0, 
505, 1, 505, 506, -1, 342, 243, 17.0, 17, ABalaaaala, 10453, 0, 0, 0, , 0, 0, 0, 0, 0, 
506, 1, 506, 507, -1, 271, 175, 34.0, 15, ABarpappaa, 5647, 0, 0, 0, , 0, 0, 0, 0, 0, 
507, 1, 507, 508, -1, 102, 265, 28.0, 15, Cppppaa, 4114, 0, 0, 0, , 0, 0, 0, 0, 0, 
508, 1, 508, 509, -1, 91, 276, 23.0, 15, Cppppap, 3997, 0, 0, 0, , 0, 0, 0, 0, 0, 
509, 0, 509, -1, -1, 88, 292, 17.0, 11, , 974, 0, 0, 0, , 0, 0, 0, 0, 0, 
510, 1, 510, 511, -1, 189, 265, 18.0, 19, Earpa, 16551, 0, 0, 0, , 0, 0, 0, 0, 0, 
511, 1, 511, 512, -1, 255, 195, 32.0, 15, MSppappp, 6199, 0, 0, 0, , 0, 0, 0, 0, 0, 
512, 1, 512, 513, -1, 124, 276, 22.0, 21, Eprpa, 10489, 0, 0, 0, , 0, 0, 0, 0, 0, 
513, 1, 513, 514, -1, 235, 244, 34.0, 17, ABarpaappa, 5063, 0, 0, 0, , 0, 0, 0, 0, 0, 
514, 1, 514, 515, -1, 222, 301, 35.0, 19, ABarppaapa, 15353, 0, 0, 0, , 0, 0, 0, 0, 0, 
515, 1, 515, 516, -1, 125, 297, 17.0, 23, Eplpp, 24476, 0, 0, 0, , 0, 0, 0, 0, 0, 
516, 1, 516, 517, -1, 202, 281, 14.0, 13, MSaappap, 4089, 0, 0, 0, , 0, 0, 0, 0, 0, 
517, 1, 517, 518, -1, 178, 290, 14.0, 23, Z3, 40412, 0, 0, 0, , 0, 0, 0, 0, 0, 
518, 1, 518, 519, -1, 265, 178, 12.0, 11, ABalaapappa, 4088, 0, 0, 0, , 0, 0, 0, 0, 0, 
519, 1, 519, 520, -1, 217, 276, 13.0, 15, MSaappaa, 3284, 0, 0, 0, , 0, 0, 0, 0, 0, 
520, 0, 520, -1, -1, 176, 264, 26.0, 19, , 6890, 0, 0, 0, , 0, 0, 0, 0, 0, 
521, 1, 521, 522, -1, 257, 322, 17.0, 13, ABplppaaaap, 2327, 0, 0, 0, , 0, 0, 0, 0, 0, 
522, 1, 522, 523, -1, 124, 302, 10.0, 11, ABplpppapap, 2776, 0, 0, 0, , 0, 0, 0, 0, 0, 
523, 1, 524, 524, -1, 231, 332, 18.0, 15, ABplppapaaa, 6789, 0, 0, 0, , 0, 0, 0, 0, 0, 
524, 1, 525, 525, -1, 329, 228, 31.0, 17, ABalapapapa, 2682, 0, 0, 0, , 0, 0, 0, 0, 0, 
525, 1, 526, 526, -1, 344, 242, 20.0, 15, ABalaaapall, 5658, 0, 0, 0, , 0, 0, 0, 0, 0, 
526, 1, 527, 527, -1, 140, 278, 26.0, 19, Eprap, 31553, 0, 0, 0, , 0, 0, 0, 0, 0, 
527, 1, 528, 528, -1, 264, 195, 16.0, 13, ABprpaaaaaa, 8302, 0, 0, 0, , 0, 0, 0, 0, 0, 
528, 1, 529, 529, -1, 194, 263, 33.0, 21, Cpaaaa, 14594, 0, 0, 0, , 0, 0, 0, 0, 0, 
529, 1, 530, 530, -1, 155, 271, 13.0, 15, MSpappap, 4087, 0, 0, 0, , 0, 0, 0, 0, 0, 
530, 1, 531, 531, -1, 225, 237, 24.0, 19, MSpaapapp, 2535, 0, 0, 0, , 0, 0, 0, 0, 0, 
531, 0, 532, -1, -1, 211, 240, 27.0, 11, , 549, 0, 0, 0, , 0, 0, 0, 0, 0, 
532, 1, 533, 533, -1, 197, 224, 35.0, 21, ABarpppapa, 4036, 0, 0, 0, , 0, 0, 0, 0, 0, 
533, 1, 534, 534, -1, 90, 285, 17.0, 17, Cppppp, 6837, 0, 0, 0, , 0, 0, 0, 0, 0, 
534, 1, 535, 535, -1, 256, 297, 30.0, 13, ABplapaaaaa, 5302, 0, 0, 0, , 0, 0, 0, 0, 0, 
535, 0, 536, -1, -1, 130, 311, 21.0, 15, , 2803, 0, 0, 0, , 0, 0, 0, 0, 0, 
536, 1, 537, 537, -1, 164, 285, 34.0, 13, Cpaaap, 893, 0, 0, 0, , 0, 0, 0, 0, 0, 
537, 0, 538, -1, -1, 234, 287, 10.0, 13, , 2231, 0, 0, 0, , 0, 0, 0, 0, 0, 
538, 1, 539, 539, -1, 251, 306, 32.0, 15, ABplapaaaap, 3816, 0, 0, 0, , 0, 0, 0, 0, 0, 
539, 1, 540, 540, -1, 354, 270, 15.0, 15, ABalppaaapa, 4277, 0, 0, 0, , 0, 0, 0, 0, 0, 
540, 1, 541, 541, -1, 243, 266, 14.0, 19, ABalpappppp, 29008, 0, 0, 0, , 0, 0, 0, 0, 0, 
541, 0, 542, -1, -1, 152, 250, 15.0, 15, , 7824, 0, 0, 0, , 0, 0, 0, 0, 0, 
542, 1, 543, 543, -1, 341, 208, 22.0, 13, ABalaaaparr, 3802, 0, 0, 0, , 0, 0, 0, 0, 0, 
543, 1, 543, 544, -1, 347, 224, 21.0, 13, ABalaaaparl, 4812, 0, 0, 0, , 0, 0, 0, 0, 0, 
544, 1, 544, 545, -1, 271, 259, 19.0, 17, ABalpaaapp, 6683, 0, 0, 0, , 0, 0, 0, 0, 0, 
545, 0, 545, -1, -1, 209, 267, 25.0, 13, , 4778, 0, 0, 0, , 0, 0, 0, 0, 0, 
546, 1, 546, 547, -1, 143, 280, 33.0, 15, Caaaap, 1371, 0, 0, 0, , 0, 0, 0, 0, 0, 
547, 0, 547, -1, -1, 202, 248, 8.0, 17, , 2950, 0, 0, 0, , 0, 0, 0, 0, 0, 
548, 0, 548, -1, -1, 174, 295, 13.0, 11, , 1460, 0, 0, 0, , 0, 0, 0, 0, 0, 
549, 1, 392, 550, -1, 145, 336, 27.0, 15, Cappaap, 4586, 0, 0, 0, , 0, 0, 0, 0, 0, 
550, 1, 554, 551, -1, 265, 257, 13.0, 15, ABalpappppa, 6989, 0, 0, 0, , 0, 0, 0, 0, 0, 
551, 1, 550, 552, -1, 241, 234, 13.0, 17, ABarapapppa, 6266, 0, 0, 0, , 0, 0, 0, 0, 0, 
552, 0, -1, -1, -1, 188, 262, 23.0, 15, , 2528, 0, 0, 0, , 0, 0, 0, 0, 0, 
553, 1, 557, 554, -1, 301, 203, 32.0, 13, ABalapppapp, 758, 0, 0, 0, , 0, 0, 0, 0, 0, 
554, 0, -1, -1, -1, 202, 240, 9.0, 13, , 4367, 0, 0, 0, , 0, 0, 0, 0, 0, 
555, 1, 523, 557, -1, 274, 164, 29.5, 14, ABpraapaapp, 4696, 0, 0, 0, , 0, 0, 0, 0, 0, 
556, 1, 39, 559, -1, 246, 223, 18.0, 17, ABarapaappp, 14195, 0, 0, 0, , 0, 0, 0, 0, 0, 
557, 1, 551, 561, -1, 127, 297, 33.0, 15, Cpaapa, 0, 0, 0, 0, , 0, 0, 0, 0, 0, 
558, 1, 552, 562, -1, 112, 304, 33.0, 15, Caaapa, 0, 0, 0, 0, , 0, 0, 0, 0, 0, 
559, 1, 336, 556, -1, 221, 244, 21.0, 16, MSpapaapa, 4537, 0, 0, 0, , 0, 0, 0, 0, 0, 
560, 1, 553, 563, -1, 191, 310, 33.0, 17, Caaaaa, 0, 0, 0, 0, , 0, 0, 0, 0, 0, 
561, 1, 451, 564, -1, 316, 289, 12.8, 15, ABalppaappa, 2703, 0, 0, 0, , 0, 0, 0, 0, 0, 
562, 1, 555, 565, -1, 301, 177, 30.333334, 13, ABalapppppa, 0, 0, 0, 0, , 0, 0, 0, 0, 0, 
563, 1, 558, 566, -1, 278, 182, 11.6, 13, ABalaappapp, 1996, 0, 0, 0, , 0, 0, 0, 0, 0, 
564, 1, 559, 567, -1, 267, 258, 27.0, 13, MSaaapapa, 0, 0, 0, 0, , 0, 0, 0, 0, 0, 
565, 1, 560, 568, -1, 300, 247, 27.0, 13, MSaaapaaa, 0, 0, 0, 0, , 0, 0, 0, 0, 0, 
566, 1, 561, 569, -1, 238, 179, 12.0, 13, ABalaapappp, 0, 0, 0, 0, , 0, 0, 0, 0, 0, 
567, 1, 562, 548, -1, 203, 247, 9.0, 14, ABprpappapa, 0, 0, 0, 0, , 0, 0, 0, 0, 0, 
