1, 1, 1, 1, -1, 313, 210, 22.0, 15, ABaraappaaa, 5411, 0, 0, 0, , 0, 0, 0, 0, 0, 
2, 1, 2, 2, -1, 299, 209, 25.0, 13, ABaraappaap, 6082, 0, 0, 0, , 0, 0, 0, 0, 0, 
3, 1, 3, 3, -1, 268, 209, 24.0, 17, ABaraappapp, 6452, 0, 0, 0, , 0, 0, 0, 0, 0, 
4, 1, 4, 4, -1, 287, 207, 24.0, 17, ABaraappapa, 6247, 0, 0, 0, , 0, 0, 0, 0, 0, 
5, 1, 5, 5, -1, 249, 234, 24.0, 15, MSpaapapa, 4627, 0, 0, 0, , 0, 0, 0, 0, 0, 
6, 1, 6, 6, -1, 253, 216, 21.0, 15, ABaraapppaa, 5948, 0, 0, 0, , 0, 0, 0, 0, 0, 
7, 1, 7, 7, -1, 238, 243, 20.0, 13, ABaraappppp, 5640, 0, 0, 0, , 0, 0, 0, 0, 0, 
8, 1, 8, 8, -1, 256, 273, 21.0, 15, ABaraapappa, 7487, 0, 0, 0, , 0, 0, 0, 0, 0, 
9, 1, 9, 9, -1, 247, 255, 20.0, 13, ABaraapappp, 8277, 0, 0, 0, , 0, 0, 0, 0, 0, 
10, 1, 10, 10, -1, 258, 265, 24.0, 15, ABaraapapap, 7575, 0, 0, 0, , 0, 0, 0, 0, 0, 
11, 1, 11, 11, -1, 271, 262, 24.0, 17, ABaraapapaa, 7379, 0, 0, 0, , 0, 0, 0, 0, 0, 
12, 1, 12, 12, -1, 318, 225, 22.0, 13, ABaraapaaaa, 7453, 0, 0, 0, , 0, 0, 0, 0, 0, 
13, 1, 13, 13, -1, 312, 229, 25.0, 15, ABaraapaaap, 7117, 0, 0, 0, , 0, 0, 0, 0, 0, 
14, 1, 14, 14, -1, 289, 246, 25.0, 17, ABaraapaapp, 7884, 0, 0, 0, , 0, 0, 0, 0, 0, 
15, 1, 15, 15, -1, 302, 234, 24.0, 13, ABaraapaapa, 6875, 0, 0, 0, , 0, 0, 0, 0, 0, 
16, 1, 16, 16, -1, 303, 212, 10.0, 19, ABaraaappap, 6735, 0, 0, 0, , 0, 0, 0, 0, 0, 
17, 1, 17, 17, -1, 321, 215, 14.0, 11, ABaraaappaa, 3790, 0, 0, 0, , 0, 0, 0, 0, 0, 
18, 1, 18, 18, -1, 312, 203, 13.0, 15, ABaraaapppa, 5051, 0, 0, 0, , 0, 0, 0, 0, 0, 
19, 1, 19, 19, -1, 281, 208, 9.0, 13, ABaraaapppp, 4267, 0, 0, 0, , 0, 0, 0, 0, 0, 
20, 1, 20, 20, -1, 308, 213, 18.0, 15, ABaraaapaaa, 7827, 0, 0, 0, , 0, 0, 0, 0, 0, 
21, 1, 21, 21, -1, 281, 212, 21.0, 15, ABaraaapapa, 3931, 0, 0, 0, , 0, 0, 0, 0, 0, 
22, 1, 22, 22, -1, 297, 207, 21.0, 13, ABaraaapaap, 4303, 0, 0, 0, , 0, 0, 0, 0, 0, 
23, 1, 23, 23, -1, 269, 227, 21.0, 15, ABaraaapapp, 3949, 0, 0, 0, , 0, 0, 0, 0, 0, 
24, 1, 24, 24, -1, 293, 235, 18.0, 13, ABaraaaaaap, 3996, 0, 0, 0, , 0, 0, 0, 0, 0, 
25, 1, 25, 25, -1, 316, 230, 16.0, 11, ABaraaaaaaa, 3866, 0, 0, 0, , 0, 0, 0, 0, 0, 
26, 1, 26, 26, -1, 291, 216, 18.0, 13, ABaraaaaapp, 3714, 0, 0, 0, , 0, 0, 0, 0, 0, 
27, 1, 27, 27, -1, 308, 213, 15.0, 15, ABaraaaaapa, 2071, 0, 0, 0, , 0, 0, 0, 0, 0, 
28, 1, 28, 28, -1, 292, 226, 26.0, 11, ABaraaaapp, 4869, 0, 0, 0, , 0, 0, 0, 0, 0, 
29, 1, 29, 29, -1, 324, 215, 18.0, 17, ABaraaaapa, 7113, 0, 0, 0, , 0, 0, 0, 0, 0, 
30, 1, 30, 30, -1, 240, 252, 10.0, 15, ABarapapapp, 6804, 0, 0, 0, , 0, 0, 0, 0, 0, 
31, 1, 31, 31, -1, 256, 241, 11.0, 15, ABarapapapa, 5755, 0, 0, 0, , 0, 0, 0, 0, 0, 
32, 1, 32, 32, -1, 262, 239, 15.0, 13, ABarapapaap, 5610, 0, 0, 0, , 0, 0, 0, 0, 0, 
33, 1, 33, 33, -1, 267, 221, 15.0, 13, ABarapapaaa, 6676, 0, 0, 0, , 0, 0, 0, 0, 0, 
34, 1, 34, 34, -1, 222, 244, 13.0, 21, ABarapapppp, 27293, 0, 0, 0, , 0, 0, 0, 0, 0, 
35, 0, 35, -1, -1, 245, 225, 17.0, 17, , 23035, 0, 0, 0, , 0, 0, 0, 0, 0, 
36, 1, 36, 36, -1, 280, 228, 11.0, 17, ABarapaaap, 14804, 0, 0, 0, , 0, 0, 0, 0, 0, 
37, 1, 37, 37, -1, 280, 231, 15.0, 13, ABarapaaaap, 7506, 0, 0, 0, , 0, 0, 0, 0, 0, 
38, 1, 38, 38, -1, 275, 219, 18.0, 19, ABarapaapa, 20810, 0, 0, 0, , 0, 0, 0, 0, 0, 
39, 1, 39, 39, -1, 261, 234, 19.0, 13, ABarapaappa, 5847, 0, 0, 0, , 0, 0, 0, 0, 0, 
40, 1, 40, 40, -1, 258, 201, 10.0, 13, ABarapppapa, 4952, 0, 0, 0, , 0, 0, 0, 0, 0, 
41, 1, 41, 41, -1, 239, 213, 10.0, 15, ABarapppapp, 6033, 0, 0, 0, , 0, 0, 0, 0, 0, 
42, 1, 42, 42, -1, 288, 196, 11.0, 13, ABarapppaaa, 6176, 0, 0, 0, , 0, 0, 0, 0, 0, 
43, 1, 43, 43, -1, 273, 192, 9.0, 13, ABarapppaap, 5933, 0, 0, 0, , 0, 0, 0, 0, 0, 
44, 1, 44, 44, -1, 266, 196, 13.0, 15, ABarappppap, 6351, 0, 0, 0, , 0, 0, 0, 0, 0, 
45, 1, 45, 45, -1, 280, 190, 15.0, 13, ABarappppaa, 4694, 0, 0, 0, , 0, 0, 0, 0, 0, 
46, 1, 46, 46, -1, 246, 199, 12.0, 13, ABarapppppa, 4139, 0, 0, 0, , 0, 0, 0, 0, 0, 
47, 1, 47, 47, -1, 229, 194, 11.0, 13, ABarapppppp, 4529, 0, 0, 0, , 0, 0, 0, 0, 0, 
48, 1, 48, 48, -1, 251, 213, 12.0, 15, ABarappaaap, 6267, 0, 0, 0, , 0, 0, 0, 0, 0, 
49, 1, 49, 49, -1, 271, 215, 11.0, 13, ABarappaaaa, 5078, 0, 0, 0, , 0, 0, 0, 0, 0, 
50, 1, 50, 50, -1, 258, 225, 10.0, 11, ABarappaapa, 5288, 0, 0, 0, , 0, 0, 0, 0, 0, 
51, 1, 51, 51, -1, 239, 232, 10.0, 11, ABarappaapp, 5947, 0, 0, 0, , 0, 0, 0, 0, 0, 
52, 1, 52, 52, -1, 215, 220, 9.0, 17, ABarappapap, 9799, 0, 0, 0, , 0, 0, 0, 0, 0, 
53, 1, 53, 53, -1, 221, 198, 10.0, 15, ABarappapaa, 5882, 0, 0, 0, , 0, 0, 0, 0, 0, 
54, 1, 54, 54, -1, 175, 210, 11.0, 17, ABarappappp, 6204, 0, 0, 0, , 0, 0, 0, 0, 0, 
55, 1, 55, 55, -1, 192, 211, 10.0, 13, ABarappappa, 6090, 0, 0, 0, , 0, 0, 0, 0, 0, 
56, 1, 56, 56, -1, 228, 169, 30.0, 15, ABarpapppa, 7508, 0, 0, 0, , 0, 0, 0, 0, 0, 
57, 1, 57, 57, -1, 223, 184, 33.0, 17, ABarpapppp, 8446, 0, 0, 0, , 0, 0, 0, 0, 0, 
58, 1, 58, 58, -1, 255, 168, 32.0, 17, ABarpappap, 11876, 0, 0, 0, , 0, 0, 0, 0, 0, 
59, 1, 59, 59, -1, 294, 190, 34.0, 13, ABarpapaaap, 4322, 0, 0, 0, , 0, 0, 0, 0, 0, 
60, 1, 60, 60, -1, 290, 193, 27.0, 11, ABarpapaapa, 4045, 0, 0, 0, , 0, 0, 0, 0, 0, 
61, 1, 61, 61, -1, 282, 197, 32.0, 15, ABarpapaapp, 6759, 0, 0, 0, , 0, 0, 0, 0, 0, 
62, 1, 62, 62, -1, 246, 207, 35.0, 17, ABarpapapp, 8295, 0, 0, 0, , 0, 0, 0, 0, 0, 
63, 1, 63, 63, -1, 286, 212, 35.0, 17, ABarpapapa, 7320, 0, 0, 0, , 0, 0, 0, 0, 0, 
64, 1, 64, 64, -1, 230, 269, 34.0, 21, ABarpaappp, 34854, 0, 0, 0, , 0, 0, 0, 0, 0, 
65, 1, 65, 65, -1, 267, 215, 35.0, 15, ABarpaapaa, 5416, 0, 0, 0, , 0, 0, 0, 0, 0, 
66, 1, 66, 66, -1, 257, 258, 35.0, 15, ABarpaapap, 1965, 0, 0, 0, , 0, 0, 0, 0, 0, 
67, 1, 67, 67, -1, 329, 211, 32.0, 17, ABarpaaaaa, 7664, 0, 0, 0, , 0, 0, 0, 0, 0, 
68, 1, 68, 68, -1, 313, 230, 35.0, 17, ABarpaaaap, 6224, 0, 0, 0, , 0, 0, 0, 0, 0, 
69, 1, 69, 69, -1, 284, 230, 35.0, 11, ABarpaaapp, 4603, 0, 0, 0, , 0, 0, 0, 0, 0, 
70, 1, 70, 70, -1, 307, 208, 35.0, 17, ABarpaaapa, 8951, 0, 0, 0, , 0, 0, 0, 0, 0, 
71, 1, 71, 71, -1, 251, 328, 32.0, 15, ABarppaaap, 6246, 0, 0, 0, , 0, 0, 0, 0, 0, 
72, 1, 72, 72, -1, 210, 333, 32.0, 13, ABarppaapp, 5861, 0, 0, 0, , 0, 0, 0, 0, 0, 
73, 1, 73, 73, -1, 146, 350, 32.0, 17, ABarppappa, 7661, 0, 0, 0, , 0, 0, 0, 0, 0, 
74, 1, 74, 74, -1, 112, 359, 23.0, 21, ABarppappp, 6039, 0, 0, 0, , 0, 0, 0, 0, 0, 
75, 1, 75, 75, -1, 199, 349, 31.0, 15, ABarppapap, 6733, 0, 0, 0, , 0, 0, 0, 0, 0, 
76, 1, 76, 76, -1, 227, 337, 32.0, 15, ABarppapaa, 4410, 0, 0, 0, , 0, 0, 0, 0, 0, 
77, 1, 77, 77, -1, 76, 254, 23.0, 17, ABarpppppp, 6099, 0, 0, 0, , 0, 0, 0, 0, 0, 
78, 1, 78, 78, -1, 105, 237, 30.0, 15, ABarpppppa, 5300, 0, 0, 0, , 0, 0, 0, 0, 0, 
79, 1, 79, 79, -1, 171, 193, 31.0, 15, ABarppppaa, 5176, 0, 0, 0, , 0, 0, 0, 0, 0, 
80, 1, 80, 80, -1, 144, 208, 31.0, 17, ABarppppap, 5425, 0, 0, 0, , 0, 0, 0, 0, 0, 
81, 1, 81, 81, -1, 194, 188, 34.0, 17, ABarpppaap, 11776, 0, 0, 0, , 0, 0, 0, 0, 0, 
82, 1, 82, 82, -1, 223, 211, 34.0, 13, ABarpppaaa, 3639, 0, 0, 0, , 0, 0, 0, 0, 0, 
83, 1, 83, 83, -1, 323, 192, 24.0, 13, ABalappppaa, 2417, 0, 0, 0, , 0, 0, 0, 0, 0, 
84, 1, 84, 84, -1, 315, 183, 28.0, 13, ABalappppap, 3230, 0, 0, 0, , 0, 0, 0, 0, 0, 
85, 1, 85, 85, -1, 284, 179, 31.0, 11, ABalapppppp, 2595, 0, 0, 0, , 0, 0, 0, 0, 0, 
86, 1, 86, 86, -1, 333, 203, 25.0, 11, ABalapppaaa, 1314, 0, 0, 0, , 0, 0, 0, 0, 0, 
87, 1, 87, 87, -1, 324, 198, 28.0, 13, ABalapppaap, 2690, 0, 0, 0, , 0, 0, 0, 0, 0, 
88, 1, 88, 88, -1, 316, 198, 31.0, 11, ABalapppapa, 919, 0, 0, 0, , 0, 0, 0, 0, 0, 
89, 1, 89, 89, -1, 308, 184, 25.0, 15, ABalappapa, 4681, 0, 0, 0, , 0, 0, 0, 0, 0, 
90, 1, 90, 90, -1, 337, 207, 28.0, 15, ABalappaaa, 4371, 0, 0, 0, , 0, 0, 0, 0, 0, 
91, 1, 91, 91, -1, 323, 175, 23.0, 13, ABalappappa, 2492, 0, 0, 0, , 0, 0, 0, 0, 0, 
92, 1, 92, 92, -1, 309, 165, 25.0, 11, ABalappappp, 2420, 0, 0, 0, , 0, 0, 0, 0, 0, 
93, 1, 93, 93, -1, 318, 266, 33.0, 11, ABalapapppp, 663, 0, 0, 0, , 0, 0, 0, 0, 0, 
94, 1, 94, 94, -1, 330, 261, 32.0, 13, ABalapapppa, 1839, 0, 0, 0, , 0, 0, 0, 0, 0, 
95, 1, 95, 95, -1, 341, 233, 25.0, 15, ABalapappaa, 2497, 0, 0, 0, , 0, 0, 0, 0, 0, 
96, 1, 96, 96, -1, 330, 250, 29.0, 15, ABalapappap, 3209, 0, 0, 0, , 0, 0, 0, 0, 0, 
97, 1, 97, 97, -1, 325, 230, 33.0, 15, ABalapapaa, 5778, 0, 0, 0, , 0, 0, 0, 0, 0, 
98, 1, 98, 98, -1, 319, 244, 32.0, 11, ABalapapapp, 2656, 0, 0, 0, , 0, 0, 0, 0, 0, 
99, 1, 99, 99, -1, 333, 249, 26.0, 15, ABalapaaaa, 12040, 0, 0, 0, , 0, 0, 0, 0, 0, 
100, 1, 100, 100, -1, 351, 250, 25.0, 15, ABalapaaapa, 4964, 0, 0, 0, , 0, 0, 0, 0, 0, 
101, 1, 101, 101, -1, 349, 260, 29.0, 13, ABalapaaapp, 2880, 0, 0, 0, , 0, 0, 0, 0, 0, 
102, 1, 102, 102, -1, 345, 258, 21.0, 13, ABalapaappa, 3601, 0, 0, 0, , 0, 0, 0, 0, 0, 
103, 1, 103, 103, 104, 327, 266, 19.0, 13, ABalapaapa, 6338, 0, 0, 0, , 0, 0, 0, 0, 0, 
104, 1, 104, 105, -1, 335, 266, 23.0, 17, ABalapaappp, 4821, 0, 0, 0, , 0, 0, 0, 0, 0, 
105, 1, 105, 106, -1, 312, 189, 15.0, 17, ABalaapaaa, 14625, 0, 0, 0, , 0, 0, 0, 0, 0, 
106, 1, 106, 107, -1, 239, 176, 10.0, 15, ABalaapapa, 8387, 0, 0, 0, , 0, 0, 0, 0, 0, 
107, 1, 107, 108, -1, 302, 190, 10.0, 13, ABalaapaap, 3594, 0, 0, 0, , 0, 0, 0, 0, 0, 
108, 1, 108, 109, -1, 297, 173, 14.0, 15, ABalaappapa, 4222, 0, 0, 0, , 0, 0, 0, 0, 0, 
109, 1, 109, 110, -1, 279, 173, 12.0, 15, ABalaappaa, 4660, 0, 0, 0, , 0, 0, 0, 0, 0, 
110, 1, 110, 111, -1, 305, 170, 22.0, 15, ABalaappppp, 4077, 0, 0, 0, , 0, 0, 0, 0, 0, 
111, 1, 111, 112, -1, 307, 184, 20.0, 17, ABalaappppa, 3432, 0, 0, 0, , 0, 0, 0, 0, 0, 
112, 1, 112, 113, -1, 293, 175, 21.0, 13, ABalaapppaa, 2817, 0, 0, 0, , 0, 0, 0, 0, 0, 
113, 1, 113, 114, -1, 296, 188, 18.0, 13, ABalaapppap, 5770, 0, 0, 0, , 0, 0, 0, 0, 0, 
114, 1, 114, 115, -1, 342, 250, 13.0, 19, ABalaaaalp, 10898, 0, 0, 0, , 0, 0, 0, 0, 0, 
115, 1, 115, 116, -1, 333, 204, 20.0, 15, ABalaaaarrp, 4182, 0, 0, 0, , 0, 0, 0, 0, 0, 
116, 1, 116, 117, -1, 328, 193, 16.0, 13, ABalaaaarra, 3872, 0, 0, 0, , 0, 0, 0, 0, 0, 
117, 1, 117, 118, -1, 335, 213, 19.0, 13, ABalaaaarlp, 4406, 0, 0, 0, , 0, 0, 0, 0, 0, 
118, 1, 118, 119, -1, 344, 230, 18.0, 13, ABalaaaarla, 3897, 0, 0, 0, , 0, 0, 0, 0, 0, 
119, 1, 119, 120, -1, 330, 184, 20.0, 13, ABalaaapplr, 3781, 0, 0, 0, , 0, 0, 0, 0, 0, 
120, 1, 120, 121, -1, 317, 187, 18.0, 15, ABalaaapprr, 4635, 0, 0, 0, , 0, 0, 0, 0, 0, 
121, 1, 121, 122, -1, 306, 176, 17.0, 13, ABalaaapprl, 4462, 0, 0, 0, , 0, 0, 0, 0, 0, 
122, 1, 122, 123, -1, 344, 214, 25.0, 13, ABalappaap, 2830, 0, 0, 0, , 0, 0, 0, 0, 0, 
123, 1, 123, 124, -1, 153, 326, 10.0, 15, ABplppppapa, 4394, 0, 0, 0, , 0, 0, 0, 0, 0, 
124, 1, 124, 125, -1, 141, 313, 11.0, 13, ABplppppapp, 4930, 0, 0, 0, , 0, 0, 0, 0, 0, 
125, 1, 125, 126, -1, 170, 305, 10.0, 13, ABplppppaaa, 4266, 0, 0, 0, , 0, 0, 0, 0, 0, 
126, 1, 126, 127, -1, 159, 308, 11.0, 13, ABplppppaap, 3713, 0, 0, 0, , 0, 0, 0, 0, 0, 
127, 1, 127, 128, -1, 88, 326, 12.0, 13, ABplppppppp, 4174, 0, 0, 0, , 0, 0, 0, 0, 0, 
128, 1, 128, 129, -1, 95, 316, 10.0, 13, ABplppppppa, 3353, 0, 0, 0, , 0, 0, 0, 0, 0, 
129, 1, 129, 130, -1, 135, 317, 14.0, 13, ABplpppppap, 5294, 0, 0, 0, , 0, 0, 0, 0, 0, 
130, 1, 130, 131, -1, 152, 311, 15.0, 15, ABplpppppaa, 5610, 0, 0, 0, , 0, 0, 0, 0, 0, 
131, 1, 131, 132, -1, 112, 308, 12.0, 15, ABplpppapp, 4626, 0, 0, 0, , 0, 0, 0, 0, 0, 
132, 1, 132, 133, -1, 130, 320, 10.0, 13, ABplpppapaa, 4993, 0, 0, 0, , 0, 0, 0, 0, 0, 
133, 1, 133, 134, -1, 127, 338, 11.0, 15, ABplpppaapp, 4662, 0, 0, 0, , 0, 0, 0, 0, 0, 
134, 1, 134, 135, -1, 142, 338, 11.0, 13, ABplpppaapa, 6006, 0, 0, 0, , 0, 0, 0, 0, 0, 
135, 1, 135, 136, -1, 177, 322, 10.0, 15, ABplpppaaaa, 5274, 0, 0, 0, , 0, 0, 0, 0, 0, 
136, 1, 136, 137, -1, 163, 340, 11.0, 15, ABplpppaaap, 4971, 0, 0, 0, , 0, 0, 0, 0, 0, 
137, 1, 137, 138, -1, 171, 340, 13.0, 13, ABplppapppp, 5511, 0, 0, 0, , 0, 0, 0, 0, 0, 
138, 1, 138, 139, -1, 192, 331, 13.0, 13, ABplppapppa, 4074, 0, 0, 0, , 0, 0, 0, 0, 0, 
139, 1, 139, 140, -1, 198, 320, 11.0, 13, ABplppappap, 4663, 0, 0, 0, , 0, 0, 0, 0, 0, 
140, 1, 140, 141, -1, 212, 318, 12.0, 13, ABplppappaa, 4359, 0, 0, 0, , 0, 0, 0, 0, 0, 
141, 1, 141, 142, -1, 209, 334, 13.0, 13, ABplppapaap, 4160, 0, 0, 0, , 0, 0, 0, 0, 0, 
142, 1, 142, 143, -1, 203, 340, 16.0, 15, ABplppapapa, 6221, 0, 0, 0, , 0, 0, 0, 0, 0, 
143, 1, 143, 144, -1, 179, 337, 17.0, 15, ABplppapapp, 5469, 0, 0, 0, , 0, 0, 0, 0, 0, 
144, 1, 144, 145, -1, 203, 304, 10.0, 13, ABplppaappa, 4278, 0, 0, 0, , 0, 0, 0, 0, 0, 
145, 1, 145, 146, -1, 188, 312, 10.0, 13, ABplppaappp, 4859, 0, 0, 0, , 0, 0, 0, 0, 0, 
146, 1, 146, 147, -1, 266, 303, 18.0, 11, ABplppaaaaa, 3871, 0, 0, 0, , 0, 0, 0, 0, 0, 
147, 1, 147, 148, -1, 256, 315, 18.0, 15, ABplppaaap, 8678, 0, 0, 0, , 0, 0, 0, 0, 0, 
148, 1, 148, 149, -1, 248, 269, 10.0, 15, ABplpappaaa, 6518, 0, 0, 0, , 0, 0, 0, 0, 0, 
149, 1, 149, 150, -1, 233, 282, 11.0, 15, ABplpappaap, 1533, 0, 0, 0, , 0, 0, 0, 0, 0, 
150, 1, 150, 151, -1, 221, 280, 12.0, 13, ABplpappap, 6052, 0, 0, 0, , 0, 0, 0, 0, 0, 
151, 1, 151, 152, -1, 142, 297, 10.0, 13, ABplpappppp, 3660, 0, 0, 0, , 0, 0, 0, 0, 0, 
152, 1, 152, 153, -1, 160, 285, 10.0, 13, ABplpappppa, 3566, 0, 0, 0, , 0, 0, 0, 0, 0, 
153, 1, 153, 154, -1, 180, 285, 10.0, 15, ABplpapppaa, 6126, 0, 0, 0, , 0, 0, 0, 0, 0, 
154, 1, 154, 155, -1, 163, 266, 10.0, 15, ABplpapppap, 4419, 0, 0, 0, , 0, 0, 0, 0, 0, 
155, 1, 155, 156, -1, 211, 294, 10.0, 13, ABplpapappa, 3857, 0, 0, 0, , 0, 0, 0, 0, 0, 
156, 1, 156, 157, -1, 190, 292, 11.0, 13, ABplpapappp, 3896, 0, 0, 0, , 0, 0, 0, 0, 0, 
157, 1, 157, 158, -1, 223, 302, 12.0, 11, ABplpapapap, 3361, 0, 0, 0, , 0, 0, 0, 0, 0, 
158, 1, 158, 159, -1, 241, 298, 13.0, 13, ABplpapapaa, 2410, 0, 0, 0, , 0, 0, 0, 0, 0, 
159, 1, 159, 160, -1, 274, 299, 14.0, 13, ABplpapaapa, 2722, 0, 0, 0, , 0, 0, 0, 0, 0, 
160, 1, 160, 161, -1, 256, 305, 14.0, 13, ABplpapaapp, 4238, 0, 0, 0, , 0, 0, 0, 0, 0, 
161, 1, 161, 162, -1, 258, 292, 13.0, 13, ABplpapaaap, 3850, 0, 0, 0, , 0, 0, 0, 0, 0, 
162, 1, 162, 163, -1, 275, 287, 12.0, 13, ABplpapaaaa, 4155, 0, 0, 0, , 0, 0, 0, 0, 0, 
163, 1, 163, 164, -1, 240, 329, 15.0, 13, ABplpaaaapp, 6179, 0, 0, 0, , 0, 0, 0, 0, 0, 
164, 1, 164, 165, -1, 248, 320, 12.0, 15, ABplpaaaapa, 5166, 0, 0, 0, , 0, 0, 0, 0, 0, 
165, 1, 165, 166, -1, 313, 272, 16.0, 15, ABplpaaaaaa, 9968, 0, 0, 0, , 0, 0, 0, 0, 0, 
166, 1, 166, 167, -1, 306, 307, 17.0, 15, ABplpaaapap, 6178, 0, 0, 0, , 0, 0, 0, 0, 0, 
167, 1, 167, 168, -1, 318, 294, 15.0, 13, ABplpaaapaa, 5191, 0, 0, 0, , 0, 0, 0, 0, 0, 
168, 1, 168, 169, -1, 292, 296, 15.0, 15, ABplpaaappa, 4708, 0, 0, 0, , 0, 0, 0, 0, 0, 
169, 1, 169, 170, -1, 281, 305, 15.0, 15, ABplpaaappp, 5760, 0, 0, 0, , 0, 0, 0, 0, 0, 
170, 1, 170, 171, -1, 267, 313, 26.0, 13, ABplpaappap, 4271, 0, 0, 0, , 0, 0, 0, 0, 0, 
171, 1, 171, 172, -1, 285, 301, 23.0, 15, ABplpaappaa, 5438, 0, 0, 0, , 0, 0, 0, 0, 0, 
172, 1, 172, 173, -1, 294, 306, 19.0, 11, ABplpaapppa, 3906, 0, 0, 0, , 0, 0, 0, 0, 0, 
173, 1, 173, 174, -1, 308, 312, 20.0, 11, ABplpaapapp, 4555, 0, 0, 0, , 0, 0, 0, 0, 0, 
174, 1, 174, 175, -1, 282, 313, 18.0, 13, ABplpaapppp, 6612, 0, 0, 0, , 0, 0, 0, 0, 0, 
175, 1, 175, 176, -1, 304, 289, 19.0, 15, ABplpaapaap, 5204, 0, 0, 0, , 0, 0, 0, 0, 0, 
176, 1, 176, 177, -1, 304, 272, 18.0, 15, ABplpaapaaa, 4265, 0, 0, 0, , 0, 0, 0, 0, 0, 
177, 1, 177, 178, -1, 318, 308, 23.0, 15, ABplpaapapa, 5581, 0, 0, 0, , 0, 0, 0, 0, 0, 
178, 1, 178, 179, -1, 276, 327, 20.0, 15, ABplaappap, 6952, 0, 0, 0, , 0, 0, 0, 0, 0, 
179, 1, 179, 180, -1, 293, 320, 21.0, 13, ABplaappaa, 4521, 0, 0, 0, , 0, 0, 0, 0, 0, 
180, 1, 180, 181, -1, 261, 334, 21.0, 13, ABplaapppa, 4413, 0, 0, 0, , 0, 0, 0, 0, 0, 
181, 1, 181, 182, -1, 234, 345, 23.0, 15, ABplaapppp, 6551, 0, 0, 0, , 0, 0, 0, 0, 0, 
182, 1, 182, 183, -1, 344, 231, 29.0, 15, ABplaapaaaa, 5891, 0, 0, 0, , 0, 0, 0, 0, 0, 
183, 1, 183, 184, -1, 343, 249, 31.0, 13, ABplaapaaap, 4428, 0, 0, 0, , 0, 0, 0, 0, 0, 
184, 1, 184, 185, -1, 342, 268, 32.0, 13, ABplaapaapa, 4054, 0, 0, 0, , 0, 0, 0, 0, 0, 
185, 1, 185, 186, -1, 329, 283, 30.0, 17, ABplaapaapp, 5787, 0, 0, 0, , 0, 0, 0, 0, 0, 
186, 1, 186, 187, -1, 295, 295, 29.0, 19, ABplaapappp, 4484, 0, 0, 0, , 0, 0, 0, 0, 0, 
187, 1, 187, 188, -1, 309, 277, 29.0, 15, ABplaapappa, 5052, 0, 0, 0, , 0, 0, 0, 0, 0, 
188, 1, 188, 189, -1, 300, 289, 26.0, 13, ABplaapapap, 4625, 0, 0, 0, , 0, 0, 0, 0, 0, 
189, 1, 189, 190, -1, 305, 272, 25.0, 13, ABplaapapaa, 4169, 0, 0, 0, , 0, 0, 0, 0, 0, 
190, 1, 190, 191, -1, 306, 256, 33.0, 13, ABplaaaaapp, 3619, 0, 0, 0, , 0, 0, 0, 0, 0, 
191, 1, 191, 192, -1, 315, 258, 29.0, 13, ABplaaaaapa, 3685, 0, 0, 0, , 0, 0, 0, 0, 0, 
192, 1, 192, 193, -1, 329, 249, 35.0, 17, ABplaaaaaa, 7754, 0, 0, 0, , 0, 0, 0, 0, 0, 
193, 1, 193, 194, -1, 276, 261, 34.0, 17, ABplaaaapp, 7425, 0, 0, 0, , 0, 0, 0, 0, 0, 
194, 1, 194, 195, -1, 291, 250, 35.0, 15, ABplaaaapa, 7626, 0, 0, 0, , 0, 0, 0, 0, 0, 
195, 1, 195, 196, -1, 291, 298, 33.0, 17, ABplaaappa, 8708, 0, 0, 0, , 0, 0, 0, 0, 0, 
196, 1, 196, 197, -1, 274, 308, 32.0, 19, ABplaaappp, 9396, 0, 0, 0, , 0, 0, 0, 0, 0, 
197, 1, 197, 198, -1, 310, 295, 32.0, 15, ABplaaapap, 5312, 0, 0, 0, , 0, 0, 0, 0, 0, 
198, 1, 198, 199, -1, 316, 279, 33.0, 13, ABplaaapaa, 5915, 0, 0, 0, , 0, 0, 0, 0, 0, 
199, 1, 199, 200, -1, 132, 354, 14.0, 17, ABplappppa, 6582, 0, 0, 0, , 0, 0, 0, 0, 0, 
200, 1, 200, 201, -1, 104, 340, 14.0, 15, ABplappppp, 6982, 0, 0, 0, , 0, 0, 0, 0, 0, 
201, 1, 201, 202, -1, 115, 348, 17.0, 17, ABplapppaa, 6554, 0, 0, 0, , 0, 0, 0, 0, 0, 
202, 1, 202, 203, -1, 112, 326, 12.0, 13, ABplapppapp, 2941, 0, 0, 0, , 0, 0, 0, 0, 0, 
203, 1, 203, 204, -1, 124, 337, 13.0, 11, ABplapppapa, 3709, 0, 0, 0, , 0, 0, 0, 0, 0, 
204, 1, 204, 205, -1, 198, 353, 24.0, 13, ABplappaaa, 6242, 0, 0, 0, , 0, 0, 0, 0, 0, 
205, 1, 205, 206, -1, 178, 360, 24.0, 17, ABplappaap, 7726, 0, 0, 0, , 0, 0, 0, 0, 0, 
206, 1, 206, 207, -1, 162, 361, 21.0, 15, ABplappapp, 8557, 0, 0, 0, , 0, 0, 0, 0, 0, 
207, 1, 207, 208, -1, 170, 348, 32.0, 19, ABplappapa, 18000, 0, 0, 0, , 0, 0, 0, 0, 0, 
208, 1, 208, 209, -1, 216, 351, 25.0, 15, ABplapaapp, 8366, 0, 0, 0, , 0, 0, 0, 0, 0, 
209, 1, 209, 210, -1, 252, 340, 24.0, 15, ABplapaapa, 8078, 0, 0, 0, , 0, 0, 0, 0, 0, 
210, 1, 210, 211, -1, 255, 298, 33.0, 13, ABarppaaaa, 4130, 0, 0, 0, , 0, 0, 0, 0, 0, 
211, 1, 211, 212, -1, 244, 330, 27.0, 17, ABplapaaapp, 5706, 0, 0, 0, , 0, 0, 0, 0, 0, 
212, 1, 212, 213, -1, 250, 315, 27.0, 15, ABplapaaapa, 6563, 0, 0, 0, , 0, 0, 0, 0, 0, 
213, 1, 213, 214, -1, 105, 353, 21.0, 13, ABplapapppa, 4330, 0, 0, 0, , 0, 0, 0, 0, 0, 
214, 1, 214, 215, -1, 88, 343, 18.0, 13, ABplapapppp, 4419, 0, 0, 0, , 0, 0, 0, 0, 0, 
215, 1, 215, 216, -1, 141, 370, 22.0, 17, ABplapapap, 6437, 0, 0, 0, , 0, 0, 0, 0, 0, 
216, 1, 216, 217, -1, 131, 363, 18.0, 17, ABplapappa, 7956, 0, 0, 0, , 0, 0, 0, 0, 0, 
217, 1, 217, 218, -1, 130, 359, 28.0, 21, ABplapapaa, 24091, 0, 0, 0, , 0, 0, 0, 0, 0, 
218, 1, 218, 219, -1, 233, 215, 12.0, 11, ABprpapaaaa, 2690, 0, 0, 0, , 0, 0, 0, 0, 0, 
219, 1, 219, 220, -1, 209, 202, 13.0, 13, ABprpapaapp, 4286, 0, 0, 0, , 0, 0, 0, 0, 0, 
220, 1, 220, 221, -1, 182, 236, 11.0, 15, ABprpapappa, 6119, 0, 0, 0, , 0, 0, 0, 0, 0, 
221, 1, 221, 222, -1, 175, 260, 10.0, 15, ABprpapappp, 4391, 0, 0, 0, , 0, 0, 0, 0, 0, 
222, 1, 222, 223, -1, 191, 229, 12.0, 13, ABprpapapap, 3436, 0, 0, 0, , 0, 0, 0, 0, 0, 
223, 1, 223, 224, -1, 205, 222, 12.0, 13, ABprpapapaa, 3551, 0, 0, 0, , 0, 0, 0, 0, 0, 
224, 1, 224, 225, -1, 129, 292, 13.0, 15, ABprpappppp, 5092, 0, 0, 0, , 0, 0, 0, 0, 0, 
225, 1, 225, 226, -1, 150, 290, 13.0, 13, ABprpappppa, 3990, 0, 0, 0, , 0, 0, 0, 0, 0, 
226, 1, 226, 227, -1, 207, 242, 11.0, 13, ABprpapppaa, 5577, 0, 0, 0, , 0, 0, 0, 0, 0, 
227, 1, 227, 228, -1, 192, 255, 11.0, 15, ABprpapppap, 4633, 0, 0, 0, , 0, 0, 0, 0, 0, 
228, 1, 228, 229, -1, 198, 275, 10.0, 15, ABprpappapp, 4720, 0, 0, 0, , 0, 0, 0, 0, 0, 
229, 1, 229, 230, -1, 218, 234, 10.0, 15, ABprpappaap, 2371, 0, 0, 0, , 0, 0, 0, 0, 0, 
230, 1, 230, 231, -1, 229, 241, 9.0, 15, ABprpappaaa, 3604, 0, 0, 0, , 0, 0, 0, 0, 0, 
231, 1, 231, 232, -1, 248, 190, 16.0, 15, ABprpaaaaap, 5386, 0, 0, 0, , 0, 0, 0, 0, 0, 
232, 1, 232, 233, -1, 263, 194, 18.0, 13, ABprpaapaaa, 6104, 0, 0, 0, , 0, 0, 0, 0, 0, 
233, 1, 233, 234, -1, 181, 195, 13.0, 13, ABprpaaaapp, 6111, 0, 0, 0, , 0, 0, 0, 0, 0, 
234, 1, 234, 235, -1, 199, 195, 11.0, 13, ABprpaaaapa, 4827, 0, 0, 0, , 0, 0, 0, 0, 0, 
235, 1, 235, 236, -1, 235, 185, 14.0, 13, ABprpaaappa, 5158, 0, 0, 0, , 0, 0, 0, 0, 0, 
236, 1, 236, 237, -1, 227, 204, 15.0, 13, ABprpapaapa, 2315, 0, 0, 0, , 0, 0, 0, 0, 0, 
237, 1, 237, 238, -1, 226, 190, 15.0, 15, ABprpaaappp, 6845, 0, 0, 0, , 0, 0, 0, 0, 0, 
238, 1, 238, 239, -1, 254, 174, 13.0, 15, ABprpaaapaa, 5305, 0, 0, 0, , 0, 0, 0, 0, 0, 
239, 1, 238, 240, -1, 239, 167, 16.0, 13, ABprpaaapap, 6747, 0, 0, 0, , 0, 0, 0, 0, 0, 
240, 1, 239, 241, -1, 247, 180, 20.0, 13, ABprpaapaap, 5020, 0, 0, 0, , 0, 0, 0, 0, 0, 
241, 1, 240, 242, -1, 252, 160, 20.0, 13, ABprpaapapa, 5465, 0, 0, 0, , 0, 0, 0, 0, 0, 
242, 1, 241, 243, -1, 237, 164, 19.0, 13, ABprpaapapp, 6975, 0, 0, 0, , 0, 0, 0, 0, 0, 
243, 1, 242, 244, -1, 230, 171, 17.0, 13, ABprpaapppa, 4242, 0, 0, 0, , 0, 0, 0, 0, 0, 
244, 1, 243, 245, -1, 219, 176, 17.0, 13, ABprpaapppp, 4212, 0, 0, 0, , 0, 0, 0, 0, 0, 
245, 1, 244, 246, -1, 220, 189, 27.0, 13, ABprpaappap, 4188, 0, 0, 0, , 0, 0, 0, 0, 0, 
246, 1, 245, 247, -1, 231, 184, 22.0, 15, ABprpaappaa, 6642, 0, 0, 0, , 0, 0, 0, 0, 0, 
247, 1, 246, 248, -1, 83, 263, 11.0, 15, ABprpppaapp, 6126, 0, 0, 0, , 0, 0, 0, 0, 0, 
248, 1, 247, 249, -1, 100, 259, 11.0, 15, ABprpppaapa, 4906, 0, 0, 0, , 0, 0, 0, 0, 0, 
249, 1, 248, 250, -1, 115, 244, 11.0, 15, ABprpppaaap, 5566, 0, 0, 0, , 0, 0, 0, 0, 0, 
250, 1, 249, 251, -1, 138, 246, 11.0, 13, ABprpppaaaa, 5584, 0, 0, 0, , 0, 0, 0, 0, 0, 
251, 1, 250, 252, -1, 110, 275, 10.0, 13, ABprpppapaa, 4782, 0, 0, 0, , 0, 0, 0, 0, 0, 
252, 1, 251, 253, -1, 102, 292, 11.0, 13, ABprpppapap, 3292, 0, 0, 0, , 0, 0, 0, 0, 0, 
253, 1, 252, 254, -1, 108, 306, 10.0, 13, ABprpppapp, 5617, 0, 0, 0, , 0, 0, 0, 0, 0, 
254, 1, 253, 255, -1, 129, 262, 10.0, 15, ABprppppapa, 4984, 0, 0, 0, , 0, 0, 0, 0, 0, 
255, 1, 254, 256, -1, 125, 282, 10.0, 13, ABprppppapp, 3884, 0, 0, 0, , 0, 0, 0, 0, 0, 
256, 1, 255, 257, -1, 147, 269, 10.0, 15, ABprppppaaa, 5578, 0, 0, 0, , 0, 0, 0, 0, 0, 
257, 1, 256, 258, -1, 140, 277, 11.0, 13, ABprppppaap, 3717, 0, 0, 0, , 0, 0, 0, 0, 0, 
258, 1, 257, 259, -1, 72, 298, 13.0, 13, ABprppppppp, 4945, 0, 0, 0, , 0, 0, 0, 0, 0, 
259, 1, 258, 260, -1, 89, 303, 10.0, 13, ABprppppppa, 3594, 0, 0, 0, , 0, 0, 0, 0, 0, 
260, 1, 259, 261, -1, 124, 262, 14.0, 15, ABprpppppaa, 5152, 0, 0, 0, , 0, 0, 0, 0, 0, 
261, 1, 260, 262, -1, 108, 275, 15.0, 13, ABprpppppap, 6324, 0, 0, 0, , 0, 0, 0, 0, 0, 
262, 1, 261, 263, -1, 182, 213, 14.0, 13, ABprppaapap, 3923, 0, 0, 0, , 0, 0, 0, 0, 0, 
263, 1, 261, 264, -1, 196, 211, 14.0, 13, ABprppaapaa, 4720, 0, 0, 0, , 0, 0, 0, 0, 0, 
264, 1, 262, 265, -1, 172, 241, 10.0, 13, ABprppaappa, 6237, 0, 0, 0, , 0, 0, 0, 0, 0, 
265, 1, 263, 266, -1, 154, 244, 10.0, 15, ABprppaappp, 4399, 0, 0, 0, , 0, 0, 0, 0, 0, 
266, 1, 264, 267, -1, 219, 197, 17.0, 13, ABprppaaaaa, 5043, 0, 0, 0, , 0, 0, 0, 0, 0, 
267, 1, 265, 268, -1, 202, 196, 16.0, 15, ABprppaaaap, 4863, 0, 0, 0, , 0, 0, 0, 0, 0, 
268, 1, 266, 269, -1, 197, 183, 18.0, 11, ABprppaaap, 5001, 0, 0, 0, , 0, 0, 0, 0, 0, 
269, 1, 267, 270, -1, 167, 207, 15.0, 13, ABprppapaaa, 5189, 0, 0, 0, , 0, 0, 0, 0, 0, 
270, 1, 268, 271, -1, 151, 211, 15.0, 15, ABprppapaap, 3927, 0, 0, 0, , 0, 0, 0, 0, 0, 
271, 1, 269, 272, -1, 132, 223, 15.0, 17, ABprppapap, 8485, 0, 0, 0, , 0, 0, 0, 0, 0, 
272, 1, 270, 273, -1, 131, 233, 12.0, 19, ABprppappp, 7111, 0, 0, 0, , 0, 0, 0, 0, 0, 
273, 1, 271, 274, -1, 164, 217, 12.0, 15, ABprppappaa, 3906, 0, 0, 0, , 0, 0, 0, 0, 0, 
274, 1, 272, 275, -1, 151, 225, 11.0, 15, ABprppappap, 4443, 0, 0, 0, , 0, 0, 0, 0, 0, 
275, 1, 273, 276, -1, 334, 184, 29.0, 13, ABpraapaaaa, 5233, 0, 0, 0, , 0, 0, 0, 0, 0, 
276, 1, 274, 277, -1, 315, 185, 34.0, 13, ABarpapaaaa, 3411, 0, 0, 0, , 0, 0, 0, 0, 0, 
277, 1, 275, 278, -1, 322, 177, 31.0, 15, ABpraapaaap, 5559, 0, 0, 0, , 0, 0, 0, 0, 0, 
278, 1, 276, 279, -1, 299, 169, 28.0, 15, ABpraapaapa, 5004, 0, 0, 0, , 0, 0, 0, 0, 0, 
279, 1, 277, 280, -1, 252, 175, 26.0, 15, ABpraapapap, 3873, 0, 0, 0, , 0, 0, 0, 0, 0, 
280, 1, 278, 281, -1, 272, 181, 25.0, 13, ABpraapapaa, 4685, 0, 0, 0, , 0, 0, 0, 0, 0, 
281, 1, 279, 282, -1, 245, 172, 28.0, 15, ABpraapappp, 6635, 0, 0, 0, , 0, 0, 0, 0, 0, 
282, 1, 280, 283, -1, 263, 178, 28.0, 15, ABpraapappa, 4507, 0, 0, 0, , 0, 0, 0, 0, 0, 
283, 1, 281, 284, -1, 166, 190, 23.0, 15, ABpraapppp, 5217, 0, 0, 0, , 0, 0, 0, 0, 0, 
284, 1, 282, 285, -1, 194, 175, 22.0, 17, ABpraapppa, 5882, 0, 0, 0, , 0, 0, 0, 0, 0, 
285, 1, 283, 286, -1, 209, 172, 19.0, 15, ABpraappap, 8437, 0, 0, 0, , 0, 0, 0, 0, 0, 
286, 1, 284, 287, -1, 226, 165, 21.0, 13, ABpraappaa, 4923, 0, 0, 0, , 0, 0, 0, 0, 0, 
287, 1, 285, 288, -1, 292, 168, 25.0, 15, ABpraaapapa, 4440, 0, 0, 0, , 0, 0, 0, 0, 0, 
288, 1, 286, 289, -1, 271, 162, 25.0, 13, ABpraaapapp, 4383, 0, 0, 0, , 0, 0, 0, 0, 0, 
289, 1, 287, 290, -1, 279, 180, 19.0, 13, ABpraaapaa, 4758, 0, 0, 0, , 0, 0, 0, 0, 0, 
290, 1, 288, 291, -1, 263, 186, 22.0, 13, ABpraaappaa, 3437, 0, 0, 0, , 0, 0, 0, 0, 0, 
291, 1, 289, 292, -1, 251, 182, 23.0, 13, ABpraaappap, 4798, 0, 0, 0, , 0, 0, 0, 0, 0, 
292, 1, 290, 293, -1, 237, 186, 26.0, 15, ABpraaapppa, 4022, 0, 0, 0, , 0, 0, 0, 0, 0, 
293, 1, 291, 294, -1, 227, 170, 25.0, 15, ABpraaapppp, 5504, 0, 0, 0, , 0, 0, 0, 0, 0, 
294, 1, 292, 295, -1, 286, 162, 19.0, 17, ABpraaaaap, 7181, 0, 0, 0, , 0, 0, 0, 0, 0, 
295, 1, 293, 296, -1, 283, 172, 16.0, 13, ABpraaaaaaa, 5194, 0, 0, 0, , 0, 0, 0, 0, 0, 
296, 1, 293, 297, -1, 263, 172, 15.0, 13, ABpraaaaaap, 4658, 0, 0, 0, , 0, 0, 0, 0, 0, 
297, 1, 294, 298, -1, 261, 177, 17.0, 13, ABpraaaapav, 4393, 0, 0, 0, , 0, 0, 0, 0, 0, 
298, 1, 295, 299, -1, 267, 162, 19.0, 13, ABpraaaapad, 5003, 0, 0, 0, , 0, 0, 0, 0, 0, 
299, 1, 296, 300, -1, 275, 156, 22.0, 11, ABpraaaappa, 3801, 0, 0, 0, , 0, 0, 0, 0, 0, 
300, 1, 297, 301, -1, 263, 163, 23.0, 15, ABpraaaappp, 3084, 0, 0, 0, , 0, 0, 0, 0, 0, 
301, 1, 298, 302, -1, 109, 222, 20.0, 13, ABprappapp, 8337, 0, 0, 0, , 0, 0, 0, 0, 0, 
302, 1, 299, 303, -1, 123, 221, 30.0, 15, ABprappapa, 7593, 0, 0, 0, , 0, 0, 0, 0, 0, 
303, 1, 300, 304, -1, 120, 211, 23.0, 15, ABprappaap, 8000, 0, 0, 0, , 0, 0, 0, 0, 0, 
304, 1, 301, 305, -1, 141, 206, 20.0, 15, ABprappaaa, 9190, 0, 0, 0, , 0, 0, 0, 0, 0, 
305, 1, 302, 306, -1, 78, 263, 19.0, 17, ABprapppaa, 27729, 0, 0, 0, , 0, 0, 0, 0, 0, 
306, 1, 303, 307, -1, 87, 284, 12.0, 13, ABprapppapp, 3926, 0, 0, 0, , 0, 0, 0, 0, 0, 
307, 1, 304, 308, -1, 90, 262, 14.0, 11, ABprapppapa, 3634, 0, 0, 0, , 0, 0, 0, 0, 0, 
308, 1, 305, 309, -1, 74, 274, 14.0, 17, ABprappppp, 20582, 0, 0, 0, , 0, 0, 0, 0, 0, 
309, 1, 306, 310, -1, 81, 250, 15.0, 15, ABprappppa, 7891, 0, 0, 0, , 0, 0, 0, 0, 0, 
310, 1, 307, 311, -1, 205, 194, 28.0, 15, ABprapaaapa, 5079, 0, 0, 0, , 0, 0, 0, 0, 0, 
311, 1, 308, 312, -1, 187, 190, 26.0, 15, ABprapaaapp, 4966, 0, 0, 0, , 0, 0, 0, 0, 0, 
312, 1, 309, 313, -1, 214, 201, 33.0, 17, ABprapaaaap, 3224, 0, 0, 0, , 0, 0, 0, 0, 0, 
313, 1, 310, 314, -1, 221, 201, 31.0, 13, ABprapaaaaa, 4692, 0, 0, 0, , 0, 0, 0, 0, 0, 
314, 1, 311, 315, -1, 148, 194, 24.0, 15, ABprapaapp, 8158, 0, 0, 0, , 0, 0, 0, 0, 0, 
315, 1, 312, 316, -1, 178, 183, 20.0, 13, ABprapaapa, 6892, 0, 0, 0, , 0, 0, 0, 0, 0, 
316, 1, 313, 317, -1, 90, 241, 17.0, 15, ABprapappa, 7514, 0, 0, 0, , 0, 0, 0, 0, 0, 
317, 1, 314, 318, -1, 68, 285, 19.0, 13, ABprapapppp, 5226, 0, 0, 0, , 0, 0, 0, 0, 0, 
318, 1, 315, 319, -1, 70, 272, 22.0, 13, ABprapapppa, 4543, 0, 0, 0, , 0, 0, 0, 0, 0, 
319, 1, 316, 320, -1, 93, 233, 21.0, 15, ABprapapap, 5804, 0, 0, 0, , 0, 0, 0, 0, 0, 
320, 1, 317, 321, -1, 86, 254, 28.0, 17, ABprapapaa, 7572, 0, 0, 0, , 0, 0, 0, 0, 0, 
321, 1, 318, 322, -1, 235, 204, 28.0, 15, MSppppap, 3658, 0, 0, 0, , 0, 0, 0, 0, 0, 
322, 1, 319, 323, -1, 225, 207, 20.0, 11, MSppppaa, 2404, 0, 0, 0, , 0, 0, 0, 0, 0, 
323, 1, 320, 324, -1, 238, 217, 31.0, 17, MSpppppa, 4630, 0, 0, 0, , 0, 0, 0, 0, 0, 
324, 1, 321, 325, -1, 211, 227, 30.0, 17, MSpppppp, 4517, 0, 0, 0, , 0, 0, 0, 0, 0, 
325, 1, 322, 326, -1, 210, 218, 21.0, 15, MSpppaaa, 5023, 0, 0, 0, , 0, 0, 0, 0, 0, 
326, 1, 323, 327, -1, 146, 243, 19.0, 17, MSpppaap, 5603, 0, 0, 0, , 0, 0, 0, 0, 0, 
327, 1, 324, 328, -1, 197, 215, 18.0, 15, MSpppapp, 4416, 0, 0, 0, , 0, 0, 0, 0, 0, 
328, 1, 325, 329, -1, 211, 220, 16.0, 13, MSpppapa, 3070, 0, 0, 0, , 0, 0, 0, 0, 0, 
329, 1, 326, 330, -1, 216, 219, 13.0, 11, ABprpapaaap, 5190, 0, 0, 0, , 0, 0, 0, 0, 0, 
330, 1, 327, 331, -1, 180, 241, 13.0, 17, MSppaapp, 5668, 0, 0, 0, , 0, 0, 0, 0, 0, 
331, 1, 328, 332, -1, 243, 208, 16.0, 13, MSppaapa, 3768, 0, 0, 0, , 0, 0, 0, 0, 0, 
332, 1, 329, 333, -1, 286, 205, 15.0, 15, MSppaaaa, 4757, 0, 0, 0, , 0, 0, 0, 0, 0, 
333, 1, 330, 334, -1, 287, 191, 25.0, 15, MSppaaap, 3617, 0, 0, 0, , 0, 0, 0, 0, 0, 
334, 1, 331, 335, -1, 263, 190, 29.0, 15, MSppappa, 3923, 0, 0, 0, , 0, 0, 0, 0, 0, 
335, 1, 332, 336, -1, 246, 199, 23.0, 15, MSppapaa, 5735, 0, 0, 0, , 0, 0, 0, 0, 0, 
336, 1, 333, 337, -1, 238, 196, 19.0, 15, MSppapap, 4962, 0, 0, 0, , 0, 0, 0, 0, 0, 
337, 1, 334, 338, -1, 197, 261, 14.0, 13, MSpapappp, 3623, 0, 0, 0, , 0, 0, 0, 0, 0, 
338, 1, 335, 339, -1, 214, 254, 16.0, 15, MSpapappa, 4701, 0, 0, 0, , 0, 0, 0, 0, 0, 
339, 1, 336, 340, -1, 198, 246, 18.0, 15, MSpapapa, 6301, 0, 0, 0, , 0, 0, 0, 0, 0, 
340, 1, 337, 341, -1, 227, 236, 16.0, 15, MSpapaaaa, 3175, 0, 0, 0, , 0, 0, 0, 0, 0, 
341, 1, 338, 342, -1, 222, 237, 17.0, 17, MSpapaaap, 4440, 0, 0, 0, , 0, 0, 0, 0, 0, 
342, 1, 339, 343, -1, 204, 235, 22.0, 13, MSpapaapp, 3105, 0, 0, 0, , 0, 0, 0, 0, 0, 
343, 0, 340, -1, -1, 194, 240, 24.0, 11, , 2802, 0, 0, 0, , 0, 0, 0, 0, 0, 
344, 0, 341, -1, -1, 205, 254, 24.0, 11, , 1314, 0, 0, 0, , 0, 0, 0, 0, 0, 
345, 1, 342, 346, -1, 168, 320, 14.0, 15, MSpappaa, 4907, 0, 0, 0, , 0, 0, 0, 0, 0, 
346, 1, 343, 347, -1, 152, 231, 16.0, 13, MSpapppp, 5087, 0, 0, 0, , 0, 0, 0, 0, 0, 
347, 1, 344, 348, -1, 169, 220, 18.0, 19, MSpapppa, 6302, 0, 0, 0, , 0, 0, 0, 0, 0, 
348, 1, 345, 349, -1, 250, 235, 27.0, 15, MSpaaappa, 6639, 0, 0, 0, , 0, 0, 0, 0, 0, 
349, 1, 346, 350, -1, 230, 242, 28.0, 15, MSpaaappp, 5414, 0, 0, 0, , 0, 0, 0, 0, 0, 
350, 1, 347, 351, 352, 240, 253, 30.0, 15, MSpaaapa, 4802, 0, 0, 0, , 0, 0, 0, 0, 0, 
351, 1, 348, 353, -1, 275, 213, 28.0, 17, MSpaaaapa, 16886, 0, 0, 0, , 0, 0, 0, 0, 0, 
352, 1, 349, 354, -1, 259, 219, 28.0, 17, MSpaaaapp, 5217, 0, 0, 0, , 0, 0, 0, 0, 0, 
353, 1, 350, 355, -1, 268, 223, 31.0, 19, MSpaaaaa, 10831, 0, 0, 0, , 0, 0, 0, 0, 0, 
354, 1, 351, 356, -1, 229, 223, 19.0, 13, ABaraappppa, 4722, 0, 0, 0, , 0, 0, 0, 0, 0, 
355, 1, 352, 357, -1, 236, 224, 22.0, 15, ABaraapppap, 6641, 0, 0, 0, , 0, 0, 0, 0, 0, 
356, 1, 353, 358, -1, 235, 222, 28.0, 13, MSpaapaap, 4181, 0, 0, 0, , 0, 0, 0, 0, 0, 
357, 1, 354, 359, -1, 255, 215, 26.0, 13, MSpaapaaa, 3204, 0, 0, 0, , 0, 0, 0, 0, 0, 
358, 1, 355, 360, -1, 181, 252, 25.0, 15, Earap, 1344, 0, 0, 0, , 0, 0, 0, 0, 0, 
359, 1, 356, 361, -1, 265, 302, 21.0, 15, MSapppaa, 3602, 0, 0, 0, , 0, 0, 0, 0, 0, 
360, 1, 357, 362, -1, 252, 289, 27.0, 17, MSapppap, 5261, 0, 0, 0, , 0, 0, 0, 0, 0, 
361, 1, 358, 363, -1, 244, 283, 30.0, 15, MSappppa, 3372, 0, 0, 0, , 0, 0, 0, 0, 0, 
362, 1, 359, 364, -1, 215, 305, 31.0, 15, MSappppp, 3470, 0, 0, 0, , 0, 0, 0, 0, 0, 
363, 1, 360, 365, -1, 171, 316, 18.0, 15, MSappaap, 4156, 0, 0, 0, , 0, 0, 0, 0, 0, 
364, 1, 361, 366, -1, 234, 300, 21.0, 15, MSappaaa, 5287, 0, 0, 0, , 0, 0, 0, 0, 0, 
365, 1, 362, 367, -1, 242, 309, 18.0, 11, MSappapp, 1894, 0, 0, 0, , 0, 0, 0, 0, 0, 
366, 1, 363, 368, -1, 253, 295, 20.0, 11, MSappapa, 2774, 0, 0, 0, , 0, 0, 0, 0, 0, 
367, 1, 364, 369, -1, 290, 273, 29.0, 15, MSapappa, 3956, 0, 0, 0, , 0, 0, 0, 0, 0, 
368, 1, 365, 370, -1, 279, 268, 31.0, 15, MSapappp, 7963, 0, 0, 0, , 0, 0, 0, 0, 0, 
369, 1, 366, 371, -1, 274, 286, 18.0, 11, MSapapap, 1558, 0, 0, 0, , 0, 0, 0, 0, 0, 
370, 1, 367, 372, -1, 277, 280, 23.0, 15, MSapapaa, 6742, 0, 0, 0, , 0, 0, 0, 0, 0, 
371, 1, 368, 373, -1, 215, 299, 15.0, 15, MSapaapp, 4521, 0, 0, 0, , 0, 0, 0, 0, 0, 
372, 1, 572, 374, -1, 284, 283, 17.0, 13, MSapaapa, 4042, 0, 0, 0, , 0, 0, 0, 0, 0, 
373, 1, 370, 375, -1, 318, 250, 16.0, 15, MSapaaaa, 5365, 0, 0, 0, , 0, 0, 0, 0, 0, 
374, 1, 371, 376, -1, 314, 257, 24.0, 13, MSapaaap, 6692, 0, 0, 0, , 0, 0, 0, 0, 0, 
375, 1, 372, 377, -1, 306, 216, 29.0, 17, MSaaaaapa, 4121, 0, 0, 0, , 0, 0, 0, 0, 0, 
376, 1, 373, 378, -1, 301, 233, 32.0, 15, MSaaaaapp, 6626, 0, 0, 0, , 0, 0, 0, 0, 0, 
377, 1, 374, 379, -1, 322, 214, 25.0, 15, MSaaaaaa, 4426, 0, 0, 0, , 0, 0, 0, 0, 0, 
378, 1, 375, 380, -1, 283, 232, 31.0, 13, MSaaaapaa, 3440, 0, 0, 0, , 0, 0, 0, 0, 0, 
379, 1, 376, 381, -1, 266, 243, 30.0, 13, MSaaaapap, 4462, 0, 0, 0, , 0, 0, 0, 0, 0, 
380, 1, 377, 382, -1, 244, 267, 27.0, 15, MSaaaappp, 6433, 0, 0, 0, , 0, 0, 0, 0, 0, 
381, 1, 378, 383, -1, 264, 258, 29.0, 13, MSaaaappa, 4575, 0, 0, 0, , 0, 0, 0, 0, 0, 
382, 1, 379, 384, -1, 243, 263, 24.0, 17, MSaaapapp, 2640, 0, 0, 0, , 0, 0, 0, 0, 0, 
383, 1, 380, 385, -1, 282, 252, 28.0, 13, MSaaapaap, 3619, 0, 0, 0, , 0, 0, 0, 0, 0, 
384, 0, 381, -1, -1, 302, 249, 28.0, 15, , 4489, 0, 0, 0, , 0, 0, 0, 0, 0, 
385, 1, 382, 387, -1, 228, 276, 27.0, 11, MSaaappa, 3334, 0, 0, 0, , 0, 0, 0, 0, 0, 
386, 1, 383, 388, -1, 227, 263, 29.0, 13, MSaaappp, 3228, 0, 0, 0, , 0, 0, 0, 0, 0, 
387, 1, 384, 389, -1, 185, 318, 16.0, 15, MSaapppp, 4409, 0, 0, 0, , 0, 0, 0, 0, 0, 
388, 1, 385, 390, -1, 208, 317, 18.0, 15, MSaapppa, 10249, 0, 0, 0, , 0, 0, 0, 0, 0, 
389, 1, 386, 391, -1, 241, 279, 16.0, 15, MSaapaaap, 4271, 0, 0, 0, , 0, 0, 0, 0, 0, 
390, 1, 387, 392, -1, 257, 276, 17.0, 13, MSaapaaaa, 3928, 0, 0, 0, , 0, 0, 0, 0, 0, 
391, 1, 388, 393, -1, 209, 281, 17.0, 15, MSaapappp, 3030, 0, 0, 0, , 0, 0, 0, 0, 0, 
392, 1, 389, 394, -1, 234, 277, 18.0, 17, MSaapappa, 4672, 0, 0, 0, , 0, 0, 0, 0, 0, 
393, 1, 390, 395, -1, 222, 282, 20.0, 15, MSaapapa, 8845, 0, 0, 0, , 0, 0, 0, 0, 0, 
394, 1, 391, 396, -1, 200, 284, 20.0, 19, Ealpa, 8439, 0, 0, 0, , 0, 0, 0, 0, 0, 
395, 1, 392, 397, -1, 162, 302, 22.0, 19, Ealpp, 16758, 0, 0, 0, , 0, 0, 0, 0, 0, 
396, 1, 393, 398, -1, 131, 301, 20.0, 15, Eplpa, 8418, 0, 0, 0, , 0, 0, 0, 0, 0, 
397, 1, 394, 399, -1, 119, 338, 20.0, 19, Cappap, 29854, 0, 0, 0, , 0, 0, 0, 0, 0, 
398, 1, 395, 400, -1, 168, 342, 26.0, 13, Cappaaa, 4899, 0, 0, 0, , 0, 0, 0, 0, 0, 
399, 1, 396, 401, -1, 113, 335, 26.0, 17, Capppa, 7341, 0, 0, 0, , 0, 0, 0, 0, 0, 
400, 1, 397, 402, -1, 101, 322, 16.0, 17, Capppp, 5086, 0, 0, 0, , 0, 0, 0, 0, 0, 
401, 1, 398, 403, -1, 142, 343, 25.0, 21, Capapa, 26948, 0, 0, 0, , 0, 0, 0, 0, 0, 
402, 1, 399, 404, -1, 145, 336, 15.0, 17, Capapp, 8997, 0, 0, 0, , 0, 0, 0, 0, 0, 
403, 1, 400, 405, -1, 156, 341, 19.0, 21, Capaap, 4793, 0, 0, 0, , 0, 0, 0, 0, 0, 
404, 1, 401, 406, -1, 186, 334, 22.0, 17, Capaaa, 9842, 0, 0, 0, , 0, 0, 0, 0, 0, 
405, 1, 402, 407, -1, 87, 289, 29.0, 21, Caaapp, 7683, 0, 0, 0, , 0, 0, 0, 0, 0, 
406, 1, 403, 408, -1, 60, 304, 18.0, 15, Caappd, 1836, 0, 0, 0, , 0, 0, 0, 0, 0, 
407, 1, 404, 409, -1, 79, 329, 15.0, 15, Caappv, 5852, 0, 0, 0, , 0, 0, 0, 0, 0, 
408, 1, 405, 410, -1, 94, 309, 15.0, 13, Caapaa, 3622, 0, 0, 0, , 0, 0, 0, 0, 0, 
409, 1, 406, 411, -1, 82, 308, 12.0, 15, Caapap, 2371, 0, 0, 0, , 0, 0, 0, 0, 0, 
410, 1, 407, 412, -1, 72, 307, 21.0, 19, Cpappd, 18165, 0, 0, 0, , 0, 0, 0, 0, 0, 
411, 1, 408, 413, -1, 74, 312, 16.0, 19, Cpappv, 6403, 0, 0, 0, , 0, 0, 0, 0, 0, 
412, 1, 409, 414, -1, 79, 330, 24.0, 19, Cpapaa, 10009, 0, 0, 0, , 0, 0, 0, 0, 0, 
413, 1, 411, 415, -1, 123, 239, 19.0, 17, Cppaap, 9141, 0, 0, 0, , 0, 0, 0, 0, 0, 
414, 1, 412, 416, -1, 135, 226, 22.0, 13, Cppaaap, 3470, 0, 0, 0, , 0, 0, 0, 0, 0, 
415, 1, 413, 417, -1, 160, 215, 23.0, 15, Cppaaaa, 5983, 0, 0, 0, , 0, 0, 0, 0, 0, 
416, 1, 414, 418, -1, 120, 242, 26.0, 17, Cppapa, 12856, 0, 0, 0, , 0, 0, 0, 0, 0, 
417, 1, 415, 419, -1, 105, 255, 15.0, 15, Cppapp, 7152, 0, 0, 0, , 0, 0, 0, 0, 0, 
418, 1, 416, 420, -1, 126, 248, 30.0, 15, Cpppaap, 5296, 0, 0, 0, , 0, 0, 0, 0, 0, 
419, 1, 417, 421, -1, 144, 224, 27.0, 13, Cpppaaa, 6675, 0, 0, 0, , 0, 0, 0, 0, 0, 
420, 1, 418, 422, -1, 92, 270, 18.0, 15, Cpppapp, 4836, 0, 0, 0, , 0, 0, 0, 0, 0, 
421, 1, 419, 423, -1, 104, 253, 22.0, 17, Cpppapa, 6722, 0, 0, 0, , 0, 0, 0, 0, 0, 
422, 1, 420, 424, -1, 243, 318, 23.0, 15, Daapa, 6942, 0, 0, 0, , 0, 0, 0, 0, 0, 
423, 1, 421, 425, -1, 224, 329, 21.0, 15, Daapp, 5598, 0, 0, 0, , 0, 0, 0, 0, 0, 
424, 1, 422, 426, -1, 252, 299, 24.0, 17, Daaaa, 5331, 0, 0, 0, , 0, 0, 0, 0, 0, 
425, 1, 423, 427, -1, 233, 309, 28.0, 13, Daaap, 4497, 0, 0, 0, , 0, 0, 0, 0, 0, 
426, 1, 424, 428, -1, 198, 316, 30.0, 17, Dappa, 7927, 0, 0, 0, , 0, 0, 0, 0, 0, 
427, 1, 425, 429, -1, 162, 327, 30.0, 17, Dappp, 5780, 0, 0, 0, , 0, 0, 0, 0, 0, 
428, 1, 426, 430, -1, 176, 207, 20.0, 15, Dpapp, 5120, 0, 0, 0, , 0, 0, 0, 0, 0, 
429, 1, 427, 431, -1, 200, 202, 22.0, 15, Dpapa, 5362, 0, 0, 0, , 0, 0, 0, 0, 0, 
430, 1, 428, 432, -1, 207, 213, 28.0, 17, Dpaap, 4992, 0, 0, 0, , 0, 0, 0, 0, 0, 
431, 1, 429, 433, -1, 218, 204, 24.0, 15, Dpaaa, 4840, 0, 0, 0, , 0, 0, 0, 0, 0, 
432, 1, 430, 434, -1, 151, 232, 31.0, 17, Dpppp, 8843, 0, 0, 0, , 0, 0, 0, 0, 0, 
433, 1, 431, 435, -1, 177, 223, 29.0, 19, Dpppa, 7861, 0, 0, 0, , 0, 0, 0, 0, 0, 
434, 1, 432, 436, -1, 188, 210, 25.0, 17, Dppaa, 6493, 0, 0, 0, , 0, 0, 0, 0, 0, 
435, 1, 433, 437, -1, 161, 212, 26.0, 17, Dppap, 6786, 0, 0, 0, , 0, 0, 0, 0, 0, 
436, 1, 434, 438, -1, 154, 250, 15.0, 19, Z2, 9887, 0, 0, 0, , 0, 0, 0, 0, 0, 
437, 0, 435, -1, -1, 380, 245, 24.0, 15, , 7481, 0, 0, 0, , 0, 0, 0, 0, 0, 
438, 1, 436, 440, -1, 322, 295, 24.0, 11, ABalpppappa, 4402, 0, 0, 0, , 0, 0, 0, 0, 0, 
439, 1, 437, 441, -1, 319, 288, 27.0, 17, ABalpppappp, 3463, 0, 0, 0, , 0, 0, 0, 0, 0, 
440, 1, 438, 442, -1, 302, 276, 22.0, 13, ABalpppppaa, 4050, 0, 0, 0, , 0, 0, 0, 0, 0, 
441, 1, 439, 443, -1, 294, 289, 23.0, 15, ABalpppppap, 4634, 0, 0, 0, , 0, 0, 0, 0, 0, 
442, 1, 440, 444, -1, 276, 298, 27.0, 13, ABalppppppa, 4202, 0, 0, 0, , 0, 0, 0, 0, 0, 
443, 1, 441, 445, -1, 291, 312, 27.0, 19, ABalppppppp, 6955, 0, 0, 0, , 0, 0, 0, 0, 0, 
444, 1, 442, 446, -1, 340, 276, 27.0, 11, ABalppppapp, 2822, 0, 0, 0, , 0, 0, 0, 0, 0, 
445, 0, 443, -1, -1, 340, 275, 26.0, 15, , 1568, 0, 0, 0, , 0, 0, 0, 0, 0, 
446, 1, 444, 448, -1, 317, 277, 21.0, 11, ABalppppaad, 4556, 0, 0, 0, , 0, 0, 0, 0, 0, 
447, 1, 445, 449, -1, 321, 280, 23.0, 13, ABalppppaav, 1881, 0, 0, 0, , 0, 0, 0, 0, 0, 
448, 1, 446, 450, -1, 347, 282, 18.0, 13, ABalpppaaaa, 4420, 0, 0, 0, , 0, 0, 0, 0, 0, 
449, 1, 447, 451, -1, 332, 285, 15.0, 13, ABalpppaaap, 4005, 0, 0, 0, , 0, 0, 0, 0, 0, 
450, 1, 448, 452, -1, 347, 278, 21.0, 13, ABalpppaapd, 4138, 0, 0, 0, , 0, 0, 0, 0, 0, 
451, 1, 448, 453, -1, 339, 285, 24.0, 13, ABalpppaapv, 4296, 0, 0, 0, , 0, 0, 0, 0, 0, 
452, 1, 449, 454, -1, 329, 291, 18.0, 13, ABalpppapad, 4422, 0, 0, 0, , 0, 0, 0, 0, 0, 
453, 1, 450, 455, -1, 323, 302, 19.0, 15, ABalpppapav, 4282, 0, 0, 0, , 0, 0, 0, 0, 0, 
454, 1, 451, 456, -1, 352, 261, 19.0, 17, ABalaaapalr, 4258, 0, 0, 0, , 0, 0, 0, 0, 0, 
455, 1, 452, 457, -1, 344, 265, 16.0, 13, ABalppaaaa, 5500, 0, 0, 0, , 0, 0, 0, 0, 0, 
456, 1, 453, 458, -1, 339, 273, 13.0, 15, ABalppaaapp, 4789, 0, 0, 0, , 0, 0, 0, 0, 0, 
457, 1, 454, 459, -1, 295, 304, 12.0, 15, ABalppaappp, 5020, 0, 0, 0, , 0, 0, 0, 0, 0, 
458, 1, 455, 460, -1, 318, 277, 11.0, 13, ABalppaapa, 5844, 0, 0, 0, , 0, 0, 0, 0, 0, 
459, 0, 456, -1, -1, 300, 281, 16.0, 15, , 6778, 0, 0, 0, , 0, 0, 0, 0, 0, 
460, 1, 456, 462, -1, 297, 280, 13.0, 13, ABalppapppa, 5724, 0, 0, 0, , 0, 0, 0, 0, 0, 
461, 1, 458, 463, -1, 310, 270, 14.0, 13, ABalppappap, 4715, 0, 0, 0, , 0, 0, 0, 0, 0, 
462, 1, 459, 464, -1, 328, 259, 15.0, 13, ABalppappaa, 4122, 0, 0, 0, , 0, 0, 0, 0, 0, 
463, 1, 460, 465, -1, 299, 270, 10.0, 13, ABalppapapa, 4560, 0, 0, 0, , 0, 0, 0, 0, 0, 
464, 1, 461, 466, -1, 281, 291, 9.0, 17, ABalppapapp, 6366, 0, 0, 0, , 0, 0, 0, 0, 0, 
465, 1, 462, 467, -1, 328, 262, 11.0, 13, ABalppapaaa, 5422, 0, 0, 0, , 0, 0, 0, 0, 0, 
466, 1, 463, 468, -1, 314, 264, 11.0, 11, ABalppapaap, 4757, 0, 0, 0, , 0, 0, 0, 0, 0, 
467, 1, 464, 469, -1, 254, 303, 10.0, 17, ABalpapapap, 8385, 0, 0, 0, , 0, 0, 0, 0, 0, 
468, 1, 465, 470, -1, 264, 282, 10.0, 15, ABalpapapaa, 6237, 0, 0, 0, , 0, 0, 0, 0, 0, 
469, 1, 466, 471, -1, 234, 316, 11.0, 13, ABalpapappa, 6422, 0, 0, 0, , 0, 0, 0, 0, 0, 
470, 1, 467, 472, -1, 227, 325, 13.0, 17, ABalpapappp, 6072, 0, 0, 0, , 0, 0, 0, 0, 0, 
471, 1, 468, 473, -1, 260, 243, 10.0, 19, ABalpapaapp, 6610, 0, 0, 0, , 0, 0, 0, 0, 0, 
472, 1, 469, 474, -1, 283, 242, 9.0, 15, ABalpapaapa, 6825, 0, 0, 0, , 0, 0, 0, 0, 0, 
473, 1, 470, 475, -1, 303, 253, 10.0, 13, ABalpapaaaa, 10970, 0, 0, 0, , 0, 0, 0, 0, 0, 
474, 1, 471, 476, -1, 283, 267, 10.0, 17, ABalpapaaap, 6638, 0, 0, 0, , 0, 0, 0, 0, 0, 
475, 1, 472, 477, -1, 270, 257, 11.0, 15, ABalpappapa, 11636, 0, 0, 0, , 0, 0, 0, 0, 0, 
476, 1, 473, 485, -1, 284, 256, 15.0, 15, ABalpappaap, 7975, 0, 0, 0, , 0, 0, 0, 0, 0, 
477, 1, 474, 479, -1, 278, 238, 17.0, 13, ABalpappaaa, 6152, 0, 0, 0, , 0, 0, 0, 0, 0, 
478, 1, 475, 480, -1, 231, 269, 13.0, 17, ABalpappapp, 12320, 0, 0, 0, , 0, 0, 0, 0, 0, 
479, 1, 476, 481, -1, 273, 267, 17.0, 15, ABalpapppa, 9026, 0, 0, 0, , 0, 0, 0, 0, 0, 
480, 1, 477, 482, -1, 304, 251, 17.0, 13, ABalpaaapaa, 4813, 0, 0, 0, , 0, 0, 0, 0, 0, 
481, 1, 478, 483, -1, 292, 257, 20.0, 13, ABalpaaapap, 4607, 0, 0, 0, , 0, 0, 0, 0, 0, 
482, 1, 479, 484, -1, 292, 244, 12.0, 15, ABalpaaaap, 11925, 0, 0, 0, , 0, 0, 0, 0, 0, 
483, 1, 480, 478, -1, 293, 249, 14.0, 15, ABalpaaaaap, 19091, 0, 0, 0, , 0, 0, 0, 0, 0, 
484, 1, 481, 486, -1, 309, 235, 13.0, 13, ABalpaaaaaa, 5003, 0, 0, 0, , 0, 0, 0, 0, 0, 
485, 1, 482, 487, -1, 337, 225, 14.0, 13, ABalpaapppa, 5389, 0, 0, 0, , 0, 0, 0, 0, 0, 
486, 1, 483, 488, -1, 320, 249, 11.0, 11, ABalpaapppp, 3413, 0, 0, 0, , 0, 0, 0, 0, 0, 
487, 1, 484, 489, -1, 322, 225, 13.0, 13, ABalpaappaa, 4187, 0, 0, 0, , 0, 0, 0, 0, 0, 
488, 1, 485, 490, -1, 315, 235, 11.0, 15, ABalpaappap, 3583, 0, 0, 0, , 0, 0, 0, 0, 0, 
489, 1, 486, 491, -1, 285, 253, 23.0, 17, ABalpaapapp, 5196, 0, 0, 0, , 0, 0, 0, 0, 0, 
490, 1, 487, 492, -1, 297, 241, 21.0, 17, ABalpaapapa, 4303, 0, 0, 0, , 0, 0, 0, 0, 0, 
491, 1, 488, 493, -1, 315, 241, 22.0, 13, ABalpaapaap, 3392, 0, 0, 0, , 0, 0, 0, 0, 0, 
492, 1, 489, 494, -1, 320, 234, 19.0, 15, ABalpaapaaa, 4955, 0, 0, 0, , 0, 0, 0, 0, 0, 
493, 1, 490, 495, -1, 171, 269, 28.0, 19, Epraa, 9977, 0, 0, 0, , 0, 0, 0, 0, 0, 
494, 0, 491, -1, -1, 163, 288, 28.0, 21, , 5110, 0, 0, 0, , 0, 0, 0, 0, 0, 
495, 0, 492, -1, -1, 204, 250, 25.0, 13, , 3854, 0, 0, 0, , 0, 0, 0, 0, 0, 
496, 1, 493, 498, -1, 155, 262, 25.0, 21, Earpp, 16697, 0, 0, 0, , 0, 0, 0, 0, 0, 
497, 1, 494, 499, -1, 184, 284, 24.0, 21, Ealap, 65535, 0, 0, 0, , 0, 0, 0, 0, 0, 
498, 1, 495, 500, -1, 210, 279, 25.0, 15, Ealaa, 4774, 0, 0, 0, , 0, 0, 0, 0, 0, 
499, 1, 496, 501, -1, 163, 289, 26.0, 19, Eplaa, 12003, 0, 0, 0, , 0, 0, 0, 0, 0, 
500, 1, 497, 502, -1, 138, 302, 24.0, 19, Eplap, 35279, 0, 0, 0, , 0, 0, 0, 0, 0, 
501, 1, 498, 503, -1, 132, 277, 18.0, 17, Eprpp, 12387, 0, 0, 0, , 0, 0, 0, 0, 0, 
502, 1, 499, 504, -1, 190, 335, 28.0, 15, Dapap, 5529, 0, 0, 0, , 0, 0, 0, 0, 0, 
503, 1, 500, 505, -1, 214, 327, 24.0, 17, Dapaa, 6220, 0, 0, 0, , 0, 0, 0, 0, 0, 
504, 1, 501, 506, -1, 227, 280, 23.0, 15, MSaapaapp, 5000, 0, 0, 0, , 0, 0, 0, 0, 0, 
505, 1, 502, 507, -1, 238, 271, 22.0, 15, MSaapaapa, 4119, 0, 0, 0, , 0, 0, 0, 0, 0, 
506, 1, 503, 508, -1, 164, 209, 32.0, 15, ABarpppapp, 5936, 0, 0, 0, , 0, 0, 0, 0, 0, 
507, 1, 504, 509, -1, 226, 313, 15.0, 13, ABplppaapap, 4474, 0, 0, 0, , 0, 0, 0, 0, 0, 
508, 1, 505, 510, -1, 248, 305, 15.0, 13, ABplppaapaa, 5786, 0, 0, 0, , 0, 0, 0, 0, 0, 
509, 1, 506, 511, -1, 77, 302, 26.0, 19, Cpapap, 7698, 0, 0, 0, , 0, 0, 0, 0, 0, 
510, 0, 507, -1, -1, 208, 274, 27.0, 19, , 14176, 0, 0, 0, , 0, 0, 0, 0, 0, 
511, 1, 508, 512, -1, 342, 246, 17.0, 19, ABalaaaala, 15664, 0, 0, 0, , 0, 0, 0, 0, 0, 
512, 1, 509, 513, -1, 273, 174, 33.0, 13, ABarpappaa, 5013, 0, 0, 0, , 0, 0, 0, 0, 0, 
513, 1, 510, 514, -1, 105, 263, 29.0, 15, Cppppaa, 5351, 0, 0, 0, , 0, 0, 0, 0, 0, 
514, 1, 511, 515, -1, 90, 280, 24.0, 17, Cppppap, 5622, 0, 0, 0, , 0, 0, 0, 0, 0, 
515, 1, 512, 516, -1, 95, 292, 15.0, 15, Cpppppv, 4264, 0, 0, 0, , 0, 0, 0, 0, 0, 
516, 1, 513, 517, -1, 186, 265, 19.0, 21, Earpa, 30802, 0, 0, 0, , 0, 0, 0, 0, 0, 
517, 1, 514, 518, -1, 259, 197, 32.0, 15, MSppappp, 5709, 0, 0, 0, , 0, 0, 0, 0, 0, 
518, 1, 515, 519, -1, 128, 278, 22.0, 21, Eprpa, 12080, 0, 0, 0, , 0, 0, 0, 0, 0, 
519, 1, 516, 520, -1, 237, 246, 34.0, 19, ABarpaappa, 7508, 0, 0, 0, , 0, 0, 0, 0, 0, 
520, 1, 517, 521, -1, 227, 305, 34.0, 19, ABarppaapa, 10055, 0, 0, 0, , 0, 0, 0, 0, 0, 
521, 1, 518, 522, -1, 129, 300, 17.0, 23, Eplpp, 16488, 0, 0, 0, , 0, 0, 0, 0, 0, 
522, 1, 519, 523, -1, 199, 282, 15.0, 15, MSaappap, 4809, 0, 0, 0, , 0, 0, 0, 0, 0, 
523, 1, 520, 524, -1, 179, 294, 15.0, 23, Z3, 37470, 0, 0, 0, , 0, 0, 0, 0, 0, 
524, 1, 521, 525, -1, 263, 181, 10.0, 13, ABalaapappa, 3481, 0, 0, 0, , 0, 0, 0, 0, 0, 
525, 1, 522, 526, -1, 212, 272, 14.0, 13, MSaappaa, 3329, 0, 0, 0, , 0, 0, 0, 0, 0, 
526, 0, 523, -1, -1, 174, 270, 27.0, 21, , 13852, 0, 0, 0, , 0, 0, 0, 0, 0, 
527, 1, 524, 528, -1, 258, 319, 16.0, 13, ABplppaaaap, 2666, 0, 0, 0, , 0, 0, 0, 0, 0, 
528, 1, 525, 529, -1, 123, 303, 10.0, 11, ABplpppapap, 3103, 0, 0, 0, , 0, 0, 0, 0, 0, 
529, 1, 526, 530, -1, 230, 330, 17.0, 15, ABplppapaaa, 5305, 0, 0, 0, , 0, 0, 0, 0, 0, 
530, 1, 527, 531, -1, 328, 229, 30.0, 13, ABalapapapa, 2471, 0, 0, 0, , 0, 0, 0, 0, 0, 
531, 1, 528, 532, -1, 343, 244, 20.0, 15, ABalaaapall, 6423, 0, 0, 0, , 0, 0, 0, 0, 0, 
532, 1, 529, 533, -1, 139, 279, 26.0, 19, Eprap, 17424, 0, 0, 0, , 0, 0, 0, 0, 0, 
533, 1, 530, 534, -1, 266, 194, 16.0, 13, ABprpaaaaaa, 8747, 0, 0, 0, , 0, 0, 0, 0, 0, 
534, 1, 531, 535, -1, 200, 272, 33.0, 19, Cpaaaa, 10723, 0, 0, 0, , 0, 0, 0, 0, 0, 
535, 1, 532, 536, -1, 154, 271, 13.0, 15, MSpappap, 4203, 0, 0, 0, , 0, 0, 0, 0, 0, 
536, 1, 533, 537, -1, 226, 242, 25.0, 19, MSpaapapp, 14058, 0, 0, 0, , 0, 0, 0, 0, 0, 
537, 0, 534, -1, -1, 205, 250, 28.0, 19, , 18416, 0, 0, 0, , 0, 0, 0, 0, 0, 
538, 1, 535, 539, -1, 197, 221, 35.0, 17, ABarpppapa, 2963, 0, 0, 0, , 0, 0, 0, 0, 0, 
539, 1, 536, 540, -1, 86, 286, 20.0, 15, Cpppppd, 4320, 0, 0, 0, , 0, 0, 0, 0, 0, 
540, 1, 537, 541, -1, 256, 297, 29.0, 13, ABplapaaaaa, 3010, 0, 0, 0, , 0, 0, 0, 0, 0, 
541, 0, 538, -1, -1, 132, 306, 20.0, 21, , 24837, 0, 0, 0, , 0, 0, 0, 0, 0, 
542, 1, 539, 573, -1, 171, 292, 34.0, 19, Cpaaap, 3681, 0, 0, 0, , 0, 0, 0, 0, 0, 
543, 0, 540, -1, -1, 238, 287, 11.0, 11, , 1312, 0, 0, 0, , 0, 0, 0, 0, 0, 
544, 1, 541, 544, -1, 254, 308, 32.0, 15, ABplapaaaap, 5408, 0, 0, 0, , 0, 0, 0, 0, 0, 
545, 1, 542, 545, -1, 358, 267, 16.0, 13, ABalppaaapa, 4056, 0, 0, 0, , 0, 0, 0, 0, 0, 
546, 1, 543, 546, -1, 250, 264, 14.0, 15, ABalpappppp, 5707, 0, 0, 0, , 0, 0, 0, 0, 0, 
547, 0, 544, -1, -1, 155, 251, 15.0, 21, , 65535, 0, 0, 0, , 0, 0, 0, 0, 0, 
548, 1, 545, 548, -1, 344, 210, 23.0, 13, ABalaaaparr, 3911, 0, 0, 0, , 0, 0, 0, 0, 0, 
549, 1, 546, 549, -1, 348, 230, 22.0, 15, ABalaaaparl, 5574, 0, 0, 0, , 0, 0, 0, 0, 0, 
550, 1, 547, 550, -1, 266, 263, 21.0, 11, ABalpaaappp, 6506, 0, 0, 0, , 0, 0, 0, 0, 0, 
551, 1, 547, 551, -1, 280, 258, 19.0, 13, ABalpaaappa, 4865, 0, 0, 0, , 0, 0, 0, 0, 0, 
552, 0, 548, -1, -1, 207, 272, 24.0, 19, , 6111, 0, 0, 0, , 0, 0, 0, 0, 0, 
553, 1, 549, 553, -1, 206, 252, 9.0, 15, ABprpappapa, 2780, 0, 0, 0, , 0, 0, 0, 0, 0, 
554, 0, 550, -1, -1, 176, 299, 15.0, 13, , 2311, 0, 0, 0, , 0, 0, 0, 0, 0, 
555, 1, 551, 555, -1, 138, 336, 28.0, 13, Cappaap, 3552, 0, 0, 0, , 0, 0, 0, 0, 0, 
556, 1, 552, 556, -1, 269, 255, 13.0, 15, ABalpappppa, 7037, 0, 0, 0, , 0, 0, 0, 0, 0, 
557, 0, 553, -1, -1, 240, 233, 12.0, 13, , 5087, 0, 0, 0, , 0, 0, 0, 0, 0, 
558, 0, 554, -1, -1, 184, 260, 23.0, 23, , 15234, 0, 0, 0, , 0, 0, 0, 0, 0, 
559, 1, 555, 559, -1, 302, 206, 32.0, 17, ABalapppapp, 2445, 0, 0, 0, , 0, 0, 0, 0, 0, 
560, 0, 556, -1, -1, 203, 242, 9.0, 13, , 2214, 0, 0, 0, , 0, 0, 0, 0, 0, 
561, 1, 557, 561, -1, 219, 246, 21.0, 15, MSpapaapa, 7851, 0, 0, 0, , 0, 0, 0, 0, 0, 
562, 1, 558, 562, -1, 277, 166, 28.0, 13, ABpraapaapp, 4595, 0, 0, 0, , 0, 0, 0, 0, 0, 
563, 1, 559, 563, -1, 305, 180, 30.0, 11, ABalapppppa, 2079, 0, 0, 0, , 0, 0, 0, 0, 0, 
564, 0, 560, -1, -1, 161, 190, 21.0, 13, , 3801, 0, 0, 0, , 0, 0, 0, 0, 0, 
565, 0, 561, -1, -1, 233, 347, 21.0, 15, , 4018, 0, 0, 0, , 0, 0, 0, 0, 0, 
566, 1, 37, 566, -1, 299, 219, 12.0, 13, ABarapaaaaa, 6271, 0, 0, 0, , 0, 0, 0, 0, 0, 
567, 0, -1, -1, -1, 97, 323, 18.0, 15, , 4477, 0, 0, 0, , 0, 0, 0, 0, 0, 
568, 0, -1, -1, -1, 263, 330, 23.0, 13, , 3537, 0, 0, 0, , 0, 0, 0, 0, 0, 
569, 1, 568, 569, -1, 196, 305, 34.0, 21, Caaaaa, 2099, 0, 0, 0, , 0, 0, 0, 0, 0, 
570, 1, 553, 557, -1, 242, 235, 12.5, 15, ABarapapppa, 4133, 0, 0, 0, , 0, 0, 0, 0, 0, 
571, 1, 563, 574, -1, 247, 223, 18.0, 16, ABarapaappp, 14195, 0, 0, 0, , 0, 0, 0, 0, 0, 
572, 1, 564, 35, -1, 246, 225, 15.25, 16, ABarapappa, 22108, 0, 0, 0, , 0, 0, 0, 0, 0, 
573, 1, 410, 575, -1, 100, 300, 32.0, 19, Cpaapp, 2075, 0, 0, 0, , 0, 0, 0, 0, 0, 
574, 1, 565, 576, -1, 129, 300, 33.0, 15, Cpaapa, 0, 0, 0, 0, , 0, 0, 0, 0, 0, 
575, 1, 566, 577, -1, 110, 288, 33.0, 15, Caaapa, 0, 0, 0, 0, , 0, 0, 0, 0, 0, 
576, 1, 567, 578, -1, 145, 277, 33.0, 15, Caaaap, 2243, 0, 0, 0, , 0, 0, 0, 0, 0, 
577, 1, 507, 497, -1, 206, 250, 27.5, 21, Earaa, 2493, 0, 0, 0, , 0, 0, 0, 0, 0, 
578, 1, 569, 579, -1, 314, 288, 12.2, 15, ABalppaappa, 2703, 0, 0, 0, , 0, 0, 0, 0, 0, 
579, 1, 570, 580, -1, 280, 180, 11.3, 14, ABalaappapp, 1996, 0, 0, 0, , 0, 0, 0, 0, 0, 
580, 1, 457, 570, -1, 286, 289, 12.0, 13, ABalppapppp, 5390, 0, 0, 0, , 0, 0, 0, 0, 0, 
581, 1, 571, 461, -1, 299, 281, 16.0, 15, ABplpaaaaap, 6093, 0, 0, 0, , 0, 0, 0, 0, 0, 
582, 1, 573, 571, -1, 339, 195, 22.333334, 15, ABalaaappll, 6662, 0, 0, 0, , 0, 0, 0, 0, 0, 
583, 1, 574, 581, -1, 266, 261, 27.0, 13, MSaaapapa, 0, 0, 0, 0, , 0, 0, 0, 0, 0, 
584, 1, 443, 582, -1, 342, 266, 25.833334, 13, ABalppppapa, 3606, 0, 0, 0, , 0, 0, 0, 0, 0, 
585, 1, 575, 583, -1, 300, 249, 27.0, 13, MSaaapaaa, 0, 0, 0, 0, , 0, 0, 0, 0, 0, 
586, 1, 576, 584, -1, 240, 182, 12.0, 13, ABalaapappp, 0, 0, 0, 0, , 0, 0, 0, 0, 0, 
