1, 1, 1, 1, -1, 313, 208, 22.0, 13, ABaraappaaa, 5156, 0, 0, 0, , 0, 0, 0, 0, 0, 
2, 1, 2, 2, -1, 299, 211, 25.0, 13, ABaraappaap, 5969, 0, 0, 0, , 0, 0, 0, 0, 0, 
3, 1, 3, 3, -1, 267, 209, 24.0, 15, ABaraappapp, 7788, 0, 0, 0, , 0, 0, 0, 0, 0, 
4, 1, 4, 4, -1, 288, 206, 24.0, 17, ABaraappapa, 6107, 0, 0, 0, , 0, 0, 0, 0, 0, 
5, 1, 5, 5, -1, 250, 232, 24.0, 13, MSpaapapa, 4144, 0, 0, 0, , 0, 0, 0, 0, 0, 
6, 1, 6, 6, -1, 251, 216, 22.0, 15, ABaraapppaa, 5911, 0, 0, 0, , 0, 0, 0, 0, 0, 
7, 1, 7, 7, -1, 239, 241, 20.0, 13, ABaraappppp, 4661, 0, 0, 0, , 0, 0, 0, 0, 0, 
8, 1, 8, 8, -1, 256, 274, 22.0, 15, ABaraapappa, 7942, 0, 0, 0, , 0, 0, 0, 0, 0, 
9, 1, 9, 9, -1, 247, 254, 20.0, 15, ABaraapappp, 6967, 0, 0, 0, , 0, 0, 0, 0, 0, 
10, 1, 10, 10, -1, 256, 263, 24.0, 15, ABaraapapap, 3702, 0, 0, 0, , 0, 0, 0, 0, 0, 
11, 1, 11, 11, -1, 271, 259, 24.0, 17, ABaraapapaa, 8039, 0, 0, 0, , 0, 0, 0, 0, 0, 
12, 1, 12, 12, -1, 317, 223, 22.0, 15, ABaraapaaaa, 7732, 0, 0, 0, , 0, 0, 0, 0, 0, 
13, 1, 13, 13, -1, 310, 228, 25.0, 13, ABaraapaaap, 6829, 0, 0, 0, , 0, 0, 0, 0, 0, 
14, 1, 14, 14, -1, 292, 247, 25.0, 15, ABaraapaapp, 5914, 0, 0, 0, , 0, 0, 0, 0, 0, 
15, 1, 15, 15, -1, 301, 234, 24.0, 15, ABaraapaapa, 7987, 0, 0, 0, , 0, 0, 0, 0, 0, 
16, 1, 16, 16, -1, 304, 214, 10.0, 19, ABaraaappap, 4606, 0, 0, 0, , 0, 0, 0, 0, 0, 
17, 1, 17, 17, -1, 323, 212, 14.0, 11, ABaraaappaa, 4780, 0, 0, 0, , 0, 0, 0, 0, 0, 
18, 1, 18, 18, -1, 313, 201, 13.0, 13, ABaraaapppa, 4116, 0, 0, 0, , 0, 0, 0, 0, 0, 
19, 1, 19, 19, -1, 281, 208, 9.0, 15, ABaraaapppp, 4012, 0, 0, 0, , 0, 0, 0, 0, 0, 
20, 1, 20, 20, -1, 309, 211, 18.0, 13, ABaraaapaaa, 6238, 0, 0, 0, , 0, 0, 0, 0, 0, 
21, 1, 21, 21, -1, 282, 212, 22.0, 13, ABaraaapapa, 4341, 0, 0, 0, , 0, 0, 0, 0, 0, 
22, 1, 22, 22, -1, 297, 206, 21.0, 15, ABaraaapaap, 3971, 0, 0, 0, , 0, 0, 0, 0, 0, 
23, 1, 23, 23, -1, 267, 224, 21.0, 17, ABaraaapapp, 4034, 0, 0, 0, , 0, 0, 0, 0, 0, 
24, 1, 24, 24, -1, 296, 235, 18.0, 13, ABaraaaaaap, 4181, 0, 0, 0, , 0, 0, 0, 0, 0, 
25, 1, 25, 25, -1, 317, 233, 17.0, 13, ABaraaaaaaa, 4304, 0, 0, 0, , 0, 0, 0, 0, 0, 
26, 1, 26, 26, -1, 291, 213, 18.0, 13, ABaraaaaapp, 3842, 0, 0, 0, , 0, 0, 0, 0, 0, 
27, 1, 27, 27, -1, 307, 213, 15.0, 15, ABaraaaaapa, 3011, 0, 0, 0, , 0, 0, 0, 0, 0, 
28, 1, 28, 28, -1, 291, 228, 26.0, 11, ABaraaaapp, 5080, 0, 0, 0, , 0, 0, 0, 0, 0, 
29, 1, 29, 29, -1, 323, 216, 17.0, 15, ABaraaaapa, 6642, 0, 0, 0, , 0, 0, 0, 0, 0, 
30, 1, 30, 30, -1, 239, 252, 11.0, 15, ABarapapapp, 8683, 0, 0, 0, , 0, 0, 0, 0, 0, 
31, 1, 31, 31, -1, 256, 240, 11.0, 15, ABarapapapa, 8507, 0, 0, 0, , 0, 0, 0, 0, 0, 
32, 1, 32, 32, -1, 263, 238, 15.0, 13, ABarapapaap, 6386, 0, 0, 0, , 0, 0, 0, 0, 0, 
33, 1, 33, 33, -1, 266, 221, 15.0, 13, ABarapapaaa, 4799, 0, 0, 0, , 0, 0, 0, 0, 0, 
34, 1, 34, 34, -1, 222, 242, 13.0, 17, ABarapapppp, 7732, 0, 0, 0, , 0, 0, 0, 0, 0, 
35, 1, 35, 35, -1, 248, 228, 16.0, 15, ABarapappa, 18460, 0, 0, 0, , 0, 0, 0, 0, 0, 
36, 1, 36, 36, -1, 281, 225, 12.0, 15, ABarapaaap, 13677, 0, 0, 0, , 0, 0, 0, 0, 0, 
37, 1, 37, 37, -1, 281, 230, 15.0, 13, ABarapaaaap, 6382, 0, 0, 0, , 0, 0, 0, 0, 0, 
38, 1, 38, 38, 39, 276, 217, 18.0, 17, ABarapaapa, 25956, 0, 0, 0, , 0, 0, 0, 0, 0, 
39, 1, 39, 40, -1, 262, 230, 19.0, 17, ABarapaappa, 8643, 0, 0, 0, , 0, 0, 0, 0, 0, 
40, 1, 40, 41, -1, 259, 199, 10.0, 13, ABarapppapa, 4885, 0, 0, 0, , 0, 0, 0, 0, 0, 
41, 1, 41, 42, -1, 237, 211, 10.0, 13, ABarapppapp, 6194, 0, 0, 0, , 0, 0, 0, 0, 0, 
42, 1, 42, 43, -1, 289, 196, 11.0, 13, ABarapppaaa, 6141, 0, 0, 0, , 0, 0, 0, 0, 0, 
43, 1, 43, 44, -1, 274, 191, 10.0, 13, ABarapppaap, 4627, 0, 0, 0, , 0, 0, 0, 0, 0, 
44, 1, 44, 45, -1, 267, 195, 13.0, 15, ABarappppap, 6020, 0, 0, 0, , 0, 0, 0, 0, 0, 
45, 1, 45, 46, -1, 283, 191, 15.0, 13, ABarappppaa, 4740, 0, 0, 0, , 0, 0, 0, 0, 0, 
46, 1, 46, 47, -1, 246, 197, 12.0, 11, ABarapppppa, 3944, 0, 0, 0, , 0, 0, 0, 0, 0, 
47, 1, 47, 48, -1, 230, 192, 11.0, 13, ABarapppppp, 4879, 0, 0, 0, , 0, 0, 0, 0, 0, 
48, 1, 48, 49, -1, 248, 214, 11.0, 13, ABarappaaap, 6450, 0, 0, 0, , 0, 0, 0, 0, 0, 
49, 1, 49, 50, -1, 269, 212, 11.0, 13, ABarappaaaa, 5443, 0, 0, 0, , 0, 0, 0, 0, 0, 
50, 1, 50, 51, -1, 261, 225, 10.0, 13, ABarappaapa, 5360, 0, 0, 0, , 0, 0, 0, 0, 0, 
51, 1, 51, 52, -1, 239, 230, 10.0, 13, ABarappaapp, 6595, 0, 0, 0, , 0, 0, 0, 0, 0, 
52, 1, 52, 53, -1, 218, 219, 9.0, 17, ABarappapap, 9234, 0, 0, 0, , 0, 0, 0, 0, 0, 
53, 1, 53, 54, -1, 219, 196, 10.0, 15, ABarappapaa, 7458, 0, 0, 0, , 0, 0, 0, 0, 0, 
54, 1, 54, 55, -1, 176, 213, 11.0, 15, ABarappappp, 6806, 0, 0, 0, , 0, 0, 0, 0, 0, 
55, 1, 55, 56, -1, 190, 212, 10.0, 13, ABarappappa, 6683, 0, 0, 0, , 0, 0, 0, 0, 0, 
56, 1, 56, 57, -1, 230, 168, 30.0, 15, ABarpapppa, 5615, 0, 0, 0, , 0, 0, 0, 0, 0, 
57, 1, 57, 58, -1, 223, 181, 33.0, 19, ABarpapppp, 7516, 0, 0, 0, , 0, 0, 0, 0, 0, 
58, 1, 58, 59, -1, 258, 169, 32.0, 17, ABarpappap, 7013, 0, 0, 0, , 0, 0, 0, 0, 0, 
59, 1, 59, 60, -1, 294, 188, 34.0, 13, ABarpapaaap, 4323, 0, 0, 0, , 0, 0, 0, 0, 0, 
60, 1, 60, 61, -1, 287, 191, 27.0, 11, ABarpapaapa, 3897, 0, 0, 0, , 0, 0, 0, 0, 0, 
61, 1, 61, 62, -1, 284, 196, 31.0, 15, ABarpapaapp, 5201, 0, 0, 0, , 0, 0, 0, 0, 0, 
62, 1, 62, 63, -1, 249, 209, 35.0, 19, ABarpapapp, 23048, 0, 0, 0, , 0, 0, 0, 0, 0, 
63, 1, 63, 64, -1, 289, 215, 35.0, 15, ABarpapapa, 6089, 0, 0, 0, , 0, 0, 0, 0, 0, 
64, 1, 64, 65, -1, 235, 273, 34.0, 21, ABarpaappp, 12112, 0, 0, 0, , 0, 0, 0, 0, 0, 
65, 1, 65, 66, -1, 269, 215, 35.0, 15, ABarpaapaa, 5389, 0, 0, 0, , 0, 0, 0, 0, 0, 
66, 1, 66, 67, -1, 257, 260, 34.0, 19, ABarpaapap, 5552, 0, 0, 0, , 0, 0, 0, 0, 0, 
67, 1, 67, 68, -1, 331, 212, 32.0, 17, ABarpaaaaa, 17616, 0, 0, 0, , 0, 0, 0, 0, 0, 
68, 1, 68, 69, -1, 313, 231, 35.0, 19, ABarpaaaap, 19631, 0, 0, 0, , 0, 0, 0, 0, 0, 
69, 1, 69, 70, -1, 286, 232, 35.0, 11, ABarpaaapp, 4603, 0, 0, 0, , 0, 0, 0, 0, 0, 
70, 1, 70, 71, -1, 306, 208, 34.0, 19, ABarpaaapa, 13839, 0, 0, 0, , 0, 0, 0, 0, 0, 
71, 1, 71, 72, -1, 249, 327, 32.0, 15, ABarppaaap, 5840, 0, 0, 0, , 0, 0, 0, 0, 0, 
72, 1, 72, 73, -1, 210, 332, 32.0, 13, ABarppaapp, 5638, 0, 0, 0, , 0, 0, 0, 0, 0, 
73, 1, 73, 74, -1, 147, 352, 31.0, 17, ABarppappa, 6998, 0, 0, 0, , 0, 0, 0, 0, 0, 
74, 1, 74, 75, -1, 111, 358, 23.0, 17, ABarppappp, 4883, 0, 0, 0, , 0, 0, 0, 0, 0, 
75, 1, 75, 76, -1, 199, 349, 30.0, 17, ABarppapap, 6036, 0, 0, 0, , 0, 0, 0, 0, 0, 
76, 1, 76, 77, -1, 227, 337, 32.0, 15, ABarppapaa, 6573, 0, 0, 0, , 0, 0, 0, 0, 0, 
77, 1, 77, 78, -1, 76, 254, 22.0, 17, ABarpppppp, 6112, 0, 0, 0, , 0, 0, 0, 0, 0, 
78, 1, 78, 79, -1, 104, 237, 30.0, 19, ABarpppppa, 8200, 0, 0, 0, , 0, 0, 0, 0, 0, 
79, 1, 79, 80, -1, 172, 193, 31.0, 15, ABarppppaa, 5461, 0, 0, 0, , 0, 0, 0, 0, 0, 
80, 1, 80, 81, -1, 146, 211, 33.0, 15, ABarppppap, 11367, 0, 0, 0, , 0, 0, 0, 0, 0, 
81, 1, 81, 82, -1, 194, 189, 34.0, 17, ABarpppaap, 7437, 0, 0, 0, , 0, 0, 0, 0, 0, 
82, 1, 82, 83, -1, 223, 207, 34.0, 15, ABarpppaaa, 5020, 0, 0, 0, , 0, 0, 0, 0, 0, 
83, 1, 83, 84, -1, 324, 191, 24.0, 13, ABalappppaa, 2864, 0, 0, 0, , 0, 0, 0, 0, 0, 
84, 1, 84, 85, -1, 319, 183, 28.0, 13, ABalappppap, 2048, 0, 0, 0, , 0, 0, 0, 0, 0, 
85, 1, 85, 86, -1, 283, 178, 30.0, 11, ABalapppppp, 2007, 0, 0, 0, , 0, 0, 0, 0, 0, 
86, 1, 86, 87, -1, 331, 204, 25.0, 9, ABalapppaaa, 555, 0, 0, 0, , 0, 0, 0, 0, 0, 
87, 1, 87, 88, -1, 323, 198, 28.0, 11, ABalapppaap, 2836, 0, 0, 0, , 0, 0, 0, 0, 0, 
88, 1, 88, 89, -1, 317, 199, 31.0, 15, ABalapppapa, 3763, 0, 0, 0, , 0, 0, 0, 0, 0, 
89, 1, 89, 90, -1, 307, 182, 25.0, 19, ABalappapa, 9157, 0, 0, 0, , 0, 0, 0, 0, 0, 
90, 1, 90, 91, -1, 334, 211, 29.0, 13, ABalappaaa, 4033, 0, 0, 0, , 0, 0, 0, 0, 0, 
91, 1, 91, 92, -1, 325, 178, 23.0, 17, ABalappappa, 2356, 0, 0, 0, , 0, 0, 0, 0, 0, 
92, 1, 92, 93, -1, 312, 166, 25.0, 13, ABalappappp, 2820, 0, 0, 0, , 0, 0, 0, 0, 0, 
93, 1, 93, 94, -1, 319, 267, 33.0, 13, ABalapapppp, 1703, 0, 0, 0, , 0, 0, 0, 0, 0, 
94, 1, 94, 95, -1, 332, 264, 31.0, 11, ABalapapppa, 1791, 0, 0, 0, , 0, 0, 0, 0, 0, 
95, 1, 95, 96, -1, 341, 234, 24.0, 13, ABalapappaa, 3309, 0, 0, 0, , 0, 0, 0, 0, 0, 
96, 1, 96, 97, -1, 333, 250, 28.0, 15, ABalapappap, 5120, 0, 0, 0, , 0, 0, 0, 0, 0, 
97, 1, 97, 98, -1, 324, 230, 32.0, 15, ABalapapaa, 4337, 0, 0, 0, , 0, 0, 0, 0, 0, 
98, 1, 98, 99, -1, 319, 244, 32.0, 11, ABalapapapp, 2419, 0, 0, 0, , 0, 0, 0, 0, 0, 
99, 1, 99, 100, -1, 334, 252, 26.0, 15, ABalapaaaa, 8209, 0, 0, 0, , 0, 0, 0, 0, 0, 
100, 1, 100, 101, -1, 352, 252, 25.0, 15, ABalapaaapa, 4902, 0, 0, 0, , 0, 0, 0, 0, 0, 
101, 1, 101, 102, -1, 350, 264, 28.0, 13, ABalapaaapp, 2401, 0, 0, 0, , 0, 0, 0, 0, 0, 
102, 1, 102, 103, -1, 345, 259, 21.0, 15, ABalapaappa, 4973, 0, 0, 0, , 0, 0, 0, 0, 0, 
103, 1, 103, 104, -1, 324, 278, 17.0, 11, ABalapaapap, 3344, 0, 0, 0, , 0, 0, 0, 0, 0, 
104, 1, 104, 105, -1, 328, 259, 19.0, 13, ABalapaapaa, 4954, 0, 0, 0, , 0, 0, 0, 0, 0, 
105, 1, 105, 106, -1, 332, 271, 22.0, 13, ABalapaappp, 3193, 0, 0, 0, , 0, 0, 0, 0, 0, 
106, 1, 106, 107, -1, 315, 188, 15.0, 17, ABalaapaaa, 8853, 0, 0, 0, , 0, 0, 0, 0, 0, 
107, 1, 107, 108, -1, 240, 176, 11.0, 15, ABalaapapa, 8128, 0, 0, 0, , 0, 0, 0, 0, 0, 
108, 1, 108, 109, -1, 301, 190, 12.0, 15, ABalaapaap, 7041, 0, 0, 0, , 0, 0, 0, 0, 0, 
109, 1, 109, 110, -1, 297, 174, 14.0, 15, ABalaappapa, 4239, 0, 0, 0, , 0, 0, 0, 0, 0, 
110, 1, 110, 111, -1, 278, 171, 13.0, 13, ABalaappaa, 5748, 0, 0, 0, , 0, 0, 0, 0, 0, 
111, 1, 111, 112, -1, 307, 171, 22.0, 15, ABalaappppp, 3430, 0, 0, 0, , 0, 0, 0, 0, 0, 
112, 1, 112, 113, -1, 309, 185, 20.0, 15, ABalaappppa, 3099, 0, 0, 0, , 0, 0, 0, 0, 0, 
113, 1, 113, 114, -1, 297, 176, 21.0, 11, ABalaapppaa, 2768, 0, 0, 0, , 0, 0, 0, 0, 0, 
114, 1, 114, 115, -1, 295, 187, 18.0, 13, ABalaapppap, 3252, 0, 0, 0, , 0, 0, 0, 0, 0, 
115, 1, 115, 116, -1, 344, 250, 12.0, 13, ABalaaaalp, 1692, 0, 0, 0, , 0, 0, 0, 0, 0, 
116, 1, 116, 117, -1, 333, 203, 21.0, 15, ABalaaaarrp, 6346, 0, 0, 0, , 0, 0, 0, 0, 0, 
117, 1, 117, 118, -1, 330, 195, 17.0, 13, ABalaaaarra, 3826, 0, 0, 0, , 0, 0, 0, 0, 0, 
118, 1, 118, 119, -1, 337, 212, 18.0, 11, ABalaaaarlp, 3427, 0, 0, 0, , 0, 0, 0, 0, 0, 
119, 1, 119, 120, -1, 342, 230, 18.0, 13, ABalaaaarla, 4061, 0, 0, 0, , 0, 0, 0, 0, 0, 
120, 1, 120, 121, -1, 331, 183, 21.0, 13, ABalaaapplr, 3494, 0, 0, 0, , 0, 0, 0, 0, 0, 
121, 1, 121, 122, -1, 319, 187, 18.0, 15, ABalaaapprr, 4864, 0, 0, 0, , 0, 0, 0, 0, 0, 
122, 1, 122, 123, -1, 307, 176, 17.0, 15, ABalaaapprl, 6119, 0, 0, 0, , 0, 0, 0, 0, 0, 
123, 1, 123, 592, -1, 342, 217, 26.0, 13, ABalappaap, 3141, 0, 0, 0, , 0, 0, 0, 0, 0, 
124, 1, 124, 125, -1, 153, 324, 10.0, 15, ABplppppapa, 4348, 0, 0, 0, , 0, 0, 0, 0, 0, 
125, 1, 125, 126, -1, 142, 308, 10.0, 15, ABplppppapp, 3079, 0, 0, 0, , 0, 0, 0, 0, 0, 
126, 1, 126, 127, -1, 170, 303, 10.0, 13, ABplppppaaa, 4184, 0, 0, 0, , 0, 0, 0, 0, 0, 
127, 1, 127, 128, -1, 159, 306, 11.0, 13, ABplppppaap, 3904, 0, 0, 0, , 0, 0, 0, 0, 0, 
128, 1, 128, 129, -1, 88, 324, 13.0, 15, ABplppppppp, 4085, 0, 0, 0, , 0, 0, 0, 0, 0, 
129, 1, 129, 130, -1, 96, 319, 10.0, 13, ABplppppppa, 3484, 0, 0, 0, , 0, 0, 0, 0, 0, 
130, 1, 130, 131, -1, 132, 315, 14.0, 13, ABplpppppap, 4954, 0, 0, 0, , 0, 0, 0, 0, 0, 
131, 1, 131, 132, -1, 150, 312, 15.0, 15, ABplpppppaa, 5621, 0, 0, 0, , 0, 0, 0, 0, 0, 
132, 1, 132, 133, -1, 113, 301, 12.0, 11, ABplpppapp, 4292, 0, 0, 0, , 0, 0, 0, 0, 0, 
133, 1, 133, 134, -1, 129, 317, 10.0, 13, ABplpppapaa, 3914, 0, 0, 0, , 0, 0, 0, 0, 0, 
134, 1, 134, 135, -1, 126, 336, 11.0, 15, ABplpppaapp, 5782, 0, 0, 0, , 0, 0, 0, 0, 0, 
135, 1, 135, 136, -1, 140, 336, 11.0, 13, ABplpppaapa, 4623, 0, 0, 0, , 0, 0, 0, 0, 0, 
136, 1, 136, 137, -1, 175, 320, 10.0, 13, ABplpppaaaa, 4073, 0, 0, 0, , 0, 0, 0, 0, 0, 
137, 1, 137, 138, -1, 163, 337, 11.0, 15, ABplpppaaap, 4815, 0, 0, 0, , 0, 0, 0, 0, 0, 
138, 1, 138, 139, -1, 170, 339, 13.0, 13, ABplppapppp, 5105, 0, 0, 0, , 0, 0, 0, 0, 0, 
139, 1, 139, 140, -1, 192, 330, 12.0, 13, ABplppapppa, 4039, 0, 0, 0, , 0, 0, 0, 0, 0, 
140, 1, 140, 141, -1, 199, 316, 12.0, 13, ABplppappap, 4652, 0, 0, 0, , 0, 0, 0, 0, 0, 
141, 1, 141, 142, -1, 212, 312, 12.0, 13, ABplppappaa, 4342, 0, 0, 0, , 0, 0, 0, 0, 0, 
142, 1, 142, 143, -1, 208, 330, 13.0, 11, ABplppapaap, 3373, 0, 0, 0, , 0, 0, 0, 0, 0, 
143, 1, 143, 144, -1, 201, 338, 16.0, 15, ABplppapapa, 5079, 0, 0, 0, , 0, 0, 0, 0, 0, 
144, 1, 144, 145, -1, 181, 337, 17.0, 13, ABplppapapp, 3766, 0, 0, 0, , 0, 0, 0, 0, 0, 
145, 1, 145, 146, -1, 204, 301, 10.0, 13, ABplppaappa, 4561, 0, 0, 0, , 0, 0, 0, 0, 0, 
146, 1, 146, 147, -1, 188, 310, 10.0, 13, ABplppaappp, 4263, 0, 0, 0, , 0, 0, 0, 0, 0, 
147, 1, 147, 148, -1, 266, 302, 18.0, 13, ABplppaaaaa, 5257, 0, 0, 0, , 0, 0, 0, 0, 0, 
148, 1, 148, 149, -1, 254, 317, 19.0, 15, ABplppaaap, 6400, 0, 0, 0, , 0, 0, 0, 0, 0, 
149, 1, 149, 150, -1, 247, 269, 10.0, 15, ABplpappaaa, 6737, 0, 0, 0, , 0, 0, 0, 0, 0, 
150, 1, 150, 151, -1, 228, 280, 9.0, 15, ABplpappaap, 1533, 0, 0, 0, , 0, 0, 0, 0, 0, 
151, 1, 151, 152, -1, 222, 279, 13.0, 13, ABplpappap, 5428, 0, 0, 0, , 0, 0, 0, 0, 0, 
152, 1, 152, 153, -1, 144, 295, 11.0, 13, ABplpappppp, 4427, 0, 0, 0, , 0, 0, 0, 0, 0, 
153, 1, 153, 154, -1, 161, 284, 10.0, 13, ABplpappppa, 4138, 0, 0, 0, , 0, 0, 0, 0, 0, 
154, 1, 154, 155, -1, 179, 282, 10.0, 13, ABplpapppaa, 4151, 0, 0, 0, , 0, 0, 0, 0, 0, 
155, 1, 155, 156, -1, 165, 265, 10.0, 15, ABplpapppap, 4294, 0, 0, 0, , 0, 0, 0, 0, 0, 
156, 1, 156, 157, -1, 212, 291, 10.0, 13, ABplpapappa, 3836, 0, 0, 0, , 0, 0, 0, 0, 0, 
157, 1, 157, 158, -1, 190, 289, 11.0, 13, ABplpapappp, 4545, 0, 0, 0, , 0, 0, 0, 0, 0, 
158, 1, 158, 159, -1, 225, 297, 13.0, 11, ABplpapapap, 3081, 0, 0, 0, , 0, 0, 0, 0, 0, 
159, 1, 159, 160, -1, 241, 297, 14.0, 15, ABplpapapaa, 2923, 0, 0, 0, , 0, 0, 0, 0, 0, 
160, 1, 160, 161, -1, 273, 294, 14.0, 13, ABplpapaapa, 2373, 0, 0, 0, , 0, 0, 0, 0, 0, 
161, 1, 161, 162, -1, 257, 303, 14.0, 11, ABplpapaapp, 2453, 0, 0, 0, , 0, 0, 0, 0, 0, 
162, 1, 162, 163, -1, 259, 289, 14.0, 13, ABplpapaaap, 3313, 0, 0, 0, , 0, 0, 0, 0, 0, 
163, 1, 163, 164, -1, 272, 283, 12.0, 11, ABplpapaaaa, 3276, 0, 0, 0, , 0, 0, 0, 0, 0, 
164, 1, 164, 165, -1, 235, 329, 14.0, 13, ABplpaaaapp, 5283, 0, 0, 0, , 0, 0, 0, 0, 0, 
165, 1, 165, 166, -1, 244, 318, 12.0, 13, ABplpaaaapa, 5153, 0, 0, 0, , 0, 0, 0, 0, 0, 
166, 1, 166, 167, -1, 312, 272, 16.0, 13, ABplpaaaaaa, 7643, 0, 0, 0, , 0, 0, 0, 0, 0, 
167, 1, 167, 168, -1, 303, 308, 16.0, 15, ABplpaaapap, 5594, 0, 0, 0, , 0, 0, 0, 0, 0, 
168, 1, 168, 169, -1, 314, 295, 15.0, 13, ABplpaaapaa, 6352, 0, 0, 0, , 0, 0, 0, 0, 0, 
169, 1, 169, 170, -1, 291, 293, 15.0, 15, ABplpaaappa, 5247, 0, 0, 0, , 0, 0, 0, 0, 0, 
170, 1, 170, 171, -1, 280, 300, 15.0, 15, ABplpaaappp, 6018, 0, 0, 0, , 0, 0, 0, 0, 0, 
171, 1, 171, 172, -1, 265, 315, 25.0, 13, ABplpaappap, 5226, 0, 0, 0, , 0, 0, 0, 0, 0, 
172, 1, 172, 173, -1, 283, 302, 23.0, 15, ABplpaappaa, 5243, 0, 0, 0, , 0, 0, 0, 0, 0, 
173, 1, 173, 174, -1, 292, 306, 19.0, 11, ABplpaapppa, 5974, 0, 0, 0, , 0, 0, 0, 0, 0, 
174, 1, 174, 175, -1, 306, 312, 19.0, 13, ABplpaapapp, 4910, 0, 0, 0, , 0, 0, 0, 0, 0, 
175, 1, 175, 176, -1, 279, 313, 17.0, 13, ABplpaapppp, 4544, 0, 0, 0, , 0, 0, 0, 0, 0, 
176, 1, 176, 177, -1, 305, 290, 19.0, 15, ABplpaapaap, 6703, 0, 0, 0, , 0, 0, 0, 0, 0, 
177, 1, 177, 178, -1, 305, 272, 18.0, 15, ABplpaapaaa, 7620, 0, 0, 0, , 0, 0, 0, 0, 0, 
178, 1, 178, 179, -1, 317, 308, 22.0, 15, ABplpaapapa, 6143, 0, 0, 0, , 0, 0, 0, 0, 0, 
179, 1, 179, 180, -1, 274, 326, 20.0, 15, ABplaappap, 6772, 0, 0, 0, , 0, 0, 0, 0, 0, 
180, 1, 180, 181, -1, 291, 320, 20.0, 13, ABplaappaa, 4262, 0, 0, 0, , 0, 0, 0, 0, 0, 
181, 1, 181, 182, -1, 261, 334, 20.0, 15, ABplaapppa, 8130, 0, 0, 0, , 0, 0, 0, 0, 0, 
182, 1, 182, 183, -1, 231, 344, 23.0, 13, ABplaapppp, 4348, 0, 0, 0, , 0, 0, 0, 0, 0, 
183, 1, 183, 184, -1, 348, 234, 28.0, 15, ABplaapaaaa, 5843, 0, 0, 0, , 0, 0, 0, 0, 0, 
184, 1, 184, 185, -1, 343, 251, 31.0, 13, ABplaapaaap, 5619, 0, 0, 0, , 0, 0, 0, 0, 0, 
185, 1, 185, 186, -1, 342, 273, 32.0, 13, ABplaapaapa, 1110, 0, 0, 0, , 0, 0, 0, 0, 0, 
186, 1, 186, 187, -1, 329, 286, 29.0, 17, ABplaapaapp, 5896, 0, 0, 0, , 0, 0, 0, 0, 0, 
187, 1, 187, 188, -1, 292, 297, 29.0, 17, ABplaapappp, 4945, 0, 0, 0, , 0, 0, 0, 0, 0, 
188, 1, 188, 189, -1, 308, 278, 28.0, 15, ABplaapappa, 6136, 0, 0, 0, , 0, 0, 0, 0, 0, 
189, 1, 189, 190, -1, 297, 289, 26.0, 13, ABplaapapap, 7615, 0, 0, 0, , 0, 0, 0, 0, 0, 
190, 1, 190, 191, -1, 305, 273, 25.0, 15, ABplaapapaa, 11552, 0, 0, 0, , 0, 0, 0, 0, 0, 
191, 1, 191, 192, -1, 308, 257, 33.0, 13, ABplaaaaapp, 4672, 0, 0, 0, , 0, 0, 0, 0, 0, 
192, 1, 192, 193, -1, 318, 260, 29.0, 13, ABplaaaaapa, 4695, 0, 0, 0, , 0, 0, 0, 0, 0, 
193, 1, 193, 194, -1, 332, 249, 34.0, 15, ABplaaaaaa, 7485, 0, 0, 0, , 0, 0, 0, 0, 0, 
194, 1, 194, 195, -1, 275, 260, 34.0, 15, ABplaaaapp, 9287, 0, 0, 0, , 0, 0, 0, 0, 0, 
195, 1, 195, 196, -1, 293, 253, 35.0, 17, ABplaaaapa, 7556, 0, 0, 0, , 0, 0, 0, 0, 0, 
196, 1, 196, 197, -1, 291, 301, 32.0, 15, ABplaaappa, 5186, 0, 0, 0, , 0, 0, 0, 0, 0, 
197, 1, 197, 198, -1, 276, 308, 33.0, 17, ABplaaappp, 5839, 0, 0, 0, , 0, 0, 0, 0, 0, 
198, 1, 198, 199, -1, 309, 299, 31.0, 17, ABplaaapap, 6021, 0, 0, 0, , 0, 0, 0, 0, 0, 
199, 1, 199, 200, -1, 318, 281, 32.0, 13, ABplaaapaa, 4607, 0, 0, 0, , 0, 0, 0, 0, 0, 
200, 1, 200, 201, -1, 127, 352, 14.0, 17, ABplappppa, 5554, 0, 0, 0, , 0, 0, 0, 0, 0, 
201, 1, 201, 202, -1, 103, 337, 14.0, 15, ABplappppp, 6491, 0, 0, 0, , 0, 0, 0, 0, 0, 
202, 1, 202, 203, -1, 111, 346, 17.0, 17, ABplapppaa, 6906, 0, 0, 0, , 0, 0, 0, 0, 0, 
203, 1, 203, 204, -1, 114, 323, 12.0, 13, ABplapppapp, 3482, 0, 0, 0, , 0, 0, 0, 0, 0, 
204, 1, 204, 205, -1, 122, 336, 13.0, 11, ABplapppapa, 3907, 0, 0, 0, , 0, 0, 0, 0, 0, 
205, 1, 205, 206, -1, 197, 354, 23.0, 15, ABplappaaa, 7483, 0, 0, 0, , 0, 0, 0, 0, 0, 
206, 1, 206, 207, -1, 177, 360, 24.0, 15, ABplappaap, 6689, 0, 0, 0, , 0, 0, 0, 0, 0, 
207, 1, 207, 208, -1, 160, 361, 20.0, 15, ABplappapp, 7513, 0, 0, 0, , 0, 0, 0, 0, 0, 
208, 1, 208, 209, -1, 171, 349, 31.0, 15, ABplappapa, 6906, 0, 0, 0, , 0, 0, 0, 0, 0, 
209, 1, 209, 210, -1, 215, 351, 25.0, 15, ABplapaapp, 9088, 0, 0, 0, , 0, 0, 0, 0, 0, 
210, 1, 210, 211, -1, 248, 341, 22.0, 15, ABplapaapa, 7886, 0, 0, 0, , 0, 0, 0, 0, 0, 
211, 1, 211, 212, -1, 257, 298, 33.0, 13, ABarppaaaa, 6718, 0, 0, 0, , 0, 0, 0, 0, 0, 
212, 1, 212, 213, -1, 243, 332, 27.0, 17, ABplapaaapp, 5014, 0, 0, 0, , 0, 0, 0, 0, 0, 
213, 1, 213, 214, -1, 247, 318, 27.0, 15, ABplapaaapa, 5287, 0, 0, 0, , 0, 0, 0, 0, 0, 
214, 1, 214, 215, -1, 103, 353, 20.0, 13, ABplapapppa, 3784, 0, 0, 0, , 0, 0, 0, 0, 0, 
215, 1, 215, 216, -1, 85, 342, 17.0, 13, ABplapapppp, 3656, 0, 0, 0, , 0, 0, 0, 0, 0, 
216, 1, 216, 217, -1, 140, 368, 21.0, 15, ABplapapap, 6802, 0, 0, 0, , 0, 0, 0, 0, 0, 
217, 1, 217, 218, -1, 128, 361, 18.0, 15, ABplapappa, 8265, 0, 0, 0, , 0, 0, 0, 0, 0, 
218, 1, 218, 219, -1, 129, 359, 28.0, 19, ABplapapaa, 20854, 0, 0, 0, , 0, 0, 0, 0, 0, 
219, 1, 219, 220, -1, 234, 213, 12.0, 11, ABprpapaaaa, 4221, 0, 0, 0, , 0, 0, 0, 0, 0, 
220, 1, 220, 221, -1, 211, 202, 13.0, 13, ABprpapaapp, 3583, 0, 0, 0, , 0, 0, 0, 0, 0, 
221, 1, 221, 222, -1, 182, 235, 11.0, 13, ABprpapappa, 4334, 0, 0, 0, , 0, 0, 0, 0, 0, 
222, 1, 222, 223, -1, 178, 259, 11.0, 17, ABprpapappp, 5264, 0, 0, 0, , 0, 0, 0, 0, 0, 
223, 1, 223, 224, -1, 192, 227, 13.0, 11, ABprpapapap, 3200, 0, 0, 0, , 0, 0, 0, 0, 0, 
224, 1, 224, 225, -1, 204, 223, 12.0, 11, ABprpapapaa, 3565, 0, 0, 0, , 0, 0, 0, 0, 0, 
225, 1, 225, 226, -1, 128, 289, 13.0, 15, ABprpappppp, 3847, 0, 0, 0, , 0, 0, 0, 0, 0, 
226, 1, 226, 227, -1, 148, 290, 13.0, 15, ABprpappppa, 5080, 0, 0, 0, , 0, 0, 0, 0, 0, 
227, 1, 227, 228, -1, 208, 239, 11.0, 13, ABprpapppaa, 5435, 0, 0, 0, , 0, 0, 0, 0, 0, 
228, 1, 228, 229, -1, 193, 253, 11.0, 15, ABprpapppap, 4010, 0, 0, 0, , 0, 0, 0, 0, 0, 
229, 1, 229, 230, -1, 200, 273, 10.0, 15, ABprpappapp, 5924, 0, 0, 0, , 0, 0, 0, 0, 0, 
230, 1, 230, 231, -1, 220, 235, 10.0, 15, ABprpappaap, 7513, 0, 0, 0, , 0, 0, 0, 0, 0, 
231, 1, 231, 232, -1, 231, 245, 9.0, 17, ABprpappaaa, 4328, 0, 0, 0, , 0, 0, 0, 0, 0, 
232, 1, 232, 233, -1, 249, 190, 16.0, 15, ABprpaaaaap, 5638, 0, 0, 0, , 0, 0, 0, 0, 0, 
233, 1, 233, 234, -1, 264, 192, 18.0, 13, ABprpaapaaa, 6797, 0, 0, 0, , 0, 0, 0, 0, 0, 
234, 1, 234, 235, -1, 181, 196, 13.0, 13, ABprpaaaapp, 6235, 0, 0, 0, , 0, 0, 0, 0, 0, 
235, 1, 235, 236, -1, 198, 197, 11.0, 13, ABprpaaaapa, 5296, 0, 0, 0, , 0, 0, 0, 0, 0, 
236, 1, 236, 237, -1, 237, 185, 15.0, 15, ABprpaaappa, 4940, 0, 0, 0, , 0, 0, 0, 0, 0, 
237, 1, 237, 238, -1, 228, 204, 15.0, 11, ABprpapaapa, 2446, 0, 0, 0, , 0, 0, 0, 0, 0, 
238, 1, 238, 239, -1, 224, 188, 14.0, 15, ABprpaaappp, 6552, 0, 0, 0, , 0, 0, 0, 0, 0, 
239, 1, 239, 240, -1, 255, 175, 12.0, 15, ABprpaaapaa, 4815, 0, 0, 0, , 0, 0, 0, 0, 0, 
240, 1, 240, 241, -1, 240, 166, 15.0, 13, ABprpaaapap, 4642, 0, 0, 0, , 0, 0, 0, 0, 0, 
241, 1, 241, 242, -1, 248, 178, 20.0, 13, ABprpaapaap, 5266, 0, 0, 0, , 0, 0, 0, 0, 0, 
242, 1, 242, 243, -1, 257, 158, 20.0, 15, ABprpaapapa, 6919, 0, 0, 0, , 0, 0, 0, 0, 0, 
243, 1, 243, 244, -1, 238, 163, 19.0, 13, ABprpaapapp, 5163, 0, 0, 0, , 0, 0, 0, 0, 0, 
244, 1, 244, 245, -1, 232, 169, 17.0, 13, ABprpaapppa, 4384, 0, 0, 0, , 0, 0, 0, 0, 0, 
245, 1, 245, 246, -1, 220, 176, 17.0, 13, ABprpaapppp, 4540, 0, 0, 0, , 0, 0, 0, 0, 0, 
246, 1, 246, 247, -1, 218, 186, 26.0, 13, ABprpaappap, 4295, 0, 0, 0, , 0, 0, 0, 0, 0, 
247, 1, 247, 248, -1, 232, 182, 22.0, 17, ABprpaappaa, 6520, 0, 0, 0, , 0, 0, 0, 0, 0, 
248, 1, 248, 249, -1, 83, 264, 10.0, 15, ABprpppaapp, 5062, 0, 0, 0, , 0, 0, 0, 0, 0, 
249, 1, 249, 250, -1, 101, 259, 11.0, 15, ABprpppaapa, 5407, 0, 0, 0, , 0, 0, 0, 0, 0, 
250, 1, 250, 251, -1, 117, 241, 11.0, 15, ABprpppaaap, 5003, 0, 0, 0, , 0, 0, 0, 0, 0, 
251, 1, 251, 252, -1, 140, 247, 11.0, 13, ABprpppaaaa, 5753, 0, 0, 0, , 0, 0, 0, 0, 0, 
252, 1, 252, 253, -1, 110, 276, 10.0, 13, ABprpppapaa, 4040, 0, 0, 0, , 0, 0, 0, 0, 0, 
253, 1, 253, 254, -1, 101, 292, 10.0, 15, ABprpppapap, 2538, 0, 0, 0, , 0, 0, 0, 0, 0, 
254, 1, 254, 255, -1, 106, 308, 9.0, 13, ABprpppapp, 5847, 0, 0, 0, , 0, 0, 0, 0, 0, 
255, 1, 255, 256, -1, 129, 261, 10.0, 15, ABprppppapa, 5175, 0, 0, 0, , 0, 0, 0, 0, 0, 
256, 1, 256, 257, -1, 124, 282, 10.0, 13, ABprppppapp, 5061, 0, 0, 0, , 0, 0, 0, 0, 0, 
257, 1, 257, 258, -1, 149, 267, 11.0, 13, ABprppppaaa, 5489, 0, 0, 0, , 0, 0, 0, 0, 0, 
258, 1, 258, 259, -1, 140, 275, 11.0, 13, ABprppppaap, 3568, 0, 0, 0, , 0, 0, 0, 0, 0, 
259, 1, 259, 260, -1, 73, 299, 13.0, 13, ABprppppppp, 4107, 0, 0, 0, , 0, 0, 0, 0, 0, 
260, 1, 260, 261, -1, 87, 304, 10.0, 13, ABprppppppa, 6033, 0, 0, 0, , 0, 0, 0, 0, 0, 
261, 1, 261, 262, -1, 125, 262, 15.0, 13, ABprpppppaa, 4985, 0, 0, 0, , 0, 0, 0, 0, 0, 
262, 1, 262, 263, -1, 108, 274, 15.0, 13, ABprpppppap, 4594, 0, 0, 0, , 0, 0, 0, 0, 0, 
263, 1, 263, 264, -1, 179, 213, 14.0, 11, ABprppaapap, 4537, 0, 0, 0, , 0, 0, 0, 0, 0, 
264, 1, 264, 265, -1, 200, 210, 14.0, 11, ABprppaapaa, 3861, 0, 0, 0, , 0, 0, 0, 0, 0, 
265, 1, 265, 266, -1, 173, 240, 10.0, 13, ABprppaappa, 5234, 0, 0, 0, , 0, 0, 0, 0, 0, 
266, 1, 266, 267, -1, 157, 244, 10.0, 13, ABprppaappp, 4135, 0, 0, 0, , 0, 0, 0, 0, 0, 
267, 1, 267, 268, -1, 218, 196, 17.0, 13, ABprppaaaaa, 6013, 0, 0, 0, , 0, 0, 0, 0, 0, 
268, 1, 268, 269, -1, 202, 194, 15.0, 15, ABprppaaaap, 4999, 0, 0, 0, , 0, 0, 0, 0, 0, 
269, 1, 269, 270, -1, 197, 182, 18.0, 11, ABprppaaap, 5308, 0, 0, 0, , 0, 0, 0, 0, 0, 
270, 1, 270, 271, -1, 169, 205, 16.0, 15, ABprppapaaa, 4584, 0, 0, 0, , 0, 0, 0, 0, 0, 
271, 1, 271, 272, -1, 151, 213, 16.0, 13, ABprppapaap, 4008, 0, 0, 0, , 0, 0, 0, 0, 0, 
272, 1, 272, 273, 274, 132, 223, 15.0, 15, ABprppapap, 7316, 0, 0, 0, , 0, 0, 0, 0, 0, 
273, 1, 273, 275, -1, 136, 235, 12.0, 17, ABprppappp, 8213, 0, 0, 0, , 0, 0, 0, 0, 0, 
274, 1, 274, 276, -1, 165, 219, 13.0, 15, ABprppappaa, 4017, 0, 0, 0, , 0, 0, 0, 0, 0, 
275, 1, 275, 277, -1, 153, 225, 11.0, 15, ABprppappap, 4590, 0, 0, 0, , 0, 0, 0, 0, 0, 
276, 1, 276, 278, -1, 339, 187, 28.0, 13, ABpraapaaaa, 4918, 0, 0, 0, , 0, 0, 0, 0, 0, 
277, 1, 277, 279, -1, 315, 182, 34.0, 15, ABarpapaaaa, 3452, 0, 0, 0, , 0, 0, 0, 0, 0, 
278, 1, 278, 280, -1, 324, 178, 31.0, 15, ABpraapaaap, 5633, 0, 0, 0, , 0, 0, 0, 0, 0, 
279, 1, 279, 281, -1, 300, 168, 28.0, 15, ABpraapaapa, 5003, 0, 0, 0, , 0, 0, 0, 0, 0, 
280, 1, 280, 282, -1, 250, 174, 25.0, 15, ABpraapapap, 5580, 0, 0, 0, , 0, 0, 0, 0, 0, 
281, 1, 281, 283, -1, 272, 179, 25.0, 13, ABpraapapaa, 4437, 0, 0, 0, , 0, 0, 0, 0, 0, 
282, 1, 282, 284, -1, 246, 169, 28.0, 15, ABpraapappp, 5903, 0, 0, 0, , 0, 0, 0, 0, 0, 
283, 1, 283, 285, -1, 264, 177, 28.0, 13, ABpraapappa, 4824, 0, 0, 0, , 0, 0, 0, 0, 0, 
284, 1, 284, 286, -1, 168, 190, 23.0, 15, ABpraapppp, 5790, 0, 0, 0, , 0, 0, 0, 0, 0, 
285, 1, 285, 287, -1, 194, 175, 21.0, 15, ABpraapppa, 6657, 0, 0, 0, , 0, 0, 0, 0, 0, 
286, 1, 286, 288, -1, 211, 173, 20.0, 15, ABpraappap, 4268, 0, 0, 0, , 0, 0, 0, 0, 0, 
287, 1, 287, 289, -1, 227, 164, 21.0, 13, ABpraappaa, 5435, 0, 0, 0, , 0, 0, 0, 0, 0, 
288, 1, 288, 290, -1, 292, 167, 24.0, 13, ABpraaapapa, 3724, 0, 0, 0, , 0, 0, 0, 0, 0, 
289, 1, 289, 291, -1, 274, 161, 25.0, 13, ABpraaapapp, 4495, 0, 0, 0, , 0, 0, 0, 0, 0, 
290, 1, 290, 292, -1, 279, 181, 21.0, 15, ABpraaapaa, 5769, 0, 0, 0, , 0, 0, 0, 0, 0, 
291, 1, 291, 293, -1, 262, 187, 21.0, 15, ABpraaappaa, 3327, 0, 0, 0, , 0, 0, 0, 0, 0, 
292, 1, 292, 294, -1, 251, 179, 23.0, 13, ABpraaappap, 5012, 0, 0, 0, , 0, 0, 0, 0, 0, 
293, 1, 293, 295, -1, 236, 186, 27.0, 13, ABpraaapppa, 4578, 0, 0, 0, , 0, 0, 0, 0, 0, 
294, 1, 294, 296, -1, 228, 169, 25.0, 15, ABpraaapppp, 5741, 0, 0, 0, , 0, 0, 0, 0, 0, 
295, 1, 295, 297, -1, 285, 163, 19.0, 15, ABpraaaaap, 5433, 0, 0, 0, , 0, 0, 0, 0, 0, 
296, 1, 296, 298, -1, 284, 174, 16.0, 13, ABpraaaaaaa, 4340, 0, 0, 0, , 0, 0, 0, 0, 0, 
297, 1, 297, 299, -1, 261, 171, 15.0, 13, ABpraaaaaap, 5958, 0, 0, 0, , 0, 0, 0, 0, 0, 
298, 1, 298, 300, -1, 261, 176, 17.0, 15, ABpraaaapav, 3239, 0, 0, 0, , 0, 0, 0, 0, 0, 
299, 1, 299, 301, -1, 268, 161, 18.0, 13, ABpraaaapad, 5067, 0, 0, 0, , 0, 0, 0, 0, 0, 
300, 1, 300, 302, -1, 278, 156, 22.0, 11, ABpraaaappa, 4131, 0, 0, 0, , 0, 0, 0, 0, 0, 
301, 1, 301, 303, -1, 264, 162, 23.0, 15, ABpraaaappp, 3937, 0, 0, 0, , 0, 0, 0, 0, 0, 
302, 1, 302, 304, -1, 110, 222, 20.0, 13, ABprappapp, 8417, 0, 0, 0, , 0, 0, 0, 0, 0, 
303, 1, 303, 305, -1, 122, 219, 30.0, 15, ABprappapa, 7274, 0, 0, 0, , 0, 0, 0, 0, 0, 
304, 1, 304, 306, -1, 121, 210, 23.0, 15, ABprappaap, 7987, 0, 0, 0, , 0, 0, 0, 0, 0, 
305, 1, 305, 307, -1, 143, 208, 20.0, 15, ABprappaaa, 8029, 0, 0, 0, , 0, 0, 0, 0, 0, 
306, 1, 306, 308, -1, 82, 259, 18.0, 17, ABprapppaa, 6583, 0, 0, 0, , 0, 0, 0, 0, 0, 
307, 1, 307, 309, -1, 91, 281, 12.0, 13, ABprapppapp, 3738, 0, 0, 0, , 0, 0, 0, 0, 0, 
308, 1, 308, 310, -1, 92, 263, 14.0, 11, ABprapppapa, 3294, 0, 0, 0, , 0, 0, 0, 0, 0, 
309, 1, 309, 311, -1, 73, 275, 14.0, 17, ABprappppp, 32389, 0, 0, 0, , 0, 0, 0, 0, 0, 
310, 1, 310, 312, -1, 82, 250, 14.0, 15, ABprappppa, 6723, 0, 0, 0, , 0, 0, 0, 0, 0, 
311, 1, 311, 313, -1, 203, 193, 27.0, 15, ABprapaaapa, 5280, 0, 0, 0, , 0, 0, 0, 0, 0, 
312, 1, 312, 314, -1, 186, 189, 26.0, 13, ABprapaaapp, 5144, 0, 0, 0, , 0, 0, 0, 0, 0, 
313, 1, 313, 315, -1, 213, 198, 33.0, 15, ABprapaaaap, 3946, 0, 0, 0, , 0, 0, 0, 0, 0, 
314, 1, 314, 316, -1, 221, 201, 30.0, 13, ABprapaaaaa, 3639, 0, 0, 0, , 0, 0, 0, 0, 0, 
315, 1, 315, 317, -1, 150, 196, 24.0, 13, ABprapaapp, 6723, 0, 0, 0, , 0, 0, 0, 0, 0, 
316, 1, 316, 318, -1, 178, 183, 20.0, 13, ABprapaapa, 7040, 0, 0, 0, , 0, 0, 0, 0, 0, 
317, 1, 317, 319, -1, 90, 240, 16.0, 15, ABprapappa, 6907, 0, 0, 0, , 0, 0, 0, 0, 0, 
318, 1, 318, 320, -1, 71, 281, 18.0, 15, ABprapapppp, 4493, 0, 0, 0, , 0, 0, 0, 0, 0, 
319, 1, 319, 321, -1, 71, 271, 22.0, 13, ABprapapppa, 3650, 0, 0, 0, , 0, 0, 0, 0, 0, 
320, 1, 320, 322, -1, 93, 232, 21.0, 15, ABprapapap, 6976, 0, 0, 0, , 0, 0, 0, 0, 0, 
321, 1, 321, 323, -1, 84, 254, 27.0, 15, ABprapapaa, 7175, 0, 0, 0, , 0, 0, 0, 0, 0, 
322, 1, 322, 324, -1, 236, 201, 29.0, 13, MSppppap, 3637, 0, 0, 0, , 0, 0, 0, 0, 0, 
323, 1, 323, 325, -1, 224, 204, 20.0, 13, MSppppaa, 3065, 0, 0, 0, , 0, 0, 0, 0, 0, 
324, 1, 324, 326, -1, 237, 220, 31.0, 13, MSpppppa, 2630, 0, 0, 0, , 0, 0, 0, 0, 0, 
325, 1, 325, 327, -1, 211, 225, 30.0, 15, MSpppppp, 2927, 0, 0, 0, , 0, 0, 0, 0, 0, 
326, 1, 326, 328, -1, 211, 217, 22.0, 17, MSpppaaa, 4807, 0, 0, 0, , 0, 0, 0, 0, 0, 
327, 1, 327, 329, -1, 144, 244, 20.0, 17, MSpppaap, 8425, 0, 0, 0, , 0, 0, 0, 0, 0, 
328, 1, 328, 330, -1, 198, 214, 18.0, 15, MSpppapp, 4426, 0, 0, 0, , 0, 0, 0, 0, 0, 
329, 1, 329, 331, -1, 212, 217, 17.0, 11, MSpppapa, 2929, 0, 0, 0, , 0, 0, 0, 0, 0, 
330, 1, 330, 332, -1, 218, 216, 13.0, 13, ABprpapaaap, 3696, 0, 0, 0, , 0, 0, 0, 0, 0, 
331, 1, 331, 333, -1, 175, 242, 13.0, 15, MSppaapp, 5383, 0, 0, 0, , 0, 0, 0, 0, 0, 
332, 1, 332, 334, -1, 244, 206, 16.0, 13, MSppaapa, 4197, 0, 0, 0, , 0, 0, 0, 0, 0, 
333, 1, 333, 335, -1, 288, 205, 15.0, 15, MSppaaaa, 4514, 0, 0, 0, , 0, 0, 0, 0, 0, 
334, 1, 334, 336, -1, 288, 190, 24.0, 15, MSppaaap, 7478, 0, 0, 0, , 0, 0, 0, 0, 0, 
335, 1, 335, 337, -1, 263, 189, 29.0, 15, MSppappa, 5089, 0, 0, 0, , 0, 0, 0, 0, 0, 
336, 1, 336, 338, -1, 245, 197, 23.0, 15, MSppapaa, 5736, 0, 0, 0, , 0, 0, 0, 0, 0, 
337, 1, 337, 339, -1, 238, 194, 19.0, 15, MSppapap, 3864, 0, 0, 0, , 0, 0, 0, 0, 0, 
338, 1, 338, 340, -1, 199, 260, 14.0, 13, MSpapappp, 2580, 0, 0, 0, , 0, 0, 0, 0, 0, 
339, 1, 339, 341, -1, 214, 251, 17.0, 15, MSpapappa, 4315, 0, 0, 0, , 0, 0, 0, 0, 0, 
340, 1, 340, 342, -1, 196, 246, 17.0, 15, MSpapapa, 6326, 0, 0, 0, , 0, 0, 0, 0, 0, 
341, 1, 341, 343, -1, 226, 232, 16.0, 15, MSpapaaaa, 4384, 0, 0, 0, , 0, 0, 0, 0, 0, 
342, 1, 342, 344, -1, 221, 235, 18.0, 15, MSpapaaap, 5157, 0, 0, 0, , 0, 0, 0, 0, 0, 
343, 1, 343, 345, -1, 205, 236, 23.0, 15, MSpapaapp, 8158, 0, 0, 0, , 0, 0, 0, 0, 0, 
344, 0, 344, -1, -1, 195, 244, 24.0, 11, , 1723, 0, 0, 0, , 0, 0, 0, 0, 0, 
345, 0, 345, -1, -1, 202, 257, 24.0, 11, , 2053, 0, 0, 0, , 0, 0, 0, 0, 0, 
346, 1, 346, 348, -1, 166, 318, 14.0, 13, MSpappaa, 5122, 0, 0, 0, , 0, 0, 0, 0, 0, 
347, 1, 347, 349, -1, 153, 230, 17.0, 15, MSpapppp, 6165, 0, 0, 0, , 0, 0, 0, 0, 0, 
348, 1, 348, 350, -1, 170, 220, 19.0, 19, MSpapppa, 4165, 0, 0, 0, , 0, 0, 0, 0, 0, 
349, 1, 349, 351, -1, 249, 233, 28.0, 15, MSpaaappa, 6164, 0, 0, 0, , 0, 0, 0, 0, 0, 
350, 1, 350, 352, -1, 231, 240, 27.0, 15, MSpaaappp, 4825, 0, 0, 0, , 0, 0, 0, 0, 0, 
351, 1, 351, 353, -1, 254, 250, 31.0, 15, MSpaaapaa, 4060, 0, 0, 0, , 0, 0, 0, 0, 0, 
352, 1, 352, 354, -1, 229, 254, 30.0, 15, MSpaaapap, 3280, 0, 0, 0, , 0, 0, 0, 0, 0, 
353, 1, 353, 355, -1, 281, 212, 27.0, 13, MSpaaaapa, 3342, 0, 0, 0, , 0, 0, 0, 0, 0, 
354, 1, 354, 356, -1, 262, 218, 28.0, 15, MSpaaaapp, 3167, 0, 0, 0, , 0, 0, 0, 0, 0, 
355, 1, 355, 357, -1, 269, 222, 31.0, 17, MSpaaaaa, 9177, 0, 0, 0, , 0, 0, 0, 0, 0, 
356, 1, 356, 358, -1, 230, 221, 19.0, 13, ABaraappppa, 4875, 0, 0, 0, , 0, 0, 0, 0, 0, 
357, 1, 357, 359, -1, 235, 223, 22.0, 15, ABaraapppap, 7108, 0, 0, 0, , 0, 0, 0, 0, 0, 
358, 1, 358, 360, -1, 235, 221, 28.0, 13, MSpaapaap, 4880, 0, 0, 0, , 0, 0, 0, 0, 0, 
359, 1, 359, 361, -1, 250, 212, 26.0, 13, MSpaapaaa, 2972, 0, 0, 0, , 0, 0, 0, 0, 0, 
360, 1, 360, 362, -1, 177, 254, 24.0, 15, Earap, 6960, 0, 0, 0, , 0, 0, 0, 0, 0, 
361, 1, 361, 363, -1, 265, 301, 21.0, 13, MSapppaa, 3850, 0, 0, 0, , 0, 0, 0, 0, 0, 
362, 1, 362, 364, -1, 252, 287, 27.0, 15, MSapppap, 4042, 0, 0, 0, , 0, 0, 0, 0, 0, 
363, 1, 363, 365, -1, 245, 281, 30.0, 15, MSappppa, 3878, 0, 0, 0, , 0, 0, 0, 0, 0, 
364, 1, 364, 366, -1, 217, 301, 29.0, 15, MSappppp, 3004, 0, 0, 0, , 0, 0, 0, 0, 0, 
365, 1, 365, 367, -1, 166, 316, 17.0, 15, MSappaap, 4644, 0, 0, 0, , 0, 0, 0, 0, 0, 
366, 1, 366, 368, -1, 231, 297, 21.0, 15, MSappaaa, 4961, 0, 0, 0, , 0, 0, 0, 0, 0, 
367, 1, 367, 369, -1, 241, 303, 20.0, 13, MSappapp, 2895, 0, 0, 0, , 0, 0, 0, 0, 0, 
368, 1, 368, 370, -1, 252, 295, 20.0, 13, MSappapa, 3231, 0, 0, 0, , 0, 0, 0, 0, 0, 
369, 1, 369, 371, -1, 289, 274, 30.0, 17, MSapappa, 11115, 0, 0, 0, , 0, 0, 0, 0, 0, 
370, 1, 370, 372, -1, 286, 264, 31.0, 15, MSapappp, 4029, 0, 0, 0, , 0, 0, 0, 0, 0, 
371, 1, 371, 373, -1, 274, 284, 18.0, 11, MSapapap, 1558, 0, 0, 0, , 0, 0, 0, 0, 0, 
372, 1, 372, 374, -1, 278, 278, 23.0, 17, MSapapaa, 6271, 0, 0, 0, , 0, 0, 0, 0, 0, 
373, 1, 373, 375, -1, 212, 297, 15.0, 15, MSapaapp, 5122, 0, 0, 0, , 0, 0, 0, 0, 0, 
374, 1, 374, 376, -1, 283, 281, 17.0, 13, MSapaapa, 3987, 0, 0, 0, , 0, 0, 0, 0, 0, 
375, 1, 375, 377, -1, 316, 251, 16.0, 15, MSapaaaa, 5052, 0, 0, 0, , 0, 0, 0, 0, 0, 
376, 1, 376, 378, -1, 316, 256, 24.0, 15, MSapaaap, 5873, 0, 0, 0, , 0, 0, 0, 0, 0, 
377, 1, 377, 379, -1, 305, 217, 29.0, 17, MSaaaaapa, 4603, 0, 0, 0, , 0, 0, 0, 0, 0, 
378, 1, 378, 380, -1, 300, 234, 31.0, 17, MSaaaaapp, 5384, 0, 0, 0, , 0, 0, 0, 0, 0, 
379, 1, 379, 381, -1, 322, 216, 25.0, 17, MSaaaaaa, 6987, 0, 0, 0, , 0, 0, 0, 0, 0, 
380, 1, 380, 382, -1, 282, 233, 31.0, 13, MSaaaapaa, 3476, 0, 0, 0, , 0, 0, 0, 0, 0, 
381, 1, 381, 383, -1, 266, 241, 30.0, 13, MSaaaapap, 3489, 0, 0, 0, , 0, 0, 0, 0, 0, 
382, 1, 382, 384, -1, 244, 264, 28.0, 15, MSaaaappp, 6022, 0, 0, 0, , 0, 0, 0, 0, 0, 
383, 1, 383, 385, -1, 264, 258, 29.0, 13, MSaaaappa, 4170, 0, 0, 0, , 0, 0, 0, 0, 0, 
384, 1, 384, 386, -1, 241, 265, 25.0, 13, MSaaapapp, 3574, 0, 0, 0, , 0, 0, 0, 0, 0, 
385, 1, 385, 387, -1, 281, 252, 28.0, 13, MSaaapaap, 2668, 0, 0, 0, , 0, 0, 0, 0, 0, 
386, 0, 386, -1, -1, 303, 249, 28.0, 13, , 3203, 0, 0, 0, , 0, 0, 0, 0, 0, 
387, 1, 387, 389, -1, 224, 273, 27.0, 11, MSaaappa, 3476, 0, 0, 0, , 0, 0, 0, 0, 0, 
388, 1, 388, 390, -1, 223, 262, 30.0, 15, MSaaappp, 2466, 0, 0, 0, , 0, 0, 0, 0, 0, 
389, 1, 389, 391, -1, 184, 316, 16.0, 15, MSaapppp, 5701, 0, 0, 0, , 0, 0, 0, 0, 0, 
390, 1, 390, 392, -1, 208, 317, 18.0, 19, MSaapppa, 5178, 0, 0, 0, , 0, 0, 0, 0, 0, 
391, 1, 391, 393, -1, 241, 276, 16.0, 15, MSaapaaap, 5250, 0, 0, 0, , 0, 0, 0, 0, 0, 
392, 1, 392, 394, -1, 256, 275, 19.0, 13, MSaapaaaa, 4190, 0, 0, 0, , 0, 0, 0, 0, 0, 
393, 1, 393, 395, -1, 209, 277, 17.0, 15, MSaapappp, 3098, 0, 0, 0, , 0, 0, 0, 0, 0, 
394, 1, 394, 396, -1, 233, 279, 18.0, 17, MSaapappa, 3355, 0, 0, 0, , 0, 0, 0, 0, 0, 
395, 1, 395, 397, -1, 220, 278, 20.0, 15, MSaapapa, 7969, 0, 0, 0, , 0, 0, 0, 0, 0, 
396, 1, 396, 398, -1, 198, 284, 20.0, 21, Ealpa, 15939, 0, 0, 0, , 0, 0, 0, 0, 0, 
397, 1, 397, 399, -1, 160, 303, 22.0, 19, Ealpp, 6048, 0, 0, 0, , 0, 0, 0, 0, 0, 
398, 1, 398, 400, -1, 130, 302, 20.0, 15, Eplpa, 8418, 0, 0, 0, , 0, 0, 0, 0, 0, 
399, 1, 399, 401, -1, 121, 338, 20.0, 15, Cappap, 6366, 0, 0, 0, , 0, 0, 0, 0, 0, 
400, 1, 400, 402, -1, 168, 343, 25.0, 15, Cappaaa, 5220, 0, 0, 0, , 0, 0, 0, 0, 0, 
401, 1, 401, 403, -1, 111, 334, 26.0, 17, Capppa, 8658, 0, 0, 0, , 0, 0, 0, 0, 0, 
402, 1, 402, 404, -1, 100, 321, 16.0, 17, Capppp, 4789, 0, 0, 0, , 0, 0, 0, 0, 0, 
403, 1, 403, 405, -1, 137, 343, 25.0, 15, Capapa, 2491, 0, 0, 0, , 0, 0, 0, 0, 0, 
404, 1, 404, 406, -1, 144, 335, 15.0, 15, Capapp, 8305, 0, 0, 0, , 0, 0, 0, 0, 0, 
405, 1, 405, 407, -1, 159, 341, 20.0, 17, Capaap, 8319, 0, 0, 0, , 0, 0, 0, 0, 0, 
406, 1, 406, 408, -1, 187, 336, 22.0, 17, Capaaa, 8837, 0, 0, 0, , 0, 0, 0, 0, 0, 
407, 1, 407, 409, -1, 86, 285, 29.0, 15, Caaapp, 2582, 0, 0, 0, , 0, 0, 0, 0, 0, 
408, 1, 408, 410, -1, 60, 303, 18.0, 17, Caappd, 4931, 0, 0, 0, , 0, 0, 0, 0, 0, 
409, 1, 409, 411, -1, 76, 326, 14.0, 17, Caappv, 4949, 0, 0, 0, , 0, 0, 0, 0, 0, 
410, 1, 410, 412, -1, 94, 306, 15.0, 13, Caapaa, 3599, 0, 0, 0, , 0, 0, 0, 0, 0, 
411, 1, 412, 413, -1, 71, 308, 22.0, 19, Cpappd, 8479, 0, 0, 0, , 0, 0, 0, 0, 0, 
412, 1, 413, 414, -1, 72, 313, 16.0, 17, Cpappv, 10716, 0, 0, 0, , 0, 0, 0, 0, 0, 
413, 1, 414, 415, -1, 78, 330, 25.0, 19, Cpapaa, 14353, 0, 0, 0, , 0, 0, 0, 0, 0, 
414, 1, 415, 416, -1, 122, 239, 19.0, 19, Cppaap, 9406, 0, 0, 0, , 0, 0, 0, 0, 0, 
415, 1, 416, 417, -1, 132, 226, 22.0, 13, Cppaaap, 4210, 0, 0, 0, , 0, 0, 0, 0, 0, 
416, 1, 417, 418, -1, 161, 216, 23.0, 17, Cppaaaa, 6001, 0, 0, 0, , 0, 0, 0, 0, 0, 
417, 1, 418, 419, -1, 119, 241, 25.0, 15, Cppapa, 4528, 0, 0, 0, , 0, 0, 0, 0, 0, 
418, 1, 419, 420, -1, 108, 252, 15.0, 17, Cppapp, 8710, 0, 0, 0, , 0, 0, 0, 0, 0, 
419, 1, 420, 421, -1, 127, 247, 30.0, 15, Cpppaap, 5767, 0, 0, 0, , 0, 0, 0, 0, 0, 
420, 1, 421, 422, -1, 143, 223, 26.0, 15, Cpppaaa, 5785, 0, 0, 0, , 0, 0, 0, 0, 0, 
421, 1, 422, 423, -1, 94, 270, 19.0, 13, Cpppapp, 4670, 0, 0, 0, , 0, 0, 0, 0, 0, 
422, 1, 423, 424, -1, 101, 253, 23.0, 15, Cpppapa, 5902, 0, 0, 0, , 0, 0, 0, 0, 0, 
423, 1, 424, 425, -1, 242, 318, 22.0, 15, Daapa, 5086, 0, 0, 0, , 0, 0, 0, 0, 0, 
424, 1, 425, 426, -1, 224, 329, 20.0, 15, Daapp, 4259, 0, 0, 0, , 0, 0, 0, 0, 0, 
425, 1, 426, 427, -1, 251, 299, 25.0, 17, Daaaa, 6680, 0, 0, 0, , 0, 0, 0, 0, 0, 
426, 1, 427, 428, -1, 232, 309, 27.0, 13, Daaap, 4269, 0, 0, 0, , 0, 0, 0, 0, 0, 
427, 1, 428, 429, -1, 199, 314, 29.0, 19, Dappa, 7424, 0, 0, 0, , 0, 0, 0, 0, 0, 
428, 1, 429, 430, -1, 161, 329, 30.0, 17, Dappp, 3871, 0, 0, 0, , 0, 0, 0, 0, 0, 
429, 1, 430, 431, -1, 179, 207, 20.0, 15, Dpapp, 5367, 0, 0, 0, , 0, 0, 0, 0, 0, 
430, 1, 431, 432, -1, 199, 202, 22.0, 15, Dpapa, 4733, 0, 0, 0, , 0, 0, 0, 0, 0, 
431, 1, 432, 433, -1, 204, 212, 29.0, 15, Dpaap, 4094, 0, 0, 0, , 0, 0, 0, 0, 0, 
432, 1, 433, 434, -1, 218, 202, 25.0, 13, Dpaaa, 5864, 0, 0, 0, , 0, 0, 0, 0, 0, 
433, 1, 434, 435, -1, 151, 231, 30.0, 17, Dpppp, 6934, 0, 0, 0, , 0, 0, 0, 0, 0, 
434, 1, 435, 436, -1, 178, 225, 31.0, 19, Dpppa, 9322, 0, 0, 0, , 0, 0, 0, 0, 0, 
435, 1, 436, 437, -1, 186, 209, 25.0, 19, Dppaa, 13633, 0, 0, 0, , 0, 0, 0, 0, 0, 
436, 1, 437, 438, -1, 162, 214, 27.0, 15, Dppap, 5932, 0, 0, 0, , 0, 0, 0, 0, 0, 
437, 1, 438, 439, -1, 154, 248, 16.0, 19, Z2, 9887, 0, 0, 0, , 0, 0, 0, 0, 0, 
438, 0, 439, -1, -1, 380, 244, 24.0, 15, , 7646, 0, 0, 0, , 0, 0, 0, 0, 0, 
439, 1, 440, 441, -1, 320, 294, 24.0, 13, ABalpppappa, 6865, 0, 0, 0, , 0, 0, 0, 0, 0, 
440, 1, 441, 442, -1, 318, 290, 26.0, 15, ABalpppappp, 3939, 0, 0, 0, , 0, 0, 0, 0, 0, 
441, 1, 442, 443, -1, 302, 278, 22.0, 13, ABalpppppaa, 3980, 0, 0, 0, , 0, 0, 0, 0, 0, 
442, 1, 443, 444, -1, 294, 290, 23.0, 15, ABalpppppap, 4432, 0, 0, 0, , 0, 0, 0, 0, 0, 
443, 1, 444, 445, -1, 275, 299, 27.0, 13, ABalppppppa, 5264, 0, 0, 0, , 0, 0, 0, 0, 0, 
444, 1, 445, 446, -1, 292, 312, 26.0, 15, ABalppppppp, 5524, 0, 0, 0, , 0, 0, 0, 0, 0, 
445, 1, 446, 447, -1, 339, 278, 26.0, 13, ABalppppapp, 4697, 0, 0, 0, , 0, 0, 0, 0, 0, 
446, 0, 447, -1, -1, 339, 276, 26.0, 15, , 1568, 0, 0, 0, , 0, 0, 0, 0, 0, 
447, 1, 448, 587, -1, 316, 276, 21.0, 11, ABalppppaad, 4322, 0, 0, 0, , 0, 0, 0, 0, 0, 
448, 1, 449, 450, -1, 321, 281, 22.0, 11, ABalppppaav, 1223, 0, 0, 0, , 0, 0, 0, 0, 0, 
449, 1, 450, 451, -1, 342, 283, 17.0, 13, ABalpppaaaa, 4658, 0, 0, 0, , 0, 0, 0, 0, 0, 
450, 1, 451, 452, -1, 330, 284, 14.0, 13, ABalpppaaap, 3819, 0, 0, 0, , 0, 0, 0, 0, 0, 
451, 1, 452, 453, -1, 347, 276, 20.0, 13, ABalpppaapd, 4451, 0, 0, 0, , 0, 0, 0, 0, 0, 
452, 1, 453, 454, -1, 338, 288, 23.0, 13, ABalpppaapv, 3858, 0, 0, 0, , 0, 0, 0, 0, 0, 
453, 1, 454, 455, -1, 326, 292, 18.0, 15, ABalpppapad, 4466, 0, 0, 0, , 0, 0, 0, 0, 0, 
454, 1, 455, 456, -1, 322, 302, 19.0, 13, ABalpppapav, 3841, 0, 0, 0, , 0, 0, 0, 0, 0, 
455, 1, 456, 457, -1, 351, 260, 18.0, 17, ABalaaapalr, 4225, 0, 0, 0, , 0, 0, 0, 0, 0, 
456, 1, 457, 458, -1, 342, 264, 15.0, 13, ABalppaaaa, 5571, 0, 0, 0, , 0, 0, 0, 0, 0, 
457, 1, 458, 459, -1, 336, 269, 13.0, 13, ABalppaaapp, 4185, 0, 0, 0, , 0, 0, 0, 0, 0, 
458, 1, 459, 460, -1, 288, 305, 12.0, 15, ABalppaappp, 5422, 0, 0, 0, , 0, 0, 0, 0, 0, 
459, 1, 460, 461, -1, 313, 277, 10.0, 13, ABalppaapa, 5258, 0, 0, 0, , 0, 0, 0, 0, 0, 
460, 1, 461, 462, -1, 299, 280, 16.0, 15, ABplpaaaaap, 6679, 0, 0, 0, , 0, 0, 0, 0, 0, 
461, 1, 462, 463, -1, 297, 279, 13.0, 15, ABalppapppa, 3640, 0, 0, 0, , 0, 0, 0, 0, 0, 
462, 1, 463, 464, -1, 310, 268, 14.0, 15, ABalppappap, 3316, 0, 0, 0, , 0, 0, 0, 0, 0, 
463, 1, 464, 465, -1, 327, 258, 16.0, 13, ABalppappaa, 5910, 0, 0, 0, , 0, 0, 0, 0, 0, 
464, 1, 465, 466, -1, 295, 271, 10.0, 13, ABalppapapa, 4345, 0, 0, 0, , 0, 0, 0, 0, 0, 
465, 1, 466, 467, -1, 279, 294, 9.0, 15, ABalppapapp, 5405, 0, 0, 0, , 0, 0, 0, 0, 0, 
466, 1, 467, 468, -1, 326, 260, 11.0, 13, ABalppapaaa, 4448, 0, 0, 0, , 0, 0, 0, 0, 0, 
467, 1, 468, 469, -1, 310, 263, 11.0, 11, ABalppapaap, 4831, 0, 0, 0, , 0, 0, 0, 0, 0, 
468, 1, 469, 470, -1, 251, 301, 11.0, 17, ABalpapapap, 8302, 0, 0, 0, , 0, 0, 0, 0, 0, 
469, 1, 470, 471, -1, 262, 284, 10.0, 17, ABalpapapaa, 7239, 0, 0, 0, , 0, 0, 0, 0, 0, 
470, 1, 471, 472, -1, 232, 314, 11.0, 15, ABalpapappa, 6128, 0, 0, 0, , 0, 0, 0, 0, 0, 
471, 1, 472, 473, -1, 224, 318, 13.0, 15, ABalpapappp, 6368, 0, 0, 0, , 0, 0, 0, 0, 0, 
472, 1, 473, 474, -1, 262, 243, 10.0, 15, ABalpapaapp, 4409, 0, 0, 0, , 0, 0, 0, 0, 0, 
473, 1, 474, 475, -1, 283, 242, 9.0, 15, ABalpapaapa, 7268, 0, 0, 0, , 0, 0, 0, 0, 0, 
474, 1, 475, 476, -1, 300, 254, 10.0, 15, ABalpapaaaa, 6492, 0, 0, 0, , 0, 0, 0, 0, 0, 
475, 1, 476, 477, -1, 278, 267, 10.0, 17, ABalpapaaap, 6784, 0, 0, 0, , 0, 0, 0, 0, 0, 
476, 1, 477, 478, -1, 274, 253, 11.0, 17, ABalpappapa, 8502, 0, 0, 0, , 0, 0, 0, 0, 0, 
477, 1, 478, 479, -1, 294, 244, 14.0, 13, ABalpaaaaap, 7591, 0, 0, 0, , 0, 0, 0, 0, 0, 
478, 1, 479, 480, -1, 280, 236, 17.0, 13, ABalpappaaa, 3944, 0, 0, 0, , 0, 0, 0, 0, 0, 
479, 1, 480, 481, -1, 230, 265, 13.0, 15, ABalpappapp, 5174, 0, 0, 0, , 0, 0, 0, 0, 0, 
480, 1, 481, 482, -1, 270, 263, 17.0, 17, ABalpapppa, 7966, 0, 0, 0, , 0, 0, 0, 0, 0, 
481, 1, 482, 483, -1, 304, 251, 17.0, 15, ABalpaaapaa, 3649, 0, 0, 0, , 0, 0, 0, 0, 0, 
482, 1, 483, 484, -1, 295, 259, 21.0, 13, ABalpaaapap, 4419, 0, 0, 0, , 0, 0, 0, 0, 0, 
483, 1, 484, 485, -1, 294, 242, 12.0, 13, ABalpaaaap, 6140, 0, 0, 0, , 0, 0, 0, 0, 0, 
484, 1, 485, 486, -1, 286, 254, 16.0, 17, ABalpappaap, 5580, 0, 0, 0, , 0, 0, 0, 0, 0, 
485, 1, 486, 487, -1, 310, 234, 14.0, 13, ABalpaaaaaa, 5451, 0, 0, 0, , 0, 0, 0, 0, 0, 
486, 1, 487, 488, -1, 337, 228, 14.0, 15, ABalpaapppa, 5398, 0, 0, 0, , 0, 0, 0, 0, 0, 
487, 1, 488, 489, -1, 318, 247, 11.0, 13, ABalpaapppp, 3631, 0, 0, 0, , 0, 0, 0, 0, 0, 
488, 1, 489, 490, -1, 323, 224, 13.0, 13, ABalpaappaa, 3855, 0, 0, 0, , 0, 0, 0, 0, 0, 
489, 1, 490, 491, -1, 312, 233, 11.0, 15, ABalpaappap, 6200, 0, 0, 0, , 0, 0, 0, 0, 0, 
490, 0, 491, -1, -1, 285, 250, 23.0, 19, , 4788, 0, 0, 0, , 0, 0, 0, 0, 0, 
491, 1, 492, 492, -1, 297, 239, 21.0, 15, ABalpaapapa, 2662, 0, 0, 0, , 0, 0, 0, 0, 0, 
492, 1, 493, 493, -1, 315, 239, 22.0, 13, ABalpaapaap, 3969, 0, 0, 0, , 0, 0, 0, 0, 0, 
493, 1, 494, 494, -1, 318, 232, 19.0, 15, ABalpaapaaa, 6229, 0, 0, 0, , 0, 0, 0, 0, 0, 
494, 1, 495, 495, -1, 171, 270, 29.0, 19, Epraa, 9977, 0, 0, 0, , 0, 0, 0, 0, 0, 
495, 0, 496, -1, -1, 160, 289, 28.0, 23, , 2569, 0, 0, 0, , 0, 0, 0, 0, 0, 
496, 1, 497, 497, -1, 206, 251, 26.0, 25, Earaa, 1177, 0, 0, 0, , 0, 0, 0, 0, 0, 
497, 1, 498, 498, -1, 152, 266, 25.0, 21, Earpp, 30757, 0, 0, 0, , 0, 0, 0, 0, 0, 
498, 1, 499, 499, -1, 182, 285, 24.0, 21, Ealap, 18220, 0, 0, 0, , 0, 0, 0, 0, 0, 
499, 1, 500, 500, -1, 205, 275, 26.0, 21, Ealaa, 54297, 0, 0, 0, , 0, 0, 0, 0, 0, 
500, 1, 501, 501, -1, 160, 291, 28.0, 19, Eplaa, 2168, 0, 0, 0, , 0, 0, 0, 0, 0, 
501, 1, 502, 502, -1, 137, 302, 24.0, 21, Eplap, 29486, 0, 0, 0, , 0, 0, 0, 0, 0, 
502, 1, 503, 503, -1, 127, 276, 18.0, 25, Eprpp, 10059, 0, 0, 0, , 0, 0, 0, 0, 0, 
503, 1, 504, 504, -1, 190, 335, 28.0, 15, Dapap, 5391, 0, 0, 0, , 0, 0, 0, 0, 0, 
504, 1, 505, 505, -1, 213, 326, 24.0, 17, Dapaa, 6890, 0, 0, 0, , 0, 0, 0, 0, 0, 
505, 1, 506, 506, -1, 225, 278, 23.0, 15, MSaapaapp, 4422, 0, 0, 0, , 0, 0, 0, 0, 0, 
506, 1, 507, 507, -1, 237, 269, 22.0, 13, MSaapaapa, 3716, 0, 0, 0, , 0, 0, 0, 0, 0, 
507, 1, 508, 508, -1, 165, 208, 31.0, 15, ABarpppapp, 4821, 0, 0, 0, , 0, 0, 0, 0, 0, 
508, 1, 509, 509, -1, 227, 311, 16.0, 13, ABplppaapap, 4742, 0, 0, 0, , 0, 0, 0, 0, 0, 
509, 1, 510, 510, -1, 246, 304, 16.0, 13, ABplppaapaa, 5546, 0, 0, 0, , 0, 0, 0, 0, 0, 
510, 1, 511, 511, -1, 77, 301, 26.0, 17, Cpapap, 7612, 0, 0, 0, , 0, 0, 0, 0, 0, 
511, 1, 512, 512, -1, 341, 245, 17.0, 19, ABalaaaala, 22104, 0, 0, 0, , 0, 0, 0, 0, 0, 
512, 1, 513, 513, -1, 275, 173, 33.0, 13, ABarpappaa, 3870, 0, 0, 0, , 0, 0, 0, 0, 0, 
513, 1, 514, 514, -1, 105, 263, 29.0, 15, Cppppaa, 5212, 0, 0, 0, , 0, 0, 0, 0, 0, 
514, 1, 515, 515, -1, 89, 277, 24.0, 15, Cppppap, 4592, 0, 0, 0, , 0, 0, 0, 0, 0, 
515, 1, 516, 516, -1, 94, 291, 15.0, 15, Cpppppv, 3362, 0, 0, 0, , 0, 0, 0, 0, 0, 
516, 1, 517, 517, -1, 185, 264, 18.0, 17, Earpa, 9948, 0, 0, 0, , 0, 0, 0, 0, 0, 
517, 1, 518, 518, -1, 259, 196, 32.0, 17, MSppappp, 5354, 0, 0, 0, , 0, 0, 0, 0, 0, 
518, 0, 519, -1, -1, 130, 279, 25.0, 13, , 773, 0, 0, 0, , 0, 0, 0, 0, 0, 
519, 1, 520, 520, -1, 237, 244, 34.0, 15, ABarpaappa, 6365, 0, 0, 0, , 0, 0, 0, 0, 0, 
520, 1, 521, 521, -1, 226, 306, 34.0, 19, ABarppaapa, 5181, 0, 0, 0, , 0, 0, 0, 0, 0, 
521, 1, 522, 522, -1, 120, 299, 17.0, 17, Eplpp, 14361, 0, 0, 0, , 0, 0, 0, 0, 0, 
522, 1, 523, 523, -1, 201, 278, 15.0, 13, MSaappap, 4954, 0, 0, 0, , 0, 0, 0, 0, 0, 
523, 1, 524, 524, -1, 180, 292, 14.0, 19, Z3, 10764, 0, 0, 0, , 0, 0, 0, 0, 0, 
524, 1, 525, 525, -1, 264, 180, 10.0, 13, ABalaapappa, 3248, 0, 0, 0, , 0, 0, 0, 0, 0, 
525, 1, 526, 526, -1, 212, 269, 14.0, 11, MSaappaa, 2889, 0, 0, 0, , 0, 0, 0, 0, 0, 
526, 0, 527, -1, -1, 170, 272, 27.0, 17, , 28379, 0, 0, 0, , 0, 0, 0, 0, 0, 
527, 1, 528, 528, -1, 255, 319, 16.0, 15, ABplppaaaap, 3458, 0, 0, 0, , 0, 0, 0, 0, 0, 
528, 1, 529, 529, -1, 121, 302, 10.0, 13, ABplpppapap, 2747, 0, 0, 0, , 0, 0, 0, 0, 0, 
529, 1, 530, 530, -1, 228, 329, 17.0, 15, ABplppapaaa, 4487, 0, 0, 0, , 0, 0, 0, 0, 0, 
530, 1, 531, 591, -1, 327, 231, 30.0, 13, ABalapapapa, 2168, 0, 0, 0, , 0, 0, 0, 0, 0, 
531, 1, 532, 531, -1, 342, 244, 20.0, 13, ABalaaapall, 4523, 0, 0, 0, , 0, 0, 0, 0, 0, 
532, 1, 533, 532, -1, 137, 281, 27.0, 19, Eprap, 13919, 0, 0, 0, , 0, 0, 0, 0, 0, 
533, 1, 534, 533, -1, 268, 193, 16.0, 15, ABprpaaaaaa, 9579, 0, 0, 0, , 0, 0, 0, 0, 0, 
534, 1, 535, 534, -1, 204, 276, 34.0, 21, Cpaaaa, 28492, 0, 0, 0, , 0, 0, 0, 0, 0, 
535, 1, 536, 535, -1, 152, 268, 13.0, 15, MSpappap, 5963, 0, 0, 0, , 0, 0, 0, 0, 0, 
536, 1, 537, 536, -1, 224, 241, 25.0, 15, MSpaapapp, 5140, 0, 0, 0, , 0, 0, 0, 0, 0, 
537, 0, 538, -1, -1, 205, 250, 28.0, 21, , 14806, 0, 0, 0, , 0, 0, 0, 0, 0, 
538, 1, 539, 538, -1, 201, 225, 35.0, 15, ABarpppapa, 1498, 0, 0, 0, , 0, 0, 0, 0, 0, 
539, 1, 540, 539, -1, 87, 286, 21.0, 17, Cpppppd, 3336, 0, 0, 0, , 0, 0, 0, 0, 0, 
540, 1, 541, 540, -1, 258, 296, 30.0, 13, ABplapaaaaa, 6921, 0, 0, 0, , 0, 0, 0, 0, 0, 
541, 0, 542, -1, -1, 129, 305, 21.0, 21, , 20775, 0, 0, 0, , 0, 0, 0, 0, 0, 
542, 0, 543, -1, -1, 239, 284, 12.0, 15, , 342, 0, 0, 0, , 0, 0, 0, 0, 0, 
543, 1, 544, 543, -1, 258, 309, 32.0, 15, ABplapaaaap, 4432, 0, 0, 0, , 0, 0, 0, 0, 0, 
544, 1, 545, 544, -1, 354, 270, 16.0, 13, ABalppaaapa, 4655, 0, 0, 0, , 0, 0, 0, 0, 0, 
545, 1, 546, 545, -1, 249, 260, 15.0, 15, ABalpappppp, 6980, 0, 0, 0, , 0, 0, 0, 0, 0, 
546, 0, 547, -1, -1, 156, 249, 16.0, 21, , 60861, 0, 0, 0, , 0, 0, 0, 0, 0, 
547, 1, 548, 547, -1, 341, 208, 23.0, 13, ABalaaaparr, 4272, 0, 0, 0, , 0, 0, 0, 0, 0, 
548, 1, 549, 548, -1, 349, 227, 22.0, 13, ABalaaaparl, 3822, 0, 0, 0, , 0, 0, 0, 0, 0, 
549, 1, 550, 549, -1, 264, 261, 21.0, 13, ABalpaaappp, 4064, 0, 0, 0, , 0, 0, 0, 0, 0, 
550, 1, 551, 550, -1, 282, 256, 20.0, 13, ABalpaaappa, 5774, 0, 0, 0, , 0, 0, 0, 0, 0, 
551, 0, 552, -1, -1, 206, 274, 24.0, 21, , 6383, 0, 0, 0, , 0, 0, 0, 0, 0, 
552, 1, 553, 552, -1, 207, 252, 9.0, 15, ABprpappapa, 3507, 0, 0, 0, , 0, 0, 0, 0, 0, 
553, 0, 554, -1, -1, 173, 299, 14.0, 11, , 1303, 0, 0, 0, , 0, 0, 0, 0, 0, 
554, 1, 555, 554, -1, 137, 336, 28.0, 15, Cappaap, 5554, 0, 0, 0, , 0, 0, 0, 0, 0, 
555, 1, 556, 555, -1, 270, 254, 13.0, 15, ABalpappppa, 8040, 0, 0, 0, , 0, 0, 0, 0, 0, 
556, 1, 557, 556, -1, 243, 234, 13.0, 15, ABarapapppa, 5517, 0, 0, 0, , 0, 0, 0, 0, 0, 
557, 0, 558, -1, -1, 183, 262, 24.0, 15, , 3879, 0, 0, 0, , 0, 0, 0, 0, 0, 
558, 1, 559, 558, -1, 302, 203, 31.0, 15, ABalapppapp, 1282, 0, 0, 0, , 0, 0, 0, 0, 0, 
559, 0, 560, -1, -1, 204, 242, 9.0, 13, , 3556, 0, 0, 0, , 0, 0, 0, 0, 0, 
560, 1, 561, 560, -1, 221, 246, 21.0, 17, MSpapaapa, 5191, 0, 0, 0, , 0, 0, 0, 0, 0, 
561, 1, 562, 561, -1, 278, 165, 28.0, 13, ABpraapaapp, 5789, 0, 0, 0, , 0, 0, 0, 0, 0, 
562, 1, 563, 562, -1, 304, 180, 30.0, 11, ABalapppppa, 2147, 0, 0, 0, , 0, 0, 0, 0, 0, 
563, 0, 564, -1, -1, 163, 191, 21.0, 15, , 3539, 0, 0, 0, , 0, 0, 0, 0, 0, 
564, 0, 565, -1, -1, 230, 347, 21.0, 13, , 3906, 0, 0, 0, , 0, 0, 0, 0, 0, 
565, 1, 566, 565, -1, 302, 220, 12.0, 13, ABarapaaaaa, 6705, 0, 0, 0, , 0, 0, 0, 0, 0, 
566, 0, 567, -1, -1, 95, 322, 18.0, 15, , 5354, 0, 0, 0, , 0, 0, 0, 0, 0, 
567, 0, 568, -1, -1, 261, 330, 22.0, 15, , 3906, 0, 0, 0, , 0, 0, 0, 0, 0, 
568, 1, 569, 583, -1, 198, 309, 33.0, 13, Caaaaa, 1004, 0, 0, 0, , 0, 0, 0, 0, 0, 
569, 1, 570, 568, -1, 286, 286, 12.0, 13, ABalppapppp, 4921, 0, 0, 0, , 0, 0, 0, 0, 0, 
570, 1, 571, 569, -1, 340, 194, 24.0, 13, ABalaaappll, 3251, 0, 0, 0, , 0, 0, 0, 0, 0, 
571, 0, -1, -1, -1, 180, 291, 23.0, 15, , 5559, 0, 0, 0, , 0, 0, 0, 0, 0, 
572, 0, -1, -1, -1, 121, 241, 27.0, 13, , 4124, 0, 0, 0, , 0, 0, 0, 0, 0, 
573, 1, 573, 577, -1, 171, 295, 34.0, 18, Cpaaap, 3681, 0, 0, 0, , 0, 0, 0, 0, 0, 
574, 1, 574, 578, -1, 247, 223, 18.0, 16, ABarapaappp, 14195, 0, 0, 0, , 0, 0, 0, 0, 0, 
575, 1, 575, 579, -1, 102, 301, 32.0, 15, Cpaapp, 0, 0, 0, 0, , 0, 0, 0, 0, 0, 
576, 1, 576, 580, -1, 131, 302, 33.0, 15, Cpaapa, 0, 0, 0, 0, , 0, 0, 0, 0, 0, 
577, 1, 577, 581, -1, 110, 284, 33.0, 15, Caaapa, 0, 0, 0, 0, , 0, 0, 0, 0, 0, 
578, 1, 578, 582, -1, 143, 274, 33.0, 15, Caaaap, 0, 0, 0, 0, , 0, 0, 0, 0, 0, 
579, 1, 411, 584, -1, 86, 307, 12.25, 13, Caapap, 3460, 0, 0, 0, , 0, 0, 0, 0, 0, 
580, 1, 579, 585, -1, 313, 287, 11.8, 14, ABalppaappa, 2703, 0, 0, 0, , 0, 0, 0, 0, 0, 
581, 1, 580, 573, -1, 282, 178, 11.1, 14, ABalaappapp, 1996, 0, 0, 0, , 0, 0, 0, 0, 0, 
582, 1, 519, 574, -1, 127, 279, 22.0, 19, Eprpa, 10853, 0, 0, 0, , 0, 0, 0, 0, 0, 
583, 1, 581, 588, -1, 266, 262, 27.0, 13, MSaaapapa, 0, 0, 0, 0, , 0, 0, 0, 0, 0, 
584, 1, 491, 589, -1, 286, 251, 23.0, 15, ABalpaapapp, 4028, 0, 0, 0, , 0, 0, 0, 0, 0, 
585, 1, 582, 590, -1, 341, 268, 25.5, 15, ABalppppapa, 3606, 0, 0, 0, , 0, 0, 0, 0, 0, 
586, 1, 583, 593, -1, 300, 249, 27.0, 13, MSaaapaaa, 0, 0, 0, 0, , 0, 0, 0, 0, 0, 
587, 1, 584, 594, -1, 240, 184, 13.0, 13, ABalaapappp, 0, 0, 0, 0, , 0, 0, 0, 0, 0, 
