1, 1, 1, 1, -1, 311, 207, 22.0, 13, ABaraappaaa, 5200, 0, 0, 0, , 0, 0, 0, 0, 0, 
2, 1, 2, 2, -1, 298, 208, 24.0, 13, ABaraappaap, 6068, 0, 0, 0, , 0, 0, 0, 0, 0, 
3, 1, 3, 3, -1, 265, 210, 24.0, 17, ABaraappapp, 6979, 0, 0, 0, , 0, 0, 0, 0, 0, 
4, 1, 4, 4, -1, 286, 209, 24.0, 17, ABaraappapa, 6028, 0, 0, 0, , 0, 0, 0, 0, 0, 
5, 1, 5, 5, -1, 244, 232, 24.0, 15, MSpaapapa, 4711, 0, 0, 0, , 0, 0, 0, 0, 0, 
6, 1, 6, 6, -1, 249, 219, 21.0, 17, ABaraapppaa, 5575, 0, 0, 0, , 0, 0, 0, 0, 0, 
7, 1, 7, 7, -1, 240, 242, 20.0, 13, ABaraappppp, 4911, 0, 0, 0, , 0, 0, 0, 0, 0, 
8, 1, 8, 8, -1, 252, 275, 21.0, 15, ABaraapappa, 8158, 0, 0, 0, , 0, 0, 0, 0, 0, 
9, 1, 9, 9, -1, 245, 254, 20.0, 13, ABaraapappp, 6559, 0, 0, 0, , 0, 0, 0, 0, 0, 
10, 1, 10, 10, -1, 255, 269, 24.0, 19, ABaraapapap, 7084, 0, 0, 0, , 0, 0, 0, 0, 0, 
11, 1, 11, 11, -1, 269, 265, 24.0, 17, ABaraapapaa, 8077, 0, 0, 0, , 0, 0, 0, 0, 0, 
12, 1, 12, 12, -1, 316, 221, 22.0, 15, ABaraapaaaa, 7971, 0, 0, 0, , 0, 0, 0, 0, 0, 
13, 1, 13, 13, -1, 308, 229, 24.0, 13, ABaraapaaap, 7260, 0, 0, 0, , 0, 0, 0, 0, 0, 
14, 1, 14, 14, -1, 285, 250, 25.0, 15, ABaraapaapp, 10291, 0, 0, 0, , 0, 0, 0, 0, 0, 
15, 1, 15, 15, -1, 302, 236, 23.0, 15, ABaraapaapa, 7996, 0, 0, 0, , 0, 0, 0, 0, 0, 
16, 1, 16, 16, -1, 308, 209, 10.0, 15, ABaraaappap, 5068, 0, 0, 0, , 0, 0, 0, 0, 0, 
17, 1, 17, 17, -1, 323, 212, 14.0, 11, ABaraaappaa, 5036, 0, 0, 0, , 0, 0, 0, 0, 0, 
18, 1, 18, 18, -1, 316, 199, 14.0, 15, ABaraaapppa, 5138, 0, 0, 0, , 0, 0, 0, 0, 0, 
19, 1, 19, 19, -1, 284, 207, 9.0, 15, ABaraaapppp, 4410, 0, 0, 0, , 0, 0, 0, 0, 0, 
20, 1, 20, 20, -1, 307, 212, 18.0, 13, ABaraaapaaa, 6021, 0, 0, 0, , 0, 0, 0, 0, 0, 
21, 1, 21, 21, -1, 280, 212, 21.0, 15, ABaraaapapa, 4053, 0, 0, 0, , 0, 0, 0, 0, 0, 
22, 1, 22, 22, -1, 296, 207, 20.0, 13, ABaraaapaap, 4331, 0, 0, 0, , 0, 0, 0, 0, 0, 
23, 1, 23, 23, -1, 265, 222, 21.0, 17, ABaraaapapp, 5410, 0, 0, 0, , 0, 0, 0, 0, 0, 
24, 1, 24, 24, -1, 296, 230, 17.0, 11, ABaraaaaaap, 3444, 0, 0, 0, , 0, 0, 0, 0, 0, 
25, 1, 25, 25, -1, 315, 234, 16.0, 13, ABaraaaaaaa, 5097, 0, 0, 0, , 0, 0, 0, 0, 0, 
26, 1, 26, 26, -1, 290, 211, 17.0, 11, ABaraaaaapp, 2641, 0, 0, 0, , 0, 0, 0, 0, 0, 
27, 1, 27, 27, -1, 306, 213, 15.0, 13, ABaraaaaapa, 4230, 0, 0, 0, , 0, 0, 0, 0, 0, 
28, 1, 28, 28, -1, 289, 235, 26.0, 11, ABaraaaapp, 4899, 0, 0, 0, , 0, 0, 0, 0, 0, 
29, 1, 29, 29, -1, 326, 214, 17.0, 17, ABaraaaapa, 20915, 0, 0, 0, , 0, 0, 0, 0, 0, 
30, 1, 30, 30, -1, 235, 256, 11.0, 15, ABarapapapp, 7767, 0, 0, 0, , 0, 0, 0, 0, 0, 
31, 1, 31, 31, -1, 256, 240, 11.0, 17, ABarapapapa, 5352, 0, 0, 0, , 0, 0, 0, 0, 0, 
32, 1, 32, 32, -1, 262, 235, 15.0, 13, ABarapapaap, 7746, 0, 0, 0, , 0, 0, 0, 0, 0, 
33, 1, 33, 33, -1, 267, 223, 14.0, 11, ABarapapaaa, 7364, 0, 0, 0, , 0, 0, 0, 0, 0, 
34, 1, 34, 34, -1, 227, 242, 14.0, 17, ABarapapppp, 7291, 0, 0, 0, , 0, 0, 0, 0, 0, 
35, 1, 35, 35, -1, 254, 217, 15.0, 11, ABarapappaa, 4993, 0, 0, 0, , 0, 0, 0, 0, 0, 
36, 1, 35, 36, -1, 242, 230, 16.0, 13, ABarapappap, 6242, 0, 0, 0, , 0, 0, 0, 0, 0, 
37, 1, 36, 37, -1, 284, 225, 12.0, 17, ABarapaaap, 9341, 0, 0, 0, , 0, 0, 0, 0, 0, 
38, 1, 37, 38, -1, 284, 231, 14.0, 13, ABarapaaaap, 9157, 0, 0, 0, , 0, 0, 0, 0, 0, 
39, 1, 38, 39, -1, 279, 220, 16.0, 13, ABarapaapap, 5818, 0, 0, 0, , 0, 0, 0, 0, 0, 
40, 1, 39, 40, -1, 274, 209, 18.0, 13, ABarapaapaa, 6853, 0, 0, 0, , 0, 0, 0, 0, 0, 
41, 1, 40, 41, -1, 264, 225, 18.0, 15, ABarapaappa, 8965, 0, 0, 0, , 0, 0, 0, 0, 0, 
42, 1, 41, 42, -1, 260, 201, 10.0, 13, ABarapppapa, 4697, 0, 0, 0, , 0, 0, 0, 0, 0, 
43, 1, 42, 43, -1, 239, 211, 10.0, 15, ABarapppapp, 5007, 0, 0, 0, , 0, 0, 0, 0, 0, 
44, 1, 43, 44, -1, 288, 196, 11.0, 13, ABarapppaaa, 5449, 0, 0, 0, , 0, 0, 0, 0, 0, 
45, 1, 44, 45, -1, 274, 194, 10.0, 11, ABarapppaap, 4799, 0, 0, 0, , 0, 0, 0, 0, 0, 
46, 1, 45, 46, -1, 267, 193, 13.0, 13, ABarappppap, 5699, 0, 0, 0, , 0, 0, 0, 0, 0, 
47, 1, 46, 47, -1, 282, 190, 14.0, 13, ABarappppaa, 5027, 0, 0, 0, , 0, 0, 0, 0, 0, 
48, 1, 47, 48, -1, 250, 193, 12.0, 13, ABarapppppa, 4397, 0, 0, 0, , 0, 0, 0, 0, 0, 
49, 1, 48, 49, -1, 234, 195, 11.0, 13, ABarapppppp, 4778, 0, 0, 0, , 0, 0, 0, 0, 0, 
50, 1, 49, 50, -1, 248, 216, 11.0, 15, ABarappaaap, 2911, 0, 0, 0, , 0, 0, 0, 0, 0, 
51, 1, 50, 51, -1, 269, 213, 11.0, 13, ABarappaaaa, 5704, 0, 0, 0, , 0, 0, 0, 0, 0, 
52, 1, 51, 52, -1, 262, 227, 10.0, 15, ABarappaapa, 6533, 0, 0, 0, , 0, 0, 0, 0, 0, 
53, 1, 52, 53, -1, 241, 229, 10.0, 13, ABarappaapp, 8889, 0, 0, 0, , 0, 0, 0, 0, 0, 
54, 1, 53, 54, -1, 215, 219, 10.0, 15, ABarappapap, 8425, 0, 0, 0, , 0, 0, 0, 0, 0, 
55, 1, 54, 55, -1, 222, 198, 9.0, 15, ABarappapaa, 7458, 0, 0, 0, , 0, 0, 0, 0, 0, 
56, 1, 55, 56, -1, 179, 220, 12.0, 15, ABarappappp, 4959, 0, 0, 0, , 0, 0, 0, 0, 0, 
57, 1, 56, 57, -1, 187, 216, 11.0, 15, ABarappappa, 8370, 0, 0, 0, , 0, 0, 0, 0, 0, 
58, 1, 57, 58, -1, 232, 171, 32.0, 19, ABarpapppa, 11814, 0, 0, 0, , 0, 0, 0, 0, 0, 
59, 1, 58, 59, -1, 224, 182, 34.0, 17, ABarpapppp, 5901, 0, 0, 0, , 0, 0, 0, 0, 0, 
60, 1, 59, 60, -1, 258, 169, 32.0, 19, ABarpappap, 7098, 0, 0, 0, , 0, 0, 0, 0, 0, 
61, 1, 60, 61, -1, 298, 189, 34.0, 15, ABarpapaaap, 4696, 0, 0, 0, , 0, 0, 0, 0, 0, 
62, 1, 61, 62, -1, 283, 192, 26.0, 11, ABarpapaapa, 3931, 0, 0, 0, , 0, 0, 0, 0, 0, 
63, 1, 62, 63, -1, 290, 194, 30.0, 15, ABarpapaapp, 5608, 0, 0, 0, , 0, 0, 0, 0, 0, 
64, 1, 63, 64, -1, 254, 216, 35.0, 19, ABarpapapp, 12462, 0, 0, 0, , 0, 0, 0, 0, 0, 
65, 1, 64, 65, -1, 291, 211, 35.0, 15, ABarpapapa, 6058, 0, 0, 0, , 0, 0, 0, 0, 0, 
66, 1, 65, 66, -1, 241, 276, 34.0, 17, ABarpaappp, 4850, 0, 0, 0, , 0, 0, 0, 0, 0, 
67, 1, 66, 67, -1, 273, 216, 35.0, 15, ABarpaapaa, 3906, 0, 0, 0, , 0, 0, 0, 0, 0, 
68, 1, 67, 68, -1, 265, 270, 34.0, 21, ABarpaapap, 10714, 0, 0, 0, , 0, 0, 0, 0, 0, 
69, 1, 68, 69, -1, 331, 213, 31.0, 19, ABarpaaaaa, 8970, 0, 0, 0, , 0, 0, 0, 0, 0, 
70, 1, 69, 70, -1, 314, 231, 34.0, 17, ABarpaaaap, 16045, 0, 0, 0, , 0, 0, 0, 0, 0, 
71, 1, 70, 71, -1, 290, 227, 35.0, 13, ABarpaaapp, 4043, 0, 0, 0, , 0, 0, 0, 0, 0, 
72, 1, 71, 72, -1, 313, 211, 34.0, 13, ABarpaaapaa, 3084, 0, 0, 0, , 0, 0, 0, 0, 0, 
73, 1, 72, 73, -1, 304, 207, 34.0, 13, ABarpaaapap, 4260, 0, 0, 0, , 0, 0, 0, 0, 0, 
74, 1, 73, 74, -1, 253, 330, 31.0, 15, ABarppaaap, 6158, 0, 0, 0, , 0, 0, 0, 0, 0, 
75, 1, 74, 75, -1, 213, 332, 30.0, 13, ABarppaapp, 5826, 0, 0, 0, , 0, 0, 0, 0, 0, 
76, 1, 75, 76, -1, 144, 352, 31.0, 17, ABarppappa, 6582, 0, 0, 0, , 0, 0, 0, 0, 0, 
77, 1, 76, 77, -1, 112, 361, 22.0, 17, ABarppappp, 6119, 0, 0, 0, , 0, 0, 0, 0, 0, 
78, 1, 77, 78, -1, 201, 349, 31.0, 17, ABarppapap, 5900, 0, 0, 0, , 0, 0, 0, 0, 0, 
79, 1, 78, 79, -1, 229, 336, 31.0, 15, ABarppapaa, 5625, 0, 0, 0, , 0, 0, 0, 0, 0, 
80, 1, 79, 80, -1, 75, 251, 22.0, 17, ABarpppppp, 6395, 0, 0, 0, , 0, 0, 0, 0, 0, 
81, 1, 80, 81, -1, 107, 230, 29.0, 15, ABarpppppa, 4645, 0, 0, 0, , 0, 0, 0, 0, 0, 
82, 1, 81, 82, -1, 173, 192, 31.0, 15, ABarppppaa, 5878, 0, 0, 0, , 0, 0, 0, 0, 0, 
83, 1, 82, 83, -1, 147, 209, 32.0, 17, ABarppppap, 5508, 0, 0, 0, , 0, 0, 0, 0, 0, 
84, 1, 83, 84, -1, 198, 189, 34.0, 19, ABarpppaap, 12109, 0, 0, 0, , 0, 0, 0, 0, 0, 
85, 1, 84, 85, -1, 222, 208, 34.0, 15, ABarpppaaa, 4834, 0, 0, 0, , 0, 0, 0, 0, 0, 
86, 1, 85, 86, -1, 328, 192, 23.0, 13, ABalappppaa, 2167, 0, 0, 0, , 0, 0, 0, 0, 0, 
87, 1, 86, 87, -1, 319, 182, 27.0, 13, ABalappppap, 2451, 0, 0, 0, , 0, 0, 0, 0, 0, 
88, 1, 87, 88, -1, 287, 178, 31.0, 13, ABalapppppp, 2220, 0, 0, 0, , 0, 0, 0, 0, 0, 
89, 1, 88, 89, -1, 334, 206, 23.0, 11, ABalapppaaa, 1285, 0, 0, 0, , 0, 0, 0, 0, 0, 
90, 1, 89, 90, -1, 325, 198, 27.0, 13, ABalapppaap, 2325, 0, 0, 0, , 0, 0, 0, 0, 0, 
91, 1, 90, 91, -1, 317, 201, 30.0, 13, ABalapppapa, 3925, 0, 0, 0, , 0, 0, 0, 0, 0, 
92, 1, 91, 92, -1, 297, 182, 27.0, 11, ABalappapap, 1742, 0, 0, 0, , 0, 0, 0, 0, 0, 
93, 1, 92, 93, -1, 312, 187, 24.0, 11, ABalappapaa, 2907, 0, 0, 0, , 0, 0, 0, 0, 0, 
94, 1, 93, 94, -1, 334, 210, 29.0, 13, ABalappaaa, 4695, 0, 0, 0, , 0, 0, 0, 0, 0, 
95, 1, 94, 95, -1, 320, 176, 22.0, 11, ABalappappa, 2203, 0, 0, 0, , 0, 0, 0, 0, 0, 
96, 1, 95, 96, -1, 309, 167, 25.0, 13, ABalappappp, 1953, 0, 0, 0, , 0, 0, 0, 0, 0, 
97, 1, 96, 97, -1, 319, 268, 32.0, 13, ABalapapppp, 4747, 0, 0, 0, , 0, 0, 0, 0, 0, 
98, 1, 97, 98, -1, 330, 262, 30.0, 13, ABalapapppa, 974, 0, 0, 0, , 0, 0, 0, 0, 0, 
99, 1, 98, 99, -1, 340, 234, 24.0, 13, ABalapappaa, 3019, 0, 0, 0, , 0, 0, 0, 0, 0, 
100, 1, 99, 100, -1, 335, 248, 28.0, 13, ABalapappap, 1337, 0, 0, 0, , 0, 0, 0, 0, 0, 
101, 1, 100, 101, -1, 324, 231, 31.0, 13, ABalapapaa, 5700, 0, 0, 0, , 0, 0, 0, 0, 0, 
102, 1, 101, 102, -1, 316, 248, 31.0, 13, ABalapapapp, 2035, 0, 0, 0, , 0, 0, 0, 0, 0, 
103, 1, 102, 103, -1, 332, 251, 25.0, 17, ABalapaaaa, 14367, 0, 0, 0, , 0, 0, 0, 0, 0, 
104, 1, 103, 104, -1, 352, 251, 24.0, 13, ABalapaaapa, 4643, 0, 0, 0, , 0, 0, 0, 0, 0, 
105, 1, 104, 105, -1, 345, 267, 28.0, 13, ABalapaaapp, 2507, 0, 0, 0, , 0, 0, 0, 0, 0, 
106, 0, -1, -1, -1, 340, 262, 20.0, 17, , 3264, 0, 0, 0, , 0, 0, 0, 0, 0, 
107, 0, 106, -1, -1, 343, 264, 23.0, 17, , 2705, 0, 0, 0, , 0, 0, 0, 0, 0, 
108, 1, 107, 108, -1, 324, 283, 17.0, 11, ABalapaapap, 4587, 0, 0, 0, , 0, 0, 0, 0, 0, 
109, 1, 108, 109, -1, 325, 259, 19.0, 13, ABalapaapaa, 4113, 0, 0, 0, , 0, 0, 0, 0, 0, 
110, 1, 109, 110, -1, 334, 272, 22.0, 17, ABalapaappp, 4487, 0, 0, 0, , 0, 0, 0, 0, 0, 
111, 1, 110, 111, -1, 316, 186, 15.0, 19, ABalaapaaa, 7061, 0, 0, 0, , 0, 0, 0, 0, 0, 
112, 1, 111, 112, -1, 235, 174, 11.0, 13, ABalaapapa, 7698, 0, 0, 0, , 0, 0, 0, 0, 0, 
113, 1, 112, 113, -1, 300, 190, 12.0, 19, ABalaapaap, 6056, 0, 0, 0, , 0, 0, 0, 0, 0, 
114, 1, 113, 114, -1, 295, 174, 13.0, 13, ABalaappapa, 3137, 0, 0, 0, , 0, 0, 0, 0, 0, 
115, 1, 114, 115, -1, 276, 171, 13.0, 11, ABalaappaa, 5590, 0, 0, 0, , 0, 0, 0, 0, 0, 
116, 1, 115, 116, -1, 304, 174, 22.0, 15, ABalaappppp, 4309, 0, 0, 0, , 0, 0, 0, 0, 0, 
117, 1, 116, 117, -1, 305, 188, 19.0, 13, ABalaappppa, 2954, 0, 0, 0, , 0, 0, 0, 0, 0, 
118, 1, 117, 118, -1, 296, 183, 20.0, 15, ABalaapppaa, 3761, 0, 0, 0, , 0, 0, 0, 0, 0, 
119, 1, 118, 119, -1, 288, 187, 17.0, 13, ABalaapppap, 2435, 0, 0, 0, , 0, 0, 0, 0, 0, 
120, 1, 119, 120, -1, 336, 258, 12.0, 11, ABalaaaalpp, 3129, 0, 0, 0, , 0, 0, 0, 0, 0, 
121, 1, 120, 121, -1, 347, 241, 13.0, 13, ABalaaaalpa, 4109, 0, 0, 0, , 0, 0, 0, 0, 0, 
122, 1, 121, 122, -1, 337, 202, 20.0, 15, ABalaaaarrp, 4177, 0, 0, 0, , 0, 0, 0, 0, 0, 
123, 1, 122, 123, -1, 330, 192, 17.0, 13, ABalaaaarra, 3907, 0, 0, 0, , 0, 0, 0, 0, 0, 
124, 1, 123, 124, -1, 342, 212, 17.0, 13, ABalaaaarlp, 3550, 0, 0, 0, , 0, 0, 0, 0, 0, 
125, 1, 124, 125, -1, 341, 230, 19.0, 15, ABalaaaarla, 5393, 0, 0, 0, , 0, 0, 0, 0, 0, 
126, 1, 125, 126, -1, 333, 180, 20.0, 13, ABalaaapplr, 4469, 0, 0, 0, , 0, 0, 0, 0, 0, 
127, 1, 126, 127, -1, 316, 189, 18.0, 15, ABalaaapprr, 5040, 0, 0, 0, , 0, 0, 0, 0, 0, 
128, 1, 127, 128, -1, 305, 176, 16.0, 13, ABalaaapprl, 2789, 0, 0, 0, , 0, 0, 0, 0, 0, 
129, 0, 128, -1, -1, 337, 219, 27.0, 15, , 2526, 0, 0, 0, , 0, 0, 0, 0, 0, 
130, 1, 129, 130, -1, 152, 322, 11.0, 13, ABplppppapa, 4628, 0, 0, 0, , 0, 0, 0, 0, 0, 
131, 1, 130, 131, -1, 139, 307, 10.0, 15, ABplppppapp, 5652, 0, 0, 0, , 0, 0, 0, 0, 0, 
132, 1, 131, 132, -1, 168, 303, 11.0, 11, ABplppppaaa, 4580, 0, 0, 0, , 0, 0, 0, 0, 0, 
133, 1, 132, 133, -1, 155, 306, 12.0, 11, ABplppppaap, 3516, 0, 0, 0, , 0, 0, 0, 0, 0, 
134, 1, 133, 134, -1, 86, 326, 13.0, 15, ABplppppppp, 3988, 0, 0, 0, , 0, 0, 0, 0, 0, 
135, 1, 134, 135, -1, 93, 320, 11.0, 13, ABplppppppa, 3651, 0, 0, 0, , 0, 0, 0, 0, 0, 
136, 1, 135, 136, -1, 133, 313, 14.0, 15, ABplpppppap, 4539, 0, 0, 0, , 0, 0, 0, 0, 0, 
137, 1, 136, 137, -1, 148, 314, 16.0, 15, ABplpppppaa, 4492, 0, 0, 0, , 0, 0, 0, 0, 0, 
138, 1, 137, 138, -1, 115, 301, 12.0, 11, ABplpppapp, 3689, 0, 0, 0, , 0, 0, 0, 0, 0, 
139, 1, 138, 139, -1, 127, 315, 9.0, 15, ABplpppapaa, 3967, 0, 0, 0, , 0, 0, 0, 0, 0, 
140, 1, 139, 140, -1, 128, 333, 11.0, 25, ABplpppaapp, 10832, 0, 0, 0, , 0, 0, 0, 0, 0, 
141, 1, 140, 141, -1, 174, 317, 10.0, 13, ABplpppaaaa, 4285, 0, 0, 0, , 0, 0, 0, 0, 0, 
142, 1, 141, 142, -1, 163, 334, 11.0, 15, ABplpppaaap, 5763, 0, 0, 0, , 0, 0, 0, 0, 0, 
143, 1, 142, 143, -1, 169, 335, 13.0, 15, ABplppapppp, 4081, 0, 0, 0, , 0, 0, 0, 0, 0, 
144, 1, 143, 144, -1, 185, 326, 12.0, 13, ABplppapppa, 4064, 0, 0, 0, , 0, 0, 0, 0, 0, 
145, 1, 144, 145, -1, 199, 318, 12.0, 13, ABplppappap, 3808, 0, 0, 0, , 0, 0, 0, 0, 0, 
146, 1, 145, 146, -1, 208, 308, 14.0, 13, ABplppappaa, 3569, 0, 0, 0, , 0, 0, 0, 0, 0, 
147, 1, 146, 147, -1, 204, 328, 15.0, 15, ABplppapaap, 5257, 0, 0, 0, , 0, 0, 0, 0, 0, 
148, 1, 147, 148, -1, 194, 336, 16.0, 13, ABplppapapa, 4581, 0, 0, 0, , 0, 0, 0, 0, 0, 
149, 1, 148, 149, -1, 180, 333, 17.0, 13, ABplppapapp, 5119, 0, 0, 0, , 0, 0, 0, 0, 0, 
150, 1, 149, 150, -1, 201, 303, 10.0, 13, ABplppaappa, 4664, 0, 0, 0, , 0, 0, 0, 0, 0, 
151, 1, 150, 151, -1, 187, 309, 10.0, 13, ABplppaappp, 4863, 0, 0, 0, , 0, 0, 0, 0, 0, 
152, 1, 151, 152, -1, 265, 299, 17.0, 13, ABplppaaaaa, 4153, 0, 0, 0, , 0, 0, 0, 0, 0, 
153, 1, 152, 153, -1, 256, 307, 18.0, 13, ABplppaaap, 5467, 0, 0, 0, , 0, 0, 0, 0, 0, 
154, 1, 153, 154, -1, 242, 269, 10.0, 15, ABplpappaaa, 6268, 0, 0, 0, , 0, 0, 0, 0, 0, 
155, 1, 154, 155, -1, 226, 279, 11.0, 11, ABplpappaap, 990, 0, 0, 0, , 0, 0, 0, 0, 0, 
156, 1, 155, 156, -1, 215, 271, 12.0, 13, ABplpappap, 5368, 0, 0, 0, , 0, 0, 0, 0, 0, 
157, 1, 156, 157, -1, 140, 296, 11.0, 15, ABplpappppp, 3662, 0, 0, 0, , 0, 0, 0, 0, 0, 
158, 1, 157, 158, -1, 159, 283, 11.0, 13, ABplpappppa, 4154, 0, 0, 0, , 0, 0, 0, 0, 0, 
159, 1, 158, 159, -1, 176, 284, 10.0, 15, ABplpapppaa, 4425, 0, 0, 0, , 0, 0, 0, 0, 0, 
160, 1, 159, 160, -1, 163, 265, 10.0, 13, ABplpapppap, 4340, 0, 0, 0, , 0, 0, 0, 0, 0, 
161, 1, 160, 161, -1, 209, 290, 10.0, 13, ABplpapappa, 3707, 0, 0, 0, , 0, 0, 0, 0, 0, 
162, 1, 161, 162, -1, 189, 288, 11.0, 13, ABplpapappp, 3615, 0, 0, 0, , 0, 0, 0, 0, 0, 
163, 1, 162, 163, -1, 223, 299, 15.0, 13, ABplpapapap, 3261, 0, 0, 0, , 0, 0, 0, 0, 0, 
164, 1, 163, 164, -1, 237, 294, 15.0, 13, ABplpapapaa, 3652, 0, 0, 0, , 0, 0, 0, 0, 0, 
165, 1, 164, 165, -1, 272, 292, 13.0, 11, ABplpapaapa, 3226, 0, 0, 0, , 0, 0, 0, 0, 0, 
166, 1, 165, 166, -1, 254, 300, 14.0, 13, ABplpapaapp, 3806, 0, 0, 0, , 0, 0, 0, 0, 0, 
167, 1, 166, 167, -1, 258, 286, 13.0, 11, ABplpapaaap, 3616, 0, 0, 0, , 0, 0, 0, 0, 0, 
168, 1, 167, 168, -1, 269, 278, 12.0, 11, ABplpapaaaa, 3485, 0, 0, 0, , 0, 0, 0, 0, 0, 
169, 1, 168, 169, -1, 215, 327, 12.0, 15, ABplpaaaapp, 5317, 0, 0, 0, , 0, 0, 0, 0, 0, 
170, 1, 169, 170, -1, 232, 318, 11.0, 15, ABplpaaaapa, 5901, 0, 0, 0, , 0, 0, 0, 0, 0, 
171, 1, 170, 171, -1, 313, 271, 16.0, 15, ABplpaaaaaa, 6999, 0, 0, 0, , 0, 0, 0, 0, 0, 
172, 1, 171, 172, -1, 301, 305, 15.0, 13, ABplpaaapap, 7028, 0, 0, 0, , 0, 0, 0, 0, 0, 
173, 1, 172, 173, -1, 313, 294, 14.0, 13, ABplpaaapaa, 4928, 0, 0, 0, , 0, 0, 0, 0, 0, 
174, 1, 173, 174, -1, 290, 291, 14.0, 15, ABplpaaappa, 4963, 0, 0, 0, , 0, 0, 0, 0, 0, 
175, 1, 174, 175, -1, 282, 293, 16.0, 13, ABplpaaappp, 5108, 0, 0, 0, , 0, 0, 0, 0, 0, 
176, 1, 175, 176, -1, 267, 316, 24.0, 13, ABplpaappap, 4081, 0, 0, 0, , 0, 0, 0, 0, 0, 
177, 1, 176, 177, -1, 283, 302, 22.0, 15, ABplpaappaa, 5464, 0, 0, 0, , 0, 0, 0, 0, 0, 
178, 1, 177, 178, -1, 295, 304, 17.0, 11, ABplpaapppa, 2555, 0, 0, 0, , 0, 0, 0, 0, 0, 
179, 1, 178, 179, -1, 306, 309, 18.0, 13, ABplpaapapp, 4936, 0, 0, 0, , 0, 0, 0, 0, 0, 
180, 1, 179, 180, -1, 278, 307, 15.0, 11, ABplpaapppp, 4525, 0, 0, 0, , 0, 0, 0, 0, 0, 
181, 1, 180, 181, -1, 303, 290, 19.0, 15, ABplpaapaap, 6521, 0, 0, 0, , 0, 0, 0, 0, 0, 
182, 1, 181, 182, -1, 306, 271, 18.0, 17, ABplpaapaaa, 4965, 0, 0, 0, , 0, 0, 0, 0, 0, 
183, 1, 182, 183, -1, 318, 306, 21.0, 15, ABplpaapapa, 6655, 0, 0, 0, , 0, 0, 0, 0, 0, 
184, 1, 183, 184, -1, 274, 323, 18.0, 13, ABplaappap, 5357, 0, 0, 0, , 0, 0, 0, 0, 0, 
185, 1, 184, 185, -1, 290, 318, 18.0, 11, ABplaappaa, 4149, 0, 0, 0, , 0, 0, 0, 0, 0, 
186, 1, 185, 186, -1, 263, 331, 20.0, 15, ABplaapppa, 6718, 0, 0, 0, , 0, 0, 0, 0, 0, 
187, 1, 186, 187, -1, 233, 343, 23.0, 15, ABplaapppp, 4012, 0, 0, 0, , 0, 0, 0, 0, 0, 
188, 1, 187, 188, -1, 349, 233, 28.0, 13, ABplaapaaaa, 5175, 0, 0, 0, , 0, 0, 0, 0, 0, 
189, 1, 188, 189, -1, 346, 252, 30.0, 13, ABplaapaaap, 4783, 0, 0, 0, , 0, 0, 0, 0, 0, 
190, 1, 189, 190, -1, 338, 273, 31.0, 13, ABplaapaapa, 6468, 0, 0, 0, , 0, 0, 0, 0, 0, 
191, 1, 190, 191, -1, 327, 282, 27.0, 17, ABplaapaapp, 5876, 0, 0, 0, , 0, 0, 0, 0, 0, 
192, 1, 191, 192, -1, 295, 299, 29.0, 17, ABplaapappp, 6154, 0, 0, 0, , 0, 0, 0, 0, 0, 
193, 1, 192, 193, -1, 305, 278, 28.0, 15, ABplaapappa, 5476, 0, 0, 0, , 0, 0, 0, 0, 0, 
194, 1, 193, 194, -1, 297, 291, 25.0, 13, ABplaapapap, 6547, 0, 0, 0, , 0, 0, 0, 0, 0, 
195, 1, 194, 195, -1, 302, 273, 25.0, 13, ABplaapapaa, 6432, 0, 0, 0, , 0, 0, 0, 0, 0, 
196, 1, 195, 196, -1, 308, 257, 32.0, 15, ABplaaaaapp, 3775, 0, 0, 0, , 0, 0, 0, 0, 0, 
197, 1, 196, 197, -1, 316, 251, 29.0, 11, ABplaaaaapa, 3745, 0, 0, 0, , 0, 0, 0, 0, 0, 
198, 1, 197, 198, -1, 333, 250, 33.0, 15, ABplaaaaaa, 7366, 0, 0, 0, , 0, 0, 0, 0, 0, 
199, 1, 198, 199, -1, 281, 257, 34.0, 17, ABplaaaapp, 6110, 0, 0, 0, , 0, 0, 0, 0, 0, 
200, 1, 199, 200, -1, 297, 249, 35.0, 15, ABplaaaapa, 5929, 0, 0, 0, , 0, 0, 0, 0, 0, 
201, 1, 200, 201, -1, 294, 302, 32.0, 17, ABplaaappa, 8515, 0, 0, 0, , 0, 0, 0, 0, 0, 
202, 1, 201, 202, -1, 277, 312, 32.0, 15, ABplaaappp, 6500, 0, 0, 0, , 0, 0, 0, 0, 0, 
203, 1, 202, 203, -1, 310, 300, 31.0, 17, ABplaaapap, 5170, 0, 0, 0, , 0, 0, 0, 0, 0, 
204, 1, 203, 204, -1, 321, 283, 32.0, 13, ABplaaapaa, 4858, 0, 0, 0, , 0, 0, 0, 0, 0, 
205, 1, 204, 205, -1, 129, 349, 13.0, 15, ABplappppa, 6163, 0, 0, 0, , 0, 0, 0, 0, 0, 
206, 1, 205, 206, -1, 101, 335, 13.0, 13, ABplappppp, 5291, 0, 0, 0, , 0, 0, 0, 0, 0, 
207, 1, 206, 207, -1, 115, 346, 16.0, 17, ABplapppaa, 5687, 0, 0, 0, , 0, 0, 0, 0, 0, 
208, 1, 207, 208, -1, 114, 324, 12.0, 11, ABplapppapp, 4707, 0, 0, 0, , 0, 0, 0, 0, 0, 
209, 1, 208, 209, -1, 120, 336, 12.0, 11, ABplapppapa, 2204, 0, 0, 0, , 0, 0, 0, 0, 0, 
210, 1, 209, 210, -1, 197, 353, 23.0, 15, ABplappaaa, 6392, 0, 0, 0, , 0, 0, 0, 0, 0, 
211, 1, 210, 211, -1, 178, 359, 24.0, 15, ABplappaap, 7025, 0, 0, 0, , 0, 0, 0, 0, 0, 
212, 1, 211, 212, -1, 163, 359, 20.0, 15, ABplappapp, 7348, 0, 0, 0, , 0, 0, 0, 0, 0, 
213, 1, 212, 213, -1, 170, 350, 32.0, 19, ABplappapa, 14685, 0, 0, 0, , 0, 0, 0, 0, 0, 
214, 1, 213, 214, -1, 214, 351, 23.0, 15, ABplapaapp, 8341, 0, 0, 0, , 0, 0, 0, 0, 0, 
215, 1, 214, 215, -1, 249, 340, 20.0, 15, ABplapaapa, 8329, 0, 0, 0, , 0, 0, 0, 0, 0, 
216, 1, 215, 216, -1, 262, 298, 33.0, 13, ABarppaaaa, 3950, 0, 0, 0, , 0, 0, 0, 0, 0, 
217, 1, 216, 217, -1, 243, 330, 26.0, 15, ABplapaaapp, 4585, 0, 0, 0, , 0, 0, 0, 0, 0, 
218, 1, 217, 218, -1, 249, 319, 27.0, 19, ABplapaaapa, 6240, 0, 0, 0, , 0, 0, 0, 0, 0, 
219, 1, 218, 219, -1, 100, 354, 19.0, 11, ABplapapppa, 3352, 0, 0, 0, , 0, 0, 0, 0, 0, 
220, 1, 219, 220, -1, 94, 342, 17.0, 15, ABplapapppp, 5130, 0, 0, 0, , 0, 0, 0, 0, 0, 
221, 1, 220, 221, -1, 142, 367, 21.0, 15, ABplapapap, 6732, 0, 0, 0, , 0, 0, 0, 0, 0, 
222, 1, 221, 222, -1, 131, 361, 18.0, 15, ABplapappa, 7719, 0, 0, 0, , 0, 0, 0, 0, 0, 
223, 1, 222, 223, -1, 128, 360, 27.0, 19, ABplapapaa, 16745, 0, 0, 0, , 0, 0, 0, 0, 0, 
224, 1, 223, 224, -1, 237, 211, 12.0, 13, ABprpapaaaa, 4518, 0, 0, 0, , 0, 0, 0, 0, 0, 
225, 1, 224, 225, -1, 215, 202, 12.0, 11, ABprpapaapp, 2574, 0, 0, 0, , 0, 0, 0, 0, 0, 
226, 1, 225, 226, -1, 185, 239, 11.0, 13, ABprpapappa, 3635, 0, 0, 0, , 0, 0, 0, 0, 0, 
227, 1, 226, 227, -1, 183, 263, 10.0, 15, ABprpapappp, 4824, 0, 0, 0, , 0, 0, 0, 0, 0, 
228, 1, 227, 228, -1, 194, 231, 13.0, 13, ABprpapapap, 3234, 0, 0, 0, , 0, 0, 0, 0, 0, 
229, 1, 228, 229, -1, 206, 224, 13.0, 11, ABprpapapaa, 3259, 0, 0, 0, , 0, 0, 0, 0, 0, 
230, 1, 229, 230, -1, 126, 287, 13.0, 15, ABprpappppp, 3731, 0, 0, 0, , 0, 0, 0, 0, 0, 
231, 1, 230, 231, -1, 149, 290, 13.0, 13, ABprpappppa, 4365, 0, 0, 0, , 0, 0, 0, 0, 0, 
232, 1, 231, 232, -1, 213, 238, 12.0, 13, ABprpapppaa, 4124, 0, 0, 0, , 0, 0, 0, 0, 0, 
233, 1, 232, 233, -1, 196, 252, 12.0, 15, ABprpapppap, 4755, 0, 0, 0, , 0, 0, 0, 0, 0, 
234, 1, 233, 234, -1, 198, 273, 11.0, 15, ABprpappapp, 5248, 0, 0, 0, , 0, 0, 0, 0, 0, 
235, 1, 234, 235, -1, 221, 235, 10.0, 15, ABprpappaap, 3276, 0, 0, 0, , 0, 0, 0, 0, 0, 
236, 1, 235, 236, -1, 233, 244, 9.0, 13, ABprpappaaa, 3522, 0, 0, 0, , 0, 0, 0, 0, 0, 
237, 1, 236, 237, -1, 251, 183, 17.0, 13, ABprpaaaaap, 6381, 0, 0, 0, , 0, 0, 0, 0, 0, 
238, 1, 237, 238, -1, 265, 191, 18.0, 13, ABprpaapaaa, 6497, 0, 0, 0, , 0, 0, 0, 0, 0, 
239, 1, 238, 239, -1, 174, 204, 13.0, 13, ABprpaaaapp, 6098, 0, 0, 0, , 0, 0, 0, 0, 0, 
240, 1, 239, 240, -1, 197, 206, 10.0, 17, ABprpaaaapa, 6620, 0, 0, 0, , 0, 0, 0, 0, 0, 
241, 1, 240, 241, -1, 243, 183, 15.0, 15, ABprpaaappa, 3769, 0, 0, 0, , 0, 0, 0, 0, 0, 
242, 1, 241, 242, -1, 229, 201, 14.0, 13, ABprpapaapa, 2600, 0, 0, 0, , 0, 0, 0, 0, 0, 
243, 1, 242, 243, -1, 227, 185, 14.0, 15, ABprpaaappp, 4787, 0, 0, 0, , 0, 0, 0, 0, 0, 
244, 1, 243, 244, -1, 253, 172, 12.0, 13, ABprpaaapaa, 6014, 0, 0, 0, , 0, 0, 0, 0, 0, 
245, 1, 244, 245, -1, 246, 164, 16.0, 13, ABprpaaapap, 6022, 0, 0, 0, , 0, 0, 0, 0, 0, 
246, 1, 245, 246, -1, 247, 178, 20.0, 13, ABprpaapaap, 5163, 0, 0, 0, , 0, 0, 0, 0, 0, 
247, 1, 246, 247, -1, 259, 159, 21.0, 15, ABprpaapapa, 6607, 0, 0, 0, , 0, 0, 0, 0, 0, 
248, 1, 247, 248, -1, 244, 163, 19.0, 13, ABprpaapapp, 6306, 0, 0, 0, , 0, 0, 0, 0, 0, 
249, 1, 248, 249, -1, 238, 168, 17.0, 13, ABprpaapppa, 3474, 0, 0, 0, , 0, 0, 0, 0, 0, 
250, 1, 249, 250, -1, 224, 175, 16.0, 15, ABprpaapppp, 4550, 0, 0, 0, , 0, 0, 0, 0, 0, 
251, 1, 250, 251, -1, 217, 185, 25.0, 13, ABprpaappap, 4362, 0, 0, 0, , 0, 0, 0, 0, 0, 
252, 1, 251, 252, -1, 232, 181, 23.0, 15, ABprpaappaa, 10244, 0, 0, 0, , 0, 0, 0, 0, 0, 
253, 1, 252, 253, -1, 87, 264, 10.0, 15, ABprpppaapp, 5241, 0, 0, 0, , 0, 0, 0, 0, 0, 
254, 1, 253, 254, -1, 103, 261, 11.0, 13, ABprpppaapa, 4622, 0, 0, 0, , 0, 0, 0, 0, 0, 
255, 1, 254, 255, -1, 120, 241, 11.0, 15, ABprpppaaap, 4870, 0, 0, 0, , 0, 0, 0, 0, 0, 
256, 1, 255, 256, -1, 143, 251, 11.0, 15, ABprpppaaaa, 5767, 0, 0, 0, , 0, 0, 0, 0, 0, 
257, 1, 256, 257, -1, 113, 276, 10.0, 13, ABprpppapaa, 5647, 0, 0, 0, , 0, 0, 0, 0, 0, 
258, 1, 257, 258, -1, 101, 293, 10.0, 13, ABprpppapap, 3532, 0, 0, 0, , 0, 0, 0, 0, 0, 
259, 1, 258, 259, -1, 105, 310, 10.0, 11, ABprpppapp, 4289, 0, 0, 0, , 0, 0, 0, 0, 0, 
260, 1, 259, 260, -1, 132, 261, 10.0, 15, ABprppppapa, 4186, 0, 0, 0, , 0, 0, 0, 0, 0, 
261, 1, 260, 261, -1, 124, 280, 11.0, 13, ABprppppapp, 4204, 0, 0, 0, , 0, 0, 0, 0, 0, 
262, 1, 261, 262, -1, 150, 269, 11.0, 13, ABprppppaaa, 3995, 0, 0, 0, , 0, 0, 0, 0, 0, 
263, 1, 262, 263, -1, 141, 274, 12.0, 13, ABprppppaap, 3940, 0, 0, 0, , 0, 0, 0, 0, 0, 
264, 1, 263, 264, -1, 74, 299, 12.0, 13, ABprppppppp, 3545, 0, 0, 0, , 0, 0, 0, 0, 0, 
265, 1, 264, 265, -1, 86, 306, 10.0, 13, ABprppppppa, 4242, 0, 0, 0, , 0, 0, 0, 0, 0, 
266, 1, 265, 266, -1, 128, 258, 16.0, 15, ABprpppppaa, 5103, 0, 0, 0, , 0, 0, 0, 0, 0, 
267, 1, 266, 267, -1, 109, 272, 15.0, 13, ABprpppppap, 3753, 0, 0, 0, , 0, 0, 0, 0, 0, 
268, 1, 267, 268, -1, 188, 215, 14.0, 11, ABprppaapap, 5979, 0, 0, 0, , 0, 0, 0, 0, 0, 
269, 1, 268, 269, -1, 202, 209, 13.0, 15, ABprppaapaa, 4786, 0, 0, 0, , 0, 0, 0, 0, 0, 
270, 1, 269, 270, -1, 175, 242, 10.0, 13, ABprppaappa, 4993, 0, 0, 0, , 0, 0, 0, 0, 0, 
271, 1, 270, 271, -1, 159, 245, 10.0, 13, ABprppaappp, 4123, 0, 0, 0, , 0, 0, 0, 0, 0, 
272, 1, 271, 272, -1, 221, 194, 17.0, 13, ABprppaaaaa, 5269, 0, 0, 0, , 0, 0, 0, 0, 0, 
273, 1, 272, 273, -1, 205, 192, 15.0, 15, ABprppaaaap, 5005, 0, 0, 0, , 0, 0, 0, 0, 0, 
274, 1, 273, 274, -1, 198, 186, 17.0, 11, ABprppaaap, 4863, 0, 0, 0, , 0, 0, 0, 0, 0, 
275, 1, 274, 275, -1, 172, 206, 16.0, 13, ABprppapaaa, 6504, 0, 0, 0, , 0, 0, 0, 0, 0, 
276, 1, 275, 276, -1, 157, 214, 15.0, 13, ABprppapaap, 4041, 0, 0, 0, , 0, 0, 0, 0, 0, 
277, 1, 276, 277, -1, 143, 215, 14.0, 13, ABprppapapa, 4801, 0, 0, 0, , 0, 0, 0, 0, 0, 
278, 1, 277, 278, -1, 126, 228, 16.0, 13, ABprppapapp, 5068, 0, 0, 0, , 0, 0, 0, 0, 0, 
279, 1, 278, 279, -1, 138, 238, 12.0, 17, ABprppappp, 7722, 0, 0, 0, , 0, 0, 0, 0, 0, 
280, 1, 279, 280, -1, 169, 226, 13.0, 13, ABprppappaa, 2852, 0, 0, 0, , 0, 0, 0, 0, 0, 
281, 1, 280, 281, -1, 156, 227, 11.0, 13, ABprppappap, 4157, 0, 0, 0, , 0, 0, 0, 0, 0, 
282, 1, 281, 282, -1, 337, 189, 28.0, 13, ABpraapaaaa, 4085, 0, 0, 0, , 0, 0, 0, 0, 0, 
283, 1, 282, 283, -1, 317, 185, 33.0, 15, ABarpapaaaa, 4895, 0, 0, 0, , 0, 0, 0, 0, 0, 
284, 1, 283, 284, -1, 324, 178, 30.0, 15, ABpraapaaap, 4602, 0, 0, 0, , 0, 0, 0, 0, 0, 
285, 1, 284, 285, -1, 298, 166, 27.0, 15, ABpraapaapa, 6072, 0, 0, 0, , 0, 0, 0, 0, 0, 
286, 1, 285, 286, -1, 247, 178, 26.0, 13, ABpraapapap, 6669, 0, 0, 0, , 0, 0, 0, 0, 0, 
287, 1, 286, 287, -1, 266, 186, 25.0, 15, ABpraapapaa, 4965, 0, 0, 0, , 0, 0, 0, 0, 0, 
288, 1, 287, 288, -1, 243, 171, 29.0, 15, ABpraapappp, 5710, 0, 0, 0, , 0, 0, 0, 0, 0, 
289, 1, 288, 289, -1, 262, 181, 28.0, 15, ABpraapappa, 5162, 0, 0, 0, , 0, 0, 0, 0, 0, 
290, 1, 289, 290, -1, 170, 187, 23.0, 17, ABpraapppp, 6233, 0, 0, 0, , 0, 0, 0, 0, 0, 
291, 1, 290, 291, -1, 194, 173, 19.0, 13, ABpraapppa, 3099, 0, 0, 0, , 0, 0, 0, 0, 0, 
292, 1, 291, 292, -1, 212, 172, 18.0, 15, ABpraappap, 6103, 0, 0, 0, , 0, 0, 0, 0, 0, 
293, 1, 292, 293, -1, 229, 162, 20.0, 13, ABpraappaa, 4246, 0, 0, 0, , 0, 0, 0, 0, 0, 
294, 1, 293, 294, -1, 293, 169, 24.0, 13, ABpraaapapa, 4346, 0, 0, 0, , 0, 0, 0, 0, 0, 
295, 1, 294, 295, -1, 277, 165, 25.0, 13, ABpraaapapp, 4049, 0, 0, 0, , 0, 0, 0, 0, 0, 
296, 1, 295, 296, -1, 270, 172, 22.0, 13, ABpraaapaad, 3922, 0, 0, 0, , 0, 0, 0, 0, 0, 
297, 1, 296, 297, -1, 280, 182, 19.0, 11, ABpraaapaav, 3024, 0, 0, 0, , 0, 0, 0, 0, 0, 
298, 1, 297, 298, -1, 260, 188, 21.0, 13, ABpraaappaa, 5401, 0, 0, 0, , 0, 0, 0, 0, 0, 
299, 1, 298, 299, -1, 247, 180, 23.0, 13, ABpraaappap, 4624, 0, 0, 0, , 0, 0, 0, 0, 0, 
300, 1, 299, 300, -1, 233, 186, 28.0, 13, ABpraaapppa, 4752, 0, 0, 0, , 0, 0, 0, 0, 0, 
301, 1, 300, 301, -1, 225, 167, 25.0, 17, ABpraaapppp, 6215, 0, 0, 0, , 0, 0, 0, 0, 0, 
302, 1, 301, 302, -1, 281, 160, 22.0, 13, ABpraaaaapd, 4223, 0, 0, 0, , 0, 0, 0, 0, 0, 
303, 1, 302, 303, -1, 292, 168, 18.0, 15, ABpraaaaapv, 4834, 0, 0, 0, , 0, 0, 0, 0, 0, 
304, 1, 303, 304, -1, 280, 171, 15.0, 13, ABpraaaaaaa, 5440, 0, 0, 0, , 0, 0, 0, 0, 0, 
305, 1, 304, 305, -1, 264, 168, 14.0, 13, ABpraaaaaap, 4908, 0, 0, 0, , 0, 0, 0, 0, 0, 
306, 1, 305, 306, -1, 265, 173, 17.0, 13, ABpraaaapav, 4127, 0, 0, 0, , 0, 0, 0, 0, 0, 
307, 1, 306, 307, -1, 271, 161, 18.0, 13, ABpraaaapad, 4576, 0, 0, 0, , 0, 0, 0, 0, 0, 
308, 1, 307, 308, -1, 272, 155, 24.0, 13, ABpraaaappa, 4043, 0, 0, 0, , 0, 0, 0, 0, 0, 
309, 1, 308, 309, -1, 261, 165, 25.0, 15, ABpraaaappp, 4313, 0, 0, 0, , 0, 0, 0, 0, 0, 
310, 1, 309, 310, -1, 110, 221, 20.0, 15, ABprappapp, 8327, 0, 0, 0, , 0, 0, 0, 0, 0, 
311, 1, 310, 311, -1, 125, 217, 30.0, 15, ABprappapa, 7445, 0, 0, 0, , 0, 0, 0, 0, 0, 
312, 1, 311, 312, -1, 124, 208, 23.0, 15, ABprappaap, 7485, 0, 0, 0, , 0, 0, 0, 0, 0, 
313, 1, 312, 313, -1, 145, 209, 19.0, 17, ABprappaaa, 8269, 0, 0, 0, , 0, 0, 0, 0, 0, 
314, 1, 313, 314, -1, 84, 257, 17.0, 15, ABprapppaa, 9219, 0, 0, 0, , 0, 0, 0, 0, 0, 
315, 1, 314, 315, -1, 91, 276, 12.0, 13, ABprapppapp, 3620, 0, 0, 0, , 0, 0, 0, 0, 0, 
316, 1, 315, 316, -1, 86, 265, 13.0, 11, ABprapppapa, 4682, 0, 0, 0, , 0, 0, 0, 0, 0, 
317, 1, 316, 317, -1, 72, 277, 13.0, 17, ABprappppp, 8033, 0, 0, 0, , 0, 0, 0, 0, 0, 
318, 1, 317, 318, -1, 83, 250, 13.0, 15, ABprappppa, 6653, 0, 0, 0, , 0, 0, 0, 0, 0, 
319, 1, 318, 319, -1, 206, 189, 28.0, 17, ABprapaaapa, 5329, 0, 0, 0, , 0, 0, 0, 0, 0, 
320, 1, 319, 320, -1, 188, 188, 26.0, 13, ABprapaaapp, 3972, 0, 0, 0, , 0, 0, 0, 0, 0, 
321, 1, 320, 321, -1, 212, 200, 32.0, 15, ABprapaaaap, 4812, 0, 0, 0, , 0, 0, 0, 0, 0, 
322, 1, 321, 322, -1, 225, 201, 31.0, 13, ABprapaaaaa, 4910, 0, 0, 0, , 0, 0, 0, 0, 0, 
323, 1, 322, 323, -1, 152, 195, 22.0, 13, ABprapaapp, 5350, 0, 0, 0, , 0, 0, 0, 0, 0, 
324, 1, 323, 324, -1, 181, 184, 19.0, 13, ABprapaapa, 7039, 0, 0, 0, , 0, 0, 0, 0, 0, 
325, 1, 324, 325, -1, 93, 239, 15.0, 15, ABprapappa, 7377, 0, 0, 0, , 0, 0, 0, 0, 0, 
326, 1, 325, 326, -1, 72, 274, 18.0, 13, ABprapapppp, 4576, 0, 0, 0, , 0, 0, 0, 0, 0, 
327, 1, 326, 327, -1, 65, 266, 20.0, 13, ABprapapppa, 3594, 0, 0, 0, , 0, 0, 0, 0, 0, 
328, 1, 327, 328, -1, 95, 231, 20.0, 15, ABprapapap, 7573, 0, 0, 0, , 0, 0, 0, 0, 0, 
329, 1, 328, 329, -1, 84, 251, 27.0, 13, ABprapapaa, 5850, 0, 0, 0, , 0, 0, 0, 0, 0, 
330, 1, 329, 330, -1, 242, 201, 30.0, 13, MSppppap, 4216, 0, 0, 0, , 0, 0, 0, 0, 0, 
331, 1, 330, 331, -1, 226, 200, 20.0, 13, MSppppaa, 3883, 0, 0, 0, , 0, 0, 0, 0, 0, 
332, 1, 331, 332, -1, 242, 220, 32.0, 19, MSpppppa, 10161, 0, 0, 0, , 0, 0, 0, 0, 0, 
333, 1, 332, 333, -1, 212, 227, 31.0, 17, MSpppppp, 4743, 0, 0, 0, , 0, 0, 0, 0, 0, 
334, 1, 333, 334, -1, 216, 214, 24.0, 13, MSpppaaa, 3993, 0, 0, 0, , 0, 0, 0, 0, 0, 
335, 1, 334, 335, -1, 140, 245, 20.0, 17, MSpppaap, 8046, 0, 0, 0, , 0, 0, 0, 0, 0, 
336, 1, 335, 336, -1, 203, 211, 17.0, 13, MSpppapp, 3651, 0, 0, 0, , 0, 0, 0, 0, 0, 
337, 1, 336, 337, -1, 216, 211, 18.0, 13, MSpppapa, 2533, 0, 0, 0, , 0, 0, 0, 0, 0, 
338, 1, 337, 338, -1, 223, 219, 13.0, 13, ABprpapaaap, 3803, 0, 0, 0, , 0, 0, 0, 0, 0, 
339, 1, 338, 339, -1, 170, 257, 13.0, 15, MSppaapp, 4391, 0, 0, 0, , 0, 0, 0, 0, 0, 
340, 1, 339, 340, -1, 244, 207, 16.0, 13, MSppaapa, 2589, 0, 0, 0, , 0, 0, 0, 0, 0, 
341, 1, 340, 341, -1, 284, 207, 14.0, 13, MSppaaaa, 5186, 0, 0, 0, , 0, 0, 0, 0, 0, 
342, 1, 341, 342, -1, 286, 190, 23.0, 19, MSppaaap, 7645, 0, 0, 0, , 0, 0, 0, 0, 0, 
343, 1, 342, 343, -1, 264, 191, 30.0, 15, MSppappa, 4576, 0, 0, 0, , 0, 0, 0, 0, 0, 
344, 1, 343, 344, -1, 243, 198, 23.0, 13, MSppapaa, 4617, 0, 0, 0, , 0, 0, 0, 0, 0, 
345, 1, 344, 345, -1, 240, 196, 18.0, 15, MSppapap, 4089, 0, 0, 0, , 0, 0, 0, 0, 0, 
346, 1, 345, 346, -1, 198, 257, 15.0, 13, MSpapappp, 3295, 0, 0, 0, , 0, 0, 0, 0, 0, 
347, 1, 346, 347, -1, 210, 243, 19.0, 15, MSpapappa, 4645, 0, 0, 0, , 0, 0, 0, 0, 0, 
348, 1, 347, 348, -1, 197, 243, 17.0, 15, MSpapapa, 6936, 0, 0, 0, , 0, 0, 0, 0, 0, 
349, 1, 348, 349, -1, 223, 232, 17.0, 15, MSpapaaap, 11758, 0, 0, 0, , 0, 0, 0, 0, 0, 
350, 1, 349, 350, -1, 205, 232, 23.0, 17, MSpapaapp, 15965, 0, 0, 0, , 0, 0, 0, 0, 0, 
351, 0, 350, -1, -1, 195, 247, 23.0, 11, , 2257, 0, 0, 0, , 0, 0, 0, 0, 0, 
352, 0, 351, -1, -1, 203, 258, 23.0, 11, , 1543, 0, 0, 0, , 0, 0, 0, 0, 0, 
353, 1, 352, 353, -1, 163, 320, 15.0, 13, MSpappaa, 4414, 0, 0, 0, , 0, 0, 0, 0, 0, 
354, 1, 353, 354, -1, 149, 229, 17.0, 15, MSpapppp, 3708, 0, 0, 0, , 0, 0, 0, 0, 0, 
355, 1, 354, 355, -1, 177, 220, 18.0, 21, MSpapppa, 6563, 0, 0, 0, , 0, 0, 0, 0, 0, 
356, 1, 355, 356, -1, 252, 234, 28.0, 15, MSpaaappa, 5669, 0, 0, 0, , 0, 0, 0, 0, 0, 
357, 1, 356, 357, -1, 234, 240, 28.0, 13, MSpaaappp, 5915, 0, 0, 0, , 0, 0, 0, 0, 0, 
358, 1, 357, 358, -1, 249, 253, 31.0, 13, MSpaaapaa, 4365, 0, 0, 0, , 0, 0, 0, 0, 0, 
359, 1, 358, 359, -1, 227, 255, 30.0, 15, MSpaaapap, 4077, 0, 0, 0, , 0, 0, 0, 0, 0, 
360, 1, 359, 360, -1, 282, 215, 27.0, 15, MSpaaaapa, 6797, 0, 0, 0, , 0, 0, 0, 0, 0, 
361, 1, 360, 361, -1, 263, 216, 28.0, 17, MSpaaaapp, 5139, 0, 0, 0, , 0, 0, 0, 0, 0, 
362, 1, 361, 362, -1, 273, 224, 31.0, 17, MSpaaaaa, 10093, 0, 0, 0, , 0, 0, 0, 0, 0, 
363, 1, 362, 363, -1, 231, 220, 19.0, 13, ABaraappppa, 4734, 0, 0, 0, , 0, 0, 0, 0, 0, 
364, 1, 363, 364, -1, 233, 223, 22.0, 15, ABaraapppap, 5953, 0, 0, 0, , 0, 0, 0, 0, 0, 
365, 1, 364, 365, -1, 233, 221, 27.0, 13, MSpaapaap, 4604, 0, 0, 0, , 0, 0, 0, 0, 0, 
366, 1, 365, 366, -1, 254, 218, 26.0, 13, MSpaapaaa, 3175, 0, 0, 0, , 0, 0, 0, 0, 0, 
367, 1, 366, 367, -1, 174, 255, 24.0, 13, Earap, 6615, 0, 0, 0, , 0, 0, 0, 0, 0, 
368, 1, 367, 368, -1, 265, 297, 21.0, 15, MSapppaa, 3529, 0, 0, 0, , 0, 0, 0, 0, 0, 
369, 1, 368, 369, -1, 252, 289, 27.0, 15, MSapppap, 4179, 0, 0, 0, , 0, 0, 0, 0, 0, 
370, 1, 369, 370, -1, 249, 281, 30.0, 15, MSappppa, 4986, 0, 0, 0, , 0, 0, 0, 0, 0, 
371, 1, 370, 371, -1, 219, 300, 31.0, 17, MSappppp, 6337, 0, 0, 0, , 0, 0, 0, 0, 0, 
372, 1, 371, 372, -1, 164, 317, 18.0, 15, MSappaap, 4458, 0, 0, 0, , 0, 0, 0, 0, 0, 
373, 1, 372, 373, -1, 238, 297, 23.0, 15, MSappaaa, 4305, 0, 0, 0, , 0, 0, 0, 0, 0, 
374, 1, 373, 374, -1, 241, 298, 18.0, 11, MSappapp, 2292, 0, 0, 0, , 0, 0, 0, 0, 0, 
375, 1, 374, 375, -1, 252, 296, 20.0, 15, MSappapa, 2228, 0, 0, 0, , 0, 0, 0, 0, 0, 
376, 1, 375, 376, -1, 287, 276, 30.0, 19, MSapappa, 4067, 0, 0, 0, , 0, 0, 0, 0, 0, 
377, 1, 376, 377, -1, 281, 262, 32.0, 15, MSapappp, 3961, 0, 0, 0, , 0, 0, 0, 0, 0, 
378, 1, 377, 378, -1, 272, 279, 18.0, 13, MSapapap, 4561, 0, 0, 0, , 0, 0, 0, 0, 0, 
379, 1, 378, 379, -1, 276, 282, 24.0, 15, MSapapaa, 8179, 0, 0, 0, , 0, 0, 0, 0, 0, 
380, 1, 379, 380, -1, 195, 297, 14.0, 15, MSapaapp, 4812, 0, 0, 0, , 0, 0, 0, 0, 0, 
381, 1, 380, 381, -1, 287, 278, 18.0, 11, MSapaapa, 3751, 0, 0, 0, , 0, 0, 0, 0, 0, 
382, 1, 381, 382, -1, 317, 251, 16.0, 15, MSapaaaa, 4672, 0, 0, 0, , 0, 0, 0, 0, 0, 
383, 1, 382, 383, -1, 312, 256, 25.0, 15, MSapaaap, 5564, 0, 0, 0, , 0, 0, 0, 0, 0, 
384, 1, 383, 384, -1, 304, 218, 28.0, 15, MSaaaaapa, 7663, 0, 0, 0, , 0, 0, 0, 0, 0, 
385, 1, 384, 385, -1, 295, 234, 31.0, 15, MSaaaaapp, 5560, 0, 0, 0, , 0, 0, 0, 0, 0, 
386, 1, 385, 386, -1, 327, 221, 24.0, 13, MSaaaaaa, 1032, 0, 0, 0, , 0, 0, 0, 0, 0, 
387, 1, 386, 387, -1, 279, 240, 30.0, 13, MSaaaapaa, 4093, 0, 0, 0, , 0, 0, 0, 0, 0, 
388, 1, 387, 388, -1, 262, 243, 31.0, 13, MSaaaapap, 4626, 0, 0, 0, , 0, 0, 0, 0, 0, 
389, 1, 388, 389, -1, 241, 263, 28.0, 15, MSaaaappp, 6606, 0, 0, 0, , 0, 0, 0, 0, 0, 
390, 1, 389, 390, -1, 259, 259, 29.0, 13, MSaaaappa, 4389, 0, 0, 0, , 0, 0, 0, 0, 0, 
391, 1, 390, 391, -1, 241, 267, 26.0, 13, MSaaapapp, 3554, 0, 0, 0, , 0, 0, 0, 0, 0, 
392, 1, 391, 392, -1, 279, 258, 28.0, 13, MSaaapaap, 4017, 0, 0, 0, , 0, 0, 0, 0, 0, 
393, 0, 392, -1, -1, 300, 245, 27.0, 11, , 1735, 0, 0, 0, , 0, 0, 0, 0, 0, 
394, 1, 393, 394, -1, 225, 275, 27.0, 11, MSaaappa, 3585, 0, 0, 0, , 0, 0, 0, 0, 0, 
395, 1, 394, 395, -1, 225, 273, 29.0, 13, MSaaappp, 3197, 0, 0, 0, , 0, 0, 0, 0, 0, 
396, 1, 395, 396, -1, 180, 313, 16.0, 17, MSaapppp, 6083, 0, 0, 0, , 0, 0, 0, 0, 0, 
397, 1, 396, 397, -1, 214, 309, 19.0, 13, MSaapppa, 1566, 0, 0, 0, , 0, 0, 0, 0, 0, 
398, 1, 397, 398, -1, 233, 277, 16.0, 15, MSaapaaap, 6413, 0, 0, 0, , 0, 0, 0, 0, 0, 
399, 1, 398, 399, -1, 251, 277, 17.0, 15, MSaapaaaa, 4231, 0, 0, 0, , 0, 0, 0, 0, 0, 
400, 1, 399, 400, -1, 210, 277, 17.0, 13, MSaapappp, 3597, 0, 0, 0, , 0, 0, 0, 0, 0, 
401, 1, 400, 401, -1, 233, 281, 19.0, 13, MSaapappa, 4225, 0, 0, 0, , 0, 0, 0, 0, 0, 
402, 1, 401, 402, -1, 219, 285, 20.0, 17, MSaapapa, 6822, 0, 0, 0, , 0, 0, 0, 0, 0, 
403, 1, 402, 403, -1, 197, 282, 21.0, 19, Ealpa, 9086, 0, 0, 0, , 0, 0, 0, 0, 0, 
404, 1, 403, 404, -1, 156, 300, 23.0, 17, Ealpp, 8517, 0, 0, 0, , 0, 0, 0, 0, 0, 
405, 1, 404, 405, -1, 118, 337, 20.0, 19, Cappap, 13843, 0, 0, 0, , 0, 0, 0, 0, 0, 
406, 1, 405, 406, -1, 163, 341, 26.0, 15, Cappaaa, 5415, 0, 0, 0, , 0, 0, 0, 0, 0, 
407, 1, 406, 407, -1, 108, 333, 27.0, 15, Capppa, 6685, 0, 0, 0, , 0, 0, 0, 0, 0, 
408, 1, 407, 408, -1, 97, 321, 16.0, 15, Capppp, 4863, 0, 0, 0, , 0, 0, 0, 0, 0, 
409, 1, 408, 409, -1, 139, 341, 25.0, 19, Capapa, 16476, 0, 0, 0, , 0, 0, 0, 0, 0, 
410, 1, 409, 410, -1, 144, 336, 15.0, 15, Capapp, 7975, 0, 0, 0, , 0, 0, 0, 0, 0, 
411, 1, 410, 411, -1, 154, 341, 20.0, 15, Capaap, 1422, 0, 0, 0, , 0, 0, 0, 0, 0, 
412, 1, 411, 412, -1, 188, 334, 23.0, 21, Capaaa, 27010, 0, 0, 0, , 0, 0, 0, 0, 0, 
413, 1, 412, 413, -1, 82, 287, 29.0, 19, Caaapp, 5971, 0, 0, 0, , 0, 0, 0, 0, 0, 
414, 1, 413, 414, -1, 61, 299, 18.0, 19, Caappd, 8564, 0, 0, 0, , 0, 0, 0, 0, 0, 
415, 1, 414, 416, -1, 72, 319, 14.0, 15, Caappv, 8306, 0, 0, 0, , 0, 0, 0, 0, 0, 
416, 1, 415, 417, -1, 96, 306, 15.0, 15, Caapaa, 3793, 0, 0, 0, , 0, 0, 0, 0, 0, 
417, 1, 416, 418, -1, 73, 317, 21.0, 21, Cpappd, 18442, 0, 0, 0, , 0, 0, 0, 0, 0, 
418, 1, 417, 419, -1, 72, 317, 17.0, 17, Cpappv, 7154, 0, 0, 0, , 0, 0, 0, 0, 0, 
419, 1, 418, 420, -1, 77, 326, 25.0, 21, Cpapaa, 19360, 0, 0, 0, , 0, 0, 0, 0, 0, 
420, 1, 419, 421, -1, 119, 238, 21.0, 15, Cppaap, 5512, 0, 0, 0, , 0, 0, 0, 0, 0, 
421, 1, 420, 422, -1, 135, 223, 22.0, 13, Cppaaap, 3545, 0, 0, 0, , 0, 0, 0, 0, 0, 
422, 1, 421, 423, -1, 161, 214, 23.0, 15, Cppaaaa, 4706, 0, 0, 0, , 0, 0, 0, 0, 0, 
423, 1, 422, 424, -1, 129, 229, 26.0, 13, Cppapaa, 4707, 0, 0, 0, , 0, 0, 0, 0, 0, 
424, 1, 423, 425, -1, 111, 255, 14.0, 19, Cppapp, 17861, 0, 0, 0, , 0, 0, 0, 0, 0, 
425, 1, 424, 426, -1, 126, 244, 30.0, 17, Cpppaap, 6552, 0, 0, 0, , 0, 0, 0, 0, 0, 
426, 1, 425, 427, -1, 145, 221, 27.0, 15, Cpppaaa, 5663, 0, 0, 0, , 0, 0, 0, 0, 0, 
427, 1, 426, 428, -1, 93, 264, 19.0, 13, Cpppapp, 5361, 0, 0, 0, , 0, 0, 0, 0, 0, 
428, 1, 427, 429, -1, 97, 254, 22.0, 15, Cpppapa, 5769, 0, 0, 0, , 0, 0, 0, 0, 0, 
429, 1, 428, 430, -1, 243, 316, 21.0, 15, Daapa, 4959, 0, 0, 0, , 0, 0, 0, 0, 0, 
430, 1, 429, 431, -1, 226, 326, 21.0, 15, Daapp, 7869, 0, 0, 0, , 0, 0, 0, 0, 0, 
431, 1, 430, 432, -1, 252, 303, 24.0, 15, Daaaa, 4434, 0, 0, 0, , 0, 0, 0, 0, 0, 
432, 1, 431, 433, -1, 232, 308, 28.0, 15, Daaap, 4596, 0, 0, 0, , 0, 0, 0, 0, 0, 
433, 1, 432, 434, -1, 200, 314, 29.0, 17, Dappa, 8259, 0, 0, 0, , 0, 0, 0, 0, 0, 
434, 1, 433, 435, -1, 161, 329, 31.0, 19, Dappp, 6573, 0, 0, 0, , 0, 0, 0, 0, 0, 
435, 1, 434, 436, -1, 183, 204, 20.0, 15, Dpapp, 5040, 0, 0, 0, , 0, 0, 0, 0, 0, 
436, 1, 435, 437, -1, 202, 199, 22.0, 19, Dpapa, 5143, 0, 0, 0, , 0, 0, 0, 0, 0, 
437, 1, 436, 438, -1, 206, 211, 28.0, 17, Dpaap, 7724, 0, 0, 0, , 0, 0, 0, 0, 0, 
438, 1, 437, 439, -1, 216, 199, 25.0, 13, Dpaaa, 4120, 0, 0, 0, , 0, 0, 0, 0, 0, 
439, 1, 438, 440, -1, 155, 231, 31.0, 17, Dpppp, 5361, 0, 0, 0, , 0, 0, 0, 0, 0, 
440, 1, 439, 441, -1, 186, 225, 31.0, 21, Dpppa, 11779, 0, 0, 0, , 0, 0, 0, 0, 0, 
441, 1, 440, 442, -1, 188, 207, 26.0, 13, Dppaa, 5900, 0, 0, 0, , 0, 0, 0, 0, 0, 
442, 1, 441, 443, -1, 164, 214, 27.0, 15, Dppap, 5813, 0, 0, 0, , 0, 0, 0, 0, 0, 
443, 1, 442, 444, -1, 157, 246, 16.0, 21, Z2, 65535, 0, 0, 0, , 0, 0, 0, 0, 0, 
444, 0, 443, -1, -1, 379, 244, 24.0, 15, , 7406, 0, 0, 0, , 0, 0, 0, 0, 0, 
445, 1, 444, 446, -1, 321, 295, 24.0, 13, ABalpppappa, 4203, 0, 0, 0, , 0, 0, 0, 0, 0, 
446, 1, 445, 447, -1, 315, 283, 25.0, 13, ABalpppappp, 5332, 0, 0, 0, , 0, 0, 0, 0, 0, 
447, 1, 446, 448, -1, 299, 279, 22.0, 13, ABalpppppaa, 3309, 0, 0, 0, , 0, 0, 0, 0, 0, 
448, 1, 447, 449, -1, 290, 291, 22.0, 15, ABalpppppap, 4267, 0, 0, 0, , 0, 0, 0, 0, 0, 
449, 1, 448, 450, -1, 275, 303, 26.0, 13, ABalppppppa, 4219, 0, 0, 0, , 0, 0, 0, 0, 0, 
450, 1, 449, 451, -1, 294, 313, 25.0, 19, ABalppppppp, 6976, 0, 0, 0, , 0, 0, 0, 0, 0, 
451, 1, 598, 452, -1, 339, 272, 26.0, 11, ABalppppapp, 4178, 0, 0, 0, , 0, 0, 0, 0, 0, 
452, 1, 451, 453, -1, 320, 282, 22.0, 15, ABalppppaav, 7662, 0, 0, 0, , 0, 0, 0, 0, 0, 
453, 1, 452, 454, -1, 342, 282, 16.0, 13, ABalpppaaaa, 3847, 0, 0, 0, , 0, 0, 0, 0, 0, 
454, 1, 453, 455, -1, 325, 284, 14.0, 13, ABalpppaaap, 3799, 0, 0, 0, , 0, 0, 0, 0, 0, 
455, 1, 454, 456, -1, 349, 277, 19.0, 13, ABalpppaapd, 5539, 0, 0, 0, , 0, 0, 0, 0, 0, 
456, 1, 455, 457, -1, 339, 285, 24.0, 15, ABalpppaapv, 4550, 0, 0, 0, , 0, 0, 0, 0, 0, 
457, 1, 456, 458, -1, 332, 292, 18.0, 15, ABalpppapad, 3571, 0, 0, 0, , 0, 0, 0, 0, 0, 
458, 1, 457, 459, -1, 319, 302, 18.0, 13, ABalpppapav, 4789, 0, 0, 0, , 0, 0, 0, 0, 0, 
459, 1, 458, 460, -1, 352, 259, 17.0, 13, ABalaaapalr, 3138, 0, 0, 0, , 0, 0, 0, 0, 0, 
460, 1, 459, 461, -1, 342, 264, 14.0, 11, ABalppaaaa, 3683, 0, 0, 0, , 0, 0, 0, 0, 0, 
461, 0, 460, -1, -1, 344, 263, 13.0, 15, , 2100, 0, 0, 0, , 0, 0, 0, 0, 0, 
462, 1, 461, 463, -1, 333, 272, 12.0, 13, ABalppaaapp, 3680, 0, 0, 0, , 0, 0, 0, 0, 0, 
463, 1, 462, 464, -1, 282, 303, 10.0, 13, ABalppaappp, 4730, 0, 0, 0, , 0, 0, 0, 0, 0, 
464, 1, 463, 465, -1, 310, 275, 10.0, 11, ABalppaapa, 5217, 0, 0, 0, , 0, 0, 0, 0, 0, 
465, 1, 464, 466, -1, 302, 282, 16.0, 15, ABplpaaaaap, 6707, 0, 0, 0, , 0, 0, 0, 0, 0, 
466, 1, 465, 467, -1, 297, 278, 12.0, 15, ABalppapppa, 3245, 0, 0, 0, , 0, 0, 0, 0, 0, 
467, 1, 466, 468, -1, 308, 265, 13.0, 11, ABalppappap, 1372, 0, 0, 0, , 0, 0, 0, 0, 0, 
468, 1, 467, 469, -1, 329, 261, 16.0, 13, ABalppappaa, 4262, 0, 0, 0, , 0, 0, 0, 0, 0, 
469, 1, 468, 470, -1, 294, 266, 10.0, 13, ABalppapapa, 4230, 0, 0, 0, , 0, 0, 0, 0, 0, 
470, 1, 469, 471, -1, 277, 287, 9.0, 17, ABalppapapp, 6371, 0, 0, 0, , 0, 0, 0, 0, 0, 
471, 1, 470, 472, -1, 321, 261, 11.0, 13, ABalppapaaa, 4499, 0, 0, 0, , 0, 0, 0, 0, 0, 
472, 1, 471, 473, -1, 308, 260, 11.0, 13, ABalppapaap, 5477, 0, 0, 0, , 0, 0, 0, 0, 0, 
473, 1, 472, 474, -1, 244, 298, 11.0, 15, ABalpapapap, 7891, 0, 0, 0, , 0, 0, 0, 0, 0, 
474, 1, 473, 475, -1, 255, 287, 10.0, 15, ABalpapapaa, 8108, 0, 0, 0, , 0, 0, 0, 0, 0, 
475, 1, 474, 476, -1, 221, 309, 10.0, 15, ABalpapappa, 7921, 0, 0, 0, , 0, 0, 0, 0, 0, 
476, 1, 475, 477, -1, 221, 312, 13.0, 13, ABalpapappp, 5262, 0, 0, 0, , 0, 0, 0, 0, 0, 
477, 1, 476, 478, -1, 266, 244, 9.0, 13, ABalpapaapp, 5636, 0, 0, 0, , 0, 0, 0, 0, 0, 
478, 1, 477, 479, -1, 285, 241, 9.0, 13, ABalpapaapa, 6300, 0, 0, 0, , 0, 0, 0, 0, 0, 
479, 1, 478, 480, -1, 302, 251, 10.0, 15, ABalpapaaaa, 6683, 0, 0, 0, , 0, 0, 0, 0, 0, 
480, 1, 479, 481, -1, 277, 263, 9.0, 17, ABalpapaaap, 7378, 0, 0, 0, , 0, 0, 0, 0, 0, 
481, 1, 481, 482, -1, 295, 245, 15.0, 13, ABalpaaaaap, 5127, 0, 0, 0, , 0, 0, 0, 0, 0, 
482, 1, 482, 483, -1, 280, 236, 17.0, 11, ABalpappaaa, 5616, 0, 0, 0, , 0, 0, 0, 0, 0, 
483, 1, 483, 484, -1, 227, 264, 14.0, 15, ABalpappapp, 7462, 0, 0, 0, , 0, 0, 0, 0, 0, 
484, 1, 484, 485, -1, 279, 265, 17.0, 13, ABalpapppaa, 5054, 0, 0, 0, , 0, 0, 0, 0, 0, 
485, 1, 485, 486, -1, 261, 258, 18.0, 15, ABalpapppap, 7059, 0, 0, 0, , 0, 0, 0, 0, 0, 
486, 1, 486, 487, -1, 303, 248, 17.0, 13, ABalpaaapaa, 5621, 0, 0, 0, , 0, 0, 0, 0, 0, 
487, 1, 487, 488, -1, 298, 257, 21.0, 13, ABalpaaapap, 4102, 0, 0, 0, , 0, 0, 0, 0, 0, 
488, 1, 488, 489, -1, 288, 251, 12.0, 11, ABalpaaaapp, 4591, 0, 0, 0, , 0, 0, 0, 0, 0, 
489, 1, 489, 490, -1, 305, 240, 12.0, 11, ABalpaaaapa, 4586, 0, 0, 0, , 0, 0, 0, 0, 0, 
490, 1, 490, 491, -1, 285, 251, 16.0, 17, ABalpappaap, 6981, 0, 0, 0, , 0, 0, 0, 0, 0, 
491, 1, 491, 492, -1, 311, 233, 14.0, 13, ABalpaaaaaa, 5122, 0, 0, 0, , 0, 0, 0, 0, 0, 
492, 1, 492, 493, -1, 337, 225, 14.0, 15, ABalpaapppa, 4925, 0, 0, 0, , 0, 0, 0, 0, 0, 
493, 1, 493, 494, -1, 326, 245, 12.0, 13, ABalpaapppp, 4678, 0, 0, 0, , 0, 0, 0, 0, 0, 
494, 1, 494, 495, -1, 325, 223, 13.0, 13, ABalpaappaa, 4473, 0, 0, 0, , 0, 0, 0, 0, 0, 
495, 1, 495, 496, -1, 318, 232, 11.0, 13, ABalpaappap, 4768, 0, 0, 0, , 0, 0, 0, 0, 0, 
496, 1, 496, 497, -1, 298, 241, 20.0, 15, ABalpaapapa, 3748, 0, 0, 0, , 0, 0, 0, 0, 0, 
497, 1, 497, 498, -1, 317, 240, 21.0, 13, ABalpaapaap, 4301, 0, 0, 0, , 0, 0, 0, 0, 0, 
498, 1, 498, 499, -1, 317, 228, 19.0, 13, ABalpaapaaa, 3953, 0, 0, 0, , 0, 0, 0, 0, 0, 
499, 1, 499, 500, -1, 169, 270, 28.0, 19, Epraa, 25335, 0, 0, 0, , 0, 0, 0, 0, 0, 
500, 0, 500, -1, -1, 167, 291, 28.0, 17, , 8901, 0, 0, 0, , 0, 0, 0, 0, 0, 
501, 1, 501, 502, -1, 204, 250, 27.0, 13, Earaa, 3575, 0, 0, 0, , 0, 0, 0, 0, 0, 
502, 1, 502, 503, -1, 149, 267, 26.0, 19, Earpp, 8321, 0, 0, 0, , 0, 0, 0, 0, 0, 
503, 1, 503, 504, -1, 179, 284, 22.0, 17, Ealap, 14996, 0, 0, 0, , 0, 0, 0, 0, 0, 
504, 1, 504, 505, -1, 206, 276, 26.0, 21, Ealaa, 10770, 0, 0, 0, , 0, 0, 0, 0, 0, 
505, 1, 505, 506, -1, 162, 293, 27.0, 21, Eplaa, 15478, 0, 0, 0, , 0, 0, 0, 0, 0, 
506, 1, 506, 507, -1, 133, 302, 25.0, 23, Eplap, 29551, 0, 0, 0, , 0, 0, 0, 0, 0, 
507, 1, 507, 508, -1, 121, 276, 18.0, 25, Eprpp, 5430, 0, 0, 0, , 0, 0, 0, 0, 0, 
508, 1, 508, 509, -1, 189, 335, 28.0, 17, Dapap, 6294, 0, 0, 0, , 0, 0, 0, 0, 0, 
509, 1, 509, 510, -1, 215, 327, 24.0, 17, Dapaa, 5954, 0, 0, 0, , 0, 0, 0, 0, 0, 
510, 1, 510, 511, -1, 225, 280, 23.0, 15, MSaapaapp, 4874, 0, 0, 0, , 0, 0, 0, 0, 0, 
511, 1, 511, 512, -1, 235, 268, 23.0, 17, MSaapaapa, 4987, 0, 0, 0, , 0, 0, 0, 0, 0, 
512, 1, 512, 513, -1, 165, 208, 31.0, 15, ABarpppapp, 5462, 0, 0, 0, , 0, 0, 0, 0, 0, 
513, 1, 513, 514, -1, 233, 314, 16.0, 15, ABplppaapap, 3752, 0, 0, 0, , 0, 0, 0, 0, 0, 
514, 1, 514, 515, -1, 242, 311, 14.0, 11, ABplppaapaa, 4470, 0, 0, 0, , 0, 0, 0, 0, 0, 
515, 1, 515, 516, -1, 74, 304, 27.0, 21, Cpapap, 30445, 0, 0, 0, , 0, 0, 0, 0, 0, 
516, 1, 516, 517, -1, 342, 252, 16.0, 11, ABalaaaalar, 3010, 0, 0, 0, , 0, 0, 0, 0, 0, 
517, 1, 517, 518, -1, 339, 234, 17.0, 13, ABalaaaalal, 4581, 0, 0, 0, , 0, 0, 0, 0, 0, 
518, 1, 518, 519, -1, 278, 171, 33.0, 15, ABarpappaa, 5474, 0, 0, 0, , 0, 0, 0, 0, 0, 
519, 1, 519, 520, -1, 102, 263, 30.0, 15, Cppppaa, 5568, 0, 0, 0, , 0, 0, 0, 0, 0, 
520, 1, 520, 521, -1, 83, 278, 25.0, 15, Cppppap, 6004, 0, 0, 0, , 0, 0, 0, 0, 0, 
521, 1, 521, 522, -1, 92, 287, 15.0, 15, Cpppppv, 5534, 0, 0, 0, , 0, 0, 0, 0, 0, 
522, 1, 522, 523, -1, 184, 260, 18.0, 19, Earpa, 20734, 0, 0, 0, , 0, 0, 0, 0, 0, 
523, 1, 523, 524, -1, 270, 199, 32.0, 17, MSppappp, 4794, 0, 0, 0, , 0, 0, 0, 0, 0, 
524, 0, 524, -1, -1, 133, 280, 25.0, 17, , 8282, 0, 0, 0, , 0, 0, 0, 0, 0, 
525, 1, 525, 526, -1, 239, 242, 34.0, 17, ABarpaappa, 6788, 0, 0, 0, , 0, 0, 0, 0, 0, 
526, 1, 526, 527, -1, 231, 307, 34.0, 19, ABarppaapa, 25499, 0, 0, 0, , 0, 0, 0, 0, 0, 
527, 1, 527, 528, -1, 119, 299, 17.0, 25, Eplpp, 15675, 0, 0, 0, , 0, 0, 0, 0, 0, 
528, 1, 528, 529, -1, 197, 276, 15.0, 13, MSaappap, 4223, 0, 0, 0, , 0, 0, 0, 0, 0, 
529, 1, 529, 530, -1, 175, 291, 15.0, 21, Z3, 17951, 0, 0, 0, , 0, 0, 0, 0, 0, 
530, 1, 530, 531, -1, 262, 181, 10.0, 13, ABalaapappa, 3405, 0, 0, 0, , 0, 0, 0, 0, 0, 
531, 0, -1, -1, -1, 219, 266, 15.0, 15, , 4732, 0, 0, 0, , 0, 0, 0, 0, 0, 
532, 0, 532, -1, -1, 173, 272, 28.0, 19, , 5731, 0, 0, 0, , 0, 0, 0, 0, 0, 
533, 1, 533, 534, -1, 255, 319, 17.0, 13, ABplppaaaap, 4473, 0, 0, 0, , 0, 0, 0, 0, 0, 
534, 1, 534, 535, -1, 118, 300, 10.0, 17, ABplpppapap, 5117, 0, 0, 0, , 0, 0, 0, 0, 0, 
535, 1, 535, 536, -1, 226, 329, 16.0, 13, ABplppapaaa, 5643, 0, 0, 0, , 0, 0, 0, 0, 0, 
536, 1, 536, 537, -1, 341, 245, 20.0, 15, ABalaaapall, 3620, 0, 0, 0, , 0, 0, 0, 0, 0, 
537, 1, 537, 538, -1, 135, 282, 28.0, 19, Eprap, 8390, 0, 0, 0, , 0, 0, 0, 0, 0, 
538, 1, 538, 539, -1, 267, 192, 16.0, 13, ABprpaaaaaa, 8391, 0, 0, 0, , 0, 0, 0, 0, 0, 
539, 1, 540, 540, -1, 147, 261, 14.0, 17, MSpappap, 3706, 0, 0, 0, , 0, 0, 0, 0, 0, 
540, 1, 541, 541, -1, 221, 241, 25.0, 17, MSpaapapp, 9709, 0, 0, 0, , 0, 0, 0, 0, 0, 
541, 0, 542, -1, -1, 203, 253, 28.0, 21, , 47419, 0, 0, 0, , 0, 0, 0, 0, 0, 
542, 1, 543, 543, -1, 201, 216, 35.0, 17, ABarpppapa, 1474, 0, 0, 0, , 0, 0, 0, 0, 0, 
543, 1, 544, 544, -1, 79, 287, 21.0, 17, Cpppppd, 12236, 0, 0, 0, , 0, 0, 0, 0, 0, 
544, 1, 545, 545, -1, 262, 298, 30.0, 13, ABplapaaaaa, 5370, 0, 0, 0, , 0, 0, 0, 0, 0, 
545, 1, 546, 546, -1, 128, 301, 20.0, 19, Eplpa, 12586, 0, 0, 0, , 0, 0, 0, 0, 0, 
546, 0, 547, -1, -1, 230, 282, 12.0, 13, , 4806, 0, 0, 0, , 0, 0, 0, 0, 0, 
547, 1, 548, 548, -1, 258, 310, 32.0, 15, ABplapaaaap, 5033, 0, 0, 0, , 0, 0, 0, 0, 0, 
548, 1, 549, 549, -1, 353, 269, 15.0, 13, ABalppaaapa, 2072, 0, 0, 0, , 0, 0, 0, 0, 0, 
549, 1, 550, 550, -1, 252, 261, 14.0, 15, ABalpappppp, 6373, 0, 0, 0, , 0, 0, 0, 0, 0, 
550, 0, 551, -1, -1, 155, 248, 17.0, 15, , 3803, 0, 0, 0, , 0, 0, 0, 0, 0, 
551, 1, 552, 552, -1, 347, 209, 22.0, 13, ABalaaaparr, 3976, 0, 0, 0, , 0, 0, 0, 0, 0, 
552, 1, 553, 553, -1, 348, 230, 22.0, 15, ABalaaaparl, 5900, 0, 0, 0, , 0, 0, 0, 0, 0, 
553, 1, 554, 554, -1, 262, 260, 21.0, 11, ABalpaaappp, 4431, 0, 0, 0, , 0, 0, 0, 0, 0, 
554, 1, 555, 555, -1, 281, 257, 20.0, 15, ABalpaaappa, 6570, 0, 0, 0, , 0, 0, 0, 0, 0, 
555, 0, 556, -1, -1, 206, 276, 24.0, 19, , 20718, 0, 0, 0, , 0, 0, 0, 0, 0, 
556, 1, 557, 557, -1, 208, 253, 9.0, 13, ABprpappapa, 4665, 0, 0, 0, , 0, 0, 0, 0, 0, 
557, 0, 558, -1, -1, 176, 289, 13.0, 13, , 4345, 0, 0, 0, , 0, 0, 0, 0, 0, 
558, 1, 559, 559, -1, 135, 334, 30.0, 15, Cappaap, 5979, 0, 0, 0, , 0, 0, 0, 0, 0, 
559, 1, 560, 560, -1, 267, 255, 13.0, 15, ABalpappppa, 6254, 0, 0, 0, , 0, 0, 0, 0, 0, 
560, 1, 561, 561, -1, 244, 235, 13.0, 15, ABarapapppa, 4350, 0, 0, 0, , 0, 0, 0, 0, 0, 
561, 0, 562, -1, -1, 182, 260, 24.0, 15, , 6687, 0, 0, 0, , 0, 0, 0, 0, 0, 
562, 1, 563, 563, -1, 305, 199, 31.0, 11, ABalapppapp, 636, 0, 0, 0, , 0, 0, 0, 0, 0, 
563, 1, 564, 564, -1, 221, 243, 22.0, 17, MSpapaapa, 6829, 0, 0, 0, , 0, 0, 0, 0, 0, 
564, 1, 565, 565, -1, 277, 167, 29.0, 15, ABpraapaapp, 6936, 0, 0, 0, , 0, 0, 0, 0, 0, 
565, 1, 566, 566, -1, 307, 180, 29.0, 11, ABalapppppa, 1663, 0, 0, 0, , 0, 0, 0, 0, 0, 
566, 0, 568, -1, -1, 231, 345, 21.0, 13, , 4557, 0, 0, 0, , 0, 0, 0, 0, 0, 
567, 1, 569, 568, -1, 303, 224, 11.0, 13, ABarapaaaaa, 6693, 0, 0, 0, , 0, 0, 0, 0, 0, 
568, 0, 570, -1, -1, 93, 322, 18.0, 15, , 4801, 0, 0, 0, , 0, 0, 0, 0, 0, 
569, 1, 571, 570, -1, 284, 280, 12.0, 13, ABalppapppp, 4581, 0, 0, 0, , 0, 0, 0, 0, 0, 
570, 1, 572, 571, -1, 343, 192, 23.0, 13, ABalaaappll, 3580, 0, 0, 0, , 0, 0, 0, 0, 0, 
571, 0, 573, -1, -1, 180, 284, 24.0, 21, , 45724, 0, 0, 0, , 0, 0, 0, 0, 0, 
572, 1, 574, 573, -1, 107, 249, 25.0, 13, Cppapap, 3517, 0, 0, 0, , 0, 0, 0, 0, 0, 
573, 1, 575, 574, -1, 281, 179, 10.0, 13, ABalaappapp, 1237, 0, 0, 0, , 0, 0, 0, 0, 0, 
574, 1, 576, 575, -1, 121, 277, 22.0, 19, Eprpa, 13418, 0, 0, 0, , 0, 0, 0, 0, 0, 
575, 0, 577, -1, -1, 150, 268, 24.0, 19, , 4386, 0, 0, 0, , 0, 0, 0, 0, 0, 
576, 0, 578, -1, -1, 219, 179, 32.0, 15, , 4314, 0, 0, 0, , 0, 0, 0, 0, 0, 
577, 1, 579, 578, -1, 247, 220, 19.0, 17, ABarapaappp, 8024, 0, 0, 0, , 0, 0, 0, 0, 0, 
578, 1, 580, 579, -1, 310, 273, 20.0, 11, ABalppppaad, 3388, 0, 0, 0, , 0, 0, 0, 0, 0, 
579, 0, 581, -1, -1, 267, 268, 28.0, 11, , 1793, 0, 0, 0, , 0, 0, 0, 0, 0, 
580, 0, 582, -1, -1, 266, 313, 17.0, 15, , 5388, 0, 0, 0, , 0, 0, 0, 0, 0, 
581, 1, 583, 582, -1, 310, 286, 11.0, 13, ABalppaappa, 3564, 0, 0, 0, , 0, 0, 0, 0, 0, 
582, 0, 584, -1, -1, 285, 248, 24.0, 19, , 3498, 0, 0, 0, , 0, 0, 0, 0, 0, 
583, 0, -1, -1, -1, 164, 339, 20.0, 13, , 3469, 0, 0, 0, , 0, 0, 0, 0, 0, 
584, 1, 594, 585, -1, 139, 331, 12.0, 15, ABplpppaapa, 2519, 0, 0, 0, , 0, 0, 0, 0, 0, 
585, 1, 585, 589, -1, 174, 302, 34.0, 18, Cpaaap, 0, 0, 0, 0, , 0, 0, 0, 0, 0, 
586, 1, 586, 590, -1, 102, 304, 32.0, 15, Cpaapp, 0, 0, 0, 0, , 0, 0, 0, 0, 0, 
587, 1, 587, 591, -1, 134, 302, 33.0, 15, Cpaapa, 0, 0, 0, 0, , 0, 0, 0, 0, 0, 
588, 1, 539, 592, -1, 208, 283, 33.0, 15, Cpaaaa, 0, 0, 0, 0, , 0, 0, 0, 0, 0, 
589, 1, 588, 593, -1, 108, 278, 33.0, 15, Caaapa, 0, 0, 0, 0, , 0, 0, 0, 0, 0, 
590, 1, 589, 594, -1, 225, 230, 16.0, 16, MSpapaaaa, 6676, 0, 0, 0, , 0, 0, 0, 0, 0, 
591, 1, 590, 588, -1, 213, 269, 14.0, 14, MSaappaa, 4732, 0, 0, 0, , 0, 0, 0, 0, 0, 
592, 1, 591, 595, -1, 139, 266, 33.0, 15, Caaaap, 0, 0, 0, 0, , 0, 0, 0, 0, 0, 
593, 1, 592, 596, -1, 199, 311, 33.0, 17, Caaaaa, 0, 0, 0, 0, , 0, 0, 0, 0, 0, 
594, 1, 593, 597, -1, 91, 303, 12.5, 13, Caapap, 0, 0, 0, 0, , 0, 0, 0, 0, 0, 
595, 1, 480, 598, -1, 276, 246, 11.0, 17, ABalpappapa, 8358, 0, 0, 0, , 0, 0, 0, 0, 0, 
596, 1, 595, 599, -1, 264, 266, 27.0, 13, MSaaapapa, 0, 0, 0, 0, , 0, 0, 0, 0, 0, 
597, 1, 596, 600, -1, 285, 254, 23.0, 15, ABalpaapapp, 4028, 0, 0, 0, , 0, 0, 0, 0, 0, 
598, 1, 597, 107, -1, 343, 265, 24.5, 14, ABalppppapa, 0, 0, 0, 0, , 0, 0, 0, 0, 0, 
599, 1, 599, 601, -1, 340, 260, 21.0, 15, ABalapaappa, 0, 0, 0, 0, , 0, 0, 0, 0, 0, 
600, 1, 600, 602, -1, 328, 232, 29.0, 15, ABalapapapa, 0, 0, 0, 0, , 0, 0, 0, 0, 0, 
601, 1, 601, 603, -1, 338, 219, 26.0, 15, ABalappaap, 0, 0, 0, 0, , 0, 0, 0, 0, 0, 
602, 1, 602, 604, -1, 296, 244, 28.0, 13, MSaaapaaa, 0, 0, 0, 0, , 0, 0, 0, 0, 0, 
603, 0, 603, -1, -1, 239, 182, 12.0, 13, , 0, 0, 0, 0, , 0, 0, 0, 0, 0, 
604, 1, 604, 606, -1, 240, 181, 12.0, 13, ABalaapappp, 0, 0, 0, 0, , 0, 0, 0, 0, 0, 
