1, 1, 1, 1, -1, 309, 209, 22.0, 13, ABaraappaaa, 6379, 0, 0, 0, , 0, 0, 0, 0, 0, 
2, 1, 2, 2, -1, 301, 211, 24.0, 15, ABaraappaap, 4656, 0, 0, 0, , 0, 0, 0, 0, 0, 
3, 1, 3, 3, -1, 266, 213, 24.0, 15, ABaraappapp, 9435, 0, 0, 0, , 0, 0, 0, 0, 0, 
4, 1, 4, 4, -1, 287, 210, 24.0, 15, ABaraappapa, 8650, 0, 0, 0, , 0, 0, 0, 0, 0, 
5, 1, 5, 5, -1, 242, 233, 25.0, 15, MSpaapapa, 4899, 0, 0, 0, , 0, 0, 0, 0, 0, 
6, 1, 6, 6, -1, 248, 217, 22.0, 15, ABaraapppaa, 4996, 0, 0, 0, , 0, 0, 0, 0, 0, 
7, 1, 7, 7, -1, 242, 241, 21.0, 13, ABaraappppp, 4562, 0, 0, 0, , 0, 0, 0, 0, 0, 
8, 1, 8, 8, -1, 253, 276, 21.0, 15, ABaraapappa, 8526, 0, 0, 0, , 0, 0, 0, 0, 0, 
9, 1, 9, 9, -1, 245, 253, 20.0, 15, ABaraapappp, 8379, 0, 0, 0, , 0, 0, 0, 0, 0, 
10, 1, 10, 10, -1, 254, 270, 24.0, 19, ABaraapapap, 6773, 0, 0, 0, , 0, 0, 0, 0, 0, 
11, 1, 11, 11, -1, 269, 268, 24.0, 17, ABaraapapaa, 7324, 0, 0, 0, , 0, 0, 0, 0, 0, 
12, 1, 12, 12, -1, 317, 223, 22.0, 17, ABaraapaaaa, 6978, 0, 0, 0, , 0, 0, 0, 0, 0, 
13, 1, 13, 13, -1, 309, 227, 24.0, 13, ABaraapaaap, 7214, 0, 0, 0, , 0, 0, 0, 0, 0, 
14, 1, 14, 14, -1, 290, 254, 24.0, 15, ABaraapaapp, 6394, 0, 0, 0, , 0, 0, 0, 0, 0, 
15, 1, 15, 15, -1, 302, 237, 23.0, 13, ABaraapaapa, 7774, 0, 0, 0, , 0, 0, 0, 0, 0, 
16, 1, 16, 16, -1, 307, 210, 10.0, 17, ABaraaappap, 3521, 0, 0, 0, , 0, 0, 0, 0, 0, 
17, 1, 17, 17, -1, 323, 211, 13.0, 13, ABaraaappaa, 5079, 0, 0, 0, , 0, 0, 0, 0, 0, 
18, 1, 18, 18, -1, 319, 200, 14.0, 13, ABaraaapppa, 5253, 0, 0, 0, , 0, 0, 0, 0, 0, 
19, 1, 19, 19, -1, 282, 207, 9.0, 13, ABaraaapppp, 4680, 0, 0, 0, , 0, 0, 0, 0, 0, 
20, 1, 20, 20, -1, 306, 210, 18.0, 13, ABaraaapaaa, 6298, 0, 0, 0, , 0, 0, 0, 0, 0, 
21, 1, 21, 21, -1, 282, 216, 21.0, 15, ABaraaapapa, 4898, 0, 0, 0, , 0, 0, 0, 0, 0, 
22, 1, 22, 22, -1, 296, 205, 20.0, 13, ABaraaapaap, 4541, 0, 0, 0, , 0, 0, 0, 0, 0, 
23, 1, 23, 23, -1, 263, 221, 22.0, 15, ABaraaapapp, 5283, 0, 0, 0, , 0, 0, 0, 0, 0, 
24, 1, 24, 24, -1, 298, 229, 18.0, 11, ABaraaaaaap, 3713, 0, 0, 0, , 0, 0, 0, 0, 0, 
25, 1, 25, 25, -1, 319, 233, 17.0, 13, ABaraaaaaaa, 3552, 0, 0, 0, , 0, 0, 0, 0, 0, 
26, 1, 26, 26, -1, 290, 211, 17.0, 11, ABaraaaaapp, 3036, 0, 0, 0, , 0, 0, 0, 0, 0, 
27, 1, 27, 27, -1, 307, 211, 15.0, 13, ABaraaaaapa, 3992, 0, 0, 0, , 0, 0, 0, 0, 0, 
28, 1, 28, 28, -1, 293, 235, 26.0, 11, ABaraaaapp, 5256, 0, 0, 0, , 0, 0, 0, 0, 0, 
29, 1, 29, 29, -1, 323, 211, 17.0, 15, ABaraaaapa, 5125, 0, 0, 0, , 0, 0, 0, 0, 0, 
30, 1, 30, 30, -1, 231, 252, 12.0, 17, ABarapapapp, 8678, 0, 0, 0, , 0, 0, 0, 0, 0, 
31, 1, 31, 31, -1, 255, 242, 11.0, 15, ABarapapapa, 8427, 0, 0, 0, , 0, 0, 0, 0, 0, 
32, 1, 32, 32, -1, 264, 229, 16.0, 15, ABarapapaap, 6915, 0, 0, 0, , 0, 0, 0, 0, 0, 
33, 1, 33, 33, -1, 265, 225, 14.0, 11, ABarapapaaa, 7710, 0, 0, 0, , 0, 0, 0, 0, 0, 
34, 1, 34, 34, -1, 233, 237, 15.0, 15, ABarapapppp, 11151, 0, 0, 0, , 0, 0, 0, 0, 0, 
35, 1, 35, 35, -1, 257, 214, 16.0, 11, ABarapappaa, 5099, 0, 0, 0, , 0, 0, 0, 0, 0, 
36, 1, 36, 36, -1, 244, 228, 16.0, 15, ABarapappap, 7517, 0, 0, 0, , 0, 0, 0, 0, 0, 
37, 1, 37, 37, -1, 282, 222, 11.0, 15, ABarapaaap, 13706, 0, 0, 0, , 0, 0, 0, 0, 0, 
38, 1, 38, 38, -1, 284, 228, 14.0, 15, ABarapaaaap, 9184, 0, 0, 0, , 0, 0, 0, 0, 0, 
39, 1, 39, 39, -1, 278, 217, 16.0, 13, ABarapaapap, 6844, 0, 0, 0, , 0, 0, 0, 0, 0, 
40, 1, 40, 40, -1, 276, 205, 19.0, 13, ABarapaapaa, 6354, 0, 0, 0, , 0, 0, 0, 0, 0, 
41, 1, 41, 41, -1, 264, 217, 20.0, 17, ABarapaappa, 9220, 0, 0, 0, , 0, 0, 0, 0, 0, 
42, 1, 42, 42, -1, 258, 201, 10.0, 13, ABarapppapa, 5342, 0, 0, 0, , 0, 0, 0, 0, 0, 
43, 1, 43, 43, -1, 238, 209, 10.0, 15, ABarapppapp, 5711, 0, 0, 0, , 0, 0, 0, 0, 0, 
44, 1, 44, 44, -1, 286, 197, 12.0, 15, ABarapppaaa, 5592, 0, 0, 0, , 0, 0, 0, 0, 0, 
45, 1, 45, 45, -1, 277, 190, 9.0, 13, ABarapppaap, 5942, 0, 0, 0, , 0, 0, 0, 0, 0, 
46, 1, 46, 46, -1, 268, 189, 13.0, 13, ABarappppap, 5394, 0, 0, 0, , 0, 0, 0, 0, 0, 
47, 1, 47, 47, -1, 285, 188, 15.0, 13, ABarappppaa, 6813, 0, 0, 0, , 0, 0, 0, 0, 0, 
48, 1, 48, 48, -1, 251, 191, 12.0, 13, ABarapppppa, 3861, 0, 0, 0, , 0, 0, 0, 0, 0, 
49, 1, 49, 49, -1, 237, 193, 11.0, 13, ABarapppppp, 4943, 0, 0, 0, , 0, 0, 0, 0, 0, 
50, 1, 50, 50, -1, 247, 216, 11.0, 14, ABarappaaap, 3043, 0, 0, 0, , 0, 0, 0, 0, 0, 
51, 1, 51, 51, -1, 269, 210, 11.0, 13, ABarappaaaa, 5501, 0, 0, 0, , 0, 0, 0, 0, 0, 
52, 1, 52, 52, -1, 262, 226, 10.0, 15, ABarappaapa, 6402, 0, 0, 0, , 0, 0, 0, 0, 0, 
53, 1, 53, 53, -1, 244, 227, 10.0, 13, ABarappaapp, 7119, 0, 0, 0, , 0, 0, 0, 0, 0, 
54, 1, 54, 54, -1, 218, 220, 10.0, 15, ABarappapap, 7555, 0, 0, 0, , 0, 0, 0, 0, 0, 
55, 1, 55, 55, -1, 221, 201, 10.0, 15, ABarappapaa, 6944, 0, 0, 0, , 0, 0, 0, 0, 0, 
56, 1, 56, 56, -1, 185, 221, 13.0, 17, ABarappappp, 8869, 0, 0, 0, , 0, 0, 0, 0, 0, 
57, 1, 57, 57, -1, 189, 228, 11.0, 15, ABarappappa, 7294, 0, 0, 0, , 0, 0, 0, 0, 0, 
58, 1, 58, 58, -1, 239, 171, 32.0, 17, ABarpapppa, 7186, 0, 0, 0, , 0, 0, 0, 0, 0, 
59, 1, 59, 59, -1, 225, 180, 34.0, 17, ABarpapppp, 4507, 0, 0, 0, , 0, 0, 0, 0, 0, 
60, 1, 60, 60, -1, 263, 171, 33.0, 17, ABarpappap, 8572, 0, 0, 0, , 0, 0, 0, 0, 0, 
61, 1, 61, 61, -1, 300, 183, 33.0, 13, ABarpapaaap, 4081, 0, 0, 0, , 0, 0, 0, 0, 0, 
62, 1, 62, 62, -1, 279, 190, 26.0, 11, ABarpapaapa, 4018, 0, 0, 0, , 0, 0, 0, 0, 0, 
63, 1, 63, 63, -1, 293, 193, 30.0, 15, ABarpapaapp, 6841, 0, 0, 0, , 0, 0, 0, 0, 0, 
64, 1, 64, 64, -1, 258, 219, 35.0, 19, ABarpapapp, 8697, 0, 0, 0, , 0, 0, 0, 0, 0, 
65, 1, 65, 65, -1, 300, 212, 35.0, 15, ABarpapapa, 6921, 0, 0, 0, , 0, 0, 0, 0, 0, 
66, 1, 66, 66, -1, 249, 282, 34.0, 17, ABarpaappp, 4798, 0, 0, 0, , 0, 0, 0, 0, 0, 
67, 1, 67, 67, -1, 277, 212, 35.0, 17, ABarpaapaa, 6170, 0, 0, 0, , 0, 0, 0, 0, 0, 
68, 1, 68, 68, -1, 266, 262, 35.0, 15, ABarpaapap, 4310, 0, 0, 0, , 0, 0, 0, 0, 0, 
69, 1, 69, 69, -1, 334, 210, 31.0, 19, ABarpaaaaa, 7576, 0, 0, 0, , 0, 0, 0, 0, 0, 
70, 1, 70, 70, -1, 322, 226, 33.0, 13, ABarpaaaapa, 3673, 0, 0, 0, , 0, 0, 0, 0, 0, 
71, 1, 71, 71, -1, 294, 225, 34.0, 11, ABarpaaapp, 3779, 0, 0, 0, , 0, 0, 0, 0, 0, 
72, 1, 72, 72, -1, 324, 209, 34.0, 13, ABarpaaapaa, 3449, 0, 0, 0, , 0, 0, 0, 0, 0, 
73, 1, 73, 73, -1, 303, 198, 33.0, 13, ABarpaaapap, 3349, 0, 0, 0, , 0, 0, 0, 0, 0, 
74, 1, 74, 74, -1, 258, 329, 31.0, 15, ABarppaaap, 6502, 0, 0, 0, , 0, 0, 0, 0, 0, 
75, 1, 75, 75, -1, 217, 334, 30.0, 15, ABarppaapp, 5970, 0, 0, 0, , 0, 0, 0, 0, 0, 
76, 1, 76, 76, -1, 147, 351, 31.0, 17, ABarppappa, 6214, 0, 0, 0, , 0, 0, 0, 0, 0, 
77, 1, 77, 77, -1, 111, 361, 22.0, 17, ABarppappp, 6201, 0, 0, 0, , 0, 0, 0, 0, 0, 
78, 1, 78, 78, -1, 204, 351, 29.0, 17, ABarppapap, 6163, 0, 0, 0, , 0, 0, 0, 0, 0, 
79, 1, 79, 79, -1, 233, 337, 30.0, 15, ABarppapaa, 5340, 0, 0, 0, , 0, 0, 0, 0, 0, 
80, 1, 80, 80, -1, 75, 252, 21.0, 17, ABarpppppp, 5578, 0, 0, 0, , 0, 0, 0, 0, 0, 
81, 1, 81, 81, -1, 107, 228, 28.0, 17, ABarpppppa, 8259, 0, 0, 0, , 0, 0, 0, 0, 0, 
82, 1, 82, 82, -1, 174, 189, 30.0, 15, ABarppppaa, 4857, 0, 0, 0, , 0, 0, 0, 0, 0, 
83, 1, 83, 83, -1, 149, 203, 31.0, 17, ABarppppap, 5751, 0, 0, 0, , 0, 0, 0, 0, 0, 
84, 1, 84, 84, -1, 197, 186, 34.0, 17, ABarpppaap, 4968, 0, 0, 0, , 0, 0, 0, 0, 0, 
85, 1, 85, 85, -1, 226, 204, 34.0, 13, ABarpppaaa, 3726, 0, 0, 0, , 0, 0, 0, 0, 0, 
86, 1, 86, 86, -1, 331, 189, 24.0, 11, ABalappppaa, 1750, 0, 0, 0, , 0, 0, 0, 0, 0, 
87, 1, 87, 87, -1, 321, 184, 26.0, 15, ABalappppap, 3049, 0, 0, 0, , 0, 0, 0, 0, 0, 
88, 1, 88, 88, -1, 287, 178, 30.0, 11, ABalapppppp, 1619, 0, 0, 0, , 0, 0, 0, 0, 0, 
89, 1, 89, 89, -1, 336, 204, 22.0, 13, ABalapppaaa, 1957, 0, 0, 0, , 0, 0, 0, 0, 0, 
90, 1, 90, 90, -1, 323, 199, 26.0, 13, ABalapppaap, 2119, 0, 0, 0, , 0, 0, 0, 0, 0, 
91, 1, 91, 91, -1, 319, 203, 29.0, 13, ABalapppapa, 2166, 0, 0, 0, , 0, 0, 0, 0, 0, 
92, 1, 92, 92, -1, 298, 185, 27.0, 13, ABalappapap, 3127, 0, 0, 0, , 0, 0, 0, 0, 0, 
93, 1, 93, 93, -1, 314, 187, 24.0, 13, ABalappapaa, 3675, 0, 0, 0, , 0, 0, 0, 0, 0, 
94, 1, 94, 94, -1, 338, 205, 27.0, 11, ABalappaaa, 3211, 0, 0, 0, , 0, 0, 0, 0, 0, 
95, 1, 95, 95, -1, 321, 174, 22.0, 13, ABalappappa, 2236, 0, 0, 0, , 0, 0, 0, 0, 0, 
96, 1, 96, 96, -1, 311, 170, 25.0, 11, ABalappappp, 1878, 0, 0, 0, , 0, 0, 0, 0, 0, 
97, 1, 97, 97, -1, 321, 266, 31.0, 13, ABalapapppp, 2431, 0, 0, 0, , 0, 0, 0, 0, 0, 
98, 1, 98, 98, -1, 328, 263, 29.0, 11, ABalapapppa, 646, 0, 0, 0, , 0, 0, 0, 0, 0, 
99, 1, 99, 99, -1, 345, 230, 23.0, 17, ABalapappaa, 3162, 0, 0, 0, , 0, 0, 0, 0, 0, 
100, 1, 100, 100, -1, 339, 245, 28.0, 13, ABalapappap, 3349, 0, 0, 0, , 0, 0, 0, 0, 0, 
101, 1, 101, 101, -1, 326, 231, 30.0, 13, ABalapapaa, 4283, 0, 0, 0, , 0, 0, 0, 0, 0, 
102, 1, 102, 102, -1, 319, 245, 30.0, 13, ABalapapapp, 2794, 0, 0, 0, , 0, 0, 0, 0, 0, 
103, 1, 103, 103, -1, 331, 259, 26.0, 19, ABalapaaaa, 7473, 0, 0, 0, , 0, 0, 0, 0, 0, 
104, 1, 104, 104, -1, 348, 247, 24.0, 13, ABalapaaapa, 4173, 0, 0, 0, , 0, 0, 0, 0, 0, 
105, 1, 105, 105, -1, 352, 263, 27.0, 13, ABalapaaapp, 3747, 0, 0, 0, , 0, 0, 0, 0, 0, 
106, 0, 106, -1, -1, 340, 260, 19.0, 17, , 4512, 0, 0, 0, , 0, 0, 0, 0, 0, 
107, 1, 107, 107, -1, 343, 262, 23.0, 17, ABalppppapa, 3795, 0, 0, 0, , 0, 0, 0, 0, 0, 
108, 1, 108, 108, -1, 328, 282, 18.0, 13, ABalapaapap, 3878, 0, 0, 0, , 0, 0, 0, 0, 0, 
109, 1, 109, 109, -1, 324, 263, 18.0, 13, ABalapaapaa, 4100, 0, 0, 0, , 0, 0, 0, 0, 0, 
110, 1, 110, 110, -1, 334, 272, 22.0, 17, ABalapaappp, 4086, 0, 0, 0, , 0, 0, 0, 0, 0, 
111, 1, 111, 111, -1, 320, 183, 16.0, 13, ABalaapaaa, 6125, 0, 0, 0, , 0, 0, 0, 0, 0, 
112, 1, 112, 112, -1, 233, 172, 11.0, 13, ABalaapapa, 5224, 0, 0, 0, , 0, 0, 0, 0, 0, 
113, 1, 113, 113, -1, 294, 187, 11.0, 13, ABalaapaapp, 3470, 0, 0, 0, , 0, 0, 0, 0, 0, 
114, 1, 114, 114, -1, 313, 190, 13.0, 13, ABalaapaapa, 5322, 0, 0, 0, , 0, 0, 0, 0, 0, 
115, 1, 115, 115, -1, 298, 174, 14.0, 17, ABalaappapa, 4913, 0, 0, 0, , 0, 0, 0, 0, 0, 
116, 1, 116, 116, -1, 276, 170, 12.0, 13, ABalaappaa, 4536, 0, 0, 0, , 0, 0, 0, 0, 0, 
117, 1, 117, 117, -1, 304, 178, 22.0, 19, ABalaappppp, 5213, 0, 0, 0, , 0, 0, 0, 0, 0, 
118, 1, 118, 118, -1, 303, 185, 19.0, 15, ABalaappppa, 3696, 0, 0, 0, , 0, 0, 0, 0, 0, 
119, 1, 119, 119, -1, 293, 181, 20.0, 13, ABalaapppaa, 3210, 0, 0, 0, , 0, 0, 0, 0, 0, 
120, 1, 121, 120, -1, 338, 252, 11.0, 11, ABalaaaalpp, 3653, 0, 0, 0, , 0, 0, 0, 0, 0, 
121, 1, 122, 121, -1, 347, 237, 13.0, 13, ABalaaaalpa, 4302, 0, 0, 0, , 0, 0, 0, 0, 0, 
122, 1, 123, 122, -1, 338, 200, 20.0, 13, ABalaaaarrp, 4183, 0, 0, 0, , 0, 0, 0, 0, 0, 
123, 1, 124, 123, -1, 331, 191, 17.0, 13, ABalaaaarra, 3722, 0, 0, 0, , 0, 0, 0, 0, 0, 
124, 1, 125, 124, -1, 342, 211, 18.0, 13, ABalaaaarlp, 3629, 0, 0, 0, , 0, 0, 0, 0, 0, 
125, 1, 126, 125, -1, 344, 226, 19.0, 13, ABalaaaarla, 4987, 0, 0, 0, , 0, 0, 0, 0, 0, 
126, 1, 127, 126, -1, 332, 180, 20.0, 13, ABalaaapplr, 3642, 0, 0, 0, , 0, 0, 0, 0, 0, 
127, 1, 128, 127, -1, 317, 188, 18.0, 15, ABalaaapprr, 7205, 0, 0, 0, , 0, 0, 0, 0, 0, 
128, 1, 129, 128, -1, 304, 178, 16.0, 15, ABalaaapprl, 4246, 0, 0, 0, , 0, 0, 0, 0, 0, 
129, 0, 130, -1, -1, 335, 223, 28.0, 11, , 1714, 0, 0, 0, , 0, 0, 0, 0, 0, 
130, 1, 131, 130, -1, 152, 322, 11.0, 15, ABplppppapa, 4886, 0, 0, 0, , 0, 0, 0, 0, 0, 
131, 1, 132, 131, -1, 140, 305, 10.0, 15, ABplppppapp, 4835, 0, 0, 0, , 0, 0, 0, 0, 0, 
132, 1, 133, 132, -1, 164, 303, 12.0, 13, ABplppppaaa, 4876, 0, 0, 0, , 0, 0, 0, 0, 0, 
133, 1, 134, 133, -1, 152, 304, 13.0, 13, ABplppppaap, 4315, 0, 0, 0, , 0, 0, 0, 0, 0, 
134, 1, 135, 134, -1, 88, 322, 13.0, 17, ABplppppppp, 4113, 0, 0, 0, , 0, 0, 0, 0, 0, 
135, 1, 136, 135, -1, 95, 318, 11.0, 13, ABplppppppa, 3809, 0, 0, 0, , 0, 0, 0, 0, 0, 
136, 1, 137, 136, -1, 131, 314, 15.0, 15, ABplpppppap, 9358, 0, 0, 0, , 0, 0, 0, 0, 0, 
137, 1, 138, 137, -1, 148, 315, 16.0, 13, ABplpppppaa, 4388, 0, 0, 0, , 0, 0, 0, 0, 0, 
138, 1, 139, 608, -1, 118, 300, 12.0, 11, ABplpppapp, 3628, 0, 0, 0, , 0, 0, 0, 0, 0, 
139, 1, 140, 139, -1, 129, 314, 9.0, 13, ABplpppapaa, 4567, 0, 0, 0, , 0, 0, 0, 0, 0, 
140, 1, 141, 140, -1, 129, 327, 10.0, 15, ABplpppaapp, 5699, 0, 0, 0, , 0, 0, 0, 0, 0, 
141, 1, 142, 141, -1, 173, 315, 10.0, 15, ABplpppaaaa, 4647, 0, 0, 0, , 0, 0, 0, 0, 0, 
142, 1, 143, 142, -1, 163, 333, 11.0, 13, ABplpppaaap, 5264, 0, 0, 0, , 0, 0, 0, 0, 0, 
143, 1, 144, 143, -1, 170, 331, 14.0, 13, ABplppapppp, 1830, 0, 0, 0, , 0, 0, 0, 0, 0, 
144, 1, 145, 144, -1, 180, 320, 12.0, 13, ABplppapppa, 2811, 0, 0, 0, , 0, 0, 0, 0, 0, 
145, 1, 146, 145, -1, 195, 315, 13.0, 13, ABplppappap, 3933, 0, 0, 0, , 0, 0, 0, 0, 0, 
146, 1, 147, 146, -1, 208, 304, 14.0, 13, ABplppappaa, 4646, 0, 0, 0, , 0, 0, 0, 0, 0, 
147, 1, 148, 147, -1, 202, 326, 15.0, 15, ABplppapaap, 6047, 0, 0, 0, , 0, 0, 0, 0, 0, 
148, 1, 149, 148, -1, 194, 333, 16.0, 13, ABplppapapa, 5048, 0, 0, 0, , 0, 0, 0, 0, 0, 
149, 1, 150, 149, -1, 178, 332, 17.0, 13, ABplppapapp, 4038, 0, 0, 0, , 0, 0, 0, 0, 0, 
150, 1, 151, 150, -1, 201, 302, 11.0, 13, ABplppaappa, 5201, 0, 0, 0, , 0, 0, 0, 0, 0, 
151, 1, 152, 151, -1, 186, 307, 11.0, 13, ABplppaappp, 4101, 0, 0, 0, , 0, 0, 0, 0, 0, 
152, 1, 153, 152, -1, 263, 299, 16.0, 17, ABplppaaaaa, 6503, 0, 0, 0, , 0, 0, 0, 0, 0, 
153, 1, 154, 153, -1, 258, 303, 18.0, 11, ABplppaaap, 4139, 0, 0, 0, , 0, 0, 0, 0, 0, 
154, 1, 155, 154, -1, 238, 259, 10.0, 17, ABplpappaaa, 5870, 0, 0, 0, , 0, 0, 0, 0, 0, 
155, 1, 156, 155, -1, 230, 278, 10.0, 11, ABplpappaap, 2395, 0, 0, 0, , 0, 0, 0, 0, 0, 
156, 1, 157, 602, -1, 214, 269, 13.0, 11, ABplpappap, 6046, 0, 0, 0, , 0, 0, 0, 0, 0, 
157, 1, 158, 157, -1, 140, 293, 11.0, 13, ABplpappppp, 3640, 0, 0, 0, , 0, 0, 0, 0, 0, 
158, 1, 159, 158, -1, 160, 284, 11.0, 11, ABplpappppa, 3164, 0, 0, 0, , 0, 0, 0, 0, 0, 
159, 1, 160, 159, -1, 176, 283, 10.0, 15, ABplpapppaa, 4987, 0, 0, 0, , 0, 0, 0, 0, 0, 
160, 1, 161, 160, -1, 162, 268, 10.0, 13, ABplpapppap, 4193, 0, 0, 0, , 0, 0, 0, 0, 0, 
161, 1, 162, 161, -1, 209, 290, 11.0, 13, ABplpapappa, 3515, 0, 0, 0, , 0, 0, 0, 0, 0, 
162, 1, 163, 162, -1, 190, 288, 11.0, 15, ABplpapappp, 3877, 0, 0, 0, , 0, 0, 0, 0, 0, 
163, 1, 164, 163, -1, 225, 297, 16.0, 13, ABplpapapap, 3343, 0, 0, 0, , 0, 0, 0, 0, 0, 
164, 1, 165, 164, -1, 236, 291, 15.0, 13, ABplpapapaa, 3554, 0, 0, 0, , 0, 0, 0, 0, 0, 
165, 1, 166, 165, -1, 271, 286, 12.0, 13, ABplpapaapa, 2643, 0, 0, 0, , 0, 0, 0, 0, 0, 
166, 1, 167, 166, -1, 256, 297, 13.0, 11, ABplpapaapp, 3239, 0, 0, 0, , 0, 0, 0, 0, 0, 
167, 1, 168, 167, -1, 254, 284, 13.0, 13, ABplpapaaap, 4063, 0, 0, 0, , 0, 0, 0, 0, 0, 
168, 1, 169, 168, -1, 263, 275, 12.0, 13, ABplpapaaaa, 3407, 0, 0, 0, , 0, 0, 0, 0, 0, 
169, 1, 170, 169, -1, 210, 320, 13.0, 15, ABplpaaaapp, 5564, 0, 0, 0, , 0, 0, 0, 0, 0, 
170, 1, 171, 170, -1, 229, 313, 11.0, 15, ABplpaaaapa, 6998, 0, 0, 0, , 0, 0, 0, 0, 0, 
171, 1, 172, 171, -1, 314, 269, 16.0, 15, ABplpaaaaaa, 9546, 0, 0, 0, , 0, 0, 0, 0, 0, 
172, 1, 173, 172, -1, 304, 299, 15.0, 15, ABplpaaapap, 10016, 0, 0, 0, , 0, 0, 0, 0, 0, 
173, 1, 174, 173, -1, 312, 290, 13.0, 13, ABplpaaapaa, 6132, 0, 0, 0, , 0, 0, 0, 0, 0, 
174, 1, 175, 174, -1, 294, 288, 14.0, 14, ABplpaaappa, 2892, 0, 0, 0, , 0, 0, 0, 0, 0, 
175, 1, 176, 175, -1, 282, 290, 15.0, 13, ABplpaaappp, 5086, 0, 0, 0, , 0, 0, 0, 0, 0, 
176, 1, 177, 176, -1, 266, 319, 23.0, 13, ABplpaappap, 4258, 0, 0, 0, , 0, 0, 0, 0, 0, 
177, 1, 178, 177, -1, 284, 302, 22.0, 15, ABplpaappaa, 6098, 0, 0, 0, , 0, 0, 0, 0, 0, 
178, 1, 179, 178, -1, 295, 305, 16.0, 13, ABplpaapppa, 4677, 0, 0, 0, , 0, 0, 0, 0, 0, 
179, 1, 180, 179, -1, 307, 309, 18.0, 13, ABplpaapapp, 4782, 0, 0, 0, , 0, 0, 0, 0, 0, 
180, 1, 181, 180, -1, 277, 303, 14.0, 11, ABplpaapppp, 5047, 0, 0, 0, , 0, 0, 0, 0, 0, 
181, 1, 182, 181, -1, 303, 290, 19.0, 15, ABplpaapaap, 6721, 0, 0, 0, , 0, 0, 0, 0, 0, 
182, 1, 183, 182, -1, 307, 271, 18.0, 17, ABplpaapaaa, 7327, 0, 0, 0, , 0, 0, 0, 0, 0, 
183, 1, 184, 183, -1, 322, 302, 21.0, 15, ABplpaapapa, 6344, 0, 0, 0, , 0, 0, 0, 0, 0, 
184, 1, 185, 184, -1, 272, 319, 15.0, 13, ABplaappap, 2039, 0, 0, 0, , 0, 0, 0, 0, 0, 
185, 1, 186, 185, -1, 289, 315, 16.0, 13, ABplaappaa, 5367, 0, 0, 0, , 0, 0, 0, 0, 0, 
186, 1, 187, 186, -1, 262, 331, 19.0, 13, ABplaapppa, 4765, 0, 0, 0, , 0, 0, 0, 0, 0, 
187, 1, 188, 187, -1, 233, 341, 22.0, 17, ABplaapppp, 10051, 0, 0, 0, , 0, 0, 0, 0, 0, 
188, 1, 189, 188, -1, 351, 229, 27.0, 15, ABplaapaaaa, 6546, 0, 0, 0, , 0, 0, 0, 0, 0, 
189, 1, 190, 189, -1, 347, 251, 30.0, 15, ABplaapaaap, 6144, 0, 0, 0, , 0, 0, 0, 0, 0, 
190, 1, 191, 190, -1, 340, 273, 30.0, 11, ABplaapaapa, 5220, 0, 0, 0, , 0, 0, 0, 0, 0, 
191, 1, 192, 191, -1, 331, 285, 27.0, 15, ABplaapaapp, 5931, 0, 0, 0, , 0, 0, 0, 0, 0, 
192, 1, 193, 192, -1, 297, 299, 28.0, 17, ABplaapappp, 6528, 0, 0, 0, , 0, 0, 0, 0, 0, 
193, 1, 194, 193, -1, 306, 279, 28.0, 17, ABplaapappa, 22435, 0, 0, 0, , 0, 0, 0, 0, 0, 
194, 1, 195, 194, -1, 295, 291, 25.0, 13, ABplaapapap, 5004, 0, 0, 0, , 0, 0, 0, 0, 0, 
195, 1, 196, 195, -1, 302, 273, 25.0, 13, ABplaapapaa, 4827, 0, 0, 0, , 0, 0, 0, 0, 0, 
196, 1, 197, 196, -1, 307, 257, 31.0, 13, ABplaaaaapp, 3625, 0, 0, 0, , 0, 0, 0, 0, 0, 
197, 1, 198, 197, -1, 313, 254, 26.0, 11, ABplaaaaapa, 4169, 0, 0, 0, , 0, 0, 0, 0, 0, 
198, 1, 199, 198, -1, 331, 250, 33.0, 15, ABplaaaaaa, 13683, 0, 0, 0, , 0, 0, 0, 0, 0, 
199, 1, 200, 199, -1, 286, 253, 35.0, 17, ABplaaaapp, 6532, 0, 0, 0, , 0, 0, 0, 0, 0, 
200, 1, 201, 200, -1, 302, 245, 35.0, 17, ABplaaaapa, 5987, 0, 0, 0, , 0, 0, 0, 0, 0, 
201, 1, 202, 201, -1, 299, 303, 31.0, 15, ABplaaappa, 6439, 0, 0, 0, , 0, 0, 0, 0, 0, 
202, 1, 203, 202, -1, 282, 312, 32.0, 17, ABplaaappp, 7812, 0, 0, 0, , 0, 0, 0, 0, 0, 
203, 1, 204, 203, -1, 316, 298, 30.0, 13, ABplaaapap, 2804, 0, 0, 0, , 0, 0, 0, 0, 0, 
204, 1, 205, 204, -1, 322, 281, 32.0, 15, ABplaaapaa, 4969, 0, 0, 0, , 0, 0, 0, 0, 0, 
205, 1, 206, 205, -1, 131, 347, 13.0, 15, ABplappppa, 6171, 0, 0, 0, , 0, 0, 0, 0, 0, 
206, 1, 207, 206, -1, 101, 335, 13.0, 15, ABplappppp, 5803, 0, 0, 0, , 0, 0, 0, 0, 0, 
207, 1, 208, 207, -1, 115, 349, 17.0, 17, ABplapppaa, 8049, 0, 0, 0, , 0, 0, 0, 0, 0, 
208, 1, 209, 208, -1, 115, 324, 12.0, 13, ABplapppapp, 3559, 0, 0, 0, , 0, 0, 0, 0, 0, 
209, 1, 210, 209, -1, 120, 336, 13.0, 11, ABplapppapa, 3037, 0, 0, 0, , 0, 0, 0, 0, 0, 
210, 1, 211, 210, -1, 199, 349, 22.0, 15, ABplappaaa, 7410, 0, 0, 0, , 0, 0, 0, 0, 0, 
211, 1, 212, 211, -1, 180, 359, 23.0, 15, ABplappaap, 6790, 0, 0, 0, , 0, 0, 0, 0, 0, 
212, 1, 213, 212, -1, 163, 359, 20.0, 15, ABplappapp, 7353, 0, 0, 0, , 0, 0, 0, 0, 0, 
213, 1, 214, 213, -1, 176, 351, 30.0, 17, ABplappapa, 8422, 0, 0, 0, , 0, 0, 0, 0, 0, 
214, 1, 215, 214, -1, 217, 350, 22.0, 15, ABplapaapp, 7585, 0, 0, 0, , 0, 0, 0, 0, 0, 
215, 1, 216, 215, -1, 245, 336, 18.0, 15, ABplapaapa, 8324, 0, 0, 0, , 0, 0, 0, 0, 0, 
216, 1, 217, 216, -1, 266, 298, 33.0, 13, ABarppaaaa, 1130, 0, 0, 0, , 0, 0, 0, 0, 0, 
217, 1, 218, 217, -1, 245, 328, 26.0, 15, ABplapaaapp, 4971, 0, 0, 0, , 0, 0, 0, 0, 0, 
218, 1, 219, 218, -1, 254, 319, 27.0, 19, ABplapaaapa, 6087, 0, 0, 0, , 0, 0, 0, 0, 0, 
219, 1, 220, 219, -1, 102, 348, 20.0, 13, ABplapapppa, 3843, 0, 0, 0, , 0, 0, 0, 0, 0, 
220, 1, 221, 220, -1, 94, 341, 17.0, 15, ABplapapppp, 3972, 0, 0, 0, , 0, 0, 0, 0, 0, 
221, 1, 222, 221, -1, 142, 367, 21.0, 17, ABplapapap, 6711, 0, 0, 0, , 0, 0, 0, 0, 0, 
222, 1, 223, 222, -1, 133, 361, 17.0, 17, ABplapappa, 6142, 0, 0, 0, , 0, 0, 0, 0, 0, 
223, 1, 224, 223, -1, 130, 362, 26.0, 19, ABplapapaa, 15037, 0, 0, 0, , 0, 0, 0, 0, 0, 
224, 1, 225, 224, -1, 237, 212, 13.0, 11, ABprpapaaaa, 4693, 0, 0, 0, , 0, 0, 0, 0, 0, 
225, 1, 226, 225, -1, 216, 201, 13.0, 13, ABprpapaapp, 4244, 0, 0, 0, , 0, 0, 0, 0, 0, 
226, 1, 227, 226, -1, 187, 245, 12.0, 13, ABprpapappa, 2672, 0, 0, 0, , 0, 0, 0, 0, 0, 
227, 1, 228, 227, -1, 184, 266, 11.0, 13, ABprpapappp, 3544, 0, 0, 0, , 0, 0, 0, 0, 0, 
228, 1, 229, 228, -1, 197, 230, 14.0, 13, ABprpapapap, 3416, 0, 0, 0, , 0, 0, 0, 0, 0, 
229, 1, 230, 229, -1, 208, 224, 14.0, 11, ABprpapapaa, 3083, 0, 0, 0, , 0, 0, 0, 0, 0, 
230, 1, 231, 230, -1, 126, 289, 14.0, 15, ABprpappppp, 4928, 0, 0, 0, , 0, 0, 0, 0, 0, 
231, 1, 232, 231, -1, 148, 288, 14.0, 15, ABprpappppa, 4443, 0, 0, 0, , 0, 0, 0, 0, 0, 
232, 1, 233, 232, -1, 221, 231, 12.0, 13, ABprpapppaa, 3975, 0, 0, 0, , 0, 0, 0, 0, 0, 
233, 1, 234, 233, -1, 195, 252, 13.0, 15, ABprpapppap, 5348, 0, 0, 0, , 0, 0, 0, 0, 0, 
234, 1, 235, 234, -1, 197, 273, 11.0, 13, ABprpappapp, 4154, 0, 0, 0, , 0, 0, 0, 0, 0, 
235, 1, 236, 235, -1, 223, 242, 10.0, 13, ABprpappaap, 4136, 0, 0, 0, , 0, 0, 0, 0, 0, 
236, 1, 237, 236, -1, 234, 239, 9.0, 15, ABprpappaaa, 5327, 0, 0, 0, , 0, 0, 0, 0, 0, 
237, 1, 238, 237, -1, 252, 176, 19.0, 13, ABprpaaaaap, 4377, 0, 0, 0, , 0, 0, 0, 0, 0, 
238, 1, 239, 238, -1, 265, 188, 19.0, 13, ABprpaapaaa, 8616, 0, 0, 0, , 0, 0, 0, 0, 0, 
239, 1, 240, 239, -1, 172, 215, 12.0, 15, ABprpaaaapp, 10973, 0, 0, 0, , 0, 0, 0, 0, 0, 
240, 1, 241, 240, -1, 199, 220, 10.0, 15, ABprpaaaapa, 6400, 0, 0, 0, , 0, 0, 0, 0, 0, 
241, 1, 242, 241, -1, 248, 184, 15.0, 13, ABprpaaappa, 4537, 0, 0, 0, , 0, 0, 0, 0, 0, 
242, 1, 243, 242, -1, 233, 203, 14.0, 13, ABprpapaapa, 1608, 0, 0, 0, , 0, 0, 0, 0, 0, 
243, 1, 244, 243, -1, 233, 187, 14.0, 15, ABprpaaappp, 5211, 0, 0, 0, , 0, 0, 0, 0, 0, 
244, 1, 245, 244, -1, 255, 171, 12.0, 13, ABprpaaapaa, 5084, 0, 0, 0, , 0, 0, 0, 0, 0, 
245, 1, 246, 245, -1, 247, 166, 15.0, 15, ABprpaaapap, 6073, 0, 0, 0, , 0, 0, 0, 0, 0, 
246, 1, 247, 246, -1, 249, 178, 21.0, 15, ABprpaapaap, 5922, 0, 0, 0, , 0, 0, 0, 0, 0, 
247, 1, 248, 247, -1, 262, 157, 21.0, 15, ABprpaapapa, 7087, 0, 0, 0, , 0, 0, 0, 0, 0, 
248, 1, 249, 248, -1, 245, 162, 19.0, 13, ABprpaapapp, 5637, 0, 0, 0, , 0, 0, 0, 0, 0, 
249, 1, 250, 249, -1, 239, 169, 16.0, 11, ABprpaapppa, 2555, 0, 0, 0, , 0, 0, 0, 0, 0, 
250, 1, 251, 250, -1, 226, 176, 16.0, 13, ABprpaapppp, 5247, 0, 0, 0, , 0, 0, 0, 0, 0, 
251, 1, 252, 251, -1, 218, 181, 25.0, 13, ABprpaappap, 4566, 0, 0, 0, , 0, 0, 0, 0, 0, 
252, 1, 253, 252, -1, 232, 178, 22.0, 15, ABprpaappaa, 5151, 0, 0, 0, , 0, 0, 0, 0, 0, 
253, 1, 254, 253, -1, 94, 264, 10.0, 15, ABprpppaapp, 5653, 0, 0, 0, , 0, 0, 0, 0, 0, 
254, 1, 255, 254, -1, 105, 261, 11.0, 13, ABprpppaapa, 5290, 0, 0, 0, , 0, 0, 0, 0, 0, 
255, 1, 256, 255, -1, 126, 241, 11.0, 15, ABprpppaaap, 4776, 0, 0, 0, , 0, 0, 0, 0, 0, 
256, 1, 257, 256, -1, 151, 253, 11.0, 13, ABprpppaaaa, 4252, 0, 0, 0, , 0, 0, 0, 0, 0, 
257, 1, 258, 257, -1, 116, 273, 10.0, 13, ABprpppapaa, 5703, 0, 0, 0, , 0, 0, 0, 0, 0, 
258, 1, 259, 258, -1, 105, 290, 10.0, 13, ABprpppapap, 3994, 0, 0, 0, , 0, 0, 0, 0, 0, 
259, 1, 260, 607, -1, 108, 306, 10.0, 11, ABprpppapp, 4555, 0, 0, 0, , 0, 0, 0, 0, 0, 
260, 1, 261, 260, -1, 135, 261, 11.0, 13, ABprppppapa, 7071, 0, 0, 0, , 0, 0, 0, 0, 0, 
261, 1, 262, 261, -1, 128, 278, 10.0, 13, ABprppppapp, 3618, 0, 0, 0, , 0, 0, 0, 0, 0, 
262, 1, 263, 262, -1, 151, 269, 12.0, 13, ABprppppaaa, 3803, 0, 0, 0, , 0, 0, 0, 0, 0, 
263, 1, 264, 263, -1, 139, 274, 13.0, 13, ABprppppaap, 3654, 0, 0, 0, , 0, 0, 0, 0, 0, 
264, 1, 265, 264, -1, 78, 297, 14.0, 11, ABprppppppp, 2038, 0, 0, 0, , 0, 0, 0, 0, 0, 
265, 1, 266, 265, -1, 90, 302, 11.0, 13, ABprppppppa, 8053, 0, 0, 0, , 0, 0, 0, 0, 0, 
266, 1, 267, 266, -1, 130, 258, 17.0, 15, ABprpppppaa, 5418, 0, 0, 0, , 0, 0, 0, 0, 0, 
267, 1, 268, 267, -1, 112, 270, 16.0, 13, ABprpppppap, 3664, 0, 0, 0, , 0, 0, 0, 0, 0, 
268, 1, 269, 268, -1, 191, 213, 15.0, 13, ABprppaapap, 2698, 0, 0, 0, , 0, 0, 0, 0, 0, 
269, 1, 270, 269, -1, 202, 207, 14.0, 13, ABprppaapaa, 4193, 0, 0, 0, , 0, 0, 0, 0, 0, 
270, 1, 271, 270, -1, 181, 250, 11.0, 15, ABprppaappa, 5937, 0, 0, 0, , 0, 0, 0, 0, 0, 
271, 1, 272, 271, -1, 167, 250, 10.0, 13, ABprppaappp, 4408, 0, 0, 0, , 0, 0, 0, 0, 0, 
272, 1, 273, 272, -1, 223, 195, 17.0, 13, ABprppaaaaa, 5483, 0, 0, 0, , 0, 0, 0, 0, 0, 
273, 1, 274, 273, -1, 207, 192, 16.0, 13, ABprppaaaap, 5936, 0, 0, 0, , 0, 0, 0, 0, 0, 
274, 0, 275, -1, -1, 195, 177, 17.0, 13, , 1950, 0, 0, 0, , 0, 0, 0, 0, 0, 
275, 1, 276, 275, -1, 174, 210, 15.0, 13, ABprppapaaa, 3901, 0, 0, 0, , 0, 0, 0, 0, 0, 
276, 1, 277, 276, -1, 160, 216, 15.0, 13, ABprppapaap, 4692, 0, 0, 0, , 0, 0, 0, 0, 0, 
277, 1, 278, 277, -1, 148, 221, 14.0, 13, ABprppapapa, 4644, 0, 0, 0, , 0, 0, 0, 0, 0, 
278, 1, 279, 278, -1, 131, 228, 16.0, 13, ABprppapapp, 4267, 0, 0, 0, , 0, 0, 0, 0, 0, 
279, 1, 280, 279, -1, 142, 239, 12.0, 14, ABprppappp, 5710, 0, 0, 0, , 0, 0, 0, 0, 0, 
280, 1, 281, 280, -1, 173, 231, 14.0, 13, ABprppappaa, 3662, 0, 0, 0, , 0, 0, 0, 0, 0, 
281, 1, 282, 281, -1, 162, 233, 12.0, 13, ABprppappap, 4207, 0, 0, 0, , 0, 0, 0, 0, 0, 
282, 1, 283, 282, -1, 339, 188, 28.0, 15, ABpraapaaaa, 5404, 0, 0, 0, , 0, 0, 0, 0, 0, 
283, 1, 284, 283, -1, 318, 184, 32.0, 13, ABarpapaaaa, 2474, 0, 0, 0, , 0, 0, 0, 0, 0, 
284, 1, 285, 284, -1, 324, 178, 30.0, 15, ABpraapaaap, 5572, 0, 0, 0, , 0, 0, 0, 0, 0, 
285, 1, 286, 285, -1, 300, 167, 27.0, 13, ABpraapaapa, 4880, 0, 0, 0, , 0, 0, 0, 0, 0, 
286, 1, 287, 286, -1, 248, 177, 26.0, 15, ABpraapapap, 5667, 0, 0, 0, , 0, 0, 0, 0, 0, 
287, 1, 288, 287, -1, 262, 186, 25.0, 13, ABpraapapaa, 5640, 0, 0, 0, , 0, 0, 0, 0, 0, 
288, 1, 289, 288, -1, 244, 167, 28.0, 15, ABpraapappp, 5367, 0, 0, 0, , 0, 0, 0, 0, 0, 
289, 1, 290, 289, -1, 260, 180, 28.0, 15, ABpraapappa, 5418, 0, 0, 0, , 0, 0, 0, 0, 0, 
290, 1, 291, 290, -1, 173, 187, 23.0, 17, ABpraapppp, 7539, 0, 0, 0, , 0, 0, 0, 0, 0, 
291, 0, -1, -1, -1, 198, 164, 21.0, 11, , 1097, 0, 0, 0, , 0, 0, 0, 0, 0, 
292, 1, 293, 292, -1, 212, 172, 17.0, 15, ABpraappap, 5138, 0, 0, 0, , 0, 0, 0, 0, 0, 
293, 1, 294, 293, -1, 229, 161, 19.0, 11, ABpraappaa, 6191, 0, 0, 0, , 0, 0, 0, 0, 0, 
294, 1, 295, 294, -1, 296, 172, 24.0, 15, ABpraaapapa, 4428, 0, 0, 0, , 0, 0, 0, 0, 0, 
295, 1, 296, 295, -1, 282, 164, 25.0, 11, ABpraaapapp, 3946, 0, 0, 0, , 0, 0, 0, 0, 0, 
296, 1, 297, 296, -1, 272, 175, 23.0, 13, ABpraaapaad, 3917, 0, 0, 0, , 0, 0, 0, 0, 0, 
297, 1, 298, 297, -1, 280, 183, 20.0, 11, ABpraaapaav, 3801, 0, 0, 0, , 0, 0, 0, 0, 0, 
298, 1, 299, 298, -1, 263, 189, 21.0, 11, ABpraaappaa, 4767, 0, 0, 0, , 0, 0, 0, 0, 0, 
299, 1, 300, 299, -1, 244, 180, 24.0, 13, ABpraaappap, 5191, 0, 0, 0, , 0, 0, 0, 0, 0, 
300, 1, 301, 300, -1, 232, 184, 28.0, 15, ABpraaapppa, 4833, 0, 0, 0, , 0, 0, 0, 0, 0, 
301, 1, 302, 301, -1, 226, 167, 26.0, 15, ABpraaapppp, 5655, 0, 0, 0, , 0, 0, 0, 0, 0, 
302, 1, 303, 302, -1, 283, 159, 22.0, 13, ABpraaaaapd, 4816, 0, 0, 0, , 0, 0, 0, 0, 0, 
303, 1, 304, 303, -1, 297, 165, 19.0, 15, ABpraaaaapv, 4618, 0, 0, 0, , 0, 0, 0, 0, 0, 
304, 1, 305, 304, -1, 281, 167, 16.0, 13, ABpraaaaaaa, 4706, 0, 0, 0, , 0, 0, 0, 0, 0, 
305, 1, 306, 305, -1, 267, 167, 15.0, 13, ABpraaaaaap, 5146, 0, 0, 0, , 0, 0, 0, 0, 0, 
306, 1, 307, 306, -1, 268, 168, 17.0, 15, ABpraaaapav, 5593, 0, 0, 0, , 0, 0, 0, 0, 0, 
307, 1, 308, 307, -1, 277, 159, 19.0, 13, ABpraaaapad, 4015, 0, 0, 0, , 0, 0, 0, 0, 0, 
308, 1, 309, 308, -1, 272, 155, 26.0, 11, ABpraaaappa, 4201, 0, 0, 0, , 0, 0, 0, 0, 0, 
309, 1, 310, 309, -1, 265, 166, 25.0, 14, ABpraaaappp, 2964, 0, 0, 0, , 0, 0, 0, 0, 0, 
310, 1, 311, 310, -1, 110, 219, 20.0, 13, ABprappapp, 7787, 0, 0, 0, , 0, 0, 0, 0, 0, 
311, 1, 312, 311, -1, 126, 215, 30.0, 15, ABprappapa, 8382, 0, 0, 0, , 0, 0, 0, 0, 0, 
312, 1, 313, 312, -1, 125, 209, 22.0, 15, ABprappaap, 8540, 0, 0, 0, , 0, 0, 0, 0, 0, 
313, 1, 314, 313, -1, 147, 206, 20.0, 15, ABprappaaa, 8346, 0, 0, 0, , 0, 0, 0, 0, 0, 
314, 1, 315, 314, -1, 87, 254, 16.0, 15, ABprapppaa, 8913, 0, 0, 0, , 0, 0, 0, 0, 0, 
315, 1, 316, 315, -1, 94, 270, 14.0, 13, ABprapppapp, 4490, 0, 0, 0, , 0, 0, 0, 0, 0, 
316, 1, 317, 316, -1, 86, 264, 13.0, 11, ABprapppapa, 3456, 0, 0, 0, , 0, 0, 0, 0, 0, 
317, 1, 318, 317, -1, 74, 278, 13.0, 15, ABprappppp, 7885, 0, 0, 0, , 0, 0, 0, 0, 0, 
318, 1, 319, 318, -1, 86, 248, 12.0, 17, ABprappppa, 7776, 0, 0, 0, , 0, 0, 0, 0, 0, 
319, 1, 320, 319, -1, 210, 191, 28.0, 17, ABprapaaapa, 5470, 0, 0, 0, , 0, 0, 0, 0, 0, 
320, 1, 321, 320, -1, 191, 186, 26.0, 15, ABprapaaapp, 4990, 0, 0, 0, , 0, 0, 0, 0, 0, 
321, 1, 322, 321, -1, 213, 199, 32.0, 15, ABprapaaaap, 5583, 0, 0, 0, , 0, 0, 0, 0, 0, 
322, 1, 323, 322, -1, 224, 196, 31.0, 13, ABprapaaaaa, 4156, 0, 0, 0, , 0, 0, 0, 0, 0, 
323, 1, 324, 323, -1, 154, 194, 23.0, 13, ABprapaapp, 10165, 0, 0, 0, , 0, 0, 0, 0, 0, 
324, 1, 325, 324, -1, 181, 188, 17.0, 15, ABprapaapa, 7318, 0, 0, 0, , 0, 0, 0, 0, 0, 
325, 1, 326, 325, -1, 96, 236, 14.0, 15, ABprapappa, 6826, 0, 0, 0, , 0, 0, 0, 0, 0, 
326, 1, 327, 326, -1, 75, 273, 17.0, 15, ABprapapppp, 4968, 0, 0, 0, , 0, 0, 0, 0, 0, 
327, 1, 328, 327, -1, 65, 265, 19.0, 13, ABprapapppa, 3426, 0, 0, 0, , 0, 0, 0, 0, 0, 
328, 1, 329, 328, -1, 95, 231, 19.0, 15, ABprapapap, 7611, 0, 0, 0, , 0, 0, 0, 0, 0, 
329, 1, 330, 329, -1, 83, 249, 26.0, 17, ABprapapaa, 5637, 0, 0, 0, , 0, 0, 0, 0, 0, 
330, 1, 331, 330, -1, 244, 199, 31.0, 15, MSppppap, 5185, 0, 0, 0, , 0, 0, 0, 0, 0, 
331, 1, 332, 331, -1, 228, 200, 20.0, 15, MSppppaa, 3888, 0, 0, 0, , 0, 0, 0, 0, 0, 
332, 1, 333, 332, -1, 247, 217, 31.0, 19, MSpppppa, 2682, 0, 0, 0, , 0, 0, 0, 0, 0, 
333, 1, 334, 333, -1, 213, 226, 31.0, 15, MSpppppp, 4239, 0, 0, 0, , 0, 0, 0, 0, 0, 
334, 1, 335, 334, -1, 225, 208, 25.0, 13, MSpppaaa, 3949, 0, 0, 0, , 0, 0, 0, 0, 0, 
335, 1, 336, 335, -1, 139, 250, 20.0, 15, MSpppaap, 3632, 0, 0, 0, , 0, 0, 0, 0, 0, 
336, 1, 337, 597, -1, 206, 207, 18.0, 17, MSpppapp, 4583, 0, 0, 0, , 0, 0, 0, 0, 0, 
337, 1, 338, 606, -1, 220, 209, 18.0, 13, MSpppapa, 2841, 0, 0, 0, , 0, 0, 0, 0, 0, 
338, 1, 339, 337, -1, 221, 217, 13.0, 13, ABprpapaaap, 4026, 0, 0, 0, , 0, 0, 0, 0, 0, 
339, 1, 340, 338, -1, 168, 263, 14.0, 15, MSppaapp, 4646, 0, 0, 0, , 0, 0, 0, 0, 0, 
340, 1, 341, 339, -1, 244, 207, 16.0, 11, MSppaapa, 4090, 0, 0, 0, , 0, 0, 0, 0, 0, 
341, 1, 342, 340, -1, 286, 203, 15.0, 15, MSppaaaa, 3338, 0, 0, 0, , 0, 0, 0, 0, 0, 
342, 1, 343, 341, -1, 285, 191, 24.0, 17, MSppaaap, 6255, 0, 0, 0, , 0, 0, 0, 0, 0, 
343, 1, 344, 342, -1, 264, 191, 31.0, 15, MSppappa, 5873, 0, 0, 0, , 0, 0, 0, 0, 0, 
344, 1, 345, 343, -1, 241, 198, 24.0, 15, MSppapaa, 5211, 0, 0, 0, , 0, 0, 0, 0, 0, 
345, 1, 346, 344, -1, 245, 196, 18.0, 17, MSppapap, 4753, 0, 0, 0, , 0, 0, 0, 0, 0, 
346, 1, 347, 345, -1, 199, 254, 16.0, 13, MSpapappp, 3830, 0, 0, 0, , 0, 0, 0, 0, 0, 
347, 1, 348, 346, -1, 209, 233, 21.0, 17, MSpapappa, 2585, 0, 0, 0, , 0, 0, 0, 0, 0, 
348, 1, 349, 347, -1, 201, 242, 19.0, 15, MSpapapa, 7306, 0, 0, 0, , 0, 0, 0, 0, 0, 
349, 1, 350, 348, -1, 220, 229, 18.0, 15, MSpapaaap, 6327, 0, 0, 0, , 0, 0, 0, 0, 0, 
350, 1, 351, 349, -1, 201, 229, 24.0, 17, MSpapaapp, 9094, 0, 0, 0, , 0, 0, 0, 0, 0, 
351, 0, 352, -1, -1, 195, 247, 24.0, 11, , 2554, 0, 0, 0, , 0, 0, 0, 0, 0, 
352, 0, 353, -1, -1, 205, 255, 25.0, 13, , 3656, 0, 0, 0, , 0, 0, 0, 0, 0, 
353, 1, 354, 352, -1, 163, 319, 15.0, 13, MSpappaa, 4630, 0, 0, 0, , 0, 0, 0, 0, 0, 
354, 1, 355, 353, -1, 151, 227, 18.0, 15, MSpapppp, 5276, 0, 0, 0, , 0, 0, 0, 0, 0, 
355, 1, 356, 354, -1, 177, 219, 19.0, 15, MSpapppa, 3515, 0, 0, 0, , 0, 0, 0, 0, 0, 
356, 1, 357, 355, -1, 255, 234, 29.0, 15, MSpaaappa, 6372, 0, 0, 0, , 0, 0, 0, 0, 0, 
357, 1, 358, 356, -1, 234, 239, 29.0, 13, MSpaaappp, 5448, 0, 0, 0, , 0, 0, 0, 0, 0, 
358, 1, 359, 357, -1, 247, 252, 31.0, 15, MSpaaapaa, 4457, 0, 0, 0, , 0, 0, 0, 0, 0, 
359, 1, 360, 358, -1, 229, 251, 31.0, 13, MSpaaapap, 3767, 0, 0, 0, , 0, 0, 0, 0, 0, 
360, 1, 361, 359, -1, 284, 213, 27.0, 15, MSpaaaapa, 5673, 0, 0, 0, , 0, 0, 0, 0, 0, 
361, 1, 362, 360, -1, 266, 219, 27.0, 13, MSpaaaapp, 3573, 0, 0, 0, , 0, 0, 0, 0, 0, 
362, 1, 363, 361, -1, 278, 224, 31.0, 14, MSpaaaaa, 5210, 0, 0, 0, , 0, 0, 0, 0, 0, 
363, 1, 364, 362, -1, 234, 219, 19.0, 13, ABaraappppa, 5726, 0, 0, 0, , 0, 0, 0, 0, 0, 
364, 1, 365, 363, -1, 234, 223, 23.0, 15, ABaraapppap, 7003, 0, 0, 0, , 0, 0, 0, 0, 0, 
365, 1, 366, 364, -1, 237, 222, 28.0, 13, MSpaapaap, 3873, 0, 0, 0, , 0, 0, 0, 0, 0, 
366, 1, 367, 365, -1, 252, 216, 27.0, 13, MSpaapaaa, 2891, 0, 0, 0, , 0, 0, 0, 0, 0, 
367, 1, 368, 366, -1, 179, 251, 26.0, 17, Earap, 4983, 0, 0, 0, , 0, 0, 0, 0, 0, 
368, 1, 369, 367, -1, 265, 298, 21.0, 13, MSapppaa, 2348, 0, 0, 0, , 0, 0, 0, 0, 0, 
369, 1, 370, 368, -1, 253, 290, 28.0, 15, MSapppap, 5249, 0, 0, 0, , 0, 0, 0, 0, 0, 
370, 1, 371, 369, -1, 248, 286, 30.0, 19, MSappppa, 5256, 0, 0, 0, , 0, 0, 0, 0, 0, 
371, 1, 372, 370, -1, 220, 301, 30.0, 17, MSappppp, 3621, 0, 0, 0, , 0, 0, 0, 0, 0, 
372, 1, 373, 371, -1, 162, 318, 19.0, 15, MSappaap, 4080, 0, 0, 0, , 0, 0, 0, 0, 0, 
373, 1, 374, 372, -1, 239, 297, 23.0, 13, MSappaaa, 2574, 0, 0, 0, , 0, 0, 0, 0, 0, 
374, 1, 375, 373, -1, 244, 294, 18.0, 9, MSappapp, 693, 0, 0, 0, , 0, 0, 0, 0, 0, 
375, 1, 376, 374, -1, 256, 291, 19.0, 11, MSappapa, 1901, 0, 0, 0, , 0, 0, 0, 0, 0, 
376, 1, 377, 375, -1, 291, 277, 31.0, 17, MSapappa, 9093, 0, 0, 0, , 0, 0, 0, 0, 0, 
377, 1, 378, 376, -1, 285, 263, 31.0, 19, MSapappp, 3724, 0, 0, 0, , 0, 0, 0, 0, 0, 
378, 1, 379, 377, -1, 276, 280, 19.0, 13, MSapapap, 5900, 0, 0, 0, , 0, 0, 0, 0, 0, 
379, 1, 380, 378, -1, 273, 286, 25.0, 17, MSapapaa, 17977, 0, 0, 0, , 0, 0, 0, 0, 0, 
380, 1, 381, 379, -1, 194, 293, 15.0, 13, MSapaapp, 2780, 0, 0, 0, , 0, 0, 0, 0, 0, 
381, 1, 382, 380, -1, 288, 283, 18.0, 11, MSapaapa, 3525, 0, 0, 0, , 0, 0, 0, 0, 0, 
382, 1, 383, 381, -1, 315, 251, 15.0, 15, MSapaaaa, 4514, 0, 0, 0, , 0, 0, 0, 0, 0, 
383, 1, 384, 382, -1, 314, 257, 24.0, 13, MSapaaap, 4237, 0, 0, 0, , 0, 0, 0, 0, 0, 
384, 1, 385, 383, -1, 307, 221, 28.0, 17, MSaaaaapa, 12758, 0, 0, 0, , 0, 0, 0, 0, 0, 
385, 1, 386, 384, -1, 295, 238, 31.0, 17, MSaaaaapp, 6713, 0, 0, 0, , 0, 0, 0, 0, 0, 
386, 1, 387, 385, -1, 326, 217, 24.0, 13, MSaaaaaa, 5656, 0, 0, 0, , 0, 0, 0, 0, 0, 
387, 1, 388, 386, -1, 276, 240, 31.0, 13, MSaaaapaa, 4052, 0, 0, 0, , 0, 0, 0, 0, 0, 
388, 1, 389, 387, -1, 261, 243, 31.0, 13, MSaaaapap, 4644, 0, 0, 0, , 0, 0, 0, 0, 0, 
389, 1, 390, 388, -1, 245, 264, 28.0, 13, MSaaaappp, 3535, 0, 0, 0, , 0, 0, 0, 0, 0, 
390, 1, 391, 389, -1, 263, 259, 29.0, 13, MSaaaappa, 5181, 0, 0, 0, , 0, 0, 0, 0, 0, 
391, 1, 392, 390, -1, 243, 273, 26.0, 13, MSaaapapp, 2059, 0, 0, 0, , 0, 0, 0, 0, 0, 
392, 1, 393, 391, -1, 279, 259, 28.0, 13, MSaaapaap, 4737, 0, 0, 0, , 0, 0, 0, 0, 0, 
393, 0, 394, -1, -1, 300, 247, 27.0, 14, , 1115, 0, 0, 0, , 0, 0, 0, 0, 0, 
394, 1, 395, 393, -1, 226, 273, 27.0, 11, MSaaappa, 3572, 0, 0, 0, , 0, 0, 0, 0, 0, 
395, 1, 396, 394, -1, 226, 271, 29.0, 13, MSaaappp, 3033, 0, 0, 0, , 0, 0, 0, 0, 0, 
396, 1, 397, 395, -1, 181, 312, 17.0, 15, MSaapppp, 4896, 0, 0, 0, , 0, 0, 0, 0, 0, 
397, 1, 398, 396, -1, 214, 307, 19.0, 17, MSaapppa, 11186, 0, 0, 0, , 0, 0, 0, 0, 0, 
398, 1, 399, 397, -1, 234, 273, 16.0, 15, MSaapaaap, 4003, 0, 0, 0, , 0, 0, 0, 0, 0, 
399, 1, 400, 398, -1, 252, 273, 17.0, 13, MSaapaaaa, 4564, 0, 0, 0, , 0, 0, 0, 0, 0, 
400, 1, 401, 399, -1, 214, 277, 17.0, 13, MSaapappp, 2712, 0, 0, 0, , 0, 0, 0, 0, 0, 
401, 1, 402, 400, -1, 234, 281, 20.0, 15, MSaapappa, 3705, 0, 0, 0, , 0, 0, 0, 0, 0, 
402, 1, 403, 401, -1, 219, 283, 20.0, 17, MSaapapa, 6487, 0, 0, 0, , 0, 0, 0, 0, 0, 
403, 1, 404, 402, -1, 197, 280, 20.0, 21, Ealpa, 12855, 0, 0, 0, , 0, 0, 0, 0, 0, 
404, 1, 405, 403, -1, 156, 300, 23.0, 17, Ealpp, 7681, 0, 0, 0, , 0, 0, 0, 0, 0, 
405, 1, 406, 404, -1, 125, 340, 22.0, 15, Cappapa, 4905, 0, 0, 0, , 0, 0, 0, 0, 0, 
406, 1, 407, 405, -1, 114, 331, 17.0, 15, Cappapp, 4330, 0, 0, 0, , 0, 0, 0, 0, 0, 
407, 1, 408, 406, -1, 167, 341, 27.0, 15, Cappaaa, 5823, 0, 0, 0, , 0, 0, 0, 0, 0, 
408, 1, 409, 407, 408, 106, 332, 26.0, 19, Capppa, 13123, 0, 0, 0, , 0, 0, 0, 0, 0, 
409, 1, 410, 409, -1, 97, 320, 15.0, 17, Capppp, 2972, 0, 0, 0, , 0, 0, 0, 0, 0, 
410, 1, 411, 410, -1, 141, 340, 26.0, 19, Capapa, 9663, 0, 0, 0, , 0, 0, 0, 0, 0, 
411, 1, 412, 411, -1, 143, 335, 16.0, 17, Capapp, 9234, 0, 0, 0, , 0, 0, 0, 0, 0, 
412, 1, 413, 412, -1, 153, 343, 21.0, 21, Capaap, 4333, 0, 0, 0, , 0, 0, 0, 0, 0, 
413, 1, 414, 413, -1, 188, 333, 23.0, 17, Capaaa, 7396, 0, 0, 0, , 0, 0, 0, 0, 0, 
414, 1, 415, 414, -1, 81, 284, 29.0, 19, Caaapp, 3953, 0, 0, 0, , 0, 0, 0, 0, 0, 
415, 1, 416, 415, -1, 62, 293, 17.0, 21, Caappd, 6416, 0, 0, 0, , 0, 0, 0, 0, 0, 
416, 1, 417, 416, -1, 73, 314, 13.0, 15, Caappv, 3622, 0, 0, 0, , 0, 0, 0, 0, 0, 
417, 1, 418, 417, -1, 101, 304, 14.0, 15, Caapaa, 3228, 0, 0, 0, , 0, 0, 0, 0, 0, 
418, 1, 419, 418, -1, 76, 323, 21.0, 21, Cpappd, 27419, 0, 0, 0, , 0, 0, 0, 0, 0, 
419, 1, 420, 419, -1, 74, 321, 16.0, 19, Cpappv, 8418, 0, 0, 0, , 0, 0, 0, 0, 0, 
420, 1, 421, 420, -1, 74, 309, 24.0, 21, Cpapaa, 30580, 0, 0, 0, , 0, 0, 0, 0, 0, 
421, 1, 422, 421, -1, 123, 235, 20.0, 13, Cppaap, 5754, 0, 0, 0, , 0, 0, 0, 0, 0, 
422, 1, 423, 422, -1, 140, 221, 23.0, 13, Cppaaap, 4893, 0, 0, 0, , 0, 0, 0, 0, 0, 
423, 1, 424, 423, -1, 162, 213, 24.0, 15, Cppaaaa, 5752, 0, 0, 0, , 0, 0, 0, 0, 0, 
424, 1, 425, 424, -1, 130, 229, 26.0, 15, Cppapaa, 5940, 0, 0, 0, , 0, 0, 0, 0, 0, 
425, 1, 426, 425, -1, 115, 252, 14.0, 17, Cppapp, 6625, 0, 0, 0, , 0, 0, 0, 0, 0, 
426, 1, 427, 426, -1, 125, 246, 31.0, 17, Cpppaap, 7905, 0, 0, 0, , 0, 0, 0, 0, 0, 
427, 1, 428, 427, -1, 147, 222, 28.0, 15, Cpppaaa, 5673, 0, 0, 0, , 0, 0, 0, 0, 0, 
428, 1, 429, 428, -1, 94, 264, 19.0, 13, Cpppapp, 5800, 0, 0, 0, , 0, 0, 0, 0, 0, 
429, 1, 430, 429, -1, 96, 255, 22.0, 15, Cpppapa, 6371, 0, 0, 0, , 0, 0, 0, 0, 0, 
430, 1, 431, 430, -1, 245, 316, 21.0, 15, Daapa, 4048, 0, 0, 0, , 0, 0, 0, 0, 0, 
431, 1, 432, 431, -1, 225, 322, 20.0, 15, Daapp, 4496, 0, 0, 0, , 0, 0, 0, 0, 0, 
432, 1, 433, 432, -1, 252, 304, 24.0, 17, Daaaa, 4481, 0, 0, 0, , 0, 0, 0, 0, 0, 
433, 1, 434, 433, -1, 233, 309, 28.0, 15, Daaap, 5281, 0, 0, 0, , 0, 0, 0, 0, 0, 
434, 1, 435, 434, -1, 204, 315, 29.0, 15, Dappa, 5571, 0, 0, 0, , 0, 0, 0, 0, 0, 
435, 1, 436, 435, -1, 166, 327, 31.0, 17, Dappp, 6622, 0, 0, 0, , 0, 0, 0, 0, 0, 
436, 1, 437, 436, -1, 182, 204, 20.0, 15, Dpapp, 4082, 0, 0, 0, , 0, 0, 0, 0, 0, 
437, 1, 438, 437, -1, 206, 199, 22.0, 15, Dpapa, 6709, 0, 0, 0, , 0, 0, 0, 0, 0, 
438, 1, 439, 438, -1, 207, 210, 29.0, 17, Dpaap, 4282, 0, 0, 0, , 0, 0, 0, 0, 0, 
439, 1, 440, 439, -1, 213, 197, 24.0, 15, Dpaaa, 2829, 0, 0, 0, , 0, 0, 0, 0, 0, 
440, 1, 441, 440, -1, 155, 230, 32.0, 19, Dpppp, 13400, 0, 0, 0, , 0, 0, 0, 0, 0, 
441, 1, 442, 441, -1, 180, 222, 31.0, 17, Dpppa, 5534, 0, 0, 0, , 0, 0, 0, 0, 0, 
442, 1, 443, 442, -1, 191, 205, 25.0, 15, Dppaa, 4770, 0, 0, 0, , 0, 0, 0, 0, 0, 
443, 1, 444, 443, -1, 166, 213, 26.0, 15, Dppap, 6102, 0, 0, 0, , 0, 0, 0, 0, 0, 
444, 1, 445, 444, -1, 154, 245, 16.0, 21, Z2, 13290, 0, 0, 0, , 0, 0, 0, 0, 0, 
445, 0, 446, -1, -1, 380, 244, 24.0, 15, , 7181, 0, 0, 0, , 0, 0, 0, 0, 0, 
446, 1, 447, 446, -1, 323, 294, 23.0, 13, ABalpppappa, 4393, 0, 0, 0, , 0, 0, 0, 0, 0, 
447, 1, 448, 447, -1, 314, 288, 26.0, 17, ABalpppappp, 3734, 0, 0, 0, , 0, 0, 0, 0, 0, 
448, 1, 449, 448, -1, 298, 281, 21.0, 13, ABalpppppaa, 3308, 0, 0, 0, , 0, 0, 0, 0, 0, 
449, 1, 450, 449, -1, 294, 291, 22.0, 15, ABalpppppap, 4992, 0, 0, 0, , 0, 0, 0, 0, 0, 
450, 1, 451, 450, -1, 276, 307, 26.0, 15, ABalppppppa, 4652, 0, 0, 0, , 0, 0, 0, 0, 0, 
451, 1, 452, 451, -1, 294, 315, 24.0, 14, ABalppppppp, 1876, 0, 0, 0, , 0, 0, 0, 0, 0, 
452, 1, 453, 612, -1, 344, 269, 25.0, 11, ABalppppapp, 3844, 0, 0, 0, , 0, 0, 0, 0, 0, 
453, 1, 454, 453, -1, 317, 280, 22.0, 13, ABalppppaav, 7079, 0, 0, 0, , 0, 0, 0, 0, 0, 
454, 1, 455, 454, -1, 343, 280, 16.0, 13, ABalpppaaaa, 4202, 0, 0, 0, , 0, 0, 0, 0, 0, 
455, 1, 456, 455, -1, 327, 283, 14.0, 11, ABalpppaaap, 4818, 0, 0, 0, , 0, 0, 0, 0, 0, 
456, 1, 457, 456, -1, 348, 278, 20.0, 13, ABalpppaapd, 3548, 0, 0, 0, , 0, 0, 0, 0, 0, 
457, 1, 458, 457, -1, 343, 283, 23.0, 15, ABalpppaapv, 4640, 0, 0, 0, , 0, 0, 0, 0, 0, 
458, 1, 459, 458, -1, 331, 291, 17.0, 14, ABalpppapad, 3159, 0, 0, 0, , 0, 0, 0, 0, 0, 
459, 1, 460, 459, -1, 320, 299, 16.0, 13, ABalpppapav, 4766, 0, 0, 0, , 0, 0, 0, 0, 0, 
460, 1, 461, 460, -1, 354, 259, 17.0, 15, ABalaaapalr, 5302, 0, 0, 0, , 0, 0, 0, 0, 0, 
461, 1, 462, 461, -1, 345, 261, 13.0, 13, ABalppaaaa, 5583, 0, 0, 0, , 0, 0, 0, 0, 0, 
462, 1, 463, 462, -1, 334, 270, 12.0, 13, ABalppaaapp, 3838, 0, 0, 0, , 0, 0, 0, 0, 0, 
463, 1, 464, 463, -1, 281, 298, 10.0, 15, ABalppaappp, 5758, 0, 0, 0, , 0, 0, 0, 0, 0, 
464, 1, 465, 464, -1, 312, 270, 9.0, 11, ABalppaapa, 4915, 0, 0, 0, , 0, 0, 0, 0, 0, 
465, 1, 466, 465, -1, 302, 279, 16.0, 15, ABplpaaaaap, 6804, 0, 0, 0, , 0, 0, 0, 0, 0, 
466, 1, 467, 466, -1, 299, 276, 12.0, 11, ABalppapppa, 3565, 0, 0, 0, , 0, 0, 0, 0, 0, 
467, 1, 468, 467, -1, 313, 265, 13.0, 13, ABalppappap, 3668, 0, 0, 0, , 0, 0, 0, 0, 0, 
468, 1, 469, 468, -1, 331, 259, 15.0, 15, ABalppappaa, 4450, 0, 0, 0, , 0, 0, 0, 0, 0, 
469, 1, 470, 469, -1, 295, 261, 10.0, 15, ABalppapapa, 4407, 0, 0, 0, , 0, 0, 0, 0, 0, 
470, 1, 471, 470, -1, 277, 282, 10.0, 15, ABalppapapp, 5751, 0, 0, 0, , 0, 0, 0, 0, 0, 
471, 1, 472, 471, -1, 322, 257, 11.0, 13, ABalppapaaa, 4520, 0, 0, 0, , 0, 0, 0, 0, 0, 
472, 1, 473, 472, -1, 308, 256, 10.0, 11, ABalppapaap, 4235, 0, 0, 0, , 0, 0, 0, 0, 0, 
473, 1, 474, 473, -1, 241, 295, 11.0, 15, ABalpapapap, 7381, 0, 0, 0, , 0, 0, 0, 0, 0, 
474, 1, 475, 474, -1, 252, 280, 10.0, 15, ABalpapapaa, 7898, 0, 0, 0, , 0, 0, 0, 0, 0, 
475, 1, 476, 475, -1, 216, 309, 10.0, 15, ABalpapappa, 6041, 0, 0, 0, , 0, 0, 0, 0, 0, 
476, 1, 477, 476, -1, 224, 309, 14.0, 13, ABalpapappp, 5558, 0, 0, 0, , 0, 0, 0, 0, 0, 
477, 1, 478, 477, -1, 268, 243, 9.0, 15, ABalpapaapp, 7537, 0, 0, 0, , 0, 0, 0, 0, 0, 
478, 1, 479, 478, -1, 287, 237, 9.0, 15, ABalpapaapa, 6184, 0, 0, 0, , 0, 0, 0, 0, 0, 
479, 1, 480, 479, -1, 299, 248, 10.0, 13, ABalpapaaaa, 5722, 0, 0, 0, , 0, 0, 0, 0, 0, 
480, 1, 481, 480, -1, 277, 261, 10.0, 14, ABalpapaaap, 3875, 0, 0, 0, , 0, 0, 0, 0, 0, 
481, 1, 482, 481, -1, 294, 243, 14.0, 13, ABalpaaaaap, 5189, 0, 0, 0, , 0, 0, 0, 0, 0, 
482, 1, 483, 482, -1, 282, 237, 17.0, 13, ABalpappaaa, 6618, 0, 0, 0, , 0, 0, 0, 0, 0, 
483, 1, 484, 483, -1, 232, 262, 14.0, 13, ABalpappapp, 1637, 0, 0, 0, , 0, 0, 0, 0, 0, 
484, 1, 485, 484, -1, 279, 266, 17.0, 13, ABalpapppaa, 7565, 0, 0, 0, , 0, 0, 0, 0, 0, 
485, 1, 486, 485, -1, 261, 255, 19.0, 15, ABalpapppap, 7677, 0, 0, 0, , 0, 0, 0, 0, 0, 
486, 1, 487, 486, -1, 305, 248, 17.0, 13, ABalpaaapaa, 4958, 0, 0, 0, , 0, 0, 0, 0, 0, 
487, 1, 488, 487, -1, 297, 257, 21.0, 13, ABalpaaapap, 4164, 0, 0, 0, , 0, 0, 0, 0, 0, 
488, 1, 489, 488, -1, 285, 247, 13.0, 13, ABalpaaaapp, 4912, 0, 0, 0, , 0, 0, 0, 0, 0, 
489, 1, 490, 489, -1, 305, 235, 12.0, 13, ABalpaaaapa, 5900, 0, 0, 0, , 0, 0, 0, 0, 0, 
490, 1, 491, 490, -1, 288, 252, 16.0, 15, ABalpappaap, 8464, 0, 0, 0, , 0, 0, 0, 0, 0, 
491, 1, 492, 491, -1, 309, 234, 14.0, 13, ABalpaaaaaa, 6934, 0, 0, 0, , 0, 0, 0, 0, 0, 
492, 1, 493, 492, -1, 336, 223, 14.0, 13, ABalpaapppa, 4935, 0, 0, 0, , 0, 0, 0, 0, 0, 
493, 1, 494, 493, -1, 327, 242, 12.0, 13, ABalpaapppp, 4690, 0, 0, 0, , 0, 0, 0, 0, 0, 
494, 1, 495, 494, -1, 325, 224, 14.0, 13, ABalpaappaa, 4443, 0, 0, 0, , 0, 0, 0, 0, 0, 
495, 1, 496, 495, -1, 316, 229, 11.0, 13, ABalpaappap, 3454, 0, 0, 0, , 0, 0, 0, 0, 0, 
496, 1, 497, 496, -1, 300, 241, 21.0, 17, ABalpaapapa, 4125, 0, 0, 0, , 0, 0, 0, 0, 0, 
497, 1, 498, 497, -1, 318, 242, 21.0, 13, ABalpaapaap, 3910, 0, 0, 0, , 0, 0, 0, 0, 0, 
498, 1, 499, 498, -1, 318, 229, 19.0, 13, ABalpaapaaa, 6192, 0, 0, 0, , 0, 0, 0, 0, 0, 
499, 1, 500, 499, -1, 165, 267, 28.0, 19, Epraa, 15662, 0, 0, 0, , 0, 0, 0, 0, 0, 
500, 0, 501, -1, -1, 158, 287, 29.0, 14, , 5254, 0, 0, 0, , 0, 0, 0, 0, 0, 
501, 1, 502, 501, -1, 204, 254, 26.0, 17, Earaa, 5554, 0, 0, 0, , 0, 0, 0, 0, 0, 
502, 1, 503, 502, -1, 148, 265, 26.0, 21, Earpp, 32867, 0, 0, 0, , 0, 0, 0, 0, 0, 
503, 1, 504, 503, -1, 179, 284, 23.0, 23, Ealap, 25414, 0, 0, 0, , 0, 0, 0, 0, 0, 
504, 1, 505, 504, -1, 207, 275, 26.0, 23, Ealaa, 793, 0, 0, 0, , 0, 0, 0, 0, 0, 
505, 1, 506, 505, -1, 161, 291, 27.0, 21, Eplaa, 11051, 0, 0, 0, , 0, 0, 0, 0, 0, 
506, 1, 507, 506, -1, 132, 300, 25.0, 21, Eplap, 48636, 0, 0, 0, , 0, 0, 0, 0, 0, 
507, 1, 508, 507, -1, 123, 274, 19.0, 27, Eprpp, 9426, 0, 0, 0, , 0, 0, 0, 0, 0, 
508, 1, 509, 508, -1, 190, 333, 28.0, 15, Dapap, 6404, 0, 0, 0, , 0, 0, 0, 0, 0, 
509, 1, 510, 509, -1, 218, 325, 24.0, 17, Dapaa, 6713, 0, 0, 0, , 0, 0, 0, 0, 0, 
510, 1, 511, 510, -1, 227, 282, 24.0, 15, MSaapaapp, 4454, 0, 0, 0, , 0, 0, 0, 0, 0, 
511, 1, 512, 511, -1, 236, 267, 23.0, 15, MSaapaapa, 3814, 0, 0, 0, , 0, 0, 0, 0, 0, 
512, 1, 513, 512, -1, 167, 205, 32.0, 15, ABarpppapp, 6214, 0, 0, 0, , 0, 0, 0, 0, 0, 
513, 1, 514, 513, -1, 237, 311, 16.0, 13, ABplppaapap, 4347, 0, 0, 0, , 0, 0, 0, 0, 0, 
514, 1, 515, 514, -1, 242, 306, 14.0, 13, ABplppaapaa, 5054, 0, 0, 0, , 0, 0, 0, 0, 0, 
515, 1, 516, 515, -1, 78, 312, 27.0, 19, Cpapap, 22882, 0, 0, 0, , 0, 0, 0, 0, 0, 
516, 1, 517, 516, -1, 342, 249, 16.0, 13, ABalaaaalar, 3237, 0, 0, 0, , 0, 0, 0, 0, 0, 
517, 1, 518, 517, -1, 339, 233, 17.0, 13, ABalaaaalal, 4658, 0, 0, 0, , 0, 0, 0, 0, 0, 
518, 1, 519, 518, -1, 282, 174, 33.0, 13, ABarpappaa, 5302, 0, 0, 0, , 0, 0, 0, 0, 0, 
519, 1, 520, 519, -1, 100, 262, 29.0, 15, Cppppaa, 5348, 0, 0, 0, , 0, 0, 0, 0, 0, 
520, 1, 521, 520, -1, 82, 278, 25.0, 17, Cppppap, 5649, 0, 0, 0, , 0, 0, 0, 0, 0, 
521, 1, 522, 521, -1, 97, 285, 15.0, 17, Cpppppv, 4448, 0, 0, 0, , 0, 0, 0, 0, 0, 
522, 1, 523, 522, -1, 185, 259, 19.0, 19, Earpa, 18441, 0, 0, 0, , 0, 0, 0, 0, 0, 
523, 1, 524, 523, -1, 279, 201, 31.0, 15, MSppappp, 5423, 0, 0, 0, , 0, 0, 0, 0, 0, 
524, 0, 525, -1, -1, 138, 279, 26.0, 15, , 1446, 0, 0, 0, , 0, 0, 0, 0, 0, 
525, 1, 526, 525, -1, 242, 244, 35.0, 19, ABarpaappa, 6902, 0, 0, 0, , 0, 0, 0, 0, 0, 
526, 1, 527, 526, -1, 235, 311, 34.0, 19, ABarppaapa, 7871, 0, 0, 0, , 0, 0, 0, 0, 0, 
527, 0, 528, -1, -1, 127, 304, 18.0, 15, , 1227, 0, 0, 0, , 0, 0, 0, 0, 0, 
528, 1, 528, 528, -1, 123, 298, 17.0, 27, Eplpp, 3141, 0, 0, 0, , 0, 0, 0, 0, 0, 
529, 1, 529, 529, -1, 200, 273, 17.0, 13, MSaappap, 4449, 0, 0, 0, , 0, 0, 0, 0, 0, 
530, 1, 530, 530, -1, 175, 294, 16.0, 21, Z3, 7572, 0, 0, 0, , 0, 0, 0, 0, 0, 
531, 1, 531, 531, -1, 261, 182, 10.0, 11, ABalaapappa, 3612, 0, 0, 0, , 0, 0, 0, 0, 0, 
532, 0, 532, -1, -1, 228, 260, 15.0, 17, , 4346, 0, 0, 0, , 0, 0, 0, 0, 0, 
533, 0, 533, -1, -1, 169, 272, 28.0, 15, , 7948, 0, 0, 0, , 0, 0, 0, 0, 0, 
534, 1, 534, 533, -1, 257, 316, 16.0, 15, ABplppaaaap, 4145, 0, 0, 0, , 0, 0, 0, 0, 0, 
535, 1, 535, 534, -1, 123, 297, 9.0, 15, ABplpppapap, 2143, 0, 0, 0, , 0, 0, 0, 0, 0, 
536, 1, 536, 535, -1, 224, 327, 16.0, 15, ABplppapaaa, 4827, 0, 0, 0, , 0, 0, 0, 0, 0, 
537, 1, 537, 536, -1, 341, 244, 19.0, 13, ABalaaapall, 4409, 0, 0, 0, , 0, 0, 0, 0, 0, 
538, 1, 538, 537, -1, 134, 282, 28.0, 21, Eprap, 7019, 0, 0, 0, , 0, 0, 0, 0, 0, 
539, 1, 539, 538, -1, 267, 188, 16.0, 13, ABprpaaaaaa, 8993, 0, 0, 0, , 0, 0, 0, 0, 0, 
540, 1, 540, 539, -1, 142, 254, 14.0, 15, MSpappap, 4868, 0, 0, 0, , 0, 0, 0, 0, 0, 
541, 1, 541, 540, -1, 221, 241, 26.0, 13, MSpaapapp, 3798, 0, 0, 0, , 0, 0, 0, 0, 0, 
542, 0, 542, -1, -1, 204, 255, 28.0, 21, , 43436, 0, 0, 0, , 0, 0, 0, 0, 0, 
543, 1, 543, 542, -1, 79, 289, 20.0, 13, Cpppppd, 6870, 0, 0, 0, , 0, 0, 0, 0, 0, 
544, 1, 544, 543, -1, 265, 297, 30.0, 11, ABplapaaaaa, 4129, 0, 0, 0, , 0, 0, 0, 0, 0, 
545, 1, 545, 544, -1, 130, 301, 21.0, 21, Eplpa, 31872, 0, 0, 0, , 0, 0, 0, 0, 0, 
546, 0, 546, -1, -1, 230, 276, 12.0, 13, , 3431, 0, 0, 0, , 0, 0, 0, 0, 0, 
547, 1, 547, 546, -1, 259, 308, 31.0, 15, ABplapaaaap, 5159, 0, 0, 0, , 0, 0, 0, 0, 0, 
548, 1, 548, 547, -1, 352, 267, 15.0, 15, ABalppaaapa, 2952, 0, 0, 0, , 0, 0, 0, 0, 0, 
549, 1, 549, 548, -1, 255, 258, 15.0, 17, ABalpappppp, 7207, 0, 0, 0, , 0, 0, 0, 0, 0, 
550, 0, 550, -1, -1, 158, 245, 18.0, 19, , 8647, 0, 0, 0, , 0, 0, 0, 0, 0, 
551, 1, 551, 550, -1, 351, 207, 22.0, 17, ABalaaaparr, 4238, 0, 0, 0, , 0, 0, 0, 0, 0, 
552, 1, 552, 551, -1, 348, 230, 21.0, 15, ABalaaaparl, 5346, 0, 0, 0, , 0, 0, 0, 0, 0, 
553, 1, 553, 552, -1, 264, 261, 21.0, 13, ABalpaaappp, 3571, 0, 0, 0, , 0, 0, 0, 0, 0, 
554, 1, 554, 553, -1, 282, 259, 20.0, 13, ABalpaaappa, 5729, 0, 0, 0, , 0, 0, 0, 0, 0, 
555, 0, 555, -1, -1, 197, 286, 22.0, 15, , 2432, 0, 0, 0, , 0, 0, 0, 0, 0, 
556, 1, 556, 555, -1, 210, 249, 11.0, 17, ABprpappapa, 4746, 0, 0, 0, , 0, 0, 0, 0, 0, 
557, 0, 557, -1, -1, 176, 290, 14.0, 14, , 9279, 0, 0, 0, , 0, 0, 0, 0, 0, 
558, 1, 558, 557, -1, 136, 334, 30.0, 15, Cappaap, 5105, 0, 0, 0, , 0, 0, 0, 0, 0, 
559, 1, 559, 558, -1, 269, 250, 14.0, 13, ABalpappppa, 5521, 0, 0, 0, , 0, 0, 0, 0, 0, 
560, 1, 560, 559, -1, 250, 233, 13.0, 13, ABarapapppa, 1945, 0, 0, 0, , 0, 0, 0, 0, 0, 
561, 0, 561, -1, -1, 183, 259, 25.0, 13, , 2116, 0, 0, 0, , 0, 0, 0, 0, 0, 
562, 1, 562, 561, -1, 307, 204, 31.0, 15, ABalapppapp, 1419, 0, 0, 0, , 0, 0, 0, 0, 0, 
563, 1, 563, 562, -1, 224, 243, 23.0, 15, MSpapaapa, 7284, 0, 0, 0, , 0, 0, 0, 0, 0, 
564, 1, 564, 563, -1, 279, 166, 28.0, 15, ABpraapaapp, 5022, 0, 0, 0, , 0, 0, 0, 0, 0, 
565, 1, 565, 564, -1, 308, 181, 28.0, 11, ABalapppppa, 1374, 0, 0, 0, , 0, 0, 0, 0, 0, 
566, 1, 567, 565, -1, 300, 217, 12.0, 15, ABarapaaaaa, 7295, 0, 0, 0, , 0, 0, 0, 0, 0, 
567, 0, 568, -1, -1, 95, 320, 18.0, 15, , 7335, 0, 0, 0, , 0, 0, 0, 0, 0, 
568, 1, 569, 567, -1, 286, 273, 12.0, 13, ABalppapppp, 4444, 0, 0, 0, , 0, 0, 0, 0, 0, 
569, 1, 570, 568, -1, 344, 187, 23.0, 13, ABalaaappll, 3666, 0, 0, 0, , 0, 0, 0, 0, 0, 
570, 0, 571, -1, -1, 177, 282, 24.0, 17, , 12289, 0, 0, 0, , 0, 0, 0, 0, 0, 
571, 1, 572, 570, -1, 105, 248, 26.0, 15, Cppapap, 4628, 0, 0, 0, , 0, 0, 0, 0, 0, 
572, 1, 574, 571, -1, 123, 275, 22.0, 17, Eprpa, 5732, 0, 0, 0, , 0, 0, 0, 0, 0, 
573, 0, 576, -1, -1, 221, 177, 32.0, 15, , 4672, 0, 0, 0, , 0, 0, 0, 0, 0, 
574, 1, 577, 572, -1, 249, 223, 19.0, 15, ABarapaappp, 7880, 0, 0, 0, , 0, 0, 0, 0, 0, 
575, 1, 578, 573, -1, 310, 272, 21.0, 11, ABalppppaad, 4396, 0, 0, 0, , 0, 0, 0, 0, 0, 
576, 0, 579, -1, -1, 263, 267, 27.0, 15, , 2384, 0, 0, 0, , 0, 0, 0, 0, 0, 
577, 0, 580, -1, -1, 275, 320, 17.0, 13, , 4075, 0, 0, 0, , 0, 0, 0, 0, 0, 
578, 1, 581, 576, -1, 312, 283, 11.0, 15, ABalppaappa, 3058, 0, 0, 0, , 0, 0, 0, 0, 0, 
579, 0, 582, -1, -1, 288, 254, 25.0, 17, , 10299, 0, 0, 0, , 0, 0, 0, 0, 0, 
580, 0, 583, -1, -1, 160, 342, 21.0, 15, , 3467, 0, 0, 0, , 0, 0, 0, 0, 0, 
581, 1, 584, 579, -1, 135, 327, 12.0, 19, ABplpppaapa, 4910, 0, 0, 0, , 0, 0, 0, 0, 0, 
582, 1, 70, 580, -1, 317, 235, 35.0, 11, ABarpaaaapp, 3527, 0, 0, 0, , 0, 0, 0, 0, 0, 
583, 0, 586, -1, -1, 351, 206, 27.0, 9, , 1016, 0, 0, 0, , 0, 0, 0, 0, 0, 
584, 0, 587, -1, -1, 207, 275, 25.0, 21, , 28781, 0, 0, 0, , 0, 0, 0, 0, 0, 
585, 0, 588, -1, -1, 116, 297, 18.0, 17, , 4550, 0, 0, 0, , 0, 0, 0, 0, 0, 
586, 1, 589, 584, -1, 192, 173, 20.0, 13, ABpraapppa, 3457, 0, 0, 0, , 0, 0, 0, 0, 0, 
587, 0, 590, -1, -1, 117, 276, 20.0, 13, , 1251, 0, 0, 0, , 0, 0, 0, 0, 0, 
588, 1, 598, 586, -1, 223, 229, 16.0, 17, MSpapaaaa, 5708, 0, 0, 0, , 0, 0, 0, 0, 0, 
589, 0, -1, -1, -1, 198, 196, 11.0, 13, , 2096, 0, 0, 0, , 0, 0, 0, 0, 0, 
590, 0, -1, -1, -1, 312, 271, 11.0, 11, , 1145, 0, 0, 0, , 0, 0, 0, 0, 0, 
591, 1, 592, 592, -1, 202, 220, 35.727272, 19, ABarpppapa, 1967, 0, 0, 0, , 0, 0, 0, 0, 0, 
592, 1, 593, 593, -1, 179, 307, 34.0, 21, Cpaaap, 0, 0, 0, 0, , 0, 0, 0, 0, 0, 
593, 1, 594, 594, -1, 106, 314, 32.0, 15, Cpaapp, 0, 0, 0, 0, , 0, 0, 0, 0, 0, 
594, 1, 595, 598, -1, 137, 303, 33.0, 15, Cpaapa, 0, 0, 0, 0, , 0, 0, 0, 0, 0, 
595, 1, 596, 595, -1, 209, 294, 33.0, 15, Cpaaaa, 0, 0, 0, 0, , 0, 0, 0, 0, 0, 
596, 1, 597, 596, -1, 107, 274, 33.166668, 15, Caaapa, 0, 0, 0, 0, , 0, 0, 0, 0, 0, 
597, 1, 599, 156, -1, 212, 267, 14.75, 14, MSaappaa, 1164, 0, 0, 0, , 0, 0, 0, 0, 0, 
598, 1, 600, 599, -1, 139, 259, 33.0, 15, Caaaap, 0, 0, 0, 0, , 0, 0, 0, 0, 0, 
599, 1, 601, 600, -1, 202, 316, 33.0, 17, Caaaaa, 0, 0, 0, 0, , 0, 0, 0, 0, 0, 
600, 1, 602, 601, -1, 90, 301, 12.5, 13, Caapap, 0, 0, 0, 0, , 0, 0, 0, 0, 0, 
601, 1, 603, 603, -1, 274, 247, 11.0, 17, ABalpappapa, 8358, 0, 0, 0, , 0, 0, 0, 0, 0, 
602, 1, 120, 604, -1, 288, 186, 17.076923, 13, ABalaapppap, 2552, 0, 0, 0, , 0, 0, 0, 0, 0, 
603, 1, 573, 605, -1, 279, 176, 10.833333, 15, ABalaappapp, 2677, 0, 0, 0, , 0, 0, 0, 0, 0, 
604, 1, 275, 589, -1, 203, 184, 18.5, 11, ABprppaaap, 4051, 0, 0, 0, , 0, 0, 0, 0, 0, 
605, 1, 604, 609, -1, 263, 270, 27.0, 13, MSaaapapa, 0, 0, 0, 0, , 0, 0, 0, 0, 0, 
606, 1, 605, 610, -1, 283, 257, 23.0, 15, ABalpaapapp, 4028, 0, 0, 0, , 0, 0, 0, 0, 0, 
607, 1, 606, 611, -1, 340, 257, 20.0, 15, ABalapaappa, 0, 0, 0, 0, , 0, 0, 0, 0, 0, 
608, 1, 608, 129, -1, 336, 222, 28.0, 13, ABalappaap, 3432, 0, 0, 0, , 0, 0, 0, 0, 0, 
609, 1, 607, 613, -1, 329, 233, 28.0, 15, ABalapapapa, 0, 0, 0, 0, , 0, 0, 0, 0, 0, 
610, 1, 609, 614, -1, 297, 245, 28.0, 13, MSaaapaaa, 0, 0, 0, 0, , 0, 0, 0, 0, 0, 
611, 0, 608, -1, -1, 340, 204, 25.0, 15, , 0, 0, 0, 0, , 0, 0, 0, 0, 0, 
612, 0, 610, -1, -1, 242, 187, 10.977528, 13, , 0, 0, 0, 0, , 0, 0, 0, 0, 0, 
613, 1, 611, 617, -1, 235, 179, 11.0, 13, ABalaapappp, 0, 0, 0, 0, , 0, 0, 0, 0, 0, 
