1, 1, 1, 1, -1, 303, 210, 22.0, 15, ABaraappaaa, 5849, 0, 0, 0, , 0, 0, 0, 0, 0, 
2, 1, 2, 2, -1, 294, 214, 23.0, 13, ABaraappaap, 5710, 0, 0, 0, , 0, 0, 0, 0, 0, 
3, 1, 3, 3, -1, 262, 214, 25.0, 17, ABaraappapp, 9798, 0, 0, 0, , 0, 0, 0, 0, 0, 
4, 1, 4, 4, -1, 283, 211, 24.0, 15, ABaraappapa, 6606, 0, 0, 0, , 0, 0, 0, 0, 0, 
5, 1, 5, 5, -1, 237, 233, 26.0, 17, MSpaapapa, 4996, 0, 0, 0, , 0, 0, 0, 0, 0, 
6, 1, 6, 6, -1, 247, 221, 23.0, 15, ABaraapppaa, 6117, 0, 0, 0, , 0, 0, 0, 0, 0, 
7, 1, 7, 7, -1, 233, 238, 20.0, 13, ABaraappppp, 5352, 0, 0, 0, , 0, 0, 0, 0, 0, 
8, 1, 8, 8, -1, 251, 274, 20.0, 15, ABaraapappa, 7969, 0, 0, 0, , 0, 0, 0, 0, 0, 
9, 1, 9, 9, -1, 242, 254, 21.0, 13, ABaraapappp, 8206, 0, 0, 0, , 0, 0, 0, 0, 0, 
10, 1, 10, 10, -1, 251, 270, 25.0, 17, ABaraapapap, 7893, 0, 0, 0, , 0, 0, 0, 0, 0, 
11, 1, 11, 11, -1, 264, 271, 24.0, 19, ABaraapapaa, 9814, 0, 0, 0, , 0, 0, 0, 0, 0, 
12, 1, 12, 12, -1, 311, 223, 23.0, 13, ABaraapaaaa, 7177, 0, 0, 0, , 0, 0, 0, 0, 0, 
13, 1, 13, 13, -1, 305, 231, 24.0, 15, ABaraapaaap, 8254, 0, 0, 0, , 0, 0, 0, 0, 0, 
14, 1, 14, 14, -1, 287, 257, 26.0, 15, ABaraapaapp, 5507, 0, 0, 0, , 0, 0, 0, 0, 0, 
15, 1, 15, 15, -1, 298, 241, 23.0, 15, ABaraapaapa, 8555, 0, 0, 0, , 0, 0, 0, 0, 0, 
16, 1, 16, 16, -1, 305, 211, 10.0, 15, ABaraaappap, 4434, 0, 0, 0, , 0, 0, 0, 0, 0, 
17, 1, 17, 17, -1, 319, 210, 12.0, 11, ABaraaappaa, 3754, 0, 0, 0, , 0, 0, 0, 0, 0, 
18, 1, 18, 18, -1, 317, 201, 14.0, 15, ABaraaapppa, 4366, 0, 0, 0, , 0, 0, 0, 0, 0, 
19, 1, 19, 19, -1, 282, 209, 9.0, 15, ABaraaapppp, 2908, 0, 0, 0, , 0, 0, 0, 0, 0, 
20, 1, 20, 20, -1, 299, 214, 18.0, 13, ABaraaapaaa, 5364, 0, 0, 0, , 0, 0, 0, 0, 0, 
21, 1, 21, 21, -1, 277, 212, 22.0, 15, ABaraaapapa, 4743, 0, 0, 0, , 0, 0, 0, 0, 0, 
22, 1, 22, 22, -1, 291, 206, 20.0, 13, ABaraaapaap, 4395, 0, 0, 0, , 0, 0, 0, 0, 0, 
23, 1, 23, 23, -1, 261, 219, 22.0, 17, ABaraaapapp, 4573, 0, 0, 0, , 0, 0, 0, 0, 0, 
24, 1, 24, 24, -1, 292, 232, 17.0, 11, ABaraaaaaap, 3105, 0, 0, 0, , 0, 0, 0, 0, 0, 
25, 1, 25, 25, -1, 288, 216, 16.0, 11, ABaraaaaapp, 2505, 0, 0, 0, , 0, 0, 0, 0, 0, 
26, 1, 26, 26, -1, 306, 213, 15.0, 13, ABaraaaaapa, 5153, 0, 0, 0, , 0, 0, 0, 0, 0, 
27, 1, 27, 27, -1, 286, 235, 26.0, 15, ABaraaaapp, 5364, 0, 0, 0, , 0, 0, 0, 0, 0, 
28, 1, 28, 28, -1, 312, 216, 19.0, 11, ABaraaaapap, 3321, 0, 0, 0, , 0, 0, 0, 0, 0, 
29, 1, 29, 29, -1, 328, 211, 17.0, 13, ABaraaaapaa, 3301, 0, 0, 0, , 0, 0, 0, 0, 0, 
30, 1, 30, 30, -1, 223, 255, 14.0, 17, ABarapapapp, 11788, 0, 0, 0, , 0, 0, 0, 0, 0, 
31, 1, 31, 31, -1, 252, 243, 11.0, 15, ABarapapapa, 7837, 0, 0, 0, , 0, 0, 0, 0, 0, 
32, 1, 32, 32, -1, 262, 224, 16.0, 15, ABarapapaap, 7675, 0, 0, 0, , 0, 0, 0, 0, 0, 
33, 1, 33, 33, -1, 252, 237, 14.0, 11, ABarapapaaa, 8285, 0, 0, 0, , 0, 0, 0, 0, 0, 
34, 1, 34, 34, -1, 237, 232, 16.0, 19, ABarapapppp, 5136, 0, 0, 0, , 0, 0, 0, 0, 0, 
35, 1, 35, 35, -1, 251, 211, 17.0, 15, ABarapappaa, 7086, 0, 0, 0, , 0, 0, 0, 0, 0, 
36, 1, 36, 36, -1, 239, 229, 17.0, 13, ABarapappap, 6990, 0, 0, 0, , 0, 0, 0, 0, 0, 
37, 1, 37, 37, -1, 270, 228, 12.0, 13, ABarapaaapp, 6170, 0, 0, 0, , 0, 0, 0, 0, 0, 
38, 1, 38, 38, -1, 289, 220, 11.0, 13, ABarapaaapa, 6749, 0, 0, 0, , 0, 0, 0, 0, 0, 
39, 1, 39, 39, -1, 281, 227, 14.0, 13, ABarapaaaap, 7581, 0, 0, 0, , 0, 0, 0, 0, 0, 
40, 1, 40, 40, -1, 274, 217, 15.0, 13, ABarapaapap, 5664, 0, 0, 0, , 0, 0, 0, 0, 0, 
41, 1, 41, 41, -1, 274, 207, 18.0, 13, ABarapaapaa, 7432, 0, 0, 0, , 0, 0, 0, 0, 0, 
42, 1, 42, 42, -1, 260, 208, 20.0, 17, ABarapaappa, 7627, 0, 0, 0, , 0, 0, 0, 0, 0, 
43, 1, 43, 43, -1, 255, 207, 11.0, 13, ABarapppapa, 5280, 0, 0, 0, , 0, 0, 0, 0, 0, 
44, 1, 44, 44, -1, 235, 216, 9.0, 13, ABarapppapp, 4532, 0, 0, 0, , 0, 0, 0, 0, 0, 
45, 1, 45, 45, -1, 292, 196, 12.0, 13, ABarapppaaa, 6035, 0, 0, 0, , 0, 0, 0, 0, 0, 
46, 1, 46, 46, -1, 280, 195, 9.0, 13, ABarapppaap, 5646, 0, 0, 0, , 0, 0, 0, 0, 0, 
47, 1, 47, 47, -1, 272, 191, 13.0, 13, ABarappppap, 5748, 0, 0, 0, , 0, 0, 0, 0, 0, 
48, 1, 48, 48, -1, 287, 190, 15.0, 13, ABarappppaa, 5356, 0, 0, 0, , 0, 0, 0, 0, 0, 
49, 1, 49, 49, -1, 253, 194, 12.0, 13, ABarapppppa, 4904, 0, 0, 0, , 0, 0, 0, 0, 0, 
50, 1, 50, 50, -1, 244, 202, 12.0, 13, ABarapppppp, 5777, 0, 0, 0, , 0, 0, 0, 0, 0, 
51, 1, 51, 51, -1, 243, 221, 12.0, 13, ABarappaaap, 6161, 0, 0, 0, , 0, 0, 0, 0, 0, 
52, 1, 52, 52, -1, 270, 212, 11.0, 13, ABarappaaaa, 6236, 0, 0, 0, , 0, 0, 0, 0, 0, 
53, 1, 53, 53, -1, 258, 228, 10.0, 15, ABarappaapa, 4304, 0, 0, 0, , 0, 0, 0, 0, 0, 
54, 1, 54, 54, -1, 241, 234, 10.0, 13, ABarappaapp, 6519, 0, 0, 0, , 0, 0, 0, 0, 0, 
55, 1, 55, 55, -1, 213, 228, 11.0, 15, ABarappapap, 4443, 0, 0, 0, , 0, 0, 0, 0, 0, 
56, 1, 56, 56, -1, 222, 219, 10.0, 15, ABarappapaa, 5513, 0, 0, 0, , 0, 0, 0, 0, 0, 
57, 1, 57, 57, -1, 184, 222, 12.0, 14, ABarappappp, 4917, 0, 0, 0, , 0, 0, 0, 0, 0, 
58, 1, 58, 58, -1, 182, 237, 12.0, 13, ABarappappa, 6573, 0, 0, 0, , 0, 0, 0, 0, 0, 
59, 1, 59, 59, -1, 250, 165, 31.0, 17, ABarpapppa, 7413, 0, 0, 0, , 0, 0, 0, 0, 0, 
60, 1, 60, 60, -1, 228, 171, 31.0, 15, ABarpapppp, 3457, 0, 0, 0, , 0, 0, 0, 0, 0, 
61, 1, 61, 61, -1, 273, 166, 31.0, 15, ABarpappap, 12180, 0, 0, 0, , 0, 0, 0, 0, 0, 
62, 1, 62, 62, -1, 304, 188, 31.0, 13, ABarpapaaap, 3868, 0, 0, 0, , 0, 0, 0, 0, 0, 
63, 0, 63, -1, -1, 277, 191, 27.0, 13, , 4141, 0, 0, 0, , 0, 0, 0, 0, 0, 
64, 1, 64, 64, -1, 300, 196, 28.0, 13, ABarpapaapp, 3262, 0, 0, 0, , 0, 0, 0, 0, 0, 
65, 1, 65, 65, -1, 270, 223, 35.0, 19, ABarpapapp, 6045, 0, 0, 0, , 0, 0, 0, 0, 0, 
66, 1, 66, 66, -1, 316, 214, 34.0, 15, ABarpapapa, 6879, 0, 0, 0, , 0, 0, 0, 0, 0, 
67, 1, 67, 67, -1, 243, 266, 35.0, 17, ABarpaappp, 4022, 0, 0, 0, , 0, 0, 0, 0, 0, 
68, 1, 68, 68, -1, 284, 208, 35.0, 15, ABarpaapaa, 5465, 0, 0, 0, , 0, 0, 0, 0, 0, 
69, 1, 69, 69, -1, 336, 219, 31.0, 13, ABarpaaaaar, 4549, 0, 0, 0, , 0, 0, 0, 0, 0, 
70, 1, 70, 70, -1, 335, 218, 34.0, 13, ABarpaaaapa, 3553, 0, 0, 0, , 0, 0, 0, 0, 0, 
71, 1, 71, 71, -1, 299, 214, 35.0, 13, ABarpaaapp, 3806, 0, 0, 0, , 0, 0, 0, 0, 0, 
72, 1, 72, 72, -1, 330, 201, 33.0, 13, ABarpaaapaa, 4566, 0, 0, 0, , 0, 0, 0, 0, 0, 
73, 1, 73, 73, -1, 310, 187, 35.0, 15, ABarpaaapap, 4617, 0, 0, 0, , 0, 0, 0, 0, 0, 
74, 1, 74, 74, -1, 260, 334, 28.0, 15, ABarppaaap, 5240, 0, 0, 0, , 0, 0, 0, 0, 0, 
75, 1, 75, 75, -1, 221, 335, 28.0, 13, ABarppaapp, 5513, 0, 0, 0, , 0, 0, 0, 0, 0, 
76, 1, 76, 76, -1, 152, 354, 30.0, 15, ABarppappa, 8390, 0, 0, 0, , 0, 0, 0, 0, 0, 
77, 1, 77, 77, -1, 112, 361, 21.0, 17, ABarppappp, 6404, 0, 0, 0, , 0, 0, 0, 0, 0, 
78, 1, 78, 78, -1, 208, 351, 28.0, 17, ABarppapap, 6033, 0, 0, 0, , 0, 0, 0, 0, 0, 
79, 1, 79, 79, -1, 235, 337, 29.0, 15, ABarppapaa, 6672, 0, 0, 0, , 0, 0, 0, 0, 0, 
80, 1, 80, 80, -1, 74, 249, 22.0, 13, ABarpppppp, 874, 0, 0, 0, , 0, 0, 0, 0, 0, 
81, 1, 81, 81, -1, 106, 224, 27.0, 17, ABarpppppa, 7205, 0, 0, 0, , 0, 0, 0, 0, 0, 
82, 1, 82, 82, -1, 178, 187, 30.0, 13, ABarppppaa, 4817, 0, 0, 0, , 0, 0, 0, 0, 0, 
83, 1, 83, 83, -1, 151, 201, 31.0, 15, ABarppppap, 4830, 0, 0, 0, , 0, 0, 0, 0, 0, 
84, 1, 84, 84, -1, 207, 180, 33.0, 14, ABarpppaap, 3134, 0, 0, 0, , 0, 0, 0, 0, 0, 
85, 1, 85, 85, -1, 227, 202, 34.0, 13, ABarpppaaa, 4576, 0, 0, 0, , 0, 0, 0, 0, 0, 
86, 1, 86, 86, -1, 327, 191, 23.0, 17, ABalappppaa, 5675, 0, 0, 0, , 0, 0, 0, 0, 0, 
87, 1, 87, 87, -1, 323, 182, 26.0, 15, ABalappppap, 1338, 0, 0, 0, , 0, 0, 0, 0, 0, 
88, 1, 88, 88, -1, 335, 212, 22.0, 11, ABalapppaaa, 1586, 0, 0, 0, , 0, 0, 0, 0, 0, 
89, 1, 89, 89, -1, 322, 203, 26.0, 11, ABalapppaap, 2674, 0, 0, 0, , 0, 0, 0, 0, 0, 
90, 1, 90, 90, -1, 318, 208, 29.0, 13, ABalapppapa, 2854, 0, 0, 0, , 0, 0, 0, 0, 0, 
91, 1, 91, 91, -1, 296, 183, 26.0, 11, ABalappapap, 1933, 0, 0, 0, , 0, 0, 0, 0, 0, 
92, 1, 92, 92, -1, 311, 188, 24.0, 13, ABalappapaa, 3111, 0, 0, 0, , 0, 0, 0, 0, 0, 
93, 1, 93, 93, -1, 337, 201, 26.0, 11, ABalappaaa, 2999, 0, 0, 0, , 0, 0, 0, 0, 0, 
94, 1, 94, 94, -1, 319, 181, 21.0, 13, ABalappappa, 1712, 0, 0, 0, , 0, 0, 0, 0, 0, 
95, 1, 95, 95, -1, 310, 172, 24.0, 13, ABalappappp, 2565, 0, 0, 0, , 0, 0, 0, 0, 0, 
96, 1, 96, 96, -1, 323, 261, 30.0, 13, ABalapapppp, 2112, 0, 0, 0, , 0, 0, 0, 0, 0, 
97, 1, 97, 97, -1, 330, 260, 28.0, 13, ABalapapppa, 3683, 0, 0, 0, , 0, 0, 0, 0, 0, 
98, 1, 98, 98, -1, 339, 229, 23.0, 11, ABalapappaa, 2218, 0, 0, 0, , 0, 0, 0, 0, 0, 
99, 1, 99, 99, -1, 336, 243, 27.0, 13, ABalapappap, 2625, 0, 0, 0, , 0, 0, 0, 0, 0, 
100, 1, 100, 100, -1, 320, 226, 31.0, 11, ABalapapaa, 4761, 0, 0, 0, , 0, 0, 0, 0, 0, 
101, 1, 101, 101, -1, 319, 242, 30.0, 11, ABalapapapp, 2839, 0, 0, 0, , 0, 0, 0, 0, 0, 
102, 1, 102, 102, -1, 328, 266, 25.0, 15, ABalapaaaa, 6858, 0, 0, 0, , 0, 0, 0, 0, 0, 
103, 1, 103, 103, -1, 344, 243, 24.0, 13, ABalapaaapa, 3731, 0, 0, 0, , 0, 0, 0, 0, 0, 
104, 1, 104, 104, -1, 351, 259, 26.0, 15, ABalapaaapp, 4273, 0, 0, 0, , 0, 0, 0, 0, 0, 
105, 0, 105, -1, -1, 332, 256, 19.0, 15, , 3769, 0, 0, 0, , 0, 0, 0, 0, 0, 
106, 1, 106, 106, -1, 337, 254, 22.0, 15, ABalppppapa, 5186, 0, 0, 0, , 0, 0, 0, 0, 0, 
107, 1, 107, 107, -1, 327, 279, 18.0, 13, ABalapaapap, 3955, 0, 0, 0, , 0, 0, 0, 0, 0, 
108, 1, 108, 108, -1, 321, 264, 18.0, 11, ABalapaapaa, 2833, 0, 0, 0, , 0, 0, 0, 0, 0, 
109, 1, 109, 109, -1, 343, 269, 20.0, 14, ABalapaappp, 2483, 0, 0, 0, , 0, 0, 0, 0, 0, 
110, 1, 110, 110, -1, 307, 192, 16.0, 13, ABalaapaaa, 2533, 0, 0, 0, , 0, 0, 0, 0, 0, 
111, 1, 111, 111, -1, 236, 180, 10.0, 13, ABalaapapa, 5182, 0, 0, 0, , 0, 0, 0, 0, 0, 
112, 1, 112, 112, -1, 296, 187, 10.0, 15, ABalaapaapp, 4398, 0, 0, 0, , 0, 0, 0, 0, 0, 
113, 1, 113, 113, -1, 310, 180, 13.0, 13, ABalaapaapa, 4409, 0, 0, 0, , 0, 0, 0, 0, 0, 
114, 1, 114, 114, -1, 294, 175, 14.0, 11, ABalaappapa, 2456, 0, 0, 0, , 0, 0, 0, 0, 0, 
115, 1, 115, 115, -1, 279, 178, 10.0, 13, ABalaappapp, 1955, 0, 0, 0, , 0, 0, 0, 0, 0, 
116, 1, 116, 116, -1, 303, 179, 21.0, 15, ABalaappppp, 4332, 0, 0, 0, , 0, 0, 0, 0, 0, 
117, 1, 117, 117, -1, 298, 187, 19.0, 11, ABalaappppa, 1072, 0, 0, 0, , 0, 0, 0, 0, 0, 
118, 1, 118, 118, -1, 287, 177, 20.0, 11, ABalaapppaa, 3345, 0, 0, 0, , 0, 0, 0, 0, 0, 
119, 1, 119, 119, -1, 337, 247, 12.0, 11, ABalaaaalpp, 2747, 0, 0, 0, , 0, 0, 0, 0, 0, 
120, 1, 120, 120, -1, 344, 236, 14.0, 15, ABalaaaalpa, 4779, 0, 0, 0, , 0, 0, 0, 0, 0, 
121, 1, 121, 121, -1, 334, 201, 20.0, 15, ABalaaaarrp, 5306, 0, 0, 0, , 0, 0, 0, 0, 0, 
122, 1, 122, 122, -1, 328, 196, 17.0, 13, ABalaaaarra, 3984, 0, 0, 0, , 0, 0, 0, 0, 0, 
123, 1, 123, 123, -1, 342, 211, 18.0, 13, ABalaaaarlp, 3821, 0, 0, 0, , 0, 0, 0, 0, 0, 
124, 1, 124, 124, -1, 339, 223, 18.0, 15, ABalaaaarla, 4858, 0, 0, 0, , 0, 0, 0, 0, 0, 
125, 1, 125, 125, -1, 331, 184, 20.0, 13, ABalaaapplr, 3648, 0, 0, 0, , 0, 0, 0, 0, 0, 
126, 1, 126, 126, -1, 314, 193, 19.0, 15, ABalaaapprr, 4475, 0, 0, 0, , 0, 0, 0, 0, 0, 
127, 1, 127, 127, -1, 303, 175, 16.0, 15, ABalaaapprl, 4608, 0, 0, 0, , 0, 0, 0, 0, 0, 
128, 1, 128, 128, -1, 332, 219, 27.0, 11, ABalappaap, 1545, 0, 0, 0, , 0, 0, 0, 0, 0, 
129, 1, 129, 129, -1, 150, 317, 11.0, 13, ABplppppapa, 4742, 0, 0, 0, , 0, 0, 0, 0, 0, 
130, 1, 130, 130, -1, 142, 300, 10.0, 13, ABplppppapp, 4321, 0, 0, 0, , 0, 0, 0, 0, 0, 
131, 1, 131, 131, -1, 161, 300, 13.0, 13, ABplppppaaa, 4352, 0, 0, 0, , 0, 0, 0, 0, 0, 
132, 1, 132, 132, -1, 150, 301, 14.0, 13, ABplppppaap, 3934, 0, 0, 0, , 0, 0, 0, 0, 0, 
133, 1, 133, 133, -1, 88, 321, 12.0, 15, ABplppppppp, 4360, 0, 0, 0, , 0, 0, 0, 0, 0, 
134, 1, 134, 134, -1, 97, 318, 11.0, 13, ABplppppppa, 3917, 0, 0, 0, , 0, 0, 0, 0, 0, 
135, 1, 135, 135, -1, 132, 313, 15.0, 13, ABplpppppap, 4732, 0, 0, 0, , 0, 0, 0, 0, 0, 
136, 1, 136, 136, -1, 146, 312, 17.0, 15, ABplpppppaa, 6070, 0, 0, 0, , 0, 0, 0, 0, 0, 
137, 1, 137, 137, -1, 130, 312, 9.0, 13, ABplpppapaa, 3984, 0, 0, 0, , 0, 0, 0, 0, 0, 
138, 1, 138, 138, -1, 126, 321, 11.0, 15, ABplpppaapp, 6050, 0, 0, 0, , 0, 0, 0, 0, 0, 
139, 1, 139, 139, -1, 169, 306, 11.0, 15, ABplpppaaaa, 4798, 0, 0, 0, , 0, 0, 0, 0, 0, 
140, 1, 140, 140, -1, 162, 327, 12.0, 15, ABplpppaaap, 5172, 0, 0, 0, , 0, 0, 0, 0, 0, 
141, 1, 141, 141, -1, 169, 322, 13.0, 15, ABplppapppp, 3460, 0, 0, 0, , 0, 0, 0, 0, 0, 
142, 1, 142, 142, -1, 176, 309, 13.0, 13, ABplppapppa, 4867, 0, 0, 0, , 0, 0, 0, 0, 0, 
143, 1, 143, 143, -1, 192, 304, 14.0, 13, ABplppappap, 3757, 0, 0, 0, , 0, 0, 0, 0, 0, 
144, 1, 144, 144, -1, 206, 295, 15.0, 15, ABplppappaa, 4154, 0, 0, 0, , 0, 0, 0, 0, 0, 
145, 1, 145, 145, -1, 198, 319, 16.0, 15, ABplppapaap, 4040, 0, 0, 0, , 0, 0, 0, 0, 0, 
146, 1, 146, 146, -1, 188, 324, 15.0, 15, ABplppapapa, 4449, 0, 0, 0, , 0, 0, 0, 0, 0, 
147, 1, 147, 147, -1, 177, 330, 17.0, 15, ABplppapapp, 5231, 0, 0, 0, , 0, 0, 0, 0, 0, 
148, 1, 148, 148, -1, 195, 293, 11.0, 13, ABplppaappa, 4041, 0, 0, 0, , 0, 0, 0, 0, 0, 
149, 1, 149, 149, -1, 184, 300, 12.0, 13, ABplppaappp, 4117, 0, 0, 0, , 0, 0, 0, 0, 0, 
150, 1, 150, 150, -1, 262, 295, 16.0, 13, ABplppaaaaa, 5226, 0, 0, 0, , 0, 0, 0, 0, 0, 
151, 1, 151, 151, -1, 257, 307, 17.0, 11, ABplppaaap, 3737, 0, 0, 0, , 0, 0, 0, 0, 0, 
152, 1, 152, 152, -1, 231, 257, 11.0, 13, ABplpappaaa, 4709, 0, 0, 0, , 0, 0, 0, 0, 0, 
153, 1, 154, 153, -1, 206, 265, 17.0, 13, MSaappaa, 4070, 0, 0, 0, , 0, 0, 0, 0, 0, 
154, 1, 155, 154, -1, 138, 294, 12.0, 15, ABplpappppp, 3205, 0, 0, 0, , 0, 0, 0, 0, 0, 
155, 1, 156, 155, -1, 155, 283, 12.0, 13, ABplpappppa, 3854, 0, 0, 0, , 0, 0, 0, 0, 0, 
156, 1, 157, 156, -1, 168, 281, 11.0, 13, ABplpapppaa, 3912, 0, 0, 0, , 0, 0, 0, 0, 0, 
157, 1, 158, 157, -1, 155, 268, 11.0, 13, ABplpapppap, 4373, 0, 0, 0, , 0, 0, 0, 0, 0, 
158, 1, 159, 158, -1, 204, 280, 12.0, 11, ABplpapappa, 3076, 0, 0, 0, , 0, 0, 0, 0, 0, 
159, 1, 160, 159, -1, 184, 282, 12.0, 13, ABplpapappp, 3660, 0, 0, 0, , 0, 0, 0, 0, 0, 
160, 1, 161, 160, -1, 223, 300, 15.0, 13, ABplpapapap, 2718, 0, 0, 0, , 0, 0, 0, 0, 0, 
161, 1, 162, 161, -1, 232, 287, 15.0, 13, ABplpapapaa, 4662, 0, 0, 0, , 0, 0, 0, 0, 0, 
162, 1, 163, 162, -1, 267, 279, 13.0, 13, ABplpapaapa, 3662, 0, 0, 0, , 0, 0, 0, 0, 0, 
163, 1, 164, 163, -1, 254, 293, 13.0, 13, ABplpapaapp, 4178, 0, 0, 0, , 0, 0, 0, 0, 0, 
164, 1, 165, 164, -1, 247, 285, 14.0, 13, ABplpapaaap, 4241, 0, 0, 0, , 0, 0, 0, 0, 0, 
165, 1, 166, 165, -1, 257, 273, 12.0, 13, ABplpapaaaa, 2679, 0, 0, 0, , 0, 0, 0, 0, 0, 
166, 1, 167, 166, -1, 205, 316, 14.0, 13, ABplpaaaapp, 6692, 0, 0, 0, , 0, 0, 0, 0, 0, 
167, 1, 168, 167, -1, 222, 295, 10.0, 15, ABplpaaaapa, 6441, 0, 0, 0, , 0, 0, 0, 0, 0, 
168, 1, 169, 168, -1, 313, 272, 15.0, 15, ABplpaaaaaa, 5547, 0, 0, 0, , 0, 0, 0, 0, 0, 
169, 1, 170, 169, -1, 302, 295, 14.0, 13, ABplpaaapap, 5694, 0, 0, 0, , 0, 0, 0, 0, 0, 
170, 1, 171, 170, -1, 311, 285, 12.0, 13, ABplpaaapaa, 5462, 0, 0, 0, , 0, 0, 0, 0, 0, 
171, 1, 172, 171, -1, 293, 282, 14.0, 13, ABplpaaappa, 5026, 0, 0, 0, , 0, 0, 0, 0, 0, 
172, 1, 173, 172, -1, 278, 288, 15.0, 13, ABplpaaappp, 5133, 0, 0, 0, , 0, 0, 0, 0, 0, 
173, 1, 174, 173, -1, 265, 322, 22.0, 13, ABplpaappap, 4406, 0, 0, 0, , 0, 0, 0, 0, 0, 
174, 1, 175, 174, -1, 276, 305, 22.0, 17, ABplpaappaa, 6484, 0, 0, 0, , 0, 0, 0, 0, 0, 
175, 1, 176, 175, -1, 290, 300, 16.0, 13, ABplpaapppa, 3597, 0, 0, 0, , 0, 0, 0, 0, 0, 
176, 1, 177, 176, -1, 305, 307, 17.0, 11, ABplpaapapp, 5710, 0, 0, 0, , 0, 0, 0, 0, 0, 
177, 1, 178, 177, -1, 272, 296, 13.0, 13, ABplpaapppp, 8619, 0, 0, 0, , 0, 0, 0, 0, 0, 
178, 1, 179, 178, -1, 297, 294, 19.0, 15, ABplpaapaap, 5502, 0, 0, 0, , 0, 0, 0, 0, 0, 
179, 1, 180, 179, -1, 307, 271, 18.0, 13, ABplpaapaaa, 7221, 0, 0, 0, , 0, 0, 0, 0, 0, 
180, 1, 181, 180, -1, 328, 296, 20.0, 15, ABplpaapapa, 5903, 0, 0, 0, , 0, 0, 0, 0, 0, 
181, 1, 182, 181, -1, 269, 315, 13.0, 15, ABplaappap, 3201, 0, 0, 0, , 0, 0, 0, 0, 0, 
182, 1, 183, 182, -1, 284, 307, 12.0, 15, ABplaappaa, 6201, 0, 0, 0, , 0, 0, 0, 0, 0, 
183, 1, 184, 183, -1, 263, 329, 18.0, 15, ABplaapppa, 5840, 0, 0, 0, , 0, 0, 0, 0, 0, 
184, 1, 185, 184, -1, 240, 336, 21.0, 19, ABplaapppp, 9428, 0, 0, 0, , 0, 0, 0, 0, 0, 
185, 1, 186, 185, -1, 349, 228, 27.0, 15, ABplaapaaaa, 5687, 0, 0, 0, , 0, 0, 0, 0, 0, 
186, 1, 187, 186, -1, 347, 251, 29.0, 17, ABplaapaaap, 5083, 0, 0, 0, , 0, 0, 0, 0, 0, 
187, 1, 188, 187, -1, 342, 275, 27.0, 13, ABplaapaapa, 4446, 0, 0, 0, , 0, 0, 0, 0, 0, 
188, 1, 189, 188, -1, 329, 284, 25.0, 13, ABplaapaapp, 4928, 0, 0, 0, , 0, 0, 0, 0, 0, 
189, 1, 190, 189, -1, 299, 304, 27.0, 17, ABplaapappp, 11341, 0, 0, 0, , 0, 0, 0, 0, 0, 
190, 1, 191, 190, -1, 303, 279, 28.0, 15, ABplaapappa, 6329, 0, 0, 0, , 0, 0, 0, 0, 0, 
191, 1, 192, 191, -1, 290, 293, 26.0, 15, ABplaapapap, 5923, 0, 0, 0, , 0, 0, 0, 0, 0, 
192, 1, 193, 192, -1, 298, 277, 25.0, 13, ABplaapapaa, 5071, 0, 0, 0, , 0, 0, 0, 0, 0, 
193, 1, 194, 193, -1, 309, 256, 32.0, 15, ABplaaaaapp, 7464, 0, 0, 0, , 0, 0, 0, 0, 0, 
194, 1, 195, 194, -1, 312, 260, 27.0, 11, ABplaaaaapa, 5382, 0, 0, 0, , 0, 0, 0, 0, 0, 
195, 1, 196, 195, -1, 331, 252, 32.0, 13, ABplaaaaaap, 3604, 0, 0, 0, , 0, 0, 0, 0, 0, 
196, 1, 196, 196, -1, 336, 247, 31.0, 15, ABplaaaaaaa, 4562, 0, 0, 0, , 0, 0, 0, 0, 0, 
197, 1, 197, 197, -1, 293, 250, 35.0, 19, ABplaaaapp, 5899, 0, 0, 0, , 0, 0, 0, 0, 0, 
198, 1, 198, 198, -1, 307, 235, 34.0, 15, ABplaaaapa, 6211, 0, 0, 0, , 0, 0, 0, 0, 0, 
199, 1, 199, 199, -1, 305, 298, 31.0, 17, ABplaaappa, 7331, 0, 0, 0, , 0, 0, 0, 0, 0, 
200, 1, 200, 200, -1, 288, 315, 31.0, 17, ABplaaappp, 11452, 0, 0, 0, , 0, 0, 0, 0, 0, 
201, 1, 201, 201, -1, 319, 297, 29.0, 17, ABplaaapap, 5890, 0, 0, 0, , 0, 0, 0, 0, 0, 
202, 1, 202, 202, -1, 326, 276, 31.0, 13, ABplaaapaa, 5846, 0, 0, 0, , 0, 0, 0, 0, 0, 
203, 1, 203, 203, -1, 136, 338, 11.0, 17, ABplappppa, 7242, 0, 0, 0, , 0, 0, 0, 0, 0, 
204, 1, 204, 204, -1, 102, 334, 12.0, 13, ABplappppp, 4751, 0, 0, 0, , 0, 0, 0, 0, 0, 
205, 1, 205, 205, -1, 116, 349, 17.0, 15, ABplapppaa, 9003, 0, 0, 0, , 0, 0, 0, 0, 0, 
206, 1, 206, 206, -1, 116, 328, 14.0, 13, ABplapppapp, 2671, 0, 0, 0, , 0, 0, 0, 0, 0, 
207, 1, 207, 207, -1, 113, 337, 11.0, 11, ABplapppapa, 3639, 0, 0, 0, , 0, 0, 0, 0, 0, 
208, 1, 208, 208, -1, 196, 345, 21.0, 15, ABplappaaa, 8977, 0, 0, 0, , 0, 0, 0, 0, 0, 
209, 1, 209, 209, -1, 178, 357, 22.0, 15, ABplappaap, 7808, 0, 0, 0, , 0, 0, 0, 0, 0, 
210, 1, 210, 210, -1, 165, 353, 18.0, 15, ABplappapp, 7557, 0, 0, 0, , 0, 0, 0, 0, 0, 
211, 1, 211, 211, -1, 178, 354, 29.0, 15, ABplappapa, 6935, 0, 0, 0, , 0, 0, 0, 0, 0, 
212, 1, 212, 212, -1, 215, 344, 20.0, 15, ABplapaapp, 9007, 0, 0, 0, , 0, 0, 0, 0, 0, 
213, 1, 213, 213, -1, 243, 331, 16.0, 15, ABplapaapa, 7379, 0, 0, 0, , 0, 0, 0, 0, 0, 
214, 1, 214, 214, -1, 271, 301, 32.0, 13, ABarppaaaa, 4332, 0, 0, 0, , 0, 0, 0, 0, 0, 
215, 1, 215, 215, -1, 249, 328, 24.0, 11, ABplapaaapp, 4094, 0, 0, 0, , 0, 0, 0, 0, 0, 
216, 1, 216, 216, -1, 257, 319, 26.0, 15, ABplapaaapa, 5332, 0, 0, 0, , 0, 0, 0, 0, 0, 
217, 1, 217, 217, -1, 99, 350, 19.0, 13, ABplapapppa, 3421, 0, 0, 0, , 0, 0, 0, 0, 0, 
218, 1, 218, 218, -1, 96, 341, 16.0, 15, ABplapapppp, 4818, 0, 0, 0, , 0, 0, 0, 0, 0, 
219, 1, 219, 219, -1, 143, 363, 19.0, 17, ABplapapap, 6652, 0, 0, 0, , 0, 0, 0, 0, 0, 
220, 1, 220, 220, -1, 135, 357, 16.0, 15, ABplapappa, 5977, 0, 0, 0, , 0, 0, 0, 0, 0, 
221, 1, 221, 221, -1, 136, 366, 26.0, 15, ABplapapaa, 6364, 0, 0, 0, , 0, 0, 0, 0, 0, 
222, 1, 222, 222, -1, 232, 217, 13.0, 11, ABprpapaaaa, 3229, 0, 0, 0, , 0, 0, 0, 0, 0, 
223, 1, 223, 223, -1, 216, 205, 12.0, 11, ABprpapaapp, 3540, 0, 0, 0, , 0, 0, 0, 0, 0, 
224, 1, 224, 224, -1, 190, 251, 11.0, 11, ABprpapappa, 3316, 0, 0, 0, , 0, 0, 0, 0, 0, 
225, 1, 225, 225, -1, 174, 265, 12.0, 13, ABprpapappp, 3363, 0, 0, 0, , 0, 0, 0, 0, 0, 
226, 1, 226, 226, -1, 195, 224, 15.0, 13, ABprpapapap, 3885, 0, 0, 0, , 0, 0, 0, 0, 0, 
227, 1, 227, 227, -1, 205, 229, 15.0, 13, ABprpapapaa, 4026, 0, 0, 0, , 0, 0, 0, 0, 0, 
228, 1, 228, 228, -1, 126, 292, 15.0, 15, ABprpappppp, 4623, 0, 0, 0, , 0, 0, 0, 0, 0, 
229, 1, 229, 229, -1, 141, 287, 15.0, 15, ABprpappppa, 3957, 0, 0, 0, , 0, 0, 0, 0, 0, 
230, 1, 230, 230, -1, 222, 233, 13.0, 11, ABprpapppaa, 4222, 0, 0, 0, , 0, 0, 0, 0, 0, 
231, 1, 231, 231, -1, 189, 245, 15.0, 15, ABprpapppap, 4469, 0, 0, 0, , 0, 0, 0, 0, 0, 
232, 1, 232, 232, -1, 192, 266, 13.0, 11, ABprpappapp, 3121, 0, 0, 0, , 0, 0, 0, 0, 0, 
233, 1, 233, 233, -1, 219, 249, 10.0, 13, ABprpappaap, 4364, 0, 0, 0, , 0, 0, 0, 0, 0, 
234, 1, 234, 234, -1, 229, 241, 10.0, 13, ABprpappaaa, 4432, 0, 0, 0, , 0, 0, 0, 0, 0, 
235, 1, 235, 235, -1, 252, 174, 18.0, 15, ABprpaaaaap, 7300, 0, 0, 0, , 0, 0, 0, 0, 0, 
236, 1, 236, 236, -1, 257, 187, 22.0, 13, ABpraaappaa, 4331, 0, 0, 0, , 0, 0, 0, 0, 0, 
237, 1, 237, 237, -1, 168, 228, 11.0, 17, ABprpaaaapp, 5880, 0, 0, 0, , 0, 0, 0, 0, 0, 
238, 1, 238, 238, -1, 197, 231, 10.0, 15, ABprpaaaapa, 5784, 0, 0, 0, , 0, 0, 0, 0, 0, 
239, 1, 239, 239, -1, 251, 187, 15.0, 15, ABprpaaappa, 6960, 0, 0, 0, , 0, 0, 0, 0, 0, 
240, 1, 240, 240, -1, 232, 204, 13.0, 13, ABprpapaapa, 5738, 0, 0, 0, , 0, 0, 0, 0, 0, 
241, 1, 241, 241, -1, 236, 191, 14.0, 13, ABprpaaappp, 4517, 0, 0, 0, , 0, 0, 0, 0, 0, 
242, 1, 242, 242, -1, 258, 177, 11.0, 13, ABprpaaapaa, 5396, 0, 0, 0, , 0, 0, 0, 0, 0, 
243, 1, 243, 243, -1, 252, 171, 14.0, 13, ABprpaaapap, 5027, 0, 0, 0, , 0, 0, 0, 0, 0, 
244, 1, 244, 244, -1, 244, 177, 21.0, 15, ABprpaapaap, 6695, 0, 0, 0, , 0, 0, 0, 0, 0, 
245, 1, 245, 245, -1, 270, 156, 20.0, 15, ABprpaapapa, 8211, 0, 0, 0, , 0, 0, 0, 0, 0, 
246, 1, 246, 246, -1, 245, 162, 17.0, 13, ABprpaapapp, 5968, 0, 0, 0, , 0, 0, 0, 0, 0, 
247, 1, 247, 247, -1, 239, 172, 16.0, 13, ABprpaapppa, 4765, 0, 0, 0, , 0, 0, 0, 0, 0, 
248, 1, 248, 248, -1, 228, 179, 14.0, 13, ABprpaapppp, 5445, 0, 0, 0, , 0, 0, 0, 0, 0, 
249, 1, 249, 249, -1, 209, 176, 24.0, 15, ABprpaappap, 5021, 0, 0, 0, , 0, 0, 0, 0, 0, 
250, 1, 250, 250, -1, 225, 181, 23.0, 13, ABprpaappaa, 5323, 0, 0, 0, , 0, 0, 0, 0, 0, 
251, 1, 251, 251, -1, 96, 269, 11.0, 13, ABprpppaapp, 6282, 0, 0, 0, , 0, 0, 0, 0, 0, 
252, 1, 252, 252, -1, 99, 269, 13.0, 17, ABprpppaapa, 5236, 0, 0, 0, , 0, 0, 0, 0, 0, 
253, 1, 253, 253, -1, 120, 245, 13.0, 13, ABprpppaaap, 4329, 0, 0, 0, , 0, 0, 0, 0, 0, 
254, 1, 254, 254, -1, 144, 251, 12.0, 15, ABprpppaaaa, 5219, 0, 0, 0, , 0, 0, 0, 0, 0, 
255, 1, 255, 255, -1, 117, 271, 9.0, 15, ABprpppapaa, 5011, 0, 0, 0, , 0, 0, 0, 0, 0, 
256, 1, 256, 256, -1, 106, 289, 10.0, 11, ABprpppapap, 3086, 0, 0, 0, , 0, 0, 0, 0, 0, 
257, 1, 257, 257, -1, 117, 300, 11.0, 11, ABplpppapp, 4165, 0, 0, 0, , 0, 0, 0, 0, 0, 
258, 1, 258, 258, -1, 132, 261, 11.0, 15, ABprppppapa, 3894, 0, 0, 0, , 0, 0, 0, 0, 0, 
259, 1, 259, 259, -1, 127, 277, 11.0, 13, ABprppppapp, 3640, 0, 0, 0, , 0, 0, 0, 0, 0, 
260, 1, 260, 260, -1, 145, 266, 14.0, 11, ABprppppaaa, 4145, 0, 0, 0, , 0, 0, 0, 0, 0, 
261, 1, 261, 261, -1, 133, 273, 14.0, 13, ABprppppaap, 4397, 0, 0, 0, , 0, 0, 0, 0, 0, 
262, 1, 262, 262, -1, 77, 295, 13.0, 13, ABprppppppp, 5154, 0, 0, 0, , 0, 0, 0, 0, 0, 
263, 1, 263, 263, -1, 91, 302, 10.0, 13, ABprppppppa, 5528, 0, 0, 0, , 0, 0, 0, 0, 0, 
264, 1, 264, 264, -1, 127, 259, 18.0, 15, ABprpppppaa, 4664, 0, 0, 0, , 0, 0, 0, 0, 0, 
265, 1, 265, 265, -1, 108, 266, 17.0, 13, ABprpppppap, 5110, 0, 0, 0, , 0, 0, 0, 0, 0, 
266, 1, 266, 266, -1, 195, 207, 15.0, 13, ABprppaapap, 4034, 0, 0, 0, , 0, 0, 0, 0, 0, 
267, 1, 267, 267, -1, 201, 209, 13.0, 13, ABprppaapaa, 4124, 0, 0, 0, , 0, 0, 0, 0, 0, 
268, 1, 268, 268, -1, 180, 256, 12.0, 13, ABprppaappa, 5373, 0, 0, 0, , 0, 0, 0, 0, 0, 
269, 1, 269, 269, -1, 165, 253, 11.0, 11, ABprppaappp, 3533, 0, 0, 0, , 0, 0, 0, 0, 0, 
270, 1, 270, 270, -1, 226, 194, 16.0, 13, ABprppaaaaa, 5242, 0, 0, 0, , 0, 0, 0, 0, 0, 
271, 1, 271, 271, -1, 211, 195, 15.0, 13, ABprppaaaap, 6995, 0, 0, 0, , 0, 0, 0, 0, 0, 
272, 0, 272, -1, -1, 197, 185, 19.0, 9, , 499, 0, 0, 0, , 0, 0, 0, 0, 0, 
273, 1, 273, 273, -1, 174, 212, 14.0, 13, ABprppapaaa, 4279, 0, 0, 0, , 0, 0, 0, 0, 0, 
274, 1, 274, 274, -1, 162, 218, 15.0, 15, ABprppapaap, 4214, 0, 0, 0, , 0, 0, 0, 0, 0, 
275, 1, 275, 275, -1, 148, 225, 14.0, 13, ABprppapapa, 3882, 0, 0, 0, , 0, 0, 0, 0, 0, 
276, 1, 276, 276, -1, 134, 229, 16.0, 13, ABprppapapp, 4524, 0, 0, 0, , 0, 0, 0, 0, 0, 
277, 1, 277, 277, -1, 152, 243, 11.0, 13, ABprppapppa, 4899, 0, 0, 0, , 0, 0, 0, 0, 0, 
278, 1, 278, 278, -1, 132, 239, 13.0, 13, ABprppapppp, 4976, 0, 0, 0, , 0, 0, 0, 0, 0, 
279, 1, 279, 279, -1, 176, 235, 15.0, 13, ABprppappaa, 2974, 0, 0, 0, , 0, 0, 0, 0, 0, 
280, 1, 280, 280, -1, 165, 237, 13.0, 14, ABprppappap, 2448, 0, 0, 0, , 0, 0, 0, 0, 0, 
281, 1, 281, 281, -1, 340, 188, 27.0, 13, ABpraapaaaa, 5379, 0, 0, 0, , 0, 0, 0, 0, 0, 
282, 1, 282, 282, -1, 321, 185, 30.0, 14, ABarpapaaaa, 3114, 0, 0, 0, , 0, 0, 0, 0, 0, 
283, 1, 283, 283, -1, 327, 177, 28.0, 13, ABpraapaaap, 4439, 0, 0, 0, , 0, 0, 0, 0, 0, 
284, 1, 284, 284, -1, 297, 165, 26.0, 15, ABpraapaapa, 11007, 0, 0, 0, , 0, 0, 0, 0, 0, 
285, 1, 285, 285, -1, 244, 178, 27.0, 13, ABpraapapap, 3927, 0, 0, 0, , 0, 0, 0, 0, 0, 
286, 1, 286, 286, -1, 256, 187, 25.0, 15, ABpraapapaa, 6027, 0, 0, 0, , 0, 0, 0, 0, 0, 
287, 1, 287, 287, -1, 248, 164, 27.0, 15, ABpraapappp, 5916, 0, 0, 0, , 0, 0, 0, 0, 0, 
288, 1, 288, 288, -1, 259, 183, 28.0, 13, ABpraapappa, 4750, 0, 0, 0, , 0, 0, 0, 0, 0, 
289, 1, 289, 289, -1, 176, 185, 22.0, 17, ABpraapppp, 13135, 0, 0, 0, , 0, 0, 0, 0, 0, 
290, 1, 290, 290, -1, 213, 174, 16.0, 13, ABpraappap, 5459, 0, 0, 0, , 0, 0, 0, 0, 0, 
291, 1, 291, 291, -1, 228, 163, 16.0, 11, ABpraappaa, 4014, 0, 0, 0, , 0, 0, 0, 0, 0, 
292, 1, 292, 292, -1, 298, 176, 23.0, 15, ABpraaapapa, 4134, 0, 0, 0, , 0, 0, 0, 0, 0, 
293, 1, 293, 293, -1, 294, 163, 23.0, 13, ABpraaapapp, 4203, 0, 0, 0, , 0, 0, 0, 0, 0, 
294, 1, 294, 294, -1, 273, 180, 23.0, 13, ABpraaapaad, 3676, 0, 0, 0, , 0, 0, 0, 0, 0, 
295, 1, 295, 295, -1, 276, 185, 20.0, 13, ABpraaapaav, 5228, 0, 0, 0, , 0, 0, 0, 0, 0, 
296, 1, 296, 296, -1, 243, 182, 23.0, 13, ABpraaappap, 5843, 0, 0, 0, , 0, 0, 0, 0, 0, 
297, 1, 297, 297, -1, 227, 177, 27.0, 13, ABpraaapppa, 5399, 0, 0, 0, , 0, 0, 0, 0, 0, 
298, 1, 298, 298, -1, 226, 165, 24.0, 13, ABpraaapppp, 1725, 0, 0, 0, , 0, 0, 0, 0, 0, 
299, 1, 299, 299, -1, 285, 159, 22.0, 13, ABpraaaaapd, 3110, 0, 0, 0, , 0, 0, 0, 0, 0, 
300, 1, 300, 300, -1, 294, 162, 19.0, 15, ABpraaaaapv, 3880, 0, 0, 0, , 0, 0, 0, 0, 0, 
301, 1, 301, 301, -1, 281, 166, 15.0, 13, ABpraaaaaaa, 3682, 0, 0, 0, , 0, 0, 0, 0, 0, 
302, 1, 302, 302, -1, 266, 168, 13.0, 13, ABpraaaaaap, 4277, 0, 0, 0, , 0, 0, 0, 0, 0, 
303, 1, 303, 303, -1, 267, 172, 16.0, 13, ABpraaaapav, 4154, 0, 0, 0, , 0, 0, 0, 0, 0, 
304, 1, 304, 304, -1, 268, 160, 17.0, 15, ABpraaaapad, 5290, 0, 0, 0, , 0, 0, 0, 0, 0, 
305, 1, 305, 305, -1, 265, 161, 23.0, 11, ABpraaaappa, 4833, 0, 0, 0, , 0, 0, 0, 0, 0, 
306, 1, 306, 306, -1, 267, 172, 26.0, 15, ABpraaaappp, 4643, 0, 0, 0, , 0, 0, 0, 0, 0, 
307, 1, 307, 307, -1, 116, 220, 19.0, 15, ABprappapp, 7735, 0, 0, 0, , 0, 0, 0, 0, 0, 
308, 1, 308, 308, -1, 129, 210, 28.0, 15, ABprappapa, 7923, 0, 0, 0, , 0, 0, 0, 0, 0, 
309, 1, 309, 309, -1, 131, 208, 19.0, 15, ABprappaap, 8124, 0, 0, 0, , 0, 0, 0, 0, 0, 
310, 1, 310, 310, -1, 152, 207, 20.0, 15, ABprappaaa, 8474, 0, 0, 0, , 0, 0, 0, 0, 0, 
311, 1, 311, 311, -1, 90, 253, 16.0, 13, ABprapppaa, 5745, 0, 0, 0, , 0, 0, 0, 0, 0, 
312, 1, 312, 312, -1, 87, 269, 14.0, 13, ABprapppapp, 3393, 0, 0, 0, , 0, 0, 0, 0, 0, 
313, 1, 313, 313, -1, 80, 262, 11.0, 11, ABprapppapa, 3633, 0, 0, 0, , 0, 0, 0, 0, 0, 
314, 1, 314, 314, -1, 74, 278, 12.0, 17, ABprappppp, 6137, 0, 0, 0, , 0, 0, 0, 0, 0, 
315, 1, 315, 315, -1, 91, 250, 11.0, 15, ABprappppa, 7354, 0, 0, 0, , 0, 0, 0, 0, 0, 
316, 1, 316, 316, -1, 209, 188, 28.0, 15, ABprapaaapa, 5911, 0, 0, 0, , 0, 0, 0, 0, 0, 
317, 1, 317, 317, -1, 192, 190, 26.0, 13, ABprapaaapp, 3951, 0, 0, 0, , 0, 0, 0, 0, 0, 
318, 1, 318, 318, -1, 216, 195, 32.0, 15, ABprapaaaap, 5046, 0, 0, 0, , 0, 0, 0, 0, 0, 
319, 1, 319, 319, -1, 234, 183, 33.0, 13, ABprapaaaaa, 4300, 0, 0, 0, , 0, 0, 0, 0, 0, 
320, 1, 320, 320, -1, 158, 193, 21.0, 13, ABprapaapp, 8112, 0, 0, 0, , 0, 0, 0, 0, 0, 
321, 1, 321, 321, -1, 183, 193, 15.0, 13, ABprapaapa, 7330, 0, 0, 0, , 0, 0, 0, 0, 0, 
322, 1, 322, 322, -1, 101, 239, 13.0, 15, ABprapappa, 6537, 0, 0, 0, , 0, 0, 0, 0, 0, 
323, 1, 323, 323, -1, 72, 271, 16.0, 15, ABprapapppp, 4580, 0, 0, 0, , 0, 0, 0, 0, 0, 
324, 1, 324, 324, -1, 70, 253, 18.0, 11, ABprapapppa, 3790, 0, 0, 0, , 0, 0, 0, 0, 0, 
325, 1, 325, 325, -1, 98, 227, 18.0, 15, ABprapapap, 6624, 0, 0, 0, , 0, 0, 0, 0, 0, 
326, 1, 326, 326, -1, 85, 239, 25.0, 17, ABprapapaa, 7786, 0, 0, 0, , 0, 0, 0, 0, 0, 
327, 1, 327, 327, -1, 247, 197, 31.0, 13, MSppppap, 2354, 0, 0, 0, , 0, 0, 0, 0, 0, 
328, 1, 328, 328, -1, 226, 197, 20.0, 15, MSppppaa, 4705, 0, 0, 0, , 0, 0, 0, 0, 0, 
329, 1, 329, 329, -1, 248, 213, 33.0, 15, MSpppppa, 3951, 0, 0, 0, , 0, 0, 0, 0, 0, 
330, 1, 330, 330, -1, 213, 222, 33.0, 17, MSpppppp, 7518, 0, 0, 0, , 0, 0, 0, 0, 0, 
331, 1, 331, 331, -1, 231, 205, 27.0, 13, MSpppaaa, 1423, 0, 0, 0, , 0, 0, 0, 0, 0, 
332, 1, 332, 332, -1, 133, 246, 21.0, 15, MSpppaap, 5503, 0, 0, 0, , 0, 0, 0, 0, 0, 
333, 1, 333, 333, -1, 211, 204, 18.0, 13, MSpppapp, 2726, 0, 0, 0, , 0, 0, 0, 0, 0, 
334, 1, 334, 334, -1, 217, 217, 14.0, 13, ABprpapaaap, 3621, 0, 0, 0, , 0, 0, 0, 0, 0, 
335, 1, 335, 335, -1, 159, 267, 15.0, 15, MSppaapp, 4404, 0, 0, 0, , 0, 0, 0, 0, 0, 
336, 1, 336, 336, -1, 246, 202, 16.0, 13, MSppaapa, 4025, 0, 0, 0, , 0, 0, 0, 0, 0, 
337, 1, 337, 337, -1, 283, 206, 14.0, 11, MSppaaaa, 1728, 0, 0, 0, , 0, 0, 0, 0, 0, 
338, 1, 338, 338, -1, 284, 192, 24.0, 17, MSppaaap, 6126, 0, 0, 0, , 0, 0, 0, 0, 0, 
339, 1, 339, 339, -1, 271, 190, 31.0, 17, MSppappa, 6559, 0, 0, 0, , 0, 0, 0, 0, 0, 
340, 1, 340, 340, -1, 231, 194, 26.0, 15, MSppapaa, 7587, 0, 0, 0, , 0, 0, 0, 0, 0, 
341, 1, 341, 341, -1, 243, 194, 19.0, 15, MSppapap, 4943, 0, 0, 0, , 0, 0, 0, 0, 0, 
342, 1, 342, 342, -1, 199, 255, 20.0, 13, MSpapappp, 6970, 0, 0, 0, , 0, 0, 0, 0, 0, 
343, 1, 343, 343, -1, 207, 234, 23.0, 15, MSpapappa, 3223, 0, 0, 0, , 0, 0, 0, 0, 0, 
344, 1, 344, 344, -1, 201, 241, 20.0, 17, MSpapapa, 6493, 0, 0, 0, , 0, 0, 0, 0, 0, 
345, 1, 345, 345, -1, 213, 227, 19.0, 15, MSpapaaap, 5748, 0, 0, 0, , 0, 0, 0, 0, 0, 
346, 1, 346, 346, -1, 196, 226, 25.0, 15, MSpapaapp, 5238, 0, 0, 0, , 0, 0, 0, 0, 0, 
347, 0, 347, -1, -1, 195, 251, 24.0, 15, , 2520, 0, 0, 0, , 0, 0, 0, 0, 0, 
348, 1, 348, 348, -1, 162, 322, 17.0, 15, MSpappaa, 4886, 0, 0, 0, , 0, 0, 0, 0, 0, 
349, 1, 349, 349, -1, 151, 228, 18.0, 15, MSpapppp, 5185, 0, 0, 0, , 0, 0, 0, 0, 0, 
350, 1, 350, 350, -1, 254, 236, 29.0, 17, MSpaaappa, 7115, 0, 0, 0, , 0, 0, 0, 0, 0, 
351, 1, 351, 351, -1, 232, 237, 30.0, 13, MSpaaappp, 6054, 0, 0, 0, , 0, 0, 0, 0, 0, 
352, 1, 352, 352, -1, 243, 255, 31.0, 15, MSpaaapaa, 4121, 0, 0, 0, , 0, 0, 0, 0, 0, 
353, 1, 353, 353, -1, 228, 255, 31.0, 13, MSpaaapap, 3256, 0, 0, 0, , 0, 0, 0, 0, 0, 
354, 1, 354, 354, -1, 282, 211, 27.0, 15, MSpaaaapa, 7016, 0, 0, 0, , 0, 0, 0, 0, 0, 
355, 1, 355, 355, -1, 263, 212, 28.0, 15, MSpaaaapp, 8568, 0, 0, 0, , 0, 0, 0, 0, 0, 
356, 1, 356, 356, -1, 287, 218, 31.0, 17, MSpaaaaaa, 10088, 0, 0, 0, , 0, 0, 0, 0, 0, 
357, 1, 357, 357, -1, 263, 226, 32.0, 13, MSpaaaaap, 5632, 0, 0, 0, , 0, 0, 0, 0, 0, 
358, 1, 358, 358, -1, 229, 217, 20.0, 13, ABaraappppa, 5014, 0, 0, 0, , 0, 0, 0, 0, 0, 
359, 1, 359, 359, -1, 232, 222, 24.0, 17, ABaraapppap, 8988, 0, 0, 0, , 0, 0, 0, 0, 0, 
360, 1, 360, 360, -1, 236, 221, 29.0, 13, MSpaapaap, 4293, 0, 0, 0, , 0, 0, 0, 0, 0, 
361, 1, 361, 361, -1, 255, 221, 28.0, 13, MSpaapaaa, 3666, 0, 0, 0, , 0, 0, 0, 0, 0, 
362, 1, 362, 362, -1, 179, 259, 28.0, 19, Earap, 9634, 0, 0, 0, , 0, 0, 0, 0, 0, 
363, 1, 363, 363, -1, 268, 297, 20.0, 15, MSapppaa, 2397, 0, 0, 0, , 0, 0, 0, 0, 0, 
364, 1, 364, 364, -1, 256, 292, 29.0, 13, MSapppap, 3827, 0, 0, 0, , 0, 0, 0, 0, 0, 
365, 1, 365, 365, -1, 247, 286, 31.0, 17, MSappppa, 3786, 0, 0, 0, , 0, 0, 0, 0, 0, 
366, 1, 366, 366, -1, 226, 295, 30.0, 13, MSappppp, 2408, 0, 0, 0, , 0, 0, 0, 0, 0, 
367, 1, 367, 367, -1, 161, 318, 20.0, 13, MSappaap, 2546, 0, 0, 0, , 0, 0, 0, 0, 0, 
368, 1, 368, 368, -1, 248, 294, 25.0, 13, MSappaaa, 3694, 0, 0, 0, , 0, 0, 0, 0, 0, 
369, 0, 369, -1, -1, 247, 299, 17.0, 9, , 891, 0, 0, 0, , 0, 0, 0, 0, 0, 
370, 1, 370, 370, -1, 256, 290, 20.0, 11, MSappapa, 2658, 0, 0, 0, , 0, 0, 0, 0, 0, 
371, 1, 371, 371, -1, 293, 275, 31.0, 17, MSapappa, 4624, 0, 0, 0, , 0, 0, 0, 0, 0, 
372, 1, 372, 372, -1, 283, 259, 31.0, 14, MSapappp, 1634, 0, 0, 0, , 0, 0, 0, 0, 0, 
373, 1, 373, 373, -1, 278, 281, 19.0, 13, MSapapap, 3690, 0, 0, 0, , 0, 0, 0, 0, 0, 
374, 1, 374, 374, -1, 270, 294, 27.0, 13, MSapapaa, 4909, 0, 0, 0, , 0, 0, 0, 0, 0, 
375, 1, 375, 375, -1, 186, 283, 15.0, 15, MSapaapp, 5457, 0, 0, 0, , 0, 0, 0, 0, 0, 
376, 1, 376, 376, -1, 291, 277, 17.0, 11, MSapaapa, 3600, 0, 0, 0, , 0, 0, 0, 0, 0, 
377, 1, 377, 377, -1, 314, 252, 16.0, 15, MSapaaaa, 3970, 0, 0, 0, , 0, 0, 0, 0, 0, 
378, 1, 378, 378, -1, 313, 258, 23.0, 13, MSapaaap, 4578, 0, 0, 0, , 0, 0, 0, 0, 0, 
379, 1, 379, 379, -1, 301, 223, 27.0, 17, MSaaaaapa, 4518, 0, 0, 0, , 0, 0, 0, 0, 0, 
380, 1, 380, 380, -1, 285, 238, 32.0, 15, MSaaaaapp, 6607, 0, 0, 0, , 0, 0, 0, 0, 0, 
381, 1, 381, 381, -1, 323, 224, 24.0, 21, MSaaaaaa, 15212, 0, 0, 0, , 0, 0, 0, 0, 0, 
382, 1, 382, 382, -1, 269, 242, 32.0, 11, MSaaaapaa, 3268, 0, 0, 0, , 0, 0, 0, 0, 0, 
383, 1, 383, 383, -1, 257, 247, 31.0, 13, MSaaaapap, 4521, 0, 0, 0, , 0, 0, 0, 0, 0, 
384, 1, 384, 384, -1, 242, 267, 29.0, 15, MSaaaappp, 5475, 0, 0, 0, , 0, 0, 0, 0, 0, 
385, 1, 385, 385, -1, 257, 264, 30.0, 11, MSaaaappa, 3808, 0, 0, 0, , 0, 0, 0, 0, 0, 
386, 1, 386, 386, -1, 236, 275, 27.0, 15, MSaaapapp, 2017, 0, 0, 0, , 0, 0, 0, 0, 0, 
387, 1, 387, 387, -1, 273, 263, 27.0, 13, MSaaapaap, 2364, 0, 0, 0, , 0, 0, 0, 0, 0, 
388, 0, 388, -1, -1, 295, 245, 28.0, 11, , 787, 0, 0, 0, , 0, 0, 0, 0, 0, 
389, 1, 389, 389, -1, 221, 276, 29.0, 11, MSaaappa, 3395, 0, 0, 0, , 0, 0, 0, 0, 0, 
390, 1, 390, 390, -1, 220, 266, 31.0, 13, MSaaappp, 2779, 0, 0, 0, , 0, 0, 0, 0, 0, 
391, 1, 391, 391, -1, 180, 310, 18.0, 15, MSaapppp, 4668, 0, 0, 0, , 0, 0, 0, 0, 0, 
392, 1, 392, 392, -1, 218, 301, 19.0, 13, MSaapppa, 2378, 0, 0, 0, , 0, 0, 0, 0, 0, 
393, 1, 393, 393, -1, 235, 272, 18.0, 13, MSaapaaap, 3451, 0, 0, 0, , 0, 0, 0, 0, 0, 
394, 1, 394, 394, -1, 251, 272, 17.0, 13, MSaapaaaa, 4116, 0, 0, 0, , 0, 0, 0, 0, 0, 
395, 1, 395, 395, -1, 213, 278, 18.0, 13, MSaapappp, 3674, 0, 0, 0, , 0, 0, 0, 0, 0, 
396, 1, 396, 396, -1, 233, 286, 22.0, 15, MSaapappa, 4966, 0, 0, 0, , 0, 0, 0, 0, 0, 
397, 1, 397, 397, -1, 218, 281, 21.0, 19, MSaapapa, 7701, 0, 0, 0, , 0, 0, 0, 0, 0, 
398, 1, 398, 398, -1, 193, 284, 22.0, 14, Ealpa, 5236, 0, 0, 0, , 0, 0, 0, 0, 0, 
399, 1, 399, 399, -1, 122, 303, 23.0, 19, Eplpa, 25236, 0, 0, 0, , 0, 0, 0, 0, 0, 
400, 1, 400, 400, -1, 122, 342, 22.0, 15, Cappapa, 5987, 0, 0, 0, , 0, 0, 0, 0, 0, 
401, 1, 401, 401, -1, 113, 329, 17.0, 15, Cappapp, 4761, 0, 0, 0, , 0, 0, 0, 0, 0, 
402, 1, 402, 402, -1, 166, 339, 27.0, 15, Cappaaa, 4319, 0, 0, 0, , 0, 0, 0, 0, 0, 
403, 1, 403, 403, -1, 95, 333, 22.0, 15, Capppap, 5381, 0, 0, 0, , 0, 0, 0, 0, 0, 
404, 1, 404, 404, -1, 115, 336, 28.0, 15, Capppaa, 5116, 0, 0, 0, , 0, 0, 0, 0, 0, 
405, 1, 405, 405, -1, 92, 318, 15.0, 13, Capppp, 5649, 0, 0, 0, , 0, 0, 0, 0, 0, 
406, 1, 406, 406, -1, 134, 342, 26.0, 13, Capapap, 4377, 0, 0, 0, , 0, 0, 0, 0, 0, 
407, 1, 406, 407, -1, 143, 341, 26.0, 15, Capapaa, 4812, 0, 0, 0, , 0, 0, 0, 0, 0, 
408, 1, 407, 408, -1, 143, 334, 16.0, 17, Capapp, 9397, 0, 0, 0, , 0, 0, 0, 0, 0, 
409, 0, 408, -1, -1, 138, 337, 18.0, 13, , 4026, 0, 0, 0, , 0, 0, 0, 0, 0, 
410, 1, 409, 410, -1, 173, 338, 23.0, 15, Capaaap, 6188, 0, 0, 0, , 0, 0, 0, 0, 0, 
411, 1, 410, 411, -1, 201, 328, 23.0, 15, Capaaaa, 5212, 0, 0, 0, , 0, 0, 0, 0, 0, 
412, 1, 411, 412, -1, 59, 291, 16.0, 15, Caappd, 4625, 0, 0, 0, , 0, 0, 0, 0, 0, 
413, 1, 412, 413, -1, 73, 311, 13.0, 13, Caappv, 3878, 0, 0, 0, , 0, 0, 0, 0, 0, 
414, 0, 413, -1, -1, 96, 300, 13.0, 15, , 2893, 0, 0, 0, , 0, 0, 0, 0, 0, 
415, 1, 414, 415, -1, 76, 329, 20.0, 17, Cpappd, 8344, 0, 0, 0, , 0, 0, 0, 0, 0, 
416, 1, 415, 416, -1, 75, 327, 14.0, 15, Cpappv, 5069, 0, 0, 0, , 0, 0, 0, 0, 0, 
417, 1, 416, 417, -1, 64, 293, 23.0, 19, Cpapaa, 7411, 0, 0, 0, , 0, 0, 0, 0, 0, 
418, 1, 417, 418, -1, 106, 241, 21.0, 17, Cppaapp, 5628, 0, 0, 0, , 0, 0, 0, 0, 0, 
419, 1, 418, 419, -1, 132, 222, 22.0, 17, Cppaapa, 4219, 0, 0, 0, , 0, 0, 0, 0, 0, 
420, 1, 419, 420, -1, 143, 218, 24.0, 15, Cppaaap, 4409, 0, 0, 0, , 0, 0, 0, 0, 0, 
421, 1, 420, 421, -1, 166, 212, 24.0, 15, Cppaaaa, 6080, 0, 0, 0, , 0, 0, 0, 0, 0, 
422, 1, 421, 422, -1, 129, 231, 27.0, 15, Cppapaa, 5276, 0, 0, 0, , 0, 0, 0, 0, 0, 
423, 1, 422, 423, -1, 115, 266, 13.0, 13, Cppappp, 3653, 0, 0, 0, , 0, 0, 0, 0, 0, 
424, 1, 423, 424, -1, 112, 244, 18.0, 17, Cppappa, 5372, 0, 0, 0, , 0, 0, 0, 0, 0, 
425, 1, 424, 425, -1, 126, 247, 32.0, 17, Cpppaap, 6446, 0, 0, 0, , 0, 0, 0, 0, 0, 
426, 1, 425, 426, -1, 150, 220, 28.0, 15, Cpppaaa, 5573, 0, 0, 0, , 0, 0, 0, 0, 0, 
427, 1, 426, 427, -1, 90, 264, 19.0, 17, Cpppapp, 4647, 0, 0, 0, , 0, 0, 0, 0, 0, 
428, 1, 427, 428, -1, 91, 255, 23.0, 15, Cpppapa, 5852, 0, 0, 0, , 0, 0, 0, 0, 0, 
429, 1, 428, 429, -1, 245, 314, 20.0, 17, Daapa, 4937, 0, 0, 0, , 0, 0, 0, 0, 0, 
430, 1, 429, 430, -1, 225, 320, 18.0, 15, Daapp, 5727, 0, 0, 0, , 0, 0, 0, 0, 0, 
431, 1, 430, 431, -1, 250, 307, 23.0, 19, Daaaa, 15536, 0, 0, 0, , 0, 0, 0, 0, 0, 
432, 1, 431, 432, -1, 236, 308, 28.0, 13, Daaap, 4297, 0, 0, 0, , 0, 0, 0, 0, 0, 
433, 1, 432, 433, -1, 208, 316, 29.0, 19, Dappa, 17983, 0, 0, 0, , 0, 0, 0, 0, 0, 
434, 1, 433, 434, -1, 169, 327, 31.0, 19, Dappp, 5670, 0, 0, 0, , 0, 0, 0, 0, 0, 
435, 1, 434, 435, -1, 188, 203, 19.0, 15, Dpapp, 4041, 0, 0, 0, , 0, 0, 0, 0, 0, 
436, 1, 435, 436, -1, 204, 199, 22.0, 15, Dpapa, 3921, 0, 0, 0, , 0, 0, 0, 0, 0, 
437, 1, 436, 437, -1, 202, 207, 29.0, 13, Dpaap, 1289, 0, 0, 0, , 0, 0, 0, 0, 0, 
438, 0, 437, -1, -1, 211, 210, 29.0, 13, , 2005, 0, 0, 0, , 0, 0, 0, 0, 0, 
439, 1, 438, 439, -1, 211, 196, 24.0, 13, Dpaaa, 3938, 0, 0, 0, , 0, 0, 0, 0, 0, 
440, 1, 439, 440, -1, 160, 227, 31.0, 17, Dpppp, 7425, 0, 0, 0, , 0, 0, 0, 0, 0, 
441, 1, 440, 441, -1, 189, 224, 32.0, 13, Dpppa, 879, 0, 0, 0, , 0, 0, 0, 0, 0, 
442, 1, 441, 442, -1, 190, 206, 24.0, 15, Dppaa, 4999, 0, 0, 0, , 0, 0, 0, 0, 0, 
443, 1, 442, 443, -1, 167, 212, 27.0, 13, Dppap, 6943, 0, 0, 0, , 0, 0, 0, 0, 0, 
444, 0, 443, -1, -1, 379, 243, 24.0, 15, , 8623, 0, 0, 0, , 0, 0, 0, 0, 0, 
445, 1, 444, 445, -1, 316, 286, 24.0, 13, ABalpppappa, 5147, 0, 0, 0, , 0, 0, 0, 0, 0, 
446, 1, 445, 446, -1, 311, 289, 26.0, 15, ABalpppappp, 2651, 0, 0, 0, , 0, 0, 0, 0, 0, 
447, 1, 446, 447, -1, 297, 281, 21.0, 13, ABalpppppaa, 3015, 0, 0, 0, , 0, 0, 0, 0, 0, 
448, 1, 447, 448, -1, 285, 293, 23.0, 15, ABalpppppap, 4938, 0, 0, 0, , 0, 0, 0, 0, 0, 
449, 1, 448, 449, -1, 276, 314, 26.0, 17, ABalppppppa, 5828, 0, 0, 0, , 0, 0, 0, 0, 0, 
450, 1, 449, 450, 588, 297, 314, 22.0, 17, ABalppppppp, 6603, 0, 0, 0, , 0, 0, 0, 0, 0, 
451, 1, 450, 451, -1, 349, 264, 24.0, 13, ABalppppapp, 4444, 0, 0, 0, , 0, 0, 0, 0, 0, 
452, 1, 451, 452, -1, 315, 280, 22.0, 17, ABalppppaav, 3516, 0, 0, 0, , 0, 0, 0, 0, 0, 
453, 1, 452, 453, -1, 341, 279, 16.0, 13, ABalpppaaaa, 5528, 0, 0, 0, , 0, 0, 0, 0, 0, 
454, 1, 453, 454, -1, 325, 278, 12.0, 11, ABalpppaaap, 3753, 0, 0, 0, , 0, 0, 0, 0, 0, 
455, 1, 454, 455, -1, 349, 278, 19.0, 15, ABalpppaapd, 6135, 0, 0, 0, , 0, 0, 0, 0, 0, 
456, 1, 455, 456, -1, 346, 281, 22.0, 13, ABalpppaapv, 4569, 0, 0, 0, , 0, 0, 0, 0, 0, 
457, 1, 456, 457, -1, 323, 289, 16.0, 13, ABalpppapad, 3496, 0, 0, 0, , 0, 0, 0, 0, 0, 
458, 1, 457, 458, -1, 316, 298, 15.0, 13, ABalpppapav, 3791, 0, 0, 0, , 0, 0, 0, 0, 0, 
459, 1, 458, 459, -1, 352, 260, 17.0, 15, ABalaaapalr, 5292, 0, 0, 0, , 0, 0, 0, 0, 0, 
460, 1, 459, 460, -1, 341, 257, 13.0, 11, ABalppaaaa, 4998, 0, 0, 0, , 0, 0, 0, 0, 0, 
461, 1, 460, 461, -1, 334, 263, 11.0, 13, ABalppaaapp, 3998, 0, 0, 0, , 0, 0, 0, 0, 0, 
462, 1, 461, 462, -1, 280, 286, 10.0, 15, ABalppaappp, 5720, 0, 0, 0, , 0, 0, 0, 0, 0, 
463, 1, 462, 463, -1, 308, 266, 9.0, 13, ABalppaapa, 5690, 0, 0, 0, , 0, 0, 0, 0, 0, 
464, 1, 463, 464, -1, 308, 287, 17.0, 15, ABplpaaaaap, 5353, 0, 0, 0, , 0, 0, 0, 0, 0, 
465, 1, 464, 465, -1, 301, 273, 12.0, 11, ABalppapppa, 3937, 0, 0, 0, , 0, 0, 0, 0, 0, 
466, 1, 465, 466, -1, 317, 268, 14.0, 17, ABalppappap, 4816, 0, 0, 0, , 0, 0, 0, 0, 0, 
467, 1, 466, 467, -1, 329, 258, 15.0, 13, ABalppappaa, 4549, 0, 0, 0, , 0, 0, 0, 0, 0, 
468, 1, 467, 468, -1, 285, 261, 10.0, 15, ABalppapapa, 5939, 0, 0, 0, , 0, 0, 0, 0, 0, 
469, 1, 468, 469, -1, 271, 278, 10.0, 13, ABalppapapp, 5420, 0, 0, 0, , 0, 0, 0, 0, 0, 
470, 1, 469, 470, -1, 321, 253, 11.0, 13, ABalppapaaa, 5348, 0, 0, 0, , 0, 0, 0, 0, 0, 
471, 1, 470, 471, -1, 305, 255, 10.0, 13, ABalppapaap, 4032, 0, 0, 0, , 0, 0, 0, 0, 0, 
472, 1, 471, 472, -1, 236, 293, 11.0, 15, ABalpapapap, 6862, 0, 0, 0, , 0, 0, 0, 0, 0, 
473, 1, 472, 473, -1, 248, 277, 10.0, 15, ABalpapapaa, 7346, 0, 0, 0, , 0, 0, 0, 0, 0, 
474, 1, 473, 474, -1, 207, 300, 12.0, 13, ABalpapappa, 6023, 0, 0, 0, , 0, 0, 0, 0, 0, 
475, 1, 474, 475, -1, 220, 303, 13.0, 15, ABalpapappp, 5242, 0, 0, 0, , 0, 0, 0, 0, 0, 
476, 1, 475, 476, -1, 262, 246, 10.0, 17, ABalpapaapp, 6050, 0, 0, 0, , 0, 0, 0, 0, 0, 
477, 1, 476, 477, -1, 281, 234, 9.0, 15, ABalpapaapa, 6812, 0, 0, 0, , 0, 0, 0, 0, 0, 
478, 1, 477, 478, -1, 295, 246, 9.0, 15, ABalpapaaaa, 6838, 0, 0, 0, , 0, 0, 0, 0, 0, 
479, 1, 478, 479, -1, 272, 259, 10.0, 14, ABalpapaaap, 4150, 0, 0, 0, , 0, 0, 0, 0, 0, 
480, 1, 479, 480, -1, 293, 244, 14.0, 13, ABalpaaaaap, 6635, 0, 0, 0, , 0, 0, 0, 0, 0, 
481, 1, 480, 481, -1, 277, 237, 17.0, 13, ABalpappaaa, 5774, 0, 0, 0, , 0, 0, 0, 0, 0, 
482, 1, 481, 482, -1, 221, 258, 17.0, 15, ABalpappapp, 7009, 0, 0, 0, , 0, 0, 0, 0, 0, 
483, 1, 482, 483, -1, 275, 266, 17.0, 13, ABalpapppaa, 6330, 0, 0, 0, , 0, 0, 0, 0, 0, 
484, 1, 483, 484, -1, 262, 250, 20.0, 13, ABalpapppap, 6056, 0, 0, 0, , 0, 0, 0, 0, 0, 
485, 1, 484, 485, -1, 297, 250, 17.0, 13, ABalpaaapaa, 5002, 0, 0, 0, , 0, 0, 0, 0, 0, 
486, 1, 485, 486, -1, 291, 259, 20.0, 13, ABalpaaapap, 3072, 0, 0, 0, , 0, 0, 0, 0, 0, 
487, 1, 486, 487, -1, 287, 246, 14.0, 19, ABalpaaaapp, 11577, 0, 0, 0, , 0, 0, 0, 0, 0, 
488, 1, 487, 488, -1, 298, 241, 12.0, 13, ABalpaaaapa, 4134, 0, 0, 0, , 0, 0, 0, 0, 0, 
489, 1, 488, 489, -1, 281, 251, 17.0, 15, ABalpappaap, 7671, 0, 0, 0, , 0, 0, 0, 0, 0, 
490, 1, 489, 490, -1, 308, 237, 14.0, 15, ABalpaaaaaa, 6084, 0, 0, 0, , 0, 0, 0, 0, 0, 
491, 1, 490, 491, -1, 334, 223, 14.0, 13, ABalpaapppa, 4424, 0, 0, 0, , 0, 0, 0, 0, 0, 
492, 1, 491, 492, -1, 326, 238, 12.0, 13, ABalpaapppp, 4024, 0, 0, 0, , 0, 0, 0, 0, 0, 
493, 1, 492, 493, -1, 323, 223, 14.0, 11, ABalpaappaa, 3772, 0, 0, 0, , 0, 0, 0, 0, 0, 
494, 1, 493, 494, -1, 313, 231, 11.0, 11, ABalpaappap, 3822, 0, 0, 0, , 0, 0, 0, 0, 0, 
495, 1, 494, 495, -1, 295, 243, 21.0, 15, ABalpaapapa, 2461, 0, 0, 0, , 0, 0, 0, 0, 0, 
496, 1, 495, 496, -1, 311, 242, 20.0, 15, ABalpaapaap, 4773, 0, 0, 0, , 0, 0, 0, 0, 0, 
497, 1, 496, 497, -1, 314, 231, 19.0, 13, ABalpaapaaa, 5599, 0, 0, 0, , 0, 0, 0, 0, 0, 
498, 0, -1, -1, -1, 172, 259, 28.0, 17, , 11801, 0, 0, 0, , 0, 0, 0, 0, 0, 
499, 1, 498, 499, -1, 149, 303, 25.0, 15, Ealpp, 6192, 0, 0, 0, , 0, 0, 0, 0, 0, 
500, 1, 499, 500, -1, 199, 254, 26.0, 17, Earaa, 5343, 0, 0, 0, , 0, 0, 0, 0, 0, 
501, 1, 500, 501, -1, 144, 273, 26.0, 19, Earpp, 10762, 0, 0, 0, , 0, 0, 0, 0, 0, 
502, 1, 501, 502, -1, 175, 285, 26.0, 21, Ealap, 11409, 0, 0, 0, , 0, 0, 0, 0, 0, 
503, 1, 502, 503, -1, 205, 278, 26.0, 23, Ealaa, 19465, 0, 0, 0, , 0, 0, 0, 0, 0, 
504, 1, 503, 504, -1, 156, 294, 28.0, 17, Eplaa, 3997, 0, 0, 0, , 0, 0, 0, 0, 0, 
505, 1, 504, 505, -1, 123, 303, 25.0, 19, Eplap, 65535, 0, 0, 0, , 0, 0, 0, 0, 0, 
506, 1, 505, 506, -1, 113, 278, 20.0, 23, Eprpp, 8801, 0, 0, 0, , 0, 0, 0, 0, 0, 
507, 1, 506, 507, -1, 187, 336, 27.0, 15, Dapap, 5752, 0, 0, 0, , 0, 0, 0, 0, 0, 
508, 1, 507, 508, -1, 222, 320, 23.0, 17, Dapaa, 7106, 0, 0, 0, , 0, 0, 0, 0, 0, 
509, 1, 508, 509, -1, 226, 287, 25.0, 15, MSaapaapp, 4302, 0, 0, 0, , 0, 0, 0, 0, 0, 
510, 1, 509, 510, -1, 234, 267, 24.0, 14, MSaapaapa, 4024, 0, 0, 0, , 0, 0, 0, 0, 0, 
511, 1, 510, 511, -1, 169, 201, 32.0, 13, ABarpppapp, 5169, 0, 0, 0, , 0, 0, 0, 0, 0, 
512, 1, 511, 512, -1, 238, 307, 15.0, 13, ABplppaapap, 5010, 0, 0, 0, , 0, 0, 0, 0, 0, 
513, 1, 512, 513, -1, 240, 306, 13.0, 11, ABplppaapaa, 5190, 0, 0, 0, , 0, 0, 0, 0, 0, 
514, 1, 513, 514, -1, 83, 322, 27.0, 21, Cpapap, 24210, 0, 0, 0, , 0, 0, 0, 0, 0, 
515, 1, 514, 515, -1, 341, 247, 16.0, 13, ABalaaaalar, 3751, 0, 0, 0, , 0, 0, 0, 0, 0, 
516, 1, 515, 516, -1, 335, 234, 17.0, 13, ABalaaaalal, 3547, 0, 0, 0, , 0, 0, 0, 0, 0, 
517, 1, 516, 517, -1, 290, 172, 32.0, 15, ABarpappaa, 4992, 0, 0, 0, , 0, 0, 0, 0, 0, 
518, 1, 517, 518, -1, 95, 263, 30.0, 17, Cppppaa, 6456, 0, 0, 0, , 0, 0, 0, 0, 0, 
519, 1, 518, 519, -1, 78, 278, 26.0, 17, Cppppap, 5581, 0, 0, 0, , 0, 0, 0, 0, 0, 
520, 1, 519, 520, -1, 98, 285, 15.0, 19, Cpppppv, 3668, 0, 0, 0, , 0, 0, 0, 0, 0, 
521, 1, 520, 521, -1, 182, 257, 21.0, 21, Earpa, 22677, 0, 0, 0, , 0, 0, 0, 0, 0, 
522, 1, 521, 522, -1, 284, 200, 31.0, 15, MSppappp, 5065, 0, 0, 0, , 0, 0, 0, 0, 0, 
523, 1, 522, 523, -1, 112, 279, 23.0, 19, Eprpa, 11060, 0, 0, 0, , 0, 0, 0, 0, 0, 
524, 1, 523, 524, -1, 248, 244, 35.0, 19, ABarpaappa, 37360, 0, 0, 0, , 0, 0, 0, 0, 0, 
525, 1, 524, 525, -1, 243, 314, 33.0, 17, ABarppaapa, 4688, 0, 0, 0, , 0, 0, 0, 0, 0, 
526, 0, 525, -1, -1, 119, 307, 19.0, 15, , 5697, 0, 0, 0, , 0, 0, 0, 0, 0, 
527, 1, 526, 526, -1, 116, 301, 19.0, 27, Eplpp, 6860, 0, 0, 0, , 0, 0, 0, 0, 0, 
528, 1, 527, 527, -1, 199, 272, 19.0, 13, MSaappap, 3065, 0, 0, 0, , 0, 0, 0, 0, 0, 
529, 1, 528, 528, -1, 166, 292, 17.0, 23, Z3, 9464, 0, 0, 0, , 0, 0, 0, 0, 0, 
530, 1, 529, 529, -1, 265, 187, 9.0, 13, ABalaapappa, 3684, 0, 0, 0, , 0, 0, 0, 0, 0, 
531, 1, 530, 530, -1, 162, 271, 29.0, 19, Epraa, 6474, 0, 0, 0, , 0, 0, 0, 0, 0, 
532, 1, 531, 531, -1, 124, 295, 9.0, 15, ABplpppapap, 4557, 0, 0, 0, , 0, 0, 0, 0, 0, 
533, 1, 532, 532, -1, 222, 324, 15.0, 15, ABplppapaaa, 6806, 0, 0, 0, , 0, 0, 0, 0, 0, 
534, 1, 533, 533, -1, 337, 242, 19.0, 15, ABalaaapall, 8088, 0, 0, 0, , 0, 0, 0, 0, 0, 
535, 1, 534, 534, -1, 126, 280, 27.0, 17, Eprap, 6986, 0, 0, 0, , 0, 0, 0, 0, 0, 
536, 1, 535, 535, -1, 266, 191, 16.0, 13, ABprpaaaaaa, 6359, 0, 0, 0, , 0, 0, 0, 0, 0, 
537, 1, 536, 536, -1, 132, 245, 16.0, 15, MSpappap, 4750, 0, 0, 0, , 0, 0, 0, 0, 0, 
538, 1, 537, 537, -1, 219, 240, 28.0, 14, MSpaapapp, 2327, 0, 0, 0, , 0, 0, 0, 0, 0, 
539, 0, 538, -1, -1, 203, 254, 28.0, 21, , 11296, 0, 0, 0, , 0, 0, 0, 0, 0, 
540, 1, 539, 539, -1, 77, 291, 19.0, 15, Cpppppd, 6007, 0, 0, 0, , 0, 0, 0, 0, 0, 
541, 1, 540, 540, -1, 272, 302, 30.0, 11, ABplapaaaaa, 4209, 0, 0, 0, , 0, 0, 0, 0, 0, 
542, 1, 153, 541, -1, 227, 274, 12.0, 13, ABplpappaap, 3605, 0, 0, 0, , 0, 0, 0, 0, 0, 
543, 1, 542, 542, -1, 261, 310, 30.0, 15, ABplapaaaap, 5525, 0, 0, 0, , 0, 0, 0, 0, 0, 
544, 1, 543, 543, -1, 350, 265, 15.0, 13, ABalppaaapa, 6209, 0, 0, 0, , 0, 0, 0, 0, 0, 
545, 1, 544, 544, -1, 258, 257, 16.0, 17, ABalpappppp, 6743, 0, 0, 0, , 0, 0, 0, 0, 0, 
546, 1, 545, 545, -1, 152, 248, 18.0, 19, Z2, 25262, 0, 0, 0, , 0, 0, 0, 0, 0, 
547, 1, 546, 546, -1, 351, 208, 22.0, 15, ABalaaaparr, 3723, 0, 0, 0, , 0, 0, 0, 0, 0, 
548, 1, 547, 547, -1, 348, 227, 21.0, 13, ABalaaaparl, 4794, 0, 0, 0, , 0, 0, 0, 0, 0, 
549, 1, 548, 548, -1, 265, 268, 21.0, 13, ABalpaaappp, 4157, 0, 0, 0, , 0, 0, 0, 0, 0, 
550, 1, 549, 549, -1, 280, 263, 20.0, 13, ABalpaaappa, 6194, 0, 0, 0, , 0, 0, 0, 0, 0, 
551, 0, -1, -1, -1, 196, 276, 22.0, 13, , 2799, 0, 0, 0, , 0, 0, 0, 0, 0, 
552, 1, 551, 551, -1, 205, 244, 13.0, 17, ABprpappapa, 3745, 0, 0, 0, , 0, 0, 0, 0, 0, 
553, 0, 552, -1, -1, 167, 287, 16.0, 13, , 3214, 0, 0, 0, , 0, 0, 0, 0, 0, 
554, 1, 553, 553, -1, 137, 330, 31.0, 17, Cappaap, 5573, 0, 0, 0, , 0, 0, 0, 0, 0, 
555, 1, 620, 554, -1, 268, 245, 11.0, 17, ABalpappapa, 6024, 0, 0, 0, , 0, 0, 0, 0, 0, 
556, 1, 555, 555, -1, 239, 240, 13.0, 15, ABarapapppa, 5691, 0, 0, 0, , 0, 0, 0, 0, 0, 
557, 0, 556, -1, -1, 184, 261, 23.0, 15, , 9538, 0, 0, 0, , 0, 0, 0, 0, 0, 
558, 1, 557, 557, -1, 310, 205, 32.0, 11, ABalapppapp, 1885, 0, 0, 0, , 0, 0, 0, 0, 0, 
559, 1, 558, 558, -1, 223, 231, 23.0, 15, MSpapaapa, 4355, 0, 0, 0, , 0, 0, 0, 0, 0, 
560, 1, 559, 559, -1, 278, 163, 26.0, 13, ABpraapaapp, 4772, 0, 0, 0, , 0, 0, 0, 0, 0, 
561, 1, 560, 560, -1, 308, 179, 27.0, 11, ABalapppppa, 1790, 0, 0, 0, , 0, 0, 0, 0, 0, 
562, 1, 561, 561, -1, 303, 220, 12.0, 13, ABarapaaaaa, 5119, 0, 0, 0, , 0, 0, 0, 0, 0, 
563, 0, 562, -1, -1, 91, 319, 17.0, 15, , 4541, 0, 0, 0, , 0, 0, 0, 0, 0, 
564, 1, 563, 563, -1, 289, 265, 12.0, 15, ABalppapppp, 6266, 0, 0, 0, , 0, 0, 0, 0, 0, 
565, 1, 564, 564, -1, 343, 189, 22.0, 15, ABalaaappll, 3832, 0, 0, 0, , 0, 0, 0, 0, 0, 
566, 0, 565, -1, -1, 171, 284, 25.0, 15, , 14309, 0, 0, 0, , 0, 0, 0, 0, 0, 
567, 1, 566, 566, -1, 102, 247, 27.0, 15, Cppapap, 5068, 0, 0, 0, , 0, 0, 0, 0, 0, 
568, 0, 567, -1, -1, 118, 277, 21.0, 19, , 7886, 0, 0, 0, , 0, 0, 0, 0, 0, 
569, 1, 568, 568, -1, 246, 227, 20.0, 15, ABarapaappp, 7940, 0, 0, 0, , 0, 0, 0, 0, 0, 
570, 1, 569, 569, -1, 307, 272, 21.0, 15, ABalppppaad, 3011, 0, 0, 0, , 0, 0, 0, 0, 0, 
571, 0, 570, -1, -1, 261, 271, 28.0, 15, , 1634, 0, 0, 0, , 0, 0, 0, 0, 0, 
572, 0, 571, -1, -1, 265, 311, 14.0, 11, , 918, 0, 0, 0, , 0, 0, 0, 0, 0, 
573, 1, 572, 572, -1, 309, 278, 10.0, 19, ABalppaappa, 4498, 0, 0, 0, , 0, 0, 0, 0, 0, 
574, 1, 573, 573, -1, 278, 259, 23.0, 17, ABalpaapapp, 5694, 0, 0, 0, , 0, 0, 0, 0, 0, 
575, 1, 574, 574, -1, 153, 341, 22.0, 15, Capaap, 5849, 0, 0, 0, , 0, 0, 0, 0, 0, 
576, 1, 575, 575, -1, 131, 324, 13.0, 17, ABplpppaapa, 5802, 0, 0, 0, , 0, 0, 0, 0, 0, 
577, 1, 576, 576, -1, 323, 242, 34.0, 15, ABarpaaaapp, 4246, 0, 0, 0, , 0, 0, 0, 0, 0, 
578, 0, 577, -1, -1, 346, 209, 25.0, 11, , 1792, 0, 0, 0, , 0, 0, 0, 0, 0, 
579, 0, 578, -1, -1, 204, 277, 28.0, 19, , 10554, 0, 0, 0, , 0, 0, 0, 0, 0, 
580, 0, 579, -1, -1, 112, 302, 18.0, 19, , 26796, 0, 0, 0, , 0, 0, 0, 0, 0, 
581, 1, 580, 580, -1, 195, 176, 17.0, 17, ABpraapppa, 6423, 0, 0, 0, , 0, 0, 0, 0, 0, 
582, 0, 581, -1, -1, 108, 279, 20.0, 15, , 7303, 0, 0, 0, , 0, 0, 0, 0, 0, 
583, 1, 582, 582, -1, 217, 230, 17.0, 15, MSpapaaaa, 5863, 0, 0, 0, , 0, 0, 0, 0, 0, 
584, 1, 583, 583, -1, 202, 184, 14.0, 11, ABprppaaap, 2585, 0, 0, 0, , 0, 0, 0, 0, 0, 
585, 1, 584, 584, -1, 179, 219, 19.0, 19, MSpapppa, 11053, 0, 0, 0, , 0, 0, 0, 0, 0, 
586, 1, 585, 585, -1, 272, 260, 35.0, 21, ABarpaapap, 5379, 0, 0, 0, , 0, 0, 0, 0, 0, 
587, 1, 586, 586, -1, 264, 188, 19.0, 13, ABprpaapaaa, 7229, 0, 0, 0, , 0, 0, 0, 0, 0, 
588, 1, 554, 587, -1, 267, 247, 13.0, 13, ABalpappppa, 7213, 0, 0, 0, , 0, 0, 0, 0, 0, 
589, 0, 588, -1, -1, 289, 318, 22.0, 15, , 4349, 0, 0, 0, , 0, 0, 0, 0, 0, 
590, 0, 589, -1, -1, 122, 294, 9.0, 15, , 3863, 0, 0, 0, , 0, 0, 0, 0, 0, 
591, 1, 590, 590, -1, 108, 305, 9.0, 11, ABprpppapp, 4444, 0, 0, 0, , 0, 0, 0, 0, 0, 
592, 1, 591, 591, -1, 257, 316, 17.0, 13, ABplppaaaap, 4551, 0, 0, 0, , 0, 0, 0, 0, 0, 
593, 0, 592, -1, -1, 160, 295, 28.0, 23, , 20804, 0, 0, 0, , 0, 0, 0, 0, 0, 
594, 1, 593, 593, -1, 76, 278, 30.0, 16, Caaapp, 2625, 0, 0, 0, , 0, 0, 0, 0, 0, 
595, 0, 594, -1, -1, 202, 199, 11.0, 11, , 1091, 0, 0, 0, , 0, 0, 0, 0, 0, 
596, 1, 595, 595, -1, 210, 266, 13.0, 11, ABplpappap, 4646, 0, 0, 0, , 0, 0, 0, 0, 0, 
597, 0, 596, -1, -1, 126, 279, 27.0, 19, , 5807, 0, 0, 0, , 0, 0, 0, 0, 0, 
598, 1, 599, 597, -1, 100, 262, 33.0, 18, Caaapa, 1829, 0, 0, 0, , 0, 0, 0, 0, 0, 
599, 0, 600, -1, -1, 232, 191, 10.0, 13, , 3960, 0, 0, 0, , 0, 0, 0, 0, 0, 
600, 1, 601, 599, -1, 278, 173, 12.0, 13, ABalaappaa, 5263, 0, 0, 0, , 0, 0, 0, 0, 0, 
601, 0, 602, -1, -1, 164, 274, 30.0, 17, , 10103, 0, 0, 0, , 0, 0, 0, 0, 0, 
602, 0, 603, -1, -1, 274, 289, 28.0, 11, , 768, 0, 0, 0, , 0, 0, 0, 0, 0, 
603, 1, 604, 602, -1, 114, 331, 32.0, 13, Cpaapp, 2592, 0, 0, 0, , 0, 0, 0, 0, 0, 
604, 0, -1, -1, -1, 313, 190, 15.0, 19, , 4441, 0, 0, 0, , 0, 0, 0, 0, 0, 
605, 1, 605, 604, -1, 333, 201, 28.0, 13, ABarpaaaaal, 4315, 0, 0, 0, , 0, 0, 0, 0, 0, 
606, 0, -1, -1, -1, 229, 164, 23.0, 17, , 2251, 0, 0, 0, , 0, 0, 0, 0, 0, 
607, 1, 606, 608, -1, 207, 218, 35.090908, 20, ABarpppapa, 1967, 0, 0, 0, , 0, 0, 0, 0, 0, 
608, 1, 607, 615, -1, 186, 320, 34.0, 18, Cpaaap, 0, 0, 0, 0, , 0, 0, 0, 0, 0, 
609, 1, 608, 616, -1, 222, 295, 33.0, 15, Cpaaaa, 0, 0, 0, 0, , 0, 0, 0, 0, 0, 
610, 0, 609, -1, -1, 134, 305, 33.0, 15, , 0, 0, 0, 0, , 0, 0, 0, 0, 0, 
611, 1, 610, 618, -1, 143, 244, 33.0, 15, Caaaap, 0, 0, 0, 0, , 0, 0, 0, 0, 0, 
612, 1, 597, 619, -1, 209, 330, 33.0, 17, Caaaaa, 1131, 0, 0, 0, , 0, 0, 0, 0, 0, 
613, 1, 611, 606, -1, 103, 302, 14.0, 16, Caapaa, 4151, 0, 0, 0, , 0, 0, 0, 0, 0, 
614, 1, 612, 414, -1, 92, 297, 12.5, 13, Caapap, 0, 0, 0, 0, , 0, 0, 0, 0, 0, 
615, 1, 613, 621, -1, 291, 178, 29.545454, 13, ABalapppppp, 906, 0, 0, 0, , 0, 0, 0, 0, 0, 
616, 1, 614, 622, -1, 285, 186, 17.615385, 12, ABalaapppap, 2552, 0, 0, 0, , 0, 0, 0, 0, 0, 
617, 1, 615, 623, -1, 311, 236, 16.0, 11, ABaraaaaaaa, 0, 0, 0, 0, , 0, 0, 0, 0, 0, 
618, 1, 616, 624, -1, 222, 206, 17.6, 11, MSpppapa, 1771, 0, 0, 0, , 0, 0, 0, 0, 0, 
619, 1, 369, 611, -1, 247, 292, 18.0, 10, MSappapp, 1690, 0, 0, 0, , 0, 0, 0, 0, 0, 
620, 1, 617, 625, -1, 261, 273, 27.0, 13, MSaaapapa, 0, 0, 0, 0, , 0, 0, 0, 0, 0, 
621, 1, 618, 626, -1, 335, 257, 19.666666, 15, ABalapaappa, 0, 0, 0, 0, , 0, 0, 0, 0, 0, 
622, 1, 619, 627, -1, 323, 234, 29.0, 15, ABalapapapa, 0, 0, 0, 0, , 0, 0, 0, 0, 0, 
623, 1, 621, 628, -1, 294, 246, 27.0, 13, MSaaapaaa, 0, 0, 0, 0, , 0, 0, 0, 0, 0, 
624, 0, 622, -1, -1, 345, 208, 25.0, 15, , 0, 0, 0, 0, , 0, 0, 0, 0, 0, 
625, 0, 623, -1, -1, 247, 199, 10.898876, 13, , 0, 0, 0, 0, , 0, 0, 0, 0, 0, 
626, 1, 624, 631, -1, 236, 189, 10.0, 13, ABalaapappp, 0, 0, 0, 0, , 0, 0, 0, 0, 0, 
627, 1, 625, 632, -1, 277, 192, 26.666666, 12, ABarpapaapa, 3800, 0, 0, 0, , 0, 0, 0, 0, 0, 
628, 0, 622, -1, -1, 342, 207, 26.0, 15, , 0, 0, 0, 0, , 0, 0, 0, 0, 0, 
629, 1, 626, 634, -1, 136, 317, 35.75, 15, Cpaapa, 0, 0, 0, 0, , 0, 0, 0, 0, 0, 
