1, 1, 1, 1, -1, 305, 211, 23.0, 15, ABaraappaaa, 10031, 0, 0, 0, , 0, 0, 0, 0, 0, 
2, 1, 2, 2, -1, 299, 215, 24.0, 13, ABaraappaap, 5113, 0, 0, 0, , 0, 0, 0, 0, 0, 
3, 1, 3, 3, -1, 264, 215, 26.0, 17, ABaraappapp, 18169, 0, 0, 0, , 0, 0, 0, 0, 0, 
4, 1, 4, 4, -1, 287, 212, 24.0, 15, ABaraappapa, 7055, 0, 0, 0, , 0, 0, 0, 0, 0, 
5, 1, 5, 5, -1, 230, 234, 27.0, 13, MSpaapapa, 3656, 0, 0, 0, , 0, 0, 0, 0, 0, 
6, 1, 6, 6, -1, 244, 219, 24.0, 17, ABaraapppaa, 7916, 0, 0, 0, , 0, 0, 0, 0, 0, 
7, 1, 7, 7, -1, 233, 239, 21.0, 13, ABaraappppp, 5336, 0, 0, 0, , 0, 0, 0, 0, 0, 
8, 1, 8, 8, -1, 251, 276, 21.0, 13, ABaraapappa, 6969, 0, 0, 0, , 0, 0, 0, 0, 0, 
9, 1, 9, 9, -1, 240, 255, 22.0, 15, ABaraapappp, 7543, 0, 0, 0, , 0, 0, 0, 0, 0, 
10, 1, 10, 10, -1, 252, 272, 26.0, 19, ABaraapapap, 7827, 0, 0, 0, , 0, 0, 0, 0, 0, 
11, 1, 11, 11, -1, 263, 273, 24.0, 17, ABaraapapaa, 9597, 0, 0, 0, , 0, 0, 0, 0, 0, 
12, 1, 12, 12, -1, 312, 223, 22.0, 15, ABaraapaaaa, 7549, 0, 0, 0, , 0, 0, 0, 0, 0, 
13, 1, 13, 13, -1, 306, 231, 24.0, 15, ABaraapaaap, 7560, 0, 0, 0, , 0, 0, 0, 0, 0, 
14, 1, 14, 14, -1, 287, 258, 27.0, 15, ABaraapaapp, 9730, 0, 0, 0, , 0, 0, 0, 0, 0, 
15, 1, 15, 15, -1, 299, 243, 24.0, 15, ABaraapaapa, 7745, 0, 0, 0, , 0, 0, 0, 0, 0, 
16, 1, 16, 16, -1, 304, 219, 11.0, 15, ABaraaappap, 4337, 0, 0, 0, , 0, 0, 0, 0, 0, 
17, 1, 17, 17, -1, 319, 215, 13.0, 15, ABaraaappaa, 4299, 0, 0, 0, , 0, 0, 0, 0, 0, 
18, 1, 18, 18, -1, 316, 205, 13.0, 17, ABaraaapppa, 10749, 0, 0, 0, , 0, 0, 0, 0, 0, 
19, 1, 19, 19, -1, 286, 212, 9.0, 13, ABaraaapppp, 4623, 0, 0, 0, , 0, 0, 0, 0, 0, 
20, 1, 20, 20, -1, 300, 212, 18.0, 13, ABaraaapaaa, 4919, 0, 0, 0, , 0, 0, 0, 0, 0, 
21, 1, 21, 21, -1, 275, 210, 22.0, 17, ABaraaapapa, 4917, 0, 0, 0, , 0, 0, 0, 0, 0, 
22, 1, 22, 22, -1, 293, 206, 21.0, 13, ABaraaapaap, 6374, 0, 0, 0, , 0, 0, 0, 0, 0, 
23, 1, 23, 23, -1, 261, 220, 23.0, 15, ABaraaapapp, 4829, 0, 0, 0, , 0, 0, 0, 0, 0, 
24, 1, 24, 24, -1, 290, 235, 18.0, 11, ABaraaaaaap, 3673, 0, 0, 0, , 0, 0, 0, 0, 0, 
25, 1, 25, 25, -1, 287, 219, 18.0, 11, ABaraaaaapp, 2404, 0, 0, 0, , 0, 0, 0, 0, 0, 
26, 1, 26, 26, -1, 305, 216, 15.0, 13, ABaraaaaapa, 3311, 0, 0, 0, , 0, 0, 0, 0, 0, 
27, 1, 27, 27, -1, 287, 236, 27.0, 15, ABaraaaapp, 4577, 0, 0, 0, , 0, 0, 0, 0, 0, 
28, 1, 28, 28, -1, 314, 216, 19.0, 13, ABaraaaapap, 3961, 0, 0, 0, , 0, 0, 0, 0, 0, 
29, 1, 29, 29, -1, 329, 212, 17.0, 11, ABaraaaapaa, 3176, 0, 0, 0, , 0, 0, 0, 0, 0, 
30, 1, 30, 30, -1, 221, 255, 15.0, 17, ABarapapapp, 12410, 0, 0, 0, , 0, 0, 0, 0, 0, 
31, 1, 31, 31, -1, 258, 237, 12.0, 15, ABarapapapa, 4495, 0, 0, 0, , 0, 0, 0, 0, 0, 
32, 1, 32, 32, -1, 261, 222, 17.0, 15, ABarapapaap, 7032, 0, 0, 0, , 0, 0, 0, 0, 0, 
33, 1, 33, 33, -1, 252, 238, 14.0, 11, ABarapapaaa, 8438, 0, 0, 0, , 0, 0, 0, 0, 0, 
34, 1, 34, 34, -1, 251, 212, 18.0, 15, ABarapappaa, 7022, 0, 0, 0, , 0, 0, 0, 0, 0, 
35, 1, 35, 35, -1, 243, 232, 18.0, 15, ABarapappap, 8765, 0, 0, 0, , 0, 0, 0, 0, 0, 
36, 1, 36, 36, -1, 271, 229, 13.0, 11, ABarapaaapp, 6580, 0, 0, 0, , 0, 0, 0, 0, 0, 
37, 1, 37, 37, -1, 285, 223, 13.0, 13, ABarapaaapa, 9964, 0, 0, 0, , 0, 0, 0, 0, 0, 
38, 1, 38, 38, -1, 281, 228, 15.0, 13, ABarapaaaap, 7968, 0, 0, 0, , 0, 0, 0, 0, 0, 
39, 1, 39, 39, -1, 275, 218, 17.0, 15, ABarapaapap, 5396, 0, 0, 0, , 0, 0, 0, 0, 0, 
40, 1, 40, 40, -1, 275, 208, 19.0, 13, ABarapaapaa, 7382, 0, 0, 0, , 0, 0, 0, 0, 0, 
41, 1, 41, 41, -1, 262, 208, 21.0, 17, ABarapaappa, 9729, 0, 0, 0, , 0, 0, 0, 0, 0, 
42, 1, 42, 42, -1, 255, 211, 11.0, 13, ABarapppapa, 6921, 0, 0, 0, , 0, 0, 0, 0, 0, 
43, 1, 43, 43, -1, 239, 215, 10.0, 13, ABarapppapp, 3738, 0, 0, 0, , 0, 0, 0, 0, 0, 
44, 1, 44, 44, -1, 296, 198, 12.0, 13, ABarapppaaa, 3759, 0, 0, 0, , 0, 0, 0, 0, 0, 
45, 1, 45, 45, -1, 284, 199, 10.0, 13, ABarapppaap, 6925, 0, 0, 0, , 0, 0, 0, 0, 0, 
46, 1, 46, 46, -1, 278, 192, 13.0, 13, ABarappppap, 5137, 0, 0, 0, , 0, 0, 0, 0, 0, 
47, 1, 47, 47, -1, 289, 190, 15.0, 13, ABarappppaa, 4837, 0, 0, 0, , 0, 0, 0, 0, 0, 
48, 1, 48, 48, -1, 258, 196, 12.0, 14, ABarapppppa, 5149, 0, 0, 0, , 0, 0, 0, 0, 0, 
49, 1, 49, 49, -1, 252, 207, 13.0, 13, ABarapppppp, 6410, 0, 0, 0, , 0, 0, 0, 0, 0, 
50, 1, 50, 50, -1, 246, 227, 11.0, 13, ABarappaaap, 5891, 0, 0, 0, , 0, 0, 0, 0, 0, 
51, 1, 51, 51, -1, 274, 215, 11.0, 13, ABarappaaaa, 5678, 0, 0, 0, , 0, 0, 0, 0, 0, 
52, 1, 52, 52, -1, 262, 230, 10.0, 15, ABarappaapa, 6274, 0, 0, 0, , 0, 0, 0, 0, 0, 
53, 1, 53, 53, -1, 247, 243, 10.0, 13, ABarappaapp, 6235, 0, 0, 0, , 0, 0, 0, 0, 0, 
54, 1, 54, 54, -1, 217, 234, 11.0, 17, ABarappapap, 5328, 0, 0, 0, , 0, 0, 0, 0, 0, 
55, 1, 55, 55, -1, 230, 226, 10.0, 15, ABarappapaa, 6371, 0, 0, 0, , 0, 0, 0, 0, 0, 
56, 1, 56, 56, -1, 189, 230, 12.0, 13, ABarappappp, 6568, 0, 0, 0, , 0, 0, 0, 0, 0, 
57, 1, 57, 57, -1, 184, 242, 13.0, 15, ABarappappa, 6979, 0, 0, 0, , 0, 0, 0, 0, 0, 
58, 1, 58, 58, -1, 254, 165, 31.0, 15, ABarpapppa, 9723, 0, 0, 0, , 0, 0, 0, 0, 0, 
59, 1, 59, 59, -1, 228, 168, 30.0, 13, ABarpapppp, 2332, 0, 0, 0, , 0, 0, 0, 0, 0, 
60, 1, 60, 60, -1, 277, 167, 32.0, 13, ABarpappap, 3626, 0, 0, 0, , 0, 0, 0, 0, 0, 
61, 1, 61, 61, -1, 311, 188, 31.0, 13, ABarpapaaap, 4378, 0, 0, 0, , 0, 0, 0, 0, 0, 
62, 0, 62, -1, -1, 279, 186, 28.0, 13, , 4194, 0, 0, 0, , 0, 0, 0, 0, 0, 
63, 1, 63, 63, -1, 302, 196, 28.0, 13, ABarpapaapp, 3898, 0, 0, 0, , 0, 0, 0, 0, 0, 
64, 1, 64, 64, -1, 275, 227, 35.0, 21, ABarpapapp, 20970, 0, 0, 0, , 0, 0, 0, 0, 0, 
65, 1, 65, 65, -1, 321, 213, 34.0, 17, ABarpapapa, 6757, 0, 0, 0, , 0, 0, 0, 0, 0, 
66, 1, 66, 66, -1, 235, 246, 35.0, 19, ABarpaappp, 9637, 0, 0, 0, , 0, 0, 0, 0, 0, 
67, 1, 67, 67, -1, 287, 204, 35.0, 15, ABarpaapaa, 7653, 0, 0, 0, , 0, 0, 0, 0, 0, 
68, 1, 68, 68, -1, 342, 218, 30.0, 13, ABarpaaaaar, 4595, 0, 0, 0, , 0, 0, 0, 0, 0, 
69, 1, 69, 69, -1, 338, 219, 33.0, 15, ABarpaaaapa, 3907, 0, 0, 0, , 0, 0, 0, 0, 0, 
70, 1, 70, 70, -1, 303, 210, 35.0, 15, ABarpaaapp, 6246, 0, 0, 0, , 0, 0, 0, 0, 0, 
71, 1, 71, 71, -1, 336, 201, 32.0, 13, ABarpaaapaa, 3536, 0, 0, 0, , 0, 0, 0, 0, 0, 
72, 1, 72, 72, -1, 320, 187, 34.0, 17, ABarpaaapap, 5272, 0, 0, 0, , 0, 0, 0, 0, 0, 
73, 1, 73, 73, -1, 264, 335, 28.0, 15, ABarppaaap, 5071, 0, 0, 0, , 0, 0, 0, 0, 0, 
74, 1, 74, 74, -1, 223, 337, 27.0, 13, ABarppaapp, 5111, 0, 0, 0, , 0, 0, 0, 0, 0, 
75, 1, 75, 75, -1, 155, 358, 29.0, 17, ABarppappa, 5744, 0, 0, 0, , 0, 0, 0, 0, 0, 
76, 1, 76, 76, -1, 117, 363, 20.0, 15, ABarppappp, 5872, 0, 0, 0, , 0, 0, 0, 0, 0, 
77, 1, 77, 77, -1, 208, 351, 27.0, 15, ABarppapap, 5927, 0, 0, 0, , 0, 0, 0, 0, 0, 
78, 1, 78, 78, -1, 239, 339, 28.0, 17, ABarppapaa, 6128, 0, 0, 0, , 0, 0, 0, 0, 0, 
79, 1, 79, 79, -1, 110, 223, 26.0, 17, ABarpppppa, 6254, 0, 0, 0, , 0, 0, 0, 0, 0, 
80, 1, 80, 80, -1, 181, 187, 30.0, 15, ABarppppaa, 5649, 0, 0, 0, , 0, 0, 0, 0, 0, 
81, 1, 81, 81, -1, 154, 202, 32.0, 13, ABarppppap, 4657, 0, 0, 0, , 0, 0, 0, 0, 0, 
82, 1, 82, 82, -1, 207, 178, 32.0, 19, ABarpppaap, 13081, 0, 0, 0, , 0, 0, 0, 0, 0, 
83, 1, 83, 83, -1, 232, 199, 34.0, 13, ABarpppaaa, 4597, 0, 0, 0, , 0, 0, 0, 0, 0, 
84, 1, 84, 84, -1, 328, 192, 23.0, 13, ABalappppaa, 869, 0, 0, 0, , 0, 0, 0, 0, 0, 
85, 1, 85, 85, -1, 324, 179, 25.0, 13, ABalappppap, 1482, 0, 0, 0, , 0, 0, 0, 0, 0, 
86, 1, 86, 86, -1, 334, 214, 22.0, 11, ABalapppaaa, 2403, 0, 0, 0, , 0, 0, 0, 0, 0, 
87, 1, 87, 87, -1, 324, 203, 26.0, 11, ABalapppaap, 2495, 0, 0, 0, , 0, 0, 0, 0, 0, 
88, 1, 88, 88, -1, 324, 206, 28.0, 11, ABalapppapa, 1809, 0, 0, 0, , 0, 0, 0, 0, 0, 
89, 1, 89, 89, -1, 293, 181, 25.0, 11, ABalappapap, 2125, 0, 0, 0, , 0, 0, 0, 0, 0, 
90, 1, 90, 90, -1, 309, 190, 24.0, 13, ABalappapaa, 3348, 0, 0, 0, , 0, 0, 0, 0, 0, 
91, 1, 91, 91, -1, 337, 202, 25.0, 11, ABalappaaa, 3173, 0, 0, 0, , 0, 0, 0, 0, 0, 
92, 1, 92, 92, -1, 320, 180, 22.0, 15, ABalappappa, 1949, 0, 0, 0, , 0, 0, 0, 0, 0, 
93, 1, 93, 93, -1, 311, 174, 24.0, 11, ABalappappp, 1392, 0, 0, 0, , 0, 0, 0, 0, 0, 
94, 1, 633, 94, -1, 328, 260, 28.0, 15, ABalapapppa, 1229, 0, 0, 0, , 0, 0, 0, 0, 0, 
95, 0, -1, -1, -1, 328, 261, 29.0, 13, , 3879, 0, 0, 0, , 0, 0, 0, 0, 0, 
96, 1, 96, 96, -1, 342, 228, 23.0, 15, ABalapappaa, 2361, 0, 0, 0, , 0, 0, 0, 0, 0, 
97, 1, 97, 97, -1, 338, 241, 27.0, 13, ABalapappap, 3884, 0, 0, 0, , 0, 0, 0, 0, 0, 
98, 1, 98, 98, -1, 324, 225, 31.0, 11, ABalapapaa, 3420, 0, 0, 0, , 0, 0, 0, 0, 0, 
99, 1, 99, 99, -1, 324, 242, 30.0, 15, ABalapapapp, 3383, 0, 0, 0, , 0, 0, 0, 0, 0, 
100, 1, 100, 100, -1, 323, 268, 25.0, 11, ABalapaaaa, 3452, 0, 0, 0, , 0, 0, 0, 0, 0, 
101, 0, 100, -1, -1, 331, 263, 25.0, 17, , 5223, 0, 0, 0, , 0, 0, 0, 0, 0, 
102, 1, 101, 102, -1, 341, 241, 23.0, 15, ABalapaaapa, 5532, 0, 0, 0, , 0, 0, 0, 0, 0, 
103, 1, 102, 103, -1, 350, 260, 26.0, 15, ABalapaaapp, 4949, 0, 0, 0, , 0, 0, 0, 0, 0, 
104, 0, 103, -1, -1, 331, 258, 19.0, 15, , 4177, 0, 0, 0, , 0, 0, 0, 0, 0, 
105, 1, 104, 105, -1, 337, 255, 23.0, 15, ABalppppapa, 3962, 0, 0, 0, , 0, 0, 0, 0, 0, 
106, 1, 105, 106, -1, 326, 280, 18.0, 13, ABalapaapap, 3763, 0, 0, 0, , 0, 0, 0, 0, 0, 
107, 1, 106, 107, -1, 319, 266, 19.0, 11, ABalapaapaa, 3035, 0, 0, 0, , 0, 0, 0, 0, 0, 
108, 1, 107, 108, -1, 346, 267, 20.0, 15, ABalapaappp, 3130, 0, 0, 0, , 0, 0, 0, 0, 0, 
109, 1, 108, 109, 632, 312, 190, 15.0, 13, ABalaapaaa, 5552, 0, 0, 0, , 0, 0, 0, 0, 0, 
110, 1, 109, 110, -1, 241, 189, 10.0, 13, ABalaapapa, 6157, 0, 0, 0, , 0, 0, 0, 0, 0, 
111, 1, 110, 111, -1, 301, 192, 10.0, 15, ABalaapaapp, 3100, 0, 0, 0, , 0, 0, 0, 0, 0, 
112, 1, 111, 112, -1, 311, 184, 13.0, 17, ABalaapaapa, 3954, 0, 0, 0, , 0, 0, 0, 0, 0, 
113, 1, 112, 113, -1, 298, 177, 13.0, 11, ABalaappapa, 2373, 0, 0, 0, , 0, 0, 0, 0, 0, 
114, 1, 113, 114, -1, 284, 181, 10.0, 15, ABalaappapp, 3195, 0, 0, 0, , 0, 0, 0, 0, 0, 
115, 1, 114, 115, -1, 303, 179, 20.0, 17, ABalaappppp, 5453, 0, 0, 0, , 0, 0, 0, 0, 0, 
116, 1, 115, 116, -1, 298, 187, 19.0, 15, ABalaappppa, 2956, 0, 0, 0, , 0, 0, 0, 0, 0, 
117, 1, 116, 117, -1, 283, 172, 19.0, 11, ABalaapppaa, 3410, 0, 0, 0, , 0, 0, 0, 0, 0, 
118, 1, 117, 118, -1, 343, 249, 12.0, 13, ABalaaaalpp, 3625, 0, 0, 0, , 0, 0, 0, 0, 0, 
119, 1, 118, 119, -1, 349, 241, 15.0, 13, ABalaaaalpa, 5363, 0, 0, 0, , 0, 0, 0, 0, 0, 
120, 1, 119, 120, -1, 336, 202, 20.0, 13, ABalaaaarrp, 4087, 0, 0, 0, , 0, 0, 0, 0, 0, 
121, 1, 120, 121, -1, 328, 196, 17.0, 13, ABalaaaarra, 3688, 0, 0, 0, , 0, 0, 0, 0, 0, 
122, 1, 121, 122, -1, 341, 211, 17.0, 13, ABalaaaarlp, 3815, 0, 0, 0, , 0, 0, 0, 0, 0, 
123, 1, 122, 123, -1, 343, 224, 18.0, 13, ABalaaaarla, 4255, 0, 0, 0, , 0, 0, 0, 0, 0, 
124, 1, 123, 124, -1, 332, 184, 20.0, 13, ABalaaapplr, 3372, 0, 0, 0, , 0, 0, 0, 0, 0, 
125, 1, 124, 125, -1, 316, 194, 19.0, 13, ABalaaapprr, 4618, 0, 0, 0, , 0, 0, 0, 0, 0, 
126, 1, 125, 126, -1, 303, 174, 16.0, 15, ABalaaapprl, 6308, 0, 0, 0, , 0, 0, 0, 0, 0, 
127, 1, 637, 127, -1, 334, 216, 27.0, 13, ABalappaapa, 1635, 0, 0, 0, , 0, 0, 0, 0, 0, 
128, 1, 127, 128, -1, 150, 312, 11.0, 13, ABplppppapa, 3971, 0, 0, 0, , 0, 0, 0, 0, 0, 
129, 1, 128, 129, -1, 140, 299, 11.0, 13, ABplppppapp, 4396, 0, 0, 0, , 0, 0, 0, 0, 0, 
130, 1, 129, 130, -1, 157, 303, 14.0, 15, ABplppppaaa, 4694, 0, 0, 0, , 0, 0, 0, 0, 0, 
131, 1, 130, 131, -1, 146, 302, 15.0, 15, ABplppppaap, 4127, 0, 0, 0, , 0, 0, 0, 0, 0, 
132, 1, 131, 132, -1, 89, 318, 12.0, 19, ABplppppppp, 6744, 0, 0, 0, , 0, 0, 0, 0, 0, 
133, 1, 132, 133, -1, 95, 317, 11.0, 13, ABplppppppa, 3405, 0, 0, 0, , 0, 0, 0, 0, 0, 
134, 1, 133, 134, -1, 130, 314, 16.0, 13, ABplpppppap, 4361, 0, 0, 0, , 0, 0, 0, 0, 0, 
135, 1, 134, 135, -1, 145, 314, 18.0, 15, ABplpppppaa, 5887, 0, 0, 0, , 0, 0, 0, 0, 0, 
136, 1, 135, 136, -1, 132, 313, 10.0, 13, ABplpppapaa, 3699, 0, 0, 0, , 0, 0, 0, 0, 0, 
137, 1, 136, 137, -1, 123, 321, 12.0, 13, ABplpppaapp, 5014, 0, 0, 0, , 0, 0, 0, 0, 0, 
138, 1, 137, 138, -1, 169, 302, 11.0, 13, ABplpppaaaa, 4437, 0, 0, 0, , 0, 0, 0, 0, 0, 
139, 1, 138, 139, -1, 165, 323, 12.0, 17, ABplpppaaap, 3860, 0, 0, 0, , 0, 0, 0, 0, 0, 
140, 1, 139, 140, -1, 170, 319, 14.0, 13, ABplppapppp, 4423, 0, 0, 0, , 0, 0, 0, 0, 0, 
141, 1, 140, 141, -1, 175, 304, 13.0, 15, ABplppapppa, 2924, 0, 0, 0, , 0, 0, 0, 0, 0, 
142, 1, 141, 142, -1, 192, 297, 15.0, 11, ABplppappap, 3743, 0, 0, 0, , 0, 0, 0, 0, 0, 
143, 1, 142, 143, -1, 206, 293, 16.0, 15, ABplppappaa, 4486, 0, 0, 0, , 0, 0, 0, 0, 0, 
144, 1, 143, 144, -1, 200, 314, 16.0, 13, ABplppapaap, 3473, 0, 0, 0, , 0, 0, 0, 0, 0, 
145, 1, 144, 145, -1, 188, 317, 14.0, 13, ABplppapapa, 4323, 0, 0, 0, , 0, 0, 0, 0, 0, 
146, 1, 145, 146, -1, 181, 326, 16.0, 13, ABplppapapp, 4913, 0, 0, 0, , 0, 0, 0, 0, 0, 
147, 1, 146, 147, -1, 195, 290, 11.0, 13, ABplppaappa, 5186, 0, 0, 0, , 0, 0, 0, 0, 0, 
148, 1, 147, 148, -1, 184, 293, 12.0, 13, ABplppaappp, 4866, 0, 0, 0, , 0, 0, 0, 0, 0, 
149, 1, 148, 149, -1, 266, 295, 16.0, 15, ABplppaaaaa, 5850, 0, 0, 0, , 0, 0, 0, 0, 0, 
150, 1, 149, 150, -1, 262, 316, 18.0, 11, ABplppaaap, 4410, 0, 0, 0, , 0, 0, 0, 0, 0, 
151, 1, 150, 151, -1, 235, 259, 11.0, 13, ABplpappaaa, 5168, 0, 0, 0, , 0, 0, 0, 0, 0, 
152, 1, 151, 152, -1, 203, 265, 17.0, 15, MSaappaa, 3096, 0, 0, 0, , 0, 0, 0, 0, 0, 
153, 1, 152, 153, -1, 135, 291, 13.0, 13, ABplpappppp, 2642, 0, 0, 0, , 0, 0, 0, 0, 0, 
154, 1, 153, 154, -1, 154, 285, 13.0, 13, ABplpappppa, 3590, 0, 0, 0, , 0, 0, 0, 0, 0, 
155, 1, 154, 155, -1, 165, 284, 11.0, 13, ABplpapppaa, 3681, 0, 0, 0, , 0, 0, 0, 0, 0, 
156, 1, 155, 156, -1, 153, 268, 12.0, 13, ABplpapppap, 3331, 0, 0, 0, , 0, 0, 0, 0, 0, 
157, 1, 156, 157, -1, 205, 280, 13.0, 11, ABplpapappa, 3065, 0, 0, 0, , 0, 0, 0, 0, 0, 
158, 1, 157, 158, -1, 183, 278, 12.0, 13, ABplpapappp, 3165, 0, 0, 0, , 0, 0, 0, 0, 0, 
159, 1, 158, 159, -1, 227, 297, 16.0, 17, ABplpapapap, 3397, 0, 0, 0, , 0, 0, 0, 0, 0, 
160, 1, 159, 160, -1, 234, 287, 15.0, 13, ABplpapapaa, 4531, 0, 0, 0, , 0, 0, 0, 0, 0, 
161, 1, 160, 161, -1, 270, 278, 13.0, 11, ABplpapaapa, 2648, 0, 0, 0, , 0, 0, 0, 0, 0, 
162, 1, 161, 162, -1, 256, 291, 13.0, 13, ABplpapaapp, 3828, 0, 0, 0, , 0, 0, 0, 0, 0, 
163, 1, 162, 163, -1, 246, 285, 13.0, 13, ABplpapaaap, 2883, 0, 0, 0, , 0, 0, 0, 0, 0, 
164, 1, 163, 164, -1, 256, 271, 12.0, 13, ABplpapaaaa, 4771, 0, 0, 0, , 0, 0, 0, 0, 0, 
165, 1, 164, 165, -1, 203, 310, 13.0, 11, ABplpaaaapp, 4597, 0, 0, 0, , 0, 0, 0, 0, 0, 
166, 1, 165, 166, -1, 224, 293, 11.0, 13, ABplpaaaapa, 7108, 0, 0, 0, , 0, 0, 0, 0, 0, 
167, 1, 166, 167, -1, 313, 275, 16.0, 15, ABplpaaaaaa, 5427, 0, 0, 0, , 0, 0, 0, 0, 0, 
168, 1, 167, 168, -1, 302, 294, 13.0, 11, ABplpaaapap, 5527, 0, 0, 0, , 0, 0, 0, 0, 0, 
169, 1, 168, 169, -1, 312, 283, 11.0, 13, ABplpaaapaa, 6233, 0, 0, 0, , 0, 0, 0, 0, 0, 
170, 1, 169, 170, -1, 298, 282, 14.0, 13, ABplpaaappa, 5115, 0, 0, 0, , 0, 0, 0, 0, 0, 
171, 1, 170, 171, -1, 280, 286, 15.0, 13, ABplpaaappp, 6318, 0, 0, 0, , 0, 0, 0, 0, 0, 
172, 1, 171, 172, -1, 266, 324, 21.0, 13, ABplpaappap, 4589, 0, 0, 0, , 0, 0, 0, 0, 0, 
173, 1, 172, 173, -1, 276, 307, 22.0, 15, ABplpaappaa, 5044, 0, 0, 0, , 0, 0, 0, 0, 0, 
174, 1, 173, 174, -1, 291, 300, 15.0, 13, ABplpaapppa, 4164, 0, 0, 0, , 0, 0, 0, 0, 0, 
175, 1, 174, 175, -1, 305, 307, 15.0, 11, ABplpaapapp, 4598, 0, 0, 0, , 0, 0, 0, 0, 0, 
176, 1, 175, 176, -1, 275, 293, 12.0, 15, ABplpaapppp, 4433, 0, 0, 0, , 0, 0, 0, 0, 0, 
177, 1, 176, 177, -1, 290, 302, 19.0, 13, ABplpaapaap, 6330, 0, 0, 0, , 0, 0, 0, 0, 0, 
178, 1, 177, 178, -1, 308, 277, 18.0, 13, ABplpaapaaa, 6066, 0, 0, 0, , 0, 0, 0, 0, 0, 
179, 1, 178, 179, -1, 333, 295, 20.0, 15, ABplpaapapa, 6644, 0, 0, 0, , 0, 0, 0, 0, 0, 
180, 1, 179, 180, -1, 271, 313, 13.0, 13, ABplaappap, 4457, 0, 0, 0, , 0, 0, 0, 0, 0, 
181, 1, 180, 181, -1, 283, 301, 10.0, 15, ABplaappaa, 1577, 0, 0, 0, , 0, 0, 0, 0, 0, 
182, 1, 181, 182, -1, 261, 328, 16.0, 15, ABplaapppa, 5367, 0, 0, 0, , 0, 0, 0, 0, 0, 
183, 1, 182, 183, -1, 238, 337, 21.0, 17, ABplaapppp, 19353, 0, 0, 0, , 0, 0, 0, 0, 0, 
184, 1, 183, 184, -1, 352, 227, 26.0, 15, ABplaapaaaa, 5814, 0, 0, 0, , 0, 0, 0, 0, 0, 
185, 1, 184, 185, -1, 348, 256, 28.0, 15, ABplaapaaap, 6734, 0, 0, 0, , 0, 0, 0, 0, 0, 
186, 1, 185, 186, -1, 341, 278, 26.0, 13, ABplaapaapa, 4659, 0, 0, 0, , 0, 0, 0, 0, 0, 
187, 1, 186, 187, -1, 328, 288, 24.0, 17, ABplaapaapp, 5128, 0, 0, 0, , 0, 0, 0, 0, 0, 
188, 1, 187, 188, -1, 296, 306, 28.0, 17, ABplaapappp, 6760, 0, 0, 0, , 0, 0, 0, 0, 0, 
189, 1, 188, 189, -1, 303, 281, 28.0, 15, ABplaapappa, 6069, 0, 0, 0, , 0, 0, 0, 0, 0, 
190, 1, 189, 190, -1, 289, 296, 26.0, 13, ABplaapapap, 4261, 0, 0, 0, , 0, 0, 0, 0, 0, 
191, 1, 190, 191, -1, 296, 281, 25.0, 13, ABplaapapaa, 6489, 0, 0, 0, , 0, 0, 0, 0, 0, 
192, 1, 191, 192, -1, 310, 256, 31.0, 17, ABplaaaaapp, 6008, 0, 0, 0, , 0, 0, 0, 0, 0, 
193, 1, 192, 628, -1, 311, 260, 26.0, 11, ABplaaaaapa, 5398, 0, 0, 0, , 0, 0, 0, 0, 0, 
194, 1, 193, 194, -1, 332, 253, 33.0, 13, ABplaaaaaap, 3693, 0, 0, 0, , 0, 0, 0, 0, 0, 
195, 1, 194, 195, -1, 344, 245, 30.0, 15, ABplaaaaaaa, 4071, 0, 0, 0, , 0, 0, 0, 0, 0, 
196, 1, 195, 196, -1, 301, 247, 35.0, 15, ABplaaaapp, 6651, 0, 0, 0, , 0, 0, 0, 0, 0, 
197, 1, 196, 197, -1, 311, 231, 34.0, 15, ABplaaaapa, 7926, 0, 0, 0, , 0, 0, 0, 0, 0, 
198, 1, 197, 198, -1, 309, 296, 31.0, 17, ABplaaappa, 6970, 0, 0, 0, , 0, 0, 0, 0, 0, 
199, 1, 198, 199, -1, 292, 314, 31.0, 15, ABplaaappp, 8540, 0, 0, 0, , 0, 0, 0, 0, 0, 
200, 1, 199, 200, -1, 324, 294, 29.0, 15, ABplaaapap, 6023, 0, 0, 0, , 0, 0, 0, 0, 0, 
201, 1, 200, 201, -1, 334, 276, 30.0, 13, ABplaaapaa, 5817, 0, 0, 0, , 0, 0, 0, 0, 0, 
202, 1, 201, 202, -1, 140, 333, 11.0, 13, ABplappppa, 7560, 0, 0, 0, , 0, 0, 0, 0, 0, 
203, 1, 202, 203, -1, 98, 333, 12.0, 15, ABplappppp, 5174, 0, 0, 0, , 0, 0, 0, 0, 0, 
204, 1, 203, 204, -1, 117, 350, 16.0, 17, ABplapppaa, 7141, 0, 0, 0, , 0, 0, 0, 0, 0, 
205, 1, 204, 205, -1, 114, 330, 14.0, 13, ABplapppapp, 2631, 0, 0, 0, , 0, 0, 0, 0, 0, 
206, 1, 205, 206, -1, 111, 338, 11.0, 11, ABplapppapa, 3661, 0, 0, 0, , 0, 0, 0, 0, 0, 
207, 1, 206, 207, -1, 200, 342, 21.0, 15, ABplappaaa, 8104, 0, 0, 0, , 0, 0, 0, 0, 0, 
208, 1, 207, 208, -1, 180, 354, 21.0, 15, ABplappaap, 7442, 0, 0, 0, , 0, 0, 0, 0, 0, 
209, 1, 208, 209, -1, 167, 347, 17.0, 15, ABplappapp, 9112, 0, 0, 0, , 0, 0, 0, 0, 0, 
210, 1, 209, 210, -1, 179, 355, 28.0, 15, ABplappapa, 7029, 0, 0, 0, , 0, 0, 0, 0, 0, 
211, 1, 210, 211, -1, 214, 340, 18.0, 15, ABplapaapp, 9180, 0, 0, 0, , 0, 0, 0, 0, 0, 
212, 1, 211, 212, -1, 240, 327, 15.0, 15, ABplapaapa, 9066, 0, 0, 0, , 0, 0, 0, 0, 0, 
213, 1, 212, 213, -1, 275, 302, 33.0, 13, ABarppaaaa, 4037, 0, 0, 0, , 0, 0, 0, 0, 0, 
214, 1, 213, 214, -1, 249, 329, 24.0, 13, ABplapaaapp, 4558, 0, 0, 0, , 0, 0, 0, 0, 0, 
215, 1, 214, 215, -1, 258, 322, 26.0, 15, ABplapaaapa, 5828, 0, 0, 0, , 0, 0, 0, 0, 0, 
216, 1, 215, 216, -1, 101, 354, 18.0, 13, ABplapapppa, 3954, 0, 0, 0, , 0, 0, 0, 0, 0, 
217, 1, 216, 217, -1, 97, 339, 16.0, 13, ABplapapppp, 4064, 0, 0, 0, , 0, 0, 0, 0, 0, 
218, 1, 217, 218, -1, 148, 361, 18.0, 15, ABplapapap, 6897, 0, 0, 0, , 0, 0, 0, 0, 0, 
219, 1, 218, 219, -1, 138, 353, 15.0, 15, ABplapappa, 5937, 0, 0, 0, , 0, 0, 0, 0, 0, 
220, 1, 219, 220, -1, 138, 365, 25.0, 17, ABplapapaa, 7347, 0, 0, 0, , 0, 0, 0, 0, 0, 
221, 1, 220, 221, -1, 235, 221, 13.0, 11, ABprpapaaaa, 2823, 0, 0, 0, , 0, 0, 0, 0, 0, 
222, 1, 221, 222, -1, 219, 209, 11.0, 13, ABprpapaapp, 4151, 0, 0, 0, , 0, 0, 0, 0, 0, 
223, 1, 222, 223, -1, 197, 251, 13.0, 11, ABprpapappa, 3351, 0, 0, 0, , 0, 0, 0, 0, 0, 
224, 1, 223, 224, -1, 172, 267, 12.0, 13, ABprpapappp, 3758, 0, 0, 0, , 0, 0, 0, 0, 0, 
225, 1, 224, 225, -1, 196, 227, 14.0, 13, ABprpapapap, 2762, 0, 0, 0, , 0, 0, 0, 0, 0, 
226, 1, 225, 226, -1, 208, 232, 14.0, 15, ABprpapapaa, 3662, 0, 0, 0, , 0, 0, 0, 0, 0, 
227, 1, 226, 227, -1, 126, 293, 15.0, 17, ABprpappppp, 6447, 0, 0, 0, , 0, 0, 0, 0, 0, 
228, 1, 227, 228, -1, 140, 291, 16.0, 15, ABprpappppa, 4696, 0, 0, 0, , 0, 0, 0, 0, 0, 
229, 1, 228, 229, -1, 229, 237, 13.0, 13, ABprpapppaa, 3623, 0, 0, 0, , 0, 0, 0, 0, 0, 
230, 1, 229, 230, -1, 190, 247, 16.0, 15, ABprpapppap, 3061, 0, 0, 0, , 0, 0, 0, 0, 0, 
231, 1, 230, 231, -1, 192, 267, 14.0, 13, ABprpappapp, 4435, 0, 0, 0, , 0, 0, 0, 0, 0, 
232, 1, 231, 232, -1, 220, 251, 11.0, 11, ABprpappaap, 3708, 0, 0, 0, , 0, 0, 0, 0, 0, 
233, 1, 232, 233, -1, 233, 245, 10.0, 13, ABprpappaaa, 4778, 0, 0, 0, , 0, 0, 0, 0, 0, 
234, 1, 233, 234, -1, 255, 173, 19.0, 15, ABprpaaaaap, 6905, 0, 0, 0, , 0, 0, 0, 0, 0, 
235, 1, 234, 235, -1, 258, 186, 22.0, 13, ABpraaappaa, 2895, 0, 0, 0, , 0, 0, 0, 0, 0, 
236, 1, 235, 236, -1, 173, 237, 11.0, 17, ABprpaaaapp, 6124, 0, 0, 0, , 0, 0, 0, 0, 0, 
237, 1, 236, 237, -1, 199, 239, 10.0, 15, ABprpaaaapa, 6579, 0, 0, 0, , 0, 0, 0, 0, 0, 
238, 1, 237, 238, -1, 258, 187, 15.0, 13, ABprpaaappa, 4384, 0, 0, 0, , 0, 0, 0, 0, 0, 
239, 1, 238, 239, -1, 235, 208, 13.0, 13, ABprpapaapa, 3673, 0, 0, 0, , 0, 0, 0, 0, 0, 
240, 1, 239, 240, -1, 242, 194, 15.0, 13, ABprpaaappp, 5451, 0, 0, 0, , 0, 0, 0, 0, 0, 
241, 1, 240, 241, -1, 264, 181, 12.0, 13, ABprpaaapaa, 6799, 0, 0, 0, , 0, 0, 0, 0, 0, 
242, 1, 241, 242, -1, 257, 171, 14.0, 13, ABprpaaapap, 4761, 0, 0, 0, , 0, 0, 0, 0, 0, 
243, 1, 242, 243, -1, 239, 178, 20.0, 15, ABprpaapaap, 5888, 0, 0, 0, , 0, 0, 0, 0, 0, 
244, 1, 243, 244, -1, 273, 156, 20.0, 15, ABprpaapapa, 6850, 0, 0, 0, , 0, 0, 0, 0, 0, 
245, 1, 244, 245, -1, 248, 166, 17.0, 13, ABprpaapapp, 8106, 0, 0, 0, , 0, 0, 0, 0, 0, 
246, 1, 245, 246, -1, 244, 176, 15.0, 13, ABprpaapppa, 4015, 0, 0, 0, , 0, 0, 0, 0, 0, 
247, 1, 246, 247, -1, 232, 183, 13.0, 13, ABprpaapppp, 4252, 0, 0, 0, , 0, 0, 0, 0, 0, 
248, 1, 247, 248, -1, 208, 176, 23.0, 13, ABprpaappap, 4534, 0, 0, 0, , 0, 0, 0, 0, 0, 
249, 1, 248, 249, -1, 225, 182, 22.0, 15, ABprpaappaa, 5637, 0, 0, 0, , 0, 0, 0, 0, 0, 
250, 1, 249, 250, -1, 100, 269, 11.0, 15, ABprpppaapp, 4948, 0, 0, 0, , 0, 0, 0, 0, 0, 
251, 1, 250, 251, -1, 105, 268, 14.0, 13, ABprpppaapa, 5423, 0, 0, 0, , 0, 0, 0, 0, 0, 
252, 1, 251, 252, -1, 123, 240, 13.0, 13, ABprpppaaap, 4449, 0, 0, 0, , 0, 0, 0, 0, 0, 
253, 1, 252, 253, -1, 146, 253, 12.0, 13, ABprpppaaaa, 5050, 0, 0, 0, , 0, 0, 0, 0, 0, 
254, 1, 253, 254, -1, 121, 274, 10.0, 15, ABprpppapaa, 5989, 0, 0, 0, , 0, 0, 0, 0, 0, 
255, 1, 254, 255, -1, 107, 289, 10.0, 11, ABprpppapap, 1304, 0, 0, 0, , 0, 0, 0, 0, 0, 
256, 1, 255, 256, -1, 119, 298, 11.0, 11, ABplpppapp, 2965, 0, 0, 0, , 0, 0, 0, 0, 0, 
257, 1, 256, 257, -1, 133, 260, 11.0, 15, ABprppppapa, 5009, 0, 0, 0, , 0, 0, 0, 0, 0, 
258, 1, 257, 258, -1, 129, 276, 12.0, 15, ABprppppapp, 4033, 0, 0, 0, , 0, 0, 0, 0, 0, 
259, 1, 258, 259, -1, 144, 266, 14.0, 13, ABprppppaaa, 4602, 0, 0, 0, , 0, 0, 0, 0, 0, 
260, 1, 259, 260, -1, 134, 273, 15.0, 15, ABprppppaap, 4154, 0, 0, 0, , 0, 0, 0, 0, 0, 
261, 1, 260, 261, -1, 79, 294, 13.0, 11, ABprppppppp, 2953, 0, 0, 0, , 0, 0, 0, 0, 0, 
262, 1, 261, 262, -1, 92, 298, 10.0, 13, ABprppppppa, 5643, 0, 0, 0, , 0, 0, 0, 0, 0, 
263, 1, 262, 263, -1, 126, 261, 18.0, 15, ABprpppppaa, 4049, 0, 0, 0, , 0, 0, 0, 0, 0, 
264, 1, 263, 264, -1, 109, 266, 17.0, 13, ABprpppppap, 4258, 0, 0, 0, , 0, 0, 0, 0, 0, 
265, 1, 264, 265, -1, 200, 208, 15.0, 13, ABprppaapap, 4507, 0, 0, 0, , 0, 0, 0, 0, 0, 
266, 1, 265, 266, -1, 206, 216, 13.0, 11, ABprppaapaa, 4806, 0, 0, 0, , 0, 0, 0, 0, 0, 
267, 1, 266, 267, -1, 183, 258, 11.0, 13, ABprppaappa, 4089, 0, 0, 0, , 0, 0, 0, 0, 0, 
268, 1, 267, 268, -1, 166, 257, 11.0, 11, ABprppaappp, 3806, 0, 0, 0, , 0, 0, 0, 0, 0, 
269, 1, 268, 269, -1, 228, 197, 15.0, 13, ABprppaaaaa, 5191, 0, 0, 0, , 0, 0, 0, 0, 0, 
270, 1, 269, 270, -1, 213, 196, 14.0, 15, ABprppaaaap, 2946, 0, 0, 0, , 0, 0, 0, 0, 0, 
271, 0, 270, -1, -1, 195, 187, 16.0, 13, , 2755, 0, 0, 0, , 0, 0, 0, 0, 0, 
272, 1, 271, 272, -1, 180, 218, 14.0, 13, ABprppapaaa, 4097, 0, 0, 0, , 0, 0, 0, 0, 0, 
273, 1, 272, 273, -1, 164, 222, 15.0, 13, ABprppapaap, 3823, 0, 0, 0, , 0, 0, 0, 0, 0, 
274, 1, 273, 274, -1, 150, 229, 14.0, 13, ABprppapapa, 5471, 0, 0, 0, , 0, 0, 0, 0, 0, 
275, 1, 274, 275, -1, 137, 228, 15.0, 13, ABprppapapp, 3825, 0, 0, 0, , 0, 0, 0, 0, 0, 
276, 1, 275, 276, -1, 156, 245, 11.0, 13, ABprppapppa, 3609, 0, 0, 0, , 0, 0, 0, 0, 0, 
277, 1, 276, 277, -1, 137, 240, 13.0, 11, ABprppapppp, 3279, 0, 0, 0, , 0, 0, 0, 0, 0, 
278, 1, 277, 278, -1, 177, 234, 16.0, 13, ABprppappaa, 4072, 0, 0, 0, , 0, 0, 0, 0, 0, 
279, 1, 278, 279, -1, 166, 243, 14.0, 13, ABprppappap, 3879, 0, 0, 0, , 0, 0, 0, 0, 0, 
280, 1, 279, 280, -1, 345, 187, 25.0, 15, ABpraapaaaa, 6305, 0, 0, 0, , 0, 0, 0, 0, 0, 
281, 1, 280, 281, -1, 325, 183, 29.0, 13, ABarpapaaaa, 3455, 0, 0, 0, , 0, 0, 0, 0, 0, 
282, 1, 281, 282, -1, 331, 175, 27.0, 13, ABpraapaaap, 4406, 0, 0, 0, , 0, 0, 0, 0, 0, 
283, 1, 282, 283, -1, 296, 166, 25.0, 13, ABpraapaapa, 6108, 0, 0, 0, , 0, 0, 0, 0, 0, 
284, 1, 283, 284, -1, 239, 180, 28.0, 13, ABpraapapap, 4013, 0, 0, 0, , 0, 0, 0, 0, 0, 
285, 1, 284, 285, -1, 253, 184, 25.0, 15, ABpraapapaa, 6297, 0, 0, 0, , 0, 0, 0, 0, 0, 
286, 1, 285, 286, -1, 247, 166, 27.0, 15, ABpraapappp, 5499, 0, 0, 0, , 0, 0, 0, 0, 0, 
287, 1, 286, 287, -1, 258, 186, 27.0, 13, ABpraapappa, 6254, 0, 0, 0, , 0, 0, 0, 0, 0, 
288, 1, 287, 288, -1, 180, 186, 21.0, 15, ABpraapppp, 5758, 0, 0, 0, , 0, 0, 0, 0, 0, 
289, 1, 288, 289, -1, 218, 176, 15.0, 13, ABpraappap, 5141, 0, 0, 0, , 0, 0, 0, 0, 0, 
290, 1, 289, 290, -1, 234, 168, 13.0, 11, ABpraappaa, 5479, 0, 0, 0, , 0, 0, 0, 0, 0, 
291, 1, 290, 291, -1, 299, 179, 22.0, 13, ABpraaapapa, 4782, 0, 0, 0, , 0, 0, 0, 0, 0, 
292, 1, 291, 292, -1, 299, 165, 23.0, 11, ABpraaapapp, 4530, 0, 0, 0, , 0, 0, 0, 0, 0, 
293, 1, 292, 293, -1, 275, 181, 23.0, 15, ABpraaapaad, 3455, 0, 0, 0, , 0, 0, 0, 0, 0, 
294, 1, 293, 294, -1, 277, 185, 21.0, 11, ABpraaapaav, 4377, 0, 0, 0, , 0, 0, 0, 0, 0, 
295, 1, 294, 295, -1, 243, 181, 23.0, 13, ABpraaappap, 4766, 0, 0, 0, , 0, 0, 0, 0, 0, 
296, 1, 295, 296, -1, 224, 176, 26.0, 15, ABpraaapppa, 5838, 0, 0, 0, , 0, 0, 0, 0, 0, 
297, 1, 296, 598, -1, 228, 165, 23.0, 13, ABpraaapppp, 1736, 0, 0, 0, , 0, 0, 0, 0, 0, 
298, 1, 297, 298, -1, 291, 160, 21.0, 15, ABpraaaaapd, 4536, 0, 0, 0, , 0, 0, 0, 0, 0, 
299, 1, 298, 299, -1, 296, 163, 19.0, 15, ABpraaaaapv, 5188, 0, 0, 0, , 0, 0, 0, 0, 0, 
300, 1, 299, 300, -1, 282, 168, 15.0, 15, ABpraaaaaaa, 4928, 0, 0, 0, , 0, 0, 0, 0, 0, 
301, 1, 300, 301, -1, 271, 171, 12.0, 13, ABpraaaaaap, 4600, 0, 0, 0, , 0, 0, 0, 0, 0, 
302, 1, 301, 302, -1, 270, 171, 17.0, 11, ABpraaaapav, 3577, 0, 0, 0, , 0, 0, 0, 0, 0, 
303, 1, 302, 303, -1, 268, 161, 16.0, 13, ABpraaaapad, 4593, 0, 0, 0, , 0, 0, 0, 0, 0, 
304, 1, 303, 304, -1, 263, 165, 24.0, 11, ABpraaaappa, 4822, 0, 0, 0, , 0, 0, 0, 0, 0, 
305, 1, 304, 305, -1, 267, 173, 27.0, 13, ABpraaaappp, 3583, 0, 0, 0, , 0, 0, 0, 0, 0, 
306, 1, 305, 306, -1, 117, 220, 19.0, 15, ABprappapp, 8399, 0, 0, 0, , 0, 0, 0, 0, 0, 
307, 1, 306, 307, -1, 133, 208, 28.0, 15, ABprappapa, 8339, 0, 0, 0, , 0, 0, 0, 0, 0, 
308, 1, 307, 308, -1, 134, 211, 19.0, 15, ABprappaap, 6903, 0, 0, 0, , 0, 0, 0, 0, 0, 
309, 1, 308, 309, -1, 152, 206, 21.0, 15, ABprappaaa, 6839, 0, 0, 0, , 0, 0, 0, 0, 0, 
310, 1, 309, 310, -1, 79, 256, 14.0, 13, ABprapppaap, 3907, 0, 0, 0, , 0, 0, 0, 0, 0, 
311, 1, 309, 311, -1, 93, 243, 15.0, 13, ABprapppaaa, 4067, 0, 0, 0, , 0, 0, 0, 0, 0, 
312, 1, 310, 312, -1, 91, 270, 14.0, 13, ABprapppapp, 2976, 0, 0, 0, , 0, 0, 0, 0, 0, 
313, 1, 311, 313, -1, 83, 265, 11.0, 11, ABprapppapa, 3694, 0, 0, 0, , 0, 0, 0, 0, 0, 
314, 1, 312, 314, -1, 75, 278, 12.0, 15, ABprappppp, 6413, 0, 0, 0, , 0, 0, 0, 0, 0, 
315, 1, 313, 315, -1, 99, 253, 9.0, 17, ABprappppa, 1943, 0, 0, 0, , 0, 0, 0, 0, 0, 
316, 1, 314, 316, -1, 212, 188, 28.0, 15, ABprapaaapa, 5138, 0, 0, 0, , 0, 0, 0, 0, 0, 
317, 1, 315, 317, -1, 191, 193, 26.0, 13, ABprapaaapp, 3936, 0, 0, 0, , 0, 0, 0, 0, 0, 
318, 1, 316, 318, -1, 221, 194, 32.0, 15, ABprapaaaap, 4896, 0, 0, 0, , 0, 0, 0, 0, 0, 
319, 1, 317, 319, -1, 235, 181, 33.0, 11, ABprapaaaaa, 4187, 0, 0, 0, , 0, 0, 0, 0, 0, 
320, 1, 318, 320, -1, 164, 197, 21.0, 13, ABprapaapp, 8987, 0, 0, 0, , 0, 0, 0, 0, 0, 
321, 1, 319, 321, -1, 188, 205, 13.0, 15, ABprapaapa, 8239, 0, 0, 0, , 0, 0, 0, 0, 0, 
322, 1, 320, 322, -1, 104, 239, 12.0, 15, ABprapappa, 5670, 0, 0, 0, , 0, 0, 0, 0, 0, 
323, 1, 321, 323, -1, 74, 272, 16.0, 13, ABprapapppp, 3657, 0, 0, 0, , 0, 0, 0, 0, 0, 
324, 1, 322, 324, -1, 73, 252, 18.0, 11, ABprapapppa, 4169, 0, 0, 0, , 0, 0, 0, 0, 0, 
325, 1, 323, 325, -1, 101, 227, 17.0, 15, ABprapapap, 7429, 0, 0, 0, , 0, 0, 0, 0, 0, 
326, 1, 324, 326, -1, 89, 238, 25.0, 19, ABprapapaa, 19679, 0, 0, 0, , 0, 0, 0, 0, 0, 
327, 1, 325, 327, -1, 253, 195, 31.0, 15, MSppppap, 4382, 0, 0, 0, , 0, 0, 0, 0, 0, 
328, 1, 326, 328, -1, 232, 199, 21.0, 13, MSppppaa, 3217, 0, 0, 0, , 0, 0, 0, 0, 0, 
329, 1, 327, 329, -1, 251, 212, 33.0, 17, MSpppppa, 4606, 0, 0, 0, , 0, 0, 0, 0, 0, 
330, 1, 328, 330, -1, 216, 224, 33.0, 17, MSpppppp, 3810, 0, 0, 0, , 0, 0, 0, 0, 0, 
331, 1, 329, 331, -1, 242, 204, 27.0, 15, MSpppaaa, 3813, 0, 0, 0, , 0, 0, 0, 0, 0, 
332, 1, 330, 332, -1, 130, 245, 21.0, 17, MSpppaap, 4742, 0, 0, 0, , 0, 0, 0, 0, 0, 
333, 1, 331, 333, -1, 217, 203, 18.0, 17, MSpppapp, 3835, 0, 0, 0, , 0, 0, 0, 0, 0, 
334, 1, 332, 334, -1, 219, 220, 13.0, 11, ABprpapaaap, 3467, 0, 0, 0, , 0, 0, 0, 0, 0, 
335, 1, 333, 335, -1, 156, 272, 16.0, 15, MSppaapp, 5549, 0, 0, 0, , 0, 0, 0, 0, 0, 
336, 1, 334, 336, -1, 252, 203, 17.0, 11, MSppaapa, 2994, 0, 0, 0, , 0, 0, 0, 0, 0, 
337, 1, 335, 337, -1, 287, 205, 15.0, 13, MSppaaaa, 3591, 0, 0, 0, , 0, 0, 0, 0, 0, 
338, 1, 336, 338, -1, 283, 192, 25.0, 15, MSppaaap, 5821, 0, 0, 0, , 0, 0, 0, 0, 0, 
339, 1, 337, 339, -1, 279, 189, 31.0, 17, MSppappa, 4827, 0, 0, 0, , 0, 0, 0, 0, 0, 
340, 1, 338, 340, -1, 233, 194, 26.0, 15, MSppapaa, 3741, 0, 0, 0, , 0, 0, 0, 0, 0, 
341, 1, 339, 341, -1, 245, 192, 18.0, 13, MSppapap, 4029, 0, 0, 0, , 0, 0, 0, 0, 0, 
342, 1, 340, 342, -1, 199, 257, 19.0, 13, MSpapappp, 3953, 0, 0, 0, , 0, 0, 0, 0, 0, 
343, 1, 341, 552, -1, 208, 232, 24.0, 13, MSpapappa, 4156, 0, 0, 0, , 0, 0, 0, 0, 0, 
344, 1, 342, 343, -1, 204, 241, 20.0, 15, MSpapapa, 6560, 0, 0, 0, , 0, 0, 0, 0, 0, 
345, 1, 343, 344, -1, 216, 232, 19.0, 15, MSpapaaap, 6840, 0, 0, 0, , 0, 0, 0, 0, 0, 
346, 1, 344, 345, -1, 196, 227, 25.0, 17, MSpapaapp, 6237, 0, 0, 0, , 0, 0, 0, 0, 0, 
347, 0, 345, -1, -1, 194, 251, 24.0, 11, , 3163, 0, 0, 0, , 0, 0, 0, 0, 0, 
348, 1, 346, 347, -1, 164, 323, 17.0, 13, MSpappaa, 4167, 0, 0, 0, , 0, 0, 0, 0, 0, 
349, 1, 347, 348, -1, 150, 229, 18.0, 15, MSpapppp, 5487, 0, 0, 0, , 0, 0, 0, 0, 0, 
350, 1, 348, 349, -1, 255, 241, 29.0, 15, MSpaaappa, 5161, 0, 0, 0, , 0, 0, 0, 0, 0, 
351, 1, 349, 350, -1, 230, 238, 31.0, 15, MSpaaappp, 5636, 0, 0, 0, , 0, 0, 0, 0, 0, 
352, 1, 350, 351, -1, 243, 257, 32.0, 13, MSpaaapaa, 4802, 0, 0, 0, , 0, 0, 0, 0, 0, 
353, 1, 351, 352, -1, 228, 256, 31.0, 13, MSpaaapap, 3365, 0, 0, 0, , 0, 0, 0, 0, 0, 
354, 1, 352, 353, -1, 284, 212, 27.0, 13, MSpaaaapa, 3548, 0, 0, 0, , 0, 0, 0, 0, 0, 
355, 1, 353, 354, -1, 267, 215, 29.0, 15, MSpaaaapp, 7353, 0, 0, 0, , 0, 0, 0, 0, 0, 
356, 1, 354, 355, -1, 290, 223, 32.0, 15, MSpaaaaaa, 5184, 0, 0, 0, , 0, 0, 0, 0, 0, 
357, 1, 355, 356, -1, 265, 228, 32.0, 13, MSpaaaaap, 4162, 0, 0, 0, , 0, 0, 0, 0, 0, 
358, 1, 356, 357, -1, 231, 215, 21.0, 15, ABaraappppa, 6240, 0, 0, 0, , 0, 0, 0, 0, 0, 
359, 1, 357, 358, -1, 229, 219, 26.0, 15, ABaraapppap, 6887, 0, 0, 0, , 0, 0, 0, 0, 0, 
360, 1, 358, 359, -1, 241, 222, 29.0, 11, MSpaapaap, 3101, 0, 0, 0, , 0, 0, 0, 0, 0, 
361, 1, 359, 360, -1, 256, 226, 28.0, 13, MSpaapaaa, 3827, 0, 0, 0, , 0, 0, 0, 0, 0, 
362, 1, 360, 361, -1, 178, 263, 28.0, 19, Earap, 13401, 0, 0, 0, , 0, 0, 0, 0, 0, 
363, 1, 361, 362, -1, 267, 293, 21.0, 13, MSapppaa, 3868, 0, 0, 0, , 0, 0, 0, 0, 0, 
364, 1, 362, 363, -1, 256, 297, 29.0, 15, MSapppap, 4038, 0, 0, 0, , 0, 0, 0, 0, 0, 
365, 1, 363, 364, -1, 254, 283, 32.0, 17, MSappppa, 3475, 0, 0, 0, , 0, 0, 0, 0, 0, 
366, 1, 364, 365, -1, 228, 294, 31.0, 14, MSappppp, 7409, 0, 0, 0, , 0, 0, 0, 0, 0, 
367, 1, 365, 366, -1, 161, 318, 21.0, 13, MSappaap, 2063, 0, 0, 0, , 0, 0, 0, 0, 0, 
368, 1, 366, 367, -1, 250, 299, 26.0, 15, MSappaaa, 4331, 0, 0, 0, , 0, 0, 0, 0, 0, 
369, 0, 367, -1, -1, 254, 303, 15.0, 11, , 897, 0, 0, 0, , 0, 0, 0, 0, 0, 
370, 1, 368, 369, -1, 260, 289, 19.0, 11, MSappapa, 2935, 0, 0, 0, , 0, 0, 0, 0, 0, 
371, 0, 369, -1, -1, 284, 260, 30.0, 11, , 1868, 0, 0, 0, , 0, 0, 0, 0, 0, 
372, 1, 370, 371, -1, 291, 259, 32.0, 14, MSapappp, 2454, 0, 0, 0, , 0, 0, 0, 0, 0, 
373, 1, 371, 372, -1, 281, 284, 19.0, 15, MSapapap, 2240, 0, 0, 0, , 0, 0, 0, 0, 0, 
374, 1, 372, 373, -1, 272, 295, 26.0, 15, MSapapaa, 4416, 0, 0, 0, , 0, 0, 0, 0, 0, 
375, 1, 373, 374, -1, 182, 280, 16.0, 13, MSapaapp, 4289, 0, 0, 0, , 0, 0, 0, 0, 0, 
376, 1, 374, 375, -1, 295, 280, 17.0, 9, MSapaapa, 2129, 0, 0, 0, , 0, 0, 0, 0, 0, 
377, 1, 375, 376, -1, 311, 255, 17.0, 13, MSapaaaa, 4220, 0, 0, 0, , 0, 0, 0, 0, 0, 
378, 1, 376, 193, -1, 313, 259, 24.0, 15, MSapaaap, 5728, 0, 0, 0, , 0, 0, 0, 0, 0, 
379, 1, 377, 377, -1, 305, 225, 28.0, 17, MSaaaaapa, 9175, 0, 0, 0, , 0, 0, 0, 0, 0, 
380, 1, 378, 378, -1, 281, 241, 31.0, 13, MSaaaaapp, 4999, 0, 0, 0, , 0, 0, 0, 0, 0, 
381, 1, 379, 379, -1, 323, 230, 24.0, 15, MSaaaaaa, 9962, 0, 0, 0, , 0, 0, 0, 0, 0, 
382, 1, 380, 380, -1, 269, 245, 32.0, 13, MSaaaapaa, 4485, 0, 0, 0, , 0, 0, 0, 0, 0, 
383, 1, 381, 381, -1, 257, 252, 31.0, 13, MSaaaapap, 6550, 0, 0, 0, , 0, 0, 0, 0, 0, 
384, 1, 382, 621, -1, 240, 262, 29.0, 11, MSaaaappp, 1719, 0, 0, 0, , 0, 0, 0, 0, 0, 
385, 1, 383, 382, -1, 252, 269, 30.0, 11, MSaaaappa, 3917, 0, 0, 0, , 0, 0, 0, 0, 0, 
386, 1, 384, 383, -1, 235, 277, 28.0, 17, MSaaapapp, 3318, 0, 0, 0, , 0, 0, 0, 0, 0, 
387, 1, 385, 384, -1, 274, 267, 27.0, 11, MSaaapaap, 1097, 0, 0, 0, , 0, 0, 0, 0, 0, 
388, 0, 386, -1, -1, 295, 246, 29.0, 11, , 2084, 0, 0, 0, , 0, 0, 0, 0, 0, 
389, 1, 387, 385, -1, 218, 275, 30.0, 11, MSaaappa, 3892, 0, 0, 0, , 0, 0, 0, 0, 0, 
390, 1, 388, 386, -1, 224, 268, 32.0, 14, MSaaappp, 1450, 0, 0, 0, , 0, 0, 0, 0, 0, 
391, 1, 389, 387, -1, 182, 310, 19.0, 17, MSaapppp, 5188, 0, 0, 0, , 0, 0, 0, 0, 0, 
392, 1, 390, 388, -1, 213, 307, 19.0, 15, MSaapppa, 2380, 0, 0, 0, , 0, 0, 0, 0, 0, 
393, 1, 391, 389, -1, 234, 273, 18.0, 13, MSaapaaap, 3398, 0, 0, 0, , 0, 0, 0, 0, 0, 
394, 1, 392, 390, -1, 252, 273, 18.0, 13, MSaapaaaa, 4265, 0, 0, 0, , 0, 0, 0, 0, 0, 
395, 1, 393, 391, -1, 213, 278, 19.0, 13, MSaapappp, 4223, 0, 0, 0, , 0, 0, 0, 0, 0, 
396, 1, 394, 392, -1, 231, 287, 24.0, 17, MSaapappa, 3392, 0, 0, 0, , 0, 0, 0, 0, 0, 
397, 1, 395, 393, -1, 222, 282, 21.0, 17, MSaapapa, 8270, 0, 0, 0, , 0, 0, 0, 0, 0, 
398, 1, 396, 394, -1, 193, 281, 22.0, 19, Ealpa, 4352, 0, 0, 0, , 0, 0, 0, 0, 0, 
399, 1, 397, 395, -1, 117, 306, 23.0, 25, Eplpa, 65535, 0, 0, 0, , 0, 0, 0, 0, 0, 
400, 1, 398, 396, -1, 118, 345, 22.0, 15, Cappapa, 6071, 0, 0, 0, , 0, 0, 0, 0, 0, 
401, 1, 399, 397, -1, 113, 331, 18.0, 17, Cappapp, 5333, 0, 0, 0, , 0, 0, 0, 0, 0, 
402, 1, 400, 398, -1, 168, 340, 28.0, 13, Cappaaa, 4438, 0, 0, 0, , 0, 0, 0, 0, 0, 
403, 1, 401, 399, -1, 92, 336, 22.0, 15, Capppap, 5563, 0, 0, 0, , 0, 0, 0, 0, 0, 
404, 1, 402, 400, -1, 110, 338, 28.0, 15, Capppaa, 5939, 0, 0, 0, , 0, 0, 0, 0, 0, 
405, 1, 403, 401, -1, 90, 320, 17.0, 17, Capppp, 4016, 0, 0, 0, , 0, 0, 0, 0, 0, 
406, 1, 404, 402, -1, 122, 344, 25.0, 15, Capapap, 5635, 0, 0, 0, , 0, 0, 0, 0, 0, 
407, 1, 405, 403, -1, 152, 342, 27.0, 15, Capapaa, 4680, 0, 0, 0, , 0, 0, 0, 0, 0, 
408, 1, 406, 404, -1, 145, 329, 16.0, 14, Capapp, 6599, 0, 0, 0, , 0, 0, 0, 0, 0, 
409, 0, 407, -1, -1, 143, 334, 17.0, 17, , 6904, 0, 0, 0, , 0, 0, 0, 0, 0, 
410, 1, 408, 405, -1, 174, 339, 23.0, 15, Capaaap, 4742, 0, 0, 0, , 0, 0, 0, 0, 0, 
411, 1, 409, 406, -1, 202, 329, 24.0, 17, Capaaaa, 6851, 0, 0, 0, , 0, 0, 0, 0, 0, 
412, 1, 410, 407, -1, 61, 283, 17.0, 14, Caappd, 2139, 0, 0, 0, , 0, 0, 0, 0, 0, 
413, 1, 411, 408, -1, 72, 307, 13.0, 13, Caappv, 4106, 0, 0, 0, , 0, 0, 0, 0, 0, 
414, 1, 412, 409, -1, 96, 300, 13.0, 13, Caapap, 3258, 0, 0, 0, , 0, 0, 0, 0, 0, 
415, 1, 413, 410, -1, 75, 334, 21.0, 21, Cpappd, 30328, 0, 0, 0, , 0, 0, 0, 0, 0, 
416, 1, 414, 411, -1, 75, 327, 14.0, 17, Cpappv, 5700, 0, 0, 0, , 0, 0, 0, 0, 0, 
417, 1, 415, 412, -1, 65, 293, 23.0, 19, Cpapaa, 7125, 0, 0, 0, , 0, 0, 0, 0, 0, 
418, 1, 416, 413, -1, 107, 241, 22.0, 15, Cppaapp, 6687, 0, 0, 0, , 0, 0, 0, 0, 0, 
419, 1, 417, 414, -1, 128, 224, 23.0, 15, Cppaapa, 5621, 0, 0, 0, , 0, 0, 0, 0, 0, 
420, 1, 418, 415, -1, 143, 220, 24.0, 15, Cppaaap, 4805, 0, 0, 0, , 0, 0, 0, 0, 0, 
421, 1, 419, 416, -1, 169, 215, 24.0, 15, Cppaaaa, 6985, 0, 0, 0, , 0, 0, 0, 0, 0, 
422, 1, 420, 417, -1, 130, 231, 28.0, 15, Cppapaa, 5813, 0, 0, 0, , 0, 0, 0, 0, 0, 
423, 1, 421, 418, -1, 118, 263, 14.0, 13, Cppappp, 3893, 0, 0, 0, , 0, 0, 0, 0, 0, 
424, 1, 422, 419, -1, 110, 245, 17.0, 15, Cppappa, 5421, 0, 0, 0, , 0, 0, 0, 0, 0, 
425, 1, 423, 420, -1, 128, 247, 32.0, 17, Cpppaap, 5991, 0, 0, 0, , 0, 0, 0, 0, 0, 
426, 1, 424, 421, -1, 154, 221, 28.0, 15, Cpppaaa, 5633, 0, 0, 0, , 0, 0, 0, 0, 0, 
427, 1, 425, 422, -1, 90, 263, 19.0, 15, Cpppapp, 6292, 0, 0, 0, , 0, 0, 0, 0, 0, 
428, 1, 426, 423, -1, 88, 256, 24.0, 15, Cpppapa, 6071, 0, 0, 0, , 0, 0, 0, 0, 0, 
429, 1, 427, 424, -1, 246, 314, 20.0, 15, Daapa, 6680, 0, 0, 0, , 0, 0, 0, 0, 0, 
430, 1, 428, 425, -1, 226, 319, 18.0, 13, Daapp, 3578, 0, 0, 0, , 0, 0, 0, 0, 0, 
431, 1, 429, 426, -1, 252, 308, 23.0, 17, Daaaa, 4350, 0, 0, 0, , 0, 0, 0, 0, 0, 
432, 1, 430, 427, -1, 234, 311, 28.0, 15, Daaap, 5370, 0, 0, 0, , 0, 0, 0, 0, 0, 
433, 1, 431, 428, -1, 208, 318, 30.0, 17, Dappa, 14904, 0, 0, 0, , 0, 0, 0, 0, 0, 
434, 1, 432, 429, -1, 173, 327, 32.0, 15, Dappp, 5572, 0, 0, 0, , 0, 0, 0, 0, 0, 
435, 1, 433, 430, -1, 192, 203, 19.0, 15, Dpapp, 4835, 0, 0, 0, , 0, 0, 0, 0, 0, 
436, 1, 434, 431, -1, 207, 196, 21.0, 15, Dpapa, 2825, 0, 0, 0, , 0, 0, 0, 0, 0, 
437, 1, 435, 432, -1, 205, 208, 29.0, 13, Dpaap, 965, 0, 0, 0, , 0, 0, 0, 0, 0, 
438, 0, 436, -1, -1, 206, 208, 30.0, 17, , 4376, 0, 0, 0, , 0, 0, 0, 0, 0, 
439, 1, 437, 434, -1, 214, 196, 24.0, 15, Dpaaa, 4403, 0, 0, 0, , 0, 0, 0, 0, 0, 
440, 1, 438, 435, -1, 163, 231, 33.0, 23, Dpppp, 14180, 0, 0, 0, , 0, 0, 0, 0, 0, 
441, 1, 439, 436, -1, 186, 224, 32.0, 21, Dpppa, 13276, 0, 0, 0, , 0, 0, 0, 0, 0, 
442, 1, 440, 437, -1, 192, 206, 24.0, 17, Dppaa, 5369, 0, 0, 0, , 0, 0, 0, 0, 0, 
443, 1, 441, 438, -1, 170, 213, 27.0, 13, Dppap, 6432, 0, 0, 0, , 0, 0, 0, 0, 0, 
444, 0, 442, -1, -1, 380, 244, 24.0, 15, , 6912, 0, 0, 0, , 0, 0, 0, 0, 0, 
445, 1, 443, 440, -1, 315, 284, 24.0, 11, ABalpppappa, 4043, 0, 0, 0, , 0, 0, 0, 0, 0, 
446, 1, 444, 441, -1, 309, 291, 26.0, 13, ABalpppappp, 3063, 0, 0, 0, , 0, 0, 0, 0, 0, 
447, 1, 445, 442, -1, 298, 285, 21.0, 13, ABalpppppaa, 3631, 0, 0, 0, , 0, 0, 0, 0, 0, 
448, 1, 446, 443, -1, 287, 296, 24.0, 13, ABalpppppap, 2990, 0, 0, 0, , 0, 0, 0, 0, 0, 
449, 1, 447, 444, -1, 279, 320, 25.0, 17, ABalppppppa, 5550, 0, 0, 0, , 0, 0, 0, 0, 0, 
450, 1, 448, 445, -1, 309, 311, 23.0, 15, ABalpppppppa, 3629, 0, 0, 0, , 0, 0, 0, 0, 0, 
451, 1, 449, 446, -1, 348, 263, 24.0, 13, ABalppppapp, 5328, 0, 0, 0, , 0, 0, 0, 0, 0, 
452, 1, 450, 634, -1, 314, 282, 22.0, 13, ABalppppaav, 2955, 0, 0, 0, , 0, 0, 0, 0, 0, 
453, 1, 451, 447, -1, 340, 281, 16.0, 13, ABalpppaaaa, 4107, 0, 0, 0, , 0, 0, 0, 0, 0, 
454, 1, 452, 448, -1, 327, 278, 12.0, 13, ABalpppaaap, 3810, 0, 0, 0, , 0, 0, 0, 0, 0, 
455, 1, 453, 449, -1, 352, 276, 18.0, 13, ABalpppaapd, 4037, 0, 0, 0, , 0, 0, 0, 0, 0, 
456, 1, 454, 450, -1, 349, 279, 22.0, 13, ABalpppaapv, 4291, 0, 0, 0, , 0, 0, 0, 0, 0, 
457, 1, 455, 451, -1, 322, 291, 16.0, 13, ABalpppapad, 2735, 0, 0, 0, , 0, 0, 0, 0, 0, 
458, 1, 456, 452, -1, 317, 295, 14.0, 13, ABalpppapav, 4033, 0, 0, 0, , 0, 0, 0, 0, 0, 
459, 1, 457, 453, -1, 352, 258, 17.0, 13, ABalaaapalr, 4300, 0, 0, 0, , 0, 0, 0, 0, 0, 
460, 1, 458, 454, -1, 337, 261, 13.0, 11, ABalppaaaa, 5636, 0, 0, 0, , 0, 0, 0, 0, 0, 
461, 1, 459, 455, -1, 337, 264, 11.0, 13, ABalppaaapp, 2507, 0, 0, 0, , 0, 0, 0, 0, 0, 
462, 1, 460, 456, -1, 284, 281, 11.0, 13, ABalppaappp, 4092, 0, 0, 0, , 0, 0, 0, 0, 0, 
463, 1, 461, 457, -1, 308, 260, 9.0, 13, ABalppaapa, 6052, 0, 0, 0, , 0, 0, 0, 0, 0, 
464, 1, 462, 458, -1, 306, 297, 18.0, 15, ABplpaaaaap, 6451, 0, 0, 0, , 0, 0, 0, 0, 0, 
465, 1, 463, 459, -1, 303, 270, 12.0, 11, ABalppapppa, 2947, 0, 0, 0, , 0, 0, 0, 0, 0, 
466, 1, 464, 460, -1, 319, 265, 14.0, 11, ABalppappap, 2648, 0, 0, 0, , 0, 0, 0, 0, 0, 
467, 1, 465, 461, -1, 327, 257, 16.0, 13, ABalppappaa, 4502, 0, 0, 0, , 0, 0, 0, 0, 0, 
468, 1, 466, 462, -1, 285, 260, 11.0, 13, ABalppapapa, 4823, 0, 0, 0, , 0, 0, 0, 0, 0, 
469, 1, 467, 463, -1, 272, 276, 10.0, 13, ABalppapapp, 5672, 0, 0, 0, , 0, 0, 0, 0, 0, 
470, 1, 468, 464, -1, 323, 251, 12.0, 13, ABalppapaaa, 4969, 0, 0, 0, , 0, 0, 0, 0, 0, 
471, 0, -1, -1, -1, 311, 264, 10.0, 13, , 2491, 0, 0, 0, , 0, 0, 0, 0, 0, 
472, 1, 470, 466, -1, 237, 288, 10.0, 15, ABalpapapap, 7753, 0, 0, 0, , 0, 0, 0, 0, 0, 
473, 1, 471, 467, -1, 253, 270, 10.0, 15, ABalpapapaa, 6850, 0, 0, 0, , 0, 0, 0, 0, 0, 
474, 1, 472, 468, -1, 206, 295, 12.0, 13, ABalpapappa, 6478, 0, 0, 0, , 0, 0, 0, 0, 0, 
475, 1, 473, 469, -1, 222, 303, 13.0, 13, ABalpapappp, 5449, 0, 0, 0, , 0, 0, 0, 0, 0, 
476, 1, 474, 470, -1, 263, 247, 10.0, 13, ABalpapaapp, 5187, 0, 0, 0, , 0, 0, 0, 0, 0, 
477, 1, 475, 471, -1, 287, 234, 9.0, 15, ABalpapaapa, 7437, 0, 0, 0, , 0, 0, 0, 0, 0, 
478, 1, 476, 472, -1, 302, 245, 10.0, 15, ABalpapaaaa, 7735, 0, 0, 0, , 0, 0, 0, 0, 0, 
479, 1, 477, 473, -1, 279, 252, 10.0, 13, ABalpapaaap, 3641, 0, 0, 0, , 0, 0, 0, 0, 0, 
480, 1, 478, 474, -1, 291, 247, 15.0, 15, ABalpaaaaap, 4900, 0, 0, 0, , 0, 0, 0, 0, 0, 
481, 1, 479, 475, -1, 274, 240, 18.0, 13, ABalpappaaa, 6018, 0, 0, 0, , 0, 0, 0, 0, 0, 
482, 1, 480, 476, -1, 221, 259, 18.0, 15, ABalpappapp, 10438, 0, 0, 0, , 0, 0, 0, 0, 0, 
483, 1, 481, 477, -1, 276, 269, 18.0, 13, ABalpapppaa, 5417, 0, 0, 0, , 0, 0, 0, 0, 0, 
484, 1, 482, 478, -1, 262, 254, 21.0, 15, ABalpapppap, 6087, 0, 0, 0, , 0, 0, 0, 0, 0, 
485, 1, 483, 479, -1, 299, 253, 19.0, 13, ABalpaaapaa, 5029, 0, 0, 0, , 0, 0, 0, 0, 0, 
486, 1, 484, 480, -1, 293, 262, 21.0, 13, ABalpaaapap, 3339, 0, 0, 0, , 0, 0, 0, 0, 0, 
487, 1, 485, 481, -1, 285, 245, 14.0, 13, ABalpaaaapp, 4004, 0, 0, 0, , 0, 0, 0, 0, 0, 
488, 1, 486, 482, -1, 301, 239, 13.0, 15, ABalpaaaapa, 7295, 0, 0, 0, , 0, 0, 0, 0, 0, 
489, 1, 487, 483, -1, 284, 257, 17.0, 15, ABalpappaap, 8240, 0, 0, 0, , 0, 0, 0, 0, 0, 
490, 0, 488, -1, -1, 313, 238, 17.0, 13, , 3516, 0, 0, 0, , 0, 0, 0, 0, 0, 
491, 1, 489, 485, -1, 333, 226, 14.0, 13, ABalpaapppa, 4472, 0, 0, 0, , 0, 0, 0, 0, 0, 
492, 1, 490, 486, -1, 328, 240, 12.0, 15, ABalpaapppp, 4614, 0, 0, 0, , 0, 0, 0, 0, 0, 
493, 1, 491, 487, -1, 322, 224, 15.0, 13, ABalpaappaa, 5053, 0, 0, 0, , 0, 0, 0, 0, 0, 
494, 1, 492, 488, -1, 315, 233, 11.0, 11, ABalpaappap, 3484, 0, 0, 0, , 0, 0, 0, 0, 0, 
495, 1, 493, 489, -1, 290, 247, 22.0, 14, ABalpaapapa, 5302, 0, 0, 0, , 0, 0, 0, 0, 0, 
496, 1, 494, 490, -1, 306, 239, 20.0, 15, ABalpaapaap, 5245, 0, 0, 0, , 0, 0, 0, 0, 0, 
497, 1, 495, 491, -1, 317, 230, 19.0, 13, ABalpaapaaa, 5116, 0, 0, 0, , 0, 0, 0, 0, 0, 
498, 0, 496, -1, -1, 170, 255, 27.0, 11, , 711, 0, 0, 0, , 0, 0, 0, 0, 0, 
499, 1, 497, 493, -1, 147, 304, 25.0, 23, Ealpp, 7621, 0, 0, 0, , 0, 0, 0, 0, 0, 
500, 1, 498, 494, -1, 195, 255, 28.0, 17, Earaa, 8415, 0, 0, 0, , 0, 0, 0, 0, 0, 
501, 1, 499, 495, -1, 142, 275, 26.0, 19, Earpp, 7300, 0, 0, 0, , 0, 0, 0, 0, 0, 
502, 1, 500, 496, -1, 179, 286, 26.0, 17, Ealap, 10634, 0, 0, 0, , 0, 0, 0, 0, 0, 
503, 1, 501, 497, -1, 205, 278, 26.0, 23, Ealaa, 11307, 0, 0, 0, , 0, 0, 0, 0, 0, 
504, 1, 502, 498, -1, 153, 295, 28.0, 19, Eplaa, 10235, 0, 0, 0, , 0, 0, 0, 0, 0, 
505, 1, 503, 499, -1, 122, 307, 27.0, 21, Eplap, 65535, 0, 0, 0, , 0, 0, 0, 0, 0, 
506, 1, 504, 500, -1, 113, 279, 19.0, 21, Eprpp, 4386, 0, 0, 0, , 0, 0, 0, 0, 0, 
507, 1, 505, 501, -1, 190, 337, 27.0, 15, Dapap, 4553, 0, 0, 0, , 0, 0, 0, 0, 0, 
508, 1, 506, 502, -1, 224, 320, 23.0, 17, Dapaa, 6740, 0, 0, 0, , 0, 0, 0, 0, 0, 
509, 1, 507, 503, -1, 226, 291, 26.0, 15, MSaapaapp, 5044, 0, 0, 0, , 0, 0, 0, 0, 0, 
510, 1, 508, 504, -1, 240, 274, 24.0, 11, MSaapaapa, 1387, 0, 0, 0, , 0, 0, 0, 0, 0, 
511, 1, 509, 505, -1, 174, 202, 31.0, 15, ABarpppapp, 5282, 0, 0, 0, , 0, 0, 0, 0, 0, 
512, 1, 510, 506, -1, 240, 306, 15.0, 15, ABplppaapap, 5412, 0, 0, 0, , 0, 0, 0, 0, 0, 
513, 1, 511, 507, -1, 244, 309, 11.0, 11, ABplppaapaa, 5200, 0, 0, 0, , 0, 0, 0, 0, 0, 
514, 1, 512, 508, -1, 86, 336, 27.0, 15, Cpapap, 6080, 0, 0, 0, , 0, 0, 0, 0, 0, 
515, 1, 513, 509, -1, 340, 246, 17.0, 11, ABalaaaalar, 5929, 0, 0, 0, , 0, 0, 0, 0, 0, 
516, 1, 514, 510, -1, 336, 235, 17.0, 15, ABalaaaalal, 3135, 0, 0, 0, , 0, 0, 0, 0, 0, 
517, 1, 515, 512, -1, 294, 171, 30.0, 13, ABarpappaa, 5101, 0, 0, 0, , 0, 0, 0, 0, 0, 
518, 1, 516, 513, -1, 96, 268, 31.0, 17, Cppppaa, 6366, 0, 0, 0, , 0, 0, 0, 0, 0, 
519, 1, 517, 514, -1, 77, 282, 25.0, 15, Cppppap, 5660, 0, 0, 0, , 0, 0, 0, 0, 0, 
520, 1, 518, 515, -1, 96, 285, 15.0, 14, Cpppppv, 3227, 0, 0, 0, , 0, 0, 0, 0, 0, 
521, 1, 519, 516, -1, 185, 263, 22.0, 11, Earpa, 1584, 0, 0, 0, , 0, 0, 0, 0, 0, 
522, 0, -1, -1, -1, 299, 195, 30.0, 13, , 4017, 0, 0, 0, , 0, 0, 0, 0, 0, 
523, 1, 521, 518, -1, 111, 280, 23.0, 19, Eprpa, 9082, 0, 0, 0, , 0, 0, 0, 0, 0, 
524, 1, 522, 519, -1, 255, 248, 34.0, 15, ABarpaappa, 3091, 0, 0, 0, , 0, 0, 0, 0, 0, 
525, 1, 523, 520, -1, 248, 317, 34.0, 15, ABarppaapa, 4567, 0, 0, 0, , 0, 0, 0, 0, 0, 
526, 1, 524, 521, -1, 117, 304, 19.0, 29, Eplpp, 6860, 0, 0, 0, , 0, 0, 0, 0, 0, 
527, 1, 525, 522, -1, 199, 271, 19.0, 13, MSaappap, 3554, 0, 0, 0, , 0, 0, 0, 0, 0, 
528, 1, 526, 523, -1, 167, 296, 19.0, 19, Z3, 6443, 0, 0, 0, , 0, 0, 0, 0, 0, 
529, 1, 527, 524, -1, 270, 194, 10.0, 13, ABalaapappa, 2629, 0, 0, 0, , 0, 0, 0, 0, 0, 
530, 0, 528, -1, -1, 141, 274, 28.0, 17, , 5717, 0, 0, 0, , 0, 0, 0, 0, 0, 
531, 1, 529, 526, -1, 127, 297, 10.0, 13, ABplpppapap, 2321, 0, 0, 0, , 0, 0, 0, 0, 0, 
532, 1, 530, 527, -1, 222, 319, 14.0, 15, ABplppapaaa, 5414, 0, 0, 0, , 0, 0, 0, 0, 0, 
533, 1, 531, 528, -1, 338, 241, 19.0, 17, ABalaaapall, 7680, 0, 0, 0, , 0, 0, 0, 0, 0, 
534, 1, 532, 591, -1, 125, 284, 27.0, 17, Eprap, 15535, 0, 0, 0, , 0, 0, 0, 0, 0, 
535, 1, 533, 530, -1, 269, 191, 16.0, 15, ABprpaaaaaa, 6672, 0, 0, 0, , 0, 0, 0, 0, 0, 
536, 1, 534, 531, -1, 130, 241, 17.0, 13, MSpappap, 4999, 0, 0, 0, , 0, 0, 0, 0, 0, 
537, 1, 535, 532, -1, 212, 240, 29.0, 17, MSpaapapp, 4248, 0, 0, 0, , 0, 0, 0, 0, 0, 
538, 0, 536, -1, -1, 199, 256, 29.0, 19, , 6327, 0, 0, 0, , 0, 0, 0, 0, 0, 
539, 1, 537, 534, -1, 76, 290, 19.0, 17, Cpppppd, 5665, 0, 0, 0, , 0, 0, 0, 0, 0, 
540, 1, 538, 535, -1, 276, 305, 31.0, 11, ABplapaaaaa, 4327, 0, 0, 0, , 0, 0, 0, 0, 0, 
541, 1, 539, 536, -1, 225, 271, 12.0, 17, ABplpappaap, 11083, 0, 0, 0, , 0, 0, 0, 0, 0, 
542, 1, 540, 537, -1, 265, 312, 31.0, 13, ABplapaaaap, 6464, 0, 0, 0, , 0, 0, 0, 0, 0, 
543, 1, 541, 538, -1, 348, 261, 16.0, 15, ABalppaaapa, 6428, 0, 0, 0, , 0, 0, 0, 0, 0, 
544, 1, 542, 539, -1, 259, 260, 17.0, 21, ABalpappppp, 8555, 0, 0, 0, , 0, 0, 0, 0, 0, 
545, 1, 543, 540, -1, 146, 250, 18.0, 19, Z2, 31945, 0, 0, 0, , 0, 0, 0, 0, 0, 
546, 1, 544, 541, -1, 351, 207, 21.0, 13, ABalaaaparr, 4308, 0, 0, 0, , 0, 0, 0, 0, 0, 
547, 1, 545, 542, -1, 350, 225, 21.0, 13, ABalaaaparl, 3639, 0, 0, 0, , 0, 0, 0, 0, 0, 
548, 1, 546, 543, -1, 266, 271, 22.0, 13, ABalpaaappp, 5140, 0, 0, 0, , 0, 0, 0, 0, 0, 
549, 1, 547, 544, -1, 277, 266, 20.0, 13, ABalpaaappa, 3644, 0, 0, 0, , 0, 0, 0, 0, 0, 
550, 0, 548, -1, -1, 195, 276, 23.0, 15, , 2747, 0, 0, 0, , 0, 0, 0, 0, 0, 
551, 1, 549, 546, -1, 210, 246, 13.0, 13, ABprpappapa, 2388, 0, 0, 0, , 0, 0, 0, 0, 0, 
552, 0, 550, -1, -1, 168, 293, 18.0, 23, , 19992, 0, 0, 0, , 0, 0, 0, 0, 0, 
553, 1, 551, 548, -1, 139, 335, 31.0, 17, Cappaap, 5531, 0, 0, 0, , 0, 0, 0, 0, 0, 
554, 1, 552, 549, -1, 279, 245, 12.0, 15, ABalpappapa, 6439, 0, 0, 0, , 0, 0, 0, 0, 0, 
555, 1, 553, 550, -1, 241, 247, 14.0, 13, ABarapapppa, 5773, 0, 0, 0, , 0, 0, 0, 0, 0, 
556, 0, 554, -1, -1, 180, 256, 22.0, 19, , 16925, 0, 0, 0, , 0, 0, 0, 0, 0, 
557, 1, 555, 631, -1, 317, 202, 31.0, 13, ABalapppapp, 676, 0, 0, 0, , 0, 0, 0, 0, 0, 
558, 0, 556, -1, -1, 212, 224, 24.0, 13, , 954, 0, 0, 0, , 0, 0, 0, 0, 0, 
559, 1, 556, 553, -1, 219, 221, 22.0, 17, MSpapaapa, 8137, 0, 0, 0, , 0, 0, 0, 0, 0, 
560, 1, 557, 554, -1, 277, 163, 25.0, 13, ABpraapaapp, 4866, 0, 0, 0, , 0, 0, 0, 0, 0, 
561, 1, 558, 555, -1, 308, 181, 26.0, 13, ABalapppppa, 1993, 0, 0, 0, , 0, 0, 0, 0, 0, 
562, 1, 559, 556, -1, 301, 220, 12.0, 13, ABarapaaaaa, 5683, 0, 0, 0, , 0, 0, 0, 0, 0, 
563, 1, 560, 557, -1, 296, 263, 13.0, 15, ABalppapppp, 4783, 0, 0, 0, , 0, 0, 0, 0, 0, 
564, 1, 561, 558, -1, 344, 188, 22.0, 13, ABalaaappll, 4672, 0, 0, 0, , 0, 0, 0, 0, 0, 
565, 0, 562, -1, -1, 173, 286, 24.0, 19, , 6174, 0, 0, 0, , 0, 0, 0, 0, 0, 
566, 1, 563, 560, -1, 101, 249, 28.0, 17, Cppapap, 5051, 0, 0, 0, , 0, 0, 0, 0, 0, 
567, 0, 564, -1, -1, 110, 272, 20.0, 15, , 2606, 0, 0, 0, , 0, 0, 0, 0, 0, 
568, 1, 565, 562, -1, 245, 223, 21.0, 17, ABarapaappp, 5220, 0, 0, 0, , 0, 0, 0, 0, 0, 
569, 1, 566, 563, -1, 307, 276, 20.0, 13, ABalppppaad, 3556, 0, 0, 0, , 0, 0, 0, 0, 0, 
570, 0, 567, -1, -1, 267, 271, 29.0, 17, , 5358, 0, 0, 0, , 0, 0, 0, 0, 0, 
571, 0, 568, -1, -1, 261, 314, 16.0, 17, , 4071, 0, 0, 0, , 0, 0, 0, 0, 0, 
572, 1, 569, 566, -1, 309, 273, 9.0, 15, ABalppaappa, 8091, 0, 0, 0, , 0, 0, 0, 0, 0, 
573, 1, 570, 567, -1, 282, 264, 24.0, 15, ABalpaapapp, 4713, 0, 0, 0, , 0, 0, 0, 0, 0, 
574, 1, 571, 568, -1, 150, 339, 22.0, 19, Capaap, 6167, 0, 0, 0, , 0, 0, 0, 0, 0, 
575, 1, 572, 569, -1, 130, 329, 13.0, 13, ABplpppaapa, 4130, 0, 0, 0, , 0, 0, 0, 0, 0, 
576, 1, 573, 570, -1, 330, 241, 34.0, 15, ABarpaaaapp, 5210, 0, 0, 0, , 0, 0, 0, 0, 0, 
577, 0, 574, -1, -1, 344, 209, 24.0, 13, , 1471, 0, 0, 0, , 0, 0, 0, 0, 0, 
578, 0, 575, -1, -1, 206, 278, 27.0, 21, , 10432, 0, 0, 0, , 0, 0, 0, 0, 0, 
579, 0, 576, -1, -1, 110, 303, 18.0, 17, , 10268, 0, 0, 0, , 0, 0, 0, 0, 0, 
580, 0, -1, -1, -1, 205, 182, 18.0, 11, , 2140, 0, 0, 0, , 0, 0, 0, 0, 0, 
581, 0, 578, -1, -1, 106, 282, 20.0, 11, , 1768, 0, 0, 0, , 0, 0, 0, 0, 0, 
582, 1, 579, 576, -1, 220, 230, 18.0, 21, MSpapaaaa, 18783, 0, 0, 0, , 0, 0, 0, 0, 0, 
583, 1, 580, 577, -1, 206, 191, 12.0, 11, ABprppaaap, 3466, 0, 0, 0, , 0, 0, 0, 0, 0, 
584, 1, 581, 578, -1, 196, 220, 18.0, 13, MSpapppaa, 3004, 0, 0, 0, , 0, 0, 0, 0, 0, 
585, 1, 582, 579, -1, 168, 226, 19.0, 13, MSpapppap, 4003, 0, 0, 0, , 0, 0, 0, 0, 0, 
586, 1, 583, 580, -1, 276, 259, 36.0, 23, ABarpaapap, 28542, 0, 0, 0, , 0, 0, 0, 0, 0, 
587, 1, 584, 581, -1, 264, 188, 20.0, 13, ABprpaapaaa, 8182, 0, 0, 0, , 0, 0, 0, 0, 0, 
588, 1, 585, 582, -1, 267, 248, 14.0, 13, ABalpappppa, 3703, 0, 0, 0, , 0, 0, 0, 0, 0, 
589, 1, 586, 583, -1, 284, 323, 20.0, 13, ABalpppppppp, 3088, 0, 0, 0, , 0, 0, 0, 0, 0, 
590, 0, 587, -1, -1, 120, 291, 9.0, 11, , 1933, 0, 0, 0, , 0, 0, 0, 0, 0, 
591, 1, 588, 585, -1, 108, 311, 10.0, 11, ABprpppapp, 3672, 0, 0, 0, , 0, 0, 0, 0, 0, 
592, 1, 589, 586, -1, 259, 311, 15.0, 15, ABplppaaaap, 2766, 0, 0, 0, , 0, 0, 0, 0, 0, 
593, 0, 590, -1, -1, 157, 297, 27.0, 23, , 29641, 0, 0, 0, , 0, 0, 0, 0, 0, 
594, 1, 591, 588, -1, 78, 275, 29.0, 17, Caaapp, 4516, 0, 0, 0, , 0, 0, 0, 0, 0, 
595, 0, 592, -1, -1, 200, 201, 10.0, 11, , 1091, 0, 0, 0, , 0, 0, 0, 0, 0, 
596, 1, 593, 590, -1, 214, 273, 15.0, 11, ABplpappap, 3920, 0, 0, 0, , 0, 0, 0, 0, 0, 
597, 0, 594, -1, -1, 125, 285, 29.0, 13, , 4342, 0, 0, 0, , 0, 0, 0, 0, 0, 
598, 1, 595, 592, -1, 104, 253, 34.0, 15, Caaapa, 2591, 0, 0, 0, , 0, 0, 0, 0, 0, 
599, 1, 596, 593, -1, 284, 175, 12.0, 11, ABalaappaa, 4535, 0, 0, 0, , 0, 0, 0, 0, 0, 
600, 1, 597, 594, -1, 161, 274, 30.0, 21, Epraa, 13064, 0, 0, 0, , 0, 0, 0, 0, 0, 
601, 1, 598, 595, -1, 117, 338, 32.0, 17, Cpaapp, 7486, 0, 0, 0, , 0, 0, 0, 0, 0, 
602, 0, 599, -1, -1, 312, 188, 15.0, 14, , 2553, 0, 0, 0, , 0, 0, 0, 0, 0, 
603, 1, 600, 597, -1, 338, 195, 28.0, 13, ABarpaaaaal, 4138, 0, 0, 0, , 0, 0, 0, 0, 0, 
604, 0, 601, -1, -1, 237, 162, 24.0, 14, , 1690, 0, 0, 0, , 0, 0, 0, 0, 0, 
605, 1, 602, 599, -1, 105, 302, 15.0, 15, Caapaa, 2054, 0, 0, 0, , 0, 0, 0, 0, 0, 
606, 1, 603, 600, -1, 205, 213, 35.0, 14, ABarpppapa, 603, 0, 0, 0, , 0, 0, 0, 0, 0, 
607, 0, 604, -1, -1, 270, 259, 10.0, 13, , 2811, 0, 0, 0, , 0, 0, 0, 0, 0, 
608, 0, 605, -1, -1, 197, 209, 9.0, 9, , 444, 0, 0, 0, , 0, 0, 0, 0, 0, 
609, 1, 606, 603, -1, 250, 296, 19.0, 15, MSappapp, 2551, 0, 0, 0, , 0, 0, 0, 0, 0, 
610, 0, 607, -1, -1, 348, 209, 26.0, 9, , 726, 0, 0, 0, , 0, 0, 0, 0, 0, 
611, 1, 608, 604, -1, 79, 242, 20.0, 14, ABarpppppp, 3520, 0, 0, 0, , 0, 0, 0, 0, 0, 
612, 0, 609, -1, -1, 325, 226, 29.0, 11, , 2150, 0, 0, 0, , 0, 0, 0, 0, 0, 
613, 0, 610, -1, -1, 268, 311, 11.0, 13, , 2508, 0, 0, 0, , 0, 0, 0, 0, 0, 
614, 0, 611, -1, -1, 251, 245, 35.0, 19, , 6921, 0, 0, 0, , 0, 0, 0, 0, 0, 
615, 0, 612, -1, -1, 195, 186, 14.0, 13, , 2473, 0, 0, 0, , 0, 0, 0, 0, 0, 
616, 1, 613, 609, -1, 229, 202, 19.0, 13, MSpppapa, 3995, 0, 0, 0, , 0, 0, 0, 0, 0, 
617, 1, 626, 610, -1, 294, 275, 31.0, 19, MSapappa, 9948, 0, 0, 0, , 0, 0, 0, 0, 0, 
618, 0, -1, -1, -1, 60, 288, 16.0, 15, , 3115, 0, 0, 0, , 0, 0, 0, 0, 0, 
619, 0, -1, -1, -1, 118, 280, 20.0, 17, , 6883, 0, 0, 0, , 0, 0, 0, 0, 0, 
620, 0, -1, -1, -1, 119, 283, 28.0, 13, , 1915, 0, 0, 0, , 0, 0, 0, 0, 0, 
621, 0, -1, -1, -1, 160, 277, 30.0, 13, , 5057, 0, 0, 0, , 0, 0, 0, 0, 0, 
622, 1, 617, 615, -1, 287, 203, 32.0, 17, MSppappp, 4445, 0, 0, 0, , 0, 0, 0, 0, 0, 
623, 1, 620, 616, -1, 211, 333, 33.0, 17, Caaaaa, 1632, 0, 0, 0, , 0, 0, 0, 0, 0, 
624, 0, -1, -1, -1, 215, 275, 10.0, 14, , 1838, 0, 0, 0, , 0, 0, 0, 0, 0, 
625, 1, 614, 622, -1, 187, 321, 34.0, 21, Cpaaap, 0, 0, 0, 0, , 0, 0, 0, 0, 0, 
626, 1, 615, 623, -1, 241, 233, 16.0, 21, ABarapapppp, 6383, 0, 0, 0, , 0, 0, 0, 0, 0, 
627, 1, 616, 624, -1, 228, 296, 33.0, 15, Cpaaaa, 0, 0, 0, 0, , 0, 0, 0, 0, 0, 
628, 1, 618, 626, -1, 138, 308, 33.0, 15, Cpaapa, 0, 0, 0, 0, , 0, 0, 0, 0, 0, 
629, 1, 619, 627, -1, 136, 233, 33.0, 15, Caaaap, 0, 0, 0, 0, , 0, 0, 0, 0, 0, 
630, 1, 621, 271, -1, 200, 182, 16.333334, 16, ABpraapppa, 4551, 0, 0, 0, , 0, 0, 0, 0, 0, 
631, 1, 622, 629, -1, 305, 256, 11.25, 13, ABalppapaap, 2491, 0, 0, 0, , 0, 0, 0, 0, 0, 
632, 1, 623, 630, -1, 293, 180, 29.181818, 12, ABalapppppp, 906, 0, 0, 0, , 0, 0, 0, 0, 0, 
633, 1, 624, 618, -1, 283, 186, 17.923077, 12, ABalaapppap, 2552, 0, 0, 0, , 0, 0, 0, 0, 0, 
634, 0, -1, -1, -1, 305, 235, 16.0, 11, , 0, 0, 0, 0, , 0, 0, 0, 0, 0, 
635, 1, 627, 635, -1, 263, 273, 28.0, 13, MSaaapapa, 0, 0, 0, 0, , 0, 0, 0, 0, 0, 
636, 0, 488, -1, -1, 323, 265, 15.0, 13, , 8023, 0, 0, 0, , 0, 0, 0, 0, 0, 
637, 1, 628, 484, -1, 311, 237, 16.5, 13, ABaraaaaaaa, 0, 0, 0, 0, , 0, 0, 0, 0, 0, 
638, 1, 629, 637, -1, 309, 241, 15.0, 13, ABalpaaaaaa, 0, 0, 0, 0, , 0, 0, 0, 0, 0, 
639, 1, 630, 638, -1, 333, 256, 19.0, 15, ABalapaappa, 0, 0, 0, 0, , 0, 0, 0, 0, 0, 
640, 1, 631, 639, -1, 326, 228, 29.0, 15, ABalapapapa, 0, 0, 0, 0, , 0, 0, 0, 0, 0, 
641, 1, 632, 95, -1, 326, 260, 30.0, 14, ABalapapppp, 1229, 0, 0, 0, , 0, 0, 0, 0, 0, 
642, 1, 634, 640, -1, 295, 245, 27.333334, 13, MSaaapaaa, 0, 0, 0, 0, , 0, 0, 0, 0, 0, 
643, 0, 635, -1, -1, 250, 206, 10.853932, 13, , 0, 0, 0, 0, , 0, 0, 0, 0, 0, 
644, 1, 636, 642, -1, 240, 197, 11.0, 13, ABalaapappp, 0, 0, 0, 0, , 0, 0, 0, 0, 0, 
