1, 1, 1, 1, -1, 303, 212, 22.0, 15, ABaraappaaa, 4843, 0, 0, 0, , 0, 0, 0, 0, 0, 
2, 1, 2, 2, -1, 300, 214, 24.0, 15, ABaraappaap, 8946, 0, 0, 0, , 0, 0, 0, 0, 0, 
3, 1, 3, 3, -1, 263, 213, 26.0, 19, ABaraappapp, 8385, 0, 0, 0, , 0, 0, 0, 0, 0, 
4, 1, 4, 4, -1, 285, 211, 25.0, 15, ABaraappapa, 6608, 0, 0, 0, , 0, 0, 0, 0, 0, 
5, 1, 5, 5, -1, 229, 236, 27.0, 13, MSpaapapa, 3818, 0, 0, 0, , 0, 0, 0, 0, 0, 
6, 1, 6, 6, -1, 243, 219, 23.0, 15, ABaraapppaa, 4704, 0, 0, 0, , 0, 0, 0, 0, 0, 
7, 1, 7, 7, -1, 232, 238, 21.0, 15, ABaraappppp, 5869, 0, 0, 0, , 0, 0, 0, 0, 0, 
8, 1, 8, 8, -1, 254, 278, 21.0, 15, ABaraapappa, 8990, 0, 0, 0, , 0, 0, 0, 0, 0, 
9, 1, 9, 9, -1, 240, 255, 22.0, 15, ABaraapappp, 8688, 0, 0, 0, , 0, 0, 0, 0, 0, 
10, 1, 10, 10, -1, 251, 272, 26.0, 17, ABaraapapap, 9962, 0, 0, 0, , 0, 0, 0, 0, 0, 
11, 1, 11, 11, -1, 262, 274, 25.0, 17, ABaraapapaa, 10514, 0, 0, 0, , 0, 0, 0, 0, 0, 
12, 1, 12, 12, -1, 313, 223, 22.0, 15, ABaraapaaaa, 8216, 0, 0, 0, , 0, 0, 0, 0, 0, 
13, 1, 13, 13, -1, 305, 230, 24.0, 15, ABaraapaaap, 5578, 0, 0, 0, , 0, 0, 0, 0, 0, 
14, 1, 14, 14, -1, 286, 259, 28.0, 15, ABaraapaapp, 9380, 0, 0, 0, , 0, 0, 0, 0, 0, 
15, 1, 15, 15, -1, 300, 242, 24.0, 15, ABaraapaapa, 6680, 0, 0, 0, , 0, 0, 0, 0, 0, 
16, 1, 16, 16, -1, 308, 217, 11.0, 15, ABaraaappap, 4188, 0, 0, 0, , 0, 0, 0, 0, 0, 
17, 1, 17, 17, -1, 321, 215, 13.0, 13, ABaraaappaa, 4467, 0, 0, 0, , 0, 0, 0, 0, 0, 
18, 1, 18, 18, -1, 315, 203, 14.0, 15, ABaraaapppa, 3516, 0, 0, 0, , 0, 0, 0, 0, 0, 
19, 1, 19, 19, -1, 291, 211, 9.0, 13, ABaraaapppp, 3899, 0, 0, 0, , 0, 0, 0, 0, 0, 
20, 1, 20, 20, -1, 301, 212, 19.0, 13, ABaraaapaaa, 6072, 0, 0, 0, , 0, 0, 0, 0, 0, 
21, 1, 21, 21, -1, 275, 210, 22.0, 17, ABaraaapapa, 4917, 0, 0, 0, , 0, 0, 0, 0, 0, 
22, 1, 22, 22, -1, 292, 206, 21.0, 13, ABaraaapaap, 4236, 0, 0, 0, , 0, 0, 0, 0, 0, 
23, 1, 23, 23, -1, 260, 221, 23.0, 17, ABaraaapapp, 5364, 0, 0, 0, , 0, 0, 0, 0, 0, 
24, 1, 24, 24, -1, 290, 234, 18.0, 11, ABaraaaaaap, 2589, 0, 0, 0, , 0, 0, 0, 0, 0, 
25, 1, 25, 25, -1, 287, 217, 18.0, 11, ABaraaaaapp, 3009, 0, 0, 0, , 0, 0, 0, 0, 0, 
26, 1, 26, 26, -1, 308, 213, 15.0, 14, ABaraaaaapa, 2657, 0, 0, 0, , 0, 0, 0, 0, 0, 
27, 1, 27, 27, -1, 286, 233, 27.0, 11, ABaraaaapp, 3816, 0, 0, 0, , 0, 0, 0, 0, 0, 
28, 1, 28, 28, -1, 315, 216, 19.0, 13, ABaraaaapap, 4338, 0, 0, 0, , 0, 0, 0, 0, 0, 
29, 1, 29, 29, -1, 329, 211, 17.0, 11, ABaraaaapaa, 3201, 0, 0, 0, , 0, 0, 0, 0, 0, 
30, 1, 30, 30, -1, 222, 254, 15.0, 15, ABarapapapp, 8252, 0, 0, 0, , 0, 0, 0, 0, 0, 
31, 1, 31, 31, -1, 262, 236, 12.0, 13, ABarapapapa, 5686, 0, 0, 0, , 0, 0, 0, 0, 0, 
32, 1, 32, 32, -1, 261, 221, 17.0, 15, ABarapapaap, 7300, 0, 0, 0, , 0, 0, 0, 0, 0, 
33, 1, 33, 33, -1, 253, 240, 14.0, 11, ABarapapaaa, 6863, 0, 0, 0, , 0, 0, 0, 0, 0, 
34, 1, 34, 34, -1, 252, 212, 18.0, 13, ABarapappaa, 6570, 0, 0, 0, , 0, 0, 0, 0, 0, 
35, 1, 35, 35, -1, 243, 231, 19.0, 13, ABarapappap, 10341, 0, 0, 0, , 0, 0, 0, 0, 0, 
36, 1, 36, 36, -1, 274, 229, 14.0, 13, ABarapaaapp, 6426, 0, 0, 0, , 0, 0, 0, 0, 0, 
37, 1, 37, 37, -1, 287, 223, 13.0, 13, ABarapaaapa, 7610, 0, 0, 0, , 0, 0, 0, 0, 0, 
38, 1, 38, 38, -1, 283, 226, 15.0, 13, ABarapaaaap, 8187, 0, 0, 0, , 0, 0, 0, 0, 0, 
39, 1, 39, 39, -1, 276, 218, 17.0, 13, ABarapaapap, 7220, 0, 0, 0, , 0, 0, 0, 0, 0, 
40, 1, 40, 40, -1, 275, 205, 19.0, 13, ABarapaapaa, 7520, 0, 0, 0, , 0, 0, 0, 0, 0, 
41, 1, 41, 41, -1, 261, 206, 21.0, 15, ABarapaappa, 8113, 0, 0, 0, , 0, 0, 0, 0, 0, 
42, 1, 42, 42, -1, 256, 213, 11.0, 13, ABarapppapa, 5309, 0, 0, 0, , 0, 0, 0, 0, 0, 
43, 1, 43, 43, -1, 240, 219, 10.0, 13, ABarapppapp, 8488, 0, 0, 0, , 0, 0, 0, 0, 0, 
44, 1, 44, 44, -1, 296, 197, 12.0, 15, ABarapppaaa, 4879, 0, 0, 0, , 0, 0, 0, 0, 0, 
45, 1, 45, 45, -1, 284, 198, 9.0, 13, ABarapppaap, 5604, 0, 0, 0, , 0, 0, 0, 0, 0, 
46, 1, 46, 46, -1, 278, 193, 13.0, 15, ABarappppap, 5465, 0, 0, 0, , 0, 0, 0, 0, 0, 
47, 1, 47, 47, -1, 290, 190, 16.0, 13, ABarappppaa, 5449, 0, 0, 0, , 0, 0, 0, 0, 0, 
48, 1, 48, 48, -1, 259, 199, 12.0, 13, ABarapppppa, 5263, 0, 0, 0, , 0, 0, 0, 0, 0, 
49, 1, 49, 49, -1, 254, 208, 13.0, 13, ABarapppppp, 4063, 0, 0, 0, , 0, 0, 0, 0, 0, 
50, 1, 50, 50, -1, 248, 227, 11.0, 13, ABarappaaap, 8035, 0, 0, 0, , 0, 0, 0, 0, 0, 
51, 1, 51, 51, -1, 278, 215, 11.0, 13, ABarappaaaa, 5766, 0, 0, 0, , 0, 0, 0, 0, 0, 
52, 1, 52, 52, -1, 265, 229, 10.0, 15, ABarappaapa, 6162, 0, 0, 0, , 0, 0, 0, 0, 0, 
53, 1, 53, 53, -1, 249, 244, 11.0, 11, ABarappaapp, 5989, 0, 0, 0, , 0, 0, 0, 0, 0, 
54, 1, 54, 54, -1, 216, 233, 10.0, 17, ABarappapap, 6557, 0, 0, 0, , 0, 0, 0, 0, 0, 
55, 1, 55, 55, -1, 232, 227, 10.0, 15, ABarappapaa, 6683, 0, 0, 0, , 0, 0, 0, 0, 0, 
56, 1, 56, 56, -1, 189, 231, 12.0, 13, ABarappappp, 6112, 0, 0, 0, , 0, 0, 0, 0, 0, 
57, 1, 57, 57, -1, 183, 245, 14.0, 15, ABarappappa, 6889, 0, 0, 0, , 0, 0, 0, 0, 0, 
58, 1, 58, 58, -1, 254, 164, 31.0, 15, ABarpapppa, 11412, 0, 0, 0, , 0, 0, 0, 0, 0, 
59, 1, 59, 59, -1, 228, 167, 30.0, 14, ABarpapppp, 2864, 0, 0, 0, , 0, 0, 0, 0, 0, 
60, 1, 60, 60, -1, 276, 166, 32.0, 13, ABarpappap, 3939, 0, 0, 0, , 0, 0, 0, 0, 0, 
61, 1, 61, 61, -1, 311, 187, 31.0, 13, ABarpapaaap, 4870, 0, 0, 0, , 0, 0, 0, 0, 0, 
62, 0, 62, -1, -1, 278, 187, 29.0, 13, , 8754, 0, 0, 0, , 0, 0, 0, 0, 0, 
63, 1, 63, 63, -1, 303, 195, 28.0, 13, ABarpapaapp, 3619, 0, 0, 0, , 0, 0, 0, 0, 0, 
64, 1, 64, 64, -1, 275, 225, 35.0, 21, ABarpapapp, 16974, 0, 0, 0, , 0, 0, 0, 0, 0, 
65, 1, 65, 65, -1, 323, 213, 34.0, 19, ABarpapapa, 6999, 0, 0, 0, , 0, 0, 0, 0, 0, 
66, 1, 66, 66, -1, 235, 238, 35.0, 17, ABarpaappp, 2363, 0, 0, 0, , 0, 0, 0, 0, 0, 
67, 1, 67, 67, -1, 287, 202, 35.0, 15, ABarpaapaa, 5898, 0, 0, 0, , 0, 0, 0, 0, 0, 
68, 1, 68, 68, -1, 341, 216, 30.0, 13, ABarpaaaaar, 5642, 0, 0, 0, , 0, 0, 0, 0, 0, 
69, 1, 69, 69, -1, 336, 218, 33.0, 13, ABarpaaaapa, 3463, 0, 0, 0, , 0, 0, 0, 0, 0, 
70, 1, 70, 70, -1, 303, 209, 35.0, 15, ABarpaaapp, 6527, 0, 0, 0, , 0, 0, 0, 0, 0, 
71, 1, 71, 71, -1, 335, 199, 32.0, 15, ABarpaaapaa, 4057, 0, 0, 0, , 0, 0, 0, 0, 0, 
72, 1, 72, 72, -1, 319, 186, 34.0, 17, ABarpaaapap, 7035, 0, 0, 0, , 0, 0, 0, 0, 0, 
73, 1, 73, 73, -1, 264, 334, 28.0, 13, ABarppaaap, 6601, 0, 0, 0, , 0, 0, 0, 0, 0, 
74, 1, 74, 74, -1, 223, 336, 27.0, 13, ABarppaapp, 4004, 0, 0, 0, , 0, 0, 0, 0, 0, 
75, 1, 75, 75, -1, 156, 358, 29.0, 15, ABarppappa, 5808, 0, 0, 0, , 0, 0, 0, 0, 0, 
76, 1, 76, 76, -1, 118, 363, 20.0, 15, ABarppappp, 5565, 0, 0, 0, , 0, 0, 0, 0, 0, 
77, 1, 77, 77, -1, 208, 351, 27.0, 17, ABarppapap, 6259, 0, 0, 0, , 0, 0, 0, 0, 0, 
78, 1, 78, 78, -1, 239, 339, 28.0, 17, ABarppapaa, 6230, 0, 0, 0, , 0, 0, 0, 0, 0, 
79, 1, 79, 79, -1, 111, 221, 26.0, 15, ABarpppppa, 8389, 0, 0, 0, , 0, 0, 0, 0, 0, 
80, 1, 80, 80, -1, 181, 186, 30.0, 15, ABarppppaa, 5654, 0, 0, 0, , 0, 0, 0, 0, 0, 
81, 1, 81, 81, -1, 153, 202, 31.0, 13, ABarppppap, 4426, 0, 0, 0, , 0, 0, 0, 0, 0, 
82, 1, 82, 82, -1, 209, 175, 32.0, 14, ABarpppaap, 3720, 0, 0, 0, , 0, 0, 0, 0, 0, 
83, 1, 83, 83, -1, 232, 195, 34.0, 13, ABarpppaaa, 4394, 0, 0, 0, , 0, 0, 0, 0, 0, 
84, 1, 84, 84, -1, 329, 193, 23.0, 15, ABalappppaa, 1796, 0, 0, 0, , 0, 0, 0, 0, 0, 
85, 1, 85, 85, -1, 325, 181, 25.0, 13, ABalappppap, 1600, 0, 0, 0, , 0, 0, 0, 0, 0, 
86, 1, 86, 86, -1, 335, 214, 22.0, 11, ABalapppaaa, 2410, 0, 0, 0, , 0, 0, 0, 0, 0, 
87, 1, 87, 87, -1, 324, 203, 26.0, 11, ABalapppaap, 2536, 0, 0, 0, , 0, 0, 0, 0, 0, 
88, 1, 88, 88, -1, 323, 206, 28.0, 11, ABalapppapa, 1906, 0, 0, 0, , 0, 0, 0, 0, 0, 
89, 1, 89, 89, -1, 294, 180, 25.0, 11, ABalappapap, 2004, 0, 0, 0, , 0, 0, 0, 0, 0, 
90, 1, 90, 90, -1, 308, 191, 24.0, 13, ABalappapaa, 3301, 0, 0, 0, , 0, 0, 0, 0, 0, 
91, 1, 91, 91, -1, 339, 201, 26.0, 11, ABalappaaa, 2087, 0, 0, 0, , 0, 0, 0, 0, 0, 
92, 1, 92, 92, -1, 321, 181, 22.0, 13, ABalappappa, 2264, 0, 0, 0, , 0, 0, 0, 0, 0, 
93, 1, 93, 93, -1, 311, 173, 24.0, 11, ABalappappp, 1487, 0, 0, 0, , 0, 0, 0, 0, 0, 
94, 1, 94, 94, -1, 330, 259, 28.0, 13, ABalapapppa, 4676, 0, 0, 0, , 0, 0, 0, 0, 0, 
95, 1, 641, 95, -1, 327, 259, 30.0, 15, ABalapapppp, 3089, 0, 0, 0, , 0, 0, 0, 0, 0, 
96, 1, 96, 96, -1, 341, 228, 23.0, 13, ABalapappaa, 2640, 0, 0, 0, , 0, 0, 0, 0, 0, 
97, 1, 97, 97, -1, 340, 239, 27.0, 15, ABalapappap, 3946, 0, 0, 0, , 0, 0, 0, 0, 0, 
98, 1, 98, 98, -1, 324, 226, 31.0, 11, ABalapapaa, 4520, 0, 0, 0, , 0, 0, 0, 0, 0, 
99, 1, 99, 99, -1, 323, 240, 31.0, 13, ABalapapapp, 3485, 0, 0, 0, , 0, 0, 0, 0, 0, 
100, 1, 100, 100, -1, 323, 267, 25.0, 13, ABalapaaaa, 2826, 0, 0, 0, , 0, 0, 0, 0, 0, 
101, 0, 101, -1, -1, 332, 263, 26.0, 13, , 5320, 0, 0, 0, , 0, 0, 0, 0, 0, 
102, 1, 102, 101, -1, 343, 242, 23.0, 15, ABalapaaapa, 5186, 0, 0, 0, , 0, 0, 0, 0, 0, 
103, 1, 103, 102, -1, 349, 261, 26.0, 15, ABalapaaapp, 2596, 0, 0, 0, , 0, 0, 0, 0, 0, 
104, 0, 104, -1, -1, 333, 259, 19.0, 15, , 3304, 0, 0, 0, , 0, 0, 0, 0, 0, 
105, 1, 105, 104, -1, 337, 257, 23.0, 15, ABalppppapa, 4790, 0, 0, 0, , 0, 0, 0, 0, 0, 
106, 1, 106, 105, -1, 325, 279, 18.0, 13, ABalapaapap, 2610, 0, 0, 0, , 0, 0, 0, 0, 0, 
107, 1, 107, 106, -1, 319, 265, 19.0, 11, ABalapaapaa, 3030, 0, 0, 0, , 0, 0, 0, 0, 0, 
108, 1, 108, 107, -1, 343, 269, 20.0, 15, ABalapaappp, 6602, 0, 0, 0, , 0, 0, 0, 0, 0, 
109, 1, 109, 108, -1, 319, 195, 17.0, 13, ABalaapaaal, 4209, 0, 0, 0, ABalaapaaal, 0, 0, 0, 0, 0, 
110, 1, 110, 109, -1, 244, 192, 10.0, 13, ABalaapapa, 5699, 0, 0, 0, , 0, 0, 0, 0, 0, 
111, 1, 111, 110, -1, 302, 190, 10.0, 13, ABalaapaapp, 3794, 0, 0, 0, , 0, 0, 0, 0, 0, 
112, 1, 112, 111, -1, 311, 180, 14.0, 17, ABalaapaapa, 7154, 0, 0, 0, , 0, 0, 0, 0, 0, 
113, 1, 113, 112, -1, 297, 178, 13.0, 11, ABalaappapa, 1691, 0, 0, 0, , 0, 0, 0, 0, 0, 
114, 1, 114, 113, -1, 285, 180, 10.0, 15, ABalaappapp, 3422, 0, 0, 0, , 0, 0, 0, 0, 0, 
115, 1, 115, 114, -1, 303, 179, 20.0, 15, ABalaappppp, 6227, 0, 0, 0, , 0, 0, 0, 0, 0, 
116, 1, 116, 115, -1, 298, 188, 19.0, 15, ABalaappppa, 1223, 0, 0, 0, , 0, 0, 0, 0, 0, 
117, 1, 117, 116, -1, 281, 171, 19.0, 11, ABalaapppaa, 3487, 0, 0, 0, , 0, 0, 0, 0, 0, 
118, 1, 118, 117, -1, 342, 248, 12.0, 13, ABalaaaalpp, 3152, 0, 0, 0, , 0, 0, 0, 0, 0, 
119, 1, 119, 118, -1, 348, 240, 15.0, 13, ABalaaaalpa, 4612, 0, 0, 0, , 0, 0, 0, 0, 0, 
120, 1, 120, 119, -1, 338, 202, 20.0, 15, ABalaaaarrp, 2898, 0, 0, 0, , 0, 0, 0, 0, 0, 
121, 1, 121, 120, -1, 330, 191, 18.0, 15, ABalaaaarra, 4206, 0, 0, 0, , 0, 0, 0, 0, 0, 
122, 1, 122, 121, -1, 342, 209, 18.0, 13, ABalaaaarlp, 2682, 0, 0, 0, , 0, 0, 0, 0, 0, 
123, 1, 123, 122, -1, 343, 223, 18.0, 13, ABalaaaarla, 4642, 0, 0, 0, , 0, 0, 0, 0, 0, 
124, 1, 124, 123, -1, 332, 183, 20.0, 13, ABalaaapplr, 3567, 0, 0, 0, , 0, 0, 0, 0, 0, 
125, 1, 125, 124, -1, 317, 194, 19.0, 15, ABalaaapprr, 3590, 0, 0, 0, , 0, 0, 0, 0, 0, 
126, 1, 126, 125, -1, 303, 173, 16.0, 13, ABalaaapprl, 4702, 0, 0, 0, , 0, 0, 0, 0, 0, 
127, 1, 127, 126, -1, 336, 215, 27.0, 15, ABalappaap, 2005, 0, 0, 0, , 0, 0, 0, 0, 0, 
128, 1, 128, 127, -1, 151, 312, 11.0, 15, ABplppppapa, 4073, 0, 0, 0, , 0, 0, 0, 0, 0, 
129, 1, 129, 128, -1, 139, 299, 11.0, 13, ABplppppapp, 4439, 0, 0, 0, , 0, 0, 0, 0, 0, 
130, 1, 130, 129, -1, 158, 302, 14.0, 15, ABplppppaaa, 4306, 0, 0, 0, , 0, 0, 0, 0, 0, 
131, 1, 131, 130, -1, 147, 302, 15.0, 13, ABplppppaap, 4009, 0, 0, 0, , 0, 0, 0, 0, 0, 
132, 1, 132, 131, -1, 85, 317, 12.0, 15, ABplppppppp, 4410, 0, 0, 0, , 0, 0, 0, 0, 0, 
133, 1, 133, 132, -1, 95, 317, 11.0, 13, ABplppppppa, 4474, 0, 0, 0, , 0, 0, 0, 0, 0, 
134, 1, 134, 133, -1, 131, 314, 16.0, 13, ABplpppppap, 3965, 0, 0, 0, , 0, 0, 0, 0, 0, 
135, 1, 135, 134, -1, 145, 314, 18.0, 15, ABplpppppaa, 6037, 0, 0, 0, , 0, 0, 0, 0, 0, 
136, 1, 136, 135, -1, 131, 313, 10.0, 13, ABplpppapaa, 3644, 0, 0, 0, , 0, 0, 0, 0, 0, 
137, 1, 137, 136, -1, 122, 322, 12.0, 13, ABplpppaapp, 4253, 0, 0, 0, , 0, 0, 0, 0, 0, 
138, 1, 138, 137, -1, 168, 302, 11.0, 13, ABplpppaaaa, 4584, 0, 0, 0, , 0, 0, 0, 0, 0, 
139, 1, 139, 138, -1, 164, 322, 12.0, 17, ABplpppaaap, 5370, 0, 0, 0, , 0, 0, 0, 0, 0, 
140, 1, 140, 139, -1, 170, 320, 14.0, 13, ABplppapppp, 4596, 0, 0, 0, , 0, 0, 0, 0, 0, 
141, 1, 141, 140, -1, 174, 304, 13.0, 17, ABplppapppa, 3654, 0, 0, 0, , 0, 0, 0, 0, 0, 
142, 1, 142, 141, -1, 191, 296, 15.0, 13, ABplppappap, 4022, 0, 0, 0, , 0, 0, 0, 0, 0, 
143, 1, 143, 142, -1, 205, 292, 16.0, 13, ABplppappaa, 7519, 0, 0, 0, , 0, 0, 0, 0, 0, 
144, 1, 144, 143, -1, 200, 314, 16.0, 15, ABplppapaap, 6314, 0, 0, 0, , 0, 0, 0, 0, 0, 
145, 1, 145, 144, -1, 188, 317, 14.0, 15, ABplppapapa, 4357, 0, 0, 0, , 0, 0, 0, 0, 0, 
146, 1, 146, 145, -1, 180, 327, 17.0, 13, ABplppapapp, 4703, 0, 0, 0, , 0, 0, 0, 0, 0, 
147, 1, 147, 146, -1, 195, 287, 12.0, 13, ABplppaappa, 4895, 0, 0, 0, , 0, 0, 0, 0, 0, 
148, 1, 148, 147, -1, 184, 292, 12.0, 13, ABplppaappp, 4488, 0, 0, 0, , 0, 0, 0, 0, 0, 
149, 1, 149, 148, -1, 266, 295, 16.0, 15, ABplppaaaaa, 5340, 0, 0, 0, , 0, 0, 0, 0, 0, 
150, 1, 150, 149, -1, 266, 314, 18.0, 11, ABplppaaap, 3113, 0, 0, 0, , 0, 0, 0, 0, 0, 
151, 1, 151, 150, -1, 236, 257, 12.0, 13, ABplpappaaa, 4203, 0, 0, 0, , 0, 0, 0, 0, 0, 
152, 1, 152, 151, -1, 201, 262, 18.0, 21, MSaappaa, 11507, 0, 0, 0, , 0, 0, 0, 0, 0, 
153, 1, 153, 152, -1, 133, 291, 13.0, 13, ABplpappppp, 3711, 0, 0, 0, , 0, 0, 0, 0, 0, 
154, 1, 154, 153, -1, 154, 285, 13.0, 13, ABplpappppa, 3571, 0, 0, 0, , 0, 0, 0, 0, 0, 
155, 1, 155, 154, -1, 165, 284, 11.0, 13, ABplpapppaa, 4337, 0, 0, 0, , 0, 0, 0, 0, 0, 
156, 1, 156, 155, -1, 152, 268, 12.0, 11, ABplpapppap, 4039, 0, 0, 0, , 0, 0, 0, 0, 0, 
157, 1, 157, 156, -1, 206, 280, 13.0, 11, ABplpapappa, 3632, 0, 0, 0, , 0, 0, 0, 0, 0, 
158, 1, 158, 157, -1, 183, 278, 12.0, 11, ABplpapappp, 3052, 0, 0, 0, , 0, 0, 0, 0, 0, 
159, 1, 159, 158, -1, 224, 299, 15.0, 15, ABplpapapap, 3398, 0, 0, 0, , 0, 0, 0, 0, 0, 
160, 1, 160, 159, -1, 233, 288, 16.0, 13, ABplpapapaa, 3772, 0, 0, 0, , 0, 0, 0, 0, 0, 
161, 1, 161, 160, -1, 270, 276, 13.0, 15, ABplpapaapa, 3695, 0, 0, 0, , 0, 0, 0, 0, 0, 
162, 1, 162, 161, -1, 257, 291, 13.0, 11, ABplpapaapp, 3559, 0, 0, 0, , 0, 0, 0, 0, 0, 
163, 1, 163, 162, -1, 246, 284, 13.0, 13, ABplpapaaap, 3724, 0, 0, 0, , 0, 0, 0, 0, 0, 
164, 1, 164, 163, -1, 256, 271, 13.0, 11, ABplpapaaaa, 2898, 0, 0, 0, , 0, 0, 0, 0, 0, 
165, 1, 165, 164, -1, 201, 309, 13.0, 13, ABplpaaaapp, 4629, 0, 0, 0, , 0, 0, 0, 0, 0, 
166, 1, 166, 165, -1, 225, 293, 11.0, 15, ABplpaaaapa, 6255, 0, 0, 0, , 0, 0, 0, 0, 0, 
167, 1, 167, 166, -1, 313, 277, 16.0, 13, ABplpaaaaaa, 7783, 0, 0, 0, , 0, 0, 0, 0, 0, 
168, 1, 168, 167, -1, 303, 293, 13.0, 13, ABplpaaapap, 6246, 0, 0, 0, , 0, 0, 0, 0, 0, 
169, 1, 169, 168, -1, 310, 282, 11.0, 11, ABplpaaapaa, 6087, 0, 0, 0, , 0, 0, 0, 0, 0, 
170, 1, 170, 169, -1, 299, 281, 14.0, 13, ABplpaaappa, 4495, 0, 0, 0, , 0, 0, 0, 0, 0, 
171, 1, 171, 170, -1, 281, 286, 16.0, 13, ABplpaaappp, 6390, 0, 0, 0, , 0, 0, 0, 0, 0, 
172, 1, 172, 171, -1, 264, 324, 21.0, 13, ABplpaappap, 4452, 0, 0, 0, , 0, 0, 0, 0, 0, 
173, 1, 173, 172, -1, 275, 307, 22.0, 15, ABplpaappaa, 5179, 0, 0, 0, , 0, 0, 0, 0, 0, 
174, 1, 174, 173, -1, 291, 298, 15.0, 11, ABplpaapppa, 4929, 0, 0, 0, , 0, 0, 0, 0, 0, 
175, 1, 175, 174, -1, 305, 306, 15.0, 11, ABplpaapapp, 4436, 0, 0, 0, , 0, 0, 0, 0, 0, 
176, 1, 176, 175, -1, 276, 293, 13.0, 13, ABplpaapppp, 3564, 0, 0, 0, , 0, 0, 0, 0, 0, 
177, 1, 177, 176, -1, 288, 302, 20.0, 15, ABplpaapaap, 5579, 0, 0, 0, , 0, 0, 0, 0, 0, 
178, 1, 178, 177, -1, 308, 277, 18.0, 13, ABplpaapaaa, 7649, 0, 0, 0, , 0, 0, 0, 0, 0, 
179, 1, 179, 178, -1, 332, 295, 20.0, 15, ABplpaapapa, 6830, 0, 0, 0, , 0, 0, 0, 0, 0, 
180, 1, 180, 179, -1, 272, 311, 13.0, 13, ABplaappap, 2591, 0, 0, 0, , 0, 0, 0, 0, 0, 
181, 1, 181, 180, -1, 283, 299, 11.0, 15, ABplaappaa, 5576, 0, 0, 0, , 0, 0, 0, 0, 0, 
182, 1, 182, 181, -1, 261, 328, 16.0, 13, ABplaapppa, 6469, 0, 0, 0, , 0, 0, 0, 0, 0, 
183, 1, 183, 182, -1, 237, 336, 21.0, 19, ABplaapppp, 17936, 0, 0, 0, , 0, 0, 0, 0, 0, 
184, 1, 184, 183, -1, 353, 226, 26.0, 13, ABplaapaaaa, 5582, 0, 0, 0, , 0, 0, 0, 0, 0, 
185, 1, 185, 184, -1, 349, 254, 28.0, 17, ABplaapaaap, 5805, 0, 0, 0, , 0, 0, 0, 0, 0, 
186, 1, 186, 185, -1, 339, 278, 25.0, 13, ABplaapaapa, 4352, 0, 0, 0, , 0, 0, 0, 0, 0, 
187, 1, 187, 186, -1, 327, 286, 24.0, 13, ABplaapaapp, 6475, 0, 0, 0, , 0, 0, 0, 0, 0, 
188, 1, 188, 187, -1, 295, 304, 28.0, 17, ABplaapappp, 6048, 0, 0, 0, , 0, 0, 0, 0, 0, 
189, 1, 189, 188, -1, 304, 281, 29.0, 13, ABplaapappa, 4971, 0, 0, 0, , 0, 0, 0, 0, 0, 
190, 1, 190, 189, -1, 288, 297, 26.0, 13, ABplaapapap, 6060, 0, 0, 0, , 0, 0, 0, 0, 0, 
191, 1, 191, 190, -1, 297, 281, 25.0, 13, ABplaapapaa, 4750, 0, 0, 0, , 0, 0, 0, 0, 0, 
192, 1, 192, 191, -1, 310, 255, 31.0, 15, ABplaaaaapp, 5183, 0, 0, 0, , 0, 0, 0, 0, 0, 
193, 1, 378, 192, -1, 311, 259, 25.0, 13, MSapaaap, 6166, 0, 0, 0, , 0, 0, 0, 0, 0, 
194, 1, 194, 193, -1, 331, 253, 33.0, 13, ABplaaaaaap, 4695, 0, 0, 0, , 0, 0, 0, 0, 0, 
195, 1, 195, 194, -1, 346, 245, 30.0, 15, ABplaaaaaaa, 5443, 0, 0, 0, , 0, 0, 0, 0, 0, 
196, 1, 196, 195, -1, 301, 244, 35.0, 15, ABplaaaapp, 6516, 0, 0, 0, , 0, 0, 0, 0, 0, 
197, 1, 197, 196, -1, 312, 230, 34.0, 15, ABplaaaapa, 6337, 0, 0, 0, , 0, 0, 0, 0, 0, 
198, 1, 198, 197, -1, 309, 298, 31.0, 19, ABplaaappa, 5732, 0, 0, 0, , 0, 0, 0, 0, 0, 
199, 1, 199, 198, -1, 292, 315, 31.0, 19, ABplaaappp, 13506, 0, 0, 0, , 0, 0, 0, 0, 0, 
200, 1, 200, 199, -1, 324, 293, 29.0, 17, ABplaaapap, 6188, 0, 0, 0, , 0, 0, 0, 0, 0, 
201, 1, 201, 200, -1, 335, 275, 30.0, 13, ABplaaapaa, 4782, 0, 0, 0, , 0, 0, 0, 0, 0, 
202, 1, 202, 201, -1, 139, 333, 11.0, 13, ABplappppa, 7184, 0, 0, 0, , 0, 0, 0, 0, 0, 
203, 1, 203, 202, -1, 98, 332, 12.0, 15, ABplappppp, 6375, 0, 0, 0, , 0, 0, 0, 0, 0, 
204, 1, 204, 203, 622, 117, 350, 16.0, 17, ABplapppaa, 7876, 0, 0, 0, , 0, 0, 0, 0, 0, 
205, 1, 205, 204, -1, 113, 330, 14.0, 13, ABplapppapp, 2549, 0, 0, 0, , 0, 0, 0, 0, 0, 
206, 1, 206, 205, -1, 110, 337, 11.0, 11, ABplapppapa, 3659, 0, 0, 0, , 0, 0, 0, 0, 0, 
207, 1, 207, 206, -1, 201, 342, 21.0, 15, ABplappaaa, 7254, 0, 0, 0, , 0, 0, 0, 0, 0, 
208, 1, 208, 207, -1, 180, 351, 20.0, 17, ABplappaap, 13727, 0, 0, 0, , 0, 0, 0, 0, 0, 
209, 1, 209, 208, -1, 167, 346, 17.0, 15, ABplappapp, 7941, 0, 0, 0, , 0, 0, 0, 0, 0, 
210, 1, 210, 209, -1, 179, 355, 29.0, 15, ABplappapa, 10004, 0, 0, 0, , 0, 0, 0, 0, 0, 
211, 1, 211, 210, -1, 216, 338, 18.0, 15, ABplapaapp, 9233, 0, 0, 0, , 0, 0, 0, 0, 0, 
212, 1, 212, 211, -1, 240, 325, 14.0, 15, ABplapaapa, 7658, 0, 0, 0, , 0, 0, 0, 0, 0, 
213, 1, 213, 212, -1, 275, 302, 33.0, 15, ABarppaaaa, 4566, 0, 0, 0, , 0, 0, 0, 0, 0, 
214, 1, 214, 213, -1, 248, 327, 25.0, 13, ABplapaaapp, 4535, 0, 0, 0, , 0, 0, 0, 0, 0, 
215, 1, 215, 214, -1, 260, 322, 25.0, 13, ABplapaaapa, 3997, 0, 0, 0, , 0, 0, 0, 0, 0, 
216, 1, 216, 215, -1, 104, 356, 19.0, 11, ABplapapppa, 3268, 0, 0, 0, , 0, 0, 0, 0, 0, 
217, 1, 217, 216, -1, 96, 339, 16.0, 13, ABplapapppp, 4337, 0, 0, 0, , 0, 0, 0, 0, 0, 
218, 1, 218, 217, -1, 147, 360, 18.0, 15, ABplapapap, 5913, 0, 0, 0, , 0, 0, 0, 0, 0, 
219, 1, 219, 218, -1, 139, 352, 15.0, 15, ABplapappa, 7111, 0, 0, 0, , 0, 0, 0, 0, 0, 
220, 1, 220, 219, -1, 140, 366, 25.0, 17, ABplapapaa, 7693, 0, 0, 0, , 0, 0, 0, 0, 0, 
221, 1, 221, 220, -1, 237, 220, 13.0, 13, ABprpapaaaa, 4888, 0, 0, 0, , 0, 0, 0, 0, 0, 
222, 1, 222, 221, -1, 221, 210, 12.0, 11, ABprpapaapp, 3286, 0, 0, 0, , 0, 0, 0, 0, 0, 
223, 1, 223, 222, -1, 197, 253, 13.0, 11, ABprpapappa, 3398, 0, 0, 0, , 0, 0, 0, 0, 0, 
224, 1, 224, 223, -1, 172, 268, 13.0, 13, ABprpapappp, 3757, 0, 0, 0, , 0, 0, 0, 0, 0, 
225, 1, 225, 224, -1, 198, 225, 14.0, 11, ABprpapapap, 2367, 0, 0, 0, , 0, 0, 0, 0, 0, 
226, 1, 226, 225, -1, 209, 233, 15.0, 13, ABprpapapaa, 3475, 0, 0, 0, , 0, 0, 0, 0, 0, 
227, 1, 227, 226, -1, 126, 293, 16.0, 15, ABprpappppp, 10096, 0, 0, 0, , 0, 0, 0, 0, 0, 
228, 1, 228, 227, -1, 142, 288, 16.0, 13, ABprpappppa, 4001, 0, 0, 0, , 0, 0, 0, 0, 0, 
229, 1, 229, 228, -1, 231, 237, 13.0, 13, ABprpapppaa, 4466, 0, 0, 0, , 0, 0, 0, 0, 0, 
230, 1, 230, 229, -1, 189, 247, 16.0, 13, ABprpapppap, 4169, 0, 0, 0, , 0, 0, 0, 0, 0, 
231, 1, 231, 230, -1, 192, 267, 14.0, 13, ABprpappapp, 3772, 0, 0, 0, , 0, 0, 0, 0, 0, 
232, 1, 232, 231, -1, 221, 250, 11.0, 13, ABprpappaap, 3866, 0, 0, 0, , 0, 0, 0, 0, 0, 
233, 1, 233, 232, -1, 235, 246, 10.0, 13, ABprpappaaa, 4169, 0, 0, 0, , 0, 0, 0, 0, 0, 
234, 1, 234, 233, -1, 250, 169, 18.0, 13, ABprpaaaaap, 5234, 0, 0, 0, , 0, 0, 0, 0, 0, 
235, 1, 235, 234, -1, 257, 184, 22.0, 15, ABpraaappaa, 3111, 0, 0, 0, , 0, 0, 0, 0, 0, 
236, 1, 236, 235, -1, 173, 239, 11.0, 15, ABprpaaaapp, 5653, 0, 0, 0, , 0, 0, 0, 0, 0, 
237, 1, 237, 236, -1, 200, 241, 10.0, 17, ABprpaaaapa, 7230, 0, 0, 0, , 0, 0, 0, 0, 0, 
238, 1, 238, 237, -1, 259, 187, 15.0, 13, ABprpaaappa, 4534, 0, 0, 0, , 0, 0, 0, 0, 0, 
239, 1, 239, 238, -1, 236, 209, 13.0, 11, ABprpapaapa, 3239, 0, 0, 0, , 0, 0, 0, 0, 0, 
240, 1, 240, 239, -1, 244, 195, 15.0, 13, ABprpaaappp, 5477, 0, 0, 0, , 0, 0, 0, 0, 0, 
241, 1, 241, 240, -1, 265, 183, 11.0, 11, ABprpaaapaa, 4989, 0, 0, 0, , 0, 0, 0, 0, 0, 
242, 1, 242, 241, -1, 256, 172, 14.0, 13, ABprpaaapap, 4515, 0, 0, 0, , 0, 0, 0, 0, 0, 
243, 1, 243, 242, -1, 238, 178, 20.0, 13, ABprpaapaap, 5848, 0, 0, 0, , 0, 0, 0, 0, 0, 
244, 1, 244, 243, -1, 273, 155, 20.0, 17, ABprpaapapa, 7471, 0, 0, 0, , 0, 0, 0, 0, 0, 
245, 1, 245, 244, -1, 247, 167, 16.0, 13, ABprpaapapp, 6241, 0, 0, 0, , 0, 0, 0, 0, 0, 
246, 1, 246, 245, -1, 243, 180, 15.0, 11, ABprpaapppa, 3793, 0, 0, 0, , 0, 0, 0, 0, 0, 
247, 1, 247, 246, -1, 234, 186, 12.0, 13, ABprpaapppp, 4024, 0, 0, 0, , 0, 0, 0, 0, 0, 
248, 1, 248, 247, -1, 208, 176, 23.0, 13, ABprpaappap, 5782, 0, 0, 0, , 0, 0, 0, 0, 0, 
249, 1, 249, 248, -1, 225, 184, 23.0, 13, ABprpaappaa, 5431, 0, 0, 0, , 0, 0, 0, 0, 0, 
250, 1, 250, 249, -1, 101, 268, 11.0, 13, ABprpppaapp, 4839, 0, 0, 0, , 0, 0, 0, 0, 0, 
251, 1, 251, 250, -1, 104, 267, 14.0, 13, ABprpppaapa, 4832, 0, 0, 0, , 0, 0, 0, 0, 0, 
252, 1, 252, 251, -1, 123, 238, 13.0, 13, ABprpppaaap, 4349, 0, 0, 0, , 0, 0, 0, 0, 0, 
253, 1, 253, 252, -1, 146, 253, 12.0, 13, ABprpppaaaa, 4600, 0, 0, 0, , 0, 0, 0, 0, 0, 
254, 1, 254, 253, -1, 123, 275, 10.0, 15, ABprpppapaa, 6890, 0, 0, 0, , 0, 0, 0, 0, 0, 
255, 1, 255, 254, -1, 107, 290, 10.0, 13, ABprpppapap, 3437, 0, 0, 0, , 0, 0, 0, 0, 0, 
256, 1, 256, 255, -1, 118, 303, 12.0, 9, ABplpppapp, 2033, 0, 0, 0, , 0, 0, 0, 0, 0, 
257, 1, 257, 256, -1, 133, 258, 10.0, 15, ABprppppapa, 5261, 0, 0, 0, , 0, 0, 0, 0, 0, 
258, 1, 258, 257, -1, 131, 275, 11.0, 13, ABprppppapp, 5670, 0, 0, 0, , 0, 0, 0, 0, 0, 
259, 1, 259, 258, -1, 145, 262, 14.0, 17, ABprppppaaa, 3790, 0, 0, 0, , 0, 0, 0, 0, 0, 
260, 1, 260, 259, -1, 132, 272, 15.0, 15, ABprppppaap, 4701, 0, 0, 0, , 0, 0, 0, 0, 0, 
261, 1, 261, 260, -1, 78, 293, 13.0, 13, ABprppppppp, 3262, 0, 0, 0, , 0, 0, 0, 0, 0, 
262, 1, 262, 261, -1, 93, 297, 10.0, 13, ABprppppppa, 5650, 0, 0, 0, , 0, 0, 0, 0, 0, 
263, 1, 263, 262, -1, 124, 260, 18.0, 13, ABprpppppaa, 4066, 0, 0, 0, , 0, 0, 0, 0, 0, 
264, 1, 264, 263, -1, 107, 265, 17.0, 13, ABprpppppap, 4072, 0, 0, 0, , 0, 0, 0, 0, 0, 
265, 1, 265, 264, -1, 202, 209, 15.0, 15, ABprppaapap, 4693, 0, 0, 0, , 0, 0, 0, 0, 0, 
266, 1, 266, 265, -1, 206, 215, 14.0, 11, ABprppaapaa, 4580, 0, 0, 0, , 0, 0, 0, 0, 0, 
267, 1, 267, 266, -1, 183, 258, 11.0, 13, ABprppaappa, 4580, 0, 0, 0, , 0, 0, 0, 0, 0, 
268, 1, 268, 267, -1, 168, 259, 11.0, 11, ABprppaappp, 3860, 0, 0, 0, , 0, 0, 0, 0, 0, 
269, 1, 269, 268, -1, 230, 199, 15.0, 13, ABprppaaaaa, 6689, 0, 0, 0, , 0, 0, 0, 0, 0, 
270, 1, 270, 269, -1, 215, 196, 14.0, 13, ABprppaaaap, 4320, 0, 0, 0, , 0, 0, 0, 0, 0, 
271, 1, 630, 629, -1, 201, 185, 16.0, 17, ABpraapppa, 5795, 0, 0, 0, , 0, 0, 0, 0, 0, 
272, 1, 272, 271, -1, 180, 220, 15.0, 13, ABprppapaaa, 3342, 0, 0, 0, , 0, 0, 0, 0, 0, 
273, 1, 273, 272, -1, 165, 224, 15.0, 13, ABprppapaap, 4612, 0, 0, 0, , 0, 0, 0, 0, 0, 
274, 1, 274, 273, -1, 152, 230, 14.0, 13, ABprppapapa, 6053, 0, 0, 0, , 0, 0, 0, 0, 0, 
275, 1, 275, 274, -1, 139, 229, 15.0, 11, ABprppapapp, 3717, 0, 0, 0, , 0, 0, 0, 0, 0, 
276, 1, 276, 275, -1, 157, 246, 11.0, 11, ABprppapppa, 3326, 0, 0, 0, , 0, 0, 0, 0, 0, 
277, 1, 277, 276, -1, 138, 241, 13.0, 11, ABprppapppp, 3432, 0, 0, 0, , 0, 0, 0, 0, 0, 
278, 1, 278, 277, -1, 178, 234, 16.0, 13, ABprppappaa, 2665, 0, 0, 0, , 0, 0, 0, 0, 0, 
279, 1, 279, 278, -1, 167, 244, 14.0, 13, ABprppappap, 2397, 0, 0, 0, , 0, 0, 0, 0, 0, 
280, 1, 280, 279, -1, 346, 188, 25.0, 15, ABpraapaaaa, 6048, 0, 0, 0, , 0, 0, 0, 0, 0, 
281, 1, 281, 280, -1, 324, 185, 29.0, 13, ABarpapaaaa, 4209, 0, 0, 0, , 0, 0, 0, 0, 0, 
282, 1, 282, 281, -1, 329, 175, 27.0, 15, ABpraapaaap, 4731, 0, 0, 0, , 0, 0, 0, 0, 0, 
283, 1, 283, 282, -1, 293, 164, 25.0, 15, ABpraapaapa, 5516, 0, 0, 0, , 0, 0, 0, 0, 0, 
284, 1, 284, 283, -1, 237, 179, 28.0, 15, ABpraapapap, 5776, 0, 0, 0, , 0, 0, 0, 0, 0, 
285, 1, 285, 284, -1, 252, 183, 25.0, 15, ABpraapapaa, 5629, 0, 0, 0, , 0, 0, 0, 0, 0, 
286, 1, 286, 285, -1, 245, 164, 26.0, 13, ABpraapappp, 4547, 0, 0, 0, , 0, 0, 0, 0, 0, 
287, 1, 287, 286, -1, 257, 185, 28.0, 13, ABpraapappa, 5814, 0, 0, 0, , 0, 0, 0, 0, 0, 
288, 1, 288, 287, -1, 180, 186, 20.0, 17, ABpraapppp, 11884, 0, 0, 0, , 0, 0, 0, 0, 0, 
289, 1, 289, 288, -1, 219, 176, 14.0, 13, ABpraappap, 5156, 0, 0, 0, , 0, 0, 0, 0, 0, 
290, 1, 290, 289, -1, 235, 172, 12.0, 13, ABpraappaa, 4871, 0, 0, 0, , 0, 0, 0, 0, 0, 
291, 1, 291, 290, -1, 299, 179, 22.0, 15, ABpraaapapa, 5173, 0, 0, 0, , 0, 0, 0, 0, 0, 
292, 1, 292, 291, -1, 298, 164, 23.0, 11, ABpraaapapp, 3266, 0, 0, 0, , 0, 0, 0, 0, 0, 
293, 1, 293, 292, -1, 274, 179, 23.0, 15, ABpraaapaad, 3695, 0, 0, 0, , 0, 0, 0, 0, 0, 
294, 1, 294, 293, -1, 278, 183, 21.0, 13, ABpraaapaav, 4623, 0, 0, 0, , 0, 0, 0, 0, 0, 
295, 1, 295, 294, -1, 243, 180, 23.0, 13, ABpraaappap, 4858, 0, 0, 0, , 0, 0, 0, 0, 0, 
296, 1, 296, 295, -1, 222, 176, 26.0, 15, ABpraaapppa, 4359, 0, 0, 0, , 0, 0, 0, 0, 0, 
297, 0, 297, -1, -1, 222, 160, 26.0, 9, , 1019, 0, 0, 0, , 0, 0, 0, 0, 0, 
298, 1, 298, 297, -1, 289, 159, 21.0, 15, ABpraaaaapd, 4839, 0, 0, 0, , 0, 0, 0, 0, 0, 
299, 1, 299, 298, -1, 295, 162, 19.0, 15, ABpraaaaapv, 5316, 0, 0, 0, , 0, 0, 0, 0, 0, 
300, 1, 300, 299, -1, 282, 166, 15.0, 13, ABpraaaaaaa, 5542, 0, 0, 0, , 0, 0, 0, 0, 0, 
301, 1, 301, 300, -1, 273, 173, 12.0, 13, ABpraaaaaap, 4328, 0, 0, 0, , 0, 0, 0, 0, 0, 
302, 1, 302, 301, -1, 268, 172, 17.0, 11, ABpraaaapav, 3831, 0, 0, 0, , 0, 0, 0, 0, 0, 
303, 1, 303, 302, -1, 267, 161, 16.0, 13, ABpraaaapad, 4362, 0, 0, 0, , 0, 0, 0, 0, 0, 
304, 1, 304, 303, -1, 261, 165, 24.0, 11, ABpraaaappa, 4655, 0, 0, 0, , 0, 0, 0, 0, 0, 
305, 1, 305, 304, -1, 266, 173, 28.0, 13, ABpraaaappp, 3598, 0, 0, 0, , 0, 0, 0, 0, 0, 
306, 1, 306, 305, -1, 118, 220, 19.0, 15, ABprappapp, 7239, 0, 0, 0, , 0, 0, 0, 0, 0, 
307, 1, 307, 306, -1, 134, 207, 28.0, 15, ABprappapa, 8269, 0, 0, 0, , 0, 0, 0, 0, 0, 
308, 1, 308, 307, -1, 136, 211, 19.0, 15, ABprappaap, 6560, 0, 0, 0, , 0, 0, 0, 0, 0, 
309, 1, 309, 308, -1, 152, 205, 21.0, 15, ABprappaaa, 8058, 0, 0, 0, , 0, 0, 0, 0, 0, 
310, 1, 310, 309, -1, 76, 257, 14.0, 13, ABprapppaap, 4847, 0, 0, 0, , 0, 0, 0, 0, 0, 
311, 1, 311, 310, -1, 93, 245, 15.0, 13, ABprapppaaa, 5159, 0, 0, 0, , 0, 0, 0, 0, 0, 
312, 1, 312, 311, -1, 90, 270, 15.0, 13, ABprapppapp, 3675, 0, 0, 0, , 0, 0, 0, 0, 0, 
313, 1, 313, 312, -1, 83, 263, 11.0, 11, ABprapppapa, 3558, 0, 0, 0, , 0, 0, 0, 0, 0, 
314, 1, 314, 313, -1, 76, 277, 12.0, 15, ABprappppp, 6290, 0, 0, 0, , 0, 0, 0, 0, 0, 
315, 1, 315, 314, -1, 99, 253, 10.0, 17, ABprappppa, 7612, 0, 0, 0, , 0, 0, 0, 0, 0, 
316, 1, 316, 315, -1, 211, 188, 28.0, 15, ABprapaaapa, 6590, 0, 0, 0, , 0, 0, 0, 0, 0, 
317, 1, 317, 316, -1, 191, 192, 26.0, 13, ABprapaaapp, 4656, 0, 0, 0, , 0, 0, 0, 0, 0, 
318, 1, 318, 317, -1, 220, 193, 32.0, 17, ABprapaaaap, 6837, 0, 0, 0, , 0, 0, 0, 0, 0, 
319, 1, 319, 318, -1, 235, 180, 33.0, 11, ABprapaaaaa, 4002, 0, 0, 0, , 0, 0, 0, 0, 0, 
320, 1, 320, 319, -1, 164, 197, 19.0, 15, ABprapaapp, 7557, 0, 0, 0, , 0, 0, 0, 0, 0, 
321, 1, 321, 320, -1, 189, 207, 13.0, 13, ABprapaapa, 8277, 0, 0, 0, , 0, 0, 0, 0, 0, 
322, 1, 322, 321, -1, 104, 239, 12.0, 15, ABprapappa, 5825, 0, 0, 0, , 0, 0, 0, 0, 0, 
323, 1, 323, 322, -1, 74, 272, 16.0, 15, ABprapapppp, 4800, 0, 0, 0, , 0, 0, 0, 0, 0, 
324, 1, 324, 323, -1, 73, 251, 17.0, 13, ABprapapppa, 3750, 0, 0, 0, , 0, 0, 0, 0, 0, 
325, 1, 325, 324, -1, 103, 226, 17.0, 15, ABprapapap, 7648, 0, 0, 0, , 0, 0, 0, 0, 0, 
326, 1, 326, 325, -1, 91, 236, 25.0, 17, ABprapapaa, 7750, 0, 0, 0, , 0, 0, 0, 0, 0, 
327, 1, 327, 326, -1, 252, 194, 31.0, 21, MSppppap, 13095, 0, 0, 0, , 0, 0, 0, 0, 0, 
328, 1, 328, 327, -1, 231, 200, 20.0, 13, MSppppaa, 2864, 0, 0, 0, , 0, 0, 0, 0, 0, 
329, 1, 329, 328, -1, 250, 212, 33.0, 17, MSpppppa, 5090, 0, 0, 0, , 0, 0, 0, 0, 0, 
330, 1, 330, 329, -1, 219, 220, 32.0, 15, MSpppppp, 4052, 0, 0, 0, , 0, 0, 0, 0, 0, 
331, 1, 331, 330, -1, 242, 204, 27.0, 15, MSpppaaa, 4040, 0, 0, 0, , 0, 0, 0, 0, 0, 
332, 1, 332, 331, -1, 129, 247, 22.0, 15, MSpppaap, 4203, 0, 0, 0, , 0, 0, 0, 0, 0, 
333, 1, 333, 332, -1, 217, 206, 17.0, 11, MSpppapp, 1537, 0, 0, 0, , 0, 0, 0, 0, 0, 
334, 1, 334, 333, -1, 219, 222, 13.0, 13, ABprpapaaap, 3628, 0, 0, 0, , 0, 0, 0, 0, 0, 
335, 1, 335, 334, -1, 155, 272, 17.0, 15, MSppaapp, 4528, 0, 0, 0, , 0, 0, 0, 0, 0, 
336, 1, 336, 335, -1, 254, 202, 17.0, 11, MSppaapa, 2456, 0, 0, 0, , 0, 0, 0, 0, 0, 
337, 1, 337, 336, -1, 287, 205, 15.0, 11, MSppaaaa, 1096, 0, 0, 0, , 0, 0, 0, 0, 0, 
338, 1, 338, 337, -1, 281, 189, 26.0, 15, MSppaaap, 5711, 0, 0, 0, , 0, 0, 0, 0, 0, 
339, 1, 339, 338, -1, 280, 188, 32.0, 13, MSppappa, 956, 0, 0, 0, , 0, 0, 0, 0, 0, 
340, 1, 340, 339, -1, 228, 194, 27.0, 14, MSppapaa, 2803, 0, 0, 0, , 0, 0, 0, 0, 0, 
341, 1, 341, 340, -1, 247, 193, 19.0, 13, MSppapap, 4974, 0, 0, 0, , 0, 0, 0, 0, 0, 
342, 1, 342, 341, -1, 199, 257, 19.0, 13, MSpapappp, 3953, 0, 0, 0, , 0, 0, 0, 0, 0, 
343, 1, 344, 342, -1, 204, 240, 20.0, 15, MSpapapa, 6810, 0, 0, 0, , 0, 0, 0, 0, 0, 
344, 1, 345, 343, -1, 216, 234, 19.0, 15, MSpapaaap, 3417, 0, 0, 0, , 0, 0, 0, 0, 0, 
345, 1, 346, 344, -1, 196, 225, 25.0, 15, MSpapaapp, 5382, 0, 0, 0, , 0, 0, 0, 0, 0, 
346, 0, 347, -1, -1, 192, 245, 24.0, 11, , 2116, 0, 0, 0, , 0, 0, 0, 0, 0, 
347, 1, 348, 346, -1, 165, 324, 18.0, 13, MSpappaa, 5053, 0, 0, 0, , 0, 0, 0, 0, 0, 
348, 1, 349, 347, -1, 150, 228, 19.0, 15, MSpapppp, 4985, 0, 0, 0, , 0, 0, 0, 0, 0, 
349, 1, 350, 348, -1, 254, 240, 29.0, 15, MSpaaappa, 6975, 0, 0, 0, , 0, 0, 0, 0, 0, 
350, 1, 351, 349, -1, 229, 238, 31.0, 15, MSpaaappp, 6778, 0, 0, 0, , 0, 0, 0, 0, 0, 
351, 1, 352, 350, -1, 243, 256, 31.0, 13, MSpaaapaa, 4304, 0, 0, 0, , 0, 0, 0, 0, 0, 
352, 1, 353, 351, -1, 227, 255, 31.0, 11, MSpaaapap, 1478, 0, 0, 0, , 0, 0, 0, 0, 0, 
353, 1, 354, 352, -1, 282, 210, 28.0, 15, MSpaaaapa, 5532, 0, 0, 0, , 0, 0, 0, 0, 0, 
354, 1, 355, 353, -1, 266, 214, 29.0, 17, MSpaaaapp, 5842, 0, 0, 0, , 0, 0, 0, 0, 0, 
355, 1, 356, 354, -1, 290, 222, 32.0, 15, MSpaaaaaa, 5271, 0, 0, 0, , 0, 0, 0, 0, 0, 
356, 1, 357, 355, -1, 264, 227, 32.0, 13, MSpaaaaap, 4130, 0, 0, 0, , 0, 0, 0, 0, 0, 
357, 1, 358, 356, -1, 230, 215, 20.0, 15, ABaraappppa, 4843, 0, 0, 0, , 0, 0, 0, 0, 0, 
358, 1, 359, 357, -1, 229, 219, 26.0, 17, ABaraapppap, 5958, 0, 0, 0, , 0, 0, 0, 0, 0, 
359, 1, 360, 358, -1, 237, 224, 29.0, 13, MSpaapaap, 3498, 0, 0, 0, , 0, 0, 0, 0, 0, 
360, 1, 361, 359, -1, 255, 226, 28.0, 13, MSpaapaaa, 3778, 0, 0, 0, , 0, 0, 0, 0, 0, 
361, 1, 362, 360, -1, 178, 263, 28.0, 15, Earap, 5191, 0, 0, 0, , 0, 0, 0, 0, 0, 
362, 1, 363, 361, -1, 268, 296, 20.0, 13, MSapppaa, 2952, 0, 0, 0, , 0, 0, 0, 0, 0, 
363, 1, 364, 362, -1, 255, 296, 30.0, 17, MSapppap, 12058, 0, 0, 0, , 0, 0, 0, 0, 0, 
364, 1, 365, 363, -1, 256, 279, 33.0, 15, MSappppa, 3172, 0, 0, 0, , 0, 0, 0, 0, 0, 
365, 1, 366, 364, -1, 228, 294, 31.0, 15, MSappppp, 4281, 0, 0, 0, , 0, 0, 0, 0, 0, 
366, 1, 367, 365, -1, 160, 315, 20.0, 13, MSappaap, 2890, 0, 0, 0, , 0, 0, 0, 0, 0, 
367, 1, 368, 366, -1, 252, 297, 27.0, 13, MSappaaa, 6017, 0, 0, 0, , 0, 0, 0, 0, 0, 
368, 0, 369, -1, -1, 253, 300, 14.0, 11, , 1233, 0, 0, 0, , 0, 0, 0, 0, 0, 
369, 1, 370, 368, -1, 259, 290, 19.0, 11, MSappapa, 2071, 0, 0, 0, , 0, 0, 0, 0, 0, 
370, 0, 371, -1, -1, 285, 260, 31.0, 17, , 2625, 0, 0, 0, , 0, 0, 0, 0, 0, 
371, 1, 372, 370, -1, 291, 260, 32.0, 15, MSapappp, 2671, 0, 0, 0, , 0, 0, 0, 0, 0, 
372, 1, 373, 371, -1, 283, 283, 19.0, 15, MSapapap, 5010, 0, 0, 0, , 0, 0, 0, 0, 0, 
373, 1, 374, 372, -1, 269, 297, 26.0, 15, MSapapaa, 3629, 0, 0, 0, , 0, 0, 0, 0, 0, 
374, 1, 375, 373, -1, 180, 280, 16.0, 15, MSapaapp, 5424, 0, 0, 0, , 0, 0, 0, 0, 0, 
375, 1, 376, 374, -1, 296, 279, 17.0, 9, MSapaapa, 2107, 0, 0, 0, , 0, 0, 0, 0, 0, 
376, 1, 377, 375, -1, 312, 255, 17.0, 13, MSapaaaa, 4598, 0, 0, 0, , 0, 0, 0, 0, 0, 
377, 1, 379, 376, -1, 304, 226, 28.0, 17, MSaaaaapa, 9488, 0, 0, 0, , 0, 0, 0, 0, 0, 
378, 1, 380, 377, -1, 280, 239, 32.0, 17, MSaaaaapp, 13158, 0, 0, 0, , 0, 0, 0, 0, 0, 
379, 1, 381, 378, -1, 324, 234, 24.0, 11, MSaaaaaa, 4236, 0, 0, 0, , 0, 0, 0, 0, 0, 
380, 1, 382, 379, -1, 269, 244, 33.0, 13, MSaaaapaa, 3683, 0, 0, 0, , 0, 0, 0, 0, 0, 
381, 1, 383, 380, -1, 256, 250, 31.0, 13, MSaaaapap, 5786, 0, 0, 0, , 0, 0, 0, 0, 0, 
382, 1, 385, 381, -1, 253, 269, 30.0, 11, MSaaaappa, 3807, 0, 0, 0, , 0, 0, 0, 0, 0, 
383, 1, 386, 382, -1, 233, 276, 28.0, 15, MSaaapapp, 4179, 0, 0, 0, , 0, 0, 0, 0, 0, 
384, 1, 387, 383, -1, 273, 267, 27.0, 11, MSaaapaap, 2959, 0, 0, 0, , 0, 0, 0, 0, 0, 
385, 1, 389, 384, -1, 217, 274, 30.0, 13, MSaaappa, 3390, 0, 0, 0, , 0, 0, 0, 0, 0, 
386, 1, 390, 385, -1, 217, 261, 32.0, 13, MSaaappp, 3566, 0, 0, 0, , 0, 0, 0, 0, 0, 
387, 1, 391, 386, -1, 182, 308, 19.0, 17, MSaapppp, 6033, 0, 0, 0, , 0, 0, 0, 0, 0, 
388, 1, 392, 387, -1, 215, 304, 19.0, 19, MSaapppa, 12532, 0, 0, 0, , 0, 0, 0, 0, 0, 
389, 1, 393, 388, -1, 235, 273, 19.0, 13, MSaapaaap, 4053, 0, 0, 0, , 0, 0, 0, 0, 0, 
390, 1, 394, 389, -1, 251, 272, 18.0, 15, MSaapaaaa, 4370, 0, 0, 0, , 0, 0, 0, 0, 0, 
391, 1, 395, 390, -1, 213, 278, 19.0, 13, MSaapappp, 4223, 0, 0, 0, , 0, 0, 0, 0, 0, 
392, 1, 396, 391, -1, 230, 290, 24.0, 19, MSaapappa, 8306, 0, 0, 0, , 0, 0, 0, 0, 0, 
393, 1, 397, 392, -1, 219, 280, 20.0, 21, MSaapapa, 21343, 0, 0, 0, , 0, 0, 0, 0, 0, 
394, 1, 398, 393, -1, 193, 282, 23.0, 19, Ealpa, 9052, 0, 0, 0, , 0, 0, 0, 0, 0, 
395, 1, 399, 394, -1, 118, 305, 23.0, 25, Eplpa, 65535, 0, 0, 0, , 0, 0, 0, 0, 0, 
396, 1, 400, 395, -1, 119, 345, 22.0, 15, Cappapa, 8099, 0, 0, 0, , 0, 0, 0, 0, 0, 
397, 1, 401, 396, -1, 111, 333, 19.0, 15, Cappapp, 11450, 0, 0, 0, , 0, 0, 0, 0, 0, 
398, 1, 402, 397, -1, 170, 339, 28.0, 13, Cappaaa, 4852, 0, 0, 0, , 0, 0, 0, 0, 0, 
399, 1, 403, 398, -1, 90, 334, 23.0, 15, Capppap, 6152, 0, 0, 0, , 0, 0, 0, 0, 0, 
400, 1, 404, 399, -1, 109, 337, 28.0, 15, Capppaa, 5245, 0, 0, 0, , 0, 0, 0, 0, 0, 
401, 1, 405, 400, -1, 91, 320, 17.0, 17, Capppp, 5937, 0, 0, 0, , 0, 0, 0, 0, 0, 
402, 1, 406, 401, -1, 122, 345, 25.0, 15, Capapap, 5515, 0, 0, 0, , 0, 0, 0, 0, 0, 
403, 1, 407, 402, -1, 152, 341, 27.0, 15, Capapaa, 5601, 0, 0, 0, , 0, 0, 0, 0, 0, 
404, 1, 408, 403, -1, 144, 332, 16.0, 17, Capapp, 9071, 0, 0, 0, , 0, 0, 0, 0, 0, 
405, 1, 410, 404, -1, 175, 339, 23.0, 17, Capaaap, 3248, 0, 0, 0, , 0, 0, 0, 0, 0, 
406, 1, 411, 405, -1, 203, 328, 24.0, 17, Capaaaa, 5798, 0, 0, 0, , 0, 0, 0, 0, 0, 
407, 1, 412, 406, -1, 60, 284, 18.0, 17, Caappd, 5551, 0, 0, 0, , 0, 0, 0, 0, 0, 
408, 1, 413, 407, -1, 73, 307, 13.0, 13, Caappv, 4291, 0, 0, 0, , 0, 0, 0, 0, 0, 
409, 1, 414, 408, -1, 96, 297, 13.0, 13, Caapap, 3428, 0, 0, 0, , 0, 0, 0, 0, 0, 
410, 1, 415, 409, -1, 74, 333, 20.0, 21, Cpappd, 21855, 0, 0, 0, , 0, 0, 0, 0, 0, 
411, 1, 416, 410, -1, 74, 327, 14.0, 17, Cpappv, 6230, 0, 0, 0, , 0, 0, 0, 0, 0, 
412, 1, 417, 411, -1, 64, 287, 23.0, 14, Cpapaa, 3475, 0, 0, 0, , 0, 0, 0, 0, 0, 
413, 1, 418, 412, -1, 108, 239, 22.0, 15, Cppaapp, 5032, 0, 0, 0, , 0, 0, 0, 0, 0, 
414, 1, 419, 413, -1, 130, 224, 23.0, 17, Cppaapa, 4940, 0, 0, 0, , 0, 0, 0, 0, 0, 
415, 1, 420, 414, -1, 143, 220, 24.0, 15, Cppaaap, 4644, 0, 0, 0, , 0, 0, 0, 0, 0, 
416, 1, 421, 415, -1, 168, 213, 24.0, 15, Cppaaaa, 4630, 0, 0, 0, , 0, 0, 0, 0, 0, 
417, 1, 422, 416, -1, 132, 230, 27.0, 15, Cppapaa, 5732, 0, 0, 0, , 0, 0, 0, 0, 0, 
418, 1, 423, 417, -1, 118, 262, 14.0, 15, Cppappp, 3383, 0, 0, 0, , 0, 0, 0, 0, 0, 
419, 1, 424, 418, -1, 109, 244, 18.0, 15, Cppappa, 4562, 0, 0, 0, , 0, 0, 0, 0, 0, 
420, 1, 425, 419, -1, 128, 245, 32.0, 17, Cpppaap, 4815, 0, 0, 0, , 0, 0, 0, 0, 0, 
421, 1, 426, 420, -1, 155, 222, 29.0, 15, Cpppaaa, 5386, 0, 0, 0, , 0, 0, 0, 0, 0, 
422, 1, 427, 421, -1, 90, 262, 20.0, 15, Cpppapp, 6199, 0, 0, 0, , 0, 0, 0, 0, 0, 
423, 1, 428, 422, -1, 88, 254, 24.0, 15, Cpppapa, 7031, 0, 0, 0, , 0, 0, 0, 0, 0, 
424, 1, 429, 423, -1, 246, 314, 20.0, 17, Daapa, 5142, 0, 0, 0, , 0, 0, 0, 0, 0, 
425, 1, 430, 424, -1, 227, 318, 18.0, 15, Daapp, 5380, 0, 0, 0, , 0, 0, 0, 0, 0, 
426, 1, 431, 425, -1, 250, 308, 23.0, 17, Daaaa, 4104, 0, 0, 0, , 0, 0, 0, 0, 0, 
427, 1, 432, 426, -1, 236, 310, 29.0, 15, Daaap, 5081, 0, 0, 0, , 0, 0, 0, 0, 0, 
428, 1, 433, 427, -1, 209, 316, 31.0, 15, Dappa, 7963, 0, 0, 0, , 0, 0, 0, 0, 0, 
429, 1, 434, 428, -1, 171, 326, 32.0, 17, Dappp, 4618, 0, 0, 0, , 0, 0, 0, 0, 0, 
430, 1, 435, 429, -1, 191, 203, 19.0, 13, Dpapp, 5040, 0, 0, 0, , 0, 0, 0, 0, 0, 
431, 1, 436, 430, -1, 207, 196, 21.0, 15, Dpapa, 4336, 0, 0, 0, , 0, 0, 0, 0, 0, 
432, 1, 437, 431, -1, 204, 208, 29.0, 13, Dpaap, 965, 0, 0, 0, , 0, 0, 0, 0, 0, 
433, 0, 438, -1, -1, 207, 208, 30.0, 19, , 6422, 0, 0, 0, , 0, 0, 0, 0, 0, 
434, 1, 439, 433, -1, 213, 197, 23.0, 17, Dpaaa, 5416, 0, 0, 0, , 0, 0, 0, 0, 0, 
435, 1, 440, 434, -1, 163, 230, 33.0, 19, Dpppp, 7516, 0, 0, 0, , 0, 0, 0, 0, 0, 
436, 1, 441, 435, -1, 188, 224, 32.0, 21, Dpppa, 19150, 0, 0, 0, , 0, 0, 0, 0, 0, 
437, 1, 442, 436, -1, 191, 204, 24.0, 15, Dppaa, 5765, 0, 0, 0, , 0, 0, 0, 0, 0, 
438, 1, 443, 437, -1, 169, 213, 27.0, 13, Dppap, 10553, 0, 0, 0, , 0, 0, 0, 0, 0, 
439, 0, 444, -1, -1, 380, 243, 24.0, 15, , 7039, 0, 0, 0, , 0, 0, 0, 0, 0, 
440, 1, 445, 439, -1, 315, 285, 24.0, 13, ABalpppappa, 4484, 0, 0, 0, , 0, 0, 0, 0, 0, 
441, 1, 446, 440, -1, 309, 292, 26.0, 11, ABalpppappp, 2065, 0, 0, 0, , 0, 0, 0, 0, 0, 
442, 1, 447, 441, -1, 299, 284, 21.0, 13, ABalpppppaa, 3806, 0, 0, 0, , 0, 0, 0, 0, 0, 
443, 1, 448, 442, -1, 287, 295, 23.0, 15, ABalpppppap, 5340, 0, 0, 0, , 0, 0, 0, 0, 0, 
444, 1, 449, 443, -1, 279, 319, 25.0, 15, ABalppppppa, 5524, 0, 0, 0, , 0, 0, 0, 0, 0, 
445, 1, 450, 444, -1, 307, 310, 23.0, 15, ABalpppppppa, 3601, 0, 0, 0, , 0, 0, 0, 0, 0, 
446, 1, 451, 445, -1, 347, 266, 22.0, 13, ABalppppapp, 4967, 0, 0, 0, , 0, 0, 0, 0, 0, 
447, 1, 453, 446, -1, 339, 282, 16.0, 13, ABalpppaaaa, 4317, 0, 0, 0, , 0, 0, 0, 0, 0, 
448, 1, 454, 447, -1, 325, 278, 12.0, 13, ABalpppaaap, 3982, 0, 0, 0, , 0, 0, 0, 0, 0, 
449, 1, 455, 448, -1, 352, 275, 18.0, 13, ABalpppaapd, 4173, 0, 0, 0, , 0, 0, 0, 0, 0, 
450, 1, 456, 449, -1, 348, 280, 22.0, 13, ABalpppaapv, 4374, 0, 0, 0, , 0, 0, 0, 0, 0, 
451, 1, 457, 450, -1, 321, 292, 16.0, 15, ABalpppapad, 3978, 0, 0, 0, , 0, 0, 0, 0, 0, 
452, 1, 458, 451, -1, 317, 295, 14.0, 11, ABalpppapav, 3947, 0, 0, 0, , 0, 0, 0, 0, 0, 
453, 1, 459, 452, -1, 352, 258, 17.0, 13, ABalaaapalr, 3197, 0, 0, 0, , 0, 0, 0, 0, 0, 
454, 1, 460, 453, -1, 338, 260, 13.0, 11, ABalppaaaa, 3717, 0, 0, 0, , 0, 0, 0, 0, 0, 
455, 1, 461, 454, -1, 337, 262, 12.0, 13, ABalppaaapp, 4493, 0, 0, 0, , 0, 0, 0, 0, 0, 
456, 1, 462, 455, -1, 284, 278, 12.0, 13, ABalppaappp, 5113, 0, 0, 0, , 0, 0, 0, 0, 0, 
457, 1, 463, 456, -1, 306, 256, 9.0, 13, ABalppaapa, 6148, 0, 0, 0, , 0, 0, 0, 0, 0, 
458, 1, 464, 457, -1, 305, 297, 18.0, 15, ABplpaaaaap, 6361, 0, 0, 0, , 0, 0, 0, 0, 0, 
459, 1, 465, 458, -1, 301, 270, 12.0, 13, ABalppapppa, 3710, 0, 0, 0, , 0, 0, 0, 0, 0, 
460, 1, 466, 459, -1, 318, 266, 13.0, 11, ABalppappap, 3454, 0, 0, 0, , 0, 0, 0, 0, 0, 
461, 1, 467, 460, -1, 327, 257, 16.0, 13, ABalppappaa, 4453, 0, 0, 0, , 0, 0, 0, 0, 0, 
462, 1, 468, 461, -1, 285, 258, 11.0, 13, ABalppapapa, 4432, 0, 0, 0, , 0, 0, 0, 0, 0, 
463, 1, 469, 462, -1, 272, 274, 11.0, 13, ABalppapapp, 5054, 0, 0, 0, , 0, 0, 0, 0, 0, 
464, 1, 470, 463, -1, 323, 251, 11.0, 13, ABalppapaaa, 4581, 0, 0, 0, , 0, 0, 0, 0, 0, 
465, 0, 471, -1, -1, 315, 268, 10.0, 11, , 1500, 0, 0, 0, , 0, 0, 0, 0, 0, 
466, 1, 472, 465, -1, 237, 286, 10.0, 15, ABalpapapap, 8034, 0, 0, 0, , 0, 0, 0, 0, 0, 
467, 1, 473, 466, -1, 254, 267, 11.0, 15, ABalpapapaa, 8750, 0, 0, 0, , 0, 0, 0, 0, 0, 
468, 1, 474, 467, -1, 205, 295, 12.0, 11, ABalpapappa, 5970, 0, 0, 0, , 0, 0, 0, 0, 0, 
469, 1, 475, 468, -1, 221, 301, 13.0, 13, ABalpapappp, 6704, 0, 0, 0, , 0, 0, 0, 0, 0, 
470, 1, 476, 469, -1, 264, 247, 10.0, 15, ABalpapaapp, 5490, 0, 0, 0, , 0, 0, 0, 0, 0, 
471, 1, 477, 470, -1, 288, 232, 10.0, 15, ABalpapaapa, 6325, 0, 0, 0, , 0, 0, 0, 0, 0, 
472, 1, 478, 471, -1, 302, 242, 10.0, 15, ABalpapaaaa, 9111, 0, 0, 0, , 0, 0, 0, 0, 0, 
473, 1, 479, 472, -1, 278, 251, 10.0, 13, ABalpapaaap, 3113, 0, 0, 0, , 0, 0, 0, 0, 0, 
474, 1, 480, 473, -1, 295, 247, 16.0, 13, ABalpaaaaap, 5573, 0, 0, 0, , 0, 0, 0, 0, 0, 
475, 1, 481, 474, -1, 275, 239, 18.0, 13, ABalpappaaa, 6034, 0, 0, 0, , 0, 0, 0, 0, 0, 
476, 1, 482, 475, -1, 222, 258, 18.0, 17, ABalpappapp, 11133, 0, 0, 0, , 0, 0, 0, 0, 0, 
477, 1, 483, 476, -1, 276, 269, 19.0, 13, ABalpapppaa, 6606, 0, 0, 0, , 0, 0, 0, 0, 0, 
478, 1, 484, 477, -1, 263, 254, 21.0, 15, ABalpapppap, 7482, 0, 0, 0, , 0, 0, 0, 0, 0, 
479, 1, 485, 478, -1, 300, 253, 19.0, 13, ABalpaaapaa, 4784, 0, 0, 0, , 0, 0, 0, 0, 0, 
480, 1, 486, 479, -1, 292, 262, 21.0, 13, ABalpaaapap, 3417, 0, 0, 0, , 0, 0, 0, 0, 0, 
481, 1, 487, 480, -1, 285, 244, 14.0, 13, ABalpaaaapp, 6052, 0, 0, 0, , 0, 0, 0, 0, 0, 
482, 1, 488, 481, -1, 303, 238, 13.0, 13, ABalpaaaapa, 7014, 0, 0, 0, , 0, 0, 0, 0, 0, 
483, 1, 489, 482, -1, 286, 257, 17.0, 15, ABalpappaap, 8804, 0, 0, 0, , 0, 0, 0, 0, 0, 
484, 1, 637, 483, -1, 312, 237, 17.0, 15, ABaraaaaaaa, 6443, 0, 0, 0, , 0, 0, 0, 0, 0, 
485, 1, 491, 484, -1, 334, 224, 15.0, 13, ABalpaapppa, 4527, 0, 0, 0, , 0, 0, 0, 0, 0, 
486, 1, 492, 485, -1, 330, 238, 12.0, 13, ABalpaapppp, 4420, 0, 0, 0, , 0, 0, 0, 0, 0, 
487, 1, 493, 486, -1, 323, 224, 15.0, 11, ABalpaappaa, 4553, 0, 0, 0, , 0, 0, 0, 0, 0, 
488, 1, 494, 487, -1, 317, 233, 11.0, 13, ABalpaappap, 3665, 0, 0, 0, , 0, 0, 0, 0, 0, 
489, 1, 495, 488, -1, 296, 244, 22.0, 21, ABalpaapapa, 1622, 0, 0, 0, , 0, 0, 0, 0, 0, 
490, 1, 496, 489, -1, 307, 240, 20.0, 15, ABalpaapaap, 5069, 0, 0, 0, , 0, 0, 0, 0, 0, 
491, 1, 497, 490, -1, 317, 231, 19.0, 15, ABalpaapaaa, 5643, 0, 0, 0, , 0, 0, 0, 0, 0, 
492, 0, 498, -1, -1, 171, 262, 27.0, 13, , 589, 0, 0, 0, , 0, 0, 0, 0, 0, 
493, 1, 499, 492, -1, 144, 305, 26.0, 25, Ealpp, 6980, 0, 0, 0, , 0, 0, 0, 0, 0, 
494, 1, 500, 493, -1, 198, 255, 26.0, 19, Earaa, 6181, 0, 0, 0, , 0, 0, 0, 0, 0, 
495, 1, 501, 494, -1, 142, 274, 26.0, 21, Earpp, 9862, 0, 0, 0, , 0, 0, 0, 0, 0, 
496, 1, 502, 495, -1, 179, 285, 26.0, 15, Ealap, 2626, 0, 0, 0, , 0, 0, 0, 0, 0, 
497, 1, 503, 496, -1, 207, 276, 26.0, 21, Ealaa, 30016, 0, 0, 0, , 0, 0, 0, 0, 0, 
498, 1, 504, 497, -1, 156, 295, 30.0, 21, Eplaa, 18783, 0, 0, 0, , 0, 0, 0, 0, 0, 
499, 1, 505, 498, -1, 123, 305, 26.0, 21, Eplap, 33418, 0, 0, 0, , 0, 0, 0, 0, 0, 
500, 1, 506, 499, -1, 113, 279, 19.0, 21, Eprpp, 4386, 0, 0, 0, , 0, 0, 0, 0, 0, 
501, 1, 507, 500, -1, 192, 336, 27.0, 15, Dapap, 9508, 0, 0, 0, , 0, 0, 0, 0, 0, 
502, 1, 508, 501, -1, 223, 320, 23.0, 15, Dapaa, 6616, 0, 0, 0, , 0, 0, 0, 0, 0, 
503, 1, 509, 502, -1, 227, 292, 26.0, 15, MSaapaapp, 8203, 0, 0, 0, , 0, 0, 0, 0, 0, 
504, 1, 510, 503, -1, 240, 273, 24.0, 13, MSaapaapa, 2860, 0, 0, 0, , 0, 0, 0, 0, 0, 
505, 1, 511, 504, -1, 175, 200, 31.0, 15, ABarpppapp, 5628, 0, 0, 0, , 0, 0, 0, 0, 0, 
506, 1, 512, 505, -1, 241, 305, 15.0, 15, ABplppaapap, 5515, 0, 0, 0, , 0, 0, 0, 0, 0, 
507, 1, 513, 506, -1, 245, 309, 11.0, 11, ABplppaapaa, 5429, 0, 0, 0, , 0, 0, 0, 0, 0, 
508, 1, 514, 507, -1, 83, 334, 27.0, 19, Cpapap, 9310, 0, 0, 0, , 0, 0, 0, 0, 0, 
509, 1, 515, 508, -1, 340, 246, 17.0, 13, ABalaaaalal, 4596, 0, 0, 0, , 0, 0, 0, 0, 0, 
510, 1, 516, 509, -1, 337, 235, 17.0, 13, ABalaaaalar, 4265, 0, 0, 0, , 0, 0, 0, 0, 0, 
511, 0, 517, -1, -1, 296, 177, 29.0, 15, , 1553, 0, 0, 0, , 0, 0, 0, 0, 0, 
512, 1, 517, 511, -1, 293, 170, 30.0, 13, ABarpappaa, 5228, 0, 0, 0, , 0, 0, 0, 0, 0, 
513, 1, 518, 512, -1, 96, 266, 31.0, 15, Cppppaa, 5962, 0, 0, 0, , 0, 0, 0, 0, 0, 
514, 1, 519, 513, -1, 77, 280, 25.0, 17, Cppppap, 6079, 0, 0, 0, , 0, 0, 0, 0, 0, 
515, 1, 520, 514, -1, 104, 283, 15.0, 11, Cpppppv, 1419, 0, 0, 0, , 0, 0, 0, 0, 0, 
516, 1, 521, 515, -1, 182, 259, 23.0, 19, Earpa, 27223, 0, 0, 0, , 0, 0, 0, 0, 0, 
517, 0, 522, -1, -1, 300, 193, 30.0, 15, , 3712, 0, 0, 0, , 0, 0, 0, 0, 0, 
518, 1, 523, 517, -1, 111, 281, 24.0, 19, Eprpa, 8929, 0, 0, 0, , 0, 0, 0, 0, 0, 
519, 1, 524, 518, -1, 254, 249, 34.0, 11, ABarpaappa, 2445, 0, 0, 0, , 0, 0, 0, 0, 0, 
520, 1, 525, 519, -1, 248, 311, 34.0, 21, ABarppaapa, 15114, 0, 0, 0, , 0, 0, 0, 0, 0, 
521, 1, 526, 520, -1, 117, 305, 19.0, 27, Eplpp, 5070, 0, 0, 0, , 0, 0, 0, 0, 0, 
522, 1, 527, 521, -1, 199, 270, 20.0, 13, MSaappap, 2518, 0, 0, 0, , 0, 0, 0, 0, 0, 
523, 1, 528, 522, -1, 165, 294, 19.0, 23, Z3, 6443, 0, 0, 0, , 0, 0, 0, 0, 0, 
524, 1, 529, 523, -1, 271, 196, 10.0, 11, ABalaapappa, 3077, 0, 0, 0, , 0, 0, 0, 0, 0, 
525, 0, 530, -1, -1, 142, 275, 28.0, 15, , 8691, 0, 0, 0, , 0, 0, 0, 0, 0, 
526, 1, 531, 525, -1, 129, 299, 9.0, 13, ABplpppapap, 2903, 0, 0, 0, , 0, 0, 0, 0, 0, 
527, 1, 532, 526, -1, 221, 319, 14.0, 15, ABplppapaaa, 6590, 0, 0, 0, , 0, 0, 0, 0, 0, 
528, 1, 533, 527, -1, 338, 242, 19.0, 15, ABalaaapall, 4013, 0, 0, 0, , 0, 0, 0, 0, 0, 
529, 0, 534, -1, -1, 122, 309, 28.0, 17, , 7560, 0, 0, 0, , 0, 0, 0, 0, 0, 
530, 1, 535, 529, -1, 271, 190, 16.0, 13, ABprpaaaaaa, 6834, 0, 0, 0, , 0, 0, 0, 0, 0, 
531, 1, 536, 530, -1, 130, 240, 17.0, 15, MSpappap, 4509, 0, 0, 0, , 0, 0, 0, 0, 0, 
532, 1, 537, 531, -1, 212, 240, 29.0, 17, MSpaapapp, 4912, 0, 0, 0, , 0, 0, 0, 0, 0, 
533, 0, 538, -1, -1, 199, 254, 28.0, 19, , 63082, 0, 0, 0, , 0, 0, 0, 0, 0, 
534, 1, 539, 533, -1, 76, 291, 19.0, 17, Cpppppd, 5629, 0, 0, 0, , 0, 0, 0, 0, 0, 
535, 1, 540, 534, -1, 276, 305, 31.0, 11, ABplapaaaaa, 4329, 0, 0, 0, , 0, 0, 0, 0, 0, 
536, 1, 541, 637, -1, 223, 269, 11.0, 15, ABplpappaap, 2345, 0, 0, 0, , 0, 0, 0, 0, 0, 
537, 1, 542, 536, -1, 265, 312, 31.0, 13, ABplapaaaap, 6507, 0, 0, 0, , 0, 0, 0, 0, 0, 
538, 1, 543, 537, -1, 338, 265, 15.0, 13, ABalppaaapa, 1229, 0, 0, 0, , 0, 0, 0, 0, 0, 
539, 1, 544, 538, -1, 265, 258, 17.0, 15, ABalpappppp, 4746, 0, 0, 0, , 0, 0, 0, 0, 0, 
540, 1, 545, 539, -1, 142, 247, 19.0, 23, Z2, 3501, 0, 0, 0, , 0, 0, 0, 0, 0, 
541, 1, 546, 540, -1, 351, 207, 21.0, 13, ABalaaaparr, 4629, 0, 0, 0, , 0, 0, 0, 0, 0, 
542, 1, 547, 541, -1, 350, 226, 21.0, 13, ABalaaaparl, 5479, 0, 0, 0, , 0, 0, 0, 0, 0, 
543, 1, 548, 542, -1, 268, 270, 22.0, 13, ABalpaaappp, 5153, 0, 0, 0, , 0, 0, 0, 0, 0, 
544, 1, 549, 543, -1, 279, 264, 21.0, 13, ABalpaaappa, 3823, 0, 0, 0, , 0, 0, 0, 0, 0, 
545, 0, 550, -1, -1, 195, 276, 23.0, 15, , 2747, 0, 0, 0, , 0, 0, 0, 0, 0, 
546, 1, 551, 545, -1, 209, 247, 13.0, 15, ABprpappapa, 2595, 0, 0, 0, , 0, 0, 0, 0, 0, 
547, 0, 552, -1, -1, 166, 299, 18.0, 13, , 2780, 0, 0, 0, , 0, 0, 0, 0, 0, 
548, 1, 553, 547, -1, 139, 334, 32.0, 17, Cappaap, 5503, 0, 0, 0, , 0, 0, 0, 0, 0, 
549, 1, 554, 548, -1, 280, 244, 12.0, 15, ABalpappapa, 7525, 0, 0, 0, , 0, 0, 0, 0, 0, 
550, 1, 555, 549, -1, 241, 246, 14.0, 15, ABarapapppa, 3701, 0, 0, 0, , 0, 0, 0, 0, 0, 
551, 0, 556, -1, -1, 181, 257, 22.0, 19, , 16925, 0, 0, 0, , 0, 0, 0, 0, 0, 
552, 1, 343, 551, -1, 210, 229, 24.0, 17, MSpapappa, 12042, 0, 0, 0, , 0, 0, 0, 0, 0, 
553, 1, 559, 552, -1, 218, 221, 22.0, 17, MSpapaapa, 12830, 0, 0, 0, , 0, 0, 0, 0, 0, 
554, 1, 560, 553, -1, 275, 162, 25.0, 13, ABpraapaapp, 5328, 0, 0, 0, , 0, 0, 0, 0, 0, 
555, 1, 561, 554, -1, 307, 178, 26.0, 13, ABalapppppa, 2829, 0, 0, 0, , 0, 0, 0, 0, 0, 
556, 1, 562, 555, -1, 302, 219, 13.0, 15, ABarapaaaaa, 8154, 0, 0, 0, , 0, 0, 0, 0, 0, 
557, 1, 563, 556, -1, 296, 262, 13.0, 15, ABalppapppp, 5066, 0, 0, 0, , 0, 0, 0, 0, 0, 
558, 1, 564, 557, -1, 344, 187, 21.0, 13, ABalaaappll, 3730, 0, 0, 0, , 0, 0, 0, 0, 0, 
559, 0, 565, -1, -1, 171, 285, 25.0, 19, , 17766, 0, 0, 0, , 0, 0, 0, 0, 0, 
560, 1, 566, 559, -1, 103, 248, 28.0, 17, Cppapap, 4675, 0, 0, 0, , 0, 0, 0, 0, 0, 
561, 0, 567, -1, -1, 110, 272, 20.0, 13, , 1101, 0, 0, 0, , 0, 0, 0, 0, 0, 
562, 1, 568, 561, -1, 245, 223, 21.0, 17, ABarapaappp, 8179, 0, 0, 0, , 0, 0, 0, 0, 0, 
563, 1, 569, 562, -1, 307, 275, 21.0, 13, ABalppppaad, 4961, 0, 0, 0, , 0, 0, 0, 0, 0, 
564, 0, 570, -1, -1, 267, 269, 30.0, 13, , 3894, 0, 0, 0, , 0, 0, 0, 0, 0, 
565, 0, 571, -1, -1, 264, 312, 16.0, 17, , 4524, 0, 0, 0, , 0, 0, 0, 0, 0, 
566, 1, 572, 565, -1, 305, 271, 10.0, 13, ABalppaappa, 4308, 0, 0, 0, , 0, 0, 0, 0, 0, 
567, 1, 573, 566, -1, 283, 266, 24.0, 15, ABalpaapapp, 5964, 0, 0, 0, , 0, 0, 0, 0, 0, 
568, 1, 574, 567, -1, 152, 338, 22.0, 17, Capaap, 7250, 0, 0, 0, , 0, 0, 0, 0, 0, 
569, 1, 575, 568, -1, 128, 328, 14.0, 15, ABplpppaapa, 4497, 0, 0, 0, , 0, 0, 0, 0, 0, 
570, 1, 576, 569, -1, 330, 240, 34.0, 17, ABarpaaaapp, 12661, 0, 0, 0, , 0, 0, 0, 0, 0, 
571, 0, 577, -1, -1, 341, 210, 25.0, 13, , 1645, 0, 0, 0, , 0, 0, 0, 0, 0, 
572, 0, 578, -1, -1, 206, 277, 28.0, 19, , 11016, 0, 0, 0, , 0, 0, 0, 0, 0, 
573, 0, 579, -1, -1, 113, 307, 18.0, 21, , 9405, 0, 0, 0, , 0, 0, 0, 0, 0, 
574, 0, 580, -1, -1, 220, 176, 16.0, 13, , 983, 0, 0, 0, , 0, 0, 0, 0, 0, 
575, 0, 581, -1, -1, 105, 282, 20.0, 11, , 1768, 0, 0, 0, , 0, 0, 0, 0, 0, 
576, 1, 582, 574, -1, 220, 230, 18.0, 19, MSpapaaaa, 5959, 0, 0, 0, , 0, 0, 0, 0, 0, 
577, 1, 583, 587, -1, 207, 191, 11.0, 11, ABprppaaap, 2481, 0, 0, 0, , 0, 0, 0, 0, 0, 
578, 1, 584, 576, -1, 197, 218, 19.0, 13, MSpapppaa, 3552, 0, 0, 0, , 0, 0, 0, 0, 0, 
579, 1, 585, 577, -1, 168, 226, 20.0, 13, MSpapppap, 3738, 0, 0, 0, , 0, 0, 0, 0, 0, 
580, 1, 586, 578, -1, 277, 257, 35.0, 23, ABarpaapap, 22254, 0, 0, 0, , 0, 0, 0, 0, 0, 
581, 1, 587, 579, -1, 265, 186, 20.0, 13, ABprpaapaaa, 5909, 0, 0, 0, , 0, 0, 0, 0, 0, 
582, 1, 588, 580, -1, 268, 249, 15.0, 15, ABalpappppa, 4561, 0, 0, 0, , 0, 0, 0, 0, 0, 
583, 1, 589, 581, -1, 284, 323, 20.0, 13, ABalpppppppp, 3514, 0, 0, 0, , 0, 0, 0, 0, 0, 
584, 0, 590, -1, -1, 122, 291, 9.0, 11, , 2919, 0, 0, 0, , 0, 0, 0, 0, 0, 
585, 1, 591, 583, -1, 108, 311, 10.0, 11, ABprpppapp, 3364, 0, 0, 0, , 0, 0, 0, 0, 0, 
586, 1, 592, 584, -1, 260, 312, 16.0, 13, ABplppaaaap, 1545, 0, 0, 0, , 0, 0, 0, 0, 0, 
587, 0, 593, -1, -1, 158, 294, 28.0, 17, , 14619, 0, 0, 0, , 0, 0, 0, 0, 0, 
588, 1, 594, 586, -1, 77, 273, 29.0, 17, Caaapp, 4077, 0, 0, 0, , 0, 0, 0, 0, 0, 
589, 0, 595, -1, -1, 200, 201, 10.0, 14, , 170, 0, 0, 0, , 0, 0, 0, 0, 0, 
590, 1, 596, 588, -1, 218, 272, 15.0, 11, ABplpappap, 4118, 0, 0, 0, , 0, 0, 0, 0, 0, 
591, 1, 534, 589, -1, 124, 284, 27.0, 17, Eprap, 6858, 0, 0, 0, , 0, 0, 0, 0, 0, 
592, 1, 598, 590, -1, 105, 253, 34.0, 17, Caaapa, 8238, 0, 0, 0, , 0, 0, 0, 0, 0, 
593, 1, 599, 591, -1, 285, 173, 12.0, 11, ABalaappaa, 4592, 0, 0, 0, , 0, 0, 0, 0, 0, 
594, 1, 600, 592, -1, 165, 276, 30.0, 13, Epraa, 1926, 0, 0, 0, , 0, 0, 0, 0, 0, 
595, 1, 601, 593, -1, 120, 340, 33.0, 15, Cpaapp, 2690, 0, 0, 0, , 0, 0, 0, 0, 0, 
596, 0, 602, -1, -1, 310, 186, 15.0, 14, , 2553, 0, 0, 0, , 0, 0, 0, 0, 0, 
597, 1, 603, 595, -1, 339, 194, 28.0, 13, ABarpaaaaal, 2201, 0, 0, 0, , 0, 0, 0, 0, 0, 
598, 1, 297, 596, -1, 232, 163, 22.0, 19, ABpraaapppp, 12372, 0, 0, 0, , 0, 0, 0, 0, 0, 
599, 1, 605, 597, -1, 103, 300, 15.0, 13, Caapaa, 1262, 0, 0, 0, , 0, 0, 0, 0, 0, 
600, 1, 606, 598, -1, 206, 214, 35.0, 14, ABarpppapa, 603, 0, 0, 0, , 0, 0, 0, 0, 0, 
601, 0, 607, -1, -1, 270, 257, 11.0, 13, , 3708, 0, 0, 0, , 0, 0, 0, 0, 0, 
602, 0, 608, -1, -1, 204, 217, 8.0, 11, , 1068, 0, 0, 0, , 0, 0, 0, 0, 0, 
603, 1, 609, 601, -1, 248, 297, 19.0, 11, MSappapp, 2776, 0, 0, 0, , 0, 0, 0, 0, 0, 
604, 1, 611, 602, -1, 80, 242, 20.0, 15, ABarpppppp, 4004, 0, 0, 0, , 0, 0, 0, 0, 0, 
605, 0, 612, -1, -1, 324, 227, 28.0, 11, , 1681, 0, 0, 0, , 0, 0, 0, 0, 0, 
606, 0, 613, -1, -1, 269, 310, 12.0, 17, , 5348, 0, 0, 0, , 0, 0, 0, 0, 0, 
607, 0, 614, -1, -1, 251, 242, 35.0, 17, , 5267, 0, 0, 0, , 0, 0, 0, 0, 0, 
608, 0, 615, -1, -1, 197, 187, 14.0, 14, , 3548, 0, 0, 0, , 0, 0, 0, 0, 0, 
609, 1, 616, 607, -1, 231, 201, 19.0, 13, MSpppapa, 4025, 0, 0, 0, , 0, 0, 0, 0, 0, 
610, 1, 617, 608, -1, 297, 276, 32.0, 15, MSapappa, 4047, 0, 0, 0, , 0, 0, 0, 0, 0, 
611, 0, 618, -1, -1, 60, 288, 16.0, 15, , 6203, 0, 0, 0, , 0, 0, 0, 0, 0, 
612, 0, 619, -1, -1, 113, 280, 19.0, 23, , 19466, 0, 0, 0, , 0, 0, 0, 0, 0, 
613, 0, 620, -1, -1, 118, 283, 28.0, 13, , 2488, 0, 0, 0, , 0, 0, 0, 0, 0, 
614, 0, 621, -1, -1, 155, 271, 30.0, 13, , 9845, 0, 0, 0, , 0, 0, 0, 0, 0, 
615, 1, 622, 613, -1, 287, 201, 33.0, 13, MSppappp, 5008, 0, 0, 0, , 0, 0, 0, 0, 0, 
616, 1, 623, 614, -1, 213, 333, 34.0, 13, Caaaaa, 772, 0, 0, 0, , 0, 0, 0, 0, 0, 
617, 0, 624, -1, -1, 214, 274, 10.0, 14, , 1118, 0, 0, 0, , 0, 0, 0, 0, 0, 
618, 1, 633, 616, -1, 282, 186, 18.0, 11, ABalaapppap, 2053, 0, 0, 0, , 0, 0, 0, 0, 0, 
619, 0, -1, -1, -1, 238, 335, 19.0, 15, , 3462, 0, 0, 0, , 0, 0, 0, 0, 0, 
620, 0, -1, -1, -1, 86, 337, 26.0, 13, , 7217, 0, 0, 0, , 0, 0, 0, 0, 0, 
621, 1, 384, 621, -1, 239, 264, 29.5, 12, MSaaaappp, 1719, 0, 0, 0, , 0, 0, 0, 0, 0, 
622, 1, 625, 623, -1, 188, 321, 34.0, 20, Cpaaap, 0, 0, 0, 0, , 0, 0, 0, 0, 0, 
623, 1, 626, 624, -1, 241, 234, 16.333334, 17, ABarapapppp, 6383, 0, 0, 0, , 0, 0, 0, 0, 0, 
624, 1, 627, 625, -1, 226, 291, 33.0, 15, Cpaaaa, 0, 0, 0, 0, , 0, 0, 0, 0, 0, 
625, 0, 388, -1, -1, 295, 246, 29.0, 11, , 2084, 0, 0, 0, , 0, 0, 0, 0, 0, 
626, 0, 628, -1, -1, 138, 308, 33.0, 15, , 0, 0, 0, 0, , 0, 0, 0, 0, 0, 
627, 1, 629, 628, -1, 136, 231, 33.0, 15, Caaaap, 0, 0, 0, 0, , 0, 0, 0, 0, 0, 
628, 1, 193, 630, -1, 311, 260, 26.333334, 11, ABplaaaaapa, 5398, 0, 0, 0, , 0, 0, 0, 0, 0, 
629, 1, 631, 631, -1, 305, 255, 11.375, 13, ABalppapaap, 2491, 0, 0, 0, , 0, 0, 0, 0, 0, 
630, 1, 632, 510, -1, 294, 180, 29.09091, 12, ABalapppppp, 906, 0, 0, 0, , 0, 0, 0, 0, 0, 
631, 1, 557, 632, -1, 317, 202, 30.952381, 13, ABalapppapp, 676, 0, 0, 0, , 0, 0, 0, 0, 0, 
632, 1, 109, 633, -1, 307, 187, 15.0, 13, ABalaapaaar, 5552, 0, 0, 0, ABalaapaaar, 0, 0, 0, 0, 0, 
633, 0, 634, -1, -1, 303, 236, 15.0, 11, , 0, 0, 0, 0, , 0, 0, 0, 0, 0, 
634, 1, 452, 635, -1, 314, 282, 22.0, 13, ABalppppaav, 2955, 0, 0, 0, , 0, 0, 0, 0, 0, 
635, 1, 635, 636, -1, 262, 273, 28.0, 13, MSaaapapa, 0, 0, 0, 0, , 0, 0, 0, 0, 0, 
636, 0, 636, -1, -1, 337, 293, 16.0, 14, , 8023, 0, 0, 0, , 0, 0, 0, 0, 0, 
637, 1, 638, 639, -1, 307, 239, 15.0, 13, ABalpaaaaaa, 0, 0, 0, 0, , 0, 0, 0, 0, 0, 
638, 1, 639, 640, -1, 332, 256, 19.0, 15, ABalapaappa, 0, 0, 0, 0, , 0, 0, 0, 0, 0, 
639, 1, 640, 641, -1, 327, 229, 28.0, 13, ABalapapapa, 0, 0, 0, 0, , 0, 0, 0, 0, 0, 
640, 1, 642, 642, -1, 294, 244, 27.666666, 13, MSaaapaaa, 0, 0, 0, 0, , 0, 0, 0, 0, 0, 
641, 0, 643, -1, -1, 251, 208, 10.842696, 13, , 0, 0, 0, 0, , 0, 0, 0, 0, 0, 
642, 1, 644, 644, -1, 241, 200, 11.0, 13, ABalaapappp, 0, 0, 0, 0, , 0, 0, 0, 0, 0, 
643, 1, 645, 645, -1, 278, 191, 27.36, 13, ABarpapaapa, 0, 0, 0, 0, , 0, 0, 0, 0, 0, 
644, 0, 646, -1, -1, 341, 213, 25.6, 15, , 0, 0, 0, 0, , 0, 0, 0, 0, 0, 
645, 1, 647, 648, -1, 140, 318, 36.0, 15, Cpaapa, 0, 0, 0, 0, , 0, 0, 0, 0, 0, 
646, 0, -1, -1, -1, 420, 169, 15.0, 13, , 0, 0, 0, 0, , 0, 0, 0, 0, 0, 
