1, 1, 1, 1, -1, 301, 212, 24.0, 15, ABaraappaaa, 7110, 0, 0, 0, , 0, 0, 0, 0, 0, 
2, 1, 2, 2, -1, 297, 212, 26.0, 15, ABaraappaap, 6502, 0, 0, 0, , 0, 0, 0, 0, 0, 
3, 1, 3, 3, -1, 258, 216, 27.0, 19, ABaraappapp, 11978, 0, 0, 0, , 0, 0, 0, 0, 0, 
4, 1, 4, 4, -1, 286, 210, 25.0, 13, ABaraappapa, 8818, 0, 0, 0, , 0, 0, 0, 0, 0, 
5, 1, 5, 5, -1, 227, 235, 28.0, 21, MSpaapapa, 6394, 0, 0, 0, , 0, 0, 0, 0, 0, 
6, 1, 6, 6, -1, 238, 215, 25.0, 17, ABaraapppaa, 15695, 0, 0, 0, , 0, 0, 0, 0, 0, 
7, 1, 7, 7, -1, 231, 238, 22.0, 15, ABaraappppp, 5814, 0, 0, 0, , 0, 0, 0, 0, 0, 
8, 1, 8, 8, -1, 254, 279, 22.0, 15, ABaraapappa, 8570, 0, 0, 0, , 0, 0, 0, 0, 0, 
9, 1, 9, 9, -1, 242, 259, 22.0, 15, ABaraapappp, 8312, 0, 0, 0, , 0, 0, 0, 0, 0, 
10, 1, 10, 10, -1, 250, 274, 27.0, 19, ABaraapapap, 9224, 0, 0, 0, , 0, 0, 0, 0, 0, 
11, 1, 11, 11, -1, 261, 272, 25.0, 17, ABaraapapaa, 9179, 0, 0, 0, , 0, 0, 0, 0, 0, 
12, 1, 12, 12, -1, 305, 225, 23.0, 15, ABaraapaaaa, 6309, 0, 0, 0, , 0, 0, 0, 0, 0, 
13, 1, 13, 13, -1, 303, 230, 25.0, 13, ABaraapaaap, 8655, 0, 0, 0, , 0, 0, 0, 0, 0, 
14, 0, 14, -1, -1, 296, 248, 29.0, 11, , 1645, 0, 0, 0, , 0, 0, 0, 0, 0, 
15, 1, 15, 15, -1, 297, 242, 25.0, 15, ABaraapaapa, 8837, 0, 0, 0, , 0, 0, 0, 0, 0, 
16, 1, 16, 16, -1, 305, 220, 12.0, 13, ABaraaappap, 2277, 0, 0, 0, , 0, 0, 0, 0, 0, 
17, 1, 17, 17, -1, 320, 214, 14.0, 13, ABaraaappaa, 4467, 0, 0, 0, , 0, 0, 0, 0, 0, 
18, 1, 18, 18, -1, 314, 204, 14.0, 13, ABaraaapppa, 2966, 0, 0, 0, , 0, 0, 0, 0, 0, 
19, 1, 19, 19, -1, 297, 212, 10.0, 11, ABaraaapppp, 3423, 0, 0, 0, , 0, 0, 0, 0, 0, 
20, 1, 20, 20, -1, 298, 214, 19.0, 13, ABaraaapaaa, 5295, 0, 0, 0, , 0, 0, 0, 0, 0, 
21, 1, 21, 21, -1, 274, 207, 23.0, 13, ABaraaapapa, 4351, 0, 0, 0, , 0, 0, 0, 0, 0, 
22, 1, 22, 22, -1, 291, 208, 21.0, 13, ABaraaapaap, 3812, 0, 0, 0, , 0, 0, 0, 0, 0, 
23, 1, 23, 23, -1, 257, 219, 25.0, 15, ABaraaapapp, 8251, 0, 0, 0, , 0, 0, 0, 0, 0, 
24, 1, 24, 24, -1, 285, 236, 19.0, 11, ABaraaaaaap, 2205, 0, 0, 0, , 0, 0, 0, 0, 0, 
25, 1, 25, 25, -1, 284, 215, 18.0, 11, ABaraaaaapp, 2829, 0, 0, 0, , 0, 0, 0, 0, 0, 
26, 1, 26, 26, -1, 306, 215, 16.0, 15, ABaraaaaapa, 3703, 0, 0, 0, , 0, 0, 0, 0, 0, 
27, 1, 27, 27, -1, 283, 235, 28.0, 13, ABaraaaapp, 3946, 0, 0, 0, , 0, 0, 0, 0, 0, 
28, 1, 28, 28, -1, 312, 217, 20.0, 13, ABaraaaapap, 2701, 0, 0, 0, , 0, 0, 0, 0, 0, 
29, 1, 29, 29, -1, 326, 214, 18.0, 11, ABaraaaapaa, 3260, 0, 0, 0, , 0, 0, 0, 0, 0, 
30, 1, 30, 30, -1, 227, 255, 15.0, 15, ABarapapapp, 10996, 0, 0, 0, , 0, 0, 0, 0, 0, 
31, 1, 31, 31, -1, 265, 234, 12.0, 13, ABarapapapa, 5616, 0, 0, 0, , 0, 0, 0, 0, 0, 
32, 1, 32, 32, -1, 259, 220, 18.0, 15, ABarapapaap, 15773, 0, 0, 0, , 0, 0, 0, 0, 0, 
33, 1, 33, 33, -1, 252, 238, 15.0, 15, ABarapapaaa, 10869, 0, 0, 0, , 0, 0, 0, 0, 0, 
34, 1, 34, 34, -1, 251, 211, 19.0, 15, ABarapappaa, 7297, 0, 0, 0, , 0, 0, 0, 0, 0, 
35, 1, 35, 627, -1, 242, 229, 19.0, 13, ABarapappap, 8539, 0, 0, 0, , 0, 0, 0, 0, 0, 
36, 1, 36, 36, -1, 273, 228, 15.0, 13, ABarapaaapp, 5673, 0, 0, 0, , 0, 0, 0, 0, 0, 
37, 1, 37, 37, -1, 287, 224, 14.0, 13, ABarapaaapa, 7926, 0, 0, 0, , 0, 0, 0, 0, 0, 
38, 1, 38, 38, -1, 279, 227, 16.0, 19, ABarapaaaap, 7758, 0, 0, 0, , 0, 0, 0, 0, 0, 
39, 1, 39, 39, -1, 273, 219, 19.0, 13, ABarapaapap, 7186, 0, 0, 0, , 0, 0, 0, 0, 0, 
40, 1, 40, 40, -1, 273, 206, 20.0, 13, ABarapaapaa, 7031, 0, 0, 0, , 0, 0, 0, 0, 0, 
41, 1, 41, 41, -1, 259, 206, 22.0, 15, ABarapaappa, 9569, 0, 0, 0, , 0, 0, 0, 0, 0, 
42, 1, 42, 42, -1, 262, 214, 11.0, 11, ABarapppapa, 5727, 0, 0, 0, , 0, 0, 0, 0, 0, 
43, 1, 43, 43, -1, 245, 215, 10.0, 15, ABarapppapp, 5045, 0, 0, 0, , 0, 0, 0, 0, 0, 
44, 1, 44, 44, -1, 299, 199, 12.0, 13, ABarapppaaa, 5267, 0, 0, 0, , 0, 0, 0, 0, 0, 
45, 1, 45, 45, -1, 288, 200, 10.0, 13, ABarapppaap, 5752, 0, 0, 0, , 0, 0, 0, 0, 0, 
46, 1, 46, 46, -1, 281, 193, 13.0, 13, ABarappppap, 5138, 0, 0, 0, , 0, 0, 0, 0, 0, 
47, 1, 47, 47, -1, 291, 188, 16.0, 13, ABarappppaa, 5989, 0, 0, 0, , 0, 0, 0, 0, 0, 
48, 1, 48, 48, -1, 264, 199, 12.0, 13, ABarapppppa, 4485, 0, 0, 0, , 0, 0, 0, 0, 0, 
49, 1, 49, 49, -1, 261, 210, 13.0, 15, ABarapppppp, 7116, 0, 0, 0, , 0, 0, 0, 0, 0, 
50, 1, 50, 50, -1, 251, 227, 12.0, 11, ABarappaaap, 6589, 0, 0, 0, , 0, 0, 0, 0, 0, 
51, 1, 51, 51, -1, 281, 216, 11.0, 13, ABarappaaaa, 6703, 0, 0, 0, , 0, 0, 0, 0, 0, 
52, 1, 52, 52, -1, 271, 228, 10.0, 13, ABarappaapa, 6273, 0, 0, 0, , 0, 0, 0, 0, 0, 
53, 1, 53, 53, -1, 252, 241, 11.0, 11, ABarappaapp, 5910, 0, 0, 0, , 0, 0, 0, 0, 0, 
54, 1, 54, 54, -1, 221, 236, 11.0, 13, ABarappapap, 7267, 0, 0, 0, , 0, 0, 0, 0, 0, 
55, 1, 55, 55, -1, 236, 229, 10.0, 15, ABarappapaa, 6499, 0, 0, 0, , 0, 0, 0, 0, 0, 
56, 1, 56, 56, -1, 191, 234, 12.0, 13, ABarappappp, 6680, 0, 0, 0, , 0, 0, 0, 0, 0, 
57, 1, 57, 57, -1, 184, 250, 14.0, 13, ABarappappa, 5864, 0, 0, 0, , 0, 0, 0, 0, 0, 
58, 1, 58, 58, -1, 259, 162, 30.0, 15, ABarpapppa, 4677, 0, 0, 0, , 0, 0, 0, 0, 0, 
59, 1, 59, 59, -1, 235, 169, 31.0, 13, ABarpapppp, 1412, 0, 0, 0, , 0, 0, 0, 0, 0, 
60, 1, 60, 60, -1, 278, 162, 30.0, 13, ABarpappap, 4336, 0, 0, 0, , 0, 0, 0, 0, 0, 
61, 1, 61, 61, -1, 311, 191, 30.0, 13, ABarpapaaap, 4909, 0, 0, 0, , 0, 0, 0, 0, 0, 
62, 0, 62, -1, -1, 278, 182, 29.0, 13, , 4062, 0, 0, 0, , 0, 0, 0, 0, 0, 
63, 1, 63, 63, -1, 301, 197, 29.0, 13, ABarpapaapp, 4248, 0, 0, 0, , 0, 0, 0, 0, 0, 
64, 1, 64, 64, -1, 280, 228, 36.0, 19, ABarpapapp, 26903, 0, 0, 0, , 0, 0, 0, 0, 0, 
65, 1, 65, 65, -1, 325, 209, 34.0, 15, ABarpapapa, 7129, 0, 0, 0, , 0, 0, 0, 0, 0, 
66, 1, 66, 66, -1, 229, 208, 35.0, 15, ABarpaappp, 6382, 0, 0, 0, , 0, 0, 0, 0, 0, 
67, 1, 67, 67, -1, 288, 198, 36.0, 17, ABarpaapaa, 6816, 0, 0, 0, , 0, 0, 0, 0, 0, 
68, 1, 68, 68, -1, 345, 215, 29.0, 15, ABarpaaaaar, 6405, 0, 0, 0, , 0, 0, 0, 0, 0, 
69, 1, 69, 69, -1, 338, 217, 32.0, 13, ABarpaaaapa, 4359, 0, 0, 0, , 0, 0, 0, 0, 0, 
70, 1, 70, 70, -1, 306, 207, 35.0, 17, ABarpaaapp, 7625, 0, 0, 0, , 0, 0, 0, 0, 0, 
71, 1, 71, 71, -1, 336, 196, 32.0, 15, ABarpaaapaa, 4435, 0, 0, 0, , 0, 0, 0, 0, 0, 
72, 1, 72, 72, -1, 317, 186, 33.0, 15, ABarpaaapap, 5195, 0, 0, 0, , 0, 0, 0, 0, 0, 
73, 1, 73, 73, -1, 266, 335, 27.0, 15, ABarppaaap, 5151, 0, 0, 0, , 0, 0, 0, 0, 0, 
74, 1, 74, 74, -1, 226, 334, 28.0, 15, ABarppaapp, 7246, 0, 0, 0, , 0, 0, 0, 0, 0, 
75, 1, 75, 75, -1, 157, 358, 29.0, 15, ABarppappa, 5434, 0, 0, 0, , 0, 0, 0, 0, 0, 
76, 1, 76, 76, -1, 118, 363, 21.0, 15, ABarppappp, 6038, 0, 0, 0, , 0, 0, 0, 0, 0, 
77, 1, 77, 77, -1, 211, 349, 28.0, 17, ABarppapap, 12886, 0, 0, 0, , 0, 0, 0, 0, 0, 
78, 1, 78, 78, -1, 240, 340, 28.0, 17, ABarppapaa, 10938, 0, 0, 0, , 0, 0, 0, 0, 0, 
79, 1, 79, 79, -1, 112, 220, 27.0, 17, ABarpppppa, 5705, 0, 0, 0, , 0, 0, 0, 0, 0, 
80, 1, 80, 80, -1, 179, 184, 29.0, 15, ABarppppaa, 4705, 0, 0, 0, , 0, 0, 0, 0, 0, 
81, 1, 81, 81, -1, 155, 199, 30.0, 13, ABarppppap, 4408, 0, 0, 0, , 0, 0, 0, 0, 0, 
82, 1, 82, 82, -1, 203, 174, 31.0, 17, ABarpppaap, 5352, 0, 0, 0, , 0, 0, 0, 0, 0, 
83, 1, 83, 83, -1, 236, 188, 34.0, 13, ABarpppaaa, 3444, 0, 0, 0, , 0, 0, 0, 0, 0, 
84, 0, 84, -1, -1, 327, 198, 22.0, 11, , 1554, 0, 0, 0, , 0, 0, 0, 0, 0, 
85, 1, 85, 85, -1, 326, 183, 25.0, 11, ABalappppap, 2445, 0, 0, 0, , 0, 0, 0, 0, 0, 
86, 1, 86, 86, -1, 333, 216, 22.0, 11, ABalapppaaa, 2113, 0, 0, 0, , 0, 0, 0, 0, 0, 
87, 1, 87, 87, -1, 323, 202, 26.0, 13, ABalapppaap, 3983, 0, 0, 0, , 0, 0, 0, 0, 0, 
88, 1, 88, 88, -1, 322, 207, 29.0, 11, ABalapppapa, 1931, 0, 0, 0, , 0, 0, 0, 0, 0, 
89, 1, 89, 89, -1, 291, 181, 25.0, 11, ABalappapap, 2117, 0, 0, 0, , 0, 0, 0, 0, 0, 
90, 1, 90, 90, -1, 307, 189, 24.0, 15, ABalappapaa, 4099, 0, 0, 0, , 0, 0, 0, 0, 0, 
91, 1, 91, 91, -1, 338, 205, 26.0, 11, ABalappaaa, 3367, 0, 0, 0, , 0, 0, 0, 0, 0, 
92, 1, 92, 92, -1, 322, 184, 22.0, 15, ABalappappa, 1895, 0, 0, 0, , 0, 0, 0, 0, 0, 
93, 1, 93, 93, -1, 311, 174, 24.0, 11, ABalappappp, 2231, 0, 0, 0, , 0, 0, 0, 0, 0, 
94, 1, 94, 94, -1, 333, 256, 28.0, 11, ABalapapppa, 3226, 0, 0, 0, , 0, 0, 0, 0, 0, 
95, 1, 95, 95, -1, 329, 259, 30.0, 15, ABalapapppp, 3089, 0, 0, 0, , 0, 0, 0, 0, 0, 
96, 1, 96, 96, -1, 340, 230, 23.0, 15, ABalapappaa, 2799, 0, 0, 0, , 0, 0, 0, 0, 0, 
97, 1, 97, 97, -1, 343, 239, 28.0, 15, ABalapappap, 3120, 0, 0, 0, , 0, 0, 0, 0, 0, 
98, 1, 98, 98, -1, 323, 221, 31.0, 11, ABalapapaa, 3432, 0, 0, 0, , 0, 0, 0, 0, 0, 
99, 1, 99, 99, -1, 323, 237, 31.0, 13, ABalapapapp, 3022, 0, 0, 0, , 0, 0, 0, 0, 0, 
100, 1, 100, 100, -1, 327, 267, 25.0, 15, ABalapaaaa, 6961, 0, 0, 0, , 0, 0, 0, 0, 0, 
101, 1, 101, 101, -1, 339, 244, 24.0, 11, ABalapaaapa, 2476, 0, 0, 0, , 0, 0, 0, 0, 0, 
102, 1, 102, 102, -1, 350, 259, 26.0, 17, ABalapaaapp, 5078, 0, 0, 0, , 0, 0, 0, 0, 0, 
103, 0, 103, -1, -1, 332, 257, 19.0, 15, , 7693, 0, 0, 0, , 0, 0, 0, 0, 0, 
104, 1, 104, 104, -1, 337, 256, 22.0, 13, ABalppppapa, 4207, 0, 0, 0, , 0, 0, 0, 0, 0, 
105, 1, 105, 105, -1, 325, 279, 17.0, 11, ABalapaapap, 2427, 0, 0, 0, , 0, 0, 0, 0, 0, 
106, 1, 106, 106, -1, 319, 267, 19.0, 11, ABalapaapaa, 2755, 0, 0, 0, , 0, 0, 0, 0, 0, 
107, 1, 107, 636, -1, 343, 266, 20.0, 13, ABalapaappp, 3736, 0, 0, 0, , 0, 0, 0, 0, 0, 
108, 1, 108, 107, -1, 318, 200, 17.0, 13, ABalaapaaal, 3874, 0, 0, 0, , 0, 0, 0, 0, 0, 
109, 1, 109, 108, -1, 250, 192, 10.0, 13, ABalaapapa, 5800, 0, 0, 0, , 0, 0, 0, 0, 0, 
110, 1, 110, 109, -1, 305, 192, 10.0, 13, ABalaapaapp, 4954, 0, 0, 0, , 0, 0, 0, 0, 0, 
111, 1, 111, 110, -1, 316, 186, 14.0, 15, ABalaapaapa, 3626, 0, 0, 0, , 0, 0, 0, 0, 0, 
112, 0, 112, -1, -1, 291, 175, 13.0, 11, , 2157, 0, 0, 0, , 0, 0, 0, 0, 0, 
113, 1, 113, 111, -1, 287, 184, 10.0, 11, ABalaappapp, 2854, 0, 0, 0, , 0, 0, 0, 0, 0, 
114, 1, 114, 112, -1, 305, 177, 19.0, 13, ABalaappppp, 4005, 0, 0, 0, , 0, 0, 0, 0, 0, 
115, 1, 115, 113, -1, 294, 186, 18.0, 13, ABalaappppa, 2356, 0, 0, 0, , 0, 0, 0, 0, 0, 
116, 1, 116, 114, -1, 282, 170, 18.0, 11, ABalaapppaa, 2726, 0, 0, 0, , 0, 0, 0, 0, 0, 
117, 1, 117, 115, -1, 341, 247, 12.0, 11, ABalaaaalpp, 3147, 0, 0, 0, , 0, 0, 0, 0, 0, 
118, 1, 118, 116, -1, 347, 240, 15.0, 13, ABalaaaalpa, 4213, 0, 0, 0, , 0, 0, 0, 0, 0, 
119, 1, 119, 117, -1, 337, 203, 20.0, 13, ABalaaaarrp, 3721, 0, 0, 0, , 0, 0, 0, 0, 0, 
120, 1, 120, 118, -1, 328, 192, 17.0, 15, ABalaaaarra, 4740, 0, 0, 0, , 0, 0, 0, 0, 0, 
121, 1, 121, 119, -1, 341, 213, 17.0, 11, ABalaaaarlp, 3241, 0, 0, 0, , 0, 0, 0, 0, 0, 
122, 1, 122, 120, -1, 342, 227, 18.0, 13, ABalaaaarla, 4378, 0, 0, 0, , 0, 0, 0, 0, 0, 
123, 1, 123, 121, -1, 331, 186, 19.0, 13, ABalaaapplr, 2873, 0, 0, 0, , 0, 0, 0, 0, 0, 
124, 1, 124, 122, -1, 312, 193, 20.0, 15, ABalaaapprr, 4292, 0, 0, 0, , 0, 0, 0, 0, 0, 
125, 1, 125, 123, -1, 307, 174, 16.0, 13, ABalaaapprl, 5039, 0, 0, 0, , 0, 0, 0, 0, 0, 
126, 1, 126, 124, -1, 334, 216, 27.0, 11, ABalappaap, 1430, 0, 0, 0, , 0, 0, 0, 0, 0, 
127, 1, 127, 125, -1, 152, 311, 12.0, 13, ABplppppapa, 4847, 0, 0, 0, , 0, 0, 0, 0, 0, 
128, 1, 128, 126, -1, 141, 298, 11.0, 13, ABplppppapp, 5630, 0, 0, 0, , 0, 0, 0, 0, 0, 
129, 1, 129, 127, -1, 154, 301, 14.0, 13, ABplppppaaa, 3763, 0, 0, 0, , 0, 0, 0, 0, 0, 
130, 1, 130, 128, -1, 145, 301, 15.0, 13, ABplppppaap, 4852, 0, 0, 0, , 0, 0, 0, 0, 0, 
131, 1, 131, 129, -1, 85, 316, 12.0, 15, ABplppppppp, 4065, 0, 0, 0, , 0, 0, 0, 0, 0, 
132, 1, 132, 130, -1, 95, 318, 11.0, 13, ABplppppppa, 3939, 0, 0, 0, , 0, 0, 0, 0, 0, 
133, 1, 133, 131, -1, 131, 315, 16.0, 13, ABplpppppap, 4198, 0, 0, 0, , 0, 0, 0, 0, 0, 
134, 1, 134, 132, -1, 144, 311, 18.0, 15, ABplpppppaa, 5731, 0, 0, 0, , 0, 0, 0, 0, 0, 
135, 1, 135, 133, -1, 133, 313, 10.0, 13, ABplpppapaa, 4610, 0, 0, 0, , 0, 0, 0, 0, 0, 
136, 1, 136, 134, -1, 124, 322, 12.0, 13, ABplpppaapp, 5452, 0, 0, 0, , 0, 0, 0, 0, 0, 
137, 1, 137, 135, -1, 169, 300, 12.0, 13, ABplpppaaaa, 4596, 0, 0, 0, , 0, 0, 0, 0, 0, 
138, 1, 138, 136, -1, 164, 322, 12.0, 15, ABplpppaaap, 7656, 0, 0, 0, , 0, 0, 0, 0, 0, 
139, 1, 139, 137, -1, 171, 318, 14.0, 13, ABplppapppp, 3003, 0, 0, 0, , 0, 0, 0, 0, 0, 
140, 1, 140, 138, -1, 173, 300, 14.0, 13, ABplppapppa, 4269, 0, 0, 0, , 0, 0, 0, 0, 0, 
141, 1, 141, 139, -1, 192, 294, 16.0, 13, ABplppappap, 4391, 0, 0, 0, , 0, 0, 0, 0, 0, 
142, 1, 142, 140, -1, 205, 290, 16.0, 15, ABplppappaa, 4896, 0, 0, 0, , 0, 0, 0, 0, 0, 
143, 1, 143, 141, -1, 200, 315, 16.0, 15, ABplppapaap, 4872, 0, 0, 0, , 0, 0, 0, 0, 0, 
144, 1, 144, 142, -1, 186, 311, 14.0, 15, ABplppapapa, 3059, 0, 0, 0, , 0, 0, 0, 0, 0, 
145, 1, 145, 143, -1, 181, 325, 17.0, 13, ABplppapapp, 4932, 0, 0, 0, , 0, 0, 0, 0, 0, 
146, 1, 146, 144, -1, 195, 286, 12.0, 11, ABplppaappa, 4630, 0, 0, 0, , 0, 0, 0, 0, 0, 
147, 1, 147, 145, -1, 184, 291, 12.0, 11, ABplppaappp, 3720, 0, 0, 0, , 0, 0, 0, 0, 0, 
148, 1, 148, 146, -1, 267, 292, 15.0, 13, ABplppaaaaa, 5736, 0, 0, 0, , 0, 0, 0, 0, 0, 
149, 1, 149, 147, -1, 268, 315, 18.0, 11, ABplppaaap, 3591, 0, 0, 0, , 0, 0, 0, 0, 0, 
150, 1, 150, 148, -1, 237, 256, 12.0, 13, ABplpappaaa, 3246, 0, 0, 0, , 0, 0, 0, 0, 0, 
151, 1, 151, 149, -1, 205, 265, 18.0, 13, MSaappaa, 2943, 0, 0, 0, , 0, 0, 0, 0, 0, 
152, 1, 152, 150, -1, 131, 293, 14.0, 15, ABplpappppp, 3172, 0, 0, 0, , 0, 0, 0, 0, 0, 
153, 1, 153, 151, -1, 153, 284, 14.0, 13, ABplpappppa, 4007, 0, 0, 0, , 0, 0, 0, 0, 0, 
154, 1, 154, 152, -1, 163, 282, 12.0, 13, ABplpapppaa, 4423, 0, 0, 0, , 0, 0, 0, 0, 0, 
155, 1, 155, 153, -1, 152, 269, 12.0, 11, ABplpapppap, 3373, 0, 0, 0, , 0, 0, 0, 0, 0, 
156, 1, 156, 154, -1, 205, 279, 13.0, 13, ABplpapappa, 3480, 0, 0, 0, , 0, 0, 0, 0, 0, 
157, 1, 157, 155, -1, 181, 279, 13.0, 13, ABplpapappp, 3072, 0, 0, 0, , 0, 0, 0, 0, 0, 
158, 1, 158, 156, -1, 231, 297, 16.0, 13, ABplpapapap, 2375, 0, 0, 0, , 0, 0, 0, 0, 0, 
159, 1, 159, 157, -1, 234, 287, 16.0, 13, ABplpapapaa, 3735, 0, 0, 0, , 0, 0, 0, 0, 0, 
160, 1, 160, 158, -1, 270, 274, 13.0, 11, ABplpapaapa, 3812, 0, 0, 0, , 0, 0, 0, 0, 0, 
161, 1, 161, 159, -1, 259, 287, 14.0, 13, ABplpapaapp, 3946, 0, 0, 0, , 0, 0, 0, 0, 0, 
162, 1, 162, 160, -1, 247, 284, 14.0, 13, ABplpapaaap, 2912, 0, 0, 0, , 0, 0, 0, 0, 0, 
163, 1, 163, 161, -1, 254, 271, 13.0, 15, ABplpapaaaa, 2990, 0, 0, 0, , 0, 0, 0, 0, 0, 
164, 1, 164, 162, -1, 196, 309, 13.0, 15, ABplpaaaapp, 10334, 0, 0, 0, , 0, 0, 0, 0, 0, 
165, 1, 165, 163, -1, 226, 292, 11.0, 15, ABplpaaaapa, 7313, 0, 0, 0, , 0, 0, 0, 0, 0, 
166, 1, 166, 164, -1, 313, 275, 15.0, 15, ABplpaaaaaa, 7769, 0, 0, 0, , 0, 0, 0, 0, 0, 
167, 1, 167, 165, -1, 303, 290, 13.0, 11, ABplpaaapap, 5444, 0, 0, 0, , 0, 0, 0, 0, 0, 
168, 1, 168, 166, -1, 309, 277, 11.0, 11, ABplpaaapaa, 6545, 0, 0, 0, , 0, 0, 0, 0, 0, 
169, 1, 169, 167, -1, 298, 279, 15.0, 13, ABplpaaappa, 5559, 0, 0, 0, , 0, 0, 0, 0, 0, 
170, 1, 170, 168, -1, 281, 285, 15.0, 13, ABplpaaappp, 6458, 0, 0, 0, , 0, 0, 0, 0, 0, 
171, 1, 171, 169, -1, 266, 322, 20.0, 15, ABplpaappap, 5259, 0, 0, 0, , 0, 0, 0, 0, 0, 
172, 1, 172, 170, -1, 275, 308, 22.0, 15, ABplpaappaa, 5493, 0, 0, 0, , 0, 0, 0, 0, 0, 
173, 1, 173, 171, -1, 290, 298, 14.0, 13, ABplpaapppa, 3886, 0, 0, 0, , 0, 0, 0, 0, 0, 
174, 1, 174, 172, -1, 305, 303, 14.0, 11, ABplpaapapp, 5594, 0, 0, 0, , 0, 0, 0, 0, 0, 
175, 1, 175, 173, -1, 276, 292, 12.0, 15, ABplpaapppp, 3624, 0, 0, 0, , 0, 0, 0, 0, 0, 
176, 1, 176, 174, -1, 290, 302, 20.0, 15, ABplpaapaap, 5747, 0, 0, 0, , 0, 0, 0, 0, 0, 
177, 1, 177, 175, -1, 309, 277, 19.0, 13, ABplpaapaaa, 7312, 0, 0, 0, , 0, 0, 0, 0, 0, 
178, 1, 178, 176, -1, 333, 294, 19.0, 15, ABplpaapapa, 7505, 0, 0, 0, , 0, 0, 0, 0, 0, 
179, 1, 179, 177, -1, 271, 309, 12.0, 13, ABplaappap, 1904, 0, 0, 0, , 0, 0, 0, 0, 0, 
180, 1, 180, 178, -1, 281, 295, 10.0, 17, ABplaappaa, 7346, 0, 0, 0, , 0, 0, 0, 0, 0, 
181, 1, 181, 179, -1, 262, 326, 16.0, 15, ABplaapppa, 7536, 0, 0, 0, , 0, 0, 0, 0, 0, 
182, 1, 182, 180, -1, 238, 335, 19.0, 19, ABplaapppp, 5478, 0, 0, 0, , 0, 0, 0, 0, 0, 
183, 1, 183, 181, -1, 351, 226, 26.0, 13, ABplaapaaaa, 7768, 0, 0, 0, , 0, 0, 0, 0, 0, 
184, 1, 184, 182, -1, 352, 254, 28.0, 15, ABplaapaaap, 4759, 0, 0, 0, , 0, 0, 0, 0, 0, 
185, 1, 185, 183, -1, 341, 279, 25.0, 13, ABplaapaapa, 6014, 0, 0, 0, , 0, 0, 0, 0, 0, 
186, 1, 186, 184, -1, 328, 286, 23.0, 15, ABplaapaapp, 6361, 0, 0, 0, , 0, 0, 0, 0, 0, 
187, 1, 187, 185, -1, 298, 308, 27.0, 15, ABplaapappp, 6943, 0, 0, 0, , 0, 0, 0, 0, 0, 
188, 1, 188, 186, -1, 303, 281, 29.0, 13, ABplaapappa, 5211, 0, 0, 0, , 0, 0, 0, 0, 0, 
189, 1, 189, 187, -1, 287, 298, 27.0, 13, ABplaapapap, 5209, 0, 0, 0, , 0, 0, 0, 0, 0, 
190, 1, 190, 188, -1, 296, 283, 26.0, 13, ABplaapapaa, 6713, 0, 0, 0, , 0, 0, 0, 0, 0, 
191, 1, 191, 189, -1, 315, 252, 31.0, 17, ABplaaaaapp, 17348, 0, 0, 0, , 0, 0, 0, 0, 0, 
192, 1, 192, 190, -1, 311, 261, 26.0, 15, MSapaaap, 11063, 0, 0, 0, , 0, 0, 0, 0, 0, 
193, 1, 193, 191, -1, 334, 251, 32.0, 13, ABplaaaaaap, 3612, 0, 0, 0, , 0, 0, 0, 0, 0, 
194, 1, 194, 192, -1, 345, 240, 30.0, 13, ABplaaaaaaa, 3615, 0, 0, 0, , 0, 0, 0, 0, 0, 
195, 1, 195, 193, -1, 301, 237, 35.0, 15, ABplaaaapp, 5953, 0, 0, 0, , 0, 0, 0, 0, 0, 
196, 1, 197, 194, -1, 312, 296, 31.0, 17, ABplaaappa, 5677, 0, 0, 0, , 0, 0, 0, 0, 0, 
197, 1, 198, 195, -1, 293, 314, 31.0, 19, ABplaaappp, 16848, 0, 0, 0, , 0, 0, 0, 0, 0, 
198, 1, 199, 196, -1, 327, 291, 29.0, 15, ABplaaapap, 5639, 0, 0, 0, , 0, 0, 0, 0, 0, 
199, 1, 200, 197, -1, 336, 273, 30.0, 13, ABplaaapaa, 5814, 0, 0, 0, , 0, 0, 0, 0, 0, 
200, 1, 201, 198, -1, 141, 331, 11.0, 15, ABplappppa, 15322, 0, 0, 0, , 0, 0, 0, 0, 0, 
201, 1, 202, 199, -1, 100, 330, 12.0, 15, ABplappppp, 5701, 0, 0, 0, , 0, 0, 0, 0, 0, 
202, 1, 203, 200, -1, 126, 353, 17.0, 13, ABplapppaaa, 3797, 0, 0, 0, , 0, 0, 0, 0, 0, 
203, 1, 204, 201, -1, 116, 332, 14.0, 11, ABplapppapp, 2954, 0, 0, 0, , 0, 0, 0, 0, 0, 
204, 1, 205, 202, -1, 112, 338, 11.0, 13, ABplapppapa, 3654, 0, 0, 0, , 0, 0, 0, 0, 0, 
205, 1, 206, 203, -1, 203, 341, 21.0, 17, ABplappaaa, 8760, 0, 0, 0, , 0, 0, 0, 0, 0, 
206, 1, 207, 204, -1, 183, 350, 21.0, 15, ABplappaap, 6815, 0, 0, 0, , 0, 0, 0, 0, 0, 
207, 1, 208, 205, -1, 169, 346, 17.0, 15, ABplappapp, 8606, 0, 0, 0, , 0, 0, 0, 0, 0, 
208, 1, 209, 206, -1, 180, 355, 28.0, 15, ABplappapa, 7068, 0, 0, 0, , 0, 0, 0, 0, 0, 
209, 1, 210, 207, -1, 215, 337, 18.0, 15, ABplapaapp, 9841, 0, 0, 0, , 0, 0, 0, 0, 0, 
210, 1, 211, 208, -1, 239, 323, 14.0, 15, ABplapaapa, 7591, 0, 0, 0, , 0, 0, 0, 0, 0, 
211, 1, 212, 209, -1, 277, 299, 33.0, 15, ABarppaaaa, 4558, 0, 0, 0, , 0, 0, 0, 0, 0, 
212, 1, 213, 210, -1, 247, 327, 24.0, 11, ABplapaaapp, 868, 0, 0, 0, , 0, 0, 0, 0, 0, 
213, 1, 214, 211, -1, 260, 323, 25.0, 13, ABplapaaapa, 4330, 0, 0, 0, , 0, 0, 0, 0, 0, 
214, 1, 215, 212, -1, 109, 356, 18.0, 11, ABplapapppa, 3545, 0, 0, 0, , 0, 0, 0, 0, 0, 
215, 1, 216, 213, -1, 97, 337, 15.0, 13, ABplapapppp, 5201, 0, 0, 0, , 0, 0, 0, 0, 0, 
216, 1, 217, 214, -1, 149, 359, 18.0, 17, ABplapapap, 6038, 0, 0, 0, , 0, 0, 0, 0, 0, 
217, 1, 218, 215, -1, 141, 350, 14.0, 17, ABplapappa, 7412, 0, 0, 0, , 0, 0, 0, 0, 0, 
218, 1, 219, 216, -1, 140, 367, 24.0, 17, ABplapapaa, 8183, 0, 0, 0, , 0, 0, 0, 0, 0, 
219, 1, 220, 217, -1, 239, 221, 14.0, 15, ABprpapaaaa, 1921, 0, 0, 0, , 0, 0, 0, 0, 0, 
220, 1, 221, 218, -1, 223, 213, 12.0, 13, ABprpapaapp, 3873, 0, 0, 0, , 0, 0, 0, 0, 0, 
221, 1, 222, 219, -1, 201, 257, 14.0, 13, ABprpapappa, 4178, 0, 0, 0, , 0, 0, 0, 0, 0, 
222, 1, 223, 220, -1, 171, 267, 13.0, 13, ABprpapappp, 2417, 0, 0, 0, , 0, 0, 0, 0, 0, 
223, 1, 224, 221, -1, 201, 225, 14.0, 11, ABprpapapap, 2761, 0, 0, 0, , 0, 0, 0, 0, 0, 
224, 1, 225, 222, -1, 214, 230, 15.0, 15, ABprpapapaa, 4775, 0, 0, 0, , 0, 0, 0, 0, 0, 
225, 1, 226, 223, -1, 124, 294, 16.0, 15, ABprpappppp, 4390, 0, 0, 0, , 0, 0, 0, 0, 0, 
226, 1, 227, 224, -1, 139, 284, 16.0, 15, ABprpappppa, 3783, 0, 0, 0, , 0, 0, 0, 0, 0, 
227, 1, 228, 225, -1, 235, 238, 13.0, 11, ABprpapppaa, 3745, 0, 0, 0, , 0, 0, 0, 0, 0, 
228, 0, 229, -1, -1, 194, 244, 16.0, 13, , 2106, 0, 0, 0, , 0, 0, 0, 0, 0, 
229, 1, 230, 227, -1, 193, 268, 15.0, 13, ABprpappapp, 3600, 0, 0, 0, , 0, 0, 0, 0, 0, 
230, 1, 231, 228, -1, 222, 252, 11.0, 13, ABprpappaap, 4146, 0, 0, 0, , 0, 0, 0, 0, 0, 
231, 1, 232, 229, -1, 238, 247, 10.0, 13, ABprpappaaa, 5671, 0, 0, 0, , 0, 0, 0, 0, 0, 
232, 1, 233, 230, -1, 252, 170, 19.0, 15, ABprpaaaaap, 1823, 0, 0, 0, , 0, 0, 0, 0, 0, 
233, 1, 234, 231, -1, 256, 182, 22.0, 13, ABpraaappaa, 4159, 0, 0, 0, , 0, 0, 0, 0, 0, 
234, 1, 235, 232, -1, 175, 243, 12.0, 17, ABprpaaaapp, 5753, 0, 0, 0, , 0, 0, 0, 0, 0, 
235, 1, 236, 233, -1, 203, 241, 10.0, 15, ABprpaaaapa, 6117, 0, 0, 0, , 0, 0, 0, 0, 0, 
236, 1, 237, 234, -1, 262, 187, 15.0, 13, ABprpaaappa, 4688, 0, 0, 0, , 0, 0, 0, 0, 0, 
237, 1, 238, 235, -1, 240, 211, 13.0, 13, ABprpapaapa, 5228, 0, 0, 0, , 0, 0, 0, 0, 0, 
238, 1, 239, 236, -1, 248, 198, 15.0, 15, ABprpaaappp, 5266, 0, 0, 0, , 0, 0, 0, 0, 0, 
239, 1, 240, 237, -1, 269, 184, 12.0, 13, ABprpaaapaa, 5428, 0, 0, 0, , 0, 0, 0, 0, 0, 
240, 1, 241, 238, -1, 260, 175, 13.0, 13, ABprpaaapap, 6238, 0, 0, 0, , 0, 0, 0, 0, 0, 
241, 1, 242, 239, -1, 234, 178, 20.0, 15, ABprpaapaap, 6182, 0, 0, 0, , 0, 0, 0, 0, 0, 
242, 1, 243, 240, -1, 275, 156, 20.0, 15, ABprpaapapa, 6512, 0, 0, 0, , 0, 0, 0, 0, 0, 
243, 1, 244, 241, -1, 248, 171, 15.0, 13, ABprpaapapp, 6136, 0, 0, 0, , 0, 0, 0, 0, 0, 
244, 1, 245, 242, -1, 243, 185, 15.0, 13, ABprpaapppa, 4782, 0, 0, 0, , 0, 0, 0, 0, 0, 
245, 1, 246, 243, -1, 235, 190, 12.0, 15, ABprpaapppp, 4394, 0, 0, 0, , 0, 0, 0, 0, 0, 
246, 1, 247, 244, -1, 209, 176, 21.0, 13, ABprpaappap, 5766, 0, 0, 0, , 0, 0, 0, 0, 0, 
247, 1, 248, 245, -1, 224, 185, 22.0, 13, ABprpaappaa, 4992, 0, 0, 0, , 0, 0, 0, 0, 0, 
248, 1, 249, 246, -1, 100, 265, 11.0, 13, ABprpppaapp, 4935, 0, 0, 0, , 0, 0, 0, 0, 0, 
249, 1, 250, 247, -1, 103, 266, 14.0, 13, ABprpppaapa, 5096, 0, 0, 0, , 0, 0, 0, 0, 0, 
250, 1, 251, 248, -1, 124, 236, 14.0, 13, ABprpppaaap, 5640, 0, 0, 0, , 0, 0, 0, 0, 0, 
251, 1, 252, 249, -1, 142, 253, 12.0, 15, ABprpppaaaa, 4803, 0, 0, 0, , 0, 0, 0, 0, 0, 
252, 1, 253, 250, -1, 122, 273, 10.0, 15, ABprpppapaa, 3960, 0, 0, 0, , 0, 0, 0, 0, 0, 
253, 1, 254, 251, -1, 107, 291, 10.0, 15, ABprpppapap, 5037, 0, 0, 0, , 0, 0, 0, 0, 0, 
254, 0, 255, -1, -1, 127, 296, 11.0, 13, , 4339, 0, 0, 0, , 0, 0, 0, 0, 0, 
255, 1, 256, 253, -1, 131, 257, 11.0, 15, ABprppppapa, 4444, 0, 0, 0, , 0, 0, 0, 0, 0, 
256, 1, 257, 254, -1, 129, 275, 11.0, 15, ABprppppapp, 3197, 0, 0, 0, , 0, 0, 0, 0, 0, 
257, 1, 258, 255, -1, 144, 261, 15.0, 13, ABprppppaaa, 4753, 0, 0, 0, , 0, 0, 0, 0, 0, 
258, 1, 259, 256, -1, 131, 272, 14.0, 13, ABprppppaap, 4560, 0, 0, 0, , 0, 0, 0, 0, 0, 
259, 1, 260, 257, -1, 78, 291, 13.0, 11, ABprppppppp, 4058, 0, 0, 0, , 0, 0, 0, 0, 0, 
260, 1, 261, 258, -1, 95, 297, 10.0, 13, ABprppppppa, 6181, 0, 0, 0, , 0, 0, 0, 0, 0, 
261, 1, 262, 259, -1, 124, 258, 17.0, 15, ABprpppppaa, 4310, 0, 0, 0, , 0, 0, 0, 0, 0, 
262, 1, 263, 260, -1, 107, 263, 17.0, 11, ABprpppppap, 3758, 0, 0, 0, , 0, 0, 0, 0, 0, 
263, 1, 264, 261, -1, 202, 211, 14.5, 13, ABprppaapap, 4513, 0, 0, 0, , 0, 0, 0, 0, 0, 
264, 0, 265, -1, -1, 204, 215, 11.0, 11, , 4486, 0, 0, 0, , 0, 0, 0, 0, 0, 
265, 1, 266, 263, -1, 188, 261, 11.0, 13, ABprppaappa, 5555, 0, 0, 0, , 0, 0, 0, 0, 0, 
266, 1, 267, 264, -1, 168, 259, 12.0, 13, ABprppaappp, 4211, 0, 0, 0, , 0, 0, 0, 0, 0, 
267, 1, 268, 265, -1, 232, 201, 15.0, 13, ABprppaaaaa, 5279, 0, 0, 0, , 0, 0, 0, 0, 0, 
268, 1, 269, 266, -1, 216, 201, 14.0, 13, ABprppaaaap, 7908, 0, 0, 0, , 0, 0, 0, 0, 0, 
269, 0, 270, -1, -1, 197, 193, 15.0, 11, , 2200, 0, 0, 0, , 0, 0, 0, 0, 0, 
270, 1, 271, 268, -1, 182, 222, 15.0, 13, ABprppapaaa, 4099, 0, 0, 0, , 0, 0, 0, 0, 0, 
271, 1, 272, 269, -1, 166, 228, 15.0, 11, ABprppapaap, 3613, 0, 0, 0, , 0, 0, 0, 0, 0, 
272, 1, 273, 270, -1, 156, 235, 13.0, 13, ABprppapapa, 4799, 0, 0, 0, , 0, 0, 0, 0, 0, 
273, 1, 274, 271, -1, 141, 231, 15.0, 13, ABprppapapp, 3860, 0, 0, 0, , 0, 0, 0, 0, 0, 
274, 1, 275, 272, -1, 157, 252, 12.0, 13, ABprppapppa, 4532, 0, 0, 0, , 0, 0, 0, 0, 0, 
275, 1, 276, 273, -1, 140, 242, 13.0, 11, ABprppapppp, 3393, 0, 0, 0, , 0, 0, 0, 0, 0, 
276, 1, 277, 274, -1, 179, 234, 16.0, 13, ABprppappaa, 3359, 0, 0, 0, , 0, 0, 0, 0, 0, 
277, 1, 278, 275, -1, 169, 247, 15.0, 11, ABprppappap, 3159, 0, 0, 0, , 0, 0, 0, 0, 0, 
278, 1, 279, 276, -1, 346, 189, 25.0, 15, ABpraapaaaa, 6480, 0, 0, 0, , 0, 0, 0, 0, 0, 
279, 1, 280, 277, -1, 325, 183, 28.0, 13, ABarpapaaaa, 4871, 0, 0, 0, , 0, 0, 0, 0, 0, 
280, 1, 281, 278, -1, 333, 175, 26.0, 13, ABpraapaaap, 5329, 0, 0, 0, , 0, 0, 0, 0, 0, 
281, 1, 282, 279, -1, 293, 166, 24.0, 15, ABpraapaapa, 6791, 0, 0, 0, , 0, 0, 0, 0, 0, 
282, 1, 283, 280, -1, 232, 179, 28.0, 13, ABpraapapap, 4284, 0, 0, 0, , 0, 0, 0, 0, 0, 
283, 1, 284, 281, -1, 247, 184, 26.0, 15, ABpraapapaa, 5862, 0, 0, 0, , 0, 0, 0, 0, 0, 
284, 1, 285, 282, -1, 242, 164, 26.0, 15, ABpraapappp, 7117, 0, 0, 0, , 0, 0, 0, 0, 0, 
285, 1, 286, 283, -1, 253, 182, 29.0, 13, ABpraapappa, 4903, 0, 0, 0, , 0, 0, 0, 0, 0, 
286, 1, 287, 284, -1, 182, 186, 20.0, 15, ABpraapppp, 6213, 0, 0, 0, , 0, 0, 0, 0, 0, 
287, 1, 288, 285, -1, 221, 179, 12.0, 15, ABpraappap, 6426, 0, 0, 0, , 0, 0, 0, 0, 0, 
288, 1, 289, 286, -1, 237, 177, 11.0, 15, ABpraappaa, 5346, 0, 0, 0, , 0, 0, 0, 0, 0, 
289, 1, 290, 287, -1, 300, 178, 21.0, 13, ABpraaapapa, 4858, 0, 0, 0, , 0, 0, 0, 0, 0, 
290, 1, 291, 288, -1, 303, 165, 22.0, 11, ABpraaapapp, 3304, 0, 0, 0, , 0, 0, 0, 0, 0, 
291, 1, 292, 289, -1, 272, 180, 24.0, 13, ABpraaapaad, 4506, 0, 0, 0, , 0, 0, 0, 0, 0, 
292, 1, 293, 290, -1, 275, 181, 21.0, 13, ABpraaapaav, 3731, 0, 0, 0, , 0, 0, 0, 0, 0, 
293, 1, 294, 291, -1, 241, 182, 23.0, 15, ABpraaappap, 6050, 0, 0, 0, , 0, 0, 0, 0, 0, 
294, 1, 295, 292, -1, 222, 175, 26.0, 19, ABpraaapppa, 23692, 0, 0, 0, , 0, 0, 0, 0, 0, 
295, 0, 296, -1, -1, 226, 164, 29.0, 13, , 1771, 0, 0, 0, , 0, 0, 0, 0, 0, 
296, 1, 297, 294, -1, 294, 157, 21.0, 13, ABpraaaaapd, 3823, 0, 0, 0, , 0, 0, 0, 0, 0, 
297, 1, 298, 295, -1, 296, 162, 18.0, 15, ABpraaaaapv, 4377, 0, 0, 0, , 0, 0, 0, 0, 0, 
298, 1, 299, 296, -1, 285, 166, 15.0, 13, ABpraaaaaaa, 4467, 0, 0, 0, , 0, 0, 0, 0, 0, 
299, 1, 300, 297, -1, 275, 175, 12.0, 13, ABpraaaaaap, 3831, 0, 0, 0, , 0, 0, 0, 0, 0, 
300, 1, 301, 298, -1, 270, 170, 16.0, 14, ABpraaaapav, 2834, 0, 0, 0, , 0, 0, 0, 0, 0, 
301, 1, 302, 299, -1, 268, 164, 15.0, 13, ABpraaaapad, 5794, 0, 0, 0, , 0, 0, 0, 0, 0, 
302, 1, 303, 300, -1, 261, 164, 24.0, 11, ABpraaaappa, 4758, 0, 0, 0, , 0, 0, 0, 0, 0, 
303, 1, 304, 301, -1, 264, 172, 27.0, 15, ABpraaaappp, 3818, 0, 0, 0, , 0, 0, 0, 0, 0, 
304, 1, 305, 302, -1, 118, 219, 19.0, 15, ABprappapp, 9871, 0, 0, 0, , 0, 0, 0, 0, 0, 
305, 1, 306, 303, -1, 134, 208, 28.0, 15, ABprappapa, 6922, 0, 0, 0, , 0, 0, 0, 0, 0, 
306, 1, 307, 304, -1, 136, 210, 19.0, 15, ABprappaap, 6477, 0, 0, 0, , 0, 0, 0, 0, 0, 
307, 1, 308, 305, -1, 153, 207, 20.0, 15, ABprappaaa, 7709, 0, 0, 0, , 0, 0, 0, 0, 0, 
308, 1, 309, 306, -1, 77, 254, 14.0, 11, ABprapppaap, 3813, 0, 0, 0, , 0, 0, 0, 0, 0, 
309, 1, 310, 307, -1, 93, 243, 16.0, 13, ABprapppaaa, 4354, 0, 0, 0, , 0, 0, 0, 0, 0, 
310, 1, 311, 308, -1, 90, 269, 15.0, 13, ABprapppapp, 2899, 0, 0, 0, , 0, 0, 0, 0, 0, 
311, 1, 312, 309, -1, 83, 263, 11.0, 11, ABprapppapa, 3290, 0, 0, 0, , 0, 0, 0, 0, 0, 
312, 1, 313, 310, -1, 76, 276, 12.0, 17, ABprappppp, 7866, 0, 0, 0, , 0, 0, 0, 0, 0, 
313, 1, 314, 311, -1, 99, 253, 10.0, 17, ABprappppa, 6286, 0, 0, 0, , 0, 0, 0, 0, 0, 
314, 1, 315, 312, -1, 205, 184, 26.0, 15, ABprapaaapa, 5810, 0, 0, 0, , 0, 0, 0, 0, 0, 
315, 1, 316, 313, -1, 189, 193, 26.0, 13, ABprapaaapp, 3964, 0, 0, 0, , 0, 0, 0, 0, 0, 
316, 1, 317, 314, -1, 219, 189, 31.0, 17, ABprapaaaap, 6856, 0, 0, 0, , 0, 0, 0, 0, 0, 
317, 1, 318, 315, -1, 238, 173, 33.0, 13, ABprapaaaaa, 5428, 0, 0, 0, , 0, 0, 0, 0, 0, 
318, 1, 319, 316, -1, 165, 197, 20.0, 13, ABprapaapp, 9149, 0, 0, 0, , 0, 0, 0, 0, 0, 
319, 1, 320, 317, -1, 189, 211, 12.0, 15, ABprapaapa, 6879, 0, 0, 0, , 0, 0, 0, 0, 0, 
320, 1, 321, 318, -1, 102, 238, 12.0, 17, ABprapappa, 6336, 0, 0, 0, , 0, 0, 0, 0, 0, 
321, 1, 322, 319, -1, 75, 271, 16.0, 15, ABprapapppp, 4198, 0, 0, 0, , 0, 0, 0, 0, 0, 
322, 1, 323, 320, -1, 72, 253, 18.0, 13, ABprapapppa, 3854, 0, 0, 0, , 0, 0, 0, 0, 0, 
323, 1, 324, 321, -1, 104, 225, 16.0, 17, ABprapapap, 7350, 0, 0, 0, , 0, 0, 0, 0, 0, 
324, 1, 325, 322, -1, 92, 234, 25.0, 17, ABprapapaa, 5587, 0, 0, 0, , 0, 0, 0, 0, 0, 
325, 1, 326, 323, -1, 253, 192, 31.0, 15, MSppppap, 4308, 0, 0, 0, , 0, 0, 0, 0, 0, 
326, 1, 327, 324, -1, 233, 199, 20.0, 13, MSppppaa, 3685, 0, 0, 0, , 0, 0, 0, 0, 0, 
327, 1, 328, 325, -1, 252, 208, 33.0, 17, MSpppppa, 4710, 0, 0, 0, , 0, 0, 0, 0, 0, 
328, 1, 329, 326, -1, 216, 220, 33.0, 15, MSpppppp, 3548, 0, 0, 0, , 0, 0, 0, 0, 0, 
329, 1, 330, 327, -1, 241, 201, 28.0, 15, MSpppaaa, 4386, 0, 0, 0, , 0, 0, 0, 0, 0, 
330, 1, 331, 328, -1, 126, 246, 22.0, 15, MSpppaap, 4047, 0, 0, 0, , 0, 0, 0, 0, 0, 
331, 1, 332, 329, -1, 219, 206, 17.0, 15, MSpppapp, 1900, 0, 0, 0, , 0, 0, 0, 0, 0, 
332, 1, 333, 330, -1, 218, 223, 13.0, 13, ABprpapaaap, 4049, 0, 0, 0, , 0, 0, 0, 0, 0, 
333, 1, 334, 331, -1, 147, 271, 18.0, 15, MSppaapp, 4489, 0, 0, 0, , 0, 0, 0, 0, 0, 
334, 1, 335, 332, -1, 258, 199, 18.0, 11, MSppaapa, 2986, 0, 0, 0, , 0, 0, 0, 0, 0, 
335, 1, 336, 333, -1, 290, 200, 18.0, 11, MSppaaaa, 1132, 0, 0, 0, , 0, 0, 0, 0, 0, 
336, 1, 337, 334, -1, 280, 191, 26.0, 15, MSppaaap, 6426, 0, 0, 0, , 0, 0, 0, 0, 0, 
337, 1, 338, 335, -1, 221, 193, 27.0, 15, MSppapaa, 5729, 0, 0, 0, , 0, 0, 0, 0, 0, 
338, 1, 339, 336, -1, 249, 189, 19.0, 11, MSppapap, 3128, 0, 0, 0, , 0, 0, 0, 0, 0, 
339, 1, 340, 337, -1, 199, 255, 20.0, 13, MSpapappp, 3293, 0, 0, 0, , 0, 0, 0, 0, 0, 
340, 1, 341, 338, -1, 213, 246, 22.0, 13, MSpapapaa, 3520, 0, 0, 0, , 0, 0, 0, 0, 0, 
341, 1, 343, 339, -1, 213, 235, 19.0, 15, MSpapaaap, 3672, 0, 0, 0, , 0, 0, 0, 0, 0, 
342, 1, 344, 340, -1, 194, 224, 25.0, 15, MSpapaapp, 9991, 0, 0, 0, , 0, 0, 0, 0, 0, 
343, 0, 345, -1, -1, 190, 245, 24.0, 9, , 1287, 0, 0, 0, , 0, 0, 0, 0, 0, 
344, 1, 346, 342, -1, 167, 324, 18.0, 15, MSpappaa, 5669, 0, 0, 0, , 0, 0, 0, 0, 0, 
345, 1, 347, 343, -1, 151, 228, 19.0, 13, MSpapppp, 5199, 0, 0, 0, , 0, 0, 0, 0, 0, 
346, 1, 348, 344, -1, 253, 238, 30.0, 15, MSpaaappa, 5080, 0, 0, 0, , 0, 0, 0, 0, 0, 
347, 1, 349, 345, -1, 229, 237, 32.0, 15, MSpaaappp, 6129, 0, 0, 0, , 0, 0, 0, 0, 0, 
348, 1, 350, 346, -1, 242, 253, 33.0, 13, MSpaaapaa, 5237, 0, 0, 0, , 0, 0, 0, 0, 0, 
349, 1, 351, 347, -1, 225, 256, 31.0, 11, MSpaaapap, 995, 0, 0, 0, , 0, 0, 0, 0, 0, 
350, 1, 352, 348, -1, 276, 207, 29.0, 11, MSpaaaapa, 1990, 0, 0, 0, , 0, 0, 0, 0, 0, 
351, 1, 353, 349, -1, 264, 217, 29.0, 17, MSpaaaapp, 5918, 0, 0, 0, , 0, 0, 0, 0, 0, 
352, 1, 354, 350, -1, 286, 222, 32.0, 15, MSpaaaaaa, 6810, 0, 0, 0, , 0, 0, 0, 0, 0, 
353, 1, 355, 351, -1, 266, 228, 33.0, 13, MSpaaaaap, 4343, 0, 0, 0, , 0, 0, 0, 0, 0, 
354, 1, 356, 352, -1, 228, 215, 21.0, 15, ABaraappppa, 6601, 0, 0, 0, , 0, 0, 0, 0, 0, 
355, 1, 357, 353, -1, 227, 218, 27.0, 15, ABaraapppap, 6774, 0, 0, 0, , 0, 0, 0, 0, 0, 
356, 1, 358, 354, -1, 236, 223, 31.0, 13, MSpaapaap, 3416, 0, 0, 0, , 0, 0, 0, 0, 0, 
357, 1, 359, 355, -1, 251, 223, 29.0, 13, MSpaapaaa, 3848, 0, 0, 0, , 0, 0, 0, 0, 0, 
358, 1, 360, 356, -1, 176, 260, 27.0, 23, Earap, 1177, 0, 0, 0, , 0, 0, 0, 0, 0, 
359, 1, 361, 357, -1, 269, 291, 21.0, 13, MSapppaa, 2214, 0, 0, 0, , 0, 0, 0, 0, 0, 
360, 1, 362, 358, -1, 255, 298, 31.0, 15, MSapppap, 8560, 0, 0, 0, , 0, 0, 0, 0, 0, 
361, 1, 363, 359, -1, 256, 279, 33.0, 17, MSappppa, 3294, 0, 0, 0, , 0, 0, 0, 0, 0, 
362, 1, 364, 360, -1, 228, 291, 32.0, 15, MSappppp, 3740, 0, 0, 0, , 0, 0, 0, 0, 0, 
363, 1, 365, 361, -1, 158, 317, 21.0, 17, MSappaap, 3668, 0, 0, 0, , 0, 0, 0, 0, 0, 
364, 1, 366, 362, -1, 254, 295, 28.0, 13, MSappaaa, 4123, 0, 0, 0, , 0, 0, 0, 0, 0, 
365, 0, 367, -1, -1, 257, 303, 15.0, 11, , 2118, 0, 0, 0, , 0, 0, 0, 0, 0, 
366, 1, 368, 364, -1, 262, 291, 19.0, 11, MSappapa, 2911, 0, 0, 0, , 0, 0, 0, 0, 0, 
367, 1, 623, 365, -1, 284, 261, 29.0, 15, ABaraapaapp, 7290, 0, 0, 0, , 0, 0, 0, 0, 0, 
368, 0, 370, -1, -1, 287, 259, 32.0, 11, , 1839, 0, 0, 0, , 0, 0, 0, 0, 0, 
369, 1, 370, 366, -1, 299, 258, 33.0, 15, MSapappp, 4767, 0, 0, 0, , 0, 0, 0, 0, 0, 
370, 1, 371, 367, -1, 283, 284, 19.0, 13, MSapapap, 3977, 0, 0, 0, , 0, 0, 0, 0, 0, 
371, 1, 372, 368, -1, 273, 293, 27.0, 13, MSapapaa, 1820, 0, 0, 0, , 0, 0, 0, 0, 0, 
372, 1, 373, 369, -1, 175, 275, 16.0, 19, MSapaapp, 5833, 0, 0, 0, , 0, 0, 0, 0, 0, 
373, 1, 374, 370, -1, 296, 279, 18.0, 11, MSapaapa, 4756, 0, 0, 0, , 0, 0, 0, 0, 0, 
374, 1, 375, 371, -1, 311, 256, 18.0, 11, MSapaaaa, 3073, 0, 0, 0, , 0, 0, 0, 0, 0, 
375, 1, 376, 372, -1, 301, 227, 29.0, 15, MSaaaaapa, 5455, 0, 0, 0, , 0, 0, 0, 0, 0, 
376, 1, 377, 373, -1, 279, 241, 32.0, 13, MSaaaaapp, 1529, 0, 0, 0, , 0, 0, 0, 0, 0, 
377, 1, 378, 374, -1, 321, 233, 24.0, 13, MSaaaaaa, 4519, 0, 0, 0, , 0, 0, 0, 0, 0, 
378, 1, 379, 375, -1, 268, 247, 33.0, 13, MSaaaapaa, 3733, 0, 0, 0, , 0, 0, 0, 0, 0, 
379, 1, 380, 376, -1, 254, 250, 31.0, 13, MSaaaapap, 3859, 0, 0, 0, , 0, 0, 0, 0, 0, 
380, 1, 381, 377, -1, 249, 269, 31.0, 11, MSaaaappa, 3619, 0, 0, 0, , 0, 0, 0, 0, 0, 
381, 1, 382, 378, -1, 232, 277, 29.0, 13, MSaaapapp, 2359, 0, 0, 0, , 0, 0, 0, 0, 0, 
382, 1, 383, 379, -1, 272, 269, 28.0, 14, MSaaapaap, 1464, 0, 0, 0, , 0, 0, 0, 0, 0, 
383, 1, 384, 380, -1, 217, 276, 31.0, 11, MSaaappa, 3388, 0, 0, 0, , 0, 0, 0, 0, 0, 
384, 1, 385, 381, -1, 214, 262, 32.0, 11, MSaaappp, 2182, 0, 0, 0, , 0, 0, 0, 0, 0, 
385, 1, 386, 382, -1, 181, 306, 19.0, 17, MSaapppp, 7433, 0, 0, 0, , 0, 0, 0, 0, 0, 
386, 1, 387, 383, -1, 216, 304, 19.0, 14, MSaapppa, 7797, 0, 0, 0, , 0, 0, 0, 0, 0, 
387, 1, 388, 384, -1, 234, 268, 19.0, 13, MSaapaaap, 3454, 0, 0, 0, , 0, 0, 0, 0, 0, 
388, 1, 389, 385, -1, 252, 272, 18.0, 17, MSaapaaaa, 4808, 0, 0, 0, , 0, 0, 0, 0, 0, 
389, 1, 390, 386, -1, 213, 277, 19.0, 13, MSaapappp, 3854, 0, 0, 0, , 0, 0, 0, 0, 0, 
390, 1, 391, 387, -1, 230, 288, 24.0, 15, MSaapappa, 3457, 0, 0, 0, , 0, 0, 0, 0, 0, 
391, 1, 392, 388, -1, 225, 282, 21.0, 17, MSaapapa, 5962, 0, 0, 0, , 0, 0, 0, 0, 0, 
392, 1, 393, 389, -1, 194, 283, 23.0, 15, Ealpa, 4678, 0, 0, 0, , 0, 0, 0, 0, 0, 
393, 1, 394, 390, -1, 111, 308, 24.0, 23, Eplpa, 19685, 0, 0, 0, , 0, 0, 0, 0, 0, 
394, 1, 395, 391, -1, 124, 344, 21.0, 19, Cappapa, 6452, 0, 0, 0, , 0, 0, 0, 0, 0, 
395, 1, 396, 392, -1, 113, 337, 19.0, 17, Cappapp, 5815, 0, 0, 0, , 0, 0, 0, 0, 0, 
396, 1, 397, 393, -1, 171, 340, 28.0, 15, Cappaaa, 4538, 0, 0, 0, , 0, 0, 0, 0, 0, 
397, 1, 398, 394, -1, 91, 336, 22.0, 15, Capppap, 6143, 0, 0, 0, , 0, 0, 0, 0, 0, 
398, 1, 399, 395, -1, 108, 339, 28.0, 13, Capppaa, 5207, 0, 0, 0, , 0, 0, 0, 0, 0, 
399, 0, -1, -1, -1, 91, 320, 16.0, 15, , 4670, 0, 0, 0, , 0, 0, 0, 0, 0, 
400, 1, 401, 397, -1, 125, 345, 24.0, 15, Capapap, 8071, 0, 0, 0, , 0, 0, 0, 0, 0, 
401, 1, 402, 398, -1, 151, 341, 28.0, 15, Capapaa, 5585, 0, 0, 0, , 0, 0, 0, 0, 0, 
402, 1, 403, 399, -1, 145, 331, 17.0, 17, Capapp, 23168, 0, 0, 0, , 0, 0, 0, 0, 0, 
403, 1, 404, 400, -1, 176, 337, 23.0, 17, Capaaap, 4422, 0, 0, 0, , 0, 0, 0, 0, 0, 
404, 1, 405, 401, -1, 203, 330, 24.0, 17, Capaaaa, 6169, 0, 0, 0, , 0, 0, 0, 0, 0, 
405, 1, 406, 402, -1, 60, 282, 18.0, 17, Caappd, 3119, 0, 0, 0, , 0, 0, 0, 0, 0, 
406, 1, 407, 403, -1, 74, 306, 14.0, 13, Caappv, 6383, 0, 0, 0, , 0, 0, 0, 0, 0, 
407, 1, 408, 404, -1, 95, 297, 13.0, 13, Caapap, 1989, 0, 0, 0, , 0, 0, 0, 0, 0, 
408, 1, 409, 405, -1, 82, 341, 20.0, 21, Cpappd, 14347, 0, 0, 0, , 0, 0, 0, 0, 0, 
409, 1, 410, 406, -1, 76, 327, 14.0, 17, Cpappv, 6021, 0, 0, 0, , 0, 0, 0, 0, 0, 
410, 1, 411, 407, -1, 65, 285, 23.0, 15, Cpapaa, 5843, 0, 0, 0, , 0, 0, 0, 0, 0, 
411, 1, 412, 408, -1, 107, 238, 22.0, 15, Cppaapp, 6023, 0, 0, 0, , 0, 0, 0, 0, 0, 
412, 1, 413, 409, -1, 132, 225, 23.0, 15, Cppaapa, 5345, 0, 0, 0, , 0, 0, 0, 0, 0, 
413, 1, 414, 410, -1, 146, 219, 25.0, 15, Cppaaap, 6172, 0, 0, 0, , 0, 0, 0, 0, 0, 
414, 1, 415, 411, -1, 169, 213, 23.0, 15, Cppaaaa, 5708, 0, 0, 0, , 0, 0, 0, 0, 0, 
415, 1, 416, 412, -1, 131, 229, 28.0, 19, Cppapaa, 15707, 0, 0, 0, , 0, 0, 0, 0, 0, 
416, 1, 417, 413, -1, 118, 259, 14.0, 13, Cppappp, 3711, 0, 0, 0, , 0, 0, 0, 0, 0, 
417, 1, 418, 414, -1, 108, 244, 18.0, 15, Cppappa, 4651, 0, 0, 0, , 0, 0, 0, 0, 0, 
418, 1, 419, 415, -1, 126, 246, 32.0, 15, Cpppaap, 5662, 0, 0, 0, , 0, 0, 0, 0, 0, 
419, 1, 420, 416, -1, 155, 221, 29.0, 15, Cpppaaa, 5809, 0, 0, 0, , 0, 0, 0, 0, 0, 
420, 1, 421, 417, -1, 92, 260, 20.0, 15, Cpppapp, 7850, 0, 0, 0, , 0, 0, 0, 0, 0, 
421, 1, 422, 418, -1, 89, 257, 24.0, 17, Cpppapa, 7581, 0, 0, 0, , 0, 0, 0, 0, 0, 
422, 1, 423, 419, -1, 246, 311, 20.0, 19, Daapa, 4939, 0, 0, 0, , 0, 0, 0, 0, 0, 
423, 1, 424, 420, -1, 229, 315, 18.0, 15, Daapp, 4207, 0, 0, 0, , 0, 0, 0, 0, 0, 
424, 1, 425, 421, -1, 252, 308, 23.0, 15, Daaaa, 4415, 0, 0, 0, , 0, 0, 0, 0, 0, 
425, 1, 426, 422, -1, 236, 309, 29.0, 15, Daaap, 4931, 0, 0, 0, , 0, 0, 0, 0, 0, 
426, 1, 427, 423, -1, 209, 313, 30.0, 15, Dappa, 6425, 0, 0, 0, , 0, 0, 0, 0, 0, 
427, 1, 428, 424, -1, 174, 326, 31.0, 17, Dappp, 6286, 0, 0, 0, , 0, 0, 0, 0, 0, 
428, 1, 429, 425, -1, 190, 205, 18.0, 15, Dpapp, 4836, 0, 0, 0, , 0, 0, 0, 0, 0, 
429, 1, 430, 426, -1, 206, 195, 19.0, 17, Dpapa, 5150, 0, 0, 0, , 0, 0, 0, 0, 0, 
430, 1, 431, 427, -1, 204, 205, 30.0, 19, Dpaap, 5839, 0, 0, 0, , 0, 0, 0, 0, 0, 
431, 0, 432, -1, -1, 205, 204, 35.0, 17, , 5196, 0, 0, 0, , 0, 0, 0, 0, 0, 
432, 1, 433, 429, -1, 210, 196, 22.0, 13, Dpaaa, 3868, 0, 0, 0, , 0, 0, 0, 0, 0, 
433, 1, 434, 430, -1, 162, 230, 33.0, 14, Dpppp, 4478, 0, 0, 0, , 0, 0, 0, 0, 0, 
434, 1, 435, 431, -1, 189, 227, 33.0, 19, Dpppa, 14335, 0, 0, 0, , 0, 0, 0, 0, 0, 
435, 1, 436, 432, -1, 191, 202, 23.0, 15, Dppaa, 5296, 0, 0, 0, , 0, 0, 0, 0, 0, 
436, 1, 437, 433, -1, 169, 212, 28.0, 13, Dppap, 5584, 0, 0, 0, , 0, 0, 0, 0, 0, 
437, 0, 438, -1, -1, 380, 243, 24.0, 15, , 8499, 0, 0, 0, , 0, 0, 0, 0, 0, 
438, 1, 439, 435, -1, 314, 282, 25.0, 13, ABalpppappa, 4065, 0, 0, 0, , 0, 0, 0, 0, 0, 
439, 1, 440, 436, -1, 311, 292, 26.0, 11, ABalpppappp, 1729, 0, 0, 0, , 0, 0, 0, 0, 0, 
440, 1, 441, 437, -1, 300, 288, 20.0, 13, ABalpppppaa, 2578, 0, 0, 0, , 0, 0, 0, 0, 0, 
441, 1, 442, 438, -1, 285, 296, 23.0, 15, ABalpppppap, 3401, 0, 0, 0, , 0, 0, 0, 0, 0, 
442, 1, 443, 439, -1, 281, 320, 25.0, 15, ABalppppppa, 6742, 0, 0, 0, , 0, 0, 0, 0, 0, 
443, 1, 444, 440, -1, 309, 311, 23.0, 15, ABalpppppppa, 4795, 0, 0, 0, , 0, 0, 0, 0, 0, 
444, 1, 445, 441, -1, 348, 263, 23.0, 13, ABalppppapp, 4134, 0, 0, 0, , 0, 0, 0, 0, 0, 
445, 1, 446, 442, -1, 338, 282, 15.0, 13, ABalpppaaaa, 4106, 0, 0, 0, , 0, 0, 0, 0, 0, 
446, 1, 447, 443, -1, 325, 278, 12.0, 11, ABalpppaaap, 2827, 0, 0, 0, , 0, 0, 0, 0, 0, 
447, 1, 448, 444, -1, 350, 275, 18.0, 13, ABalpppaapd, 4599, 0, 0, 0, , 0, 0, 0, 0, 0, 
448, 1, 449, 445, -1, 348, 279, 22.0, 13, ABalpppaapv, 5775, 0, 0, 0, , 0, 0, 0, 0, 0, 
449, 1, 450, 446, -1, 319, 291, 15.0, 13, ABalpppapad, 5123, 0, 0, 0, , 0, 0, 0, 0, 0, 
450, 1, 451, 447, -1, 317, 292, 13.0, 11, ABalpppapav, 3973, 0, 0, 0, , 0, 0, 0, 0, 0, 
451, 1, 452, 448, -1, 353, 260, 17.0, 13, ABalaaapalr, 4101, 0, 0, 0, , 0, 0, 0, 0, 0, 
452, 1, 453, 449, -1, 340, 259, 13.0, 11, ABalppaaaa, 3529, 0, 0, 0, , 0, 0, 0, 0, 0, 
453, 1, 454, 450, -1, 339, 260, 12.0, 15, ABalppaaapp, 3909, 0, 0, 0, , 0, 0, 0, 0, 0, 
454, 1, 455, 451, -1, 285, 278, 11.0, 13, ABalppaappp, 4075, 0, 0, 0, , 0, 0, 0, 0, 0, 
455, 1, 456, 452, -1, 303, 252, 9.0, 13, ABalppaapa, 7977, 0, 0, 0, , 0, 0, 0, 0, 0, 
456, 1, 457, 453, -1, 305, 302, 18.0, 15, ABplpaaaaap, 7428, 0, 0, 0, , 0, 0, 0, 0, 0, 
457, 1, 458, 454, -1, 299, 266, 12.0, 15, ABalppapppa, 2941, 0, 0, 0, , 0, 0, 0, 0, 0, 
458, 1, 459, 455, -1, 318, 266, 14.0, 13, ABalppappap, 3904, 0, 0, 0, , 0, 0, 0, 0, 0, 
459, 1, 460, 456, -1, 327, 255, 16.0, 13, ABalppappaa, 4268, 0, 0, 0, , 0, 0, 0, 0, 0, 
460, 1, 461, 457, -1, 282, 258, 12.0, 14, ABalppapapa, 5071, 0, 0, 0, , 0, 0, 0, 0, 0, 
461, 1, 462, 458, -1, 274, 272, 11.0, 13, ABalppapapp, 6289, 0, 0, 0, , 0, 0, 0, 0, 0, 
462, 1, 463, 459, -1, 324, 251, 12.0, 13, ABalppapaaa, 5012, 0, 0, 0, , 0, 0, 0, 0, 0, 
463, 1, 464, 460, -1, 241, 289, 11.0, 15, ABalpapapap, 6367, 0, 0, 0, , 0, 0, 0, 0, 0, 
464, 1, 465, 461, -1, 255, 264, 11.0, 15, ABalpapapaa, 7175, 0, 0, 0, , 0, 0, 0, 0, 0, 
465, 1, 466, 462, -1, 204, 297, 12.0, 13, ABalpapappa, 5987, 0, 0, 0, , 0, 0, 0, 0, 0, 
466, 1, 467, 463, -1, 220, 299, 13.0, 13, ABalpapappp, 6603, 0, 0, 0, , 0, 0, 0, 0, 0, 
467, 1, 468, 464, -1, 272, 241, 10.0, 13, ABalpapaapp, 8853, 0, 0, 0, , 0, 0, 0, 0, 0, 
468, 1, 469, 465, -1, 289, 230, 10.0, 13, ABalpapaapa, 5733, 0, 0, 0, , 0, 0, 0, 0, 0, 
469, 1, 470, 467, -1, 300, 241, 11.0, 15, ABalpapaaaa, 8642, 0, 0, 0, , 0, 0, 0, 0, 0, 
470, 1, 472, 468, -1, 295, 247, 17.0, 13, ABalpaaaaap, 5219, 0, 0, 0, , 0, 0, 0, 0, 0, 
471, 1, 473, 469, -1, 270, 240, 19.0, 11, ABalpappaaa, 6231, 0, 0, 0, , 0, 0, 0, 0, 0, 
472, 1, 474, 470, -1, 221, 257, 18.0, 15, ABalpappapp, 7677, 0, 0, 0, , 0, 0, 0, 0, 0, 
473, 1, 475, 471, -1, 278, 269, 19.0, 13, ABalpapppaa, 5617, 0, 0, 0, , 0, 0, 0, 0, 0, 
474, 1, 476, 472, -1, 263, 255, 21.0, 15, ABalpapppap, 7052, 0, 0, 0, , 0, 0, 0, 0, 0, 
475, 1, 477, 473, -1, 301, 255, 20.0, 13, ABalpaaapaa, 4993, 0, 0, 0, , 0, 0, 0, 0, 0, 
476, 1, 478, 474, -1, 293, 260, 23.0, 11, ABalpaaapap, 4529, 0, 0, 0, , 0, 0, 0, 0, 0, 
477, 1, 479, 475, -1, 285, 247, 16.0, 15, ABalpaaaapp, 4918, 0, 0, 0, , 0, 0, 0, 0, 0, 
478, 1, 480, 476, -1, 302, 239, 14.0, 13, ABalpaaaapa, 7664, 0, 0, 0, , 0, 0, 0, 0, 0, 
479, 1, 481, 477, -1, 287, 258, 18.0, 15, ABalpappaap, 8382, 0, 0, 0, , 0, 0, 0, 0, 0, 
480, 0, 482, -1, -1, 308, 239, 16.0, 13, , 4634, 0, 0, 0, , 0, 0, 0, 0, 0, 
481, 1, 483, 479, -1, 332, 224, 15.0, 13, ABalpaapppa, 3924, 0, 0, 0, , 0, 0, 0, 0, 0, 
482, 1, 484, 480, -1, 327, 239, 12.0, 15, ABalpaapppp, 4660, 0, 0, 0, , 0, 0, 0, 0, 0, 
483, 1, 485, 481, -1, 322, 225, 16.0, 11, ABalpaappaa, 3492, 0, 0, 0, , 0, 0, 0, 0, 0, 
484, 1, 486, 482, -1, 317, 231, 12.0, 13, ABalpaappap, 3691, 0, 0, 0, , 0, 0, 0, 0, 0, 
485, 1, 487, 483, -1, 288, 249, 24.0, 9, ABalpaapapa, 799, 0, 0, 0, , 0, 0, 0, 0, 0, 
486, 1, 488, 484, -1, 302, 240, 21.0, 15, ABalpaapaap, 4679, 0, 0, 0, , 0, 0, 0, 0, 0, 
487, 1, 489, 485, -1, 314, 232, 20.0, 13, ABalpaapaaa, 4846, 0, 0, 0, , 0, 0, 0, 0, 0, 
488, 0, 490, -1, -1, 177, 262, 28.0, 19, , 7864, 0, 0, 0, , 0, 0, 0, 0, 0, 
489, 1, 491, 487, -1, 143, 306, 26.0, 21, Ealpp, 5092, 0, 0, 0, , 0, 0, 0, 0, 0, 
490, 1, 492, 633, -1, 197, 253, 27.0, 23, Earaa, 3870, 0, 0, 0, , 0, 0, 0, 0, 0, 
491, 1, 493, 489, -1, 141, 276, 26.0, 17, Earpp, 5453, 0, 0, 0, , 0, 0, 0, 0, 0, 
492, 1, 494, 490, -1, 173, 286, 25.0, 19, Ealap, 41533, 0, 0, 0, , 0, 0, 0, 0, 0, 
493, 1, 495, 491, -1, 209, 276, 26.0, 17, Ealaa, 26297, 0, 0, 0, , 0, 0, 0, 0, 0, 
494, 1, 496, 492, -1, 153, 295, 28.0, 17, Eplaa, 12833, 0, 0, 0, , 0, 0, 0, 0, 0, 
495, 1, 497, 493, -1, 120, 309, 28.0, 17, Eplap, 18473, 0, 0, 0, , 0, 0, 0, 0, 0, 
496, 1, 498, 494, -1, 112, 280, 19.0, 21, Eprpp, 6100, 0, 0, 0, , 0, 0, 0, 0, 0, 
497, 1, 499, 495, -1, 194, 332, 28.0, 17, Dapap, 5836, 0, 0, 0, , 0, 0, 0, 0, 0, 
498, 1, 500, 496, -1, 225, 319, 23.0, 17, Dapaa, 6517, 0, 0, 0, , 0, 0, 0, 0, 0, 
499, 1, 501, 497, -1, 226, 295, 26.0, 15, MSaapaapp, 5687, 0, 0, 0, , 0, 0, 0, 0, 0, 
500, 1, 502, 498, -1, 241, 282, 23.0, 11, MSaapaapa, 2038, 0, 0, 0, , 0, 0, 0, 0, 0, 
501, 1, 503, 499, -1, 174, 200, 31.0, 15, ABarpppapp, 5329, 0, 0, 0, , 0, 0, 0, 0, 0, 
502, 1, 504, 500, -1, 243, 304, 14.0, 11, ABplppaapap, 4376, 0, 0, 0, , 0, 0, 0, 0, 0, 
503, 1, 505, 501, -1, 245, 306, 11.0, 11, ABplppaapaa, 5184, 0, 0, 0, , 0, 0, 0, 0, 0, 
504, 1, 506, 502, -1, 85, 338, 27.0, 17, Cpapap, 8553, 0, 0, 0, , 0, 0, 0, 0, 0, 
505, 1, 507, 503, -1, 340, 245, 16.0, 13, ABalaaaalal, 3780, 0, 0, 0, , 0, 0, 0, 0, 0, 
506, 1, 508, 504, -1, 337, 236, 17.0, 15, ABalaaaalar, 3149, 0, 0, 0, , 0, 0, 0, 0, 0, 
507, 1, 509, 505, -1, 297, 181, 30.0, 9, ABalapppppp, 1874, 0, 0, 0, , 0, 0, 0, 0, 0, 
508, 1, 510, 506, -1, 295, 167, 29.0, 13, ABarpappaa, 4951, 0, 0, 0, , 0, 0, 0, 0, 0, 
509, 1, 511, 507, -1, 95, 268, 31.0, 15, Cppppaa, 4170, 0, 0, 0, , 0, 0, 0, 0, 0, 
510, 1, 512, 508, -1, 75, 283, 26.0, 15, Cppppap, 5763, 0, 0, 0, , 0, 0, 0, 0, 0, 
511, 1, 513, 509, -1, 106, 280, 15.0, 13, Cpppppv, 1944, 0, 0, 0, , 0, 0, 0, 0, 0, 
512, 1, 514, 510, -1, 181, 262, 23.0, 15, Earpa, 8269, 0, 0, 0, , 0, 0, 0, 0, 0, 
513, 0, 515, -1, -1, 298, 194, 31.0, 13, , 2719, 0, 0, 0, , 0, 0, 0, 0, 0, 
514, 0, -1, -1, -1, 112, 281, 23.0, 17, , 13021, 0, 0, 0, , 0, 0, 0, 0, 0, 
515, 1, 517, 513, -1, 257, 246, 35.0, 13, ABarpaappa, 1066, 0, 0, 0, , 0, 0, 0, 0, 0, 
516, 1, 518, 514, -1, 251, 314, 34.0, 14, ABarppaapa, 4832, 0, 0, 0, , 0, 0, 0, 0, 0, 
517, 0, 519, -1, -1, 115, 306, 22.0, 25, , 65535, 0, 0, 0, , 0, 0, 0, 0, 0, 
518, 1, 520, 516, -1, 202, 270, 20.0, 15, MSaappap, 4934, 0, 0, 0, , 0, 0, 0, 0, 0, 
519, 1, 521, 517, -1, 162, 293, 18.0, 21, Z3, 6443, 0, 0, 0, , 0, 0, 0, 0, 0, 
520, 1, 522, 518, -1, 276, 198, 9.0, 11, ABalaapappa, 3235, 0, 0, 0, , 0, 0, 0, 0, 0, 
521, 0, 523, -1, -1, 141, 275, 28.0, 15, , 8691, 0, 0, 0, , 0, 0, 0, 0, 0, 
522, 1, 524, 520, -1, 128, 301, 9.0, 15, ABplpppapap, 2303, 0, 0, 0, , 0, 0, 0, 0, 0, 
523, 1, 525, 521, -1, 221, 316, 14.0, 15, ABplppapaaa, 6824, 0, 0, 0, , 0, 0, 0, 0, 0, 
524, 1, 526, 522, -1, 340, 243, 19.0, 14, ABalaaapall, 4498, 0, 0, 0, , 0, 0, 0, 0, 0, 
525, 0, 527, -1, -1, 125, 305, 26.0, 19, , 14649, 0, 0, 0, , 0, 0, 0, 0, 0, 
526, 1, 528, 524, -1, 274, 191, 16.0, 15, ABprpaaaaaa, 6516, 0, 0, 0, , 0, 0, 0, 0, 0, 
527, 1, 529, 525, -1, 130, 238, 17.0, 15, MSpappap, 5501, 0, 0, 0, , 0, 0, 0, 0, 0, 
528, 1, 530, 526, -1, 213, 243, 30.0, 13, MSpaapapp, 4032, 0, 0, 0, , 0, 0, 0, 0, 0, 
529, 0, 531, -1, -1, 199, 254, 28.0, 21, , 39249, 0, 0, 0, , 0, 0, 0, 0, 0, 
530, 1, 532, 528, -1, 76, 292, 18.0, 15, Cpppppd, 6210, 0, 0, 0, , 0, 0, 0, 0, 0, 
531, 1, 533, 529, -1, 277, 304, 31.0, 11, ABplapaaaaa, 4028, 0, 0, 0, , 0, 0, 0, 0, 0, 
532, 0, -1, -1, -1, 212, 267, 11.0, 13, , 2922, 0, 0, 0, , 0, 0, 0, 0, 0, 
533, 1, 535, 531, -1, 268, 312, 31.0, 13, ABplapaaaap, 6857, 0, 0, 0, , 0, 0, 0, 0, 0, 
534, 1, 536, 532, -1, 343, 268, 14.0, 17, ABalppaaapa, 1843, 0, 0, 0, , 0, 0, 0, 0, 0, 
535, 1, 537, 533, -1, 264, 264, 17.0, 23, ABalpappppp, 9265, 0, 0, 0, , 0, 0, 0, 0, 0, 
536, 1, 538, 534, -1, 141, 247, 19.0, 23, Z2, 4153, 0, 0, 0, , 0, 0, 0, 0, 0, 
537, 1, 539, 535, -1, 352, 208, 21.0, 11, ABalaaaparr, 3257, 0, 0, 0, , 0, 0, 0, 0, 0, 
538, 1, 540, 536, -1, 348, 227, 20.0, 15, ABalaaaparl, 4280, 0, 0, 0, , 0, 0, 0, 0, 0, 
539, 1, 541, 537, -1, 269, 271, 23.0, 13, ABalpaaappp, 3901, 0, 0, 0, , 0, 0, 0, 0, 0, 
540, 1, 542, 538, -1, 279, 268, 21.0, 15, ABalpaaappa, 6244, 0, 0, 0, , 0, 0, 0, 0, 0, 
541, 0, 543, -1, -1, 194, 275, 23.0, 13, , 2036, 0, 0, 0, , 0, 0, 0, 0, 0, 
542, 1, 544, 540, -1, 213, 246, 14.0, 17, ABprpappapa, 5350, 0, 0, 0, , 0, 0, 0, 0, 0, 
543, 0, 545, -1, -1, 156, 295, 18.0, 13, , 1802, 0, 0, 0, , 0, 0, 0, 0, 0, 
544, 1, 546, 542, -1, 141, 334, 32.0, 19, Cappaap, 6262, 0, 0, 0, , 0, 0, 0, 0, 0, 
545, 1, 547, 543, -1, 279, 244, 13.0, 13, ABalpappapa, 7181, 0, 0, 0, , 0, 0, 0, 0, 0, 
546, 1, 548, 544, -1, 242, 245, 15.0, 15, ABarapapppa, 5955, 0, 0, 0, , 0, 0, 0, 0, 0, 
547, 0, 549, -1, -1, 182, 258, 21.0, 19, , 14514, 0, 0, 0, , 0, 0, 0, 0, 0, 
548, 1, 550, 546, -1, 209, 224, 26.0, 15, MSpapappa, 4049, 0, 0, 0, , 0, 0, 0, 0, 0, 
549, 1, 551, 547, -1, 212, 220, 22.0, 15, MSpapaapa, 4875, 0, 0, 0, , 0, 0, 0, 0, 0, 
550, 1, 552, 548, -1, 275, 162, 25.0, 13, ABpraapaapp, 5932, 0, 0, 0, , 0, 0, 0, 0, 0, 
551, 1, 553, 549, -1, 304, 180, 27.0, 13, ABalapppppa, 2288, 0, 0, 0, , 0, 0, 0, 0, 0, 
552, 1, 554, 550, -1, 301, 220, 13.0, 13, ABarapaaaaa, 5374, 0, 0, 0, , 0, 0, 0, 0, 0, 
553, 1, 555, 551, -1, 296, 261, 14.0, 19, ABalppapppp, 9596, 0, 0, 0, , 0, 0, 0, 0, 0, 
554, 1, 556, 552, -1, 345, 194, 21.0, 13, ABalaaappll, 3693, 0, 0, 0, , 0, 0, 0, 0, 0, 
555, 0, 557, -1, -1, 170, 286, 24.0, 17, , 7906, 0, 0, 0, , 0, 0, 0, 0, 0, 
556, 1, 558, 554, -1, 102, 251, 28.0, 17, Cppapap, 4852, 0, 0, 0, , 0, 0, 0, 0, 0, 
557, 1, 559, 626, -1, 244, 225, 21.0, 13, ABarapaappp, 7599, 0, 0, 0, , 0, 0, 0, 0, 0, 
558, 1, 560, 556, -1, 300, 278, 22.0, 13, ABalppppaad, 5062, 0, 0, 0, , 0, 0, 0, 0, 0, 
559, 0, 561, -1, -1, 263, 270, 30.0, 13, , 3013, 0, 0, 0, , 0, 0, 0, 0, 0, 
560, 0, 562, -1, -1, 264, 312, 16.0, 17, , 2402, 0, 0, 0, , 0, 0, 0, 0, 0, 
561, 1, 563, 559, -1, 306, 265, 9.0, 15, ABalppaappa, 5493, 0, 0, 0, , 0, 0, 0, 0, 0, 
562, 1, 564, 560, -1, 282, 266, 25.0, 15, ABalpaapapp, 4226, 0, 0, 0, , 0, 0, 0, 0, 0, 
563, 1, 565, 561, -1, 153, 339, 22.0, 19, Capaap, 7201, 0, 0, 0, , 0, 0, 0, 0, 0, 
564, 1, 566, 562, -1, 129, 330, 14.0, 15, ABplpppaapa, 4318, 0, 0, 0, , 0, 0, 0, 0, 0, 
565, 1, 567, 563, -1, 335, 237, 33.0, 15, ABarpaaaapp, 4031, 0, 0, 0, , 0, 0, 0, 0, 0, 
566, 0, 568, -1, -1, 207, 276, 27.0, 21, , 26557, 0, 0, 0, , 0, 0, 0, 0, 0, 
567, 0, 569, -1, -1, 108, 303, 19.0, 14, , 8805, 0, 0, 0, , 0, 0, 0, 0, 0, 
568, 0, 570, -1, -1, 204, 177, 15.0, 14, , 692, 0, 0, 0, , 0, 0, 0, 0, 0, 
569, 1, 571, 567, -1, 223, 230, 18.0, 15, MSpapaaaa, 8140, 0, 0, 0, , 0, 0, 0, 0, 0, 
570, 0, 572, -1, -1, 206, 196, 13.0, 11, , 2480, 0, 0, 0, , 0, 0, 0, 0, 0, 
571, 1, 573, 569, -1, 198, 219, 18.0, 13, MSpapppaa, 3139, 0, 0, 0, , 0, 0, 0, 0, 0, 
572, 1, 574, 570, -1, 169, 228, 19.0, 13, MSpapppap, 3234, 0, 0, 0, , 0, 0, 0, 0, 0, 
573, 1, 575, 571, -1, 276, 256, 36.0, 21, ABarpaapap, 2112, 0, 0, 0, , 0, 0, 0, 0, 0, 
574, 1, 576, 572, -1, 267, 184, 20.0, 15, ABprpaapaaa, 6568, 0, 0, 0, , 0, 0, 0, 0, 0, 
575, 1, 577, 573, -1, 263, 247, 16.0, 15, ABalpappppa, 3779, 0, 0, 0, , 0, 0, 0, 0, 0, 
576, 1, 578, 574, -1, 288, 320, 19.0, 11, ABalpppppppp, 3035, 0, 0, 0, , 0, 0, 0, 0, 0, 
577, 0, 579, -1, -1, 124, 292, 9.0, 11, , 1298, 0, 0, 0, , 0, 0, 0, 0, 0, 
578, 1, 580, 575, -1, 110, 311, 10.0, 11, ABprpppapp, 3353, 0, 0, 0, , 0, 0, 0, 0, 0, 
579, 1, 581, 643, -1, 260, 310, 15.0, 13, ABplppaaaap, 1585, 0, 0, 0, , 0, 0, 0, 0, 0, 
580, 0, 582, -1, -1, 156, 296, 28.0, 19, , 19902, 0, 0, 0, , 0, 0, 0, 0, 0, 
581, 1, 583, 577, -1, 79, 266, 30.0, 17, Caaapp, 7821, 0, 0, 0, , 0, 0, 0, 0, 0, 
582, 1, 584, 578, -1, 212, 203, 10.0, 9, ABprppaaap, 2913, 0, 0, 0, , 0, 0, 0, 0, 0, 
583, 1, 585, 579, -1, 225, 273, 15.0, 11, ABplpappap, 3780, 0, 0, 0, , 0, 0, 0, 0, 0, 
584, 1, 586, 580, -1, 123, 287, 28.0, 17, Eprap, 5037, 0, 0, 0, , 0, 0, 0, 0, 0, 
585, 1, 587, 581, -1, 103, 250, 33.0, 15, Caaapa, 1899, 0, 0, 0, , 0, 0, 0, 0, 0, 
586, 1, 588, 582, -1, 289, 175, 11.0, 11, ABalaappaa, 4141, 0, 0, 0, , 0, 0, 0, 0, 0, 
587, 1, 589, 583, -1, 163, 275, 30.0, 15, Epraa, 4844, 0, 0, 0, , 0, 0, 0, 0, 0, 
588, 1, 590, 584, -1, 119, 342, 32.0, 21, Cpaapp, 3454, 0, 0, 0, , 0, 0, 0, 0, 0, 
589, 1, 591, 585, -1, 309, 188, 15.0, 11, ABalaapaaar, 2106, 0, 0, 0, , 0, 0, 0, 0, 0, 
590, 1, 592, 586, -1, 340, 195, 28.0, 15, ABarpaaaaal, 3854, 0, 0, 0, , 0, 0, 0, 0, 0, 
591, 1, 593, 587, -1, 228, 163, 21.0, 13, ABpraaapppp, 2253, 0, 0, 0, , 0, 0, 0, 0, 0, 
592, 1, 594, 588, -1, 105, 296, 14.0, 13, Caapaa, 3352, 0, 0, 0, , 0, 0, 0, 0, 0, 
593, 1, 595, 589, -1, 198, 204, 35.0, 11, ABarpppapa, 594, 0, 0, 0, , 0, 0, 0, 0, 0, 
594, 0, 596, -1, -1, 266, 254, 11.0, 15, , 3682, 0, 0, 0, , 0, 0, 0, 0, 0, 
595, 1, 597, 591, -1, 250, 295, 19.0, 11, MSappapp, 1982, 0, 0, 0, , 0, 0, 0, 0, 0, 
596, 1, 598, 592, -1, 80, 241, 19.0, 13, ABarpppppp, 3136, 0, 0, 0, , 0, 0, 0, 0, 0, 
597, 0, 599, -1, -1, 321, 224, 25.0, 13, , 4004, 0, 0, 0, , 0, 0, 0, 0, 0, 
598, 0, 600, -1, -1, 268, 307, 11.0, 17, , 5348, 0, 0, 0, , 0, 0, 0, 0, 0, 
599, 0, 601, -1, -1, 250, 240, 35.0, 13, , 1991, 0, 0, 0, , 0, 0, 0, 0, 0, 
600, 1, 633, 568, -1, 201, 188, 13.0, 17, ABpraapppa, 5633, 0, 0, 0, , 0, 0, 0, 0, 0, 
601, 1, 603, 596, -1, 233, 202, 17.0, 13, MSpppapa, 4111, 0, 0, 0, , 0, 0, 0, 0, 0, 
602, 1, 604, 597, -1, 297, 273, 31.0, 19, MSapappa, 7964, 0, 0, 0, , 0, 0, 0, 0, 0, 
603, 0, 605, -1, -1, 60, 284, 17.0, 15, , 9308, 0, 0, 0, , 0, 0, 0, 0, 0, 
604, 0, 606, -1, -1, 116, 279, 20.0, 17, , 9594, 0, 0, 0, , 0, 0, 0, 0, 0, 
605, 0, 607, -1, -1, 122, 284, 27.0, 19, , 2443, 0, 0, 0, , 0, 0, 0, 0, 0, 
606, 0, 608, -1, -1, 159, 271, 29.0, 21, , 5619, 0, 0, 0, , 0, 0, 0, 0, 0, 
607, 1, 609, 602, -1, 290, 200, 33.0, 17, MSppappp, 9193, 0, 0, 0, , 0, 0, 0, 0, 0, 
608, 1, 610, 603, -1, 211, 334, 33.0, 19, Caaaaa, 1802, 0, 0, 0, , 0, 0, 0, 0, 0, 
609, 1, 611, 604, -1, 281, 183, 18.0, 9, ABalaapppap, 742, 0, 0, 0, , 0, 0, 0, 0, 0, 
610, 0, 612, -1, -1, 238, 336, 21.0, 15, , 8975, 0, 0, 0, , 0, 0, 0, 0, 0, 
611, 0, 613, -1, -1, 87, 341, 25.0, 13, , 7217, 0, 0, 0, , 0, 0, 0, 0, 0, 
612, 1, 614, 607, -1, 101, 315, 15.0, 17, Capppp, 8180, 0, 0, 0, , 0, 0, 0, 0, 0, 
613, 0, 615, -1, -1, 167, 292, 18.0, 13, , 4692, 0, 0, 0, , 0, 0, 0, 0, 0, 
614, 1, 616, 609, -1, 238, 260, 29.0, 15, MSaaaappp, 4411, 0, 0, 0, , 0, 0, 0, 0, 0, 
615, 1, 617, 610, -1, 111, 348, 14.0, 13, ABplapppaap, 3783, 0, 0, 0, , 0, 0, 0, 0, 0, 
616, 0, 618, -1, -1, 340, 269, 16.0, 11, , 2772, 0, 0, 0, , 0, 0, 0, 0, 0, 
617, 0, 619, -1, -1, 142, 249, 20.0, 21, , 12794, 0, 0, 0, , 0, 0, 0, 0, 0, 
618, 0, 620, -1, -1, 222, 159, 22.0, 11, , 1810, 0, 0, 0, , 0, 0, 0, 0, 0, 
619, 0, 621, -1, -1, 281, 258, 35.0, 17, , 3500, 0, 0, 0, , 0, 0, 0, 0, 0, 
620, 1, 622, 614, -1, 311, 266, 28.0, 13, ABplaaaaapa, 6376, 0, 0, 0, , 0, 0, 0, 0, 0, 
621, 0, 624, -1, -1, 323, 223, 29.0, 11, , 1673, 0, 0, 0, , 0, 0, 0, 0, 0, 
622, 1, 626, 616, -1, 316, 231, 34.0, 17, ABplaaaapa, 15241, 0, 0, 0, , 0, 0, 0, 0, 0, 
623, 0, -1, -1, -1, 120, 303, 9.0, 13, , 3300, 0, 0, 0, , 0, 0, 0, 0, 0, 
624, 0, -1, -1, -1, 219, 270, 12.0, 13, , 938, 0, 0, 0, , 0, 0, 0, 0, 0, 
625, 0, -1, -1, -1, 195, 236, 19.0, 13, , 3431, 0, 0, 0, , 0, 0, 0, 0, 0, 
626, 0, -1, -1, -1, 140, 300, 26.0, 13, , 1835, 0, 0, 0, , 0, 0, 0, 0, 0, 
627, 0, -1, -1, -1, 103, 286, 28.0, 15, , 4436, 0, 0, 0, , 0, 0, 0, 0, 0, 
628, 0, -1, -1, -1, 258, 320, 27.0, 15, , 3130, 0, 0, 0, , 0, 0, 0, 0, 0, 
629, 1, 627, 625, -1, 189, 323, 34.0, 18, Cpaaap, 0, 0, 0, 0, , 0, 0, 0, 0, 0, 
630, 1, 628, 628, -1, 241, 233, 17.333334, 22, ABarapapppp, 6383, 0, 0, 0, , 0, 0, 0, 0, 0, 
631, 1, 519, 623, -1, 118, 303, 19.5, 23, Eplpp, 21352, 0, 0, 0, , 0, 0, 0, 0, 0, 
632, 1, 630, 629, -1, 279, 188, 32.0, 15, MSppappa, 967, 0, 0, 0, , 0, 0, 0, 0, 0, 
633, 1, 342, 619, -1, 194, 236, 20.5, 12, MSpapapap, 888, 0, 0, 0, , 0, 0, 0, 0, 0, 
634, 0, 631, -1, -1, 134, 307, 33.0, 15, , 0, 0, 0, 0, , 0, 0, 0, 0, 0, 
635, 1, 629, 631, -1, 224, 301, 33.0, 15, Cpaaaa, 0, 0, 0, 0, , 0, 0, 0, 0, 0, 
636, 1, 632, 632, -1, 140, 231, 33.0, 15, Caaaap, 0, 0, 0, 0, , 0, 0, 0, 0, 0, 
637, 1, 229, 226, -1, 193, 244, 16.0, 13, ABprpapppap, 4053, 0, 0, 0, , 0, 0, 0, 0, 0, 
638, 1, 634, 634, -1, 307, 253, 11.75, 12, ABalppapaap, 2491, 0, 0, 0, , 0, 0, 0, 0, 0, 
639, 1, 635, 635, -1, 317, 202, 30.809525, 13, ABalapppapp, 676, 0, 0, 0, , 0, 0, 0, 0, 0, 
640, 0, 636, -1, -1, 296, 241, 15.0, 11, , 0, 0, 0, 0, , 0, 0, 0, 0, 0, 
641, 1, 637, 651, -1, 311, 280, 22.0, 13, ABalppppaav, 0, 0, 0, 0, , 0, 0, 0, 0, 0, 
642, 1, 471, 639, -1, 276, 251, 10.0, 14, ABalpapaaap, 1682, 0, 0, 0, , 0, 0, 0, 0, 0, 
643, 1, 638, 641, -1, 298, 182, 13.333333, 12, ABalaappapa, 1282, 0, 0, 0, , 0, 0, 0, 0, 0, 
644, 1, 639, 642, -1, 262, 271, 29.0, 13, MSaaapapa, 0, 0, 0, 0, , 0, 0, 0, 0, 0, 
645, 1, 640, 644, -1, 223, 270, 11.6, 15, ABplpappaap, 2345, 0, 0, 0, , 0, 0, 0, 0, 0, 
646, 1, 482, 645, -1, 312, 240, 18.0, 11, ABaraaaaaaa, 0, 0, 0, 0, , 0, 0, 0, 0, 0, 
647, 1, 642, 478, -1, 309, 241, 16.0, 13, ABalpaaaaaa, 0, 0, 0, 0, , 0, 0, 0, 0, 0, 
648, 1, 643, 646, -1, 329, 255, 19.0, 15, ABalapaappa, 0, 0, 0, 0, , 0, 0, 0, 0, 0, 
649, 1, 644, 647, -1, 323, 226, 28.0, 15, ABalapapapa, 0, 0, 0, 0, , 0, 0, 0, 0, 0, 
650, 1, 645, 648, -1, 293, 244, 28.0, 13, MSaaapaaa, 0, 0, 0, 0, , 0, 0, 0, 0, 0, 
651, 0, 646, -1, -1, 253, 213, 10.808989, 13, , 0, 0, 0, 0, , 0, 0, 0, 0, 0, 
652, 1, 647, 650, -1, 246, 200, 12.0, 13, ABalaapappp, 0, 0, 0, 0, , 0, 0, 0, 0, 0, 
653, 1, 265, 652, -1, 204, 218, 13.0, 9, ABprppaapaa, 0, 0, 0, 0, , 0, 0, 0, 0, 0, 
654, 1, 648, 653, -1, 279, 190, 27.72, 13, ABarpapaapa, 0, 0, 0, 0, , 0, 0, 0, 0, 0, 
655, 0, 649, -1, -1, 346, 212, 25.0, 15, , 0, 0, 0, 0, , 0, 0, 0, 0, 0, 
656, 1, 650, 655, -1, 109, 283, 25.0, 20, Eprpa, 9333, 0, 0, 0, , 0, 0, 0, 0, 0, 
657, 0, 651, -1, -1, 138, 312, 33.0, 15, , 0, 0, 0, 0, , 0, 0, 0, 0, 0, 
658, 1, 652, 657, -1, 142, 317, 36.0, 15, Cpaapa, 0, 0, 0, 0, , 0, 0, 0, 0, 0, 
659, 1, 84, 658, -1, 327, 197, 23.0, 13, ABalappppaa, 0, 0, 0, 0, , 0, 0, 0, 0, 0, 
