1, 1, 1, 1, -1, 298, 216, 24.0, 13, ABaraappaaa, 6481, 0, 0, 0, , 0, 0, 0, 0, 0, 
2, 1, 2, 2, -1, 295, 216, 26.0, 15, ABaraappaap, 8825, 0, 0, 0, , 0, 0, 0, 0, 0, 
3, 1, 3, 3, -1, 254, 217, 27.0, 19, ABaraappapp, 9243, 0, 0, 0, , 0, 0, 0, 0, 0, 
4, 1, 4, 4, -1, 283, 210, 25.0, 13, ABaraappapa, 6873, 0, 0, 0, , 0, 0, 0, 0, 0, 
5, 1, 5, 5, -1, 225, 234, 28.0, 13, MSpaapapa, 3278, 0, 0, 0, , 0, 0, 0, 0, 0, 
6, 1, 6, 6, -1, 233, 211, 25.0, 17, ABaraapppaa, 8321, 0, 0, 0, , 0, 0, 0, 0, 0, 
7, 1, 7, 7, -1, 229, 236, 22.0, 15, ABaraappppp, 5585, 0, 0, 0, , 0, 0, 0, 0, 0, 
8, 1, 8, 8, -1, 254, 281, 22.0, 15, ABaraapappa, 9192, 0, 0, 0, , 0, 0, 0, 0, 0, 
9, 1, 9, 9, -1, 240, 263, 22.0, 15, ABaraapappp, 7943, 0, 0, 0, , 0, 0, 0, 0, 0, 
10, 1, 10, 10, -1, 246, 275, 28.0, 17, ABaraapapap, 7711, 0, 0, 0, , 0, 0, 0, 0, 0, 
11, 1, 11, 11, -1, 258, 274, 25.0, 15, ABaraapapaa, 8622, 0, 0, 0, , 0, 0, 0, 0, 0, 
12, 1, 12, 12, -1, 305, 228, 23.0, 15, ABaraapaaaa, 9509, 0, 0, 0, , 0, 0, 0, 0, 0, 
13, 1, 13, 13, -1, 302, 232, 25.0, 15, ABaraapaaap, 9141, 0, 0, 0, , 0, 0, 0, 0, 0, 
14, 0, 14, -1, -1, 294, 249, 30.0, 11, , 1917, 0, 0, 0, , 0, 0, 0, 0, 0, 
15, 1, 15, 15, -1, 299, 245, 26.0, 15, ABaraapaapa, 7489, 0, 0, 0, , 0, 0, 0, 0, 0, 
16, 1, 16, 16, -1, 304, 221, 12.0, 13, ABaraaappap, 2712, 0, 0, 0, , 0, 0, 0, 0, 0, 
17, 1, 17, 17, -1, 314, 219, 15.0, 11, ABaraaappaa, 3904, 0, 0, 0, , 0, 0, 0, 0, 0, 
18, 1, 18, 18, -1, 310, 206, 15.0, 13, ABaraaapppa, 3009, 0, 0, 0, , 0, 0, 0, 0, 0, 
19, 1, 19, 19, -1, 294, 212, 11.0, 13, ABaraaapppp, 3654, 0, 0, 0, , 0, 0, 0, 0, 0, 
20, 1, 20, 20, -1, 296, 214, 20.0, 13, ABaraaapaaa, 4982, 0, 0, 0, , 0, 0, 0, 0, 0, 
21, 1, 21, 21, -1, 271, 209, 23.0, 11, ABaraaapapa, 3003, 0, 0, 0, , 0, 0, 0, 0, 0, 
22, 1, 22, 22, -1, 285, 209, 23.0, 11, ABaraaapaap, 3127, 0, 0, 0, , 0, 0, 0, 0, 0, 
23, 1, 23, 23, -1, 251, 221, 25.0, 15, ABaraaapapp, 6185, 0, 0, 0, , 0, 0, 0, 0, 0, 
24, 1, 24, 24, -1, 281, 240, 19.0, 11, ABaraaaaaap, 2584, 0, 0, 0, , 0, 0, 0, 0, 0, 
25, 1, 25, 25, -1, 283, 216, 19.0, 11, ABaraaaaapp, 3452, 0, 0, 0, , 0, 0, 0, 0, 0, 
26, 1, 26, 26, -1, 303, 214, 17.0, 13, ABaraaaaapa, 4172, 0, 0, 0, , 0, 0, 0, 0, 0, 
27, 1, 27, 27, -1, 281, 236, 28.0, 13, ABaraaaapp, 4517, 0, 0, 0, , 0, 0, 0, 0, 0, 
28, 1, 28, 28, -1, 310, 221, 20.0, 13, ABaraaaapap, 3582, 0, 0, 0, , 0, 0, 0, 0, 0, 
29, 1, 29, 29, -1, 321, 221, 18.0, 13, ABaraaaapaa, 3105, 0, 0, 0, , 0, 0, 0, 0, 0, 
30, 1, 30, 30, -1, 221, 257, 16.0, 15, ABarapapapp, 10505, 0, 0, 0, , 0, 0, 0, 0, 0, 
31, 1, 31, 31, -1, 264, 236, 13.0, 15, ABarapapapa, 7076, 0, 0, 0, , 0, 0, 0, 0, 0, 
32, 1, 32, 32, -1, 257, 219, 18.0, 15, ABarapapaap, 7652, 0, 0, 0, , 0, 0, 0, 0, 0, 
33, 1, 33, 33, -1, 246, 244, 16.0, 15, ABarapapaaa, 5208, 0, 0, 0, , 0, 0, 0, 0, 0, 
34, 1, 34, 34, -1, 250, 209, 20.0, 15, ABarapappaa, 7299, 0, 0, 0, , 0, 0, 0, 0, 0, 
35, 1, 35, 35, -1, 241, 231, 17.0, 19, ABarapapppp, 1387, 0, 0, 0, , 0, 0, 0, 0, 0, 
36, 1, 36, 36, -1, 270, 229, 15.0, 13, ABarapaaapp, 9030, 0, 0, 0, , 0, 0, 0, 0, 0, 
37, 1, 37, 37, -1, 283, 225, 15.0, 13, ABarapaaapa, 7988, 0, 0, 0, , 0, 0, 0, 0, 0, 
38, 0, 38, -1, -1, 275, 226, 17.0, 15, , 11401, 0, 0, 0, , 0, 0, 0, 0, 0, 
39, 1, 39, 39, -1, 272, 225, 19.0, 13, ABarapaapap, 10980, 0, 0, 0, , 0, 0, 0, 0, 0, 
40, 1, 40, 40, -1, 270, 207, 20.0, 13, ABarapaapaa, 6328, 0, 0, 0, , 0, 0, 0, 0, 0, 
41, 1, 41, 41, -1, 257, 205, 23.0, 15, ABarapaappa, 9116, 0, 0, 0, , 0, 0, 0, 0, 0, 
42, 1, 42, 42, -1, 258, 217, 12.0, 13, ABarapppapa, 4167, 0, 0, 0, , 0, 0, 0, 0, 0, 
43, 1, 43, 43, -1, 245, 216, 11.0, 15, ABarapppapp, 5768, 0, 0, 0, , 0, 0, 0, 0, 0, 
44, 1, 44, 44, -1, 293, 200, 13.0, 13, ABarapppaaa, 5175, 0, 0, 0, , 0, 0, 0, 0, 0, 
45, 1, 45, 45, -1, 289, 202, 10.0, 13, ABarapppaap, 7662, 0, 0, 0, , 0, 0, 0, 0, 0, 
46, 1, 46, 46, -1, 282, 193, 14.0, 13, ABarappppap, 5387, 0, 0, 0, , 0, 0, 0, 0, 0, 
47, 1, 47, 47, -1, 293, 188, 16.0, 13, ABarappppaa, 6315, 0, 0, 0, , 0, 0, 0, 0, 0, 
48, 1, 48, 48, -1, 266, 200, 12.0, 15, ABarapppppa, 5392, 0, 0, 0, , 0, 0, 0, 0, 0, 
49, 1, 49, 49, -1, 264, 209, 13.0, 15, ABarapppppp, 3953, 0, 0, 0, , 0, 0, 0, 0, 0, 
50, 1, 50, 50, -1, 250, 231, 12.0, 11, ABarappaaap, 5242, 0, 0, 0, , 0, 0, 0, 0, 0, 
51, 1, 51, 51, -1, 278, 217, 12.0, 11, ABarappaaaa, 6480, 0, 0, 0, , 0, 0, 0, 0, 0, 
52, 1, 52, 52, -1, 271, 231, 11.0, 15, ABarappaapa, 5003, 0, 0, 0, , 0, 0, 0, 0, 0, 
53, 1, 53, 53, -1, 257, 240, 11.0, 13, ABarappaapp, 6753, 0, 0, 0, , 0, 0, 0, 0, 0, 
54, 1, 54, 54, -1, 222, 237, 10.0, 15, ABarappapap, 7059, 0, 0, 0, , 0, 0, 0, 0, 0, 
55, 1, 55, 55, -1, 238, 235, 11.0, 15, ABarappapaa, 8226, 0, 0, 0, , 0, 0, 0, 0, 0, 
56, 1, 56, 56, -1, 192, 237, 13.0, 13, ABarappappp, 5713, 0, 0, 0, , 0, 0, 0, 0, 0, 
57, 1, 57, 57, -1, 185, 249, 14.0, 15, ABarappappa, 7635, 0, 0, 0, , 0, 0, 0, 0, 0, 
58, 1, 58, 58, -1, 259, 163, 30.0, 15, ABarpapppa, 4729, 0, 0, 0, , 0, 0, 0, 0, 0, 
59, 1, 59, 59, -1, 238, 172, 31.0, 15, ABarpapppp, 1372, 0, 0, 0, , 0, 0, 0, 0, 0, 
60, 1, 60, 60, -1, 279, 163, 30.0, 13, ABarpappap, 4011, 0, 0, 0, , 0, 0, 0, 0, 0, 
61, 1, 61, 61, -1, 314, 194, 28.0, 15, ABarpapaaap, 5809, 0, 0, 0, , 0, 0, 0, 0, 0, 
62, 0, 62, -1, -1, 281, 182, 30.0, 13, , 5322, 0, 0, 0, , 0, 0, 0, 0, 0, 
63, 1, 63, 63, -1, 301, 197, 29.0, 13, ABarpapaapp, 3394, 0, 0, 0, , 0, 0, 0, 0, 0, 
64, 1, 64, 64, -1, 280, 224, 36.0, 19, ABarpapapp, 17328, 0, 0, 0, , 0, 0, 0, 0, 0, 
65, 1, 65, 65, -1, 327, 207, 34.0, 17, ABarpapapa, 7364, 0, 0, 0, , 0, 0, 0, 0, 0, 
66, 1, 66, 66, -1, 228, 205, 36.0, 15, ABarpaappp, 8823, 0, 0, 0, , 0, 0, 0, 0, 0, 
67, 1, 67, 67, -1, 292, 199, 35.0, 15, ABarpaapaa, 4813, 0, 0, 0, , 0, 0, 0, 0, 0, 
68, 1, 68, 68, -1, 346, 217, 28.0, 13, ABarpaaaaar, 4043, 0, 0, 0, , 0, 0, 0, 0, 0, 
69, 1, 69, 69, -1, 336, 217, 31.0, 13, ABarpaaaapa, 2775, 0, 0, 0, , 0, 0, 0, 0, 0, 
70, 1, 70, 70, -1, 310, 207, 35.0, 17, ABarpaaapp, 7140, 0, 0, 0, , 0, 0, 0, 0, 0, 
71, 1, 71, 71, -1, 338, 196, 31.0, 13, ABarpaaapaa, 3925, 0, 0, 0, , 0, 0, 0, 0, 0, 
72, 1, 72, 72, -1, 322, 183, 32.0, 15, ABarpaaapap, 5283, 0, 0, 0, , 0, 0, 0, 0, 0, 
73, 1, 73, 73, -1, 266, 336, 27.0, 15, ABarppaaap, 6294, 0, 0, 0, , 0, 0, 0, 0, 0, 
74, 1, 74, 74, -1, 226, 334, 28.0, 15, ABarppaapp, 6174, 0, 0, 0, , 0, 0, 0, 0, 0, 
75, 1, 75, 75, -1, 158, 358, 29.0, 15, ABarppappa, 6161, 0, 0, 0, , 0, 0, 0, 0, 0, 
76, 1, 76, 76, -1, 120, 365, 21.0, 17, ABarppappp, 5776, 0, 0, 0, , 0, 0, 0, 0, 0, 
77, 1, 77, 77, -1, 213, 351, 27.0, 17, ABarppapap, 6287, 0, 0, 0, , 0, 0, 0, 0, 0, 
78, 1, 78, 78, -1, 239, 341, 27.0, 15, ABarppapaa, 5908, 0, 0, 0, , 0, 0, 0, 0, 0, 
79, 1, 79, 79, -1, 111, 220, 26.0, 15, ABarpppppa, 5794, 0, 0, 0, , 0, 0, 0, 0, 0, 
80, 1, 80, 80, -1, 179, 183, 28.0, 13, ABarppppaa, 3269, 0, 0, 0, , 0, 0, 0, 0, 0, 
81, 1, 81, 81, -1, 155, 201, 31.0, 13, ABarppppap, 4586, 0, 0, 0, , 0, 0, 0, 0, 0, 
82, 1, 82, 82, -1, 204, 172, 29.0, 17, ABarpppaap, 16485, 0, 0, 0, , 0, 0, 0, 0, 0, 
83, 1, 83, 83, -1, 236, 192, 34.0, 13, ABarpppaaa, 3596, 0, 0, 0, , 0, 0, 0, 0, 0, 
84, 1, 84, 84, -1, 328, 193, 22.0, 11, ABalappppaa, 953, 0, 0, 0, , 0, 0, 0, 0, 0, 
85, 1, 85, 85, -1, 326, 184, 25.0, 11, ABalappppap, 1812, 0, 0, 0, , 0, 0, 0, 0, 0, 
86, 1, 86, 86, -1, 331, 215, 21.0, 11, ABalapppaaa, 1654, 0, 0, 0, , 0, 0, 0, 0, 0, 
87, 1, 87, 87, -1, 324, 201, 25.0, 11, ABalapppaap, 2846, 0, 0, 0, , 0, 0, 0, 0, 0, 
88, 1, 88, 88, -1, 319, 209, 29.0, 11, ABalapppapa, 1671, 0, 0, 0, , 0, 0, 0, 0, 0, 
89, 1, 89, 89, -1, 289, 182, 25.0, 11, ABalappapap, 1569, 0, 0, 0, , 0, 0, 0, 0, 0, 
90, 1, 90, 90, -1, 306, 192, 24.0, 13, ABalappapaa, 3509, 0, 0, 0, , 0, 0, 0, 0, 0, 
91, 1, 91, 91, -1, 337, 204, 25.0, 11, ABalappaaa, 2890, 0, 0, 0, , 0, 0, 0, 0, 0, 
92, 1, 92, 92, -1, 324, 186, 21.0, 13, ABalappappa, 3562, 0, 0, 0, , 0, 0, 0, 0, 0, 
93, 1, 93, 93, -1, 313, 174, 23.0, 11, ABalappappp, 1585, 0, 0, 0, , 0, 0, 0, 0, 0, 
94, 1, 94, 94, -1, 332, 255, 28.0, 13, ABalapapppa, 5185, 0, 0, 0, , 0, 0, 0, 0, 0, 
95, 1, 95, 95, -1, 328, 260, 30.0, 13, ABalapapppp, 1051, 0, 0, 0, , 0, 0, 0, 0, 0, 
96, 1, 96, 96, -1, 340, 230, 23.0, 13, ABalapappaa, 2052, 0, 0, 0, , 0, 0, 0, 0, 0, 
97, 1, 97, 97, -1, 341, 235, 26.0, 17, ABalapappap, 3580, 0, 0, 0, , 0, 0, 0, 0, 0, 
98, 1, 98, 98, -1, 321, 223, 31.0, 11, ABalapapaa, 3241, 0, 0, 0, , 0, 0, 0, 0, 0, 
99, 1, 99, 99, -1, 322, 237, 31.0, 13, ABalapapapp, 2441, 0, 0, 0, , 0, 0, 0, 0, 0, 
100, 1, 100, 100, -1, 322, 275, 26.0, 11, ABalapaaaap, 2854, 0, 0, 0, , 0, 0, 0, 0, 0, 
101, 1, 100, 101, -1, 329, 258, 25.0, 11, ABalapaaaaa, 4750, 0, 0, 0, , 0, 0, 0, 0, 0, 
102, 1, 101, 102, -1, 336, 239, 22.0, 15, ABalapaaapa, 4871, 0, 0, 0, , 0, 0, 0, 0, 0, 
103, 1, 102, 103, -1, 347, 262, 25.0, 13, ABalapaaapp, 2647, 0, 0, 0, , 0, 0, 0, 0, 0, 
104, 0, 103, -1, -1, 330, 260, 19.0, 15, , 4838, 0, 0, 0, , 0, 0, 0, 0, 0, 
105, 1, 104, 105, -1, 334, 257, 22.0, 13, ABalppppapa, 3554, 0, 0, 0, , 0, 0, 0, 0, 0, 
106, 1, 105, 636, -1, 318, 281, 18.0, 13, ABalapaapap, 4196, 0, 0, 0, , 0, 0, 0, 0, 0, 
107, 1, 106, 106, -1, 316, 270, 19.0, 11, ABalapaapaa, 2220, 0, 0, 0, , 0, 0, 0, 0, 0, 
108, 1, 107, 107, -1, 317, 202, 18.0, 11, ABalaapaaar, 2250, 0, 0, 0, , 0, 0, 0, 0, 0, 
109, 1, 108, 108, -1, 254, 194, 10.0, 11, ABalaapapa, 4783, 0, 0, 0, , 0, 0, 0, 0, 0, 
110, 1, 109, 109, -1, 306, 196, 11.0, 13, ABalaapaapp, 5109, 0, 0, 0, , 0, 0, 0, 0, 0, 
111, 1, 110, 110, -1, 316, 189, 13.0, 15, ABalaapaapa, 5335, 0, 0, 0, , 0, 0, 0, 0, 0, 
112, 1, 111, 111, -1, 294, 184, 10.0, 13, ABalaappapp, 2438, 0, 0, 0, , 0, 0, 0, 0, 0, 
113, 1, 112, 112, -1, 305, 176, 19.0, 13, ABalaappppp, 3591, 0, 0, 0, , 0, 0, 0, 0, 0, 
114, 1, 113, 113, -1, 293, 188, 19.0, 11, ABalaappppa, 1440, 0, 0, 0, , 0, 0, 0, 0, 0, 
115, 1, 114, 114, -1, 280, 170, 18.0, 11, ABalaapppaa, 2653, 0, 0, 0, , 0, 0, 0, 0, 0, 
116, 1, 115, 115, -1, 339, 249, 12.0, 13, ABalaaaalpp, 3331, 0, 0, 0, , 0, 0, 0, 0, 0, 
117, 1, 116, 116, -1, 346, 239, 14.0, 13, ABalaaaalpa, 3649, 0, 0, 0, , 0, 0, 0, 0, 0, 
118, 1, 117, 117, -1, 333, 206, 19.0, 13, ABalaaaarrp, 3917, 0, 0, 0, , 0, 0, 0, 0, 0, 
119, 1, 118, 118, -1, 324, 199, 16.0, 13, ABalaaaarra, 3389, 0, 0, 0, , 0, 0, 0, 0, 0, 
120, 1, 119, 119, -1, 336, 215, 17.0, 11, ABalaaaarlp, 3539, 0, 0, 0, , 0, 0, 0, 0, 0, 
121, 1, 120, 120, -1, 337, 227, 18.0, 13, ABalaaaarla, 3659, 0, 0, 0, , 0, 0, 0, 0, 0, 
122, 1, 121, 121, -1, 329, 190, 18.0, 13, ABalaaapplr, 3833, 0, 0, 0, , 0, 0, 0, 0, 0, 
123, 1, 122, 122, -1, 309, 195, 20.0, 15, ABalaaapprr, 4547, 0, 0, 0, , 0, 0, 0, 0, 0, 
124, 1, 123, 123, -1, 308, 176, 16.0, 13, ABalaaapprl, 5280, 0, 0, 0, , 0, 0, 0, 0, 0, 
125, 1, 124, 124, -1, 332, 211, 27.0, 11, ABalappaapa, 1686, 0, 0, 0, , 0, 0, 0, 0, 0, 
126, 1, 125, 125, -1, 150, 311, 12.0, 13, ABplppppapa, 4120, 0, 0, 0, , 0, 0, 0, 0, 0, 
127, 1, 126, 126, -1, 138, 298, 11.0, 13, ABplppppapp, 4239, 0, 0, 0, , 0, 0, 0, 0, 0, 
128, 1, 127, 127, -1, 150, 303, 14.0, 13, ABplppppaaa, 5579, 0, 0, 0, , 0, 0, 0, 0, 0, 
129, 1, 128, 128, -1, 142, 302, 15.0, 13, ABplppppaap, 4001, 0, 0, 0, , 0, 0, 0, 0, 0, 
130, 1, 129, 129, -1, 86, 317, 13.0, 15, ABplppppppp, 4328, 0, 0, 0, , 0, 0, 0, 0, 0, 
131, 1, 130, 130, -1, 95, 318, 11.0, 13, ABplppppppa, 3756, 0, 0, 0, , 0, 0, 0, 0, 0, 
132, 1, 131, 131, -1, 129, 315, 16.0, 13, ABplpppppap, 5175, 0, 0, 0, , 0, 0, 0, 0, 0, 
133, 1, 132, 132, -1, 144, 311, 18.0, 13, ABplpppppaa, 5131, 0, 0, 0, , 0, 0, 0, 0, 0, 
134, 1, 133, 133, -1, 131, 314, 10.0, 13, ABplpppapaa, 4633, 0, 0, 0, , 0, 0, 0, 0, 0, 
135, 1, 134, 134, -1, 122, 323, 13.0, 11, ABplpppaapp, 5098, 0, 0, 0, , 0, 0, 0, 0, 0, 
136, 1, 135, 135, -1, 165, 303, 12.0, 13, ABplpppaaaa, 4554, 0, 0, 0, , 0, 0, 0, 0, 0, 
137, 1, 136, 136, -1, 163, 322, 12.0, 15, ABplpppaaap, 9004, 0, 0, 0, , 0, 0, 0, 0, 0, 
138, 1, 137, 137, -1, 168, 319, 14.0, 13, ABplppapppp, 2936, 0, 0, 0, , 0, 0, 0, 0, 0, 
139, 1, 138, 138, -1, 171, 300, 14.0, 15, ABplppapppa, 4386, 0, 0, 0, , 0, 0, 0, 0, 0, 
140, 1, 139, 139, -1, 191, 294, 16.0, 13, ABplppappap, 3883, 0, 0, 0, , 0, 0, 0, 0, 0, 
141, 1, 140, 140, -1, 202, 291, 16.0, 13, ABplppappaa, 4855, 0, 0, 0, , 0, 0, 0, 0, 0, 
142, 1, 141, 141, -1, 198, 313, 16.0, 13, ABplppapaap, 4551, 0, 0, 0, , 0, 0, 0, 0, 0, 
143, 1, 142, 142, -1, 184, 309, 14.0, 13, ABplppapapa, 3867, 0, 0, 0, , 0, 0, 0, 0, 0, 
144, 1, 143, 143, -1, 177, 323, 16.0, 15, ABplppapapp, 4621, 0, 0, 0, , 0, 0, 0, 0, 0, 
145, 1, 144, 144, -1, 197, 281, 13.0, 13, ABplppaappa, 4252, 0, 0, 0, , 0, 0, 0, 0, 0, 
146, 1, 145, 145, -1, 180, 290, 12.0, 13, ABplppaappp, 5549, 0, 0, 0, , 0, 0, 0, 0, 0, 
147, 1, 146, 146, -1, 266, 295, 15.0, 13, ABplppaaaaa, 5316, 0, 0, 0, , 0, 0, 0, 0, 0, 
148, 1, 147, 147, -1, 266, 319, 17.0, 11, ABplppaaap, 2896, 0, 0, 0, , 0, 0, 0, 0, 0, 
149, 1, 148, 148, -1, 233, 254, 12.0, 11, ABplpappaaa, 5453, 0, 0, 0, , 0, 0, 0, 0, 0, 
150, 1, 149, 149, -1, 204, 267, 18.0, 13, MSaappaa, 4240, 0, 0, 0, , 0, 0, 0, 0, 0, 
151, 1, 150, 150, -1, 128, 292, 14.0, 13, ABplpappppp, 2775, 0, 0, 0, , 0, 0, 0, 0, 0, 
152, 1, 151, 151, -1, 149, 284, 14.0, 11, ABplpappppa, 3060, 0, 0, 0, , 0, 0, 0, 0, 0, 
153, 1, 152, 152, -1, 161, 284, 12.0, 13, ABplpapppaa, 3548, 0, 0, 0, , 0, 0, 0, 0, 0, 
154, 1, 153, 153, -1, 150, 270, 12.0, 11, ABplpapppap, 3232, 0, 0, 0, , 0, 0, 0, 0, 0, 
155, 1, 154, 154, -1, 207, 280, 14.0, 11, ABplpapappa, 2302, 0, 0, 0, , 0, 0, 0, 0, 0, 
156, 1, 155, 155, -1, 179, 282, 14.0, 11, ABplpapappp, 2157, 0, 0, 0, , 0, 0, 0, 0, 0, 
157, 1, 156, 156, -1, 227, 298, 16.0, 13, ABplpapapap, 1280, 0, 0, 0, , 0, 0, 0, 0, 0, 
158, 1, 157, 157, -1, 236, 288, 16.0, 13, ABplpapapaa, 4237, 0, 0, 0, , 0, 0, 0, 0, 0, 
159, 1, 158, 158, -1, 268, 275, 14.0, 13, ABplpapaapa, 2855, 0, 0, 0, , 0, 0, 0, 0, 0, 
160, 1, 159, 159, -1, 258, 290, 13.0, 11, ABplpapaapp, 3233, 0, 0, 0, , 0, 0, 0, 0, 0, 
161, 1, 160, 160, -1, 247, 286, 14.0, 13, ABplpapaaap, 3868, 0, 0, 0, , 0, 0, 0, 0, 0, 
162, 1, 161, 161, -1, 254, 269, 13.0, 17, ABplpapaaaa, 3623, 0, 0, 0, , 0, 0, 0, 0, 0, 
163, 1, 162, 162, -1, 193, 307, 12.0, 13, ABplpaaaapp, 5479, 0, 0, 0, , 0, 0, 0, 0, 0, 
164, 1, 163, 163, -1, 224, 290, 11.0, 15, ABplpaaaapa, 6210, 0, 0, 0, , 0, 0, 0, 0, 0, 
165, 1, 164, 164, -1, 314, 279, 15.0, 15, ABplpaaaaaa, 7997, 0, 0, 0, , 0, 0, 0, 0, 0, 
166, 1, 165, 165, -1, 303, 290, 13.0, 11, ABplpaaapap, 4686, 0, 0, 0, , 0, 0, 0, 0, 0, 
167, 1, 166, 166, -1, 310, 276, 11.0, 13, ABplpaaapaa, 5631, 0, 0, 0, , 0, 0, 0, 0, 0, 
168, 1, 167, 167, -1, 298, 280, 15.0, 13, ABplpaaappa, 4426, 0, 0, 0, , 0, 0, 0, 0, 0, 
169, 1, 168, 168, -1, 281, 285, 16.0, 13, ABplpaaappp, 6441, 0, 0, 0, , 0, 0, 0, 0, 0, 
170, 1, 169, 169, -1, 264, 323, 20.0, 15, ABplpaappap, 6139, 0, 0, 0, , 0, 0, 0, 0, 0, 
171, 1, 170, 170, -1, 267, 312, 22.0, 15, ABplpaappaa, 5770, 0, 0, 0, , 0, 0, 0, 0, 0, 
172, 1, 171, 171, -1, 288, 294, 14.0, 14, ABplpaapppa, 3364, 0, 0, 0, , 0, 0, 0, 0, 0, 
173, 1, 172, 172, -1, 302, 302, 13.0, 11, ABplpaapapp, 5608, 0, 0, 0, , 0, 0, 0, 0, 0, 
174, 1, 173, 173, -1, 276, 289, 12.0, 17, ABplpaapppp, 6162, 0, 0, 0, , 0, 0, 0, 0, 0, 
175, 1, 174, 174, -1, 283, 305, 20.0, 13, ABplpaapaap, 5022, 0, 0, 0, , 0, 0, 0, 0, 0, 
176, 1, 175, 175, -1, 309, 277, 20.0, 13, ABplpaapaaa, 6829, 0, 0, 0, , 0, 0, 0, 0, 0, 
177, 1, 176, 176, -1, 334, 293, 19.0, 17, ABplpaapapa, 7792, 0, 0, 0, , 0, 0, 0, 0, 0, 
178, 1, 177, 177, -1, 270, 308, 12.0, 13, ABplaappap, 2512, 0, 0, 0, , 0, 0, 0, 0, 0, 
179, 1, 178, 178, -1, 279, 288, 10.0, 17, ABplaappaa, 7957, 0, 0, 0, , 0, 0, 0, 0, 0, 
180, 1, 179, 179, -1, 260, 324, 14.0, 15, ABplaapppa, 6945, 0, 0, 0, , 0, 0, 0, 0, 0, 
181, 1, 180, 180, -1, 237, 335, 18.0, 17, ABplaapppp, 2740, 0, 0, 0, , 0, 0, 0, 0, 0, 
182, 1, 181, 181, -1, 350, 222, 25.0, 15, ABplaapaaaa, 5926, 0, 0, 0, , 0, 0, 0, 0, 0, 
183, 1, 182, 182, -1, 353, 250, 27.0, 15, ABplaapaaap, 5216, 0, 0, 0, , 0, 0, 0, 0, 0, 
184, 1, 183, 183, -1, 335, 277, 24.0, 13, ABplaapaapa, 4585, 0, 0, 0, , 0, 0, 0, 0, 0, 
185, 1, 184, 184, -1, 325, 287, 23.0, 15, ABplaapaapp, 5528, 0, 0, 0, , 0, 0, 0, 0, 0, 
186, 1, 185, 185, -1, 296, 311, 27.0, 17, ABplaapappp, 14625, 0, 0, 0, , 0, 0, 0, 0, 0, 
187, 1, 186, 186, -1, 301, 284, 29.0, 15, ABplaapappa, 4740, 0, 0, 0, , 0, 0, 0, 0, 0, 
188, 1, 187, 187, -1, 283, 301, 27.0, 13, ABplaapapap, 5212, 0, 0, 0, , 0, 0, 0, 0, 0, 
189, 1, 188, 188, -1, 294, 287, 26.0, 13, ABplaapapaa, 6162, 0, 0, 0, , 0, 0, 0, 0, 0, 
190, 1, 189, 189, -1, 316, 253, 31.0, 15, ABplaaaaapp, 4679, 0, 0, 0, , 0, 0, 0, 0, 0, 
191, 1, 190, 190, -1, 311, 263, 26.0, 15, MSapaaap, 4262, 0, 0, 0, , 0, 0, 0, 0, 0, 
192, 1, 191, 191, -1, 336, 247, 31.0, 13, ABplaaaaaap, 4214, 0, 0, 0, , 0, 0, 0, 0, 0, 
193, 1, 192, 192, -1, 342, 238, 28.0, 13, ABplaaaaaaa, 4907, 0, 0, 0, , 0, 0, 0, 0, 0, 
194, 1, 193, 193, -1, 302, 235, 35.0, 17, ABplaaaapp, 6747, 0, 0, 0, , 0, 0, 0, 0, 0, 
195, 1, 194, 194, -1, 314, 295, 31.0, 17, ABplaaappa, 7107, 0, 0, 0, , 0, 0, 0, 0, 0, 
196, 1, 195, 195, -1, 295, 311, 31.0, 17, ABplaaappp, 11371, 0, 0, 0, , 0, 0, 0, 0, 0, 
197, 1, 196, 196, -1, 328, 291, 29.0, 15, ABplaaapap, 6597, 0, 0, 0, , 0, 0, 0, 0, 0, 
198, 1, 197, 197, -1, 337, 272, 29.0, 13, ABplaaapaa, 6124, 0, 0, 0, , 0, 0, 0, 0, 0, 
199, 1, 198, 198, -1, 139, 332, 11.0, 13, ABplappppa, 7547, 0, 0, 0, , 0, 0, 0, 0, 0, 
200, 1, 199, 199, -1, 97, 331, 12.0, 15, ABplappppp, 5160, 0, 0, 0, , 0, 0, 0, 0, 0, 
201, 1, 200, 200, -1, 126, 356, 17.0, 15, ABplapppaaa, 4195, 0, 0, 0, , 0, 0, 0, 0, 0, 
202, 1, 201, 201, -1, 114, 333, 14.0, 13, ABplapppapp, 2936, 0, 0, 0, , 0, 0, 0, 0, 0, 
203, 1, 202, 202, -1, 111, 339, 11.0, 13, ABplapppapa, 3467, 0, 0, 0, , 0, 0, 0, 0, 0, 
204, 1, 203, 203, -1, 201, 341, 20.0, 17, ABplappaaa, 8408, 0, 0, 0, , 0, 0, 0, 0, 0, 
205, 1, 204, 204, -1, 181, 350, 20.0, 17, ABplappaap, 7408, 0, 0, 0, , 0, 0, 0, 0, 0, 
206, 1, 205, 205, -1, 165, 347, 18.0, 15, ABplappapp, 8355, 0, 0, 0, , 0, 0, 0, 0, 0, 
207, 1, 206, 206, -1, 182, 355, 28.0, 15, ABplappapa, 9669, 0, 0, 0, , 0, 0, 0, 0, 0, 
208, 1, 207, 207, -1, 215, 337, 18.0, 15, ABplapaapp, 10160, 0, 0, 0, , 0, 0, 0, 0, 0, 
209, 1, 208, 208, -1, 238, 322, 13.0, 15, ABplapaapa, 9422, 0, 0, 0, , 0, 0, 0, 0, 0, 
210, 1, 209, 209, -1, 276, 299, 34.0, 15, ABarppaaaa, 4932, 0, 0, 0, , 0, 0, 0, 0, 0, 
211, 1, 210, 210, -1, 242, 324, 27.0, 13, ABplapaaapp, 2032, 0, 0, 0, , 0, 0, 0, 0, 0, 
212, 1, 211, 211, -1, 257, 324, 25.0, 15, ABplapaaapa, 4222, 0, 0, 0, , 0, 0, 0, 0, 0, 
213, 1, 212, 212, -1, 109, 358, 18.0, 11, ABplapapppa, 3471, 0, 0, 0, , 0, 0, 0, 0, 0, 
214, 1, 213, 213, -1, 98, 339, 16.0, 15, ABplapapppp, 4453, 0, 0, 0, , 0, 0, 0, 0, 0, 
215, 1, 214, 214, -1, 148, 359, 19.0, 15, ABplapapap, 7324, 0, 0, 0, , 0, 0, 0, 0, 0, 
216, 1, 215, 215, -1, 142, 349, 14.0, 17, ABplapappa, 8349, 0, 0, 0, , 0, 0, 0, 0, 0, 
217, 1, 216, 216, -1, 143, 367, 23.0, 17, ABplapapaa, 4741, 0, 0, 0, , 0, 0, 0, 0, 0, 
218, 1, 217, 217, -1, 232, 222, 14.0, 13, ABprpapaaaa, 3598, 0, 0, 0, , 0, 0, 0, 0, 0, 
219, 1, 218, 218, -1, 225, 215, 11.0, 11, ABprpapaapp, 3727, 0, 0, 0, , 0, 0, 0, 0, 0, 
220, 1, 219, 219, -1, 201, 256, 15.0, 11, ABprpapappa, 3130, 0, 0, 0, , 0, 0, 0, 0, 0, 
221, 1, 220, 220, -1, 170, 269, 14.0, 13, ABprpapappp, 4956, 0, 0, 0, , 0, 0, 0, 0, 0, 
222, 1, 221, 221, -1, 201, 226, 15.0, 11, ABprpapapap, 2743, 0, 0, 0, , 0, 0, 0, 0, 0, 
223, 1, 222, 222, -1, 213, 231, 15.0, 13, ABprpapapaa, 3443, 0, 0, 0, , 0, 0, 0, 0, 0, 
224, 1, 223, 223, -1, 123, 296, 16.0, 15, ABprpappppp, 5440, 0, 0, 0, , 0, 0, 0, 0, 0, 
225, 1, 224, 224, -1, 136, 286, 16.0, 13, ABprpappppa, 3568, 0, 0, 0, , 0, 0, 0, 0, 0, 
226, 1, 225, 225, -1, 233, 233, 14.0, 13, ABprpapppaa, 4168, 0, 0, 0, , 0, 0, 0, 0, 0, 
227, 1, 226, 226, -1, 192, 242, 16.0, 13, ABprpapppap, 1941, 0, 0, 0, , 0, 0, 0, 0, 0, 
228, 1, 227, 227, -1, 188, 268, 15.0, 13, ABprpappapp, 4681, 0, 0, 0, , 0, 0, 0, 0, 0, 
229, 1, 228, 228, -1, 217, 254, 11.0, 13, ABprpappaap, 4306, 0, 0, 0, , 0, 0, 0, 0, 0, 
230, 1, 229, 229, -1, 244, 248, 11.0, 11, ABprpappaaa, 2981, 0, 0, 0, , 0, 0, 0, 0, 0, 
231, 1, 230, 230, -1, 250, 170, 17.0, 13, ABprpaaaaap, 6611, 0, 0, 0, , 0, 0, 0, 0, 0, 
232, 1, 231, 231, -1, 255, 181, 22.0, 13, ABpraaappaa, 4232, 0, 0, 0, , 0, 0, 0, 0, 0, 
233, 1, 232, 232, -1, 173, 247, 12.0, 17, ABprpaaaapp, 5922, 0, 0, 0, , 0, 0, 0, 0, 0, 
234, 1, 233, 233, -1, 202, 239, 11.0, 15, ABprpaaaapa, 4770, 0, 0, 0, , 0, 0, 0, 0, 0, 
235, 1, 234, 234, -1, 264, 187, 15.0, 13, ABprpaaappa, 4835, 0, 0, 0, , 0, 0, 0, 0, 0, 
236, 1, 235, 235, -1, 241, 213, 13.0, 11, ABprpapaapa, 4698, 0, 0, 0, , 0, 0, 0, 0, 0, 
237, 1, 236, 236, -1, 247, 199, 16.0, 13, ABprpaaappp, 6468, 0, 0, 0, , 0, 0, 0, 0, 0, 
238, 1, 237, 237, -1, 273, 186, 12.0, 13, ABprpaaapaa, 4593, 0, 0, 0, , 0, 0, 0, 0, 0, 
239, 1, 238, 238, -1, 261, 176, 13.0, 13, ABprpaaapap, 5245, 0, 0, 0, , 0, 0, 0, 0, 0, 
240, 1, 239, 239, -1, 231, 178, 20.0, 15, ABprpaapaap, 7074, 0, 0, 0, , 0, 0, 0, 0, 0, 
241, 1, 240, 240, -1, 276, 156, 20.0, 13, ABprpaapapa, 7421, 0, 0, 0, , 0, 0, 0, 0, 0, 
242, 1, 241, 241, -1, 249, 173, 15.0, 13, ABprpaapapp, 5430, 0, 0, 0, , 0, 0, 0, 0, 0, 
243, 1, 242, 635, -1, 244, 189, 15.0, 15, ABprpaapppa, 6286, 0, 0, 0, , 0, 0, 0, 0, 0, 
244, 1, 243, 242, -1, 238, 195, 12.0, 13, ABprpaapppp, 2893, 0, 0, 0, , 0, 0, 0, 0, 0, 
245, 1, 244, 243, -1, 207, 178, 20.0, 13, ABprpaappap, 5840, 0, 0, 0, , 0, 0, 0, 0, 0, 
246, 1, 245, 244, -1, 222, 185, 23.0, 15, ABprpaappaa, 4959, 0, 0, 0, , 0, 0, 0, 0, 0, 
247, 1, 246, 245, -1, 99, 261, 12.0, 13, ABprpppaapp, 4479, 0, 0, 0, , 0, 0, 0, 0, 0, 
248, 1, 247, 246, -1, 100, 265, 15.0, 13, ABprpppaapa, 5050, 0, 0, 0, , 0, 0, 0, 0, 0, 
249, 1, 248, 247, -1, 125, 237, 14.0, 13, ABprpppaaap, 6261, 0, 0, 0, , 0, 0, 0, 0, 0, 
250, 1, 249, 248, -1, 142, 256, 12.0, 14, ABprpppaaaa, 3971, 0, 0, 0, , 0, 0, 0, 0, 0, 
251, 1, 250, 249, -1, 120, 275, 10.0, 15, ABprpppapaa, 5428, 0, 0, 0, , 0, 0, 0, 0, 0, 
252, 1, 251, 250, -1, 106, 292, 10.0, 15, ABprpppapap, 3058, 0, 0, 0, , 0, 0, 0, 0, 0, 
253, 0, 642, -1, -1, 124, 298, 10.0, 15, , 8283, 0, 0, 0, , 0, 0, 0, 0, 0, 
254, 1, 253, 252, -1, 130, 258, 11.0, 13, ABprppppapa, 5564, 0, 0, 0, , 0, 0, 0, 0, 0, 
255, 1, 254, 253, -1, 127, 275, 12.0, 15, ABprppppapp, 5201, 0, 0, 0, , 0, 0, 0, 0, 0, 
256, 1, 255, 254, -1, 143, 263, 15.0, 15, ABprppppaaa, 5200, 0, 0, 0, , 0, 0, 0, 0, 0, 
257, 1, 256, 255, -1, 129, 272, 15.0, 15, ABprppppaap, 4156, 0, 0, 0, , 0, 0, 0, 0, 0, 
258, 1, 257, 256, -1, 78, 293, 13.0, 13, ABprppppppp, 3422, 0, 0, 0, , 0, 0, 0, 0, 0, 
259, 1, 258, 257, -1, 90, 296, 10.0, 15, ABprppppppa, 4902, 0, 0, 0, , 0, 0, 0, 0, 0, 
260, 1, 259, 258, -1, 121, 259, 19.0, 13, ABprpppppaa, 4875, 0, 0, 0, , 0, 0, 0, 0, 0, 
261, 1, 260, 259, -1, 105, 262, 18.0, 13, ABprpppppap, 4182, 0, 0, 0, , 0, 0, 0, 0, 0, 
262, 1, 261, 260, -1, 203, 212, 14.0, 13, ABprppaapap, 4111, 0, 0, 0, , 0, 0, 0, 0, 0, 
263, 0, 262, -1, -1, 208, 220, 10.0, 11, , 4848, 0, 0, 0, , 0, 0, 0, 0, 0, 
264, 1, 263, 262, -1, 187, 262, 12.0, 13, ABprppaappa, 5624, 0, 0, 0, , 0, 0, 0, 0, 0, 
265, 1, 264, 263, -1, 168, 266, 12.0, 15, ABprppaappp, 5647, 0, 0, 0, , 0, 0, 0, 0, 0, 
266, 1, 265, 264, -1, 232, 201, 14.0, 13, ABprppaaaaa, 6071, 0, 0, 0, , 0, 0, 0, 0, 0, 
267, 1, 266, 265, -1, 216, 201, 13.0, 13, ABprppaaaap, 6924, 0, 0, 0, , 0, 0, 0, 0, 0, 
268, 0, 267, -1, -1, 196, 194, 15.0, 11, , 2467, 0, 0, 0, , 0, 0, 0, 0, 0, 
269, 1, 268, 267, -1, 181, 222, 14.0, 13, ABprppapaaa, 4173, 0, 0, 0, , 0, 0, 0, 0, 0, 
270, 1, 269, 268, -1, 166, 230, 16.0, 13, ABprppapaap, 4647, 0, 0, 0, , 0, 0, 0, 0, 0, 
271, 1, 270, 269, -1, 158, 239, 14.0, 13, ABprppapapa, 3512, 0, 0, 0, , 0, 0, 0, 0, 0, 
272, 1, 271, 270, -1, 144, 234, 15.0, 11, ABprppapapp, 4566, 0, 0, 0, , 0, 0, 0, 0, 0, 
273, 1, 272, 271, -1, 157, 254, 12.0, 11, ABprppapppa, 3139, 0, 0, 0, , 0, 0, 0, 0, 0, 
274, 1, 273, 272, -1, 140, 245, 13.0, 11, ABprppapppp, 3639, 0, 0, 0, , 0, 0, 0, 0, 0, 
275, 1, 274, 273, -1, 177, 237, 16.0, 13, ABprppappaa, 3056, 0, 0, 0, , 0, 0, 0, 0, 0, 
276, 1, 275, 274, -1, 171, 251, 15.0, 13, ABprppappap, 3051, 0, 0, 0, , 0, 0, 0, 0, 0, 
277, 1, 276, 275, -1, 346, 191, 24.0, 17, ABpraapaaaa, 6627, 0, 0, 0, , 0, 0, 0, 0, 0, 
278, 1, 277, 276, -1, 326, 184, 27.0, 13, ABarpapaaaa, 3831, 0, 0, 0, , 0, 0, 0, 0, 0, 
279, 1, 278, 277, -1, 331, 175, 26.0, 15, ABpraapaaap, 5468, 0, 0, 0, , 0, 0, 0, 0, 0, 
280, 1, 279, 278, -1, 292, 169, 24.0, 15, ABpraapaapa, 5088, 0, 0, 0, , 0, 0, 0, 0, 0, 
281, 1, 280, 279, -1, 231, 178, 27.0, 13, ABpraapapap, 4401, 0, 0, 0, , 0, 0, 0, 0, 0, 
282, 1, 281, 280, -1, 247, 182, 25.0, 15, ABpraapapaa, 6272, 0, 0, 0, , 0, 0, 0, 0, 0, 
283, 1, 282, 281, -1, 240, 164, 26.0, 15, ABpraapappp, 6821, 0, 0, 0, , 0, 0, 0, 0, 0, 
284, 1, 283, 282, -1, 252, 182, 29.0, 13, ABpraapappa, 6091, 0, 0, 0, , 0, 0, 0, 0, 0, 
285, 1, 284, 283, -1, 179, 188, 20.0, 15, ABpraapppp, 12447, 0, 0, 0, , 0, 0, 0, 0, 0, 
286, 1, 285, 284, -1, 223, 182, 12.0, 13, ABpraappap, 5536, 0, 0, 0, , 0, 0, 0, 0, 0, 
287, 1, 286, 285, -1, 241, 181, 11.0, 15, ABpraappaa, 5735, 0, 0, 0, , 0, 0, 0, 0, 0, 
288, 1, 287, 286, -1, 299, 179, 21.0, 13, ABpraaapapa, 3050, 0, 0, 0, , 0, 0, 0, 0, 0, 
289, 1, 288, 287, -1, 304, 166, 21.0, 11, ABpraaapapp, 3045, 0, 0, 0, , 0, 0, 0, 0, 0, 
290, 1, 289, 288, -1, 272, 181, 24.0, 15, ABpraaapaad, 3809, 0, 0, 0, , 0, 0, 0, 0, 0, 
291, 1, 290, 289, -1, 277, 178, 22.0, 13, ABpraaapaav, 4503, 0, 0, 0, , 0, 0, 0, 0, 0, 
292, 1, 291, 290, -1, 241, 182, 23.0, 13, ABpraaappap, 6680, 0, 0, 0, , 0, 0, 0, 0, 0, 
293, 1, 292, 291, -1, 215, 172, 24.0, 13, ABpraaapppa, 877, 0, 0, 0, , 0, 0, 0, 0, 0, 
294, 0, 293, -1, -1, 228, 164, 29.0, 13, , 3906, 0, 0, 0, , 0, 0, 0, 0, 0, 
295, 1, 294, 294, -1, 296, 158, 22.0, 13, ABpraaaaapd, 5605, 0, 0, 0, , 0, 0, 0, 0, 0, 
296, 1, 295, 295, -1, 297, 164, 18.0, 15, ABpraaaaapv, 3631, 0, 0, 0, , 0, 0, 0, 0, 0, 
297, 1, 296, 296, -1, 286, 167, 15.0, 15, ABpraaaaaaa, 4602, 0, 0, 0, , 0, 0, 0, 0, 0, 
298, 1, 297, 297, -1, 277, 179, 11.0, 13, ABpraaaaaap, 3362, 0, 0, 0, , 0, 0, 0, 0, 0, 
299, 1, 298, 298, -1, 268, 168, 16.0, 15, ABpraaaapav, 6251, 0, 0, 0, , 0, 0, 0, 0, 0, 
300, 1, 299, 299, -1, 270, 165, 14.0, 13, ABpraaaapad, 5224, 0, 0, 0, , 0, 0, 0, 0, 0, 
301, 1, 300, 300, -1, 261, 165, 24.0, 11, ABpraaaappa, 4966, 0, 0, 0, , 0, 0, 0, 0, 0, 
302, 1, 301, 301, -1, 264, 173, 27.0, 15, ABpraaaappp, 3510, 0, 0, 0, , 0, 0, 0, 0, 0, 
303, 1, 302, 302, -1, 118, 220, 19.0, 15, ABprappapp, 7991, 0, 0, 0, , 0, 0, 0, 0, 0, 
304, 1, 303, 303, -1, 133, 209, 28.0, 15, ABprappapa, 7986, 0, 0, 0, , 0, 0, 0, 0, 0, 
305, 1, 304, 304, -1, 136, 211, 19.0, 15, ABprappaap, 7942, 0, 0, 0, , 0, 0, 0, 0, 0, 
306, 1, 305, 305, -1, 153, 209, 21.0, 17, ABprappaaa, 7824, 0, 0, 0, , 0, 0, 0, 0, 0, 
307, 1, 306, 306, -1, 76, 253, 15.0, 13, ABprapppaap, 4109, 0, 0, 0, , 0, 0, 0, 0, 0, 
308, 1, 307, 307, -1, 93, 246, 16.0, 15, ABprapppaaa, 4808, 0, 0, 0, , 0, 0, 0, 0, 0, 
309, 1, 308, 308, -1, 88, 273, 14.0, 15, ABprapppapp, 3734, 0, 0, 0, , 0, 0, 0, 0, 0, 
310, 1, 309, 309, -1, 82, 264, 11.0, 13, ABprapppapa, 4839, 0, 0, 0, , 0, 0, 0, 0, 0, 
311, 1, 310, 310, -1, 75, 276, 12.0, 17, ABprappppp, 6794, 0, 0, 0, , 0, 0, 0, 0, 0, 
312, 1, 311, 311, -1, 102, 254, 10.0, 17, ABprappppa, 6774, 0, 0, 0, , 0, 0, 0, 0, 0, 
313, 1, 312, 312, -1, 205, 185, 26.0, 15, ABprapaaapa, 5675, 0, 0, 0, , 0, 0, 0, 0, 0, 
314, 1, 313, 313, -1, 189, 193, 26.0, 13, ABprapaaapp, 4035, 0, 0, 0, , 0, 0, 0, 0, 0, 
315, 1, 314, 314, -1, 221, 187, 32.0, 17, ABprapaaaap, 7112, 0, 0, 0, , 0, 0, 0, 0, 0, 
316, 1, 315, 315, -1, 239, 175, 33.0, 13, ABprapaaaaa, 4519, 0, 0, 0, , 0, 0, 0, 0, 0, 
317, 1, 316, 316, -1, 164, 199, 20.0, 13, ABprapaapp, 9275, 0, 0, 0, , 0, 0, 0, 0, 0, 
318, 1, 317, 317, -1, 190, 219, 11.0, 15, ABprapaapa, 8500, 0, 0, 0, , 0, 0, 0, 0, 0, 
319, 1, 318, 318, -1, 101, 238, 12.0, 15, ABprapappa, 5797, 0, 0, 0, , 0, 0, 0, 0, 0, 
320, 1, 319, 319, -1, 73, 273, 16.0, 15, ABprapapppp, 5222, 0, 0, 0, , 0, 0, 0, 0, 0, 
321, 1, 320, 320, -1, 71, 254, 18.0, 13, ABprapapppa, 4057, 0, 0, 0, , 0, 0, 0, 0, 0, 
322, 1, 321, 321, -1, 105, 226, 16.0, 15, ABprapapap, 7532, 0, 0, 0, , 0, 0, 0, 0, 0, 
323, 1, 322, 322, -1, 91, 234, 25.0, 17, ABprapapaa, 25106, 0, 0, 0, , 0, 0, 0, 0, 0, 
324, 1, 323, 323, -1, 254, 193, 32.0, 15, MSppppap, 3055, 0, 0, 0, , 0, 0, 0, 0, 0, 
325, 1, 324, 324, -1, 232, 198, 21.0, 13, MSppppaa, 3079, 0, 0, 0, , 0, 0, 0, 0, 0, 
326, 1, 325, 325, -1, 254, 210, 34.0, 17, MSpppppa, 5290, 0, 0, 0, , 0, 0, 0, 0, 0, 
327, 1, 326, 326, -1, 216, 221, 33.0, 17, MSpppppp, 3459, 0, 0, 0, , 0, 0, 0, 0, 0, 
328, 1, 327, 327, -1, 243, 198, 28.0, 13, MSpppaaa, 3304, 0, 0, 0, , 0, 0, 0, 0, 0, 
329, 1, 328, 328, -1, 126, 245, 22.0, 13, MSpppaap, 3407, 0, 0, 0, , 0, 0, 0, 0, 0, 
330, 1, 329, 329, -1, 217, 203, 17.0, 15, MSpppapp, 3238, 0, 0, 0, , 0, 0, 0, 0, 0, 
331, 1, 330, 330, -1, 214, 224, 13.0, 13, ABprpapaaap, 5425, 0, 0, 0, , 0, 0, 0, 0, 0, 
332, 1, 331, 331, -1, 142, 276, 19.0, 15, MSppaapp, 4822, 0, 0, 0, , 0, 0, 0, 0, 0, 
333, 1, 332, 332, -1, 258, 200, 19.0, 11, MSppaapa, 2241, 0, 0, 0, , 0, 0, 0, 0, 0, 
334, 1, 333, 333, -1, 288, 202, 18.0, 13, MSppaaaa, 3882, 0, 0, 0, , 0, 0, 0, 0, 0, 
335, 1, 334, 334, -1, 281, 191, 26.0, 17, MSppaaap, 12274, 0, 0, 0, , 0, 0, 0, 0, 0, 
336, 1, 335, 335, -1, 218, 193, 27.0, 15, MSppapaa, 5001, 0, 0, 0, , 0, 0, 0, 0, 0, 
337, 1, 336, 336, -1, 250, 189, 19.0, 11, MSppapap, 3359, 0, 0, 0, , 0, 0, 0, 0, 0, 
338, 1, 337, 337, -1, 197, 254, 20.0, 13, MSpapappp, 3738, 0, 0, 0, , 0, 0, 0, 0, 0, 
339, 1, 338, 338, -1, 216, 247, 22.0, 15, MSpapapaa, 4947, 0, 0, 0, , 0, 0, 0, 0, 0, 
340, 1, 339, 339, -1, 210, 234, 20.0, 13, MSpapaaap, 4416, 0, 0, 0, , 0, 0, 0, 0, 0, 
341, 1, 340, 340, -1, 193, 223, 26.0, 15, MSpapaapp, 6057, 0, 0, 0, , 0, 0, 0, 0, 0, 
342, 0, 341, -1, -1, 192, 245, 24.0, 11, , 2035, 0, 0, 0, , 0, 0, 0, 0, 0, 
343, 1, 342, 342, -1, 168, 326, 19.0, 17, MSpappaa, 6742, 0, 0, 0, , 0, 0, 0, 0, 0, 
344, 1, 343, 343, -1, 150, 231, 19.0, 15, MSpapppp, 6709, 0, 0, 0, , 0, 0, 0, 0, 0, 
345, 1, 344, 344, -1, 255, 239, 30.0, 15, MSpaaappa, 5036, 0, 0, 0, , 0, 0, 0, 0, 0, 
346, 1, 345, 345, -1, 229, 236, 32.0, 15, MSpaaappp, 6946, 0, 0, 0, , 0, 0, 0, 0, 0, 
347, 1, 346, 346, -1, 239, 253, 33.0, 13, MSpaaapaa, 3748, 0, 0, 0, , 0, 0, 0, 0, 0, 
348, 1, 347, 347, -1, 223, 255, 31.0, 13, MSpaaapap, 3482, 0, 0, 0, , 0, 0, 0, 0, 0, 
349, 1, 348, 348, -1, 280, 210, 28.0, 13, MSpaaaapa, 3508, 0, 0, 0, , 0, 0, 0, 0, 0, 
350, 1, 349, 349, -1, 266, 216, 29.0, 15, MSpaaaapp, 6061, 0, 0, 0, , 0, 0, 0, 0, 0, 
351, 1, 350, 350, -1, 284, 226, 32.0, 17, MSpaaaaaa, 7107, 0, 0, 0, , 0, 0, 0, 0, 0, 
352, 1, 351, 351, -1, 267, 229, 33.0, 11, MSpaaaaap, 3647, 0, 0, 0, , 0, 0, 0, 0, 0, 
353, 1, 352, 352, -1, 224, 211, 21.0, 13, ABaraappppa, 6042, 0, 0, 0, , 0, 0, 0, 0, 0, 
354, 1, 353, 353, -1, 227, 213, 27.0, 17, ABaraapppap, 8164, 0, 0, 0, , 0, 0, 0, 0, 0, 
355, 1, 354, 354, -1, 238, 224, 30.0, 13, MSpaapaap, 3194, 0, 0, 0, , 0, 0, 0, 0, 0, 
356, 1, 355, 355, -1, 254, 227, 29.0, 11, MSpaapaaa, 1954, 0, 0, 0, , 0, 0, 0, 0, 0, 
357, 1, 356, 356, -1, 178, 264, 27.0, 21, Earap, 3792, 0, 0, 0, , 0, 0, 0, 0, 0, 
358, 1, 357, 357, -1, 268, 293, 21.0, 15, MSapppaa, 1860, 0, 0, 0, , 0, 0, 0, 0, 0, 
359, 1, 358, 358, -1, 255, 299, 31.0, 15, MSapppap, 4172, 0, 0, 0, , 0, 0, 0, 0, 0, 
360, 1, 359, 359, -1, 256, 279, 33.0, 17, MSappppa, 3904, 0, 0, 0, , 0, 0, 0, 0, 0, 
361, 1, 360, 360, -1, 227, 291, 32.0, 17, MSappppp, 4704, 0, 0, 0, , 0, 0, 0, 0, 0, 
362, 1, 361, 361, -1, 154, 321, 22.0, 15, MSappaap, 3540, 0, 0, 0, , 0, 0, 0, 0, 0, 
363, 1, 362, 362, -1, 252, 294, 28.0, 11, MSappaaa, 2791, 0, 0, 0, , 0, 0, 0, 0, 0, 
364, 0, 363, -1, -1, 257, 306, 15.0, 11, , 3392, 0, 0, 0, , 0, 0, 0, 0, 0, 
365, 1, 364, 364, -1, 264, 292, 18.0, 11, MSappapa, 2780, 0, 0, 0, , 0, 0, 0, 0, 0, 
366, 1, 365, 365, -1, 282, 263, 29.0, 15, ABaraapaapp, 9708, 0, 0, 0, , 0, 0, 0, 0, 0, 
367, 1, 366, 366, -1, 302, 255, 33.0, 15, MSapappp, 4971, 0, 0, 0, , 0, 0, 0, 0, 0, 
368, 1, 367, 367, -1, 286, 286, 19.0, 11, MSapapap, 1125, 0, 0, 0, , 0, 0, 0, 0, 0, 
369, 1, 368, 368, -1, 263, 304, 26.0, 13, MSapapaa, 4132, 0, 0, 0, , 0, 0, 0, 0, 0, 
370, 1, 369, 369, -1, 164, 269, 17.0, 15, MSapaapp, 5165, 0, 0, 0, , 0, 0, 0, 0, 0, 
371, 1, 370, 370, -1, 297, 283, 19.0, 9, MSapaapa, 8237, 0, 0, 0, , 0, 0, 0, 0, 0, 
372, 1, 371, 371, -1, 311, 258, 19.0, 13, MSapaaaa, 5161, 0, 0, 0, , 0, 0, 0, 0, 0, 
373, 1, 372, 372, -1, 301, 228, 30.0, 15, MSaaaaapa, 4927, 0, 0, 0, , 0, 0, 0, 0, 0, 
374, 1, 373, 373, -1, 276, 245, 32.0, 17, MSaaaaapp, 10387, 0, 0, 0, , 0, 0, 0, 0, 0, 
375, 1, 374, 374, -1, 319, 228, 25.0, 17, MSaaaaaa, 3341, 0, 0, 0, , 0, 0, 0, 0, 0, 
376, 1, 375, 375, -1, 266, 248, 33.0, 13, MSaaaapaa, 4201, 0, 0, 0, , 0, 0, 0, 0, 0, 
377, 1, 376, 376, -1, 253, 252, 31.0, 13, MSaaaapap, 4250, 0, 0, 0, , 0, 0, 0, 0, 0, 
378, 1, 377, 377, -1, 246, 268, 32.0, 11, MSaaaappa, 3411, 0, 0, 0, , 0, 0, 0, 0, 0, 
379, 1, 378, 378, -1, 230, 278, 29.0, 13, MSaaapapp, 2942, 0, 0, 0, , 0, 0, 0, 0, 0, 
380, 1, 379, 379, -1, 268, 267, 27.0, 13, MSaaapaap, 1957, 0, 0, 0, , 0, 0, 0, 0, 0, 
381, 1, 380, 380, -1, 213, 276, 31.0, 11, MSaaappa, 4042, 0, 0, 0, , 0, 0, 0, 0, 0, 
382, 1, 381, 381, -1, 214, 263, 32.0, 13, MSaaappp, 2537, 0, 0, 0, , 0, 0, 0, 0, 0, 
383, 1, 382, 382, -1, 184, 308, 19.0, 17, MSaapppp, 15169, 0, 0, 0, , 0, 0, 0, 0, 0, 
384, 1, 383, 383, -1, 217, 301, 20.0, 13, MSaapppa, 1202, 0, 0, 0, , 0, 0, 0, 0, 0, 
385, 1, 384, 384, -1, 233, 270, 19.0, 13, MSaapaaap, 3598, 0, 0, 0, , 0, 0, 0, 0, 0, 
386, 1, 385, 385, -1, 250, 276, 19.0, 13, MSaapaaaa, 3316, 0, 0, 0, , 0, 0, 0, 0, 0, 
387, 1, 386, 386, -1, 209, 279, 20.0, 13, MSaapappp, 3009, 0, 0, 0, , 0, 0, 0, 0, 0, 
388, 1, 387, 387, -1, 235, 287, 26.0, 15, MSaapappa, 6496, 0, 0, 0, , 0, 0, 0, 0, 0, 
389, 1, 388, 388, -1, 224, 282, 21.0, 15, MSaapapa, 5824, 0, 0, 0, , 0, 0, 0, 0, 0, 
390, 1, 389, 389, -1, 192, 282, 23.0, 17, Ealpa, 8481, 0, 0, 0, , 0, 0, 0, 0, 0, 
391, 1, 390, 390, -1, 110, 307, 24.0, 23, Eplpa, 3477, 0, 0, 0, , 0, 0, 0, 0, 0, 
392, 1, 391, 391, -1, 120, 347, 22.0, 15, Cappapa, 5203, 0, 0, 0, , 0, 0, 0, 0, 0, 
393, 1, 392, 392, -1, 111, 339, 20.0, 17, Cappapp, 6143, 0, 0, 0, , 0, 0, 0, 0, 0, 
394, 1, 393, 393, -1, 173, 340, 28.0, 15, Cappaaa, 4743, 0, 0, 0, , 0, 0, 0, 0, 0, 
395, 1, 394, 394, -1, 88, 336, 23.0, 15, Capppap, 5757, 0, 0, 0, , 0, 0, 0, 0, 0, 
396, 1, 395, 395, -1, 108, 339, 29.0, 15, Capppaa, 5570, 0, 0, 0, , 0, 0, 0, 0, 0, 
397, 1, 602, 396, -1, 89, 321, 17.0, 15, Cappppv, 4685, 0, 0, 0, , 0, 0, 0, 0, 0, 
398, 1, 397, 397, -1, 125, 346, 25.0, 15, Capapap, 5334, 0, 0, 0, , 0, 0, 0, 0, 0, 
399, 1, 398, 398, -1, 151, 343, 27.0, 15, Capapaa, 5477, 0, 0, 0, , 0, 0, 0, 0, 0, 
400, 1, 399, 399, -1, 143, 329, 16.0, 17, Capapp, 6943, 0, 0, 0, , 0, 0, 0, 0, 0, 
401, 1, 400, 400, -1, 180, 338, 23.0, 17, Capaaap, 4240, 0, 0, 0, , 0, 0, 0, 0, 0, 
402, 1, 401, 401, -1, 204, 331, 23.0, 15, Capaaaa, 3551, 0, 0, 0, , 0, 0, 0, 0, 0, 
403, 1, 402, 402, -1, 59, 284, 18.0, 19, Caappd, 3397, 0, 0, 0, , 0, 0, 0, 0, 0, 
404, 1, 403, 403, -1, 73, 305, 13.0, 13, Caappv, 3464, 0, 0, 0, , 0, 0, 0, 0, 0, 
405, 1, 404, 404, -1, 96, 300, 12.0, 11, Caapap, 1818, 0, 0, 0, , 0, 0, 0, 0, 0, 
406, 1, 405, 405, -1, 81, 344, 20.0, 19, Cpappd, 6482, 0, 0, 0, , 0, 0, 0, 0, 0, 
407, 1, 406, 406, -1, 77, 328, 14.0, 17, Cpappv, 5624, 0, 0, 0, , 0, 0, 0, 0, 0, 
408, 1, 407, 407, -1, 62, 287, 23.0, 21, Cpapaa, 9923, 0, 0, 0, , 0, 0, 0, 0, 0, 
409, 1, 408, 408, -1, 108, 239, 23.0, 15, Cppaapp, 4992, 0, 0, 0, , 0, 0, 0, 0, 0, 
410, 1, 409, 409, -1, 131, 226, 23.0, 15, Cppaapa, 5193, 0, 0, 0, , 0, 0, 0, 0, 0, 
411, 1, 410, 410, -1, 145, 221, 25.0, 15, Cppaaap, 4800, 0, 0, 0, , 0, 0, 0, 0, 0, 
412, 1, 411, 411, -1, 169, 215, 24.0, 15, Cppaaaa, 7150, 0, 0, 0, , 0, 0, 0, 0, 0, 
413, 1, 412, 412, -1, 132, 232, 28.0, 15, Cppapaa, 6208, 0, 0, 0, , 0, 0, 0, 0, 0, 
414, 1, 413, 413, -1, 116, 259, 15.0, 13, Cppappp, 4331, 0, 0, 0, , 0, 0, 0, 0, 0, 
415, 1, 414, 414, -1, 107, 243, 18.0, 15, Cppappa, 5448, 0, 0, 0, , 0, 0, 0, 0, 0, 
416, 1, 415, 415, -1, 127, 245, 32.0, 15, Cpppaap, 5437, 0, 0, 0, , 0, 0, 0, 0, 0, 
417, 1, 416, 416, -1, 156, 224, 28.0, 15, Cpppaaa, 5616, 0, 0, 0, , 0, 0, 0, 0, 0, 
418, 1, 417, 417, -1, 86, 262, 20.0, 17, Cpppapp, 6094, 0, 0, 0, , 0, 0, 0, 0, 0, 
419, 1, 418, 418, -1, 86, 259, 24.0, 17, Cpppapa, 6775, 0, 0, 0, , 0, 0, 0, 0, 0, 
420, 1, 419, 419, -1, 245, 314, 19.0, 13, Daapa, 3473, 0, 0, 0, , 0, 0, 0, 0, 0, 
421, 1, 420, 420, -1, 228, 316, 18.0, 17, Daapp, 4430, 0, 0, 0, , 0, 0, 0, 0, 0, 
422, 1, 421, 421, -1, 249, 308, 23.0, 15, Daaaa, 4863, 0, 0, 0, , 0, 0, 0, 0, 0, 
423, 1, 422, 422, -1, 233, 308, 29.0, 17, Daaap, 5571, 0, 0, 0, , 0, 0, 0, 0, 0, 
424, 1, 423, 423, -1, 209, 311, 32.0, 17, Dappa, 5365, 0, 0, 0, , 0, 0, 0, 0, 0, 
425, 1, 424, 424, -1, 175, 327, 32.0, 17, Dappp, 4988, 0, 0, 0, , 0, 0, 0, 0, 0, 
426, 1, 425, 425, -1, 189, 206, 18.0, 15, Dpapp, 5079, 0, 0, 0, , 0, 0, 0, 0, 0, 
427, 1, 426, 426, -1, 205, 199, 19.0, 15, Dpapa, 5052, 0, 0, 0, , 0, 0, 0, 0, 0, 
428, 1, 427, 427, -1, 203, 205, 31.0, 17, Dpaap, 4864, 0, 0, 0, , 0, 0, 0, 0, 0, 
429, 0, 428, -1, -1, 203, 204, 35.0, 13, , 762, 0, 0, 0, , 0, 0, 0, 0, 0, 
430, 1, 429, 429, -1, 208, 197, 23.0, 13, Dpaaa, 4364, 0, 0, 0, , 0, 0, 0, 0, 0, 
431, 1, 430, 430, -1, 162, 232, 33.0, 17, Dpppp, 10678, 0, 0, 0, , 0, 0, 0, 0, 0, 
432, 1, 431, 431, -1, 189, 223, 33.0, 21, Dpppa, 10699, 0, 0, 0, , 0, 0, 0, 0, 0, 
433, 1, 432, 432, -1, 190, 203, 23.0, 15, Dppaa, 4679, 0, 0, 0, , 0, 0, 0, 0, 0, 
434, 1, 433, 433, -1, 169, 213, 28.0, 15, Dppap, 5827, 0, 0, 0, , 0, 0, 0, 0, 0, 
435, 0, 434, -1, -1, 379, 245, 24.0, 15, , 8234, 0, 0, 0, , 0, 0, 0, 0, 0, 
436, 1, 435, 435, -1, 311, 283, 26.0, 11, ABalpppappa, 3090, 0, 0, 0, , 0, 0, 0, 0, 0, 
437, 1, 436, 436, -1, 309, 296, 27.0, 13, ABalpppappp, 3443, 0, 0, 0, , 0, 0, 0, 0, 0, 
438, 1, 438, 437, -1, 285, 299, 24.0, 13, ABalpppppap, 3779, 0, 0, 0, , 0, 0, 0, 0, 0, 
439, 1, 439, 438, -1, 280, 321, 24.0, 13, ABalppppppa, 4781, 0, 0, 0, , 0, 0, 0, 0, 0, 
440, 1, 440, 439, -1, 303, 316, 23.0, 13, ABalpppppppa, 3544, 0, 0, 0, , 0, 0, 0, 0, 0, 
441, 1, 441, 440, -1, 346, 264, 23.0, 11, ABalppppapp, 4786, 0, 0, 0, , 0, 0, 0, 0, 0, 
442, 1, 442, 441, -1, 336, 284, 16.0, 13, ABalpppaaaa, 5770, 0, 0, 0, , 0, 0, 0, 0, 0, 
443, 1, 443, 442, -1, 324, 277, 12.0, 15, ABalpppaaap, 7116, 0, 0, 0, , 0, 0, 0, 0, 0, 
444, 1, 444, 443, -1, 350, 274, 18.0, 13, ABalpppaapd, 5681, 0, 0, 0, , 0, 0, 0, 0, 0, 
445, 1, 445, 444, -1, 347, 279, 22.0, 13, ABalpppaapv, 5681, 0, 0, 0, , 0, 0, 0, 0, 0, 
446, 1, 446, 445, -1, 316, 295, 16.0, 13, ABalpppapad, 4298, 0, 0, 0, , 0, 0, 0, 0, 0, 
447, 1, 447, 446, -1, 318, 293, 14.0, 11, ABalpppapav, 5135, 0, 0, 0, , 0, 0, 0, 0, 0, 
448, 1, 448, 447, -1, 349, 260, 16.0, 13, ABalaaapalr, 6102, 0, 0, 0, , 0, 0, 0, 0, 0, 
449, 1, 449, 448, -1, 338, 263, 13.0, 11, ABalppaaaa, 5059, 0, 0, 0, , 0, 0, 0, 0, 0, 
450, 1, 450, 449, -1, 334, 261, 11.0, 15, ABalppaaapp, 3467, 0, 0, 0, , 0, 0, 0, 0, 0, 
451, 1, 451, 450, -1, 285, 275, 12.0, 15, ABalppaappp, 3949, 0, 0, 0, , 0, 0, 0, 0, 0, 
452, 1, 452, 451, -1, 300, 251, 9.0, 15, ABalppaapa, 4905, 0, 0, 0, , 0, 0, 0, 0, 0, 
453, 1, 453, 452, -1, 302, 303, 19.0, 15, ABplpaaaaap, 7816, 0, 0, 0, , 0, 0, 0, 0, 0, 
454, 1, 454, 453, -1, 299, 266, 12.0, 13, ABalppapppa, 2955, 0, 0, 0, , 0, 0, 0, 0, 0, 
455, 1, 455, 454, -1, 316, 266, 14.0, 13, ABalppappap, 3479, 0, 0, 0, , 0, 0, 0, 0, 0, 
456, 1, 456, 455, -1, 325, 260, 16.0, 13, ABalppappaa, 4925, 0, 0, 0, , 0, 0, 0, 0, 0, 
457, 1, 457, 456, -1, 282, 257, 12.0, 13, ABalppapapa, 3950, 0, 0, 0, , 0, 0, 0, 0, 0, 
458, 1, 458, 457, -1, 271, 270, 11.0, 13, ABalppapapp, 5208, 0, 0, 0, , 0, 0, 0, 0, 0, 
459, 1, 459, 458, -1, 324, 253, 12.0, 13, ABalppapaaa, 5315, 0, 0, 0, , 0, 0, 0, 0, 0, 
460, 1, 460, 459, -1, 240, 287, 11.0, 17, ABalpapapap, 8408, 0, 0, 0, , 0, 0, 0, 0, 0, 
461, 1, 461, 460, -1, 255, 263, 11.0, 15, ABalpapapaa, 7020, 0, 0, 0, , 0, 0, 0, 0, 0, 
462, 1, 462, 461, -1, 202, 294, 14.0, 11, ABalpapappa, 2709, 0, 0, 0, , 0, 0, 0, 0, 0, 
463, 0, -1, -1, -1, 217, 313, 12.0, 13, , 1188, 0, 0, 0, , 0, 0, 0, 0, 0, 
464, 1, 464, 463, -1, 276, 240, 10.0, 13, ABalpapaapp, 8696, 0, 0, 0, , 0, 0, 0, 0, 0, 
465, 1, 465, 464, -1, 289, 233, 11.0, 13, ABalpapaapa, 5009, 0, 0, 0, , 0, 0, 0, 0, 0, 
466, 1, 466, 465, -1, 307, 250, 11.0, 15, ABalppapaap, 4474, 0, 0, 0, , 0, 0, 0, 0, 0, 
467, 1, 467, 466, -1, 299, 244, 12.0, 15, ABalpapaaaa, 6421, 0, 0, 0, , 0, 0, 0, 0, 0, 
468, 1, 468, 467, -1, 290, 250, 18.0, 13, ABalpaaaaap, 4900, 0, 0, 0, , 0, 0, 0, 0, 0, 
469, 1, 469, 468, -1, 264, 242, 18.0, 11, ABalpappaaa, 6332, 0, 0, 0, , 0, 0, 0, 0, 0, 
470, 1, 470, 469, -1, 219, 259, 19.0, 15, ABalpappapp, 6164, 0, 0, 0, , 0, 0, 0, 0, 0, 
471, 1, 471, 470, -1, 276, 273, 19.0, 13, ABalpapppaa, 5600, 0, 0, 0, , 0, 0, 0, 0, 0, 
472, 1, 472, 471, -1, 261, 257, 22.0, 15, ABalpapppap, 7321, 0, 0, 0, , 0, 0, 0, 0, 0, 
473, 1, 473, 472, -1, 297, 257, 21.0, 13, ABalpaaapaa, 4929, 0, 0, 0, , 0, 0, 0, 0, 0, 
474, 1, 474, 473, -1, 292, 262, 25.0, 11, ABalpaaapap, 3187, 0, 0, 0, , 0, 0, 0, 0, 0, 
475, 1, 475, 474, -1, 282, 248, 16.0, 13, ABalpaaaapp, 5794, 0, 0, 0, , 0, 0, 0, 0, 0, 
476, 1, 476, 475, -1, 298, 241, 14.0, 13, ABalpaaaapa, 7167, 0, 0, 0, , 0, 0, 0, 0, 0, 
477, 1, 477, 476, -1, 285, 263, 19.0, 15, ABalpappaap, 7488, 0, 0, 0, , 0, 0, 0, 0, 0, 
478, 1, 478, 477, -1, 303, 242, 16.0, 17, ABalpaaaaaa, 5793, 0, 0, 0, , 0, 0, 0, 0, 0, 
479, 1, 479, 478, -1, 329, 227, 14.0, 11, ABalpaapppa, 3922, 0, 0, 0, , 0, 0, 0, 0, 0, 
480, 1, 480, 479, -1, 325, 239, 12.0, 13, ABalpaapppp, 3892, 0, 0, 0, , 0, 0, 0, 0, 0, 
481, 1, 481, 480, -1, 318, 229, 16.0, 13, ABalpaappaa, 4058, 0, 0, 0, , 0, 0, 0, 0, 0, 
482, 1, 482, 481, -1, 310, 232, 12.0, 11, ABalpaappap, 3166, 0, 0, 0, , 0, 0, 0, 0, 0, 
483, 1, 483, 482, -1, 285, 249, 24.0, 13, ABalpaapapa, 3750, 0, 0, 0, , 0, 0, 0, 0, 0, 
484, 1, 484, 483, -1, 301, 244, 22.0, 15, ABalpaapaap, 3602, 0, 0, 0, , 0, 0, 0, 0, 0, 
485, 1, 485, 484, -1, 310, 239, 19.0, 15, ABalpaapaaa, 11746, 0, 0, 0, , 0, 0, 0, 0, 0, 
486, 0, 486, -1, -1, 180, 266, 29.0, 17, , 5769, 0, 0, 0, , 0, 0, 0, 0, 0, 
487, 1, 487, 486, -1, 143, 307, 24.0, 19, Ealpp, 4864, 0, 0, 0, , 0, 0, 0, 0, 0, 
488, 1, 634, 634, -1, 196, 253, 26.0, 23, Earaa, 31606, 0, 0, 0, , 0, 0, 0, 0, 0, 
489, 1, 489, 488, -1, 142, 279, 27.0, 19, Earpp, 5676, 0, 0, 0, , 0, 0, 0, 0, 0, 
490, 1, 490, 489, -1, 177, 282, 26.0, 15, Ealap, 2377, 0, 0, 0, , 0, 0, 0, 0, 0, 
491, 1, 491, 490, -1, 206, 276, 25.0, 23, Ealaa, 5006, 0, 0, 0, , 0, 0, 0, 0, 0, 
492, 1, 492, 491, -1, 120, 309, 27.0, 19, Eplap, 18367, 0, 0, 0, , 0, 0, 0, 0, 0, 
493, 1, 493, 492, -1, 103, 283, 20.0, 15, Eprpp, 2140, 0, 0, 0, , 0, 0, 0, 0, 0, 
494, 1, 494, 493, -1, 196, 333, 28.0, 17, Dapap, 5811, 0, 0, 0, , 0, 0, 0, 0, 0, 
495, 1, 495, 494, -1, 226, 318, 23.0, 17, Dapaa, 6760, 0, 0, 0, , 0, 0, 0, 0, 0, 
496, 1, 496, 495, -1, 224, 297, 25.0, 15, MSaapaapp, 5559, 0, 0, 0, , 0, 0, 0, 0, 0, 
497, 1, 497, 496, -1, 240, 285, 23.0, 11, MSaapaapa, 2282, 0, 0, 0, , 0, 0, 0, 0, 0, 
498, 1, 498, 497, -1, 174, 200, 31.0, 15, ABarpppapp, 5704, 0, 0, 0, , 0, 0, 0, 0, 0, 
499, 1, 499, 498, -1, 243, 302, 14.0, 13, ABplppaapap, 5509, 0, 0, 0, , 0, 0, 0, 0, 0, 
500, 1, 500, 499, -1, 244, 306, 10.0, 11, ABplppaapaa, 5305, 0, 0, 0, , 0, 0, 0, 0, 0, 
501, 1, 501, 500, -1, 87, 342, 27.0, 17, Cpapap, 7138, 0, 0, 0, , 0, 0, 0, 0, 0, 
502, 1, 502, 501, -1, 337, 247, 16.0, 13, ABalaaaalar, 5832, 0, 0, 0, , 0, 0, 0, 0, 0, 
503, 1, 503, 502, -1, 336, 240, 17.0, 13, ABalaaaalal, 5318, 0, 0, 0, , 0, 0, 0, 0, 0, 
504, 1, 504, 503, -1, 300, 181, 29.0, 11, ABalapppppp, 1670, 0, 0, 0, , 0, 0, 0, 0, 0, 
505, 1, 505, 504, -1, 297, 169, 29.0, 15, ABarpappaa, 4939, 0, 0, 0, , 0, 0, 0, 0, 0, 
506, 1, 506, 505, -1, 95, 271, 32.0, 17, Cppppaa, 6236, 0, 0, 0, , 0, 0, 0, 0, 0, 
507, 1, 507, 506, -1, 73, 284, 26.0, 15, Cppppap, 5927, 0, 0, 0, , 0, 0, 0, 0, 0, 
508, 1, 508, 507, -1, 104, 282, 15.0, 15, Cpppppv, 4799, 0, 0, 0, , 0, 0, 0, 0, 0, 
509, 1, 509, 508, -1, 179, 258, 24.0, 19, Earpa, 6361, 0, 0, 0, , 0, 0, 0, 0, 0, 
510, 0, 510, -1, -1, 303, 191, 31.0, 11, , 2914, 0, 0, 0, , 0, 0, 0, 0, 0, 
511, 1, 511, 510, -1, 108, 281, 23.0, 17, Eprpa, 8714, 0, 0, 0, , 0, 0, 0, 0, 0, 
512, 1, 512, 511, -1, 257, 242, 35.0, 21, ABarpaappa, 8922, 0, 0, 0, , 0, 0, 0, 0, 0, 
513, 1, 513, 512, -1, 249, 305, 34.0, 19, ABarppaapa, 14705, 0, 0, 0, , 0, 0, 0, 0, 0, 
514, 0, 514, -1, -1, 112, 307, 23.0, 19, , 7924, 0, 0, 0, , 0, 0, 0, 0, 0, 
515, 1, 515, 514, -1, 200, 269, 20.0, 15, MSaappap, 5262, 0, 0, 0, , 0, 0, 0, 0, 0, 
516, 1, 516, 515, -1, 162, 297, 18.0, 23, Z3, 5410, 0, 0, 0, , 0, 0, 0, 0, 0, 
517, 1, 517, 516, -1, 275, 200, 9.0, 11, ABalaapappa, 2288, 0, 0, 0, , 0, 0, 0, 0, 0, 
518, 0, 518, -1, -1, 139, 276, 29.0, 19, , 6231, 0, 0, 0, , 0, 0, 0, 0, 0, 
519, 1, 519, 518, -1, 220, 315, 14.0, 13, ABplppapaaa, 4406, 0, 0, 0, , 0, 0, 0, 0, 0, 
520, 1, 520, 519, -1, 335, 242, 19.0, 15, ABalaaapall, 7052, 0, 0, 0, , 0, 0, 0, 0, 0, 
521, 0, 521, -1, -1, 122, 308, 26.0, 17, , 11313, 0, 0, 0, , 0, 0, 0, 0, 0, 
522, 1, 522, 521, -1, 273, 192, 17.0, 13, ABprpaaaaaa, 7204, 0, 0, 0, , 0, 0, 0, 0, 0, 
523, 1, 523, 522, -1, 131, 241, 17.0, 15, MSpappap, 5711, 0, 0, 0, , 0, 0, 0, 0, 0, 
524, 1, 524, 523, -1, 211, 244, 29.0, 13, MSpaapapp, 3766, 0, 0, 0, , 0, 0, 0, 0, 0, 
525, 0, 525, -1, -1, 196, 253, 29.0, 21, , 16966, 0, 0, 0, , 0, 0, 0, 0, 0, 
526, 1, 526, 525, -1, 76, 293, 18.0, 15, Cpppppd, 6796, 0, 0, 0, , 0, 0, 0, 0, 0, 
527, 1, 527, 526, -1, 277, 304, 32.0, 15, ABplapaaaaa, 6272, 0, 0, 0, , 0, 0, 0, 0, 0, 
528, 0, 528, -1, -1, 209, 268, 12.0, 13, , 2959, 0, 0, 0, , 0, 0, 0, 0, 0, 
529, 1, 529, 528, -1, 267, 313, 31.0, 15, ABplapaaaap, 8227, 0, 0, 0, , 0, 0, 0, 0, 0, 
530, 1, 530, 529, -1, 335, 273, 15.0, 11, ABalppaaapa, 1703, 0, 0, 0, , 0, 0, 0, 0, 0, 
531, 1, 531, 530, -1, 261, 261, 18.0, 17, ABalpappppp, 6274, 0, 0, 0, , 0, 0, 0, 0, 0, 
532, 1, 532, 531, -1, 140, 252, 19.0, 23, Z2, 4153, 0, 0, 0, , 0, 0, 0, 0, 0, 
533, 1, 533, 532, -1, 350, 212, 20.0, 13, ABalaaaparr, 3494, 0, 0, 0, , 0, 0, 0, 0, 0, 
534, 1, 534, 533, -1, 348, 226, 20.0, 13, ABalaaaparl, 4134, 0, 0, 0, , 0, 0, 0, 0, 0, 
535, 1, 535, 534, -1, 266, 273, 23.0, 13, ABalpaaappp, 3474, 0, 0, 0, , 0, 0, 0, 0, 0, 
536, 1, 536, 535, -1, 280, 272, 22.0, 15, ABalpaaappa, 5317, 0, 0, 0, , 0, 0, 0, 0, 0, 
537, 0, 537, -1, -1, 192, 276, 24.0, 13, , 3545, 0, 0, 0, , 0, 0, 0, 0, 0, 
538, 1, 538, 537, -1, 218, 243, 14.0, 11, ABprpappapa, 2532, 0, 0, 0, , 0, 0, 0, 0, 0, 
539, 0, 539, -1, -1, 162, 299, 18.0, 11, , 1751, 0, 0, 0, , 0, 0, 0, 0, 0, 
540, 1, 540, 539, -1, 143, 335, 32.0, 17, Cappaap, 7146, 0, 0, 0, , 0, 0, 0, 0, 0, 
541, 1, 541, 540, -1, 276, 246, 14.0, 13, ABalpappapa, 7696, 0, 0, 0, , 0, 0, 0, 0, 0, 
542, 1, 542, 541, -1, 238, 248, 15.0, 15, ABarapapppa, 9429, 0, 0, 0, , 0, 0, 0, 0, 0, 
543, 0, 543, -1, -1, 180, 259, 22.0, 19, , 6015, 0, 0, 0, , 0, 0, 0, 0, 0, 
544, 1, 544, 543, -1, 209, 222, 26.0, 15, MSpapappa, 5189, 0, 0, 0, , 0, 0, 0, 0, 0, 
545, 1, 545, 544, -1, 208, 219, 22.0, 15, MSpapaapa, 6246, 0, 0, 0, , 0, 0, 0, 0, 0, 
546, 1, 546, 545, -1, 276, 163, 25.0, 11, ABpraapaapp, 3614, 0, 0, 0, , 0, 0, 0, 0, 0, 
547, 1, 547, 546, -1, 305, 180, 26.0, 15, ABalapppppa, 1264, 0, 0, 0, , 0, 0, 0, 0, 0, 
548, 1, 548, 547, -1, 293, 217, 15.0, 15, ABarapaaaaa, 9867, 0, 0, 0, , 0, 0, 0, 0, 0, 
549, 1, 549, 548, -1, 296, 262, 14.0, 15, ABalppapppp, 5682, 0, 0, 0, , 0, 0, 0, 0, 0, 
550, 1, 550, 549, -1, 342, 197, 20.0, 13, ABalaaappll, 3807, 0, 0, 0, , 0, 0, 0, 0, 0, 
551, 0, 551, -1, -1, 172, 286, 24.0, 19, , 25864, 0, 0, 0, , 0, 0, 0, 0, 0, 
552, 1, 552, 551, -1, 102, 250, 28.0, 17, Cppapap, 5796, 0, 0, 0, , 0, 0, 0, 0, 0, 
553, 1, 553, 552, -1, 241, 224, 21.0, 15, ABarapaappp, 13022, 0, 0, 0, , 0, 0, 0, 0, 0, 
554, 0, 554, -1, -1, 299, 282, 22.0, 15, , 6796, 0, 0, 0, , 0, 0, 0, 0, 0, 
555, 0, 555, -1, -1, 260, 270, 30.0, 13, , 3278, 0, 0, 0, , 0, 0, 0, 0, 0, 
556, 0, 556, -1, -1, 266, 311, 15.0, 14, , 4066, 0, 0, 0, , 0, 0, 0, 0, 0, 
557, 1, 557, 556, -1, 304, 263, 9.0, 15, ABalppaappa, 7055, 0, 0, 0, , 0, 0, 0, 0, 0, 
558, 1, 558, 557, -1, 281, 270, 25.0, 15, ABalpaapapp, 4977, 0, 0, 0, , 0, 0, 0, 0, 0, 
559, 1, 559, 558, -1, 126, 331, 14.0, 19, ABplpppaapa, 6299, 0, 0, 0, , 0, 0, 0, 0, 0, 
560, 1, 560, 559, -1, 339, 235, 32.0, 13, ABarpaaaapp, 3467, 0, 0, 0, , 0, 0, 0, 0, 0, 
561, 0, 561, -1, -1, 207, 276, 26.0, 19, , 18578, 0, 0, 0, , 0, 0, 0, 0, 0, 
562, 0, 562, -1, -1, 109, 304, 19.0, 19, , 17060, 0, 0, 0, , 0, 0, 0, 0, 0, 
563, 0, 563, -1, -1, 202, 189, 16.0, 9, , 563, 0, 0, 0, , 0, 0, 0, 0, 0, 
564, 1, 564, 563, -1, 221, 234, 18.0, 15, MSpapaaaa, 5317, 0, 0, 0, , 0, 0, 0, 0, 0, 
565, 1, 565, 564, -1, 199, 195, 12.0, 15, ABpraapppa, 4582, 0, 0, 0, , 0, 0, 0, 0, 0, 
566, 1, 566, 565, -1, 194, 222, 19.0, 13, MSpapppaa, 4092, 0, 0, 0, , 0, 0, 0, 0, 0, 
567, 1, 567, 566, -1, 171, 227, 20.0, 15, MSpapppap, 7985, 0, 0, 0, , 0, 0, 0, 0, 0, 
568, 1, 568, 567, -1, 279, 252, 36.0, 19, ABarpaapap, 3225, 0, 0, 0, , 0, 0, 0, 0, 0, 
569, 1, 569, 568, -1, 268, 185, 20.0, 13, ABprpaapaaa, 7922, 0, 0, 0, , 0, 0, 0, 0, 0, 
570, 1, 570, 569, -1, 259, 251, 16.0, 13, ABalpappppa, 4807, 0, 0, 0, , 0, 0, 0, 0, 0, 
571, 1, 571, 570, -1, 287, 318, 19.0, 13, ABalpppppppp, 3675, 0, 0, 0, , 0, 0, 0, 0, 0, 
572, 1, 572, 571, -1, 107, 311, 10.0, 11, ABprpppapp, 3747, 0, 0, 0, , 0, 0, 0, 0, 0, 
573, 1, 573, 572, -1, 153, 298, 28.0, 17, Eplaa, 765, 0, 0, 0, , 0, 0, 0, 0, 0, 
574, 1, 574, 573, -1, 80, 263, 29.0, 15, Caaapp, 4522, 0, 0, 0, , 0, 0, 0, 0, 0, 
575, 1, 575, 574, -1, 214, 204, 10.0, 9, ABprppaaap, 2804, 0, 0, 0, , 0, 0, 0, 0, 0, 
576, 1, 576, 575, -1, 227, 274, 15.0, 13, ABplpappap, 4394, 0, 0, 0, , 0, 0, 0, 0, 0, 
577, 1, 577, 576, -1, 122, 287, 28.0, 17, Eprap, 5048, 0, 0, 0, , 0, 0, 0, 0, 0, 
578, 1, 578, 577, -1, 102, 249, 32.0, 19, Caaapa, 3517, 0, 0, 0, , 0, 0, 0, 0, 0, 
579, 1, 579, 578, -1, 293, 175, 12.0, 11, ABalaappaa, 4273, 0, 0, 0, , 0, 0, 0, 0, 0, 
580, 1, 580, 579, -1, 151, 275, 31.0, 14, Epraa, 2669, 0, 0, 0, , 0, 0, 0, 0, 0, 
581, 1, 581, 580, -1, 122, 346, 32.0, 19, Cpaapp, 12488, 0, 0, 0, , 0, 0, 0, 0, 0, 
582, 1, 582, 581, -1, 309, 192, 14.0, 13, ABalaapaaal, 3908, 0, 0, 0, , 0, 0, 0, 0, 0, 
583, 1, 583, 582, -1, 343, 194, 27.0, 15, ABarpaaaaal, 5180, 0, 0, 0, , 0, 0, 0, 0, 0, 
584, 0, -1, -1, -1, 217, 162, 20.0, 11, , 1642, 0, 0, 0, , 0, 0, 0, 0, 0, 
585, 1, 585, 584, -1, 105, 295, 13.0, 13, Caapaa, 3867, 0, 0, 0, , 0, 0, 0, 0, 0, 
586, 1, 586, 585, -1, 201, 199, 34.0, 15, ABarpppapa, 4463, 0, 0, 0, , 0, 0, 0, 0, 0, 
587, 1, 641, 586, -1, 266, 253, 11.0, 14, ABalpapaaap, 4099, 0, 0, 0, , 0, 0, 0, 0, 0, 
588, 1, 588, 587, -1, 252, 296, 19.0, 13, MSappapp, 1862, 0, 0, 0, , 0, 0, 0, 0, 0, 
589, 1, 589, 588, -1, 79, 241, 19.0, 13, ABarpppppp, 3810, 0, 0, 0, , 0, 0, 0, 0, 0, 
590, 0, 590, -1, -1, 320, 225, 29.0, 11, , 1874, 0, 0, 0, , 0, 0, 0, 0, 0, 
591, 0, 591, -1, -1, 269, 305, 11.0, 17, , 5996, 0, 0, 0, , 0, 0, 0, 0, 0, 
592, 0, 592, -1, -1, 203, 178, 14.0, 9, , 1471, 0, 0, 0, , 0, 0, 0, 0, 0, 
593, 1, 593, 592, -1, 230, 202, 17.0, 11, MSpppapa, 3687, 0, 0, 0, , 0, 0, 0, 0, 0, 
594, 1, 594, 593, -1, 291, 275, 31.0, 15, MSapappa, 4234, 0, 0, 0, , 0, 0, 0, 0, 0, 
595, 0, 595, -1, -1, 59, 290, 16.0, 15, , 4070, 0, 0, 0, , 0, 0, 0, 0, 0, 
596, 0, 596, -1, -1, 112, 280, 20.0, 17, , 14162, 0, 0, 0, , 0, 0, 0, 0, 0, 
597, 0, 597, -1, -1, 116, 283, 27.0, 13, , 1563, 0, 0, 0, , 0, 0, 0, 0, 0, 
598, 0, 598, -1, -1, 161, 276, 30.0, 17, , 2902, 0, 0, 0, , 0, 0, 0, 0, 0, 
599, 1, 599, 597, -1, 292, 202, 33.0, 17, MSppappp, 6990, 0, 0, 0, , 0, 0, 0, 0, 0, 
600, 0, 600, -1, -1, 237, 335, 20.0, 19, , 22445, 0, 0, 0, , 0, 0, 0, 0, 0, 
601, 0, 601, -1, -1, 90, 349, 25.0, 15, , 2968, 0, 0, 0, , 0, 0, 0, 0, 0, 
602, 1, 602, 600, -1, 109, 311, 14.0, 13, Cappppd, 4411, 0, 0, 0, , 0, 0, 0, 0, 0, 
603, 0, 603, -1, -1, 165, 295, 19.0, 17, , 5694, 0, 0, 0, , 0, 0, 0, 0, 0, 
604, 1, 604, 602, -1, 235, 258, 29.0, 15, MSaaaappp, 3996, 0, 0, 0, , 0, 0, 0, 0, 0, 
605, 1, 605, 603, -1, 111, 350, 14.0, 13, ABplapppaap, 3461, 0, 0, 0, , 0, 0, 0, 0, 0, 
606, 0, 606, -1, -1, 345, 269, 15.0, 14, , 2999, 0, 0, 0, , 0, 0, 0, 0, 0, 
607, 0, 607, -1, -1, 138, 249, 20.0, 11, , 1831, 0, 0, 0, , 0, 0, 0, 0, 0, 
608, 0, 608, -1, -1, 218, 170, 23.0, 15, , 1023, 0, 0, 0, , 0, 0, 0, 0, 0, 
609, 1, 609, 606, -1, 315, 270, 30.0, 13, ABplaaaaapa, 6587, 0, 0, 0, , 0, 0, 0, 0, 0, 
610, 0, 610, -1, -1, 331, 226, 28.0, 14, , 292, 0, 0, 0, , 0, 0, 0, 0, 0, 
611, 1, 611, 607, -1, 322, 232, 35.0, 17, ABplaaaapa, 7093, 0, 0, 0, , 0, 0, 0, 0, 0, 
612, 0, 612, -1, -1, 118, 305, 9.0, 11, , 1386, 0, 0, 0, , 0, 0, 0, 0, 0, 
613, 0, 613, -1, -1, 224, 271, 13.0, 13, , 3245, 0, 0, 0, , 0, 0, 0, 0, 0, 
614, 1, 614, 609, -1, 195, 239, 20.0, 13, MSpapapap, 4164, 0, 0, 0, , 0, 0, 0, 0, 0, 
615, 0, 615, -1, -1, 139, 301, 26.0, 13, , 2796, 0, 0, 0, , 0, 0, 0, 0, 0, 
616, 0, 616, -1, -1, 109, 289, 26.0, 15, , 2200, 0, 0, 0, , 0, 0, 0, 0, 0, 
617, 0, 617, -1, -1, 256, 320, 27.0, 13, , 3043, 0, 0, 0, , 0, 0, 0, 0, 0, 
618, 1, 618, 613, -1, 115, 303, 20.0, 23, Eplpp, 31394, 0, 0, 0, , 0, 0, 0, 0, 0, 
619, 0, 619, -1, -1, 166, 287, 25.0, 15, , 5593, 0, 0, 0, , 0, 0, 0, 0, 0, 
620, 0, 620, -1, -1, 214, 168, 16.0, 14, , 1040, 0, 0, 0, , 0, 0, 0, 0, 0, 
621, 0, 621, -1, -1, 341, 273, 16.0, 15, , 4499, 0, 0, 0, , 0, 0, 0, 0, 0, 
622, 1, 622, 616, -1, 139, 339, 21.0, 13, Capaapp, 5282, 0, 0, 0, , 0, 0, 0, 0, 0, 
623, 1, 623, 617, -1, 168, 341, 23.0, 13, Capaapa, 3439, 0, 0, 0, , 0, 0, 0, 0, 0, 
624, 0, 624, -1, -1, 155, 267, 29.0, 13, , 4120, 0, 0, 0, , 0, 0, 0, 0, 0, 
625, 0, 625, -1, -1, 225, 186, 10.0, 13, , 3165, 0, 0, 0, , 0, 0, 0, 0, 0, 
626, 1, 626, 620, -1, 279, 188, 32.0, 17, MSppappa, 5636, 0, 0, 0, , 0, 0, 0, 0, 0, 
627, 1, 635, 621, -1, 219, 298, 12.0, 13, ABalpapappp, 5877, 0, 0, 0, , 0, 0, 0, 0, 0, 
628, 0, -1, -1, -1, 140, 257, 20.0, 15, , 2823, 0, 0, 0, , 0, 0, 0, 0, 0, 
629, 0, -1, -1, -1, 221, 227, 29.0, 13, , 1585, 0, 0, 0, , 0, 0, 0, 0, 0, 
630, 1, 633, 624, -1, 214, 335, 32.0, 17, Caaaaa, 1492, 0, 0, 0, , 0, 0, 0, 0, 0, 
631, 0, -1, -1, -1, 208, 173, 31.0, 13, , 1674, 0, 0, 0, , 0, 0, 0, 0, 0, 
632, 0, -1, -1, -1, 203, 254, 28.0, 13, , 1096, 0, 0, 0, , 0, 0, 0, 0, 0, 
633, 1, 627, 626, -1, 232, 162, 20.333334, 15, ABpraaapppp, 11595, 0, 0, 0, , 0, 0, 0, 0, 0, 
634, 1, 628, 629, -1, 191, 324, 34.0, 17, Cpaaap, 0, 0, 0, 0, , 0, 0, 0, 0, 0, 
635, 1, 629, 630, -1, 239, 224, 19.25, 13, ABarapappap, 8539, 0, 0, 0, , 0, 0, 0, 0, 0, 
636, 1, 38, 38, -1, 276, 227, 17.0, 15, ABarapaaaap, 4295, 0, 0, 0, , 0, 0, 0, 0, 0, 
637, 1, 630, 631, -1, 128, 308, 33.0, 15, Cpaapa, 0, 0, 0, 0, , 0, 0, 0, 0, 0, 
638, 1, 631, 632, -1, 229, 303, 33.0, 15, Cpaaaa, 0, 0, 0, 0, , 0, 0, 0, 0, 0, 
639, 1, 632, 633, -1, 140, 231, 33.0, 15, Caaaap, 0, 0, 0, 0, , 0, 0, 0, 0, 0, 
640, 1, 437, 627, -1, 299, 288, 21.0, 15, ABalpppppaa, 3391, 0, 0, 0, , 0, 0, 0, 0, 0, 
641, 1, 636, 637, -1, 317, 202, 30.666666, 13, ABalapppapp, 676, 0, 0, 0, , 0, 0, 0, 0, 0, 
642, 1, 637, 638, -1, 341, 266, 20.0, 13, ABalapaappp, 0, 0, 0, 0, , 0, 0, 0, 0, 0, 
643, 1, 638, 639, -1, 276, 182, 19.0, 13, ABalaapppap, 0, 0, 0, 0, , 0, 0, 0, 0, 0, 
644, 0, 639, -1, -1, 292, 244, 16.0, 11, , 0, 0, 0, 0, , 0, 0, 0, 0, 0, 
645, 0, 640, -1, -1, 307, 274, 22.0, 13, , 0, 0, 0, 0, , 0, 0, 0, 0, 0, 
646, 0, 641, -1, -1, 275, 249, 11.0, 13, , 0, 0, 0, 0, , 0, 0, 0, 0, 0, 
647, 1, 554, 643, -1, 298, 281, 22.25, 13, ABalppppaad, 3741, 0, 0, 0, , 0, 0, 0, 0, 0, 
648, 1, 643, 644, -1, 129, 299, 10.0, 13, ABplpppapap, 1709, 0, 0, 0, , 0, 0, 0, 0, 0, 
649, 1, 644, 645, -1, 299, 184, 13.0, 13, ABalaappapa, 0, 0, 0, 0, , 0, 0, 0, 0, 0, 
650, 1, 645, 646, -1, 261, 271, 30.0, 13, MSaaapapa, 0, 0, 0, 0, , 0, 0, 0, 0, 0, 
651, 1, 646, 647, -1, 256, 312, 15.0, 16, ABplppaaaap, 0, 0, 0, 0, , 0, 0, 0, 0, 0, 
652, 1, 647, 648, -1, 223, 271, 12.2, 15, ABplpappaap, 0, 0, 0, 0, , 0, 0, 0, 0, 0, 
653, 1, 648, 649, -1, 312, 242, 18.0, 11, ABaraaaaaaa, 0, 0, 0, 0, , 0, 0, 0, 0, 0, 
654, 1, 649, 650, -1, 330, 259, 19.0, 15, ABalapaappa, 0, 0, 0, 0, , 0, 0, 0, 0, 0, 
655, 1, 650, 651, -1, 325, 227, 29.0, 15, ABalapapapa, 0, 0, 0, 0, , 0, 0, 0, 0, 0, 
656, 1, 651, 652, -1, 293, 249, 30.0, 13, MSaaapaaa, 0, 0, 0, 0, , 0, 0, 0, 0, 0, 
657, 0, 652, -1, -1, 255, 219, 10.775281, 13, , 0, 0, 0, 0, , 0, 0, 0, 0, 0, 
658, 1, 653, 654, -1, 254, 197, 12.0, 13, ABalaapappp, 0, 0, 0, 0, , 0, 0, 0, 0, 0, 
659, 1, 654, 655, -1, 310, 280, 22.692308, 13, ABalppppaav, 0, 0, 0, 0, , 0, 0, 0, 0, 0, 
660, 1, 655, 656, -1, 207, 220, 10.75, 12, ABprppaapaa, 0, 0, 0, 0, , 0, 0, 0, 0, 0, 
