1, 1, 1, 1, -1, 297, 218, 25.0, 13, ABaraappaaa, 6059, 0, 0, 0, , 0, 0, 0, 0, 0, 
2, 1, 2, 2, -1, 295, 216, 27.0, 15, ABaraappaap, 7702, 0, 0, 0, , 0, 0, 0, 0, 0, 
3, 1, 3, 3, -1, 243, 214, 29.0, 17, ABaraappapp, 6328, 0, 0, 0, , 0, 0, 0, 0, 0, 
4, 1, 4, 4, -1, 283, 209, 27.0, 15, ABaraappapa, 7646, 0, 0, 0, , 0, 0, 0, 0, 0, 
5, 1, 5, 5, -1, 229, 208, 25.0, 15, ABaraapppaa, 6562, 0, 0, 0, , 0, 0, 0, 0, 0, 
6, 1, 6, 6, -1, 222, 235, 21.0, 13, ABaraappppp, 6888, 0, 0, 0, , 0, 0, 0, 0, 0, 
7, 1, 7, 7, -1, 253, 284, 22.0, 15, ABaraapappa, 7163, 0, 0, 0, , 0, 0, 0, 0, 0, 
8, 1, 8, 8, -1, 243, 273, 22.0, 15, ABaraapappp, 13073, 0, 0, 0, , 0, 0, 0, 0, 0, 
9, 1, 9, 9, -1, 247, 280, 28.0, 17, ABaraapapap, 8432, 0, 0, 0, , 0, 0, 0, 0, 0, 
10, 1, 10, 10, -1, 257, 279, 25.0, 17, ABaraapapaa, 8432, 0, 0, 0, , 0, 0, 0, 0, 0, 
11, 1, 11, 11, -1, 299, 231, 24.0, 17, ABaraapaaaa, 8496, 0, 0, 0, , 0, 0, 0, 0, 0, 
12, 1, 12, 12, -1, 294, 241, 26.0, 15, ABaraapaaap, 11428, 0, 0, 0, , 0, 0, 0, 0, 0, 
13, 0, 13, -1, -1, 290, 251, 31.0, 13, , 1090, 0, 0, 0, , 0, 0, 0, 0, 0, 
14, 1, 14, 14, -1, 297, 251, 27.0, 15, ABaraapaapa, 8096, 0, 0, 0, , 0, 0, 0, 0, 0, 
15, 1, 15, 15, -1, 305, 221, 14.0, 11, ABaraaappap, 3274, 0, 0, 0, , 0, 0, 0, 0, 0, 
16, 1, 16, 16, -1, 313, 218, 16.0, 13, ABaraaappaa, 3588, 0, 0, 0, , 0, 0, 0, 0, 0, 
17, 1, 17, 17, -1, 316, 209, 16.0, 15, ABaraaapppa, 8047, 0, 0, 0, , 0, 0, 0, 0, 0, 
18, 1, 18, 18, -1, 305, 209, 13.0, 11, ABaraaapppp, 3635, 0, 0, 0, , 0, 0, 0, 0, 0, 
19, 1, 19, 19, -1, 294, 217, 21.0, 15, ABaraaapaaa, 5314, 0, 0, 0, , 0, 0, 0, 0, 0, 
20, 1, 20, 20, -1, 268, 207, 25.0, 13, ABaraaapapa, 3065, 0, 0, 0, , 0, 0, 0, 0, 0, 
21, 1, 21, 21, -1, 283, 212, 24.0, 15, ABaraaapaap, 4942, 0, 0, 0, , 0, 0, 0, 0, 0, 
22, 1, 22, 22, -1, 245, 217, 25.0, 15, ABaraaapapp, 9618, 0, 0, 0, , 0, 0, 0, 0, 0, 
23, 1, 23, 23, -1, 277, 243, 20.0, 13, ABaraaaaaap, 3454, 0, 0, 0, , 0, 0, 0, 0, 0, 
24, 1, 24, 24, -1, 279, 218, 21.0, 11, ABaraaaaapp, 3614, 0, 0, 0, , 0, 0, 0, 0, 0, 
25, 1, 25, 25, -1, 300, 216, 18.0, 17, ABaraaaaapa, 4088, 0, 0, 0, , 0, 0, 0, 0, 0, 
26, 1, 26, 26, -1, 272, 239, 26.0, 11, ABaraaaapp, 3868, 0, 0, 0, , 0, 0, 0, 0, 0, 
27, 1, 27, 27, -1, 311, 222, 21.0, 15, ABaraaaapap, 3695, 0, 0, 0, , 0, 0, 0, 0, 0, 
28, 1, 28, 28, -1, 316, 220, 19.0, 13, ABaraaaapaa, 4128, 0, 0, 0, , 0, 0, 0, 0, 0, 
29, 1, 29, 29, -1, 216, 260, 19.0, 13, ABalpappapp, 6302, 0, 0, 0, , 0, 0, 0, 0, 0, 
30, 0, -1, -1, -1, 275, 242, 14.0, 13, , 7321, 0, 0, 0, , 0, 0, 0, 0, 0, 
31, 1, 31, 31, -1, 255, 216, 18.0, 13, ABarapapaap, 6904, 0, 0, 0, , 0, 0, 0, 0, 0, 
32, 1, 32, 32, -1, 241, 242, 17.0, 13, ABarapapaaa, 9956, 0, 0, 0, , 0, 0, 0, 0, 0, 
33, 1, 33, 33, -1, 250, 206, 21.0, 15, ABarapappaa, 7892, 0, 0, 0, , 0, 0, 0, 0, 0, 
34, 1, 34, 34, -1, 240, 229, 17.0, 19, ABarapapppp, 1215, 0, 0, 0, , 0, 0, 0, 0, 0, 
35, 1, 35, 35, -1, 267, 229, 17.0, 13, ABarapaaapp, 12780, 0, 0, 0, , 0, 0, 0, 0, 0, 
36, 1, 36, 36, -1, 282, 224, 17.0, 15, ABarapaaapa, 8405, 0, 0, 0, , 0, 0, 0, 0, 0, 
37, 1, 37, 37, -1, 271, 226, 19.0, 15, ABarapaaaap, 5471, 0, 0, 0, , 0, 0, 0, 0, 0, 
38, 1, 38, 38, -1, 267, 223, 21.0, 15, ABarapaapap, 5641, 0, 0, 0, , 0, 0, 0, 0, 0, 
39, 1, 39, 39, -1, 268, 204, 22.0, 13, ABarapaapaa, 6447, 0, 0, 0, , 0, 0, 0, 0, 0, 
40, 1, 40, 40, -1, 256, 205, 25.0, 15, ABarapaappa, 8272, 0, 0, 0, , 0, 0, 0, 0, 0, 
41, 1, 41, 41, -1, 259, 220, 13.0, 13, ABarapppapa, 4707, 0, 0, 0, , 0, 0, 0, 0, 0, 
42, 1, 42, 42, -1, 268, 220, 10.0, 14, ABarapppapp, 2555, 0, 0, 0, , 0, 0, 0, 0, 0, 
43, 1, 43, 43, -1, 298, 197, 14.0, 13, ABarapppaaa, 7223, 0, 0, 0, , 0, 0, 0, 0, 0, 
44, 1, 44, 44, -1, 297, 196, 11.0, 13, ABarapppaap, 5994, 0, 0, 0, , 0, 0, 0, 0, 0, 
45, 1, 45, 45, -1, 285, 195, 15.0, 11, ABarappppap, 3249, 0, 0, 0, , 0, 0, 0, 0, 0, 
46, 1, 46, 46, -1, 290, 186, 17.0, 15, ABarappppaa, 5935, 0, 0, 0, , 0, 0, 0, 0, 0, 
47, 1, 47, 47, -1, 265, 207, 14.0, 11, ABarapppppa, 4496, 0, 0, 0, , 0, 0, 0, 0, 0, 
48, 1, 48, 48, -1, 277, 208, 13.0, 13, ABarapppppp, 6600, 0, 0, 0, , 0, 0, 0, 0, 0, 
49, 1, 49, 49, -1, 261, 233, 11.0, 13, ABarappaaap, 6196, 0, 0, 0, , 0, 0, 0, 0, 0, 
50, 1, 50, 50, -1, 288, 216, 13.0, 13, ABarappaaaa, 6079, 0, 0, 0, , 0, 0, 0, 0, 0, 
51, 1, 51, 51, -1, 278, 227, 12.0, 13, ABarappaapa, 5049, 0, 0, 0, , 0, 0, 0, 0, 0, 
52, 1, 52, 52, -1, 275, 242, 13.0, 11, ABarappaapp, 8237, 0, 0, 0, , 0, 0, 0, 0, 0, 
53, 1, 53, 53, -1, 228, 240, 10.0, 17, ABarappapap, 8230, 0, 0, 0, , 0, 0, 0, 0, 0, 
54, 1, 54, 54, -1, 247, 235, 11.0, 13, ABarappapaa, 6530, 0, 0, 0, , 0, 0, 0, 0, 0, 
55, 1, 55, 55, -1, 194, 239, 12.0, 15, ABarappappp, 7846, 0, 0, 0, , 0, 0, 0, 0, 0, 
56, 1, 637, 56, -1, 192, 239, 16.0, 13, ABprpapppap, 4327, 0, 0, 0, , 0, 0, 0, 0, 0, 
57, 1, 57, 57, -1, 260, 160, 28.0, 15, ABarpapppa, 5285, 0, 0, 0, , 0, 0, 0, 0, 0, 
58, 1, 58, 58, -1, 284, 165, 30.0, 17, ABarpappap, 6700, 0, 0, 0, , 0, 0, 0, 0, 0, 
59, 1, 59, 59, -1, 315, 193, 29.0, 15, ABarpapaaap, 4826, 0, 0, 0, , 0, 0, 0, 0, 0, 
60, 0, 60, -1, -1, 280, 178, 27.0, 11, , 1580, 0, 0, 0, , 0, 0, 0, 0, 0, 
61, 1, 61, 61, -1, 300, 199, 30.0, 13, ABarpapaapp, 2593, 0, 0, 0, , 0, 0, 0, 0, 0, 
62, 1, 62, 62, -1, 290, 224, 36.0, 19, ABarpapapp, 15328, 0, 0, 0, , 0, 0, 0, 0, 0, 
63, 1, 63, 63, -1, 333, 203, 33.0, 17, ABarpapapa, 6943, 0, 0, 0, , 0, 0, 0, 0, 0, 
64, 1, 64, 64, -1, 228, 203, 36.0, 19, ABarpaappp, 7930, 0, 0, 0, , 0, 0, 0, 0, 0, 
65, 1, 65, 65, -1, 296, 194, 35.0, 17, ABarpaapaa, 6562, 0, 0, 0, , 0, 0, 0, 0, 0, 
66, 1, 66, 66, -1, 350, 216, 27.0, 13, ABarpaaaaar, 4938, 0, 0, 0, , 0, 0, 0, 0, 0, 
67, 1, 67, 67, -1, 343, 214, 31.0, 13, ABarpaaaapa, 2885, 0, 0, 0, , 0, 0, 0, 0, 0, 
68, 1, 68, 68, -1, 315, 203, 34.0, 15, ABarpaaapp, 6935, 0, 0, 0, , 0, 0, 0, 0, 0, 
69, 1, 69, 69, -1, 340, 194, 30.0, 13, ABarpaaapaa, 3693, 0, 0, 0, , 0, 0, 0, 0, 0, 
70, 1, 70, 70, -1, 327, 180, 32.0, 17, ABarpaaapap, 5141, 0, 0, 0, , 0, 0, 0, 0, 0, 
71, 1, 71, 71, -1, 271, 335, 26.0, 13, ABarppaaap, 4963, 0, 0, 0, , 0, 0, 0, 0, 0, 
72, 1, 72, 72, -1, 229, 334, 28.0, 13, ABarppaapp, 7095, 0, 0, 0, , 0, 0, 0, 0, 0, 
73, 1, 73, 73, -1, 162, 359, 28.0, 15, ABarppappa, 6671, 0, 0, 0, , 0, 0, 0, 0, 0, 
74, 1, 74, 74, -1, 123, 364, 20.0, 15, ABarppappp, 5865, 0, 0, 0, , 0, 0, 0, 0, 0, 
75, 1, 75, 75, -1, 217, 350, 26.0, 15, ABarppapap, 5499, 0, 0, 0, , 0, 0, 0, 0, 0, 
76, 1, 76, 76, -1, 245, 341, 26.0, 15, ABarppapaa, 5577, 0, 0, 0, , 0, 0, 0, 0, 0, 
77, 1, 77, 77, -1, 112, 219, 26.0, 15, ABarpppppa, 4627, 0, 0, 0, , 0, 0, 0, 0, 0, 
78, 1, 78, 78, -1, 180, 185, 28.0, 13, ABarppppaa, 4377, 0, 0, 0, , 0, 0, 0, 0, 0, 
79, 1, 79, 79, -1, 158, 199, 30.0, 15, ABarppppap, 5345, 0, 0, 0, , 0, 0, 0, 0, 0, 
80, 1, 80, 80, -1, 207, 171, 29.0, 13, ABarpppaap, 2097, 0, 0, 0, , 0, 0, 0, 0, 0, 
81, 1, 81, 81, -1, 235, 191, 34.0, 13, ABarpppaaa, 3952, 0, 0, 0, , 0, 0, 0, 0, 0, 
82, 1, 82, 82, -1, 326, 196, 22.0, 9, ABalappppaa, 610, 0, 0, 0, , 0, 0, 0, 0, 0, 
83, 1, 83, 83, -1, 327, 186, 24.0, 11, ABalappppap, 2056, 0, 0, 0, , 0, 0, 0, 0, 0, 
84, 1, 84, 84, -1, 330, 219, 22.0, 9, ABalapppaaa, 1895, 0, 0, 0, , 0, 0, 0, 0, 0, 
85, 1, 85, 85, -1, 320, 203, 25.0, 11, ABalapppaap, 2855, 0, 0, 0, , 0, 0, 0, 0, 0, 
86, 1, 86, 86, -1, 320, 209, 29.0, 13, ABalapppapa, 785, 0, 0, 0, , 0, 0, 0, 0, 0, 
87, 1, 87, 87, -1, 296, 191, 25.0, 13, ABalappapaa, 2182, 0, 0, 0, , 0, 0, 0, 0, 0, 
88, 1, 88, 88, -1, 335, 204, 25.0, 11, ABalappaaa, 2680, 0, 0, 0, , 0, 0, 0, 0, 0, 
89, 1, 89, 89, -1, 322, 184, 21.0, 11, ABalappappa, 2006, 0, 0, 0, , 0, 0, 0, 0, 0, 
90, 1, 90, 90, -1, 312, 173, 24.0, 11, ABalappappp, 2379, 0, 0, 0, , 0, 0, 0, 0, 0, 
91, 1, 91, 91, -1, 330, 253, 27.0, 15, ABalapapppa, 6777, 0, 0, 0, , 0, 0, 0, 0, 0, 
92, 1, 92, 92, -1, 337, 256, 30.0, 11, ABalapapppp, 2915, 0, 0, 0, , 0, 0, 0, 0, 0, 
93, 1, 93, 93, -1, 343, 228, 22.0, 13, ABalapappaa, 3509, 0, 0, 0, , 0, 0, 0, 0, 0, 
94, 1, 94, 94, -1, 341, 231, 26.0, 13, ABalapappap, 1583, 0, 0, 0, , 0, 0, 0, 0, 0, 
95, 1, 95, 95, -1, 316, 225, 32.0, 11, ABalapapaa, 3459, 0, 0, 0, , 0, 0, 0, 0, 0, 
96, 1, 96, 96, -1, 322, 237, 31.0, 11, ABalapapapp, 1689, 0, 0, 0, , 0, 0, 0, 0, 0, 
97, 1, 97, 97, -1, 324, 275, 27.0, 11, ABalapaaaap, 2980, 0, 0, 0, , 0, 0, 0, 0, 0, 
98, 1, 98, 98, -1, 330, 255, 25.0, 13, ABalapaaaaa, 4393, 0, 0, 0, , 0, 0, 0, 0, 0, 
99, 1, 99, 99, -1, 335, 241, 23.0, 14, ABalapaaapa, 2271, 0, 0, 0, , 0, 0, 0, 0, 0, 
100, 1, 100, 100, -1, 348, 255, 25.0, 13, ABalapaaapp, 3321, 0, 0, 0, , 0, 0, 0, 0, 0, 
101, 0, 101, -1, -1, 325, 260, 20.0, 13, , 3935, 0, 0, 0, , 0, 0, 0, 0, 0, 
102, 1, 102, 102, -1, 332, 256, 23.0, 15, ABalppppapa, 3759, 0, 0, 0, , 0, 0, 0, 0, 0, 
103, 1, 103, 103, -1, 324, 285, 19.0, 11, ABalapaapap, 3738, 0, 0, 0, , 0, 0, 0, 0, 0, 
104, 1, 104, 104, -1, 314, 200, 19.0, 13, ABalaapaaar, 4711, 0, 0, 0, , 0, 0, 0, 0, 0, 
105, 1, 105, 105, -1, 265, 198, 10.0, 11, ABalaapapa, 4990, 0, 0, 0, , 0, 0, 0, 0, 0, 
106, 1, 106, 106, -1, 311, 189, 12.0, 13, ABalaapaapp, 3963, 0, 0, 0, , 0, 0, 0, 0, 0, 
107, 1, 107, 107, -1, 315, 185, 15.0, 13, ABalaapaapa, 4497, 0, 0, 0, , 0, 0, 0, 0, 0, 
108, 1, 108, 108, -1, 293, 173, 12.0, 11, ABalaappaa, 3223, 0, 0, 0, , 0, 0, 0, 0, 0, 
109, 1, 109, 109, -1, 306, 175, 19.0, 13, ABalaappppp, 4359, 0, 0, 0, , 0, 0, 0, 0, 0, 
110, 1, 110, 110, -1, 291, 185, 19.0, 15, ABalaappppa, 2562, 0, 0, 0, , 0, 0, 0, 0, 0, 
111, 1, 111, 111, -1, 275, 169, 18.0, 11, ABalaapppaa, 2835, 0, 0, 0, , 0, 0, 0, 0, 0, 
112, 1, 112, 112, -1, 340, 246, 13.0, 13, ABalaaaalpp, 5089, 0, 0, 0, , 0, 0, 0, 0, 0, 
113, 1, 113, 113, -1, 345, 240, 15.0, 13, ABalaaaalpa, 3621, 0, 0, 0, , 0, 0, 0, 0, 0, 
114, 1, 114, 114, -1, 330, 206, 19.0, 13, ABalaaaarrp, 3556, 0, 0, 0, , 0, 0, 0, 0, 0, 
115, 1, 115, 115, -1, 321, 196, 15.0, 13, ABalaaaarra, 3428, 0, 0, 0, , 0, 0, 0, 0, 0, 
116, 1, 116, 116, -1, 336, 216, 18.0, 11, ABalaaaarlp, 3179, 0, 0, 0, , 0, 0, 0, 0, 0, 
117, 1, 117, 117, -1, 342, 228, 17.0, 13, ABalaaaarla, 3836, 0, 0, 0, , 0, 0, 0, 0, 0, 
118, 1, 118, 118, -1, 328, 191, 18.0, 11, ABalaaapplr, 3561, 0, 0, 0, , 0, 0, 0, 0, 0, 
119, 1, 119, 119, -1, 305, 197, 22.0, 13, ABalaaapprr, 4447, 0, 0, 0, , 0, 0, 0, 0, 0, 
120, 1, 120, 120, -1, 305, 173, 16.0, 15, ABalaaapprl, 5977, 0, 0, 0, , 0, 0, 0, 0, 0, 
121, 1, 121, 121, -1, 334, 208, 27.0, 11, ABalappaapa, 1789, 0, 0, 0, , 0, 0, 0, 0, 0, 
122, 1, 122, 122, -1, 148, 307, 12.0, 13, ABplppppapa, 5052, 0, 0, 0, , 0, 0, 0, 0, 0, 
123, 0, 123, -1, -1, 134, 292, 10.0, 15, , 2771, 0, 0, 0, , 0, 0, 0, 0, 0, 
124, 1, 123, 124, -1, 138, 296, 12.0, 15, ABplppppapp, 5000, 0, 0, 0, , 0, 0, 0, 0, 0, 
125, 1, 124, 125, -1, 149, 304, 15.0, 13, ABplppppaaa, 5250, 0, 0, 0, , 0, 0, 0, 0, 0, 
126, 1, 125, 126, -1, 141, 301, 16.0, 13, ABplppppaap, 4115, 0, 0, 0, , 0, 0, 0, 0, 0, 
127, 1, 126, 127, -1, 89, 314, 13.0, 15, ABplppppppp, 4196, 0, 0, 0, , 0, 0, 0, 0, 0, 
128, 1, 127, 128, -1, 94, 312, 11.0, 11, ABplppppppa, 3722, 0, 0, 0, , 0, 0, 0, 0, 0, 
129, 1, 128, 129, -1, 132, 320, 17.0, 15, ABplpppppap, 5553, 0, 0, 0, , 0, 0, 0, 0, 0, 
130, 1, 129, 130, -1, 140, 315, 19.0, 17, ABplpppppaa, 6366, 0, 0, 0, , 0, 0, 0, 0, 0, 
131, 1, 130, 131, -1, 129, 313, 10.0, 11, ABplpppapaa, 3786, 0, 0, 0, , 0, 0, 0, 0, 0, 
132, 1, 131, 132, -1, 120, 322, 12.0, 13, ABplpppaapp, 4061, 0, 0, 0, , 0, 0, 0, 0, 0, 
133, 1, 132, 133, -1, 162, 307, 12.0, 13, ABplpppaaaa, 5282, 0, 0, 0, , 0, 0, 0, 0, 0, 
134, 1, 133, 134, -1, 163, 321, 13.0, 17, ABplpppaaap, 4144, 0, 0, 0, , 0, 0, 0, 0, 0, 
135, 1, 134, 135, -1, 167, 316, 14.0, 15, ABplppapppp, 3551, 0, 0, 0, , 0, 0, 0, 0, 0, 
136, 1, 135, 136, -1, 173, 300, 14.0, 13, ABplppapppa, 3579, 0, 0, 0, , 0, 0, 0, 0, 0, 
137, 1, 136, 137, -1, 193, 291, 16.0, 13, ABplppappap, 4135, 0, 0, 0, , 0, 0, 0, 0, 0, 
138, 1, 137, 138, -1, 206, 289, 16.0, 13, ABplppappaa, 4188, 0, 0, 0, , 0, 0, 0, 0, 0, 
139, 1, 138, 139, -1, 197, 309, 17.0, 15, ABplppapaap, 1607, 0, 0, 0, , 0, 0, 0, 0, 0, 
140, 1, 139, 140, -1, 185, 303, 14.0, 13, ABplppapapa, 3516, 0, 0, 0, , 0, 0, 0, 0, 0, 
141, 1, 140, 141, -1, 180, 319, 16.0, 15, ABplppapapp, 5348, 0, 0, 0, , 0, 0, 0, 0, 0, 
142, 1, 141, 142, -1, 197, 276, 13.0, 11, ABplppaappa, 3654, 0, 0, 0, , 0, 0, 0, 0, 0, 
143, 1, 142, 143, -1, 176, 288, 12.0, 13, ABplppaappp, 5389, 0, 0, 0, , 0, 0, 0, 0, 0, 
144, 1, 143, 144, -1, 269, 297, 14.0, 13, ABplppaaaaa, 6925, 0, 0, 0, , 0, 0, 0, 0, 0, 
145, 0, 144, -1, -1, 269, 322, 17.0, 15, , 4424, 0, 0, 0, , 0, 0, 0, 0, 0, 
146, 1, 145, 147, -1, 244, 251, 12.0, 13, ABplpappaaa, 5753, 0, 0, 0, , 0, 0, 0, 0, 0, 
147, 1, 146, 148, -1, 203, 269, 18.0, 13, MSaappaa, 3191, 0, 0, 0, , 0, 0, 0, 0, 0, 
148, 1, 147, 149, -1, 128, 294, 15.0, 15, ABplpappppp, 3231, 0, 0, 0, , 0, 0, 0, 0, 0, 
149, 1, 148, 150, -1, 148, 283, 15.0, 13, ABplpappppa, 3185, 0, 0, 0, , 0, 0, 0, 0, 0, 
150, 1, 149, 151, -1, 157, 288, 13.0, 13, ABplpapppaa, 3417, 0, 0, 0, , 0, 0, 0, 0, 0, 
151, 1, 150, 152, -1, 146, 269, 13.0, 11, ABplpapppap, 3219, 0, 0, 0, , 0, 0, 0, 0, 0, 
152, 1, 151, 153, -1, 210, 286, 15.0, 15, ABplpapappa, 6151, 0, 0, 0, , 0, 0, 0, 0, 0, 
153, 1, 152, 154, -1, 180, 283, 15.0, 11, ABplpapappp, 3048, 0, 0, 0, , 0, 0, 0, 0, 0, 
154, 1, 153, 155, -1, 234, 295, 14.0, 13, ABplpapapap, 2755, 0, 0, 0, , 0, 0, 0, 0, 0, 
155, 1, 154, 156, -1, 239, 287, 16.0, 13, ABplpapapaa, 4703, 0, 0, 0, , 0, 0, 0, 0, 0, 
156, 1, 155, 157, -1, 269, 275, 13.0, 11, ABplpapaapa, 3377, 0, 0, 0, , 0, 0, 0, 0, 0, 
157, 1, 156, 158, -1, 260, 286, 13.0, 11, ABplpapaapp, 2960, 0, 0, 0, , 0, 0, 0, 0, 0, 
158, 1, 157, 159, -1, 244, 284, 12.0, 13, ABplpapaaap, 7271, 0, 0, 0, , 0, 0, 0, 0, 0, 
159, 1, 158, 160, -1, 253, 273, 14.0, 11, ABplpapaaaa, 3406, 0, 0, 0, , 0, 0, 0, 0, 0, 
160, 0, 159, -1, -1, 198, 311, 15.0, 13, , 7340, 0, 0, 0, , 0, 0, 0, 0, 0, 
161, 1, 160, 162, -1, 224, 284, 11.0, 15, ABplpaaaapa, 13724, 0, 0, 0, , 0, 0, 0, 0, 0, 
162, 1, 161, 163, -1, 316, 275, 15.0, 13, ABplpaaaaaa, 1180, 0, 0, 0, , 0, 0, 0, 0, 0, 
163, 1, 162, 164, -1, 307, 284, 12.0, 13, ABplpaaapap, 5266, 0, 0, 0, , 0, 0, 0, 0, 0, 
164, 1, 163, 165, -1, 316, 268, 12.0, 11, ABplpaaapaa, 5953, 0, 0, 0, , 0, 0, 0, 0, 0, 
165, 1, 164, 166, -1, 303, 278, 15.0, 13, ABplpaaappa, 5559, 0, 0, 0, , 0, 0, 0, 0, 0, 
166, 1, 165, 167, -1, 270, 325, 21.0, 15, ABplpaappap, 6491, 0, 0, 0, , 0, 0, 0, 0, 0, 
167, 1, 166, 168, -1, 270, 311, 22.0, 13, ABplpaappaa, 4586, 0, 0, 0, , 0, 0, 0, 0, 0, 
168, 1, 167, 169, -1, 284, 284, 15.0, 17, ABplpaaappp, 11249, 0, 0, 0, , 0, 0, 0, 0, 0, 
169, 1, 168, 170, -1, 304, 290, 11.0, 13, ABplpaapapp, 6062, 0, 0, 0, , 0, 0, 0, 0, 0, 
170, 1, 169, 171, -1, 282, 285, 12.0, 13, ABplpaapppp, 6826, 0, 0, 0, , 0, 0, 0, 0, 0, 
171, 1, 170, 172, -1, 284, 305, 20.0, 15, ABplpaapaap, 6470, 0, 0, 0, , 0, 0, 0, 0, 0, 
172, 1, 171, 173, -1, 313, 277, 20.0, 13, ABplpaapaaa, 6523, 0, 0, 0, , 0, 0, 0, 0, 0, 
173, 1, 172, 174, -1, 342, 287, 20.0, 15, ABplpaapapa, 7103, 0, 0, 0, , 0, 0, 0, 0, 0, 
174, 1, 175, 175, -1, 261, 314, 11.0, 15, ABplaapppa, 5645, 0, 0, 0, , 0, 0, 0, 0, 0, 
175, 1, 174, 176, -1, 281, 267, 9.0, 19, ABplaappaa, 9432, 0, 0, 0, , 0, 0, 0, 0, 0, 
176, 0, 175, -1, -1, 263, 316, 14.0, 17, , 13771, 0, 0, 0, , 0, 0, 0, 0, 0, 
177, 1, 176, 178, -1, 241, 335, 20.0, 19, ABplaapppp, 16888, 0, 0, 0, , 0, 0, 0, 0, 0, 
178, 1, 177, 179, -1, 350, 215, 23.0, 13, ABplaapaaaa, 7225, 0, 0, 0, , 0, 0, 0, 0, 0, 
179, 1, 178, 180, -1, 353, 243, 26.0, 15, ABplaapaaap, 5365, 0, 0, 0, , 0, 0, 0, 0, 0, 
180, 1, 179, 181, -1, 338, 271, 24.0, 15, ABplaapaapa, 4841, 0, 0, 0, , 0, 0, 0, 0, 0, 
181, 1, 180, 182, -1, 330, 283, 22.0, 15, ABplaapaapp, 6859, 0, 0, 0, , 0, 0, 0, 0, 0, 
182, 1, 181, 183, -1, 297, 312, 27.0, 17, ABplaapappp, 7451, 0, 0, 0, , 0, 0, 0, 0, 0, 
183, 1, 182, 184, -1, 299, 287, 29.0, 15, ABplaapappa, 4145, 0, 0, 0, , 0, 0, 0, 0, 0, 
184, 1, 183, 185, -1, 280, 307, 27.0, 13, ABplaapapap, 5291, 0, 0, 0, , 0, 0, 0, 0, 0, 
185, 1, 184, 186, -1, 291, 293, 26.0, 15, ABplaapapaa, 4729, 0, 0, 0, , 0, 0, 0, 0, 0, 
186, 1, 185, 187, -1, 318, 254, 31.0, 15, ABplaaaaapp, 5318, 0, 0, 0, , 0, 0, 0, 0, 0, 
187, 1, 186, 188, -1, 311, 265, 27.0, 15, MSapaaap, 4540, 0, 0, 0, , 0, 0, 0, 0, 0, 
188, 1, 187, 189, -1, 339, 244, 30.0, 15, ABplaaaaaap, 5371, 0, 0, 0, , 0, 0, 0, 0, 0, 
189, 1, 188, 636, -1, 338, 231, 28.0, 15, ABplaaaaaaa, 6226, 0, 0, 0, , 0, 0, 0, 0, 0, 
190, 1, 189, 191, -1, 312, 236, 35.0, 15, ABplaaaapp, 5008, 0, 0, 0, , 0, 0, 0, 0, 0, 
191, 1, 190, 192, -1, 322, 291, 30.0, 15, ABplaaappa, 5017, 0, 0, 0, , 0, 0, 0, 0, 0, 
192, 1, 191, 193, -1, 305, 304, 31.0, 17, ABplaaappp, 5526, 0, 0, 0, , 0, 0, 0, 0, 0, 
193, 1, 192, 194, -1, 337, 285, 28.0, 17, ABplaaapap, 8441, 0, 0, 0, , 0, 0, 0, 0, 0, 
194, 1, 193, 195, -1, 346, 265, 28.0, 15, ABplaaapaa, 6209, 0, 0, 0, , 0, 0, 0, 0, 0, 
195, 1, 194, 196, -1, 142, 324, 10.0, 15, ABplappppa, 6003, 0, 0, 0, , 0, 0, 0, 0, 0, 
196, 1, 195, 197, -1, 96, 330, 12.0, 15, ABplappppp, 4913, 0, 0, 0, , 0, 0, 0, 0, 0, 
197, 1, 196, 198, -1, 127, 352, 17.0, 15, ABplapppaaa, 4372, 0, 0, 0, , 0, 0, 0, 0, 0, 
198, 1, 197, 199, -1, 111, 331, 14.0, 11, ABplapppapp, 4326, 0, 0, 0, , 0, 0, 0, 0, 0, 
199, 1, 198, 200, -1, 109, 336, 11.0, 13, ABplapppapa, 3658, 0, 0, 0, , 0, 0, 0, 0, 0, 
200, 1, 199, 201, -1, 203, 340, 21.0, 15, ABplappaaa, 7335, 0, 0, 0, , 0, 0, 0, 0, 0, 
201, 1, 200, 202, -1, 184, 347, 20.0, 17, ABplappaap, 8223, 0, 0, 0, , 0, 0, 0, 0, 0, 
202, 1, 201, 203, -1, 166, 348, 19.0, 15, ABplappapp, 7390, 0, 0, 0, , 0, 0, 0, 0, 0, 
203, 1, 202, 204, -1, 184, 355, 27.0, 15, ABplappapa, 7748, 0, 0, 0, , 0, 0, 0, 0, 0, 
204, 1, 203, 205, -1, 218, 333, 18.0, 15, ABplapaapp, 9762, 0, 0, 0, , 0, 0, 0, 0, 0, 
205, 1, 204, 206, -1, 241, 321, 13.0, 13, ABplapaapa, 9777, 0, 0, 0, , 0, 0, 0, 0, 0, 
206, 1, 205, 207, -1, 282, 296, 34.0, 13, ABarppaaaa, 4432, 0, 0, 0, , 0, 0, 0, 0, 0, 
207, 1, 206, 208, -1, 244, 326, 26.0, 13, ABplapaaapp, 4703, 0, 0, 0, , 0, 0, 0, 0, 0, 
208, 1, 207, 209, -1, 260, 325, 25.0, 17, ABplapaaapa, 4654, 0, 0, 0, , 0, 0, 0, 0, 0, 
209, 1, 208, 210, -1, 110, 360, 18.0, 13, ABplapapppa, 3589, 0, 0, 0, , 0, 0, 0, 0, 0, 
210, 1, 209, 211, -1, 99, 341, 15.0, 15, ABplapapppp, 5788, 0, 0, 0, , 0, 0, 0, 0, 0, 
211, 1, 210, 212, -1, 151, 358, 18.0, 15, ABplapapap, 7061, 0, 0, 0, , 0, 0, 0, 0, 0, 
212, 1, 211, 213, -1, 144, 345, 13.0, 15, ABplapappa, 7500, 0, 0, 0, , 0, 0, 0, 0, 0, 
213, 1, 212, 214, -1, 144, 369, 23.0, 19, ABplapapaa, 7564, 0, 0, 0, , 0, 0, 0, 0, 0, 
214, 1, 213, 215, -1, 233, 227, 13.0, 13, ABprpapaaaa, 3095, 0, 0, 0, , 0, 0, 0, 0, 0, 
215, 1, 214, 216, -1, 227, 216, 11.0, 13, ABprpapaapp, 3314, 0, 0, 0, , 0, 0, 0, 0, 0, 
216, 1, 215, 217, -1, 202, 252, 15.0, 14, ABprpapappa, 3585, 0, 0, 0, , 0, 0, 0, 0, 0, 
217, 1, 216, 218, -1, 167, 277, 14.0, 11, ABprpapappp, 2160, 0, 0, 0, , 0, 0, 0, 0, 0, 
218, 1, 217, 219, -1, 208, 224, 14.0, 13, ABprpapapap, 3460, 0, 0, 0, , 0, 0, 0, 0, 0, 
219, 1, 218, 220, -1, 217, 235, 15.0, 13, ABprpapapaa, 4015, 0, 0, 0, , 0, 0, 0, 0, 0, 
220, 1, 219, 221, -1, 119, 299, 16.0, 17, ABprpappppp, 4371, 0, 0, 0, , 0, 0, 0, 0, 0, 
221, 1, 220, 222, -1, 133, 285, 17.0, 13, ABprpappppa, 4215, 0, 0, 0, , 0, 0, 0, 0, 0, 
222, 1, 221, 223, -1, 241, 239, 14.0, 15, ABprpapppaa, 3904, 0, 0, 0, , 0, 0, 0, 0, 0, 
223, 1, 222, 224, -1, 186, 271, 16.0, 13, ABprpappapp, 2893, 0, 0, 0, , 0, 0, 0, 0, 0, 
224, 1, 223, 225, -1, 217, 254, 11.0, 13, ABprpappaap, 4007, 0, 0, 0, , 0, 0, 0, 0, 0, 
225, 1, 224, 226, -1, 259, 247, 12.0, 11, ABprpappaaa, 2197, 0, 0, 0, , 0, 0, 0, 0, 0, 
226, 1, 225, 227, -1, 246, 178, 17.0, 17, ABprpaaaaap, 5596, 0, 0, 0, , 0, 0, 0, 0, 0, 
227, 1, 226, 228, -1, 253, 180, 21.0, 15, ABpraaappaa, 4494, 0, 0, 0, , 0, 0, 0, 0, 0, 
228, 1, 227, 229, -1, 172, 253, 12.0, 17, ABprpaaaapp, 5647, 0, 0, 0, , 0, 0, 0, 0, 0, 
229, 1, 228, 230, -1, 206, 245, 9.0, 13, ABprpaaaapa, 1688, 0, 0, 0, , 0, 0, 0, 0, 0, 
230, 1, 229, 231, -1, 267, 192, 15.0, 13, ABprpaaappa, 4342, 0, 0, 0, , 0, 0, 0, 0, 0, 
231, 1, 230, 232, -1, 241, 219, 13.0, 13, ABprpapaapa, 4938, 0, 0, 0, , 0, 0, 0, 0, 0, 
232, 1, 231, 233, -1, 249, 201, 16.0, 13, ABprpaaappp, 10164, 0, 0, 0, , 0, 0, 0, 0, 0, 
233, 1, 232, 234, -1, 278, 189, 12.0, 11, ABprpaaapaa, 4705, 0, 0, 0, , 0, 0, 0, 0, 0, 
234, 1, 233, 235, -1, 265, 179, 12.0, 11, ABprpaaapap, 1115, 0, 0, 0, , 0, 0, 0, 0, 0, 
235, 1, 234, 236, -1, 225, 181, 19.0, 13, ABprpaapaap, 7837, 0, 0, 0, , 0, 0, 0, 0, 0, 
236, 1, 235, 237, -1, 279, 157, 20.0, 15, ABprpaapapa, 6655, 0, 0, 0, , 0, 0, 0, 0, 0, 
237, 1, 236, 238, -1, 254, 181, 14.0, 15, ABprpaapapp, 6709, 0, 0, 0, , 0, 0, 0, 0, 0, 
238, 1, 237, 239, -1, 246, 203, 11.0, 13, ABprpaapppp, 6006, 0, 0, 0, , 0, 0, 0, 0, 0, 
239, 1, 238, 240, -1, 210, 174, 19.0, 15, ABprpaappap, 4677, 0, 0, 0, , 0, 0, 0, 0, 0, 
240, 1, 239, 241, -1, 223, 183, 22.0, 15, ABprpaappaa, 5055, 0, 0, 0, , 0, 0, 0, 0, 0, 
241, 1, 240, 242, -1, 97, 261, 12.0, 13, ABprpppaapp, 4572, 0, 0, 0, , 0, 0, 0, 0, 0, 
242, 1, 241, 243, -1, 99, 265, 15.0, 13, ABprpppaapa, 5126, 0, 0, 0, , 0, 0, 0, 0, 0, 
243, 1, 242, 244, -1, 128, 236, 15.0, 13, ABprpppaaap, 6279, 0, 0, 0, , 0, 0, 0, 0, 0, 
244, 1, 243, 245, -1, 136, 254, 13.0, 15, ABprpppaaaa, 5603, 0, 0, 0, , 0, 0, 0, 0, 0, 
245, 1, 244, 246, -1, 113, 273, 11.0, 13, ABprpppapaa, 3601, 0, 0, 0, , 0, 0, 0, 0, 0, 
246, 1, 245, 247, -1, 108, 288, 10.0, 14, ABprpppapap, 5772, 0, 0, 0, , 0, 0, 0, 0, 0, 
247, 0, 246, -1, -1, 121, 302, 9.0, 15, , 4488, 0, 0, 0, , 0, 0, 0, 0, 0, 
248, 1, 247, 249, -1, 131, 259, 11.0, 13, ABprppppapa, 5634, 0, 0, 0, , 0, 0, 0, 0, 0, 
249, 1, 248, 250, -1, 127, 275, 12.0, 13, ABprppppapp, 4131, 0, 0, 0, , 0, 0, 0, 0, 0, 
250, 1, 249, 251, -1, 139, 265, 16.0, 13, ABprppppaaa, 4091, 0, 0, 0, , 0, 0, 0, 0, 0, 
251, 1, 250, 252, -1, 126, 274, 15.0, 13, ABprppppaap, 4692, 0, 0, 0, , 0, 0, 0, 0, 0, 
252, 1, 251, 253, -1, 79, 293, 13.0, 13, ABprppppppp, 3267, 0, 0, 0, , 0, 0, 0, 0, 0, 
253, 1, 252, 254, -1, 92, 294, 11.0, 13, ABprppppppa, 3617, 0, 0, 0, , 0, 0, 0, 0, 0, 
254, 1, 253, 255, -1, 119, 259, 19.0, 13, ABprpppppaa, 5165, 0, 0, 0, , 0, 0, 0, 0, 0, 
255, 1, 254, 256, -1, 103, 263, 19.0, 13, ABprpppppap, 3850, 0, 0, 0, , 0, 0, 0, 0, 0, 
256, 1, 255, 257, -1, 206, 215, 13.0, 13, ABprppaapap, 4834, 0, 0, 0, , 0, 0, 0, 0, 0, 
257, 0, 256, -1, -1, 210, 218, 10.0, 11, , 5223, 0, 0, 0, , 0, 0, 0, 0, 0, 
258, 1, 257, 259, -1, 191, 263, 12.0, 11, ABprppaappa, 4556, 0, 0, 0, , 0, 0, 0, 0, 0, 
259, 1, 258, 260, -1, 169, 268, 13.0, 13, ABprppaappp, 5054, 0, 0, 0, , 0, 0, 0, 0, 0, 
260, 1, 259, 261, -1, 234, 205, 14.0, 15, ABprppaaaaa, 5207, 0, 0, 0, , 0, 0, 0, 0, 0, 
261, 1, 260, 262, -1, 218, 201, 13.0, 17, ABprppaaaap, 6829, 0, 0, 0, , 0, 0, 0, 0, 0, 
262, 1, 639, 263, -1, 201, 195, 12.0, 14, ABpraapppa, 6534, 0, 0, 0, , 0, 0, 0, 0, 0, 
263, 1, 262, 264, -1, 181, 226, 13.0, 15, ABprppapaaa, 4851, 0, 0, 0, , 0, 0, 0, 0, 0, 
264, 1, 263, 265, -1, 167, 234, 15.0, 15, ABprppapaap, 5077, 0, 0, 0, , 0, 0, 0, 0, 0, 
265, 1, 264, 266, -1, 159, 248, 14.0, 13, ABprppapapa, 3810, 0, 0, 0, , 0, 0, 0, 0, 0, 
266, 1, 265, 267, -1, 148, 242, 15.0, 13, ABprppapapp, 3780, 0, 0, 0, , 0, 0, 0, 0, 0, 
267, 1, 266, 268, -1, 157, 262, 14.0, 11, ABprppapppa, 3027, 0, 0, 0, , 0, 0, 0, 0, 0, 
268, 1, 267, 269, -1, 142, 246, 14.0, 13, ABprppapppp, 3798, 0, 0, 0, , 0, 0, 0, 0, 0, 
269, 1, 268, 270, -1, 179, 244, 16.0, 13, ABprppappaa, 2947, 0, 0, 0, , 0, 0, 0, 0, 0, 
270, 1, 269, 271, -1, 173, 255, 16.0, 15, ABprppappap, 3650, 0, 0, 0, , 0, 0, 0, 0, 0, 
271, 1, 270, 272, -1, 345, 194, 22.0, 15, ABpraapaaaa, 6210, 0, 0, 0, , 0, 0, 0, 0, 0, 
272, 1, 271, 273, -1, 329, 187, 27.0, 13, ABarpapaaaa, 3439, 0, 0, 0, , 0, 0, 0, 0, 0, 
273, 1, 272, 274, -1, 333, 177, 25.0, 15, ABpraapaaap, 4851, 0, 0, 0, , 0, 0, 0, 0, 0, 
274, 1, 273, 275, -1, 289, 167, 24.0, 15, ABpraapaapa, 5176, 0, 0, 0, , 0, 0, 0, 0, 0, 
275, 1, 274, 276, -1, 229, 179, 27.0, 13, ABpraapapap, 4725, 0, 0, 0, , 0, 0, 0, 0, 0, 
276, 1, 275, 277, -1, 241, 184, 25.0, 13, ABpraapapaa, 5896, 0, 0, 0, , 0, 0, 0, 0, 0, 
277, 1, 276, 278, -1, 236, 164, 25.0, 15, ABpraapappp, 5933, 0, 0, 0, , 0, 0, 0, 0, 0, 
278, 1, 277, 279, -1, 246, 180, 29.0, 13, ABpraapappa, 5288, 0, 0, 0, , 0, 0, 0, 0, 0, 
279, 1, 278, 280, -1, 184, 188, 20.0, 13, ABpraapppp, 4234, 0, 0, 0, , 0, 0, 0, 0, 0, 
280, 1, 279, 281, -1, 229, 187, 12.0, 11, ABpraappap, 3823, 0, 0, 0, , 0, 0, 0, 0, 0, 
281, 1, 280, 282, -1, 250, 188, 10.0, 15, ABpraappaa, 5608, 0, 0, 0, , 0, 0, 0, 0, 0, 
282, 1, 281, 283, -1, 296, 177, 23.0, 15, ABpraaapapa, 3825, 0, 0, 0, , 0, 0, 0, 0, 0, 
283, 1, 282, 284, -1, 305, 167, 22.0, 13, ABpraaapapp, 4303, 0, 0, 0, , 0, 0, 0, 0, 0, 
284, 1, 283, 285, -1, 266, 183, 24.0, 13, ABpraaapaad, 3968, 0, 0, 0, , 0, 0, 0, 0, 0, 
285, 1, 284, 286, -1, 277, 171, 23.0, 11, ABpraaapaav, 3926, 0, 0, 0, , 0, 0, 0, 0, 0, 
286, 1, 285, 287, -1, 242, 183, 23.0, 13, ABpraaappap, 4391, 0, 0, 0, , 0, 0, 0, 0, 0, 
287, 1, 286, 288, -1, 222, 179, 24.0, 17, ABpraaapppa, 2755, 0, 0, 0, , 0, 0, 0, 0, 0, 
288, 1, 287, 637, -1, 234, 165, 29.0, 15, ABarpapppp, 3590, 0, 0, 0, , 0, 0, 0, 0, 0, 
289, 1, 288, 289, -1, 300, 159, 23.0, 13, ABpraaaaapd, 4377, 0, 0, 0, , 0, 0, 0, 0, 0, 
290, 1, 289, 290, -1, 299, 163, 19.0, 15, ABpraaaaapv, 4748, 0, 0, 0, , 0, 0, 0, 0, 0, 
291, 1, 290, 291, -1, 283, 169, 15.0, 15, ABpraaaaaaa, 4429, 0, 0, 0, , 0, 0, 0, 0, 0, 
292, 1, 291, 292, -1, 281, 180, 11.0, 13, ABpraaaaaap, 4538, 0, 0, 0, , 0, 0, 0, 0, 0, 
293, 1, 292, 293, -1, 266, 169, 16.0, 15, ABpraaaapav, 5035, 0, 0, 0, , 0, 0, 0, 0, 0, 
294, 1, 293, 294, -1, 269, 166, 14.0, 13, ABpraaaapad, 5999, 0, 0, 0, , 0, 0, 0, 0, 0, 
295, 1, 294, 295, -1, 255, 168, 24.0, 13, ABpraaaappa, 4390, 0, 0, 0, , 0, 0, 0, 0, 0, 
296, 1, 295, 296, -1, 258, 173, 26.0, 15, ABpraaaappp, 4393, 0, 0, 0, , 0, 0, 0, 0, 0, 
297, 1, 296, 297, -1, 120, 221, 19.0, 17, ABprappapp, 7981, 0, 0, 0, , 0, 0, 0, 0, 0, 
298, 1, 297, 298, -1, 134, 208, 27.0, 15, ABprappapa, 7003, 0, 0, 0, , 0, 0, 0, 0, 0, 
299, 1, 298, 299, -1, 137, 213, 19.0, 15, ABprappaap, 7550, 0, 0, 0, , 0, 0, 0, 0, 0, 
300, 1, 299, 300, -1, 155, 207, 21.0, 15, ABprappaaa, 8199, 0, 0, 0, , 0, 0, 0, 0, 0, 
301, 1, 300, 301, -1, 77, 250, 15.0, 13, ABprapppaap, 4102, 0, 0, 0, , 0, 0, 0, 0, 0, 
302, 1, 301, 302, -1, 92, 249, 16.0, 15, ABprapppaaa, 4157, 0, 0, 0, , 0, 0, 0, 0, 0, 
303, 1, 302, 303, -1, 90, 274, 13.0, 13, ABprapppapp, 3310, 0, 0, 0, , 0, 0, 0, 0, 0, 
304, 1, 303, 304, -1, 81, 260, 11.0, 11, ABprapppapa, 3784, 0, 0, 0, , 0, 0, 0, 0, 0, 
305, 1, 304, 305, -1, 74, 276, 12.0, 17, ABprappppp, 6833, 0, 0, 0, , 0, 0, 0, 0, 0, 
306, 1, 305, 306, -1, 107, 257, 10.0, 17, ABprappppa, 7005, 0, 0, 0, , 0, 0, 0, 0, 0, 
307, 1, 306, 307, -1, 202, 185, 26.0, 15, ABprapaaapa, 7067, 0, 0, 0, , 0, 0, 0, 0, 0, 
308, 1, 307, 308, -1, 187, 196, 25.0, 15, ABprapaaapp, 4393, 0, 0, 0, , 0, 0, 0, 0, 0, 
309, 1, 308, 309, -1, 220, 187, 31.0, 17, ABprapaaaap, 6075, 0, 0, 0, , 0, 0, 0, 0, 0, 
310, 1, 309, 310, -1, 246, 172, 33.0, 13, ABprapaaaaa, 4354, 0, 0, 0, , 0, 0, 0, 0, 0, 
311, 1, 310, 311, -1, 166, 201, 19.0, 13, ABprapaapp, 7265, 0, 0, 0, , 0, 0, 0, 0, 0, 
312, 1, 311, 312, -1, 193, 225, 11.0, 13, ABprapaapa, 6796, 0, 0, 0, , 0, 0, 0, 0, 0, 
313, 1, 312, 313, -1, 103, 240, 12.0, 17, ABprapappa, 7360, 0, 0, 0, , 0, 0, 0, 0, 0, 
314, 1, 313, 314, -1, 73, 273, 16.0, 15, ABprapapppp, 5934, 0, 0, 0, , 0, 0, 0, 0, 0, 
315, 1, 314, 315, -1, 71, 253, 18.0, 13, ABprapapppa, 4236, 0, 0, 0, , 0, 0, 0, 0, 0, 
316, 1, 315, 316, -1, 108, 226, 16.0, 15, ABprapapap, 7599, 0, 0, 0, , 0, 0, 0, 0, 0, 
317, 1, 316, 317, -1, 93, 231, 24.0, 17, ABprapapaa, 12178, 0, 0, 0, , 0, 0, 0, 0, 0, 
318, 1, 317, 318, -1, 255, 193, 32.0, 17, MSppppap, 4928, 0, 0, 0, , 0, 0, 0, 0, 0, 
319, 1, 318, 319, -1, 233, 199, 21.0, 13, MSppppaa, 4904, 0, 0, 0, , 0, 0, 0, 0, 0, 
320, 1, 319, 320, -1, 253, 212, 34.0, 19, MSpppppa, 12535, 0, 0, 0, , 0, 0, 0, 0, 0, 
321, 1, 320, 321, -1, 222, 221, 34.0, 15, MSpppppp, 6613, 0, 0, 0, , 0, 0, 0, 0, 0, 
322, 1, 321, 322, -1, 251, 196, 29.0, 13, MSpppaaa, 4237, 0, 0, 0, , 0, 0, 0, 0, 0, 
323, 1, 322, 323, -1, 125, 242, 22.0, 13, MSpppaap, 4153, 0, 0, 0, , 0, 0, 0, 0, 0, 
324, 1, 323, 640, -1, 222, 205, 17.0, 15, MSpppapp, 3916, 0, 0, 0, , 0, 0, 0, 0, 0, 
325, 1, 324, 325, -1, 220, 225, 12.0, 13, ABprpapaaap, 3460, 0, 0, 0, , 0, 0, 0, 0, 0, 
326, 1, 325, 326, -1, 144, 275, 19.0, 15, MSppaapp, 4201, 0, 0, 0, , 0, 0, 0, 0, 0, 
327, 1, 326, 327, -1, 263, 198, 19.0, 9, MSppaapa, 2744, 0, 0, 0, , 0, 0, 0, 0, 0, 
328, 1, 327, 328, -1, 286, 202, 20.0, 13, MSppaaaa, 5876, 0, 0, 0, , 0, 0, 0, 0, 0, 
329, 1, 328, 329, -1, 280, 189, 28.0, 19, MSppaaap, 12528, 0, 0, 0, , 0, 0, 0, 0, 0, 
330, 1, 329, 330, -1, 209, 196, 28.0, 13, MSppapaa, 4252, 0, 0, 0, , 0, 0, 0, 0, 0, 
331, 1, 330, 331, -1, 253, 192, 18.0, 13, MSppapap, 4062, 0, 0, 0, , 0, 0, 0, 0, 0, 
332, 1, 331, 332, -1, 196, 257, 20.0, 11, MSpapappp, 3253, 0, 0, 0, , 0, 0, 0, 0, 0, 
333, 1, 332, 333, -1, 209, 245, 22.0, 13, MSpapapaa, 3710, 0, 0, 0, , 0, 0, 0, 0, 0, 
334, 1, 333, 334, -1, 207, 239, 18.0, 13, MSpapaaap, 2861, 0, 0, 0, , 0, 0, 0, 0, 0, 
335, 1, 334, 335, -1, 194, 224, 25.0, 17, MSpapaapp, 8084, 0, 0, 0, , 0, 0, 0, 0, 0, 
336, 1, 335, 336, -1, 171, 326, 19.0, 15, MSpappaa, 5372, 0, 0, 0, , 0, 0, 0, 0, 0, 
337, 1, 336, 337, 338, 153, 233, 19.0, 17, MSpapppp, 5733, 0, 0, 0, , 0, 0, 0, 0, 0, 
338, 1, 337, 339, -1, 252, 242, 30.0, 13, MSpaaappa, 5152, 0, 0, 0, , 0, 0, 0, 0, 0, 
339, 1, 338, 340, -1, 229, 238, 33.0, 15, MSpaaappp, 5941, 0, 0, 0, , 0, 0, 0, 0, 0, 
340, 1, 339, 341, -1, 241, 260, 33.0, 15, MSpaaapaa, 4150, 0, 0, 0, , 0, 0, 0, 0, 0, 
341, 1, 340, 342, -1, 220, 254, 32.0, 13, MSpaaapap, 3415, 0, 0, 0, , 0, 0, 0, 0, 0, 
342, 1, 341, 343, -1, 278, 213, 30.0, 15, MSpaaaapa, 3786, 0, 0, 0, , 0, 0, 0, 0, 0, 
343, 1, 342, 344, -1, 262, 221, 30.0, 15, MSpaaaapp, 4125, 0, 0, 0, , 0, 0, 0, 0, 0, 
344, 1, 343, 345, -1, 279, 235, 33.0, 15, MSpaaaaaa, 5700, 0, 0, 0, , 0, 0, 0, 0, 0, 
345, 1, 344, 346, -1, 264, 233, 33.0, 13, MSpaaaaap, 4278, 0, 0, 0, , 0, 0, 0, 0, 0, 
346, 1, 345, 347, -1, 223, 211, 22.0, 13, ABaraappppa, 5212, 0, 0, 0, , 0, 0, 0, 0, 0, 
347, 1, 346, 348, -1, 223, 211, 28.0, 15, ABaraapppap, 6345, 0, 0, 0, , 0, 0, 0, 0, 0, 
348, 1, 347, 349, -1, 236, 230, 30.0, 11, MSpaapaap, 2985, 0, 0, 0, , 0, 0, 0, 0, 0, 
349, 1, 348, 350, -1, 249, 227, 30.0, 11, MSpaapaaa, 2365, 0, 0, 0, , 0, 0, 0, 0, 0, 
350, 1, 349, 351, -1, 181, 270, 29.0, 15, Earap, 6207, 0, 0, 0, , 0, 0, 0, 0, 0, 
351, 1, 350, 352, -1, 268, 295, 21.0, 11, MSapppaa, 2810, 0, 0, 0, , 0, 0, 0, 0, 0, 
352, 1, 351, 353, -1, 256, 304, 30.0, 15, MSapppap, 3821, 0, 0, 0, , 0, 0, 0, 0, 0, 
353, 1, 352, 354, -1, 263, 276, 33.0, 19, MSappppa, 8446, 0, 0, 0, , 0, 0, 0, 0, 0, 
354, 1, 353, 355, -1, 230, 287, 33.0, 15, MSappppp, 4008, 0, 0, 0, , 0, 0, 0, 0, 0, 
355, 1, 354, 356, -1, 151, 322, 22.0, 15, MSappaap, 4114, 0, 0, 0, , 0, 0, 0, 0, 0, 
356, 1, 355, 357, -1, 268, 290, 29.0, 15, MSappaaa, 3696, 0, 0, 0, , 0, 0, 0, 0, 0, 
357, 0, 356, -1, -1, 265, 303, 15.0, 9, , 1716, 0, 0, 0, , 0, 0, 0, 0, 0, 
358, 1, 357, 359, -1, 267, 289, 18.0, 9, MSappapa, 2373, 0, 0, 0, , 0, 0, 0, 0, 0, 
359, 1, 358, 360, -1, 278, 266, 29.0, 19, ABaraapaapp, 7343, 0, 0, 0, , 0, 0, 0, 0, 0, 
360, 1, 359, 361, -1, 302, 252, 33.0, 15, MSapappp, 4012, 0, 0, 0, , 0, 0, 0, 0, 0, 
361, 1, 360, 641, -1, 291, 284, 19.0, 17, MSapapap, 5820, 0, 0, 0, , 0, 0, 0, 0, 0, 
362, 1, 361, 362, -1, 261, 309, 27.0, 13, MSapapaa, 2574, 0, 0, 0, , 0, 0, 0, 0, 0, 
363, 1, 362, 363, -1, 163, 276, 18.0, 15, MSapaapp, 5012, 0, 0, 0, , 0, 0, 0, 0, 0, 
364, 1, 363, 364, -1, 300, 282, 20.0, 13, MSapaapa, 2467, 0, 0, 0, , 0, 0, 0, 0, 0, 
365, 1, 364, 365, -1, 308, 260, 20.0, 13, MSapaaaa, 4488, 0, 0, 0, , 0, 0, 0, 0, 0, 
366, 1, 365, 366, -1, 293, 232, 29.0, 15, MSaaaaapa, 5058, 0, 0, 0, , 0, 0, 0, 0, 0, 
367, 1, 366, 367, -1, 270, 250, 31.0, 15, MSaaaaapp, 4211, 0, 0, 0, , 0, 0, 0, 0, 0, 
368, 1, 367, 368, -1, 316, 225, 26.0, 15, MSaaaaaa, 11319, 0, 0, 0, , 0, 0, 0, 0, 0, 
369, 1, 368, 369, -1, 257, 248, 34.0, 13, MSaaaapaa, 4701, 0, 0, 0, , 0, 0, 0, 0, 0, 
370, 1, 369, 370, -1, 254, 259, 31.0, 13, MSaaaapap, 4246, 0, 0, 0, , 0, 0, 0, 0, 0, 
371, 1, 370, 371, -1, 238, 264, 30.0, 11, MSaaaappa, 3993, 0, 0, 0, , 0, 0, 0, 0, 0, 
372, 1, 371, 372, -1, 231, 281, 30.0, 11, MSaaapapp, 1622, 0, 0, 0, , 0, 0, 0, 0, 0, 
373, 1, 372, 373, -1, 269, 272, 27.0, 11, MSaaapaap, 1678, 0, 0, 0, , 0, 0, 0, 0, 0, 
374, 1, 373, 374, -1, 215, 278, 30.0, 13, MSaaappa, 3164, 0, 0, 0, , 0, 0, 0, 0, 0, 
375, 1, 374, 375, -1, 215, 267, 32.0, 15, MSaaappp, 3753, 0, 0, 0, , 0, 0, 0, 0, 0, 
376, 1, 375, 376, -1, 185, 313, 20.0, 15, MSaapppp, 6513, 0, 0, 0, , 0, 0, 0, 0, 0, 
377, 1, 376, 377, -1, 233, 269, 19.0, 11, MSaapaaap, 3319, 0, 0, 0, , 0, 0, 0, 0, 0, 
378, 1, 377, 378, -1, 251, 274, 18.0, 13, MSaapaaaa, 4405, 0, 0, 0, , 0, 0, 0, 0, 0, 
379, 1, 378, 379, -1, 209, 280, 20.0, 13, MSaapappp, 3178, 0, 0, 0, , 0, 0, 0, 0, 0, 
380, 1, 379, 380, -1, 238, 294, 26.0, 15, MSaapappa, 6438, 0, 0, 0, , 0, 0, 0, 0, 0, 
381, 1, 380, 381, 382, 225, 280, 21.0, 13, MSaapapa, 5462, 0, 0, 0, , 0, 0, 0, 0, 0, 
382, 1, 381, 383, -1, 109, 309, 25.0, 25, Eplpa, 2084, 0, 0, 0, , 0, 0, 0, 0, 0, 
383, 1, 382, 384, -1, 118, 349, 22.0, 17, Cappapa, 3802, 0, 0, 0, , 0, 0, 0, 0, 0, 
384, 1, 383, 385, -1, 113, 342, 19.0, 17, Cappapp, 9931, 0, 0, 0, , 0, 0, 0, 0, 0, 
385, 1, 384, 386, -1, 176, 340, 29.0, 15, Cappaaa, 4760, 0, 0, 0, , 0, 0, 0, 0, 0, 
386, 1, 385, 387, -1, 88, 339, 23.0, 15, Capppap, 5130, 0, 0, 0, , 0, 0, 0, 0, 0, 
387, 1, 386, 388, -1, 110, 340, 29.0, 15, Capppaa, 5272, 0, 0, 0, , 0, 0, 0, 0, 0, 
388, 1, 387, 389, -1, 84, 323, 17.0, 17, Cappppv, 4035, 0, 0, 0, , 0, 0, 0, 0, 0, 
389, 1, 388, 390, -1, 128, 346, 25.0, 15, Capapap, 4977, 0, 0, 0, , 0, 0, 0, 0, 0, 
390, 1, 389, 391, -1, 154, 342, 27.0, 15, Capapaa, 5393, 0, 0, 0, , 0, 0, 0, 0, 0, 
391, 1, 390, 392, -1, 132, 318, 14.0, 13, Capappp, 3919, 0, 0, 0, , 0, 0, 0, 0, 0, 
392, 1, 391, 393, -1, 152, 336, 18.0, 15, Capappa, 4583, 0, 0, 0, , 0, 0, 0, 0, 0, 
393, 1, 392, 394, -1, 184, 339, 24.0, 13, Capaaap, 4771, 0, 0, 0, , 0, 0, 0, 0, 0, 
394, 1, 393, 395, -1, 211, 329, 23.0, 13, Capaaaa, 4121, 0, 0, 0, , 0, 0, 0, 0, 0, 
395, 0, 394, -1, -1, 78, 295, 16.0, 13, , 2011, 0, 0, 0, , 0, 0, 0, 0, 0, 
396, 1, 395, 397, -1, 73, 307, 14.0, 13, Caappv, 4250, 0, 0, 0, , 0, 0, 0, 0, 0, 
397, 1, 396, 398, -1, 104, 300, 11.0, 11, Caapap, 4317, 0, 0, 0, , 0, 0, 0, 0, 0, 
398, 1, 397, 399, -1, 84, 347, 20.0, 17, Cpappd, 5969, 0, 0, 0, , 0, 0, 0, 0, 0, 
399, 1, 398, 400, -1, 77, 327, 13.0, 15, Cpappv, 5094, 0, 0, 0, , 0, 0, 0, 0, 0, 
400, 1, 399, 401, -1, 62, 289, 23.0, 17, Cpapaa, 4449, 0, 0, 0, , 0, 0, 0, 0, 0, 
401, 1, 400, 402, -1, 108, 242, 23.0, 15, Cppaapp, 5516, 0, 0, 0, , 0, 0, 0, 0, 0, 
402, 1, 401, 403, -1, 135, 227, 23.0, 15, Cppaapa, 5843, 0, 0, 0, , 0, 0, 0, 0, 0, 
403, 1, 402, 404, -1, 152, 219, 25.0, 15, Cppaaap, 4639, 0, 0, 0, , 0, 0, 0, 0, 0, 
404, 1, 403, 405, -1, 170, 216, 23.0, 15, Cppaaaa, 4541, 0, 0, 0, , 0, 0, 0, 0, 0, 
405, 1, 404, 406, -1, 134, 230, 28.0, 17, Cppapaa, 10888, 0, 0, 0, , 0, 0, 0, 0, 0, 
406, 1, 405, 407, -1, 115, 258, 15.0, 13, Cppappp, 4337, 0, 0, 0, , 0, 0, 0, 0, 0, 
407, 1, 406, 408, -1, 105, 244, 18.0, 15, Cppappa, 5793, 0, 0, 0, , 0, 0, 0, 0, 0, 
408, 1, 407, 409, -1, 128, 246, 33.0, 15, Cpppaap, 4019, 0, 0, 0, , 0, 0, 0, 0, 0, 
409, 1, 408, 410, -1, 157, 220, 29.0, 15, Cpppaaa, 6769, 0, 0, 0, , 0, 0, 0, 0, 0, 
410, 1, 409, 411, -1, 85, 263, 20.0, 19, Cpppapp, 13996, 0, 0, 0, , 0, 0, 0, 0, 0, 
411, 1, 410, 412, -1, 85, 261, 24.0, 17, Cpppapa, 7148, 0, 0, 0, , 0, 0, 0, 0, 0, 
412, 1, 411, 413, -1, 250, 312, 18.0, 15, Daapa, 5427, 0, 0, 0, , 0, 0, 0, 0, 0, 
413, 1, 412, 414, -1, 232, 314, 17.0, 17, Daapp, 9046, 0, 0, 0, , 0, 0, 0, 0, 0, 
414, 1, 413, 415, -1, 251, 307, 23.0, 13, Daaaa, 6285, 0, 0, 0, , 0, 0, 0, 0, 0, 
415, 1, 414, 416, -1, 235, 308, 30.0, 15, Daaap, 5334, 0, 0, 0, , 0, 0, 0, 0, 0, 
416, 1, 415, 417, -1, 221, 302, 32.0, 15, Dappaa, 5097, 0, 0, 0, , 0, 0, 0, 0, 0, 
417, 1, 416, 418, -1, 197, 315, 31.0, 13, Dappap, 2558, 0, 0, 0, , 0, 0, 0, 0, 0, 
418, 1, 417, 419, -1, 178, 324, 32.0, 17, Dappp, 4943, 0, 0, 0, , 0, 0, 0, 0, 0, 
419, 1, 418, 420, -1, 193, 210, 17.0, 17, Dpapp, 4863, 0, 0, 0, , 0, 0, 0, 0, 0, 
420, 1, 419, 421, -1, 205, 199, 18.0, 15, Dpapa, 4506, 0, 0, 0, , 0, 0, 0, 0, 0, 
421, 1, 420, 422, -1, 204, 207, 31.0, 17, Dpaap, 5983, 0, 0, 0, , 0, 0, 0, 0, 0, 
422, 0, 421, -1, -1, 197, 200, 34.0, 15, , 3773, 0, 0, 0, , 0, 0, 0, 0, 0, 
423, 1, 422, 424, -1, 209, 195, 22.0, 15, Dpaaa, 4706, 0, 0, 0, , 0, 0, 0, 0, 0, 
424, 1, 423, 425, -1, 161, 233, 33.0, 19, Dpppp, 5822, 0, 0, 0, , 0, 0, 0, 0, 0, 
425, 1, 424, 426, -1, 180, 233, 34.0, 13, Dpppap, 3779, 0, 0, 0, , 0, 0, 0, 0, 0, 
426, 1, 425, 427, -1, 207, 226, 34.0, 13, Dpppaa, 4242, 0, 0, 0, , 0, 0, 0, 0, 0, 
427, 1, 426, 428, -1, 191, 204, 22.0, 17, Dppaa, 5096, 0, 0, 0, , 0, 0, 0, 0, 0, 
428, 1, 427, 429, -1, 176, 217, 29.0, 13, Dppap, 5854, 0, 0, 0, , 0, 0, 0, 0, 0, 
429, 0, 428, -1, -1, 380, 244, 24.0, 15, , 8350, 0, 0, 0, , 0, 0, 0, 0, 0, 
430, 1, 429, 431, -1, 311, 282, 27.0, 9, ABalpppappa, 2081, 0, 0, 0, , 0, 0, 0, 0, 0, 
431, 1, 430, 432, -1, 314, 296, 26.0, 15, ABalpppappp, 5515, 0, 0, 0, , 0, 0, 0, 0, 0, 
432, 1, 431, 433, -1, 285, 297, 23.0, 15, ABalpppppap, 3652, 0, 0, 0, , 0, 0, 0, 0, 0, 
433, 1, 432, 434, -1, 296, 309, 23.0, 11, ABalppppppaa, 3324, 0, 0, 0, , 0, 0, 0, 0, 0, 
434, 1, 433, 435, -1, 277, 323, 24.0, 11, ABalppppppap, 1856, 0, 0, 0, , 0, 0, 0, 0, 0, 
435, 1, 434, 436, -1, 308, 313, 21.0, 15, ABalpppppppa, 3950, 0, 0, 0, , 0, 0, 0, 0, 0, 
436, 1, 435, 437, -1, 347, 258, 22.0, 13, ABalppppapp, 3789, 0, 0, 0, , 0, 0, 0, 0, 0, 
437, 1, 436, 438, -1, 336, 280, 15.0, 11, ABalpppaaaa, 3539, 0, 0, 0, , 0, 0, 0, 0, 0, 
438, 1, 437, 439, -1, 326, 275, 11.0, 13, ABalpppaaap, 4449, 0, 0, 0, , 0, 0, 0, 0, 0, 
439, 1, 438, 440, -1, 350, 271, 18.0, 13, ABalpppaapd, 5226, 0, 0, 0, , 0, 0, 0, 0, 0, 
440, 1, 439, 441, -1, 351, 269, 22.0, 13, ABalpppaapv, 5377, 0, 0, 0, , 0, 0, 0, 0, 0, 
441, 1, 440, 442, -1, 318, 294, 16.0, 15, ABalpppapad, 5508, 0, 0, 0, , 0, 0, 0, 0, 0, 
442, 1, 441, 443, -1, 320, 292, 14.0, 15, ABalpppapav, 5298, 0, 0, 0, , 0, 0, 0, 0, 0, 
443, 1, 442, 656, -1, 348, 259, 16.0, 13, ABalaaapalr, 2875, 0, 0, 0, , 0, 0, 0, 0, 0, 
444, 0, -1, -1, -1, 341, 262, 12.0, 13, , 1770, 0, 0, 0, , 0, 0, 0, 0, 0, 
445, 1, 444, 445, -1, 338, 260, 11.0, 15, ABalppaaapp, 3510, 0, 0, 0, , 0, 0, 0, 0, 0, 
446, 1, 445, 446, -1, 292, 269, 12.0, 13, ABalppaappp, 3458, 0, 0, 0, , 0, 0, 0, 0, 0, 
447, 1, 446, 447, -1, 307, 239, 9.0, 11, ABalppaapa, 4539, 0, 0, 0, , 0, 0, 0, 0, 0, 
448, 1, 447, 448, -1, 297, 301, 17.0, 17, ABplpaaaaap, 7002, 0, 0, 0, , 0, 0, 0, 0, 0, 
449, 1, 448, 449, -1, 305, 259, 11.0, 11, ABalppapppa, 1963, 0, 0, 0, , 0, 0, 0, 0, 0, 
450, 1, 449, 450, -1, 318, 259, 15.0, 11, ABalppappap, 4138, 0, 0, 0, , 0, 0, 0, 0, 0, 
451, 1, 450, 451, -1, 326, 257, 17.0, 15, ABalppappaa, 7512, 0, 0, 0, , 0, 0, 0, 0, 0, 
452, 1, 451, 452, -1, 287, 254, 13.0, 11, ABalppapapa, 3950, 0, 0, 0, , 0, 0, 0, 0, 0, 
453, 1, 452, 453, -1, 278, 263, 11.0, 13, ABalppapapp, 5241, 0, 0, 0, , 0, 0, 0, 0, 0, 
454, 1, 453, 454, -1, 327, 248, 13.0, 13, ABalppapaaa, 4753, 0, 0, 0, , 0, 0, 0, 0, 0, 
455, 0, 454, -1, -1, 239, 279, 9.0, 11, , 940, 0, 0, 0, , 0, 0, 0, 0, 0, 
456, 1, 455, 455, -1, 262, 261, 11.0, 13, ABalpapapaa, 6839, 0, 0, 0, , 0, 0, 0, 0, 0, 
457, 1, 456, 456, -1, 197, 289, 12.0, 13, ABalpapappa, 5593, 0, 0, 0, , 0, 0, 0, 0, 0, 
458, 1, 457, 457, -1, 290, 236, 12.0, 11, ABalpapaapp, 6956, 0, 0, 0, , 0, 0, 0, 0, 0, 
459, 1, 458, 458, -1, 298, 228, 12.0, 11, ABalpapaapa, 3595, 0, 0, 0, , 0, 0, 0, 0, 0, 
460, 1, 459, 459, -1, 314, 252, 10.0, 13, ABalppaappa, 5399, 0, 0, 0, , 0, 0, 0, 0, 0, 
461, 1, 460, 460, -1, 305, 240, 14.0, 13, ABalpapaaaa, 6367, 0, 0, 0, , 0, 0, 0, 0, 0, 
462, 1, 461, 461, -1, 286, 253, 18.0, 13, ABalpaaaaap, 4475, 0, 0, 0, , 0, 0, 0, 0, 0, 
463, 1, 462, 462, -1, 260, 242, 19.0, 11, ABalpappaaa, 6563, 0, 0, 0, , 0, 0, 0, 0, 0, 
464, 1, 463, 463, -1, 276, 274, 19.0, 15, ABalpapppaa, 7230, 0, 0, 0, , 0, 0, 0, 0, 0, 
465, 1, 464, 464, -1, 261, 258, 22.0, 15, ABalpapppap, 5964, 0, 0, 0, , 0, 0, 0, 0, 0, 
466, 1, 465, 465, -1, 297, 261, 22.0, 13, ABalpaaapaa, 3139, 0, 0, 0, , 0, 0, 0, 0, 0, 
467, 1, 466, 466, -1, 289, 261, 24.0, 11, ABalpaaapap, 4585, 0, 0, 0, , 0, 0, 0, 0, 0, 
468, 1, 467, 467, -1, 279, 252, 17.0, 15, ABalpaaaapp, 5788, 0, 0, 0, , 0, 0, 0, 0, 0, 
469, 1, 468, 468, -1, 294, 241, 17.0, 13, ABalpaaaapa, 5162, 0, 0, 0, , 0, 0, 0, 0, 0, 
470, 1, 469, 469, -1, 285, 264, 20.0, 17, ABalpappaap, 8612, 0, 0, 0, , 0, 0, 0, 0, 0, 
471, 1, 470, 470, -1, 304, 244, 18.0, 13, ABalpaaaaaa, 6766, 0, 0, 0, , 0, 0, 0, 0, 0, 
472, 1, 471, 471, -1, 329, 223, 17.0, 11, ABalpaapppa, 6968, 0, 0, 0, , 0, 0, 0, 0, 0, 
473, 1, 472, 472, -1, 329, 233, 13.0, 11, ABalpaapppp, 3366, 0, 0, 0, , 0, 0, 0, 0, 0, 
474, 1, 473, 473, -1, 317, 229, 17.0, 11, ABalpaappaa, 3928, 0, 0, 0, , 0, 0, 0, 0, 0, 
475, 1, 474, 474, -1, 313, 231, 14.0, 9, ABalpaappap, 2151, 0, 0, 0, , 0, 0, 0, 0, 0, 
476, 1, 475, 475, -1, 278, 256, 26.0, 9, ABalpaapapa, 1374, 0, 0, 0, , 0, 0, 0, 0, 0, 
477, 0, 476, -1, -1, 302, 249, 24.0, 11, , 2006, 0, 0, 0, , 0, 0, 0, 0, 0, 
478, 0, -1, -1, -1, 307, 242, 20.0, 15, , 6422, 0, 0, 0, , 0, 0, 0, 0, 0, 
479, 0, 478, -1, -1, 179, 269, 30.0, 19, , 4224, 0, 0, 0, , 0, 0, 0, 0, 0, 
480, 1, 479, 479, -1, 139, 307, 26.0, 19, Ealpp, 14208, 0, 0, 0, , 0, 0, 0, 0, 0, 
481, 0, 480, -1, -1, 192, 251, 23.0, 11, , 1662, 0, 0, 0, , 0, 0, 0, 0, 0, 
482, 1, 481, 481, -1, 139, 279, 28.0, 21, Earpp, 2666, 0, 0, 0, , 0, 0, 0, 0, 0, 
483, 1, 482, 482, -1, 171, 289, 26.0, 23, Ealap, 25790, 0, 0, 0, , 0, 0, 0, 0, 0, 
484, 1, 483, 483, -1, 206, 278, 25.0, 17, Ealaa, 11822, 0, 0, 0, , 0, 0, 0, 0, 0, 
485, 1, 484, 484, -1, 116, 313, 29.0, 19, Eplap, 17237, 0, 0, 0, , 0, 0, 0, 0, 0, 
486, 1, 485, 485, -1, 104, 284, 20.0, 25, Eprpp, 1556, 0, 0, 0, , 0, 0, 0, 0, 0, 
487, 1, 486, 486, -1, 202, 331, 28.0, 15, Dapap, 5721, 0, 0, 0, , 0, 0, 0, 0, 0, 
488, 1, 487, 487, -1, 230, 317, 23.0, 15, Dapaa, 6438, 0, 0, 0, , 0, 0, 0, 0, 0, 
489, 1, 488, 488, -1, 224, 298, 24.0, 13, MSaapaapp, 5389, 0, 0, 0, , 0, 0, 0, 0, 0, 
490, 1, 489, 489, -1, 241, 292, 24.0, 13, MSaapaapa, 3104, 0, 0, 0, , 0, 0, 0, 0, 0, 
491, 1, 490, 490, -1, 177, 202, 31.0, 15, ABarpppapp, 7246, 0, 0, 0, , 0, 0, 0, 0, 0, 
492, 1, 491, 491, -1, 249, 301, 14.0, 13, ABplppaapap, 4955, 0, 0, 0, , 0, 0, 0, 0, 0, 
493, 1, 492, 492, -1, 243, 303, 10.0, 11, ABplppaapaa, 5774, 0, 0, 0, , 0, 0, 0, 0, 0, 
494, 1, 493, 582, -1, 90, 347, 25.0, 19, Cpapap, 3414, 0, 0, 0, , 0, 0, 0, 0, 0, 
495, 1, 494, 493, -1, 337, 245, 17.0, 13, ABalaaaalar, 4477, 0, 0, 0, , 0, 0, 0, 0, 0, 
496, 1, 495, 494, -1, 334, 239, 19.0, 13, ABalaaaalal, 4383, 0, 0, 0, , 0, 0, 0, 0, 0, 
497, 1, 496, 495, -1, 300, 181, 28.0, 13, ABalapppppp, 3380, 0, 0, 0, , 0, 0, 0, 0, 0, 
498, 1, 497, 496, -1, 299, 166, 27.0, 15, ABarpappaa, 5263, 0, 0, 0, , 0, 0, 0, 0, 0, 
499, 1, 498, 497, -1, 97, 272, 33.0, 15, Cppppaa, 5410, 0, 0, 0, , 0, 0, 0, 0, 0, 
500, 1, 499, 498, -1, 72, 287, 27.0, 15, Cppppap, 7298, 0, 0, 0, , 0, 0, 0, 0, 0, 
501, 1, 500, 499, -1, 106, 280, 15.0, 15, Cpppppv, 4010, 0, 0, 0, , 0, 0, 0, 0, 0, 
502, 1, 501, 500, -1, 174, 259, 24.0, 13, Earpa, 5355, 0, 0, 0, , 0, 0, 0, 0, 0, 
503, 0, -1, -1, -1, 302, 195, 31.0, 15, , 2574, 0, 0, 0, , 0, 0, 0, 0, 0, 
504, 1, 503, 502, -1, 106, 287, 23.0, 15, Eprpa, 9387, 0, 0, 0, , 0, 0, 0, 0, 0, 
505, 1, 504, 503, -1, 261, 233, 36.0, 19, ABarpaappa, 4481, 0, 0, 0, , 0, 0, 0, 0, 0, 
506, 1, 505, 504, -1, 252, 304, 34.0, 17, ABarppaapa, 10368, 0, 0, 0, , 0, 0, 0, 0, 0, 
507, 0, 506, -1, -1, 106, 310, 25.0, 17, , 14565, 0, 0, 0, , 0, 0, 0, 0, 0, 
508, 1, 507, 506, -1, 197, 270, 20.0, 13, MSaappap, 4003, 0, 0, 0, , 0, 0, 0, 0, 0, 
509, 1, 509, 507, -1, 288, 204, 10.0, 13, ABalaapappa, 1827, 0, 0, 0, , 0, 0, 0, 0, 0, 
510, 0, 510, -1, -1, 141, 278, 27.0, 17, , 4815, 0, 0, 0, , 0, 0, 0, 0, 0, 
511, 1, 511, 509, -1, 220, 312, 13.0, 15, ABplppapaaa, 6109, 0, 0, 0, , 0, 0, 0, 0, 0, 
512, 1, 512, 510, -1, 332, 241, 20.0, 15, ABalaaapall, 8361, 0, 0, 0, , 0, 0, 0, 0, 0, 
513, 0, 513, -1, -1, 117, 309, 28.0, 19, , 21821, 0, 0, 0, , 0, 0, 0, 0, 0, 
514, 1, 514, 512, -1, 275, 195, 17.0, 15, ABprpaaaaaa, 5050, 0, 0, 0, , 0, 0, 0, 0, 0, 
515, 1, 515, 513, -1, 133, 242, 17.0, 17, MSpappap, 7345, 0, 0, 0, , 0, 0, 0, 0, 0, 
516, 1, 516, 514, -1, 207, 241, 30.0, 19, MSpaapapp, 10707, 0, 0, 0, , 0, 0, 0, 0, 0, 
517, 0, 517, -1, -1, 197, 255, 29.0, 21, , 8120, 0, 0, 0, , 0, 0, 0, 0, 0, 
518, 1, 518, 516, -1, 75, 298, 18.0, 15, Cpppppd, 5866, 0, 0, 0, , 0, 0, 0, 0, 0, 
519, 1, 519, 517, -1, 288, 305, 32.0, 13, ABplapaaaaa, 5793, 0, 0, 0, , 0, 0, 0, 0, 0, 
520, 0, 520, -1, -1, 210, 266, 13.0, 9, , 2990, 0, 0, 0, , 0, 0, 0, 0, 0, 
521, 1, 521, 519, -1, 274, 311, 30.0, 17, ABplapaaaap, 7105, 0, 0, 0, , 0, 0, 0, 0, 0, 
522, 1, 522, 520, -1, 333, 268, 15.0, 9, ABalppaaapa, 1639, 0, 0, 0, , 0, 0, 0, 0, 0, 
523, 1, 523, 521, -1, 262, 260, 18.0, 13, ABalpappppp, 4503, 0, 0, 0, , 0, 0, 0, 0, 0, 
524, 1, 524, 522, -1, 348, 209, 19.0, 13, ABalaaaparr, 3686, 0, 0, 0, , 0, 0, 0, 0, 0, 
525, 1, 525, 523, -1, 347, 223, 19.0, 15, ABalaaaparl, 4493, 0, 0, 0, , 0, 0, 0, 0, 0, 
526, 1, 526, 524, -1, 267, 277, 22.0, 11, ABalpaaappp, 3605, 0, 0, 0, , 0, 0, 0, 0, 0, 
527, 1, 527, 525, -1, 281, 277, 22.0, 15, ABalpaaappa, 6003, 0, 0, 0, , 0, 0, 0, 0, 0, 
528, 1, 528, 526, -1, 191, 281, 23.0, 15, Ealpa, 5348, 0, 0, 0, , 0, 0, 0, 0, 0, 
529, 1, 529, 527, -1, 223, 244, 13.0, 11, ABprpappapa, 3757, 0, 0, 0, , 0, 0, 0, 0, 0, 
530, 1, 508, 528, -1, 166, 299, 19.0, 21, Z3, 26718, 0, 0, 0, , 0, 0, 0, 0, 0, 
531, 1, 531, 529, -1, 144, 337, 32.0, 17, Cappaap, 5473, 0, 0, 0, , 0, 0, 0, 0, 0, 
532, 1, 661, 530, -1, 272, 230, 14.0, 13, ABarapapapa, 8922, 0, 0, 0, , 0, 0, 0, 0, 0, 
533, 0, 533, -1, -1, 178, 258, 23.0, 19, , 11644, 0, 0, 0, , 0, 0, 0, 0, 0, 
534, 1, 534, 532, -1, 210, 222, 26.0, 15, MSpapappa, 3835, 0, 0, 0, , 0, 0, 0, 0, 0, 
535, 1, 535, 533, -1, 205, 219, 22.0, 11, MSpapaapa, 2320, 0, 0, 0, , 0, 0, 0, 0, 0, 
536, 1, 536, 534, -1, 270, 163, 24.0, 13, ABpraapaapp, 3840, 0, 0, 0, , 0, 0, 0, 0, 0, 
537, 1, 537, 535, -1, 301, 185, 26.0, 17, ABalapppppa, 9218, 0, 0, 0, , 0, 0, 0, 0, 0, 
538, 1, 538, 536, -1, 292, 219, 17.0, 15, ABarapaaaaa, 8118, 0, 0, 0, , 0, 0, 0, 0, 0, 
539, 1, 539, 537, -1, 302, 259, 14.0, 13, ABalppapppp, 7165, 0, 0, 0, , 0, 0, 0, 0, 0, 
540, 1, 540, 538, -1, 339, 199, 19.0, 13, ABalaaappll, 3637, 0, 0, 0, , 0, 0, 0, 0, 0, 
541, 0, 541, -1, -1, 170, 291, 25.0, 15, , 5287, 0, 0, 0, , 0, 0, 0, 0, 0, 
542, 1, 542, 540, -1, 102, 249, 28.0, 17, Cppapap, 5203, 0, 0, 0, , 0, 0, 0, 0, 0, 
543, 1, 543, 541, -1, 241, 223, 22.0, 15, ABarapaappp, 8579, 0, 0, 0, , 0, 0, 0, 0, 0, 
544, 1, 544, 542, -1, 304, 282, 23.0, 13, ABalppppaad, 7055, 0, 0, 0, , 0, 0, 0, 0, 0, 
545, 0, 545, -1, -1, 254, 277, 31.0, 13, , 3389, 0, 0, 0, , 0, 0, 0, 0, 0, 
546, 0, 546, -1, -1, 268, 316, 16.0, 17, , 9188, 0, 0, 0, , 0, 0, 0, 0, 0, 
547, 1, 548, 545, -1, 280, 277, 25.0, 15, ABalpaapapp, 5262, 0, 0, 0, , 0, 0, 0, 0, 0, 
548, 1, 549, 546, -1, 126, 338, 14.0, 13, ABplpppaapa, 4036, 0, 0, 0, , 0, 0, 0, 0, 0, 
549, 1, 550, 547, -1, 337, 233, 32.0, 17, ABarpaaaapp, 8858, 0, 0, 0, , 0, 0, 0, 0, 0, 
550, 0, 551, -1, -1, 209, 275, 27.0, 23, , 25538, 0, 0, 0, , 0, 0, 0, 0, 0, 
551, 0, 552, -1, -1, 181, 190, 18.0, 15, , 4756, 0, 0, 0, , 0, 0, 0, 0, 0, 
552, 1, 553, 550, -1, 220, 233, 17.0, 13, MSpapaaaa, 4081, 0, 0, 0, , 0, 0, 0, 0, 0, 
553, 0, 554, -1, -1, 207, 199, 10.0, 17, , 4614, 0, 0, 0, , 0, 0, 0, 0, 0, 
554, 1, 555, 552, -1, 194, 223, 18.0, 13, MSpapppaa, 3348, 0, 0, 0, , 0, 0, 0, 0, 0, 
555, 1, 556, 553, -1, 173, 230, 19.0, 15, MSpapppap, 4429, 0, 0, 0, , 0, 0, 0, 0, 0, 
556, 1, 557, 554, -1, 286, 251, 35.0, 19, ABarpaapap, 26960, 0, 0, 0, , 0, 0, 0, 0, 0, 
557, 1, 558, 555, -1, 271, 183, 21.0, 15, ABprpaapaaa, 7168, 0, 0, 0, , 0, 0, 0, 0, 0, 
558, 1, 559, 556, -1, 254, 250, 16.0, 13, ABalpappppa, 4862, 0, 0, 0, , 0, 0, 0, 0, 0, 
559, 1, 560, 557, -1, 289, 318, 18.0, 11, ABalpppppppp, 2587, 0, 0, 0, , 0, 0, 0, 0, 0, 
560, 1, 561, 558, -1, 106, 313, 9.0, 11, ABprpppapp, 2223, 0, 0, 0, , 0, 0, 0, 0, 0, 
561, 1, 562, 559, -1, 156, 297, 29.0, 23, Eplaa, 5235, 0, 0, 0, , 0, 0, 0, 0, 0, 
562, 1, 563, 560, -1, 80, 267, 29.0, 13, Caaapp, 982, 0, 0, 0, , 0, 0, 0, 0, 0, 
563, 1, 564, 561, -1, 221, 212, 10.0, 11, ABprppaaap, 1863, 0, 0, 0, , 0, 0, 0, 0, 0, 
564, 1, 565, 562, -1, 229, 264, 15.0, 14, ABplpappap, 2097, 0, 0, 0, , 0, 0, 0, 0, 0, 
565, 0, 566, -1, -1, 136, 301, 27.0, 11, , 878, 0, 0, 0, , 0, 0, 0, 0, 0, 
566, 1, 567, 564, -1, 102, 248, 32.0, 17, Caaapa, 2358, 0, 0, 0, , 0, 0, 0, 0, 0, 
567, 0, 568, -1, -1, 293, 174, 14.0, 13, , 1341, 0, 0, 0, , 0, 0, 0, 0, 0, 
568, 1, 569, 566, -1, 158, 277, 32.0, 19, Epraa, 6590, 0, 0, 0, , 0, 0, 0, 0, 0, 
569, 1, 570, 567, -1, 127, 352, 31.0, 17, Cpaapp, 8243, 0, 0, 0, , 0, 0, 0, 0, 0, 
570, 1, 571, 568, -1, 307, 194, 17.0, 11, ABalaapaaal, 1164, 0, 0, 0, , 0, 0, 0, 0, 0, 
571, 1, 572, 569, -1, 345, 194, 25.0, 13, ABarpaaaaal, 5000, 0, 0, 0, , 0, 0, 0, 0, 0, 
572, 0, 573, -1, -1, 220, 161, 19.0, 9, , 843, 0, 0, 0, , 0, 0, 0, 0, 0, 
573, 1, 574, 571, -1, 101, 296, 14.0, 13, Caapaa, 3605, 0, 0, 0, , 0, 0, 0, 0, 0, 
574, 1, 575, 572, -1, 206, 194, 34.0, 14, ABarpppapa, 5746, 0, 0, 0, , 0, 0, 0, 0, 0, 
575, 1, 576, 654, -1, 275, 245, 11.0, 13, ABalpapaaap, 3563, 0, 0, 0, , 0, 0, 0, 0, 0, 
576, 1, 577, 573, -1, 257, 295, 18.0, 13, MSappapp, 3076, 0, 0, 0, , 0, 0, 0, 0, 0, 
577, 1, 578, 574, -1, 81, 241, 19.0, 15, ABarpppppp, 4503, 0, 0, 0, , 0, 0, 0, 0, 0, 
578, 0, 579, -1, -1, 315, 225, 29.0, 11, , 807, 0, 0, 0, , 0, 0, 0, 0, 0, 
579, 1, 580, 576, -1, 277, 301, 11.0, 13, ABplaappap, 1338, 0, 0, 0, , 0, 0, 0, 0, 0, 
580, 0, 581, -1, -1, 214, 177, 13.0, 9, , 961, 0, 0, 0, , 0, 0, 0, 0, 0, 
581, 1, 582, 578, -1, 234, 206, 18.0, 13, MSpppapa, 4511, 0, 0, 0, , 0, 0, 0, 0, 0, 
582, 1, 583, 579, -1, 295, 275, 32.0, 15, MSapappa, 4963, 0, 0, 0, , 0, 0, 0, 0, 0, 
583, 1, 566, 580, -1, 120, 286, 29.0, 21, Eprap, 6376, 0, 0, 0, , 0, 0, 0, 0, 0, 
584, 1, 585, 581, -1, 292, 201, 32.0, 19, MSppappp, 5308, 0, 0, 0, , 0, 0, 0, 0, 0, 
585, 0, -1, -1, -1, 91, 346, 27.0, 15, , 4782, 0, 0, 0, , 0, 0, 0, 0, 0, 
586, 1, 587, 583, -1, 111, 309, 13.0, 13, Cappppd, 3825, 0, 0, 0, , 0, 0, 0, 0, 0, 
587, 0, 588, -1, -1, 170, 298, 18.0, 13, , 3298, 0, 0, 0, , 0, 0, 0, 0, 0, 
588, 1, 589, 585, -1, 229, 257, 28.0, 13, MSaaaappp, 4552, 0, 0, 0, , 0, 0, 0, 0, 0, 
589, 1, 590, 586, -1, 115, 351, 14.0, 13, ABplapppaap, 3626, 0, 0, 0, , 0, 0, 0, 0, 0, 
590, 1, 591, 587, -1, 137, 257, 21.0, 21, Z2, 12040, 0, 0, 0, , 0, 0, 0, 0, 0, 
591, 0, 592, -1, -1, 216, 172, 24.0, 13, , 2468, 0, 0, 0, , 0, 0, 0, 0, 0, 
592, 1, 593, 588, -1, 319, 271, 30.0, 13, ABplaaaaapa, 3397, 0, 0, 0, , 0, 0, 0, 0, 0, 
593, 1, 594, 589, -1, 327, 227, 35.0, 19, ABplaaaapa, 10934, 0, 0, 0, , 0, 0, 0, 0, 0, 
594, 0, 595, -1, -1, 226, 266, 13.0, 11, , 1637, 0, 0, 0, , 0, 0, 0, 0, 0, 
595, 1, 596, 591, -1, 195, 241, 19.0, 11, MSpapapap, 4135, 0, 0, 0, , 0, 0, 0, 0, 0, 
596, 0, 597, -1, -1, 138, 308, 28.0, 17, , 3523, 0, 0, 0, , 0, 0, 0, 0, 0, 
597, 0, 598, -1, -1, 101, 294, 27.0, 15, , 1702, 0, 0, 0, , 0, 0, 0, 0, 0, 
598, 0, 599, -1, -1, 251, 310, 26.0, 11, , 1329, 0, 0, 0, , 0, 0, 0, 0, 0, 
599, 1, 600, 595, -1, 116, 307, 20.0, 28, Eplpp, 5843, 0, 0, 0, , 0, 0, 0, 0, 0, 
600, 0, 601, -1, -1, 121, 302, 20.0, 15, , 4169, 0, 0, 0, , 0, 0, 0, 0, 0, 
601, 0, 602, -1, -1, 342, 264, 14.0, 11, , 5669, 0, 0, 0, , 0, 0, 0, 0, 0, 
602, 1, 603, 598, -1, 140, 342, 21.0, 15, Capaapp, 6046, 0, 0, 0, , 0, 0, 0, 0, 0, 
603, 1, 604, 599, -1, 166, 341, 23.0, 13, Capaapa, 4033, 0, 0, 0, , 0, 0, 0, 0, 0, 
604, 0, 605, -1, -1, 231, 190, 11.0, 17, , 11438, 0, 0, 0, , 0, 0, 0, 0, 0, 
605, 1, 606, 601, -1, 276, 189, 31.0, 19, MSppappa, 12685, 0, 0, 0, , 0, 0, 0, 0, 0, 
606, 1, 607, 602, -1, 222, 296, 12.0, 15, ABalpapappp, 5797, 0, 0, 0, , 0, 0, 0, 0, 0, 
607, 0, 608, -1, -1, 138, 253, 23.0, 19, , 4160, 0, 0, 0, , 0, 0, 0, 0, 0, 
608, 1, 609, 604, -1, 223, 234, 28.0, 13, MSpaapapa, 3374, 0, 0, 0, , 0, 0, 0, 0, 0, 
609, 0, 610, -1, -1, 197, 257, 25.0, 15, , 5737, 0, 0, 0, , 0, 0, 0, 0, 0, 
610, 1, 611, 606, 607, 235, 164, 19.0, 15, ABpraaapppp, 5361, 0, 0, 0, , 0, 0, 0, 0, 0, 
611, 1, 612, 608, -1, 303, 291, 20.0, 13, ABalpppppaa, 3328, 0, 0, 0, , 0, 0, 0, 0, 0, 
612, 0, 613, -1, -1, 320, 293, 24.0, 11, , 2326, 0, 0, 0, , 0, 0, 0, 0, 0, 
613, 0, 614, -1, -1, 156, 298, 29.0, 19, , 14634, 0, 0, 0, , 0, 0, 0, 0, 0, 
614, 0, 615, -1, -1, 102, 303, 9.0, 9, , 1061, 0, 0, 0, , 0, 0, 0, 0, 0, 
615, 0, 616, -1, -1, 282, 327, 20.0, 11, , 961, 0, 0, 0, , 0, 0, 0, 0, 0, 
616, 0, 617, -1, -1, 279, 178, 30.0, 13, , 4469, 0, 0, 0, , 0, 0, 0, 0, 0, 
617, 0, 618, -1, -1, 162, 277, 30.0, 15, , 2952, 0, 0, 0, , 0, 0, 0, 0, 0, 
618, 1, 619, 615, -1, 217, 252, 16.0, 13, ABarapapapp, 1429, 0, 0, 0, , 0, 0, 0, 0, 0, 
619, 0, 620, -1, -1, 86, 329, 19.0, 11, , 1647, 0, 0, 0, , 0, 0, 0, 0, 0, 
620, 1, 621, 617, -1, 207, 310, 20.0, 13, MSaapppap, 3664, 0, 0, 0, , 0, 0, 0, 0, 0, 
621, 1, 622, 618, -1, 218, 336, 33.0, 15, Caaaaa, 7456, 0, 0, 0, , 0, 0, 0, 0, 0, 
622, 1, 623, 619, -1, 60, 284, 17.0, 19, Caappd, 11840, 0, 0, 0, , 0, 0, 0, 0, 0, 
623, 0, 624, -1, -1, 83, 259, 29.0, 13, , 4611, 0, 0, 0, , 0, 0, 0, 0, 0, 
624, 0, 625, -1, -1, 247, 324, 28.0, 11, , 1408, 0, 0, 0, , 0, 0, 0, 0, 0, 
625, 0, 626, -1, -1, 239, 227, 18.0, 15, , 3215, 0, 0, 0, , 0, 0, 0, 0, 0, 
626, 1, 627, 623, -1, 231, 247, 17.0, 15, ABarapapppa, 3116, 0, 0, 0, , 0, 0, 0, 0, 0, 
627, 1, 628, 624, -1, 227, 299, 18.0, 13, MSaapppaa, 2965, 0, 0, 0, , 0, 0, 0, 0, 0, 
628, 1, 629, 625, -1, 195, 257, 27.0, 27, Earaa, 2022, 0, 0, 0, , 0, 0, 0, 0, 0, 
629, 0, 630, -1, -1, 138, 272, 29.0, 13, , 3422, 0, 0, 0, , 0, 0, 0, 0, 0, 
630, 1, 636, 627, -1, 188, 254, 14.0, 13, ABarappappa, 5393, 0, 0, 0, , 0, 0, 0, 0, 0, 
631, 1, 648, 628, -1, 308, 237, 22.0, 13, ABalpaapaaa, 4345, 0, 0, 0, , 0, 0, 0, 0, 0, 
632, 0, -1, -1, -1, 203, 256, 28.0, 13, , 1731, 0, 0, 0, , 0, 0, 0, 0, 0, 
633, 0, -1, -1, -1, 153, 300, 32.0, 17, , 9704, 0, 0, 0, , 0, 0, 0, 0, 0, 
634, 0, -1, -1, -1, 247, 300, 35.0, 13, , 7429, 0, 0, 0, , 0, 0, 0, 0, 0, 
635, 0, -1, -1, -1, 110, 308, 23.0, 19, , 4451, 0, 0, 0, , 0, 0, 0, 0, 0, 
636, 0, -1, -1, -1, 231, 168, 31.0, 11, , 1720, 0, 0, 0, , 0, 0, 0, 0, 0, 
637, 1, 631, 638, -1, 194, 330, 34.0, 16, Cpaaap, 0, 0, 0, 0, , 0, 0, 0, 0, 0, 
638, 1, 632, 639, -1, 241, 225, 19.75, 13, ABarapappap, 8539, 0, 0, 0, , 0, 0, 0, 0, 0, 
639, 1, 633, 642, -1, 128, 309, 33.0, 15, Cpaapa, 0, 0, 0, 0, , 0, 0, 0, 0, 0, 
640, 1, 634, 643, -1, 231, 311, 33.0, 15, Cpaaaa, 0, 0, 0, 0, , 0, 0, 0, 0, 0, 
641, 1, 635, 644, -1, 140, 232, 33.0, 15, Caaaap, 0, 0, 0, 0, , 0, 0, 0, 0, 0, 
642, 1, 638, 645, -1, 247, 198, 14.0, 15, ABprpaapppa, 0, 0, 0, 0, , 0, 0, 0, 0, 0, 
643, 1, 640, 646, -1, 312, 243, 11.307693, 13, ABalppapaap, 4126, 0, 0, 0, , 0, 0, 0, 0, 0, 
644, 1, 454, 647, -1, 242, 281, 10.0, 17, ABalpapapap, 6325, 0, 0, 0, , 0, 0, 0, 0, 0, 
645, 1, 641, 648, -1, 318, 203, 30.380953, 12, ABalapppapp, 676, 0, 0, 0, , 0, 0, 0, 0, 0, 
646, 1, 642, 649, -1, 279, 180, 25.0, 11, ABalappapap, 0, 0, 0, 0, , 0, 0, 0, 0, 0, 
647, 1, 643, 650, -1, 315, 274, 18.0, 13, ABalapaapaa, 0, 0, 0, 0, , 0, 0, 0, 0, 0, 
648, 0, 644, -1, -1, 338, 264, 19.0, 15, , 0, 0, 0, 0, , 0, 0, 0, 0, 0, 
649, 1, 645, 652, -1, 274, 181, 19.0, 13, ABalaapppap, 0, 0, 0, 0, , 0, 0, 0, 0, 0, 
650, 0, 646, -1, -1, 299, 183, 11.0, 11, , 0, 0, 0, 0, , 0, 0, 0, 0, 0, 
651, 0, 647, -1, -1, 312, 277, 22.0, 13, , 0, 0, 0, 0, , 0, 0, 0, 0, 0, 
652, 1, 159, 634, -1, 195, 308, 13.0, 15, ABplpaaaapp, 12258, 0, 0, 0, , 0, 0, 0, 0, 0, 
653, 1, 476, 660, -1, 298, 247, 23.0, 13, ABalpaapaap, 0, 0, 0, 0, , 0, 0, 0, 0, 0, 
654, 1, 644, 657, -1, 340, 262, 19.0, 15, ABalapaappp, 0, 0, 0, 0, , 0, 0, 0, 0, 0, 
655, 1, 649, 658, -1, 279, 288, 13.2, 14, ABplpaapppa, 4672, 0, 0, 0, , 0, 0, 0, 0, 0, 
656, 1, 650, 661, -1, 124, 297, 10.0, 10, ABplpppapap, 0, 0, 0, 0, , 0, 0, 0, 0, 0, 
657, 1, 651, 662, -1, 294, 182, 15.0, 13, ABalaappapa, 0, 0, 0, 0, , 0, 0, 0, 0, 0, 
658, 1, 652, 663, -1, 255, 275, 30.0, 13, MSaaapapa, 0, 0, 0, 0, , 0, 0, 0, 0, 0, 
659, 1, 653, 664, -1, 266, 314, 16.0, 16, ABplppaaaap, 0, 0, 0, 0, , 0, 0, 0, 0, 0, 
660, 1, 654, 665, -1, 227, 270, 13.0, 15, ABplpappaap, 0, 0, 0, 0, , 0, 0, 0, 0, 0, 
661, 1, 655, 666, -1, 307, 243, 20.0, 11, ABaraaaaaaa, 0, 0, 0, 0, , 0, 0, 0, 0, 0, 
662, 1, 656, 667, -1, 326, 259, 19.0, 15, ABalapaappa, 0, 0, 0, 0, , 0, 0, 0, 0, 0, 
663, 1, 646, 668, -1, 301, 182, 12.0, 11, ABalaappapp, 0, 0, 0, 0, , 0, 0, 0, 0, 0, 
664, 1, 657, 669, -1, 319, 224, 29.0, 15, ABalapapapa, 0, 0, 0, 0, , 0, 0, 0, 0, 0, 
665, 1, 658, 670, -1, 292, 251, 30.0, 13, MSaaapaaa, 0, 0, 0, 0, , 0, 0, 0, 0, 0, 
666, 0, 659, -1, -1, 260, 229, 10.707865, 13, , 0, 0, 0, 0, , 0, 0, 0, 0, 0, 
667, 1, 660, 672, -1, 263, 206, 12.0, 13, ABalaapappp, 0, 0, 0, 0, , 0, 0, 0, 0, 0, 
668, 1, 532, 30, -1, 273, 248, 15.0, 13, ABalpappapa, 7002, 0, 0, 0, , 0, 0, 0, 0, 0, 
669, 1, 662, 673, -1, 307, 282, 24.076923, 13, ABalppppaav, 0, 0, 0, 0, , 0, 0, 0, 0, 0, 
670, 1, 663, 674, -1, 210, 221, 9.615385, 13, ABprppaapaa, 0, 0, 0, 0, , 0, 0, 0, 0, 0, 
