1, 1, 1, 1, -1, 290, 215, 27.0, 15, ABaraappaap, 9201, 0, 0, 0, , 0, 0, 0, 0, 0, 
2, 1, 2, 2, -1, 243, 214, 30.0, 14, ABaraappapp, 5574, 0, 0, 0, , 0, 0, 0, 0, 0, 
3, 1, 3, 3, -1, 278, 208, 27.0, 15, ABaraappapa, 7315, 0, 0, 0, , 0, 0, 0, 0, 0, 
4, 1, 4, 4, -1, 225, 210, 25.0, 15, ABaraapppaa, 6611, 0, 0, 0, , 0, 0, 0, 0, 0, 
5, 1, 5, 5, -1, 220, 230, 21.0, 15, ABaraappppp, 9773, 0, 0, 0, , 0, 0, 0, 0, 0, 
6, 1, 6, 6, -1, 253, 286, 22.0, 15, ABaraapappa, 6689, 0, 0, 0, , 0, 0, 0, 0, 0, 
7, 1, 7, 7, -1, 242, 276, 22.0, 13, ABaraapappp, 6218, 0, 0, 0, , 0, 0, 0, 0, 0, 
8, 1, 8, 8, -1, 245, 284, 29.0, 19, ABaraapapap, 16119, 0, 0, 0, , 0, 0, 0, 0, 0, 
9, 1, 9, 9, -1, 256, 279, 26.0, 17, ABaraapapaa, 11775, 0, 0, 0, , 0, 0, 0, 0, 0, 
10, 1, 10, 10, -1, 298, 230, 25.0, 15, ABaraapaaaa, 8554, 0, 0, 0, , 0, 0, 0, 0, 0, 
11, 1, 11, 11, -1, 294, 240, 26.0, 15, ABaraapaaap, 9461, 0, 0, 0, , 0, 0, 0, 0, 0, 
12, 0, 12, -1, -1, 292, 254, 31.0, 13, , 1974, 0, 0, 0, , 0, 0, 0, 0, 0, 
13, 1, 13, 13, -1, 298, 253, 27.0, 15, ABaraapaapa, 8200, 0, 0, 0, , 0, 0, 0, 0, 0, 
14, 1, 14, 14, -1, 302, 221, 15.0, 11, ABaraaappap, 4314, 0, 0, 0, , 0, 0, 0, 0, 0, 
15, 1, 15, 15, -1, 312, 215, 17.0, 13, ABaraaappaa, 3696, 0, 0, 0, , 0, 0, 0, 0, 0, 
16, 1, 16, 16, -1, 317, 211, 16.0, 17, ABaraaapppa, 8284, 0, 0, 0, , 0, 0, 0, 0, 0, 
17, 1, 17, 17, -1, 309, 208, 13.0, 11, ABaraaapppp, 4123, 0, 0, 0, , 0, 0, 0, 0, 0, 
18, 1, 18, 18, -1, 292, 216, 21.0, 13, ABaraaapaaa, 5709, 0, 0, 0, , 0, 0, 0, 0, 0, 
19, 1, 19, 19, -1, 280, 212, 24.0, 15, ABaraaapaap, 4494, 0, 0, 0, , 0, 0, 0, 0, 0, 
20, 1, 20, 20, -1, 240, 221, 26.0, 15, ABaraaapapp, 7901, 0, 0, 0, , 0, 0, 0, 0, 0, 
21, 1, 21, 21, -1, 277, 248, 21.0, 13, ABaraaaaaap, 3543, 0, 0, 0, , 0, 0, 0, 0, 0, 
22, 1, 22, 22, -1, 276, 218, 21.0, 11, ABaraaaaapp, 1839, 0, 0, 0, , 0, 0, 0, 0, 0, 
23, 1, 23, 23, -1, 296, 217, 19.0, 13, ABaraaaaapa, 4873, 0, 0, 0, , 0, 0, 0, 0, 0, 
24, 1, 24, 24, -1, 273, 240, 27.0, 11, ABaraaaapp, 3567, 0, 0, 0, , 0, 0, 0, 0, 0, 
25, 1, 25, 644, -1, 300, 223, 22.0, 13, ABaraaaapap, 3979, 0, 0, 0, , 0, 0, 0, 0, 0, 
26, 1, 26, 25, -1, 311, 223, 20.0, 13, ABaraaaapaa, 3797, 0, 0, 0, , 0, 0, 0, 0, 0, 
27, 1, 27, 26, -1, 215, 261, 20.0, 13, ABalpappapp, 8964, 0, 0, 0, , 0, 0, 0, 0, 0, 
28, 1, 28, 27, -1, 268, 245, 15.0, 13, ABalpappapa, 3747, 0, 0, 0, , 0, 0, 0, 0, 0, 
29, 1, 29, 28, -1, 253, 214, 19.0, 15, ABarapapaap, 7340, 0, 0, 0, , 0, 0, 0, 0, 0, 
30, 1, 30, 29, -1, 237, 243, 17.0, 13, ABarapapaaa, 10589, 0, 0, 0, , 0, 0, 0, 0, 0, 
31, 1, 31, 30, -1, 248, 207, 21.0, 15, ABarapappaa, 8669, 0, 0, 0, , 0, 0, 0, 0, 0, 
32, 1, 32, 32, -1, 263, 230, 16.0, 13, ABarapaaapp, 6525, 0, 0, 0, , 0, 0, 0, 0, 0, 
33, 1, 33, 33, -1, 274, 225, 17.0, 15, ABarapaaapa, 7921, 0, 0, 0, , 0, 0, 0, 0, 0, 
34, 1, 34, 34, -1, 265, 228, 19.0, 13, ABarapaaaap, 8865, 0, 0, 0, , 0, 0, 0, 0, 0, 
35, 1, 35, 35, -1, 266, 213, 21.0, 15, ABarapaapap, 7483, 0, 0, 0, , 0, 0, 0, 0, 0, 
36, 1, 36, 36, -1, 261, 204, 23.0, 11, ABarapaapaa, 7275, 0, 0, 0, , 0, 0, 0, 0, 0, 
37, 1, 37, 37, -1, 248, 205, 25.0, 15, ABarapaappa, 7422, 0, 0, 0, , 0, 0, 0, 0, 0, 
38, 1, 38, 38, -1, 260, 220, 12.0, 11, ABarapppapa, 4520, 0, 0, 0, , 0, 0, 0, 0, 0, 
39, 1, 39, 39, -1, 273, 217, 10.0, 15, ABarapppapp, 5182, 0, 0, 0, , 0, 0, 0, 0, 0, 
40, 1, 40, 40, -1, 298, 196, 15.0, 15, ABarapppaaa, 5291, 0, 0, 0, , 0, 0, 0, 0, 0, 
41, 1, 41, 41, -1, 298, 193, 11.0, 13, ABarapppaap, 7668, 0, 0, 0, , 0, 0, 0, 0, 0, 
42, 1, 42, 42, -1, 285, 195, 16.0, 13, ABarappppap, 4635, 0, 0, 0, , 0, 0, 0, 0, 0, 
43, 1, 43, 43, -1, 287, 182, 17.0, 13, ABarappppaa, 6910, 0, 0, 0, , 0, 0, 0, 0, 0, 
44, 1, 44, 44, -1, 267, 210, 14.0, 11, ABarapppppa, 4235, 0, 0, 0, , 0, 0, 0, 0, 0, 
45, 1, 45, 45, -1, 281, 207, 13.0, 13, ABarapppppp, 5133, 0, 0, 0, , 0, 0, 0, 0, 0, 
46, 1, 46, 46, -1, 264, 232, 11.0, 13, ABarappaaap, 5498, 0, 0, 0, , 0, 0, 0, 0, 0, 
47, 1, 47, 47, -1, 288, 215, 14.0, 13, ABarappaaaa, 5791, 0, 0, 0, , 0, 0, 0, 0, 0, 
48, 1, 48, 48, -1, 281, 226, 12.0, 15, ABarappaapa, 6138, 0, 0, 0, , 0, 0, 0, 0, 0, 
49, 1, 49, 49, -1, 278, 239, 10.0, 13, ABalpapaaap, 2369, 0, 0, 0, , 0, 0, 0, 0, 0, 
50, 1, 50, 50, -1, 229, 239, 10.0, 19, ABarappapap, 8680, 0, 0, 0, , 0, 0, 0, 0, 0, 
51, 1, 51, 51, -1, 251, 235, 11.0, 15, ABarappapaa, 7421, 0, 0, 0, , 0, 0, 0, 0, 0, 
52, 1, 52, 52, -1, 194, 239, 11.0, 13, ABarappappp, 6041, 0, 0, 0, , 0, 0, 0, 0, 0, 
53, 1, 53, 53, -1, 192, 237, 15.0, 13, ABprpapppap, 3964, 0, 0, 0, , 0, 0, 0, 0, 0, 
54, 1, 54, 54, -1, 263, 160, 28.0, 15, ABarpapppa, 5611, 0, 0, 0, , 0, 0, 0, 0, 0, 
55, 1, 55, 55, -1, 288, 165, 30.0, 17, ABarpappap, 3352, 0, 0, 0, , 0, 0, 0, 0, 0, 
56, 1, 56, 56, -1, 310, 199, 29.0, 15, ABarpapaaap, 5134, 0, 0, 0, , 0, 0, 0, 0, 0, 
57, 0, 57, -1, -1, 280, 181, 27.0, 13, , 2438, 0, 0, 0, , 0, 0, 0, 0, 0, 
58, 1, 58, 58, -1, 297, 196, 30.0, 11, ABarpapaapp, 2194, 0, 0, 0, , 0, 0, 0, 0, 0, 
59, 1, 59, 59, -1, 294, 226, 35.0, 17, ABarpapapp, 9072, 0, 0, 0, , 0, 0, 0, 0, 0, 
60, 1, 60, 60, -1, 337, 204, 32.0, 17, ABarpapapa, 8168, 0, 0, 0, , 0, 0, 0, 0, 0, 
61, 1, 61, 61, -1, 232, 202, 36.0, 19, ABarpaappp, 6853, 0, 0, 0, , 0, 0, 0, 0, 0, 
62, 1, 62, 62, -1, 302, 194, 35.0, 15, ABarpaapaa, 6141, 0, 0, 0, , 0, 0, 0, 0, 0, 
63, 1, 63, 63, -1, 349, 212, 26.0, 13, ABarpaaaaar, 3894, 0, 0, 0, , 0, 0, 0, 0, 0, 
64, 1, 64, 64, -1, 343, 213, 30.0, 17, ABarpaaaapa, 7574, 0, 0, 0, , 0, 0, 0, 0, 0, 
65, 1, 65, 65, -1, 320, 201, 34.0, 15, ABarpaaapp, 8067, 0, 0, 0, , 0, 0, 0, 0, 0, 
66, 1, 66, 66, -1, 343, 197, 28.0, 13, ABarpaaapaa, 3132, 0, 0, 0, , 0, 0, 0, 0, 0, 
67, 1, 67, 67, -1, 330, 181, 30.0, 15, ABarpaaapap, 4535, 0, 0, 0, , 0, 0, 0, 0, 0, 
68, 1, 68, 68, -1, 272, 335, 25.0, 15, ABarppaaap, 5333, 0, 0, 0, , 0, 0, 0, 0, 0, 
69, 1, 69, 69, -1, 236, 330, 28.0, 15, ABarppaapp, 5500, 0, 0, 0, , 0, 0, 0, 0, 0, 
70, 1, 70, 70, -1, 165, 360, 27.0, 15, ABarppappa, 5420, 0, 0, 0, , 0, 0, 0, 0, 0, 
71, 1, 71, 71, -1, 124, 364, 19.0, 15, ABarppappp, 4558, 0, 0, 0, , 0, 0, 0, 0, 0, 
72, 1, 72, 72, -1, 221, 348, 26.0, 17, ABarppapap, 6305, 0, 0, 0, , 0, 0, 0, 0, 0, 
73, 1, 73, 73, -1, 248, 341, 26.0, 15, ABarppapaa, 4954, 0, 0, 0, , 0, 0, 0, 0, 0, 
74, 1, 74, 74, -1, 115, 219, 26.0, 15, ABarpppppa, 5667, 0, 0, 0, , 0, 0, 0, 0, 0, 
75, 1, 75, 75, -1, 182, 184, 28.0, 13, ABarppppaa, 5247, 0, 0, 0, , 0, 0, 0, 0, 0, 
76, 1, 76, 76, -1, 160, 199, 30.0, 15, ABarppppap, 5737, 0, 0, 0, , 0, 0, 0, 0, 0, 
77, 1, 77, 77, -1, 208, 170, 28.0, 15, ABarpppaap, 5329, 0, 0, 0, , 0, 0, 0, 0, 0, 
78, 1, 78, 78, -1, 238, 189, 33.0, 15, ABarpppaaa, 5272, 0, 0, 0, , 0, 0, 0, 0, 0, 
79, 0, 79, -1, -1, 322, 198, 22.0, 9, , 636, 0, 0, 0, , 0, 0, 0, 0, 0, 
80, 1, 80, 80, -1, 326, 187, 24.0, 11, ABalappppap, 2480, 0, 0, 0, , 0, 0, 0, 0, 0, 
81, 1, 81, 81, -1, 326, 221, 22.0, 10, ABalapppaaa, 2205, 0, 0, 0, , 0, 0, 0, 0, 0, 
82, 1, 82, 82, -1, 319, 204, 26.0, 11, ABalapppaap, 2622, 0, 0, 0, , 0, 0, 0, 0, 0, 
83, 1, 83, 83, -1, 291, 190, 25.0, 13, ABalappapaa, 2353, 0, 0, 0, , 0, 0, 0, 0, 0, 
84, 1, 84, 84, -1, 331, 207, 25.0, 11, ABalappaaa, 3053, 0, 0, 0, , 0, 0, 0, 0, 0, 
85, 1, 85, 85, -1, 323, 185, 21.0, 13, ABalappappa, 2560, 0, 0, 0, , 0, 0, 0, 0, 0, 
86, 1, 86, 86, -1, 315, 174, 24.0, 11, ABalappappp, 2348, 0, 0, 0, , 0, 0, 0, 0, 0, 
87, 1, 87, 87, -1, 330, 255, 27.0, 17, ABalapapppa, 3552, 0, 0, 0, , 0, 0, 0, 0, 0, 
88, 1, 88, 88, -1, 337, 257, 29.0, 17, ABalapapppp, 2608, 0, 0, 0, , 0, 0, 0, 0, 0, 
89, 1, 89, 89, -1, 342, 230, 23.0, 11, ABalapappaa, 2349, 0, 0, 0, , 0, 0, 0, 0, 0, 
90, 1, 90, 90, -1, 341, 229, 26.0, 15, ABalapappap, 6604, 0, 0, 0, , 0, 0, 0, 0, 0, 
91, 1, 91, 91, -1, 320, 230, 32.0, 11, ABalapapaa, 2474, 0, 0, 0, , 0, 0, 0, 0, 0, 
92, 1, 92, 92, -1, 322, 236, 30.0, 13, ABalapapapp, 2239, 0, 0, 0, , 0, 0, 0, 0, 0, 
93, 1, 93, 93, -1, 321, 279, 26.0, 13, ABalapaaaap, 4555, 0, 0, 0, , 0, 0, 0, 0, 0, 
94, 1, 94, 94, -1, 327, 258, 25.0, 15, ABalapaaaaa, 8723, 0, 0, 0, , 0, 0, 0, 0, 0, 
95, 1, 95, 95, -1, 338, 243, 23.0, 13, ABalapaaapa, 3171, 0, 0, 0, , 0, 0, 0, 0, 0, 
96, 1, 96, 96, -1, 348, 258, 25.0, 13, ABalapaaapp, 932, 0, 0, 0, , 0, 0, 0, 0, 0, 
97, 0, 97, -1, -1, 327, 260, 21.0, 13, , 2891, 0, 0, 0, , 0, 0, 0, 0, 0, 
98, 0, -1, -1, -1, 344, 257, 20.0, 13, , 3233, 0, 0, 0, , 0, 0, 0, 0, 0, 
99, 1, 99, 99, -1, 333, 285, 20.0, 11, ABalapaapap, 4165, 0, 0, 0, , 0, 0, 0, 0, 0, 
100, 1, 100, 100, -1, 311, 199, 20.0, 15, ABalaapaaar, 9564, 0, 0, 0, , 0, 0, 0, 0, 0, 
101, 1, 101, 101, -1, 272, 196, 10.0, 11, ABalaapapa, 4580, 0, 0, 0, , 0, 0, 0, 0, 0, 
102, 1, 102, 102, -1, 312, 189, 13.0, 13, ABalaapaapp, 3930, 0, 0, 0, , 0, 0, 0, 0, 0, 
103, 1, 103, 103, -1, 315, 188, 15.0, 13, ABalaapaapa, 4779, 0, 0, 0, , 0, 0, 0, 0, 0, 
104, 1, 104, 104, -1, 297, 172, 13.0, 11, ABalaappaa, 4158, 0, 0, 0, , 0, 0, 0, 0, 0, 
105, 1, 105, 105, -1, 307, 178, 19.0, 15, ABalaappppp, 4226, 0, 0, 0, , 0, 0, 0, 0, 0, 
106, 1, 106, 106, -1, 288, 184, 20.0, 11, ABalaappppa, 1442, 0, 0, 0, , 0, 0, 0, 0, 0, 
107, 1, 107, 107, -1, 275, 167, 17.0, 11, ABalaapppaa, 3158, 0, 0, 0, , 0, 0, 0, 0, 0, 
108, 1, 108, 108, -1, 339, 240, 13.0, 15, ABalaaaalpp, 4033, 0, 0, 0, , 0, 0, 0, 0, 0, 
109, 1, 109, 109, -1, 343, 239, 15.0, 15, ABalaaaalpa, 8576, 0, 0, 0, , 0, 0, 0, 0, 0, 
110, 1, 110, 110, -1, 325, 207, 20.0, 13, ABalaaaarrp, 3733, 0, 0, 0, , 0, 0, 0, 0, 0, 
111, 1, 111, 111, -1, 321, 196, 16.0, 15, ABalaaaarra, 4511, 0, 0, 0, , 0, 0, 0, 0, 0, 
112, 1, 112, 112, -1, 330, 219, 20.0, 11, ABalaaaarlp, 3211, 0, 0, 0, , 0, 0, 0, 0, 0, 
113, 1, 113, 113, -1, 341, 226, 17.0, 11, ABalaaaarla, 2451, 0, 0, 0, , 0, 0, 0, 0, 0, 
114, 1, 114, 114, -1, 328, 192, 18.0, 11, ABalaaapplr, 3560, 0, 0, 0, , 0, 0, 0, 0, 0, 
115, 1, 115, 115, -1, 304, 196, 23.0, 13, ABalaaapprr, 4113, 0, 0, 0, , 0, 0, 0, 0, 0, 
116, 1, 116, 116, -1, 309, 173, 16.0, 15, ABalaaapprl, 5811, 0, 0, 0, , 0, 0, 0, 0, 0, 
117, 1, 117, 117, -1, 332, 210, 27.0, 11, ABalappaap, 1684, 0, 0, 0, , 0, 0, 0, 0, 0, 
118, 1, 118, 118, -1, 149, 303, 11.0, 15, ABplppppapa, 5139, 0, 0, 0, , 0, 0, 0, 0, 0, 
119, 0, 119, -1, -1, 130, 289, 9.0, 15, , 5138, 0, 0, 0, , 0, 0, 0, 0, 0, 
120, 1, 120, 120, -1, 139, 294, 12.0, 13, ABplppppapp, 4537, 0, 0, 0, , 0, 0, 0, 0, 0, 
121, 1, 121, 121, -1, 147, 302, 15.0, 13, ABplppppaaa, 4883, 0, 0, 0, , 0, 0, 0, 0, 0, 
122, 1, 122, 122, -1, 138, 299, 16.0, 13, ABplppppaap, 4210, 0, 0, 0, , 0, 0, 0, 0, 0, 
123, 1, 123, 123, -1, 85, 314, 12.0, 13, ABplppppppp, 3584, 0, 0, 0, , 0, 0, 0, 0, 0, 
124, 1, 124, 124, -1, 93, 308, 12.0, 11, ABplppppppa, 3393, 0, 0, 0, , 0, 0, 0, 0, 0, 
125, 1, 125, 125, -1, 135, 322, 17.0, 15, ABplpppppap, 6098, 0, 0, 0, , 0, 0, 0, 0, 0, 
126, 1, 126, 126, -1, 142, 315, 18.0, 15, ABplpppppaa, 6132, 0, 0, 0, , 0, 0, 0, 0, 0, 
127, 1, 127, 127, -1, 130, 311, 10.0, 13, ABplpppapaa, 3724, 0, 0, 0, , 0, 0, 0, 0, 0, 
128, 1, 128, 128, -1, 122, 323, 13.0, 13, ABplpppaapp, 5316, 0, 0, 0, , 0, 0, 0, 0, 0, 
129, 1, 129, 129, -1, 162, 310, 12.0, 15, ABplpppaaaa, 6893, 0, 0, 0, , 0, 0, 0, 0, 0, 
130, 1, 130, 130, -1, 162, 324, 14.0, 13, ABplpppaaap, 4750, 0, 0, 0, , 0, 0, 0, 0, 0, 
131, 1, 131, 131, -1, 166, 307, 14.0, 13, ABplppapppp, 4727, 0, 0, 0, , 0, 0, 0, 0, 0, 
132, 1, 132, 132, -1, 175, 296, 14.0, 13, ABplppapppa, 4175, 0, 0, 0, , 0, 0, 0, 0, 0, 
133, 1, 133, 133, -1, 193, 290, 17.0, 13, ABplppappap, 9328, 0, 0, 0, , 0, 0, 0, 0, 0, 
134, 1, 134, 134, -1, 206, 290, 16.0, 13, ABplppappaa, 4348, 0, 0, 0, , 0, 0, 0, 0, 0, 
135, 1, 135, 135, -1, 187, 301, 14.0, 15, ABplppapapa, 3273, 0, 0, 0, , 0, 0, 0, 0, 0, 
136, 1, 136, 136, -1, 178, 317, 15.0, 13, ABplppapapp, 4112, 0, 0, 0, , 0, 0, 0, 0, 0, 
137, 1, 137, 137, -1, 199, 276, 15.0, 11, ABplppaappa, 4146, 0, 0, 0, , 0, 0, 0, 0, 0, 
138, 1, 138, 138, -1, 176, 287, 12.0, 13, ABplppaappp, 4992, 0, 0, 0, , 0, 0, 0, 0, 0, 
139, 1, 139, 139, -1, 269, 299, 13.0, 13, ABplppaaaaa, 6373, 0, 0, 0, , 0, 0, 0, 0, 0, 
140, 0, 140, -1, -1, 260, 325, 17.0, 11, , 2101, 0, 0, 0, , 0, 0, 0, 0, 0, 
141, 0, 141, -1, -1, 278, 327, 19.0, 11, , 788, 0, 0, 0, , 0, 0, 0, 0, 0, 
142, 1, 142, 142, -1, 245, 251, 12.0, 13, ABplpappaaa, 5167, 0, 0, 0, , 0, 0, 0, 0, 0, 
143, 1, 143, 143, -1, 204, 269, 19.0, 13, MSaappaa, 3399, 0, 0, 0, , 0, 0, 0, 0, 0, 
144, 1, 144, 144, -1, 125, 290, 14.0, 15, ABplpappppp, 4083, 0, 0, 0, , 0, 0, 0, 0, 0, 
145, 1, 145, 145, -1, 146, 282, 15.0, 11, ABplpappppa, 3924, 0, 0, 0, , 0, 0, 0, 0, 0, 
146, 1, 146, 146, -1, 155, 288, 13.0, 13, ABplpapppaa, 3330, 0, 0, 0, , 0, 0, 0, 0, 0, 
147, 1, 147, 147, -1, 143, 267, 14.0, 11, ABplpapppap, 3015, 0, 0, 0, , 0, 0, 0, 0, 0, 
148, 1, 148, 148, -1, 211, 284, 14.0, 13, ABplpapappa, 3841, 0, 0, 0, , 0, 0, 0, 0, 0, 
149, 1, 149, 149, -1, 179, 279, 15.0, 11, ABplpapappp, 2499, 0, 0, 0, , 0, 0, 0, 0, 0, 
150, 1, 150, 150, -1, 232, 292, 13.0, 13, ABplpapapap, 3116, 0, 0, 0, , 0, 0, 0, 0, 0, 
151, 1, 151, 151, -1, 240, 284, 15.0, 15, ABplpapapaa, 4699, 0, 0, 0, , 0, 0, 0, 0, 0, 
152, 1, 152, 152, -1, 272, 268, 13.0, 13, ABplpapaapa, 3178, 0, 0, 0, , 0, 0, 0, 0, 0, 
153, 1, 153, 153, -1, 263, 281, 13.0, 11, ABplpapaapp, 3278, 0, 0, 0, , 0, 0, 0, 0, 0, 
154, 1, 154, 154, -1, 245, 278, 12.0, 17, ABplpapaaap, 8823, 0, 0, 0, , 0, 0, 0, 0, 0, 
155, 1, 155, 155, -1, 253, 270, 14.0, 13, ABplpapaaaa, 4203, 0, 0, 0, , 0, 0, 0, 0, 0, 
156, 1, 156, 156, -1, 199, 309, 15.0, 13, ABplppapaap, 5991, 0, 0, 0, , 0, 0, 0, 0, 0, 
157, 1, 157, 157, -1, 223, 278, 10.0, 17, ABplpaaaapa, 6788, 0, 0, 0, , 0, 0, 0, 0, 0, 
158, 1, 158, 158, -1, 323, 275, 15.0, 13, ABplpaaaaaa, 5951, 0, 0, 0, , 0, 0, 0, 0, 0, 
159, 1, 159, 159, -1, 309, 281, 12.0, 15, ABplpaaapap, 7192, 0, 0, 0, , 0, 0, 0, 0, 0, 
160, 1, 160, 160, -1, 319, 265, 13.0, 11, ABplpaaapaa, 8318, 0, 0, 0, , 0, 0, 0, 0, 0, 
161, 1, 161, 161, -1, 304, 277, 15.0, 13, ABplpaaappa, 3570, 0, 0, 0, , 0, 0, 0, 0, 0, 
162, 1, 162, 162, -1, 271, 320, 19.0, 11, ABplpaappap, 4872, 0, 0, 0, , 0, 0, 0, 0, 0, 
163, 1, 163, 163, -1, 272, 309, 22.0, 13, ABplpaappaa, 4995, 0, 0, 0, , 0, 0, 0, 0, 0, 
164, 1, 164, 164, -1, 282, 281, 15.0, 15, ABplpaaappp, 10972, 0, 0, 0, , 0, 0, 0, 0, 0, 
165, 1, 165, 165, -1, 307, 282, 11.0, 13, ABplpaapapp, 14279, 0, 0, 0, , 0, 0, 0, 0, 0, 
166, 1, 166, 166, -1, 282, 275, 11.0, 17, ABplpaapppp, 3948, 0, 0, 0, , 0, 0, 0, 0, 0, 
167, 1, 167, 167, -1, 285, 305, 19.0, 15, ABplpaapaap, 5583, 0, 0, 0, , 0, 0, 0, 0, 0, 
168, 1, 168, 168, -1, 313, 278, 20.0, 13, ABplpaapaaa, 8827, 0, 0, 0, , 0, 0, 0, 0, 0, 
169, 1, 169, 169, -1, 348, 282, 19.0, 15, ABplpaapapa, 6721, 0, 0, 0, , 0, 0, 0, 0, 0, 
170, 1, 170, 170, -1, 264, 314, 12.0, 15, ABplaapppa, 5792, 0, 0, 0, , 0, 0, 0, 0, 0, 
171, 1, 171, 171, -1, 286, 257, 9.0, 17, ABplaappaa, 10616, 0, 0, 0, , 0, 0, 0, 0, 0, 
172, 0, -1, -1, -1, 263, 313, 14.0, 11, , 3918, 0, 0, 0, , 0, 0, 0, 0, 0, 
173, 1, 173, 173, -1, 241, 332, 18.0, 19, ABplaapppp, 18331, 0, 0, 0, , 0, 0, 0, 0, 0, 
174, 1, 174, 174, -1, 348, 214, 22.0, 13, ABplaapaaaa, 6121, 0, 0, 0, , 0, 0, 0, 0, 0, 
175, 1, 175, 175, -1, 355, 239, 26.0, 15, ABplaapaaap, 5496, 0, 0, 0, , 0, 0, 0, 0, 0, 
176, 1, 176, 176, -1, 339, 271, 23.0, 13, ABplaapaapa, 4883, 0, 0, 0, , 0, 0, 0, 0, 0, 
177, 1, 177, 177, -1, 327, 281, 23.0, 15, ABplaapaapp, 2120, 0, 0, 0, , 0, 0, 0, 0, 0, 
178, 1, 178, 178, -1, 295, 312, 27.0, 15, ABplaapappp, 6683, 0, 0, 0, , 0, 0, 0, 0, 0, 
179, 1, 179, 179, -1, 298, 290, 29.0, 17, ABplaapappa, 5552, 0, 0, 0, , 0, 0, 0, 0, 0, 
180, 1, 180, 180, -1, 277, 309, 26.0, 13, ABplaapapap, 4928, 0, 0, 0, , 0, 0, 0, 0, 0, 
181, 1, 181, 181, -1, 287, 296, 25.0, 13, ABplaapapaa, 5785, 0, 0, 0, , 0, 0, 0, 0, 0, 
182, 1, 182, 182, -1, 325, 251, 31.0, 14, ABplaaaaapp, 3382, 0, 0, 0, , 0, 0, 0, 0, 0, 
183, 1, 183, 183, -1, 310, 270, 28.0, 15, MSapaaap, 3947, 0, 0, 0, , 0, 0, 0, 0, 0, 
184, 1, 184, 185, -1, 342, 240, 30.0, 13, ABplaaaaaap, 3361, 0, 0, 0, , 0, 0, 0, 0, 0, 
185, 0, 185, -1, -1, 339, 232, 31.0, 15, , 1815, 0, 0, 0, , 0, 0, 0, 0, 0, 
186, 1, 186, 187, -1, 316, 237, 35.0, 15, ABplaaaapp, 4978, 0, 0, 0, , 0, 0, 0, 0, 0, 
187, 1, 187, 188, -1, 325, 292, 29.0, 13, ABplaaappa, 6635, 0, 0, 0, , 0, 0, 0, 0, 0, 
188, 1, 188, 189, -1, 308, 304, 30.0, 15, ABplaaappp, 5323, 0, 0, 0, , 0, 0, 0, 0, 0, 
189, 1, 189, 190, -1, 340, 283, 27.0, 15, ABplaaapap, 5414, 0, 0, 0, , 0, 0, 0, 0, 0, 
190, 1, 190, 191, -1, 350, 263, 27.0, 15, ABplaaapaa, 6801, 0, 0, 0, , 0, 0, 0, 0, 0, 
191, 1, 191, 192, -1, 141, 323, 10.0, 15, ABplappppa, 5837, 0, 0, 0, , 0, 0, 0, 0, 0, 
192, 1, 192, 193, -1, 95, 329, 12.0, 13, ABplappppp, 4897, 0, 0, 0, , 0, 0, 0, 0, 0, 
193, 1, 193, 194, -1, 122, 351, 16.0, 17, ABplapppaaa, 4979, 0, 0, 0, , 0, 0, 0, 0, 0, 
194, 1, 194, 195, -1, 111, 329, 13.0, 13, ABplapppapp, 4162, 0, 0, 0, , 0, 0, 0, 0, 0, 
195, 1, 195, 196, -1, 107, 333, 10.0, 11, ABplapppapa, 3796, 0, 0, 0, , 0, 0, 0, 0, 0, 
196, 1, 196, 197, -1, 205, 340, 20.0, 17, ABplappaaa, 9334, 0, 0, 0, , 0, 0, 0, 0, 0, 
197, 1, 197, 198, -1, 184, 345, 19.0, 15, ABplappaap, 7687, 0, 0, 0, , 0, 0, 0, 0, 0, 
198, 1, 198, 199, -1, 167, 348, 18.0, 15, ABplappapp, 7873, 0, 0, 0, , 0, 0, 0, 0, 0, 
199, 1, 199, 200, -1, 186, 355, 26.0, 15, ABplappapa, 7303, 0, 0, 0, , 0, 0, 0, 0, 0, 
200, 1, 200, 201, -1, 220, 333, 18.0, 15, ABplapaapp, 8199, 0, 0, 0, , 0, 0, 0, 0, 0, 
201, 1, 201, 202, -1, 240, 316, 12.0, 13, ABplapaapa, 9145, 0, 0, 0, , 0, 0, 0, 0, 0, 
202, 1, 202, 203, -1, 288, 296, 33.0, 13, ABarppaaaa, 6217, 0, 0, 0, , 0, 0, 0, 0, 0, 
203, 1, 203, 204, -1, 245, 327, 25.0, 13, ABplapaaapp, 6638, 0, 0, 0, , 0, 0, 0, 0, 0, 
204, 1, 204, 205, -1, 261, 324, 25.0, 15, ABplapaaapa, 4028, 0, 0, 0, , 0, 0, 0, 0, 0, 
205, 1, 205, 206, -1, 106, 360, 18.0, 13, ABplapapppa, 4156, 0, 0, 0, , 0, 0, 0, 0, 0, 
206, 1, 206, 207, -1, 99, 339, 15.0, 15, ABplapapppp, 5491, 0, 0, 0, , 0, 0, 0, 0, 0, 
207, 1, 207, 208, -1, 150, 356, 17.0, 15, ABplapapap, 5784, 0, 0, 0, , 0, 0, 0, 0, 0, 
208, 1, 208, 209, -1, 142, 345, 13.0, 14, ABplapappa, 4459, 0, 0, 0, , 0, 0, 0, 0, 0, 
209, 1, 209, 210, -1, 147, 367, 23.0, 13, ABplapapaa, 5216, 0, 0, 0, , 0, 0, 0, 0, 0, 
210, 1, 210, 211, -1, 236, 232, 13.0, 11, ABprpapaaaa, 1933, 0, 0, 0, , 0, 0, 0, 0, 0, 
211, 1, 211, 212, -1, 229, 218, 12.0, 11, ABprpapaapp, 2738, 0, 0, 0, , 0, 0, 0, 0, 0, 
212, 1, 212, 213, -1, 200, 247, 15.0, 11, ABprpapappa, 2711, 0, 0, 0, , 0, 0, 0, 0, 0, 
213, 1, 213, 214, -1, 165, 278, 14.0, 11, ABprpapappp, 2750, 0, 0, 0, , 0, 0, 0, 0, 0, 
214, 1, 214, 215, -1, 208, 226, 13.0, 11, ABprpapapap, 2458, 0, 0, 0, , 0, 0, 0, 0, 0, 
215, 1, 215, 216, -1, 216, 235, 15.0, 13, ABprpapapaa, 3058, 0, 0, 0, , 0, 0, 0, 0, 0, 
216, 1, 216, 217, -1, 119, 298, 16.0, 15, ABprpappppp, 4689, 0, 0, 0, , 0, 0, 0, 0, 0, 
217, 1, 217, 218, -1, 128, 284, 17.0, 13, ABprpappppa, 4856, 0, 0, 0, , 0, 0, 0, 0, 0, 
218, 1, 218, 219, -1, 238, 240, 14.0, 13, ABprpapppaa, 2599, 0, 0, 0, , 0, 0, 0, 0, 0, 
219, 1, 219, 220, -1, 185, 273, 16.0, 13, ABprpappapp, 4563, 0, 0, 0, , 0, 0, 0, 0, 0, 
220, 1, 220, 221, -1, 218, 256, 10.0, 13, ABprpappaap, 4979, 0, 0, 0, , 0, 0, 0, 0, 0, 
221, 1, 221, 222, -1, 261, 244, 12.0, 9, ABprpappaaa, 3150, 0, 0, 0, , 0, 0, 0, 0, 0, 
222, 1, 222, 223, -1, 241, 177, 16.0, 15, ABprpaaaaap, 7536, 0, 0, 0, , 0, 0, 0, 0, 0, 
223, 1, 223, 224, -1, 253, 180, 20.0, 13, ABpraaappaa, 4323, 0, 0, 0, , 0, 0, 0, 0, 0, 
224, 1, 224, 225, -1, 171, 253, 13.0, 15, ABprpaaaapp, 5124, 0, 0, 0, , 0, 0, 0, 0, 0, 
225, 1, 225, 226, -1, 206, 243, 11.0, 15, ABprpaaaapa, 6202, 0, 0, 0, , 0, 0, 0, 0, 0, 
226, 1, 226, 227, -1, 268, 193, 15.0, 13, ABprpaaappa, 5214, 0, 0, 0, , 0, 0, 0, 0, 0, 
227, 1, 227, 228, -1, 245, 220, 13.0, 11, ABprpapaapa, 3406, 0, 0, 0, , 0, 0, 0, 0, 0, 
228, 1, 228, 229, -1, 248, 203, 16.0, 11, ABprpaaappp, 10631, 0, 0, 0, , 0, 0, 0, 0, 0, 
229, 1, 229, 230, -1, 281, 187, 12.0, 13, ABprpaaapaa, 3226, 0, 0, 0, , 0, 0, 0, 0, 0, 
230, 1, 230, 231, -1, 264, 183, 14.0, 13, ABprpaaapap, 5761, 0, 0, 0, , 0, 0, 0, 0, 0, 
231, 1, 231, 232, -1, 225, 180, 18.0, 13, ABprpaapaap, 6811, 0, 0, 0, , 0, 0, 0, 0, 0, 
232, 1, 232, 233, -1, 283, 156, 20.0, 13, ABprpaapapa, 7559, 0, 0, 0, , 0, 0, 0, 0, 0, 
233, 1, 233, 234, -1, 254, 187, 13.0, 15, ABprpaapapp, 7974, 0, 0, 0, , 0, 0, 0, 0, 0, 
234, 1, 234, 235, -1, 251, 206, 11.0, 13, ABprpaapppp, 3923, 0, 0, 0, , 0, 0, 0, 0, 0, 
235, 1, 235, 236, -1, 209, 176, 18.0, 13, ABprpaappap, 4502, 0, 0, 0, , 0, 0, 0, 0, 0, 
236, 1, 236, 237, -1, 222, 182, 21.0, 13, ABprpaappaa, 4833, 0, 0, 0, , 0, 0, 0, 0, 0, 
237, 1, 237, 238, -1, 96, 257, 12.0, 13, ABprpppaapp, 4141, 0, 0, 0, , 0, 0, 0, 0, 0, 
238, 1, 238, 239, -1, 98, 263, 16.0, 13, ABprpppaapa, 4360, 0, 0, 0, , 0, 0, 0, 0, 0, 
239, 1, 239, 240, -1, 130, 236, 15.0, 13, ABprpppaaap, 6154, 0, 0, 0, , 0, 0, 0, 0, 0, 
240, 1, 240, 241, -1, 134, 252, 13.0, 13, ABprpppaaaa, 5859, 0, 0, 0, , 0, 0, 0, 0, 0, 
241, 1, 241, 242, -1, 111, 270, 11.0, 13, ABprpppapaa, 3587, 0, 0, 0, , 0, 0, 0, 0, 0, 
242, 1, 242, 243, -1, 106, 289, 9.0, 15, ABprpppapap, 2828, 0, 0, 0, , 0, 0, 0, 0, 0, 
243, 0, 243, -1, -1, 121, 300, 9.0, 13, , 3779, 0, 0, 0, , 0, 0, 0, 0, 0, 
244, 1, 244, 245, -1, 132, 256, 11.0, 17, ABprppppapa, 6663, 0, 0, 0, , 0, 0, 0, 0, 0, 
245, 1, 245, 246, -1, 127, 272, 12.0, 13, ABprppppapp, 4081, 0, 0, 0, , 0, 0, 0, 0, 0, 
246, 1, 246, 247, -1, 135, 265, 16.0, 13, ABprppppaaa, 4930, 0, 0, 0, , 0, 0, 0, 0, 0, 
247, 1, 247, 248, -1, 121, 272, 16.0, 13, ABprppppaap, 4755, 0, 0, 0, , 0, 0, 0, 0, 0, 
248, 1, 248, 249, -1, 92, 293, 10.0, 13, ABprppppppa, 4150, 0, 0, 0, , 0, 0, 0, 0, 0, 
249, 1, 249, 250, -1, 118, 257, 18.0, 13, ABprpppppaa, 5424, 0, 0, 0, , 0, 0, 0, 0, 0, 
250, 1, 250, 251, -1, 101, 261, 20.0, 13, ABprpppppap, 3720, 0, 0, 0, , 0, 0, 0, 0, 0, 
251, 1, 251, 252, -1, 210, 215, 13.0, 13, ABprppaapap, 5338, 0, 0, 0, , 0, 0, 0, 0, 0, 
252, 0, 252, -1, -1, 212, 221, 10.0, 13, , 5899, 0, 0, 0, , 0, 0, 0, 0, 0, 
253, 1, 253, 254, -1, 195, 261, 14.0, 11, ABprppaappa, 3426, 0, 0, 0, , 0, 0, 0, 0, 0, 
254, 1, 254, 255, -1, 167, 267, 14.0, 13, ABprppaappp, 4459, 0, 0, 0, , 0, 0, 0, 0, 0, 
255, 1, 255, 256, -1, 234, 206, 14.0, 13, ABprppaaaaa, 5881, 0, 0, 0, , 0, 0, 0, 0, 0, 
256, 1, 256, 257, -1, 218, 198, 13.0, 17, ABprppaaaap, 6306, 0, 0, 0, , 0, 0, 0, 0, 0, 
257, 1, 257, 258, -1, 208, 198, 11.0, 17, ABpraapppa, 5606, 0, 0, 0, , 0, 0, 0, 0, 0, 
258, 1, 258, 259, -1, 181, 225, 14.0, 13, ABprppapaaa, 4311, 0, 0, 0, , 0, 0, 0, 0, 0, 
259, 1, 259, 260, -1, 168, 235, 16.0, 13, ABprppapaap, 4216, 0, 0, 0, , 0, 0, 0, 0, 0, 
260, 1, 260, 261, -1, 161, 251, 15.0, 13, ABprppapapa, 3363, 0, 0, 0, , 0, 0, 0, 0, 0, 
261, 1, 261, 262, -1, 147, 244, 16.0, 13, ABprppapapp, 4229, 0, 0, 0, , 0, 0, 0, 0, 0, 
262, 1, 262, 263, -1, 156, 262, 14.0, 13, ABprppapppa, 4063, 0, 0, 0, , 0, 0, 0, 0, 0, 
263, 1, 263, 264, -1, 142, 247, 14.0, 15, ABprppapppp, 3151, 0, 0, 0, , 0, 0, 0, 0, 0, 
264, 1, 264, 265, -1, 184, 250, 17.0, 13, ABprppappaa, 5324, 0, 0, 0, , 0, 0, 0, 0, 0, 
265, 1, 265, 266, -1, 174, 258, 16.0, 13, ABprppappap, 3263, 0, 0, 0, , 0, 0, 0, 0, 0, 
266, 1, 266, 267, -1, 343, 194, 22.0, 15, ABpraapaaaa, 6786, 0, 0, 0, , 0, 0, 0, 0, 0, 
267, 1, 267, 268, -1, 329, 189, 27.0, 15, ABarpapaaaa, 5857, 0, 0, 0, , 0, 0, 0, 0, 0, 
268, 1, 268, 269, -1, 336, 178, 24.0, 13, ABpraapaaap, 4383, 0, 0, 0, , 0, 0, 0, 0, 0, 
269, 1, 269, 270, -1, 291, 169, 23.0, 15, ABpraapaapa, 4812, 0, 0, 0, , 0, 0, 0, 0, 0, 
270, 1, 270, 271, -1, 227, 178, 27.0, 13, ABpraapapap, 4775, 0, 0, 0, , 0, 0, 0, 0, 0, 
271, 1, 271, 272, -1, 238, 184, 25.0, 15, ABpraapapaa, 5004, 0, 0, 0, , 0, 0, 0, 0, 0, 
272, 1, 272, 273, -1, 237, 165, 25.0, 15, ABpraapappp, 7709, 0, 0, 0, , 0, 0, 0, 0, 0, 
273, 1, 273, 274, -1, 244, 181, 28.0, 13, ABpraapappa, 4560, 0, 0, 0, , 0, 0, 0, 0, 0, 
274, 1, 274, 275, -1, 185, 189, 18.0, 17, ABpraapppp, 6839, 0, 0, 0, , 0, 0, 0, 0, 0, 
275, 1, 276, 276, -1, 256, 190, 10.0, 15, ABpraappaa, 5589, 0, 0, 0, , 0, 0, 0, 0, 0, 
276, 1, 277, 277, -1, 300, 181, 23.0, 13, ABpraaapapa, 3425, 0, 0, 0, , 0, 0, 0, 0, 0, 
277, 1, 278, 278, -1, 305, 166, 21.0, 17, ABpraaapapp, 5222, 0, 0, 0, , 0, 0, 0, 0, 0, 
278, 1, 279, 279, -1, 264, 183, 24.0, 13, ABpraaapaad, 4381, 0, 0, 0, , 0, 0, 0, 0, 0, 
279, 1, 280, 280, -1, 280, 173, 23.0, 13, ABpraaapaav, 4326, 0, 0, 0, , 0, 0, 0, 0, 0, 
280, 1, 281, 281, -1, 242, 180, 22.0, 15, ABpraaappap, 4514, 0, 0, 0, , 0, 0, 0, 0, 0, 
281, 1, 282, 282, -1, 220, 171, 22.0, 15, ABpraaapppa, 8187, 0, 0, 0, , 0, 0, 0, 0, 0, 
282, 1, 283, 283, -1, 303, 160, 22.0, 13, ABpraaaaapd, 2482, 0, 0, 0, , 0, 0, 0, 0, 0, 
283, 1, 284, 284, -1, 301, 163, 18.0, 17, ABpraaaaapv, 4880, 0, 0, 0, , 0, 0, 0, 0, 0, 
284, 1, 285, 285, -1, 283, 168, 15.0, 15, ABpraaaaaaa, 4120, 0, 0, 0, , 0, 0, 0, 0, 0, 
285, 1, 286, 286, -1, 283, 178, 11.0, 15, ABpraaaaaap, 3255, 0, 0, 0, , 0, 0, 0, 0, 0, 
286, 1, 287, 287, -1, 264, 171, 16.0, 13, ABpraaaapav, 3802, 0, 0, 0, , 0, 0, 0, 0, 0, 
287, 1, 288, 288, -1, 269, 167, 13.0, 13, ABpraaaapad, 6780, 0, 0, 0, , 0, 0, 0, 0, 0, 
288, 1, 289, 289, -1, 257, 169, 25.0, 13, ABpraaaappa, 5571, 0, 0, 0, , 0, 0, 0, 0, 0, 
289, 1, 290, 290, -1, 260, 173, 27.0, 15, ABpraaaappp, 4149, 0, 0, 0, , 0, 0, 0, 0, 0, 
290, 1, 291, 291, -1, 120, 223, 20.0, 17, ABprappapp, 9507, 0, 0, 0, , 0, 0, 0, 0, 0, 
291, 1, 292, 292, -1, 136, 208, 28.0, 15, ABprappapa, 7388, 0, 0, 0, , 0, 0, 0, 0, 0, 
292, 1, 293, 293, -1, 140, 218, 19.0, 15, ABprappaap, 7655, 0, 0, 0, , 0, 0, 0, 0, 0, 
293, 1, 294, 294, -1, 156, 209, 21.0, 15, ABprappaaa, 6808, 0, 0, 0, , 0, 0, 0, 0, 0, 
294, 1, 295, 295, -1, 76, 249, 15.0, 11, ABprapppaap, 4012, 0, 0, 0, , 0, 0, 0, 0, 0, 
295, 1, 296, 296, -1, 90, 248, 16.0, 13, ABprapppaaa, 3765, 0, 0, 0, , 0, 0, 0, 0, 0, 
296, 1, 297, 297, -1, 89, 271, 14.0, 13, ABprapppapp, 4369, 0, 0, 0, , 0, 0, 0, 0, 0, 
297, 1, 298, 298, -1, 80, 259, 11.0, 11, ABprapppapa, 3594, 0, 0, 0, , 0, 0, 0, 0, 0, 
298, 1, 299, 299, -1, 75, 274, 12.0, 17, ABprappppp, 8214, 0, 0, 0, , 0, 0, 0, 0, 0, 
299, 1, 300, 300, -1, 109, 255, 10.0, 17, ABprappppa, 7280, 0, 0, 0, , 0, 0, 0, 0, 0, 
300, 1, 301, 301, -1, 203, 184, 25.0, 15, ABprapaaapa, 6680, 0, 0, 0, , 0, 0, 0, 0, 0, 
301, 1, 302, 302, -1, 189, 194, 25.0, 13, ABprapaaapp, 4229, 0, 0, 0, , 0, 0, 0, 0, 0, 
302, 1, 303, 303, -1, 221, 187, 31.0, 17, ABprapaaaap, 5675, 0, 0, 0, , 0, 0, 0, 0, 0, 
303, 1, 304, 304, -1, 246, 173, 32.0, 11, ABprapaaaaa, 2891, 0, 0, 0, , 0, 0, 0, 0, 0, 
304, 1, 305, 305, -1, 168, 202, 19.0, 15, ABprapaapp, 8686, 0, 0, 0, , 0, 0, 0, 0, 0, 
305, 1, 306, 306, -1, 193, 224, 11.0, 15, ABprapaapa, 7156, 0, 0, 0, , 0, 0, 0, 0, 0, 
306, 1, 307, 307, -1, 104, 238, 13.0, 15, ABprapappa, 7172, 0, 0, 0, , 0, 0, 0, 0, 0, 
307, 1, 308, 308, -1, 73, 270, 16.0, 15, ABprapapppp, 5647, 0, 0, 0, , 0, 0, 0, 0, 0, 
308, 1, 309, 309, -1, 71, 251, 18.0, 11, ABprapapppa, 3460, 0, 0, 0, , 0, 0, 0, 0, 0, 
309, 1, 310, 310, -1, 111, 226, 16.0, 15, ABprapapap, 7575, 0, 0, 0, , 0, 0, 0, 0, 0, 
310, 1, 311, 311, -1, 93, 233, 24.0, 17, ABprapapaa, 30974, 0, 0, 0, , 0, 0, 0, 0, 0, 
311, 0, 312, -1, -1, 249, 194, 31.0, 11, , 3057, 0, 0, 0, , 0, 0, 0, 0, 0, 
312, 1, 313, 313, -1, 254, 192, 32.0, 13, MSppppap, 3101, 0, 0, 0, , 0, 0, 0, 0, 0, 
313, 1, 314, 314, -1, 232, 196, 22.0, 11, MSppppaa, 2968, 0, 0, 0, , 0, 0, 0, 0, 0, 
314, 1, 315, 315, -1, 260, 208, 34.0, 17, MSpppppa, 5687, 0, 0, 0, , 0, 0, 0, 0, 0, 
315, 1, 316, 316, -1, 228, 222, 34.0, 17, MSpppppp, 4342, 0, 0, 0, , 0, 0, 0, 0, 0, 
316, 1, 317, 317, -1, 249, 195, 28.0, 13, MSpppaaa, 2718, 0, 0, 0, , 0, 0, 0, 0, 0, 
317, 1, 318, 318, -1, 125, 244, 23.0, 13, MSpppaap, 1508, 0, 0, 0, , 0, 0, 0, 0, 0, 
318, 0, 319, -1, -1, 203, 198, 15.0, 9, , 622, 0, 0, 0, , 0, 0, 0, 0, 0, 
319, 1, 320, 320, -1, 219, 228, 13.0, 13, ABprpapaaap, 2599, 0, 0, 0, , 0, 0, 0, 0, 0, 
320, 1, 321, 321, -1, 144, 279, 19.0, 15, MSppaapp, 5032, 0, 0, 0, , 0, 0, 0, 0, 0, 
321, 1, 322, 322, -1, 261, 196, 21.0, 9, MSppaapa, 2503, 0, 0, 0, , 0, 0, 0, 0, 0, 
322, 1, 323, 323, -1, 284, 200, 20.0, 15, MSppaaaa, 8120, 0, 0, 0, , 0, 0, 0, 0, 0, 
323, 1, 324, 324, -1, 279, 191, 28.0, 14, MSppaaap, 8134, 0, 0, 0, , 0, 0, 0, 0, 0, 
324, 1, 325, 325, -1, 209, 196, 28.0, 14, MSppapaa, 3971, 0, 0, 0, , 0, 0, 0, 0, 0, 
325, 1, 326, 326, -1, 254, 190, 18.0, 13, MSppapap, 2807, 0, 0, 0, , 0, 0, 0, 0, 0, 
326, 1, 327, 327, -1, 195, 258, 20.0, 11, MSpapappp, 2958, 0, 0, 0, , 0, 0, 0, 0, 0, 
327, 1, 328, 328, -1, 208, 241, 22.0, 13, MSpapapaa, 3760, 0, 0, 0, , 0, 0, 0, 0, 0, 
328, 1, 329, 329, -1, 206, 236, 19.0, 13, MSpapaaap, 4222, 0, 0, 0, , 0, 0, 0, 0, 0, 
329, 1, 330, 330, -1, 192, 226, 25.0, 15, MSpapaapp, 8113, 0, 0, 0, , 0, 0, 0, 0, 0, 
330, 1, 331, 331, -1, 171, 327, 19.0, 15, MSpappaa, 4680, 0, 0, 0, , 0, 0, 0, 0, 0, 
331, 1, 332, 332, -1, 166, 232, 19.0, 13, MSpappppa, 3917, 0, 0, 0, , 0, 0, 0, 0, 0, 
332, 1, 333, 333, -1, 147, 242, 20.0, 13, MSpappppp, 4161, 0, 0, 0, , 0, 0, 0, 0, 0, 
333, 1, 334, 334, -1, 252, 239, 31.0, 15, MSpaaappa, 5333, 0, 0, 0, , 0, 0, 0, 0, 0, 
334, 1, 335, 335, -1, 231, 239, 33.0, 17, MSpaaappp, 7680, 0, 0, 0, , 0, 0, 0, 0, 0, 
335, 1, 336, 336, -1, 243, 257, 32.0, 15, MSpaaapaa, 4567, 0, 0, 0, , 0, 0, 0, 0, 0, 
336, 1, 337, 337, -1, 221, 259, 31.0, 13, MSpaaapap, 5051, 0, 0, 0, , 0, 0, 0, 0, 0, 
337, 1, 338, 338, -1, 277, 214, 30.0, 15, MSpaaaapa, 4962, 0, 0, 0, , 0, 0, 0, 0, 0, 
338, 1, 339, 339, -1, 261, 217, 30.0, 17, MSpaaaapp, 4106, 0, 0, 0, , 0, 0, 0, 0, 0, 
339, 1, 340, 340, -1, 281, 237, 33.0, 15, MSpaaaaaa, 5934, 0, 0, 0, , 0, 0, 0, 0, 0, 
340, 1, 341, 341, -1, 264, 234, 33.0, 13, MSpaaaaap, 4415, 0, 0, 0, , 0, 0, 0, 0, 0, 
341, 1, 342, 342, -1, 220, 210, 22.0, 13, ABaraappppa, 4884, 0, 0, 0, , 0, 0, 0, 0, 0, 
342, 1, 343, 343, -1, 220, 213, 29.0, 15, ABaraapppap, 7543, 0, 0, 0, , 0, 0, 0, 0, 0, 
343, 1, 344, 344, -1, 230, 231, 31.0, 11, MSpaapaap, 3715, 0, 0, 0, , 0, 0, 0, 0, 0, 
344, 1, 345, 345, -1, 250, 229, 30.0, 13, MSpaapaaa, 2944, 0, 0, 0, , 0, 0, 0, 0, 0, 
345, 1, 346, 473, -1, 177, 267, 28.0, 19, Earap, 4562, 0, 0, 0, , 0, 0, 0, 0, 0, 
346, 1, 347, 347, -1, 268, 294, 21.0, 14, MSapppaa, 1947, 0, 0, 0, , 0, 0, 0, 0, 0, 
347, 1, 348, 348, -1, 262, 303, 31.0, 13, MSapppap, 4272, 0, 0, 0, , 0, 0, 0, 0, 0, 
348, 1, 349, 349, -1, 268, 273, 34.0, 19, MSappppa, 16166, 0, 0, 0, , 0, 0, 0, 0, 0, 
349, 1, 350, 350, -1, 233, 285, 33.0, 15, MSappppp, 4317, 0, 0, 0, , 0, 0, 0, 0, 0, 
350, 1, 351, 351, -1, 151, 326, 22.0, 17, MSappaap, 9230, 0, 0, 0, , 0, 0, 0, 0, 0, 
351, 1, 352, 352, -1, 270, 289, 29.0, 13, MSappaaa, 3273, 0, 0, 0, , 0, 0, 0, 0, 0, 
352, 0, 353, -1, -1, 272, 303, 15.0, 13, , 2137, 0, 0, 0, , 0, 0, 0, 0, 0, 
353, 1, 354, 354, -1, 271, 292, 16.0, 9, MSappapa, 1464, 0, 0, 0, , 0, 0, 0, 0, 0, 
354, 1, 355, 355, -1, 269, 267, 30.0, 17, ABaraapaapp, 14855, 0, 0, 0, , 0, 0, 0, 0, 0, 
355, 1, 356, 356, -1, 303, 251, 33.0, 15, MSapappp, 6507, 0, 0, 0, , 0, 0, 0, 0, 0, 
356, 1, 357, 357, -1, 254, 310, 26.0, 15, MSapapaa, 7530, 0, 0, 0, , 0, 0, 0, 0, 0, 
357, 1, 358, 358, -1, 162, 276, 18.0, 15, MSapaapp, 5845, 0, 0, 0, , 0, 0, 0, 0, 0, 
358, 0, 359, -1, -1, 297, 284, 19.0, 13, , 4109, 0, 0, 0, , 0, 0, 0, 0, 0, 
359, 1, 360, 360, -1, 303, 262, 20.0, 13, MSapaaaa, 6955, 0, 0, 0, , 0, 0, 0, 0, 0, 
360, 1, 361, 361, -1, 295, 233, 30.0, 17, MSaaaaapa, 21398, 0, 0, 0, , 0, 0, 0, 0, 0, 
361, 1, 362, 362, -1, 271, 252, 32.0, 15, MSaaaaapp, 12501, 0, 0, 0, , 0, 0, 0, 0, 0, 
362, 1, 363, 363, -1, 307, 214, 25.0, 11, MSaaaaaar, 3923, 0, 0, 0, , 0, 0, 0, 0, 0, 
363, 1, 364, 364, -1, 316, 238, 25.0, 13, MSaaaaaal, 4500, 0, 0, 0, , 0, 0, 0, 0, 0, 
364, 1, 365, 365, -1, 255, 248, 34.0, 13, MSaaaapaa, 4930, 0, 0, 0, , 0, 0, 0, 0, 0, 
365, 1, 366, 366, -1, 256, 260, 31.0, 15, MSaaaapap, 4392, 0, 0, 0, , 0, 0, 0, 0, 0, 
366, 1, 367, 367, -1, 238, 268, 31.0, 11, MSaaaappa, 2417, 0, 0, 0, , 0, 0, 0, 0, 0, 
367, 1, 368, 368, -1, 229, 285, 30.0, 13, MSaaapapp, 3092, 0, 0, 0, , 0, 0, 0, 0, 0, 
368, 1, 369, 637, -1, 265, 264, 27.0, 11, MSaaapaap, 1787, 0, 0, 0, , 0, 0, 0, 0, 0, 
369, 1, 370, 370, -1, 213, 283, 30.0, 11, MSaaappa, 2934, 0, 0, 0, , 0, 0, 0, 0, 0, 
370, 1, 371, 371, -1, 213, 267, 32.0, 15, MSaaappp, 4632, 0, 0, 0, , 0, 0, 0, 0, 0, 
371, 1, 372, 372, -1, 187, 313, 19.0, 17, MSaapppp, 5159, 0, 0, 0, , 0, 0, 0, 0, 0, 
372, 1, 373, 373, -1, 230, 275, 19.0, 13, MSaapaaap, 3700, 0, 0, 0, , 0, 0, 0, 0, 0, 
373, 1, 374, 374, -1, 248, 272, 18.0, 13, MSaapaaaa, 4099, 0, 0, 0, , 0, 0, 0, 0, 0, 
374, 1, 375, 375, -1, 211, 281, 20.0, 13, MSaapappp, 2877, 0, 0, 0, , 0, 0, 0, 0, 0, 
375, 1, 376, 376, -1, 240, 296, 25.0, 13, MSaapappa, 4148, 0, 0, 0, , 0, 0, 0, 0, 0, 
376, 1, 377, 377, -1, 226, 270, 23.0, 13, MSaapapaa, 3181, 0, 0, 0, , 0, 0, 0, 0, 0, 
377, 1, 378, 378, -1, 222, 290, 20.0, 13, MSaapapap, 3699, 0, 0, 0, , 0, 0, 0, 0, 0, 
378, 1, 379, 379, -1, 111, 312, 25.0, 29, Eplpa, 1984, 0, 0, 0, , 0, 0, 0, 0, 0, 
379, 1, 380, 380, -1, 116, 351, 22.0, 15, Cappapa, 11201, 0, 0, 0, , 0, 0, 0, 0, 0, 
380, 1, 381, 381, -1, 111, 342, 19.0, 17, Cappapp, 5803, 0, 0, 0, , 0, 0, 0, 0, 0, 
381, 1, 382, 382, -1, 178, 338, 29.0, 15, Cappaaa, 5456, 0, 0, 0, , 0, 0, 0, 0, 0, 
382, 1, 383, 383, -1, 86, 341, 23.0, 15, Capppap, 5925, 0, 0, 0, , 0, 0, 0, 0, 0, 
383, 1, 384, 384, -1, 110, 342, 30.0, 15, Capppaa, 5040, 0, 0, 0, , 0, 0, 0, 0, 0, 
384, 1, 385, 385, -1, 81, 321, 17.0, 15, Cappppv, 4772, 0, 0, 0, , 0, 0, 0, 0, 0, 
385, 1, 386, 386, -1, 125, 350, 25.0, 15, Capapap, 5433, 0, 0, 0, , 0, 0, 0, 0, 0, 
386, 1, 387, 387, -1, 157, 343, 27.0, 15, Capapaa, 5671, 0, 0, 0, , 0, 0, 0, 0, 0, 
387, 1, 388, 388, -1, 134, 314, 13.0, 15, Capappp, 6116, 0, 0, 0, , 0, 0, 0, 0, 0, 
388, 1, 389, 389, -1, 149, 337, 18.0, 15, Capappa, 5755, 0, 0, 0, , 0, 0, 0, 0, 0, 
389, 1, 390, 390, -1, 185, 340, 23.0, 13, Capaaap, 4622, 0, 0, 0, , 0, 0, 0, 0, 0, 
390, 1, 391, 391, -1, 212, 330, 23.0, 15, Capaaaa, 4748, 0, 0, 0, , 0, 0, 0, 0, 0, 
391, 0, 392, -1, -1, 77, 292, 13.0, 13, , 4294, 0, 0, 0, , 0, 0, 0, 0, 0, 
392, 1, 393, 393, -1, 72, 306, 14.0, 13, Caappv, 4213, 0, 0, 0, , 0, 0, 0, 0, 0, 
393, 1, 394, 394, -1, 105, 293, 11.0, 11, Caapap, 3793, 0, 0, 0, , 0, 0, 0, 0, 0, 
394, 1, 395, 395, -1, 83, 349, 19.0, 19, Cpappd, 6013, 0, 0, 0, , 0, 0, 0, 0, 0, 
395, 1, 396, 396, -1, 77, 327, 13.0, 15, Cpappv, 5698, 0, 0, 0, , 0, 0, 0, 0, 0, 
396, 1, 397, 397, -1, 65, 286, 23.0, 19, Cpapaa, 12797, 0, 0, 0, , 0, 0, 0, 0, 0, 
397, 1, 398, 398, -1, 109, 242, 23.0, 15, Cppaapp, 5702, 0, 0, 0, , 0, 0, 0, 0, 0, 
398, 1, 399, 399, -1, 136, 229, 24.0, 15, Cppaapa, 5760, 0, 0, 0, , 0, 0, 0, 0, 0, 
399, 1, 400, 400, -1, 152, 221, 24.0, 15, Cppaaap, 5179, 0, 0, 0, , 0, 0, 0, 0, 0, 
400, 1, 401, 401, -1, 172, 218, 24.0, 15, Cppaaaa, 5132, 0, 0, 0, , 0, 0, 0, 0, 0, 
401, 1, 402, 402, -1, 134, 234, 29.0, 17, Cppapaa, 13789, 0, 0, 0, , 0, 0, 0, 0, 0, 
402, 1, 403, 403, -1, 114, 256, 15.0, 13, Cppappp, 4314, 0, 0, 0, , 0, 0, 0, 0, 0, 
403, 1, 404, 404, -1, 105, 243, 18.0, 13, Cppappa, 4466, 0, 0, 0, , 0, 0, 0, 0, 0, 
404, 1, 405, 405, -1, 131, 248, 33.0, 15, Cpppaap, 5937, 0, 0, 0, , 0, 0, 0, 0, 0, 
405, 1, 406, 406, -1, 158, 222, 29.0, 13, Cpppaaa, 5279, 0, 0, 0, , 0, 0, 0, 0, 0, 
406, 1, 407, 407, -1, 81, 264, 20.0, 17, Cpppapp, 6771, 0, 0, 0, , 0, 0, 0, 0, 0, 
407, 1, 408, 408, -1, 85, 262, 24.0, 15, Cpppapa, 8118, 0, 0, 0, , 0, 0, 0, 0, 0, 
408, 1, 409, 409, -1, 251, 307, 17.0, 15, Daapa, 5646, 0, 0, 0, , 0, 0, 0, 0, 0, 
409, 1, 410, 410, -1, 236, 313, 16.0, 15, Daapp, 5409, 0, 0, 0, , 0, 0, 0, 0, 0, 
410, 1, 411, 411, -1, 252, 307, 21.0, 15, Daaaa, 5917, 0, 0, 0, , 0, 0, 0, 0, 0, 
411, 1, 412, 412, -1, 241, 306, 30.0, 15, Daaap, 5572, 0, 0, 0, , 0, 0, 0, 0, 0, 
412, 1, 413, 413, -1, 223, 300, 33.0, 13, Dappaa, 3580, 0, 0, 0, , 0, 0, 0, 0, 0, 
413, 1, 414, 414, -1, 198, 318, 30.0, 11, Dappap, 742, 0, 0, 0, , 0, 0, 0, 0, 0, 
414, 1, 415, 415, -1, 179, 323, 32.0, 19, Dappp, 6404, 0, 0, 0, , 0, 0, 0, 0, 0, 
415, 1, 416, 416, -1, 195, 212, 17.0, 15, Dpapp, 5731, 0, 0, 0, , 0, 0, 0, 0, 0, 
416, 1, 417, 417, -1, 206, 200, 17.0, 15, Dpapa, 4416, 0, 0, 0, , 0, 0, 0, 0, 0, 
417, 1, 418, 418, -1, 205, 205, 31.0, 17, Dpaap, 6843, 0, 0, 0, , 0, 0, 0, 0, 0, 
418, 0, 419, -1, -1, 202, 197, 34.0, 19, , 6487, 0, 0, 0, , 0, 0, 0, 0, 0, 
419, 1, 420, 420, -1, 208, 195, 21.0, 15, Dpaaa, 3579, 0, 0, 0, , 0, 0, 0, 0, 0, 
420, 1, 421, 421, -1, 163, 232, 33.0, 13, Dpppp, 2954, 0, 0, 0, , 0, 0, 0, 0, 0, 
421, 1, 422, 422, -1, 183, 236, 33.0, 13, Dpppap, 2773, 0, 0, 0, , 0, 0, 0, 0, 0, 
422, 1, 423, 423, -1, 210, 225, 34.0, 15, Dpppaa, 3579, 0, 0, 0, , 0, 0, 0, 0, 0, 
423, 1, 424, 424, -1, 190, 203, 21.0, 15, Dppaa, 5094, 0, 0, 0, , 0, 0, 0, 0, 0, 
424, 1, 425, 425, -1, 175, 214, 29.0, 15, Dppap, 5274, 0, 0, 0, , 0, 0, 0, 0, 0, 
425, 0, 426, -1, -1, 380, 244, 24.0, 15, , 8058, 0, 0, 0, , 0, 0, 0, 0, 0, 
426, 1, 670, 427, -1, 305, 283, 25.0, 13, ABalppppaav, 3958, 0, 0, 0, , 0, 0, 0, 0, 0, 
427, 1, 428, 428, -1, 314, 300, 25.0, 13, ABalpppappp, 3578, 0, 0, 0, , 0, 0, 0, 0, 0, 
428, 1, 429, 429, -1, 291, 297, 22.0, 15, ABalpppppap, 4609, 0, 0, 0, , 0, 0, 0, 0, 0, 
429, 1, 430, 430, -1, 300, 310, 22.0, 13, ABalppppppaa, 3883, 0, 0, 0, , 0, 0, 0, 0, 0, 
430, 1, 431, 431, -1, 276, 324, 23.0, 13, ABalppppppap, 3121, 0, 0, 0, , 0, 0, 0, 0, 0, 
431, 1, 432, 432, -1, 306, 313, 20.0, 15, ABalpppppppa, 3609, 0, 0, 0, , 0, 0, 0, 0, 0, 
432, 1, 433, 433, -1, 346, 255, 21.0, 11, ABalppppapp, 3032, 0, 0, 0, , 0, 0, 0, 0, 0, 
433, 1, 434, 434, -1, 342, 277, 15.0, 13, ABalpppaaaa, 3841, 0, 0, 0, , 0, 0, 0, 0, 0, 
434, 1, 435, 435, -1, 331, 267, 11.0, 15, ABalpppaaap, 4638, 0, 0, 0, , 0, 0, 0, 0, 0, 
435, 1, 436, 436, -1, 355, 266, 17.0, 11, ABalpppaapd, 3193, 0, 0, 0, , 0, 0, 0, 0, 0, 
436, 1, 437, 437, -1, 353, 260, 21.0, 13, ABalpppaapv, 3825, 0, 0, 0, , 0, 0, 0, 0, 0, 
437, 1, 438, 438, -1, 319, 293, 16.0, 15, ABalpppapad, 3886, 0, 0, 0, , 0, 0, 0, 0, 0, 
438, 1, 439, 439, -1, 324, 287, 14.0, 15, ABalpppapav, 5283, 0, 0, 0, , 0, 0, 0, 0, 0, 
439, 0, 440, -1, -1, 350, 253, 16.0, 11, , 2703, 0, 0, 0, , 0, 0, 0, 0, 0, 
440, 1, 441, 441, -1, 341, 255, 12.0, 15, ABalppaaapp, 6017, 0, 0, 0, , 0, 0, 0, 0, 0, 
441, 1, 442, 442, -1, 298, 267, 12.0, 13, ABalppaappp, 4480, 0, 0, 0, , 0, 0, 0, 0, 0, 
442, 1, 443, 443, -1, 313, 238, 10.0, 13, ABalppaapa, 4385, 0, 0, 0, , 0, 0, 0, 0, 0, 
443, 1, 444, 444, -1, 296, 298, 16.0, 17, ABplpaaaaap, 5637, 0, 0, 0, , 0, 0, 0, 0, 0, 
444, 1, 445, 445, -1, 306, 259, 13.0, 11, ABalppapppa, 2446, 0, 0, 0, , 0, 0, 0, 0, 0, 
445, 1, 446, 672, -1, 319, 258, 16.0, 11, ABalppappap, 6849, 0, 0, 0, , 0, 0, 0, 0, 0, 
446, 0, 447, -1, -1, 322, 259, 19.0, 13, , 3916, 0, 0, 0, , 0, 0, 0, 0, 0, 
447, 1, 448, 448, -1, 287, 254, 13.0, 13, ABalppapapa, 7893, 0, 0, 0, , 0, 0, 0, 0, 0, 
448, 1, 449, 449, -1, 287, 252, 11.0, 13, ABalppapapp, 6651, 0, 0, 0, , 0, 0, 0, 0, 0, 
449, 1, 450, 450, -1, 327, 245, 14.0, 13, ABalppapaaa, 4692, 0, 0, 0, , 0, 0, 0, 0, 0, 
450, 1, 451, 451, -1, 266, 256, 11.0, 15, ABalpapapaa, 6613, 0, 0, 0, , 0, 0, 0, 0, 0, 
451, 1, 452, 452, -1, 196, 287, 13.0, 13, ABalpapappa, 5448, 0, 0, 0, , 0, 0, 0, 0, 0, 
452, 1, 453, 453, -1, 294, 235, 11.0, 11, ABalpapaapp, 7021, 0, 0, 0, , 0, 0, 0, 0, 0, 
453, 1, 454, 454, -1, 300, 225, 13.0, 11, ABalpapaapa, 2718, 0, 0, 0, , 0, 0, 0, 0, 0, 
454, 1, 455, 681, -1, 316, 248, 10.0, 11, ABalppaappa, 3670, 0, 0, 0, , 0, 0, 0, 0, 0, 
455, 1, 456, 456, -1, 305, 240, 14.0, 15, ABalpapaaaa, 7553, 0, 0, 0, , 0, 0, 0, 0, 0, 
456, 1, 457, 457, -1, 282, 252, 18.0, 15, ABalpaaaaap, 7487, 0, 0, 0, , 0, 0, 0, 0, 0, 
457, 1, 458, 458, -1, 258, 244, 19.0, 13, ABalpappaaa, 6357, 0, 0, 0, , 0, 0, 0, 0, 0, 
458, 1, 459, 459, -1, 275, 277, 19.0, 15, ABalpapppaa, 7458, 0, 0, 0, , 0, 0, 0, 0, 0, 
459, 1, 460, 460, -1, 260, 259, 22.0, 15, ABalpapppap, 6175, 0, 0, 0, , 0, 0, 0, 0, 0, 
460, 1, 461, 461, -1, 293, 261, 23.0, 13, ABalpaaapaa, 6279, 0, 0, 0, , 0, 0, 0, 0, 0, 
461, 1, 462, 462, -1, 293, 268, 26.0, 11, ABalpaaapap, 3863, 0, 0, 0, , 0, 0, 0, 0, 0, 
462, 1, 463, 463, -1, 277, 253, 16.0, 13, ABalpaaaapp, 4963, 0, 0, 0, , 0, 0, 0, 0, 0, 
463, 1, 464, 464, -1, 289, 242, 17.0, 13, ABalpaaaapa, 4837, 0, 0, 0, , 0, 0, 0, 0, 0, 
464, 1, 465, 465, -1, 280, 264, 19.0, 14, ABalpappaap, 4891, 0, 0, 0, , 0, 0, 0, 0, 0, 
465, 1, 466, 466, -1, 300, 243, 18.0, 13, ABalpaaaaaa, 5664, 0, 0, 0, , 0, 0, 0, 0, 0, 
466, 1, 467, 467, -1, 326, 225, 17.0, 11, ABalpaapppa, 3246, 0, 0, 0, , 0, 0, 0, 0, 0, 
467, 1, 468, 468, -1, 329, 230, 14.0, 11, ABalpaapppp, 3553, 0, 0, 0, , 0, 0, 0, 0, 0, 
468, 1, 469, 469, -1, 313, 231, 17.0, 13, ABalpaappaa, 4025, 0, 0, 0, , 0, 0, 0, 0, 0, 
469, 1, 471, 470, -1, 278, 258, 26.0, 13, ABalpaapapa, 3722, 0, 0, 0, , 0, 0, 0, 0, 0, 
470, 0, 472, -1, -1, 294, 248, 24.0, 15, , 5264, 0, 0, 0, , 0, 0, 0, 0, 0, 
471, 0, 473, -1, -1, 303, 246, 21.0, 13, , 10548, 0, 0, 0, , 0, 0, 0, 0, 0, 
472, 0, 474, -1, -1, 179, 274, 30.0, 21, , 15482, 0, 0, 0, , 0, 0, 0, 0, 0, 
473, 1, 475, 474, -1, 139, 315, 27.0, 13, Ealpp, 931, 0, 0, 0, , 0, 0, 0, 0, 0, 
474, 0, 476, -1, -1, 195, 257, 24.0, 11, , 3699, 0, 0, 0, , 0, 0, 0, 0, 0, 
475, 1, 477, 476, -1, 137, 281, 29.0, 21, Earpp, 2560, 0, 0, 0, , 0, 0, 0, 0, 0, 
476, 1, 478, 477, -1, 169, 295, 25.0, 17, Ealap, 8944, 0, 0, 0, , 0, 0, 0, 0, 0, 
477, 1, 479, 478, -1, 209, 279, 25.0, 17, Ealaa, 16949, 0, 0, 0, , 0, 0, 0, 0, 0, 
478, 1, 480, 479, -1, 116, 312, 28.0, 23, Eplap, 11244, 0, 0, 0, , 0, 0, 0, 0, 0, 
479, 1, 481, 480, -1, 105, 283, 20.0, 25, Eprpp, 1430, 0, 0, 0, , 0, 0, 0, 0, 0, 
480, 1, 482, 481, -1, 203, 329, 28.0, 15, Dapap, 5577, 0, 0, 0, , 0, 0, 0, 0, 0, 
481, 1, 483, 482, -1, 232, 316, 21.0, 15, Dapaa, 5821, 0, 0, 0, , 0, 0, 0, 0, 0, 
482, 1, 484, 483, -1, 223, 299, 23.0, 13, MSaapaapp, 5136, 0, 0, 0, , 0, 0, 0, 0, 0, 
483, 1, 485, 484, -1, 238, 296, 22.0, 11, MSaapaapa, 2695, 0, 0, 0, , 0, 0, 0, 0, 0, 
484, 1, 486, 485, -1, 178, 199, 30.0, 15, ABarpppapp, 5622, 0, 0, 0, , 0, 0, 0, 0, 0, 
485, 1, 487, 486, -1, 251, 298, 13.0, 13, ABplppaapap, 5441, 0, 0, 0, , 0, 0, 0, 0, 0, 
486, 1, 488, 487, -1, 245, 299, 10.0, 13, ABplppaapaa, 5431, 0, 0, 0, , 0, 0, 0, 0, 0, 
487, 1, 489, 488, -1, 336, 242, 18.0, 13, ABalaaaalar, 3805, 0, 0, 0, , 0, 0, 0, 0, 0, 
488, 1, 490, 489, -1, 302, 180, 28.0, 13, ABalapppppp, 3646, 0, 0, 0, , 0, 0, 0, 0, 0, 
489, 1, 491, 490, -1, 302, 166, 27.0, 15, ABarpappaa, 5229, 0, 0, 0, , 0, 0, 0, 0, 0, 
490, 1, 492, 491, -1, 98, 274, 34.0, 17, Cppppaa, 10934, 0, 0, 0, , 0, 0, 0, 0, 0, 
491, 1, 493, 492, -1, 73, 287, 27.0, 15, Cppppap, 5060, 0, 0, 0, , 0, 0, 0, 0, 0, 
492, 1, 494, 493, -1, 104, 279, 15.0, 13, Cpppppv, 4741, 0, 0, 0, , 0, 0, 0, 0, 0, 
493, 1, 495, 494, -1, 177, 262, 24.0, 19, Earpa, 15423, 0, 0, 0, , 0, 0, 0, 0, 0, 
494, 0, 496, -1, -1, 302, 193, 32.0, 13, , 4742, 0, 0, 0, , 0, 0, 0, 0, 0, 
495, 0, 497, -1, -1, 105, 290, 23.0, 13, , 6871, 0, 0, 0, , 0, 0, 0, 0, 0, 
496, 1, 498, 497, -1, 264, 234, 35.0, 15, ABarpaappa, 2577, 0, 0, 0, , 0, 0, 0, 0, 0, 
497, 1, 499, 498, -1, 257, 305, 35.0, 19, ABarppaapa, 32848, 0, 0, 0, , 0, 0, 0, 0, 0, 
498, 0, 500, -1, -1, 120, 311, 26.0, 17, , 8659, 0, 0, 0, , 0, 0, 0, 0, 0, 
499, 1, 501, 500, -1, 197, 275, 20.0, 13, MSaappap, 4347, 0, 0, 0, , 0, 0, 0, 0, 0, 
500, 1, 502, 501, -1, 293, 208, 12.0, 13, ABalaapappa, 2669, 0, 0, 0, , 0, 0, 0, 0, 0, 
501, 0, 503, -1, -1, 138, 282, 27.0, 21, , 15684, 0, 0, 0, , 0, 0, 0, 0, 0, 
502, 1, 504, 503, -1, 220, 309, 12.0, 15, ABplppapaaa, 6378, 0, 0, 0, , 0, 0, 0, 0, 0, 
503, 0, 505, -1, -1, 326, 242, 21.0, 13, , 4963, 0, 0, 0, , 0, 0, 0, 0, 0, 
504, 0, 506, -1, -1, 112, 290, 29.0, 13, , 1632, 0, 0, 0, , 0, 0, 0, 0, 0, 
505, 1, 507, 506, -1, 273, 195, 18.0, 13, ABprpaaaaaa, 6412, 0, 0, 0, , 0, 0, 0, 0, 0, 
506, 1, 508, 507, -1, 137, 247, 17.0, 13, MSpappap, 3477, 0, 0, 0, , 0, 0, 0, 0, 0, 
507, 1, 509, 508, -1, 207, 243, 30.0, 15, MSpaapapp, 5307, 0, 0, 0, , 0, 0, 0, 0, 0, 
508, 0, 510, -1, -1, 191, 254, 28.0, 13, , 1399, 0, 0, 0, , 0, 0, 0, 0, 0, 
509, 1, 511, 510, -1, 74, 298, 18.0, 15, Cpppppd, 7531, 0, 0, 0, , 0, 0, 0, 0, 0, 
510, 1, 512, 511, -1, 289, 301, 31.0, 15, ABplapaaaaa, 5441, 0, 0, 0, , 0, 0, 0, 0, 0, 
511, 0, 513, -1, -1, 208, 264, 13.0, 11, , 3483, 0, 0, 0, , 0, 0, 0, 0, 0, 
512, 1, 514, 513, -1, 278, 311, 31.0, 15, ABplapaaaap, 8091, 0, 0, 0, , 0, 0, 0, 0, 0, 
513, 1, 515, 514, -1, 336, 265, 14.0, 11, ABalppaaapa, 1440, 0, 0, 0, , 0, 0, 0, 0, 0, 
514, 1, 516, 515, -1, 261, 263, 18.0, 13, ABalpappppp, 5021, 0, 0, 0, , 0, 0, 0, 0, 0, 
515, 1, 517, 516, -1, 343, 211, 18.0, 13, ABalaaaparr, 3843, 0, 0, 0, , 0, 0, 0, 0, 0, 
516, 1, 518, 517, -1, 346, 224, 19.0, 15, ABalaaaparl, 4358, 0, 0, 0, , 0, 0, 0, 0, 0, 
517, 1, 519, 518, -1, 264, 278, 23.0, 13, ABalpaaappp, 5752, 0, 0, 0, , 0, 0, 0, 0, 0, 
518, 1, 520, 519, -1, 279, 277, 22.0, 13, ABalpaaappa, 7071, 0, 0, 0, , 0, 0, 0, 0, 0, 
519, 1, 521, 520, -1, 189, 283, 24.0, 17, Ealpa, 9443, 0, 0, 0, , 0, 0, 0, 0, 0, 
520, 1, 522, 521, -1, 223, 245, 13.0, 11, ABprpappapa, 2564, 0, 0, 0, , 0, 0, 0, 0, 0, 
521, 1, 523, 522, -1, 165, 302, 18.0, 23, Z3, 2204, 0, 0, 0, , 0, 0, 0, 0, 0, 
522, 1, 524, 523, -1, 148, 337, 32.0, 15, Cappaap, 6167, 0, 0, 0, , 0, 0, 0, 0, 0, 
523, 1, 525, 524, -1, 278, 238, 14.0, 11, ABarappaapp, 6544, 0, 0, 0, , 0, 0, 0, 0, 0, 
524, 0, 526, -1, -1, 177, 258, 23.0, 19, , 17145, 0, 0, 0, , 0, 0, 0, 0, 0, 
525, 1, 527, 526, -1, 204, 221, 27.0, 15, MSpapappa, 7823, 0, 0, 0, , 0, 0, 0, 0, 0, 
526, 1, 528, 527, -1, 202, 213, 24.0, 17, MSpapaapa, 12283, 0, 0, 0, , 0, 0, 0, 0, 0, 
527, 1, 529, 528, -1, 272, 163, 24.0, 13, ABpraapaapp, 5471, 0, 0, 0, , 0, 0, 0, 0, 0, 
528, 1, 530, 529, -1, 299, 182, 26.0, 13, ABalapppppa, 3240, 0, 0, 0, , 0, 0, 0, 0, 0, 
529, 1, 531, 530, -1, 287, 219, 17.0, 13, ABarapaaaaa, 7897, 0, 0, 0, , 0, 0, 0, 0, 0, 
530, 1, 532, 531, -1, 304, 257, 15.0, 15, ABalppapppp, 5242, 0, 0, 0, , 0, 0, 0, 0, 0, 
531, 1, 533, 532, -1, 338, 201, 19.0, 13, ABalaaappll, 3875, 0, 0, 0, , 0, 0, 0, 0, 0, 
532, 0, 534, -1, -1, 170, 283, 25.0, 13, , 2428, 0, 0, 0, , 0, 0, 0, 0, 0, 
533, 1, 535, 534, -1, 103, 250, 28.0, 15, Cppapap, 5156, 0, 0, 0, , 0, 0, 0, 0, 0, 
534, 1, 536, 535, -1, 240, 227, 22.0, 13, ABarapaappp, 7801, 0, 0, 0, , 0, 0, 0, 0, 0, 
535, 1, 537, 536, -1, 307, 283, 22.0, 13, ABalppppaad, 6933, 0, 0, 0, , 0, 0, 0, 0, 0, 
536, 0, 538, -1, -1, 250, 280, 31.0, 13, , 2096, 0, 0, 0, , 0, 0, 0, 0, 0, 
537, 0, 539, -1, -1, 271, 316, 16.0, 19, , 7028, 0, 0, 0, , 0, 0, 0, 0, 0, 
538, 1, 540, 539, -1, 279, 278, 25.0, 15, ABalpaapapp, 6196, 0, 0, 0, , 0, 0, 0, 0, 0, 
539, 1, 541, 540, -1, 127, 336, 14.0, 13, ABplpppaapa, 3885, 0, 0, 0, , 0, 0, 0, 0, 0, 
540, 1, 542, 634, -1, 340, 232, 31.0, 17, ABarpaaaapp, 8547, 0, 0, 0, , 0, 0, 0, 0, 0, 
541, 0, 543, -1, -1, 209, 278, 27.0, 21, , 12865, 0, 0, 0, , 0, 0, 0, 0, 0, 
542, 0, 544, -1, -1, 183, 191, 17.0, 13, , 1966, 0, 0, 0, , 0, 0, 0, 0, 0, 
543, 1, 545, 544, -1, 221, 230, 18.0, 13, MSpapaaaa, 4604, 0, 0, 0, , 0, 0, 0, 0, 0, 
544, 1, 546, 545, -1, 194, 224, 18.0, 15, MSpapppaa, 3214, 0, 0, 0, , 0, 0, 0, 0, 0, 
545, 1, 547, 546, -1, 179, 231, 19.0, 13, MSpapppap, 2870, 0, 0, 0, , 0, 0, 0, 0, 0, 
546, 0, 548, -1, -1, 292, 249, 36.0, 15, , 1180, 0, 0, 0, , 0, 0, 0, 0, 0, 
547, 1, 549, 548, -1, 270, 179, 21.0, 15, ABprpaapaaa, 7559, 0, 0, 0, , 0, 0, 0, 0, 0, 
548, 1, 550, 549, -1, 253, 249, 17.0, 13, ABalpappppa, 3494, 0, 0, 0, , 0, 0, 0, 0, 0, 
549, 1, 551, 550, -1, 291, 314, 17.0, 9, ABalpppppppp, 2248, 0, 0, 0, , 0, 0, 0, 0, 0, 
550, 1, 552, 551, -1, 105, 307, 9.0, 11, ABprpppapp, 3210, 0, 0, 0, , 0, 0, 0, 0, 0, 
551, 0, 553, -1, -1, 159, 302, 29.0, 15, , 1917, 0, 0, 0, , 0, 0, 0, 0, 0, 
552, 1, 554, 553, -1, 224, 205, 10.0, 9, ABprppaaap, 1797, 0, 0, 0, , 0, 0, 0, 0, 0, 
553, 0, 555, -1, -1, 226, 252, 14.0, 9, , 955, 0, 0, 0, , 0, 0, 0, 0, 0, 
554, 0, 556, -1, -1, 135, 308, 27.0, 13, , 2118, 0, 0, 0, , 0, 0, 0, 0, 0, 
555, 1, 557, 556, -1, 106, 246, 32.0, 17, Caaapa, 2245, 0, 0, 0, , 0, 0, 0, 0, 0, 
556, 0, 649, -1, -1, 306, 180, 12.0, 11, , 1877, 0, 0, 0, , 0, 0, 0, 0, 0, 
557, 1, 559, 558, -1, 155, 281, 30.0, 15, Epraa, 3522, 0, 0, 0, , 0, 0, 0, 0, 0, 
558, 1, 560, 559, -1, 133, 355, 31.0, 19, Cpaapp, 6910, 0, 0, 0, , 0, 0, 0, 0, 0, 
559, 1, 561, 560, -1, 306, 195, 18.0, 15, ABalaapaaal, 3940, 0, 0, 0, , 0, 0, 0, 0, 0, 
560, 1, 562, 561, -1, 344, 195, 25.0, 13, ABarpaaaaal, 4018, 0, 0, 0, , 0, 0, 0, 0, 0, 
561, 0, 563, -1, -1, 228, 162, 18.0, 9, , 892, 0, 0, 0, , 0, 0, 0, 0, 0, 
562, 1, 564, 563, -1, 98, 294, 14.0, 11, Caapaa, 2707, 0, 0, 0, , 0, 0, 0, 0, 0, 
563, 1, 565, 564, -1, 209, 192, 35.0, 13, ABarpppapa, 5824, 0, 0, 0, , 0, 0, 0, 0, 0, 
564, 1, 566, 565, -1, 258, 289, 17.0, 13, MSappapp, 3766, 0, 0, 0, , 0, 0, 0, 0, 0, 
565, 1, 567, 566, -1, 82, 239, 19.0, 13, ABarpppppp, 3546, 0, 0, 0, , 0, 0, 0, 0, 0, 
566, 0, 568, -1, -1, 318, 224, 30.0, 13, , 1370, 0, 0, 0, , 0, 0, 0, 0, 0, 
567, 1, 569, 568, -1, 277, 291, 10.0, 19, ABplaappap, 9329, 0, 0, 0, , 0, 0, 0, 0, 0, 
568, 0, 570, -1, -1, 213, 175, 14.0, 9, , 450, 0, 0, 0, , 0, 0, 0, 0, 0, 
569, 1, 571, 569, -1, 234, 205, 19.0, 11, MSpppapa, 4086, 0, 0, 0, , 0, 0, 0, 0, 0, 
570, 1, 572, 570, -1, 300, 274, 33.0, 13, MSapappa, 10182, 0, 0, 0, , 0, 0, 0, 0, 0, 
571, 1, 573, 571, -1, 118, 290, 29.0, 23, Eprap, 7088, 0, 0, 0, , 0, 0, 0, 0, 0, 
572, 1, 574, 572, -1, 290, 203, 33.0, 15, MSppappp, 5046, 0, 0, 0, , 0, 0, 0, 0, 0, 
573, 1, 575, 573, -1, 89, 348, 26.0, 17, Cpapap, 5266, 0, 0, 0, , 0, 0, 0, 0, 0, 
574, 1, 576, 574, -1, 110, 309, 13.0, 13, Cappppd, 3914, 0, 0, 0, , 0, 0, 0, 0, 0, 
575, 0, 577, -1, -1, 167, 301, 18.0, 21, , 38201, 0, 0, 0, , 0, 0, 0, 0, 0, 
576, 1, 578, 576, -1, 228, 258, 29.0, 15, MSaaaappp, 3086, 0, 0, 0, , 0, 0, 0, 0, 0, 
577, 1, 579, 577, -1, 115, 349, 13.0, 13, ABplapppaap, 3760, 0, 0, 0, , 0, 0, 0, 0, 0, 
578, 1, 580, 578, -1, 135, 260, 22.0, 21, Z2, 2442, 0, 0, 0, , 0, 0, 0, 0, 0, 
579, 1, 581, 579, -1, 321, 271, 30.0, 11, ABplaaaaapa, 3225, 0, 0, 0, , 0, 0, 0, 0, 0, 
580, 1, 582, 632, -1, 332, 227, 35.0, 17, ABplaaaapa, 13860, 0, 0, 0, , 0, 0, 0, 0, 0, 
581, 1, 583, 581, -1, 194, 241, 20.0, 11, MSpapapap, 3200, 0, 0, 0, , 0, 0, 0, 0, 0, 
582, 0, 584, -1, -1, 136, 314, 29.0, 19, , 22367, 0, 0, 0, , 0, 0, 0, 0, 0, 
583, 0, 585, -1, -1, 103, 289, 27.0, 21, , 5502, 0, 0, 0, , 0, 0, 0, 0, 0, 
584, 1, 586, 584, -1, 112, 308, 19.0, 21, Eplpp, 23073, 0, 0, 0, , 0, 0, 0, 0, 0, 
585, 0, 587, -1, -1, 109, 286, 21.0, 19, , 8549, 0, 0, 0, , 0, 0, 0, 0, 0, 
586, 0, 588, -1, -1, 345, 264, 16.0, 13, , 5581, 0, 0, 0, , 0, 0, 0, 0, 0, 
587, 1, 589, 587, -1, 140, 344, 21.0, 15, Capaapp, 5940, 0, 0, 0, , 0, 0, 0, 0, 0, 
588, 1, 590, 588, -1, 167, 342, 23.0, 13, Capaapa, 5166, 0, 0, 0, , 0, 0, 0, 0, 0, 
589, 1, 275, 589, -1, 235, 193, 10.0, 19, ABpraappap, 18671, 0, 0, 0, , 0, 0, 0, 0, 0, 
590, 1, 592, 590, -1, 278, 185, 32.0, 15, MSppappa, 5131, 0, 0, 0, , 0, 0, 0, 0, 0, 
591, 1, 593, 591, -1, 222, 292, 11.0, 15, ABalpapappp, 6290, 0, 0, 0, , 0, 0, 0, 0, 0, 
592, 0, 594, -1, -1, 137, 255, 22.0, 15, , 4443, 0, 0, 0, , 0, 0, 0, 0, 0, 
593, 1, 595, 593, -1, 218, 233, 29.0, 11, MSpaapapa, 1916, 0, 0, 0, , 0, 0, 0, 0, 0, 
594, 0, 596, -1, -1, 203, 257, 27.0, 11, , 1640, 0, 0, 0, , 0, 0, 0, 0, 0, 
595, 1, 597, 595, -1, 226, 170, 16.0, 13, ABpraaappppp, 2459, 0, 0, 0, , 0, 0, 0, 0, 0, 
596, 1, 598, 596, -1, 248, 159, 19.0, 13, ABpraaappppa, 3483, 0, 0, 0, , 0, 0, 0, 0, 0, 
597, 1, 599, 597, -1, 305, 291, 19.0, 11, ABalpppppaa, 2251, 0, 0, 0, , 0, 0, 0, 0, 0, 
598, 0, 600, -1, -1, 322, 294, 23.0, 11, , 3147, 0, 0, 0, , 0, 0, 0, 0, 0, 
599, 0, 601, -1, -1, 153, 299, 27.0, 13, , 4718, 0, 0, 0, , 0, 0, 0, 0, 0, 
600, 0, 603, -1, -1, 273, 187, 31.0, 15, , 5292, 0, 0, 0, , 0, 0, 0, 0, 0, 
601, 0, 604, -1, -1, 160, 283, 30.0, 15, , 2437, 0, 0, 0, , 0, 0, 0, 0, 0, 
602, 1, 605, 601, -1, 216, 255, 16.0, 13, ABarapapapp, 7384, 0, 0, 0, , 0, 0, 0, 0, 0, 
603, 0, 606, -1, -1, 82, 328, 18.0, 11, , 1647, 0, 0, 0, , 0, 0, 0, 0, 0, 
604, 1, 607, 603, -1, 207, 312, 20.0, 15, MSaapppap, 5871, 0, 0, 0, , 0, 0, 0, 0, 0, 
605, 1, 608, 604, -1, 222, 335, 32.0, 15, Caaaaa, 2041, 0, 0, 0, , 0, 0, 0, 0, 0, 
606, 1, 609, 605, -1, 60, 280, 18.0, 17, Caappd, 5367, 0, 0, 0, , 0, 0, 0, 0, 0, 
607, 1, 633, 606, -1, 85, 256, 29.0, 15, Caaapp, 2993, 0, 0, 0, , 0, 0, 0, 0, 0, 
608, 0, 611, -1, -1, 259, 326, 23.0, 11, , 3571, 0, 0, 0, , 0, 0, 0, 0, 0, 
609, 1, 612, 608, -1, 240, 228, 18.0, 17, ABarapapppp, 5078, 0, 0, 0, , 0, 0, 0, 0, 0, 
610, 1, 613, 636, -1, 232, 250, 17.0, 17, ABarapapppa, 3780, 0, 0, 0, , 0, 0, 0, 0, 0, 
611, 1, 614, 610, -1, 228, 297, 17.0, 13, MSaapppaa, 2849, 0, 0, 0, , 0, 0, 0, 0, 0, 
612, 0, 615, -1, -1, 196, 257, 26.0, 19, , 5652, 0, 0, 0, , 0, 0, 0, 0, 0, 
613, 0, 616, -1, -1, 136, 279, 30.0, 17, , 4802, 0, 0, 0, , 0, 0, 0, 0, 0, 
614, 1, 617, 613, -1, 186, 254, 14.0, 15, ABarappappa, 6170, 0, 0, 0, , 0, 0, 0, 0, 0, 
615, 1, 618, 614, -1, 305, 238, 22.0, 15, ABalpaapaaa, 5532, 0, 0, 0, , 0, 0, 0, 0, 0, 
616, 0, 619, -1, -1, 202, 259, 29.0, 13, , 5277, 0, 0, 0, , 0, 0, 0, 0, 0, 
617, 1, 620, 616, -1, 153, 302, 30.0, 21, Eplaa, 3967, 0, 0, 0, , 0, 0, 0, 0, 0, 
618, 0, 621, -1, -1, 109, 311, 23.0, 23, , 21126, 0, 0, 0, , 0, 0, 0, 0, 0, 
619, 1, 622, 618, -1, 237, 164, 29.0, 15, ABarpapppp, 4168, 0, 0, 0, , 0, 0, 0, 0, 0, 
620, 1, 623, 619, -1, 194, 306, 13.0, 15, ABplpaaaapp, 12452, 0, 0, 0, , 0, 0, 0, 0, 0, 
621, 0, 624, -1, -1, 262, 324, 18.0, 9, , 1837, 0, 0, 0, , 0, 0, 0, 0, 0, 
622, 0, 625, -1, -1, 108, 283, 20.0, 19, , 8283, 0, 0, 0, , 0, 0, 0, 0, 0, 
623, 0, 626, -1, -1, 198, 191, 13.0, 11, , 1127, 0, 0, 0, , 0, 0, 0, 0, 0, 
624, 1, 627, 623, -1, 224, 206, 18.0, 13, MSpppapp, 1913, 0, 0, 0, , 0, 0, 0, 0, 0, 
625, 0, 628, -1, -1, 205, 185, 14.0, 9, , 886, 0, 0, 0, , 0, 0, 0, 0, 0, 
626, 0, 629, -1, -1, 138, 262, 20.0, 13, , 6607, 0, 0, 0, , 0, 0, 0, 0, 0, 
627, 1, 630, 626, -1, 240, 229, 20.0, 13, ABarapappap, 8663, 0, 0, 0, , 0, 0, 0, 0, 0, 
628, 0, -1, -1, -1, 129, 285, 10.0, 13, , 3257, 0, 0, 0, , 0, 0, 0, 0, 0, 
629, 0, -1, -1, -1, 269, 202, 12.0, 17, , 5189, 0, 0, 0, , 0, 0, 0, 0, 0, 
630, 0, -1, -1, -1, 125, 296, 11.0, 11, , 1071, 0, 0, 0, , 0, 0, 0, 0, 0, 
631, 1, 631, 633, -1, 340, 230, 28.0, 15, ABplaaaaaaa, 0, 0, 0, 0, , 0, 0, 0, 0, 0, 
632, 1, 632, 635, -1, 198, 331, 34.0, 23, Cpaaap, 0, 0, 0, 0, , 0, 0, 0, 0, 0, 
633, 1, 634, 638, -1, 288, 281, 19.0, 17, MSapapap, 5820, 0, 0, 0, , 0, 0, 0, 0, 0, 
634, 0, 635, -1, -1, 122, 303, 33.0, 15, , 0, 0, 0, 0, , 0, 0, 0, 0, 0, 
635, 1, 636, 640, -1, 234, 308, 33.0, 15, Cpaaaa, 0, 0, 0, 0, , 0, 0, 0, 0, 0, 
636, 1, 637, 641, -1, 141, 232, 33.0, 15, Caaaap, 0, 0, 0, 0, , 0, 0, 0, 0, 0, 
637, 1, 615, 611, -1, 196, 257, 26.0, 17, Earaa, 2741, 0, 0, 0, , 0, 0, 0, 0, 0, 
638, 1, 638, 642, -1, 246, 202, 14.0, 15, ABprpaapppa, 0, 0, 0, 0, , 0, 0, 0, 0, 0, 
639, 1, 639, 643, -1, 295, 218, 25.0, 13, ABaraappaaa, 6486, 0, 0, 0, , 0, 0, 0, 0, 0, 
640, 1, 640, 645, -1, 265, 214, 25.6, 13, ABaraaapapa, 3062, 0, 0, 0, , 0, 0, 0, 0, 0, 
641, 1, 641, 646, -1, 315, 237, 11.615385, 13, ABalppapaap, 4126, 0, 0, 0, , 0, 0, 0, 0, 0, 
642, 1, 642, 647, -1, 243, 277, 10.0, 18, ABalpapapap, 6325, 0, 0, 0, , 0, 0, 0, 0, 0, 
643, 1, 643, 648, -1, 314, 214, 29.285715, 9, ABalapppapa, 474, 0, 0, 0, , 0, 0, 0, 0, 0, 
644, 1, 644, 649, -1, 318, 203, 30.190475, 12, ABalapppapp, 676, 0, 0, 0, , 0, 0, 0, 0, 0, 
645, 1, 645, 650, -1, 278, 179, 26.0, 11, ABalappapap, 0, 0, 0, 0, , 0, 0, 0, 0, 0, 
646, 1, 646, 651, -1, 319, 277, 18.0, 13, ABalapaapaa, 0, 0, 0, 0, , 0, 0, 0, 0, 0, 
647, 1, 647, 652, -1, 331, 256, 22.0, 14, ABalppppapa, 3390, 0, 0, 0, , 0, 0, 0, 0, 0, 
648, 1, 648, 653, -1, 271, 180, 19.0, 13, ABalaapppap, 0, 0, 0, 0, , 0, 0, 0, 0, 0, 
649, 1, 650, 504, -1, 327, 238, 19.0, 12, ABalaaaalal, 5088, 0, 0, 0, , 0, 0, 0, 0, 0, 
650, 1, 651, 654, -1, 78, 293, 12.0, 11, ABprppppppp, 813, 0, 0, 0, , 0, 0, 0, 0, 0, 
651, 0, 470, -1, -1, 309, 231, 15.0, 12, , 1847, 0, 0, 0, , 0, 0, 0, 0, 0, 
652, 0, 652, -1, -1, 312, 277, 22.0, 13, , 0, 0, 0, 0, , 0, 0, 0, 0, 0, 
653, 1, 440, 657, -1, 344, 257, 19.0, 13, ABalapaappp, 4112, 0, 0, 0, , 0, 0, 0, 0, 0, 
654, 1, 653, 440, -1, 350, 253, 16.0, 12, ABalaaapalr, 0, 0, 0, 0, , 0, 0, 0, 0, 0, 
655, 1, 654, 658, -1, 278, 286, 12.4, 12, ABplpaapppa, 4672, 0, 0, 0, , 0, 0, 0, 0, 0, 
656, 0, 655, -1, -1, 295, 249, 23.0, 13, , 0, 0, 0, 0, , 0, 0, 0, 0, 0, 
657, 1, 656, 660, -1, 125, 297, 10.0, 10, ABplpppapap, 0, 0, 0, 0, , 0, 0, 0, 0, 0, 
658, 1, 657, 661, -1, 294, 179, 15.0, 13, ABalaappapa, 0, 0, 0, 0, , 0, 0, 0, 0, 0, 
659, 1, 658, 662, -1, 251, 279, 30.0, 13, MSaaapapa, 0, 0, 0, 0, , 0, 0, 0, 0, 0, 
660, 1, 505, 663, -1, 328, 242, 21.0, 15, ABalaaapall, 13220, 0, 0, 0, , 0, 0, 0, 0, 0, 
661, 1, 659, 664, -1, 267, 315, 16.0, 16, ABplppaaaap, 0, 0, 0, 0, , 0, 0, 0, 0, 0, 
662, 1, 660, 665, -1, 225, 268, 13.0, 15, ABplpappaap, 0, 0, 0, 0, , 0, 0, 0, 0, 0, 
663, 1, 661, 666, -1, 305, 246, 20.8, 11, ABaraaaaaaa, 0, 0, 0, 0, , 0, 0, 0, 0, 0, 
664, 1, 470, 667, -1, 309, 230, 15.0, 13, ABalpaappap, 0, 0, 0, 0, , 0, 0, 0, 0, 0, 
665, 1, 662, 668, -1, 295, 249, 24.0, 13, ABalpaapaap, 0, 0, 0, 0, , 0, 0, 0, 0, 0, 
666, 1, 663, 447, -1, 324, 262, 19.0, 14, ABalapaappa, 0, 0, 0, 0, , 0, 0, 0, 0, 0, 
667, 1, 664, 669, -1, 303, 182, 12.0, 11, ABalaappapp, 0, 0, 0, 0, , 0, 0, 0, 0, 0, 
668, 1, 665, 670, -1, 319, 226, 29.0, 15, ABalapapapa, 0, 0, 0, 0, , 0, 0, 0, 0, 0, 
669, 1, 447, 671, -1, 324, 253, 17.333334, 13, ABalppappaa, 6407, 0, 0, 0, , 0, 0, 0, 0, 0, 
670, 1, 666, 673, -1, 290, 252, 30.0, 13, MSaaapaaa, 0, 0, 0, 0, , 0, 0, 0, 0, 0, 
671, 0, 667, -1, -1, 263, 236, 10.662921, 13, , 0, 0, 0, 0, , 0, 0, 0, 0, 0, 
672, 1, 668, 675, -1, 266, 204, 12.0, 13, ABalaapappp, 0, 0, 0, 0, , 0, 0, 0, 0, 0, 
673, 1, 669, 676, -1, 270, 231, 15.0, 13, ABarapapapa, 0, 0, 0, 0, , 0, 0, 0, 0, 0, 
674, 1, 671, 677, -1, 211, 221, 9.307693, 13, ABprppaapaa, 0, 0, 0, 0, , 0, 0, 0, 0, 0, 
675, 1, 672, 678, -1, 283, 186, 29.28, 14, ABarpapaapa, 0, 0, 0, 0, , 0, 0, 0, 0, 0, 
676, 0, 673, -1, -1, 337, 212, 23.5, 15, , 0, 0, 0, 0, , 0, 0, 0, 0, 0, 
677, 1, 674, 680, -1, 103, 291, 25.0, 15, Eprpa, 0, 0, 0, 0, , 0, 0, 0, 0, 0, 
678, 0, 675, -1, -1, 150, 308, 33.0, 15, , 0, 0, 0, 0, , 0, 0, 0, 0, 0, 
679, 1, 676, 683, -1, 149, 331, 35.166668, 15, Cpaapa, 0, 0, 0, 0, , 0, 0, 0, 0, 0, 
680, 1, 677, 684, -1, 288, 248, 35.666668, 15, ABarpaapap, 0, 0, 0, 0, , 0, 0, 0, 0, 0, 
681, 1, 678, 685, -1, 318, 200, 23.0, 13, ABalappppaa, 0, 0, 0, 0, , 0, 0, 0, 0, 0, 
