1, 1, 1, 1, -1, 287, 220, 27.0, 17, ABaraappaap, 10902, 0, 0, 0, , 0, 0, 0, 0, 0, 
2, 1, 2, 2, -1, 240, 214, 29.0, 15, ABaraappapp, 12966, 0, 0, 0, , 0, 0, 0, 0, 0, 
3, 1, 3, 3, -1, 280, 211, 28.0, 13, ABaraappapa, 5773, 0, 0, 0, , 0, 0, 0, 0, 0, 
4, 1, 4, 4, -1, 224, 212, 25.0, 17, ABaraapppaa, 4394, 0, 0, 0, , 0, 0, 0, 0, 0, 
5, 1, 5, 5, -1, 221, 229, 22.0, 14, ABaraappppp, 4140, 0, 0, 0, , 0, 0, 0, 0, 0, 
6, 1, 6, 6, -1, 253, 293, 22.0, 15, ABaraapappa, 7140, 0, 0, 0, , 0, 0, 0, 0, 0, 
7, 1, 7, 7, -1, 244, 281, 20.0, 15, ABaraapappp, 8043, 0, 0, 0, , 0, 0, 0, 0, 0, 
8, 1, 8, 8, -1, 248, 290, 28.0, 17, ABaraapapap, 11051, 0, 0, 0, , 0, 0, 0, 0, 0, 
9, 1, 9, 9, -1, 256, 284, 25.0, 17, ABaraapapaa, 8696, 0, 0, 0, , 0, 0, 0, 0, 0, 
10, 1, 10, 10, -1, 299, 233, 25.0, 15, ABaraapaaaa, 9186, 0, 0, 0, , 0, 0, 0, 0, 0, 
11, 1, 11, 11, -1, 299, 243, 27.0, 15, ABaraapaaap, 7595, 0, 0, 0, , 0, 0, 0, 0, 0, 
12, 0, 12, -1, -1, 287, 257, 31.0, 11, , 1914, 0, 0, 0, , 0, 0, 0, 0, 0, 
13, 1, 13, 13, -1, 298, 256, 28.0, 15, ABaraapaapa, 9156, 0, 0, 0, , 0, 0, 0, 0, 0, 
14, 1, 14, 14, -1, 295, 222, 17.0, 13, ABaraaappap, 2953, 0, 0, 0, , 0, 0, 0, 0, 0, 
15, 1, 15, 15, -1, 302, 218, 19.0, 13, ABaraaappaa, 3740, 0, 0, 0, , 0, 0, 0, 0, 0, 
16, 1, 16, 16, -1, 313, 213, 16.0, 13, ABaraaapppa, 5305, 0, 0, 0, , 0, 0, 0, 0, 0, 
17, 1, 17, 17, -1, 309, 209, 15.0, 15, ABaraaapppp, 5303, 0, 0, 0, , 0, 0, 0, 0, 0, 
18, 1, 18, 18, -1, 287, 217, 22.0, 15, ABaraaapaaa, 7404, 0, 0, 0, , 0, 0, 0, 0, 0, 
19, 1, 19, 652, -1, 281, 213, 25.0, 14, ABaraaapaap, 2235, 0, 0, 0, , 0, 0, 0, 0, 0, 
20, 1, 20, 19, -1, 239, 214, 27.0, 15, ABaraaapapp, 4958, 0, 0, 0, , 0, 0, 0, 0, 0, 
21, 1, 21, 20, -1, 277, 253, 22.0, 15, ABaraaaaaap, 3440, 0, 0, 0, , 0, 0, 0, 0, 0, 
22, 1, 22, 21, -1, 272, 220, 22.0, 11, ABaraaaaapp, 2962, 0, 0, 0, , 0, 0, 0, 0, 0, 
23, 1, 23, 22, -1, 288, 219, 20.0, 13, ABaraaaaapa, 4707, 0, 0, 0, , 0, 0, 0, 0, 0, 
24, 1, 24, 23, -1, 272, 243, 28.0, 13, ABaraaaapp, 3885, 0, 0, 0, , 0, 0, 0, 0, 0, 
25, 1, 25, 24, -1, 304, 224, 21.0, 11, ABaraaaapaa, 4875, 0, 0, 0, , 0, 0, 0, 0, 0, 
26, 1, 26, 25, -1, 211, 260, 19.0, 17, ABalpappapp, 6765, 0, 0, 0, , 0, 0, 0, 0, 0, 
27, 1, 27, 26, -1, 265, 244, 16.0, 13, ABalpappapa, 4878, 0, 0, 0, , 0, 0, 0, 0, 0, 
28, 1, 28, 27, -1, 250, 212, 19.0, 15, ABarapapaap, 9773, 0, 0, 0, , 0, 0, 0, 0, 0, 
29, 0, -1, -1, -1, 236, 244, 15.0, 11, , 4755, 0, 0, 0, , 0, 0, 0, 0, 0, 
30, 1, 30, 29, -1, 245, 204, 22.0, 15, ABarapappaa, 7751, 0, 0, 0, , 0, 0, 0, 0, 0, 
31, 0, 31, -1, -1, 270, 231, 15.0, 11, , 6498, 0, 0, 0, , 0, 0, 0, 0, 0, 
32, 1, 32, 31, -1, 257, 233, 17.0, 11, ABarapaaapp, 7181, 0, 0, 0, , 0, 0, 0, 0, 0, 
33, 1, 33, 32, -1, 265, 223, 18.0, 15, ABarapaaapa, 6687, 0, 0, 0, , 0, 0, 0, 0, 0, 
34, 1, 34, 33, -1, 263, 228, 20.0, 13, ABarapaaaap, 8055, 0, 0, 0, , 0, 0, 0, 0, 0, 
35, 1, 35, 34, -1, 261, 212, 22.0, 15, ABarapaapap, 7211, 0, 0, 0, , 0, 0, 0, 0, 0, 
36, 1, 36, 35, -1, 265, 209, 25.0, 11, ABarapaapaa, 7588, 0, 0, 0, , 0, 0, 0, 0, 0, 
37, 1, 37, 36, -1, 248, 205, 25.0, 17, ABarapaappa, 9413, 0, 0, 0, , 0, 0, 0, 0, 0, 
38, 1, 38, 37, -1, 260, 221, 12.0, 11, ABarapppapa, 4463, 0, 0, 0, , 0, 0, 0, 0, 0, 
39, 1, 39, 38, -1, 279, 216, 10.0, 15, ABarapppapp, 6036, 0, 0, 0, , 0, 0, 0, 0, 0, 
40, 1, 40, 39, -1, 296, 196, 16.0, 15, ABarapppaaa, 10058, 0, 0, 0, , 0, 0, 0, 0, 0, 
41, 1, 41, 40, -1, 301, 191, 12.0, 15, ABarapppaap, 7530, 0, 0, 0, , 0, 0, 0, 0, 0, 
42, 1, 42, 41, -1, 282, 190, 15.0, 11, ABarappppap, 5181, 0, 0, 0, , 0, 0, 0, 0, 0, 
43, 1, 43, 102, -1, 283, 183, 18.0, 15, ABarappppaa, 6449, 0, 0, 0, , 0, 0, 0, 0, 0, 
44, 1, 44, 43, -1, 266, 212, 14.0, 13, ABarapppppa, 4933, 0, 0, 0, , 0, 0, 0, 0, 0, 
45, 1, 45, 44, -1, 279, 206, 14.0, 13, ABarapppppp, 5237, 0, 0, 0, , 0, 0, 0, 0, 0, 
46, 1, 46, 45, -1, 271, 231, 10.0, 15, ABarappaaap, 7339, 0, 0, 0, , 0, 0, 0, 0, 0, 
47, 1, 47, 46, -1, 287, 213, 15.0, 15, ABarappaaaa, 6091, 0, 0, 0, , 0, 0, 0, 0, 0, 
48, 1, 48, 638, -1, 273, 230, 13.0, 13, ABarappaapa, 5310, 0, 0, 0, , 0, 0, 0, 0, 0, 
49, 1, 49, 47, -1, 285, 237, 12.0, 13, ABalpapaaap, 4806, 0, 0, 0, , 0, 0, 0, 0, 0, 
50, 1, 50, 48, -1, 234, 236, 10.0, 19, ABarappapap, 9346, 0, 0, 0, , 0, 0, 0, 0, 0, 
51, 1, 51, 49, -1, 252, 236, 11.0, 13, ABarappapaa, 7307, 0, 0, 0, , 0, 0, 0, 0, 0, 
52, 1, 52, 50, -1, 194, 240, 11.0, 15, ABarappappp, 9546, 0, 0, 0, , 0, 0, 0, 0, 0, 
53, 1, 53, 51, -1, 193, 236, 14.0, 11, ABprpapppap, 959, 0, 0, 0, , 0, 0, 0, 0, 0, 
54, 1, 54, 52, -1, 268, 160, 28.0, 15, ABarpapppa, 5622, 0, 0, 0, , 0, 0, 0, 0, 0, 
55, 1, 55, 53, -1, 293, 167, 30.0, 17, ABarpappap, 15491, 0, 0, 0, , 0, 0, 0, 0, 0, 
56, 1, 56, 54, -1, 310, 199, 29.0, 13, ABarpapaaap, 4226, 0, 0, 0, , 0, 0, 0, 0, 0, 
57, 1, 57, 55, -1, 279, 192, 28.0, 13, MSppaaap, 5989, 0, 0, 0, , 0, 0, 0, 0, 0, 
58, 1, 58, 56, -1, 302, 191, 31.0, 13, ABarpapaapp, 6615, 0, 0, 0, , 0, 0, 0, 0, 0, 
59, 1, 59, 57, -1, 300, 228, 35.0, 19, ABarpapapp, 8822, 0, 0, 0, , 0, 0, 0, 0, 0, 
60, 1, 60, 58, -1, 339, 202, 31.0, 17, ABarpapapa, 6880, 0, 0, 0, , 0, 0, 0, 0, 0, 
61, 1, 62, 59, -1, 306, 191, 35.0, 15, ABarpaapaa, 5100, 0, 0, 0, , 0, 0, 0, 0, 0, 
62, 1, 63, 60, -1, 350, 213, 25.0, 13, ABarpaaaaar, 3874, 0, 0, 0, , 0, 0, 0, 0, 0, 
63, 1, 64, 61, -1, 341, 211, 29.0, 15, ABarpaaaapa, 1774, 0, 0, 0, , 0, 0, 0, 0, 0, 
64, 1, 65, 62, -1, 323, 196, 33.0, 15, ABarpaaapp, 6956, 0, 0, 0, , 0, 0, 0, 0, 0, 
65, 1, 66, 63, -1, 342, 199, 26.0, 13, ABarpaaapaa, 4846, 0, 0, 0, , 0, 0, 0, 0, 0, 
66, 1, 67, 64, -1, 327, 188, 29.0, 13, ABarpaaapap, 7172, 0, 0, 0, , 0, 0, 0, 0, 0, 
67, 1, 68, 65, -1, 276, 333, 25.0, 15, ABarppaaap, 5681, 0, 0, 0, , 0, 0, 0, 0, 0, 
68, 1, 69, 66, -1, 237, 332, 27.0, 15, ABarppaapp, 6022, 0, 0, 0, , 0, 0, 0, 0, 0, 
69, 1, 70, 67, -1, 163, 361, 27.0, 15, ABarppappa, 7677, 0, 0, 0, , 0, 0, 0, 0, 0, 
70, 1, 71, 68, -1, 120, 365, 19.0, 15, ABarppappp, 4445, 0, 0, 0, , 0, 0, 0, 0, 0, 
71, 1, 72, 69, -1, 223, 348, 26.0, 17, ABarppapap, 6216, 0, 0, 0, , 0, 0, 0, 0, 0, 
72, 1, 73, 70, -1, 247, 343, 25.0, 15, ABarppapaa, 5093, 0, 0, 0, , 0, 0, 0, 0, 0, 
73, 1, 74, 71, -1, 116, 222, 27.0, 17, ABarpppppa, 4976, 0, 0, 0, , 0, 0, 0, 0, 0, 
74, 1, 75, 72, -1, 182, 185, 28.0, 13, ABarppppaa, 3582, 0, 0, 0, , 0, 0, 0, 0, 0, 
75, 1, 76, 73, -1, 162, 202, 30.0, 15, ABarppppap, 5784, 0, 0, 0, , 0, 0, 0, 0, 0, 
76, 1, 77, 74, -1, 211, 170, 28.0, 15, ABarpppaap, 10980, 0, 0, 0, , 0, 0, 0, 0, 0, 
77, 1, 78, 75, -1, 239, 190, 34.0, 15, ABarpppaaa, 5275, 0, 0, 0, , 0, 0, 0, 0, 0, 
78, 0, -1, -1, -1, 324, 210, 24.0, 15, , 1352, 0, 0, 0, , 0, 0, 0, 0, 0, 
79, 1, 80, 77, -1, 328, 190, 23.0, 9, ABalappppap, 1800, 0, 0, 0, , 0, 0, 0, 0, 0, 
80, 1, 81, 78, -1, 321, 223, 24.0, 11, ABalapppaaa, 1940, 0, 0, 0, , 0, 0, 0, 0, 0, 
81, 1, 82, 79, -1, 316, 205, 26.0, 11, ABalapppaap, 1157, 0, 0, 0, , 0, 0, 0, 0, 0, 
82, 0, 83, -1, -1, 286, 184, 25.0, 13, , 2896, 0, 0, 0, , 0, 0, 0, 0, 0, 
83, 1, 84, 81, -1, 324, 209, 25.0, 11, ABalappaaa, 2723, 0, 0, 0, , 0, 0, 0, 0, 0, 
84, 1, 85, 82, -1, 321, 184, 21.0, 11, ABalappappa, 1749, 0, 0, 0, , 0, 0, 0, 0, 0, 
85, 0, -1, -1, -1, 315, 182, 24.0, 11, , 997, 0, 0, 0, , 0, 0, 0, 0, 0, 
86, 1, 87, 84, -1, 329, 258, 27.0, 17, ABalapapppa, 6215, 0, 0, 0, , 0, 0, 0, 0, 0, 
87, 1, 88, 85, -1, 339, 255, 29.0, 13, ABalapapppp, 2859, 0, 0, 0, , 0, 0, 0, 0, 0, 
88, 1, 89, 86, -1, 337, 227, 22.0, 13, ABalapappaa, 3021, 0, 0, 0, , 0, 0, 0, 0, 0, 
89, 1, 90, 87, -1, 339, 229, 26.0, 13, ABalapappap, 5515, 0, 0, 0, , 0, 0, 0, 0, 0, 
90, 1, 91, 88, -1, 317, 229, 32.0, 11, ABalapapaa, 3507, 0, 0, 0, , 0, 0, 0, 0, 0, 
91, 1, 641, 89, -1, 309, 217, 30.0, 9, ABalapppapa, 566, 0, 0, 0, , 0, 0, 0, 0, 0, 
92, 1, 93, 90, -1, 321, 279, 27.0, 11, ABalapaaaap, 3580, 0, 0, 0, , 0, 0, 0, 0, 0, 
93, 1, 94, 91, -1, 324, 258, 25.0, 13, ABalapaaaaa, 6305, 0, 0, 0, , 0, 0, 0, 0, 0, 
94, 1, 95, 675, -1, 338, 243, 23.0, 13, ABalapaaapa, 3098, 0, 0, 0, , 0, 0, 0, 0, 0, 
95, 1, 96, 93, -1, 327, 257, 23.0, 13, ABalppppapa, 4180, 0, 0, 0, , 0, 0, 0, 0, 0, 
96, 0, 97, -1, -1, 339, 259, 19.0, 13, , 1100, 0, 0, 0, , 0, 0, 0, 0, 0, 
97, 1, 98, 95, -1, 338, 281, 20.0, 13, ABalapaapap, 4760, 0, 0, 0, , 0, 0, 0, 0, 0, 
98, 1, 99, 96, -1, 307, 201, 21.0, 15, ABalaapaaar, 4431, 0, 0, 0, , 0, 0, 0, 0, 0, 
99, 1, 100, 97, -1, 279, 197, 10.0, 11, ABalaapapa, 4821, 0, 0, 0, , 0, 0, 0, 0, 0, 
100, 1, 101, 98, -1, 307, 190, 15.0, 15, ABalaapaapp, 3165, 0, 0, 0, , 0, 0, 0, 0, 0, 
101, 1, 102, 99, -1, 311, 188, 16.0, 17, ABalaapaapa, 5926, 0, 0, 0, , 0, 0, 0, 0, 0, 
102, 1, 103, 100, -1, 296, 172, 13.0, 11, ABalaappaa, 3892, 0, 0, 0, , 0, 0, 0, 0, 0, 
103, 1, 104, 101, -1, 303, 179, 20.0, 13, ABalaappppp, 2694, 0, 0, 0, , 0, 0, 0, 0, 0, 
104, 1, 105, 664, -1, 282, 183, 20.0, 11, ABalaappppa, 1631, 0, 0, 0, , 0, 0, 0, 0, 0, 
105, 1, 106, 103, -1, 268, 166, 17.0, 11, ABalaapppaa, 3931, 0, 0, 0, , 0, 0, 0, 0, 0, 
106, 1, 107, 104, -1, 337, 237, 13.0, 13, ABalaaaalpp, 4372, 0, 0, 0, , 0, 0, 0, 0, 0, 
107, 1, 108, 105, -1, 341, 242, 16.0, 13, ABalaaaalpa, 3792, 0, 0, 0, , 0, 0, 0, 0, 0, 
108, 1, 109, 106, -1, 324, 205, 20.0, 15, ABalaaaarrp, 4105, 0, 0, 0, , 0, 0, 0, 0, 0, 
109, 1, 110, 107, -1, 317, 197, 17.0, 13, ABalaaaarra, 3761, 0, 0, 0, , 0, 0, 0, 0, 0, 
110, 1, 111, 108, -1, 329, 219, 19.0, 13, ABalaaaarlp, 3387, 0, 0, 0, , 0, 0, 0, 0, 0, 
111, 1, 112, 109, -1, 337, 225, 16.0, 13, ABalaaaarla, 7302, 0, 0, 0, , 0, 0, 0, 0, 0, 
112, 1, 113, 110, -1, 327, 195, 18.0, 13, ABalaaapplr, 5295, 0, 0, 0, , 0, 0, 0, 0, 0, 
113, 1, 114, 111, -1, 298, 196, 23.0, 15, ABalaaapprr, 4381, 0, 0, 0, , 0, 0, 0, 0, 0, 
114, 1, 115, 112, -1, 307, 173, 16.0, 13, ABalaaapprl, 4389, 0, 0, 0, , 0, 0, 0, 0, 0, 
115, 1, 116, 113, -1, 329, 211, 27.0, 11, ABalappaap, 1553, 0, 0, 0, , 0, 0, 0, 0, 0, 
116, 1, 117, 114, -1, 150, 303, 11.0, 13, ABplppppapa, 3715, 0, 0, 0, , 0, 0, 0, 0, 0, 
117, 1, 118, 115, -1, 124, 294, 10.0, 17, ABplpppapap, 6687, 0, 0, 0, , 0, 0, 0, 0, 0, 
118, 1, 119, 116, -1, 137, 295, 12.0, 13, ABplppppapp, 6172, 0, 0, 0, , 0, 0, 0, 0, 0, 
119, 1, 120, 117, -1, 147, 305, 15.0, 13, ABplppppaaa, 3900, 0, 0, 0, , 0, 0, 0, 0, 0, 
120, 1, 121, 118, -1, 135, 305, 16.0, 13, ABplppppaap, 3480, 0, 0, 0, , 0, 0, 0, 0, 0, 
121, 1, 122, 119, -1, 85, 314, 13.0, 13, ABplppppppp, 3385, 0, 0, 0, , 0, 0, 0, 0, 0, 
122, 1, 123, 120, -1, 92, 308, 11.0, 13, ABplppppppa, 3892, 0, 0, 0, , 0, 0, 0, 0, 0, 
123, 1, 124, 121, -1, 132, 326, 18.0, 13, ABplpppppap, 6442, 0, 0, 0, , 0, 0, 0, 0, 0, 
124, 1, 125, 122, -1, 141, 318, 18.0, 15, ABplpppppaa, 5767, 0, 0, 0, , 0, 0, 0, 0, 0, 
125, 1, 126, 123, -1, 128, 312, 10.0, 13, ABplpppapaa, 4033, 0, 0, 0, , 0, 0, 0, 0, 0, 
126, 1, 127, 124, -1, 121, 322, 13.0, 13, ABplpppaapp, 5489, 0, 0, 0, , 0, 0, 0, 0, 0, 
127, 1, 128, 125, -1, 160, 313, 11.0, 15, ABplpppaaaa, 5369, 0, 0, 0, , 0, 0, 0, 0, 0, 
128, 1, 129, 126, -1, 162, 322, 14.0, 15, ABplpppaaap, 3895, 0, 0, 0, , 0, 0, 0, 0, 0, 
129, 1, 130, 127, -1, 166, 308, 14.0, 13, ABplppapppp, 4460, 0, 0, 0, , 0, 0, 0, 0, 0, 
130, 1, 131, 128, -1, 174, 295, 15.0, 11, ABplppapppa, 3786, 0, 0, 0, , 0, 0, 0, 0, 0, 
131, 1, 132, 129, -1, 191, 289, 17.0, 13, ABplppappap, 5227, 0, 0, 0, , 0, 0, 0, 0, 0, 
132, 1, 133, 130, -1, 205, 289, 16.0, 13, ABplppappaa, 4518, 0, 0, 0, , 0, 0, 0, 0, 0, 
133, 1, 134, 131, -1, 187, 295, 15.0, 13, ABplppapapa, 3448, 0, 0, 0, , 0, 0, 0, 0, 0, 
134, 1, 135, 132, -1, 177, 315, 15.0, 13, ABplppapapp, 3956, 0, 0, 0, , 0, 0, 0, 0, 0, 
135, 1, 136, 133, -1, 203, 278, 15.0, 13, ABplppaappa, 4272, 0, 0, 0, , 0, 0, 0, 0, 0, 
136, 1, 137, 134, -1, 175, 291, 12.0, 15, ABplppaappp, 5259, 0, 0, 0, , 0, 0, 0, 0, 0, 
137, 1, 138, 647, -1, 269, 297, 12.0, 13, ABplppaaaaa, 5560, 0, 0, 0, , 0, 0, 0, 0, 0, 
138, 0, 139, -1, -1, 264, 321, 18.0, 11, , 4001, 0, 0, 0, , 0, 0, 0, 0, 0, 
139, 1, 140, 136, -1, 249, 252, 12.0, 13, ABplpappaaa, 5471, 0, 0, 0, , 0, 0, 0, 0, 0, 
140, 1, 141, 137, -1, 205, 271, 20.0, 13, MSaappaa, 3447, 0, 0, 0, , 0, 0, 0, 0, 0, 
141, 1, 142, 138, -1, 123, 292, 14.0, 13, ABplpappppp, 3900, 0, 0, 0, , 0, 0, 0, 0, 0, 
142, 1, 143, 139, -1, 143, 286, 16.0, 11, ABplpappppa, 3611, 0, 0, 0, , 0, 0, 0, 0, 0, 
143, 1, 144, 140, -1, 152, 288, 13.0, 13, ABplpapppaa, 3455, 0, 0, 0, , 0, 0, 0, 0, 0, 
144, 1, 145, 141, -1, 142, 269, 14.0, 11, ABplpapppap, 3344, 0, 0, 0, , 0, 0, 0, 0, 0, 
145, 1, 146, 142, -1, 214, 287, 13.0, 13, ABplpapappa, 3738, 0, 0, 0, , 0, 0, 0, 0, 0, 
146, 1, 147, 143, -1, 176, 279, 15.0, 9, ABplpapappp, 2104, 0, 0, 0, , 0, 0, 0, 0, 0, 
147, 1, 148, 144, -1, 238, 290, 13.0, 13, ABplpapapap, 3115, 0, 0, 0, , 0, 0, 0, 0, 0, 
148, 1, 149, 145, -1, 239, 283, 15.0, 13, ABplpapapaa, 6019, 0, 0, 0, , 0, 0, 0, 0, 0, 
149, 1, 150, 146, -1, 272, 267, 13.0, 11, ABplpapaapa, 3282, 0, 0, 0, , 0, 0, 0, 0, 0, 
150, 1, 151, 147, -1, 264, 278, 12.0, 11, ABplpapaapp, 3350, 0, 0, 0, , 0, 0, 0, 0, 0, 
151, 1, 152, 148, -1, 248, 278, 12.0, 15, ABplpapaaap, 3801, 0, 0, 0, , 0, 0, 0, 0, 0, 
152, 1, 153, 149, -1, 255, 270, 14.0, 13, ABplpapaaaa, 4858, 0, 0, 0, , 0, 0, 0, 0, 0, 
153, 1, 154, 150, -1, 198, 308, 16.0, 13, ABplppapaap, 4214, 0, 0, 0, , 0, 0, 0, 0, 0, 
154, 1, 155, 151, -1, 222, 275, 10.0, 17, ABplpaaaapa, 7474, 0, 0, 0, , 0, 0, 0, 0, 0, 
155, 1, 156, 152, -1, 322, 276, 15.0, 13, ABplpaaaaaa, 6097, 0, 0, 0, , 0, 0, 0, 0, 0, 
156, 1, 157, 153, -1, 308, 278, 13.0, 13, ABplpaaapap, 6876, 0, 0, 0, , 0, 0, 0, 0, 0, 
157, 1, 158, 154, -1, 318, 261, 13.0, 11, ABplpaaapaa, 5514, 0, 0, 0, , 0, 0, 0, 0, 0, 
158, 0, 159, -1, -1, 297, 291, 15.0, 9, , 1138, 0, 0, 0, , 0, 0, 0, 0, 0, 
159, 1, 160, 156, -1, 277, 319, 20.0, 15, ABplpaappap, 5989, 0, 0, 0, , 0, 0, 0, 0, 0, 
160, 1, 161, 157, -1, 273, 310, 22.0, 13, ABplpaappaa, 5922, 0, 0, 0, , 0, 0, 0, 0, 0, 
161, 1, 162, 158, -1, 283, 281, 14.0, 15, ABplpaaappp, 9525, 0, 0, 0, , 0, 0, 0, 0, 0, 
162, 1, 163, 159, -1, 309, 275, 10.0, 15, ABplpaapapp, 9922, 0, 0, 0, , 0, 0, 0, 0, 0, 
163, 1, 164, 160, -1, 285, 269, 11.0, 15, ABplpaapppp, 6084, 0, 0, 0, , 0, 0, 0, 0, 0, 
164, 1, 165, 161, -1, 282, 306, 18.0, 15, ABplpaapaap, 7347, 0, 0, 0, , 0, 0, 0, 0, 0, 
165, 1, 166, 162, -1, 312, 280, 20.0, 13, ABplpaapaaa, 7258, 0, 0, 0, , 0, 0, 0, 0, 0, 
166, 1, 167, 163, -1, 348, 280, 19.0, 13, ABplpaapapa, 7353, 0, 0, 0, , 0, 0, 0, 0, 0, 
167, 0, 168, -1, -1, 265, 310, 11.0, 15, , 5186, 0, 0, 0, , 0, 0, 0, 0, 0, 
168, 0, 169, -1, -1, 270, 310, 13.0, 11, , 3459, 0, 0, 0, , 0, 0, 0, 0, 0, 
169, 1, 170, 166, -1, 245, 330, 15.0, 15, ABplaapppp, 3459, 0, 0, 0, , 0, 0, 0, 0, 0, 
170, 1, 171, 167, -1, 350, 215, 22.0, 13, ABplaapaaaa, 5947, 0, 0, 0, , 0, 0, 0, 0, 0, 
171, 1, 172, 168, -1, 354, 237, 24.0, 15, ABplaapaaap, 5513, 0, 0, 0, , 0, 0, 0, 0, 0, 
172, 1, 173, 169, -1, 337, 270, 23.0, 15, ABplaapaapa, 5363, 0, 0, 0, , 0, 0, 0, 0, 0, 
173, 1, 174, 170, -1, 329, 282, 23.0, 15, ABplaapaapp, 5270, 0, 0, 0, , 0, 0, 0, 0, 0, 
174, 1, 175, 171, -1, 293, 315, 26.0, 15, ABplaapappp, 5090, 0, 0, 0, , 0, 0, 0, 0, 0, 
175, 1, 176, 172, -1, 300, 292, 28.0, 15, ABplaapappa, 3827, 0, 0, 0, , 0, 0, 0, 0, 0, 
176, 1, 177, 173, -1, 274, 310, 26.0, 13, ABplaapapap, 5026, 0, 0, 0, , 0, 0, 0, 0, 0, 
177, 1, 178, 174, -1, 285, 299, 25.0, 15, ABplaapapaa, 6869, 0, 0, 0, , 0, 0, 0, 0, 0, 
178, 1, 179, 175, -1, 321, 252, 31.0, 17, ABplaaaaapp, 5658, 0, 0, 0, , 0, 0, 0, 0, 0, 
179, 1, 180, 176, -1, 308, 275, 28.0, 13, MSapaaap, 4634, 0, 0, 0, , 0, 0, 0, 0, 0, 
180, 0, 181, -1, -1, 344, 230, 30.0, 13, , 4229, 0, 0, 0, , 0, 0, 0, 0, 0, 
181, 1, 182, 178, -1, 339, 241, 29.0, 15, ABplaaaaaap, 4234, 0, 0, 0, , 0, 0, 0, 0, 0, 
182, 1, 183, 179, -1, 321, 229, 35.0, 17, ABplaaaapp, 5471, 0, 0, 0, , 0, 0, 0, 0, 0, 
183, 0, -1, -1, -1, 329, 287, 30.0, 15, , 1390, 0, 0, 0, , 0, 0, 0, 0, 0, 
184, 1, 185, 181, -1, 312, 305, 29.0, 15, ABplaaappp, 9078, 0, 0, 0, , 0, 0, 0, 0, 0, 
185, 1, 186, 182, -1, 344, 278, 27.0, 15, ABplaaapap, 6588, 0, 0, 0, , 0, 0, 0, 0, 0, 
186, 1, 187, 183, -1, 351, 259, 26.0, 15, ABplaaapaa, 5880, 0, 0, 0, , 0, 0, 0, 0, 0, 
187, 1, 188, 184, -1, 140, 319, 10.0, 15, ABplappppa, 9437, 0, 0, 0, , 0, 0, 0, 0, 0, 
188, 1, 189, 185, -1, 93, 328, 12.0, 13, ABplappppp, 5994, 0, 0, 0, , 0, 0, 0, 0, 0, 
189, 1, 190, 186, -1, 123, 352, 16.0, 13, ABplapppaaa, 3790, 0, 0, 0, , 0, 0, 0, 0, 0, 
190, 1, 191, 187, -1, 110, 331, 12.0, 11, ABplapppapp, 2259, 0, 0, 0, , 0, 0, 0, 0, 0, 
191, 1, 192, 188, -1, 108, 333, 10.0, 11, ABplapppapa, 3775, 0, 0, 0, , 0, 0, 0, 0, 0, 
192, 1, 193, 189, -1, 206, 340, 20.0, 17, ABplappaaa, 8730, 0, 0, 0, , 0, 0, 0, 0, 0, 
193, 1, 194, 190, -1, 184, 347, 20.0, 15, ABplappaap, 8557, 0, 0, 0, , 0, 0, 0, 0, 0, 
194, 1, 195, 191, -1, 166, 350, 19.0, 15, ABplappapp, 7819, 0, 0, 0, , 0, 0, 0, 0, 0, 
195, 1, 196, 192, -1, 186, 356, 27.0, 15, ABplappapa, 10387, 0, 0, 0, , 0, 0, 0, 0, 0, 
196, 1, 197, 193, -1, 220, 333, 17.0, 15, ABplapaapp, 10190, 0, 0, 0, , 0, 0, 0, 0, 0, 
197, 1, 198, 194, -1, 240, 312, 11.0, 15, ABplapaapa, 8090, 0, 0, 0, , 0, 0, 0, 0, 0, 
198, 1, 199, 195, -1, 294, 295, 33.0, 15, ABarppaaaa, 5124, 0, 0, 0, , 0, 0, 0, 0, 0, 
199, 1, 200, 196, -1, 246, 328, 24.0, 13, ABplapaaapp, 4724, 0, 0, 0, , 0, 0, 0, 0, 0, 
200, 1, 201, 197, -1, 107, 361, 17.0, 13, ABplapapppa, 3352, 0, 0, 0, , 0, 0, 0, 0, 0, 
201, 1, 202, 198, -1, 98, 339, 15.0, 15, ABplapapppp, 5342, 0, 0, 0, , 0, 0, 0, 0, 0, 
202, 1, 203, 199, -1, 150, 354, 17.0, 19, ABplapapap, 12787, 0, 0, 0, , 0, 0, 0, 0, 0, 
203, 1, 204, 200, -1, 141, 344, 13.0, 17, ABplapappa, 8114, 0, 0, 0, , 0, 0, 0, 0, 0, 
204, 1, 205, 201, -1, 141, 370, 22.0, 19, ABplapapaa, 8154, 0, 0, 0, , 0, 0, 0, 0, 0, 
205, 1, 206, 202, -1, 233, 231, 13.0, 11, ABprpapaaaa, 4298, 0, 0, 0, , 0, 0, 0, 0, 0, 
206, 1, 207, 203, -1, 229, 218, 12.0, 13, ABprpapaapp, 3302, 0, 0, 0, , 0, 0, 0, 0, 0, 
207, 1, 208, 204, -1, 200, 244, 14.0, 13, ABprpapappa, 6414, 0, 0, 0, , 0, 0, 0, 0, 0, 
208, 1, 209, 205, -1, 164, 281, 15.0, 13, ABprpapappp, 2759, 0, 0, 0, , 0, 0, 0, 0, 0, 
209, 1, 210, 206, -1, 209, 226, 13.0, 11, ABprpapapap, 3138, 0, 0, 0, , 0, 0, 0, 0, 0, 
210, 1, 211, 207, -1, 216, 235, 15.0, 13, ABprpapapaa, 3538, 0, 0, 0, , 0, 0, 0, 0, 0, 
211, 0, 212, -1, -1, 108, 310, 17.0, 17, , 7141, 0, 0, 0, , 0, 0, 0, 0, 0, 
212, 1, 213, 209, -1, 120, 280, 18.0, 17, ABprpappppa, 18759, 0, 0, 0, , 0, 0, 0, 0, 0, 
213, 1, 214, 210, -1, 185, 274, 15.0, 13, ABprpappapp, 4173, 0, 0, 0, , 0, 0, 0, 0, 0, 
214, 1, 215, 211, -1, 222, 255, 10.0, 15, ABprpappaap, 6288, 0, 0, 0, , 0, 0, 0, 0, 0, 
215, 1, 216, 212, -1, 264, 242, 12.0, 14, ABprpappaaa, 1236, 0, 0, 0, , 0, 0, 0, 0, 0, 
216, 1, 217, 213, -1, 239, 178, 17.0, 15, ABprpaaaaap, 5477, 0, 0, 0, , 0, 0, 0, 0, 0, 
217, 1, 218, 214, -1, 250, 177, 20.0, 13, ABpraaappaa, 3159, 0, 0, 0, , 0, 0, 0, 0, 0, 
218, 1, 219, 215, -1, 171, 256, 13.0, 13, ABprpaaaapp, 4180, 0, 0, 0, , 0, 0, 0, 0, 0, 
219, 1, 220, 216, -1, 209, 245, 10.0, 15, ABprpaaaapa, 7073, 0, 0, 0, , 0, 0, 0, 0, 0, 
220, 1, 221, 682, -1, 266, 192, 15.0, 15, ABprpaaappa, 3371, 0, 0, 0, , 0, 0, 0, 0, 0, 
221, 1, 222, 218, -1, 243, 221, 13.0, 13, ABprpapaapa, 3966, 0, 0, 0, , 0, 0, 0, 0, 0, 
222, 1, 223, 219, -1, 246, 204, 16.0, 11, ABprpaaappp, 9252, 0, 0, 0, , 0, 0, 0, 0, 0, 
223, 1, 224, 220, -1, 282, 189, 13.0, 11, ABprpaaapaa, 5214, 0, 0, 0, , 0, 0, 0, 0, 0, 
224, 1, 225, 221, -1, 265, 183, 13.0, 11, ABprpaaapap, 3124, 0, 0, 0, , 0, 0, 0, 0, 0, 
225, 1, 226, 222, -1, 222, 175, 18.0, 15, ABprpaapaap, 8086, 0, 0, 0, , 0, 0, 0, 0, 0, 
226, 1, 227, 223, -1, 286, 157, 21.0, 17, ABprpaapapa, 6225, 0, 0, 0, , 0, 0, 0, 0, 0, 
227, 1, 228, 224, -1, 254, 188, 12.0, 17, ABprpaapapp, 8812, 0, 0, 0, , 0, 0, 0, 0, 0, 
228, 1, 229, 225, -1, 252, 206, 11.0, 13, ABprpaapppp, 4069, 0, 0, 0, , 0, 0, 0, 0, 0, 
229, 1, 230, 226, -1, 206, 177, 19.0, 13, ABprpaappap, 4864, 0, 0, 0, , 0, 0, 0, 0, 0, 
230, 1, 231, 227, -1, 225, 182, 21.0, 15, ABprpaappaa, 5239, 0, 0, 0, , 0, 0, 0, 0, 0, 
231, 1, 232, 228, -1, 96, 256, 12.0, 13, ABprpppaapp, 4359, 0, 0, 0, , 0, 0, 0, 0, 0, 
232, 1, 233, 229, -1, 99, 262, 16.0, 15, ABprpppaapa, 6104, 0, 0, 0, , 0, 0, 0, 0, 0, 
233, 1, 234, 230, -1, 133, 240, 15.0, 15, ABprpppaaap, 5536, 0, 0, 0, , 0, 0, 0, 0, 0, 
234, 1, 235, 231, -1, 140, 255, 13.0, 15, ABprpppaaaa, 7843, 0, 0, 0, , 0, 0, 0, 0, 0, 
235, 1, 236, 232, -1, 111, 268, 11.0, 13, ABprpppapaa, 3855, 0, 0, 0, , 0, 0, 0, 0, 0, 
236, 1, 237, 233, -1, 104, 286, 10.0, 13, ABprpppapap, 5001, 0, 0, 0, , 0, 0, 0, 0, 0, 
237, 0, 238, -1, -1, 119, 301, 9.0, 11, , 3233, 0, 0, 0, , 0, 0, 0, 0, 0, 
238, 1, 239, 235, -1, 134, 258, 11.0, 17, ABprppppapa, 5346, 0, 0, 0, , 0, 0, 0, 0, 0, 
239, 1, 240, 236, -1, 129, 272, 12.0, 15, ABprppppapp, 5080, 0, 0, 0, , 0, 0, 0, 0, 0, 
240, 1, 241, 237, -1, 132, 267, 17.0, 13, ABprppppaaa, 4108, 0, 0, 0, , 0, 0, 0, 0, 0, 
241, 1, 242, 238, -1, 122, 275, 16.0, 15, ABprppppaap, 8592, 0, 0, 0, , 0, 0, 0, 0, 0, 
242, 1, 243, 239, -1, 89, 292, 11.0, 13, ABprppppppa, 3645, 0, 0, 0, , 0, 0, 0, 0, 0, 
243, 1, 244, 240, -1, 116, 255, 19.0, 15, ABprpppppaa, 5769, 0, 0, 0, , 0, 0, 0, 0, 0, 
244, 1, 245, 241, -1, 100, 260, 20.0, 13, ABprpppppap, 3817, 0, 0, 0, , 0, 0, 0, 0, 0, 
245, 1, 246, 242, -1, 212, 214, 13.0, 13, ABprppaapap, 4750, 0, 0, 0, , 0, 0, 0, 0, 0, 
246, 0, 247, -1, -1, 213, 220, 10.0, 15, , 10072, 0, 0, 0, , 0, 0, 0, 0, 0, 
247, 1, 248, 244, -1, 196, 260, 15.0, 13, ABprppaappa, 3747, 0, 0, 0, , 0, 0, 0, 0, 0, 
248, 1, 249, 245, -1, 166, 271, 13.0, 11, ABprppaappp, 3964, 0, 0, 0, , 0, 0, 0, 0, 0, 
249, 1, 250, 246, -1, 231, 202, 13.0, 13, ABprppaaaaa, 6226, 0, 0, 0, , 0, 0, 0, 0, 0, 
250, 1, 251, 247, -1, 216, 192, 14.0, 17, ABprppaaaap, 6246, 0, 0, 0, , 0, 0, 0, 0, 0, 
251, 1, 252, 248, -1, 206, 201, 11.0, 17, ABpraapppa, 4534, 0, 0, 0, , 0, 0, 0, 0, 0, 
252, 1, 253, 249, -1, 182, 228, 13.0, 17, ABprppapaaa, 3829, 0, 0, 0, , 0, 0, 0, 0, 0, 
253, 1, 254, 250, -1, 172, 242, 17.0, 13, ABprppapaap, 5866, 0, 0, 0, , 0, 0, 0, 0, 0, 
254, 1, 255, 251, -1, 164, 257, 16.0, 13, ABprppapapa, 3281, 0, 0, 0, , 0, 0, 0, 0, 0, 
255, 1, 256, 252, -1, 151, 249, 16.0, 15, ABprppapapp, 4196, 0, 0, 0, , 0, 0, 0, 0, 0, 
256, 1, 257, 253, -1, 158, 269, 15.0, 13, ABprppapppa, 3544, 0, 0, 0, , 0, 0, 0, 0, 0, 
257, 1, 258, 254, -1, 143, 252, 15.0, 15, ABprppapppp, 3689, 0, 0, 0, , 0, 0, 0, 0, 0, 
258, 1, 259, 255, -1, 186, 252, 16.0, 15, ABprppappaa, 4480, 0, 0, 0, , 0, 0, 0, 0, 0, 
259, 1, 260, 256, -1, 179, 262, 17.0, 11, ABprppappap, 3028, 0, 0, 0, , 0, 0, 0, 0, 0, 
260, 1, 261, 257, -1, 343, 197, 21.0, 13, ABpraapaaaa, 5882, 0, 0, 0, , 0, 0, 0, 0, 0, 
261, 1, 262, 258, -1, 326, 191, 26.0, 15, ABarpapaaaa, 4971, 0, 0, 0, , 0, 0, 0, 0, 0, 
262, 1, 263, 259, -1, 337, 181, 23.0, 13, ABpraapaaap, 5911, 0, 0, 0, , 0, 0, 0, 0, 0, 
263, 1, 264, 260, -1, 285, 170, 23.0, 13, ABpraapaapa, 4515, 0, 0, 0, , 0, 0, 0, 0, 0, 
264, 1, 265, 261, -1, 226, 181, 27.0, 15, ABpraapapap, 4480, 0, 0, 0, , 0, 0, 0, 0, 0, 
265, 1, 266, 262, -1, 234, 188, 25.0, 15, ABpraapapaa, 4646, 0, 0, 0, , 0, 0, 0, 0, 0, 
266, 1, 267, 263, -1, 235, 166, 25.0, 13, ABpraapappp, 5719, 0, 0, 0, , 0, 0, 0, 0, 0, 
267, 1, 268, 264, -1, 242, 182, 28.0, 13, ABpraapappa, 4296, 0, 0, 0, , 0, 0, 0, 0, 0, 
268, 1, 269, 265, -1, 187, 190, 20.0, 13, ABpraapppp, 4041, 0, 0, 0, , 0, 0, 0, 0, 0, 
269, 1, 270, 266, -1, 260, 187, 10.0, 13, ABpraappaa, 4773, 0, 0, 0, , 0, 0, 0, 0, 0, 
270, 1, 271, 267, -1, 293, 180, 23.0, 13, ABpraaapapa, 3114, 0, 0, 0, , 0, 0, 0, 0, 0, 
271, 1, 272, 268, -1, 305, 175, 22.0, 13, ABpraaapapp, 4614, 0, 0, 0, , 0, 0, 0, 0, 0, 
272, 1, 273, 269, -1, 264, 182, 25.0, 13, ABpraaapaad, 3530, 0, 0, 0, , 0, 0, 0, 0, 0, 
273, 1, 274, 270, -1, 271, 177, 23.0, 13, ABpraaapaav, 3038, 0, 0, 0, , 0, 0, 0, 0, 0, 
274, 1, 275, 271, -1, 244, 179, 22.0, 15, ABpraaappap, 4837, 0, 0, 0, , 0, 0, 0, 0, 0, 
275, 1, 276, 272, -1, 219, 172, 22.0, 13, ABpraaapppa, 4532, 0, 0, 0, , 0, 0, 0, 0, 0, 
276, 1, 277, 273, -1, 307, 166, 21.0, 13, ABpraaaaapd, 5468, 0, 0, 0, , 0, 0, 0, 0, 0, 
277, 1, 278, 274, -1, 303, 164, 19.0, 15, ABpraaaaapv, 5575, 0, 0, 0, , 0, 0, 0, 0, 0, 
278, 1, 279, 275, -1, 280, 166, 16.0, 13, ABpraaaaaaa, 4854, 0, 0, 0, , 0, 0, 0, 0, 0, 
279, 1, 280, 276, -1, 285, 177, 12.0, 13, ABpraaaaaap, 9107, 0, 0, 0, , 0, 0, 0, 0, 0, 
280, 1, 281, 277, -1, 257, 172, 16.0, 13, ABpraaaapav, 4025, 0, 0, 0, , 0, 0, 0, 0, 0, 
281, 1, 282, 278, -1, 271, 168, 13.0, 15, ABpraaaapad, 5140, 0, 0, 0, , 0, 0, 0, 0, 0, 
282, 1, 283, 279, -1, 254, 167, 25.0, 11, ABpraaaappa, 4203, 0, 0, 0, , 0, 0, 0, 0, 0, 
283, 1, 284, 280, -1, 257, 173, 28.0, 15, ABpraaaappp, 6283, 0, 0, 0, , 0, 0, 0, 0, 0, 
284, 1, 285, 281, -1, 124, 227, 20.0, 15, ABprappapp, 8890, 0, 0, 0, , 0, 0, 0, 0, 0, 
285, 1, 286, 282, -1, 137, 208, 28.0, 15, ABprappapa, 6612, 0, 0, 0, , 0, 0, 0, 0, 0, 
286, 1, 287, 283, -1, 142, 220, 20.0, 15, ABprappaap, 8583, 0, 0, 0, , 0, 0, 0, 0, 0, 
287, 1, 288, 284, -1, 158, 212, 22.0, 15, ABprappaaa, 6739, 0, 0, 0, , 0, 0, 0, 0, 0, 
288, 1, 289, 285, -1, 77, 250, 15.0, 13, ABprapppaap, 4545, 0, 0, 0, , 0, 0, 0, 0, 0, 
289, 1, 290, 286, -1, 89, 247, 16.0, 13, ABprapppaaa, 3611, 0, 0, 0, , 0, 0, 0, 0, 0, 
290, 1, 291, 287, -1, 89, 269, 14.0, 13, ABprapppapp, 3529, 0, 0, 0, , 0, 0, 0, 0, 0, 
291, 1, 292, 288, -1, 81, 259, 11.0, 11, ABprapppapa, 3655, 0, 0, 0, , 0, 0, 0, 0, 0, 
292, 1, 293, 289, -1, 74, 274, 12.0, 17, ABprappppp, 9675, 0, 0, 0, , 0, 0, 0, 0, 0, 
293, 1, 294, 290, -1, 113, 257, 10.0, 17, ABprappppa, 7540, 0, 0, 0, , 0, 0, 0, 0, 0, 
294, 1, 295, 291, -1, 202, 186, 25.0, 15, ABprapaaapa, 8355, 0, 0, 0, , 0, 0, 0, 0, 0, 
295, 1, 296, 292, -1, 187, 196, 26.0, 15, ABprapaaapp, 5816, 0, 0, 0, , 0, 0, 0, 0, 0, 
296, 1, 297, 293, -1, 222, 184, 31.0, 17, ABprapaaaap, 6899, 0, 0, 0, , 0, 0, 0, 0, 0, 
297, 1, 298, -1, -1, 242, 177, 31.0, 11, ABprapaaaaa, 3143, 0, 0, 0, , 0, 0, 0, 0, 0, 
298, 1, 299, 295, -1, 170, 207, 19.0, 17, ABprapaapp, 15581, 0, 0, 0, , 0, 0, 0, 0, 0, 
299, 1, 300, 296, -1, 193, 226, 10.0, 15, ABprapaapa, 8961, 0, 0, 0, , 0, 0, 0, 0, 0, 
300, 1, 301, 297, -1, 105, 238, 13.0, 17, ABprapappa, 8269, 0, 0, 0, , 0, 0, 0, 0, 0, 
301, 1, 302, 298, -1, 73, 270, 15.0, 15, ABprapapppp, 5099, 0, 0, 0, , 0, 0, 0, 0, 0, 
302, 1, 303, 299, -1, 73, 248, 18.0, 11, ABprapapppa, 3900, 0, 0, 0, , 0, 0, 0, 0, 0, 
303, 1, 304, 300, -1, 112, 228, 16.0, 15, ABprapapap, 6486, 0, 0, 0, , 0, 0, 0, 0, 0, 
304, 1, 305, 301, -1, 92, 234, 24.0, 14, ABprapapaa, 5268, 0, 0, 0, , 0, 0, 0, 0, 0, 
305, 1, 306, 302, -1, 251, 195, 32.0, 13, MSppppap, 3926, 0, 0, 0, , 0, 0, 0, 0, 0, 
306, 1, 307, 303, -1, 231, 196, 22.0, 11, MSppppaa, 2727, 0, 0, 0, , 0, 0, 0, 0, 0, 
307, 1, 308, 304, -1, 265, 207, 34.0, 19, MSpppppa, 14556, 0, 0, 0, , 0, 0, 0, 0, 0, 
308, 1, 309, 305, -1, 229, 223, 34.0, 17, MSpppppp, 16565, 0, 0, 0, , 0, 0, 0, 0, 0, 
309, 1, 310, 306, -1, 255, 193, 28.0, 11, MSpppaaa, 2970, 0, 0, 0, , 0, 0, 0, 0, 0, 
310, 1, 311, 307, -1, 129, 246, 23.0, 11, MSpppaap, 1666, 0, 0, 0, , 0, 0, 0, 0, 0, 
311, 1, 312, 308, -1, 219, 227, 12.0, 13, ABprpapaaap, 2735, 0, 0, 0, , 0, 0, 0, 0, 0, 
312, 1, 313, 309, -1, 142, 287, 19.0, 15, MSppaapp, 6859, 0, 0, 0, , 0, 0, 0, 0, 0, 
313, 1, 314, 310, -1, 259, 194, 21.0, 11, MSppaapa, 3360, 0, 0, 0, , 0, 0, 0, 0, 0, 
314, 0, 315, -1, -1, 276, 201, 21.0, 13, , 6110, 0, 0, 0, , 0, 0, 0, 0, 0, 
315, 0, 316, -1, -1, 285, 184, 30.0, 11, , 3837, 0, 0, 0, , 0, 0, 0, 0, 0, 
316, 1, 317, 313, -1, 204, 199, 28.0, 17, MSppapaa, 4208, 0, 0, 0, , 0, 0, 0, 0, 0, 
317, 1, 318, 314, -1, 252, 191, 18.0, 13, MSppapap, 2490, 0, 0, 0, , 0, 0, 0, 0, 0, 
318, 1, 319, 315, -1, 195, 258, 21.0, 11, MSpapappp, 4303, 0, 0, 0, , 0, 0, 0, 0, 0, 
319, 1, 320, 316, -1, 211, 244, 22.0, 15, MSpapapaa, 4075, 0, 0, 0, , 0, 0, 0, 0, 0, 
320, 1, 321, 317, -1, 209, 232, 19.0, 15, MSpapaaap, 4978, 0, 0, 0, , 0, 0, 0, 0, 0, 
321, 1, 322, 318, -1, 193, 231, 24.0, 15, MSpapaapp, 6124, 0, 0, 0, , 0, 0, 0, 0, 0, 
322, 1, 323, 319, -1, 172, 328, 19.0, 15, MSpappaa, 4387, 0, 0, 0, , 0, 0, 0, 0, 0, 
323, 1, 324, 320, -1, 169, 239, 20.0, 13, MSpappppa, 3710, 0, 0, 0, , 0, 0, 0, 0, 0, 
324, 1, 325, 321, -1, 149, 243, 21.0, 15, MSpappppp, 4146, 0, 0, 0, , 0, 0, 0, 0, 0, 
325, 1, 326, 322, -1, 231, 244, 33.0, 17, MSpaaappp, 3951, 0, 0, 0, , 0, 0, 0, 0, 0, 
326, 1, 327, 323, -1, 243, 264, 32.0, 15, MSpaaapaa, 4348, 0, 0, 0, , 0, 0, 0, 0, 0, 
327, 1, 328, 324, -1, 219, 260, 31.0, 13, MSpaaapap, 4382, 0, 0, 0, , 0, 0, 0, 0, 0, 
328, 1, 329, 325, -1, 277, 218, 32.0, 15, MSpaaaapa, 4453, 0, 0, 0, , 0, 0, 0, 0, 0, 
329, 1, 330, 326, -1, 258, 220, 30.0, 13, MSpaaaapp, 4076, 0, 0, 0, , 0, 0, 0, 0, 0, 
330, 1, 331, 327, -1, 278, 239, 34.0, 17, MSpaaaaaa, 14481, 0, 0, 0, , 0, 0, 0, 0, 0, 
331, 1, 332, 328, -1, 261, 241, 33.0, 13, MSpaaaaap, 5048, 0, 0, 0, , 0, 0, 0, 0, 0, 
332, 1, 333, 329, -1, 219, 210, 23.0, 15, ABaraappppa, 5594, 0, 0, 0, , 0, 0, 0, 0, 0, 
333, 1, 334, 330, -1, 220, 214, 29.0, 17, ABaraapppap, 7597, 0, 0, 0, , 0, 0, 0, 0, 0, 
334, 1, 335, 331, -1, 227, 240, 31.0, 13, MSpaapaap, 3739, 0, 0, 0, , 0, 0, 0, 0, 0, 
335, 1, 336, 332, -1, 251, 235, 32.0, 15, MSpaaappa, 4761, 0, 0, 0, , 0, 0, 0, 0, 0, 
336, 1, 337, 333, -1, 242, 230, 29.0, 13, MSpaapaaa, 4079, 0, 0, 0, , 0, 0, 0, 0, 0, 
337, 1, 339, 334, -1, 267, 295, 20.0, 11, MSapppaa, 1533, 0, 0, 0, , 0, 0, 0, 0, 0, 
338, 1, 340, 335, -1, 266, 299, 31.0, 14, MSapppap, 3145, 0, 0, 0, , 0, 0, 0, 0, 0, 
339, 1, 341, 336, -1, 270, 273, 34.0, 19, MSappppa, 21219, 0, 0, 0, , 0, 0, 0, 0, 0, 
340, 1, 342, 337, -1, 235, 289, 34.0, 17, MSappppp, 9502, 0, 0, 0, , 0, 0, 0, 0, 0, 
341, 1, 343, 338, -1, 148, 331, 22.0, 13, MSappaap, 3150, 0, 0, 0, , 0, 0, 0, 0, 0, 
342, 1, 344, 339, -1, 279, 285, 31.0, 15, MSappaaa, 6910, 0, 0, 0, , 0, 0, 0, 0, 0, 
343, 0, 345, -1, -1, 271, 289, 17.0, 11, , 1156, 0, 0, 0, , 0, 0, 0, 0, 0, 
344, 0, 346, -1, -1, 257, 287, 16.0, 11, , 1548, 0, 0, 0, , 0, 0, 0, 0, 0, 
345, 1, 347, 342, -1, 265, 269, 30.0, 17, ABaraapaapp, 8027, 0, 0, 0, , 0, 0, 0, 0, 0, 
346, 1, 348, 343, -1, 307, 250, 33.0, 17, MSapappp, 5794, 0, 0, 0, , 0, 0, 0, 0, 0, 
347, 1, 349, 344, -1, 252, 311, 26.0, 13, MSapapaa, 3622, 0, 0, 0, , 0, 0, 0, 0, 0, 
348, 1, 350, 345, -1, 158, 274, 19.0, 15, MSapaapp, 6488, 0, 0, 0, , 0, 0, 0, 0, 0, 
349, 1, 351, 346, -1, 291, 283, 18.0, 15, MSapapap, 4767, 0, 0, 0, , 0, 0, 0, 0, 0, 
350, 1, 352, 347, -1, 300, 265, 20.0, 13, MSapaaaa, 5492, 0, 0, 0, , 0, 0, 0, 0, 0, 
351, 1, 353, 348, -1, 293, 233, 30.0, 17, MSaaaaapa, 4734, 0, 0, 0, , 0, 0, 0, 0, 0, 
352, 1, 354, 349, -1, 273, 256, 32.0, 15, MSaaaaapp, 4855, 0, 0, 0, , 0, 0, 0, 0, 0, 
353, 1, 355, 350, -1, 304, 214, 26.0, 13, MSaaaaaar, 4721, 0, 0, 0, , 0, 0, 0, 0, 0, 
354, 1, 356, 351, -1, 316, 241, 26.0, 11, MSaaaaaal, 4644, 0, 0, 0, , 0, 0, 0, 0, 0, 
355, 1, 357, 352, -1, 251, 249, 35.0, 15, MSaaaapaa, 4232, 0, 0, 0, , 0, 0, 0, 0, 0, 
356, 1, 358, 353, -1, 255, 259, 31.0, 13, MSaaaapap, 3630, 0, 0, 0, , 0, 0, 0, 0, 0, 
357, 1, 359, 354, -1, 236, 270, 31.0, 13, MSaaaappa, 3656, 0, 0, 0, , 0, 0, 0, 0, 0, 
358, 1, 360, 355, -1, 231, 290, 29.0, 14, MSaaapapp, 1940, 0, 0, 0, , 0, 0, 0, 0, 0, 
359, 1, 361, 356, -1, 218, 290, 30.0, 11, MSaaappa, 3004, 0, 0, 0, , 0, 0, 0, 0, 0, 
360, 1, 362, 357, -1, 215, 275, 32.0, 13, MSaaappp, 3622, 0, 0, 0, , 0, 0, 0, 0, 0, 
361, 1, 363, 358, -1, 188, 316, 20.0, 17, MSaapppp, 5042, 0, 0, 0, , 0, 0, 0, 0, 0, 
362, 1, 364, 359, -1, 227, 276, 19.0, 13, MSaapaaap, 3919, 0, 0, 0, , 0, 0, 0, 0, 0, 
363, 1, 365, 360, -1, 247, 273, 18.0, 13, MSaapaaaa, 2987, 0, 0, 0, , 0, 0, 0, 0, 0, 
364, 1, 366, 361, -1, 211, 281, 20.0, 13, MSaapappp, 1945, 0, 0, 0, , 0, 0, 0, 0, 0, 
365, 1, 367, 362, -1, 238, 298, 25.0, 13, MSaapappa, 4375, 0, 0, 0, , 0, 0, 0, 0, 0, 
366, 1, 368, 363, -1, 230, 272, 23.0, 13, MSaapapaa, 7820, 0, 0, 0, , 0, 0, 0, 0, 0, 
367, 1, 369, 364, -1, 223, 289, 20.0, 11, MSaapapap, 2930, 0, 0, 0, , 0, 0, 0, 0, 0, 
368, 1, 370, 365, -1, 106, 312, 24.0, 23, Eplpa, 3291, 0, 0, 0, , 0, 0, 0, 0, 0, 
369, 1, 371, 366, -1, 114, 351, 22.0, 17, Cappapa, 12123, 0, 0, 0, , 0, 0, 0, 0, 0, 
370, 1, 372, 367, -1, 107, 342, 19.0, 15, Cappapp, 5270, 0, 0, 0, , 0, 0, 0, 0, 0, 
371, 1, 373, 368, -1, 181, 338, 29.0, 15, Cappaaa, 5227, 0, 0, 0, , 0, 0, 0, 0, 0, 
372, 1, 374, 369, -1, 84, 339, 23.0, 15, Capppap, 4840, 0, 0, 0, , 0, 0, 0, 0, 0, 
373, 1, 375, 370, -1, 109, 344, 30.0, 17, Capppaa, 5334, 0, 0, 0, , 0, 0, 0, 0, 0, 
374, 0, 376, -1, -1, 77, 319, 17.0, 13, , 1034, 0, 0, 0, , 0, 0, 0, 0, 0, 
375, 1, 377, 371, -1, 125, 350, 25.0, 15, Capapap, 6085, 0, 0, 0, , 0, 0, 0, 0, 0, 
376, 1, 378, 372, -1, 155, 346, 28.0, 17, Capapaa, 4501, 0, 0, 0, , 0, 0, 0, 0, 0, 
377, 1, 379, 373, -1, 138, 318, 13.0, 13, Capappp, 3245, 0, 0, 0, , 0, 0, 0, 0, 0, 
378, 1, 380, 374, -1, 147, 337, 17.0, 15, Capappa, 5661, 0, 0, 0, , 0, 0, 0, 0, 0, 
379, 1, 381, 375, -1, 186, 339, 23.0, 15, Capaaap, 5159, 0, 0, 0, , 0, 0, 0, 0, 0, 
380, 1, 382, 376, -1, 211, 331, 23.0, 15, Capaaaa, 4266, 0, 0, 0, , 0, 0, 0, 0, 0, 
381, 0, 383, -1, -1, 79, 293, 14.0, 13, , 7265, 0, 0, 0, , 0, 0, 0, 0, 0, 
382, 1, 384, 378, -1, 69, 304, 14.0, 15, Caappv, 4531, 0, 0, 0, , 0, 0, 0, 0, 0, 
383, 1, 385, 379, -1, 106, 300, 10.0, 11, Caapap, 2509, 0, 0, 0, , 0, 0, 0, 0, 0, 
384, 1, 386, 380, -1, 87, 352, 19.0, 19, Cpappd, 21183, 0, 0, 0, , 0, 0, 0, 0, 0, 
385, 1, 387, 381, -1, 75, 328, 13.0, 17, Cpappv, 5578, 0, 0, 0, , 0, 0, 0, 0, 0, 
386, 1, 388, 382, -1, 64, 275, 23.0, 17, Cpapaa, 8034, 0, 0, 0, , 0, 0, 0, 0, 0, 
387, 0, 388, -1, -1, 66, 282, 24.0, 13, , 3431, 0, 0, 0, , 0, 0, 0, 0, 0, 
388, 1, 389, 383, -1, 111, 243, 23.0, 15, Cppaapp, 5417, 0, 0, 0, , 0, 0, 0, 0, 0, 
389, 1, 390, 384, -1, 138, 230, 25.0, 15, Cppaapa, 5343, 0, 0, 0, , 0, 0, 0, 0, 0, 
390, 1, 391, 385, -1, 156, 224, 26.0, 13, Cppaaap, 4948, 0, 0, 0, , 0, 0, 0, 0, 0, 
391, 1, 392, 386, -1, 174, 219, 24.0, 13, Cppaaaa, 4663, 0, 0, 0, , 0, 0, 0, 0, 0, 
392, 1, 393, 387, -1, 138, 236, 30.0, 17, Cppapaa, 7075, 0, 0, 0, , 0, 0, 0, 0, 0, 
393, 1, 394, 388, -1, 116, 257, 15.0, 15, Cppappp, 5238, 0, 0, 0, , 0, 0, 0, 0, 0, 
394, 1, 395, 389, -1, 107, 244, 18.0, 15, Cppappa, 5213, 0, 0, 0, , 0, 0, 0, 0, 0, 
395, 1, 396, 390, -1, 133, 253, 33.0, 15, Cpppaap, 6047, 0, 0, 0, , 0, 0, 0, 0, 0, 
396, 1, 397, 391, -1, 162, 226, 30.0, 15, Cpppaaa, 6001, 0, 0, 0, , 0, 0, 0, 0, 0, 
397, 1, 398, 392, -1, 82, 265, 20.0, 15, Cpppapp, 6601, 0, 0, 0, , 0, 0, 0, 0, 0, 
398, 1, 399, 393, -1, 87, 261, 25.0, 17, Cpppapa, 6049, 0, 0, 0, , 0, 0, 0, 0, 0, 
399, 1, 400, 394, -1, 248, 307, 16.0, 13, Daapa, 5330, 0, 0, 0, , 0, 0, 0, 0, 0, 
400, 1, 401, 395, -1, 232, 311, 16.0, 15, Daapp, 4205, 0, 0, 0, , 0, 0, 0, 0, 0, 
401, 1, 402, 396, -1, 253, 308, 20.0, 15, Daaaa, 3706, 0, 0, 0, , 0, 0, 0, 0, 0, 
402, 1, 403, 397, -1, 239, 309, 30.0, 17, Daaap, 5762, 0, 0, 0, , 0, 0, 0, 0, 0, 
403, 1, 404, 398, -1, 222, 301, 33.0, 15, Dappaa, 2624, 0, 0, 0, , 0, 0, 0, 0, 0, 
404, 1, 405, 399, -1, 200, 314, 31.0, 15, Dappap, 1286, 0, 0, 0, , 0, 0, 0, 0, 0, 
405, 1, 406, 400, -1, 179, 320, 33.0, 17, Dappp, 5098, 0, 0, 0, , 0, 0, 0, 0, 0, 
406, 1, 407, 401, -1, 195, 210, 17.0, 15, Dpapp, 6980, 0, 0, 0, , 0, 0, 0, 0, 0, 
407, 1, 408, 402, -1, 209, 202, 18.0, 13, Dpapa, 5159, 0, 0, 0, , 0, 0, 0, 0, 0, 
408, 1, 409, 403, -1, 203, 206, 31.0, 14, Dpaap, 5260, 0, 0, 0, , 0, 0, 0, 0, 0, 
409, 0, 410, -1, -1, 203, 197, 34.0, 17, , 3266, 0, 0, 0, , 0, 0, 0, 0, 0, 
410, 1, 411, 405, -1, 210, 196, 21.0, 13, Dpaaa, 3852, 0, 0, 0, , 0, 0, 0, 0, 0, 
411, 1, 412, 406, -1, 166, 239, 34.0, 15, Dpppp, 3135, 0, 0, 0, , 0, 0, 0, 0, 0, 
412, 1, 413, 407, -1, 190, 247, 33.0, 17, Dpppap, 8819, 0, 0, 0, , 0, 0, 0, 0, 0, 
413, 1, 414, 408, -1, 211, 231, 35.0, 15, Dpppaa, 4466, 0, 0, 0, , 0, 0, 0, 0, 0, 
414, 1, 415, 409, -1, 192, 205, 22.0, 15, Dppaa, 5818, 0, 0, 0, , 0, 0, 0, 0, 0, 
415, 1, 416, 410, -1, 179, 219, 30.0, 13, Dppap, 4515, 0, 0, 0, , 0, 0, 0, 0, 0, 
416, 0, 417, -1, -1, 380, 244, 24.0, 15, , 7988, 0, 0, 0, , 0, 0, 0, 0, 0, 
417, 1, 418, 412, -1, 304, 287, 25.0, 15, ABalppppaav, 4415, 0, 0, 0, , 0, 0, 0, 0, 0, 
418, 1, 419, 413, -1, 315, 300, 25.0, 15, ABalpppappp, 4987, 0, 0, 0, , 0, 0, 0, 0, 0, 
419, 1, 421, 414, -1, 300, 310, 22.0, 13, ABalppppppaa, 3238, 0, 0, 0, , 0, 0, 0, 0, 0, 
420, 1, 422, 415, -1, 279, 322, 23.0, 11, ABalppppppap, 3054, 0, 0, 0, , 0, 0, 0, 0, 0, 
421, 1, 423, 416, -1, 310, 309, 19.0, 17, ABalpppppppa, 3933, 0, 0, 0, , 0, 0, 0, 0, 0, 
422, 1, 424, 417, -1, 344, 257, 21.0, 13, ABalppppapp, 2821, 0, 0, 0, , 0, 0, 0, 0, 0, 
423, 1, 425, 418, -1, 341, 274, 15.0, 11, ABalpppaaaa, 3404, 0, 0, 0, , 0, 0, 0, 0, 0, 
424, 1, 426, 419, -1, 329, 265, 11.0, 15, ABalpppaaap, 4854, 0, 0, 0, , 0, 0, 0, 0, 0, 
425, 1, 427, 420, -1, 352, 266, 17.0, 13, ABalpppaapd, 3484, 0, 0, 0, , 0, 0, 0, 0, 0, 
426, 1, 428, 421, -1, 353, 258, 20.0, 13, ABalpppaapv, 3854, 0, 0, 0, , 0, 0, 0, 0, 0, 
427, 1, 429, 422, -1, 314, 294, 15.0, 15, ABalpppapad, 5402, 0, 0, 0, , 0, 0, 0, 0, 0, 
428, 1, 430, 423, -1, 327, 282, 13.0, 13, ABalpppapav, 4397, 0, 0, 0, , 0, 0, 0, 0, 0, 
429, 1, 431, 424, -1, 347, 253, 16.0, 11, ABalaaapalr, 2125, 0, 0, 0, , 0, 0, 0, 0, 0, 
430, 1, 432, 425, -1, 340, 253, 13.0, 13, ABalppaaapp, 7147, 0, 0, 0, , 0, 0, 0, 0, 0, 
431, 1, 433, 426, -1, 296, 264, 12.0, 13, ABalppaappp, 4059, 0, 0, 0, , 0, 0, 0, 0, 0, 
432, 1, 640, 427, -1, 319, 230, 12.0, 13, ABalppapaap, 5178, 0, 0, 0, , 0, 0, 0, 0, 0, 
433, 1, 435, 428, -1, 287, 301, 16.0, 19, ABplpaaaaap, 22644, 0, 0, 0, , 0, 0, 0, 0, 0, 
434, 1, 436, 429, -1, 295, 260, 14.0, 13, ABalppapppa, 2076, 0, 0, 0, , 0, 0, 0, 0, 0, 
435, 1, 437, 430, -1, 319, 257, 18.0, 15, ABalppappaa, 8190, 0, 0, 0, , 0, 0, 0, 0, 0, 
436, 1, 438, 431, -1, 323, 268, 20.0, 11, ABalapaappa, 2669, 0, 0, 0, , 0, 0, 0, 0, 0, 
437, 1, 439, 432, -1, 281, 254, 12.0, 13, ABalppapapa, 3967, 0, 0, 0, , 0, 0, 0, 0, 0, 
438, 1, 440, 433, -1, 298, 246, 11.0, 15, ABalppapapp, 5860, 0, 0, 0, , 0, 0, 0, 0, 0, 
439, 1, 648, 434, -1, 291, 245, 9.0, 17, ABplaappaa, 5594, 0, 0, 0, , 0, 0, 0, 0, 0, 
440, 1, 441, 435, -1, 326, 243, 15.0, 13, ABalppapaaa, 4627, 0, 0, 0, , 0, 0, 0, 0, 0, 
441, 1, 442, 436, -1, 269, 253, 12.0, 13, ABalpapapaa, 7274, 0, 0, 0, , 0, 0, 0, 0, 0, 
442, 1, 443, 437, -1, 196, 286, 12.0, 13, ABalpapappa, 5726, 0, 0, 0, , 0, 0, 0, 0, 0, 
443, 1, 444, 438, -1, 301, 228, 11.0, 11, ABalpapaapp, 7687, 0, 0, 0, , 0, 0, 0, 0, 0, 
444, 1, 445, 439, -1, 296, 225, 14.0, 13, ABalpapaapa, 5605, 0, 0, 0, , 0, 0, 0, 0, 0, 
445, 0, 446, -1, -1, 315, 234, 10.0, 11, , 3365, 0, 0, 0, , 0, 0, 0, 0, 0, 
446, 0, 447, -1, -1, 314, 237, 12.0, 13, , 1742, 0, 0, 0, , 0, 0, 0, 0, 0, 
447, 1, 448, 442, -1, 280, 256, 19.0, 15, ABalpaaaaap, 8383, 0, 0, 0, , 0, 0, 0, 0, 0, 
448, 1, 449, 443, -1, 256, 246, 20.0, 13, ABalpappaaa, 8150, 0, 0, 0, , 0, 0, 0, 0, 0, 
449, 1, 450, 444, -1, 272, 279, 19.0, 15, ABalpapppaa, 7282, 0, 0, 0, , 0, 0, 0, 0, 0, 
450, 1, 451, 445, -1, 258, 258, 23.0, 13, ABalpapppap, 5854, 0, 0, 0, , 0, 0, 0, 0, 0, 
451, 1, 452, 446, -1, 294, 265, 23.0, 15, ABalpaaapaa, 5141, 0, 0, 0, , 0, 0, 0, 0, 0, 
452, 1, 453, 447, -1, 291, 271, 27.0, 13, ABalpaaapap, 2818, 0, 0, 0, , 0, 0, 0, 0, 0, 
453, 1, 454, 448, -1, 276, 256, 17.0, 11, ABalpaaaapp, 6691, 0, 0, 0, , 0, 0, 0, 0, 0, 
454, 1, 455, 673, -1, 285, 246, 18.0, 13, ABalpaaaapa, 15309, 0, 0, 0, , 0, 0, 0, 0, 0, 
455, 1, 456, 450, -1, 281, 272, 20.0, 15, ABalpappaap, 8244, 0, 0, 0, , 0, 0, 0, 0, 0, 
456, 0, 457, -1, -1, 297, 245, 19.0, 13, , 6837, 0, 0, 0, , 0, 0, 0, 0, 0, 
457, 1, 458, 452, -1, 320, 227, 18.0, 11, ABalpaapppa, 3626, 0, 0, 0, , 0, 0, 0, 0, 0, 
458, 1, 459, 453, -1, 327, 229, 15.0, 15, ABalpaapppp, 3971, 0, 0, 0, , 0, 0, 0, 0, 0, 
459, 1, 460, 454, -1, 307, 230, 18.0, 13, ABalpaappaa, 3708, 0, 0, 0, , 0, 0, 0, 0, 0, 
460, 1, 461, 455, -1, 277, 259, 26.0, 13, ABalpaapapa, 4297, 0, 0, 0, , 0, 0, 0, 0, 0, 
461, 0, -1, -1, -1, 297, 252, 25.0, 15, , 2018, 0, 0, 0, , 0, 0, 0, 0, 0, 
462, 0, 463, -1, -1, 300, 246, 21.0, 15, , 5308, 0, 0, 0, , 0, 0, 0, 0, 0, 
463, 1, 464, 458, -1, 178, 273, 30.0, 21, Earap, 23521, 0, 0, 0, , 0, 0, 0, 0, 0, 
464, 1, 465, 459, -1, 135, 311, 27.0, 19, Ealpp, 12795, 0, 0, 0, , 0, 0, 0, 0, 0, 
465, 0, 466, -1, -1, 184, 269, 25.0, 13, , 1552, 0, 0, 0, , 0, 0, 0, 0, 0, 
466, 1, 467, 461, -1, 137, 286, 28.0, 23, Earpp, 5096, 0, 0, 0, , 0, 0, 0, 0, 0, 
467, 0, 468, -1, -1, 170, 292, 25.0, 15, , 4749, 0, 0, 0, , 0, 0, 0, 0, 0, 
468, 1, 469, 463, -1, 211, 282, 24.0, 15, Ealaa, 5634, 0, 0, 0, , 0, 0, 0, 0, 0, 
469, 1, 470, 464, -1, 105, 286, 20.0, 21, Eprpp, 2031, 0, 0, 0, , 0, 0, 0, 0, 0, 
470, 1, 471, 465, -1, 203, 331, 28.0, 13, Dapap, 5641, 0, 0, 0, , 0, 0, 0, 0, 0, 
471, 1, 472, 466, -1, 232, 318, 20.0, 17, Dapaa, 6294, 0, 0, 0, , 0, 0, 0, 0, 0, 
472, 1, 473, 467, -1, 224, 303, 23.0, 15, MSaapaapp, 4666, 0, 0, 0, , 0, 0, 0, 0, 0, 
473, 1, 474, 468, -1, 238, 301, 22.0, 13, MSaapaapa, 4251, 0, 0, 0, , 0, 0, 0, 0, 0, 
474, 1, 475, 469, -1, 180, 203, 30.0, 15, ABarpppapp, 5417, 0, 0, 0, , 0, 0, 0, 0, 0, 
475, 1, 476, 470, -1, 255, 298, 13.0, 13, ABplppaapap, 4857, 0, 0, 0, , 0, 0, 0, 0, 0, 
476, 1, 477, 471, -1, 246, 298, 10.0, 13, ABplppaapaa, 6412, 0, 0, 0, , 0, 0, 0, 0, 0, 
477, 1, 478, 472, -1, 331, 243, 18.0, 15, ABalaaaalar, 3251, 0, 0, 0, , 0, 0, 0, 0, 0, 
478, 1, 479, 473, -1, 301, 181, 28.0, 15, ABalapppppp, 1466, 0, 0, 0, , 0, 0, 0, 0, 0, 
479, 1, 480, 474, -1, 309, 168, 26.0, 15, ABarpappaa, 5483, 0, 0, 0, , 0, 0, 0, 0, 0, 
480, 1, 481, 475, -1, 94, 275, 33.0, 19, Cppppaa, 6489, 0, 0, 0, , 0, 0, 0, 0, 0, 
481, 1, 482, 476, -1, 72, 286, 26.0, 15, Cppppap, 5457, 0, 0, 0, , 0, 0, 0, 0, 0, 
482, 1, 483, 477, -1, 104, 278, 14.0, 15, Cpppppv, 3967, 0, 0, 0, , 0, 0, 0, 0, 0, 
483, 1, 484, 478, -1, 179, 264, 24.0, 19, Earpa, 46680, 0, 0, 0, , 0, 0, 0, 0, 0, 
484, 0, 485, -1, -1, 297, 196, 29.0, 11, , 1770, 0, 0, 0, , 0, 0, 0, 0, 0, 
485, 0, 486, -1, -1, 120, 292, 28.0, 15, , 4194, 0, 0, 0, , 0, 0, 0, 0, 0, 
486, 1, 487, 481, -1, 263, 232, 36.0, 21, ABarpaappa, 8117, 0, 0, 0, , 0, 0, 0, 0, 0, 
487, 1, 488, 482, -1, 261, 309, 33.0, 15, ABarppaapa, 5527, 0, 0, 0, , 0, 0, 0, 0, 0, 
488, 0, 489, -1, -1, 118, 312, 26.0, 15, , 6508, 0, 0, 0, , 0, 0, 0, 0, 0, 
489, 1, 490, 484, -1, 196, 277, 20.0, 13, MSaappap, 4083, 0, 0, 0, , 0, 0, 0, 0, 0, 
490, 1, 491, 485, -1, 292, 207, 12.0, 11, ABalaapappa, 2014, 0, 0, 0, , 0, 0, 0, 0, 0, 
491, 0, 492, -1, -1, 138, 286, 27.0, 19, , 4009, 0, 0, 0, , 0, 0, 0, 0, 0, 
492, 1, 493, 487, -1, 218, 307, 12.0, 15, ABplppapaaa, 6535, 0, 0, 0, , 0, 0, 0, 0, 0, 
493, 1, 494, 488, -1, 325, 239, 20.0, 13, ABalaaaalal, 6974, 0, 0, 0, , 0, 0, 0, 0, 0, 
494, 0, 495, -1, -1, 118, 294, 30.0, 17, , 6450, 0, 0, 0, , 0, 0, 0, 0, 0, 
495, 1, 496, 490, -1, 269, 193, 17.0, 13, ABprpaaaaaa, 7298, 0, 0, 0, , 0, 0, 0, 0, 0, 
496, 1, 497, 491, -1, 139, 249, 18.0, 17, MSpappap, 5161, 0, 0, 0, , 0, 0, 0, 0, 0, 
497, 1, 498, 492, -1, 207, 245, 30.0, 17, MSpaapapp, 9010, 0, 0, 0, , 0, 0, 0, 0, 0, 
498, 0, 499, -1, -1, 195, 268, 28.0, 14, , 1496, 0, 0, 0, , 0, 0, 0, 0, 0, 
499, 1, 500, 494, -1, 72, 296, 18.0, 15, Cpppppd, 7364, 0, 0, 0, , 0, 0, 0, 0, 0, 
500, 1, 501, 495, -1, 294, 301, 30.0, 15, ABplapaaaaa, 5250, 0, 0, 0, , 0, 0, 0, 0, 0, 
501, 0, 502, -1, -1, 204, 264, 13.0, 11, , 3519, 0, 0, 0, , 0, 0, 0, 0, 0, 
502, 1, 503, 497, -1, 282, 309, 31.0, 15, ABplapaaaap, 6143, 0, 0, 0, , 0, 0, 0, 0, 0, 
503, 1, 504, 498, -1, 333, 265, 14.0, 9, ABalppaaapa, 1121, 0, 0, 0, , 0, 0, 0, 0, 0, 
504, 1, 505, 499, -1, 258, 264, 19.0, 13, ABalpappppp, 4413, 0, 0, 0, , 0, 0, 0, 0, 0, 
505, 1, 506, 500, -1, 341, 212, 18.0, 11, ABalaaaparr, 3545, 0, 0, 0, , 0, 0, 0, 0, 0, 
506, 1, 507, 501, -1, 343, 226, 18.0, 17, ABalaaaparl, 3705, 0, 0, 0, , 0, 0, 0, 0, 0, 
507, 1, 508, 502, -1, 264, 280, 22.0, 13, ABalpaaappp, 4378, 0, 0, 0, , 0, 0, 0, 0, 0, 
508, 1, 509, 503, -1, 277, 279, 23.0, 13, ABalpaaappa, 5520, 0, 0, 0, , 0, 0, 0, 0, 0, 
509, 1, 510, 504, -1, 190, 288, 24.0, 17, Ealpa, 12682, 0, 0, 0, , 0, 0, 0, 0, 0, 
510, 1, 511, 505, -1, 218, 250, 13.0, 11, ABprpappapa, 3126, 0, 0, 0, , 0, 0, 0, 0, 0, 
511, 1, 512, 506, -1, 164, 307, 19.0, 23, Z3, 1755, 0, 0, 0, , 0, 0, 0, 0, 0, 
512, 1, 513, 507, -1, 148, 338, 32.0, 17, Cappaap, 5926, 0, 0, 0, , 0, 0, 0, 0, 0, 
513, 1, 514, 508, -1, 278, 239, 15.0, 11, ABarappaapp, 8014, 0, 0, 0, , 0, 0, 0, 0, 0, 
514, 0, 515, -1, -1, 190, 252, 24.0, 11, , 1606, 0, 0, 0, , 0, 0, 0, 0, 0, 
515, 1, 516, 510, -1, 204, 224, 27.0, 17, MSpapappa, 4565, 0, 0, 0, , 0, 0, 0, 0, 0, 
516, 1, 517, 511, -1, 201, 216, 23.0, 15, MSpapaapa, 5591, 0, 0, 0, , 0, 0, 0, 0, 0, 
517, 1, 518, 512, -1, 271, 163, 24.0, 13, ABpraapaapp, 5511, 0, 0, 0, , 0, 0, 0, 0, 0, 
518, 1, 519, 654, -1, 297, 185, 26.0, 15, ABalapppppa, 2957, 0, 0, 0, , 0, 0, 0, 0, 0, 
519, 1, 520, 514, -1, 278, 223, 18.0, 15, ABarapaaaaa, 7999, 0, 0, 0, , 0, 0, 0, 0, 0, 
520, 1, 521, 515, -1, 308, 253, 15.0, 14, ABalppapppp, 2739, 0, 0, 0, , 0, 0, 0, 0, 0, 
521, 1, 522, 516, -1, 335, 202, 19.0, 13, ABalaaappll, 3354, 0, 0, 0, , 0, 0, 0, 0, 0, 
522, 1, 523, 517, -1, 170, 294, 26.0, 19, Ealap, 13380, 0, 0, 0, , 0, 0, 0, 0, 0, 
523, 1, 524, 518, -1, 105, 253, 29.0, 15, Cppapap, 5557, 0, 0, 0, , 0, 0, 0, 0, 0, 
524, 1, 525, 519, -1, 238, 223, 23.0, 17, ABarapaappp, 4882, 0, 0, 0, , 0, 0, 0, 0, 0, 
525, 1, 526, 520, -1, 302, 287, 22.0, 11, ABalppppaad, 4192, 0, 0, 0, , 0, 0, 0, 0, 0, 
526, 0, 527, -1, -1, 248, 284, 31.0, 15, , 2514, 0, 0, 0, , 0, 0, 0, 0, 0, 
527, 0, 528, -1, -1, 275, 308, 15.0, 11, , 1195, 0, 0, 0, , 0, 0, 0, 0, 0, 
528, 1, 529, 523, -1, 276, 279, 25.0, 13, ABalpaapapp, 6902, 0, 0, 0, , 0, 0, 0, 0, 0, 
529, 1, 530, 524, -1, 124, 337, 15.0, 15, ABplpppaapa, 4650, 0, 0, 0, , 0, 0, 0, 0, 0, 
530, 1, 531, 525, -1, 335, 221, 34.0, 21, ABplaaaapa, 12053, 0, 0, 0, , 0, 0, 0, 0, 0, 
531, 0, 532, -1, -1, 211, 281, 26.0, 21, , 65535, 0, 0, 0, , 0, 0, 0, 0, 0, 
532, 0, 533, -1, -1, 185, 191, 18.0, 17, , 8262, 0, 0, 0, , 0, 0, 0, 0, 0, 
533, 1, 534, 528, -1, 225, 234, 18.0, 11, MSpapaaaa, 3749, 0, 0, 0, , 0, 0, 0, 0, 0, 
534, 1, 535, 529, -1, 195, 228, 17.0, 13, MSpapppaa, 2835, 0, 0, 0, , 0, 0, 0, 0, 0, 
535, 1, 536, 530, -1, 183, 234, 19.0, 14, MSpapppap, 3050, 0, 0, 0, , 0, 0, 0, 0, 0, 
536, 0, 537, -1, -1, 287, 242, 36.0, 15, , 1571, 0, 0, 0, , 0, 0, 0, 0, 0, 
537, 1, 538, 532, -1, 266, 181, 21.0, 13, ABprpaapaaa, 7083, 0, 0, 0, , 0, 0, 0, 0, 0, 
538, 1, 539, 533, -1, 251, 251, 17.0, 13, ABalpappppa, 3769, 0, 0, 0, , 0, 0, 0, 0, 0, 
539, 1, 540, 534, -1, 293, 313, 16.0, 11, ABalpppppppp, 2688, 0, 0, 0, , 0, 0, 0, 0, 0, 
540, 1, 541, 535, -1, 98, 312, 9.0, 11, ABprpppapp, 3154, 0, 0, 0, , 0, 0, 0, 0, 0, 
541, 0, 542, -1, -1, 151, 301, 28.0, 19, , 11086, 0, 0, 0, , 0, 0, 0, 0, 0, 
542, 1, 543, 537, -1, 226, 195, 10.0, 11, ABprppaaap, 3265, 0, 0, 0, , 0, 0, 0, 0, 0, 
543, 1, 545, 538, -1, 107, 249, 32.0, 13, Caaapa, 3240, 0, 0, 0, , 0, 0, 0, 0, 0, 
544, 0, 546, -1, -1, 310, 181, 13.0, 13, , 3003, 0, 0, 0, , 0, 0, 0, 0, 0, 
545, 1, 547, 540, -1, 154, 284, 30.0, 17, Epraa, 3079, 0, 0, 0, , 0, 0, 0, 0, 0, 
546, 1, 548, 541, -1, 132, 357, 30.0, 17, Cpaapp, 4915, 0, 0, 0, , 0, 0, 0, 0, 0, 
547, 1, 549, 542, -1, 298, 198, 18.0, 13, ABalaapaaal, 3987, 0, 0, 0, , 0, 0, 0, 0, 0, 
548, 1, 550, 543, -1, 345, 197, 23.0, 13, ABarpaaaaal, 5321, 0, 0, 0, , 0, 0, 0, 0, 0, 
549, 1, 551, 544, -1, 99, 294, 14.0, 13, Caapaa, 2601, 0, 0, 0, , 0, 0, 0, 0, 0, 
550, 1, 552, 545, -1, 212, 192, 35.0, 11, ABarpppapa, 795, 0, 0, 0, , 0, 0, 0, 0, 0, 
551, 1, 553, 546, -1, 258, 288, 17.0, 13, MSappapp, 4689, 0, 0, 0, , 0, 0, 0, 0, 0, 
552, 1, 554, 547, -1, 85, 237, 19.0, 15, ABarpppppp, 4203, 0, 0, 0, , 0, 0, 0, 0, 0, 
553, 1, 555, 548, -1, 283, 290, 10.0, 19, ABplaappap, 10240, 0, 0, 0, , 0, 0, 0, 0, 0, 
554, 1, 556, 549, -1, 234, 202, 18.0, 11, MSpppapa, 4010, 0, 0, 0, , 0, 0, 0, 0, 0, 
555, 1, 557, 550, -1, 301, 276, 31.0, 17, MSapappa, 6636, 0, 0, 0, , 0, 0, 0, 0, 0, 
556, 1, 558, 551, -1, 115, 291, 28.0, 24, Eprap, 730, 0, 0, 0, , 0, 0, 0, 0, 0, 
557, 1, 559, 552, -1, 296, 206, 33.0, 15, MSppappp, 6414, 0, 0, 0, , 0, 0, 0, 0, 0, 
558, 1, 560, 553, -1, 93, 352, 26.0, 19, Cpapap, 5808, 0, 0, 0, , 0, 0, 0, 0, 0, 
559, 1, 561, 554, -1, 110, 309, 13.0, 15, Cappppd, 5241, 0, 0, 0, , 0, 0, 0, 0, 0, 
560, 1, 562, 555, -1, 229, 261, 28.0, 15, MSaaaappp, 4555, 0, 0, 0, , 0, 0, 0, 0, 0, 
561, 1, 563, 556, -1, 114, 348, 13.0, 13, ABplapppaap, 4275, 0, 0, 0, , 0, 0, 0, 0, 0, 
562, 1, 564, 557, -1, 135, 261, 22.0, 21, Z2, 5502, 0, 0, 0, , 0, 0, 0, 0, 0, 
563, 1, 565, 558, -1, 323, 271, 31.0, 11, ABplaaaaapa, 2670, 0, 0, 0, , 0, 0, 0, 0, 0, 
564, 1, 566, 559, -1, 197, 240, 20.0, 13, MSpapapap, 3512, 0, 0, 0, , 0, 0, 0, 0, 0, 
565, 1, 567, 560, -1, 115, 315, 28.0, 19, Eplap, 32843, 0, 0, 0, , 0, 0, 0, 0, 0, 
566, 0, -1, -1, -1, 96, 301, 27.0, 11, , 1612, 0, 0, 0, , 0, 0, 0, 0, 0, 
567, 1, 569, 562, -1, 113, 309, 19.0, 23, Eplpp, 28328, 0, 0, 0, , 0, 0, 0, 0, 0, 
568, 0, 570, -1, -1, 105, 283, 21.0, 21, , 22868, 0, 0, 0, , 0, 0, 0, 0, 0, 
569, 0, 571, -1, -1, 340, 261, 16.0, 13, , 8601, 0, 0, 0, , 0, 0, 0, 0, 0, 
570, 1, 572, 565, -1, 140, 346, 22.0, 15, Capaapp, 5681, 0, 0, 0, , 0, 0, 0, 0, 0, 
571, 1, 573, 566, -1, 166, 344, 23.0, 15, Capaapa, 5383, 0, 0, 0, , 0, 0, 0, 0, 0, 
572, 1, 574, 567, -1, 234, 189, 11.0, 13, ABpraappap, 1394, 0, 0, 0, , 0, 0, 0, 0, 0, 
573, 1, 575, 568, -1, 280, 189, 32.0, 19, MSppappa, 7221, 0, 0, 0, , 0, 0, 0, 0, 0, 
574, 0, 576, -1, -1, 221, 272, 14.0, 9, , 507, 0, 0, 0, , 0, 0, 0, 0, 0, 
575, 0, 577, -1, -1, 136, 263, 21.0, 21, , 57763, 0, 0, 0, , 0, 0, 0, 0, 0, 
576, 1, 578, 650, -1, 220, 237, 28.0, 13, MSpaapapa, 2149, 0, 0, 0, , 0, 0, 0, 0, 0, 
577, 0, 579, -1, -1, 205, 263, 28.0, 11, , 3041, 0, 0, 0, , 0, 0, 0, 0, 0, 
578, 1, 580, 572, -1, 227, 170, 16.0, 13, ABpraaappppp, 2724, 0, 0, 0, , 0, 0, 0, 0, 0, 
579, 1, 581, 573, -1, 246, 160, 20.0, 17, ABpraaappppa, 4803, 0, 0, 0, , 0, 0, 0, 0, 0, 
580, 1, 582, 574, -1, 306, 292, 18.0, 13, ABalpppppaa, 4284, 0, 0, 0, , 0, 0, 0, 0, 0, 
581, 0, 583, -1, -1, 325, 293, 22.0, 13, , 2722, 0, 0, 0, , 0, 0, 0, 0, 0, 
582, 0, 584, -1, -1, 272, 190, 29.0, 13, , 1109, 0, 0, 0, , 0, 0, 0, 0, 0, 
583, 0, 585, -1, -1, 160, 285, 30.0, 13, , 2428, 0, 0, 0, , 0, 0, 0, 0, 0, 
584, 1, 586, 578, -1, 215, 257, 17.0, 15, ABarapapapp, 8447, 0, 0, 0, , 0, 0, 0, 0, 0, 
585, 0, 587, -1, -1, 79, 328, 18.0, 13, , 3082, 0, 0, 0, , 0, 0, 0, 0, 0, 
586, 1, 588, 580, -1, 207, 314, 19.0, 15, MSaapppap, 2947, 0, 0, 0, , 0, 0, 0, 0, 0, 
587, 1, 589, 581, -1, 221, 334, 33.0, 17, Caaaaa, 1689, 0, 0, 0, , 0, 0, 0, 0, 0, 
588, 1, 590, 582, -1, 61, 275, 18.0, 19, Caappd, 5982, 0, 0, 0, , 0, 0, 0, 0, 0, 
589, 1, 591, 583, -1, 86, 253, 29.0, 19, Caaapp, 7296, 0, 0, 0, , 0, 0, 0, 0, 0, 
590, 1, 592, 584, -1, 261, 325, 24.0, 15, ABplapaaapa, 6249, 0, 0, 0, , 0, 0, 0, 0, 0, 
591, 1, 593, 585, -1, 240, 229, 19.0, 15, ABarapapppp, 6490, 0, 0, 0, , 0, 0, 0, 0, 0, 
592, 1, 594, 586, -1, 222, 299, 17.0, 15, MSaapppaa, 6627, 0, 0, 0, , 0, 0, 0, 0, 0, 
593, 1, 595, 587, -1, 199, 260, 26.0, 19, Earaa, 6146, 0, 0, 0, , 0, 0, 0, 0, 0, 
594, 1, 596, 588, -1, 185, 260, 13.0, 15, ABarappappa, 6437, 0, 0, 0, , 0, 0, 0, 0, 0, 
595, 1, 597, 589, -1, 301, 239, 23.0, 13, ABalpaapaaa, 5201, 0, 0, 0, , 0, 0, 0, 0, 0, 
596, 0, 598, -1, -1, 176, 280, 27.0, 15, , 2152, 0, 0, 0, , 0, 0, 0, 0, 0, 
597, 1, 599, 591, -1, 148, 302, 28.0, 17, Eplaa, 4041, 0, 0, 0, , 0, 0, 0, 0, 0, 
598, 0, 600, -1, -1, 112, 311, 23.0, 17, , 11614, 0, 0, 0, , 0, 0, 0, 0, 0, 
599, 1, 601, 593, -1, 240, 165, 29.0, 19, ABarpapppp, 2616, 0, 0, 0, , 0, 0, 0, 0, 0, 
600, 1, 602, 594, -1, 193, 301, 12.0, 15, ABplpaaaapp, 12018, 0, 0, 0, , 0, 0, 0, 0, 0, 
601, 0, 603, -1, -1, 268, 319, 16.0, 17, , 6108, 0, 0, 0, , 0, 0, 0, 0, 0, 
602, 0, 604, -1, -1, 106, 284, 19.0, 15, , 4358, 0, 0, 0, , 0, 0, 0, 0, 0, 
603, 0, 605, -1, -1, 142, 264, 21.0, 13, , 2118, 0, 0, 0, , 0, 0, 0, 0, 0, 
604, 1, 606, 598, -1, 240, 230, 21.0, 11, ABarapappap, 7649, 0, 0, 0, , 0, 0, 0, 0, 0, 
605, 0, 607, -1, -1, 124, 283, 9.0, 13, , 2400, 0, 0, 0, , 0, 0, 0, 0, 0, 
606, 0, 608, -1, -1, 268, 205, 12.0, 15, , 3359, 0, 0, 0, , 0, 0, 0, 0, 0, 
607, 1, 627, 601, -1, 238, 251, 19.0, 13, ABarapapaaa, 8802, 0, 0, 0, , 0, 0, 0, 0, 0, 
608, 0, 610, -1, -1, 120, 303, 16.0, 13, , 6276, 0, 0, 0, , 0, 0, 0, 0, 0, 
609, 0, 611, -1, -1, 103, 300, 9.0, 13, , 2345, 0, 0, 0, , 0, 0, 0, 0, 0, 
610, 0, 612, -1, -1, 194, 259, 31.0, 11, , 1569, 0, 0, 0, , 0, 0, 0, 0, 0, 
611, 0, 613, -1, -1, 315, 243, 14.0, 9, , 585, 0, 0, 0, , 0, 0, 0, 0, 0, 
612, 1, 614, 605, -1, 279, 283, 12.0, 13, ABplpaapppa, 6526, 0, 0, 0, , 0, 0, 0, 0, 0, 
613, 1, 615, 606, -1, 245, 271, 10.0, 19, ABalpapapap, 9344, 0, 0, 0, , 0, 0, 0, 0, 0, 
614, 1, 616, 607, -1, 227, 292, 11.0, 15, ABalpapappp, 6763, 0, 0, 0, , 0, 0, 0, 0, 0, 
615, 0, 617, -1, -1, 217, 169, 14.0, 9, , 457, 0, 0, 0, , 0, 0, 0, 0, 0, 
616, 1, 618, 672, -1, 302, 238, 15.0, 15, ABalpapaaaa, 5204, 0, 0, 0, , 0, 0, 0, 0, 0, 
617, 0, 619, -1, -1, 105, 288, 23.0, 21, , 9300, 0, 0, 0, , 0, 0, 0, 0, 0, 
618, 1, 620, 611, -1, 328, 291, 28.0, 13, ABplaaappa, 4465, 0, 0, 0, , 0, 0, 0, 0, 0, 
619, 1, 621, 612, -1, 324, 234, 30.0, 13, ABalapapapp, 2895, 0, 0, 0, , 0, 0, 0, 0, 0, 
620, 1, 622, 613, -1, 323, 202, 29.0, 14, ABalapppapp, 1135, 0, 0, 0, , 0, 0, 0, 0, 0, 
621, 0, 623, -1, -1, 109, 291, 23.0, 13, , 1850, 0, 0, 0, , 0, 0, 0, 0, 0, 
622, 0, -1, -1, -1, 306, 233, 13.0, 11, , 4088, 0, 0, 0, , 0, 0, 0, 0, 0, 
623, 0, -1, -1, -1, 236, 248, 17.0, 13, , 4968, 0, 0, 0, , 0, 0, 0, 0, 0, 
624, 0, -1, -1, -1, 225, 212, 17.0, 9, , 641, 0, 0, 0, , 0, 0, 0, 0, 0, 
625, 0, -1, -1, -1, 318, 287, 24.0, 9, , 397, 0, 0, 0, , 0, 0, 0, 0, 0, 
626, 0, -1, -1, -1, 244, 314, 26.0, 11, , 1079, 0, 0, 0, , 0, 0, 0, 0, 0, 
627, 1, 637, 620, -1, 292, 222, 25.0, 13, ABaraappaaa, 6306, 0, 0, 0, , 0, 0, 0, 0, 0, 
628, 1, 168, 621, -1, 265, 306, 10.0, 19, ABplaapppa, 5325, 0, 0, 0, , 0, 0, 0, 0, 0, 
629, 0, 624, -1, -1, 339, 228, 28.0, 15, , 0, 0, 0, 0, , 0, 0, 0, 0, 0, 
630, 1, 61, 635, -1, 234, 200, 36.0, 19, ABarpaappp, 0, 0, 0, 0, , 0, 0, 0, 0, 0, 
631, 0, 625, -1, -1, 339, 231, 31.0, 13, , 0, 0, 0, 0, , 0, 0, 0, 0, 0, 
632, 1, 626, 637, -1, 200, 333, 34.0, 19, Cpaaap, 0, 0, 0, 0, , 0, 0, 0, 0, 0, 
633, 1, 628, 639, -1, 231, 250, 17.277779, 17, ABarapapppa, 3780, 0, 0, 0, , 0, 0, 0, 0, 0, 
634, 1, 376, 640, -1, 78, 322, 17.0, 19, Cappppv, 6149, 0, 0, 0, , 0, 0, 0, 0, 0, 
635, 1, 629, 617, -1, 225, 209, 17.333334, 13, MSpppapp, 1980, 0, 0, 0, , 0, 0, 0, 0, 0, 
636, 1, 630, 641, -1, 264, 269, 27.714285, 13, MSaaapaap, 1787, 0, 0, 0, , 0, 0, 0, 0, 0, 
637, 0, 631, -1, -1, 118, 297, 33.0, 15, , 0, 0, 0, 0, , 0, 0, 0, 0, 0, 
638, 1, 632, 643, -1, 238, 309, 33.0, 15, Cpaaaa, 0, 0, 0, 0, , 0, 0, 0, 0, 0, 
639, 1, 633, 644, -1, 139, 237, 33.0, 15, Caaaap, 0, 0, 0, 0, , 0, 0, 0, 0, 0, 
640, 1, 634, 645, -1, 118, 302, 16.0, 15, ABprpappppp, 4896, 0, 0, 0, , 0, 0, 0, 0, 0, 
641, 1, 635, 28, -1, 237, 242, 14.0, 14, ABprpapppaa, 2250, 0, 0, 0, , 0, 0, 0, 0, 0, 
642, 1, 636, 646, -1, 245, 204, 13.333333, 15, ABprpaapppa, 0, 0, 0, 0, , 0, 0, 0, 0, 0, 
643, 0, 159, -1, -1, 302, 275, 15.947369, 13, , 3745, 0, 0, 0, , 0, 0, 0, 0, 0, 
644, 1, 159, 649, -1, 302, 275, 15.8, 13, ABplpaaappa, 3745, 0, 0, 0, , 0, 0, 0, 0, 0, 
645, 1, 638, 651, -1, 300, 224, 22.625, 13, ABaraaaapap, 3979, 0, 0, 0, , 0, 0, 0, 0, 0, 
646, 1, 639, 653, -1, 260, 211, 27.1, 13, ABaraaapapa, 3062, 0, 0, 0, , 0, 0, 0, 0, 0, 
647, 1, 420, 624, -1, 289, 298, 22.0, 14, ABalpppppap, 3225, 0, 0, 0, , 0, 0, 0, 0, 0, 
648, 1, 642, 655, -1, 272, 180, 27.0, 11, ABalappapap, 0, 0, 0, 0, , 0, 0, 0, 0, 0, 
649, 1, 643, 656, -1, 308, 174, 24.0, 15, ABalappappp, 0, 0, 0, 0, , 0, 0, 0, 0, 0, 
650, 1, 644, 657, -1, 344, 256, 24.0, 13, ABalapaaapp, 0, 0, 0, 0, , 0, 0, 0, 0, 0, 
651, 1, 645, 658, -1, 318, 279, 18.0, 13, ABalapaapaa, 0, 0, 0, 0, , 0, 0, 0, 0, 0, 
652, 1, 646, 659, -1, 268, 181, 19.0, 13, ABalaapppap, 0, 0, 0, 0, , 0, 0, 0, 0, 0, 
653, 1, 647, 660, -1, 76, 292, 12.0, 13, ABprppppppp, 0, 0, 0, 0, , 0, 0, 0, 0, 0, 
654, 0, 649, -1, -1, 303, 229, 16.0, 13, , 0, 0, 0, 0, , 0, 0, 0, 0, 0, 
655, 0, 650, -1, -1, 311, 278, 22.0, 13, , 0, 0, 0, 0, , 0, 0, 0, 0, 0, 
656, 1, 457, 449, -1, 297, 247, 19.0, 13, ABalpaaaaaa, 6837, 0, 0, 0, , 0, 0, 0, 0, 0, 
657, 1, 651, 663, -1, 340, 259, 19.0, 13, ABalapaappp, 0, 0, 0, 0, , 0, 0, 0, 0, 0, 
658, 1, 652, 665, -1, 299, 247, 22.0, 13, ABaraaaaaaa, 0, 0, 0, 0, , 0, 0, 0, 0, 0, 
659, 1, 653, 666, -1, 287, 178, 15.0, 13, ABalaappapa, 0, 0, 0, 0, , 0, 0, 0, 0, 0, 
660, 1, 654, 667, -1, 246, 281, 31.0, 13, MSaaapapa, 0, 0, 0, 0, , 0, 0, 0, 0, 0, 
661, 0, 655, -1, -1, 322, 247, 21.0, 15, , 0, 0, 0, 0, , 0, 0, 0, 0, 0, 
662, 1, 656, 669, -1, 325, 243, 21.6, 14, ABalaaapall, 13220, 0, 0, 0, , 0, 0, 0, 0, 0, 
663, 1, 657, 670, -1, 268, 314, 16.0, 16, ABplppaaaap, 0, 0, 0, 0, , 0, 0, 0, 0, 0, 
664, 1, 658, 671, -1, 222, 270, 13.0, 15, ABplpappaap, 0, 0, 0, 0, , 0, 0, 0, 0, 0, 
665, 1, 659, 609, -1, 300, 235, 17.0, 13, ABalpaappap, 0, 0, 0, 0, , 0, 0, 0, 0, 0, 
666, 1, 660, 674, -1, 298, 253, 24.0, 13, ABalpaapaap, 0, 0, 0, 0, , 0, 0, 0, 0, 0, 
667, 1, 661, 676, -1, 304, 180, 12.0, 11, ABalaappapp, 0, 0, 0, 0, , 0, 0, 0, 0, 0, 
668, 1, 662, 677, -1, 315, 226, 30.0, 15, ABalapapapa, 0, 0, 0, 0, , 0, 0, 0, 0, 0, 
669, 1, 663, 678, -1, 320, 261, 16.0, 13, ABalppappap, 0, 0, 0, 0, , 0, 0, 0, 0, 0, 
670, 1, 664, 679, -1, 291, 254, 30.0, 13, MSaaapaaa, 0, 0, 0, 0, , 0, 0, 0, 0, 0, 
671, 0, 665, -1, -1, 266, 245, 10.606742, 13, , 0, 0, 0, 0, , 0, 0, 0, 0, 0, 
672, 1, 666, 681, -1, 267, 206, 12.0, 13, ABalaapappp, 0, 0, 0, 0, , 0, 0, 0, 0, 0, 
673, 1, 667, 683, -1, 271, 232, 15.0, 13, ABarapapapa, 0, 0, 0, 0, , 0, 0, 0, 0, 0, 
674, 1, 668, 684, -1, 279, 202, 20.5, 13, MSppaaaa, 4580, 0, 0, 0, , 0, 0, 0, 0, 0, 
675, 1, 669, 685, -1, 213, 221, 9.0, 13, ABprppaapaa, 0, 0, 0, 0, , 0, 0, 0, 0, 0, 
676, 1, 670, 686, -1, 284, 185, 29.880001, 14, ABarpapaapa, 0, 0, 0, 0, , 0, 0, 0, 0, 0, 
677, 0, 671, -1, -1, 312, 200, 23.0, 12, , 738, 0, 0, 0, , 0, 0, 0, 0, 0, 
678, 0, 672, -1, -1, 335, 213, 23.0, 15, , 0, 0, 0, 0, , 0, 0, 0, 0, 0, 
679, 1, 673, 689, -1, 102, 294, 25.0, 15, Eprpa, 0, 0, 0, 0, , 0, 0, 0, 0, 0, 
680, 1, 674, 690, -1, 311, 238, 11.0, 13, ABalppaappa, 0, 0, 0, 0, , 0, 0, 0, 0, 0, 
681, 0, 675, -1, -1, 157, 312, 35.05263, 15, , 0, 0, 0, 0, , 0, 0, 0, 0, 0, 
682, 1, 676, 692, -1, 153, 332, 36.0, 15, Cpaapa, 0, 0, 0, 0, , 0, 0, 0, 0, 0, 
683, 1, 677, 695, -1, 345, 228, 29.0, 15, ABplaaaaaaa, 0, 0, 0, 0, , 0, 0, 0, 0, 0, 
684, 1, 678, 696, -1, 293, 246, 36.0, 15, ABarpaapap, 0, 0, 0, 0, , 0, 0, 0, 0, 0, 
685, 1, 679, 697, -1, 283, 188, 25.333334, 13, ABalappapaa, 0, 0, 0, 0, , 0, 0, 0, 0, 0, 
686, 1, 680, 698, -1, 311, 202, 23.0, 13, ABalappppaa, 0, 0, 0, 0, , 0, 0, 0, 0, 0, 
687, 1, 681, 699, -1, 340, 230, 31.0, 11, ABarpaaaapp, 0, 0, 0, 0, , 0, 0, 0, 0, 0, 
