1, 1, 1, 653, -1, 284, 219, 27.0, 19, ABaraappaap, 9910, 0, 0, 0, , 0, 0, 0, 0, 0, 
2, 1, 2, 2, -1, 240, 213, 29.0, 15, ABaraappapp, 9734, 0, 0, 0, , 0, 0, 0, 0, 0, 
3, 1, 3, 3, -1, 280, 214, 28.0, 17, ABaraappapa, 8617, 0, 0, 0, , 0, 0, 0, 0, 0, 
4, 1, 4, 4, -1, 225, 212, 26.0, 17, ABaraapppaa, 6874, 0, 0, 0, , 0, 0, 0, 0, 0, 
5, 1, 5, 5, -1, 222, 230, 22.0, 13, ABaraappppp, 4893, 0, 0, 0, , 0, 0, 0, 0, 0, 
6, 1, 6, 6, -1, 254, 293, 22.0, 15, ABaraapappa, 8428, 0, 0, 0, , 0, 0, 0, 0, 0, 
7, 1, 7, 7, -1, 244, 282, 20.0, 15, ABaraapappp, 8056, 0, 0, 0, , 0, 0, 0, 0, 0, 
8, 1, 8, 8, -1, 248, 290, 28.0, 17, ABaraapapap, 5751, 0, 0, 0, , 0, 0, 0, 0, 0, 
9, 1, 9, 9, -1, 257, 287, 25.0, 17, ABaraapapaa, 9139, 0, 0, 0, , 0, 0, 0, 0, 0, 
10, 1, 10, 10, -1, 300, 233, 25.0, 15, ABaraapaaaa, 8747, 0, 0, 0, , 0, 0, 0, 0, 0, 
11, 1, 11, 11, -1, 298, 245, 26.0, 15, ABaraapaaap, 9104, 0, 0, 0, , 0, 0, 0, 0, 0, 
12, 0, 12, -1, -1, 287, 257, 31.0, 11, , 1659, 0, 0, 0, , 0, 0, 0, 0, 0, 
13, 1, 13, 13, -1, 299, 258, 28.0, 15, ABaraapaapa, 8126, 0, 0, 0, , 0, 0, 0, 0, 0, 
14, 1, 14, 14, -1, 294, 221, 17.0, 13, ABaraaappap, 3084, 0, 0, 0, , 0, 0, 0, 0, 0, 
15, 1, 15, 15, -1, 303, 217, 19.0, 13, ABaraaappaa, 3338, 0, 0, 0, , 0, 0, 0, 0, 0, 
16, 1, 16, 16, -1, 311, 211, 17.0, 15, ABaraaapppa, 8207, 0, 0, 0, , 0, 0, 0, 0, 0, 
17, 1, 17, 17, -1, 310, 209, 15.0, 13, ABaraaapppp, 7803, 0, 0, 0, , 0, 0, 0, 0, 0, 
18, 1, 18, 18, -1, 289, 217, 22.0, 15, ABaraaapaaa, 7915, 0, 0, 0, , 0, 0, 0, 0, 0, 
19, 1, 20, 19, -1, 241, 211, 27.0, 13, ABaraaapapp, 3444, 0, 0, 0, , 0, 0, 0, 0, 0, 
20, 1, 21, 20, -1, 279, 255, 22.0, 15, ABaraaaaaap, 5626, 0, 0, 0, , 0, 0, 0, 0, 0, 
21, 1, 22, 21, -1, 272, 221, 22.0, 11, ABaraaaaapp, 2614, 0, 0, 0, , 0, 0, 0, 0, 0, 
22, 1, 23, 22, -1, 287, 219, 20.0, 13, ABaraaaaapa, 4707, 0, 0, 0, , 0, 0, 0, 0, 0, 
23, 1, 24, 23, -1, 272, 245, 28.0, 13, ABaraaaapp, 3936, 0, 0, 0, , 0, 0, 0, 0, 0, 
24, 1, 25, 24, -1, 307, 225, 21.0, 13, ABaraaaapaa, 5052, 0, 0, 0, , 0, 0, 0, 0, 0, 
25, 1, 26, 25, -1, 213, 260, 19.0, 15, ABalpappapp, 4329, 0, 0, 0, , 0, 0, 0, 0, 0, 
26, 1, 27, 26, -1, 267, 244, 17.0, 11, ABalpappapa, 4335, 0, 0, 0, , 0, 0, 0, 0, 0, 
27, 1, 28, 27, -1, 250, 212, 19.0, 15, ABarapapaap, 8049, 0, 0, 0, , 0, 0, 0, 0, 0, 
28, 1, 641, 28, -1, 238, 241, 14.0, 13, ABprpapppaa, 4481, 0, 0, 0, , 0, 0, 0, 0, 0, 
29, 1, 30, 29, -1, 246, 203, 22.0, 15, ABarapappaa, 11340, 0, 0, 0, , 0, 0, 0, 0, 0, 
30, 0, 31, -1, -1, 272, 230, 15.0, 13, , 7528, 0, 0, 0, , 0, 0, 0, 0, 0, 
31, 1, 32, 31, -1, 257, 233, 17.0, 13, ABarapaaapp, 7137, 0, 0, 0, , 0, 0, 0, 0, 0, 
32, 1, 33, 642, -1, 263, 223, 18.0, 15, ABarapaaapa, 6687, 0, 0, 0, , 0, 0, 0, 0, 0, 
33, 1, 34, 33, -1, 264, 226, 20.0, 15, ABarapaaaap, 21154, 0, 0, 0, , 0, 0, 0, 0, 0, 
34, 1, 35, 34, -1, 263, 211, 22.0, 15, ABarapaapap, 9275, 0, 0, 0, , 0, 0, 0, 0, 0, 
35, 1, 36, 35, -1, 264, 213, 26.0, 11, ABarapaapaa, 9424, 0, 0, 0, , 0, 0, 0, 0, 0, 
36, 1, 37, 36, -1, 249, 208, 25.0, 14, ABarapaappa, 5575, 0, 0, 0, , 0, 0, 0, 0, 0, 
37, 1, 38, 37, -1, 263, 219, 11.0, 11, ABarapppapa, 4446, 0, 0, 0, , 0, 0, 0, 0, 0, 
38, 1, 39, 38, -1, 281, 215, 10.0, 13, ABarapppapp, 6376, 0, 0, 0, , 0, 0, 0, 0, 0, 
39, 1, 40, 39, -1, 297, 197, 16.0, 15, ABarapppaaa, 5702, 0, 0, 0, , 0, 0, 0, 0, 0, 
40, 1, 41, 40, -1, 303, 193, 12.0, 15, ABarapppaap, 7411, 0, 0, 0, , 0, 0, 0, 0, 0, 
41, 1, 42, 41, -1, 284, 193, 16.0, 11, ABarappppap, 5764, 0, 0, 0, , 0, 0, 0, 0, 0, 
42, 0, 43, -1, -1, 268, 180, 19.0, 9, , 1564, 0, 0, 0, , 0, 0, 0, 0, 0, 
43, 1, 44, 43, -1, 267, 212, 14.0, 13, ABarapppppa, 5051, 0, 0, 0, , 0, 0, 0, 0, 0, 
44, 1, 45, 44, -1, 280, 208, 15.0, 13, ABarapppppp, 4496, 0, 0, 0, , 0, 0, 0, 0, 0, 
45, 1, 46, 45, -1, 271, 232, 11.0, 15, ABarappaaap, 6933, 0, 0, 0, , 0, 0, 0, 0, 0, 
46, 1, 47, 46, -1, 291, 213, 15.0, 14, ABarappaaaa, 5519, 0, 0, 0, , 0, 0, 0, 0, 0, 
47, 1, 49, 47, -1, 289, 236, 12.0, 11, ABalpapaaap, 3962, 0, 0, 0, , 0, 0, 0, 0, 0, 
48, 1, 50, 48, -1, 236, 235, 10.0, 17, ABarappapap, 8602, 0, 0, 0, , 0, 0, 0, 0, 0, 
49, 1, 51, 49, -1, 252, 234, 12.0, 13, ABarappapaa, 7464, 0, 0, 0, , 0, 0, 0, 0, 0, 
50, 1, 52, 50, -1, 198, 237, 12.0, 15, ABarappappp, 7577, 0, 0, 0, , 0, 0, 0, 0, 0, 
51, 1, 53, 51, -1, 193, 239, 14.0, 15, ABprpapppap, 3169, 0, 0, 0, , 0, 0, 0, 0, 0, 
52, 1, 54, 52, -1, 270, 161, 28.0, 15, ABarpapppa, 4712, 0, 0, 0, , 0, 0, 0, 0, 0, 
53, 1, 55, 53, -1, 294, 167, 30.0, 15, ABarpappap, 8424, 0, 0, 0, , 0, 0, 0, 0, 0, 
54, 1, 56, 54, -1, 310, 198, 29.0, 13, ABarpapaaap, 4413, 0, 0, 0, , 0, 0, 0, 0, 0, 
55, 1, 57, 55, -1, 277, 193, 28.0, 13, MSppaaap, 7197, 0, 0, 0, , 0, 0, 0, 0, 0, 
56, 1, 58, 56, -1, 302, 192, 30.0, 15, ABarpapaapp, 2617, 0, 0, 0, , 0, 0, 0, 0, 0, 
57, 1, 59, 57, -1, 302, 227, 35.0, 19, ABarpapapp, 7523, 0, 0, 0, , 0, 0, 0, 0, 0, 
58, 1, 60, 58, -1, 340, 201, 30.0, 15, ABarpapapa, 5785, 0, 0, 0, , 0, 0, 0, 0, 0, 
59, 1, 61, 59, -1, 307, 193, 35.0, 15, ABarpaapaa, 6152, 0, 0, 0, , 0, 0, 0, 0, 0, 
60, 1, 62, 60, -1, 348, 211, 24.0, 13, ABarpaaaaar, 5595, 0, 0, 0, , 0, 0, 0, 0, 0, 
61, 1, 63, 61, -1, 342, 212, 29.0, 15, ABarpaaaapa, 3926, 0, 0, 0, , 0, 0, 0, 0, 0, 
62, 1, 64, 62, -1, 325, 196, 33.0, 15, ABarpaaapp, 6957, 0, 0, 0, , 0, 0, 0, 0, 0, 
63, 1, 65, 63, -1, 342, 200, 26.0, 13, ABarpaaapaa, 3940, 0, 0, 0, , 0, 0, 0, 0, 0, 
64, 1, 66, 64, -1, 328, 186, 29.0, 15, ABarpaaapap, 7254, 0, 0, 0, , 0, 0, 0, 0, 0, 
65, 1, 67, 65, -1, 275, 334, 25.0, 13, ABarppaaap, 4729, 0, 0, 0, , 0, 0, 0, 0, 0, 
66, 1, 68, 66, -1, 238, 330, 28.0, 15, ABarppaapp, 6328, 0, 0, 0, , 0, 0, 0, 0, 0, 
67, 1, 69, 67, -1, 165, 361, 26.0, 15, ABarppappa, 6073, 0, 0, 0, , 0, 0, 0, 0, 0, 
68, 1, 70, 68, -1, 122, 365, 19.0, 15, ABarppappp, 4527, 0, 0, 0, , 0, 0, 0, 0, 0, 
69, 1, 71, 69, -1, 223, 348, 25.0, 17, ABarppapap, 6683, 0, 0, 0, , 0, 0, 0, 0, 0, 
70, 1, 72, 70, -1, 249, 342, 25.0, 15, ABarppapaa, 4706, 0, 0, 0, , 0, 0, 0, 0, 0, 
71, 1, 73, 71, -1, 117, 220, 27.0, 17, ABarpppppa, 7348, 0, 0, 0, , 0, 0, 0, 0, 0, 
72, 1, 74, 72, -1, 184, 185, 28.0, 13, ABarppppaa, 4367, 0, 0, 0, , 0, 0, 0, 0, 0, 
73, 1, 75, 73, -1, 163, 200, 30.0, 15, ABarppppap, 5391, 0, 0, 0, , 0, 0, 0, 0, 0, 
74, 1, 76, 74, -1, 210, 170, 28.0, 15, ABarpppaap, 5669, 0, 0, 0, , 0, 0, 0, 0, 0, 
75, 1, 77, 634, -1, 238, 190, 34.0, 17, ABarpppaaa, 2904, 0, 0, 0, , 0, 0, 0, 0, 0, 
76, 1, 78, 76, -1, 318, 208, 23.0, 11, ABalappppaa, 719, 0, 0, 0, , 0, 0, 0, 0, 0, 
77, 1, 79, 77, -1, 330, 190, 23.0, 9, ABalappppap, 1573, 0, 0, 0, , 0, 0, 0, 0, 0, 
78, 1, 80, 78, -1, 320, 224, 25.0, 9, ABalapppaaa, 1905, 0, 0, 0, , 0, 0, 0, 0, 0, 
79, 1, 81, 79, -1, 317, 206, 26.0, 11, ABalapppaap, 985, 0, 0, 0, , 0, 0, 0, 0, 0, 
80, 1, 82, 658, -1, 284, 186, 26.0, 15, ABalappapaa, 2896, 0, 0, 0, , 0, 0, 0, 0, 0, 
81, 1, 83, 81, -1, 321, 211, 25.0, 11, ABalappaaa, 3402, 0, 0, 0, , 0, 0, 0, 0, 0, 
82, 1, 84, 82, -1, 322, 183, 22.0, 13, ABalappappa, 2431, 0, 0, 0, , 0, 0, 0, 0, 0, 
83, 0, 85, -1, -1, 315, 186, 24.0, 11, , 997, 0, 0, 0, , 0, 0, 0, 0, 0, 
84, 1, 86, 84, -1, 329, 259, 27.0, 13, ABalapapppa, 2923, 0, 0, 0, , 0, 0, 0, 0, 0, 
85, 1, 87, 85, -1, 341, 254, 29.0, 15, ABalapapppp, 7057, 0, 0, 0, , 0, 0, 0, 0, 0, 
86, 1, 88, 86, -1, 337, 226, 22.0, 13, ABalapappaa, 2979, 0, 0, 0, , 0, 0, 0, 0, 0, 
87, 1, 89, 87, -1, 339, 227, 26.0, 13, ABalapappap, 6019, 0, 0, 0, , 0, 0, 0, 0, 0, 
88, 1, 90, 88, -1, 316, 231, 32.0, 11, ABalapapaa, 3521, 0, 0, 0, , 0, 0, 0, 0, 0, 
89, 1, 91, 89, -1, 309, 217, 30.0, 9, ABalapppapa, 566, 0, 0, 0, , 0, 0, 0, 0, 0, 
90, 1, 92, 90, -1, 322, 279, 27.0, 13, ABalapaaaap, 4435, 0, 0, 0, , 0, 0, 0, 0, 0, 
91, 1, 93, 91, -1, 326, 258, 25.0, 13, ABalapaaaaa, 5142, 0, 0, 0, , 0, 0, 0, 0, 0, 
92, 0, 94, -1, -1, 324, 242, 22.0, 13, , 2804, 0, 0, 0, , 0, 0, 0, 0, 0, 
93, 1, 95, 93, -1, 329, 256, 23.0, 13, ABalppppapa, 3980, 0, 0, 0, , 0, 0, 0, 0, 0, 
94, 0, 96, -1, -1, 342, 256, 19.0, 15, , 2440, 0, 0, 0, , 0, 0, 0, 0, 0, 
95, 1, 97, 95, -1, 341, 279, 20.0, 13, ABalapaapap, 4627, 0, 0, 0, , 0, 0, 0, 0, 0, 
96, 1, 98, 96, -1, 305, 198, 20.0, 15, ABalaapaaar, 11809, 0, 0, 0, , 0, 0, 0, 0, 0, 
97, 1, 99, 97, -1, 282, 198, 11.0, 11, ABalaapapa, 4585, 0, 0, 0, , 0, 0, 0, 0, 0, 
98, 1, 100, 98, -1, 310, 190, 15.0, 13, ABalaapaapp, 3064, 0, 0, 0, , 0, 0, 0, 0, 0, 
99, 1, 101, 99, -1, 311, 186, 17.0, 13, ABalaapaapa, 4195, 0, 0, 0, , 0, 0, 0, 0, 0, 
100, 1, 102, 100, -1, 300, 171, 13.0, 11, ABalaappaa, 2745, 0, 0, 0, , 0, 0, 0, 0, 0, 
101, 1, 103, 101, -1, 304, 179, 20.0, 11, ABalaappppp, 3534, 0, 0, 0, , 0, 0, 0, 0, 0, 
102, 1, 43, 102, -1, 285, 183, 18.0, 13, ABarappppaa, 7429, 0, 0, 0, , 0, 0, 0, 0, 0, 
103, 1, 105, 103, -1, 268, 166, 17.0, 11, ABalaapppaa, 3606, 0, 0, 0, , 0, 0, 0, 0, 0, 
104, 1, 106, 104, -1, 338, 237, 14.0, 13, ABalaaaalpp, 4055, 0, 0, 0, , 0, 0, 0, 0, 0, 
105, 1, 107, 105, -1, 341, 242, 16.0, 13, ABalaaaalpa, 4475, 0, 0, 0, , 0, 0, 0, 0, 0, 
106, 1, 108, 106, -1, 324, 206, 20.0, 13, ABalaaaarrp, 3804, 0, 0, 0, , 0, 0, 0, 0, 0, 
107, 1, 109, 107, -1, 319, 197, 17.0, 13, ABalaaaarra, 3540, 0, 0, 0, , 0, 0, 0, 0, 0, 
108, 1, 110, 108, -1, 331, 219, 19.0, 11, ABalaaaarlp, 4038, 0, 0, 0, , 0, 0, 0, 0, 0, 
109, 1, 111, 109, -1, 339, 227, 17.0, 13, ABalaaaarla, 5617, 0, 0, 0, , 0, 0, 0, 0, 0, 
110, 1, 112, 110, -1, 327, 196, 18.0, 13, ABalaaapplr, 4119, 0, 0, 0, , 0, 0, 0, 0, 0, 
111, 1, 113, 111, -1, 299, 195, 23.0, 15, ABalaaapprr, 5079, 0, 0, 0, , 0, 0, 0, 0, 0, 
112, 1, 114, 112, -1, 309, 173, 16.0, 17, ABalaaapprl, 4577, 0, 0, 0, , 0, 0, 0, 0, 0, 
113, 1, 115, 113, -1, 328, 212, 27.0, 11, ABalappaapa, 1560, 0, 0, 0, , 0, 0, 0, 0, 0, 
114, 1, 116, 114, -1, 152, 301, 11.0, 13, ABplppppapa, 3753, 0, 0, 0, , 0, 0, 0, 0, 0, 
115, 1, 117, 115, -1, 124, 292, 11.0, 17, ABplpppapap, 6687, 0, 0, 0, , 0, 0, 0, 0, 0, 
116, 1, 118, 116, -1, 137, 294, 12.0, 13, ABplppppapp, 4481, 0, 0, 0, , 0, 0, 0, 0, 0, 
117, 1, 119, 117, -1, 146, 305, 15.0, 11, ABplppppaaa, 3946, 0, 0, 0, , 0, 0, 0, 0, 0, 
118, 1, 120, 118, -1, 135, 304, 16.0, 13, ABplppppaap, 3296, 0, 0, 0, , 0, 0, 0, 0, 0, 
119, 1, 121, 119, -1, 86, 313, 13.0, 13, ABplppppppp, 4319, 0, 0, 0, , 0, 0, 0, 0, 0, 
120, 1, 122, 120, -1, 93, 306, 11.0, 15, ABplppppppa, 3133, 0, 0, 0, , 0, 0, 0, 0, 0, 
121, 1, 123, 121, -1, 132, 328, 18.0, 15, ABplpppppap, 5008, 0, 0, 0, , 0, 0, 0, 0, 0, 
122, 1, 124, 122, -1, 140, 317, 18.0, 15, ABplpppppaa, 5804, 0, 0, 0, , 0, 0, 0, 0, 0, 
123, 1, 125, 123, -1, 129, 311, 10.0, 13, ABplpppapaa, 4070, 0, 0, 0, , 0, 0, 0, 0, 0, 
124, 1, 126, 124, -1, 123, 321, 13.0, 13, ABplpppaapp, 4589, 0, 0, 0, , 0, 0, 0, 0, 0, 
125, 1, 127, 125, -1, 162, 310, 11.0, 15, ABplpppaaaa, 5919, 0, 0, 0, , 0, 0, 0, 0, 0, 
126, 1, 128, 126, -1, 164, 322, 14.0, 15, ABplpppaaap, 5407, 0, 0, 0, , 0, 0, 0, 0, 0, 
127, 1, 129, 127, -1, 166, 307, 14.0, 13, ABplppapppp, 4443, 0, 0, 0, , 0, 0, 0, 0, 0, 
128, 1, 130, 128, -1, 175, 294, 15.0, 13, ABplppapppa, 4113, 0, 0, 0, , 0, 0, 0, 0, 0, 
129, 1, 131, 129, -1, 192, 290, 17.0, 15, ABplppappap, 5627, 0, 0, 0, , 0, 0, 0, 0, 0, 
130, 1, 132, 130, -1, 206, 290, 16.0, 13, ABplppappaa, 4319, 0, 0, 0, , 0, 0, 0, 0, 0, 
131, 1, 133, 131, -1, 187, 295, 15.0, 13, ABplppapapa, 5831, 0, 0, 0, , 0, 0, 0, 0, 0, 
132, 1, 134, 132, -1, 178, 314, 15.0, 13, ABplppapapp, 5113, 0, 0, 0, , 0, 0, 0, 0, 0, 
133, 1, 135, 133, -1, 204, 277, 15.0, 11, ABplppaappa, 3974, 0, 0, 0, , 0, 0, 0, 0, 0, 
134, 1, 136, 134, -1, 176, 291, 12.0, 13, ABplppaappp, 6689, 0, 0, 0, , 0, 0, 0, 0, 0, 
135, 0, 137, -1, -1, 269, 298, 11.0, 13, , 1232, 0, 0, 0, , 0, 0, 0, 0, 0, 
136, 1, 139, 135, -1, 250, 250, 13.0, 13, ABplpappaaa, 5702, 0, 0, 0, , 0, 0, 0, 0, 0, 
137, 1, 140, 136, -1, 205, 270, 19.0, 13, MSaappaa, 2643, 0, 0, 0, , 0, 0, 0, 0, 0, 
138, 1, 141, 137, -1, 123, 291, 15.0, 13, ABplpappppp, 3953, 0, 0, 0, , 0, 0, 0, 0, 0, 
139, 1, 142, 138, -1, 143, 285, 16.0, 13, ABplpappppa, 3430, 0, 0, 0, , 0, 0, 0, 0, 0, 
140, 1, 143, 139, -1, 153, 289, 14.0, 13, ABplpapppaa, 3157, 0, 0, 0, , 0, 0, 0, 0, 0, 
141, 1, 144, 140, -1, 143, 269, 14.0, 13, ABplpapppap, 3820, 0, 0, 0, , 0, 0, 0, 0, 0, 
142, 1, 145, 141, -1, 215, 288, 13.0, 13, ABplpapappa, 3400, 0, 0, 0, , 0, 0, 0, 0, 0, 
143, 1, 146, 142, -1, 177, 277, 15.0, 9, ABplpapappp, 2512, 0, 0, 0, , 0, 0, 0, 0, 0, 
144, 1, 147, 143, -1, 238, 291, 13.0, 15, ABplpapapap, 3587, 0, 0, 0, , 0, 0, 0, 0, 0, 
145, 1, 148, 144, -1, 241, 283, 15.0, 15, ABplpapapaa, 5015, 0, 0, 0, , 0, 0, 0, 0, 0, 
146, 1, 149, 145, -1, 274, 267, 13.0, 13, ABplpapaapa, 2388, 0, 0, 0, , 0, 0, 0, 0, 0, 
147, 1, 150, 146, -1, 265, 278, 12.0, 11, ABplpapaapp, 3234, 0, 0, 0, , 0, 0, 0, 0, 0, 
148, 1, 151, 147, -1, 249, 278, 12.0, 13, ABplpapaaap, 3241, 0, 0, 0, , 0, 0, 0, 0, 0, 
149, 1, 152, 148, -1, 255, 270, 14.0, 15, ABplpapaaaa, 4055, 0, 0, 0, , 0, 0, 0, 0, 0, 
150, 1, 153, 149, -1, 200, 308, 16.0, 13, ABplppapaap, 4433, 0, 0, 0, , 0, 0, 0, 0, 0, 
151, 1, 154, 150, -1, 222, 274, 10.0, 15, ABplpaaaapa, 9142, 0, 0, 0, , 0, 0, 0, 0, 0, 
152, 1, 155, 151, -1, 321, 275, 16.0, 13, ABplpaaaaaa, 6446, 0, 0, 0, , 0, 0, 0, 0, 0, 
153, 1, 156, 152, -1, 307, 277, 14.0, 13, ABplpaaapap, 5995, 0, 0, 0, , 0, 0, 0, 0, 0, 
154, 1, 157, 153, -1, 317, 260, 13.0, 13, ABplpaaapaa, 7572, 0, 0, 0, , 0, 0, 0, 0, 0, 
155, 0, -1, -1, -1, 298, 288, 16.0, 9, , 623, 0, 0, 0, , 0, 0, 0, 0, 0, 
156, 1, 159, 155, -1, 278, 320, 20.0, 17, ABplpaappap, 6164, 0, 0, 0, , 0, 0, 0, 0, 0, 
157, 1, 160, 156, -1, 273, 309, 21.0, 13, ABplpaappaa, 5414, 0, 0, 0, , 0, 0, 0, 0, 0, 
158, 1, 161, 157, -1, 285, 280, 15.0, 15, ABplpaaappp, 7150, 0, 0, 0, , 0, 0, 0, 0, 0, 
159, 1, 162, 158, -1, 308, 276, 11.0, 15, ABplpaapapp, 12111, 0, 0, 0, , 0, 0, 0, 0, 0, 
160, 1, 163, 159, -1, 287, 267, 10.0, 15, ABplpaapppp, 5729, 0, 0, 0, , 0, 0, 0, 0, 0, 
161, 1, 164, 160, -1, 285, 308, 18.0, 15, ABplpaapaap, 4643, 0, 0, 0, , 0, 0, 0, 0, 0, 
162, 1, 165, 161, -1, 314, 279, 20.0, 13, ABplpaapaaa, 6091, 0, 0, 0, , 0, 0, 0, 0, 0, 
163, 1, 166, 162, -1, 353, 278, 19.0, 15, ABplpaapapa, 7050, 0, 0, 0, , 0, 0, 0, 0, 0, 
164, 0, -1, -1, -1, 266, 309, 11.0, 15, , 5055, 0, 0, 0, , 0, 0, 0, 0, 0, 
165, 0, 168, -1, -1, 271, 311, 14.0, 13, , 2428, 0, 0, 0, , 0, 0, 0, 0, 0, 
166, 1, 169, 165, -1, 247, 330, 16.0, 13, ABplaapppp, 7441, 0, 0, 0, , 0, 0, 0, 0, 0, 
167, 1, 170, 166, -1, 349, 212, 21.0, 13, ABplaapaaaa, 5189, 0, 0, 0, , 0, 0, 0, 0, 0, 
168, 1, 171, 167, -1, 355, 234, 24.0, 15, ABplaapaaap, 4749, 0, 0, 0, , 0, 0, 0, 0, 0, 
169, 1, 172, 168, -1, 341, 269, 23.0, 13, ABplaapaapa, 4917, 0, 0, 0, , 0, 0, 0, 0, 0, 
170, 1, 173, 169, -1, 330, 281, 23.0, 19, ABplaapaapp, 8363, 0, 0, 0, , 0, 0, 0, 0, 0, 
171, 1, 174, 170, -1, 294, 315, 26.0, 15, ABplaapappp, 5203, 0, 0, 0, , 0, 0, 0, 0, 0, 
172, 1, 175, 171, -1, 298, 294, 28.0, 15, ABplaapappa, 3576, 0, 0, 0, , 0, 0, 0, 0, 0, 
173, 1, 176, 172, -1, 274, 310, 27.0, 13, ABplaapapap, 5375, 0, 0, 0, , 0, 0, 0, 0, 0, 
174, 1, 177, 173, -1, 284, 300, 25.0, 13, ABplaapapaa, 4981, 0, 0, 0, , 0, 0, 0, 0, 0, 
175, 1, 178, 174, -1, 322, 252, 31.0, 17, ABplaaaaapp, 4956, 0, 0, 0, , 0, 0, 0, 0, 0, 
176, 1, 179, 175, -1, 311, 275, 28.0, 13, MSapaaap, 3942, 0, 0, 0, , 0, 0, 0, 0, 0, 
177, 0, 180, -1, -1, 345, 227, 30.0, 9, , 4127, 0, 0, 0, , 0, 0, 0, 0, 0, 
178, 1, 181, 177, -1, 341, 240, 28.0, 15, ABplaaaaaap, 7591, 0, 0, 0, , 0, 0, 0, 0, 0, 
179, 1, 182, 178, -1, 323, 229, 35.0, 19, ABplaaaapp, 4726, 0, 0, 0, , 0, 0, 0, 0, 0, 
180, 0, 183, -1, -1, 331, 286, 30.0, 13, , 1209, 0, 0, 0, , 0, 0, 0, 0, 0, 
181, 1, 184, 180, -1, 313, 303, 29.0, 13, ABplaaappp, 3898, 0, 0, 0, , 0, 0, 0, 0, 0, 
182, 1, 185, 181, -1, 346, 277, 27.0, 15, ABplaaapap, 7610, 0, 0, 0, , 0, 0, 0, 0, 0, 
183, 1, 186, 182, -1, 352, 257, 26.0, 15, ABplaaapaa, 5646, 0, 0, 0, , 0, 0, 0, 0, 0, 
184, 1, 187, 183, -1, 141, 318, 10.0, 17, ABplappppa, 6888, 0, 0, 0, , 0, 0, 0, 0, 0, 
185, 1, 188, 184, -1, 93, 328, 12.0, 13, ABplappppp, 4956, 0, 0, 0, , 0, 0, 0, 0, 0, 
186, 1, 189, 185, -1, 124, 352, 16.0, 15, ABplapppaaa, 3686, 0, 0, 0, , 0, 0, 0, 0, 0, 
187, 1, 190, 186, -1, 111, 328, 13.0, 13, ABplapppapp, 1990, 0, 0, 0, , 0, 0, 0, 0, 0, 
188, 1, 191, 187, -1, 108, 333, 11.0, 11, ABplapppapa, 3953, 0, 0, 0, , 0, 0, 0, 0, 0, 
189, 1, 192, 188, -1, 207, 339, 20.0, 15, ABplappaaa, 8097, 0, 0, 0, , 0, 0, 0, 0, 0, 
190, 1, 193, 189, -1, 185, 346, 20.0, 15, ABplappaap, 8684, 0, 0, 0, , 0, 0, 0, 0, 0, 
191, 1, 194, 190, -1, 165, 349, 19.0, 15, ABplappapp, 8675, 0, 0, 0, , 0, 0, 0, 0, 0, 
192, 1, 195, 191, -1, 188, 356, 26.0, 15, ABplappapa, 7072, 0, 0, 0, , 0, 0, 0, 0, 0, 
193, 1, 196, 192, -1, 221, 334, 17.0, 15, ABplapaapp, 9598, 0, 0, 0, , 0, 0, 0, 0, 0, 
194, 1, 197, 193, -1, 241, 310, 11.0, 15, ABplapaapa, 8256, 0, 0, 0, , 0, 0, 0, 0, 0, 
195, 1, 198, 194, -1, 296, 295, 33.0, 13, ABarppaaaa, 2807, 0, 0, 0, , 0, 0, 0, 0, 0, 
196, 1, 199, 195, -1, 247, 328, 24.0, 15, ABplapaaapp, 5917, 0, 0, 0, , 0, 0, 0, 0, 0, 
197, 1, 200, 196, -1, 108, 361, 17.0, 13, ABplapapppa, 3475, 0, 0, 0, , 0, 0, 0, 0, 0, 
198, 1, 201, 197, -1, 99, 338, 15.0, 15, ABplapapppp, 4906, 0, 0, 0, , 0, 0, 0, 0, 0, 
199, 1, 202, 198, -1, 151, 354, 16.0, 17, ABplapapap, 7517, 0, 0, 0, , 0, 0, 0, 0, 0, 
200, 1, 203, 199, -1, 143, 343, 13.0, 17, ABplapappa, 8064, 0, 0, 0, , 0, 0, 0, 0, 0, 
201, 1, 204, 200, -1, 147, 370, 22.0, 14, ABplapapaa, 5109, 0, 0, 0, , 0, 0, 0, 0, 0, 
202, 1, 205, 201, -1, 235, 230, 14.0, 13, ABprpapaaaa, 3862, 0, 0, 0, , 0, 0, 0, 0, 0, 
203, 1, 206, 202, -1, 232, 216, 12.0, 13, ABprpapaapp, 3707, 0, 0, 0, , 0, 0, 0, 0, 0, 
204, 1, 207, 203, -1, 202, 244, 15.0, 14, ABprpapappa, 3046, 0, 0, 0, , 0, 0, 0, 0, 0, 
205, 1, 208, 204, -1, 165, 282, 15.0, 13, ABprpapappp, 2993, 0, 0, 0, , 0, 0, 0, 0, 0, 
206, 1, 209, 205, -1, 211, 226, 13.0, 11, ABprpapapap, 3827, 0, 0, 0, , 0, 0, 0, 0, 0, 
207, 1, 210, 206, -1, 218, 234, 15.0, 15, ABprpapapaa, 4104, 0, 0, 0, , 0, 0, 0, 0, 0, 
208, 0, 211, -1, -1, 111, 310, 17.0, 17, , 7141, 0, 0, 0, , 0, 0, 0, 0, 0, 
209, 1, 212, 208, -1, 121, 282, 18.0, 17, ABprpappppa, 7235, 0, 0, 0, , 0, 0, 0, 0, 0, 
210, 1, 213, 209, -1, 186, 274, 15.0, 11, ABprpappapp, 3352, 0, 0, 0, , 0, 0, 0, 0, 0, 
211, 1, 214, 210, -1, 224, 252, 11.0, 13, ABprpappaap, 6215, 0, 0, 0, , 0, 0, 0, 0, 0, 
212, 1, 215, 211, -1, 263, 242, 12.0, 11, ABprpappaaa, 2081, 0, 0, 0, , 0, 0, 0, 0, 0, 
213, 1, 216, 212, -1, 240, 178, 17.0, 13, ABprpaaaaap, 4466, 0, 0, 0, , 0, 0, 0, 0, 0, 
214, 1, 217, 213, -1, 252, 177, 19.0, 13, ABpraaappaa, 4172, 0, 0, 0, , 0, 0, 0, 0, 0, 
215, 1, 218, 214, -1, 174, 255, 13.0, 13, ABprpaaaapp, 6045, 0, 0, 0, , 0, 0, 0, 0, 0, 
216, 1, 219, 215, -1, 211, 245, 10.0, 15, ABprpaaaapa, 5992, 0, 0, 0, , 0, 0, 0, 0, 0, 
217, 0, 220, -1, -1, 269, 193, 17.0, 15, , 3371, 0, 0, 0, , 0, 0, 0, 0, 0, 
218, 1, 221, 217, -1, 245, 220, 13.0, 11, ABprpapaapa, 3734, 0, 0, 0, , 0, 0, 0, 0, 0, 
219, 1, 222, 218, -1, 247, 203, 16.0, 11, ABprpaaappp, 9567, 0, 0, 0, , 0, 0, 0, 0, 0, 
220, 1, 223, 219, -1, 285, 190, 13.0, 13, ABprpaaapaa, 5145, 0, 0, 0, , 0, 0, 0, 0, 0, 
221, 1, 224, 220, -1, 265, 184, 14.0, 11, ABprpaaapap, 3124, 0, 0, 0, , 0, 0, 0, 0, 0, 
222, 1, 225, 221, -1, 223, 175, 18.0, 15, ABprpaapaap, 6626, 0, 0, 0, , 0, 0, 0, 0, 0, 
223, 1, 226, 222, -1, 289, 157, 21.0, 13, ABprpaapapa, 6437, 0, 0, 0, , 0, 0, 0, 0, 0, 
224, 1, 227, 223, -1, 257, 188, 12.0, 15, ABprpaapapp, 8397, 0, 0, 0, , 0, 0, 0, 0, 0, 
225, 1, 228, 224, -1, 254, 205, 11.0, 15, ABprpaapppp, 3602, 0, 0, 0, , 0, 0, 0, 0, 0, 
226, 1, 229, 225, -1, 208, 176, 19.0, 13, ABprpaappap, 4159, 0, 0, 0, , 0, 0, 0, 0, 0, 
227, 1, 230, 226, -1, 225, 179, 20.0, 15, ABprpaappaa, 6004, 0, 0, 0, , 0, 0, 0, 0, 0, 
228, 1, 231, 227, -1, 98, 257, 12.0, 13, ABprpppaapp, 5226, 0, 0, 0, , 0, 0, 0, 0, 0, 
229, 1, 232, 228, -1, 100, 262, 17.0, 13, ABprpppaapa, 4755, 0, 0, 0, , 0, 0, 0, 0, 0, 
230, 1, 233, 229, -1, 133, 240, 16.0, 15, ABprpppaaap, 6618, 0, 0, 0, , 0, 0, 0, 0, 0, 
231, 1, 234, 230, -1, 143, 257, 13.0, 17, ABprpppaaaa, 8433, 0, 0, 0, , 0, 0, 0, 0, 0, 
232, 1, 235, 231, -1, 111, 268, 11.0, 13, ABprpppapaa, 4390, 0, 0, 0, , 0, 0, 0, 0, 0, 
233, 1, 236, 232, -1, 103, 290, 10.0, 15, ABprpppapap, 8154, 0, 0, 0, , 0, 0, 0, 0, 0, 
234, 0, 237, -1, -1, 120, 297, 9.0, 11, , 3728, 0, 0, 0, , 0, 0, 0, 0, 0, 
235, 1, 238, 234, -1, 136, 259, 11.0, 15, ABprppppapa, 4900, 0, 0, 0, , 0, 0, 0, 0, 0, 
236, 1, 239, 235, -1, 128, 274, 12.0, 13, ABprppppapp, 4342, 0, 0, 0, , 0, 0, 0, 0, 0, 
237, 1, 240, 236, -1, 133, 267, 17.0, 13, ABprppppaaa, 4137, 0, 0, 0, , 0, 0, 0, 0, 0, 
238, 1, 241, 237, -1, 122, 274, 16.0, 13, ABprppppaap, 3660, 0, 0, 0, , 0, 0, 0, 0, 0, 
239, 1, 242, 238, -1, 89, 291, 11.0, 11, ABprppppppa, 3242, 0, 0, 0, , 0, 0, 0, 0, 0, 
240, 1, 243, 239, -1, 116, 256, 20.0, 15, ABprpppppaa, 5047, 0, 0, 0, , 0, 0, 0, 0, 0, 
241, 1, 244, 240, -1, 100, 261, 20.0, 13, ABprpppppap, 5241, 0, 0, 0, , 0, 0, 0, 0, 0, 
242, 1, 245, 241, -1, 214, 212, 13.0, 13, ABprppaapap, 4795, 0, 0, 0, , 0, 0, 0, 0, 0, 
243, 0, 246, -1, -1, 214, 221, 10.0, 15, , 8244, 0, 0, 0, , 0, 0, 0, 0, 0, 
244, 1, 247, 243, -1, 197, 259, 15.0, 13, ABprppaappa, 4112, 0, 0, 0, , 0, 0, 0, 0, 0, 
245, 1, 248, 244, -1, 167, 270, 13.0, 13, ABprppaappp, 4859, 0, 0, 0, , 0, 0, 0, 0, 0, 
246, 1, 249, 245, -1, 232, 201, 13.0, 15, ABprppaaaaa, 5821, 0, 0, 0, , 0, 0, 0, 0, 0, 
247, 1, 250, 246, -1, 216, 193, 14.0, 17, ABprppaaaap, 6911, 0, 0, 0, , 0, 0, 0, 0, 0, 
248, 1, 251, 648, -1, 209, 203, 11.0, 15, ABpraapppa, 3473, 0, 0, 0, , 0, 0, 0, 0, 0, 
249, 1, 252, 248, -1, 183, 229, 13.0, 15, ABprppapaaa, 4758, 0, 0, 0, , 0, 0, 0, 0, 0, 
250, 1, 253, 249, -1, 173, 243, 17.0, 13, ABprppapaap, 4384, 0, 0, 0, , 0, 0, 0, 0, 0, 
251, 1, 254, 250, -1, 166, 258, 16.0, 13, ABprppapapa, 2219, 0, 0, 0, , 0, 0, 0, 0, 0, 
252, 1, 255, 251, -1, 152, 249, 16.0, 13, ABprppapapp, 3403, 0, 0, 0, , 0, 0, 0, 0, 0, 
253, 1, 256, 252, -1, 160, 270, 15.0, 13, ABprppapppa, 4163, 0, 0, 0, , 0, 0, 0, 0, 0, 
254, 1, 257, 253, -1, 148, 250, 15.0, 19, ABprppapppp, 2759, 0, 0, 0, , 0, 0, 0, 0, 0, 
255, 1, 258, 254, -1, 188, 251, 17.0, 13, ABprppappaa, 3270, 0, 0, 0, , 0, 0, 0, 0, 0, 
256, 1, 259, 255, -1, 181, 263, 17.0, 13, ABprppappap, 2687, 0, 0, 0, , 0, 0, 0, 0, 0, 
257, 1, 260, 256, -1, 346, 193, 21.0, 15, ABpraapaaaa, 5494, 0, 0, 0, , 0, 0, 0, 0, 0, 
258, 1, 261, 257, -1, 327, 191, 26.0, 15, ABarpapaaaa, 4743, 0, 0, 0, , 0, 0, 0, 0, 0, 
259, 1, 262, 258, -1, 339, 181, 24.0, 13, ABpraapaaap, 5705, 0, 0, 0, , 0, 0, 0, 0, 0, 
260, 1, 263, 259, -1, 288, 168, 22.0, 13, ABpraapaapa, 5596, 0, 0, 0, , 0, 0, 0, 0, 0, 
261, 1, 264, 260, -1, 225, 179, 27.0, 13, ABpraapapap, 4931, 0, 0, 0, , 0, 0, 0, 0, 0, 
262, 1, 265, 261, -1, 233, 187, 25.0, 15, ABpraapapaa, 5824, 0, 0, 0, , 0, 0, 0, 0, 0, 
263, 1, 266, 262, -1, 237, 165, 25.0, 15, ABpraapappp, 6270, 0, 0, 0, , 0, 0, 0, 0, 0, 
264, 1, 267, 263, -1, 241, 183, 28.0, 13, ABpraapappa, 5341, 0, 0, 0, , 0, 0, 0, 0, 0, 
265, 1, 268, 264, -1, 188, 191, 19.0, 13, ABpraapppp, 4041, 0, 0, 0, , 0, 0, 0, 0, 0, 
266, 1, 269, 265, -1, 266, 189, 10.0, 15, ABpraappaa, 6781, 0, 0, 0, , 0, 0, 0, 0, 0, 
267, 1, 270, 266, -1, 293, 179, 24.0, 13, ABpraaapapa, 3824, 0, 0, 0, , 0, 0, 0, 0, 0, 
268, 1, 271, 267, -1, 305, 178, 22.0, 15, ABpraaapapp, 4759, 0, 0, 0, , 0, 0, 0, 0, 0, 
269, 1, 272, 268, -1, 262, 183, 24.0, 15, ABpraaapaad, 3106, 0, 0, 0, , 0, 0, 0, 0, 0, 
270, 1, 273, 269, -1, 274, 175, 24.0, 13, ABpraaapaav, 3706, 0, 0, 0, , 0, 0, 0, 0, 0, 
271, 1, 274, 270, -1, 243, 180, 22.0, 15, ABpraaappap, 4745, 0, 0, 0, , 0, 0, 0, 0, 0, 
272, 1, 275, 271, -1, 220, 174, 23.0, 17, ABpraaapppa, 5155, 0, 0, 0, , 0, 0, 0, 0, 0, 
273, 1, 276, 272, -1, 310, 164, 21.0, 15, ABpraaaaapd, 5769, 0, 0, 0, , 0, 0, 0, 0, 0, 
274, 1, 277, 273, -1, 305, 165, 19.0, 15, ABpraaaaapv, 4988, 0, 0, 0, , 0, 0, 0, 0, 0, 
275, 1, 278, 274, -1, 283, 165, 17.0, 13, ABpraaaaaaa, 4426, 0, 0, 0, , 0, 0, 0, 0, 0, 
276, 1, 279, 275, -1, 290, 180, 11.0, 15, ABpraaaaaap, 4031, 0, 0, 0, , 0, 0, 0, 0, 0, 
277, 1, 280, 276, -1, 259, 172, 16.0, 15, ABpraaaapav, 5025, 0, 0, 0, , 0, 0, 0, 0, 0, 
278, 1, 281, 277, -1, 277, 168, 13.0, 13, ABpraaaapad, 11823, 0, 0, 0, , 0, 0, 0, 0, 0, 
279, 1, 282, 278, -1, 255, 168, 25.0, 11, ABpraaaappa, 4165, 0, 0, 0, , 0, 0, 0, 0, 0, 
280, 1, 283, 279, -1, 256, 171, 27.0, 13, ABpraaaappp, 3698, 0, 0, 0, , 0, 0, 0, 0, 0, 
281, 1, 284, 280, -1, 125, 227, 20.0, 15, ABprappapp, 9087, 0, 0, 0, , 0, 0, 0, 0, 0, 
282, 1, 285, 281, -1, 139, 209, 28.0, 15, ABprappapa, 6563, 0, 0, 0, , 0, 0, 0, 0, 0, 
283, 1, 286, 282, -1, 144, 219, 20.0, 15, ABprappaap, 7524, 0, 0, 0, , 0, 0, 0, 0, 0, 
284, 1, 287, 283, -1, 160, 212, 22.0, 17, ABprappaaa, 6769, 0, 0, 0, , 0, 0, 0, 0, 0, 
285, 1, 288, 284, -1, 79, 249, 15.0, 13, ABprapppaap, 4327, 0, 0, 0, , 0, 0, 0, 0, 0, 
286, 1, 289, 285, -1, 90, 248, 17.0, 15, ABprapppaaa, 7994, 0, 0, 0, , 0, 0, 0, 0, 0, 
287, 1, 290, 286, -1, 91, 267, 14.0, 13, ABprapppapp, 3645, 0, 0, 0, , 0, 0, 0, 0, 0, 
288, 1, 291, 287, -1, 83, 260, 11.0, 11, ABprapppapa, 3814, 0, 0, 0, , 0, 0, 0, 0, 0, 
289, 1, 292, 288, -1, 76, 273, 12.0, 17, ABprappppp, 9979, 0, 0, 0, , 0, 0, 0, 0, 0, 
290, 1, 293, 289, -1, 115, 258, 10.0, 17, ABprappppa, 7352, 0, 0, 0, , 0, 0, 0, 0, 0, 
291, 1, 294, 290, -1, 201, 186, 25.0, 15, ABprapaaapa, 7445, 0, 0, 0, , 0, 0, 0, 0, 0, 
292, 1, 295, 291, -1, 188, 198, 26.0, 13, ABprapaaapp, 5514, 0, 0, 0, , 0, 0, 0, 0, 0, 
293, 1, 296, 292, -1, 223, 184, 31.0, 17, ABprapaaaap, 6523, 0, 0, 0, , 0, 0, 0, 0, 0, 
294, 0, 297, -1, -1, 247, 174, 34.0, 9, , 989, 0, 0, 0, , 0, 0, 0, 0, 0, 
295, 1, 298, 293, -1, 171, 208, 19.0, 15, ABprapaapp, 10462, 0, 0, 0, , 0, 0, 0, 0, 0, 
296, 1, 299, 294, -1, 195, 224, 11.0, 15, ABprapaapa, 7290, 0, 0, 0, , 0, 0, 0, 0, 0, 
297, 1, 300, 295, -1, 107, 238, 13.0, 15, ABprapappa, 6322, 0, 0, 0, , 0, 0, 0, 0, 0, 
298, 1, 301, 296, -1, 74, 269, 16.0, 13, ABprapapppp, 4304, 0, 0, 0, , 0, 0, 0, 0, 0, 
299, 1, 302, 297, -1, 73, 247, 18.0, 13, ABprapapppa, 4023, 0, 0, 0, , 0, 0, 0, 0, 0, 
300, 1, 303, 298, -1, 113, 227, 17.0, 15, ABprapapap, 7827, 0, 0, 0, , 0, 0, 0, 0, 0, 
301, 1, 304, 299, -1, 95, 232, 25.0, 19, ABprapapaa, 17105, 0, 0, 0, , 0, 0, 0, 0, 0, 
302, 1, 305, 300, -1, 253, 193, 32.0, 13, MSppppap, 2728, 0, 0, 0, , 0, 0, 0, 0, 0, 
303, 1, 306, 301, -1, 231, 196, 22.0, 11, MSppppaa, 2566, 0, 0, 0, , 0, 0, 0, 0, 0, 
304, 1, 307, 302, -1, 266, 207, 34.0, 17, MSpppppa, 4645, 0, 0, 0, , 0, 0, 0, 0, 0, 
305, 1, 308, 303, -1, 230, 221, 34.0, 17, MSpppppp, 18638, 0, 0, 0, , 0, 0, 0, 0, 0, 
306, 1, 309, 304, -1, 257, 194, 28.0, 13, MSpppaaa, 2853, 0, 0, 0, , 0, 0, 0, 0, 0, 
307, 1, 310, 305, -1, 127, 247, 23.0, 14, MSpppaap, 1794, 0, 0, 0, , 0, 0, 0, 0, 0, 
308, 1, 311, 306, -1, 223, 226, 12.0, 13, ABprpapaaap, 3000, 0, 0, 0, , 0, 0, 0, 0, 0, 
309, 1, 312, 307, -1, 142, 288, 19.0, 15, MSppaapp, 5967, 0, 0, 0, , 0, 0, 0, 0, 0, 
310, 1, 313, 308, -1, 261, 195, 22.0, 9, MSppaapa, 2245, 0, 0, 0, , 0, 0, 0, 0, 0, 
311, 0, 314, -1, -1, 278, 201, 21.0, 13, , 4148, 0, 0, 0, , 0, 0, 0, 0, 0, 
312, 0, 315, -1, -1, 285, 184, 30.0, 11, , 3372, 0, 0, 0, , 0, 0, 0, 0, 0, 
313, 1, 316, 311, -1, 205, 199, 28.0, 14, MSppapaa, 3696, 0, 0, 0, , 0, 0, 0, 0, 0, 
314, 1, 317, 312, -1, 254, 191, 18.0, 13, MSppapap, 3941, 0, 0, 0, , 0, 0, 0, 0, 0, 
315, 1, 318, 313, -1, 197, 258, 22.0, 13, MSpapappp, 3326, 0, 0, 0, , 0, 0, 0, 0, 0, 
316, 1, 319, 314, -1, 209, 242, 23.0, 13, MSpapapaa, 8246, 0, 0, 0, , 0, 0, 0, 0, 0, 
317, 1, 320, 315, -1, 209, 234, 19.0, 13, MSpapaaap, 4348, 0, 0, 0, , 0, 0, 0, 0, 0, 
318, 1, 321, 316, -1, 193, 231, 25.0, 17, MSpapaapp, 20951, 0, 0, 0, , 0, 0, 0, 0, 0, 
319, 1, 322, 317, -1, 172, 328, 20.0, 15, MSpappaa, 5499, 0, 0, 0, , 0, 0, 0, 0, 0, 
320, 1, 323, 318, -1, 168, 239, 21.0, 13, MSpappppa, 2892, 0, 0, 0, , 0, 0, 0, 0, 0, 
321, 1, 324, 319, -1, 150, 243, 21.0, 15, MSpappppp, 7357, 0, 0, 0, , 0, 0, 0, 0, 0, 
322, 1, 325, 320, -1, 231, 242, 33.0, 17, MSpaaappp, 5116, 0, 0, 0, , 0, 0, 0, 0, 0, 
323, 1, 326, 321, -1, 242, 262, 32.0, 13, MSpaaapaa, 3770, 0, 0, 0, , 0, 0, 0, 0, 0, 
324, 1, 327, 322, -1, 220, 259, 32.0, 13, MSpaaapap, 3399, 0, 0, 0, , 0, 0, 0, 0, 0, 
325, 1, 328, 323, -1, 277, 218, 31.0, 17, MSpaaaapa, 4282, 0, 0, 0, , 0, 0, 0, 0, 0, 
326, 1, 329, 324, -1, 258, 220, 31.0, 15, MSpaaaapp, 5798, 0, 0, 0, , 0, 0, 0, 0, 0, 
327, 1, 330, 325, -1, 280, 240, 34.0, 17, MSpaaaaaa, 8952, 0, 0, 0, , 0, 0, 0, 0, 0, 
328, 1, 331, 326, -1, 263, 242, 34.0, 13, MSpaaaaap, 4029, 0, 0, 0, , 0, 0, 0, 0, 0, 
329, 1, 332, 327, -1, 219, 210, 23.0, 15, ABaraappppa, 5318, 0, 0, 0, , 0, 0, 0, 0, 0, 
330, 1, 333, 328, -1, 221, 214, 29.0, 17, ABaraapppap, 7411, 0, 0, 0, , 0, 0, 0, 0, 0, 
331, 1, 334, 329, -1, 229, 238, 31.0, 13, MSpaapaap, 3765, 0, 0, 0, , 0, 0, 0, 0, 0, 
332, 1, 335, 330, -1, 251, 238, 31.0, 15, MSpaaappa, 10265, 0, 0, 0, , 0, 0, 0, 0, 0, 
333, 1, 336, 331, -1, 242, 231, 29.0, 13, MSpaapaaa, 3619, 0, 0, 0, , 0, 0, 0, 0, 0, 
334, 1, 337, 332, -1, 264, 294, 19.0, 14, MSapppaa, 1343, 0, 0, 0, , 0, 0, 0, 0, 0, 
335, 1, 338, 333, -1, 265, 300, 31.0, 15, MSapppap, 3029, 0, 0, 0, , 0, 0, 0, 0, 0, 
336, 1, 339, 334, -1, 275, 271, 35.0, 13, MSappppa, 7067, 0, 0, 0, , 0, 0, 0, 0, 0, 
337, 1, 340, 335, -1, 237, 286, 34.0, 19, MSappppp, 13906, 0, 0, 0, , 0, 0, 0, 0, 0, 
338, 1, 341, 336, -1, 149, 332, 21.0, 13, MSappaap, 2897, 0, 0, 0, , 0, 0, 0, 0, 0, 
339, 1, 342, 337, -1, 281, 285, 30.0, 13, MSappaaa, 3210, 0, 0, 0, , 0, 0, 0, 0, 0, 
340, 0, 343, -1, -1, 275, 289, 17.0, 9, , 1709, 0, 0, 0, , 0, 0, 0, 0, 0, 
341, 0, 344, -1, -1, 259, 293, 15.0, 11, , 1900, 0, 0, 0, , 0, 0, 0, 0, 0, 
342, 1, 345, 340, -1, 268, 272, 30.0, 14, ABaraapaapp, 2371, 0, 0, 0, , 0, 0, 0, 0, 0, 
343, 1, 346, 341, -1, 307, 250, 33.0, 17, MSapappp, 6642, 0, 0, 0, , 0, 0, 0, 0, 0, 
344, 1, 347, 342, -1, 254, 311, 26.0, 14, MSapapaa, 2572, 0, 0, 0, , 0, 0, 0, 0, 0, 
345, 1, 348, 343, -1, 158, 275, 19.0, 15, MSapaapp, 6150, 0, 0, 0, , 0, 0, 0, 0, 0, 
346, 1, 349, 344, -1, 289, 286, 18.0, 14, MSapapap, 1392, 0, 0, 0, , 0, 0, 0, 0, 0, 
347, 1, 350, 345, -1, 301, 265, 19.0, 13, MSapaaaa, 3851, 0, 0, 0, , 0, 0, 0, 0, 0, 
348, 1, 351, 346, -1, 290, 234, 30.0, 14, MSaaaaapa, 2512, 0, 0, 0, , 0, 0, 0, 0, 0, 
349, 1, 352, 347, -1, 272, 257, 32.0, 13, MSaaaaapp, 3834, 0, 0, 0, , 0, 0, 0, 0, 0, 
350, 1, 353, 348, -1, 303, 213, 26.0, 13, MSaaaaaar, 5443, 0, 0, 0, , 0, 0, 0, 0, 0, 
351, 1, 354, 349, -1, 316, 241, 26.0, 13, MSaaaaaal, 3901, 0, 0, 0, , 0, 0, 0, 0, 0, 
352, 1, 355, 350, -1, 251, 251, 35.0, 15, MSaaaapaa, 4324, 0, 0, 0, , 0, 0, 0, 0, 0, 
353, 1, 356, 351, -1, 257, 263, 32.0, 15, MSaaaapap, 4109, 0, 0, 0, , 0, 0, 0, 0, 0, 
354, 1, 357, 352, -1, 235, 269, 30.0, 11, MSaaaappa, 2638, 0, 0, 0, , 0, 0, 0, 0, 0, 
355, 1, 358, 353, -1, 230, 287, 30.0, 14, MSaaapapp, 3510, 0, 0, 0, , 0, 0, 0, 0, 0, 
356, 1, 359, 354, -1, 219, 293, 30.0, 11, MSaaappa, 3137, 0, 0, 0, , 0, 0, 0, 0, 0, 
357, 1, 360, 355, -1, 216, 274, 32.0, 15, MSaaappp, 3434, 0, 0, 0, , 0, 0, 0, 0, 0, 
358, 1, 361, 356, -1, 188, 316, 19.0, 17, MSaapppp, 13360, 0, 0, 0, , 0, 0, 0, 0, 0, 
359, 1, 362, 357, -1, 228, 276, 19.0, 13, MSaapaaap, 3963, 0, 0, 0, , 0, 0, 0, 0, 0, 
360, 1, 363, 358, -1, 248, 272, 18.0, 13, MSaapaaaa, 3748, 0, 0, 0, , 0, 0, 0, 0, 0, 
361, 1, 364, 359, -1, 211, 282, 20.0, 13, MSaapappp, 2973, 0, 0, 0, , 0, 0, 0, 0, 0, 
362, 1, 365, 360, -1, 240, 299, 26.0, 15, MSaapappa, 3797, 0, 0, 0, , 0, 0, 0, 0, 0, 
363, 1, 366, 361, -1, 229, 271, 22.0, 15, MSaapapaa, 4426, 0, 0, 0, , 0, 0, 0, 0, 0, 
364, 1, 367, 362, -1, 224, 288, 20.0, 13, MSaapapap, 3318, 0, 0, 0, , 0, 0, 0, 0, 0, 
365, 1, 368, 363, -1, 104, 313, 24.0, 23, Eplpa, 7629, 0, 0, 0, , 0, 0, 0, 0, 0, 
366, 1, 369, 364, -1, 114, 352, 22.0, 17, Cappapa, 11296, 0, 0, 0, , 0, 0, 0, 0, 0, 
367, 1, 370, 365, -1, 108, 343, 19.0, 15, Cappapp, 5602, 0, 0, 0, , 0, 0, 0, 0, 0, 
368, 1, 371, 366, -1, 182, 339, 29.0, 15, Cappaaa, 5367, 0, 0, 0, , 0, 0, 0, 0, 0, 
369, 1, 372, 367, -1, 85, 340, 23.0, 15, Capppap, 4831, 0, 0, 0, , 0, 0, 0, 0, 0, 
370, 1, 373, 368, -1, 110, 344, 30.0, 15, Capppaa, 4905, 0, 0, 0, , 0, 0, 0, 0, 0, 
371, 1, 375, 369, -1, 125, 350, 25.0, 15, Capapap, 5357, 0, 0, 0, , 0, 0, 0, 0, 0, 
372, 1, 376, 370, -1, 155, 345, 28.0, 15, Capapaa, 5387, 0, 0, 0, , 0, 0, 0, 0, 0, 
373, 1, 377, 371, -1, 137, 315, 13.0, 15, Capappp, 4820, 0, 0, 0, , 0, 0, 0, 0, 0, 
374, 1, 378, 372, -1, 148, 337, 17.0, 13, Capappa, 5341, 0, 0, 0, , 0, 0, 0, 0, 0, 
375, 1, 379, 373, -1, 186, 339, 23.0, 13, Capaaap, 4964, 0, 0, 0, , 0, 0, 0, 0, 0, 
376, 1, 380, 374, -1, 212, 332, 23.0, 15, Capaaaa, 4666, 0, 0, 0, , 0, 0, 0, 0, 0, 
377, 0, 381, -1, -1, 78, 291, 14.0, 13, , 7244, 0, 0, 0, , 0, 0, 0, 0, 0, 
378, 1, 382, 376, -1, 70, 304, 14.0, 13, Caappv, 3611, 0, 0, 0, , 0, 0, 0, 0, 0, 
379, 1, 383, 377, -1, 105, 300, 10.0, 13, Caapap, 3059, 0, 0, 0, , 0, 0, 0, 0, 0, 
380, 1, 384, 378, -1, 88, 352, 19.0, 17, Cpappd, 10251, 0, 0, 0, , 0, 0, 0, 0, 0, 
381, 1, 385, 379, -1, 76, 328, 13.0, 15, Cpappv, 5359, 0, 0, 0, , 0, 0, 0, 0, 0, 
382, 1, 386, 380, -1, 65, 274, 23.0, 15, Cpapaa, 4848, 0, 0, 0, , 0, 0, 0, 0, 0, 
383, 1, 388, 381, -1, 114, 242, 24.0, 15, Cppaapp, 5587, 0, 0, 0, , 0, 0, 0, 0, 0, 
384, 1, 389, 382, -1, 139, 231, 24.0, 17, Cppaapa, 5858, 0, 0, 0, , 0, 0, 0, 0, 0, 
385, 1, 390, 383, -1, 158, 223, 26.0, 15, Cppaaap, 4414, 0, 0, 0, , 0, 0, 0, 0, 0, 
386, 1, 391, 384, -1, 175, 220, 23.0, 15, Cppaaaa, 3893, 0, 0, 0, , 0, 0, 0, 0, 0, 
387, 1, 392, 385, -1, 140, 237, 30.0, 17, Cppapaa, 4894, 0, 0, 0, , 0, 0, 0, 0, 0, 
388, 1, 393, 386, -1, 117, 258, 15.0, 13, Cppappp, 4205, 0, 0, 0, , 0, 0, 0, 0, 0, 
389, 1, 394, 387, -1, 107, 243, 19.0, 15, Cppappa, 6566, 0, 0, 0, , 0, 0, 0, 0, 0, 
390, 1, 395, 388, -1, 135, 254, 34.0, 15, Cpppaap, 5310, 0, 0, 0, , 0, 0, 0, 0, 0, 
391, 1, 396, 389, -1, 164, 226, 30.0, 15, Cpppaaa, 5777, 0, 0, 0, , 0, 0, 0, 0, 0, 
392, 1, 397, 390, -1, 82, 266, 21.0, 15, Cpppapp, 6293, 0, 0, 0, , 0, 0, 0, 0, 0, 
393, 1, 398, 391, -1, 89, 259, 25.0, 19, Cpppapa, 9280, 0, 0, 0, , 0, 0, 0, 0, 0, 
394, 1, 399, 392, -1, 249, 306, 16.0, 13, Daapa, 4276, 0, 0, 0, , 0, 0, 0, 0, 0, 
395, 1, 400, 393, -1, 234, 311, 16.0, 17, Daapp, 5263, 0, 0, 0, , 0, 0, 0, 0, 0, 
396, 1, 401, 394, -1, 254, 309, 21.0, 13, Daaaa, 3166, 0, 0, 0, , 0, 0, 0, 0, 0, 
397, 1, 402, 395, -1, 243, 308, 31.0, 15, Daaap, 3955, 0, 0, 0, , 0, 0, 0, 0, 0, 
398, 1, 403, 396, -1, 225, 301, 33.0, 15, Dappaa, 1920, 0, 0, 0, , 0, 0, 0, 0, 0, 
399, 1, 404, 397, -1, 200, 313, 32.0, 17, Dappap, 1224, 0, 0, 0, , 0, 0, 0, 0, 0, 
400, 1, 405, 398, -1, 181, 323, 33.0, 17, Dappp, 3205, 0, 0, 0, , 0, 0, 0, 0, 0, 
401, 1, 406, 399, -1, 197, 212, 17.0, 13, Dpapp, 4258, 0, 0, 0, , 0, 0, 0, 0, 0, 
402, 1, 407, 400, -1, 209, 203, 18.0, 15, Dpapa, 4769, 0, 0, 0, , 0, 0, 0, 0, 0, 
403, 1, 408, 401, -1, 205, 207, 31.0, 13, Dpaap, 1639, 0, 0, 0, , 0, 0, 0, 0, 0, 
404, 0, 409, -1, -1, 205, 197, 34.0, 21, , 11503, 0, 0, 0, , 0, 0, 0, 0, 0, 
405, 1, 410, 403, -1, 211, 197, 21.0, 13, Dpaaa, 5866, 0, 0, 0, , 0, 0, 0, 0, 0, 
406, 1, 411, 404, -1, 170, 242, 33.0, 17, Dpppp, 5912, 0, 0, 0, , 0, 0, 0, 0, 0, 
407, 1, 412, 405, -1, 191, 245, 34.0, 17, Dpppap, 2601, 0, 0, 0, , 0, 0, 0, 0, 0, 
408, 1, 413, 406, -1, 212, 232, 34.0, 15, Dpppaa, 4266, 0, 0, 0, , 0, 0, 0, 0, 0, 
409, 1, 414, 407, -1, 193, 204, 22.0, 13, Dppaa, 5029, 0, 0, 0, , 0, 0, 0, 0, 0, 
410, 1, 415, 408, -1, 181, 219, 31.0, 15, Dppap, 6032, 0, 0, 0, , 0, 0, 0, 0, 0, 
411, 0, 416, -1, -1, 381, 244, 24.0, 15, , 7946, 0, 0, 0, , 0, 0, 0, 0, 0, 
412, 1, 417, 410, -1, 304, 287, 24.0, 13, ABalppppaav, 2962, 0, 0, 0, , 0, 0, 0, 0, 0, 
413, 1, 418, 411, -1, 315, 300, 25.0, 15, ABalpppappp, 5795, 0, 0, 0, , 0, 0, 0, 0, 0, 
414, 1, 419, 412, -1, 300, 309, 22.0, 13, ABalppppppaa, 3030, 0, 0, 0, , 0, 0, 0, 0, 0, 
415, 1, 420, 413, -1, 281, 323, 23.0, 11, ABalppppppap, 3096, 0, 0, 0, , 0, 0, 0, 0, 0, 
416, 1, 421, 414, -1, 312, 308, 19.0, 15, ABalpppppppa, 5073, 0, 0, 0, , 0, 0, 0, 0, 0, 
417, 1, 422, 415, -1, 346, 256, 21.0, 13, ABalppppapp, 2731, 0, 0, 0, , 0, 0, 0, 0, 0, 
418, 1, 423, 416, -1, 341, 276, 15.0, 13, ABalpppaaaa, 3804, 0, 0, 0, , 0, 0, 0, 0, 0, 
419, 1, 424, 417, -1, 330, 265, 11.0, 15, ABalpppaaap, 4846, 0, 0, 0, , 0, 0, 0, 0, 0, 
420, 1, 425, 418, -1, 353, 267, 17.0, 13, ABalpppaapd, 2947, 0, 0, 0, , 0, 0, 0, 0, 0, 
421, 1, 426, 419, -1, 354, 256, 20.0, 13, ABalpppaapv, 2506, 0, 0, 0, , 0, 0, 0, 0, 0, 
422, 1, 427, 420, -1, 315, 292, 15.0, 15, ABalpppapad, 4448, 0, 0, 0, , 0, 0, 0, 0, 0, 
423, 1, 428, 421, -1, 330, 281, 13.0, 15, ABalpppapav, 5107, 0, 0, 0, , 0, 0, 0, 0, 0, 
424, 1, 429, 422, -1, 348, 253, 16.0, 11, ABalaaapalr, 3238, 0, 0, 0, , 0, 0, 0, 0, 0, 
425, 1, 430, 423, -1, 341, 253, 13.0, 13, ABalppaaapp, 7019, 0, 0, 0, , 0, 0, 0, 0, 0, 
426, 1, 431, 424, -1, 299, 263, 12.0, 13, ABalppaappp, 3844, 0, 0, 0, , 0, 0, 0, 0, 0, 
427, 1, 432, 425, -1, 323, 231, 12.0, 13, ABalppapaap, 5776, 0, 0, 0, , 0, 0, 0, 0, 0, 
428, 1, 433, 426, -1, 287, 301, 16.0, 15, ABplpaaaaap, 7894, 0, 0, 0, , 0, 0, 0, 0, 0, 
429, 1, 434, 427, -1, 296, 258, 14.0, 15, ABalppapppa, 3267, 0, 0, 0, , 0, 0, 0, 0, 0, 
430, 1, 435, 428, -1, 320, 256, 18.0, 15, ABalppappaa, 6318, 0, 0, 0, , 0, 0, 0, 0, 0, 
431, 1, 436, 429, -1, 325, 267, 20.0, 11, ABalapaappa, 1301, 0, 0, 0, , 0, 0, 0, 0, 0, 
432, 1, 437, 430, -1, 281, 253, 12.0, 11, ABalppapapa, 4346, 0, 0, 0, , 0, 0, 0, 0, 0, 
433, 1, 438, 431, -1, 299, 248, 11.0, 15, ABalppapapp, 6295, 0, 0, 0, , 0, 0, 0, 0, 0, 
434, 1, 439, 432, -1, 289, 243, 10.0, 17, ABplaappaa, 6494, 0, 0, 0, , 0, 0, 0, 0, 0, 
435, 1, 440, 433, -1, 326, 242, 16.0, 11, ABalppapaaa, 5522, 0, 0, 0, , 0, 0, 0, 0, 0, 
436, 1, 441, 434, -1, 270, 252, 12.0, 13, ABalpapapaa, 7577, 0, 0, 0, , 0, 0, 0, 0, 0, 
437, 1, 442, 435, -1, 196, 284, 12.0, 15, ABalpapappa, 6062, 0, 0, 0, , 0, 0, 0, 0, 0, 
438, 1, 443, 436, -1, 304, 228, 11.0, 11, ABalpapaapp, 7606, 0, 0, 0, , 0, 0, 0, 0, 0, 
439, 1, 444, 437, -1, 297, 226, 14.0, 15, ABalpapaapa, 5785, 0, 0, 0, , 0, 0, 0, 0, 0, 
440, 1, 445, -1, -1, 313, 235, 11.0, 11, ABalppaappa, 2556, 0, 0, 0, , 0, 0, 0, 0, 0, 
441, 0, 447, -1, -1, 285, 246, 19.0, 13, , 3646, 0, 0, 0, , 0, 0, 0, 0, 0, 
442, 1, 447, 440, -1, 280, 257, 18.0, 13, ABalpaaaaap, 6085, 0, 0, 0, , 0, 0, 0, 0, 0, 
443, 1, 448, 441, -1, 257, 248, 20.0, 13, ABalpappaaa, 6536, 0, 0, 0, , 0, 0, 0, 0, 0, 
444, 1, 449, 442, -1, 274, 281, 20.0, 15, ABalpapppaa, 8383, 0, 0, 0, , 0, 0, 0, 0, 0, 
445, 1, 450, 443, -1, 259, 260, 23.0, 13, ABalpapppap, 5728, 0, 0, 0, , 0, 0, 0, 0, 0, 
446, 1, 451, 444, -1, 294, 268, 24.0, 13, ABalpaaapaa, 9479, 0, 0, 0, , 0, 0, 0, 0, 0, 
447, 1, 452, 445, -1, 292, 271, 26.0, 13, ABalpaaapap, 4092, 0, 0, 0, , 0, 0, 0, 0, 0, 
448, 1, 453, 446, -1, 273, 257, 17.0, 11, ABalpaaaapp, 4278, 0, 0, 0, , 0, 0, 0, 0, 0, 
449, 1, 656, 447, -1, 296, 248, 19.0, 13, ABalpaaaaaa, 6870, 0, 0, 0, , 0, 0, 0, 0, 0, 
450, 1, 455, 448, -1, 280, 271, 19.0, 13, ABalpappaap, 5689, 0, 0, 0, , 0, 0, 0, 0, 0, 
451, 0, -1, -1, -1, 297, 243, 18.0, 13, , 6837, 0, 0, 0, , 0, 0, 0, 0, 0, 
452, 1, 457, 450, -1, 321, 227, 18.0, 11, ABalpaapppa, 3918, 0, 0, 0, , 0, 0, 0, 0, 0, 
453, 1, 458, 451, -1, 329, 229, 15.0, 15, ABalpaapppp, 2841, 0, 0, 0, , 0, 0, 0, 0, 0, 
454, 1, 459, 452, -1, 308, 229, 19.0, 13, ABalpaappaa, 3477, 0, 0, 0, , 0, 0, 0, 0, 0, 
455, 1, 460, 453, -1, 278, 263, 27.0, 15, ABalpaapapa, 4887, 0, 0, 0, , 0, 0, 0, 0, 0, 
456, 0, 461, -1, -1, 299, 255, 25.0, 13, , 7634, 0, 0, 0, , 0, 0, 0, 0, 0, 
457, 0, 462, -1, -1, 301, 247, 21.0, 15, , 2449, 0, 0, 0, , 0, 0, 0, 0, 0, 
458, 1, 463, 456, -1, 176, 273, 30.0, 19, Earap, 9266, 0, 0, 0, , 0, 0, 0, 0, 0, 
459, 1, 464, 457, -1, 135, 313, 28.0, 17, Ealpp, 7326, 0, 0, 0, , 0, 0, 0, 0, 0, 
460, 0, 465, -1, -1, 185, 268, 25.0, 13, , 4583, 0, 0, 0, , 0, 0, 0, 0, 0, 
461, 1, 466, 459, -1, 138, 286, 29.0, 23, Earpp, 5096, 0, 0, 0, , 0, 0, 0, 0, 0, 
462, 0, 467, -1, -1, 170, 290, 25.0, 19, , 9003, 0, 0, 0, , 0, 0, 0, 0, 0, 
463, 1, 468, 461, -1, 211, 282, 24.0, 17, Ealaa, 17012, 0, 0, 0, , 0, 0, 0, 0, 0, 
464, 1, 469, 462, -1, 106, 285, 20.0, 23, Eprpp, 1477, 0, 0, 0, , 0, 0, 0, 0, 0, 
465, 1, 470, 463, -1, 206, 329, 28.0, 13, Dapap, 5854, 0, 0, 0, , 0, 0, 0, 0, 0, 
466, 1, 471, 464, -1, 232, 317, 20.0, 15, Dapaa, 6378, 0, 0, 0, , 0, 0, 0, 0, 0, 
467, 1, 472, 465, -1, 225, 300, 23.0, 13, MSaapaapp, 6079, 0, 0, 0, , 0, 0, 0, 0, 0, 
468, 1, 473, 466, -1, 239, 300, 23.0, 13, MSaapaapa, 4251, 0, 0, 0, , 0, 0, 0, 0, 0, 
469, 1, 474, 467, -1, 182, 201, 30.0, 17, ABarpppapp, 5742, 0, 0, 0, , 0, 0, 0, 0, 0, 
470, 1, 475, 468, -1, 256, 296, 13.0, 15, ABplppaapap, 5008, 0, 0, 0, , 0, 0, 0, 0, 0, 
471, 1, 476, 469, -1, 247, 295, 10.0, 13, ABplppaapaa, 4980, 0, 0, 0, , 0, 0, 0, 0, 0, 
472, 1, 477, 470, -1, 332, 244, 18.0, 13, ABalaaaalar, 2486, 0, 0, 0, , 0, 0, 0, 0, 0, 
473, 1, 478, 678, -1, 298, 183, 28.0, 15, ABalapppppp, 3770, 0, 0, 0, , 0, 0, 0, 0, 0, 
474, 1, 479, 472, -1, 311, 169, 26.0, 15, ABarpappaa, 4414, 0, 0, 0, , 0, 0, 0, 0, 0, 
475, 1, 480, 473, -1, 98, 275, 33.0, 17, Cppppaa, 8114, 0, 0, 0, , 0, 0, 0, 0, 0, 
476, 1, 481, 474, -1, 73, 288, 27.0, 15, Cppppap, 5357, 0, 0, 0, , 0, 0, 0, 0, 0, 
477, 1, 482, 475, -1, 104, 278, 14.0, 15, Cpppppv, 4498, 0, 0, 0, , 0, 0, 0, 0, 0, 
478, 1, 483, 476, -1, 181, 264, 24.0, 19, Earpa, 21977, 0, 0, 0, , 0, 0, 0, 0, 0, 
479, 0, 484, -1, -1, 295, 199, 30.0, 14, , 2405, 0, 0, 0, , 0, 0, 0, 0, 0, 
480, 0, 485, -1, -1, 120, 296, 29.0, 13, , 4042, 0, 0, 0, , 0, 0, 0, 0, 0, 
481, 1, 486, 479, -1, 266, 229, 36.0, 17, ABarpaappa, 3957, 0, 0, 0, , 0, 0, 0, 0, 0, 
482, 1, 487, 480, -1, 261, 306, 34.0, 19, ABarppaapa, 20917, 0, 0, 0, , 0, 0, 0, 0, 0, 
483, 0, 488, -1, -1, 118, 314, 26.0, 17, , 8773, 0, 0, 0, , 0, 0, 0, 0, 0, 
484, 1, 489, 482, -1, 197, 275, 20.0, 13, MSaappap, 4004, 0, 0, 0, , 0, 0, 0, 0, 0, 
485, 1, 490, 483, -1, 294, 210, 13.0, 13, ABalaapappa, 3166, 0, 0, 0, , 0, 0, 0, 0, 0, 
486, 0, 491, -1, -1, 138, 286, 29.0, 19, , 18605, 0, 0, 0, , 0, 0, 0, 0, 0, 
487, 1, 492, 485, -1, 219, 309, 12.0, 15, ABplppapaaa, 5710, 0, 0, 0, , 0, 0, 0, 0, 0, 
488, 1, 493, 486, -1, 325, 238, 20.0, 13, ABalaaaalal, 5398, 0, 0, 0, , 0, 0, 0, 0, 0, 
489, 0, 494, -1, -1, 118, 296, 31.0, 17, , 4405, 0, 0, 0, , 0, 0, 0, 0, 0, 
490, 1, 495, 683, -1, 271, 191, 17.0, 13, ABprpaaaaaa, 10268, 0, 0, 0, , 0, 0, 0, 0, 0, 
491, 1, 496, 489, -1, 142, 249, 18.0, 17, MSpappap, 4408, 0, 0, 0, , 0, 0, 0, 0, 0, 
492, 1, 497, 490, -1, 207, 243, 31.0, 15, MSpaapapp, 4483, 0, 0, 0, , 0, 0, 0, 0, 0, 
493, 0, 498, -1, -1, 197, 273, 28.0, 14, , 1163, 0, 0, 0, , 0, 0, 0, 0, 0, 
494, 1, 499, 492, -1, 72, 295, 18.0, 15, Cpppppd, 7281, 0, 0, 0, , 0, 0, 0, 0, 0, 
495, 1, 500, 493, -1, 293, 303, 30.0, 13, ABplapaaaaa, 5654, 0, 0, 0, , 0, 0, 0, 0, 0, 
496, 0, 501, -1, -1, 207, 267, 12.0, 11, , 2862, 0, 0, 0, , 0, 0, 0, 0, 0, 
497, 1, 502, 495, -1, 281, 311, 31.0, 15, ABplapaaaap, 7517, 0, 0, 0, , 0, 0, 0, 0, 0, 
498, 1, 503, 496, -1, 333, 266, 14.0, 9, ABalppaaapa, 2142, 0, 0, 0, , 0, 0, 0, 0, 0, 
499, 1, 504, 497, -1, 259, 266, 19.0, 13, ABalpappppp, 4439, 0, 0, 0, , 0, 0, 0, 0, 0, 
500, 1, 505, 498, -1, 342, 212, 19.0, 11, ABalaaaparr, 2623, 0, 0, 0, , 0, 0, 0, 0, 0, 
501, 1, 506, 499, -1, 345, 226, 19.0, 13, ABalaaaparl, 2752, 0, 0, 0, , 0, 0, 0, 0, 0, 
502, 1, 507, 500, -1, 265, 282, 23.0, 13, ABalpaaappp, 4327, 0, 0, 0, , 0, 0, 0, 0, 0, 
503, 1, 508, 501, -1, 278, 278, 23.0, 15, ABalpaaappa, 7956, 0, 0, 0, , 0, 0, 0, 0, 0, 
504, 1, 509, 502, -1, 190, 287, 24.0, 19, Ealpa, 14717, 0, 0, 0, , 0, 0, 0, 0, 0, 
505, 1, 510, 503, -1, 225, 248, 13.0, 14, ABprpappapa, 3073, 0, 0, 0, , 0, 0, 0, 0, 0, 
506, 1, 511, 504, -1, 164, 307, 19.0, 23, Z3, 718, 0, 0, 0, , 0, 0, 0, 0, 0, 
507, 1, 512, 505, -1, 150, 338, 32.0, 17, Cappaap, 5679, 0, 0, 0, , 0, 0, 0, 0, 0, 
508, 1, 513, 506, -1, 278, 239, 15.0, 11, ABarappaapp, 8003, 0, 0, 0, , 0, 0, 0, 0, 0, 
509, 0, 514, -1, -1, 189, 247, 25.0, 11, , 1132, 0, 0, 0, , 0, 0, 0, 0, 0, 
510, 1, 515, 508, -1, 207, 226, 26.0, 17, MSpapappa, 4181, 0, 0, 0, , 0, 0, 0, 0, 0, 
511, 1, 516, 509, -1, 201, 218, 22.0, 15, MSpapaapa, 5504, 0, 0, 0, , 0, 0, 0, 0, 0, 
512, 1, 517, 510, -1, 271, 161, 23.0, 13, ABpraapaapp, 3891, 0, 0, 0, , 0, 0, 0, 0, 0, 
513, 0, 518, -1, -1, 293, 185, 26.0, 15, , 2957, 0, 0, 0, , 0, 0, 0, 0, 0, 
514, 1, 519, 512, -1, 279, 223, 18.0, 13, ABarapaaaaa, 7723, 0, 0, 0, , 0, 0, 0, 0, 0, 
515, 1, 520, 513, -1, 309, 254, 16.0, 15, ABalppapppp, 7208, 0, 0, 0, , 0, 0, 0, 0, 0, 
516, 1, 521, 514, -1, 336, 199, 19.0, 11, ABalaaappll, 3477, 0, 0, 0, , 0, 0, 0, 0, 0, 
517, 1, 522, 515, -1, 170, 295, 27.0, 17, Ealap, 5104, 0, 0, 0, , 0, 0, 0, 0, 0, 
518, 1, 523, 516, -1, 106, 253, 29.0, 15, Cppapap, 5018, 0, 0, 0, , 0, 0, 0, 0, 0, 
519, 1, 524, 517, -1, 238, 221, 23.0, 17, ABarapaappp, 5053, 0, 0, 0, , 0, 0, 0, 0, 0, 
520, 1, 525, 518, -1, 305, 286, 22.0, 11, ABalppppaad, 4218, 0, 0, 0, , 0, 0, 0, 0, 0, 
521, 0, 526, -1, -1, 247, 283, 31.0, 13, , 2948, 0, 0, 0, , 0, 0, 0, 0, 0, 
522, 0, 527, -1, -1, 277, 309, 15.0, 11, , 1195, 0, 0, 0, , 0, 0, 0, 0, 0, 
523, 1, 528, 521, -1, 277, 280, 26.0, 15, ABalpaapapp, 6809, 0, 0, 0, , 0, 0, 0, 0, 0, 
524, 1, 529, 522, -1, 125, 336, 15.0, 15, ABplpppaapa, 4622, 0, 0, 0, , 0, 0, 0, 0, 0, 
525, 1, 530, 523, -1, 336, 220, 34.0, 19, ABplaaaapa, 6255, 0, 0, 0, , 0, 0, 0, 0, 0, 
526, 0, 531, -1, -1, 212, 283, 26.0, 21, , 20130, 0, 0, 0, , 0, 0, 0, 0, 0, 
527, 0, 532, -1, -1, 186, 192, 18.0, 17, , 8326, 0, 0, 0, , 0, 0, 0, 0, 0, 
528, 1, 533, 526, -1, 226, 230, 19.0, 13, MSpapaaaa, 5369, 0, 0, 0, , 0, 0, 0, 0, 0, 
529, 1, 534, 527, -1, 195, 228, 17.0, 15, MSpapppaa, 3764, 0, 0, 0, , 0, 0, 0, 0, 0, 
530, 1, 535, 528, -1, 182, 234, 20.0, 13, MSpapppap, 2963, 0, 0, 0, , 0, 0, 0, 0, 0, 
531, 1, 536, 529, -1, 290, 241, 36.0, 13, ABarpaapap, 1347, 0, 0, 0, , 0, 0, 0, 0, 0, 
532, 1, 537, 530, -1, 267, 180, 21.0, 15, ABprpaapaaa, 8753, 0, 0, 0, , 0, 0, 0, 0, 0, 
533, 1, 538, 531, -1, 250, 250, 17.0, 13, ABalpappppa, 5264, 0, 0, 0, , 0, 0, 0, 0, 0, 
534, 1, 539, 532, -1, 293, 313, 17.0, 13, ABalpppppppp, 1796, 0, 0, 0, , 0, 0, 0, 0, 0, 
535, 1, 540, 533, -1, 97, 310, 9.0, 11, ABprpppapp, 3343, 0, 0, 0, , 0, 0, 0, 0, 0, 
536, 0, 541, -1, -1, 155, 302, 29.0, 15, , 4703, 0, 0, 0, , 0, 0, 0, 0, 0, 
537, 1, 542, 535, -1, 226, 192, 10.0, 11, ABprppaaap, 4087, 0, 0, 0, , 0, 0, 0, 0, 0, 
538, 1, 543, 536, -1, 108, 249, 34.0, 15, Caaapa, 1181, 0, 0, 0, , 0, 0, 0, 0, 0, 
539, 0, 544, -1, -1, 311, 179, 13.0, 15, , 2180, 0, 0, 0, , 0, 0, 0, 0, 0, 
540, 1, 545, 538, -1, 157, 284, 30.0, 15, Epraa, 1174, 0, 0, 0, , 0, 0, 0, 0, 0, 
541, 1, 546, 539, -1, 133, 359, 30.0, 17, Cpaapp, 6193, 0, 0, 0, , 0, 0, 0, 0, 0, 
542, 1, 547, 540, -1, 300, 196, 18.0, 12, ABalaapaaal, 2553, 0, 0, 0, , 0, 0, 0, 0, 0, 
543, 1, 548, 541, -1, 346, 197, 23.0, 13, ABarpaaaaal, 3422, 0, 0, 0, , 0, 0, 0, 0, 0, 
544, 1, 549, 542, -1, 98, 294, 14.0, 13, Caapaa, 758, 0, 0, 0, , 0, 0, 0, 0, 0, 
545, 1, 550, 543, -1, 212, 192, 35.0, 11, ABarpppapa, 795, 0, 0, 0, , 0, 0, 0, 0, 0, 
546, 1, 551, 544, -1, 261, 290, 17.0, 13, MSappapp, 3258, 0, 0, 0, , 0, 0, 0, 0, 0, 
547, 1, 552, 545, -1, 85, 239, 20.0, 15, ABarpppppp, 4194, 0, 0, 0, , 0, 0, 0, 0, 0, 
548, 1, 553, 546, -1, 286, 291, 10.0, 17, ABplaappap, 8521, 0, 0, 0, , 0, 0, 0, 0, 0, 
549, 1, 554, 547, -1, 236, 200, 18.0, 11, MSpppapa, 3817, 0, 0, 0, , 0, 0, 0, 0, 0, 
550, 1, 555, 548, -1, 304, 276, 31.0, 15, MSapappa, 5611, 0, 0, 0, , 0, 0, 0, 0, 0, 
551, 1, 556, 549, -1, 117, 295, 29.0, 23, Eprap, 712, 0, 0, 0, , 0, 0, 0, 0, 0, 
552, 1, 557, 550, -1, 296, 207, 33.0, 15, MSppappp, 7691, 0, 0, 0, , 0, 0, 0, 0, 0, 
553, 1, 558, 551, -1, 93, 352, 26.0, 17, Cpapap, 5996, 0, 0, 0, , 0, 0, 0, 0, 0, 
554, 1, 559, 552, -1, 110, 309, 13.0, 15, Cappppd, 5149, 0, 0, 0, , 0, 0, 0, 0, 0, 
555, 1, 560, 553, -1, 229, 260, 28.0, 15, MSaaaappp, 4748, 0, 0, 0, , 0, 0, 0, 0, 0, 
556, 1, 561, 554, -1, 115, 348, 13.0, 13, ABplapppaap, 3577, 0, 0, 0, , 0, 0, 0, 0, 0, 
557, 1, 562, 555, -1, 136, 262, 22.0, 23, Z2, 5502, 0, 0, 0, , 0, 0, 0, 0, 0, 
558, 1, 563, 556, -1, 325, 270, 30.0, 11, ABplaaaaapa, 2921, 0, 0, 0, , 0, 0, 0, 0, 0, 
559, 1, 564, 557, -1, 197, 241, 20.0, 11, MSpapapap, 3434, 0, 0, 0, , 0, 0, 0, 0, 0, 
560, 1, 565, 558, -1, 114, 316, 28.0, 22, Eplap, 5578, 0, 0, 0, , 0, 0, 0, 0, 0, 
561, 0, 566, -1, -1, 103, 298, 27.0, 13, , 863, 0, 0, 0, , 0, 0, 0, 0, 0, 
562, 1, 567, 560, -1, 113, 310, 19.0, 23, Eplpp, 33389, 0, 0, 0, , 0, 0, 0, 0, 0, 
563, 0, 568, -1, -1, 109, 285, 21.0, 19, , 33759, 0, 0, 0, , 0, 0, 0, 0, 0, 
564, 0, 569, -1, -1, 345, 263, 15.0, 11, , 4421, 0, 0, 0, , 0, 0, 0, 0, 0, 
565, 1, 570, 563, -1, 141, 346, 22.0, 15, Capaapp, 6066, 0, 0, 0, , 0, 0, 0, 0, 0, 
566, 1, 571, 564, -1, 167, 344, 23.0, 15, Capaapa, 5452, 0, 0, 0, , 0, 0, 0, 0, 0, 
567, 1, 572, 565, -1, 239, 189, 11.0, 13, ABpraappap, 1744, 0, 0, 0, , 0, 0, 0, 0, 0, 
568, 1, 573, 566, -1, 283, 187, 32.0, 13, MSppappa, 2898, 0, 0, 0, , 0, 0, 0, 0, 0, 
569, 0, 574, -1, -1, 212, 266, 15.0, 9, , 1655, 0, 0, 0, , 0, 0, 0, 0, 0, 
570, 0, 575, -1, -1, 133, 265, 21.0, 15, , 4123, 0, 0, 0, , 0, 0, 0, 0, 0, 
571, 0, 577, -1, -1, 206, 266, 28.0, 11, , 2153, 0, 0, 0, , 0, 0, 0, 0, 0, 
572, 1, 578, 570, -1, 230, 169, 16.0, 14, ABpraaappppp, 3074, 0, 0, 0, , 0, 0, 0, 0, 0, 
573, 1, 579, 571, -1, 245, 160, 21.0, 15, ABpraaappppa, 9189, 0, 0, 0, , 0, 0, 0, 0, 0, 
574, 1, 580, 572, -1, 308, 291, 18.0, 13, ABalpppppaa, 4005, 0, 0, 0, , 0, 0, 0, 0, 0, 
575, 0, 581, -1, -1, 325, 292, 22.0, 11, , 3128, 0, 0, 0, , 0, 0, 0, 0, 0, 
576, 0, 582, -1, -1, 273, 191, 29.0, 13, , 1109, 0, 0, 0, , 0, 0, 0, 0, 0, 
577, 0, 583, -1, -1, 161, 285, 31.0, 21, , 19531, 0, 0, 0, , 0, 0, 0, 0, 0, 
578, 1, 584, 576, -1, 217, 255, 17.0, 15, ABarapapapp, 8220, 0, 0, 0, , 0, 0, 0, 0, 0, 
579, 0, 585, -1, -1, 78, 326, 18.0, 15, , 4570, 0, 0, 0, , 0, 0, 0, 0, 0, 
580, 1, 586, 578, -1, 208, 314, 19.0, 13, MSaapppap, 2362, 0, 0, 0, , 0, 0, 0, 0, 0, 
581, 1, 587, 579, -1, 222, 336, 32.0, 13, Caaaaa, 3004, 0, 0, 0, , 0, 0, 0, 0, 0, 
582, 1, 588, 580, -1, 62, 273, 19.0, 17, Caappd, 6877, 0, 0, 0, , 0, 0, 0, 0, 0, 
583, 1, 589, 581, -1, 87, 252, 29.0, 17, Caaapp, 5572, 0, 0, 0, , 0, 0, 0, 0, 0, 
584, 1, 590, 582, -1, 262, 325, 24.0, 15, ABplapaaapa, 6525, 0, 0, 0, , 0, 0, 0, 0, 0, 
585, 1, 591, 583, -1, 238, 225, 19.0, 15, ABarapapppp, 5776, 0, 0, 0, , 0, 0, 0, 0, 0, 
586, 1, 592, 584, -1, 223, 298, 17.0, 15, MSaapppaa, 4031, 0, 0, 0, , 0, 0, 0, 0, 0, 
587, 1, 593, 585, -1, 198, 260, 27.0, 21, Earaa, 16578, 0, 0, 0, , 0, 0, 0, 0, 0, 
588, 1, 594, 586, -1, 189, 261, 13.0, 15, ABarappappa, 6363, 0, 0, 0, , 0, 0, 0, 0, 0, 
589, 1, 595, 587, -1, 302, 238, 22.0, 13, ABalpaapaaa, 6415, 0, 0, 0, , 0, 0, 0, 0, 0, 
590, 0, 596, -1, -1, 173, 281, 27.0, 15, , 2152, 0, 0, 0, , 0, 0, 0, 0, 0, 
591, 1, 597, 589, -1, 151, 305, 31.0, 21, Eplaa, 6259, 0, 0, 0, , 0, 0, 0, 0, 0, 
592, 0, 598, -1, -1, 108, 311, 23.0, 19, , 6533, 0, 0, 0, , 0, 0, 0, 0, 0, 
593, 1, 599, 591, -1, 243, 164, 29.0, 19, ABarpapppp, 2636, 0, 0, 0, , 0, 0, 0, 0, 0, 
594, 1, 600, 592, -1, 196, 302, 13.0, 15, ABplpaaaapp, 6289, 0, 0, 0, , 0, 0, 0, 0, 0, 
595, 0, 601, -1, -1, 266, 316, 17.0, 11, , 4101, 0, 0, 0, , 0, 0, 0, 0, 0, 
596, 0, 602, -1, -1, 105, 285, 19.0, 17, , 9320, 0, 0, 0, , 0, 0, 0, 0, 0, 
597, 0, 603, -1, -1, 143, 264, 21.0, 11, , 1021, 0, 0, 0, , 0, 0, 0, 0, 0, 
598, 1, 604, 596, -1, 242, 233, 22.0, 13, ABarapappap, 6446, 0, 0, 0, , 0, 0, 0, 0, 0, 
599, 0, 605, -1, -1, 121, 282, 9.0, 11, , 2897, 0, 0, 0, , 0, 0, 0, 0, 0, 
600, 0, 606, -1, -1, 271, 203, 12.0, 11, , 1852, 0, 0, 0, , 0, 0, 0, 0, 0, 
601, 1, 607, 599, -1, 237, 249, 19.0, 15, ABarapapaaa, 6625, 0, 0, 0, , 0, 0, 0, 0, 0, 
602, 0, 608, -1, -1, 119, 304, 16.0, 15, , 5000, 0, 0, 0, , 0, 0, 0, 0, 0, 
603, 0, 609, -1, -1, 98, 300, 9.0, 9, , 723, 0, 0, 0, , 0, 0, 0, 0, 0, 
604, 0, 610, -1, -1, 199, 262, 30.0, 17, , 5038, 0, 0, 0, , 0, 0, 0, 0, 0, 
605, 1, 612, 603, -1, 282, 283, 13.0, 15, ABplpaapppa, 6932, 0, 0, 0, , 0, 0, 0, 0, 0, 
606, 1, 613, 604, -1, 245, 269, 10.0, 19, ABalpapapap, 9950, 0, 0, 0, , 0, 0, 0, 0, 0, 
607, 1, 614, 605, -1, 228, 291, 11.0, 15, ABalpapappp, 6282, 0, 0, 0, , 0, 0, 0, 0, 0, 
608, 0, 615, -1, -1, 214, 173, 15.0, 9, , 344, 0, 0, 0, , 0, 0, 0, 0, 0, 
609, 1, 665, 673, -1, 299, 235, 17.0, 15, ABalpaappap, 3371, 0, 0, 0, , 0, 0, 0, 0, 0, 
610, 1, 617, 607, -1, 107, 289, 23.0, 19, Eprpa, 23720, 0, 0, 0, , 0, 0, 0, 0, 0, 
611, 1, 618, 608, -1, 330, 290, 28.0, 13, ABplaaappa, 4702, 0, 0, 0, , 0, 0, 0, 0, 0, 
612, 1, 619, 609, -1, 325, 235, 30.0, 11, ABalapapapp, 2068, 0, 0, 0, , 0, 0, 0, 0, 0, 
613, 1, 620, 610, -1, 322, 202, 30.0, 11, ABalapppapp, 1131, 0, 0, 0, , 0, 0, 0, 0, 0, 
614, 0, 621, -1, -1, 109, 290, 23.0, 13, , 1850, 0, 0, 0, , 0, 0, 0, 0, 0, 
615, 0, 622, -1, -1, 307, 236, 14.0, 11, , 6537, 0, 0, 0, , 0, 0, 0, 0, 0, 
616, 0, 623, -1, -1, 236, 249, 17.0, 13, , 4968, 0, 0, 0, , 0, 0, 0, 0, 0, 
617, 1, 635, 614, -1, 226, 208, 17.0, 13, MSpppapp, 2473, 0, 0, 0, , 0, 0, 0, 0, 0, 
618, 0, 625, -1, -1, 319, 288, 24.0, 11, , 893, 0, 0, 0, , 0, 0, 0, 0, 0, 
619, 0, 626, -1, -1, 247, 315, 27.0, 13, , 748, 0, 0, 0, , 0, 0, 0, 0, 0, 
620, 1, 627, 617, -1, 293, 224, 26.0, 15, ABaraappaaa, 5229, 0, 0, 0, , 0, 0, 0, 0, 0, 
621, 1, 628, 618, -1, 266, 304, 10.0, 17, ABplaapppa, 5062, 0, 0, 0, , 0, 0, 0, 0, 0, 
622, 0, -1, -1, -1, 243, 332, 18.0, 17, , 11380, 0, 0, 0, , 0, 0, 0, 0, 0, 
623, 0, -1, -1, -1, 165, 303, 18.0, 13, , 4761, 0, 0, 0, , 0, 0, 0, 0, 0, 
624, 1, 647, 621, -1, 290, 298, 22.0, 13, ABalpppppap, 4180, 0, 0, 0, , 0, 0, 0, 0, 0, 
625, 0, -1, -1, -1, 140, 259, 22.0, 17, , 4313, 0, 0, 0, , 0, 0, 0, 0, 0, 
626, 0, -1, -1, -1, 182, 233, 25.0, 9, , 1036, 0, 0, 0, , 0, 0, 0, 0, 0, 
627, 0, -1, -1, -1, 125, 356, 30.0, 13, , 1344, 0, 0, 0, , 0, 0, 0, 0, 0, 
628, 0, -1, -1, -1, 247, 174, 32.0, 11, , 4143, 0, 0, 0, , 0, 0, 0, 0, 0, 
629, 0, -1, -1, -1, 249, 204, 12.0, 15, , 1836, 0, 0, 0, , 0, 0, 0, 0, 0, 
630, 0, -1, -1, -1, 321, 259, 15.0, 13, , 3460, 0, 0, 0, , 0, 0, 0, 0, 0, 
631, 0, -1, -1, -1, 288, 179, 16.0, 9, , 689, 0, 0, 0, , 0, 0, 0, 0, 0, 
632, 0, -1, -1, -1, 264, 271, 29.0, 19, , 8237, 0, 0, 0, , 0, 0, 0, 0, 0, 
633, 0, -1, -1, -1, 246, 174, 30.0, 11, , 1030, 0, 0, 0, , 0, 0, 0, 0, 0, 
634, 1, 629, 637, -1, 338, 226, 28.0, 15, ABplaaaaaaa, 0, 0, 0, 0, , 0, 0, 0, 0, 0, 
635, 1, 630, 638, -1, 234, 199, 36.0, 18, ABarpaappp, 0, 0, 0, 0, , 0, 0, 0, 0, 0, 
636, 1, 631, 176, -1, 341, 229, 31.0, 15, ABarpaaaapp, 0, 0, 0, 0, , 0, 0, 0, 0, 0, 
637, 1, 632, 640, -1, 201, 333, 34.0, 18, Cpaaap, 0, 0, 0, 0, , 0, 0, 0, 0, 0, 
638, 1, 48, 641, -1, 274, 230, 13.2, 13, ABarappaapa, 5310, 0, 0, 0, , 0, 0, 0, 0, 0, 
639, 1, 633, 643, -1, 231, 250, 17.333334, 15, ABarapapppa, 3780, 0, 0, 0, , 0, 0, 0, 0, 0, 
640, 1, 634, 635, -1, 78, 322, 17.0, 18, Cappppv, 6149, 0, 0, 0, , 0, 0, 0, 0, 0, 
641, 1, 636, 629, -1, 264, 270, 27.857143, 14, MSaaapaap, 1787, 0, 0, 0, , 0, 0, 0, 0, 0, 
642, 1, 637, 644, -1, 118, 298, 33.0, 15, Cpaapa, 0, 0, 0, 0, , 0, 0, 0, 0, 0, 
643, 1, 638, 645, -1, 238, 309, 33.0, 15, Cpaaaa, 0, 0, 0, 0, , 0, 0, 0, 0, 0, 
644, 1, 639, 646, -1, 138, 238, 33.0, 15, Caaaap, 0, 0, 0, 0, , 0, 0, 0, 0, 0, 
645, 1, 640, 647, -1, 118, 302, 16.0, 15, ABprpappppp, 4896, 0, 0, 0, , 0, 0, 0, 0, 0, 
646, 1, 642, 626, -1, 245, 204, 13.166667, 15, ABprpaapppa, 0, 0, 0, 0, , 0, 0, 0, 0, 0, 
647, 1, 137, 649, -1, 270, 297, 12.333333, 13, ABplppaaaaa, 5560, 0, 0, 0, , 0, 0, 0, 0, 0, 
648, 0, -1, -1, -1, 302, 275, 15.894737, 13, , 3745, 0, 0, 0, , 0, 0, 0, 0, 0, 
649, 1, 644, 651, -1, 303, 274, 15.6, 13, ABplpaaappa, 3745, 0, 0, 0, , 0, 0, 0, 0, 0, 
650, 1, 576, 652, -1, 220, 237, 28.333334, 14, MSpaapapa, 2149, 0, 0, 0, , 0, 0, 0, 0, 0, 
651, 1, 645, 654, -1, 300, 224, 22.75, 13, ABaraaaapap, 3979, 0, 0, 0, , 0, 0, 0, 0, 0, 
652, 1, 19, 655, -1, 281, 213, 25.0, 14, ABaraaapaap, 2235, 0, 0, 0, , 0, 0, 0, 0, 0, 
653, 1, 646, 656, -1, 259, 211, 27.4, 13, ABaraaapapa, 3062, 0, 0, 0, , 0, 0, 0, 0, 0, 
654, 1, 518, 471, -1, 298, 185, 26.5, 15, ABalapppppa, 2957, 0, 0, 0, , 0, 0, 0, 0, 0, 
655, 1, 648, 657, -1, 271, 177, 27.0, 11, ABalappapap, 0, 0, 0, 0, , 0, 0, 0, 0, 0, 
656, 1, 649, 659, -1, 309, 174, 24.0, 15, ABalappappp, 0, 0, 0, 0, , 0, 0, 0, 0, 0, 
657, 1, 650, 660, -1, 345, 255, 24.0, 13, ABalapaaapp, 0, 0, 0, 0, , 0, 0, 0, 0, 0, 
658, 1, 651, 661, -1, 319, 279, 18.0, 13, ABalapaapaa, 0, 0, 0, 0, , 0, 0, 0, 0, 0, 
659, 1, 652, 42, -1, 268, 180, 19.0, 12, ABalaapppap, 0, 0, 0, 0, , 0, 0, 0, 0, 0, 
660, 1, 653, 662, -1, 76, 292, 12.0625, 13, ABprppppppp, 0, 0, 0, 0, , 0, 0, 0, 0, 0, 
661, 0, 654, -1, -1, 302, 229, 16.0, 13, , 0, 0, 0, 0, , 0, 0, 0, 0, 0, 
662, 0, 655, -1, -1, 311, 278, 22.0, 13, , 0, 0, 0, 0, , 0, 0, 0, 0, 0, 
663, 1, 657, 665, -1, 340, 257, 19.0, 13, ABalapaappp, 0, 0, 0, 0, , 0, 0, 0, 0, 0, 
664, 1, 104, 666, -1, 282, 181, 20.0, 13, ABalaappppa, 0, 0, 0, 0, , 0, 0, 0, 0, 0, 
665, 1, 658, 667, -1, 299, 247, 22.0, 13, ABaraaaaaaa, 0, 0, 0, 0, , 0, 0, 0, 0, 0, 
666, 1, 659, 668, -1, 287, 178, 15.0, 13, ABalaappapa, 0, 0, 0, 0, , 0, 0, 0, 0, 0, 
667, 1, 660, 669, -1, 245, 281, 31.0, 13, MSaaapapa, 0, 0, 0, 0, , 0, 0, 0, 0, 0, 
668, 0, 661, -1, -1, 321, 248, 21.2, 15, , 0, 0, 0, 0, , 0, 0, 0, 0, 0, 
669, 1, 662, 92, -1, 325, 243, 21.8, 14, ABalaaapall, 13220, 0, 0, 0, , 0, 0, 0, 0, 0, 
670, 1, 663, 671, -1, 267, 315, 16.0, 16, ABplppaaaap, 0, 0, 0, 0, , 0, 0, 0, 0, 0, 
671, 1, 664, 672, -1, 221, 270, 13.0, 15, ABplpappaap, 0, 0, 0, 0, , 0, 0, 0, 0, 0, 
672, 1, 616, 606, -1, 302, 238, 15.0, 15, ABalpapaaaa, 5204, 0, 0, 0, , 0, 0, 0, 0, 0, 
673, 1, 454, 439, -1, 284, 246, 19.0, 13, ABalpaaaapa, 0, 0, 0, 0, , 0, 0, 0, 0, 0, 
674, 1, 666, 674, -1, 301, 254, 24.0, 13, ABalpaapaap, 0, 0, 0, 0, , 0, 0, 0, 0, 0, 
675, 1, 94, 675, -1, 340, 244, 24.0, 13, ABalapaaapa, 0, 0, 0, 0, , 0, 0, 0, 0, 0, 
676, 1, 667, 676, -1, 309, 180, 13.0, 11, ABalaappapp, 0, 0, 0, 0, , 0, 0, 0, 0, 0, 
677, 1, 668, 677, -1, 314, 226, 30.0, 15, ABalapapapa, 0, 0, 0, 0, , 0, 0, 0, 0, 0, 
678, 1, 669, 679, -1, 321, 259, 16.0, 13, ABalppappap, 0, 0, 0, 0, , 0, 0, 0, 0, 0, 
679, 1, 670, 680, -1, 290, 254, 30.333334, 13, MSaaapaaa, 0, 0, 0, 0, , 0, 0, 0, 0, 0, 
680, 0, 671, -1, -1, 267, 247, 10.595506, 13, , 0, 0, 0, 0, , 0, 0, 0, 0, 0, 
681, 1, 672, 682, -1, 269, 205, 12.0, 13, ABalaapappp, 0, 0, 0, 0, , 0, 0, 0, 0, 0, 
682, 1, 220, 488, -1, 268, 192, 15.5, 15, ABprpaaappa, 3371, 0, 0, 0, , 0, 0, 0, 0, 0, 
683, 1, 673, 684, -1, 270, 231, 15.0, 13, ABarapapapa, 0, 0, 0, 0, , 0, 0, 0, 0, 0, 
684, 1, 674, 685, -1, 278, 201, 20.75, 14, MSppaaaa, 4580, 0, 0, 0, , 0, 0, 0, 0, 0, 
685, 1, 675, 686, -1, 213, 221, 9.0, 13, ABprppaapaa, 0, 0, 0, 0, , 0, 0, 0, 0, 0, 
