1, 1, 1, 702, -1, 240, 217, 31.0, 14, ABaraappapp, 1934, 0, 0, 0, , 0, 0, 0, 0, 0, 
2, 1, 709, 2, -1, 276, 214, 27.0, 13, ABaraaapaap, 4311, 0, 0, 0, , 0, 0, 0, 0, 0, 
3, 1, 3, 701, -1, 223, 217, 26.0, 15, ABaraapppaa, 1740, 0, 0, 0, , 0, 0, 0, 0, 0, 
4, 1, 4, 4, -1, 218, 228, 21.0, 15, ABaraappppp, 4760, 0, 0, 0, , 0, 0, 0, 0, 0, 
5, 1, 5, 5, -1, 256, 296, 22.0, 13, ABaraapappa, 6554, 0, 0, 0, , 0, 0, 0, 0, 0, 
6, 1, 6, 6, -1, 247, 282, 20.0, 15, ABaraapappp, 8156, 0, 0, 0, , 0, 0, 0, 0, 0, 
7, 1, 7, 7, -1, 253, 297, 29.0, 15, ABaraapapap, 6822, 0, 0, 0, , 0, 0, 0, 0, 0, 
8, 1, 8, 8, -1, 300, 236, 27.0, 15, ABaraapaaaa, 8093, 0, 0, 0, , 0, 0, 0, 0, 0, 
9, 1, 9, 9, -1, 296, 246, 29.0, 15, ABaraapaaap, 7725, 0, 0, 0, , 0, 0, 0, 0, 0, 
10, 1, 705, 10, -1, 271, 263, 32.0, 17, MSaaaaapp, 10729, 0, 0, 0, , 0, 0, 0, 0, 0, 
11, 1, 11, 11, -1, 297, 257, 30.0, 15, ABaraapaapa, 7314, 0, 0, 0, , 0, 0, 0, 0, 0, 
12, 1, 12, 12, -1, 292, 222, 21.0, 13, ABaraaappaa, 8699, 0, 0, 0, , 0, 0, 0, 0, 0, 
13, 1, 13, 13, -1, 305, 214, 17.0, 11, ABaraaapppa, 3914, 0, 0, 0, , 0, 0, 0, 0, 0, 
14, 1, 14, 14, -1, 305, 211, 19.0, 15, ABaraaapppp, 5322, 0, 0, 0, , 0, 0, 0, 0, 0, 
15, 1, 15, 15, -1, 284, 219, 24.0, 15, ABaraaapaaa, 4517, 0, 0, 0, , 0, 0, 0, 0, 0, 
16, 0, 16, -1, -1, 235, 211, 28.0, 15, , 5059, 0, 0, 0, , 0, 0, 0, 0, 0, 
17, 1, 17, 17, -1, 282, 259, 23.0, 15, ABaraaaaaap, 4338, 0, 0, 0, , 0, 0, 0, 0, 0, 
18, 1, 18, 18, -1, 266, 221, 24.0, 13, ABaraaaaapp, 3510, 0, 0, 0, , 0, 0, 0, 0, 0, 
19, 1, 19, 19, -1, 281, 222, 22.0, 11, ABaraaaaapa, 3702, 0, 0, 0, , 0, 0, 0, 0, 0, 
20, 1, 20, 20, -1, 265, 250, 28.0, 11, ABaraaaapp, 3026, 0, 0, 0, , 0, 0, 0, 0, 0, 
21, 1, 21, 21, -1, 294, 236, 24.0, 11, ABaraaaapaa, 4807, 0, 0, 0, , 0, 0, 0, 0, 0, 
22, 1, 22, 22, -1, 209, 261, 20.0, 19, ABalpappapp, 6640, 0, 0, 0, , 0, 0, 0, 0, 0, 
23, 1, 23, 23, -1, 267, 248, 17.0, 13, ABalpappapa, 3103, 0, 0, 0, , 0, 0, 0, 0, 0, 
24, 1, 24, 24, -1, 247, 210, 21.0, 15, ABarapapaap, 8927, 0, 0, 0, , 0, 0, 0, 0, 0, 
25, 1, 25, 25, -1, 245, 235, 15.0, 13, ABprpapppaa, 2478, 0, 0, 0, , 0, 0, 0, 0, 0, 
26, 1, 26, 26, -1, 240, 202, 23.0, 15, ABarapappaa, 6019, 0, 0, 0, , 0, 0, 0, 0, 0, 
27, 0, 27, -1, -1, 271, 230, 17.0, 13, , 7511, 0, 0, 0, , 0, 0, 0, 0, 0, 
28, 0, 28, -1, -1, 282, 231, 12.0, 11, , 1566, 0, 0, 0, , 0, 0, 0, 0, 0, 
29, 1, 29, 29, -1, 257, 237, 18.0, 11, ABarapaaapp, 8784, 0, 0, 0, , 0, 0, 0, 0, 0, 
30, 1, 30, 674, -1, 253, 229, 20.0, 11, ABarapaaaap, 6228, 0, 0, 0, , 0, 0, 0, 0, 0, 
31, 1, 31, 31, -1, 263, 225, 19.0, 13, ABarapaaapa, 8023, 0, 0, 0, , 0, 0, 0, 0, 0, 
32, 1, 32, 32, -1, 260, 208, 24.0, 13, ABarapaapap, 7000, 0, 0, 0, , 0, 0, 0, 0, 0, 
33, 1, 33, 33, -1, 253, 231, 27.0, 11, ABarapaapaa, 7283, 0, 0, 0, , 0, 0, 0, 0, 0, 
34, 1, 34, 34, -1, 245, 205, 26.0, 15, ABarapaappa, 8903, 0, 0, 0, , 0, 0, 0, 0, 0, 
35, 1, 35, 35, -1, 265, 223, 11.0, 13, ABarapppapa, 5245, 0, 0, 0, , 0, 0, 0, 0, 0, 
36, 1, 36, 36, -1, 285, 211, 10.0, 15, ABarapppapp, 7273, 0, 0, 0, , 0, 0, 0, 0, 0, 
37, 1, 37, 37, -1, 293, 198, 17.0, 13, ABarapppaaa, 4899, 0, 0, 0, , 0, 0, 0, 0, 0, 
38, 1, 38, 38, -1, 298, 205, 14.0, 13, ABarapppaap, 5430, 0, 0, 0, , 0, 0, 0, 0, 0, 
39, 0, 39, -1, -1, 284, 178, 17.0, 9, , 1584, 0, 0, 0, , 0, 0, 0, 0, 0, 
40, 1, 40, 40, -1, 268, 177, 19.0, 11, ABalaapppap, 1864, 0, 0, 0, , 0, 0, 0, 0, 0, 
41, 1, 41, 41, -1, 266, 214, 14.0, 11, ABarapppppa, 3120, 0, 0, 0, , 0, 0, 0, 0, 0, 
42, 1, 42, 42, -1, 277, 208, 15.0, 13, ABarapppppp, 5207, 0, 0, 0, , 0, 0, 0, 0, 0, 
43, 1, 43, 43, -1, 282, 230, 10.0, 11, ABarappaaap, 6858, 0, 0, 0, , 0, 0, 0, 0, 0, 
44, 1, 44, 44, -1, 285, 213, 18.0, 13, ABarappaaaa, 7391, 0, 0, 0, , 0, 0, 0, 0, 0, 
45, 0, 45, -1, -1, 282, 241, 14.0, 11, , 1465, 0, 0, 0, , 0, 0, 0, 0, 0, 
46, 1, 46, 46, -1, 240, 230, 10.0, 19, ABarappapap, 10022, 0, 0, 0, , 0, 0, 0, 0, 0, 
47, 1, 47, 47, -1, 255, 234, 12.0, 13, ABarappapaa, 7779, 0, 0, 0, , 0, 0, 0, 0, 0, 
48, 1, 48, 48, -1, 209, 229, 11.0, 13, ABarappappp, 6856, 0, 0, 0, , 0, 0, 0, 0, 0, 
49, 0, 49, -1, -1, 197, 242, 14.0, 19, , 8706, 0, 0, 0, , 0, 0, 0, 0, 0, 
50, 1, 50, 50, -1, 277, 162, 28.0, 15, ABarpapppa, 7314, 0, 0, 0, , 0, 0, 0, 0, 0, 
51, 0, 51, -1, -1, 302, 185, 28.0, 13, , 2477, 0, 0, 0, , 0, 0, 0, 0, 0, 
52, 1, 52, 52, -1, 315, 194, 30.0, 13, ABarpapaaap, 4327, 0, 0, 0, , 0, 0, 0, 0, 0, 
53, 1, 53, 53, -1, 315, 225, 35.0, 19, ABarpapapp, 4037, 0, 0, 0, , 0, 0, 0, 0, 0, 
54, 1, 54, 54, -1, 346, 197, 27.0, 15, ABarpapapa, 5040, 0, 0, 0, , 0, 0, 0, 0, 0, 
55, 1, 55, 55, -1, 325, 192, 34.0, 17, ABarpaapaa, 4517, 0, 0, 0, , 0, 0, 0, 0, 0, 
56, 1, 56, 56, -1, 344, 211, 23.0, 13, ABarpaaaaar, 5086, 0, 0, 0, , 0, 0, 0, 0, 0, 
57, 1, 57, 57, -1, 344, 212, 26.0, 11, ABarpaaaapa, 5154, 0, 0, 0, , 0, 0, 0, 0, 0, 
58, 1, 58, 58, -1, 335, 195, 31.0, 15, ABarpaaapp, 6610, 0, 0, 0, , 0, 0, 0, 0, 0, 
59, 1, 59, 59, -1, 335, 203, 25.0, 11, ABarpaaapaa, 3126, 0, 0, 0, , 0, 0, 0, 0, 0, 
60, 1, 60, 60, -1, 329, 189, 28.0, 13, ABarpaaapap, 4577, 0, 0, 0, , 0, 0, 0, 0, 0, 
61, 1, 61, 61, -1, 278, 333, 24.0, 13, ABarppaaap, 5857, 0, 0, 0, , 0, 0, 0, 0, 0, 
62, 1, 62, 62, -1, 242, 331, 28.0, 17, ABarppaapp, 16727, 0, 0, 0, , 0, 0, 0, 0, 0, 
63, 1, 63, 63, -1, 166, 361, 26.0, 17, ABarppappa, 6661, 0, 0, 0, , 0, 0, 0, 0, 0, 
64, 1, 64, 64, -1, 121, 366, 19.0, 15, ABarppappp, 4688, 0, 0, 0, , 0, 0, 0, 0, 0, 
65, 1, 65, 65, -1, 224, 346, 25.0, 19, ABarppapap, 18092, 0, 0, 0, , 0, 0, 0, 0, 0, 
66, 1, 66, 66, -1, 254, 342, 25.0, 15, ABarppapaa, 4832, 0, 0, 0, , 0, 0, 0, 0, 0, 
67, 1, 67, 67, -1, 121, 222, 27.0, 15, ABarpppppa, 5675, 0, 0, 0, , 0, 0, 0, 0, 0, 
68, 1, 68, 68, -1, 189, 185, 28.0, 13, ABarppppaa, 3445, 0, 0, 0, , 0, 0, 0, 0, 0, 
69, 1, 69, 69, -1, 166, 205, 30.0, 15, ABarppppap, 4809, 0, 0, 0, , 0, 0, 0, 0, 0, 
70, 1, 70, 70, -1, 214, 169, 28.0, 15, ABarpppaap, 4825, 0, 0, 0, , 0, 0, 0, 0, 0, 
71, 1, 71, 71, -1, 313, 212, 25.0, 13, ABalapppaap, 2701, 0, 0, 0, , 0, 0, 0, 0, 0, 
72, 1, 72, 72, -1, 325, 191, 23.0, 11, ABalappppap, 1680, 0, 0, 0, , 0, 0, 0, 0, 0, 
73, 1, 73, 73, -1, 319, 230, 26.0, 13, ABalapppaaa, 2509, 0, 0, 0, , 0, 0, 0, 0, 0, 
74, 1, 74, 74, -1, 317, 210, 27.0, 11, ABalappaaa, 1556, 0, 0, 0, , 0, 0, 0, 0, 0, 
75, 0, 76, -1, -1, 315, 183, 24.0, 9, , 649, 0, 0, 0, , 0, 0, 0, 0, 0, 
76, 1, 77, 76, -1, 329, 257, 27.0, 13, ABalapapppa, 3450, 0, 0, 0, , 0, 0, 0, 0, 0, 
77, 1, 78, 77, -1, 345, 249, 26.0, 15, ABalapapppp, 3332, 0, 0, 0, , 0, 0, 0, 0, 0, 
78, 0, 79, -1, -1, 331, 226, 24.0, 11, , 1121, 0, 0, 0, , 0, 0, 0, 0, 0, 
79, 1, 80, 79, -1, 340, 226, 25.0, 13, ABplaaaaaaa, 4308, 0, 0, 0, , 0, 0, 0, 0, 0, 
80, 0, 81, -1, -1, 316, 226, 35.0, 19, , 13730, 0, 0, 0, , 0, 0, 0, 0, 0, 
81, 1, 82, 81, -1, 311, 217, 30.0, 9, ABalapppapa, 477, 0, 0, 0, , 0, 0, 0, 0, 0, 
82, 1, 83, 82, -1, 318, 284, 28.0, 11, ABalapaaaap, 3094, 0, 0, 0, , 0, 0, 0, 0, 0, 
83, 1, 84, 83, -1, 324, 269, 26.0, 13, ABalapaaaaa, 4231, 0, 0, 0, , 0, 0, 0, 0, 0, 
84, 1, 85, 84, -1, 323, 250, 23.0, 15, ABalaaapall, 4241, 0, 0, 0, , 0, 0, 0, 0, 0, 
85, 1, 86, 85, -1, 333, 264, 24.0, 15, ABalppppapa, 2070, 0, 0, 0, , 0, 0, 0, 0, 0, 
86, 1, 87, 86, -1, 346, 277, 20.0, 13, ABalapaapap, 2788, 0, 0, 0, , 0, 0, 0, 0, 0, 
87, 1, 88, 87, -1, 302, 203, 22.0, 15, ABalaapaaar, 4486, 0, 0, 0, , 0, 0, 0, 0, 0, 
88, 1, 89, 88, -1, 285, 196, 11.0, 11, ABalaapapa, 5333, 0, 0, 0, , 0, 0, 0, 0, 0, 
89, 1, 90, 89, -1, 299, 187, 18.0, 13, ABalaapaapa, 2836, 0, 0, 0, , 0, 0, 0, 0, 0, 
90, 1, 91, 708, -1, 309, 193, 14.0, 13, ABalaapaapp, 3964, 0, 0, 0, , 0, 0, 0, 0, 0, 
91, 1, 92, 91, -1, 279, 191, 19.0, 13, ABarappppaa, 4884, 0, 0, 0, , 0, 0, 0, 0, 0, 
92, 1, 93, 92, -1, 260, 168, 17.0, 11, ABalaapppaa, 3549, 0, 0, 0, , 0, 0, 0, 0, 0, 
93, 1, 94, 93, -1, 332, 234, 14.0, 11, ABalaaaalpp, 3846, 0, 0, 0, , 0, 0, 0, 0, 0, 
94, 1, 95, 94, -1, 334, 250, 17.0, 15, ABalaaaalpa, 2183, 0, 0, 0, , 0, 0, 0, 0, 0, 
95, 1, 96, 95, -1, 317, 208, 21.0, 11, ABalaaaarrp, 4181, 0, 0, 0, , 0, 0, 0, 0, 0, 
96, 1, 97, 96, -1, 312, 200, 17.0, 13, ABalaaaarra, 3986, 0, 0, 0, , 0, 0, 0, 0, 0, 
97, 1, 98, 97, -1, 321, 221, 21.0, 15, ABalaaaarlp, 4508, 0, 0, 0, , 0, 0, 0, 0, 0, 
98, 1, 99, 98, -1, 334, 230, 17.0, 13, ABalaaaarla, 3546, 0, 0, 0, , 0, 0, 0, 0, 0, 
99, 1, 100, 99, -1, 320, 195, 18.0, 13, ABalaaapplr, 3791, 0, 0, 0, , 0, 0, 0, 0, 0, 
100, 1, 101, 100, -1, 295, 199, 24.0, 13, ABalaaapprr, 4400, 0, 0, 0, , 0, 0, 0, 0, 0, 
101, 1, 102, 101, -1, 301, 169, 18.0, 13, ABpraaaaapv, 4240, 0, 0, 0, , 0, 0, 0, 0, 0, 
102, 1, 103, 102, -1, 308, 181, 16.0, 15, ABalaaapprl, 3703, 0, 0, 0, , 0, 0, 0, 0, 0, 
103, 1, 104, 103, -1, 323, 214, 29.0, 11, ABalappaap, 2359, 0, 0, 0, , 0, 0, 0, 0, 0, 
104, 0, 106, -1, -1, 107, 286, 12.0, 7, , 471, 0, 0, 0, , 0, 0, 0, 0, 0, 
105, 1, 107, 105, -1, 130, 296, 12.0, 13, ABplppppapp, 4800, 0, 0, 0, , 0, 0, 0, 0, 0, 
106, 1, 108, 106, -1, 141, 306, 15.0, 13, ABplppppaaa, 3933, 0, 0, 0, , 0, 0, 0, 0, 0, 
107, 1, 109, 107, -1, 131, 302, 16.0, 13, ABplppppaap, 4808, 0, 0, 0, , 0, 0, 0, 0, 0, 
108, 1, 110, 108, -1, 85, 313, 13.0, 13, ABplppppppp, 3903, 0, 0, 0, , 0, 0, 0, 0, 0, 
109, 1, 111, 109, -1, 93, 307, 11.0, 13, ABplppppppa, 3897, 0, 0, 0, , 0, 0, 0, 0, 0, 
110, 1, 112, 110, -1, 127, 335, 19.0, 13, ABplpppppap, 5279, 0, 0, 0, , 0, 0, 0, 0, 0, 
111, 1, 113, 111, -1, 133, 319, 17.0, 13, ABplpppppaa, 5356, 0, 0, 0, , 0, 0, 0, 0, 0, 
112, 1, 114, 112, -1, 125, 315, 10.0, 11, ABplpppapaa, 3739, 0, 0, 0, , 0, 0, 0, 0, 0, 
113, 1, 115, 113, -1, 120, 326, 14.0, 11, ABplpppaapp, 4414, 0, 0, 0, , 0, 0, 0, 0, 0, 
114, 1, 116, 114, -1, 159, 312, 11.0, 17, ABplpppaaaa, 6033, 0, 0, 0, , 0, 0, 0, 0, 0, 
115, 1, 117, 115, -1, 160, 319, 14.0, 15, ABplpppaaap, 5623, 0, 0, 0, , 0, 0, 0, 0, 0, 
116, 1, 118, 116, -1, 165, 306, 14.0, 11, ABplppapppp, 4112, 0, 0, 0, , 0, 0, 0, 0, 0, 
117, 1, 119, 117, -1, 173, 290, 16.0, 11, ABplppapppa, 3680, 0, 0, 0, , 0, 0, 0, 0, 0, 
118, 1, 120, 118, -1, 192, 285, 17.0, 13, ABplppappap, 4295, 0, 0, 0, , 0, 0, 0, 0, 0, 
119, 1, 121, 119, -1, 204, 288, 15.0, 13, ABplppappaa, 4633, 0, 0, 0, , 0, 0, 0, 0, 0, 
120, 1, 122, 120, -1, 185, 292, 15.0, 13, ABplppapapa, 3989, 0, 0, 0, , 0, 0, 0, 0, 0, 
121, 1, 123, 121, -1, 174, 308, 16.0, 13, ABplppapapp, 4159, 0, 0, 0, , 0, 0, 0, 0, 0, 
122, 1, 124, 122, -1, 171, 291, 12.0, 13, ABplppaappp, 5729, 0, 0, 0, , 0, 0, 0, 0, 0, 
123, 1, 125, 123, -1, 252, 249, 14.0, 13, ABplpappaaa, 4680, 0, 0, 0, , 0, 0, 0, 0, 0, 
124, 1, 126, 124, -1, 204, 271, 20.0, 11, MSaappaa, 2999, 0, 0, 0, , 0, 0, 0, 0, 0, 
125, 1, 127, 125, -1, 119, 291, 15.0, 15, ABplpappppp, 3853, 0, 0, 0, , 0, 0, 0, 0, 0, 
126, 1, 128, 126, -1, 138, 284, 16.0, 13, ABplpappppa, 3536, 0, 0, 0, , 0, 0, 0, 0, 0, 
127, 1, 129, 127, -1, 146, 290, 14.0, 13, ABplpapppaa, 3341, 0, 0, 0, , 0, 0, 0, 0, 0, 
128, 1, 130, 128, -1, 135, 267, 15.0, 13, ABplpapppap, 3556, 0, 0, 0, , 0, 0, 0, 0, 0, 
129, 1, 131, 129, -1, 221, 285, 13.0, 11, ABplpapappa, 3085, 0, 0, 0, , 0, 0, 0, 0, 0, 
130, 1, 132, 130, -1, 171, 276, 15.0, 11, ABplpapappp, 2742, 0, 0, 0, , 0, 0, 0, 0, 0, 
131, 1, 133, 131, -1, 250, 285, 14.0, 13, ABplpapapap, 2757, 0, 0, 0, , 0, 0, 0, 0, 0, 
132, 0, 134, -1, -1, 240, 271, 14.0, 13, , 1758, 0, 0, 0, , 0, 0, 0, 0, 0, 
133, 1, 134, 133, -1, 240, 283, 15.0, 13, ABplpapapaa, 4823, 0, 0, 0, , 0, 0, 0, 0, 0, 
134, 1, 135, 134, -1, 271, 265, 14.0, 9, ABplpapaapa, 2135, 0, 0, 0, , 0, 0, 0, 0, 0, 
135, 1, 136, 135, -1, 266, 276, 12.0, 11, ABplpapaapp, 3383, 0, 0, 0, , 0, 0, 0, 0, 0, 
136, 1, 137, 136, -1, 248, 271, 12.0, 15, ABplpapaaap, 3878, 0, 0, 0, , 0, 0, 0, 0, 0, 
137, 1, 138, 137, -1, 257, 268, 15.0, 13, ABplpapaaaa, 4201, 0, 0, 0, , 0, 0, 0, 0, 0, 
138, 1, 139, 138, -1, 198, 302, 16.0, 11, ABplppapaap, 4968, 0, 0, 0, , 0, 0, 0, 0, 0, 
139, 0, 140, -1, -1, 224, 264, 13.0, 11, , 2099, 0, 0, 0, , 0, 0, 0, 0, 0, 
140, 1, 141, 140, -1, 316, 276, 17.0, 13, ABplpaaaaaa, 6176, 0, 0, 0, , 0, 0, 0, 0, 0, 
141, 1, 142, 141, -1, 306, 273, 15.0, 15, ABplpaaappa, 4212, 0, 0, 0, , 0, 0, 0, 0, 0, 
142, 1, 143, 142, -1, 313, 255, 14.0, 13, ABplpaaapaa, 12083, 0, 0, 0, , 0, 0, 0, 0, 0, 
143, 0, 144, -1, -1, 294, 286, 20.0, 13, , 3631, 0, 0, 0, , 0, 0, 0, 0, 0, 
144, 1, 145, 144, -1, 279, 323, 20.0, 15, ABplpaappap, 6420, 0, 0, 0, , 0, 0, 0, 0, 0, 
145, 1, 146, 145, -1, 272, 309, 19.0, 13, ABplpaappaa, 4140, 0, 0, 0, , 0, 0, 0, 0, 0, 
146, 1, 147, 146, -1, 292, 278, 14.0, 15, ABplpaaappp, 5723, 0, 0, 0, , 0, 0, 0, 0, 0, 
147, 1, 148, 147, -1, 306, 268, 10.0, 17, ABplpaapapp, 9569, 0, 0, 0, , 0, 0, 0, 0, 0, 
148, 1, 149, 148, -1, 283, 264, 10.0, 17, ABplpaapppp, 6039, 0, 0, 0, , 0, 0, 0, 0, 0, 
149, 1, 150, 149, -1, 286, 313, 18.0, 15, ABplpaapaap, 6005, 0, 0, 0, , 0, 0, 0, 0, 0, 
150, 1, 151, 150, -1, 312, 283, 21.0, 13, ABplpaapaaa, 6929, 0, 0, 0, , 0, 0, 0, 0, 0, 
151, 1, 152, 151, -1, 355, 271, 17.0, 13, ABplpaapapa, 6843, 0, 0, 0, , 0, 0, 0, 0, 0, 
152, 0, 153, -1, -1, 269, 319, 15.0, 15, , 2512, 0, 0, 0, , 0, 0, 0, 0, 0, 
153, 1, 154, 153, -1, 247, 329, 16.0, 13, ABplaapppp, 7822, 0, 0, 0, , 0, 0, 0, 0, 0, 
154, 1, 155, 154, -1, 341, 212, 20.0, 13, ABplaapaaaa, 4811, 0, 0, 0, , 0, 0, 0, 0, 0, 
155, 1, 156, 155, -1, 352, 227, 21.0, 15, ABplaapaaap, 5349, 0, 0, 0, , 0, 0, 0, 0, 0, 
156, 1, 157, 156, -1, 346, 262, 21.0, 13, ABplaapaapa, 5559, 0, 0, 0, , 0, 0, 0, 0, 0, 
157, 1, 158, 157, -1, 334, 283, 22.0, 15, ABplaapaapp, 5335, 0, 0, 0, , 0, 0, 0, 0, 0, 
158, 1, 159, 158, -1, 296, 315, 26.0, 15, ABplaapappp, 6867, 0, 0, 0, , 0, 0, 0, 0, 0, 
159, 1, 160, 159, -1, 292, 300, 27.0, 15, ABplaapappa, 4306, 0, 0, 0, , 0, 0, 0, 0, 0, 
160, 1, 161, 160, -1, 270, 315, 26.0, 15, ABplaapapap, 5648, 0, 0, 0, , 0, 0, 0, 0, 0, 
161, 1, 162, 161, -1, 276, 308, 24.0, 15, ABplaapapaa, 5844, 0, 0, 0, , 0, 0, 0, 0, 0, 
162, 1, 163, 162, -1, 328, 251, 30.0, 15, ABplaaaaapp, 4572, 0, 0, 0, , 0, 0, 0, 0, 0, 
163, 1, 164, 163, -1, 309, 268, 27.0, 14, MSapaaap, 2797, 0, 0, 0, , 0, 0, 0, 0, 0, 
164, 1, 165, 164, -1, 350, 230, 27.0, 13, ABarpaaaapp, 3732, 0, 0, 0, , 0, 0, 0, 0, 0, 
165, 1, 166, 165, -1, 339, 241, 30.0, 11, ABplaaaaaap, 4166, 0, 0, 0, , 0, 0, 0, 0, 0, 
166, 1, 167, 166, -1, 334, 224, 34.0, 17, ABplaaaapp, 6650, 0, 0, 0, , 0, 0, 0, 0, 0, 
167, 0, 168, -1, -1, 340, 281, 28.0, 13, , 4349, 0, 0, 0, , 0, 0, 0, 0, 0, 
168, 1, 169, 169, -1, 320, 301, 28.0, 17, ABplaaappp, 9397, 0, 0, 0, , 0, 0, 0, 0, 0, 
169, 1, 170, 170, -1, 354, 268, 25.0, 17, ABplaaapap, 4717, 0, 0, 0, , 0, 0, 0, 0, 0, 
170, 1, 171, 171, -1, 356, 249, 23.0, 13, ABplaaapaa, 6045, 0, 0, 0, , 0, 0, 0, 0, 0, 
171, 1, 172, 172, -1, 140, 309, 9.0, 17, ABplappppa, 5652, 0, 0, 0, , 0, 0, 0, 0, 0, 
172, 1, 173, 173, -1, 90, 332, 12.0, 15, ABplappppp, 4805, 0, 0, 0, , 0, 0, 0, 0, 0, 
173, 1, 174, 174, -1, 125, 350, 15.0, 13, ABplapppaaa, 4414, 0, 0, 0, , 0, 0, 0, 0, 0, 
174, 1, 175, 175, -1, 115, 329, 12.0, 15, ABplapppapp, 2353, 0, 0, 0, , 0, 0, 0, 0, 0, 
175, 1, 176, 176, -1, 102, 335, 11.0, 11, ABplapppapa, 3707, 0, 0, 0, , 0, 0, 0, 0, 0, 
176, 1, 177, 177, -1, 209, 339, 20.0, 17, ABplappaaa, 6480, 0, 0, 0, , 0, 0, 0, 0, 0, 
177, 1, 178, 178, -1, 185, 345, 19.0, 17, ABplappaap, 9336, 0, 0, 0, , 0, 0, 0, 0, 0, 
178, 1, 179, 179, -1, 167, 347, 18.0, 15, ABplappapp, 8057, 0, 0, 0, , 0, 0, 0, 0, 0, 
179, 1, 180, 180, -1, 191, 354, 27.0, 15, ABplappapa, 10165, 0, 0, 0, , 0, 0, 0, 0, 0, 
180, 1, 181, 181, -1, 223, 332, 17.0, 15, ABplapaapp, 9346, 0, 0, 0, , 0, 0, 0, 0, 0, 
181, 1, 182, 182, -1, 237, 299, 10.0, 17, ABplapaapa, 8658, 0, 0, 0, , 0, 0, 0, 0, 0, 
182, 1, 183, 183, -1, 306, 294, 32.0, 15, ABarppaaaa, 5628, 0, 0, 0, , 0, 0, 0, 0, 0, 
183, 1, 184, 184, -1, 243, 331, 23.0, 15, ABplapaaapp, 5842, 0, 0, 0, , 0, 0, 0, 0, 0, 
184, 1, 185, 185, -1, 105, 365, 18.0, 11, ABplapapppa, 2848, 0, 0, 0, , 0, 0, 0, 0, 0, 
185, 1, 186, 186, -1, 96, 341, 15.0, 17, ABplapapppp, 15591, 0, 0, 0, , 0, 0, 0, 0, 0, 
186, 1, 187, 187, -1, 149, 354, 17.0, 17, ABplapapap, 12858, 0, 0, 0, , 0, 0, 0, 0, 0, 
187, 1, 188, 188, -1, 141, 342, 12.0, 17, ABplapappa, 16218, 0, 0, 0, , 0, 0, 0, 0, 0, 
188, 1, 189, 189, -1, 144, 369, 23.0, 17, ABplapapaa, 8009, 0, 0, 0, , 0, 0, 0, 0, 0, 
189, 1, 190, 190, -1, 236, 228, 14.0, 15, ABprpapaaaa, 3424, 0, 0, 0, , 0, 0, 0, 0, 0, 
190, 1, 191, 191, -1, 237, 212, 13.0, 13, ABprpapaapp, 2564, 0, 0, 0, , 0, 0, 0, 0, 0, 
191, 1, 193, 192, -1, 161, 292, 15.0, 13, ABprpapappp, 2877, 0, 0, 0, , 0, 0, 0, 0, 0, 
192, 1, 194, 193, -1, 217, 229, 15.0, 15, ABprpapapaa, 5774, 0, 0, 0, , 0, 0, 0, 0, 0, 
193, 0, 195, -1, -1, 100, 304, 18.0, 15, , 2459, 0, 0, 0, , 0, 0, 0, 0, 0, 
194, 1, 196, 195, -1, 112, 277, 18.0, 15, ABprpappppa, 4904, 0, 0, 0, , 0, 0, 0, 0, 0, 
195, 1, 197, 196, -1, 183, 277, 14.0, 13, ABprpappapp, 3750, 0, 0, 0, , 0, 0, 0, 0, 0, 
196, 1, 198, 197, -1, 235, 250, 12.0, 15, ABprpappaap, 4877, 0, 0, 0, , 0, 0, 0, 0, 0, 
197, 1, 199, 198, -1, 268, 237, 13.0, 14, ABprpappaaa, 1834, 0, 0, 0, , 0, 0, 0, 0, 0, 
198, 1, 200, 199, -1, 234, 183, 15.0, 13, ABprpaaaaap, 5928, 0, 0, 0, , 0, 0, 0, 0, 0, 
199, 1, 201, 200, -1, 250, 181, 19.0, 13, ABpraaappaa, 4498, 0, 0, 0, , 0, 0, 0, 0, 0, 
200, 1, 202, 201, -1, 174, 258, 14.0, 13, ABprpaaaapp, 6665, 0, 0, 0, , 0, 0, 0, 0, 0, 
201, 1, 203, 202, -1, 219, 248, 10.0, 17, ABprpaaaapa, 8860, 0, 0, 0, , 0, 0, 0, 0, 0, 
202, 1, 204, 203, -1, 268, 192, 17.0, 13, ABprpaaaaaa, 13255, 0, 0, 0, , 0, 0, 0, 0, 0, 
203, 1, 205, 204, -1, 251, 219, 14.0, 11, ABprpapaapa, 3266, 0, 0, 0, , 0, 0, 0, 0, 0, 
204, 1, 206, 205, -1, 249, 199, 16.0, 13, ABprpaaappp, 6081, 0, 0, 0, , 0, 0, 0, 0, 0, 
205, 1, 207, 206, -1, 285, 196, 13.0, 11, ABprpaaapaa, 5739, 0, 0, 0, , 0, 0, 0, 0, 0, 
206, 1, 208, 207, -1, 264, 184, 13.0, 15, ABprpaaapap, 4791, 0, 0, 0, , 0, 0, 0, 0, 0, 
207, 1, 209, 208, -1, 227, 173, 18.0, 13, ABprpaapaap, 6385, 0, 0, 0, , 0, 0, 0, 0, 0, 
208, 1, 210, 209, -1, 299, 159, 21.0, 15, ABprpaapapa, 6593, 0, 0, 0, , 0, 0, 0, 0, 0, 
209, 1, 211, 210, -1, 268, 192, 11.0, 13, ABprpaapapp, 8424, 0, 0, 0, , 0, 0, 0, 0, 0, 
210, 1, 212, 211, -1, 257, 207, 11.0, 15, ABprpaapppp, 5031, 0, 0, 0, , 0, 0, 0, 0, 0, 
211, 1, 213, 212, -1, 213, 178, 19.0, 13, ABprpaappap, 4534, 0, 0, 0, , 0, 0, 0, 0, 0, 
212, 1, 214, 213, -1, 230, 183, 19.0, 11, ABprpaappaa, 3125, 0, 0, 0, , 0, 0, 0, 0, 0, 
213, 0, -1, -1, -1, 96, 253, 14.0, 11, , 2201, 0, 0, 0, , 0, 0, 0, 0, 0, 
214, 1, 216, 215, -1, 96, 259, 17.0, 15, ABprpppaapa, 5360, 0, 0, 0, , 0, 0, 0, 0, 0, 
215, 1, 217, 216, -1, 135, 243, 16.0, 15, ABprpppaaap, 5949, 0, 0, 0, , 0, 0, 0, 0, 0, 
216, 1, 218, 217, -1, 137, 251, 13.0, 17, ABprpppaaaa, 7461, 0, 0, 0, , 0, 0, 0, 0, 0, 
217, 1, 219, 218, -1, 106, 265, 12.0, 11, ABprpppapaa, 3732, 0, 0, 0, , 0, 0, 0, 0, 0, 
218, 1, 220, 219, -1, 98, 286, 10.0, 15, ABprpppapap, 4135, 0, 0, 0, , 0, 0, 0, 0, 0, 
219, 0, 221, -1, -1, 114, 301, 9.0, 11, , 1914, 0, 0, 0, , 0, 0, 0, 0, 0, 
220, 1, 222, 221, -1, 135, 260, 11.0, 15, ABprppppapa, 4476, 0, 0, 0, , 0, 0, 0, 0, 0, 
221, 1, 223, 222, -1, 127, 274, 12.0, 15, ABprppppapp, 5334, 0, 0, 0, , 0, 0, 0, 0, 0, 
222, 1, 224, 223, -1, 126, 267, 17.0, 13, ABprppppaaa, 4593, 0, 0, 0, , 0, 0, 0, 0, 0, 
223, 1, 225, 224, -1, 119, 273, 16.0, 13, ABprppppaap, 4301, 0, 0, 0, , 0, 0, 0, 0, 0, 
224, 1, 226, 225, -1, 90, 292, 11.0, 11, ABprppppppa, 3569, 0, 0, 0, , 0, 0, 0, 0, 0, 
225, 1, 227, 226, -1, 116, 254, 20.0, 15, ABprpppppaa, 4773, 0, 0, 0, , 0, 0, 0, 0, 0, 
226, 1, 228, 227, -1, 99, 260, 20.0, 13, ABprpppppap, 5006, 0, 0, 0, , 0, 0, 0, 0, 0, 
227, 1, 229, 228, -1, 219, 206, 13.0, 13, ABprppaapap, 4851, 0, 0, 0, , 0, 0, 0, 0, 0, 
228, 0, 230, -1, -1, 211, 215, 10.0, 13, , 7276, 0, 0, 0, , 0, 0, 0, 0, 0, 
229, 1, 231, 230, -1, 200, 258, 15.0, 13, ABprppaappa, 4960, 0, 0, 0, , 0, 0, 0, 0, 0, 
230, 1, 232, 231, -1, 161, 269, 13.0, 15, ABprppaappp, 5008, 0, 0, 0, , 0, 0, 0, 0, 0, 
231, 1, 233, 232, -1, 229, 191, 13.0, 13, ABprppaaaaa, 4691, 0, 0, 0, , 0, 0, 0, 0, 0, 
232, 1, 234, 233, -1, 213, 187, 15.0, 15, ABprppaaaap, 4669, 0, 0, 0, , 0, 0, 0, 0, 0, 
233, 1, 235, 234, -1, 185, 232, 13.0, 15, ABprppapaaa, 5286, 0, 0, 0, , 0, 0, 0, 0, 0, 
234, 1, 236, 235, -1, 177, 251, 17.0, 15, ABprppapaap, 11448, 0, 0, 0, , 0, 0, 0, 0, 0, 
235, 1, 237, 236, -1, 169, 264, 17.0, 13, ABprppapapa, 3283, 0, 0, 0, , 0, 0, 0, 0, 0, 
236, 1, 238, 237, -1, 152, 260, 17.0, 13, ABprppapapp, 2942, 0, 0, 0, , 0, 0, 0, 0, 0, 
237, 1, 239, 238, -1, 158, 275, 16.0, 13, ABprppapppa, 4298, 0, 0, 0, , 0, 0, 0, 0, 0, 
238, 1, 240, 239, -1, 145, 258, 15.0, 15, ABprppapppp, 3380, 0, 0, 0, , 0, 0, 0, 0, 0, 
239, 1, 241, 240, -1, 185, 253, 15.0, 10, ABprppappaa, 2345, 0, 0, 0, , 0, 0, 0, 0, 0, 
240, 1, 242, 241, -1, 183, 270, 17.0, 13, ABprppappap, 3350, 0, 0, 0, , 0, 0, 0, 0, 0, 
241, 1, 243, 242, -1, 335, 200, 20.0, 13, ABpraapaaaa, 4719, 0, 0, 0, , 0, 0, 0, 0, 0, 
242, 1, 244, 243, -1, 326, 194, 26.0, 13, ABarpapaaaa, 4328, 0, 0, 0, , 0, 0, 0, 0, 0, 
243, 1, 245, 244, -1, 335, 187, 21.0, 11, ABpraapaaap, 5223, 0, 0, 0, , 0, 0, 0, 0, 0, 
244, 1, 246, 245, -1, 290, 171, 22.0, 13, ABpraapaapa, 4513, 0, 0, 0, , 0, 0, 0, 0, 0, 
245, 1, 247, 246, -1, 230, 182, 28.0, 13, ABpraapapap, 6819, 0, 0, 0, , 0, 0, 0, 0, 0, 
246, 1, 248, 247, -1, 224, 187, 26.0, 15, ABpraapapaa, 4711, 0, 0, 0, , 0, 0, 0, 0, 0, 
247, 0, -1, -1, -1, 243, 164, 24.0, 9, , 702, 0, 0, 0, , 0, 0, 0, 0, 0, 
248, 1, 250, 249, -1, 243, 187, 27.0, 13, ABpraapappa, 4254, 0, 0, 0, , 0, 0, 0, 0, 0, 
249, 1, 251, 250, -1, 189, 191, 17.0, 19, ABpraapppp, 7980, 0, 0, 0, , 0, 0, 0, 0, 0, 
250, 1, 252, 251, -1, 276, 190, 9.0, 17, ABpraappaa, 2230, 0, 0, 0, , 0, 0, 0, 0, 0, 
251, 1, 253, 252, -1, 289, 184, 24.0, 15, ABpraaapapa, 6842, 0, 0, 0, , 0, 0, 0, 0, 0, 
252, 1, 254, 253, -1, 302, 179, 22.0, 11, ABpraaapapp, 3646, 0, 0, 0, , 0, 0, 0, 0, 0, 
253, 1, 255, 254, -1, 256, 184, 25.0, 13, ABpraaapaad, 4580, 0, 0, 0, , 0, 0, 0, 0, 0, 
254, 1, 256, 255, -1, 270, 179, 24.0, 11, ABpraaapaav, 2628, 0, 0, 0, , 0, 0, 0, 0, 0, 
255, 1, 257, 256, -1, 244, 180, 22.0, 13, ABpraaappap, 4471, 0, 0, 0, , 0, 0, 0, 0, 0, 
256, 1, 258, 257, 694, 230, 171, 23.0, 15, ABpraaapppa, 4938, 0, 0, 0, , 0, 0, 0, 0, 0, 
257, 1, 259, 258, -1, 311, 173, 19.0, 15, ABpraaaaapd, 5137, 0, 0, 0, , 0, 0, 0, 0, 0, 
258, 1, 260, 259, -1, 279, 169, 16.0, 15, ABpraaaaaaa, 5094, 0, 0, 0, , 0, 0, 0, 0, 0, 
259, 1, 261, 260, -1, 298, 183, 12.0, 15, ABpraaaaaap, 6629, 0, 0, 0, , 0, 0, 0, 0, 0, 
260, 1, 262, 261, -1, 252, 175, 15.0, 13, ABpraaaapav, 4894, 0, 0, 0, , 0, 0, 0, 0, 0, 
261, 1, 263, 262, -1, 283, 173, 13.0, 15, ABpraaaapad, 6639, 0, 0, 0, , 0, 0, 0, 0, 0, 
262, 1, 264, 263, -1, 258, 166, 25.0, 11, ABpraaaappa, 3480, 0, 0, 0, , 0, 0, 0, 0, 0, 
263, 1, 265, 264, -1, 261, 175, 28.0, 17, ABpraaaappp, 5222, 0, 0, 0, , 0, 0, 0, 0, 0, 
264, 1, 266, 265, -1, 125, 229, 21.0, 17, ABprappapp, 8942, 0, 0, 0, , 0, 0, 0, 0, 0, 
265, 1, 267, 266, -1, 143, 211, 28.0, 15, ABprappapa, 6986, 0, 0, 0, , 0, 0, 0, 0, 0, 
266, 1, 268, 267, -1, 144, 220, 22.0, 15, ABprappaap, 7770, 0, 0, 0, , 0, 0, 0, 0, 0, 
267, 1, 269, 268, -1, 161, 215, 22.0, 15, ABprappaaa, 7100, 0, 0, 0, , 0, 0, 0, 0, 0, 
268, 1, 270, 269, -1, 75, 246, 18.0, 11, ABprapppaap, 5160, 0, 0, 0, , 0, 0, 0, 0, 0, 
269, 1, 271, 270, -1, 85, 248, 16.0, 13, ABprapppaaa, 3405, 0, 0, 0, , 0, 0, 0, 0, 0, 
270, 1, 272, 271, -1, 89, 269, 15.0, 13, ABprapppapp, 4477, 0, 0, 0, , 0, 0, 0, 0, 0, 
271, 1, 273, 272, -1, 79, 259, 11.0, 11, ABprapppapa, 3718, 0, 0, 0, , 0, 0, 0, 0, 0, 
272, 1, 274, 273, -1, 73, 275, 12.0, 17, ABprappppp, 7015, 0, 0, 0, , 0, 0, 0, 0, 0, 
273, 1, 275, 274, -1, 117, 263, 10.0, 17, ABprappppa, 8392, 0, 0, 0, , 0, 0, 0, 0, 0, 
274, 1, 276, 275, -1, 205, 186, 25.0, 15, ABprapaaapa, 11780, 0, 0, 0, , 0, 0, 0, 0, 0, 
275, 1, 277, 276, -1, 189, 197, 25.0, 13, ABprapaaapp, 4882, 0, 0, 0, , 0, 0, 0, 0, 0, 
276, 1, 278, 277, -1, 230, 182, 31.0, 15, ABprapaaaap, 6942, 0, 0, 0, , 0, 0, 0, 0, 0, 
277, 1, 279, 278, -1, 171, 209, 19.0, 15, ABprapaapp, 6231, 0, 0, 0, , 0, 0, 0, 0, 0, 
278, 1, 280, 279, -1, 199, 224, 11.0, 15, ABprapaapa, 7527, 0, 0, 0, , 0, 0, 0, 0, 0, 
279, 1, 281, 280, -1, 105, 237, 14.0, 15, ABprapappa, 6946, 0, 0, 0, , 0, 0, 0, 0, 0, 
280, 1, 282, 281, -1, 73, 267, 16.0, 15, ABprapapppp, 4116, 0, 0, 0, , 0, 0, 0, 0, 0, 
281, 1, 283, 282, -1, 76, 244, 20.0, 11, ABprapapppa, 5089, 0, 0, 0, , 0, 0, 0, 0, 0, 
282, 1, 284, 283, -1, 112, 229, 18.0, 17, ABprapapap, 6470, 0, 0, 0, , 0, 0, 0, 0, 0, 
283, 1, 285, 284, -1, 96, 233, 25.0, 17, ABprapapaa, 8797, 0, 0, 0, , 0, 0, 0, 0, 0, 
284, 1, 286, 285, -1, 246, 197, 32.0, 13, MSppppap, 3544, 0, 0, 0, , 0, 0, 0, 0, 0, 
285, 1, 287, 286, -1, 231, 196, 21.0, 11, MSppppaa, 2073, 0, 0, 0, , 0, 0, 0, 0, 0, 
286, 1, 288, 287, -1, 276, 208, 35.0, 17, MSpppppa, 5978, 0, 0, 0, , 0, 0, 0, 0, 0, 
287, 1, 289, 288, -1, 233, 220, 35.0, 17, MSpppppp, 18733, 0, 0, 0, , 0, 0, 0, 0, 0, 
288, 1, 290, 289, -1, 265, 199, 32.0, 13, MSpppaaa, 4718, 0, 0, 0, , 0, 0, 0, 0, 0, 
289, 1, 291, 290, -1, 131, 254, 26.0, 13, MSpppaap, 2294, 0, 0, 0, , 0, 0, 0, 0, 0, 
290, 1, 292, 291, -1, 226, 226, 12.0, 13, ABprpapaaap, 4413, 0, 0, 0, , 0, 0, 0, 0, 0, 
291, 1, 293, 292, -1, 137, 287, 19.0, 15, MSppaapp, 6140, 0, 0, 0, , 0, 0, 0, 0, 0, 
292, 1, 294, 293, -1, 256, 192, 23.0, 9, MSppaapa, 2771, 0, 0, 0, , 0, 0, 0, 0, 0, 
293, 1, 295, 294, -1, 273, 204, 22.0, 11, MSppaaaad, 2846, 0, 0, 0, , 0, 0, 0, 0, 0, 
294, 0, 296, -1, -1, 287, 187, 30.0, 11, , 3498, 0, 0, 0, , 0, 0, 0, 0, 0, 
295, 1, 297, 296, -1, 198, 203, 27.0, 15, MSppapaa, 3425, 0, 0, 0, , 0, 0, 0, 0, 0, 
296, 1, 298, 297, -1, 252, 194, 20.0, 13, MSppapap, 680, 0, 0, 0, , 0, 0, 0, 0, 0, 
297, 1, 299, 298, -1, 194, 257, 21.0, 13, MSpapappp, 3886, 0, 0, 0, , 0, 0, 0, 0, 0, 
298, 1, 300, 299, -1, 207, 244, 23.0, 15, MSpapapaa, 5098, 0, 0, 0, , 0, 0, 0, 0, 0, 
299, 1, 301, 300, -1, 204, 233, 19.0, 15, MSpapaaap, 4273, 0, 0, 0, , 0, 0, 0, 0, 0, 
300, 1, 302, 301, -1, 194, 235, 25.0, 15, MSpapaapp, 6301, 0, 0, 0, , 0, 0, 0, 0, 0, 
301, 1, 303, 302, -1, 171, 326, 19.0, 13, MSpappaa, 4587, 0, 0, 0, , 0, 0, 0, 0, 0, 
302, 1, 304, 303, -1, 167, 242, 20.0, 13, MSpappppa, 3553, 0, 0, 0, , 0, 0, 0, 0, 0, 
303, 1, 305, 304, -1, 152, 245, 21.0, 15, MSpappppp, 4087, 0, 0, 0, , 0, 0, 0, 0, 0, 
304, 1, 306, 305, -1, 231, 249, 34.0, 15, MSpaaappp, 6772, 0, 0, 0, , 0, 0, 0, 0, 0, 
305, 1, 307, 306, -1, 242, 270, 31.0, 13, MSpaaapaa, 3810, 0, 0, 0, , 0, 0, 0, 0, 0, 
306, 1, 308, 307, -1, 214, 259, 32.0, 11, MSpaaapap, 4019, 0, 0, 0, , 0, 0, 0, 0, 0, 
307, 1, 309, 308, -1, 276, 220, 32.0, 15, MSpaaaapa, 4014, 0, 0, 0, , 0, 0, 0, 0, 0, 
308, 1, 310, 309, -1, 257, 225, 32.0, 15, MSpaaaapp, 6008, 0, 0, 0, , 0, 0, 0, 0, 0, 
309, 1, 311, 310, -1, 269, 250, 35.0, 19, MSpaaaaaa, 8132, 0, 0, 0, , 0, 0, 0, 0, 0, 
310, 1, 312, 311, -1, 247, 249, 31.0, 11, MSpaaaaap, 4244, 0, 0, 0, , 0, 0, 0, 0, 0, 
311, 1, 313, 312, -1, 213, 209, 24.0, 13, ABaraappppa, 5685, 0, 0, 0, , 0, 0, 0, 0, 0, 
312, 1, 314, 313, -1, 217, 216, 30.0, 15, ABaraapppap, 7526, 0, 0, 0, , 0, 0, 0, 0, 0, 
313, 1, 315, 314, -1, 229, 248, 32.0, 15, MSpaapaap, 5335, 0, 0, 0, , 0, 0, 0, 0, 0, 
314, 1, 316, 315, -1, 249, 239, 33.0, 13, MSpaaappa, 2877, 0, 0, 0, , 0, 0, 0, 0, 0, 
315, 1, 317, 316, -1, 233, 229, 31.0, 13, MSpaapaaa, 3892, 0, 0, 0, , 0, 0, 0, 0, 0, 
316, 1, 318, 317, -1, 272, 301, 31.0, 13, MSapppap, 3195, 0, 0, 0, , 0, 0, 0, 0, 0, 
317, 1, 319, 318, -1, 289, 267, 35.0, 17, MSappppa, 6901, 0, 0, 0, , 0, 0, 0, 0, 0, 
318, 0, 320, -1, -1, 241, 286, 30.0, 11, , 3829, 0, 0, 0, , 0, 0, 0, 0, 0, 
319, 1, 321, 320, -1, 148, 335, 20.0, 13, MSappaap, 3364, 0, 0, 0, , 0, 0, 0, 0, 0, 
320, 1, 322, 321, -1, 290, 280, 31.0, 13, MSappaaa, 2452, 0, 0, 0, , 0, 0, 0, 0, 0, 
321, 0, 323, -1, -1, 278, 286, 15.0, 9, , 1473, 0, 0, 0, , 0, 0, 0, 0, 0, 
322, 0, 324, -1, -1, 264, 283, 17.0, 11, , 1878, 0, 0, 0, , 0, 0, 0, 0, 0, 
323, 1, 325, 323, -1, 264, 280, 31.0, 17, ABaraapaapp, 18253, 0, 0, 0, , 0, 0, 0, 0, 0, 
324, 1, 326, 324, -1, 310, 247, 33.0, 15, MSapappp, 5484, 0, 0, 0, , 0, 0, 0, 0, 0, 
325, 1, 327, 325, -1, 241, 319, 26.0, 15, MSapapaa, 1461, 0, 0, 0, , 0, 0, 0, 0, 0, 
326, 1, 328, 326, -1, 153, 281, 20.0, 15, MSapaapp, 6389, 0, 0, 0, , 0, 0, 0, 0, 0, 
327, 1, 329, 327, -1, 293, 283, 19.0, 15, MSapapap, 7971, 0, 0, 0, , 0, 0, 0, 0, 0, 
328, 1, 330, 328, -1, 297, 266, 20.0, 15, MSapaaaa, 5478, 0, 0, 0, , 0, 0, 0, 0, 0, 
329, 1, 331, 329, -1, 276, 239, 28.0, 11, MSaaaaapap, 2114, 0, 0, 0, , 0, 0, 0, 0, 0, 
330, 1, 332, 330, -1, 297, 233, 32.0, 11, MSaaaaapaa, 2816, 0, 0, 0, , 0, 0, 0, 0, 0, 
331, 1, 333, 331, -1, 278, 258, 31.0, 11, MSaaapaaa, 598, 0, 0, 0, , 0, 0, 0, 0, 0, 
332, 1, 334, 332, -1, 297, 211, 27.0, 13, MSaaaaaar, 4632, 0, 0, 0, , 0, 0, 0, 0, 0, 
333, 1, 335, 333, -1, 313, 247, 27.0, 11, MSaaaaaal, 3675, 0, 0, 0, , 0, 0, 0, 0, 0, 
334, 1, 336, 334, -1, 247, 258, 35.0, 15, MSaaaapaa, 3998, 0, 0, 0, , 0, 0, 0, 0, 0, 
335, 1, 337, 335, -1, 254, 264, 32.0, 11, MSaaaapap, 2800, 0, 0, 0, , 0, 0, 0, 0, 0, 
336, 1, 338, 336, -1, 230, 272, 33.0, 13, MSaaaappa, 3535, 0, 0, 0, , 0, 0, 0, 0, 0, 
337, 1, 339, 337, -1, 227, 284, 30.0, 15, MSaaapapp, 3013, 0, 0, 0, , 0, 0, 0, 0, 0, 
338, 0, 340, -1, -1, 213, 297, 31.0, 11, , 2188, 0, 0, 0, , 0, 0, 0, 0, 0, 
339, 1, 341, 339, -1, 213, 276, 32.0, 13, MSaaappp, 4992, 0, 0, 0, , 0, 0, 0, 0, 0, 
340, 1, 342, 340, -1, 189, 318, 18.0, 17, MSaapppp, 5480, 0, 0, 0, , 0, 0, 0, 0, 0, 
341, 1, 343, 341, -1, 229, 275, 18.0, 15, MSaapaaap, 4378, 0, 0, 0, , 0, 0, 0, 0, 0, 
342, 1, 344, 342, -1, 250, 272, 18.0, 11, MSaapaaaa, 2927, 0, 0, 0, , 0, 0, 0, 0, 0, 
343, 1, 345, 343, -1, 212, 284, 19.0, 13, MSaapappp, 3377, 0, 0, 0, , 0, 0, 0, 0, 0, 
344, 1, 346, 344, -1, 242, 301, 26.0, 13, MSaapappa, 2382, 0, 0, 0, , 0, 0, 0, 0, 0, 
345, 1, 347, 345, -1, 231, 277, 21.0, 13, MSaapapaa, 4829, 0, 0, 0, , 0, 0, 0, 0, 0, 
346, 1, 348, 346, -1, 228, 291, 19.0, 13, MSaapapap, 4461, 0, 0, 0, , 0, 0, 0, 0, 0, 
347, 1, 349, 347, -1, 98, 316, 24.0, 24, Eplpa, 2428, 0, 0, 0, , 0, 0, 0, 0, 0, 
348, 1, 350, 348, -1, 113, 353, 22.0, 17, Cappapa, 4881, 0, 0, 0, , 0, 0, 0, 0, 0, 
349, 1, 351, 349, -1, 102, 347, 19.0, 15, Cappapp, 5978, 0, 0, 0, , 0, 0, 0, 0, 0, 
350, 1, 352, 350, -1, 188, 334, 30.0, 15, Cappaaa, 5249, 0, 0, 0, , 0, 0, 0, 0, 0, 
351, 1, 353, 351, -1, 80, 340, 23.0, 17, Capppap, 4942, 0, 0, 0, , 0, 0, 0, 0, 0, 
352, 1, 354, 352, -1, 109, 346, 31.0, 15, Capppaa, 6293, 0, 0, 0, , 0, 0, 0, 0, 0, 
353, 1, 355, 353, -1, 124, 353, 26.0, 13, Capapap, 6693, 0, 0, 0, , 0, 0, 0, 0, 0, 
354, 1, 356, 354, -1, 160, 346, 29.0, 17, Capapaa, 5730, 0, 0, 0, , 0, 0, 0, 0, 0, 
355, 1, 357, 355, -1, 136, 319, 13.0, 15, Capappp, 5413, 0, 0, 0, , 0, 0, 0, 0, 0, 
356, 1, 358, 356, -1, 145, 337, 17.0, 15, Capappa, 5604, 0, 0, 0, , 0, 0, 0, 0, 0, 
357, 1, 359, 357, -1, 188, 339, 22.0, 15, Capaaap, 6695, 0, 0, 0, , 0, 0, 0, 0, 0, 
358, 1, 360, 358, -1, 212, 324, 22.0, 15, Capaaaa, 5270, 0, 0, 0, , 0, 0, 0, 0, 0, 
359, 0, 361, -1, -1, 80, 293, 14.0, 15, , 3028, 0, 0, 0, , 0, 0, 0, 0, 0, 
360, 1, 362, 360, -1, 68, 303, 15.0, 13, Caappv, 4806, 0, 0, 0, , 0, 0, 0, 0, 0, 
361, 1, 363, 361, -1, 105, 304, 10.0, 15, Caapap, 4671, 0, 0, 0, , 0, 0, 0, 0, 0, 
362, 1, 364, 362, -1, 89, 358, 20.0, 11, Cpappd, 2400, 0, 0, 0, , 0, 0, 0, 0, 0, 
363, 1, 365, 363, -1, 74, 327, 14.0, 15, Cpappv, 5595, 0, 0, 0, , 0, 0, 0, 0, 0, 
364, 1, 366, 364, -1, 65, 273, 24.0, 23, Cpapaa, 22036, 0, 0, 0, , 0, 0, 0, 0, 0, 
365, 1, 367, 365, -1, 116, 244, 25.0, 15, Cppaapp, 5579, 0, 0, 0, , 0, 0, 0, 0, 0, 
366, 1, 368, 366, -1, 141, 237, 25.0, 13, Cppaapa, 4395, 0, 0, 0, , 0, 0, 0, 0, 0, 
367, 1, 369, 367, -1, 159, 228, 24.0, 13, Cppaaap, 3781, 0, 0, 0, , 0, 0, 0, 0, 0, 
368, 1, 370, 368, -1, 177, 225, 22.0, 15, Cppaaaa, 4295, 0, 0, 0, , 0, 0, 0, 0, 0, 
369, 1, 371, 369, -1, 140, 244, 32.0, 15, Cppapaa, 10512, 0, 0, 0, , 0, 0, 0, 0, 0, 
370, 1, 372, 370, -1, 114, 255, 15.0, 13, Cppappp, 4388, 0, 0, 0, , 0, 0, 0, 0, 0, 
371, 1, 373, 371, -1, 107, 245, 19.0, 13, Cppappa, 4587, 0, 0, 0, , 0, 0, 0, 0, 0, 
372, 1, 374, 372, -1, 134, 261, 35.0, 15, Cpppaap, 5134, 0, 0, 0, , 0, 0, 0, 0, 0, 
373, 1, 375, 373, -1, 166, 232, 31.0, 15, Cpppaaa, 4880, 0, 0, 0, , 0, 0, 0, 0, 0, 
374, 1, 376, 374, -1, 78, 269, 21.0, 15, Cpppapp, 6235, 0, 0, 0, , 0, 0, 0, 0, 0, 
375, 1, 377, 375, -1, 86, 262, 26.0, 17, Cpppapa, 10878, 0, 0, 0, , 0, 0, 0, 0, 0, 
376, 1, 378, 376, -1, 251, 300, 16.0, 13, Daapa, 4555, 0, 0, 0, , 0, 0, 0, 0, 0, 
377, 1, 379, 377, -1, 235, 306, 15.0, 15, Daapp, 5238, 0, 0, 0, , 0, 0, 0, 0, 0, 
378, 1, 380, 378, -1, 253, 307, 19.0, 11, Daaaa, 3136, 0, 0, 0, , 0, 0, 0, 0, 0, 
379, 1, 381, 379, -1, 242, 311, 31.0, 15, Daaap, 7091, 0, 0, 0, , 0, 0, 0, 0, 0, 
380, 1, 382, 380, -1, 222, 299, 34.0, 13, Dappaa, 3535, 0, 0, 0, , 0, 0, 0, 0, 0, 
381, 1, 383, 381, -1, 206, 317, 32.0, 15, Dappap, 1408, 0, 0, 0, , 0, 0, 0, 0, 0, 
382, 1, 384, 382, -1, 169, 325, 33.0, 13, Dapppp, 2683, 0, 0, 0, , 0, 0, 0, 0, 0, 
383, 1, 385, 383, -1, 193, 314, 33.0, 15, Dapppa, 2114, 0, 0, 0, , 0, 0, 0, 0, 0, 
384, 1, 386, 384, -1, 198, 214, 16.0, 15, Dpapp, 10010, 0, 0, 0, , 0, 0, 0, 0, 0, 
385, 1, 387, 385, -1, 213, 206, 18.0, 13, Dpapa, 4514, 0, 0, 0, , 0, 0, 0, 0, 0, 
386, 1, 388, 386, -1, 212, 208, 33.0, 19, Dpaap, 11929, 0, 0, 0, , 0, 0, 0, 0, 0, 
387, 0, 389, -1, -1, 217, 197, 34.0, 13, , 1101, 0, 0, 0, , 0, 0, 0, 0, 0, 
388, 1, 390, 388, -1, 209, 196, 21.0, 13, Dpaaa, 3879, 0, 0, 0, , 0, 0, 0, 0, 0, 
389, 1, 391, 389, -1, 180, 244, 34.0, 13, Dppppa, 1782, 0, 0, 0, , 0, 0, 0, 0, 0, 
390, 1, 392, 390, -1, 159, 254, 33.0, 15, Dppppp, 2487, 0, 0, 0, , 0, 0, 0, 0, 0, 
391, 1, 393, 391, -1, 197, 250, 34.0, 15, Dpppap, 6555, 0, 0, 0, , 0, 0, 0, 0, 0, 
392, 1, 394, 392, -1, 216, 235, 35.0, 17, Dpppaa, 5045, 0, 0, 0, , 0, 0, 0, 0, 0, 
393, 1, 395, 393, -1, 192, 205, 21.0, 13, Dppaa, 4255, 0, 0, 0, , 0, 0, 0, 0, 0, 
394, 1, 396, 394, -1, 185, 222, 31.0, 15, Dppap, 5012, 0, 0, 0, , 0, 0, 0, 0, 0, 
395, 0, 397, -1, -1, 379, 245, 25.0, 15, , 7797, 0, 0, 0, , 0, 0, 0, 0, 0, 
396, 0, 398, -1, -1, 292, 289, 22.0, 9, , 1141, 0, 0, 0, , 0, 0, 0, 0, 0, 
397, 0, -1, -1, -1, 308, 293, 26.0, 13, , 1028, 0, 0, 0, , 0, 0, 0, 0, 0, 
398, 1, 400, 397, -1, 299, 314, 22.0, 13, ABalppppppaa, 3167, 0, 0, 0, , 0, 0, 0, 0, 0, 
399, 1, 401, 398, -1, 280, 322, 23.0, 11, ABalppppppap, 2297, 0, 0, 0, , 0, 0, 0, 0, 0, 
400, 1, 402, 399, -1, 310, 309, 19.0, 15, ABalpppppppa, 4831, 0, 0, 0, , 0, 0, 0, 0, 0, 
401, 0, 403, -1, -1, 346, 253, 24.0, 14, , 929, 0, 0, 0, , 0, 0, 0, 0, 0, 
402, 1, 404, 401, -1, 332, 275, 16.0, 11, ABalpppaaaa, 3590, 0, 0, 0, , 0, 0, 0, 0, 0, 
403, 1, 405, 402, -1, 329, 257, 12.0, 15, ABalpppaaap, 13313, 0, 0, 0, , 0, 0, 0, 0, 0, 
404, 1, 406, 403, -1, 346, 268, 16.0, 11, ABalpppaapd, 3069, 0, 0, 0, , 0, 0, 0, 0, 0, 
405, 1, 407, 404, -1, 352, 250, 17.0, 13, ABalpppaapv, 4710, 0, 0, 0, , 0, 0, 0, 0, 0, 
406, 1, 408, 405, -1, 308, 294, 15.0, 14, ABalpppapad, 3201, 0, 0, 0, , 0, 0, 0, 0, 0, 
407, 1, 409, 406, -1, 328, 277, 13.0, 13, ABalpppapav, 4888, 0, 0, 0, , 0, 0, 0, 0, 0, 
408, 1, 410, 407, -1, 346, 250, 15.0, 13, ABalaaapalr, 2889, 0, 0, 0, , 0, 0, 0, 0, 0, 
409, 1, 411, 408, -1, 339, 251, 13.0, 17, ABalppaaapp, 3522, 0, 0, 0, , 0, 0, 0, 0, 0, 
410, 1, 412, 409, -1, 303, 263, 12.0, 13, ABalppaappp, 2405, 0, 0, 0, , 0, 0, 0, 0, 0, 
411, 1, 413, 410, -1, 284, 303, 15.0, 15, ABplpaaaaap, 8402, 0, 0, 0, , 0, 0, 0, 0, 0, 
412, 1, 414, 411, -1, 288, 261, 14.0, 14, ABalppapppa, 3335, 0, 0, 0, , 0, 0, 0, 0, 0, 
413, 1, 415, 412, -1, 316, 258, 20.0, 13, ABalppappaa, 4865, 0, 0, 0, , 0, 0, 0, 0, 0, 
414, 1, 416, 413, -1, 322, 270, 21.0, 13, ABalapaappa, 5626, 0, 0, 0, , 0, 0, 0, 0, 0, 
415, 1, 417, 414, -1, 279, 250, 11.0, 11, ABalppapapa, 2793, 0, 0, 0, , 0, 0, 0, 0, 0, 
416, 1, 418, 415, -1, 299, 247, 12.0, 13, ABalppapapp, 8840, 0, 0, 0, , 0, 0, 0, 0, 0, 
417, 1, 419, 416, -1, 298, 239, 10.0, 15, ABplaappaa, 5525, 0, 0, 0, , 0, 0, 0, 0, 0, 
418, 1, 420, 417, -1, 321, 243, 18.0, 11, ABalppapaaa, 4441, 0, 0, 0, , 0, 0, 0, 0, 0, 
419, 1, 421, 418, -1, 268, 251, 13.0, 13, ABalpapapaa, 7575, 0, 0, 0, , 0, 0, 0, 0, 0, 
420, 1, 422, 419, -1, 204, 286, 10.0, 11, ABalpapappa, 6092, 0, 0, 0, , 0, 0, 0, 0, 0, 
421, 1, 423, 420, -1, 303, 225, 11.0, 13, ABalpapaapp, 6658, 0, 0, 0, , 0, 0, 0, 0, 0, 
422, 1, 424, 421, -1, 292, 234, 16.0, 15, ABalpapaapa, 4961, 0, 0, 0, , 0, 0, 0, 0, 0, 
423, 0, 425, -1, -1, 312, 230, 12.0, 13, , 5538, 0, 0, 0, , 0, 0, 0, 0, 0, 
424, 1, 426, 423, -1, 273, 249, 20.0, 13, ABalpaaaapa, 2898, 0, 0, 0, , 0, 0, 0, 0, 0, 
425, 1, 427, 424, -1, 273, 260, 18.0, 15, ABalpaaaaap, 5287, 0, 0, 0, , 0, 0, 0, 0, 0, 
426, 1, 428, 425, -1, 251, 247, 21.0, 11, ABalpappaaa, 5752, 0, 0, 0, , 0, 0, 0, 0, 0, 
427, 1, 429, 426, -1, 275, 282, 21.0, 13, ABalpapppaa, 7308, 0, 0, 0, , 0, 0, 0, 0, 0, 
428, 1, 430, 427, -1, 250, 261, 22.0, 11, ABalpapppap, 8331, 0, 0, 0, , 0, 0, 0, 0, 0, 
429, 1, 431, 428, -1, 291, 271, 25.0, 13, ABalpaaapaa, 4920, 0, 0, 0, , 0, 0, 0, 0, 0, 
430, 1, 432, 429, -1, 290, 269, 27.0, 13, ABalpaaapap, 4235, 0, 0, 0, , 0, 0, 0, 0, 0, 
431, 1, 433, 430, -1, 253, 254, 17.0, 11, ABalpaaaapp, 5580, 0, 0, 0, , 0, 0, 0, 0, 0, 
432, 1, 434, 431, -1, 283, 252, 21.0, 13, ABalpaaaaaa, 5865, 0, 0, 0, , 0, 0, 0, 0, 0, 
433, 1, 435, 432, -1, 276, 271, 19.0, 13, ABalpappaap, 4080, 0, 0, 0, , 0, 0, 0, 0, 0, 
434, 0, 436, -1, -1, 293, 236, 18.0, 13, , 4922, 0, 0, 0, , 0, 0, 0, 0, 0, 
435, 1, 437, 434, -1, 314, 232, 20.0, 13, ABalpaapppa, 3949, 0, 0, 0, , 0, 0, 0, 0, 0, 
436, 1, 438, 435, -1, 323, 226, 16.0, 13, ABalpaapppp, 3620, 0, 0, 0, , 0, 0, 0, 0, 0, 
437, 1, 439, 436, -1, 304, 235, 21.0, 13, ABalpaappaa, 3059, 0, 0, 0, , 0, 0, 0, 0, 0, 
438, 1, 440, 437, -1, 277, 266, 28.0, 15, ABalpaapapa, 6496, 0, 0, 0, , 0, 0, 0, 0, 0, 
439, 0, 441, -1, -1, 290, 252, 25.0, 15, , 4795, 0, 0, 0, , 0, 0, 0, 0, 0, 
440, 0, 442, -1, -1, 295, 248, 20.0, 9, , 595, 0, 0, 0, , 0, 0, 0, 0, 0, 
441, 1, 443, 440, -1, 175, 280, 30.0, 19, Earap, 9345, 0, 0, 0, , 0, 0, 0, 0, 0, 
442, 1, 444, 441, -1, 133, 312, 26.0, 13, Ealpp, 4093, 0, 0, 0, , 0, 0, 0, 0, 0, 
443, 0, 445, -1, -1, 178, 272, 26.0, 11, , 1835, 0, 0, 0, , 0, 0, 0, 0, 0, 
444, 1, 446, 443, -1, 133, 292, 30.0, 23, Earpp, 2066, 0, 0, 0, , 0, 0, 0, 0, 0, 
445, 0, 447, -1, -1, 168, 302, 26.0, 15, , 5814, 0, 0, 0, , 0, 0, 0, 0, 0, 
446, 1, 448, 445, -1, 211, 290, 23.0, 15, Ealaad, 10288, 0, 0, 0, , 0, 0, 0, 0, 0, 
447, 1, 449, 446, -1, 99, 287, 19.0, 21, Eprpp, 13933, 0, 0, 0, , 0, 0, 0, 0, 0, 
448, 1, 450, 447, -1, 209, 326, 28.0, 15, Dapap, 3706, 0, 0, 0, , 0, 0, 0, 0, 0, 
449, 1, 451, 448, -1, 230, 315, 19.0, 15, Dapaa, 5897, 0, 0, 0, , 0, 0, 0, 0, 0, 
450, 1, 452, 449, -1, 232, 299, 23.0, 15, MSaapaapp, 10552, 0, 0, 0, , 0, 0, 0, 0, 0, 
451, 1, 453, 450, -1, 241, 302, 22.0, 13, MSaapaapa, 3155, 0, 0, 0, , 0, 0, 0, 0, 0, 
452, 1, 454, 451, -1, 186, 203, 30.0, 17, ABarpppapp, 11137, 0, 0, 0, , 0, 0, 0, 0, 0, 
453, 1, 455, 452, -1, 265, 300, 13.0, 15, ABplppaapap, 7184, 0, 0, 0, , 0, 0, 0, 0, 0, 
454, 1, 456, 453, -1, 250, 293, 10.0, 11, ABplppaapaa, 5510, 0, 0, 0, , 0, 0, 0, 0, 0, 
455, 1, 457, 454, -1, 330, 247, 20.0, 11, ABalaaaalal, 3749, 0, 0, 0, , 0, 0, 0, 0, 0, 
456, 1, 458, 455, -1, 290, 182, 27.0, 15, ABalapppppa, 3610, 0, 0, 0, , 0, 0, 0, 0, 0, 
457, 1, 459, 456, -1, 320, 170, 23.0, 13, ABarpappaa, 5035, 0, 0, 0, , 0, 0, 0, 0, 0, 
458, 1, 460, 457, -1, 101, 280, 35.0, 19, Cppppaa, 6243, 0, 0, 0, , 0, 0, 0, 0, 0, 
459, 1, 461, 458, -1, 72, 288, 28.0, 17, Cppppap, 11441, 0, 0, 0, , 0, 0, 0, 0, 0, 
460, 1, 462, 459, -1, 102, 278, 15.0, 13, Cpppppv, 4753, 0, 0, 0, , 0, 0, 0, 0, 0, 
461, 1, 463, 460, -1, 181, 268, 24.0, 19, Earpa, 13042, 0, 0, 0, , 0, 0, 0, 0, 0, 
462, 1, 464, 461, -1, 301, 192, 31.0, 15, ABarpapaapp, 4959, 0, 0, 0, , 0, 0, 0, 0, 0, 
463, 0, 465, -1, -1, 116, 303, 30.0, 13, , 4003, 0, 0, 0, , 0, 0, 0, 0, 0, 
464, 1, 466, 463, -1, 281, 230, 36.0, 23, ABarpaappa, 28256, 0, 0, 0, , 0, 0, 0, 0, 0, 
465, 0, 467, -1, -1, 270, 302, 34.0, 17, , 4465, 0, 0, 0, , 0, 0, 0, 0, 0, 
466, 0, 468, -1, -1, 115, 314, 26.0, 17, , 4426, 0, 0, 0, , 0, 0, 0, 0, 0, 
467, 1, 469, 466, -1, 193, 275, 20.0, 14, MSaappap, 6654, 0, 0, 0, , 0, 0, 0, 0, 0, 
468, 1, 470, 467, -1, 285, 217, 14.0, 11, ABalaapappa, 3680, 0, 0, 0, , 0, 0, 0, 0, 0, 
469, 0, 471, -1, -1, 135, 291, 28.0, 15, , 6942, 0, 0, 0, , 0, 0, 0, 0, 0, 
470, 1, 472, 469, -1, 217, 303, 12.0, 15, ABplppapaaa, 14033, 0, 0, 0, , 0, 0, 0, 0, 0, 
471, 1, 473, 470, -1, 335, 240, 22.0, 11, ABalaaaalar, 3674, 0, 0, 0, , 0, 0, 0, 0, 0, 
472, 1, 474, 471, -1, 283, 195, 15.0, 13, ABarappppap, 5605, 0, 0, 0, , 0, 0, 0, 0, 0, 
473, 1, 475, 472, -1, 139, 247, 18.0, 17, MSpappap, 6056, 0, 0, 0, , 0, 0, 0, 0, 0, 
474, 1, 476, 473, -1, 201, 242, 31.0, 17, MSpaapapp, 6323, 0, 0, 0, , 0, 0, 0, 0, 0, 
475, 1, 477, 474, -1, 69, 297, 19.0, 15, Cpppppd, 6145, 0, 0, 0, , 0, 0, 0, 0, 0, 
476, 1, 478, 475, -1, 303, 300, 29.0, 15, ABplapaaaaa, 5650, 0, 0, 0, , 0, 0, 0, 0, 0, 
477, 0, 479, -1, -1, 209, 264, 18.0, 9, , 935, 0, 0, 0, , 0, 0, 0, 0, 0, 
478, 1, 480, 477, -1, 289, 309, 31.0, 17, ABplapaaaap, 11604, 0, 0, 0, , 0, 0, 0, 0, 0, 
479, 1, 481, 478, -1, 327, 260, 17.0, 11, ABalppaaapa, 1936, 0, 0, 0, , 0, 0, 0, 0, 0, 
480, 0, 482, -1, -1, 262, 265, 20.0, 9, , 633, 0, 0, 0, , 0, 0, 0, 0, 0, 
481, 1, 483, 480, -1, 331, 218, 18.0, 11, ABalaaaparr, 3290, 0, 0, 0, , 0, 0, 0, 0, 0, 
482, 1, 484, 481, -1, 342, 226, 17.0, 13, ABalaaaparl, 2669, 0, 0, 0, , 0, 0, 0, 0, 0, 
483, 1, 485, 482, -1, 266, 284, 23.0, 13, ABalpaaappp, 4809, 0, 0, 0, , 0, 0, 0, 0, 0, 
484, 1, 486, 483, -1, 277, 284, 23.0, 15, ABalpaaappa, 6959, 0, 0, 0, , 0, 0, 0, 0, 0, 
485, 1, 487, 484, -1, 186, 289, 23.0, 17, Ealpa, 6347, 0, 0, 0, , 0, 0, 0, 0, 0, 
486, 1, 488, 485, -1, 227, 243, 15.0, 17, ABprpappapa, 11010, 0, 0, 0, , 0, 0, 0, 0, 0, 
487, 1, 489, 486, -1, 155, 307, 19.0, 24, Z3, 3756, 0, 0, 0, , 0, 0, 0, 0, 0, 
488, 1, 490, 487, -1, 147, 339, 33.0, 17, Cappaap, 4556, 0, 0, 0, , 0, 0, 0, 0, 0, 
489, 1, 491, 488, -1, 274, 239, 17.0, 13, ABarappaapp, 6145, 0, 0, 0, , 0, 0, 0, 0, 0, 
490, 1, 492, 489, -1, 201, 223, 27.0, 14, MSpapappa, 3329, 0, 0, 0, , 0, 0, 0, 0, 0, 
491, 1, 493, 490, -1, 198, 220, 23.0, 15, MSpapaapa, 6597, 0, 0, 0, , 0, 0, 0, 0, 0, 
492, 1, 494, 491, -1, 275, 164, 24.0, 13, ABpraapaapp, 6011, 0, 0, 0, , 0, 0, 0, 0, 0, 
493, 0, 495, -1, -1, 280, 183, 26.0, 11, , 984, 0, 0, 0, , 0, 0, 0, 0, 0, 
494, 1, 496, 493, -1, 268, 222, 21.0, 15, ABarapaaaaa, 12117, 0, 0, 0, , 0, 0, 0, 0, 0, 
495, 1, 497, 494, -1, 297, 254, 16.0, 14, ABalppapppp, 3952, 0, 0, 0, , 0, 0, 0, 0, 0, 
496, 1, 498, 495, -1, 328, 203, 18.0, 13, ABalaaappll, 3640, 0, 0, 0, , 0, 0, 0, 0, 0, 
497, 1, 499, 496, -1, 107, 256, 31.0, 13, Cppapap, 3863, 0, 0, 0, , 0, 0, 0, 0, 0, 
498, 1, 500, 497, -1, 231, 217, 24.0, 14, ABarapaappp, 9064, 0, 0, 0, , 0, 0, 0, 0, 0, 
499, 1, 501, 498, -1, 303, 294, 22.0, 11, ABalppppaad, 3821, 0, 0, 0, , 0, 0, 0, 0, 0, 
500, 1, 502, 499, -1, 241, 290, 34.0, 19, MSappppp, 11131, 0, 0, 0, , 0, 0, 0, 0, 0, 
501, 0, 503, -1, -1, 271, 321, 15.0, 21, , 9792, 0, 0, 0, , 0, 0, 0, 0, 0, 
502, 1, 504, 501, -1, 279, 285, 26.0, 13, ABalpaapapp, 5919, 0, 0, 0, , 0, 0, 0, 0, 0, 
503, 1, 505, 502, -1, 121, 340, 15.0, 13, ABplpppaapa, 7064, 0, 0, 0, , 0, 0, 0, 0, 0, 
504, 1, 506, 503, -1, 344, 215, 31.0, 17, ABplaaaapa, 6687, 0, 0, 0, , 0, 0, 0, 0, 0, 
505, 0, 507, -1, -1, 213, 297, 28.0, 15, , 7929, 0, 0, 0, , 0, 0, 0, 0, 0, 
506, 0, 508, -1, -1, 189, 191, 18.0, 17, , 19961, 0, 0, 0, , 0, 0, 0, 0, 0, 
507, 1, 509, 506, -1, 225, 229, 19.0, 13, MSpapaaaa, 4052, 0, 0, 0, , 0, 0, 0, 0, 0, 
508, 1, 510, 507, -1, 192, 227, 16.0, 13, MSpapppaa, 3702, 0, 0, 0, , 0, 0, 0, 0, 0, 
509, 1, 511, 508, -1, 181, 236, 19.0, 13, MSpapppap, 3415, 0, 0, 0, , 0, 0, 0, 0, 0, 
510, 0, 512, -1, -1, 299, 240, 35.0, 17, , 1328, 0, 0, 0, , 0, 0, 0, 0, 0, 
511, 1, 513, 510, -1, 266, 184, 22.0, 13, ABprpaapaaa, 8279, 0, 0, 0, , 0, 0, 0, 0, 0, 
512, 1, 514, 511, -1, 239, 246, 18.0, 13, ABalpappppa, 1730, 0, 0, 0, , 0, 0, 0, 0, 0, 
513, 1, 515, 512, -1, 298, 309, 15.0, 11, ABalpppppppp, 2152, 0, 0, 0, , 0, 0, 0, 0, 0, 
514, 1, 516, 513, -1, 94, 308, 10.0, 11, ABprpppapp, 3694, 0, 0, 0, , 0, 0, 0, 0, 0, 
515, 0, 517, -1, -1, 147, 306, 30.0, 13, , 2516, 0, 0, 0, , 0, 0, 0, 0, 0, 
516, 1, 518, 515, -1, 237, 203, 12.0, 13, ABprpaapppa, 7109, 0, 0, 0, , 0, 0, 0, 0, 0, 
517, 1, 519, 516, -1, 158, 292, 32.0, 19, Epraa, 7393, 0, 0, 0, , 0, 0, 0, 0, 0, 
518, 0, 520, -1, -1, 300, 188, 21.0, 11, , 2231, 0, 0, 0, , 0, 0, 0, 0, 0, 
519, 1, 521, 518, -1, 342, 201, 22.0, 14, ABarpaaaaal, 3016, 0, 0, 0, , 0, 0, 0, 0, 0, 
520, 1, 522, 519, -1, 98, 294, 14.0, 14, Caapaa, 929, 0, 0, 0, , 0, 0, 0, 0, 0, 
521, 1, 523, 520, -1, 207, 193, 34.0, 13, ABarpppapa, 2099, 0, 0, 0, , 0, 0, 0, 0, 0, 
522, 1, 524, 521, -1, 274, 286, 16.0, 11, MSappapp, 499, 0, 0, 0, , 0, 0, 0, 0, 0, 
523, 1, 525, 522, -1, 88, 234, 20.0, 11, ABarpppppp, 2441, 0, 0, 0, , 0, 0, 0, 0, 0, 
524, 1, 526, 523, -1, 235, 199, 18.0, 11, MSpppapa, 2986, 0, 0, 0, , 0, 0, 0, 0, 0, 
525, 1, 527, 524, -1, 307, 276, 31.0, 15, MSapappa, 6643, 0, 0, 0, , 0, 0, 0, 0, 0, 
526, 1, 528, 525, -1, 115, 298, 28.0, 15, Eprap, 2886, 0, 0, 0, , 0, 0, 0, 0, 0, 
527, 1, 529, 526, -1, 300, 209, 33.0, 17, MSppappp, 15304, 0, 0, 0, , 0, 0, 0, 0, 0, 
528, 1, 530, 676, -1, 99, 359, 26.0, 21, Cpapap, 3447, 0, 0, 0, , 0, 0, 0, 0, 0, 
529, 1, 531, 527, -1, 109, 310, 13.0, 15, Cappppd, 4895, 0, 0, 0, , 0, 0, 0, 0, 0, 
530, 1, 532, 528, -1, 226, 263, 29.0, 13, MSaaaappp, 5639, 0, 0, 0, , 0, 0, 0, 0, 0, 
531, 1, 533, 529, -1, 110, 355, 15.0, 11, ABplapppaap, 3301, 0, 0, 0, , 0, 0, 0, 0, 0, 
532, 1, 534, 530, -1, 134, 263, 22.0, 23, Z2, 5702, 0, 0, 0, , 0, 0, 0, 0, 0, 
533, 1, 535, 531, -1, 324, 269, 30.0, 11, ABplaaaaapa, 2972, 0, 0, 0, , 0, 0, 0, 0, 0, 
534, 1, 536, 532, -1, 194, 242, 20.0, 11, MSpapapap, 3452, 0, 0, 0, , 0, 0, 0, 0, 0, 
535, 1, 537, 533, -1, 109, 320, 29.0, 23, Eplap, 10175, 0, 0, 0, , 0, 0, 0, 0, 0, 
536, 0, 538, -1, -1, 92, 318, 24.0, 14, , 2541, 0, 0, 0, , 0, 0, 0, 0, 0, 
537, 1, 539, 535, -1, 111, 308, 20.0, 21, Eplpp, 12731, 0, 0, 0, , 0, 0, 0, 0, 0, 
538, 0, 540, -1, -1, 332, 259, 15.0, 13, , 6120, 0, 0, 0, , 0, 0, 0, 0, 0, 
539, 1, 541, 537, -1, 139, 347, 22.0, 15, Capaapp, 5562, 0, 0, 0, , 0, 0, 0, 0, 0, 
540, 1, 542, 538, -1, 166, 347, 23.0, 17, Capaapa, 6785, 0, 0, 0, , 0, 0, 0, 0, 0, 
541, 1, 543, 539, -1, 246, 185, 11.0, 17, ABpraappap, 20197, 0, 0, 0, , 0, 0, 0, 0, 0, 
542, 1, 544, 540, -1, 284, 187, 32.0, 13, MSppappa, 3538, 0, 0, 0, , 0, 0, 0, 0, 0, 
543, 0, 545, -1, -1, 215, 240, 17.0, 14, , 730, 0, 0, 0, , 0, 0, 0, 0, 0, 
544, 0, 546, -1, -1, 130, 264, 22.0, 15, , 3197, 0, 0, 0, , 0, 0, 0, 0, 0, 
545, 0, 547, -1, -1, 193, 280, 28.0, 9, , 814, 0, 0, 0, , 0, 0, 0, 0, 0, 
546, 0, -1, -1, -1, 205, 263, 28.0, 11, , 798, 0, 0, 0, , 0, 0, 0, 0, 0, 
547, 1, 549, 545, -1, 239, 168, 16.0, 11, ABpraaappppp, 2524, 0, 0, 0, , 0, 0, 0, 0, 0, 
548, 1, 550, 546, -1, 246, 160, 20.0, 17, ABpraaappppa, 12017, 0, 0, 0, , 0, 0, 0, 0, 0, 
549, 1, 551, 547, -1, 301, 294, 19.0, 15, ABalpppppaa, 5583, 0, 0, 0, , 0, 0, 0, 0, 0, 
550, 0, 552, -1, -1, 327, 294, 21.0, 13, , 5306, 0, 0, 0, , 0, 0, 0, 0, 0, 
551, 1, 553, 549, -1, 284, 198, 28.0, 13, MSppaaap, 2508, 0, 0, 0, , 0, 0, 0, 0, 0, 
552, 0, 554, -1, -1, 158, 287, 31.0, 19, , 10311, 0, 0, 0, , 0, 0, 0, 0, 0, 
553, 1, 555, 551, -1, 212, 256, 18.0, 15, ABarapapapp, 7967, 0, 0, 0, , 0, 0, 0, 0, 0, 
554, 0, 556, -1, -1, 74, 319, 18.0, 11, , 677, 0, 0, 0, , 0, 0, 0, 0, 0, 
555, 1, 557, 553, -1, 209, 311, 19.0, 13, MSaapppap, 2990, 0, 0, 0, , 0, 0, 0, 0, 0, 
556, 1, 558, 554, -1, 225, 330, 33.0, 17, Caaaaa, 2568, 0, 0, 0, , 0, 0, 0, 0, 0, 
557, 1, 559, 555, -1, 60, 276, 18.0, 13, Caappd, 3979, 0, 0, 0, , 0, 0, 0, 0, 0, 
558, 1, 560, 556, -1, 92, 250, 30.0, 15, Caaapp, 3983, 0, 0, 0, , 0, 0, 0, 0, 0, 
559, 1, 561, 557, -1, 259, 328, 23.0, 15, ABplapaaapa, 5514, 0, 0, 0, , 0, 0, 0, 0, 0, 
560, 1, 562, 558, -1, 235, 222, 22.0, 13, ABarapapppp, 5623, 0, 0, 0, , 0, 0, 0, 0, 0, 
561, 1, 563, 559, -1, 221, 299, 16.0, 15, MSaapppaa, 6080, 0, 0, 0, , 0, 0, 0, 0, 0, 
562, 0, -1, -1, -1, 197, 256, 28.0, 14, , 2573, 0, 0, 0, , 0, 0, 0, 0, 0, 
563, 1, 565, 560, -1, 193, 265, 14.0, 15, ABarappappa, 7775, 0, 0, 0, , 0, 0, 0, 0, 0, 
564, 0, 566, -1, -1, 298, 250, 22.0, 11, , 2946, 0, 0, 0, , 0, 0, 0, 0, 0, 
565, 1, 670, 562, -1, 168, 293, 24.0, 17, Ealap, 9548, 0, 0, 0, , 0, 0, 0, 0, 0, 
566, 1, 568, 563, -1, 148, 311, 31.0, 27, Eplaa, 2935, 0, 0, 0, , 0, 0, 0, 0, 0, 
567, 0, 569, -1, -1, 105, 312, 23.0, 15, , 5087, 0, 0, 0, , 0, 0, 0, 0, 0, 
568, 0, -1, -1, -1, 239, 168, 29.0, 23, , 2779, 0, 0, 0, , 0, 0, 0, 0, 0, 
569, 1, 571, 565, -1, 194, 296, 12.0, 17, ABplpaaaapp, 10555, 0, 0, 0, , 0, 0, 0, 0, 0, 
570, 0, 572, -1, -1, 259, 326, 19.0, 11, , 3808, 0, 0, 0, , 0, 0, 0, 0, 0, 
571, 0, 573, -1, -1, 108, 289, 21.0, 17, , 8526, 0, 0, 0, , 0, 0, 0, 0, 0, 
572, 0, 574, -1, -1, 140, 264, 22.0, 13, , 6823, 0, 0, 0, , 0, 0, 0, 0, 0, 
573, 1, 575, 569, -1, 245, 237, 23.0, 15, ABarapappap, 7111, 0, 0, 0, , 0, 0, 0, 0, 0, 
574, 0, 576, -1, -1, 117, 301, 9.0, 13, , 2498, 0, 0, 0, , 0, 0, 0, 0, 0, 
575, 0, 577, -1, -1, 113, 286, 9.0, 11, , 3050, 0, 0, 0, , 0, 0, 0, 0, 0, 
576, 0, 578, -1, -1, 266, 201, 13.0, 11, , 1000, 0, 0, 0, , 0, 0, 0, 0, 0, 
577, 0, 579, -1, -1, 230, 249, 23.0, 11, , 788, 0, 0, 0, , 0, 0, 0, 0, 0, 
578, 1, 580, 574, -1, 116, 306, 16.0, 13, ABprpappppp, 6174, 0, 0, 0, , 0, 0, 0, 0, 0, 
579, 0, 581, -1, -1, 195, 263, 30.0, 15, , 15923, 0, 0, 0, , 0, 0, 0, 0, 0, 
580, 1, 582, 576, -1, 276, 283, 11.0, 15, ABplpaapppa, 6727, 0, 0, 0, , 0, 0, 0, 0, 0, 
581, 1, 583, 577, -1, 248, 260, 10.0, 17, ABalpapapap, 9260, 0, 0, 0, , 0, 0, 0, 0, 0, 
582, 1, 584, 578, -1, 238, 287, 12.0, 15, ABalpapappp, 9720, 0, 0, 0, , 0, 0, 0, 0, 0, 
583, 1, 585, 579, -1, 101, 291, 23.0, 19, Eprpa, 7700, 0, 0, 0, , 0, 0, 0, 0, 0, 
584, 1, 586, 580, -1, 340, 285, 26.0, 15, ABplaaappa, 4923, 0, 0, 0, , 0, 0, 0, 0, 0, 
585, 1, 587, 581, -1, 329, 234, 29.0, 13, ABalapapapp, 2352, 0, 0, 0, , 0, 0, 0, 0, 0, 
586, 1, 588, 582, -1, 323, 206, 31.0, 9, ABalapppapp, 1209, 0, 0, 0, , 0, 0, 0, 0, 0, 
587, 0, 589, -1, -1, 295, 239, 14.0, 13, , 5741, 0, 0, 0, , 0, 0, 0, 0, 0, 
588, 0, 590, -1, -1, 231, 244, 17.0, 11, , 6727, 0, 0, 0, , 0, 0, 0, 0, 0, 
589, 1, 591, 585, -1, 230, 211, 17.0, 13, MSpppapp, 3024, 0, 0, 0, , 0, 0, 0, 0, 0, 
590, 1, 592, 586, -1, 305, 288, 25.0, 14, ABalppppaav, 2357, 0, 0, 0, , 0, 0, 0, 0, 0, 
591, 0, 593, -1, -1, 229, 321, 25.0, 11, , 2604, 0, 0, 0, , 0, 0, 0, 0, 0, 
592, 1, 594, 588, -1, 284, 221, 29.0, 15, ABaraappaap, 12791, 0, 0, 0, , 0, 0, 0, 0, 0, 
593, 1, 595, 589, -1, 296, 224, 28.0, 14, ABaraappaaa, 3431, 0, 0, 0, , 0, 0, 0, 0, 0, 
594, 1, 596, 590, -1, 267, 298, 10.0, 17, ABplaapppa, 5383, 0, 0, 0, , 0, 0, 0, 0, 0, 
595, 0, 597, -1, -1, 245, 329, 16.0, 19, , 53726, 0, 0, 0, , 0, 0, 0, 0, 0, 
596, 0, 598, -1, -1, 158, 304, 19.0, 17, , 6252, 0, 0, 0, , 0, 0, 0, 0, 0, 
597, 1, 599, 593, -1, 289, 304, 22.0, 15, ABalpppppap, 3646, 0, 0, 0, , 0, 0, 0, 0, 0, 
598, 0, 600, -1, -1, 179, 237, 24.0, 9, , 421, 0, 0, 0, , 0, 0, 0, 0, 0, 
599, 1, 601, 595, -1, 138, 362, 29.0, 19, Cpaapp, 3368, 0, 0, 0, , 0, 0, 0, 0, 0, 
600, 0, 602, -1, -1, 236, 167, 31.0, 9, , 3029, 0, 0, 0, , 0, 0, 0, 0, 0, 
601, 0, 603, -1, -1, 313, 256, 16.0, 13, , 5459, 0, 0, 0, , 0, 0, 0, 0, 0, 
602, 1, 605, 597, -1, 269, 290, 28.0, 9, MSaaapaap, 2021, 0, 0, 0, , 0, 0, 0, 0, 0, 
603, 0, 606, -1, -1, 247, 164, 29.0, 13, , 1521, 0, 0, 0, , 0, 0, 0, 0, 0, 
604, 0, 608, -1, -1, 85, 354, 20.0, 17, , 5546, 0, 0, 0, , 0, 0, 0, 0, 0, 
605, 0, 609, -1, -1, 345, 239, 20.0, 11, , 853, 0, 0, 0, , 0, 0, 0, 0, 0, 
606, 1, 610, 601, -1, 77, 326, 17.0, 15, Cappppv, 5685, 0, 0, 0, , 0, 0, 0, 0, 0, 
607, 0, 611, -1, -1, 115, 283, 9.0, 13, , 2363, 0, 0, 0, , 0, 0, 0, 0, 0, 
608, 1, 612, 603, -1, 123, 291, 10.0, 17, ABplpppapap, 8547, 0, 0, 0, , 0, 0, 0, 0, 0, 
609, 1, 613, 604, -1, 279, 303, 13.0, 15, ABplppaaaaa, 7350, 0, 0, 0, , 0, 0, 0, 0, 0, 
610, 1, 614, 605, -1, 297, 171, 15.0, 11, ABalaappaa, 3642, 0, 0, 0, , 0, 0, 0, 0, 0, 
611, 0, 615, -1, -1, 253, 214, 18.0, 11, , 2440, 0, 0, 0, , 0, 0, 0, 0, 0, 
612, 1, 616, 607, -1, 296, 224, 24.0, 11, ABaraaaapap, 2179, 0, 0, 0, , 0, 0, 0, 0, 0, 
613, 1, 617, 608, -1, 255, 213, 28.0, 17, ABaraaapapa, 21574, 0, 0, 0, , 0, 0, 0, 0, 0, 
614, 0, 618, -1, -1, 184, 271, 25.0, 13, , 5443, 0, 0, 0, , 0, 0, 0, 0, 0, 
615, 1, 619, 610, -1, 217, 238, 30.0, 13, MSpaapapa, 3558, 0, 0, 0, , 0, 0, 0, 0, 0, 
616, 1, 620, 611, -1, 307, 235, 16.0, 14, ABalpapaaaa, 2779, 0, 0, 0, , 0, 0, 0, 0, 0, 
617, 0, 621, -1, -1, 63, 265, 18.0, 11, , 1289, 0, 0, 0, , 0, 0, 0, 0, 0, 
618, 0, 622, -1, -1, 218, 211, 26.0, 15, , 5699, 0, 0, 0, , 0, 0, 0, 0, 0, 
619, 1, 623, 614, -1, 303, 168, 28.0, 11, ABarpappap, 16835, 0, 0, 0, , 0, 0, 0, 0, 0, 
620, 0, 624, -1, -1, 156, 293, 33.0, 17, , 2970, 0, 0, 0, , 0, 0, 0, 0, 0, 
621, 0, 625, -1, -1, 284, 178, 20.0, 14, , 455, 0, 0, 0, , 0, 0, 0, 0, 0, 
622, 1, 666, 616, -1, 249, 184, 33.0, 13, ABarpppaaa, 4329, 0, 0, 0, , 0, 0, 0, 0, 0, 
623, 0, 627, -1, -1, 284, 276, 21.0, 11, , 892, 0, 0, 0, , 0, 0, 0, 0, 0, 
624, 0, 628, -1, -1, 98, 301, 27.0, 14, , 2204, 0, 0, 0, , 0, 0, 0, 0, 0, 
625, 0, 629, -1, -1, 152, 307, 28.0, 17, , 7191, 0, 0, 0, , 0, 0, 0, 0, 0, 
626, 1, 630, 619, -1, 339, 263, 19.0, 13, ABalapaappp, 1579, 0, 0, 0, , 0, 0, 0, 0, 0, 
627, 0, 631, -1, -1, 68, 265, 24.0, 15, , 4764, 0, 0, 0, , 0, 0, 0, 0, 0, 
628, 1, 632, 621, -1, 274, 178, 30.0, 11, ABalappapap, 1609, 0, 0, 0, , 0, 0, 0, 0, 0, 
629, 1, 633, 622, -1, 290, 285, 10.0, 17, ABplaappap, 5775, 0, 0, 0, , 0, 0, 0, 0, 0, 
630, 0, 634, -1, -1, 223, 194, 10.0, 11, , 3023, 0, 0, 0, , 0, 0, 0, 0, 0, 
631, 0, 635, -1, -1, 262, 325, 17.0, 19, , 2682, 0, 0, 0, , 0, 0, 0, 0, 0, 
632, 1, 636, 625, -1, 114, 238, 33.0, 17, Caaapa, 1594, 0, 0, 0, , 0, 0, 0, 0, 0, 
633, 1, 637, 626, -1, 240, 316, 34.0, 17, Cpaaaa, 1644, 0, 0, 0, , 0, 0, 0, 0, 0, 
634, 1, 638, 627, -1, 320, 298, 26.0, 17, ABalpppappp, 7972, 0, 0, 0, , 0, 0, 0, 0, 0, 
635, 1, 639, 628, -1, 208, 280, 14.0, 13, ABplppaappa, 4972, 0, 0, 0, , 0, 0, 0, 0, 0, 
636, 0, 640, -1, -1, 149, 307, 18.0, 11, , 1197, 0, 0, 0, , 0, 0, 0, 0, 0, 
637, 1, 641, 630, -1, 266, 300, 35.0, 21, ABarppaapa, 3415, 0, 0, 0, , 0, 0, 0, 0, 0, 
638, 0, 642, -1, -1, 228, 200, 9.0, 11, , 2745, 0, 0, 0, , 0, 0, 0, 0, 0, 
639, 0, 643, -1, -1, 156, 315, 19.0, 11, , 2358, 0, 0, 0, , 0, 0, 0, 0, 0, 
640, 0, 644, -1, -1, 190, 290, 22.0, 11, , 1703, 0, 0, 0, , 0, 0, 0, 0, 0, 
641, 0, 645, -1, -1, 176, 274, 28.0, 11, , 588, 0, 0, 0, , 0, 0, 0, 0, 0, 
642, 0, 646, -1, -1, 254, 166, 31.0, 13, , 3692, 0, 0, 0, , 0, 0, 0, 0, 0, 
643, 0, 647, -1, -1, 255, 160, 22.0, 11, , 1383, 0, 0, 0, , 0, 0, 0, 0, 0, 
644, 0, 648, -1, -1, 102, 363, 25.0, 13, , 3757, 0, 0, 0, , 0, 0, 0, 0, 0, 
645, 1, 649, 638, -1, 226, 268, 11.0, 15, ABplpaaaapa, 7998, 0, 0, 0, , 0, 0, 0, 0, 0, 
646, 1, 650, 639, -1, 309, 275, 12.0, 15, ABplpaaapap, 6275, 0, 0, 0, , 0, 0, 0, 0, 0, 
647, 1, 651, 640, -1, 259, 289, 26.0, 17, ABaraapapaa, 8888, 0, 0, 0, , 0, 0, 0, 0, 0, 
648, 0, 652, -1, -1, 201, 239, 30.0, 13, , 1566, 0, 0, 0, , 0, 0, 0, 0, 0, 
649, 0, 653, -1, -1, 313, 230, 31.0, 11, , 1310, 0, 0, 0, , 0, 0, 0, 0, 0, 
650, 1, 654, 643, -1, 95, 255, 12.0, 13, ABprpppaapp, 4462, 0, 0, 0, , 0, 0, 0, 0, 0, 
651, 1, 105, 644, -1, 145, 304, 11.0, 15, ABplppppapa, 2966, 0, 0, 0, , 0, 0, 0, 0, 0, 
652, 0, 656, -1, -1, 191, 248, 12.0, 11, , 1356, 0, 0, 0, , 0, 0, 0, 0, 0, 
653, 0, 657, -1, -1, 299, 287, 15.0, 9, , 1507, 0, 0, 0, , 0, 0, 0, 0, 0, 
654, 0, 658, -1, -1, 248, 153, 25.0, 9, , 711, 0, 0, 0, , 0, 0, 0, 0, 0, 
655, 0, 659, -1, -1, 115, 316, 26.0, 13, , 3438, 0, 0, 0, , 0, 0, 0, 0, 0, 
656, 0, 660, -1, -1, 196, 269, 29.0, 14, , 3002, 0, 0, 0, , 0, 0, 0, 0, 0, 
657, 1, 661, 650, -1, 267, 194, 15.0, 13, ABprpaaappa, 4746, 0, 0, 0, , 0, 0, 0, 0, 0, 
658, 0, -1, -1, -1, 202, 203, 13.0, 14, , 125, 0, 0, 0, , 0, 0, 0, 0, 0, 
659, 0, -1, -1, -1, 226, 158, 22.0, 9, , 1023, 0, 0, 0, , 0, 0, 0, 0, 0, 
660, 0, -1, -1, -1, 226, 158, 26.0, 9, , 414, 0, 0, 0, , 0, 0, 0, 0, 0, 
661, 0, -1, -1, -1, 239, 198, 36.0, 13, , 2120, 0, 0, 0, , 0, 0, 0, 0, 0, 
662, 0, -1, -1, -1, 161, 345, 36.0, 13, , 1064, 0, 0, 0, , 0, 0, 0, 0, 0, 
663, 0, -1, -1, -1, 76, 243, 23.0, 9, , 543, 0, 0, 0, , 0, 0, 0, 0, 0, 
664, 0, 664, -1, -1, 336, 222, 28.0, 15, , 0, 0, 0, 0, , 0, 0, 0, 0, 0, 
665, 1, 665, 670, -1, 236, 167, 26.0, 17, ABpraapappp, 6917, 0, 0, 0, , 0, 0, 0, 0, 0, 
666, 1, 667, 672, -1, 203, 335, 34.0, 16, Cpaaap, 0, 0, 0, 0, , 0, 0, 0, 0, 0, 
667, 1, 668, 673, -1, 232, 247, 20.428572, 13, ABarapapaaa, 6858, 0, 0, 0, , 0, 0, 0, 0, 0, 
668, 1, 669, 675, -1, 229, 250, 17.88889, 16, ABarapapppa, 3780, 0, 0, 0, , 0, 0, 0, 0, 0, 
669, 1, 671, 657, -1, 269, 297, 20.142857, 14, MSapppaa, 916, 0, 0, 0, , 0, 0, 0, 0, 0, 
670, 0, 672, -1, -1, 119, 299, 33.0, 15, , 0, 0, 0, 0, , 0, 0, 0, 0, 0, 
671, 1, 673, 678, -1, 149, 226, 33.0, 15, Caaaap, 0, 0, 0, 0, , 0, 0, 0, 0, 0, 
672, 1, 674, 679, -1, 198, 261, 28.0, 16, Earaa, 0, 0, 0, 0, , 0, 0, 0, 0, 0, 
673, 1, 192, 49, -1, 203, 238, 14.0, 13, ABprpapappa, 3528, 0, 0, 0, , 0, 0, 0, 0, 0, 
674, 1, 49, 645, -1, 193, 244, 13.5, 13, ABprpapppap, 3945, 0, 0, 0, , 0, 0, 0, 0, 0, 
675, 1, 675, 680, -1, 248, 164, 29.0, 18, ABarpapppp, 986, 0, 0, 0, , 0, 0, 0, 0, 0, 
676, 1, 676, 681, -1, 224, 205, 9.363636, 14, ABpraapppa, 1810, 0, 0, 0, , 0, 0, 0, 0, 0, 
677, 0, 677, -1, -1, 303, 274, 15.368422, 12, , 3745, 0, 0, 0, , 0, 0, 0, 0, 0, 
678, 1, 626, 665, -1, 243, 188, 35.5, 19, ABarpaappp, 3983, 0, 0, 0, , 0, 0, 0, 0, 0, 
679, 1, 678, 683, -1, 287, 223, 19.0, 15, ABaraaappap, 3286, 0, 0, 0, , 0, 0, 0, 0, 0, 
680, 0, 75, -1, -1, 315, 181, 23.666666, 9, , 469, 0, 0, 0, , 0, 0, 0, 0, 0, 
681, 0, 679, -1, -1, 326, 215, 24.0, 14, , 485, 0, 0, 0, , 0, 0, 0, 0, 0, 
682, 1, 680, 686, -1, 304, 172, 24.0, 15, ABalappappp, 0, 0, 0, 0, , 0, 0, 0, 0, 0, 
683, 1, 681, 400, -1, 346, 256, 24.0, 13, ABalapaaapp, 0, 0, 0, 0, , 0, 0, 0, 0, 0, 
684, 1, 682, 687, -1, 318, 284, 18.0, 13, ABalapaapaa, 0, 0, 0, 0, , 0, 0, 0, 0, 0, 
685, 1, 683, 517, -1, 303, 184, 20.8, 13, ABalaappppp, 1277, 0, 0, 0, , 0, 0, 0, 0, 0, 
686, 1, 684, 688, -1, 76, 292, 12.6875, 13, ABprppppppp, 0, 0, 0, 0, , 0, 0, 0, 0, 0, 
687, 1, 685, 689, -1, 215, 228, 13.0, 13, ABprpapapap, 0, 0, 0, 0, , 0, 0, 0, 0, 0, 
688, 1, 28, 690, -1, 282, 229, 14.0, 13, ABarappaapa, 4334, 0, 0, 0, , 0, 0, 0, 0, 0, 
689, 0, 686, -1, -1, 272, 215, 26.0, 13, , 0, 0, 0, 0, , 0, 0, 0, 0, 0, 
690, 0, 687, -1, -1, 275, 213, 28.0, 13, , 0, 0, 0, 0, , 0, 0, 0, 0, 0, 
691, 1, 566, 660, -1, 302, 243, 24.0, 14, ABalpaapaaa, 11907, 0, 0, 0, , 0, 0, 0, 0, 0, 
692, 1, 403, 693, -1, 340, 256, 22.0, 13, ABalppppapp, 3116, 0, 0, 0, , 0, 0, 0, 0, 0, 
693, 1, 688, 695, -1, 286, 180, 20.4, 13, ABalaappppa, 0, 0, 0, 0, , 0, 0, 0, 0, 0, 
694, 1, 689, 561, -1, 297, 248, 22.0, 13, ABaraaaaaaa, 0, 0, 0, 0, , 0, 0, 0, 0, 0, 
695, 1, 690, 696, -1, 291, 236, 12.0, 13, ABalpapaaap, 0, 0, 0, 0, , 0, 0, 0, 0, 0, 
696, 1, 691, 697, -1, 289, 181, 16.0, 13, ABalaappapa, 0, 0, 0, 0, , 0, 0, 0, 0, 0, 
697, 1, 692, 698, -1, 244, 283, 30.0, 13, MSaaapapa, 0, 0, 0, 0, , 0, 0, 0, 0, 0, 
698, 1, 693, 699, -1, 264, 320, 16.0, 16, ABplppaaaap, 0, 0, 0, 0, , 0, 0, 0, 0, 0, 
699, 1, 694, 700, -1, 221, 266, 14.0, 15, ABplpappaap, 0, 0, 0, 0, , 0, 0, 0, 0, 0, 
700, 1, 695, 703, -1, 232, 214, 28.0, 13, ABaraaapapp, 0, 0, 0, 0, , 0, 0, 0, 0, 0, 
701, 1, 696, 704, -1, 291, 252, 26.0, 13, ABalpaapaap, 0, 0, 0, 0, , 0, 0, 0, 0, 0, 
702, 1, 697, 705, -1, 289, 237, 18.0, 13, ABalpaappap, 0, 0, 0, 0, , 0, 0, 0, 0, 0, 
703, 1, 698, 706, -1, 345, 237, 21.0, 13, ABalapaaapa, 0, 0, 0, 0, , 0, 0, 0, 0, 0, 
704, 1, 699, 707, -1, 302, 182, 16.0, 11, ABalaappapp, 0, 0, 0, 0, , 0, 0, 0, 0, 0, 
705, 1, 700, 709, -1, 294, 201, 20.0, 13, ABalaapaaal, 0, 0, 0, 0, , 0, 0, 0, 0, 0, 
706, 1, 701, 710, -1, 312, 230, 31.0, 15, ABalapapapa, 0, 0, 0, 0, , 0, 0, 0, 0, 0, 
707, 1, 702, 711, -1, 302, 187, 29.0, 13, ABalapppppp, 0, 0, 0, 0, , 0, 0, 0, 0, 0, 
708, 1, 703, 712, -1, 311, 255, 16.0, 13, ABalppappap, 0, 0, 0, 0, , 0, 0, 0, 0, 0, 
709, 0, 704, -1, -1, 283, 259, 31.0, 13, , 0, 0, 0, 0, , 0, 0, 0, 0, 0, 
710, 0, 706, -1, -1, 275, 265, 10.483146, 12, , 0, 0, 0, 0, , 0, 0, 0, 0, 0, 
711, 1, 707, 715, -1, 273, 204, 12.0, 13, ABalaapappp, 0, 0, 0, 0, , 0, 0, 0, 0, 0, 
712, 1, 708, 716, -1, 324, 231, 23.0, 15, ABalapappaa, 0, 0, 0, 0, , 0, 0, 0, 0, 0, 
713, 1, 2, 717, -1, 277, 215, 29.166666, 15, ABaraappapa, 8972, 0, 0, 0, , 0, 0, 0, 0, 0, 
714, 1, 710, 718, -1, 270, 231, 17.0, 13, ABarapapapa, 0, 0, 0, 0, , 0, 0, 0, 0, 0, 
715, 1, 448, 719, -1, 215, 297, 27.0, 18, Ealaav, 14262, 0, 0, 0, , 0, 0, 0, 0, 0, 
716, 1, 340, 720, -1, 216, 295, 30.0, 11, MSaaappa, 3077, 0, 0, 0, , 0, 0, 0, 0, 0, 
717, 1, 711, 721, -1, 252, 214, 18.0, 13, MSppaaaav, 0, 0, 0, 0, , 0, 0, 0, 0, 0, 
718, 1, 712, 722, -1, 213, 215, 9.0, 13, ABprppaapaa, 0, 0, 0, 0, , 0, 0, 0, 0, 0, 
719, 1, 713, 723, -1, 284, 187, 30.0, 13, ABarpapaapa, 0, 0, 0, 0, , 0, 0, 0, 0, 0, 
720, 1, 482, 724, -1, 258, 265, 20.166666, 13, ABalpappppp, 3238, 0, 0, 0, , 0, 0, 0, 0, 0, 
721, 1, 714, 725, -1, 319, 230, 13.538462, 13, ABalppapaap, 6741, 0, 0, 0, , 0, 0, 0, 0, 0, 
722, 0, 715, -1, -1, 302, 237, 13.230769, 13, , 0, 0, 0, 0, , 0, 0, 0, 0, 0, 
723, 0, 716, -1, -1, 161, 315, 35.63158, 15, , 0, 0, 0, 0, , 0, 0, 0, 0, 0, 
724, 1, 717, 728, -1, 161, 342, 36.0, 15, Cpaapa, 0, 0, 0, 0, , 0, 0, 0, 0, 0, 
725, 1, 718, 729, -1, 303, 243, 35.0, 15, ABarpaapap, 0, 0, 0, 0, , 0, 0, 0, 0, 0, 
726, 0, 719, -1, -1, 305, 248, 10.714286, 13, , 0, 0, 0, 0, , 0, 0, 0, 0, 0, 
727, 1, 720, 731, -1, 278, 183, 26.0, 13, ABalappapaa, 0, 0, 0, 0, , 0, 0, 0, 0, 0, 
728, 1, 721, 732, -1, 308, 202, 24.0, 13, ABalappppaa, 0, 0, 0, 0, , 0, 0, 0, 0, 0, 
729, 1, 722, 733, -1, 315, 183, 23.5, 11, ABalappappa, 0, 0, 0, 0, , 0, 0, 0, 0, 0, 
730, 1, 723, 734, -1, 341, 226, 23.0, 13, ABalapappap, 0, 0, 0, 0, , 0, 0, 0, 0, 0, 
