1, 0, 1, -1, -1, 238, 220, 31.0, 13, , 5214, 0, 0, 0, , 0, 0, 0, 0, 0, 
2, 1, 2, 1, -1, 273, 217, 27.0, 15, ABaraaapaap, 5744, 0, 0, 0, , 0, 0, 0, 0, 0, 
3, 1, 3, 2, -1, 234, 215, 28.0, 17, ABaraaapapp, 5353, 0, 0, 0, , 0, 0, 0, 0, 0, 
4, 1, 4, 3, -1, 216, 223, 21.0, 17, ABaraappppp, 5740, 0, 0, 0, , 0, 0, 0, 0, 0, 
5, 1, 5, 4, -1, 256, 298, 22.0, 13, ABaraapappa, 6548, 0, 0, 0, , 0, 0, 0, 0, 0, 
6, 1, 6, 5, -1, 249, 285, 20.0, 15, ABaraapappp, 8323, 0, 0, 0, , 0, 0, 0, 0, 0, 
7, 1, 7, 6, -1, 258, 295, 29.0, 17, ABaraapapap, 8926, 0, 0, 0, , 0, 0, 0, 0, 0, 
8, 1, 8, 7, -1, 299, 236, 27.0, 15, ABaraapaaaa, 5655, 0, 0, 0, , 0, 0, 0, 0, 0, 
9, 1, 9, 8, -1, 296, 244, 29.0, 13, ABaraapaaap, 7497, 0, 0, 0, , 0, 0, 0, 0, 0, 
10, 1, 10, 9, -1, 276, 259, 32.0, 15, MSaaaaapp, 12896, 0, 0, 0, , 0, 0, 0, 0, 0, 
11, 1, 11, 10, -1, 300, 257, 29.0, 13, ABaraapaapa, 7880, 0, 0, 0, , 0, 0, 0, 0, 0, 
12, 1, 12, 11, -1, 292, 220, 21.0, 13, ABaraaappaa, 4263, 0, 0, 0, , 0, 0, 0, 0, 0, 
13, 1, 13, 12, -1, 306, 213, 17.0, 13, ABaraaapppa, 4302, 0, 0, 0, , 0, 0, 0, 0, 0, 
14, 1, 14, 13, -1, 308, 208, 19.0, 17, ABaraaapppp, 4189, 0, 0, 0, , 0, 0, 0, 0, 0, 
15, 1, 15, 14, -1, 279, 218, 25.0, 13, ABaraaapaaa, 7814, 0, 0, 0, , 0, 0, 0, 0, 0, 
16, 1, 16, 15, -1, 234, 219, 30.0, 17, ABaraappapp, 9039, 0, 0, 0, , 0, 0, 0, 0, 0, 
17, 1, 17, 16, -1, 284, 259, 23.0, 15, ABaraaaaaap, 4026, 0, 0, 0, , 0, 0, 0, 0, 0, 
18, 1, 18, 17, -1, 263, 217, 23.0, 13, ABaraaaaapp, 5237, 0, 0, 0, , 0, 0, 0, 0, 0, 
19, 1, 19, 18, -1, 266, 249, 28.0, 11, ABaraaaapp, 3406, 0, 0, 0, , 0, 0, 0, 0, 0, 
20, 1, 20, 19, -1, 292, 234, 24.0, 11, ABaraaaapaa, 4713, 0, 0, 0, , 0, 0, 0, 0, 0, 
21, 1, 21, 20, -1, 206, 258, 19.0, 13, ABalpappapp, 36318, 0, 0, 0, , 0, 0, 0, 0, 0, 
22, 1, 22, 21, -1, 265, 247, 17.0, 13, ABalpappapa, 4026, 0, 0, 0, , 0, 0, 0, 0, 0, 
23, 1, 23, 22, -1, 246, 208, 21.0, 15, ABarapapaap, 8804, 0, 0, 0, , 0, 0, 0, 0, 0, 
24, 1, 24, 23, -1, 247, 234, 15.0, 13, ABprpapppaa, 3797, 0, 0, 0, , 0, 0, 0, 0, 0, 
25, 1, 25, 24, -1, 241, 203, 24.0, 15, ABarapappaa, 7343, 0, 0, 0, , 0, 0, 0, 0, 0, 
26, 1, 689, 25, -1, 281, 228, 14.0, 13, ABarappaapa, 2899, 0, 0, 0, , 0, 0, 0, 0, 0, 
27, 0, -1, -1, -1, 287, 227, 12.0, 9, , 1901, 0, 0, 0, , 0, 0, 0, 0, 0, 
28, 1, 28, 27, -1, 263, 237, 19.0, 11, ABarapaaapp, 7894, 0, 0, 0, , 0, 0, 0, 0, 0, 
29, 1, 30, 28, -1, 260, 221, 19.0, 15, ABarapaaapa, 15312, 0, 0, 0, , 0, 0, 0, 0, 0, 
30, 1, 31, 29, -1, 257, 204, 25.0, 13, ABarapaapap, 8209, 0, 0, 0, , 0, 0, 0, 0, 0, 
31, 1, 32, 30, -1, 253, 233, 27.0, 11, ABarapaapaa, 6873, 0, 0, 0, , 0, 0, 0, 0, 0, 
32, 1, 33, 31, -1, 245, 204, 27.0, 17, ABarapaappa, 7709, 0, 0, 0, , 0, 0, 0, 0, 0, 
33, 1, 34, 32, -1, 266, 219, 11.0, 11, ABarapppapa, 5132, 0, 0, 0, , 0, 0, 0, 0, 0, 
34, 1, 35, 33, -1, 289, 211, 10.0, 15, ABarapppapp, 3847, 0, 0, 0, , 0, 0, 0, 0, 0, 
35, 1, 36, 34, -1, 293, 199, 18.0, 13, ABarapppaaa, 6514, 0, 0, 0, , 0, 0, 0, 0, 0, 
36, 1, 37, 35, -1, 296, 207, 14.0, 11, ABarapppaap, 3116, 0, 0, 0, , 0, 0, 0, 0, 0, 
37, 0, 38, -1, -1, 286, 178, 17.0, 11, , 1650, 0, 0, 0, , 0, 0, 0, 0, 0, 
38, 1, 39, 37, -1, 269, 175, 18.0, 13, ABalaapppap, 3079, 0, 0, 0, , 0, 0, 0, 0, 0, 
39, 1, 40, 38, -1, 273, 211, 13.0, 15, ABarapppppa, 4790, 0, 0, 0, , 0, 0, 0, 0, 0, 
40, 1, 41, 39, -1, 279, 209, 15.0, 13, ABarapppppp, 6245, 0, 0, 0, , 0, 0, 0, 0, 0, 
41, 1, 42, 40, -1, 280, 239, 10.0, 11, ABarappaaap, 7374, 0, 0, 0, , 0, 0, 0, 0, 0, 
42, 1, 43, 41, -1, 284, 213, 18.0, 15, ABarappaaaa, 7126, 0, 0, 0, , 0, 0, 0, 0, 0, 
43, 0, 44, -1, -1, 294, 241, 14.0, 11, , 4925, 0, 0, 0, , 0, 0, 0, 0, 0, 
44, 1, 45, 43, -1, 241, 226, 10.0, 19, ABarappapap, 10434, 0, 0, 0, , 0, 0, 0, 0, 0, 
45, 1, 46, 44, -1, 258, 233, 12.0, 13, ABarappapaa, 6728, 0, 0, 0, , 0, 0, 0, 0, 0, 
46, 1, 47, 45, -1, 214, 219, 12.0, 13, ABarappappp, 6843, 0, 0, 0, , 0, 0, 0, 0, 0, 
47, 1, 48, 46, -1, 203, 237, 13.0, 11, ABprpapappa, 3452, 0, 0, 0, , 0, 0, 0, 0, 0, 
48, 1, 49, 47, -1, 279, 159, 27.0, 17, ABarpapppa, 4491, 0, 0, 0, , 0, 0, 0, 0, 0, 
49, 0, 50, -1, -1, 303, 183, 28.0, 14, , 2146, 0, 0, 0, , 0, 0, 0, 0, 0, 
50, 1, 51, 49, -1, 318, 188, 30.0, 15, ABarpapaaap, 3935, 0, 0, 0, , 0, 0, 0, 0, 0, 
51, 1, 52, 76, -1, 320, 223, 36.0, 21, ABarpapapp, 3139, 0, 0, 0, , 0, 0, 0, 0, 0, 
52, 1, 53, 50, -1, 349, 196, 26.0, 17, ABarpapapa, 5024, 0, 0, 0, , 0, 0, 0, 0, 0, 
53, 1, 54, 51, -1, 329, 191, 34.0, 15, ABarpaapaa, 4788, 0, 0, 0, , 0, 0, 0, 0, 0, 
54, 1, 55, 52, -1, 345, 207, 23.0, 13, ABarpaaaaar, 5930, 0, 0, 0, , 0, 0, 0, 0, 0, 
55, 1, 56, 53, -1, 343, 210, 26.0, 11, ABarpaaaapa, 3789, 0, 0, 0, , 0, 0, 0, 0, 0, 
56, 1, 57, 54, -1, 340, 193, 31.0, 15, ABarpaaapp, 6820, 0, 0, 0, , 0, 0, 0, 0, 0, 
57, 1, 58, 55, -1, 334, 203, 24.0, 13, ABarpaaapaa, 3391, 0, 0, 0, , 0, 0, 0, 0, 0, 
58, 1, 59, 56, -1, 331, 186, 27.0, 13, ABarpaaapap, 4121, 0, 0, 0, , 0, 0, 0, 0, 0, 
59, 1, 60, 57, -1, 280, 331, 23.0, 13, ABarppaaap, 4635, 0, 0, 0, , 0, 0, 0, 0, 0, 
60, 1, 61, 58, -1, 248, 329, 27.0, 17, ABarppaapp, 7208, 0, 0, 0, , 0, 0, 0, 0, 0, 
61, 1, 62, 59, -1, 170, 361, 26.0, 17, ABarppappa, 5630, 0, 0, 0, , 0, 0, 0, 0, 0, 
62, 1, 63, 60, -1, 121, 364, 19.0, 17, ABarppappp, 4785, 0, 0, 0, , 0, 0, 0, 0, 0, 
63, 1, 64, 61, -1, 229, 344, 25.0, 17, ABarppapap, 7533, 0, 0, 0, , 0, 0, 0, 0, 0, 
64, 1, 65, 62, -1, 256, 339, 24.0, 15, ABarppapaa, 5247, 0, 0, 0, , 0, 0, 0, 0, 0, 
65, 1, 66, 63, -1, 124, 223, 27.0, 13, ABarpppppa, 3469, 0, 0, 0, , 0, 0, 0, 0, 0, 
66, 1, 67, 64, -1, 190, 187, 28.0, 15, ABarppppaa, 4523, 0, 0, 0, , 0, 0, 0, 0, 0, 
67, 1, 68, 65, -1, 170, 205, 30.0, 15, ABarppppap, 4736, 0, 0, 0, , 0, 0, 0, 0, 0, 
68, 1, 69, 66, -1, 211, 169, 27.0, 13, ABarpppaap, 2597, 0, 0, 0, , 0, 0, 0, 0, 0, 
69, 1, 70, 67, -1, 311, 212, 26.0, 11, ABalapppaap, 2059, 0, 0, 0, , 0, 0, 0, 0, 0, 
70, 0, 71, -1, -1, 323, 192, 24.0, 11, , 1930, 0, 0, 0, , 0, 0, 0, 0, 0, 
71, 1, 72, 69, -1, 317, 228, 27.0, 11, ABalapppaaa, 2406, 0, 0, 0, , 0, 0, 0, 0, 0, 
72, 1, 73, 70, -1, 325, 207, 27.0, 11, ABalappaaa, 1485, 0, 0, 0, , 0, 0, 0, 0, 0, 
73, 0, 74, -1, -1, 314, 179, 25.0, 11, , 788, 0, 0, 0, , 0, 0, 0, 0, 0, 
74, 1, 75, 72, -1, 332, 258, 27.0, 13, ABalapapppa, 3846, 0, 0, 0, , 0, 0, 0, 0, 0, 
75, 1, 76, 73, -1, 348, 245, 25.0, 13, ABalapapppp, 2097, 0, 0, 0, , 0, 0, 0, 0, 0, 
76, 1, 77, 74, -1, 337, 224, 26.0, 13, ABplaaaaaaa, 5070, 0, 0, 0, , 0, 0, 0, 0, 0, 
77, 0, -1, -1, -1, 335, 228, 29.0, 11, , 2968, 0, 0, 0, , 0, 0, 0, 0, 0, 
78, 0, 79, -1, -1, 321, 226, 35.0, 15, , 2567, 0, 0, 0, , 0, 0, 0, 0, 0, 
79, 1, 80, 77, -1, 318, 286, 28.0, 11, ABalapaaaap, 3261, 0, 0, 0, , 0, 0, 0, 0, 0, 
80, 1, 81, 78, -1, 328, 271, 27.0, 13, ABalapaaaaa, 3026, 0, 0, 0, , 0, 0, 0, 0, 0, 
81, 1, 82, 79, -1, 319, 250, 24.0, 15, ABalaaapall, 6901, 0, 0, 0, , 0, 0, 0, 0, 0, 
82, 1, 83, 80, -1, 333, 260, 25.0, 15, ABalppppapa, 5165, 0, 0, 0, , 0, 0, 0, 0, 0, 
83, 0, -1, -1, -1, 333, 285, 20.0, 13, , 3130, 0, 0, 0, , 0, 0, 0, 0, 0, 
84, 1, 85, 82, -1, 347, 276, 21.0, 15, ABalapaapap, 2647, 0, 0, 0, , 0, 0, 0, 0, 0, 
85, 1, 86, 83, -1, 297, 203, 23.0, 15, ABalaapaaar, 6646, 0, 0, 0, , 0, 0, 0, 0, 0, 
86, 1, 87, 84, -1, 289, 192, 11.0, 11, ABalaapapa, 3981, 0, 0, 0, , 0, 0, 0, 0, 0, 
87, 1, 88, 85, -1, 296, 185, 19.0, 11, ABalaapaapa, 3036, 0, 0, 0, , 0, 0, 0, 0, 0, 
88, 0, 89, -1, -1, 311, 183, 13.0, 9, , 1698, 0, 0, 0, , 0, 0, 0, 0, 0, 
89, 1, 90, 87, -1, 278, 190, 19.0, 15, ABarappppaa, 6789, 0, 0, 0, , 0, 0, 0, 0, 0, 
90, 1, 91, 88, -1, 259, 167, 17.0, 13, ABalaapppaa, 3254, 0, 0, 0, , 0, 0, 0, 0, 0, 
91, 1, 92, 89, -1, 333, 233, 15.0, 13, ABalaaaalpp, 4089, 0, 0, 0, , 0, 0, 0, 0, 0, 
92, 1, 93, 90, -1, 332, 250, 17.0, 13, ABalaaaalpa, 7543, 0, 0, 0, , 0, 0, 0, 0, 0, 
93, 1, 94, 91, -1, 314, 204, 22.0, 13, ABalaaaarrp, 4114, 0, 0, 0, , 0, 0, 0, 0, 0, 
94, 1, 95, 92, -1, 309, 192, 17.0, 11, ABalaapaapp, 1959, 0, 0, 0, , 0, 0, 0, 0, 0, 
95, 1, 96, 93, -1, 314, 198, 16.0, 13, ABalaaaarra, 7070, 0, 0, 0, , 0, 0, 0, 0, 0, 
96, 1, 97, 94, -1, 318, 223, 21.0, 13, ABalaaaarlp, 3573, 0, 0, 0, , 0, 0, 0, 0, 0, 
97, 1, 98, 96, -1, 332, 229, 18.0, 13, ABalaaaarla, 5446, 0, 0, 0, , 0, 0, 0, 0, 0, 
98, 1, 99, 97, -1, 316, 190, 20.0, 11, ABalaaapplr, 3209, 0, 0, 0, , 0, 0, 0, 0, 0, 
99, 1, 100, 98, -1, 293, 199, 25.0, 15, ABalaaapprr, 6462, 0, 0, 0, , 0, 0, 0, 0, 0, 
100, 1, 101, 99, -1, 302, 168, 18.0, 15, ABpraaaaapv, 4963, 0, 0, 0, , 0, 0, 0, 0, 0, 
101, 1, 102, 100, -1, 313, 177, 17.0, 13, ABalaaapprl, 1614, 0, 0, 0, , 0, 0, 0, 0, 0, 
102, 1, 103, 101, -1, 324, 213, 30.0, 13, ABalappaap, 2168, 0, 0, 0, , 0, 0, 0, 0, 0, 
103, 0, 104, -1, -1, 109, 290, 12.0, 9, , 768, 0, 0, 0, , 0, 0, 0, 0, 0, 
104, 1, 105, 103, -1, 132, 293, 12.0, 13, ABplppppapp, 4147, 0, 0, 0, , 0, 0, 0, 0, 0, 
105, 1, 106, 104, -1, 137, 306, 15.0, 13, ABplppppaaa, 3947, 0, 0, 0, , 0, 0, 0, 0, 0, 
106, 1, 107, 105, -1, 130, 298, 16.0, 15, ABplppppaap, 5179, 0, 0, 0, , 0, 0, 0, 0, 0, 
107, 1, 108, 106, -1, 85, 313, 13.0, 13, ABplppppppp, 3812, 0, 0, 0, , 0, 0, 0, 0, 0, 
108, 1, 109, 107, -1, 91, 306, 11.0, 13, ABplppppppa, 4313, 0, 0, 0, , 0, 0, 0, 0, 0, 
109, 1, 110, 108, -1, 126, 337, 19.0, 15, ABplpppppap, 4944, 0, 0, 0, , 0, 0, 0, 0, 0, 
110, 1, 111, 109, -1, 131, 319, 17.0, 15, ABplpppppaa, 4550, 0, 0, 0, , 0, 0, 0, 0, 0, 
111, 1, 112, 110, -1, 124, 316, 10.0, 11, ABplpppapaa, 3468, 0, 0, 0, , 0, 0, 0, 0, 0, 
112, 1, 113, 111, -1, 122, 326, 14.0, 13, ABplpppaapp, 4398, 0, 0, 0, , 0, 0, 0, 0, 0, 
113, 1, 114, 112, -1, 159, 309, 11.0, 17, ABplpppaaaa, 7175, 0, 0, 0, , 0, 0, 0, 0, 0, 
114, 1, 115, 113, -1, 161, 317, 14.0, 15, ABplpppaaap, 5617, 0, 0, 0, , 0, 0, 0, 0, 0, 
115, 1, 116, 114, -1, 163, 304, 14.0, 11, ABplppapppp, 3741, 0, 0, 0, , 0, 0, 0, 0, 0, 
116, 1, 117, 115, -1, 173, 288, 16.0, 13, ABplppapppa, 3987, 0, 0, 0, , 0, 0, 0, 0, 0, 
117, 1, 118, 116, -1, 193, 284, 16.0, 13, ABplppappap, 4279, 0, 0, 0, , 0, 0, 0, 0, 0, 
118, 1, 119, 117, -1, 207, 286, 14.0, 13, ABplppappaa, 4064, 0, 0, 0, , 0, 0, 0, 0, 0, 
119, 1, 120, 118, -1, 184, 292, 14.0, 11, ABplppapapa, 4537, 0, 0, 0, , 0, 0, 0, 0, 0, 
120, 1, 121, 119, -1, 173, 306, 16.0, 15, ABplppapapp, 5094, 0, 0, 0, , 0, 0, 0, 0, 0, 
121, 1, 122, 120, -1, 168, 290, 13.0, 13, ABplppaappp, 5577, 0, 0, 0, , 0, 0, 0, 0, 0, 
122, 1, 123, 121, -1, 260, 243, 14.0, 13, ABplpappaaa, 4096, 0, 0, 0, , 0, 0, 0, 0, 0, 
123, 1, 124, 122, -1, 205, 270, 19.0, 11, MSaappaa, 2765, 0, 0, 0, , 0, 0, 0, 0, 0, 
124, 1, 125, 123, -1, 118, 288, 14.0, 15, ABplpappppp, 3339, 0, 0, 0, , 0, 0, 0, 0, 0, 
125, 1, 126, 124, -1, 138, 280, 16.0, 13, ABplpappppa, 3248, 0, 0, 0, , 0, 0, 0, 0, 0, 
126, 1, 127, 125, -1, 144, 292, 14.0, 11, ABplpapppaa, 2926, 0, 0, 0, , 0, 0, 0, 0, 0, 
127, 1, 128, 126, -1, 133, 265, 15.0, 11, ABplpapppap, 4138, 0, 0, 0, , 0, 0, 0, 0, 0, 
128, 1, 129, 127, -1, 225, 282, 12.0, 11, ABplpapappa, 3484, 0, 0, 0, , 0, 0, 0, 0, 0, 
129, 1, 130, 128, -1, 169, 274, 15.0, 9, ABplpapappp, 1938, 0, 0, 0, , 0, 0, 0, 0, 0, 
130, 1, 131, 129, -1, 254, 281, 13.0, 14, ABplpapapap, 1731, 0, 0, 0, , 0, 0, 0, 0, 0, 
131, 0, -1, -1, -1, 242, 265, 14.0, 11, , 3338, 0, 0, 0, , 0, 0, 0, 0, 0, 
132, 1, 133, 131, -1, 241, 282, 15.0, 13, ABplpapapaa, 5023, 0, 0, 0, , 0, 0, 0, 0, 0, 
133, 1, 134, 132, -1, 271, 263, 13.0, 11, ABplpapaapa, 2331, 0, 0, 0, , 0, 0, 0, 0, 0, 
134, 1, 135, 133, -1, 273, 275, 13.0, 14, ABplpapaapp, 1803, 0, 0, 0, , 0, 0, 0, 0, 0, 
135, 1, 136, 134, -1, 248, 268, 12.0, 13, ABplpapaaap, 3948, 0, 0, 0, , 0, 0, 0, 0, 0, 
136, 1, 137, 135, -1, 257, 267, 14.0, 13, ABplpapaaaa, 3447, 0, 0, 0, , 0, 0, 0, 0, 0, 
137, 1, 138, 136, -1, 199, 298, 15.0, 13, ABplppapaap, 5644, 0, 0, 0, , 0, 0, 0, 0, 0, 
138, 0, 139, -1, -1, 233, 261, 13.0, 11, , 2354, 0, 0, 0, , 0, 0, 0, 0, 0, 
139, 1, 140, 138, -1, 318, 277, 17.0, 13, ABplpaaaaaa, 7068, 0, 0, 0, , 0, 0, 0, 0, 0, 
140, 1, 141, 686, -1, 314, 269, 14.0, 11, ABplpaaappa, 2727, 0, 0, 0, , 0, 0, 0, 0, 0, 
141, 0, 142, -1, -1, 314, 253, 17.0, 13, , 5585, 0, 0, 0, , 0, 0, 0, 0, 0, 
142, 0, 143, -1, -1, 286, 274, 21.0, 13, , 2252, 0, 0, 0, , 0, 0, 0, 0, 0, 
143, 1, 144, 142, -1, 283, 320, 20.0, 13, ABplpaappap, 5572, 0, 0, 0, , 0, 0, 0, 0, 0, 
144, 1, 145, 143, -1, 274, 307, 18.0, 13, ABplpaappaa, 4012, 0, 0, 0, , 0, 0, 0, 0, 0, 
145, 1, 146, 673, -1, 297, 276, 14.0, 15, ABplpaaappp, 6634, 0, 0, 0, , 0, 0, 0, 0, 0, 
146, 1, 148, 145, -1, 288, 262, 10.0, 17, ABplpaapppp, 7872, 0, 0, 0, , 0, 0, 0, 0, 0, 
147, 1, 149, 146, -1, 291, 314, 17.0, 13, ABplpaapaap, 5933, 0, 0, 0, , 0, 0, 0, 0, 0, 
148, 1, 150, 147, -1, 310, 280, 21.0, 13, ABplpaapaaa, 5858, 0, 0, 0, , 0, 0, 0, 0, 0, 
149, 1, 151, 148, -1, 356, 267, 18.0, 15, ABplpaapapa, 7095, 0, 0, 0, , 0, 0, 0, 0, 0, 
150, 0, 152, -1, -1, 269, 321, 14.0, 13, , 2060, 0, 0, 0, , 0, 0, 0, 0, 0, 
151, 0, 153, -1, -1, 267, 322, 16.0, 15, , 8246, 0, 0, 0, , 0, 0, 0, 0, 0, 
152, 1, 154, 151, -1, 244, 325, 14.0, 17, ABplaapppp, 6127, 0, 0, 0, , 0, 0, 0, 0, 0, 
153, 1, 155, 152, -1, 341, 210, 19.0, 13, ABplaapaaaa, 4481, 0, 0, 0, , 0, 0, 0, 0, 0, 
154, 1, 156, 153, -1, 351, 224, 21.0, 13, ABplaapaaap, 5272, 0, 0, 0, , 0, 0, 0, 0, 0, 
155, 1, 157, 154, -1, 348, 261, 22.0, 13, ABplaapaapa, 4432, 0, 0, 0, , 0, 0, 0, 0, 0, 
156, 1, 158, 155, -1, 339, 279, 22.0, 17, ABplaapaapp, 6058, 0, 0, 0, , 0, 0, 0, 0, 0, 
157, 1, 159, 156, -1, 297, 314, 25.0, 17, ABplaapappp, 8182, 0, 0, 0, , 0, 0, 0, 0, 0, 
158, 1, 160, 157, -1, 294, 300, 27.0, 15, ABplaapappa, 5412, 0, 0, 0, , 0, 0, 0, 0, 0, 
159, 1, 161, 158, -1, 270, 313, 26.0, 15, ABplaapapap, 6202, 0, 0, 0, , 0, 0, 0, 0, 0, 
160, 1, 162, 159, -1, 274, 309, 24.0, 15, ABplaapapaa, 6508, 0, 0, 0, , 0, 0, 0, 0, 0, 
161, 1, 163, 160, -1, 330, 246, 29.0, 15, ABplaaaaapp, 6964, 0, 0, 0, , 0, 0, 0, 0, 0, 
162, 1, 164, 161, -1, 311, 269, 27.0, 15, MSapaaap, 5090, 0, 0, 0, , 0, 0, 0, 0, 0, 
163, 1, 165, 162, -1, 352, 228, 26.0, 13, ABarpaaaapp, 3643, 0, 0, 0, , 0, 0, 0, 0, 0, 
164, 1, 166, 163, -1, 344, 237, 29.0, 11, ABplaaaaaap, 3595, 0, 0, 0, , 0, 0, 0, 0, 0, 
165, 1, 167, 164, -1, 338, 222, 34.0, 15, ABplaaaapp, 4356, 0, 0, 0, , 0, 0, 0, 0, 0, 
166, 0, 168, -1, -1, 344, 276, 28.0, 15, , 3444, 0, 0, 0, , 0, 0, 0, 0, 0, 
167, 0, 169, -1, -1, 325, 298, 27.0, 15, , 4659, 0, 0, 0, , 0, 0, 0, 0, 0, 
168, 1, 170, 167, -1, 318, 303, 27.0, 13, ABplaaappp, 1892, 0, 0, 0, , 0, 0, 0, 0, 0, 
169, 1, 171, 168, -1, 359, 263, 24.0, 19, ABplaaapap, 6038, 0, 0, 0, , 0, 0, 0, 0, 0, 
170, 1, 172, 169, -1, 356, 244, 21.0, 15, ABplaaapaa, 5270, 0, 0, 0, , 0, 0, 0, 0, 0, 
171, 1, 173, 170, -1, 137, 310, 10.0, 17, ABplappppa, 6326, 0, 0, 0, , 0, 0, 0, 0, 0, 
172, 1, 174, 171, -1, 90, 331, 12.0, 15, ABplappppp, 5284, 0, 0, 0, , 0, 0, 0, 0, 0, 
173, 1, 175, 172, -1, 126, 349, 15.0, 13, ABplapppaaa, 3783, 0, 0, 0, , 0, 0, 0, 0, 0, 
174, 1, 176, 173, -1, 108, 328, 14.0, 11, ABplapppapp, 1801, 0, 0, 0, , 0, 0, 0, 0, 0, 
175, 1, 177, 174, -1, 102, 335, 11.0, 11, ABplapppapa, 3530, 0, 0, 0, , 0, 0, 0, 0, 0, 
176, 1, 178, 175, -1, 212, 336, 20.0, 19, ABplappaaa, 8667, 0, 0, 0, , 0, 0, 0, 0, 0, 
177, 1, 179, 176, -1, 187, 344, 20.0, 17, ABplappaap, 8585, 0, 0, 0, , 0, 0, 0, 0, 0, 
178, 1, 180, 177, -1, 168, 347, 18.0, 17, ABplappapp, 9180, 0, 0, 0, , 0, 0, 0, 0, 0, 
179, 1, 181, 178, -1, 194, 353, 26.0, 15, ABplappapa, 8401, 0, 0, 0, , 0, 0, 0, 0, 0, 
180, 1, 182, 179, -1, 225, 330, 16.0, 15, ABplapaapp, 9088, 0, 0, 0, , 0, 0, 0, 0, 0, 
181, 1, 183, 180, -1, 241, 294, 10.0, 15, ABplapaapa, 9394, 0, 0, 0, , 0, 0, 0, 0, 0, 
182, 1, 184, 181, -1, 311, 290, 32.0, 13, ABarppaaaa, 4229, 0, 0, 0, , 0, 0, 0, 0, 0, 
183, 1, 185, 182, -1, 244, 328, 22.0, 15, ABplapaaapp, 5352, 0, 0, 0, , 0, 0, 0, 0, 0, 
184, 1, 186, 183, -1, 107, 366, 19.0, 11, ABplapapppa, 2994, 0, 0, 0, , 0, 0, 0, 0, 0, 
185, 1, 187, 184, -1, 97, 340, 15.0, 17, ABplapapppp, 5641, 0, 0, 0, , 0, 0, 0, 0, 0, 
186, 1, 188, 185, -1, 149, 355, 17.0, 15, ABplapapap, 6113, 0, 0, 0, , 0, 0, 0, 0, 0, 
187, 1, 189, 186, -1, 142, 344, 13.0, 15, ABplapappa, 6773, 0, 0, 0, , 0, 0, 0, 0, 0, 
188, 1, 190, 187, -1, 147, 368, 22.0, 15, ABplapapaa, 6906, 0, 0, 0, , 0, 0, 0, 0, 0, 
189, 1, 191, 188, -1, 237, 225, 14.0, 13, ABprpapaaaa, 4748, 0, 0, 0, , 0, 0, 0, 0, 0, 
190, 1, 192, 189, -1, 244, 211, 13.0, 13, ABprpapaapp, 4342, 0, 0, 0, , 0, 0, 0, 0, 0, 
191, 1, 193, 190, -1, 157, 288, 15.0, 14, ABprpapappp, 1860, 0, 0, 0, , 0, 0, 0, 0, 0, 
192, 1, 194, 191, -1, 215, 229, 15.0, 13, ABprpapapaa, 5564, 0, 0, 0, , 0, 0, 0, 0, 0, 
193, 0, 195, -1, -1, 99, 301, 18.0, 14, , 1478, 0, 0, 0, , 0, 0, 0, 0, 0, 
194, 1, 196, 193, -1, 111, 279, 18.0, 15, ABprpappppa, 7362, 0, 0, 0, , 0, 0, 0, 0, 0, 
195, 1, 197, 194, -1, 185, 279, 13.0, 11, ABprpappapp, 3406, 0, 0, 0, , 0, 0, 0, 0, 0, 
196, 1, 198, 195, -1, 242, 246, 12.0, 13, ABprpappaap, 3747, 0, 0, 0, , 0, 0, 0, 0, 0, 
197, 1, 199, 196, -1, 274, 235, 13.0, 13, ABprpappaaa, 1735, 0, 0, 0, , 0, 0, 0, 0, 0, 
198, 1, 200, 197, -1, 236, 181, 15.0, 13, ABprpaaaaap, 4541, 0, 0, 0, , 0, 0, 0, 0, 0, 
199, 1, 201, 198, -1, 250, 179, 19.0, 13, ABpraaappaa, 4287, 0, 0, 0, , 0, 0, 0, 0, 0, 
200, 1, 202, 199, -1, 179, 263, 13.0, 13, ABprpaaaapp, 6372, 0, 0, 0, , 0, 0, 0, 0, 0, 
201, 1, 203, 200, -1, 225, 244, 10.0, 19, ABprpaaaapa, 11512, 0, 0, 0, , 0, 0, 0, 0, 0, 
202, 1, 204, 201, -1, 269, 193, 17.0, 13, ABprpaaaaaa, 7696, 0, 0, 0, , 0, 0, 0, 0, 0, 
203, 1, 205, 202, -1, 253, 218, 14.0, 11, ABprpapaapa, 3844, 0, 0, 0, , 0, 0, 0, 0, 0, 
204, 1, 206, 203, -1, 253, 195, 15.0, 13, ABprpaaappp, 4973, 0, 0, 0, , 0, 0, 0, 0, 0, 
205, 1, 693, 204, -1, 290, 195, 13.0, 13, ABprpaaapaa, 4047, 0, 0, 0, , 0, 0, 0, 0, 0, 
206, 1, 208, 205, -1, 269, 182, 13.0, 15, ABprpaaapap, 7642, 0, 0, 0, , 0, 0, 0, 0, 0, 
207, 1, 209, 206, -1, 228, 174, 18.0, 13, ABprpaapaap, 6749, 0, 0, 0, , 0, 0, 0, 0, 0, 
208, 1, 210, 207, -1, 303, 159, 21.0, 17, ABprpaapapa, 17720, 0, 0, 0, , 0, 0, 0, 0, 0, 
209, 1, 211, 208, -1, 274, 191, 10.0, 15, ABprpaapapp, 7223, 0, 0, 0, , 0, 0, 0, 0, 0, 
210, 1, 212, 209, -1, 260, 204, 11.0, 13, ABprpaapppp, 4654, 0, 0, 0, , 0, 0, 0, 0, 0, 
211, 1, 213, 210, -1, 215, 174, 19.0, 13, ABprpaappap, 5498, 0, 0, 0, , 0, 0, 0, 0, 0, 
212, 1, 214, 211, -1, 228, 182, 20.0, 15, ABprpaappaa, 5912, 0, 0, 0, , 0, 0, 0, 0, 0, 
213, 1, 215, 212, -1, 97, 257, 17.0, 17, ABprpppaapa, 6091, 0, 0, 0, , 0, 0, 0, 0, 0, 
214, 1, 216, 213, -1, 139, 245, 16.0, 13, ABprpppaaap, 5229, 0, 0, 0, , 0, 0, 0, 0, 0, 
215, 1, 217, 214, -1, 144, 258, 12.0, 15, ABprpppaaaa, 5487, 0, 0, 0, , 0, 0, 0, 0, 0, 
216, 1, 218, 215, -1, 106, 262, 11.0, 11, ABprpppapaa, 3811, 0, 0, 0, , 0, 0, 0, 0, 0, 
217, 1, 219, 216, -1, 98, 286, 10.0, 15, ABprpppapap, 3565, 0, 0, 0, , 0, 0, 0, 0, 0, 
218, 0, 220, -1, -1, 113, 304, 9.0, 11, , 3566, 0, 0, 0, , 0, 0, 0, 0, 0, 
219, 1, 221, 218, -1, 133, 256, 11.0, 13, ABprppppapa, 2942, 0, 0, 0, , 0, 0, 0, 0, 0, 
220, 1, 222, 219, -1, 126, 271, 12.0, 15, ABprppppapp, 4788, 0, 0, 0, , 0, 0, 0, 0, 0, 
221, 1, 223, 220, -1, 129, 266, 18.0, 13, ABprppppaaa, 6265, 0, 0, 0, , 0, 0, 0, 0, 0, 
222, 1, 224, 221, -1, 117, 270, 17.0, 13, ABprppppaap, 4505, 0, 0, 0, , 0, 0, 0, 0, 0, 
223, 1, 686, 687, -1, 77, 291, 13.0, 13, ABprppppppp, 1711, 0, 0, 0, , 0, 0, 0, 0, 0, 
224, 1, 226, 223, -1, 117, 256, 21.0, 13, ABprpppppaa, 6516, 0, 0, 0, , 0, 0, 0, 0, 0, 
225, 1, 227, 224, -1, 101, 261, 20.0, 15, ABprpppppap, 4538, 0, 0, 0, , 0, 0, 0, 0, 0, 
226, 1, 228, 225, -1, 224, 202, 13.0, 11, ABprppaapap, 4493, 0, 0, 0, , 0, 0, 0, 0, 0, 
227, 0, 229, -1, -1, 212, 205, 11.0, 13, , 7308, 0, 0, 0, , 0, 0, 0, 0, 0, 
228, 1, 230, 227, -1, 201, 254, 13.0, 13, ABprppaappa, 4722, 0, 0, 0, , 0, 0, 0, 0, 0, 
229, 1, 231, 228, -1, 161, 267, 13.0, 15, ABprppaappp, 5018, 0, 0, 0, , 0, 0, 0, 0, 0, 
230, 1, 232, 229, -1, 229, 186, 13.0, 15, ABprppaaaaa, 5018, 0, 0, 0, , 0, 0, 0, 0, 0, 
231, 1, 233, 230, -1, 211, 186, 16.0, 17, ABprppaaaap, 7900, 0, 0, 0, , 0, 0, 0, 0, 0, 
232, 1, 234, 231, -1, 190, 231, 12.0, 15, ABprppapaaa, 4913, 0, 0, 0, , 0, 0, 0, 0, 0, 
233, 1, 235, 232, -1, 182, 253, 17.0, 13, ABprppapaap, 5987, 0, 0, 0, , 0, 0, 0, 0, 0, 
234, 1, 236, 233, -1, 171, 263, 17.0, 11, ABprppapapa, 2213, 0, 0, 0, , 0, 0, 0, 0, 0, 
235, 1, 237, 234, -1, 155, 260, 17.0, 13, ABprppapapp, 3442, 0, 0, 0, , 0, 0, 0, 0, 0, 
236, 1, 238, 235, -1, 158, 276, 16.0, 13, ABprppapppa, 3449, 0, 0, 0, , 0, 0, 0, 0, 0, 
237, 1, 239, 236, -1, 145, 259, 15.0, 13, ABprppapppp, 5239, 0, 0, 0, , 0, 0, 0, 0, 0, 
238, 1, 240, 237, -1, 186, 253, 15.0, 15, ABprppappaa, 5046, 0, 0, 0, , 0, 0, 0, 0, 0, 
239, 1, 241, 238, -1, 184, 270, 17.0, 13, ABprppappap, 4145, 0, 0, 0, , 0, 0, 0, 0, 0, 
240, 1, 242, 239, -1, 330, 201, 20.0, 13, ABpraapaaaa, 4710, 0, 0, 0, , 0, 0, 0, 0, 0, 
241, 1, 243, 240, -1, 324, 196, 27.0, 13, ABarpapaaaa, 3459, 0, 0, 0, , 0, 0, 0, 0, 0, 
242, 1, 244, 241, -1, 334, 187, 21.0, 11, ABpraapaaap, 4343, 0, 0, 0, , 0, 0, 0, 0, 0, 
243, 1, 245, 242, -1, 293, 169, 23.0, 13, ABpraapaapa, 5073, 0, 0, 0, , 0, 0, 0, 0, 0, 
244, 1, 246, 243, -1, 224, 186, 28.0, 15, ABpraapapap, 5352, 0, 0, 0, , 0, 0, 0, 0, 0, 
245, 1, 247, 244, -1, 223, 188, 26.0, 13, ABpraapapaa, 8249, 0, 0, 0, , 0, 0, 0, 0, 0, 
246, 0, 248, -1, -1, 239, 169, 22.0, 11, , 2302, 0, 0, 0, , 0, 0, 0, 0, 0, 
247, 1, 249, 246, -1, 240, 188, 28.0, 13, ABpraapappa, 4176, 0, 0, 0, , 0, 0, 0, 0, 0, 
248, 1, 250, 247, -1, 188, 194, 17.0, 19, ABpraapppp, 18824, 0, 0, 0, , 0, 0, 0, 0, 0, 
249, 1, 251, 248, -1, 292, 196, 9.0, 17, ABpraappaa, 4417, 0, 0, 0, , 0, 0, 0, 0, 0, 
250, 1, 252, 249, -1, 286, 183, 25.0, 15, ABpraaapapa, 6199, 0, 0, 0, , 0, 0, 0, 0, 0, 
251, 1, 253, 250, -1, 301, 177, 23.0, 11, ABpraaapapp, 3506, 0, 0, 0, , 0, 0, 0, 0, 0, 
252, 1, 254, 251, -1, 252, 182, 25.0, 13, ABpraaapaad, 2505, 0, 0, 0, , 0, 0, 0, 0, 0, 
253, 1, 255, 252, -1, 268, 172, 24.0, 13, ABpraaapaav, 4214, 0, 0, 0, , 0, 0, 0, 0, 0, 
254, 1, 256, 253, -1, 235, 182, 22.0, 13, ABpraaappap, 3922, 0, 0, 0, , 0, 0, 0, 0, 0, 
255, 1, 257, 254, -1, 218, 172, 24.0, 11, ABpraaapppap, 3527, 0, 0, 0, , 0, 0, 0, 0, 0, 
256, 1, 258, 255, -1, 314, 173, 19.0, 15, ABpraaaaapd, 5255, 0, 0, 0, , 0, 0, 0, 0, 0, 
257, 1, 259, 256, -1, 279, 168, 16.0, 17, ABpraaaaaaa, 4999, 0, 0, 0, , 0, 0, 0, 0, 0, 
258, 1, 260, 257, -1, 299, 183, 14.0, 13, ABpraaaaaap, 5896, 0, 0, 0, , 0, 0, 0, 0, 0, 
259, 1, 261, 258, -1, 252, 174, 15.0, 13, ABpraaaapav, 5190, 0, 0, 0, , 0, 0, 0, 0, 0, 
260, 1, 262, 259, -1, 288, 171, 14.0, 15, ABpraaaapad, 3687, 0, 0, 0, , 0, 0, 0, 0, 0, 
261, 1, 263, 260, -1, 257, 166, 25.0, 9, ABpraaaappa, 2478, 0, 0, 0, , 0, 0, 0, 0, 0, 
262, 1, 264, 261, -1, 259, 174, 28.0, 17, ABpraaaappp, 5250, 0, 0, 0, , 0, 0, 0, 0, 0, 
263, 1, 265, 262, -1, 131, 228, 20.0, 15, ABprappapp, 8334, 0, 0, 0, , 0, 0, 0, 0, 0, 
264, 1, 266, 263, -1, 145, 212, 28.0, 15, ABprappapa, 6766, 0, 0, 0, , 0, 0, 0, 0, 0, 
265, 1, 267, 264, -1, 148, 224, 21.0, 15, ABprappaap, 6547, 0, 0, 0, , 0, 0, 0, 0, 0, 
266, 1, 268, 265, -1, 165, 216, 22.0, 13, ABprappaaa, 5578, 0, 0, 0, , 0, 0, 0, 0, 0, 
267, 1, 269, 266, -1, 79, 241, 19.0, 11, ABprapppaap, 5343, 0, 0, 0, , 0, 0, 0, 0, 0, 
268, 1, 270, 267, -1, 86, 245, 16.0, 15, ABprapppaaa, 3864, 0, 0, 0, , 0, 0, 0, 0, 0, 
269, 1, 271, 268, -1, 91, 265, 14.0, 13, ABprapppapp, 4466, 0, 0, 0, , 0, 0, 0, 0, 0, 
270, 1, 272, 269, -1, 76, 260, 12.0, 11, ABprapppapa, 3694, 0, 0, 0, , 0, 0, 0, 0, 0, 
271, 1, 273, 270, -1, 75, 273, 12.0, 15, ABprappppp, 7929, 0, 0, 0, , 0, 0, 0, 0, 0, 
272, 1, 274, 271, -1, 118, 263, 10.0, 17, ABprappppa, 7887, 0, 0, 0, , 0, 0, 0, 0, 0, 
273, 1, 275, 272, -1, 205, 188, 24.0, 13, ABprapaaapa, 6340, 0, 0, 0, , 0, 0, 0, 0, 0, 
274, 1, 276, 273, -1, 190, 198, 25.0, 14, ABprapaaapp, 5550, 0, 0, 0, , 0, 0, 0, 0, 0, 
275, 1, 277, 274, -1, 232, 181, 31.0, 19, ABprapaaaap, 7003, 0, 0, 0, , 0, 0, 0, 0, 0, 
276, 1, 278, 275, -1, 174, 210, 18.0, 15, ABprapaapp, 7740, 0, 0, 0, , 0, 0, 0, 0, 0, 
277, 1, 279, 276, -1, 204, 221, 10.0, 15, ABprapaapa, 8146, 0, 0, 0, , 0, 0, 0, 0, 0, 
278, 1, 280, 277, -1, 110, 235, 14.0, 17, ABprapappa, 7453, 0, 0, 0, , 0, 0, 0, 0, 0, 
279, 1, 281, 278, -1, 76, 266, 16.0, 15, ABprapapppp, 4712, 0, 0, 0, , 0, 0, 0, 0, 0, 
280, 0, 282, -1, -1, 92, 241, 21.0, 9, , 417, 0, 0, 0, , 0, 0, 0, 0, 0, 
281, 1, 283, 280, -1, 113, 228, 19.0, 15, ABprapapap, 6912, 0, 0, 0, , 0, 0, 0, 0, 0, 
282, 1, 284, 281, -1, 98, 234, 25.0, 17, ABprapapaa, 14120, 0, 0, 0, , 0, 0, 0, 0, 0, 
283, 1, 285, 282, -1, 246, 196, 32.0, 15, MSppppap, 3472, 0, 0, 0, , 0, 0, 0, 0, 0, 
284, 1, 286, 283, -1, 231, 197, 21.0, 14, MSppppaa, 557, 0, 0, 0, , 0, 0, 0, 0, 0, 
285, 1, 287, 284, -1, 278, 206, 35.0, 19, MSpppppa, 5339, 0, 0, 0, , 0, 0, 0, 0, 0, 
286, 1, 288, 285, -1, 237, 218, 34.0, 17, MSpppppp, 6283, 0, 0, 0, , 0, 0, 0, 0, 0, 
287, 1, 289, 286, -1, 267, 199, 32.0, 15, MSpppaaa, 3324, 0, 0, 0, , 0, 0, 0, 0, 0, 
288, 1, 290, 287, -1, 131, 253, 25.0, 13, MSpppaap, 1687, 0, 0, 0, , 0, 0, 0, 0, 0, 
289, 1, 291, 288, -1, 228, 225, 12.0, 11, ABprpapaaap, 3985, 0, 0, 0, , 0, 0, 0, 0, 0, 
290, 1, 292, 289, -1, 136, 289, 20.0, 15, MSppaapp, 5842, 0, 0, 0, , 0, 0, 0, 0, 0, 
291, 1, 293, 290, -1, 252, 188, 23.0, 11, MSppaapa, 3407, 0, 0, 0, , 0, 0, 0, 0, 0, 
292, 1, 294, 291, -1, 272, 199, 23.0, 11, MSppaaaad, 2930, 0, 0, 0, , 0, 0, 0, 0, 0, 
293, 0, 295, -1, -1, 288, 189, 30.0, 11, , 3432, 0, 0, 0, , 0, 0, 0, 0, 0, 
294, 1, 296, 293, -1, 199, 204, 28.0, 14, MSppapaa, 2201, 0, 0, 0, , 0, 0, 0, 0, 0, 
295, 1, 297, 294, -1, 255, 192, 20.0, 13, MSppapap, 3345, 0, 0, 0, , 0, 0, 0, 0, 0, 
296, 1, 298, 295, -1, 197, 258, 22.0, 13, MSpapappp, 4344, 0, 0, 0, , 0, 0, 0, 0, 0, 
297, 1, 299, 296, -1, 209, 244, 22.0, 13, MSpapapaa, 4504, 0, 0, 0, , 0, 0, 0, 0, 0, 
298, 1, 300, 297, -1, 209, 233, 19.0, 15, MSpapaaap, 4796, 0, 0, 0, , 0, 0, 0, 0, 0, 
299, 1, 301, 298, -1, 197, 236, 25.0, 13, MSpapaapp, 4324, 0, 0, 0, , 0, 0, 0, 0, 0, 
300, 1, 302, 299, -1, 174, 324, 18.0, 15, MSpappaa, 6268, 0, 0, 0, , 0, 0, 0, 0, 0, 
301, 1, 303, 300, -1, 172, 244, 20.0, 13, MSpappppa, 3135, 0, 0, 0, , 0, 0, 0, 0, 0, 
302, 1, 304, 301, -1, 156, 247, 21.0, 15, MSpappppp, 3156, 0, 0, 0, , 0, 0, 0, 0, 0, 
303, 1, 305, 302, -1, 234, 251, 34.0, 15, MSpaaappp, 14136, 0, 0, 0, , 0, 0, 0, 0, 0, 
304, 1, 306, 303, -1, 244, 270, 31.0, 13, MSpaaapaa, 4660, 0, 0, 0, , 0, 0, 0, 0, 0, 
305, 1, 307, 304, -1, 217, 261, 32.0, 13, MSpaaapap, 4558, 0, 0, 0, , 0, 0, 0, 0, 0, 
306, 1, 308, 305, -1, 272, 220, 32.0, 17, MSpaaaapa, 3722, 0, 0, 0, , 0, 0, 0, 0, 0, 
307, 1, 309, 306, -1, 256, 226, 32.0, 15, MSpaaaapp, 6709, 0, 0, 0, , 0, 0, 0, 0, 0, 
308, 1, 310, 307, -1, 272, 248, 35.0, 19, MSpaaaaaa, 9172, 0, 0, 0, , 0, 0, 0, 0, 0, 
309, 1, 311, 308, -1, 248, 249, 30.0, 11, MSpaaaaap, 4372, 0, 0, 0, , 0, 0, 0, 0, 0, 
310, 1, 312, 309, -1, 212, 210, 24.0, 13, ABaraappppa, 5177, 0, 0, 0, , 0, 0, 0, 0, 0, 
311, 1, 313, 310, -1, 216, 217, 30.0, 15, ABaraapppap, 6838, 0, 0, 0, , 0, 0, 0, 0, 0, 
312, 1, 314, 311, -1, 233, 251, 30.0, 13, MSpaapaap, 3166, 0, 0, 0, , 0, 0, 0, 0, 0, 
313, 1, 315, 312, -1, 251, 243, 33.0, 15, MSpaaappa, 5073, 0, 0, 0, , 0, 0, 0, 0, 0, 
314, 1, 316, 313, -1, 234, 234, 31.0, 11, MSpaapaaa, 2683, 0, 0, 0, , 0, 0, 0, 0, 0, 
315, 1, 317, 314, -1, 278, 299, 31.0, 13, MSapppap, 2900, 0, 0, 0, , 0, 0, 0, 0, 0, 
316, 1, 318, 315, -1, 294, 269, 35.0, 19, MSappppa, 9352, 0, 0, 0, , 0, 0, 0, 0, 0, 
317, 0, 319, -1, -1, 243, 286, 30.0, 11, , 2504, 0, 0, 0, , 0, 0, 0, 0, 0, 
318, 1, 320, 317, -1, 145, 335, 19.0, 11, MSappaap, 1788, 0, 0, 0, , 0, 0, 0, 0, 0, 
319, 1, 321, 318, -1, 292, 279, 31.0, 15, MSappaaa, 5707, 0, 0, 0, , 0, 0, 0, 0, 0, 
320, 0, 322, -1, -1, 284, 284, 13.0, 9, , 1289, 0, 0, 0, , 0, 0, 0, 0, 0, 
321, 1, 323, 320, -1, 267, 280, 31.0, 19, ABaraapaapp, 17702, 0, 0, 0, , 0, 0, 0, 0, 0, 
322, 1, 324, 321, -1, 314, 245, 33.0, 13, MSapappp, 4114, 0, 0, 0, , 0, 0, 0, 0, 0, 
323, 1, 325, 322, -1, 235, 317, 26.0, 14, MSapapaa, 1558, 0, 0, 0, , 0, 0, 0, 0, 0, 
324, 1, 326, 323, -1, 153, 283, 20.0, 17, MSapaapp, 4702, 0, 0, 0, , 0, 0, 0, 0, 0, 
325, 1, 327, 324, -1, 294, 283, 19.0, 14, MSapapap, 2699, 0, 0, 0, , 0, 0, 0, 0, 0, 
326, 1, 328, 325, -1, 305, 262, 22.0, 11, MSapaaaad, 3152, 0, 0, 0, , 0, 0, 0, 0, 0, 
327, 1, 329, 326, -1, 281, 241, 32.0, 11, MSaaaaapap, 3281, 0, 0, 0, , 0, 0, 0, 0, 0, 
328, 1, 330, 327, -1, 297, 235, 32.0, 11, MSaaaaapaa, 1890, 0, 0, 0, , 0, 0, 0, 0, 0, 
329, 1, 331, 328, -1, 276, 257, 30.0, 11, MSaaapaaa, 1567, 0, 0, 0, , 0, 0, 0, 0, 0, 
330, 1, 332, 329, -1, 292, 208, 28.0, 13, MSaaaaaar, 4079, 0, 0, 0, , 0, 0, 0, 0, 0, 
331, 1, 333, 330, -1, 313, 246, 28.0, 11, MSaaaaaal, 4233, 0, 0, 0, , 0, 0, 0, 0, 0, 
332, 1, 334, 331, -1, 252, 258, 35.0, 15, MSaaaapaa, 4227, 0, 0, 0, , 0, 0, 0, 0, 0, 
333, 1, 335, 332, -1, 259, 265, 32.0, 13, MSaaaapap, 3941, 0, 0, 0, , 0, 0, 0, 0, 0, 
334, 1, 336, 333, -1, 230, 270, 31.0, 13, MSaaaappa, 3310, 0, 0, 0, , 0, 0, 0, 0, 0, 
335, 1, 337, 334, -1, 231, 289, 30.0, 15, MSaaapapp, 3820, 0, 0, 0, , 0, 0, 0, 0, 0, 
336, 1, 338, 335, -1, 205, 290, 30.0, 13, MSaaappa, 4865, 0, 0, 0, , 0, 0, 0, 0, 0, 
337, 1, 339, 336, -1, 216, 278, 33.0, 13, MSaaappp, 5316, 0, 0, 0, , 0, 0, 0, 0, 0, 
338, 1, 340, 337, -1, 194, 319, 18.0, 11, MSaapppp, 2672, 0, 0, 0, , 0, 0, 0, 0, 0, 
339, 1, 341, 338, -1, 232, 275, 18.0, 13, MSaapaaap, 4194, 0, 0, 0, , 0, 0, 0, 0, 0, 
340, 1, 342, 339, -1, 251, 275, 18.0, 15, MSaapaaaa, 2678, 0, 0, 0, , 0, 0, 0, 0, 0, 
341, 1, 343, 340, -1, 216, 279, 18.0, 11, MSaapappp, 2909, 0, 0, 0, , 0, 0, 0, 0, 0, 
342, 1, 344, 341, -1, 243, 301, 26.0, 15, MSaapappa, 3748, 0, 0, 0, , 0, 0, 0, 0, 0, 
343, 1, 345, 342, -1, 233, 281, 21.0, 13, MSaapapaa, 3867, 0, 0, 0, , 0, 0, 0, 0, 0, 
344, 1, 346, 343, -1, 230, 293, 19.0, 13, MSaapapap, 4766, 0, 0, 0, , 0, 0, 0, 0, 0, 
345, 1, 347, 344, -1, 99, 316, 25.0, 23, Eplpa, 708, 0, 0, 0, , 0, 0, 0, 0, 0, 
346, 1, 348, 345, -1, 112, 352, 22.0, 17, Cappapa, 4195, 0, 0, 0, , 0, 0, 0, 0, 0, 
347, 1, 349, 346, -1, 101, 345, 20.0, 15, Cappapp, 5879, 0, 0, 0, , 0, 0, 0, 0, 0, 
348, 1, 350, 347, -1, 190, 334, 30.0, 15, Cappaaa, 4956, 0, 0, 0, , 0, 0, 0, 0, 0, 
349, 1, 351, 348, -1, 81, 339, 23.0, 17, Capppap, 5841, 0, 0, 0, , 0, 0, 0, 0, 0, 
350, 1, 352, 349, -1, 109, 345, 31.0, 17, Capppaa, 5255, 0, 0, 0, , 0, 0, 0, 0, 0, 
351, 1, 353, 350, -1, 123, 355, 25.0, 15, Capapap, 5517, 0, 0, 0, , 0, 0, 0, 0, 0, 
352, 1, 354, 351, -1, 162, 346, 29.0, 17, Capapaa, 6044, 0, 0, 0, , 0, 0, 0, 0, 0, 
353, 1, 355, 352, -1, 139, 319, 13.0, 13, Capappp, 4571, 0, 0, 0, , 0, 0, 0, 0, 0, 
354, 1, 356, 353, -1, 147, 336, 16.0, 13, Capappa, 5722, 0, 0, 0, , 0, 0, 0, 0, 0, 
355, 1, 357, 354, -1, 194, 337, 22.0, 13, Capaaap, 5168, 0, 0, 0, , 0, 0, 0, 0, 0, 
356, 1, 358, 355, -1, 214, 324, 21.0, 15, Capaaaa, 4548, 0, 0, 0, , 0, 0, 0, 0, 0, 
357, 0, 359, -1, -1, 82, 291, 14.0, 17, , 3428, 0, 0, 0, , 0, 0, 0, 0, 0, 
358, 1, 360, 357, -1, 68, 301, 14.0, 15, Caappv, 4958, 0, 0, 0, , 0, 0, 0, 0, 0, 
359, 1, 361, 715, -1, 103, 304, 10.0, 13, Caapap, 422, 0, 0, 0, , 0, 0, 0, 0, 0, 
360, 1, 362, 359, -1, 90, 357, 19.0, 13, Cpappd, 1290, 0, 0, 0, , 0, 0, 0, 0, 0, 
361, 1, 363, 360, -1, 74, 325, 14.0, 13, Cpappv, 5301, 0, 0, 0, , 0, 0, 0, 0, 0, 
362, 1, 364, 361, -1, 71, 261, 24.0, 19, Cpapaa, 14048, 0, 0, 0, , 0, 0, 0, 0, 0, 
363, 1, 365, 362, -1, 121, 243, 25.0, 15, Cppaapp, 5963, 0, 0, 0, , 0, 0, 0, 0, 0, 
364, 1, 366, 363, -1, 145, 236, 25.0, 15, Cppaapa, 5095, 0, 0, 0, , 0, 0, 0, 0, 0, 
365, 1, 367, 364, -1, 165, 234, 24.0, 13, Cppaaap, 3907, 0, 0, 0, , 0, 0, 0, 0, 0, 
366, 1, 368, 365, -1, 179, 230, 22.0, 13, Cppaaaa, 4774, 0, 0, 0, , 0, 0, 0, 0, 0, 
367, 1, 369, 366, -1, 145, 245, 32.0, 17, Cppapaa, 5613, 0, 0, 0, , 0, 0, 0, 0, 0, 
368, 1, 370, 367, -1, 115, 253, 15.0, 15, Cppappp, 5196, 0, 0, 0, , 0, 0, 0, 0, 0, 
369, 1, 371, 368, -1, 111, 246, 19.0, 15, Cppappa, 4921, 0, 0, 0, , 0, 0, 0, 0, 0, 
370, 1, 372, 369, -1, 139, 263, 34.0, 15, Cpppaap, 5364, 0, 0, 0, , 0, 0, 0, 0, 0, 
371, 1, 373, 370, -1, 169, 232, 32.0, 13, Cpppaaa, 4512, 0, 0, 0, , 0, 0, 0, 0, 0, 
372, 1, 374, 371, -1, 79, 268, 22.0, 15, Cpppapp, 6176, 0, 0, 0, , 0, 0, 0, 0, 0, 
373, 1, 375, 372, -1, 87, 263, 27.0, 19, Cpppapa, 11866, 0, 0, 0, , 0, 0, 0, 0, 0, 
374, 1, 376, 373, -1, 254, 298, 15.0, 13, Daapa, 4649, 0, 0, 0, , 0, 0, 0, 0, 0, 
375, 1, 377, 374, -1, 237, 302, 14.0, 15, Daapp, 5426, 0, 0, 0, , 0, 0, 0, 0, 0, 
376, 1, 378, 375, -1, 255, 306, 19.0, 14, Daaaa, 2681, 0, 0, 0, , 0, 0, 0, 0, 0, 
377, 1, 379, 376, -1, 244, 310, 30.0, 17, Daaap, 5448, 0, 0, 0, , 0, 0, 0, 0, 0, 
378, 1, 380, 377, -1, 229, 296, 34.0, 13, Dappaa, 3058, 0, 0, 0, , 0, 0, 0, 0, 0, 
379, 1, 381, 378, -1, 170, 325, 33.0, 13, Dapppp, 2033, 0, 0, 0, , 0, 0, 0, 0, 0, 
380, 1, 382, 379, -1, 192, 313, 33.0, 13, Dapppa, 4689, 0, 0, 0, , 0, 0, 0, 0, 0, 
381, 1, 383, 380, -1, 201, 215, 16.0, 15, Dpapp, 5436, 0, 0, 0, , 0, 0, 0, 0, 0, 
382, 1, 384, 381, -1, 213, 205, 17.0, 13, Dpapa, 4062, 0, 0, 0, , 0, 0, 0, 0, 0, 
383, 1, 385, 382, -1, 217, 208, 33.0, 17, Dpaap, 4080, 0, 0, 0, , 0, 0, 0, 0, 0, 
384, 0, 386, -1, -1, 219, 203, 32.0, 13, , 2121, 0, 0, 0, , 0, 0, 0, 0, 0, 
385, 1, 387, 384, -1, 213, 197, 21.0, 13, Dpaaa, 4173, 0, 0, 0, , 0, 0, 0, 0, 0, 
386, 1, 388, 385, -1, 183, 246, 33.0, 15, Dppppa, 3039, 0, 0, 0, , 0, 0, 0, 0, 0, 
387, 1, 389, 386, -1, 201, 250, 34.0, 15, Dpppap, 2956, 0, 0, 0, , 0, 0, 0, 0, 0, 
388, 1, 390, 387, -1, 221, 233, 35.0, 15, Dpppaa, 4460, 0, 0, 0, , 0, 0, 0, 0, 0, 
389, 1, 391, 388, -1, 193, 207, 21.0, 15, Dppaa, 4390, 0, 0, 0, , 0, 0, 0, 0, 0, 
390, 1, 392, 389, -1, 187, 223, 31.0, 17, Dppap, 3133, 0, 0, 0, , 0, 0, 0, 0, 0, 
391, 0, 393, -1, -1, 381, 244, 24.0, 15, , 7759, 0, 0, 0, , 0, 0, 0, 0, 0, 
392, 0, 394, -1, -1, 307, 288, 25.0, 13, , 2961, 0, 0, 0, , 0, 0, 0, 0, 0, 
393, 1, 395, 392, -1, 299, 314, 22.0, 13, ABalppppppaa, 3095, 0, 0, 0, , 0, 0, 0, 0, 0, 
394, 1, 396, 393, -1, 279, 320, 22.0, 11, ABalppppppap, 3360, 0, 0, 0, , 0, 0, 0, 0, 0, 
395, 1, 397, 394, -1, 312, 308, 19.0, 11, ABalpppppppa, 2883, 0, 0, 0, , 0, 0, 0, 0, 0, 
396, 0, 398, -1, -1, 349, 249, 24.0, 13, , 1213, 0, 0, 0, , 0, 0, 0, 0, 0, 
397, 1, 399, 396, -1, 334, 277, 16.0, 11, ABalpppaaaa, 3455, 0, 0, 0, , 0, 0, 0, 0, 0, 
398, 1, 400, 397, -1, 329, 250, 13.0, 15, ABalpppaaap, 8362, 0, 0, 0, , 0, 0, 0, 0, 0, 
399, 1, 401, 398, -1, 345, 265, 16.0, 11, ABalpppaapd, 2388, 0, 0, 0, , 0, 0, 0, 0, 0, 
400, 1, 402, 399, -1, 349, 246, 18.0, 13, ABalpppaapv, 4348, 0, 0, 0, , 0, 0, 0, 0, 0, 
401, 1, 403, 400, -1, 307, 293, 15.0, 15, ABalpppapad, 4231, 0, 0, 0, , 0, 0, 0, 0, 0, 
402, 1, 404, 401, -1, 330, 273, 13.0, 15, ABalpppapav, 4033, 0, 0, 0, , 0, 0, 0, 0, 0, 
403, 1, 405, 402, -1, 347, 246, 16.0, 15, ABalaaapalr, 3986, 0, 0, 0, , 0, 0, 0, 0, 0, 
404, 1, 406, 403, -1, 338, 250, 14.0, 11, ABalppaaapp, 4404, 0, 0, 0, , 0, 0, 0, 0, 0, 
405, 0, -1, -1, -1, 296, 261, 11.0, 13, , 4140, 0, 0, 0, , 0, 0, 0, 0, 0, 
406, 1, 408, 405, -1, 287, 302, 15.0, 15, ABplpaaaaap, 8608, 0, 0, 0, , 0, 0, 0, 0, 0, 
407, 1, 409, 406, -1, 291, 256, 14.0, 11, ABalppapppa, 2558, 0, 0, 0, , 0, 0, 0, 0, 0, 
408, 1, 410, 407, -1, 315, 256, 20.0, 13, ABalppappaa, 4990, 0, 0, 0, , 0, 0, 0, 0, 0, 
409, 1, 411, 408, -1, 325, 270, 21.0, 11, ABalapaappa, 2782, 0, 0, 0, , 0, 0, 0, 0, 0, 
410, 1, 412, 409, -1, 282, 254, 12.0, 13, ABalppapapa, 4846, 0, 0, 0, , 0, 0, 0, 0, 0, 
411, 1, 413, 410, -1, 308, 243, 11.0, 14, ABalppapapp, 2913, 0, 0, 0, , 0, 0, 0, 0, 0, 
412, 1, 414, 411, -1, 308, 235, 10.0, 19, ABplaappaa, 8037, 0, 0, 0, , 0, 0, 0, 0, 0, 
413, 1, 415, 412, -1, 318, 242, 19.0, 13, ABalppapaaa, 4130, 0, 0, 0, , 0, 0, 0, 0, 0, 
414, 1, 416, 413, -1, 270, 250, 13.0, 13, ABalpapapaa, 3680, 0, 0, 0, , 0, 0, 0, 0, 0, 
415, 1, 417, 414, -1, 208, 282, 10.0, 13, ABalpapappa, 6657, 0, 0, 0, , 0, 0, 0, 0, 0, 
416, 1, 418, 415, -1, 307, 215, 12.0, 13, ABalpapaapp, 6053, 0, 0, 0, , 0, 0, 0, 0, 0, 
417, 0, 419, -1, -1, 314, 229, 13.0, 15, , 10824, 0, 0, 0, , 0, 0, 0, 0, 0, 
418, 1, 420, 417, -1, 272, 249, 19.0, 11, ABalpaaaapa, 2415, 0, 0, 0, , 0, 0, 0, 0, 0, 
419, 1, 421, 418, -1, 272, 260, 18.0, 13, ABalpaaaaap, 4910, 0, 0, 0, , 0, 0, 0, 0, 0, 
420, 1, 422, 419, -1, 251, 246, 21.0, 11, ABalpappaaa, 5763, 0, 0, 0, , 0, 0, 0, 0, 0, 
421, 1, 423, 420, -1, 277, 283, 21.0, 13, ABalpapppaa, 8585, 0, 0, 0, , 0, 0, 0, 0, 0, 
422, 1, 424, 421, -1, 253, 262, 20.0, 11, ABalpapppap, 5832, 0, 0, 0, , 0, 0, 0, 0, 0, 
423, 1, 425, 422, -1, 293, 272, 25.0, 13, ABalpaaapaa, 4830, 0, 0, 0, , 0, 0, 0, 0, 0, 
424, 1, 426, 423, -1, 292, 270, 27.0, 11, ABalpaaapap, 3925, 0, 0, 0, , 0, 0, 0, 0, 0, 
425, 1, 427, 424, -1, 253, 254, 17.0, 11, ABalpaaaapp, 5651, 0, 0, 0, , 0, 0, 0, 0, 0, 
426, 1, 428, 425, -1, 285, 253, 21.0, 15, ABalpaaaaaa, 5554, 0, 0, 0, , 0, 0, 0, 0, 0, 
427, 1, 429, 426, -1, 279, 273, 20.0, 15, ABalpappaap, 3862, 0, 0, 0, , 0, 0, 0, 0, 0, 
428, 0, 430, -1, -1, 293, 235, 18.0, 11, , 3826, 0, 0, 0, , 0, 0, 0, 0, 0, 
429, 1, 431, 428, -1, 314, 227, 20.0, 15, ABalpaapppa, 3042, 0, 0, 0, , 0, 0, 0, 0, 0, 
430, 1, 432, 429, -1, 321, 225, 16.0, 13, ABalpaapppp, 2458, 0, 0, 0, , 0, 0, 0, 0, 0, 
431, 1, 433, 430, -1, 302, 232, 21.0, 13, ABalpaappaa, 3557, 0, 0, 0, , 0, 0, 0, 0, 0, 
432, 1, 434, 431, -1, 275, 263, 27.0, 15, ABalpaapapa, 8826, 0, 0, 0, , 0, 0, 0, 0, 0, 
433, 0, 435, -1, -1, 291, 253, 25.0, 13, , 5766, 0, 0, 0, , 0, 0, 0, 0, 0, 
434, 0, 436, -1, -1, 283, 264, 17.0, 11, , 3316, 0, 0, 0, , 0, 0, 0, 0, 0, 
435, 0, -1, -1, -1, 179, 276, 27.0, 15, , 2315, 0, 0, 0, , 0, 0, 0, 0, 0, 
436, 1, 438, 435, -1, 133, 319, 29.0, 17, Ealpp, 4418, 0, 0, 0, , 0, 0, 0, 0, 0, 
437, 1, 439, 436, -1, 137, 294, 28.0, 19, Earpp, 15035, 0, 0, 0, , 0, 0, 0, 0, 0, 
438, 0, 440, -1, -1, 170, 304, 25.0, 19, , 10019, 0, 0, 0, , 0, 0, 0, 0, 0, 
439, 1, 441, 438, -1, 212, 287, 22.0, 19, Ealaad, 25069, 0, 0, 0, , 0, 0, 0, 0, 0, 
440, 1, 442, 439, -1, 103, 286, 20.0, 21, Eprpp, 9652, 0, 0, 0, , 0, 0, 0, 0, 0, 
441, 1, 443, 440, -1, 213, 326, 29.0, 13, Dapap, 3625, 0, 0, 0, , 0, 0, 0, 0, 0, 
442, 1, 444, 441, -1, 233, 313, 19.0, 15, Dapaa, 5732, 0, 0, 0, , 0, 0, 0, 0, 0, 
443, 1, 445, 442, -1, 230, 296, 24.0, 13, MSaapaapp, 5412, 0, 0, 0, , 0, 0, 0, 0, 0, 
444, 1, 446, 443, -1, 242, 303, 22.0, 11, MSaapaapa, 4874, 0, 0, 0, , 0, 0, 0, 0, 0, 
445, 1, 447, 444, -1, 191, 205, 31.0, 17, ABarpppapp, 5732, 0, 0, 0, , 0, 0, 0, 0, 0, 
446, 1, 448, 445, -1, 270, 302, 13.0, 15, ABplppaapap, 5283, 0, 0, 0, , 0, 0, 0, 0, 0, 
447, 1, 449, 446, -1, 258, 296, 10.0, 11, ABplppaapaa, 5205, 0, 0, 0, , 0, 0, 0, 0, 0, 
448, 1, 450, 447, -1, 327, 244, 21.0, 13, ABalaaaalal, 3641, 0, 0, 0, , 0, 0, 0, 0, 0, 
449, 0, 451, -1, -1, 286, 178, 28.0, 11, , 1469, 0, 0, 0, , 0, 0, 0, 0, 0, 
450, 1, 452, 449, -1, 324, 172, 23.0, 13, ABarpappaa, 4404, 0, 0, 0, , 0, 0, 0, 0, 0, 
451, 1, 453, 450, -1, 107, 282, 36.0, 17, Cppppaa, 7374, 0, 0, 0, , 0, 0, 0, 0, 0, 
452, 1, 454, 451, -1, 71, 287, 27.0, 17, Cppppap, 5910, 0, 0, 0, , 0, 0, 0, 0, 0, 
453, 1, 455, 452, -1, 103, 274, 14.0, 15, Cpppppv, 5028, 0, 0, 0, , 0, 0, 0, 0, 0, 
454, 1, 456, 453, -1, 177, 272, 24.0, 19, Earpa, 11841, 0, 0, 0, , 0, 0, 0, 0, 0, 
455, 1, 457, 454, -1, 303, 192, 31.0, 15, ABarpapaapp, 7049, 0, 0, 0, , 0, 0, 0, 0, 0, 
456, 1, 458, 455, -1, 116, 298, 28.0, 13, Eprap, 4193, 0, 0, 0, , 0, 0, 0, 0, 0, 
457, 1, 459, 664, -1, 288, 233, 36.0, 21, ABarpaappa, 13449, 0, 0, 0, , 0, 0, 0, 0, 0, 
458, 0, 460, -1, -1, 113, 315, 26.0, 15, , 4035, 0, 0, 0, , 0, 0, 0, 0, 0, 
459, 1, 461, 458, -1, 195, 276, 19.0, 13, MSaappap, 3673, 0, 0, 0, , 0, 0, 0, 0, 0, 
460, 1, 462, 459, -1, 295, 227, 15.0, 13, ABalpapaapa, 5506, 0, 0, 0, , 0, 0, 0, 0, 0, 
461, 0, 463, -1, -1, 137, 288, 29.0, 13, , 4493, 0, 0, 0, , 0, 0, 0, 0, 0, 
462, 1, 464, 461, -1, 221, 299, 11.0, 15, ABplppapaaa, 6454, 0, 0, 0, , 0, 0, 0, 0, 0, 
463, 1, 465, 462, -1, 331, 240, 23.0, 13, ABalaaaalar, 4034, 0, 0, 0, , 0, 0, 0, 0, 0, 
464, 1, 466, 463, -1, 280, 194, 17.0, 11, ABarappppap, 4847, 0, 0, 0, , 0, 0, 0, 0, 0, 
465, 1, 467, 464, -1, 143, 248, 19.0, 15, MSpappap, 7782, 0, 0, 0, , 0, 0, 0, 0, 0, 
466, 1, 468, 465, -1, 206, 244, 31.0, 17, MSpaapapp, 4314, 0, 0, 0, , 0, 0, 0, 0, 0, 
467, 1, 469, 466, -1, 69, 294, 19.0, 17, Cpppppd, 12583, 0, 0, 0, , 0, 0, 0, 0, 0, 
468, 1, 470, 467, -1, 303, 301, 30.0, 15, ABplapaaaaa, 5069, 0, 0, 0, , 0, 0, 0, 0, 0, 
469, 0, 471, -1, -1, 204, 268, 18.0, 11, , 2830, 0, 0, 0, , 0, 0, 0, 0, 0, 
470, 1, 472, 469, -1, 290, 310, 30.0, 17, ABplapaaaap, 5670, 0, 0, 0, , 0, 0, 0, 0, 0, 
471, 1, 473, 695, -1, 323, 264, 18.0, 13, ABalppaaapa, 1607, 0, 0, 0, , 0, 0, 0, 0, 0, 
472, 1, 475, 471, -1, 331, 216, 18.0, 11, ABalaaaparr, 1645, 0, 0, 0, , 0, 0, 0, 0, 0, 
473, 1, 476, 472, -1, 339, 225, 19.0, 14, ABalaaaparl, 2170, 0, 0, 0, , 0, 0, 0, 0, 0, 
474, 1, 477, 473, -1, 264, 281, 23.0, 13, ABalpaaappp, 3729, 0, 0, 0, , 0, 0, 0, 0, 0, 
475, 1, 478, 474, -1, 278, 285, 24.0, 13, ABalpaaappa, 7674, 0, 0, 0, , 0, 0, 0, 0, 0, 
476, 1, 479, 475, -1, 192, 291, 23.0, 17, Ealpa, 8380, 0, 0, 0, , 0, 0, 0, 0, 0, 
477, 1, 480, 476, -1, 227, 240, 14.0, 13, ABprpappapa, 5518, 0, 0, 0, , 0, 0, 0, 0, 0, 
478, 1, 481, 477, -1, 152, 310, 18.0, 27, Z3, 1784, 0, 0, 0, , 0, 0, 0, 0, 0, 
479, 1, 482, 478, -1, 147, 341, 33.0, 15, Cappaap, 4150, 0, 0, 0, , 0, 0, 0, 0, 0, 
480, 1, 483, 479, -1, 278, 238, 18.0, 11, ABarappaapp, 5197, 0, 0, 0, , 0, 0, 0, 0, 0, 
481, 1, 484, 480, -1, 201, 224, 27.0, 15, MSpapappa, 2610, 0, 0, 0, , 0, 0, 0, 0, 0, 
482, 1, 485, 481, -1, 197, 221, 24.0, 17, MSpapaapa, 13626, 0, 0, 0, , 0, 0, 0, 0, 0, 
483, 1, 486, 482, -1, 275, 162, 23.0, 13, ABpraapaapp, 6612, 0, 0, 0, , 0, 0, 0, 0, 0, 
484, 0, 487, -1, -1, 276, 179, 28.0, 11, , 773, 0, 0, 0, , 0, 0, 0, 0, 0, 
485, 1, 488, 484, -1, 277, 220, 22.0, 13, ABaraaaaapa, 4480, 0, 0, 0, , 0, 0, 0, 0, 0, 
486, 1, 489, 485, -1, 299, 251, 16.0, 11, ABalppapppp, 2137, 0, 0, 0, , 0, 0, 0, 0, 0, 
487, 1, 490, 486, -1, 327, 198, 18.0, 13, ABalaaappll, 2816, 0, 0, 0, , 0, 0, 0, 0, 0, 
488, 1, 491, 487, -1, 110, 259, 32.0, 15, Cppapap, 4936, 0, 0, 0, , 0, 0, 0, 0, 0, 
489, 1, 492, 488, -1, 230, 216, 23.0, 14, ABarapaappp, 9781, 0, 0, 0, , 0, 0, 0, 0, 0, 
490, 1, 493, 489, -1, 302, 292, 22.0, 11, ABalppppaad, 5052, 0, 0, 0, , 0, 0, 0, 0, 0, 
491, 1, 494, 490, -1, 247, 288, 34.0, 15, MSappppp, 3785, 0, 0, 0, , 0, 0, 0, 0, 0, 
492, 1, 495, 491, -1, 282, 285, 27.0, 15, ABalpaapapp, 4998, 0, 0, 0, , 0, 0, 0, 0, 0, 
493, 1, 496, 492, -1, 122, 341, 16.0, 15, ABplpppaapa, 6270, 0, 0, 0, , 0, 0, 0, 0, 0, 
494, 1, 497, 493, -1, 348, 214, 30.0, 17, ABplaaaapa, 5234, 0, 0, 0, , 0, 0, 0, 0, 0, 
495, 0, 498, -1, -1, 212, 298, 28.0, 19, , 18537, 0, 0, 0, , 0, 0, 0, 0, 0, 
496, 1, 499, 495, -1, 226, 230, 19.0, 13, MSpapaaaa, 4326, 0, 0, 0, , 0, 0, 0, 0, 0, 
497, 1, 500, 496, -1, 192, 227, 16.0, 13, MSpapppaa, 4705, 0, 0, 0, , 0, 0, 0, 0, 0, 
498, 1, 501, 497, -1, 182, 237, 18.0, 13, MSpapppap, 3047, 0, 0, 0, , 0, 0, 0, 0, 0, 
499, 0, 502, -1, -1, 306, 239, 36.0, 19, , 2886, 0, 0, 0, , 0, 0, 0, 0, 0, 
500, 1, 503, 499, -1, 266, 180, 22.0, 11, ABprpaapaaa, 5911, 0, 0, 0, , 0, 0, 0, 0, 0, 
501, 1, 504, 500, -1, 304, 305, 16.0, 11, ABalpppppppp, 1517, 0, 0, 0, , 0, 0, 0, 0, 0, 
502, 1, 505, 501, -1, 93, 305, 9.0, 9, ABprpppapp, 3114, 0, 0, 0, , 0, 0, 0, 0, 0, 
503, 1, 506, 502, -1, 238, 204, 12.0, 15, ABprpaapppa, 4462, 0, 0, 0, , 0, 0, 0, 0, 0, 
504, 1, 507, 503, -1, 162, 296, 30.0, 19, Epraa, 3629, 0, 0, 0, , 0, 0, 0, 0, 0, 
505, 1, 508, 504, -1, 301, 184, 21.0, 13, ABalaappppp, 1266, 0, 0, 0, , 0, 0, 0, 0, 0, 
506, 1, 509, 505, -1, 343, 202, 21.0, 13, ABarpaaaaal, 3715, 0, 0, 0, , 0, 0, 0, 0, 0, 
507, 1, 510, 506, -1, 91, 292, 12.0, 13, ABprppppppa, 3839, 0, 0, 0, , 0, 0, 0, 0, 0, 
508, 1, 511, 507, -1, 213, 198, 36.0, 15, ABarpppapa, 2431, 0, 0, 0, , 0, 0, 0, 0, 0, 
509, 1, 512, 508, -1, 274, 284, 16.0, 15, MSappapp, 4215, 0, 0, 0, , 0, 0, 0, 0, 0, 
510, 1, 513, 509, -1, 91, 232, 20.0, 11, ABarpppppp, 2589, 0, 0, 0, , 0, 0, 0, 0, 0, 
511, 1, 514, 510, -1, 237, 199, 17.0, 11, MSpppapa, 2970, 0, 0, 0, , 0, 0, 0, 0, 0, 
512, 1, 515, 511, -1, 315, 271, 31.0, 17, MSapappa, 6196, 0, 0, 0, , 0, 0, 0, 0, 0, 
513, 1, 516, 512, -1, 303, 207, 33.0, 17, MSppappp, 7611, 0, 0, 0, , 0, 0, 0, 0, 0, 
514, 1, 517, 513, -1, 108, 309, 12.0, 15, Cappppd, 5908, 0, 0, 0, , 0, 0, 0, 0, 0, 
515, 1, 518, 514, -1, 227, 268, 29.0, 13, MSaaaappp, 5075, 0, 0, 0, , 0, 0, 0, 0, 0, 
516, 1, 519, 515, -1, 111, 356, 15.0, 13, ABplapppaap, 4114, 0, 0, 0, , 0, 0, 0, 0, 0, 
517, 1, 520, 516, -1, 137, 265, 21.0, 19, Z2, 2343, 0, 0, 0, , 0, 0, 0, 0, 0, 
518, 1, 521, 517, -1, 323, 264, 29.0, 11, ABplaaaaapa, 2665, 0, 0, 0, , 0, 0, 0, 0, 0, 
519, 1, 522, 518, -1, 197, 240, 20.0, 13, MSpapapap, 3502, 0, 0, 0, , 0, 0, 0, 0, 0, 
520, 1, 523, 519, -1, 109, 320, 29.0, 22, Eplap, 2401, 0, 0, 0, , 0, 0, 0, 0, 0, 
521, 0, 524, -1, -1, 94, 321, 24.0, 13, , 2346, 0, 0, 0, , 0, 0, 0, 0, 0, 
522, 1, 525, 521, -1, 109, 308, 19.0, 23, Eplpp, 28796, 0, 0, 0, , 0, 0, 0, 0, 0, 
523, 0, 526, -1, -1, 331, 261, 16.0, 13, , 5511, 0, 0, 0, , 0, 0, 0, 0, 0, 
524, 1, 527, 523, -1, 145, 345, 22.0, 13, Capaapp, 5899, 0, 0, 0, , 0, 0, 0, 0, 0, 
525, 1, 528, 524, -1, 172, 345, 23.0, 15, Capaapa, 6646, 0, 0, 0, , 0, 0, 0, 0, 0, 
526, 1, 529, 525, -1, 252, 185, 10.0, 19, ABpraappap, 4292, 0, 0, 0, , 0, 0, 0, 0, 0, 
527, 1, 530, 526, -1, 285, 189, 32.0, 13, MSppappa, 3125, 0, 0, 0, , 0, 0, 0, 0, 0, 
528, 1, 531, 527, -1, 244, 248, 18.0, 11, ABalpappppa, 1035, 0, 0, 0, , 0, 0, 0, 0, 0, 
529, 0, 532, -1, -1, 133, 266, 21.0, 11, , 4350, 0, 0, 0, , 0, 0, 0, 0, 0, 
530, 0, 533, -1, -1, 196, 281, 27.0, 14, , 247, 0, 0, 0, , 0, 0, 0, 0, 0, 
531, 0, 534, -1, -1, 206, 275, 27.0, 11, , 1373, 0, 0, 0, , 0, 0, 0, 0, 0, 
532, 1, 535, 531, -1, 238, 166, 16.0, 11, ABpraaappppp, 2752, 0, 0, 0, , 0, 0, 0, 0, 0, 
533, 0, -1, -1, -1, 244, 165, 21.0, 14, , 1122, 0, 0, 0, , 0, 0, 0, 0, 0, 
534, 1, 537, 533, -1, 301, 293, 19.0, 13, ABalpppppaa, 4222, 0, 0, 0, , 0, 0, 0, 0, 0, 
535, 0, 538, -1, -1, 323, 289, 22.0, 11, , 2819, 0, 0, 0, , 0, 0, 0, 0, 0, 
536, 1, 539, 535, -1, 276, 197, 28.0, 15, MSppaaap, 4994, 0, 0, 0, , 0, 0, 0, 0, 0, 
537, 0, 540, -1, -1, 162, 289, 30.0, 19, , 7586, 0, 0, 0, , 0, 0, 0, 0, 0, 
538, 1, 541, 537, -1, 215, 254, 18.0, 15, ABarapapapp, 6875, 0, 0, 0, , 0, 0, 0, 0, 0, 
539, 0, 542, -1, -1, 76, 320, 17.0, 11, , 1018, 0, 0, 0, , 0, 0, 0, 0, 0, 
540, 1, 543, 539, -1, 212, 311, 17.0, 13, MSaapppap, 3028, 0, 0, 0, , 0, 0, 0, 0, 0, 
541, 1, 544, 540, -1, 229, 330, 33.0, 15, Caaaaa, 1356, 0, 0, 0, , 0, 0, 0, 0, 0, 
542, 1, 545, 541, -1, 62, 271, 18.0, 15, Caappd, 9038, 0, 0, 0, , 0, 0, 0, 0, 0, 
543, 1, 546, 542, -1, 97, 247, 29.0, 13, Caaapp, 2219, 0, 0, 0, , 0, 0, 0, 0, 0, 
544, 1, 547, 543, -1, 260, 323, 23.0, 15, ABplapaaapa, 6927, 0, 0, 0, , 0, 0, 0, 0, 0, 
545, 1, 548, 544, -1, 238, 224, 21.0, 11, ABarapapppp, 3551, 0, 0, 0, , 0, 0, 0, 0, 0, 
546, 1, 549, 545, -1, 222, 299, 15.0, 13, MSaapppaa, 3268, 0, 0, 0, , 0, 0, 0, 0, 0, 
547, 1, 550, 546, -1, 197, 270, 13.0, 11, ABarappappa, 4923, 0, 0, 0, , 0, 0, 0, 0, 0, 
548, 1, 551, 547, -1, 295, 248, 22.0, 13, ABaraaaaaaa, 4459, 0, 0, 0, , 0, 0, 0, 0, 0, 
549, 1, 552, 548, -1, 170, 294, 25.0, 11, Ealap, 620, 0, 0, 0, , 0, 0, 0, 0, 0, 
550, 0, 553, -1, -1, 138, 296, 31.0, 17, , 4071, 0, 0, 0, , 0, 0, 0, 0, 0, 
551, 0, 554, -1, -1, 105, 313, 23.0, 15, , 6196, 0, 0, 0, , 0, 0, 0, 0, 0, 
552, 1, 555, 551, -1, 196, 297, 12.0, 17, ABplpaaaapp, 6475, 0, 0, 0, , 0, 0, 0, 0, 0, 
553, 0, 556, -1, -1, 257, 324, 20.0, 9, , 491, 0, 0, 0, , 0, 0, 0, 0, 0, 
554, 0, 557, -1, -1, 109, 291, 22.0, 15, , 3242, 0, 0, 0, , 0, 0, 0, 0, 0, 
555, 0, 558, -1, -1, 139, 265, 23.0, 21, , 43664, 0, 0, 0, , 0, 0, 0, 0, 0, 
556, 1, 559, 555, -1, 243, 238, 22.0, 13, ABarapappap, 7341, 0, 0, 0, , 0, 0, 0, 0, 0, 
557, 0, 560, -1, -1, 104, 306, 11.0, 15, , 7868, 0, 0, 0, , 0, 0, 0, 0, 0, 
558, 0, 561, -1, -1, 107, 277, 11.0, 9, , 847, 0, 0, 0, , 0, 0, 0, 0, 0, 
559, 0, 562, -1, -1, 275, 197, 13.0, 9, , 1573, 0, 0, 0, , 0, 0, 0, 0, 0, 
560, 0, 563, -1, -1, 233, 251, 23.0, 11, , 1694, 0, 0, 0, , 0, 0, 0, 0, 0, 
561, 1, 564, 560, -1, 114, 306, 15.0, 15, ABprpappppp, 6824, 0, 0, 0, , 0, 0, 0, 0, 0, 
562, 1, 664, 561, -1, 189, 251, 28.0, 13, Earaad, 2655, 0, 0, 0, , 0, 0, 0, 0, 0, 
563, 1, 566, 562, -1, 277, 282, 11.0, 15, ABplpaapppa, 7680, 0, 0, 0, , 0, 0, 0, 0, 0, 
564, 1, 567, 563, -1, 249, 253, 11.0, 17, ABalpapapap, 10118, 0, 0, 0, , 0, 0, 0, 0, 0, 
565, 1, 568, 564, -1, 246, 283, 11.0, 15, ABalpapappp, 8035, 0, 0, 0, , 0, 0, 0, 0, 0, 
566, 1, 569, 565, -1, 98, 296, 26.0, 17, Eprpa, 13499, 0, 0, 0, , 0, 0, 0, 0, 0, 
567, 1, 570, 566, -1, 344, 280, 26.0, 13, ABplaaappa, 4922, 0, 0, 0, , 0, 0, 0, 0, 0, 
568, 1, 709, 567, -1, 320, 227, 31.0, 11, ABalapapapa, 782, 0, 0, 0, , 0, 0, 0, 0, 0, 
569, 1, 572, 568, -1, 324, 202, 32.0, 11, ABalapppapp, 749, 0, 0, 0, , 0, 0, 0, 0, 0, 
570, 0, 573, -1, -1, 296, 227, 12.0, 11, , 3634, 0, 0, 0, , 0, 0, 0, 0, 0, 
571, 1, 574, 570, -1, 230, 209, 17.0, 13, MSpppapp, 3536, 0, 0, 0, , 0, 0, 0, 0, 0, 
572, 1, 575, 571, -1, 306, 288, 25.0, 14, ABalppppaav, 173, 0, 0, 0, , 0, 0, 0, 0, 0, 
573, 0, 576, -1, -1, 231, 318, 25.0, 15, , 8859, 0, 0, 0, , 0, 0, 0, 0, 0, 
574, 1, 577, 573, -1, 282, 224, 29.0, 15, ABaraappaap, 6332, 0, 0, 0, , 0, 0, 0, 0, 0, 
575, 1, 578, 574, -1, 294, 224, 29.0, 13, ABaraappaaa, 5735, 0, 0, 0, , 0, 0, 0, 0, 0, 
576, 0, 579, -1, -1, 274, 294, 10.0, 11, , 1740, 0, 0, 0, , 0, 0, 0, 0, 0, 
577, 0, 580, -1, -1, 252, 322, 17.0, 11, , 1904, 0, 0, 0, , 0, 0, 0, 0, 0, 
578, 0, 581, -1, -1, 155, 309, 19.0, 19, , 5743, 0, 0, 0, , 0, 0, 0, 0, 0, 
579, 1, 582, 578, -1, 286, 305, 22.0, 15, ABalpppppap, 3774, 0, 0, 0, , 0, 0, 0, 0, 0, 
580, 1, 583, 579, -1, 134, 361, 30.0, 13, Cpaapp, 1197, 0, 0, 0, , 0, 0, 0, 0, 0, 
581, 0, 584, -1, -1, 304, 261, 15.0, 13, , 15117, 0, 0, 0, , 0, 0, 0, 0, 0, 
582, 1, 585, 581, -1, 272, 285, 28.0, 13, MSaaapaap, 1236, 0, 0, 0, , 0, 0, 0, 0, 0, 
583, 1, 586, 582, -1, 250, 162, 29.0, 17, ABarpapppp, 5230, 0, 0, 0, , 0, 0, 0, 0, 0, 
584, 0, 587, -1, -1, 83, 353, 20.0, 13, , 2701, 0, 0, 0, , 0, 0, 0, 0, 0, 
585, 0, 588, -1, -1, 342, 236, 21.0, 9, , 773, 0, 0, 0, , 0, 0, 0, 0, 0, 
586, 1, 589, 585, -1, 76, 322, 17.0, 17, Cappppv, 5337, 0, 0, 0, , 0, 0, 0, 0, 0, 
587, 0, 590, -1, -1, 112, 291, 10.0, 11, , 1670, 0, 0, 0, , 0, 0, 0, 0, 0, 
588, 1, 591, 587, -1, 121, 291, 10.0, 17, ABplpppapap, 7475, 0, 0, 0, , 0, 0, 0, 0, 0, 
589, 1, 592, 588, -1, 284, 305, 13.0, 13, ABplppaaaaa, 7439, 0, 0, 0, , 0, 0, 0, 0, 0, 
590, 1, 593, 589, -1, 307, 172, 15.0, 11, ABalaappaa, 3797, 0, 0, 0, , 0, 0, 0, 0, 0, 
591, 0, 594, -1, -1, 254, 208, 17.0, 11, , 1900, 0, 0, 0, , 0, 0, 0, 0, 0, 
592, 1, 595, 591, -1, 292, 223, 25.0, 11, ABaraaaapap, 4147, 0, 0, 0, , 0, 0, 0, 0, 0, 
593, 1, 596, 592, -1, 251, 210, 30.0, 11, ABaraaapapa, 1028, 0, 0, 0, , 0, 0, 0, 0, 0, 
594, 0, 597, -1, -1, 183, 277, 26.0, 13, , 3786, 0, 0, 0, , 0, 0, 0, 0, 0, 
595, 1, 598, 594, -1, 217, 238, 31.0, 13, MSpaapapa, 3505, 0, 0, 0, , 0, 0, 0, 0, 0, 
596, 1, 599, 595, -1, 300, 239, 18.0, 15, ABalpapaaaa, 15331, 0, 0, 0, , 0, 0, 0, 0, 0, 
597, 0, 600, -1, -1, 64, 268, 19.0, 19, , 6947, 0, 0, 0, , 0, 0, 0, 0, 0, 
598, 0, 601, -1, -1, 221, 214, 26.0, 19, , 13379, 0, 0, 0, , 0, 0, 0, 0, 0, 
599, 1, 602, 598, -1, 304, 166, 27.0, 13, ABarpappap, 1645, 0, 0, 0, , 0, 0, 0, 0, 0, 
600, 0, 603, -1, -1, 155, 299, 32.0, 15, , 2621, 0, 0, 0, , 0, 0, 0, 0, 0, 
601, 1, 604, 600, -1, 253, 180, 32.0, 13, ABarpppaaa, 4780, 0, 0, 0, , 0, 0, 0, 0, 0, 
602, 0, 605, -1, -1, 96, 299, 28.0, 15, , 2146, 0, 0, 0, , 0, 0, 0, 0, 0, 
603, 0, 606, -1, -1, 153, 312, 28.0, 17, , 6431, 0, 0, 0, , 0, 0, 0, 0, 0, 
604, 1, 607, 603, -1, 338, 256, 20.0, 11, ABalapaappp, 2949, 0, 0, 0, , 0, 0, 0, 0, 0, 
605, 0, 608, -1, -1, 72, 256, 23.0, 13, , 4751, 0, 0, 0, , 0, 0, 0, 0, 0, 
606, 1, 609, 605, -1, 273, 176, 31.0, 13, ABalappapap, 2272, 0, 0, 0, , 0, 0, 0, 0, 0, 
607, 1, 610, 606, -1, 297, 283, 10.0, 15, ABplaappap, 4453, 0, 0, 0, , 0, 0, 0, 0, 0, 
608, 0, 611, -1, -1, 229, 193, 9.0, 9, , 2214, 0, 0, 0, , 0, 0, 0, 0, 0, 
609, 0, 612, -1, -1, 265, 322, 19.0, 9, , 848, 0, 0, 0, , 0, 0, 0, 0, 0, 
610, 1, 613, 670, -1, 247, 310, 34.0, 15, Cpaaaa, 2208, 0, 0, 0, , 0, 0, 0, 0, 0, 
611, 1, 614, 608, -1, 325, 292, 25.0, 15, ABalpppappp, 4369, 0, 0, 0, , 0, 0, 0, 0, 0, 
612, 1, 615, 609, -1, 211, 276, 13.0, 11, ABplppaappa, 4380, 0, 0, 0, , 0, 0, 0, 0, 0, 
613, 1, 616, 610, -1, 268, 293, 35.0, 19, ABarppaapa, 3706, 0, 0, 0, , 0, 0, 0, 0, 0, 
614, 1, 617, 611, -1, 233, 205, 10.0, 13, ABpraapppa, 2571, 0, 0, 0, , 0, 0, 0, 0, 0, 
615, 0, 618, -1, -1, 158, 315, 18.0, 13, , 1506, 0, 0, 0, , 0, 0, 0, 0, 0, 
616, 0, 619, -1, -1, 191, 282, 22.0, 11, , 752, 0, 0, 0, , 0, 0, 0, 0, 0, 
617, 0, 620, -1, -1, 176, 281, 30.0, 15, , 5507, 0, 0, 0, , 0, 0, 0, 0, 0, 
618, 1, 621, 614, -1, 245, 160, 20.0, 15, ABpraaappppa, 3226, 0, 0, 0, , 0, 0, 0, 0, 0, 
619, 1, 622, 615, -1, 101, 364, 24.0, 13, Cpapap, 1378, 0, 0, 0, , 0, 0, 0, 0, 0, 
620, 1, 623, 616, -1, 229, 265, 11.0, 15, ABplpaaaapa, 7298, 0, 0, 0, , 0, 0, 0, 0, 0, 
621, 1, 688, 617, -1, 316, 266, 11.0, 17, ABplpaaapap, 45008, 0, 0, 0, , 0, 0, 0, 0, 0, 
622, 1, 625, 618, -1, 257, 286, 25.0, 14, ABaraapapaa, 5930, 0, 0, 0, , 0, 0, 0, 0, 0, 
623, 0, 627, -1, -1, 325, 244, 32.0, 13, , 3171, 0, 0, 0, , 0, 0, 0, 0, 0, 
624, 1, 628, 620, -1, 95, 250, 13.0, 13, ABprpppaapp, 6418, 0, 0, 0, , 0, 0, 0, 0, 0, 
625, 1, 629, 621, -1, 147, 302, 11.0, 13, ABplppppapa, 3645, 0, 0, 0, , 0, 0, 0, 0, 0, 
626, 1, 630, 622, -1, 192, 244, 14.0, 17, ABprpapppap, 6751, 0, 0, 0, , 0, 0, 0, 0, 0, 
627, 0, 631, -1, -1, 299, 284, 17.0, 11, , 4408, 0, 0, 0, , 0, 0, 0, 0, 0, 
628, 0, 632, -1, -1, 249, 155, 26.0, 11, , 2303, 0, 0, 0, , 0, 0, 0, 0, 0, 
629, 0, 633, -1, -1, 112, 316, 28.0, 17, , 6480, 0, 0, 0, , 0, 0, 0, 0, 0, 
630, 1, 664, 626, -1, 201, 272, 29.0, 15, Earaav, 5642, 0, 0, 0, , 0, 0, 0, 0, 0, 
631, 1, 635, 627, -1, 271, 191, 15.0, 17, ABprpaaappa, 4385, 0, 0, 0, , 0, 0, 0, 0, 0, 
632, 0, 636, -1, -1, 228, 157, 24.0, 11, , 2384, 0, 0, 0, , 0, 0, 0, 0, 0, 
633, 0, 638, -1, -1, 242, 193, 35.0, 13, , 1178, 0, 0, 0, , 0, 0, 0, 0, 0, 
634, 0, 639, -1, -1, 78, 241, 22.0, 9, , 569, 0, 0, 0, , 0, 0, 0, 0, 0, 
635, 1, 640, 630, -1, 272, 299, 21.0, 9, MSapppaa, 765, 0, 0, 0, , 0, 0, 0, 0, 0, 
636, 0, 641, -1, -1, 214, 252, 13.0, 11, , 2152, 0, 0, 0, , 0, 0, 0, 0, 0, 
637, 0, 642, -1, -1, 246, 331, 16.0, 14, , 2408, 0, 0, 0, , 0, 0, 0, 0, 0, 
638, 1, 643, 633, -1, 300, 242, 24.0, 13, ABalpaapaaa, 4755, 0, 0, 0, , 0, 0, 0, 0, 0, 
639, 0, 644, -1, -1, 200, 273, 27.0, 11, , 2577, 0, 0, 0, , 0, 0, 0, 0, 0, 
640, 0, 645, -1, -1, 132, 322, 29.0, 15, , 4715, 0, 0, 0, , 0, 0, 0, 0, 0, 
641, 0, 646, -1, -1, 322, 229, 33.0, 11, , 3108, 0, 0, 0, , 0, 0, 0, 0, 0, 
642, 0, 647, -1, -1, 312, 243, 35.0, 19, , 3077, 0, 0, 0, , 0, 0, 0, 0, 0, 
643, 1, 648, 638, -1, 246, 186, 36.0, 14, ABarpaappp, 2900, 0, 0, 0, , 0, 0, 0, 0, 0, 
644, 1, 649, 639, -1, 232, 170, 27.0, 17, ABpraapappp, 5266, 0, 0, 0, , 0, 0, 0, 0, 0, 
645, 0, 650, -1, -1, 259, 323, 14.0, 11, , 964, 0, 0, 0, , 0, 0, 0, 0, 0, 
646, 1, 651, 641, -1, 276, 216, 30.0, 17, ABaraappapa, 8674, 0, 0, 0, , 0, 0, 0, 0, 0, 
647, 0, 652, -1, -1, 160, 297, 33.0, 17, , 2538, 0, 0, 0, , 0, 0, 0, 0, 0, 
648, 0, 653, -1, -1, 274, 296, 35.0, 13, , 4248, 0, 0, 0, , 0, 0, 0, 0, 0, 
649, 0, 654, -1, -1, 146, 312, 30.0, 11, , 530, 0, 0, 0, , 0, 0, 0, 0, 0, 
650, 1, 655, 644, -1, 284, 179, 21.0, 11, ABalaappppa, 1824, 0, 0, 0, , 0, 0, 0, 0, 0, 
651, 1, 656, 645, -1, 340, 253, 22.0, 11, ABalppppapp, 3520, 0, 0, 0, , 0, 0, 0, 0, 0, 
652, 0, 657, -1, -1, 234, 219, 27.0, 13, , 5102, 0, 0, 0, , 0, 0, 0, 0, 0, 
653, 0, 658, -1, -1, 306, 167, 28.0, 17, , 8682, 0, 0, 0, , 0, 0, 0, 0, 0, 
654, 1, 670, 648, -1, 207, 311, 32.0, 13, Dappap, 1448, 0, 0, 0, , 0, 0, 0, 0, 0, 
655, 1, 672, 649, -1, 119, 241, 33.0, 19, Caaapa, 6877, 0, 0, 0, , 0, 0, 0, 0, 0, 
656, 1, 661, 650, -1, 233, 251, 21.0, 13, ABarapapaaa, 6743, 0, 0, 0, , 0, 0, 0, 0, 0, 
657, 0, 662, -1, -1, 188, 253, 26.0, 13, , 4164, 0, 0, 0, , 0, 0, 0, 0, 0, 
658, 0, 663, -1, -1, 321, 216, 27.0, 11, , 1937, 0, 0, 0, , 0, 0, 0, 0, 0, 
659, 0, -1, -1, -1, 339, 245, 29.0, 11, , 3302, 0, 0, 0, , 0, 0, 0, 0, 0, 
660, 0, -1, -1, -1, 94, 290, 21.0, 13, , 1850, 0, 0, 0, , 0, 0, 0, 0, 0, 
661, 0, -1, -1, -1, 263, 217, 31.0, 11, , 1549, 0, 0, 0, , 0, 0, 0, 0, 0, 
662, 0, -1, -1, -1, 166, 346, 34.0, 15, , 2087, 0, 0, 0, , 0, 0, 0, 0, 0, 
663, 0, -1, -1, -1, 180, 288, 31.0, 19, , 7204, 0, 0, 0, , 0, 0, 0, 0, 0, 
664, 0, 666, -1, -1, 336, 216, 28.0, 15, , 0, 0, 0, 0, , 0, 0, 0, 0, 0, 
665, 1, 668, 665, -1, 207, 335, 34.0, 19, Cpaaap, 0, 0, 0, 0, , 0, 0, 0, 0, 0, 
666, 1, 669, 666, -1, 228, 251, 18.333334, 15, ABarapapppa, 2512, 0, 0, 0, , 0, 0, 0, 0, 0, 
667, 1, 29, 667, -1, 251, 222, 18.666666, 11, ABarapaaaap, 9652, 0, 0, 0, , 0, 0, 0, 0, 0, 
668, 1, 671, 668, -1, 162, 255, 33.0, 13, Dppppp, 2036, 0, 0, 0, , 0, 0, 0, 0, 0, 
669, 1, 673, 643, -1, 149, 314, 31.0, 19, Eplaa, 9077, 0, 0, 0, , 0, 0, 0, 0, 0, 
670, 0, 674, -1, -1, 115, 298, 33.0, 15, , 0, 0, 0, 0, , 0, 0, 0, 0, 0, 
671, 1, 675, 671, -1, 151, 229, 33.0, 15, Caaaap, 0, 0, 0, 0, , 0, 0, 0, 0, 0, 
672, 0, 676, -1, -1, 188, 192, 18.2, 18, , 3384, 0, 0, 0, , 0, 0, 0, 0, 0, 
673, 0, 677, -1, -1, 304, 274, 15.105263, 12, , 3745, 0, 0, 0, , 0, 0, 0, 0, 0, 
674, 1, 678, 662, -1, 271, 286, 9.333333, 15, ABplaapppa, 4986, 0, 0, 0, , 0, 0, 0, 0, 0, 
675, 1, 679, 675, -1, 290, 219, 19.0, 15, ABaraaappap, 3286, 0, 0, 0, , 0, 0, 0, 0, 0, 
676, 1, 680, 676, -1, 302, 261, 12.0, 13, ABalppaappp, 4140, 0, 0, 0, , 0, 0, 0, 0, 0, 
677, 0, 474, -1, -1, 258, 261, 22.947369, 15, , 5338, 0, 0, 0, , 0, 0, 0, 0, 0, 
678, 0, 487, -1, -1, 273, 181, 26.5, 11, , 773, 0, 0, 0, , 0, 0, 0, 0, 0, 
679, 1, 681, 679, -1, 311, 216, 31.0, 11, ABalapppapa, 1235, 0, 0, 0, , 0, 0, 0, 0, 0, 
680, 0, 682, -1, -1, 325, 218, 24.0, 13, , 485, 0, 0, 0, , 0, 0, 0, 0, 0, 
681, 1, 683, 681, -1, 307, 173, 24.0, 15, ABalappappp, 0, 0, 0, 0, , 0, 0, 0, 0, 0, 
682, 1, 684, 682, -1, 315, 285, 18.0, 13, ABalapaapaa, 0, 0, 0, 0, , 0, 0, 0, 0, 0, 
683, 1, 398, 683, -1, 347, 256, 25.0, 11, ABalapaaapp, 1746, 0, 0, 0, , 0, 0, 0, 0, 0, 
684, 1, 685, 684, -1, 282, 220, 13.0, 13, ABalaapappa, 0, 0, 0, 0, , 0, 0, 0, 0, 0, 
685, 1, 147, 685, -1, 310, 261, 10.0, 15, ABplpaapapp, 8370, 0, 0, 0, , 0, 0, 0, 0, 0, 
686, 1, 687, 688, -1, 214, 231, 13.0, 11, ABprpapapap, 0, 0, 0, 0, , 0, 0, 0, 0, 0, 
687, 1, 690, 689, -1, 267, 219, 20.666666, 15, ABarapaaaaa, 10890, 0, 0, 0, , 0, 0, 0, 0, 0, 
688, 0, 691, -1, -1, 270, 218, 26.0, 13, , 0, 0, 0, 0, , 0, 0, 0, 0, 0, 
689, 0, 692, -1, -1, 240, 170, 23.0, 15, , 0, 0, 0, 0, , 0, 0, 0, 0, 0, 
690, 1, 692, 532, -1, 241, 168, 22.0, 15, ABpraaapppaa, 0, 0, 0, 0, , 0, 0, 0, 0, 0, 
691, 1, 694, 657, -1, 178, 287, 29.666666, 20, Earap, 20095, 0, 0, 0, , 0, 0, 0, 0, 0, 
692, 1, 695, 692, -1, 307, 258, 14.0, 13, ABplpaaapaa, 0, 0, 0, 0, , 0, 0, 0, 0, 0, 
693, 1, 696, 693, -1, 298, 226, 12.0, 13, ABalpapaaap, 0, 0, 0, 0, , 0, 0, 0, 0, 0, 
694, 1, 697, 694, -1, 212, 299, 28.0, 13, Ealaav, 0, 0, 0, 0, , 0, 0, 0, 0, 0, 
695, 1, 698, 696, -1, 290, 180, 16.0, 13, ABalaappapa, 0, 0, 0, 0, , 0, 0, 0, 0, 0, 
696, 1, 699, 697, -1, 104, 292, 14.0, 13, Caapaa, 1501, 0, 0, 0, , 0, 0, 0, 0, 0, 
697, 1, 700, 698, -1, 242, 283, 30.0, 13, MSaaapapa, 0, 0, 0, 0, , 0, 0, 0, 0, 0, 
698, 1, 701, 699, -1, 263, 321, 16.0, 16, ABplppaaaap, 0, 0, 0, 0, , 0, 0, 0, 0, 0, 
699, 1, 702, 700, -1, 221, 263, 14.0, 15, ABplpappaap, 0, 0, 0, 0, , 0, 0, 0, 0, 0, 
700, 0, -1, -1, -1, 307, 320, 31.0, 15, , 0, 0, 0, 0, , 0, 0, 0, 0, 0, 
701, 1, 703, 701, -1, 223, 218, 26.0, 13, ABaraapppaa, 0, 0, 0, 0, , 0, 0, 0, 0, 0, 
702, 1, 704, 702, -1, 292, 251, 26.0, 13, ABalpaapaap, 0, 0, 0, 0, , 0, 0, 0, 0, 0, 
703, 1, 705, 703, -1, 291, 234, 18.0, 13, ABalpaappap, 0, 0, 0, 0, , 0, 0, 0, 0, 0, 
704, 1, 706, 704, -1, 342, 236, 21.0, 13, ABalapaaapa, 0, 0, 0, 0, , 0, 0, 0, 0, 0, 
705, 1, 707, 705, -1, 304, 180, 15.0, 11, ABalaappapp, 0, 0, 0, 0, , 0, 0, 0, 0, 0, 
706, 1, 708, 732, -1, 293, 201, 20.0, 13, ABalaapaaal, 0, 0, 0, 0, , 0, 0, 0, 0, 0, 
707, 1, 571, 707, -1, 330, 232, 30.0, 11, ABalapapapp, 0, 0, 0, 0, , 0, 0, 0, 0, 0, 
708, 1, 710, 708, -1, 302, 183, 28.0, 13, ABalapppppp, 0, 0, 0, 0, , 0, 0, 0, 0, 0, 
709, 1, 711, 709, -1, 311, 254, 17.0, 13, ABalppappap, 0, 0, 0, 0, , 0, 0, 0, 0, 0, 
710, 0, 712, -1, -1, 274, 253, 29.0, 13, , 0, 0, 0, 0, , 0, 0, 0, 0, 0, 
711, 0, 713, -1, -1, 278, 273, 10.426967, 12, , 0, 0, 0, 0, , 0, 0, 0, 0, 0, 
712, 1, 714, 712, -1, 273, 199, 13.0, 13, ABalaapappp, 0, 0, 0, 0, , 0, 0, 0, 0, 0, 
713, 1, 715, 713, -1, 322, 231, 24.0, 15, ABalapappaa, 0, 0, 0, 0, , 0, 0, 0, 0, 0, 
714, 1, 716, 714, -1, 273, 230, 17.0, 13, ABarapapapa, 0, 0, 0, 0, , 0, 0, 0, 0, 0, 
715, 1, 717, 716, -1, 252, 210, 17.0, 13, MSppaaaav, 0, 0, 0, 0, , 0, 0, 0, 0, 0, 
716, 1, 718, 717, -1, 209, 203, 9.166667, 13, ABprppaapaa, 0, 0, 0, 0, , 0, 0, 0, 0, 0, 
717, 0, 719, -1, -1, 336, 219, 28.333334, 15, , 0, 0, 0, 0, , 0, 0, 0, 0, 0, 
718, 1, 720, 719, -1, 287, 190, 30.0, 13, ABarpapaapa, 0, 0, 0, 0, , 0, 0, 0, 0, 0, 
719, 0, 419, -1, -1, 312, 227, 12.0, 11, , 3978, 0, 0, 0, , 0, 0, 0, 0, 0, 
720, 1, 721, 721, -1, 262, 263, 21.0, 15, ABalpappppp, 0, 0, 0, 0, , 0, 0, 0, 0, 0, 
721, 1, 451, 722, -1, 286, 179, 27.75, 13, ABalapppppa, 2476, 0, 0, 0, , 0, 0, 0, 0, 0, 
722, 1, 722, 416, -1, 318, 230, 13.923077, 13, ABalppapaap, 6741, 0, 0, 0, , 0, 0, 0, 0, 0, 
723, 0, 723, -1, -1, 296, 241, 14.0, 13, , 0, 0, 0, 0, , 0, 0, 0, 0, 0, 
724, 0, 724, -1, -1, 163, 317, 35.894737, 15, , 0, 0, 0, 0, , 0, 0, 0, 0, 0, 
725, 1, 725, 724, -1, 164, 342, 35.0, 15, Cpaapa, 0, 0, 0, 0, , 0, 0, 0, 0, 0, 
726, 1, 726, 725, -1, 311, 247, 35.25, 15, ABarpaapap, 0, 0, 0, 0, , 0, 0, 0, 0, 0, 
727, 0, 727, -1, -1, 298, 270, 10.357142, 13, , 0, 0, 0, 0, , 0, 0, 0, 0, 0, 
728, 1, 728, 727, -1, 269, 180, 27.0, 13, ABalappapaa, 0, 0, 0, 0, , 0, 0, 0, 0, 0, 
729, 1, 729, 728, -1, 309, 201, 25.0, 13, ABalappppaa, 0, 0, 0, 0, , 0, 0, 0, 0, 0, 
730, 1, 71, 729, -1, 322, 193, 24.0, 13, ABalappppap, 0, 0, 0, 0, , 0, 0, 0, 0, 0, 
731, 1, 730, 730, -1, 308, 179, 25.5, 11, ABalappappa, 0, 0, 0, 0, , 0, 0, 0, 0, 0, 
732, 1, 731, 731, -1, 283, 264, 17.0, 15, MSapaaaav, 0, 0, 0, 0, , 0, 0, 0, 0, 0, 
733, 1, 732, 733, -1, 337, 224, 23.0, 13, ABalapappap, 0, 0, 0, 0, , 0, 0, 0, 0, 0, 
