1, 1, 1, 1, -1, 271, 217, 27.0, 17, ABaraaapaap, 3058, 0, 0, 0, , 0, 0, 0, 0, 0, 
2, 1, 2, 2, -1, 233, 209, 28.0, 13, ABaraaapapp, 4151, 0, 0, 0, , 0, 0, 0, 0, 0, 
3, 1, 3, 3, -1, 220, 226, 20.0, 17, ABaraappppp, 5150, 0, 0, 0, , 0, 0, 0, 0, 0, 
4, 1, 4, 4, -1, 253, 296, 23.0, 15, ABaraapappa, 7024, 0, 0, 0, , 0, 0, 0, 0, 0, 
5, 1, 5, 5, -1, 247, 283, 20.0, 13, ABaraapappp, 7088, 0, 0, 0, , 0, 0, 0, 0, 0, 
6, 1, 6, 6, -1, 255, 295, 29.0, 17, ABaraapapap, 8906, 0, 0, 0, , 0, 0, 0, 0, 0, 
7, 1, 7, 7, -1, 295, 234, 28.0, 17, ABaraapaaaa, 6067, 0, 0, 0, , 0, 0, 0, 0, 0, 
8, 1, 8, 8, -1, 294, 244, 30.0, 13, ABaraapaaap, 8858, 0, 0, 0, , 0, 0, 0, 0, 0, 
9, 1, 9, 9, -1, 274, 262, 32.0, 17, MSaaaaapp, 4736, 0, 0, 0, , 0, 0, 0, 0, 0, 
10, 1, 10, 10, -1, 294, 254, 30.0, 13, ABaraapaapa, 8431, 0, 0, 0, , 0, 0, 0, 0, 0, 
11, 1, 11, 11, -1, 290, 219, 22.0, 11, ABaraaappaa, 4862, 0, 0, 0, , 0, 0, 0, 0, 0, 
12, 1, 12, 12, -1, 308, 212, 18.0, 15, ABaraaapppa, 6235, 0, 0, 0, , 0, 0, 0, 0, 0, 
13, 1, 13, 13, -1, 307, 206, 20.0, 13, ABaraaapppp, 4537, 0, 0, 0, , 0, 0, 0, 0, 0, 
14, 1, 14, 14, -1, 278, 215, 25.0, 15, ABaraaapaaa, 4817, 0, 0, 0, , 0, 0, 0, 0, 0, 
15, 1, 15, 15, -1, 231, 222, 31.0, 15, ABaraappapp, 9290, 0, 0, 0, , 0, 0, 0, 0, 0, 
16, 1, 16, 16, -1, 284, 256, 22.0, 15, ABaraaaaaap, 10625, 0, 0, 0, , 0, 0, 0, 0, 0, 
17, 1, 17, 17, -1, 262, 215, 24.0, 13, ABaraaaaapp, 3234, 0, 0, 0, , 0, 0, 0, 0, 0, 
18, 1, 18, 18, -1, 262, 250, 27.0, 11, ABaraaaapp, 4047, 0, 0, 0, , 0, 0, 0, 0, 0, 
19, 1, 19, 19, -1, 288, 233, 25.0, 11, ABaraaaapaa, 4429, 0, 0, 0, , 0, 0, 0, 0, 0, 
20, 1, 20, 20, -1, 205, 260, 19.0, 14, ABalpappapp, 5743, 0, 0, 0, , 0, 0, 0, 0, 0, 
21, 1, 21, 21, -1, 262, 240, 18.0, 13, ABalpappapa, 2775, 0, 0, 0, , 0, 0, 0, 0, 0, 
22, 1, 22, 22, -1, 247, 208, 21.0, 15, ABarapapaap, 8949, 0, 0, 0, , 0, 0, 0, 0, 0, 
23, 1, 23, 187, -1, 248, 241, 15.0, 15, ABprpapppaa, 3272, 0, 0, 0, , 0, 0, 0, 0, 0, 
24, 1, 24, 24, -1, 242, 203, 24.0, 15, ABarapappaa, 7684, 0, 0, 0, , 0, 0, 0, 0, 0, 
25, 1, 25, 689, -1, 283, 231, 16.0, 15, ABarappaapa, 6163, 0, 0, 0, , 0, 0, 0, 0, 0, 
26, 0, 26, -1, -1, 285, 221, 12.0, 9, , 807, 0, 0, 0, , 0, 0, 0, 0, 0, 
27, 1, 27, 26, -1, 265, 237, 20.0, 11, ABarapaaapp, 7044, 0, 0, 0, , 0, 0, 0, 0, 0, 
28, 1, 28, 27, -1, 260, 222, 19.0, 15, ABarapaaapa, 6161, 0, 0, 0, , 0, 0, 0, 0, 0, 
29, 1, 29, 28, -1, 259, 205, 25.0, 15, ABarapaapap, 6240, 0, 0, 0, , 0, 0, 0, 0, 0, 
30, 1, 30, 29, -1, 252, 226, 27.0, 13, ABarapaapaa, 7058, 0, 0, 0, , 0, 0, 0, 0, 0, 
31, 1, 32, 30, -1, 268, 219, 11.0, 13, ABarapppapa, 5897, 0, 0, 0, , 0, 0, 0, 0, 0, 
32, 1, 33, 31, -1, 291, 210, 10.0, 15, ABarapppapp, 6383, 0, 0, 0, , 0, 0, 0, 0, 0, 
33, 0, 34, -1, -1, 288, 200, 18.0, 11, , 5041, 0, 0, 0, , 0, 0, 0, 0, 0, 
34, 1, 35, 33, -1, 297, 210, 14.0, 15, ABarapppaap, 5930, 0, 0, 0, , 0, 0, 0, 0, 0, 
35, 0, 36, -1, -1, 282, 179, 17.0, 11, , 1644, 0, 0, 0, , 0, 0, 0, 0, 0, 
36, 1, 37, 35, -1, 266, 176, 18.0, 11, ABalaapppap, 5157, 0, 0, 0, , 0, 0, 0, 0, 0, 
37, 1, 38, 36, -1, 275, 212, 12.0, 13, ABarapppppa, 3076, 0, 0, 0, , 0, 0, 0, 0, 0, 
38, 1, 39, 37, -1, 278, 209, 15.0, 13, ABarapppppp, 6773, 0, 0, 0, , 0, 0, 0, 0, 0, 
39, 1, 40, 694, -1, 285, 236, 9.0, 11, ABarappaaap, 7374, 0, 0, 0, , 0, 0, 0, 0, 0, 
40, 1, 41, 39, -1, 287, 214, 17.0, 13, ABarappaaaa, 6471, 0, 0, 0, , 0, 0, 0, 0, 0, 
41, 0, 42, -1, -1, 287, 243, 15.0, 11, , 2944, 0, 0, 0, , 0, 0, 0, 0, 0, 
42, 1, 43, 41, -1, 243, 230, 10.0, 14, ABarappapap, 2429, 0, 0, 0, , 0, 0, 0, 0, 0, 
43, 1, 44, 42, -1, 262, 229, 12.0, 13, ABarappapaa, 6548, 0, 0, 0, , 0, 0, 0, 0, 0, 
44, 1, 45, 43, -1, 220, 215, 11.0, 15, ABarappappp, 5901, 0, 0, 0, , 0, 0, 0, 0, 0, 
45, 1, 46, 44, -1, 207, 235, 11.0, 13, ABprpapappa, 3707, 0, 0, 0, , 0, 0, 0, 0, 0, 
46, 1, 47, 45, -1, 283, 160, 26.0, 15, ABarpapppa, 5594, 0, 0, 0, , 0, 0, 0, 0, 0, 
47, 0, 48, -1, -1, 298, 183, 28.0, 15, , 1642, 0, 0, 0, , 0, 0, 0, 0, 0, 
48, 1, 49, 230, -1, 321, 186, 31.0, 11, ABarpapaaap, 887, 0, 0, 0, , 0, 0, 0, 0, 0, 
49, 1, 50, 48, -1, 349, 195, 24.0, 13, ABarpapapa, 5390, 0, 0, 0, , 0, 0, 0, 0, 0, 
50, 1, 51, 49, -1, 336, 191, 32.0, 15, ABarpaapaa, 4161, 0, 0, 0, , 0, 0, 0, 0, 0, 
51, 1, 52, 50, -1, 343, 209, 24.0, 15, ABarpaaaaar, 5607, 0, 0, 0, , 0, 0, 0, 0, 0, 
52, 1, 53, 51, -1, 343, 212, 25.0, 13, ABarpaaaapa, 12045, 0, 0, 0, , 0, 0, 0, 0, 0, 
53, 1, 54, 52, -1, 342, 191, 29.0, 13, ABarpaaapp, 6813, 0, 0, 0, , 0, 0, 0, 0, 0, 
54, 1, 55, 53, -1, 332, 206, 25.0, 13, ABarpaaapaa, 2826, 0, 0, 0, , 0, 0, 0, 0, 0, 
55, 1, 56, 54, -1, 333, 185, 26.0, 13, ABarpaaapap, 4452, 0, 0, 0, , 0, 0, 0, 0, 0, 
56, 1, 57, 55, -1, 282, 330, 23.0, 13, ABarppaaap, 4716, 0, 0, 0, , 0, 0, 0, 0, 0, 
57, 1, 58, 56, -1, 248, 328, 27.0, 15, ABarppaapp, 7740, 0, 0, 0, , 0, 0, 0, 0, 0, 
58, 1, 59, 57, -1, 169, 362, 26.0, 17, ABarppappa, 6735, 0, 0, 0, , 0, 0, 0, 0, 0, 
59, 1, 60, 58, -1, 118, 363, 19.0, 17, ABarppappp, 6967, 0, 0, 0, , 0, 0, 0, 0, 0, 
60, 1, 61, 59, -1, 231, 344, 24.0, 15, ABarppapap, 7192, 0, 0, 0, , 0, 0, 0, 0, 0, 
61, 1, 62, 60, -1, 260, 339, 24.0, 15, ABarppapaa, 5304, 0, 0, 0, , 0, 0, 0, 0, 0, 
62, 1, 63, 61, -1, 127, 223, 28.0, 15, ABarpppppa, 5742, 0, 0, 0, , 0, 0, 0, 0, 0, 
63, 1, 64, 62, -1, 189, 186, 27.0, 13, ABarppppaa, 2909, 0, 0, 0, , 0, 0, 0, 0, 0, 
64, 1, 65, 63, -1, 171, 207, 30.0, 15, ABarppppap, 5281, 0, 0, 0, , 0, 0, 0, 0, 0, 
65, 1, 66, 64, -1, 211, 170, 27.0, 11, ABarpppaap, 2403, 0, 0, 0, , 0, 0, 0, 0, 0, 
66, 1, 67, 65, -1, 309, 215, 26.0, 11, ABalapppaap, 2980, 0, 0, 0, , 0, 0, 0, 0, 0, 
67, 0, 68, -1, -1, 322, 196, 25.0, 11, , 1865, 0, 0, 0, , 0, 0, 0, 0, 0, 
68, 1, 69, 67, -1, 317, 229, 28.0, 11, ABalapppaaa, 2806, 0, 0, 0, , 0, 0, 0, 0, 0, 
69, 0, 70, -1, -1, 336, 213, 30.0, 9, , 822, 0, 0, 0, , 0, 0, 0, 0, 0, 
70, 0, 71, -1, -1, 309, 180, 25.0, 11, , 2315, 0, 0, 0, , 0, 0, 0, 0, 0, 
71, 1, 72, 70, -1, 331, 263, 28.0, 13, ABalapapppa, 2692, 0, 0, 0, , 0, 0, 0, 0, 0, 
72, 1, 73, 71, -1, 345, 250, 26.0, 13, ABalapapppp, 1916, 0, 0, 0, , 0, 0, 0, 0, 0, 
73, 0, 74, -1, -1, 339, 227, 24.0, 11, , 1453, 0, 0, 0, , 0, 0, 0, 0, 0, 
74, 0, 75, -1, -1, 335, 229, 29.0, 11, , 3955, 0, 0, 0, , 0, 0, 0, 0, 0, 
75, 1, 76, 74, -1, 325, 220, 36.0, 17, ABarpapapp, 6048, 0, 0, 0, , 0, 0, 0, 0, 0, 
76, 1, 77, 75, -1, 317, 286, 28.0, 11, ABalapaaaap, 3355, 0, 0, 0, , 0, 0, 0, 0, 0, 
77, 1, 78, 76, -1, 332, 277, 28.0, 15, ABalapaaaaa, 4408, 0, 0, 0, , 0, 0, 0, 0, 0, 
78, 1, 79, 77, -1, 318, 249, 24.0, 13, ABalaaapall, 6546, 0, 0, 0, , 0, 0, 0, 0, 0, 
79, 1, 81, 78, -1, 339, 276, 21.0, 13, ABplaapaapp, 4614, 0, 0, 0, , 0, 0, 0, 0, 0, 
80, 1, 82, 79, -1, 290, 199, 22.0, 13, ABalaapaaal, 2407, 0, 0, 0, , 0, 0, 0, 0, 0, 
81, 1, 83, 80, -1, 293, 194, 11.0, 11, ABalaapapa, 4367, 0, 0, 0, , 0, 0, 0, 0, 0, 
82, 1, 84, 81, -1, 290, 182, 19.0, 11, ABalaapaapa, 1790, 0, 0, 0, , 0, 0, 0, 0, 0, 
83, 0, 85, -1, -1, 315, 185, 14.0, 11, , 2202, 0, 0, 0, , 0, 0, 0, 0, 0, 
84, 1, 86, 83, -1, 275, 189, 20.0, 15, ABarappppaa, 5595, 0, 0, 0, , 0, 0, 0, 0, 0, 
85, 1, 87, 84, -1, 252, 171, 16.0, 13, ABalaapppaa, 3045, 0, 0, 0, , 0, 0, 0, 0, 0, 
86, 1, 88, 85, -1, 308, 210, 23.0, 15, ABalaaaarrp, 5060, 0, 0, 0, , 0, 0, 0, 0, 0, 
87, 1, 89, 86, -1, 302, 195, 18.0, 11, ABalaapaapp, 2733, 0, 0, 0, , 0, 0, 0, 0, 0, 
88, 1, 90, 87, -1, 313, 201, 16.0, 11, ABalaaaarra, 3817, 0, 0, 0, , 0, 0, 0, 0, 0, 
89, 1, 91, 88, -1, 318, 230, 22.0, 13, ABalaaaarlp, 5953, 0, 0, 0, , 0, 0, 0, 0, 0, 
90, 0, 92, -1, -1, 334, 227, 16.0, 13, , 2894, 0, 0, 0, , 0, 0, 0, 0, 0, 
91, 1, 93, 90, -1, 331, 238, 16.0, 13, ABalaaaalpp, 3572, 0, 0, 0, , 0, 0, 0, 0, 0, 
92, 1, 94, 91, -1, 317, 192, 20.0, 11, ABalaaapplr, 3145, 0, 0, 0, , 0, 0, 0, 0, 0, 
93, 1, 95, 92, -1, 291, 194, 26.0, 17, ABalaaapprr, 4602, 0, 0, 0, , 0, 0, 0, 0, 0, 
94, 1, 96, 94, -1, 299, 171, 17.0, 15, ABpraaaaapv, 4043, 0, 0, 0, , 0, 0, 0, 0, 0, 
95, 1, 98, 95, -1, 323, 214, 30.0, 13, ABalappaap, 2674, 0, 0, 0, , 0, 0, 0, 0, 0, 
96, 0, 99, -1, -1, 108, 290, 13.0, 13, , 1557, 0, 0, 0, , 0, 0, 0, 0, 0, 
97, 1, 100, 97, -1, 126, 295, 11.0, 13, ABplppppapp, 3449, 0, 0, 0, , 0, 0, 0, 0, 0, 
98, 1, 101, 98, -1, 133, 307, 15.0, 13, ABplppppaaa, 4505, 0, 0, 0, , 0, 0, 0, 0, 0, 
99, 1, 102, 99, -1, 126, 301, 16.0, 15, ABplppppaap, 4304, 0, 0, 0, , 0, 0, 0, 0, 0, 
100, 1, 103, 100, -1, 81, 311, 13.0, 15, ABplppppppp, 4073, 0, 0, 0, , 0, 0, 0, 0, 0, 
101, 1, 104, 101, -1, 90, 306, 12.0, 13, ABplppppppa, 3961, 0, 0, 0, , 0, 0, 0, 0, 0, 
102, 1, 105, 102, -1, 123, 337, 19.0, 15, ABplpppppap, 4898, 0, 0, 0, , 0, 0, 0, 0, 0, 
103, 1, 106, 103, -1, 128, 321, 17.0, 13, ABplpppppaa, 4862, 0, 0, 0, , 0, 0, 0, 0, 0, 
104, 1, 107, 104, -1, 119, 319, 10.0, 11, ABplpppapaa, 3553, 0, 0, 0, , 0, 0, 0, 0, 0, 
105, 1, 108, 105, -1, 119, 325, 14.0, 11, ABplpppaapp, 4127, 0, 0, 0, , 0, 0, 0, 0, 0, 
106, 1, 109, 106, -1, 156, 310, 11.0, 15, ABplpppaaaa, 6848, 0, 0, 0, , 0, 0, 0, 0, 0, 
107, 1, 110, 107, -1, 156, 316, 15.0, 15, ABplpppaaap, 5764, 0, 0, 0, , 0, 0, 0, 0, 0, 
108, 1, 111, 108, -1, 161, 304, 14.0, 13, ABplppapppp, 3858, 0, 0, 0, , 0, 0, 0, 0, 0, 
109, 1, 112, 109, -1, 173, 288, 16.0, 11, ABplppapppa, 3354, 0, 0, 0, , 0, 0, 0, 0, 0, 
110, 1, 113, 110, -1, 194, 285, 15.0, 15, ABplppappap, 4929, 0, 0, 0, , 0, 0, 0, 0, 0, 
111, 1, 114, 111, -1, 205, 287, 13.0, 13, ABplppappaa, 3976, 0, 0, 0, , 0, 0, 0, 0, 0, 
112, 1, 115, 112, -1, 184, 299, 14.0, 15, ABplppapapa, 3812, 0, 0, 0, , 0, 0, 0, 0, 0, 
113, 1, 116, 113, -1, 169, 303, 16.0, 15, ABplppapapp, 4253, 0, 0, 0, , 0, 0, 0, 0, 0, 
114, 1, 117, 114, -1, 166, 289, 12.0, 13, ABplppaappp, 4670, 0, 0, 0, , 0, 0, 0, 0, 0, 
115, 1, 118, 115, -1, 264, 243, 14.0, 13, ABplpappaaa, 5936, 0, 0, 0, , 0, 0, 0, 0, 0, 
116, 1, 119, 116, -1, 194, 275, 19.0, 15, MSaappap, 4520, 0, 0, 0, , 0, 0, 0, 0, 0, 
117, 1, 120, 117, -1, 115, 291, 14.0, 15, ABplpappppp, 3816, 0, 0, 0, , 0, 0, 0, 0, 0, 
118, 1, 121, 118, -1, 134, 283, 16.0, 13, ABplpappppa, 3493, 0, 0, 0, , 0, 0, 0, 0, 0, 
119, 1, 122, 119, -1, 139, 296, 13.0, 13, ABplpapppaa, 3403, 0, 0, 0, , 0, 0, 0, 0, 0, 
120, 1, 123, 120, -1, 128, 269, 14.0, 11, ABplpapppap, 3874, 0, 0, 0, , 0, 0, 0, 0, 0, 
121, 1, 124, 121, -1, 229, 277, 11.0, 11, ABplpapappa, 3772, 0, 0, 0, , 0, 0, 0, 0, 0, 
122, 1, 125, 122, -1, 168, 273, 14.0, 11, ABplpapappp, 2097, 0, 0, 0, , 0, 0, 0, 0, 0, 
123, 1, 126, 123, -1, 247, 277, 14.0, 15, ABplpapapap, 4080, 0, 0, 0, , 0, 0, 0, 0, 0, 
124, 1, 127, 124, -1, 235, 283, 15.0, 15, ABplpapapaa, 4694, 0, 0, 0, , 0, 0, 0, 0, 0, 
125, 1, 128, 125, -1, 269, 266, 13.0, 15, ABplpapaapa, 5402, 0, 0, 0, , 0, 0, 0, 0, 0, 
126, 0, 129, -1, -1, 279, 268, 11.0, 11, , 2361, 0, 0, 0, , 0, 0, 0, 0, 0, 
127, 1, 130, 127, -1, 274, 271, 13.0, 13, ABplpapaapp, 2673, 0, 0, 0, , 0, 0, 0, 0, 0, 
128, 1, 131, 128, -1, 245, 267, 13.0, 13, ABplpapaaap, 3079, 0, 0, 0, , 0, 0, 0, 0, 0, 
129, 1, 132, 129, -1, 256, 265, 15.0, 13, ABplpapaaaa, 4975, 0, 0, 0, , 0, 0, 0, 0, 0, 
130, 1, 133, 130, -1, 200, 296, 15.0, 13, ABplppapaap, 5132, 0, 0, 0, , 0, 0, 0, 0, 0, 
131, 0, 134, -1, -1, 231, 257, 13.0, 13, , 9226, 0, 0, 0, , 0, 0, 0, 0, 0, 
132, 1, 135, 132, -1, 313, 277, 17.0, 15, ABplpaaaaaa, 6596, 0, 0, 0, , 0, 0, 0, 0, 0, 
133, 1, 136, 133, -1, 318, 261, 11.0, 21, ABplpaaapap, 20135, 0, 0, 0, , 0, 0, 0, 0, 0, 
134, 0, 137, -1, -1, 306, 258, 18.0, 13, , 2488, 0, 0, 0, , 0, 0, 0, 0, 0, 
135, 0, 138, -1, -1, 283, 272, 21.0, 15, , 2757, 0, 0, 0, , 0, 0, 0, 0, 0, 
136, 1, 139, 136, -1, 276, 322, 19.0, 15, ABplpaappap, 6026, 0, 0, 0, , 0, 0, 0, 0, 0, 
137, 1, 140, 137, -1, 273, 307, 18.0, 13, ABplpaappaa, 4425, 0, 0, 0, , 0, 0, 0, 0, 0, 
138, 0, 141, -1, -1, 309, 268, 15.0, 13, , 2675, 0, 0, 0, , 0, 0, 0, 0, 0, 
139, 1, 142, 139, -1, 289, 265, 11.0, 13, ABplpaapppp, 2030, 0, 0, 0, , 0, 0, 0, 0, 0, 
140, 1, 143, 140, -1, 290, 313, 17.0, 13, ABplpaapaap, 6940, 0, 0, 0, , 0, 0, 0, 0, 0, 
141, 1, 144, 141, -1, 309, 284, 22.0, 13, ABplpaapaaa, 6757, 0, 0, 0, , 0, 0, 0, 0, 0, 
142, 1, 145, 142, -1, 353, 261, 18.0, 13, ABplpaapapa, 6636, 0, 0, 0, , 0, 0, 0, 0, 0, 
143, 0, 146, -1, -1, 277, 319, 15.0, 14, , 2279, 0, 0, 0, , 0, 0, 0, 0, 0, 
144, 0, 147, -1, -1, 256, 325, 18.0, 15, , 2779, 0, 0, 0, , 0, 0, 0, 0, 0, 
145, 1, 148, 145, -1, 339, 210, 19.0, 13, ABplaapaaaa, 4450, 0, 0, 0, , 0, 0, 0, 0, 0, 
146, 1, 149, 146, -1, 350, 223, 21.0, 13, ABplaapaaap, 5540, 0, 0, 0, , 0, 0, 0, 0, 0, 
147, 1, 150, 147, -1, 341, 257, 22.0, 13, ABplaapaapa, 6460, 0, 0, 0, , 0, 0, 0, 0, 0, 
148, 0, 151, -1, -1, 336, 275, 23.0, 13, , 4103, 0, 0, 0, , 0, 0, 0, 0, 0, 
149, 1, 152, 149, -1, 299, 311, 25.0, 17, ABplaapappp, 17016, 0, 0, 0, , 0, 0, 0, 0, 0, 
150, 1, 153, 150, -1, 285, 301, 26.0, 11, ABplaapappa, 4409, 0, 0, 0, , 0, 0, 0, 0, 0, 
151, 1, 154, 151, -1, 270, 312, 27.0, 13, ABplaapapap, 7034, 0, 0, 0, , 0, 0, 0, 0, 0, 
152, 1, 155, 152, -1, 270, 309, 24.0, 13, ABplaapapaa, 4880, 0, 0, 0, , 0, 0, 0, 0, 0, 
153, 1, 156, 153, -1, 329, 247, 30.0, 13, ABplaaaaapp, 3635, 0, 0, 0, , 0, 0, 0, 0, 0, 
154, 1, 157, 154, -1, 310, 268, 28.0, 15, MSapaaap, 6324, 0, 0, 0, , 0, 0, 0, 0, 0, 
155, 1, 158, 155, -1, 352, 232, 25.0, 11, ABarpaaaapp, 3665, 0, 0, 0, , 0, 0, 0, 0, 0, 
156, 1, 159, 156, -1, 337, 228, 27.0, 11, ABplaaaaaaa, 4707, 0, 0, 0, , 0, 0, 0, 0, 0, 
157, 1, 160, 157, -1, 340, 218, 33.0, 15, ABplaaaapp, 4953, 0, 0, 0, , 0, 0, 0, 0, 0, 
158, 0, 161, -1, -1, 348, 276, 26.0, 13, , 1736, 0, 0, 0, , 0, 0, 0, 0, 0, 
159, 0, 162, -1, -1, 327, 297, 27.0, 14, , 4362, 0, 0, 0, , 0, 0, 0, 0, 0, 
160, 1, 163, 160, -1, 319, 304, 27.0, 14, ABplaaappp, 1889, 0, 0, 0, , 0, 0, 0, 0, 0, 
161, 1, 164, 161, -1, 359, 264, 23.0, 14, ABplaaapap, 2397, 0, 0, 0, , 0, 0, 0, 0, 0, 
162, 1, 165, 162, -1, 355, 243, 20.0, 15, ABplaaapaa, 4960, 0, 0, 0, , 0, 0, 0, 0, 0, 
163, 1, 166, 163, -1, 132, 311, 9.0, 17, ABplappppa, 7298, 0, 0, 0, , 0, 0, 0, 0, 0, 
164, 1, 167, 164, -1, 86, 333, 13.0, 15, ABplappppp, 5966, 0, 0, 0, , 0, 0, 0, 0, 0, 
165, 1, 168, 165, -1, 123, 349, 15.0, 13, ABplapppaaa, 4419, 0, 0, 0, , 0, 0, 0, 0, 0, 
166, 1, 169, 166, -1, 108, 330, 13.0, 13, ABplapppapp, 3753, 0, 0, 0, , 0, 0, 0, 0, 0, 
167, 1, 170, 167, -1, 98, 340, 12.0, 11, ABplapppapa, 3010, 0, 0, 0, , 0, 0, 0, 0, 0, 
168, 1, 171, 168, -1, 212, 336, 19.0, 17, ABplappaaa, 8148, 0, 0, 0, , 0, 0, 0, 0, 0, 
169, 1, 172, 169, -1, 188, 345, 20.0, 17, ABplappaap, 8323, 0, 0, 0, , 0, 0, 0, 0, 0, 
170, 1, 173, 170, -1, 169, 347, 19.0, 15, ABplappapp, 7625, 0, 0, 0, , 0, 0, 0, 0, 0, 
171, 1, 174, 171, -1, 193, 353, 26.0, 15, ABplappapa, 11091, 0, 0, 0, , 0, 0, 0, 0, 0, 
172, 1, 175, 172, -1, 226, 330, 16.0, 15, ABplapaapp, 9389, 0, 0, 0, , 0, 0, 0, 0, 0, 
173, 1, 176, 173, -1, 245, 292, 10.0, 17, ABplapaapa, 11302, 0, 0, 0, , 0, 0, 0, 0, 0, 
174, 1, 177, 174, -1, 312, 290, 31.0, 13, ABarppaaaa, 5464, 0, 0, 0, , 0, 0, 0, 0, 0, 
175, 1, 178, 175, -1, 250, 327, 23.0, 15, ABplapaaapp, 6459, 0, 0, 0, , 0, 0, 0, 0, 0, 
176, 1, 179, 176, -1, 104, 365, 19.0, 11, ABplapapppa, 2923, 0, 0, 0, , 0, 0, 0, 0, 0, 
177, 1, 181, 177, -1, 148, 354, 17.0, 15, ABplapapap, 5786, 0, 0, 0, , 0, 0, 0, 0, 0, 
178, 1, 182, 178, -1, 139, 347, 13.0, 15, ABplapappa, 9869, 0, 0, 0, , 0, 0, 0, 0, 0, 
179, 1, 183, 179, -1, 143, 368, 22.0, 19, ABplapapaa, 6397, 0, 0, 0, , 0, 0, 0, 0, 0, 
180, 1, 184, 180, -1, 243, 226, 14.0, 13, ABprpapaaaa, 4002, 0, 0, 0, , 0, 0, 0, 0, 0, 
181, 1, 185, 181, -1, 247, 212, 13.0, 13, ABprpapaapp, 3974, 0, 0, 0, , 0, 0, 0, 0, 0, 
182, 1, 186, 182, -1, 153, 290, 14.0, 11, ABprpapappp, 3287, 0, 0, 0, , 0, 0, 0, 0, 0, 
183, 1, 187, 183, -1, 217, 228, 14.0, 15, ABprpapapaa, 6990, 0, 0, 0, , 0, 0, 0, 0, 0, 
184, 0, 188, -1, -1, 92, 308, 19.0, 14, , 4176, 0, 0, 0, , 0, 0, 0, 0, 0, 
185, 1, 189, 185, -1, 110, 279, 18.0, 17, ABprpappppa, 10679, 0, 0, 0, , 0, 0, 0, 0, 0, 
186, 1, 190, 186, -1, 182, 284, 12.0, 13, ABprpappapp, 4117, 0, 0, 0, , 0, 0, 0, 0, 0, 
187, 1, 191, 23, -1, 248, 242, 13.0, 13, ABprpappaap, 5566, 0, 0, 0, , 0, 0, 0, 0, 0, 
188, 1, 192, 188, -1, 276, 232, 13.0, 9, ABprpappaaa, 2762, 0, 0, 0, , 0, 0, 0, 0, 0, 
189, 1, 193, 189, -1, 231, 182, 15.0, 15, ABprpaaaaap, 4528, 0, 0, 0, , 0, 0, 0, 0, 0, 
190, 1, 194, 190, -1, 247, 180, 18.0, 13, ABpraaappaa, 5035, 0, 0, 0, , 0, 0, 0, 0, 0, 
191, 1, 195, 191, -1, 182, 264, 12.0, 15, ABprpaaaapp, 6314, 0, 0, 0, , 0, 0, 0, 0, 0, 
192, 1, 196, 192, -1, 229, 242, 10.0, 17, ABprpaaaapa, 7637, 0, 0, 0, , 0, 0, 0, 0, 0, 
193, 1, 197, 193, -1, 268, 194, 18.0, 13, ABprpaaaaaa, 7755, 0, 0, 0, , 0, 0, 0, 0, 0, 
194, 1, 198, 194, -1, 259, 218, 14.0, 11, ABprpapaapa, 3299, 0, 0, 0, , 0, 0, 0, 0, 0, 
195, 1, 199, 195, -1, 254, 195, 15.0, 13, ABprpaaappp, 5057, 0, 0, 0, , 0, 0, 0, 0, 0, 
196, 1, 200, 196, -1, 272, 183, 12.0, 15, ABprpaaapap, 6356, 0, 0, 0, , 0, 0, 0, 0, 0, 
197, 1, 201, 197, -1, 225, 170, 18.0, 13, ABprpaapaap, 6157, 0, 0, 0, , 0, 0, 0, 0, 0, 
198, 1, 202, 198, -1, 308, 162, 20.0, 15, ABprpaapapa, 6197, 0, 0, 0, , 0, 0, 0, 0, 0, 
199, 1, 203, 199, -1, 279, 192, 10.0, 15, ABprpaapapp, 7270, 0, 0, 0, , 0, 0, 0, 0, 0, 
200, 1, 204, 200, -1, 260, 204, 11.0, 15, ABprpaapppp, 6096, 0, 0, 0, , 0, 0, 0, 0, 0, 
201, 1, 205, 201, -1, 216, 176, 20.0, 13, ABprpaappap, 5192, 0, 0, 0, , 0, 0, 0, 0, 0, 
202, 1, 206, 202, -1, 230, 183, 19.0, 13, ABprpaappaa, 6564, 0, 0, 0, , 0, 0, 0, 0, 0, 
203, 1, 207, 203, -1, 95, 256, 17.0, 15, ABprpppaapa, 5327, 0, 0, 0, , 0, 0, 0, 0, 0, 
204, 1, 208, 204, -1, 141, 251, 16.0, 15, ABprpppaaap, 12055, 0, 0, 0, , 0, 0, 0, 0, 0, 
205, 1, 209, 205, -1, 140, 258, 12.0, 15, ABprpppaaaa, 4730, 0, 0, 0, , 0, 0, 0, 0, 0, 
206, 1, 210, 206, -1, 100, 262, 11.0, 11, ABprpppapaa, 4733, 0, 0, 0, , 0, 0, 0, 0, 0, 
207, 1, 211, 207, -1, 92, 286, 10.0, 19, ABprpppapap, 4940, 0, 0, 0, , 0, 0, 0, 0, 0, 
208, 0, 212, -1, -1, 114, 307, 11.0, 11, , 1725, 0, 0, 0, , 0, 0, 0, 0, 0, 
209, 1, 213, 209, -1, 128, 257, 11.0, 15, ABprppppapa, 4148, 0, 0, 0, , 0, 0, 0, 0, 0, 
210, 1, 214, 210, -1, 123, 273, 12.0, 15, ABprppppapp, 4482, 0, 0, 0, , 0, 0, 0, 0, 0, 
211, 1, 215, 211, -1, 123, 267, 17.0, 15, ABprppppaaa, 5429, 0, 0, 0, , 0, 0, 0, 0, 0, 
212, 1, 216, 212, -1, 114, 272, 16.0, 13, ABprppppaap, 5115, 0, 0, 0, , 0, 0, 0, 0, 0, 
213, 1, 217, 213, -1, 121, 255, 20.0, 15, ABprpppppaa, 5174, 0, 0, 0, , 0, 0, 0, 0, 0, 
214, 1, 218, 214, -1, 102, 259, 20.0, 15, ABprpppppap, 5719, 0, 0, 0, , 0, 0, 0, 0, 0, 
215, 1, 219, 215, -1, 224, 196, 13.0, 11, ABprppaapap, 3866, 0, 0, 0, , 0, 0, 0, 0, 0, 
216, 0, 220, -1, -1, 214, 201, 11.0, 11, , 7242, 0, 0, 0, , 0, 0, 0, 0, 0, 
217, 1, 221, 217, -1, 204, 254, 12.0, 15, ABprppaappa, 5341, 0, 0, 0, , 0, 0, 0, 0, 0, 
218, 1, 222, 218, -1, 154, 270, 13.0, 13, ABprppaappp, 4350, 0, 0, 0, , 0, 0, 0, 0, 0, 
219, 1, 223, 219, -1, 224, 181, 13.0, 13, ABprppaaaaa, 6880, 0, 0, 0, , 0, 0, 0, 0, 0, 
220, 1, 224, 220, -1, 208, 186, 17.0, 15, ABprppaaaap, 8489, 0, 0, 0, , 0, 0, 0, 0, 0, 
221, 1, 225, 221, -1, 192, 227, 12.0, 13, ABprppapaaa, 6714, 0, 0, 0, , 0, 0, 0, 0, 0, 
222, 1, 226, 222, -1, 183, 257, 16.0, 13, ABprppapaap, 4274, 0, 0, 0, , 0, 0, 0, 0, 0, 
223, 1, 227, 223, -1, 173, 270, 16.0, 11, ABprppapapa, 2485, 0, 0, 0, , 0, 0, 0, 0, 0, 
224, 1, 228, 224, -1, 155, 267, 17.0, 11, ABprppapapp, 4021, 0, 0, 0, , 0, 0, 0, 0, 0, 
225, 1, 229, 225, -1, 159, 282, 16.0, 13, ABprppapppa, 2887, 0, 0, 0, , 0, 0, 0, 0, 0, 
226, 1, 230, 226, -1, 144, 266, 15.0, 10, ABprppapppp, 2814, 0, 0, 0, , 0, 0, 0, 0, 0, 
227, 1, 231, 227, -1, 188, 256, 14.0, 13, ABprppappaa, 3753, 0, 0, 0, , 0, 0, 0, 0, 0, 
228, 1, 232, 228, -1, 187, 276, 15.0, 13, ABprppappap, 4351, 0, 0, 0, , 0, 0, 0, 0, 0, 
229, 1, 233, 229, -1, 325, 206, 20.0, 13, ABpraapaaaa, 6096, 0, 0, 0, , 0, 0, 0, 0, 0, 
230, 0, 234, -1, -1, 323, 184, 29.0, 13, , 3713, 0, 0, 0, , 0, 0, 0, 0, 0, 
231, 1, 235, 231, -1, 333, 190, 20.0, 11, ABpraapaaap, 4182, 0, 0, 0, , 0, 0, 0, 0, 0, 
232, 1, 236, 232, -1, 299, 170, 21.0, 11, ABpraapaapa, 4461, 0, 0, 0, , 0, 0, 0, 0, 0, 
233, 1, 237, 233, -1, 228, 184, 29.0, 15, ABpraapapap, 6155, 0, 0, 0, , 0, 0, 0, 0, 0, 
234, 1, 238, 234, -1, 222, 190, 26.0, 13, ABpraapapaa, 4659, 0, 0, 0, , 0, 0, 0, 0, 0, 
235, 0, 239, -1, -1, 231, 168, 22.0, 11, , 2453, 0, 0, 0, , 0, 0, 0, 0, 0, 
236, 1, 240, 236, -1, 235, 189, 26.0, 15, ABpraapappa, 4268, 0, 0, 0, , 0, 0, 0, 0, 0, 
237, 1, 241, 237, -1, 189, 191, 18.0, 19, ABpraapppp, 15175, 0, 0, 0, , 0, 0, 0, 0, 0, 
238, 1, 242, 238, -1, 301, 200, 9.0, 17, ABpraappaa, 6408, 0, 0, 0, , 0, 0, 0, 0, 0, 
239, 1, 243, 239, -1, 282, 181, 25.0, 15, ABpraaapapa, 4302, 0, 0, 0, , 0, 0, 0, 0, 0, 
240, 1, 244, 240, -1, 295, 175, 24.0, 11, ABpraaapapp, 3441, 0, 0, 0, , 0, 0, 0, 0, 0, 
241, 1, 245, 241, -1, 249, 181, 25.0, 13, ABpraaapaad, 2473, 0, 0, 0, , 0, 0, 0, 0, 0, 
242, 1, 247, 242, -1, 237, 182, 22.0, 15, ABpraaappap, 3993, 0, 0, 0, , 0, 0, 0, 0, 0, 
243, 1, 248, 243, -1, 215, 175, 24.0, 13, ABpraaapppap, 2949, 0, 0, 0, , 0, 0, 0, 0, 0, 
244, 1, 249, 244, -1, 315, 178, 18.0, 13, ABpraaaaapd, 4264, 0, 0, 0, , 0, 0, 0, 0, 0, 
245, 1, 250, 245, -1, 271, 170, 15.0, 15, ABpraaaaaaa, 5995, 0, 0, 0, , 0, 0, 0, 0, 0, 
246, 1, 251, 246, -1, 298, 189, 14.0, 13, ABpraaaaaap, 4830, 0, 0, 0, , 0, 0, 0, 0, 0, 
247, 1, 252, 247, -1, 245, 177, 14.0, 15, ABpraaaapav, 5723, 0, 0, 0, , 0, 0, 0, 0, 0, 
248, 1, 253, 248, -1, 287, 174, 14.0, 15, ABpraaaapad, 5400, 0, 0, 0, , 0, 0, 0, 0, 0, 
249, 1, 254, 249, -1, 257, 166, 24.0, 11, ABpraaaappa, 3544, 0, 0, 0, , 0, 0, 0, 0, 0, 
250, 1, 255, 250, -1, 255, 172, 27.0, 17, ABpraaaappp, 2852, 0, 0, 0, , 0, 0, 0, 0, 0, 
251, 1, 256, 251, -1, 132, 231, 21.0, 17, ABprappapp, 8758, 0, 0, 0, , 0, 0, 0, 0, 0, 
252, 1, 257, 252, -1, 147, 214, 28.0, 15, ABprappapa, 6948, 0, 0, 0, , 0, 0, 0, 0, 0, 
253, 1, 258, 253, -1, 150, 224, 22.0, 15, ABprappaap, 6900, 0, 0, 0, , 0, 0, 0, 0, 0, 
254, 1, 259, 254, -1, 165, 219, 22.0, 15, ABprappaaa, 7067, 0, 0, 0, , 0, 0, 0, 0, 0, 
255, 1, 260, 255, -1, 78, 240, 19.0, 13, ABprapppaap, 6301, 0, 0, 0, , 0, 0, 0, 0, 0, 
256, 1, 261, 256, -1, 88, 244, 17.0, 13, ABprapppaaa, 3937, 0, 0, 0, , 0, 0, 0, 0, 0, 
257, 1, 262, 257, -1, 88, 262, 14.0, 13, ABprapppapp, 3425, 0, 0, 0, , 0, 0, 0, 0, 0, 
258, 1, 263, 258, -1, 75, 255, 12.0, 11, ABprapppapa, 3671, 0, 0, 0, , 0, 0, 0, 0, 0, 
259, 1, 264, 259, -1, 72, 270, 12.0, 15, ABprappppp, 7988, 0, 0, 0, , 0, 0, 0, 0, 0, 
260, 1, 265, 260, -1, 115, 265, 9.0, 17, ABprappppa, 17814, 0, 0, 0, , 0, 0, 0, 0, 0, 
261, 1, 266, 261, -1, 203, 189, 24.0, 15, ABprapaaapa, 4732, 0, 0, 0, , 0, 0, 0, 0, 0, 
262, 1, 267, 262, -1, 191, 199, 24.0, 13, ABprapaaapp, 5310, 0, 0, 0, , 0, 0, 0, 0, 0, 
263, 1, 268, 263, -1, 236, 180, 31.0, 19, ABprapaaaap, 7735, 0, 0, 0, , 0, 0, 0, 0, 0, 
264, 1, 269, 264, -1, 176, 205, 20.0, 15, ABprapaapp, 8429, 0, 0, 0, , 0, 0, 0, 0, 0, 
265, 1, 270, 265, -1, 207, 216, 10.0, 15, ABprapaapa, 7998, 0, 0, 0, , 0, 0, 0, 0, 0, 
266, 1, 271, 266, -1, 110, 236, 14.0, 15, ABprapappa, 7169, 0, 0, 0, , 0, 0, 0, 0, 0, 
267, 1, 272, 267, -1, 73, 265, 17.0, 15, ABprapapppp, 4445, 0, 0, 0, , 0, 0, 0, 0, 0, 
268, 1, 273, 268, -1, 113, 230, 20.0, 15, ABprapapap, 8038, 0, 0, 0, , 0, 0, 0, 0, 0, 
269, 1, 274, 269, -1, 104, 232, 26.0, 17, ABprapapaa, 7946, 0, 0, 0, , 0, 0, 0, 0, 0, 
270, 1, 275, 270, -1, 249, 194, 32.0, 13, MSppppap, 3009, 0, 0, 0, , 0, 0, 0, 0, 0, 
271, 1, 276, 271, -1, 231, 197, 21.0, 9, MSppppaa, 1251, 0, 0, 0, , 0, 0, 0, 0, 0, 
272, 1, 277, 272, -1, 288, 207, 35.0, 19, MSpppppa, 18335, 0, 0, 0, , 0, 0, 0, 0, 0, 
273, 1, 278, 273, -1, 245, 215, 34.0, 17, MSpppppp, 9497, 0, 0, 0, , 0, 0, 0, 0, 0, 
274, 1, 279, 274, -1, 281, 204, 33.0, 17, MSpppaaa, 2534, 0, 0, 0, , 0, 0, 0, 0, 0, 
275, 1, 280, 275, -1, 137, 250, 25.0, 13, MSpppaap, 2843, 0, 0, 0, , 0, 0, 0, 0, 0, 
276, 1, 281, 276, -1, 233, 226, 12.0, 13, ABprpapaaap, 2744, 0, 0, 0, , 0, 0, 0, 0, 0, 
277, 1, 282, 277, -1, 129, 287, 20.0, 17, MSppaapp, 5667, 0, 0, 0, , 0, 0, 0, 0, 0, 
278, 1, 283, 278, -1, 252, 186, 24.0, 9, MSppaapa, 3362, 0, 0, 0, , 0, 0, 0, 0, 0, 
279, 1, 284, 279, -1, 269, 199, 23.0, 11, MSppaaaad, 2981, 0, 0, 0, , 0, 0, 0, 0, 0, 
280, 0, 285, -1, -1, 299, 179, 30.0, 13, , 2630, 0, 0, 0, , 0, 0, 0, 0, 0, 
281, 1, 286, 281, -1, 197, 205, 27.0, 15, MSppapaa, 3462, 0, 0, 0, , 0, 0, 0, 0, 0, 
282, 1, 287, 282, -1, 255, 193, 20.0, 13, MSppapap, 1708, 0, 0, 0, , 0, 0, 0, 0, 0, 
283, 1, 288, 283, -1, 194, 257, 21.0, 13, MSpapappp, 3259, 0, 0, 0, , 0, 0, 0, 0, 0, 
284, 1, 289, 284, -1, 207, 246, 22.0, 13, MSpapapaa, 2472, 0, 0, 0, , 0, 0, 0, 0, 0, 
285, 1, 290, 285, -1, 210, 236, 19.0, 15, MSpapaaap, 4621, 0, 0, 0, , 0, 0, 0, 0, 0, 
286, 1, 291, 286, -1, 195, 236, 25.0, 15, MSpapaapp, 8159, 0, 0, 0, , 0, 0, 0, 0, 0, 
287, 1, 292, 287, -1, 170, 324, 18.0, 15, MSpappaa, 5090, 0, 0, 0, , 0, 0, 0, 0, 0, 
288, 1, 293, 288, -1, 172, 249, 19.0, 13, MSpappppa, 5456, 0, 0, 0, , 0, 0, 0, 0, 0, 
289, 1, 294, 289, -1, 160, 249, 19.0, 15, MSpappppp, 3099, 0, 0, 0, , 0, 0, 0, 0, 0, 
290, 1, 295, 290, -1, 234, 253, 33.0, 15, MSpaaappp, 7424, 0, 0, 0, , 0, 0, 0, 0, 0, 
291, 1, 296, 291, -1, 239, 270, 30.0, 13, MSpaaapaa, 3859, 0, 0, 0, , 0, 0, 0, 0, 0, 
292, 1, 297, 292, -1, 216, 265, 32.0, 13, MSpaaapap, 4410, 0, 0, 0, , 0, 0, 0, 0, 0, 
293, 1, 298, 293, -1, 258, 229, 33.0, 15, MSpaaaapp, 12746, 0, 0, 0, , 0, 0, 0, 0, 0, 
294, 1, 299, 294, -1, 270, 249, 35.0, 15, MSpaaaaaa, 5922, 0, 0, 0, , 0, 0, 0, 0, 0, 
295, 1, 300, 295, -1, 245, 246, 30.0, 13, MSpaaaaap, 4422, 0, 0, 0, , 0, 0, 0, 0, 0, 
296, 1, 301, 296, -1, 214, 212, 24.0, 11, ABaraappppa, 2580, 0, 0, 0, , 0, 0, 0, 0, 0, 
297, 1, 302, 297, -1, 216, 217, 29.0, 17, ABaraapppap, 5203, 0, 0, 0, , 0, 0, 0, 0, 0, 
298, 1, 303, 298, -1, 233, 253, 30.0, 11, MSpaapaap, 3028, 0, 0, 0, , 0, 0, 0, 0, 0, 
299, 1, 304, 299, -1, 250, 244, 33.0, 15, MSpaaappa, 4914, 0, 0, 0, , 0, 0, 0, 0, 0, 
300, 1, 305, 300, -1, 230, 235, 31.0, 11, MSpaapaaa, 2662, 0, 0, 0, , 0, 0, 0, 0, 0, 
301, 1, 306, 301, -1, 280, 296, 31.0, 15, MSapppap, 3366, 0, 0, 0, , 0, 0, 0, 0, 0, 
302, 1, 307, 302, -1, 296, 265, 35.0, 17, MSappppa, 5526, 0, 0, 0, , 0, 0, 0, 0, 0, 
303, 0, 308, -1, -1, 238, 286, 30.0, 13, , 1633, 0, 0, 0, , 0, 0, 0, 0, 0, 
304, 1, 309, 304, -1, 143, 336, 19.0, 13, MSappaap, 1046, 0, 0, 0, , 0, 0, 0, 0, 0, 
305, 1, 310, 305, -1, 293, 276, 31.0, 13, MSappaaa, 2558, 0, 0, 0, , 0, 0, 0, 0, 0, 
306, 0, 311, -1, -1, 299, 284, 16.0, 11, , 3443, 0, 0, 0, , 0, 0, 0, 0, 0, 
307, 1, 312, 307, -1, 264, 279, 30.0, 15, ABaraapaapp, 8824, 0, 0, 0, , 0, 0, 0, 0, 0, 
308, 1, 313, 308, -1, 313, 243, 32.0, 15, MSapappp, 4448, 0, 0, 0, , 0, 0, 0, 0, 0, 
309, 1, 314, 554, -1, 237, 316, 25.0, 13, MSapapaa, 3909, 0, 0, 0, , 0, 0, 0, 0, 0, 
310, 1, 315, 309, -1, 146, 283, 19.0, 15, MSapaapp, 4693, 0, 0, 0, , 0, 0, 0, 0, 0, 
311, 1, 316, 310, -1, 301, 264, 23.0, 11, MSapaaaad, 3163, 0, 0, 0, , 0, 0, 0, 0, 0, 
312, 1, 317, 311, -1, 279, 237, 33.0, 13, MSaaaaapap, 5979, 0, 0, 0, , 0, 0, 0, 0, 0, 
313, 1, 318, 312, -1, 293, 232, 32.0, 11, MSaaaaapaa, 2746, 0, 0, 0, , 0, 0, 0, 0, 0, 
314, 1, 319, 313, -1, 272, 257, 30.0, 13, MSaaapaaa, 2260, 0, 0, 0, , 0, 0, 0, 0, 0, 
315, 1, 320, 314, -1, 292, 204, 29.0, 13, MSaaaaaar, 4231, 0, 0, 0, , 0, 0, 0, 0, 0, 
316, 1, 321, 315, -1, 312, 246, 28.0, 11, MSaaaaaal, 3987, 0, 0, 0, , 0, 0, 0, 0, 0, 
317, 1, 322, 316, -1, 253, 261, 35.0, 13, MSaaaapaa, 3913, 0, 0, 0, , 0, 0, 0, 0, 0, 
318, 1, 323, 317, -1, 254, 265, 31.0, 13, MSaaaapap, 3741, 0, 0, 0, , 0, 0, 0, 0, 0, 
319, 1, 324, 318, -1, 227, 271, 31.0, 13, MSaaaappa, 4148, 0, 0, 0, , 0, 0, 0, 0, 0, 
320, 1, 325, 319, -1, 228, 292, 29.0, 15, MSaaapapp, 8069, 0, 0, 0, , 0, 0, 0, 0, 0, 
321, 1, 326, 320, -1, 207, 299, 29.0, 13, MSaaappa, 2942, 0, 0, 0, , 0, 0, 0, 0, 0, 
322, 1, 327, 321, -1, 217, 283, 32.0, 13, MSaaappp, 3156, 0, 0, 0, , 0, 0, 0, 0, 0, 
323, 1, 328, 322, -1, 203, 311, 18.0, 13, MSaappppa, 2842, 0, 0, 0, , 0, 0, 0, 0, 0, 
324, 1, 329, 323, -1, 185, 319, 18.0, 11, MSaappppp, 2361, 0, 0, 0, , 0, 0, 0, 0, 0, 
325, 1, 330, 324, -1, 232, 275, 18.0, 13, MSaapaaap, 3789, 0, 0, 0, , 0, 0, 0, 0, 0, 
326, 1, 331, 325, -1, 247, 270, 18.0, 13, MSaapaaaa, 2907, 0, 0, 0, , 0, 0, 0, 0, 0, 
327, 1, 332, 326, -1, 214, 283, 18.0, 13, MSaapappp, 3265, 0, 0, 0, , 0, 0, 0, 0, 0, 
328, 1, 333, 327, -1, 243, 301, 26.0, 11, MSaapappa, 2301, 0, 0, 0, , 0, 0, 0, 0, 0, 
329, 1, 334, 328, -1, 230, 278, 21.0, 13, MSaapapaa, 3610, 0, 0, 0, , 0, 0, 0, 0, 0, 
330, 1, 335, 329, -1, 231, 291, 18.0, 13, MSaapapap, 3842, 0, 0, 0, , 0, 0, 0, 0, 0, 
331, 1, 336, 330, -1, 94, 313, 25.0, 17, Eplpa, 2032, 0, 0, 0, , 0, 0, 0, 0, 0, 
332, 1, 337, 331, -1, 113, 352, 22.0, 14, Cappapa, 4196, 0, 0, 0, , 0, 0, 0, 0, 0, 
333, 1, 338, 332, -1, 99, 346, 21.0, 13, Cappapp, 5563, 0, 0, 0, , 0, 0, 0, 0, 0, 
334, 1, 339, 333, -1, 195, 329, 30.0, 13, Cappaaa, 5315, 0, 0, 0, , 0, 0, 0, 0, 0, 
335, 1, 340, 334, -1, 79, 340, 24.0, 17, Capppap, 5083, 0, 0, 0, , 0, 0, 0, 0, 0, 
336, 1, 341, 335, -1, 113, 344, 32.0, 17, Capppaa, 4177, 0, 0, 0, , 0, 0, 0, 0, 0, 
337, 1, 342, 336, -1, 123, 355, 27.0, 15, Capapap, 7056, 0, 0, 0, , 0, 0, 0, 0, 0, 
338, 1, 343, 337, -1, 161, 345, 30.0, 19, Capapaa, 5572, 0, 0, 0, , 0, 0, 0, 0, 0, 
339, 1, 344, 338, -1, 137, 321, 13.0, 15, Capappp, 4902, 0, 0, 0, , 0, 0, 0, 0, 0, 
340, 1, 345, 339, -1, 146, 337, 16.0, 15, Capappa, 4851, 0, 0, 0, , 0, 0, 0, 0, 0, 
341, 1, 346, 340, -1, 196, 333, 22.0, 13, Capaaap, 4350, 0, 0, 0, , 0, 0, 0, 0, 0, 
342, 1, 347, 341, -1, 216, 322, 20.0, 15, Capaaaa, 4560, 0, 0, 0, , 0, 0, 0, 0, 0, 
343, 0, 348, -1, -1, 80, 292, 14.0, 15, , 4297, 0, 0, 0, , 0, 0, 0, 0, 0, 
344, 1, 349, 343, -1, 66, 300, 15.0, 15, Caappv, 4338, 0, 0, 0, , 0, 0, 0, 0, 0, 
345, 0, 350, -1, -1, 104, 277, 9.0, 9, , 1093, 0, 0, 0, , 0, 0, 0, 0, 0, 
346, 1, 351, 345, -1, 89, 357, 20.0, 15, Cpappd, 7908, 0, 0, 0, , 0, 0, 0, 0, 0, 
347, 1, 352, 346, -1, 70, 323, 14.0, 13, Cpappv, 4946, 0, 0, 0, , 0, 0, 0, 0, 0, 
348, 1, 353, 347, -1, 76, 256, 25.0, 23, Cpapaa, 854, 0, 0, 0, , 0, 0, 0, 0, 0, 
349, 1, 354, 348, -1, 122, 242, 24.0, 15, Cppaapp, 4967, 0, 0, 0, , 0, 0, 0, 0, 0, 
350, 1, 355, 349, -1, 148, 240, 24.0, 15, Cppaapa, 4761, 0, 0, 0, , 0, 0, 0, 0, 0, 
351, 1, 356, 350, -1, 164, 237, 22.0, 11, Cppaaap, 2589, 0, 0, 0, , 0, 0, 0, 0, 0, 
352, 1, 357, 351, -1, 178, 230, 20.0, 15, Cppaaaa, 5296, 0, 0, 0, , 0, 0, 0, 0, 0, 
353, 1, 358, 352, -1, 145, 249, 33.0, 13, Cppapaa, 6919, 0, 0, 0, , 0, 0, 0, 0, 0, 
354, 1, 359, 353, -1, 113, 253, 15.0, 15, Cppappp, 4500, 0, 0, 0, , 0, 0, 0, 0, 0, 
355, 1, 360, 354, -1, 112, 245, 19.0, 13, Cppappa, 4518, 0, 0, 0, , 0, 0, 0, 0, 0, 
356, 1, 361, 355, -1, 144, 267, 35.0, 17, Cpppaap, 7398, 0, 0, 0, , 0, 0, 0, 0, 0, 
357, 1, 362, 356, -1, 173, 235, 32.0, 13, Cpppaaa, 6684, 0, 0, 0, , 0, 0, 0, 0, 0, 
358, 1, 363, 357, -1, 76, 269, 22.0, 15, Cpppapp, 6381, 0, 0, 0, , 0, 0, 0, 0, 0, 
359, 1, 364, 358, -1, 90, 266, 30.0, 17, Cpppapa, 4260, 0, 0, 0, , 0, 0, 0, 0, 0, 
360, 1, 365, 359, -1, 254, 295, 15.0, 15, Daapa, 4178, 0, 0, 0, , 0, 0, 0, 0, 0, 
361, 1, 366, 360, -1, 241, 301, 14.0, 15, Daapp, 4871, 0, 0, 0, , 0, 0, 0, 0, 0, 
362, 1, 367, 361, -1, 254, 305, 19.0, 13, Daaaa, 4316, 0, 0, 0, , 0, 0, 0, 0, 0, 
363, 1, 368, 362, -1, 247, 310, 31.0, 19, Daaap, 11648, 0, 0, 0, , 0, 0, 0, 0, 0, 
364, 1, 369, 363, -1, 233, 297, 33.0, 13, Dappaa, 3424, 0, 0, 0, , 0, 0, 0, 0, 0, 
365, 1, 370, 672, -1, 193, 313, 33.0, 13, Dapppa, 1032, 0, 0, 0, , 0, 0, 0, 0, 0, 
366, 1, 371, 364, -1, 202, 215, 16.0, 13, Dpapp, 5533, 0, 0, 0, , 0, 0, 0, 0, 0, 
367, 1, 372, 365, -1, 214, 205, 17.0, 13, Dpapa, 4369, 0, 0, 0, , 0, 0, 0, 0, 0, 
368, 1, 373, 366, -1, 220, 207, 33.0, 15, Dpaap, 4295, 0, 0, 0, , 0, 0, 0, 0, 0, 
369, 0, 374, -1, -1, 224, 203, 32.0, 15, , 3792, 0, 0, 0, , 0, 0, 0, 0, 0, 
370, 1, 375, 368, -1, 213, 200, 21.0, 13, Dpaaa, 3957, 0, 0, 0, , 0, 0, 0, 0, 0, 
371, 1, 376, 369, -1, 186, 251, 34.0, 13, Dppppa, 2873, 0, 0, 0, , 0, 0, 0, 0, 0, 
372, 1, 377, 370, -1, 204, 250, 34.0, 15, Dpppap, 4755, 0, 0, 0, , 0, 0, 0, 0, 0, 
373, 1, 378, 371, -1, 223, 231, 35.0, 15, Dpppaa, 6761, 0, 0, 0, , 0, 0, 0, 0, 0, 
374, 1, 379, 372, -1, 195, 210, 21.0, 15, Dppaa, 6337, 0, 0, 0, , 0, 0, 0, 0, 0, 
375, 1, 380, 374, -1, 192, 224, 32.0, 17, Dppap, 5888, 0, 0, 0, , 0, 0, 0, 0, 0, 
376, 0, 381, -1, -1, 380, 244, 24.0, 15, , 7747, 0, 0, 0, , 0, 0, 0, 0, 0, 
377, 0, 382, -1, -1, 303, 288, 26.0, 13, , 3961, 0, 0, 0, , 0, 0, 0, 0, 0, 
378, 1, 383, 377, -1, 296, 314, 22.0, 13, ABalppppppaa, 3334, 0, 0, 0, , 0, 0, 0, 0, 0, 
379, 1, 384, 378, -1, 277, 321, 22.0, 11, ABalppppppap, 5028, 0, 0, 0, , 0, 0, 0, 0, 0, 
380, 1, 385, 379, -1, 312, 308, 20.0, 15, ABalpppppppa, 4487, 0, 0, 0, , 0, 0, 0, 0, 0, 
381, 0, 386, -1, -1, 359, 259, 24.0, 15, , 3121, 0, 0, 0, , 0, 0, 0, 0, 0, 
382, 1, 387, 381, -1, 320, 288, 15.0, 13, ABalpppaaaa, 4020, 0, 0, 0, , 0, 0, 0, 0, 0, 
383, 1, 388, 382, -1, 325, 255, 14.0, 13, ABalpppaaap, 6169, 0, 0, 0, , 0, 0, 0, 0, 0, 
384, 1, 389, 383, -1, 338, 268, 17.0, 11, ABalpppaapd, 3018, 0, 0, 0, , 0, 0, 0, 0, 0, 
385, 1, 390, 384, -1, 343, 247, 18.0, 13, ABalpppaapv, 4186, 0, 0, 0, , 0, 0, 0, 0, 0, 
386, 1, 391, 385, -1, 302, 294, 15.0, 13, ABalpppapad, 3608, 0, 0, 0, , 0, 0, 0, 0, 0, 
387, 1, 392, 386, -1, 330, 273, 14.0, 15, ABalpppapav, 4124, 0, 0, 0, , 0, 0, 0, 0, 0, 
388, 1, 393, 387, -1, 339, 250, 16.0, 15, ABalaaapalr, 3283, 0, 0, 0, , 0, 0, 0, 0, 0, 
389, 1, 394, 388, -1, 336, 256, 14.0, 14, ABalppaaapp, 7025, 0, 0, 0, , 0, 0, 0, 0, 0, 
390, 1, 395, 389, -1, 285, 301, 15.0, 13, ABplpaaaaap, 8329, 0, 0, 0, , 0, 0, 0, 0, 0, 
391, 1, 396, 390, -1, 289, 253, 13.0, 11, ABalppapppa, 2066, 0, 0, 0, , 0, 0, 0, 0, 0, 
392, 1, 397, 391, -1, 311, 270, 20.0, 15, ABalppappaa, 3928, 0, 0, 0, , 0, 0, 0, 0, 0, 
393, 1, 398, 392, -1, 319, 269, 22.0, 13, ABalapaappa, 3075, 0, 0, 0, , 0, 0, 0, 0, 0, 
394, 1, 399, 393, -1, 277, 253, 11.0, 13, ABalppapapa, 4013, 0, 0, 0, , 0, 0, 0, 0, 0, 
395, 1, 400, 394, -1, 306, 246, 11.0, 15, ABalppapapp, 5306, 0, 0, 0, , 0, 0, 0, 0, 0, 
396, 1, 401, 395, -1, 314, 234, 10.0, 17, ABplaappaa, 7808, 0, 0, 0, , 0, 0, 0, 0, 0, 
397, 1, 402, 396, -1, 314, 247, 20.0, 13, ABalppapaaa, 4863, 0, 0, 0, , 0, 0, 0, 0, 0, 
398, 1, 403, 397, -1, 270, 249, 13.0, 15, ABalpapapaa, 8617, 0, 0, 0, , 0, 0, 0, 0, 0, 
399, 1, 404, 398, -1, 209, 281, 10.0, 11, ABalpapappa, 6399, 0, 0, 0, , 0, 0, 0, 0, 0, 
400, 1, 405, 399, -1, 310, 221, 12.0, 11, ABalpapaapp, 6548, 0, 0, 0, , 0, 0, 0, 0, 0, 
401, 1, 406, 400, -1, 316, 234, 15.0, 13, ABalppapaap, 4414, 0, 0, 0, , 0, 0, 0, 0, 0, 
402, 1, 407, 401, -1, 274, 250, 20.0, 14, ABalpaaaapa, 2016, 0, 0, 0, , 0, 0, 0, 0, 0, 
403, 1, 408, 402, -1, 271, 260, 18.0, 13, ABalpaaaaap, 4548, 0, 0, 0, , 0, 0, 0, 0, 0, 
404, 1, 409, 403, -1, 249, 244, 21.0, 13, ABalpappaaa, 6508, 0, 0, 0, , 0, 0, 0, 0, 0, 
405, 1, 410, 404, -1, 278, 281, 21.0, 13, ABalpapppaa, 6053, 0, 0, 0, , 0, 0, 0, 0, 0, 
406, 1, 411, 405, -1, 257, 264, 19.0, 13, ABalpapppap, 7097, 0, 0, 0, , 0, 0, 0, 0, 0, 
407, 1, 412, 406, -1, 290, 269, 25.0, 13, ABalpaaapaa, 5322, 0, 0, 0, , 0, 0, 0, 0, 0, 
408, 1, 413, 407, -1, 289, 268, 28.0, 11, ABalpaaapap, 2890, 0, 0, 0, , 0, 0, 0, 0, 0, 
409, 1, 414, 408, -1, 253, 253, 17.0, 11, ABalpaaaapp, 5654, 0, 0, 0, , 0, 0, 0, 0, 0, 
410, 1, 415, 409, -1, 285, 252, 21.0, 13, ABalpaaaaaa, 4611, 0, 0, 0, , 0, 0, 0, 0, 0, 
411, 1, 416, 410, -1, 278, 274, 19.0, 17, ABalpappaap, 4689, 0, 0, 0, , 0, 0, 0, 0, 0, 
412, 0, 417, -1, -1, 291, 233, 19.0, 9, , 977, 0, 0, 0, , 0, 0, 0, 0, 0, 
413, 1, 418, 412, -1, 312, 230, 20.0, 15, ABalpaapppa, 2859, 0, 0, 0, , 0, 0, 0, 0, 0, 
414, 1, 419, 413, -1, 321, 227, 17.0, 13, ABalpaapppp, 2916, 0, 0, 0, , 0, 0, 0, 0, 0, 
415, 1, 420, 414, -1, 301, 229, 21.0, 13, ABalpaappaa, 4093, 0, 0, 0, , 0, 0, 0, 0, 0, 
416, 1, 421, 706, -1, 274, 266, 28.0, 15, ABalpaapapa, 3633, 0, 0, 0, , 0, 0, 0, 0, 0, 
417, 0, 422, -1, -1, 289, 251, 26.0, 13, , 4596, 0, 0, 0, , 0, 0, 0, 0, 0, 
418, 0, 423, -1, -1, 281, 267, 17.0, 13, , 5051, 0, 0, 0, , 0, 0, 0, 0, 0, 
419, 0, 424, -1, -1, 181, 273, 27.0, 19, , 5602, 0, 0, 0, , 0, 0, 0, 0, 0, 
420, 1, 425, 419, -1, 132, 318, 28.0, 19, Ealpp, 9522, 0, 0, 0, , 0, 0, 0, 0, 0, 
421, 1, 426, 420, -1, 139, 293, 27.0, 19, Earpp, 3884, 0, 0, 0, , 0, 0, 0, 0, 0, 
422, 0, 427, -1, -1, 175, 305, 24.0, 15, , 3678, 0, 0, 0, , 0, 0, 0, 0, 0, 
423, 1, 428, 422, -1, 208, 291, 22.0, 19, Ealaad, 23640, 0, 0, 0, , 0, 0, 0, 0, 0, 
424, 1, 429, 423, -1, 102, 288, 21.0, 21, Eprpp, 16238, 0, 0, 0, , 0, 0, 0, 0, 0, 
425, 1, 430, 424, -1, 217, 325, 30.0, 15, Dapap, 3932, 0, 0, 0, , 0, 0, 0, 0, 0, 
426, 1, 431, 425, -1, 236, 315, 18.0, 15, Dapaa, 5325, 0, 0, 0, , 0, 0, 0, 0, 0, 
427, 1, 432, 426, -1, 228, 296, 23.0, 15, MSaapaapp, 6207, 0, 0, 0, , 0, 0, 0, 0, 0, 
428, 1, 433, 427, -1, 239, 302, 21.0, 13, MSaapaapa, 4104, 0, 0, 0, , 0, 0, 0, 0, 0, 
429, 1, 434, 428, -1, 192, 204, 31.0, 19, ABarpppapp, 7582, 0, 0, 0, , 0, 0, 0, 0, 0, 
430, 1, 435, 429, -1, 269, 304, 13.0, 15, ABplppaapap, 4042, 0, 0, 0, , 0, 0, 0, 0, 0, 
431, 1, 436, 430, -1, 265, 299, 10.0, 11, ABplppaapaa, 5460, 0, 0, 0, , 0, 0, 0, 0, 0, 
432, 1, 437, 431, -1, 319, 247, 22.0, 15, ABalaaaalal, 3193, 0, 0, 0, , 0, 0, 0, 0, 0, 
433, 0, 438, -1, -1, 287, 185, 30.0, 11, , 2187, 0, 0, 0, , 0, 0, 0, 0, 0, 
434, 1, 439, 433, -1, 325, 175, 21.0, 11, ABarpappaa, 3278, 0, 0, 0, , 0, 0, 0, 0, 0, 
435, 1, 440, 434, -1, 110, 288, 36.0, 19, Cppppaa, 28197, 0, 0, 0, , 0, 0, 0, 0, 0, 
436, 1, 441, 435, -1, 71, 289, 28.0, 15, Cppppap, 5823, 0, 0, 0, , 0, 0, 0, 0, 0, 
437, 1, 442, 436, -1, 97, 275, 14.0, 13, Cpppppv, 3891, 0, 0, 0, , 0, 0, 0, 0, 0, 
438, 1, 443, 437, -1, 309, 189, 29.0, 15, ABarpapaapp, 4484, 0, 0, 0, , 0, 0, 0, 0, 0, 
439, 0, -1, -1, -1, 117, 303, 31.0, 15, , 4755, 0, 0, 0, , 0, 0, 0, 0, 0, 
440, 0, 445, -1, -1, 290, 232, 36.0, 15, , 17343, 0, 0, 0, , 0, 0, 0, 0, 0, 
441, 0, 446, -1, -1, 110, 319, 28.0, 21, , 23666, 0, 0, 0, , 0, 0, 0, 0, 0, 
442, 1, 447, 441, -1, 301, 228, 15.0, 11, ABalpapaapa, 5135, 0, 0, 0, , 0, 0, 0, 0, 0, 
443, 0, 448, -1, -1, 140, 298, 28.0, 13, , 2470, 0, 0, 0, , 0, 0, 0, 0, 0, 
444, 1, 449, 443, -1, 224, 295, 10.0, 15, ABplppapaaa, 7461, 0, 0, 0, , 0, 0, 0, 0, 0, 
445, 1, 450, 444, -1, 333, 242, 24.0, 11, ABalaaaalar, 3567, 0, 0, 0, , 0, 0, 0, 0, 0, 
446, 1, 451, 445, -1, 280, 199, 17.0, 13, ABarappppap, 3647, 0, 0, 0, , 0, 0, 0, 0, 0, 
447, 1, 452, 446, -1, 144, 250, 19.0, 13, MSpappap, 4651, 0, 0, 0, , 0, 0, 0, 0, 0, 
448, 1, 453, 447, -1, 203, 249, 31.0, 17, MSpaapapp, 12253, 0, 0, 0, , 0, 0, 0, 0, 0, 
449, 1, 454, 448, -1, 67, 296, 19.0, 15, Cpppppd, 8620, 0, 0, 0, , 0, 0, 0, 0, 0, 
450, 1, 455, 449, -1, 300, 300, 29.0, 13, ABplapaaaaa, 5075, 0, 0, 0, , 0, 0, 0, 0, 0, 
451, 1, 456, 450, -1, 205, 268, 20.0, 11, MSaappaa, 1912, 0, 0, 0, , 0, 0, 0, 0, 0, 
452, 1, 457, 451, -1, 290, 311, 30.0, 17, ABplapaaaap, 3118, 0, 0, 0, , 0, 0, 0, 0, 0, 
453, 1, 685, 452, -1, 326, 257, 18.0, 13, ABalaaaalpa, 3022, 0, 0, 0, , 0, 0, 0, 0, 0, 
454, 1, 459, 453, -1, 329, 222, 20.0, 11, ABalaaaparr, 2826, 0, 0, 0, , 0, 0, 0, 0, 0, 
455, 1, 460, 454, -1, 340, 225, 18.0, 13, ABalaaaparl, 2252, 0, 0, 0, , 0, 0, 0, 0, 0, 
456, 1, 461, 455, -1, 261, 282, 23.0, 15, ABalpaaappp, 3099, 0, 0, 0, , 0, 0, 0, 0, 0, 
457, 1, 462, 456, -1, 275, 281, 23.0, 17, ABalpaaappa, 6296, 0, 0, 0, , 0, 0, 0, 0, 0, 
458, 0, -1, -1, -1, 205, 293, 20.0, 15, , 8003, 0, 0, 0, , 0, 0, 0, 0, 0, 
459, 1, 464, 458, -1, 228, 238, 14.0, 13, ABprpappapa, 6397, 0, 0, 0, , 0, 0, 0, 0, 0, 
460, 1, 465, 459, -1, 148, 312, 19.0, 23, Z3, 2709, 0, 0, 0, , 0, 0, 0, 0, 0, 
461, 1, 466, 460, -1, 149, 336, 34.0, 19, Cappaap, 5632, 0, 0, 0, , 0, 0, 0, 0, 0, 
462, 1, 467, 461, -1, 275, 241, 18.0, 13, ABarappaapp, 8019, 0, 0, 0, , 0, 0, 0, 0, 0, 
463, 1, 468, 462, -1, 202, 223, 27.0, 13, MSpapappa, 3808, 0, 0, 0, , 0, 0, 0, 0, 0, 
464, 1, 469, 463, -1, 203, 227, 23.0, 15, MSpapaapa, 5312, 0, 0, 0, , 0, 0, 0, 0, 0, 
465, 1, 470, 464, -1, 282, 161, 22.0, 15, ABpraapaapp, 6823, 0, 0, 0, , 0, 0, 0, 0, 0, 
466, 0, 471, -1, -1, 273, 172, 29.0, 13, , 2893, 0, 0, 0, , 0, 0, 0, 0, 0, 
467, 1, 472, 466, -1, 274, 216, 22.0, 13, ABaraaaaapa, 3483, 0, 0, 0, , 0, 0, 0, 0, 0, 
468, 1, 473, 467, -1, 297, 249, 16.0, 13, ABalppapppp, 3959, 0, 0, 0, , 0, 0, 0, 0, 0, 
469, 1, 474, 468, -1, 324, 201, 18.0, 11, ABalaaappll, 2213, 0, 0, 0, , 0, 0, 0, 0, 0, 
470, 1, 475, 469, -1, 110, 261, 33.0, 15, Cppapap, 4869, 0, 0, 0, , 0, 0, 0, 0, 0, 
471, 0, 476, -1, -1, 301, 291, 24.0, 11, , 2857, 0, 0, 0, , 0, 0, 0, 0, 0, 
472, 1, 477, 471, -1, 252, 292, 34.0, 15, MSappppp, 2910, 0, 0, 0, , 0, 0, 0, 0, 0, 
473, 1, 478, 472, -1, 282, 285, 27.0, 15, ABalpaapapp, 6189, 0, 0, 0, , 0, 0, 0, 0, 0, 
474, 1, 479, 473, -1, 119, 341, 16.0, 15, ABplpppaapa, 5127, 0, 0, 0, , 0, 0, 0, 0, 0, 
475, 1, 480, 474, -1, 351, 213, 29.0, 15, ABplaaaapa, 8012, 0, 0, 0, , 0, 0, 0, 0, 0, 
476, 0, 481, -1, -1, 215, 309, 27.0, 19, , 22895, 0, 0, 0, , 0, 0, 0, 0, 0, 
477, 1, 482, 476, -1, 226, 228, 19.0, 15, MSpapaaaa, 5993, 0, 0, 0, , 0, 0, 0, 0, 0, 
478, 1, 483, 477, -1, 193, 227, 15.0, 13, MSpapppaa, 3904, 0, 0, 0, , 0, 0, 0, 0, 0, 
479, 1, 484, 478, -1, 182, 239, 17.0, 13, MSpapppap, 3845, 0, 0, 0, , 0, 0, 0, 0, 0, 
480, 0, 485, -1, -1, 311, 238, 35.0, 14, , 3825, 0, 0, 0, , 0, 0, 0, 0, 0, 
481, 1, 486, 480, -1, 269, 176, 22.0, 13, ABprpaapaaa, 5949, 0, 0, 0, , 0, 0, 0, 0, 0, 
482, 1, 487, 481, -1, 303, 306, 16.0, 11, ABalpppppppp, 2237, 0, 0, 0, , 0, 0, 0, 0, 0, 
483, 1, 716, 482, -1, 98, 306, 10.0, 11, Caapap, 3893, 0, 0, 0, , 0, 0, 0, 0, 0, 
484, 1, 489, 483, -1, 231, 210, 12.0, 13, ABprpaapppa, 4267, 0, 0, 0, , 0, 0, 0, 0, 0, 
485, 1, 490, 484, -1, 162, 295, 29.0, 19, Epraa, 9849, 0, 0, 0, , 0, 0, 0, 0, 0, 
486, 1, 491, 485, -1, 299, 184, 22.0, 11, ABalaappppp, 1130, 0, 0, 0, , 0, 0, 0, 0, 0, 
487, 1, 492, 486, -1, 340, 207, 21.0, 15, ABarpaaaaal, 4190, 0, 0, 0, , 0, 0, 0, 0, 0, 
488, 1, 493, 487, -1, 90, 290, 12.0, 13, ABprppppppa, 5056, 0, 0, 0, , 0, 0, 0, 0, 0, 
489, 1, 494, 488, -1, 214, 192, 34.0, 17, ABarpppapa, 9094, 0, 0, 0, , 0, 0, 0, 0, 0, 
490, 1, 495, 489, -1, 274, 282, 16.0, 17, MSappapp, 5848, 0, 0, 0, , 0, 0, 0, 0, 0, 
491, 1, 496, 490, -1, 91, 231, 20.0, 13, ABarpppppp, 2235, 0, 0, 0, , 0, 0, 0, 0, 0, 
492, 1, 497, 491, -1, 241, 198, 16.0, 11, MSpppapa, 3035, 0, 0, 0, , 0, 0, 0, 0, 0, 
493, 1, 498, 492, -1, 310, 273, 31.0, 15, MSapappa, 3917, 0, 0, 0, , 0, 0, 0, 0, 0, 
494, 1, 499, 493, -1, 308, 200, 33.0, 15, MSppappp, 4965, 0, 0, 0, , 0, 0, 0, 0, 0, 
495, 1, 500, 494, -1, 106, 311, 13.0, 15, Cappppd, 4822, 0, 0, 0, , 0, 0, 0, 0, 0, 
496, 1, 501, 495, -1, 221, 264, 29.0, 15, MSaaaappp, 8292, 0, 0, 0, , 0, 0, 0, 0, 0, 
497, 1, 502, 496, -1, 109, 357, 16.0, 13, ABplapppaap, 4800, 0, 0, 0, , 0, 0, 0, 0, 0, 
498, 1, 503, 497, -1, 136, 265, 21.0, 20, Z2, 4783, 0, 0, 0, , 0, 0, 0, 0, 0, 
499, 1, 504, 498, -1, 328, 264, 30.0, 11, ABplaaaaapa, 3146, 0, 0, 0, , 0, 0, 0, 0, 0, 
500, 1, 505, 499, -1, 195, 242, 19.0, 13, MSpapapap, 4025, 0, 0, 0, , 0, 0, 0, 0, 0, 
501, 1, 506, 500, -1, 110, 320, 29.0, 21, Eplap, 1613, 0, 0, 0, , 0, 0, 0, 0, 0, 
502, 0, 507, -1, -1, 91, 318, 26.0, 13, , 2675, 0, 0, 0, , 0, 0, 0, 0, 0, 
503, 1, 508, 502, -1, 107, 310, 19.0, 15, Eplpp, 6333, 0, 0, 0, , 0, 0, 0, 0, 0, 
504, 0, 509, -1, -1, 325, 272, 16.0, 11, , 5108, 0, 0, 0, , 0, 0, 0, 0, 0, 
505, 1, 510, 504, -1, 145, 345, 22.0, 17, Capaapp, 6798, 0, 0, 0, , 0, 0, 0, 0, 0, 
506, 1, 511, 505, -1, 174, 344, 23.0, 13, Capaapa, 5009, 0, 0, 0, , 0, 0, 0, 0, 0, 
507, 1, 512, 506, -1, 253, 180, 11.0, 17, ABpraappap, 6367, 0, 0, 0, , 0, 0, 0, 0, 0, 
508, 1, 513, 507, -1, 284, 185, 32.0, 15, MSppappa, 4910, 0, 0, 0, , 0, 0, 0, 0, 0, 
509, 1, 514, 508, -1, 243, 246, 18.0, 11, ABalpappppa, 3744, 0, 0, 0, , 0, 0, 0, 0, 0, 
510, 0, 515, -1, -1, 130, 267, 22.0, 11, , 1043, 0, 0, 0, , 0, 0, 0, 0, 0, 
511, 1, 516, 510, -1, 191, 287, 23.0, 17, Ealpa, 7446, 0, 0, 0, , 0, 0, 0, 0, 0, 
512, 0, 517, -1, -1, 208, 281, 29.0, 11, , 1178, 0, 0, 0, , 0, 0, 0, 0, 0, 
513, 1, 518, 512, -1, 240, 165, 16.0, 15, ABpraaappppp, 2724, 0, 0, 0, , 0, 0, 0, 0, 0, 
514, 1, 519, 513, -1, 236, 168, 22.0, 11, ABpraaapppaa, 1199, 0, 0, 0, , 0, 0, 0, 0, 0, 
515, 1, 520, 514, -1, 295, 295, 19.0, 11, ABalpppppaa, 3638, 0, 0, 0, , 0, 0, 0, 0, 0, 
516, 0, 521, -1, -1, 324, 287, 21.0, 14, , 1319, 0, 0, 0, , 0, 0, 0, 0, 0, 
517, 1, 522, 516, -1, 275, 193, 29.0, 15, MSppaaap, 4887, 0, 0, 0, , 0, 0, 0, 0, 0, 
518, 0, 523, -1, -1, 171, 282, 29.0, 11, , 589, 0, 0, 0, , 0, 0, 0, 0, 0, 
519, 1, 524, 518, -1, 218, 259, 18.0, 15, ABarapapapp, 9302, 0, 0, 0, , 0, 0, 0, 0, 0, 
520, 0, 525, -1, -1, 75, 322, 17.0, 17, , 4261, 0, 0, 0, , 0, 0, 0, 0, 0, 
521, 1, 526, 520, -1, 217, 307, 16.0, 13, MSaapppap, 3541, 0, 0, 0, , 0, 0, 0, 0, 0, 
522, 1, 527, 521, -1, 60, 272, 19.0, 13, Caappd, 2804, 0, 0, 0, , 0, 0, 0, 0, 0, 
523, 1, 528, 522, -1, 99, 245, 31.0, 14, Caaapp, 3250, 0, 0, 0, , 0, 0, 0, 0, 0, 
524, 1, 529, 523, -1, 263, 324, 24.0, 13, ABplapaaapa, 5490, 0, 0, 0, , 0, 0, 0, 0, 0, 
525, 1, 530, 524, -1, 241, 225, 22.0, 13, ABarapapppp, 3789, 0, 0, 0, , 0, 0, 0, 0, 0, 
526, 1, 531, 525, -1, 224, 297, 14.0, 11, MSaapppaa, 2254, 0, 0, 0, , 0, 0, 0, 0, 0, 
527, 1, 532, 526, -1, 200, 269, 12.0, 15, ABarappappa, 5133, 0, 0, 0, , 0, 0, 0, 0, 0, 
528, 1, 533, 527, -1, 293, 247, 22.0, 13, ABaraaaaaaa, 4232, 0, 0, 0, , 0, 0, 0, 0, 0, 
529, 1, 534, 528, -1, 172, 297, 25.0, 17, Ealap, 1409, 0, 0, 0, , 0, 0, 0, 0, 0, 
530, 0, 535, -1, -1, 172, 303, 25.0, 17, , 6716, 0, 0, 0, , 0, 0, 0, 0, 0, 
531, 0, 536, -1, -1, 138, 291, 30.0, 17, , 9914, 0, 0, 0, , 0, 0, 0, 0, 0, 
532, 0, 537, -1, -1, 100, 312, 24.0, 19, , 5294, 0, 0, 0, , 0, 0, 0, 0, 0, 
533, 1, 538, 532, -1, 195, 295, 11.0, 17, ABplpaaaapp, 11671, 0, 0, 0, , 0, 0, 0, 0, 0, 
534, 0, 539, -1, -1, 259, 323, 22.0, 13, , 3882, 0, 0, 0, , 0, 0, 0, 0, 0, 
535, 0, 540, -1, -1, 95, 293, 22.0, 21, , 8101, 0, 0, 0, , 0, 0, 0, 0, 0, 
536, 0, 541, -1, -1, 136, 265, 23.0, 21, , 9439, 0, 0, 0, , 0, 0, 0, 0, 0, 
537, 1, 542, 536, -1, 242, 236, 22.0, 13, ABarapappap, 5583, 0, 0, 0, , 0, 0, 0, 0, 0, 
538, 0, 543, -1, -1, 102, 307, 9.0, 15, , 15116, 0, 0, 0, , 0, 0, 0, 0, 0, 
539, 0, 544, -1, -1, 106, 283, 10.0, 9, , 668, 0, 0, 0, , 0, 0, 0, 0, 0, 
540, 0, 545, -1, -1, 268, 199, 13.0, 11, , 2371, 0, 0, 0, , 0, 0, 0, 0, 0, 
541, 0, 546, -1, -1, 233, 249, 24.0, 9, , 1203, 0, 0, 0, , 0, 0, 0, 0, 0, 
542, 1, 547, 541, -1, 113, 306, 16.0, 13, ABprpappppp, 4395, 0, 0, 0, , 0, 0, 0, 0, 0, 
543, 1, 548, 542, -1, 186, 249, 26.0, 15, Earaad, 7338, 0, 0, 0, , 0, 0, 0, 0, 0, 
544, 1, 549, 543, -1, 272, 281, 11.0, 15, ABplpaapppa, 7576, 0, 0, 0, , 0, 0, 0, 0, 0, 
545, 1, 550, 544, -1, 254, 252, 11.0, 17, ABalpapapap, 7939, 0, 0, 0, , 0, 0, 0, 0, 0, 
546, 1, 551, 545, -1, 249, 281, 11.0, 17, ABalpapappp, 10034, 0, 0, 0, , 0, 0, 0, 0, 0, 
547, 1, 552, 546, -1, 100, 294, 26.0, 19, Eprpa, 12819, 0, 0, 0, , 0, 0, 0, 0, 0, 
548, 1, 553, 547, -1, 345, 280, 25.0, 17, ABplaaappa, 3761, 0, 0, 0, , 0, 0, 0, 0, 0, 
549, 1, 554, 548, -1, 310, 226, 32.0, 11, ABalapapapa, 1389, 0, 0, 0, , 0, 0, 0, 0, 0, 
550, 1, 555, 549, -1, 329, 200, 31.0, 9, ABalapppapp, 935, 0, 0, 0, , 0, 0, 0, 0, 0, 
551, 0, 556, -1, -1, 285, 237, 11.0, 11, , 1684, 0, 0, 0, , 0, 0, 0, 0, 0, 
552, 1, 557, 551, -1, 297, 228, 12.0, 13, ABalpapaaap, 4841, 0, 0, 0, , 0, 0, 0, 0, 0, 
553, 1, 558, 552, -1, 233, 208, 17.0, 11, MSpppapp, 3204, 0, 0, 0, , 0, 0, 0, 0, 0, 
554, 0, 559, -1, -1, 304, 291, 22.0, 13, , 2885, 0, 0, 0, , 0, 0, 0, 0, 0, 
555, 0, 560, -1, -1, 233, 320, 23.0, 13, , 1528, 0, 0, 0, , 0, 0, 0, 0, 0, 
556, 1, 561, 555, -1, 280, 222, 29.0, 15, ABaraappaap, 6227, 0, 0, 0, , 0, 0, 0, 0, 0, 
557, 1, 562, 556, -1, 292, 220, 29.0, 14, ABaraappaaa, 4315, 0, 0, 0, , 0, 0, 0, 0, 0, 
558, 0, 563, -1, -1, 259, 327, 16.0, 13, , 3887, 0, 0, 0, , 0, 0, 0, 0, 0, 
559, 0, 564, -1, -1, 153, 313, 18.0, 13, , 1704, 0, 0, 0, , 0, 0, 0, 0, 0, 
560, 1, 565, 559, -1, 283, 306, 22.0, 13, ABalpppppap, 2560, 0, 0, 0, , 0, 0, 0, 0, 0, 
561, 1, 566, 560, -1, 136, 366, 29.0, 11, Cpaapp, 1629, 0, 0, 0, , 0, 0, 0, 0, 0, 
562, 0, 567, -1, -1, 306, 254, 15.0, 15, , 21082, 0, 0, 0, , 0, 0, 0, 0, 0, 
563, 1, 568, 562, -1, 271, 285, 28.0, 11, MSaaapaap, 3154, 0, 0, 0, , 0, 0, 0, 0, 0, 
564, 0, 569, -1, -1, 248, 161, 28.0, 13, , 3573, 0, 0, 0, , 0, 0, 0, 0, 0, 
565, 1, 570, 563, -1, 256, 159, 28.0, 13, ABarpapppp, 3002, 0, 0, 0, , 0, 0, 0, 0, 0, 
566, 0, 571, -1, -1, 101, 363, 26.0, 13, , 823, 0, 0, 0, , 0, 0, 0, 0, 0, 
567, 0, 572, -1, -1, 338, 236, 21.0, 11, , 2928, 0, 0, 0, , 0, 0, 0, 0, 0, 
568, 1, 573, 566, -1, 73, 323, 18.0, 19, Cappppv, 11239, 0, 0, 0, , 0, 0, 0, 0, 0, 
569, 0, 574, -1, -1, 114, 292, 9.0, 14, , 3482, 0, 0, 0, , 0, 0, 0, 0, 0, 
570, 1, 575, 568, -1, 285, 305, 13.0, 13, ABplppaaaaa, 8326, 0, 0, 0, , 0, 0, 0, 0, 0, 
571, 1, 576, 569, -1, 304, 177, 14.0, 11, ABalaappaa, 2742, 0, 0, 0, , 0, 0, 0, 0, 0, 
572, 1, 577, 570, -1, 249, 224, 18.0, 15, ABarapaaaap, 16167, 0, 0, 0, , 0, 0, 0, 0, 0, 
573, 1, 578, 571, -1, 289, 221, 25.0, 11, ABaraaaapap, 2724, 0, 0, 0, , 0, 0, 0, 0, 0, 
574, 1, 579, 572, -1, 251, 209, 30.0, 17, ABaraaapapa, 3613, 0, 0, 0, , 0, 0, 0, 0, 0, 
575, 1, 580, 573, -1, 176, 272, 25.0, 17, Earpa, 7168, 0, 0, 0, , 0, 0, 0, 0, 0, 
576, 1, 581, 574, -1, 216, 241, 30.0, 13, MSpaapapa, 3057, 0, 0, 0, , 0, 0, 0, 0, 0, 
577, 1, 582, 575, -1, 304, 240, 18.0, 13, ABalpapaaaa, 6588, 0, 0, 0, , 0, 0, 0, 0, 0, 
578, 0, 583, -1, -1, 65, 263, 20.0, 13, , 2427, 0, 0, 0, , 0, 0, 0, 0, 0, 
579, 0, 584, -1, -1, 222, 216, 27.0, 19, , 25029, 0, 0, 0, , 0, 0, 0, 0, 0, 
580, 1, 585, 578, -1, 308, 167, 26.0, 13, ABarpappap, 751, 0, 0, 0, , 0, 0, 0, 0, 0, 
581, 1, 586, 579, -1, 256, 180, 33.0, 15, ABarpppaaa, 4652, 0, 0, 0, , 0, 0, 0, 0, 0, 
582, 0, 587, -1, -1, 92, 300, 28.0, 11, , 858, 0, 0, 0, , 0, 0, 0, 0, 0, 
583, 0, 589, -1, -1, 154, 311, 28.0, 17, , 8360, 0, 0, 0, , 0, 0, 0, 0, 0, 
584, 1, 590, 582, -1, 330, 256, 21.0, 11, ABalapaappp, 2270, 0, 0, 0, , 0, 0, 0, 0, 0, 
585, 0, 591, -1, -1, 76, 255, 24.0, 19, , 12702, 0, 0, 0, , 0, 0, 0, 0, 0, 
586, 1, 592, 584, -1, 259, 178, 31.0, 13, ABalappapap, 3719, 0, 0, 0, , 0, 0, 0, 0, 0, 
587, 1, 593, 585, -1, 297, 283, 10.0, 17, ABplaappap, 7032, 0, 0, 0, , 0, 0, 0, 0, 0, 
588, 0, 594, -1, -1, 234, 189, 9.0, 9, , 2411, 0, 0, 0, , 0, 0, 0, 0, 0, 
589, 1, 595, 587, -1, 315, 293, 25.0, 13, ABalpppapppp, 3031, 0, 0, 0, , 0, 0, 0, 0, 0, 
590, 1, 596, 588, -1, 216, 277, 13.0, 11, ABplppaappa, 5582, 0, 0, 0, , 0, 0, 0, 0, 0, 
591, 1, 597, 589, -1, 272, 283, 35.0, 19, ABarppaapa, 10180, 0, 0, 0, , 0, 0, 0, 0, 0, 
592, 1, 598, 590, -1, 233, 205, 10.0, 15, ABpraapppa, 3998, 0, 0, 0, , 0, 0, 0, 0, 0, 
593, 0, 599, -1, -1, 187, 284, 22.0, 21, , 7417, 0, 0, 0, , 0, 0, 0, 0, 0, 
594, 1, 600, 592, -1, 249, 160, 19.0, 13, ABpraaappppa, 2805, 0, 0, 0, , 0, 0, 0, 0, 0, 
595, 1, 601, 593, -1, 106, 367, 25.0, 17, Cpapap, 3678, 0, 0, 0, , 0, 0, 0, 0, 0, 
596, 1, 602, 594, -1, 233, 256, 11.0, 15, ABplpaaaapa, 7270, 0, 0, 0, , 0, 0, 0, 0, 0, 
597, 1, 677, 691, -1, 306, 261, 12.0, 11, ABalppaappp, 1324, 0, 0, 0, , 0, 0, 0, 0, 0, 
598, 1, 604, 596, -1, 253, 281, 25.0, 14, ABaraapapaa, 4411, 0, 0, 0, , 0, 0, 0, 0, 0, 
599, 0, 605, -1, -1, 320, 244, 34.0, 11, , 1799, 0, 0, 0, , 0, 0, 0, 0, 0, 
600, 1, 606, 598, -1, 92, 249, 13.0, 13, ABprpppaapp, 4698, 0, 0, 0, , 0, 0, 0, 0, 0, 
601, 1, 607, 599, -1, 143, 305, 12.0, 13, ABplppppapa, 6474, 0, 0, 0, , 0, 0, 0, 0, 0, 
602, 1, 608, 600, -1, 194, 247, 12.0, 13, ABprpapppap, 5434, 0, 0, 0, , 0, 0, 0, 0, 0, 
603, 1, 609, 601, -1, 294, 280, 19.0, 15, MSapapap, 3958, 0, 0, 0, , 0, 0, 0, 0, 0, 
604, 0, 610, -1, -1, 247, 154, 23.0, 11, , 1987, 0, 0, 0, , 0, 0, 0, 0, 0, 
605, 0, 611, -1, -1, 112, 325, 29.0, 17, , 5828, 0, 0, 0, , 0, 0, 0, 0, 0, 
606, 1, 612, 604, -1, 201, 283, 28.0, 13, Earaav, 3047, 0, 0, 0, , 0, 0, 0, 0, 0, 
607, 1, 613, 605, -1, 270, 193, 15.0, 15, ABprpaaappa, 1715, 0, 0, 0, , 0, 0, 0, 0, 0, 
608, 1, 614, 606, -1, 246, 186, 36.0, 17, ABarpaappp, 4454, 0, 0, 0, , 0, 0, 0, 0, 0, 
609, 1, 615, 607, -1, 269, 295, 20.0, 9, MSapppaa, 1765, 0, 0, 0, , 0, 0, 0, 0, 0, 
610, 0, 616, -1, -1, 218, 249, 13.0, 9, , 1917, 0, 0, 0, , 0, 0, 0, 0, 0, 
611, 0, 617, -1, -1, 244, 329, 16.0, 15, , 2415, 0, 0, 0, , 0, 0, 0, 0, 0, 
612, 1, 618, 610, -1, 296, 241, 24.0, 15, ABalpaapaaa, 5557, 0, 0, 0, , 0, 0, 0, 0, 0, 
613, 0, 619, -1, -1, 198, 272, 26.0, 11, , 2278, 0, 0, 0, , 0, 0, 0, 0, 0, 
614, 0, 620, -1, -1, 132, 320, 29.0, 15, , 4051, 0, 0, 0, , 0, 0, 0, 0, 0, 
615, 0, 621, -1, -1, 323, 226, 33.0, 11, , 3178, 0, 0, 0, , 0, 0, 0, 0, 0, 
616, 0, 622, -1, -1, 321, 245, 36.0, 15, , 2178, 0, 0, 0, , 0, 0, 0, 0, 0, 
617, 1, 623, 615, -1, 230, 169, 27.0, 17, ABpraapappp, 8004, 0, 0, 0, , 0, 0, 0, 0, 0, 
618, 0, 624, -1, -1, 273, 318, 14.0, 15, , 2895, 0, 0, 0, , 0, 0, 0, 0, 0, 
619, 1, 625, 617, -1, 246, 326, 14.0, 19, ABplaapppp, 16581, 0, 0, 0, , 0, 0, 0, 0, 0, 
620, 1, 626, 618, -1, 271, 220, 33.0, 13, MSpaaaapa, 1837, 0, 0, 0, , 0, 0, 0, 0, 0, 
621, 0, 627, -1, -1, 159, 300, 31.0, 15, , 3478, 0, 0, 0, , 0, 0, 0, 0, 0, 
622, 1, 628, 620, -1, 151, 316, 30.0, 21, Eplaa, 3863, 0, 0, 0, , 0, 0, 0, 0, 0, 
623, 0, 629, -1, -1, 287, 180, 21.0, 9, , 589, 0, 0, 0, , 0, 0, 0, 0, 0, 
624, 1, 630, 622, -1, 334, 255, 23.0, 9, ABalppppapp, 929, 0, 0, 0, , 0, 0, 0, 0, 0, 
625, 1, 31, 623, -1, 245, 204, 27.0, 13, ABarapaappa, 10863, 0, 0, 0, , 0, 0, 0, 0, 0, 
626, 0, 632, -1, -1, 305, 164, 26.0, 13, , 1558, 0, 0, 0, , 0, 0, 0, 0, 0, 
627, 1, 633, 625, -1, 211, 311, 34.0, 15, Dappap, 2320, 0, 0, 0, , 0, 0, 0, 0, 0, 
628, 1, 634, 626, -1, 232, 248, 21.0, 11, ABarapapaaa, 6605, 0, 0, 0, , 0, 0, 0, 0, 0, 
629, 0, 635, -1, -1, 185, 249, 25.0, 14, , 4688, 0, 0, 0, , 0, 0, 0, 0, 0, 
630, 0, 636, -1, -1, 323, 225, 25.0, 9, , 1558, 0, 0, 0, , 0, 0, 0, 0, 0, 
631, 1, 637, 629, -1, 347, 240, 29.0, 11, ABplaaaaaap, 3772, 0, 0, 0, , 0, 0, 0, 0, 0, 
632, 0, 638, -1, -1, 93, 292, 21.0, 13, , 2123, 0, 0, 0, , 0, 0, 0, 0, 0, 
633, 0, 639, -1, -1, 265, 216, 32.0, 14, , 3723, 0, 0, 0, , 0, 0, 0, 0, 0, 
634, 1, 640, 632, -1, 183, 292, 28.0, 15, Earap, 6579, 0, 0, 0, , 0, 0, 0, 0, 0, 
635, 1, 234, 633, -1, 324, 199, 27.0, 15, ABarpapaaaa, 2877, 0, 0, 0, , 0, 0, 0, 0, 0, 
636, 0, 642, -1, -1, 268, 177, 27.0, 11, , 2007, 0, 0, 0, , 0, 0, 0, 0, 0, 
637, 1, 643, 635, -1, 273, 285, 9.0, 17, ABplaapppa, 3180, 0, 0, 0, , 0, 0, 0, 0, 0, 
638, 0, 644, -1, -1, 149, 309, 19.0, 17, , 14202, 0, 0, 0, , 0, 0, 0, 0, 0, 
639, 0, 645, -1, -1, 309, 166, 27.0, 19, , 2327, 0, 0, 0, , 0, 0, 0, 0, 0, 
640, 0, 646, -1, -1, 187, 250, 28.0, 17, , 9436, 0, 0, 0, , 0, 0, 0, 0, 0, 
641, 0, 647, -1, -1, 117, 298, 28.0, 17, , 5666, 0, 0, 0, , 0, 0, 0, 0, 0, 
642, 1, 648, 640, -1, 174, 325, 33.0, 13, Dapppp, 3886, 0, 0, 0, , 0, 0, 0, 0, 0, 
643, 1, 649, 641, -1, 298, 275, 14.0, 17, ABplpaaappp, 6890, 0, 0, 0, , 0, 0, 0, 0, 0, 
644, 1, 246, 642, -1, 271, 171, 23.0, 13, ABpraaapaav, 4451, 0, 0, 0, , 0, 0, 0, 0, 0, 
645, 0, 652, -1, -1, 331, 286, 22.0, 11, , 1487, 0, 0, 0, , 0, 0, 0, 0, 0, 
646, 1, 653, 644, -1, 294, 237, 36.0, 21, ABarpaappa, 10359, 0, 0, 0, , 0, 0, 0, 0, 0, 
647, 0, 654, -1, -1, 168, 299, 23.0, 14, , 3617, 0, 0, 0, , 0, 0, 0, 0, 0, 
648, 0, 655, -1, -1, 304, 267, 16.0, 15, , 1947, 0, 0, 0, , 0, 0, 0, 0, 0, 
649, 0, 656, -1, -1, 77, 241, 22.0, 11, , 712, 0, 0, 0, , 0, 0, 0, 0, 0, 
650, 1, 657, 648, -1, 232, 217, 23.0, 17, ABarapaappp, 6465, 0, 0, 0, , 0, 0, 0, 0, 0, 
651, 1, 658, 649, -1, 230, 339, 31.0, 11, Caaaaa, 731, 0, 0, 0, , 0, 0, 0, 0, 0, 
652, 0, 659, -1, -1, 171, 346, 34.0, 15, , 1373, 0, 0, 0, , 0, 0, 0, 0, 0, 
653, 0, 660, -1, -1, 326, 273, 18.0, 13, , 2324, 0, 0, 0, , 0, 0, 0, 0, 0, 
654, 1, 661, 652, -1, 310, 288, 19.0, 11, ABalapaapaa, 2895, 0, 0, 0, , 0, 0, 0, 0, 0, 
655, 0, 662, -1, -1, 253, 205, 18.0, 11, , 1770, 0, 0, 0, , 0, 0, 0, 0, 0, 
656, 1, 663, 654, -1, 346, 269, 22.0, 13, ABalapaapap, 3449, 0, 0, 0, , 0, 0, 0, 0, 0, 
657, 0, 664, -1, -1, 190, 264, 24.0, 11, , 666, 0, 0, 0, , 0, 0, 0, 0, 0, 
658, 1, 665, 656, -1, 274, 213, 30.0, 15, ABaraappapa, 8922, 0, 0, 0, , 0, 0, 0, 0, 0, 
659, 1, 180, 657, -1, 95, 340, 15.0, 15, ABplapapppp, 5185, 0, 0, 0, , 0, 0, 0, 0, 0, 
660, 0, -1, -1, -1, 315, 184, 13.0, 11, , 1857, 0, 0, 0, , 0, 0, 0, 0, 0, 
661, 1, 669, 659, -1, 230, 255, 19.0, 14, ABarapapppa, 3927, 0, 0, 0, , 0, 0, 0, 0, 0, 
662, 1, 689, 660, -1, 265, 219, 20.0, 15, ABarapaaaaa, 9201, 0, 0, 0, , 0, 0, 0, 0, 0, 
663, 0, -1, -1, -1, 327, 210, 26.0, 11, , 1117, 0, 0, 0, , 0, 0, 0, 0, 0, 
664, 0, -1, -1, -1, 142, 366, 28.0, 19, , 2635, 0, 0, 0, , 0, 0, 0, 0, 0, 
665, 0, -1, -1, -1, 87, 264, 28.0, 13, , 3800, 0, 0, 0, , 0, 0, 0, 0, 0, 
666, 0, -1, -1, -1, 299, 304, 31.0, 15, , 2424, 0, 0, 0, , 0, 0, 0, 0, 0, 
667, 0, 667, -1, -1, 339, 219, 28.0, 15, , 0, 0, 0, 0, , 0, 0, 0, 0, 0, 
668, 1, 668, 671, -1, 209, 335, 34.0, 20, Cpaaap, 0, 0, 0, 0, , 0, 0, 0, 0, 0, 
669, 1, 670, 673, -1, 168, 257, 33.0, 13, Dppppp, 0, 0, 0, 0, , 0, 0, 0, 0, 0, 
670, 1, 671, 674, -1, 122, 241, 33.0, 16, Caaapa, 1852, 0, 0, 0, , 0, 0, 0, 0, 0, 
671, 0, 672, -1, -1, 117, 305, 33.0, 15, , 0, 0, 0, 0, , 0, 0, 0, 0, 0, 
672, 1, 673, 676, -1, 248, 309, 34.0, 15, Cpaaaa, 0, 0, 0, 0, , 0, 0, 0, 0, 0, 
673, 1, 674, 677, -1, 155, 230, 33.0, 15, Caaaap, 0, 0, 0, 0, , 0, 0, 0, 0, 0, 
674, 1, 675, 678, -1, 293, 199, 13.0, 13, ABprpaaapaa, 6173, 0, 0, 0, , 0, 0, 0, 0, 0, 
675, 1, 676, 679, -1, 290, 216, 19.0, 15, ABaraaappap, 3286, 0, 0, 0, , 0, 0, 0, 0, 0, 
676, 0, 678, -1, -1, 259, 261, 22.631578, 15, , 5338, 0, 0, 0, , 0, 0, 0, 0, 0, 
677, 0, 679, -1, -1, 278, 174, 28.666666, 12, , 1469, 0, 0, 0, , 0, 0, 0, 0, 0, 
678, 1, 680, 682, -1, 310, 215, 31.0, 10, ABalapppapa, 1235, 0, 0, 0, , 0, 0, 0, 0, 0, 
679, 0, 681, -1, -1, 325, 221, 24.0, 12, , 485, 0, 0, 0, , 0, 0, 0, 0, 0, 
680, 1, 682, 683, -1, 310, 175, 23.0, 15, ABalappappp, 0, 0, 0, 0, , 0, 0, 0, 0, 0, 
681, 1, 80, 684, -1, 330, 270, 26.0, 13, ABalppppapa, 1594, 0, 0, 0, , 0, 0, 0, 0, 0, 
682, 1, 683, 666, -1, 347, 256, 25.0, 14, ABalapaaapp, 1746, 0, 0, 0, , 0, 0, 0, 0, 0, 
683, 1, 684, 25, -1, 287, 220, 12.25, 12, ABalaapappa, 0, 0, 0, 0, , 0, 0, 0, 0, 0, 
684, 1, 97, 93, -1, 306, 179, 16.5, 13, ABalaaapprl, 4762, 0, 0, 0, , 0, 0, 0, 0, 0, 
685, 1, 603, 685, -1, 308, 258, 10.0, 15, ABplpaapapp, 6213, 0, 0, 0, , 0, 0, 0, 0, 0, 
686, 1, 686, 692, -1, 311, 267, 14.0, 15, ABplpaaappa, 0, 0, 0, 0, , 0, 0, 0, 0, 0, 
687, 1, 687, 687, -1, 77, 291, 13.0, 13, ABprppppppp, 1711, 0, 0, 0, , 0, 0, 0, 0, 0, 
688, 1, 688, 688, -1, 218, 229, 12.0, 13, ABprpapapap, 0, 0, 0, 0, , 0, 0, 0, 0, 0, 
689, 1, 690, 693, -1, 304, 253, 14.0, 13, ABplpaaapaa, 0, 0, 0, 0, , 0, 0, 0, 0, 0, 
690, 1, 691, 695, -1, 215, 309, 28.0, 13, Ealaav, 0, 0, 0, 0, , 0, 0, 0, 0, 0, 
691, 1, 692, 696, -1, 331, 285, 21.0, 15, ABalpppapppa, 0, 0, 0, 0, , 0, 0, 0, 0, 0, 
692, 1, 693, 697, -1, 115, 296, 10.0, 15, ABplpppapap, 0, 0, 0, 0, , 0, 0, 0, 0, 0, 
693, 1, 694, 698, -1, 320, 269, 18.0, 13, ABalppaaapa, 0, 0, 0, 0, , 0, 0, 0, 0, 0, 
694, 1, 695, 699, -1, 280, 185, 17.0, 13, ABalaappapa, 0, 0, 0, 0, , 0, 0, 0, 0, 0, 
695, 1, 696, 700, -1, 329, 234, 18.0, 13, ABalaaaarla, 0, 0, 0, 0, , 0, 0, 0, 0, 0, 
696, 1, 697, 701, -1, 99, 289, 14.0, 13, Caapaa, 0, 0, 0, 0, , 0, 0, 0, 0, 0, 
697, 1, 698, 702, -1, 238, 285, 30.5, 13, MSaaapapa, 0, 0, 0, 0, , 0, 0, 0, 0, 0, 
698, 1, 699, 703, -1, 256, 326, 17.0, 16, ABplppaaaap, 0, 0, 0, 0, , 0, 0, 0, 0, 0, 
699, 1, 700, 704, -1, 218, 264, 14.0, 15, ABplpappaap, 0, 0, 0, 0, , 0, 0, 0, 0, 0, 
700, 1, 701, 705, -1, 224, 222, 26.0, 13, ABaraapppaa, 0, 0, 0, 0, , 0, 0, 0, 0, 0, 
701, 1, 702, 707, -1, 288, 252, 26.0, 13, ABalpaapaap, 0, 0, 0, 0, , 0, 0, 0, 0, 0, 
702, 1, 703, 708, -1, 290, 234, 19.0, 13, ABalpaappap, 0, 0, 0, 0, , 0, 0, 0, 0, 0, 
703, 1, 704, 709, -1, 336, 236, 21.0, 13, ABalapaaapa, 0, 0, 0, 0, , 0, 0, 0, 0, 0, 
704, 1, 705, 710, -1, 285, 182, 22.0, 13, ABalaappppa, 0, 0, 0, 0, , 0, 0, 0, 0, 0, 
705, 1, 706, 711, -1, 296, 184, 15.0, 13, ABalaappapp, 0, 0, 0, 0, , 0, 0, 0, 0, 0, 
706, 1, 707, 712, -1, 288, 202, 20.0, 13, ABarapppaaa, 0, 0, 0, 0, , 0, 0, 0, 0, 0, 
707, 1, 708, 713, -1, 334, 230, 30.0, 11, ABalapapapp, 0, 0, 0, 0, , 0, 0, 0, 0, 0, 
708, 1, 709, 714, -1, 296, 185, 28.0, 13, ABalapppppp, 0, 0, 0, 0, , 0, 0, 0, 0, 0, 
709, 1, 710, 715, -1, 310, 258, 17.0, 13, ABalppappap, 0, 0, 0, 0, , 0, 0, 0, 0, 0, 
710, 0, 711, -1, -1, 283, 284, 10.35955, 12, , 0, 0, 0, 0, , 0, 0, 0, 0, 0, 
711, 1, 712, 717, -1, 272, 198, 13.0, 13, ABalaapappp, 0, 0, 0, 0, , 0, 0, 0, 0, 0, 
712, 1, 713, 718, -1, 320, 230, 24.333334, 15, ABalapappaa, 0, 0, 0, 0, , 0, 0, 0, 0, 0, 
713, 1, 714, 719, -1, 273, 230, 18.0, 13, ABarapapapa, 0, 0, 0, 0, , 0, 0, 0, 0, 0, 
714, 1, 715, 720, -1, 118, 300, 27.25, 19, Eprap, 0, 0, 0, 0, , 0, 0, 0, 0, 0, 
715, 1, 717, 722, -1, 253, 208, 17.0, 13, MSppaaaav, 0, 0, 0, 0, , 0, 0, 0, 0, 0, 
716, 1, 718, 723, -1, 212, 199, 10.166667, 13, ABprppaapaa, 0, 0, 0, 0, , 0, 0, 0, 0, 0, 
717, 0, 719, -1, -1, 338, 218, 29.0, 15, , 0, 0, 0, 0, , 0, 0, 0, 0, 0, 
718, 1, 720, 725, -1, 286, 186, 30.0, 13, ABarpapaapa, 0, 0, 0, 0, , 0, 0, 0, 0, 0, 
719, 1, 721, 553, -1, 305, 291, 22.75, 11, ABalppppaad, 3732, 0, 0, 0, , 0, 0, 0, 0, 0, 
720, 1, 722, 470, -1, 302, 291, 25.0, 12, ABalppppaav, 173, 0, 0, 0, , 0, 0, 0, 0, 0, 
721, 0, 723, -1, -1, 311, 230, 12.0, 13, , 0, 0, 0, 0, , 0, 0, 0, 0, 0, 
722, 1, 724, 727, -1, 259, 262, 21.0, 15, ABalpappppp, 0, 0, 0, 0, , 0, 0, 0, 0, 0, 
723, 0, 725, -1, -1, 283, 179, 26.454546, 13, , 0, 0, 0, 0, , 0, 0, 0, 0, 0, 
724, 0, 725, -1, -1, 283, 179, 26.863636, 13, , 0, 0, 0, 0, , 0, 0, 0, 0, 0, 
725, 0, 726, -1, -1, 163, 318, 35.666668, 15, , 0, 0, 0, 0, , 0, 0, 0, 0, 0, 
726, 1, 727, 731, -1, 170, 342, 35.0, 15, Cpaapa, 0, 0, 0, 0, , 0, 0, 0, 0, 0, 
727, 1, 728, 732, -1, 316, 243, 34.5, 15, ABarpaapap, 0, 0, 0, 0, , 0, 0, 0, 0, 0, 
728, 0, 729, -1, -1, 290, 296, 9.928572, 13, , 0, 0, 0, 0, , 0, 0, 0, 0, 0, 
729, 1, 730, 734, -1, 267, 179, 27.0, 13, ABalappapaa, 0, 0, 0, 0, , 0, 0, 0, 0, 0, 
730, 1, 731, 735, -1, 321, 191, 25.0, 13, ABalappppap, 0, 0, 0, 0, , 0, 0, 0, 0, 0, 
731, 0, 732, -1, -1, 289, 201, 18.0, 13, , 0, 0, 0, 0, , 0, 0, 0, 0, 0, 
732, 1, 725, 737, -1, 273, 174, 28.925, 13, ABalapppppa, 0, 0, 0, 0, , 0, 0, 0, 0, 0, 
733, 1, 733, 738, -1, 308, 178, 25.0, 11, ABalappappa, 0, 0, 0, 0, , 0, 0, 0, 0, 0, 
734, 1, 734, 739, -1, 281, 266, 17.0, 15, MSapaaaav, 0, 0, 0, 0, , 0, 0, 0, 0, 0, 
735, 1, 735, 740, -1, 299, 202, 23.0, 13, ABalaapaaar, 0, 0, 0, 0, , 0, 0, 0, 0, 0, 
736, 1, 736, 741, -1, 307, 201, 26.0, 13, ABalappppaa, 0, 0, 0, 0, , 0, 0, 0, 0, 0, 
737, 1, 737, 742, -1, 336, 227, 24.0, 13, ABalapappap, 0, 0, 0, 0, , 0, 0, 0, 0, 0, 
