1, 1, 1, 1, -1, 274, 212, 27.0, 15, ABaraaapaap, 3392, 0, 0, 0, , 0, 0, 0, 0, 0, 
2, 1, 2, 2, -1, 234, 210, 28.0, 13, ABaraaapapp, 4410, 0, 0, 0, , 0, 0, 0, 0, 0, 
3, 1, 3, 3, -1, 215, 222, 21.0, 13, ABaraappppp, 2763, 0, 0, 0, , 0, 0, 0, 0, 0, 
4, 1, 4, 4, -1, 252, 294, 23.0, 15, ABaraapappa, 7100, 0, 0, 0, , 0, 0, 0, 0, 0, 
5, 1, 5, 5, -1, 249, 282, 20.0, 15, ABaraapappp, 7394, 0, 0, 0, , 0, 0, 0, 0, 0, 
6, 1, 6, 6, -1, 256, 296, 29.0, 15, ABaraapapap, 8501, 0, 0, 0, , 0, 0, 0, 0, 0, 
7, 1, 7, 7, -1, 296, 232, 28.0, 15, ABaraapaaaa, 6321, 0, 0, 0, , 0, 0, 0, 0, 0, 
8, 1, 8, 8, -1, 296, 246, 29.0, 15, ABaraapaaap, 7570, 0, 0, 0, , 0, 0, 0, 0, 0, 
9, 1, 9, 9, -1, 278, 269, 32.0, 13, MSaaaaapp, 4537, 0, 0, 0, , 0, 0, 0, 0, 0, 
10, 1, 10, 10, -1, 296, 252, 30.0, 17, ABaraapaapa, 10338, 0, 0, 0, , 0, 0, 0, 0, 0, 
11, 1, 11, 11, -1, 293, 220, 22.0, 13, ABaraaappaa, 4060, 0, 0, 0, , 0, 0, 0, 0, 0, 
12, 1, 12, 12, -1, 308, 212, 19.0, 13, ABaraaapppa, 3040, 0, 0, 0, , 0, 0, 0, 0, 0, 
13, 1, 13, 13, -1, 305, 203, 21.0, 13, ABaraaapppp, 4229, 0, 0, 0, , 0, 0, 0, 0, 0, 
14, 1, 14, 14, -1, 281, 217, 25.0, 13, ABaraaapaaa, 5329, 0, 0, 0, , 0, 0, 0, 0, 0, 
15, 1, 15, 15, -1, 231, 223, 30.0, 15, ABaraappapp, 7258, 0, 0, 0, , 0, 0, 0, 0, 0, 
16, 1, 16, 16, -1, 287, 263, 23.0, 13, ABaraaaaaap, 2976, 0, 0, 0, , 0, 0, 0, 0, 0, 
17, 1, 17, 17, -1, 265, 217, 23.0, 15, ABaraaaaapp, 3183, 0, 0, 0, , 0, 0, 0, 0, 0, 
18, 1, 18, 18, -1, 270, 254, 26.0, 15, ABaraaaapp, 11860, 0, 0, 0, , 0, 0, 0, 0, 0, 
19, 1, 19, 19, -1, 291, 234, 24.0, 11, ABaraaaapaa, 2758, 0, 0, 0, , 0, 0, 0, 0, 0, 
20, 1, 20, 20, -1, 206, 261, 19.0, 15, ABalpappapp, 4965, 0, 0, 0, , 0, 0, 0, 0, 0, 
21, 1, 21, 21, -1, 266, 240, 18.0, 15, ABalpappapa, 5396, 0, 0, 0, , 0, 0, 0, 0, 0, 
22, 1, 22, 22, -1, 247, 207, 21.0, 19, ABarapapaap, 7171, 0, 0, 0, , 0, 0, 0, 0, 0, 
23, 1, 23, 23, -1, 253, 241, 13.0, 13, ABprpappaap, 3957, 0, 0, 0, , 0, 0, 0, 0, 0, 
24, 1, 24, 24, -1, 242, 203, 24.0, 15, ABarapappaa, 7270, 0, 0, 0, , 0, 0, 0, 0, 0, 
25, 1, 25, 25, -1, 285, 223, 11.0, 11, ABalaapappa, 1740, 0, 0, 0, , 0, 0, 0, 0, 0, 
26, 1, 26, 26, -1, 267, 237, 20.0, 11, ABarapaaapp, 6273, 0, 0, 0, , 0, 0, 0, 0, 0, 
27, 1, 27, 27, -1, 262, 219, 20.0, 15, ABarapaaapa, 11225, 0, 0, 0, , 0, 0, 0, 0, 0, 
28, 1, 28, 28, -1, 259, 204, 26.0, 15, ABarapaapap, 8660, 0, 0, 0, , 0, 0, 0, 0, 0, 
29, 1, 29, 29, -1, 254, 226, 27.0, 13, ABarapaapaa, 6654, 0, 0, 0, , 0, 0, 0, 0, 0, 
30, 1, 30, 30, -1, 269, 219, 11.0, 13, ABarapppapa, 5156, 0, 0, 0, , 0, 0, 0, 0, 0, 
31, 1, 31, 31, -1, 298, 209, 11.0, 13, ABarapppapp, 6801, 0, 0, 0, , 0, 0, 0, 0, 0, 
32, 1, 32, 32, -1, 285, 200, 20.0, 13, ABalaapaaal, 7965, 0, 0, 0, , 0, 0, 0, 0, 0, 
33, 1, 33, 33, -1, 302, 210, 14.0, 13, ABarapppaap, 5194, 0, 0, 0, , 0, 0, 0, 0, 0, 
34, 0, 34, -1, -1, 277, 181, 18.0, 9, , 683, 0, 0, 0, , 0, 0, 0, 0, 0, 
35, 1, 35, 34, -1, 263, 175, 18.0, 13, ABalaapppap, 2595, 0, 0, 0, , 0, 0, 0, 0, 0, 
36, 1, 36, 35, -1, 281, 212, 12.0, 11, ABarapppppa, 2609, 0, 0, 0, , 0, 0, 0, 0, 0, 
37, 1, 37, 36, -1, 281, 208, 15.0, 14, ABarapppppp, 6206, 0, 0, 0, , 0, 0, 0, 0, 0, 
38, 1, 38, 37, -1, 290, 212, 17.0, 13, ABarappaaaa, 7328, 0, 0, 0, , 0, 0, 0, 0, 0, 
39, 1, 39, 38, -1, 288, 228, 15.0, 17, ABarappaapa, 5067, 0, 0, 0, , 0, 0, 0, 0, 0, 
40, 1, 40, 39, -1, 245, 221, 10.0, 17, ABarappapap, 8635, 0, 0, 0, , 0, 0, 0, 0, 0, 
41, 1, 41, 40, -1, 263, 229, 13.0, 13, ABarappapaa, 6534, 0, 0, 0, , 0, 0, 0, 0, 0, 
42, 1, 42, 41, -1, 224, 212, 11.0, 15, ABarappappp, 6358, 0, 0, 0, , 0, 0, 0, 0, 0, 
43, 1, 43, 42, -1, 212, 233, 11.0, 13, ABprpapappa, 4377, 0, 0, 0, , 0, 0, 0, 0, 0, 
44, 1, 44, 43, -1, 284, 160, 26.0, 15, ABarpapppa, 5587, 0, 0, 0, , 0, 0, 0, 0, 0, 
45, 0, 45, -1, -1, 296, 180, 29.0, 13, , 1861, 0, 0, 0, , 0, 0, 0, 0, 0, 
46, 0, 46, -1, -1, 312, 187, 30.0, 13, , 3826, 0, 0, 0, , 0, 0, 0, 0, 0, 
47, 1, 47, 46, -1, 351, 194, 23.0, 13, ABarpapapa, 7316, 0, 0, 0, , 0, 0, 0, 0, 0, 
48, 1, 48, 47, -1, 339, 191, 32.0, 15, ABarpaapaa, 5920, 0, 0, 0, , 0, 0, 0, 0, 0, 
49, 1, 49, 48, -1, 349, 210, 23.0, 11, ABarpaaaaar, 3137, 0, 0, 0, , 0, 0, 0, 0, 0, 
50, 1, 50, 49, -1, 345, 214, 26.0, 11, ABarpaaaapa, 3807, 0, 0, 0, , 0, 0, 0, 0, 0, 
51, 1, 51, 50, -1, 345, 188, 28.0, 13, ABarpaaapp, 5908, 0, 0, 0, , 0, 0, 0, 0, 0, 
52, 1, 52, 51, -1, 333, 204, 26.0, 11, ABarpaaapaa, 3553, 0, 0, 0, , 0, 0, 0, 0, 0, 
53, 1, 53, 52, -1, 334, 182, 26.0, 13, ABarpaaapap, 3130, 0, 0, 0, , 0, 0, 0, 0, 0, 
54, 1, 54, 53, -1, 287, 327, 24.0, 15, ABarppaaap, 5705, 0, 0, 0, , 0, 0, 0, 0, 0, 
55, 1, 55, 54, -1, 256, 326, 27.0, 17, ABarppaapp, 6812, 0, 0, 0, , 0, 0, 0, 0, 0, 
56, 1, 56, 55, -1, 172, 359, 25.0, 15, ABarppappa, 5790, 0, 0, 0, , 0, 0, 0, 0, 0, 
57, 1, 57, 687, -1, 121, 365, 19.0, 13, ABarppappp, 3699, 0, 0, 0, , 0, 0, 0, 0, 0, 
58, 1, 58, 56, -1, 236, 343, 25.0, 17, ABarppapap, 11017, 0, 0, 0, , 0, 0, 0, 0, 0, 
59, 1, 59, 57, -1, 262, 338, 23.0, 15, ABarppapaa, 2958, 0, 0, 0, , 0, 0, 0, 0, 0, 
60, 1, 60, 58, -1, 127, 225, 28.0, 17, ABarpppppa, 5591, 0, 0, 0, , 0, 0, 0, 0, 0, 
61, 1, 61, 59, -1, 191, 186, 27.0, 15, ABarppppaa, 8155, 0, 0, 0, , 0, 0, 0, 0, 0, 
62, 1, 62, 60, -1, 174, 204, 30.0, 17, ABarppppap, 11371, 0, 0, 0, , 0, 0, 0, 0, 0, 
63, 1, 63, 61, -1, 215, 170, 28.0, 15, ABarpppaap, 3321, 0, 0, 0, , 0, 0, 0, 0, 0, 
64, 1, 64, 62, -1, 310, 215, 27.0, 11, ABalapppaap, 2167, 0, 0, 0, , 0, 0, 0, 0, 0, 
65, 0, 65, -1, -1, 324, 193, 25.0, 13, , 1986, 0, 0, 0, , 0, 0, 0, 0, 0, 
66, 1, 66, 64, -1, 317, 228, 28.0, 11, ABalapppaaa, 1888, 0, 0, 0, , 0, 0, 0, 0, 0, 
67, 0, 67, -1, -1, 335, 212, 32.0, 11, , 1701, 0, 0, 0, , 0, 0, 0, 0, 0, 
68, 1, 68, 66, -1, 304, 174, 26.0, 11, ABalappappa, 2863, 0, 0, 0, , 0, 0, 0, 0, 0, 
69, 0, 69, -1, -1, 327, 267, 27.0, 13, , 2369, 0, 0, 0, , 0, 0, 0, 0, 0, 
70, 0, 70, -1, -1, 341, 228, 25.0, 11, , 1571, 0, 0, 0, , 0, 0, 0, 0, 0, 
71, 0, 71, -1, -1, 337, 229, 30.0, 13, , 3428, 0, 0, 0, , 0, 0, 0, 0, 0, 
72, 1, 72, 70, -1, 333, 221, 35.0, 19, ABarpapapp, 3202, 0, 0, 0, , 0, 0, 0, 0, 0, 
73, 0, 73, -1, -1, 331, 216, 35.0, 13, , 2819, 0, 0, 0, , 0, 0, 0, 0, 0, 
74, 1, 74, 72, -1, 322, 290, 28.0, 11, ABalapaaaap, 2550, 0, 0, 0, , 0, 0, 0, 0, 0, 
75, 1, 75, 73, -1, 334, 276, 28.0, 17, ABalapaaaaa, 8187, 0, 0, 0, , 0, 0, 0, 0, 0, 
76, 1, 76, 74, -1, 323, 255, 25.0, 17, ABalaaapall, 3013, 0, 0, 0, , 0, 0, 0, 0, 0, 
77, 1, 77, 75, -1, 332, 289, 21.0, 13, ABalpppapppa, 2747, 0, 0, 0, , 0, 0, 0, 0, 0, 
78, 1, 78, 76, -1, 291, 200, 22.0, 15, ABalaapaaar, 3566, 0, 0, 0, , 0, 0, 0, 0, 0, 
79, 1, 79, 77, -1, 286, 194, 12.0, 9, ABalaapapa, 5498, 0, 0, 0, , 0, 0, 0, 0, 0, 
80, 1, 80, 78, -1, 291, 184, 19.0, 11, ABalaapaapa, 2615, 0, 0, 0, , 0, 0, 0, 0, 0, 
81, 1, 559, 79, -1, 311, 182, 14.0, 11, ABalaappaa, 2864, 0, 0, 0, , 0, 0, 0, 0, 0, 
82, 1, 82, 80, -1, 275, 185, 20.0, 13, ABarappppaa, 5050, 0, 0, 0, , 0, 0, 0, 0, 0, 
83, 1, 83, 81, -1, 255, 168, 16.0, 13, ABalaapppaa, 3369, 0, 0, 0, , 0, 0, 0, 0, 0, 
84, 1, 84, 82, -1, 309, 210, 24.0, 15, ABalaaaarrp, 4405, 0, 0, 0, , 0, 0, 0, 0, 0, 
85, 1, 85, 83, -1, 302, 195, 18.0, 11, ABalaapaapp, 3136, 0, 0, 0, , 0, 0, 0, 0, 0, 
86, 1, 86, 84, -1, 317, 199, 17.0, 11, ABalaaaarra, 3592, 0, 0, 0, , 0, 0, 0, 0, 0, 
87, 1, 87, 85, -1, 316, 232, 23.0, 15, ABalaaaarlp, 5088, 0, 0, 0, , 0, 0, 0, 0, 0, 
88, 1, 88, 86, -1, 333, 226, 17.0, 13, ABalaaaarla, 3397, 0, 0, 0, , 0, 0, 0, 0, 0, 
89, 1, 89, 87, -1, 326, 239, 18.0, 11, ABalaaaalpp, 3076, 0, 0, 0, , 0, 0, 0, 0, 0, 
90, 0, 90, -1, -1, 319, 191, 21.0, 13, , 5495, 0, 0, 0, , 0, 0, 0, 0, 0, 
91, 1, 91, 89, -1, 290, 192, 26.0, 13, ABalaaapprr, 2731, 0, 0, 0, , 0, 0, 0, 0, 0, 
92, 0, 92, -1, -1, 297, 187, 16.0, 11, , 1213, 0, 0, 0, , 0, 0, 0, 0, 0, 
93, 1, 93, 91, -1, 298, 172, 16.0, 15, ABpraaaaapv, 4286, 0, 0, 0, , 0, 0, 0, 0, 0, 
94, 0, 94, -1, -1, 328, 214, 28.0, 9, , 428, 0, 0, 0, , 0, 0, 0, 0, 0, 
95, 1, 95, 93, -1, 323, 216, 32.0, 11, ABalappaap, 2878, 0, 0, 0, , 0, 0, 0, 0, 0, 
96, 0, 96, -1, -1, 106, 288, 12.0, 11, , 1086, 0, 0, 0, , 0, 0, 0, 0, 0, 
97, 1, 97, 95, -1, 121, 296, 12.0, 15, ABplppppapp, 5272, 0, 0, 0, , 0, 0, 0, 0, 0, 
98, 1, 98, 96, -1, 131, 308, 15.0, 15, ABplppppaaa, 4635, 0, 0, 0, , 0, 0, 0, 0, 0, 
99, 1, 99, 97, -1, 124, 303, 16.0, 15, ABplppppaap, 5491, 0, 0, 0, , 0, 0, 0, 0, 0, 
100, 1, 100, 98, -1, 82, 310, 13.0, 13, ABplppppppp, 3892, 0, 0, 0, , 0, 0, 0, 0, 0, 
101, 1, 101, 99, -1, 92, 306, 12.0, 13, ABplppppppa, 2810, 0, 0, 0, , 0, 0, 0, 0, 0, 
102, 1, 102, 100, -1, 121, 340, 19.0, 15, ABplpppppap, 6088, 0, 0, 0, , 0, 0, 0, 0, 0, 
103, 1, 103, 101, -1, 125, 323, 17.0, 13, ABplpppppaa, 3150, 0, 0, 0, , 0, 0, 0, 0, 0, 
104, 1, 104, 102, -1, 118, 320, 11.0, 11, ABplpppapaa, 4448, 0, 0, 0, , 0, 0, 0, 0, 0, 
105, 1, 105, 103, -1, 118, 329, 14.0, 13, ABplpppaapp, 5430, 0, 0, 0, , 0, 0, 0, 0, 0, 
106, 1, 106, 104, -1, 154, 307, 11.0, 15, ABplpppaaaa, 5454, 0, 0, 0, , 0, 0, 0, 0, 0, 
107, 1, 107, 105, -1, 157, 315, 14.0, 15, ABplpppaaap, 5612, 0, 0, 0, , 0, 0, 0, 0, 0, 
108, 1, 108, 106, -1, 159, 304, 15.0, 11, ABplppapppp, 3627, 0, 0, 0, , 0, 0, 0, 0, 0, 
109, 1, 109, 107, -1, 174, 284, 15.0, 11, ABplppapppa, 5577, 0, 0, 0, , 0, 0, 0, 0, 0, 
110, 1, 110, 108, -1, 198, 282, 14.0, 13, ABplppappap, 4542, 0, 0, 0, , 0, 0, 0, 0, 0, 
111, 1, 111, 109, -1, 210, 285, 12.0, 11, ABplppappaa, 4035, 0, 0, 0, , 0, 0, 0, 0, 0, 
112, 1, 112, 110, -1, 188, 297, 14.0, 13, ABplppapapa, 3886, 0, 0, 0, , 0, 0, 0, 0, 0, 
113, 1, 113, 111, -1, 173, 300, 16.0, 13, ABplppapapp, 4977, 0, 0, 0, , 0, 0, 0, 0, 0, 
114, 1, 114, 112, -1, 164, 292, 13.0, 13, ABplppaappp, 5044, 0, 0, 0, , 0, 0, 0, 0, 0, 
115, 1, 115, 113, -1, 268, 240, 15.0, 11, ABplpappaaa, 3814, 0, 0, 0, , 0, 0, 0, 0, 0, 
116, 1, 116, 114, -1, 194, 274, 18.0, 13, MSaappap, 3970, 0, 0, 0, , 0, 0, 0, 0, 0, 
117, 1, 117, 115, -1, 112, 290, 15.0, 13, ABplpappppp, 3599, 0, 0, 0, , 0, 0, 0, 0, 0, 
118, 1, 118, 116, -1, 133, 285, 16.0, 13, ABplpappppa, 4414, 0, 0, 0, , 0, 0, 0, 0, 0, 
119, 1, 119, 117, -1, 134, 298, 13.0, 13, ABplpapppaa, 3502, 0, 0, 0, , 0, 0, 0, 0, 0, 
120, 1, 120, 118, -1, 124, 268, 15.0, 13, ABplpapppap, 3889, 0, 0, 0, , 0, 0, 0, 0, 0, 
121, 1, 121, 119, -1, 233, 273, 11.0, 13, ABplpapappa, 3998, 0, 0, 0, , 0, 0, 0, 0, 0, 
122, 1, 122, 120, -1, 169, 272, 13.0, 11, ABplpapappp, 3178, 0, 0, 0, , 0, 0, 0, 0, 0, 
123, 1, 123, 121, -1, 245, 274, 14.0, 15, ABplpapapap, 3362, 0, 0, 0, , 0, 0, 0, 0, 0, 
124, 1, 124, 122, -1, 235, 282, 15.0, 15, ABplpapapaa, 5085, 0, 0, 0, , 0, 0, 0, 0, 0, 
125, 1, 125, 123, -1, 276, 265, 13.0, 15, ABplpapaapp, 21840, 0, 0, 0, , 0, 0, 0, 0, 0, 
126, 0, 126, -1, -1, 289, 267, 10.0, 17, , 3219, 0, 0, 0, , 0, 0, 0, 0, 0, 
127, 1, 127, 125, -1, 267, 264, 13.0, 15, ABplpapaapa, 1769, 0, 0, 0, , 0, 0, 0, 0, 0, 
128, 1, 128, 126, -1, 247, 266, 13.0, 15, ABplpapaaap, 3235, 0, 0, 0, , 0, 0, 0, 0, 0, 
129, 1, 129, 127, -1, 257, 262, 15.0, 13, ABplpapaaaa, 4380, 0, 0, 0, , 0, 0, 0, 0, 0, 
130, 1, 130, 128, -1, 205, 292, 15.0, 15, ABplppapaap, 5880, 0, 0, 0, , 0, 0, 0, 0, 0, 
131, 0, 131, -1, -1, 237, 261, 15.0, 9, , 2669, 0, 0, 0, , 0, 0, 0, 0, 0, 
132, 1, 132, 130, -1, 316, 277, 16.0, 15, ABplpaaaaaa, 7682, 0, 0, 0, , 0, 0, 0, 0, 0, 
133, 1, 133, 131, -1, 313, 256, 10.0, 17, ABplpaapapp, 7097, 0, 0, 0, , 0, 0, 0, 0, 0, 
134, 0, 134, -1, -1, 305, 257, 18.0, 15, , 7516, 0, 0, 0, , 0, 0, 0, 0, 0, 
135, 0, 135, -1, -1, 283, 270, 19.0, 11, , 1966, 0, 0, 0, , 0, 0, 0, 0, 0, 
136, 1, 136, 134, -1, 276, 321, 19.0, 13, ABplpaappap, 4657, 0, 0, 0, , 0, 0, 0, 0, 0, 
137, 1, 137, 135, -1, 273, 307, 17.0, 13, ABplpaappaa, 4763, 0, 0, 0, , 0, 0, 0, 0, 0, 
138, 0, 139, -1, -1, 284, 265, 11.0, 19, , 5410, 0, 0, 0, , 0, 0, 0, 0, 0, 
139, 1, 140, 137, -1, 290, 314, 17.0, 13, ABplpaapaap, 6845, 0, 0, 0, , 0, 0, 0, 0, 0, 
140, 1, 141, 138, -1, 312, 284, 22.0, 11, ABplpaapaaa, 5567, 0, 0, 0, , 0, 0, 0, 0, 0, 
141, 1, 142, 139, -1, 352, 259, 19.0, 13, ABplpaapapa, 7480, 0, 0, 0, , 0, 0, 0, 0, 0, 
142, 0, 143, -1, -1, 254, 326, 18.0, 19, , 6373, 0, 0, 0, , 0, 0, 0, 0, 0, 
143, 1, 144, 141, -1, 340, 209, 20.0, 13, ABplaapaaaa, 4947, 0, 0, 0, , 0, 0, 0, 0, 0, 
144, 1, 145, 142, -1, 351, 226, 22.0, 11, ABplaapaaap, 4188, 0, 0, 0, , 0, 0, 0, 0, 0, 
145, 1, 146, 143, -1, 339, 259, 21.0, 13, ABplaapaapa, 4697, 0, 0, 0, , 0, 0, 0, 0, 0, 
146, 1, 147, 144, -1, 330, 284, 23.0, 15, ABplaapaapp, 5627, 0, 0, 0, , 0, 0, 0, 0, 0, 
147, 1, 148, 145, 146, 301, 310, 24.0, 15, ABplaapappp, 6363, 0, 0, 0, , 0, 0, 0, 0, 0, 
148, 1, 149, 147, -1, 285, 300, 26.0, 13, ABplaapappa, 4475, 0, 0, 0, , 0, 0, 0, 0, 0, 
149, 1, 150, 148, -1, 271, 309, 26.0, 13, ABplaapapap, 5603, 0, 0, 0, , 0, 0, 0, 0, 0, 
150, 1, 151, 149, -1, 269, 310, 23.0, 13, ABplaapapaa, 4626, 0, 0, 0, , 0, 0, 0, 0, 0, 
151, 1, 152, 150, -1, 331, 246, 30.0, 15, ABplaaaaapp, 7282, 0, 0, 0, , 0, 0, 0, 0, 0, 
152, 1, 153, 151, -1, 312, 267, 30.0, 17, MSapaaap, 10688, 0, 0, 0, , 0, 0, 0, 0, 0, 
153, 1, 154, 152, -1, 354, 237, 25.0, 13, ABplaaaaaaa, 3481, 0, 0, 0, , 0, 0, 0, 0, 0, 
154, 1, 155, 153, -1, 339, 229, 27.0, 13, ABalapappap, 4971, 0, 0, 0, , 0, 0, 0, 0, 0, 
155, 1, 156, 154, -1, 345, 216, 32.0, 15, ABplaaaapp, 5546, 0, 0, 0, , 0, 0, 0, 0, 0, 
156, 0, 157, -1, -1, 350, 276, 25.0, 15, , 4611, 0, 0, 0, , 0, 0, 0, 0, 0, 
157, 0, 158, -1, -1, 329, 296, 26.0, 15, , 3945, 0, 0, 0, , 0, 0, 0, 0, 0, 
158, 1, 159, 157, -1, 324, 301, 26.0, 11, ABplaaappp, 2695, 0, 0, 0, , 0, 0, 0, 0, 0, 
159, 1, 160, 158, -1, 359, 262, 22.0, 15, ABplaaapap, 4865, 0, 0, 0, , 0, 0, 0, 0, 0, 
160, 1, 161, 159, -1, 353, 242, 19.0, 15, ABplaaapaa, 4688, 0, 0, 0, , 0, 0, 0, 0, 0, 
161, 1, 162, 160, -1, 131, 310, 9.0, 17, ABplappppa, 11442, 0, 0, 0, , 0, 0, 0, 0, 0, 
162, 1, 163, 161, -1, 86, 331, 13.0, 17, ABplappppp, 8576, 0, 0, 0, , 0, 0, 0, 0, 0, 
163, 1, 164, 162, -1, 124, 346, 15.0, 13, ABplapppaaa, 4969, 0, 0, 0, , 0, 0, 0, 0, 0, 
164, 1, 165, 163, -1, 106, 331, 14.0, 13, ABplapppapp, 3289, 0, 0, 0, , 0, 0, 0, 0, 0, 
165, 1, 166, 164, -1, 101, 341, 12.0, 11, ABplapppapa, 3022, 0, 0, 0, , 0, 0, 0, 0, 0, 
166, 1, 167, 165, -1, 215, 337, 19.0, 17, ABplappaaa, 8422, 0, 0, 0, , 0, 0, 0, 0, 0, 
167, 1, 168, 166, -1, 190, 344, 20.0, 15, ABplappaap, 7332, 0, 0, 0, , 0, 0, 0, 0, 0, 
168, 1, 169, 167, -1, 170, 347, 19.0, 15, ABplappapp, 8511, 0, 0, 0, , 0, 0, 0, 0, 0, 
169, 1, 170, 168, -1, 197, 351, 25.0, 15, ABplappapa, 7378, 0, 0, 0, , 0, 0, 0, 0, 0, 
170, 1, 171, 169, -1, 231, 330, 16.0, 15, ABplapaapp, 8481, 0, 0, 0, , 0, 0, 0, 0, 0, 
171, 1, 172, 170, -1, 249, 290, 10.0, 17, ABplapaapa, 10845, 0, 0, 0, , 0, 0, 0, 0, 0, 
172, 1, 173, 171, -1, 312, 291, 31.0, 13, ABarppaaaa, 4681, 0, 0, 0, , 0, 0, 0, 0, 0, 
173, 1, 174, 172, -1, 250, 327, 23.0, 13, ABplapaaapp, 7784, 0, 0, 0, , 0, 0, 0, 0, 0, 
174, 1, 175, 173, -1, 107, 368, 19.0, 11, ABplapapppa, 2089, 0, 0, 0, , 0, 0, 0, 0, 0, 
175, 1, 176, 174, -1, 146, 355, 18.0, 15, ABplapapap, 6573, 0, 0, 0, , 0, 0, 0, 0, 0, 
176, 1, 177, 175, -1, 138, 344, 13.0, 17, ABplapappa, 8341, 0, 0, 0, , 0, 0, 0, 0, 0, 
177, 1, 178, 176, -1, 143, 369, 23.0, 17, ABplapapaa, 8011, 0, 0, 0, , 0, 0, 0, 0, 0, 
178, 1, 179, 177, -1, 244, 226, 14.0, 11, ABprpapaaaa, 4319, 0, 0, 0, , 0, 0, 0, 0, 0, 
179, 1, 180, 178, -1, 251, 211, 13.0, 13, ABprpapaapp, 2963, 0, 0, 0, , 0, 0, 0, 0, 0, 
180, 1, 181, 179, -1, 150, 293, 14.0, 11, ABprpapappp, 3204, 0, 0, 0, , 0, 0, 0, 0, 0, 
181, 1, 182, 180, -1, 220, 228, 14.0, 15, ABprpapapaa, 5967, 0, 0, 0, , 0, 0, 0, 0, 0, 
182, 0, 183, -1, -1, 95, 313, 20.0, 19, , 6158, 0, 0, 0, , 0, 0, 0, 0, 0, 
183, 1, 184, 182, -1, 104, 277, 18.0, 17, ABprpappppa, 10414, 0, 0, 0, , 0, 0, 0, 0, 0, 
184, 1, 185, 183, -1, 183, 286, 12.0, 15, ABprpappapp, 3160, 0, 0, 0, , 0, 0, 0, 0, 0, 
185, 1, 186, 184, -1, 252, 239, 15.0, 13, ABprpapppaa, 7406, 0, 0, 0, , 0, 0, 0, 0, 0, 
186, 1, 187, 185, -1, 279, 232, 14.0, 11, ABprpappaaa, 3430, 0, 0, 0, , 0, 0, 0, 0, 0, 
187, 1, 188, 186, -1, 234, 182, 15.0, 15, ABprpaaaaap, 6049, 0, 0, 0, , 0, 0, 0, 0, 0, 
188, 1, 189, 187, -1, 249, 180, 19.0, 11, ABpraaappaa, 6173, 0, 0, 0, , 0, 0, 0, 0, 0, 
189, 1, 190, 188, -1, 186, 264, 12.0, 15, ABprpaaaapp, 6854, 0, 0, 0, , 0, 0, 0, 0, 0, 
190, 1, 191, 189, -1, 233, 237, 10.0, 15, ABprpaaaapa, 4913, 0, 0, 0, , 0, 0, 0, 0, 0, 
191, 1, 192, 190, -1, 270, 194, 18.0, 13, ABprpaaaaaa, 7485, 0, 0, 0, , 0, 0, 0, 0, 0, 
192, 1, 193, 191, -1, 259, 217, 15.0, 13, ABprpapaapa, 2585, 0, 0, 0, , 0, 0, 0, 0, 0, 
193, 1, 194, 192, -1, 256, 195, 15.0, 13, ABprpaaappp, 4749, 0, 0, 0, , 0, 0, 0, 0, 0, 
194, 1, 195, 193, -1, 279, 184, 12.0, 13, ABprpaaapap, 4727, 0, 0, 0, , 0, 0, 0, 0, 0, 
195, 1, 196, 194, -1, 223, 171, 18.0, 13, ABprpaapaap, 5479, 0, 0, 0, , 0, 0, 0, 0, 0, 
196, 1, 197, 195, -1, 314, 167, 20.0, 15, ABprpaapapa, 7124, 0, 0, 0, , 0, 0, 0, 0, 0, 
197, 1, 198, 196, -1, 285, 196, 10.0, 15, ABprpaapapp, 5771, 0, 0, 0, , 0, 0, 0, 0, 0, 
198, 1, 199, 197, -1, 262, 204, 11.0, 17, ABprpaapppp, 7137, 0, 0, 0, , 0, 0, 0, 0, 0, 
199, 1, 200, 198, -1, 218, 180, 21.0, 13, ABprpaappap, 4979, 0, 0, 0, , 0, 0, 0, 0, 0, 
200, 1, 201, 199, -1, 233, 182, 19.0, 13, ABprpaappaa, 5059, 0, 0, 0, , 0, 0, 0, 0, 0, 
201, 1, 202, 200, -1, 96, 255, 18.0, 15, ABprpppaapa, 7469, 0, 0, 0, , 0, 0, 0, 0, 0, 
202, 1, 203, 201, -1, 142, 256, 16.0, 13, ABprpppaaap, 6511, 0, 0, 0, , 0, 0, 0, 0, 0, 
203, 1, 204, 202, -1, 140, 261, 13.0, 15, ABprpppaaaa, 6051, 0, 0, 0, , 0, 0, 0, 0, 0, 
204, 1, 205, 203, -1, 98, 259, 11.0, 11, ABprpppapaa, 4774, 0, 0, 0, , 0, 0, 0, 0, 0, 
205, 0, -1, -1, -1, 104, 279, 9.0, 9, , 1832, 0, 0, 0, , 0, 0, 0, 0, 0, 
206, 1, 208, 205, -1, 126, 256, 11.0, 15, ABprppppapa, 4231, 0, 0, 0, , 0, 0, 0, 0, 0, 
207, 1, 209, 206, -1, 122, 273, 12.0, 17, ABprppppapp, 5918, 0, 0, 0, , 0, 0, 0, 0, 0, 
208, 1, 210, 207, -1, 124, 267, 18.0, 13, ABprppppaaa, 5503, 0, 0, 0, , 0, 0, 0, 0, 0, 
209, 1, 211, 208, -1, 114, 274, 16.0, 15, ABprppppaap, 4143, 0, 0, 0, , 0, 0, 0, 0, 0, 
210, 1, 212, 209, -1, 122, 256, 21.0, 15, ABprpppppaa, 4304, 0, 0, 0, , 0, 0, 0, 0, 0, 
211, 1, 213, 210, -1, 101, 260, 20.0, 15, ABprpppppap, 4476, 0, 0, 0, , 0, 0, 0, 0, 0, 
212, 1, 214, 211, -1, 220, 192, 15.0, 11, ABprppaapap, 2718, 0, 0, 0, , 0, 0, 0, 0, 0, 
213, 0, 215, -1, -1, 218, 197, 12.0, 11, , 7411, 0, 0, 0, , 0, 0, 0, 0, 0, 
214, 1, 216, 213, -1, 209, 249, 12.0, 15, ABprppaappa, 5548, 0, 0, 0, , 0, 0, 0, 0, 0, 
215, 1, 217, 214, -1, 154, 275, 13.0, 13, ABprppaappp, 4840, 0, 0, 0, , 0, 0, 0, 0, 0, 
216, 1, 218, 215, -1, 225, 181, 13.0, 13, ABprppaaaaa, 6445, 0, 0, 0, , 0, 0, 0, 0, 0, 
217, 1, 219, 216, -1, 207, 185, 18.0, 17, ABprppaaaap, 6073, 0, 0, 0, , 0, 0, 0, 0, 0, 
218, 1, 220, 217, -1, 197, 226, 11.0, 15, ABprppapaaa, 6435, 0, 0, 0, , 0, 0, 0, 0, 0, 
219, 1, 221, 218, -1, 185, 255, 16.0, 13, ABprppapaap, 5419, 0, 0, 0, , 0, 0, 0, 0, 0, 
220, 1, 222, 219, -1, 178, 270, 16.0, 11, ABprppapapa, 4013, 0, 0, 0, , 0, 0, 0, 0, 0, 
221, 1, 223, 220, -1, 157, 269, 17.0, 13, ABprppapapp, 3659, 0, 0, 0, , 0, 0, 0, 0, 0, 
222, 1, 224, 221, -1, 161, 284, 16.0, 13, ABprppapppa, 3471, 0, 0, 0, , 0, 0, 0, 0, 0, 
223, 1, 225, 222, -1, 143, 271, 15.0, 14, ABprppapppp, 1803, 0, 0, 0, , 0, 0, 0, 0, 0, 
224, 1, 226, 223, -1, 191, 255, 14.0, 15, ABprppappaa, 2246, 0, 0, 0, , 0, 0, 0, 0, 0, 
225, 1, 227, 224, -1, 190, 274, 16.0, 15, ABprppappap, 3686, 0, 0, 0, , 0, 0, 0, 0, 0, 
226, 1, 228, 225, -1, 326, 207, 21.0, 11, ABpraapaaaa, 4232, 0, 0, 0, , 0, 0, 0, 0, 0, 
227, 1, 229, 226, -1, 325, 182, 29.0, 11, ABarpapaaap, 3239, 0, 0, 0, , 0, 0, 0, 0, 0, 
228, 1, 230, 227, -1, 334, 190, 21.0, 11, ABpraapaaap, 3797, 0, 0, 0, , 0, 0, 0, 0, 0, 
229, 1, 231, 228, -1, 299, 172, 21.0, 11, ABpraapaapa, 4578, 0, 0, 0, , 0, 0, 0, 0, 0, 
230, 1, 232, 229, -1, 231, 186, 28.0, 15, ABpraapapap, 6222, 0, 0, 0, , 0, 0, 0, 0, 0, 
231, 1, 233, 230, -1, 222, 189, 26.0, 11, ABpraapapaa, 3661, 0, 0, 0, , 0, 0, 0, 0, 0, 
232, 0, 234, -1, -1, 240, 164, 24.0, 13, , 1319, 0, 0, 0, , 0, 0, 0, 0, 0, 
233, 1, 235, 232, -1, 236, 188, 26.0, 13, ABpraapappa, 5500, 0, 0, 0, , 0, 0, 0, 0, 0, 
234, 1, 236, 233, -1, 191, 190, 18.0, 13, ABpraapppp, 4762, 0, 0, 0, , 0, 0, 0, 0, 0, 
235, 1, 237, 234, -1, 310, 201, 10.0, 15, ABpraappaa, 6046, 0, 0, 0, , 0, 0, 0, 0, 0, 
236, 1, 238, 235, -1, 281, 179, 26.0, 17, ABpraaapapa, 3908, 0, 0, 0, , 0, 0, 0, 0, 0, 
237, 1, 239, 236, -1, 292, 179, 24.0, 11, ABpraaapapp, 2090, 0, 0, 0, , 0, 0, 0, 0, 0, 
238, 1, 240, 237, -1, 253, 184, 24.0, 13, ABpraaapaad, 5013, 0, 0, 0, , 0, 0, 0, 0, 0, 
239, 1, 241, 238, -1, 235, 181, 22.0, 13, ABpraaappap, 4065, 0, 0, 0, , 0, 0, 0, 0, 0, 
240, 1, 242, 239, -1, 219, 176, 24.0, 11, ABpraaapppap, 3025, 0, 0, 0, , 0, 0, 0, 0, 0, 
241, 1, 243, 240, -1, 313, 179, 18.0, 15, ABpraaaaapd, 4417, 0, 0, 0, , 0, 0, 0, 0, 0, 
242, 1, 244, 241, -1, 268, 172, 15.0, 17, ABpraaaaaaa, 6722, 0, 0, 0, , 0, 0, 0, 0, 0, 
243, 1, 245, 242, -1, 299, 191, 14.0, 13, ABpraaaaaap, 5581, 0, 0, 0, , 0, 0, 0, 0, 0, 
244, 1, 246, 243, -1, 247, 177, 14.0, 15, ABpraaaapav, 6207, 0, 0, 0, , 0, 0, 0, 0, 0, 
245, 0, -1, -1, -1, 281, 178, 16.0, 11, , 2759, 0, 0, 0, , 0, 0, 0, 0, 0, 
246, 1, 248, 245, -1, 257, 167, 23.0, 9, ABpraaaappa, 2299, 0, 0, 0, , 0, 0, 0, 0, 0, 
247, 1, 249, 246, -1, 256, 171, 26.0, 15, ABpraaaappp, 5658, 0, 0, 0, , 0, 0, 0, 0, 0, 
248, 1, 250, 247, -1, 133, 231, 22.0, 13, ABprappapp, 7558, 0, 0, 0, , 0, 0, 0, 0, 0, 
249, 1, 251, 248, -1, 150, 214, 29.0, 15, ABprappapa, 6729, 0, 0, 0, , 0, 0, 0, 0, 0, 
250, 1, 252, 249, -1, 150, 223, 23.0, 15, ABprappaap, 5900, 0, 0, 0, , 0, 0, 0, 0, 0, 
251, 1, 253, 250, -1, 166, 218, 23.0, 15, ABprappaaa, 8955, 0, 0, 0, , 0, 0, 0, 0, 0, 
252, 1, 254, 251, -1, 89, 245, 17.0, 15, ABprapppaaa, 5196, 0, 0, 0, , 0, 0, 0, 0, 0, 
253, 1, 255, 252, -1, 88, 262, 15.0, 14, ABprapppapp, 3024, 0, 0, 0, , 0, 0, 0, 0, 0, 
254, 1, 256, 253, -1, 75, 254, 14.0, 11, ABprapppapa, 3376, 0, 0, 0, , 0, 0, 0, 0, 0, 
255, 1, 257, 254, -1, 74, 269, 12.0, 15, ABprappppp, 8448, 0, 0, 0, , 0, 0, 0, 0, 0, 
256, 1, 258, 255, -1, 114, 267, 9.0, 19, ABprappppa, 27333, 0, 0, 0, , 0, 0, 0, 0, 0, 
257, 1, 259, 256, -1, 206, 190, 24.0, 15, ABprapaaapa, 6501, 0, 0, 0, , 0, 0, 0, 0, 0, 
258, 1, 260, 257, -1, 192, 200, 24.0, 15, ABprapaaapp, 4722, 0, 0, 0, , 0, 0, 0, 0, 0, 
259, 1, 261, 258, -1, 240, 180, 31.0, 19, ABprapaaaap, 6151, 0, 0, 0, , 0, 0, 0, 0, 0, 
260, 1, 262, 259, -1, 177, 205, 20.0, 17, ABprapaapp, 8966, 0, 0, 0, , 0, 0, 0, 0, 0, 
261, 1, 263, 260, -1, 210, 210, 11.0, 15, ABprapaapa, 7206, 0, 0, 0, , 0, 0, 0, 0, 0, 
262, 1, 264, 261, -1, 109, 236, 14.0, 17, ABprapappa, 6991, 0, 0, 0, , 0, 0, 0, 0, 0, 
263, 1, 265, 262, -1, 72, 267, 17.0, 17, ABprapapppp, 5228, 0, 0, 0, , 0, 0, 0, 0, 0, 
264, 1, 266, 263, -1, 112, 230, 20.0, 15, ABprapapap, 7281, 0, 0, 0, , 0, 0, 0, 0, 0, 
265, 1, 267, 264, -1, 105, 233, 27.0, 17, ABprapapaa, 7081, 0, 0, 0, , 0, 0, 0, 0, 0, 
266, 1, 268, 265, -1, 251, 197, 32.0, 13, MSppppap, 4592, 0, 0, 0, , 0, 0, 0, 0, 0, 
267, 1, 269, 266, -1, 233, 195, 22.0, 14, MSppppaa, 1467, 0, 0, 0, , 0, 0, 0, 0, 0, 
268, 1, 270, 267, -1, 293, 207, 36.0, 19, MSpppppa, 22365, 0, 0, 0, , 0, 0, 0, 0, 0, 
269, 1, 271, 268, -1, 247, 213, 34.0, 11, MSpppppp, 1489, 0, 0, 0, , 0, 0, 0, 0, 0, 
270, 1, 272, 269, -1, 280, 204, 33.0, 15, MSpppaaa, 3387, 0, 0, 0, , 0, 0, 0, 0, 0, 
271, 1, 273, 270, -1, 139, 251, 25.0, 13, MSpppaap, 2516, 0, 0, 0, , 0, 0, 0, 0, 0, 
272, 1, 274, 271, -1, 237, 225, 13.0, 13, ABprpapaaap, 3768, 0, 0, 0, , 0, 0, 0, 0, 0, 
273, 1, 275, 272, -1, 131, 283, 20.0, 13, MSppaapp, 5356, 0, 0, 0, , 0, 0, 0, 0, 0, 
274, 0, 276, -1, -1, 255, 188, 24.0, 11, , 3586, 0, 0, 0, , 0, 0, 0, 0, 0, 
275, 1, 277, 274, -1, 271, 197, 24.0, 11, MSppaaaad, 3407, 0, 0, 0, , 0, 0, 0, 0, 0, 
276, 0, 278, -1, -1, 297, 177, 30.0, 11, , 795, 0, 0, 0, , 0, 0, 0, 0, 0, 
277, 0, 279, -1, -1, 197, 209, 27.0, 15, , 1971, 0, 0, 0, , 0, 0, 0, 0, 0, 
278, 1, 280, 277, -1, 256, 189, 21.0, 13, MSppapap, 3192, 0, 0, 0, , 0, 0, 0, 0, 0, 
279, 1, 281, 278, -1, 192, 253, 21.0, 13, MSpapappp, 3422, 0, 0, 0, , 0, 0, 0, 0, 0, 
280, 1, 282, 279, -1, 208, 246, 21.0, 11, MSpapapaa, 2051, 0, 0, 0, , 0, 0, 0, 0, 0, 
281, 1, 283, 280, -1, 212, 231, 19.0, 14, MSpapaaap, 4485, 0, 0, 0, , 0, 0, 0, 0, 0, 
282, 1, 284, 281, -1, 198, 237, 24.0, 15, MSpapaapp, 4813, 0, 0, 0, , 0, 0, 0, 0, 0, 
283, 1, 285, 282, -1, 171, 322, 18.0, 15, MSpappaa, 6420, 0, 0, 0, , 0, 0, 0, 0, 0, 
284, 1, 286, 283, -1, 172, 244, 18.0, 13, MSpappppa, 3078, 0, 0, 0, , 0, 0, 0, 0, 0, 
285, 1, 287, 284, -1, 163, 253, 19.0, 15, MSpappppp, 2652, 0, 0, 0, , 0, 0, 0, 0, 0, 
286, 1, 288, 285, -1, 234, 252, 33.0, 15, MSpaaappp, 10346, 0, 0, 0, , 0, 0, 0, 0, 0, 
287, 1, 289, 286, -1, 242, 274, 31.0, 13, MSpaaapaa, 4873, 0, 0, 0, , 0, 0, 0, 0, 0, 
288, 1, 290, 287, -1, 217, 263, 32.0, 13, MSpaaapap, 4244, 0, 0, 0, , 0, 0, 0, 0, 0, 
289, 1, 291, 288, -1, 258, 228, 33.0, 15, MSpaaaapp, 6127, 0, 0, 0, , 0, 0, 0, 0, 0, 
290, 1, 292, 289, -1, 269, 250, 34.0, 15, MSpaaaaaa, 8893, 0, 0, 0, , 0, 0, 0, 0, 0, 
291, 1, 293, 290, -1, 247, 250, 30.0, 13, MSpaaaaap, 5090, 0, 0, 0, , 0, 0, 0, 0, 0, 
292, 1, 294, 291, -1, 212, 217, 23.0, 13, ABaraappppa, 5478, 0, 0, 0, , 0, 0, 0, 0, 0, 
293, 1, 295, 292, -1, 214, 217, 29.0, 15, ABaraapppap, 8145, 0, 0, 0, , 0, 0, 0, 0, 0, 
294, 1, 296, 293, -1, 235, 255, 30.0, 13, MSpaapaap, 3235, 0, 0, 0, , 0, 0, 0, 0, 0, 
295, 1, 297, 294, -1, 248, 244, 32.0, 15, MSpaaappa, 4222, 0, 0, 0, , 0, 0, 0, 0, 0, 
296, 1, 298, 295, -1, 228, 236, 31.0, 11, MSpaapaaa, 3366, 0, 0, 0, , 0, 0, 0, 0, 0, 
297, 1, 299, 296, -1, 283, 297, 31.0, 9, MSapppap, 355, 0, 0, 0, , 0, 0, 0, 0, 0, 
298, 1, 300, 297, -1, 303, 258, 34.0, 17, MSappppa, 14312, 0, 0, 0, , 0, 0, 0, 0, 0, 
299, 1, 301, 299, -1, 141, 336, 19.0, 13, MSappaap, 2294, 0, 0, 0, , 0, 0, 0, 0, 0, 
300, 1, 302, 300, -1, 296, 265, 33.0, 17, MSappaaa, 3463, 0, 0, 0, , 0, 0, 0, 0, 0, 
301, 1, 303, 301, -1, 265, 281, 30.0, 15, ABaraapaapp, 7528, 0, 0, 0, , 0, 0, 0, 0, 0, 
302, 1, 304, 302, -1, 317, 245, 32.0, 15, MSapappp, 11269, 0, 0, 0, , 0, 0, 0, 0, 0, 
303, 1, 305, 303, -1, 149, 290, 19.0, 17, MSapaapp, 7071, 0, 0, 0, , 0, 0, 0, 0, 0, 
304, 1, 306, 304, -1, 304, 266, 25.0, 11, MSapaaaa, 3058, 0, 0, 0, , 0, 0, 0, 0, 0, 
305, 1, 307, 305, -1, 277, 238, 32.0, 11, MSaaaaapap, 1056, 0, 0, 0, , 0, 0, 0, 0, 0, 
306, 1, 308, 694, -1, 293, 235, 32.0, 13, MSaaaaapaa, 2025, 0, 0, 0, , 0, 0, 0, 0, 0, 
307, 1, 309, 306, -1, 274, 254, 29.0, 11, MSaaapaaa, 1598, 0, 0, 0, , 0, 0, 0, 0, 0, 
308, 1, 310, 307, -1, 292, 204, 29.0, 13, MSaaaaaar, 4439, 0, 0, 0, , 0, 0, 0, 0, 0, 
309, 1, 311, 308, -1, 314, 246, 28.0, 13, MSaaaaaal, 4344, 0, 0, 0, , 0, 0, 0, 0, 0, 
310, 1, 312, 309, -1, 251, 260, 34.0, 15, MSaaaapaa, 3958, 0, 0, 0, , 0, 0, 0, 0, 0, 
311, 1, 313, 310, -1, 259, 270, 32.0, 13, MSaaaapap, 3758, 0, 0, 0, , 0, 0, 0, 0, 0, 
312, 1, 314, 311, -1, 231, 274, 31.0, 13, MSaaaappa, 4181, 0, 0, 0, , 0, 0, 0, 0, 0, 
313, 1, 315, 312, -1, 239, 290, 30.0, 13, MSaaapapa, 2302, 0, 0, 0, , 0, 0, 0, 0, 0, 
314, 1, 316, 313, -1, 228, 295, 29.0, 17, MSaaapapp, 4462, 0, 0, 0, , 0, 0, 0, 0, 0, 
315, 1, 317, 314, -1, 207, 299, 29.0, 13, MSaaappa, 2830, 0, 0, 0, , 0, 0, 0, 0, 0, 
316, 1, 318, 315, -1, 219, 285, 32.0, 13, MSaaappp, 3690, 0, 0, 0, , 0, 0, 0, 0, 0, 
317, 1, 319, 316, -1, 204, 309, 16.0, 11, MSaappppa, 2474, 0, 0, 0, , 0, 0, 0, 0, 0, 
318, 1, 320, 317, -1, 186, 318, 17.0, 15, MSaappppp, 2834, 0, 0, 0, , 0, 0, 0, 0, 0, 
319, 1, 321, 318, -1, 234, 274, 19.0, 11, MSaapaaap, 3137, 0, 0, 0, , 0, 0, 0, 0, 0, 
320, 1, 322, 319, -1, 251, 269, 18.0, 14, MSaapaaaa, 1786, 0, 0, 0, , 0, 0, 0, 0, 0, 
321, 1, 323, 320, -1, 218, 285, 19.0, 13, MSaapappp, 2619, 0, 0, 0, , 0, 0, 0, 0, 0, 
322, 1, 324, 321, -1, 243, 302, 26.0, 13, MSaapappa, 3019, 0, 0, 0, , 0, 0, 0, 0, 0, 
323, 1, 325, 322, -1, 231, 281, 22.0, 13, MSaapapaa, 2961, 0, 0, 0, , 0, 0, 0, 0, 0, 
324, 1, 326, 323, -1, 232, 288, 19.0, 11, MSaapapap, 3836, 0, 0, 0, , 0, 0, 0, 0, 0, 
325, 1, 327, 324, -1, 99, 312, 25.0, 19, Eplpa, 3439, 0, 0, 0, , 0, 0, 0, 0, 0, 
326, 1, 328, 325, -1, 110, 353, 23.0, 15, Cappapa, 5398, 0, 0, 0, , 0, 0, 0, 0, 0, 
327, 1, 329, 326, -1, 94, 346, 21.0, 13, Cappapp, 5041, 0, 0, 0, , 0, 0, 0, 0, 0, 
328, 1, 330, 327, -1, 198, 325, 30.0, 17, Cappaaa, 5494, 0, 0, 0, , 0, 0, 0, 0, 0, 
329, 1, 331, 328, -1, 80, 339, 24.0, 17, Capppap, 5401, 0, 0, 0, , 0, 0, 0, 0, 0, 
330, 1, 332, 329, -1, 111, 346, 31.0, 13, Capppaa, 2027, 0, 0, 0, , 0, 0, 0, 0, 0, 
331, 1, 333, 330, -1, 125, 355, 28.0, 13, Capapap, 6017, 0, 0, 0, , 0, 0, 0, 0, 0, 
332, 1, 334, 331, -1, 166, 345, 29.0, 15, Capapaa, 5248, 0, 0, 0, , 0, 0, 0, 0, 0, 
333, 1, 335, 332, -1, 136, 321, 13.0, 15, Capappp, 5431, 0, 0, 0, , 0, 0, 0, 0, 0, 
334, 1, 336, 333, -1, 148, 338, 16.0, 17, Capappa, 5412, 0, 0, 0, , 0, 0, 0, 0, 0, 
335, 1, 337, 334, -1, 198, 328, 20.0, 13, Capaaap, 5034, 0, 0, 0, , 0, 0, 0, 0, 0, 
336, 1, 338, 335, -1, 217, 320, 19.0, 13, Capaaaa, 5075, 0, 0, 0, , 0, 0, 0, 0, 0, 
337, 0, 339, -1, -1, 82, 292, 15.0, 15, , 4006, 0, 0, 0, , 0, 0, 0, 0, 0, 
338, 1, 340, 337, -1, 66, 299, 15.0, 13, Caappv, 4243, 0, 0, 0, , 0, 0, 0, 0, 0, 
339, 0, 341, -1, -1, 103, 281, 9.0, 7, , 364, 0, 0, 0, , 0, 0, 0, 0, 0, 
340, 1, 342, 339, -1, 85, 358, 20.0, 11, Cpappd, 1860, 0, 0, 0, , 0, 0, 0, 0, 0, 
341, 1, 343, 340, -1, 69, 322, 15.0, 15, Cpappv, 5271, 0, 0, 0, , 0, 0, 0, 0, 0, 
342, 1, 344, 341, -1, 121, 245, 24.0, 15, Cppaapp, 4963, 0, 0, 0, , 0, 0, 0, 0, 0, 
343, 1, 345, 342, -1, 149, 241, 23.0, 13, Cppaapa, 3464, 0, 0, 0, , 0, 0, 0, 0, 0, 
344, 1, 346, 343, -1, 164, 236, 21.0, 11, Cppaaap, 3155, 0, 0, 0, , 0, 0, 0, 0, 0, 
345, 1, 347, 344, -1, 180, 228, 20.0, 15, Cppaaaa, 4869, 0, 0, 0, , 0, 0, 0, 0, 0, 
346, 1, 348, 345, -1, 152, 251, 33.0, 15, Cppapaa, 5519, 0, 0, 0, , 0, 0, 0, 0, 0, 
347, 1, 349, 346, -1, 113, 254, 15.0, 13, Cppappp, 4306, 0, 0, 0, , 0, 0, 0, 0, 0, 
348, 1, 350, 347, -1, 114, 247, 19.0, 15, Cppappa, 3957, 0, 0, 0, , 0, 0, 0, 0, 0, 
349, 1, 351, 348, -1, 151, 270, 35.0, 17, Cpppaap, 4720, 0, 0, 0, , 0, 0, 0, 0, 0, 
350, 1, 352, 349, -1, 179, 236, 32.0, 13, Cpppaaa, 4966, 0, 0, 0, , 0, 0, 0, 0, 0, 
351, 1, 353, 350, -1, 73, 271, 23.0, 17, Cpppapp, 11559, 0, 0, 0, , 0, 0, 0, 0, 0, 
352, 1, 354, 351, -1, 91, 269, 31.0, 15, Cpppapa, 4963, 0, 0, 0, , 0, 0, 0, 0, 0, 
353, 1, 355, 352, -1, 259, 292, 15.0, 15, Daapa, 4316, 0, 0, 0, , 0, 0, 0, 0, 0, 
354, 1, 356, 353, -1, 243, 297, 14.0, 15, Daapp, 4545, 0, 0, 0, , 0, 0, 0, 0, 0, 
355, 1, 357, 354, -1, 253, 306, 20.0, 15, Daaaa, 6948, 0, 0, 0, , 0, 0, 0, 0, 0, 
356, 1, 358, 355, -1, 248, 309, 31.0, 17, Daaap, 3950, 0, 0, 0, , 0, 0, 0, 0, 0, 
357, 1, 359, 356, -1, 238, 294, 34.0, 13, Dappaa, 2957, 0, 0, 0, , 0, 0, 0, 0, 0, 
358, 1, 360, 357, -1, 205, 214, 15.0, 15, Dpapp, 5117, 0, 0, 0, , 0, 0, 0, 0, 0, 
359, 1, 361, 358, -1, 219, 208, 17.0, 11, Dpapa, 1951, 0, 0, 0, , 0, 0, 0, 0, 0, 
360, 1, 362, 359, -1, 225, 205, 32.0, 17, Dpaap, 4973, 0, 0, 0, , 0, 0, 0, 0, 0, 
361, 1, 363, 360, -1, 216, 202, 20.0, 15, Dpaaa, 5015, 0, 0, 0, , 0, 0, 0, 0, 0, 
362, 1, 364, 361, -1, 190, 252, 33.0, 13, Dppppa, 2659, 0, 0, 0, , 0, 0, 0, 0, 0, 
363, 1, 365, 362, -1, 208, 248, 34.0, 15, Dpppap, 2687, 0, 0, 0, , 0, 0, 0, 0, 0, 
364, 1, 366, 363, -1, 229, 228, 35.0, 17, Dpppaa, 5157, 0, 0, 0, , 0, 0, 0, 0, 0, 
365, 1, 367, 364, -1, 198, 212, 21.0, 19, Dppaa, 6896, 0, 0, 0, , 0, 0, 0, 0, 0, 
366, 1, 368, 365, -1, 197, 225, 32.0, 17, Dppap, 5347, 0, 0, 0, , 0, 0, 0, 0, 0, 
367, 0, 369, -1, -1, 381, 244, 24.0, 15, , 7405, 0, 0, 0, , 0, 0, 0, 0, 0, 
368, 0, 370, -1, -1, 305, 289, 28.0, 13, , 2820, 0, 0, 0, , 0, 0, 0, 0, 0, 
369, 0, 371, -1, -1, 291, 314, 20.0, 11, , 2712, 0, 0, 0, , 0, 0, 0, 0, 0, 
370, 1, 372, 369, -1, 281, 330, 21.0, 11, ABalppppppap, 2916, 0, 0, 0, , 0, 0, 0, 0, 0, 
371, 1, 373, 370, -1, 312, 306, 19.0, 15, ABalpppppppa, 4461, 0, 0, 0, , 0, 0, 0, 0, 0, 
372, 0, 374, -1, -1, 359, 258, 23.0, 14, , 1823, 0, 0, 0, , 0, 0, 0, 0, 0, 
373, 1, 375, 372, -1, 324, 287, 15.0, 15, ABalpppaaaa, 4540, 0, 0, 0, , 0, 0, 0, 0, 0, 
374, 1, 376, 373, -1, 324, 254, 15.0, 14, ABalpppaaap, 2703, 0, 0, 0, , 0, 0, 0, 0, 0, 
375, 1, 377, 374, -1, 336, 266, 16.0, 15, ABalpppaapd, 5158, 0, 0, 0, , 0, 0, 0, 0, 0, 
376, 1, 378, 375, -1, 338, 248, 19.0, 13, ABalpppaapv, 4271, 0, 0, 0, , 0, 0, 0, 0, 0, 
377, 1, 379, 376, -1, 303, 293, 15.0, 13, ABalpppapad, 3976, 0, 0, 0, , 0, 0, 0, 0, 0, 
378, 1, 380, 377, -1, 335, 271, 14.0, 15, ABalpppapav, 6213, 0, 0, 0, , 0, 0, 0, 0, 0, 
379, 1, 381, 378, -1, 338, 247, 16.0, 11, ABalaaapalr, 3692, 0, 0, 0, , 0, 0, 0, 0, 0, 
380, 1, 382, 379, -1, 336, 253, 15.0, 15, ABalppaaapp, 6804, 0, 0, 0, , 0, 0, 0, 0, 0, 
381, 1, 383, 380, -1, 286, 299, 15.0, 15, ABplpaaaaap, 6211, 0, 0, 0, , 0, 0, 0, 0, 0, 
382, 1, 384, 381, -1, 291, 253, 13.0, 11, ABalppapppa, 2405, 0, 0, 0, , 0, 0, 0, 0, 0, 
383, 1, 385, 382, -1, 310, 273, 20.0, 17, ABalppappaa, 3800, 0, 0, 0, , 0, 0, 0, 0, 0, 
384, 1, 386, 383, -1, 315, 267, 22.0, 14, ABalapaappa, 1196, 0, 0, 0, , 0, 0, 0, 0, 0, 
385, 1, 387, 384, -1, 277, 250, 11.0, 13, ABalppapapa, 4195, 0, 0, 0, , 0, 0, 0, 0, 0, 
386, 1, 388, 385, -1, 311, 241, 11.0, 13, ABalppapapp, 8662, 0, 0, 0, , 0, 0, 0, 0, 0, 
387, 1, 389, 386, -1, 321, 228, 10.0, 15, ABplaappaa, 6121, 0, 0, 0, , 0, 0, 0, 0, 0, 
388, 1, 390, 387, -1, 312, 249, 20.0, 13, ABalppapaaa, 4352, 0, 0, 0, , 0, 0, 0, 0, 0, 
389, 1, 391, 388, -1, 275, 250, 14.0, 15, ABalpapapaa, 7944, 0, 0, 0, , 0, 0, 0, 0, 0, 
390, 1, 392, 389, -1, 213, 277, 9.0, 19, ABalpapappa, 23210, 0, 0, 0, , 0, 0, 0, 0, 0, 
391, 1, 393, 390, -1, 314, 220, 13.0, 11, ABalpapaapp, 6508, 0, 0, 0, , 0, 0, 0, 0, 0, 
392, 1, 394, 391, -1, 315, 231, 15.0, 13, ABalppapaap, 3971, 0, 0, 0, , 0, 0, 0, 0, 0, 
393, 1, 395, 392, -1, 279, 251, 19.0, 11, ABalpaaaapa, 2317, 0, 0, 0, , 0, 0, 0, 0, 0, 
394, 1, 396, 393, -1, 274, 260, 18.0, 13, ABalpaaaaap, 5131, 0, 0, 0, , 0, 0, 0, 0, 0, 
395, 1, 397, 394, -1, 252, 244, 21.0, 11, ABalpappaaa, 5526, 0, 0, 0, , 0, 0, 0, 0, 0, 
396, 1, 398, 395, -1, 283, 281, 22.0, 15, ABalpapppaa, 5082, 0, 0, 0, , 0, 0, 0, 0, 0, 
397, 1, 399, 396, -1, 260, 263, 19.0, 13, ABalpapppap, 5873, 0, 0, 0, , 0, 0, 0, 0, 0, 
398, 1, 400, 397, -1, 291, 271, 25.0, 15, ABalpaaapaa, 3345, 0, 0, 0, , 0, 0, 0, 0, 0, 
399, 0, 401, -1, -1, 288, 271, 29.0, 11, , 1997, 0, 0, 0, , 0, 0, 0, 0, 0, 
400, 1, 402, 399, -1, 255, 253, 17.0, 13, ABalpaaaapp, 6017, 0, 0, 0, , 0, 0, 0, 0, 0, 
401, 1, 403, 400, -1, 284, 251, 21.0, 15, ABalpaaaaaa, 5339, 0, 0, 0, , 0, 0, 0, 0, 0, 
402, 1, 404, 401, -1, 279, 272, 20.0, 15, ABalpappaap, 6095, 0, 0, 0, , 0, 0, 0, 0, 0, 
403, 0, 405, -1, -1, 301, 229, 18.0, 11, , 2157, 0, 0, 0, , 0, 0, 0, 0, 0, 
404, 1, 406, 403, -1, 315, 228, 21.0, 13, ABalpaapppa, 3722, 0, 0, 0, , 0, 0, 0, 0, 0, 
405, 1, 407, 404, -1, 326, 221, 18.0, 13, ABalpaapppp, 3853, 0, 0, 0, , 0, 0, 0, 0, 0, 
406, 1, 408, 405, -1, 301, 231, 22.0, 11, ABalpaappaa, 2773, 0, 0, 0, , 0, 0, 0, 0, 0, 
407, 0, 409, -1, -1, 280, 270, 29.0, 13, , 3940, 0, 0, 0, , 0, 0, 0, 0, 0, 
408, 0, 410, -1, -1, 289, 252, 26.0, 15, , 6350, 0, 0, 0, , 0, 0, 0, 0, 0, 
409, 0, 411, -1, -1, 283, 267, 16.0, 11, , 3074, 0, 0, 0, , 0, 0, 0, 0, 0, 
410, 0, 412, -1, -1, 192, 273, 27.0, 13, , 4730, 0, 0, 0, , 0, 0, 0, 0, 0, 
411, 1, 413, 410, -1, 134, 318, 28.0, 17, Ealpp, 10615, 0, 0, 0, , 0, 0, 0, 0, 0, 
412, 1, 414, 411, -1, 139, 294, 28.0, 19, Earpp, 34737, 0, 0, 0, , 0, 0, 0, 0, 0, 
413, 0, 415, -1, -1, 172, 302, 24.0, 17, , 7280, 0, 0, 0, , 0, 0, 0, 0, 0, 
414, 1, 416, 413, -1, 209, 294, 22.0, 17, Ealaad, 3777, 0, 0, 0, , 0, 0, 0, 0, 0, 
415, 1, 417, 414, -1, 101, 290, 24.0, 21, Eprpp, 1407, 0, 0, 0, , 0, 0, 0, 0, 0, 
416, 1, 418, 415, -1, 223, 317, 32.0, 17, Dapap, 6535, 0, 0, 0, , 0, 0, 0, 0, 0, 
417, 1, 419, 416, -1, 237, 314, 19.0, 15, Dapaa, 4838, 0, 0, 0, , 0, 0, 0, 0, 0, 
418, 1, 420, 417, -1, 229, 298, 23.0, 15, MSaapaapp, 5438, 0, 0, 0, , 0, 0, 0, 0, 0, 
419, 1, 421, 418, -1, 239, 300, 21.0, 13, MSaapaapa, 3280, 0, 0, 0, , 0, 0, 0, 0, 0, 
420, 1, 422, 419, -1, 195, 204, 30.0, 15, ABarpppapp, 6568, 0, 0, 0, , 0, 0, 0, 0, 0, 
421, 1, 423, 420, -1, 271, 303, 13.0, 13, ABplppaapap, 3729, 0, 0, 0, , 0, 0, 0, 0, 0, 
422, 1, 424, 421, -1, 269, 297, 10.0, 11, ABplppaapaa, 5537, 0, 0, 0, , 0, 0, 0, 0, 0, 
423, 1, 425, 422, -1, 320, 251, 24.0, 13, ABalaaaalar, 2865, 0, 0, 0, , 0, 0, 0, 0, 0, 
424, 1, 426, 423, -1, 287, 186, 33.0, 17, MSppappa, 3054, 0, 0, 0, , 0, 0, 0, 0, 0, 
425, 1, 427, 424, -1, 327, 177, 20.0, 11, ABarpappaa, 3655, 0, 0, 0, , 0, 0, 0, 0, 0, 
426, 1, 428, 425, -1, 114, 291, 35.0, 19, Cppppaa, 9973, 0, 0, 0, , 0, 0, 0, 0, 0, 
427, 1, 429, 426, -1, 73, 291, 29.0, 17, Cppppap, 5045, 0, 0, 0, , 0, 0, 0, 0, 0, 
428, 1, 430, 427, -1, 97, 274, 14.0, 13, Cpppppv, 5258, 0, 0, 0, , 0, 0, 0, 0, 0, 
429, 1, 431, 428, -1, 309, 187, 29.0, 15, ABarpapaapp, 4070, 0, 0, 0, , 0, 0, 0, 0, 0, 
430, 0, 432, -1, -1, 121, 305, 31.0, 17, , 12215, 0, 0, 0, , 0, 0, 0, 0, 0, 
431, 0, 433, -1, -1, 114, 318, 27.0, 15, , 2788, 0, 0, 0, , 0, 0, 0, 0, 0, 
432, 0, 434, -1, -1, 298, 238, 15.0, 11, , 2537, 0, 0, 0, , 0, 0, 0, 0, 0, 
433, 1, 435, 432, -1, 304, 225, 16.0, 15, ABalpapaapa, 6590, 0, 0, 0, , 0, 0, 0, 0, 0, 
434, 0, 436, -1, -1, 154, 293, 30.0, 9, , 1401, 0, 0, 0, , 0, 0, 0, 0, 0, 
435, 1, 437, 434, -1, 228, 294, 10.0, 17, ABplppapaaa, 7837, 0, 0, 0, , 0, 0, 0, 0, 0, 
436, 1, 438, 435, -1, 332, 245, 24.0, 11, ABalaaaalal, 3975, 0, 0, 0, , 0, 0, 0, 0, 0, 
437, 1, 439, 436, -1, 282, 198, 17.0, 13, ABarappppap, 4862, 0, 0, 0, , 0, 0, 0, 0, 0, 
438, 1, 440, 437, -1, 147, 252, 19.0, 13, MSpappap, 4883, 0, 0, 0, , 0, 0, 0, 0, 0, 
439, 1, 565, 438, -1, 217, 242, 31.0, 11, MSpaapapa, 2750, 0, 0, 0, , 0, 0, 0, 0, 0, 
440, 1, 442, 439, -1, 66, 298, 20.0, 15, Cpppppd, 6661, 0, 0, 0, , 0, 0, 0, 0, 0, 
441, 1, 443, 440, -1, 297, 300, 30.0, 11, ABplapaaaaa, 4239, 0, 0, 0, , 0, 0, 0, 0, 0, 
442, 1, 444, 441, -1, 206, 271, 21.0, 11, MSaappaa, 3826, 0, 0, 0, , 0, 0, 0, 0, 0, 
443, 1, 445, 442, -1, 290, 313, 29.0, 15, ABplapaaaap, 10425, 0, 0, 0, , 0, 0, 0, 0, 0, 
444, 1, 446, 443, -1, 321, 255, 18.0, 11, ABalaaaalpa, 2429, 0, 0, 0, , 0, 0, 0, 0, 0, 
445, 1, 447, 444, -1, 330, 223, 22.0, 11, ABalaaaparr, 3301, 0, 0, 0, , 0, 0, 0, 0, 0, 
446, 1, 448, 445, -1, 341, 228, 20.0, 11, ABalaaaparl, 2445, 0, 0, 0, , 0, 0, 0, 0, 0, 
447, 1, 449, 446, -1, 263, 282, 23.0, 11, ABalpaaappp, 1555, 0, 0, 0, , 0, 0, 0, 0, 0, 
448, 1, 450, 447, -1, 274, 283, 24.0, 15, ABalpaaappa, 6644, 0, 0, 0, , 0, 0, 0, 0, 0, 
449, 0, 451, -1, -1, 204, 295, 20.0, 15, , 4211, 0, 0, 0, , 0, 0, 0, 0, 0, 
450, 1, 452, 449, -1, 232, 236, 16.0, 13, ABprpappapa, 8718, 0, 0, 0, , 0, 0, 0, 0, 0, 
451, 1, 453, 450, -1, 142, 315, 18.0, 27, Z3, 1504, 0, 0, 0, , 0, 0, 0, 0, 0, 
452, 1, 454, 451, -1, 152, 339, 34.0, 15, Cappaap, 4314, 0, 0, 0, , 0, 0, 0, 0, 0, 
453, 1, 455, 452, -1, 282, 236, 19.0, 13, ABarappaapp, 9339, 0, 0, 0, , 0, 0, 0, 0, 0, 
454, 1, 456, 453, -1, 205, 223, 27.0, 13, MSpapappa, 3627, 0, 0, 0, , 0, 0, 0, 0, 0, 
455, 1, 457, 454, -1, 218, 236, 23.0, 13, MSpapaapaa, 2885, 0, 0, 0, , 0, 0, 0, 0, 0, 
456, 1, 458, 455, -1, 197, 220, 22.0, 13, MSpapaapap, 2742, 0, 0, 0, , 0, 0, 0, 0, 0, 
457, 1, 459, 456, -1, 286, 162, 22.0, 13, ABpraapaapp, 5981, 0, 0, 0, , 0, 0, 0, 0, 0, 
458, 0, 460, -1, -1, 275, 170, 29.0, 13, , 1982, 0, 0, 0, , 0, 0, 0, 0, 0, 
459, 1, 461, 458, -1, 278, 217, 23.0, 11, ABaraaaaapa, 2087, 0, 0, 0, , 0, 0, 0, 0, 0, 
460, 1, 462, 459, -1, 299, 247, 16.0, 13, ABalppapppp, 4233, 0, 0, 0, , 0, 0, 0, 0, 0, 
461, 1, 463, 460, -1, 321, 197, 20.0, 11, ABalaaappll, 2135, 0, 0, 0, , 0, 0, 0, 0, 0, 
462, 1, 464, 461, -1, 114, 262, 34.0, 15, Cppapap, 5362, 0, 0, 0, , 0, 0, 0, 0, 0, 
463, 1, 465, 462, -1, 306, 291, 27.0, 15, ABalppppaav, 4374, 0, 0, 0, , 0, 0, 0, 0, 0, 
464, 1, 466, 463, -1, 261, 290, 34.0, 15, MSappppp, 3347, 0, 0, 0, , 0, 0, 0, 0, 0, 
465, 1, 467, 464, -1, 284, 285, 27.0, 13, ABalpaapapp, 4864, 0, 0, 0, , 0, 0, 0, 0, 0, 
466, 1, 468, 465, -1, 115, 344, 17.0, 15, ABplpppaapa, 5155, 0, 0, 0, , 0, 0, 0, 0, 0, 
467, 1, 469, 466, -1, 356, 211, 27.0, 19, ABplaaaapa, 6922, 0, 0, 0, , 0, 0, 0, 0, 0, 
468, 0, 470, -1, -1, 215, 313, 26.0, 15, , 4141, 0, 0, 0, , 0, 0, 0, 0, 0, 
469, 1, 471, 468, -1, 230, 233, 19.0, 14, MSpapaaaa, 2963, 0, 0, 0, , 0, 0, 0, 0, 0, 
470, 1, 472, 469, -1, 196, 227, 15.0, 13, MSpapppaa, 5917, 0, 0, 0, , 0, 0, 0, 0, 0, 
471, 1, 473, 470, -1, 184, 237, 17.0, 13, MSpapppap, 4065, 0, 0, 0, , 0, 0, 0, 0, 0, 
472, 0, 474, -1, -1, 314, 242, 34.0, 15, , 2263, 0, 0, 0, , 0, 0, 0, 0, 0, 
473, 1, 475, 472, -1, 271, 174, 22.0, 13, ABprpaapaaa, 4441, 0, 0, 0, , 0, 0, 0, 0, 0, 
474, 1, 476, 473, -1, 303, 306, 15.0, 13, ABalpppppppp, 2661, 0, 0, 0, , 0, 0, 0, 0, 0, 
475, 1, 477, 474, -1, 99, 310, 10.0, 15, Caapap, 9696, 0, 0, 0, , 0, 0, 0, 0, 0, 
476, 1, 478, 475, -1, 233, 209, 12.0, 13, ABprpaapppa, 3255, 0, 0, 0, , 0, 0, 0, 0, 0, 
477, 1, 479, 476, -1, 161, 297, 29.0, 15, Epraa, 4409, 0, 0, 0, , 0, 0, 0, 0, 0, 
478, 1, 480, 477, -1, 303, 186, 22.0, 11, ABalaappppp, 2629, 0, 0, 0, , 0, 0, 0, 0, 0, 
479, 1, 481, 478, -1, 341, 207, 22.0, 13, ABarpaaaaal, 4319, 0, 0, 0, , 0, 0, 0, 0, 0, 
480, 1, 482, 479, -1, 93, 289, 13.0, 13, ABprppppppa, 3845, 0, 0, 0, , 0, 0, 0, 0, 0, 
481, 1, 483, 480, -1, 215, 191, 34.0, 19, ABarpppapa, 9580, 0, 0, 0, , 0, 0, 0, 0, 0, 
482, 1, 484, 481, -1, 280, 281, 16.0, 15, MSappapp, 3600, 0, 0, 0, , 0, 0, 0, 0, 0, 
483, 1, 485, 482, -1, 93, 231, 21.0, 13, ABarpppppp, 2801, 0, 0, 0, , 0, 0, 0, 0, 0, 
484, 1, 486, 483, -1, 242, 198, 16.0, 9, MSpppapa, 1997, 0, 0, 0, , 0, 0, 0, 0, 0, 
485, 1, 487, 484, -1, 308, 272, 32.0, 15, MSapappa, 1378, 0, 0, 0, , 0, 0, 0, 0, 0, 
486, 1, 488, 485, -1, 308, 199, 32.0, 19, MSppappp, 6148, 0, 0, 0, , 0, 0, 0, 0, 0, 
487, 1, 489, 486, -1, 105, 312, 13.0, 13, Cappppd, 4642, 0, 0, 0, , 0, 0, 0, 0, 0, 
488, 1, 490, 487, -1, 224, 264, 29.0, 15, MSaaaappp, 4348, 0, 0, 0, , 0, 0, 0, 0, 0, 
489, 1, 491, 488, -1, 110, 360, 16.0, 11, ABplapppaap, 3820, 0, 0, 0, , 0, 0, 0, 0, 0, 
490, 1, 492, 489, -1, 138, 265, 22.0, 21, Z2, 5281, 0, 0, 0, , 0, 0, 0, 0, 0, 
491, 1, 493, 490, -1, 328, 262, 31.0, 11, ABplaaaaapa, 2801, 0, 0, 0, , 0, 0, 0, 0, 0, 
492, 1, 494, 491, -1, 198, 237, 20.0, 11, MSpapapap, 3353, 0, 0, 0, , 0, 0, 0, 0, 0, 
493, 1, 495, 492, -1, 111, 320, 30.0, 19, Eplap, 20810, 0, 0, 0, , 0, 0, 0, 0, 0, 
494, 0, 496, -1, -1, 97, 318, 26.0, 13, , 2231, 0, 0, 0, , 0, 0, 0, 0, 0, 
495, 1, 497, 494, -1, 100, 311, 21.0, 13, Eplpp, 4109, 0, 0, 0, , 0, 0, 0, 0, 0, 
496, 0, 498, -1, -1, 319, 266, 18.0, 9, , 435, 0, 0, 0, , 0, 0, 0, 0, 0, 
497, 0, 499, -1, -1, 329, 272, 19.0, 9, , 1872, 0, 0, 0, , 0, 0, 0, 0, 0, 
498, 1, 500, 496, -1, 153, 344, 21.0, 17, Capaapp, 4632, 0, 0, 0, , 0, 0, 0, 0, 0, 
499, 1, 501, 497, -1, 179, 343, 23.0, 15, Capaapa, 4153, 0, 0, 0, , 0, 0, 0, 0, 0, 
500, 1, 502, 498, -1, 258, 179, 11.0, 17, ABpraappap, 5164, 0, 0, 0, , 0, 0, 0, 0, 0, 
501, 0, -1, -1, -1, 237, 250, 16.0, 14, , 254, 0, 0, 0, , 0, 0, 0, 0, 0, 
502, 0, 504, -1, -1, 134, 267, 23.0, 14, , 4350, 0, 0, 0, , 0, 0, 0, 0, 0, 
503, 1, 505, 499, -1, 194, 287, 23.0, 19, Ealpa, 10249, 0, 0, 0, , 0, 0, 0, 0, 0, 
504, 0, 506, -1, -1, 204, 280, 29.0, 19, , 23977, 0, 0, 0, , 0, 0, 0, 0, 0, 
505, 1, 507, 501, -1, 239, 166, 16.0, 13, ABpraaappppp, 1599, 0, 0, 0, , 0, 0, 0, 0, 0, 
506, 1, 508, 502, -1, 227, 168, 22.0, 11, ABpraaapppaa, 1741, 0, 0, 0, , 0, 0, 0, 0, 0, 
507, 1, 509, 503, -1, 296, 296, 19.0, 13, ABalpppppaa, 3548, 0, 0, 0, , 0, 0, 0, 0, 0, 
508, 0, 510, -1, -1, 319, 285, 22.0, 11, , 1535, 0, 0, 0, , 0, 0, 0, 0, 0, 
509, 1, 511, 505, -1, 276, 194, 29.0, 13, MSppaaap, 4677, 0, 0, 0, , 0, 0, 0, 0, 0, 
510, 0, 512, -1, -1, 179, 286, 29.0, 13, , 1588, 0, 0, 0, , 0, 0, 0, 0, 0, 
511, 1, 513, 507, -1, 219, 261, 19.0, 13, ABarapapapp, 9226, 0, 0, 0, , 0, 0, 0, 0, 0, 
512, 0, 514, -1, -1, 75, 320, 17.0, 17, , 4748, 0, 0, 0, , 0, 0, 0, 0, 0, 
513, 1, 515, 509, -1, 220, 304, 16.0, 13, MSaapppap, 2681, 0, 0, 0, , 0, 0, 0, 0, 0, 
514, 1, 516, 510, -1, 62, 270, 20.0, 13, Caappd, 1817, 0, 0, 0, , 0, 0, 0, 0, 0, 
515, 1, 517, 511, -1, 264, 322, 23.0, 11, ABplapaaapa, 3386, 0, 0, 0, , 0, 0, 0, 0, 0, 
516, 1, 518, 512, -1, 245, 231, 23.0, 15, ABarapapppp, 6297, 0, 0, 0, , 0, 0, 0, 0, 0, 
517, 1, 519, 513, -1, 227, 296, 15.0, 13, MSaapppaa, 2927, 0, 0, 0, , 0, 0, 0, 0, 0, 
518, 1, 520, 514, -1, 205, 267, 12.0, 13, ABarappappa, 6008, 0, 0, 0, , 0, 0, 0, 0, 0, 
519, 1, 521, 515, -1, 295, 249, 23.0, 13, ABaraaaaaaa, 5337, 0, 0, 0, , 0, 0, 0, 0, 0, 
520, 1, 522, 516, -1, 174, 295, 25.0, 16, Ealap, 893, 0, 0, 0, , 0, 0, 0, 0, 0, 
521, 0, 523, -1, -1, 171, 290, 23.0, 13, , 1403, 0, 0, 0, , 0, 0, 0, 0, 0, 
522, 0, 524, -1, -1, 140, 297, 31.0, 15, , 7347, 0, 0, 0, , 0, 0, 0, 0, 0, 
523, 0, 525, -1, -1, 103, 312, 24.0, 15, , 5551, 0, 0, 0, , 0, 0, 0, 0, 0, 
524, 1, 526, 520, -1, 197, 285, 11.0, 13, ABplpaaaapp, 5562, 0, 0, 0, , 0, 0, 0, 0, 0, 
525, 0, 527, -1, -1, 264, 322, 23.0, 13, , 4143, 0, 0, 0, , 0, 0, 0, 0, 0, 
526, 0, 528, -1, -1, 135, 268, 22.0, 13, , 5645, 0, 0, 0, , 0, 0, 0, 0, 0, 
527, 1, 529, 523, -1, 240, 233, 20.0, 13, ABarapappap, 5960, 0, 0, 0, , 0, 0, 0, 0, 0, 
528, 0, 530, -1, -1, 109, 292, 10.0, 13, , 1665, 0, 0, 0, , 0, 0, 0, 0, 0, 
529, 0, 531, -1, -1, 271, 199, 13.0, 13, , 2741, 0, 0, 0, , 0, 0, 0, 0, 0, 
530, 1, 533, 526, -1, 109, 306, 16.0, 13, ABprpappppp, 4324, 0, 0, 0, , 0, 0, 0, 0, 0, 
531, 1, 534, 527, -1, 184, 249, 26.0, 17, Earaad, 12500, 0, 0, 0, , 0, 0, 0, 0, 0, 
532, 1, 535, 528, -1, 273, 279, 11.0, 15, ABplpaapppa, 7696, 0, 0, 0, , 0, 0, 0, 0, 0, 
533, 1, 536, 529, -1, 257, 251, 10.0, 19, ABalpapapap, 9594, 0, 0, 0, , 0, 0, 0, 0, 0, 
534, 1, 537, 530, -1, 252, 280, 11.0, 17, ABalpapappp, 7713, 0, 0, 0, , 0, 0, 0, 0, 0, 
535, 1, 538, 531, -1, 95, 298, 28.0, 15, Eprpa, 5063, 0, 0, 0, , 0, 0, 0, 0, 0, 
536, 0, 539, -1, -1, 349, 278, 24.0, 15, , 5875, 0, 0, 0, , 0, 0, 0, 0, 0, 
537, 1, 540, 533, -1, 310, 227, 32.0, 15, ABalapapapa, 2072, 0, 0, 0, , 0, 0, 0, 0, 0, 
538, 1, 541, 534, -1, 332, 199, 30.0, 11, ABalapppapp, 1121, 0, 0, 0, , 0, 0, 0, 0, 0, 
539, 0, 542, -1, -1, 289, 238, 12.0, 13, , 3400, 0, 0, 0, , 0, 0, 0, 0, 0, 
540, 1, 543, 536, -1, 303, 225, 12.0, 14, ABalpapaaap, 4629, 0, 0, 0, , 0, 0, 0, 0, 0, 
541, 1, 544, 537, -1, 236, 206, 17.0, 13, MSpppapp, 3492, 0, 0, 0, , 0, 0, 0, 0, 0, 
542, 1, 545, 538, -1, 299, 292, 23.0, 11, ABalppppaad, 3528, 0, 0, 0, , 0, 0, 0, 0, 0, 
543, 1, 546, 539, -1, 235, 321, 25.0, 17, MSapapaa, 4337, 0, 0, 0, , 0, 0, 0, 0, 0, 
544, 0, 547, -1, -1, 276, 215, 32.0, 15, , 1680, 0, 0, 0, , 0, 0, 0, 0, 0, 
545, 1, 548, 541, -1, 292, 224, 29.0, 17, ABaraappaaa, 7674, 0, 0, 0, , 0, 0, 0, 0, 0, 
546, 0, 549, -1, -1, 259, 324, 16.0, 15, , 9459, 0, 0, 0, , 0, 0, 0, 0, 0, 
547, 0, 550, -1, -1, 143, 313, 19.0, 17, , 12374, 0, 0, 0, , 0, 0, 0, 0, 0, 
548, 1, 551, 544, -1, 278, 305, 21.0, 15, ABalpppppap, 7204, 0, 0, 0, , 0, 0, 0, 0, 0, 
549, 1, 552, 545, -1, 308, 258, 12.0, 13, ABalppaappp, 3640, 0, 0, 0, , 0, 0, 0, 0, 0, 
550, 1, 553, 546, -1, 273, 289, 28.0, 13, MSaaapaap, 1871, 0, 0, 0, , 0, 0, 0, 0, 0, 
551, 0, 554, -1, -1, 259, 161, 29.0, 15, , 3010, 0, 0, 0, , 0, 0, 0, 0, 0, 
552, 0, 555, -1, -1, 335, 238, 22.0, 11, , 2129, 0, 0, 0, , 0, 0, 0, 0, 0, 
553, 1, 556, 549, -1, 73, 323, 18.0, 13, Cappppv, 2288, 0, 0, 0, , 0, 0, 0, 0, 0, 
554, 0, 207, -1, -1, 115, 297, 9.0, 17, , 13393, 0, 0, 0, , 0, 0, 0, 0, 0, 
555, 1, 558, 551, -1, 289, 301, 12.0, 13, ABplppaaaaa, 5980, 0, 0, 0, , 0, 0, 0, 0, 0, 
556, 1, 560, 552, -1, 253, 223, 20.0, 15, ABarapaaaap, 11102, 0, 0, 0, , 0, 0, 0, 0, 0, 
557, 1, 561, 553, -1, 280, 223, 30.0, 15, ABaraappaap, 10758, 0, 0, 0, , 0, 0, 0, 0, 0, 
558, 1, 562, 554, -1, 291, 222, 25.0, 11, ABaraaaapap, 4844, 0, 0, 0, , 0, 0, 0, 0, 0, 
559, 1, 563, 555, -1, 248, 210, 30.0, 15, ABaraaapapa, 3244, 0, 0, 0, , 0, 0, 0, 0, 0, 
560, 1, 564, 556, -1, 186, 275, 25.0, 19, Earpa, 5343, 0, 0, 0, , 0, 0, 0, 0, 0, 
561, 0, 565, -1, -1, 214, 239, 30.0, 15, , 4561, 0, 0, 0, , 0, 0, 0, 0, 0, 
562, 1, 566, 558, -1, 306, 239, 18.0, 15, ABalpapaaaa, 7657, 0, 0, 0, , 0, 0, 0, 0, 0, 
563, 0, 567, -1, -1, 67, 262, 20.0, 15, , 1751, 0, 0, 0, , 0, 0, 0, 0, 0, 
564, 0, 568, -1, -1, 226, 217, 27.0, 19, , 5415, 0, 0, 0, , 0, 0, 0, 0, 0, 
565, 1, 569, 561, -1, 312, 165, 25.0, 17, ABarpappap, 2235, 0, 0, 0, , 0, 0, 0, 0, 0, 
566, 1, 570, 562, -1, 256, 182, 33.0, 15, ABarpppaaa, 5174, 0, 0, 0, , 0, 0, 0, 0, 0, 
567, 0, 571, -1, -1, 95, 296, 27.0, 15, , 1227, 0, 0, 0, , 0, 0, 0, 0, 0, 
568, 0, 572, -1, -1, 156, 312, 27.0, 19, , 15988, 0, 0, 0, , 0, 0, 0, 0, 0, 
569, 1, 573, 565, -1, 327, 257, 21.0, 11, ABalapaappp, 3428, 0, 0, 0, , 0, 0, 0, 0, 0, 
570, 0, 574, -1, -1, 82, 253, 25.0, 21, , 17552, 0, 0, 0, , 0, 0, 0, 0, 0, 
571, 1, 575, 567, -1, 263, 176, 31.0, 11, ABalappapap, 2581, 0, 0, 0, , 0, 0, 0, 0, 0, 
572, 1, 576, 568, -1, 302, 280, 10.0, 15, ABplaappap, 4555, 0, 0, 0, , 0, 0, 0, 0, 0, 
573, 0, 577, -1, -1, 235, 187, 9.0, 9, , 1867, 0, 0, 0, , 0, 0, 0, 0, 0, 
574, 1, 578, 570, -1, 313, 298, 24.0, 15, ABalpppapppp, 2112, 0, 0, 0, , 0, 0, 0, 0, 0, 
575, 1, 579, 571, -1, 220, 275, 12.0, 13, ABplppaappa, 4918, 0, 0, 0, , 0, 0, 0, 0, 0, 
576, 1, 580, 572, -1, 270, 262, 36.0, 21, ABarppaapa, 9962, 0, 0, 0, , 0, 0, 0, 0, 0, 
577, 0, -1, -1, -1, 233, 203, 10.0, 9, , 1312, 0, 0, 0, , 0, 0, 0, 0, 0, 
578, 1, 583, 574, -1, 244, 160, 19.0, 19, ABpraaappppa, 6455, 0, 0, 0, , 0, 0, 0, 0, 0, 
579, 1, 584, 575, -1, 115, 369, 25.0, 13, Cpapap, 2605, 0, 0, 0, , 0, 0, 0, 0, 0, 
580, 1, 585, 576, -1, 237, 250, 12.0, 15, ABplpaaaapa, 9856, 0, 0, 0, , 0, 0, 0, 0, 0, 
581, 1, 586, 577, -1, 326, 255, 11.0, 17, ABplpaaapap, 8331, 0, 0, 0, , 0, 0, 0, 0, 0, 
582, 1, 587, 578, -1, 254, 282, 26.0, 17, ABaraapapaa, 8896, 0, 0, 0, , 0, 0, 0, 0, 0, 
583, 0, 588, -1, -1, 310, 242, 33.0, 11, , 819, 0, 0, 0, , 0, 0, 0, 0, 0, 
584, 1, 589, 580, -1, 91, 249, 13.0, 13, ABprpppaapp, 4607, 0, 0, 0, , 0, 0, 0, 0, 0, 
585, 1, 590, 581, -1, 140, 304, 11.0, 15, ABplppppapa, 4366, 0, 0, 0, , 0, 0, 0, 0, 0, 
586, 1, 591, 582, -1, 197, 247, 12.0, 11, ABprpapppap, 4293, 0, 0, 0, , 0, 0, 0, 0, 0, 
587, 1, 592, 583, -1, 295, 282, 20.0, 11, MSapapap, 1404, 0, 0, 0, , 0, 0, 0, 0, 0, 
588, 0, 593, -1, -1, 253, 160, 28.0, 15, , 3376, 0, 0, 0, , 0, 0, 0, 0, 0, 
589, 0, 594, -1, -1, 108, 316, 28.0, 13, , 1911, 0, 0, 0, , 0, 0, 0, 0, 0, 
590, 0, -1, -1, -1, 198, 274, 26.0, 11, , 1598, 0, 0, 0, , 0, 0, 0, 0, 0, 
591, 0, 596, -1, -1, 280, 194, 15.0, 9, , 752, 0, 0, 0, , 0, 0, 0, 0, 0, 
592, 1, 597, 587, -1, 250, 181, 35.0, 17, ABarpaappp, 3610, 0, 0, 0, , 0, 0, 0, 0, 0, 
593, 1, 598, 588, -1, 270, 293, 19.0, 11, MSapppaa, 1266, 0, 0, 0, , 0, 0, 0, 0, 0, 
594, 0, 599, -1, -1, 219, 251, 14.0, 9, , 1854, 0, 0, 0, , 0, 0, 0, 0, 0, 
595, 0, 600, -1, -1, 247, 328, 15.0, 11, , 1119, 0, 0, 0, , 0, 0, 0, 0, 0, 
596, 1, 601, 591, -1, 298, 245, 25.0, 13, ABalpaapaaa, 5106, 0, 0, 0, , 0, 0, 0, 0, 0, 
597, 0, 602, -1, -1, 196, 270, 29.0, 11, , 2193, 0, 0, 0, , 0, 0, 0, 0, 0, 
598, 0, 603, -1, -1, 135, 322, 29.0, 13, , 2659, 0, 0, 0, , 0, 0, 0, 0, 0, 
599, 0, 604, -1, -1, 323, 228, 34.0, 9, , 1729, 0, 0, 0, , 0, 0, 0, 0, 0, 
600, 0, 605, -1, -1, 328, 246, 36.0, 13, , 986, 0, 0, 0, , 0, 0, 0, 0, 0, 
601, 1, 606, 595, -1, 233, 169, 27.0, 13, ABpraapappp, 3999, 0, 0, 0, , 0, 0, 0, 0, 0, 
602, 0, 607, -1, -1, 281, 316, 14.0, 11, , 1553, 0, 0, 0, , 0, 0, 0, 0, 0, 
603, 1, 608, 597, -1, 251, 325, 14.0, 19, ABplaapppp, 7316, 0, 0, 0, , 0, 0, 0, 0, 0, 
604, 0, 609, -1, -1, 262, 214, 31.0, 11, , 2649, 0, 0, 0, , 0, 0, 0, 0, 0, 
605, 0, 610, -1, -1, 165, 290, 31.0, 11, , 589, 0, 0, 0, , 0, 0, 0, 0, 0, 
606, 1, 611, 600, -1, 151, 314, 29.0, 15, Eplaa, 7974, 0, 0, 0, , 0, 0, 0, 0, 0, 
607, 0, 612, -1, -1, 310, 181, 20.0, 9, , 849, 0, 0, 0, , 0, 0, 0, 0, 0, 
608, 1, 613, 602, -1, 336, 260, 23.0, 11, ABalppppapp, 3792, 0, 0, 0, , 0, 0, 0, 0, 0, 
609, 1, 614, 603, -1, 244, 204, 26.0, 13, ABarapaappa, 6082, 0, 0, 0, , 0, 0, 0, 0, 0, 
610, 0, 615, -1, -1, 312, 164, 24.0, 17, , 5819, 0, 0, 0, , 0, 0, 0, 0, 0, 
611, 1, 616, 605, -1, 217, 308, 34.0, 15, Dappap, 1963, 0, 0, 0, , 0, 0, 0, 0, 0, 
612, 1, 617, 606, -1, 233, 253, 22.0, 11, ABarapapaaa, 7404, 0, 0, 0, , 0, 0, 0, 0, 0, 
613, 0, 618, -1, -1, 181, 269, 26.0, 15, , 3532, 0, 0, 0, , 0, 0, 0, 0, 0, 
614, 0, 619, -1, -1, 328, 222, 24.0, 11, , 1513, 0, 0, 0, , 0, 0, 0, 0, 0, 
615, 1, 620, 609, -1, 349, 242, 29.0, 11, ABplaaaaaap, 3508, 0, 0, 0, , 0, 0, 0, 0, 0, 
616, 0, 621, -1, -1, 256, 214, 35.0, 14, , 3095, 0, 0, 0, , 0, 0, 0, 0, 0, 
617, 1, 622, 611, -1, 184, 292, 28.0, 13, Earap, 1613, 0, 0, 0, , 0, 0, 0, 0, 0, 
618, 1, 623, 612, -1, 324, 200, 28.0, 15, ABarpapaaaa, 4318, 0, 0, 0, , 0, 0, 0, 0, 0, 
619, 0, 624, -1, -1, 267, 178, 27.0, 11, , 1701, 0, 0, 0, , 0, 0, 0, 0, 0, 
620, 0, 625, -1, -1, 144, 315, 20.0, 15, , 4033, 0, 0, 0, , 0, 0, 0, 0, 0, 
621, 0, 627, -1, -1, 187, 251, 25.0, 17, , 7799, 0, 0, 0, , 0, 0, 0, 0, 0, 
622, 0, 628, -1, -1, 119, 300, 28.0, 15, , 3275, 0, 0, 0, , 0, 0, 0, 0, 0, 
623, 0, 629, -1, -1, 113, 299, 30.0, 13, , 2920, 0, 0, 0, , 0, 0, 0, 0, 0, 
624, 1, 630, 618, -1, 306, 272, 13.0, 17, ABplpaaappp, 8166, 0, 0, 0, , 0, 0, 0, 0, 0, 
625, 1, 631, 619, -1, 271, 168, 23.0, 13, ABpraaapaav, 2690, 0, 0, 0, , 0, 0, 0, 0, 0, 
626, 0, 632, -1, -1, 340, 287, 19.0, 14, , 384, 0, 0, 0, , 0, 0, 0, 0, 0, 
627, 1, 633, 621, -1, 294, 235, 36.0, 15, ABarpaappa, 2812, 0, 0, 0, , 0, 0, 0, 0, 0, 
628, 0, 634, -1, -1, 172, 297, 22.0, 17, , 6270, 0, 0, 0, , 0, 0, 0, 0, 0, 
629, 0, 635, -1, -1, 306, 263, 16.0, 13, , 3024, 0, 0, 0, , 0, 0, 0, 0, 0, 
630, 0, 636, -1, -1, 80, 243, 20.0, 11, , 5046, 0, 0, 0, , 0, 0, 0, 0, 0, 
631, 1, 637, 625, -1, 230, 214, 24.0, 17, ABarapaappp, 25044, 0, 0, 0, , 0, 0, 0, 0, 0, 
632, 1, 638, 626, -1, 234, 335, 32.0, 17, Caaaaa, 4823, 0, 0, 0, , 0, 0, 0, 0, 0, 
633, 0, 639, -1, -1, 325, 278, 18.0, 11, , 4192, 0, 0, 0, , 0, 0, 0, 0, 0, 
634, 1, 640, 628, -1, 309, 288, 18.0, 11, ABalapaapaa, 3119, 0, 0, 0, , 0, 0, 0, 0, 0, 
635, 0, 641, -1, -1, 255, 204, 18.0, 11, , 2394, 0, 0, 0, , 0, 0, 0, 0, 0, 
636, 1, 642, 630, -1, 342, 275, 21.0, 13, ABalapaapap, 3907, 0, 0, 0, , 0, 0, 0, 0, 0, 
637, 0, 643, -1, -1, 197, 268, 24.0, 11, , 2160, 0, 0, 0, , 0, 0, 0, 0, 0, 
638, 1, 644, 632, -1, 276, 213, 30.0, 13, ABaraappapa, 7382, 0, 0, 0, , 0, 0, 0, 0, 0, 
639, 1, 645, 633, -1, 92, 340, 16.0, 19, ABplapapppp, 10087, 0, 0, 0, , 0, 0, 0, 0, 0, 
640, 1, 646, 634, -1, 233, 257, 19.0, 15, ABarapapppa, 4468, 0, 0, 0, , 0, 0, 0, 0, 0, 
641, 1, 647, 635, -1, 266, 218, 21.0, 17, ABarapaaaaa, 7516, 0, 0, 0, , 0, 0, 0, 0, 0, 
642, 1, 648, 636, -1, 141, 367, 28.0, 11, Cpaapp, 1392, 0, 0, 0, , 0, 0, 0, 0, 0, 
643, 0, 649, -1, -1, 90, 266, 29.0, 15, , 3900, 0, 0, 0, , 0, 0, 0, 0, 0, 
644, 0, 650, -1, -1, 291, 311, 30.0, 14, , 6873, 0, 0, 0, , 0, 0, 0, 0, 0, 
645, 1, 698, 639, -1, 344, 255, 27.0, 11, ABalapapppp, 8195, 0, 0, 0, , 0, 0, 0, 0, 0, 
646, 1, 652, 640, -1, 329, 269, 25.0, 15, ABalppppapa, 4825, 0, 0, 0, , 0, 0, 0, 0, 0, 
647, 0, 653, -1, -1, 260, 262, 21.0, 13, , 6134, 0, 0, 0, , 0, 0, 0, 0, 0, 
648, 0, 654, -1, -1, 308, 216, 31.0, 9, , 539, 0, 0, 0, , 0, 0, 0, 0, 0, 
649, 0, 655, -1, -1, 192, 194, 16.0, 15, , 3383, 0, 0, 0, , 0, 0, 0, 0, 0, 
650, 0, 657, -1, -1, 105, 367, 25.0, 14, , 2168, 0, 0, 0, , 0, 0, 0, 0, 0, 
651, 0, 658, -1, -1, 313, 273, 28.0, 14, , 256, 0, 0, 0, , 0, 0, 0, 0, 0, 
652, 1, 659, 646, -1, 196, 211, 26.0, 13, MSppapaa, 2192, 0, 0, 0, , 0, 0, 0, 0, 0, 
653, 1, 660, 647, -1, 101, 247, 31.0, 17, Caaapp, 2714, 0, 0, 0, , 0, 0, 0, 0, 0, 
654, 1, 661, 648, -1, 286, 237, 10.0, 11, ABarappaaap, 8490, 0, 0, 0, , 0, 0, 0, 0, 0, 
655, 1, 662, 649, -1, 296, 198, 13.0, 13, ABprpaaapaa, 5838, 0, 0, 0, , 0, 0, 0, 0, 0, 
656, 0, 663, -1, -1, 257, 154, 26.0, 13, , 1005, 0, 0, 0, , 0, 0, 0, 0, 0, 
657, 0, 664, -1, -1, 258, 255, 27.0, 11, , 2315, 0, 0, 0, , 0, 0, 0, 0, 0, 
658, 0, 665, -1, -1, 263, 255, 28.0, 11, , 899, 0, 0, 0, , 0, 0, 0, 0, 0, 
659, 0, 666, -1, -1, 139, 261, 21.0, 13, , 2018, 0, 0, 0, , 0, 0, 0, 0, 0, 
660, 0, 667, -1, -1, 297, 200, 25.0, 13, , 4244, 0, 0, 0, , 0, 0, 0, 0, 0, 
661, 0, 668, -1, -1, 309, 232, 12.0, 11, , 4639, 0, 0, 0, , 0, 0, 0, 0, 0, 
662, 0, 669, -1, -1, 266, 276, 16.0, 7, , 333, 0, 0, 0, , 0, 0, 0, 0, 0, 
663, 0, 670, -1, -1, 256, 154, 24.0, 11, , 2661, 0, 0, 0, , 0, 0, 0, 0, 0, 
664, 0, 672, -1, -1, 107, 295, 27.0, 15, , 6098, 0, 0, 0, , 0, 0, 0, 0, 0, 
665, 1, 673, 658, -1, 199, 244, 29.0, 11, MSpaapapp, 1599, 0, 0, 0, , 0, 0, 0, 0, 0, 
666, 0, 674, -1, -1, 287, 184, 21.0, 9, , 691, 0, 0, 0, , 0, 0, 0, 0, 0, 
667, 0, 675, -1, -1, 110, 291, 22.0, 15, , 5800, 0, 0, 0, , 0, 0, 0, 0, 0, 
668, 1, 676, 661, -1, 273, 192, 14.0, 14, ABprpaaappa, 4323, 0, 0, 0, , 0, 0, 0, 0, 0, 
669, 0, 677, -1, -1, 270, 321, 16.0, 9, , 1248, 0, 0, 0, , 0, 0, 0, 0, 0, 
670, 0, 678, -1, -1, 239, 197, 10.0, 13, , 3953, 0, 0, 0, , 0, 0, 0, 0, 0, 
671, 1, 679, 664, -1, 316, 246, 14.0, 13, ABplpaaapaa, 2487, 0, 0, 0, , 0, 0, 0, 0, 0, 
672, 0, 680, -1, -1, 94, 360, 20.0, 11, , 1953, 0, 0, 0, , 0, 0, 0, 0, 0, 
673, 0, 681, -1, -1, 354, 208, 28.0, 13, , 1290, 0, 0, 0, , 0, 0, 0, 0, 0, 
674, 1, 682, 667, -1, 197, 310, 33.0, 17, Dapppa, 1953, 0, 0, 0, , 0, 0, 0, 0, 0, 
675, 0, 683, -1, -1, 233, 250, 14.0, 11, , 1799, 0, 0, 0, , 0, 0, 0, 0, 0, 
676, 0, 684, -1, -1, 235, 318, 23.0, 11, , 1063, 0, 0, 0, , 0, 0, 0, 0, 0, 
677, 1, 707, 670, -1, 285, 177, 14.0, 13, ABpraaaapad, 2133, 0, 0, 0, , 0, 0, 0, 0, 0, 
678, 0, -1, -1, -1, 93, 287, 22.0, 13, , 1930, 0, 0, 0, , 0, 0, 0, 0, 0, 
679, 0, -1, -1, -1, 291, 267, 27.0, 11, , 3845, 0, 0, 0, , 0, 0, 0, 0, 0, 
680, 0, -1, -1, -1, 164, 296, 29.0, 19, , 4955, 0, 0, 0, , 0, 0, 0, 0, 0, 
681, 0, -1, -1, -1, 214, 342, 31.0, 17, , 1472, 0, 0, 0, , 0, 0, 0, 0, 0, 
682, 1, 706, 675, -1, 202, 280, 31.0, 17, Earaav, 7947, 0, 0, 0, , 0, 0, 0, 0, 0, 
683, 1, 693, 676, -1, 91, 287, 11.0, 13, ABprpppapap, 4033, 0, 0, 0, , 0, 0, 0, 0, 0, 
684, 0, -1, -1, -1, 331, 231, 19.0, 11, , 2005, 0, 0, 0, , 0, 0, 0, 0, 0, 
685, 1, 695, 678, -1, 290, 213, 19.0, 15, ABaraaappap, 3187, 0, 0, 0, , 0, 0, 0, 0, 0, 
686, 0, -1, -1, -1, 350, 257, 29.0, 11, , 961, 0, 0, 0, , 0, 0, 0, 0, 0, 
687, 1, 685, 688, -1, 214, 332, 34.0, 19, Cpaaap, 0, 0, 0, 0, , 0, 0, 0, 0, 0, 
688, 1, 686, 690, -1, 177, 327, 33.0, 15, Dapppp, 0, 0, 0, 0, , 0, 0, 0, 0, 0, 
689, 1, 687, 691, -1, 168, 256, 33.0, 13, Dppppp, 0, 0, 0, 0, , 0, 0, 0, 0, 0, 
690, 1, 688, 692, -1, 80, 253, 24.571428, 21, Cpapaa, 2058, 0, 0, 0, , 0, 0, 0, 0, 0, 
691, 1, 689, 693, -1, 124, 242, 33.0, 15, Caaapa, 0, 0, 0, 0, , 0, 0, 0, 0, 0, 
692, 0, 690, -1, -1, 113, 321, 33.0, 15, , 0, 0, 0, 0, , 0, 0, 0, 0, 0, 
693, 1, 691, 696, -1, 251, 309, 34.0, 15, Cpaaaa, 0, 0, 0, 0, , 0, 0, 0, 0, 0, 
694, 1, 692, 697, -1, 160, 231, 33.0, 15, Caaaap, 0, 0, 0, 0, , 0, 0, 0, 0, 0, 
695, 1, 694, 683, -1, 277, 282, 9.0, 17, ABplaapppa, 4330, 0, 0, 0, , 0, 0, 0, 0, 0, 
696, 1, 696, 682, -1, 244, 248, 19.0, 14, ABalpappppa, 3265, 0, 0, 0, , 0, 0, 0, 0, 0, 
697, 1, 697, 698, -1, 260, 262, 22.31579, 16, ABalpappppp, 5338, 0, 0, 0, , 0, 0, 0, 0, 0, 
698, 1, 699, 699, -1, 305, 175, 23.0, 15, ABalappappp, 0, 0, 0, 0, , 0, 0, 0, 0, 0, 
699, 1, 651, 700, -1, 347, 256, 25.2, 15, ABalapaaapp, 4876, 0, 0, 0, , 0, 0, 0, 0, 0, 
700, 1, 700, 701, -1, 309, 262, 14.0, 15, ABplpaaappa, 0, 0, 0, 0, , 0, 0, 0, 0, 0, 
701, 1, 701, 702, -1, 77, 291, 13.0, 13, ABprppppppp, 0, 0, 0, 0, , 0, 0, 0, 0, 0, 
702, 1, 702, 703, -1, 222, 226, 12.0, 13, ABprpapapap, 0, 0, 0, 0, , 0, 0, 0, 0, 0, 
703, 0, 703, -1, -1, 286, 236, 8.714286, 11, , 1530, 0, 0, 0, , 0, 0, 0, 0, 0, 
704, 0, 704, -1, -1, 310, 260, 11.166667, 15, , 0, 0, 0, 0, , 0, 0, 0, 0, 0, 
705, 1, 705, 663, -1, 236, 200, 10.0, 17, ABpraapppa, 3621, 0, 0, 0, , 0, 0, 0, 0, 0, 
706, 1, 708, 706, -1, 216, 314, 27.25, 13, Ealaav, 0, 0, 0, 0, , 0, 0, 0, 0, 0, 
707, 1, 709, 707, -1, 113, 301, 10.0, 15, ABplpppapap, 0, 0, 0, 0, , 0, 0, 0, 0, 0, 
708, 1, 711, 708, -1, 278, 179, 17.0, 13, ABalaappapa, 0, 0, 0, 0, , 0, 0, 0, 0, 0, 
709, 0, 712, -1, -1, 334, 244, 19.428572, 13, , 0, 0, 0, 0, , 0, 0, 0, 0, 0, 
710, 1, 713, 710, -1, 104, 290, 13.0, 13, Caapaa, 0, 0, 0, 0, , 0, 0, 0, 0, 0, 
711, 1, 714, 711, -1, 258, 327, 17.0, 16, ABplppaaaap, 0, 0, 0, 0, , 0, 0, 0, 0, 0, 
712, 1, 715, 712, -1, 216, 257, 15.0, 15, ABplpappaap, 0, 0, 0, 0, , 0, 0, 0, 0, 0, 
713, 1, 716, 713, -1, 227, 221, 26.0, 13, ABaraapppaa, 0, 0, 0, 0, , 0, 0, 0, 0, 0, 
714, 1, 710, 714, -1, 320, 267, 18.0, 13, ABalppaaapa, 0, 0, 0, 0, , 0, 0, 0, 0, 0, 
715, 0, 717, -1, -1, 278, 268, 28.0, 16, , 0, 0, 0, 0, , 0, 0, 0, 0, 0, 
716, 1, 718, 716, -1, 289, 251, 26.0, 13, ABalpaapaap, 0, 0, 0, 0, , 0, 0, 0, 0, 0, 
717, 1, 719, 717, -1, 298, 229, 18.0, 13, ABalpaappap, 0, 0, 0, 0, , 0, 0, 0, 0, 0, 
718, 1, 720, 718, -1, 334, 238, 22.0, 13, ABalapaaapa, 0, 0, 0, 0, , 0, 0, 0, 0, 0, 
719, 1, 721, 720, -1, 285, 184, 21.0, 13, ABalaappppa, 0, 0, 0, 0, , 0, 0, 0, 0, 0, 
720, 1, 722, 721, -1, 294, 186, 16.0, 11, ABalaappapp, 0, 0, 0, 0, , 0, 0, 0, 0, 0, 
721, 1, 723, 723, -1, 306, 181, 17.0, 13, ABalaaapprl, 0, 0, 0, 0, , 0, 0, 0, 0, 0, 
722, 1, 724, 725, -1, 329, 266, 29.0, 13, ABalapapppa, 0, 0, 0, 0, , 0, 0, 0, 0, 0, 
723, 1, 90, 722, -1, 319, 192, 21.0, 13, ABalaaapplr, 0, 0, 0, 0, , 0, 0, 0, 0, 0, 
724, 1, 725, 724, -1, 331, 231, 30.0, 11, ABalapapapp, 0, 0, 0, 0, , 0, 0, 0, 0, 0, 
725, 1, 726, 726, -1, 294, 184, 29.0, 13, ABalapppppp, 0, 0, 0, 0, , 0, 0, 0, 0, 0, 
726, 1, 727, 727, -1, 307, 259, 17.0, 13, ABalppappap, 0, 0, 0, 0, , 0, 0, 0, 0, 0, 
727, 1, 728, 728, -1, 348, 280, 23.714285, 14, ABplaaappa, 2638, 0, 0, 0, , 0, 0, 0, 0, 0, 
728, 1, 729, 729, -1, 310, 214, 31.181818, 10, ABalapppapa, 1235, 0, 0, 0, , 0, 0, 0, 0, 0, 
729, 0, 730, -1, -1, 287, 295, 10.292135, 12, , 0, 0, 0, 0, , 0, 0, 0, 0, 0, 
730, 1, 731, 731, -1, 274, 199, 13.0, 13, ABalaapappp, 0, 0, 0, 0, , 0, 0, 0, 0, 0, 
731, 1, 732, 732, -1, 320, 228, 25.333334, 11, ABalapappaa, 0, 0, 0, 0, , 0, 0, 0, 0, 0, 
732, 1, 733, 733, -1, 280, 230, 18.0, 13, ABarapapapa, 0, 0, 0, 0, , 0, 0, 0, 0, 0, 
733, 1, 717, 398, -1, 280, 269, 28.5, 15, ABalpaapapa, 0, 0, 0, 0, , 0, 0, 0, 0, 0, 
734, 1, 734, 734, -1, 118, 302, 28.0, 15, Eprap, 0, 0, 0, 0, , 0, 0, 0, 0, 0, 
735, 0, 735, -1, -1, 118, 305, 31.2, 15, , 0, 0, 0, 0, , 0, 0, 0, 0, 0, 
736, 1, 736, 736, -1, 252, 206, 17.625, 13, MSppaaaav, 0, 0, 0, 0, , 0, 0, 0, 0, 0, 
737, 1, 609, 737, -1, 267, 215, 32.5, 15, MSpaaaapa, 1757, 0, 0, 0, , 0, 0, 0, 0, 0, 
738, 1, 737, 738, -1, 215, 196, 11.0, 13, ABprppaapaa, 0, 0, 0, 0, , 0, 0, 0, 0, 0, 
739, 1, 738, 739, -1, 80, 240, 19.833334, 11, ABprapppaap, 5107, 0, 0, 0, , 0, 0, 0, 0, 0, 
740, 1, 139, 740, -1, 286, 263, 10.0, 15, ABplpaapppp, 2732, 0, 0, 0, , 0, 0, 0, 0, 0, 
741, 0, 739, -1, -1, 341, 219, 28.6, 15, , 0, 0, 0, 0, , 0, 0, 0, 0, 0, 
742, 0, 741, -1, -1, 309, 232, 12.0, 13, , 0, 0, 0, 0, , 0, 0, 0, 0, 0, 
743, 0, 742, -1, -1, 283, 177, 25.363636, 13, , 0, 0, 0, 0, , 0, 0, 0, 0, 0, 
744, 0, 743, -1, -1, 278, 176, 28.0, 13, , 0, 0, 0, 0, , 0, 0, 0, 0, 0, 
745, 0, 744, -1, -1, 162, 318, 35.166668, 15, , 0, 0, 0, 0, , 0, 0, 0, 0, 0, 
746, 1, 745, 747, -1, 173, 346, 33.0, 15, Cpaapa, 0, 0, 0, 0, , 0, 0, 0, 0, 0, 
747, 1, 746, 748, -1, 320, 240, 35.0, 15, ABarpaapap, 0, 0, 0, 0, , 0, 0, 0, 0, 0, 
748, 1, 747, 749, -1, 256, 159, 27.0, 15, ABarpapppp, 0, 0, 0, 0, , 0, 0, 0, 0, 0, 
749, 1, 748, 750, -1, 289, 313, 21.0, 11, ABalppppppaa, 0, 0, 0, 0, , 0, 0, 0, 0, 0, 
750, 0, 749, -1, -1, 281, 322, 9.5, 13, , 0, 0, 0, 0, , 0, 0, 0, 0, 0, 
751, 1, 750, 752, -1, 265, 178, 27.0, 13, ABalappapaa, 0, 0, 0, 0, , 0, 0, 0, 0, 0, 
752, 1, 751, 753, -1, 324, 193, 24.6, 13, ABalappppap, 0, 0, 0, 0, , 0, 0, 0, 0, 0, 
753, 1, 752, -1, -1, 288, 200, 18.0, 13, ABarapppaaa, 0, 0, 0, 0, , 0, 0, 0, 0, 0, 
754, 1, 753, 754, -1, 274, 173, 28.475, 13, ABalapppppa, 0, 0, 0, 0, , 0, 0, 0, 0, 0, 
