1, 1, 1, 1, -1, 273, 216, 27.0, 15, ABaraaapaap, 2019, 0, 0, 0, , 0, 0, 0, 0, 0, 
2, 1, 2, 2, -1, 232, 209, 28.0, 13, ABaraaapapp, 4381, 0, 0, 0, , 0, 0, 0, 0, 0, 
3, 1, 3, 3, -1, 220, 225, 21.0, 15, ABaraappppp, 5165, 0, 0, 0, , 0, 0, 0, 0, 0, 
4, 1, 4, 4, -1, 254, 297, 23.0, 13, ABaraapappa, 7268, 0, 0, 0, , 0, 0, 0, 0, 0, 
5, 1, 5, 5, -1, 251, 285, 20.0, 15, ABaraapappp, 7148, 0, 0, 0, , 0, 0, 0, 0, 0, 
6, 1, 6, 6, -1, 254, 295, 28.0, 17, ABaraapapap, 6928, 0, 0, 0, , 0, 0, 0, 0, 0, 
7, 1, 7, 7, -1, 296, 234, 28.0, 15, ABaraapaaaa, 7896, 0, 0, 0, , 0, 0, 0, 0, 0, 
8, 1, 8, 8, -1, 295, 247, 29.0, 15, ABaraapaaap, 7623, 0, 0, 0, , 0, 0, 0, 0, 0, 
9, 1, 9, 9, -1, 280, 269, 32.0, 13, MSaaaaapp, 4451, 0, 0, 0, , 0, 0, 0, 0, 0, 
10, 1, 10, 10, -1, 293, 255, 31.0, 15, ABaraapaapa, 7029, 0, 0, 0, , 0, 0, 0, 0, 0, 
11, 1, 11, 11, -1, 300, 220, 22.0, 13, ABaraaappaa, 2774, 0, 0, 0, , 0, 0, 0, 0, 0, 
12, 1, 12, 12, -1, 309, 209, 19.0, 14, ABaraaapppa, 2940, 0, 0, 0, , 0, 0, 0, 0, 0, 
13, 1, 13, 13, -1, 302, 200, 21.0, 13, ABaraaapppp, 4306, 0, 0, 0, , 0, 0, 0, 0, 0, 
14, 1, 14, 14, -1, 283, 220, 25.0, 13, ABaraaapaaa, 5324, 0, 0, 0, , 0, 0, 0, 0, 0, 
15, 1, 15, 15, -1, 232, 225, 31.0, 15, ABaraappapp, 8267, 0, 0, 0, , 0, 0, 0, 0, 0, 
16, 1, 16, 16, -1, 289, 262, 23.0, 13, ABaraaaaaap, 5827, 0, 0, 0, , 0, 0, 0, 0, 0, 
17, 1, 17, 17, -1, 272, 261, 27.0, 11, ABaraaaapp, 862, 0, 0, 0, , 0, 0, 0, 0, 0, 
18, 1, 18, 18, -1, 294, 234, 24.0, 11, ABaraaaapaa, 2992, 0, 0, 0, , 0, 0, 0, 0, 0, 
19, 1, 19, 19, -1, 208, 261, 20.0, 14, ABalpappapp, 2999, 0, 0, 0, , 0, 0, 0, 0, 0, 
20, 1, 21, 20, -1, 246, 209, 21.0, 17, ABarapapaap, 7922, 0, 0, 0, , 0, 0, 0, 0, 0, 
21, 1, 22, 21, -1, 256, 240, 14.0, 11, ABprpappaap, 3122, 0, 0, 0, , 0, 0, 0, 0, 0, 
22, 1, 23, 22, -1, 243, 206, 24.0, 15, ABarapappaa, 11211, 0, 0, 0, , 0, 0, 0, 0, 0, 
23, 1, 24, 23, -1, 284, 226, 12.0, 14, ABalaapappa, 1495, 0, 0, 0, , 0, 0, 0, 0, 0, 
24, 1, 25, 24, -1, 270, 239, 20.0, 11, ABarapaaapp, 6765, 0, 0, 0, , 0, 0, 0, 0, 0, 
25, 1, 26, 25, -1, 259, 209, 26.0, 15, ABarapaapap, 6766, 0, 0, 0, , 0, 0, 0, 0, 0, 
26, 1, 27, 26, -1, 255, 226, 28.0, 13, ABarapaapaa, 6416, 0, 0, 0, , 0, 0, 0, 0, 0, 
27, 1, 28, 27, -1, 269, 222, 12.0, 15, ABarapppapa, 5661, 0, 0, 0, , 0, 0, 0, 0, 0, 
28, 1, 29, 28, -1, 297, 206, 11.0, 13, ABarapppapp, 6743, 0, 0, 0, , 0, 0, 0, 0, 0, 
29, 1, 30, 29, -1, 281, 199, 20.0, 13, ABarapppaaa, 7515, 0, 0, 0, , 0, 0, 0, 0, 0, 
30, 1, 31, 30, -1, 302, 211, 13.0, 11, ABarapppaap, 3423, 0, 0, 0, , 0, 0, 0, 0, 0, 
31, 1, 32, 31, -1, 257, 176, 19.0, 11, ABalaapppap, 2494, 0, 0, 0, , 0, 0, 0, 0, 0, 
32, 1, 33, 32, -1, 281, 212, 12.0, 17, ABarapppppa, 5077, 0, 0, 0, , 0, 0, 0, 0, 0, 
33, 1, 34, 33, -1, 280, 210, 15.0, 13, ABarapppppp, 7518, 0, 0, 0, , 0, 0, 0, 0, 0, 
34, 1, 35, 34, -1, 294, 210, 17.0, 15, ABarappaaaa, 6235, 0, 0, 0, , 0, 0, 0, 0, 0, 
35, 1, 36, 35, -1, 295, 221, 15.0, 13, ABarappaapa, 6308, 0, 0, 0, , 0, 0, 0, 0, 0, 
36, 1, 37, 36, -1, 247, 223, 11.0, 17, ABarappapap, 9953, 0, 0, 0, , 0, 0, 0, 0, 0, 
37, 1, 38, 37, -1, 267, 227, 14.0, 13, ABarappapaa, 8551, 0, 0, 0, , 0, 0, 0, 0, 0, 
38, 1, 39, 38, -1, 224, 215, 11.0, 15, ABarappappp, 9971, 0, 0, 0, , 0, 0, 0, 0, 0, 
39, 1, 40, 39, -1, 213, 234, 11.0, 13, ABprpapappa, 3894, 0, 0, 0, , 0, 0, 0, 0, 0, 
40, 1, 41, 40, -1, 283, 159, 25.0, 17, ABarpapppa, 6368, 0, 0, 0, , 0, 0, 0, 0, 0, 
41, 0, 42, -1, -1, 296, 182, 29.0, 15, , 2122, 0, 0, 0, , 0, 0, 0, 0, 0, 
42, 0, 43, -1, -1, 320, 183, 27.0, 11, , 3039, 0, 0, 0, , 0, 0, 0, 0, 0, 
43, 1, 44, 43, -1, 351, 194, 23.0, 15, ABarpapapa, 4778, 0, 0, 0, , 0, 0, 0, 0, 0, 
44, 1, 45, 44, -1, 343, 186, 30.0, 13, ABarpaapaa, 3710, 0, 0, 0, , 0, 0, 0, 0, 0, 
45, 1, 46, 45, -1, 347, 207, 24.0, 13, ABarpaaaaar, 3933, 0, 0, 0, , 0, 0, 0, 0, 0, 
46, 1, 47, 46, -1, 343, 212, 27.0, 11, ABarpaaaapa, 4350, 0, 0, 0, , 0, 0, 0, 0, 0, 
47, 1, 48, 47, -1, 347, 184, 27.0, 13, ABarpaaapp, 5654, 0, 0, 0, , 0, 0, 0, 0, 0, 
48, 1, 49, 48, -1, 331, 204, 26.0, 17, ABarpaaapaa, 6050, 0, 0, 0, , 0, 0, 0, 0, 0, 
49, 1, 50, 49, -1, 334, 179, 26.0, 13, ABarpaaapap, 2923, 0, 0, 0, , 0, 0, 0, 0, 0, 
50, 1, 51, 50, -1, 289, 326, 23.0, 14, ABarppaaap, 3887, 0, 0, 0, , 0, 0, 0, 0, 0, 
51, 1, 52, 51, -1, 255, 325, 27.0, 15, ABarppaapp, 5967, 0, 0, 0, , 0, 0, 0, 0, 0, 
52, 1, 53, 52, -1, 173, 359, 26.0, 15, ABarppappa, 5873, 0, 0, 0, , 0, 0, 0, 0, 0, 
53, 1, 54, 53, -1, 238, 344, 24.0, 17, ABarppapap, 22733, 0, 0, 0, , 0, 0, 0, 0, 0, 
54, 1, 56, 54, -1, 128, 229, 29.0, 17, ABarpppppa, 3903, 0, 0, 0, , 0, 0, 0, 0, 0, 
55, 1, 57, 55, -1, 194, 189, 28.0, 15, ABarppppaa, 4963, 0, 0, 0, , 0, 0, 0, 0, 0, 
56, 1, 58, 56, -1, 175, 208, 29.0, 15, ABarppppap, 5628, 0, 0, 0, , 0, 0, 0, 0, 0, 
57, 1, 59, 57, -1, 221, 170, 29.0, 17, ABarpppaap, 5100, 0, 0, 0, , 0, 0, 0, 0, 0, 
58, 1, 60, 58, -1, 310, 217, 27.0, 11, ABalapppaap, 2171, 0, 0, 0, , 0, 0, 0, 0, 0, 
59, 0, 61, -1, -1, 327, 198, 27.0, 15, , 2722, 0, 0, 0, , 0, 0, 0, 0, 0, 
60, 1, 62, 60, -1, 316, 227, 29.0, 15, ABalapppaaa, 3028, 0, 0, 0, , 0, 0, 0, 0, 0, 
61, 0, -1, -1, -1, 336, 224, 33.0, 13, , 4345, 0, 0, 0, , 0, 0, 0, 0, 0, 
62, 0, 64, -1, -1, 298, 174, 28.0, 12, , 933, 0, 0, 0, , 0, 0, 0, 0, 0, 
63, 0, 65, -1, -1, 327, 266, 25.0, 14, , 621, 0, 0, 0, , 0, 0, 0, 0, 0, 
64, 0, 67, -1, -1, 337, 226, 30.0, 13, , 3455, 0, 0, 0, , 0, 0, 0, 0, 0, 
65, 1, 68, 61, -1, 338, 221, 35.0, 15, ABarpapapp, 4577, 0, 0, 0, , 0, 0, 0, 0, 0, 
66, 1, 70, 66, -1, 321, 298, 28.0, 11, ABalapaaaap, 3462, 0, 0, 0, , 0, 0, 0, 0, 0, 
67, 1, 71, 601, -1, 325, 277, 28.0, 15, ABalapaaaaa, 8065, 0, 0, 0, , 0, 0, 0, 0, 0, 
68, 0, -1, -1, -1, 314, 260, 26.0, 9, , 1181, 0, 0, 0, , 0, 0, 0, 0, 0, 
69, 1, 73, 69, -1, 291, 198, 23.0, 17, ABalaapaaal, 3724, 0, 0, 0, , 0, 0, 0, 0, 0, 
70, 0, 74, -1, -1, 293, 193, 12.0, 11, , 6323, 0, 0, 0, , 0, 0, 0, 0, 0, 
71, 1, 75, 70, -1, 286, 179, 18.0, 13, ABalaapaapa, 4401, 0, 0, 0, , 0, 0, 0, 0, 0, 
72, 1, 76, 71, -1, 310, 186, 15.0, 11, ABalaappaa, 3023, 0, 0, 0, , 0, 0, 0, 0, 0, 
73, 1, 77, 72, -1, 269, 185, 21.0, 13, ABarappppaa, 4094, 0, 0, 0, , 0, 0, 0, 0, 0, 
74, 1, 78, 73, -1, 247, 175, 16.0, 15, ABalaapppaa, 2260, 0, 0, 0, , 0, 0, 0, 0, 0, 
75, 1, 79, 74, -1, 303, 207, 24.0, 13, ABalaaaarrp, 3947, 0, 0, 0, , 0, 0, 0, 0, 0, 
76, 1, 80, 75, -1, 298, 194, 18.0, 13, ABalaapaapp, 3135, 0, 0, 0, , 0, 0, 0, 0, 0, 
77, 1, 81, 76, -1, 316, 194, 19.0, 11, ABalaaaarra, 3517, 0, 0, 0, , 0, 0, 0, 0, 0, 
78, 1, 82, 77, -1, 316, 240, 23.0, 11, ABalaaaarlp, 3157, 0, 0, 0, , 0, 0, 0, 0, 0, 
79, 1, 83, 78, -1, 329, 226, 18.0, 13, ABalaaaarla, 4367, 0, 0, 0, , 0, 0, 0, 0, 0, 
80, 1, 84, 79, -1, 324, 240, 18.0, 11, ABalaaaalpp, 2931, 0, 0, 0, , 0, 0, 0, 0, 0, 
81, 0, 85, -1, -1, 327, 192, 25.0, 14, , 238, 0, 0, 0, , 0, 0, 0, 0, 0, 
82, 1, 86, 746, -1, 285, 192, 27.0, 14, ABalaaapprr, 3080, 0, 0, 0, , 0, 0, 0, 0, 0, 
83, 1, 87, 82, -1, 290, 170, 16.0, 15, ABpraaaaapv, 12467, 0, 0, 0, , 0, 0, 0, 0, 0, 
84, 0, 88, -1, -1, 325, 213, 29.0, 9, , 631, 0, 0, 0, , 0, 0, 0, 0, 0, 
85, 1, 89, 84, -1, 325, 216, 32.0, 11, ABalappaap, 2696, 0, 0, 0, , 0, 0, 0, 0, 0, 
86, 0, 90, -1, -1, 108, 297, 10.0, 9, , 549, 0, 0, 0, , 0, 0, 0, 0, 0, 
87, 1, 91, 86, -1, 118, 296, 12.0, 13, ABplppppapp, 5029, 0, 0, 0, , 0, 0, 0, 0, 0, 
88, 1, 92, 87, -1, 128, 309, 15.0, 13, ABplppppaaa, 3624, 0, 0, 0, , 0, 0, 0, 0, 0, 
89, 1, 93, 88, -1, 120, 300, 16.0, 13, ABplppppaap, 4121, 0, 0, 0, , 0, 0, 0, 0, 0, 
90, 1, 94, 89, -1, 78, 309, 13.0, 13, ABplppppppp, 4134, 0, 0, 0, , 0, 0, 0, 0, 0, 
91, 1, 95, 90, -1, 90, 304, 12.0, 13, ABplppppppa, 2983, 0, 0, 0, , 0, 0, 0, 0, 0, 
92, 1, 96, 91, -1, 116, 337, 19.0, 15, ABplpppppap, 5368, 0, 0, 0, , 0, 0, 0, 0, 0, 
93, 1, 97, 92, -1, 119, 319, 18.0, 13, ABplpppppaa, 4175, 0, 0, 0, , 0, 0, 0, 0, 0, 
94, 1, 98, 93, -1, 116, 323, 11.0, 11, ABplpppapaa, 3706, 0, 0, 0, , 0, 0, 0, 0, 0, 
95, 1, 99, 94, -1, 116, 327, 15.0, 13, ABplpppaapp, 5629, 0, 0, 0, , 0, 0, 0, 0, 0, 
96, 1, 100, 95, -1, 147, 302, 10.0, 17, ABplpppaaaa, 5738, 0, 0, 0, , 0, 0, 0, 0, 0, 
97, 1, 101, 96, -1, 153, 314, 15.0, 13, ABplpppaaap, 5635, 0, 0, 0, , 0, 0, 0, 0, 0, 
98, 1, 102, 97, -1, 155, 304, 15.0, 15, ABplppapppp, 3652, 0, 0, 0, , 0, 0, 0, 0, 0, 
99, 1, 103, 98, -1, 176, 287, 14.0, 13, ABplppapppa, 4001, 0, 0, 0, , 0, 0, 0, 0, 0, 
100, 1, 104, 99, -1, 201, 283, 14.0, 13, ABplppappap, 4780, 0, 0, 0, , 0, 0, 0, 0, 0, 
101, 1, 105, 100, -1, 212, 280, 13.0, 11, ABplppappaa, 5063, 0, 0, 0, , 0, 0, 0, 0, 0, 
102, 1, 106, 101, -1, 191, 296, 14.0, 13, ABplppapapa, 4644, 0, 0, 0, , 0, 0, 0, 0, 0, 
103, 1, 107, 102, -1, 173, 298, 16.0, 13, ABplppapapp, 5206, 0, 0, 0, , 0, 0, 0, 0, 0, 
104, 1, 108, 103, -1, 162, 295, 13.0, 13, ABplppaappp, 5018, 0, 0, 0, , 0, 0, 0, 0, 0, 
105, 0, 109, -1, -1, 282, 231, 16.0, 13, , 6848, 0, 0, 0, , 0, 0, 0, 0, 0, 
106, 1, 110, 105, -1, 193, 271, 19.0, 13, MSaappap, 3438, 0, 0, 0, , 0, 0, 0, 0, 0, 
107, 1, 111, 106, -1, 109, 292, 15.0, 13, ABplpappppp, 5166, 0, 0, 0, , 0, 0, 0, 0, 0, 
108, 1, 112, 107, -1, 129, 287, 17.0, 13, ABplpappppa, 3130, 0, 0, 0, , 0, 0, 0, 0, 0, 
109, 1, 113, 108, -1, 131, 297, 14.0, 13, ABplpapppaa, 2337, 0, 0, 0, , 0, 0, 0, 0, 0, 
110, 1, 114, 109, -1, 119, 271, 15.0, 13, ABplpapppap, 4491, 0, 0, 0, , 0, 0, 0, 0, 0, 
111, 1, 115, 110, -1, 237, 270, 12.0, 11, ABplpapappa, 8074, 0, 0, 0, , 0, 0, 0, 0, 0, 
112, 1, 116, 111, -1, 168, 275, 14.0, 11, ABplpapappp, 3101, 0, 0, 0, , 0, 0, 0, 0, 0, 
113, 1, 117, 112, -1, 239, 272, 14.0, 13, ABplpapapap, 4672, 0, 0, 0, , 0, 0, 0, 0, 0, 
114, 1, 118, 113, -1, 229, 283, 15.0, 13, ABplpapapaa, 4113, 0, 0, 0, , 0, 0, 0, 0, 0, 
115, 1, 119, 114, -1, 279, 264, 12.0, 15, ABplpapaapp, 2863, 0, 0, 0, , 0, 0, 0, 0, 0, 
116, 1, 120, 115, -1, 262, 259, 14.0, 15, ABplpapaapa, 6269, 0, 0, 0, , 0, 0, 0, 0, 0, 
117, 1, 121, 116, -1, 249, 265, 13.0, 13, ABplpapaaap, 2251, 0, 0, 0, , 0, 0, 0, 0, 0, 
118, 1, 122, 117, -1, 257, 263, 15.0, 15, ABplpapaaaa, 3829, 0, 0, 0, , 0, 0, 0, 0, 0, 
119, 1, 123, 118, -1, 208, 294, 15.0, 13, ABplppapaap, 7287, 0, 0, 0, , 0, 0, 0, 0, 0, 
120, 1, 124, 119, -1, 318, 278, 16.0, 15, ABplpaaaaaa, 7884, 0, 0, 0, , 0, 0, 0, 0, 0, 
121, 1, 125, 120, -1, 312, 252, 10.0, 15, ABplpaapapp, 6268, 0, 0, 0, , 0, 0, 0, 0, 0, 
122, 0, 126, -1, -1, 308, 257, 18.0, 13, , 6339, 0, 0, 0, , 0, 0, 0, 0, 0, 
123, 0, 127, -1, -1, 279, 279, 17.0, 9, , 438, 0, 0, 0, , 0, 0, 0, 0, 0, 
124, 1, 128, 123, -1, 279, 321, 19.0, 15, ABplpaappap, 4868, 0, 0, 0, , 0, 0, 0, 0, 0, 
125, 1, 129, 124, -1, 275, 306, 17.0, 11, ABplpaappaa, 4726, 0, 0, 0, , 0, 0, 0, 0, 0, 
126, 0, 130, -1, -1, 284, 265, 11.0, 19, , 3708, 0, 0, 0, , 0, 0, 0, 0, 0, 
127, 1, 131, 126, -1, 291, 314, 17.0, 13, ABplpaapaap, 5533, 0, 0, 0, , 0, 0, 0, 0, 0, 
128, 0, 132, -1, -1, 301, 294, 22.0, 11, , 2460, 0, 0, 0, , 0, 0, 0, 0, 0, 
129, 1, 133, 128, -1, 350, 258, 20.0, 15, ABplpaapapa, 11532, 0, 0, 0, , 0, 0, 0, 0, 0, 
130, 1, 134, 129, -1, 336, 208, 20.0, 13, ABplaapaaaa, 4602, 0, 0, 0, , 0, 0, 0, 0, 0, 
131, 1, 135, 130, -1, 353, 224, 23.0, 13, ABplaapaaap, 3718, 0, 0, 0, , 0, 0, 0, 0, 0, 
132, 1, 136, 131, -1, 337, 265, 22.0, 11, ABplaapaapa, 5556, 0, 0, 0, , 0, 0, 0, 0, 0, 
133, 1, 137, 132, -1, 331, 285, 23.0, 15, ABplaapaapp, 5788, 0, 0, 0, , 0, 0, 0, 0, 0, 
134, 1, 138, 133, -1, 305, 310, 24.0, 13, ABplaapapppa, 3745, 0, 0, 0, , 0, 0, 0, 0, 0, 
135, 1, 139, 134, -1, 284, 316, 26.0, 11, ABplaapapppp, 2674, 0, 0, 0, , 0, 0, 0, 0, 0, 
136, 1, 140, 135, -1, 283, 300, 25.0, 11, ABplaapappa, 4819, 0, 0, 0, , 0, 0, 0, 0, 0, 
137, 1, 141, 136, -1, 270, 310, 27.0, 13, ABplaapapap, 5175, 0, 0, 0, , 0, 0, 0, 0, 0, 
138, 1, 142, 137, -1, 270, 309, 23.0, 13, ABplaapapaa, 4192, 0, 0, 0, , 0, 0, 0, 0, 0, 
139, 1, 143, 639, -1, 339, 241, 29.0, 11, ABplaaaaapp, 2120, 0, 0, 0, , 0, 0, 0, 0, 0, 
140, 1, 144, 138, -1, 317, 262, 30.0, 13, MSapaaap, 4727, 0, 0, 0, , 0, 0, 0, 0, 0, 
141, 1, 145, 139, -1, 357, 236, 24.0, 13, ABarpaaaapp, 3865, 0, 0, 0, , 0, 0, 0, 0, 0, 
142, 1, 146, 140, -1, 338, 224, 27.0, 13, ABplaaaaaaa, 6307, 0, 0, 0, , 0, 0, 0, 0, 0, 
143, 1, 147, 141, -1, 347, 213, 31.0, 15, ABplaaaapp, 4807, 0, 0, 0, , 0, 0, 0, 0, 0, 
144, 0, 148, -1, -1, 354, 272, 23.0, 15, , 4582, 0, 0, 0, , 0, 0, 0, 0, 0, 
145, 0, 149, -1, -1, 335, 293, 26.0, 15, , 3932, 0, 0, 0, , 0, 0, 0, 0, 0, 
146, 1, 150, 144, -1, 332, 297, 25.0, 13, ABplaaappp, 2242, 0, 0, 0, , 0, 0, 0, 0, 0, 
147, 1, 151, 353, -1, 360, 261, 19.0, 13, ABplaaapap, 1984, 0, 0, 0, , 0, 0, 0, 0, 0, 
148, 1, 152, 145, -1, 351, 237, 18.0, 13, ABplaaapaa, 4690, 0, 0, 0, , 0, 0, 0, 0, 0, 
149, 1, 153, 146, -1, 128, 308, 10.0, 15, ABplappppa, 8239, 0, 0, 0, , 0, 0, 0, 0, 0, 
150, 1, 154, 147, -1, 83, 331, 13.0, 17, ABplappppp, 7444, 0, 0, 0, , 0, 0, 0, 0, 0, 
151, 1, 155, 148, -1, 120, 344, 14.0, 15, ABplapppaaa, 5034, 0, 0, 0, , 0, 0, 0, 0, 0, 
152, 1, 156, 149, -1, 102, 329, 14.0, 13, ABplapppapp, 3668, 0, 0, 0, , 0, 0, 0, 0, 0, 
153, 1, 157, 150, -1, 98, 342, 12.0, 9, ABplapppapa, 2572, 0, 0, 0, , 0, 0, 0, 0, 0, 
154, 1, 158, 151, -1, 218, 337, 19.0, 19, ABplappaaa, 10094, 0, 0, 0, , 0, 0, 0, 0, 0, 
155, 1, 159, 152, -1, 189, 348, 21.0, 15, ABplappaap, 7402, 0, 0, 0, , 0, 0, 0, 0, 0, 
156, 1, 160, 153, -1, 168, 350, 19.0, 17, ABplappapp, 6218, 0, 0, 0, , 0, 0, 0, 0, 0, 
157, 1, 161, 154, -1, 201, 351, 26.0, 15, ABplappapa, 10222, 0, 0, 0, , 0, 0, 0, 0, 0, 
158, 1, 162, 155, -1, 233, 329, 16.0, 15, ABplapaapp, 9757, 0, 0, 0, , 0, 0, 0, 0, 0, 
159, 1, 163, 156, -1, 248, 288, 10.0, 17, ABplapaapa, 10196, 0, 0, 0, , 0, 0, 0, 0, 0, 
160, 1, 164, 157, -1, 314, 290, 30.0, 13, ABarppaaaa, 5122, 0, 0, 0, , 0, 0, 0, 0, 0, 
161, 1, 165, 158, -1, 255, 327, 22.0, 13, ABplapaaapp, 6157, 0, 0, 0, , 0, 0, 0, 0, 0, 
162, 1, 166, 159, -1, 110, 369, 19.0, 11, ABplapapppa, 2373, 0, 0, 0, , 0, 0, 0, 0, 0, 
163, 1, 167, 160, -1, 145, 356, 17.0, 15, ABplapapap, 5263, 0, 0, 0, , 0, 0, 0, 0, 0, 
164, 1, 168, 161, -1, 134, 345, 13.0, 17, ABplapappa, 8656, 0, 0, 0, , 0, 0, 0, 0, 0, 
165, 1, 169, 162, -1, 140, 368, 23.0, 17, ABplapapaa, 8292, 0, 0, 0, , 0, 0, 0, 0, 0, 
166, 1, 170, 163, -1, 244, 228, 15.0, 17, ABprpapaaaa, 4836, 0, 0, 0, , 0, 0, 0, 0, 0, 
167, 1, 172, 164, -1, 148, 292, 15.0, 13, ABprpapappp, 3894, 0, 0, 0, , 0, 0, 0, 0, 0, 
168, 1, 173, 165, -1, 219, 228, 15.0, 15, ABprpapapaa, 8290, 0, 0, 0, , 0, 0, 0, 0, 0, 
169, 1, 174, 166, -1, 92, 300, 17.0, 17, Eplppa, 5266, 0, 0, 0, , 0, 0, 0, 0, 0, 
170, 1, 175, 167, -1, 99, 278, 18.0, 13, ABprpappppa, 4478, 0, 0, 0, , 0, 0, 0, 0, 0, 
171, 1, 176, 168, -1, 185, 289, 12.0, 15, ABprpappapp, 2325, 0, 0, 0, , 0, 0, 0, 0, 0, 
172, 1, 177, 169, -1, 254, 237, 15.0, 13, ABprpapppaa, 4144, 0, 0, 0, , 0, 0, 0, 0, 0, 
173, 1, 178, 170, -1, 285, 232, 15.0, 11, ABprpappaaa, 5569, 0, 0, 0, , 0, 0, 0, 0, 0, 
174, 1, 179, 171, -1, 231, 182, 15.0, 13, ABprpaaaaap, 8736, 0, 0, 0, , 0, 0, 0, 0, 0, 
175, 1, 180, 172, -1, 244, 181, 19.0, 13, ABpraaappaa, 4071, 0, 0, 0, , 0, 0, 0, 0, 0, 
176, 1, 181, 173, -1, 185, 264, 12.0, 15, ABprpaaaapp, 6810, 0, 0, 0, , 0, 0, 0, 0, 0, 
177, 1, 182, 174, -1, 237, 242, 10.0, 21, ABprpaaaapa, 11809, 0, 0, 0, , 0, 0, 0, 0, 0, 
178, 1, 183, 175, -1, 267, 193, 18.0, 13, ABprpaaaaaa, 5837, 0, 0, 0, , 0, 0, 0, 0, 0, 
179, 1, 184, 176, -1, 253, 217, 14.0, 13, ABprpapaapa, 13185, 0, 0, 0, , 0, 0, 0, 0, 0, 
180, 1, 185, 177, -1, 257, 195, 15.0, 13, ABprpaaappp, 5681, 0, 0, 0, , 0, 0, 0, 0, 0, 
181, 1, 186, 178, -1, 282, 184, 12.0, 15, ABprpaaapap, 4977, 0, 0, 0, , 0, 0, 0, 0, 0, 
182, 1, 187, 179, -1, 220, 171, 18.0, 15, ABprpaapaap, 6767, 0, 0, 0, , 0, 0, 0, 0, 0, 
183, 1, 188, 180, -1, 312, 170, 21.0, 15, ABprpaapapa, 6135, 0, 0, 0, , 0, 0, 0, 0, 0, 
184, 1, 189, 181, -1, 286, 196, 10.0, 15, ABprpaapapp, 4996, 0, 0, 0, , 0, 0, 0, 0, 0, 
185, 1, 190, 182, -1, 259, 206, 11.0, 14, ABprpaapppp, 3583, 0, 0, 0, , 0, 0, 0, 0, 0, 
186, 1, 191, 183, -1, 212, 177, 21.0, 15, ABprpaappap, 5880, 0, 0, 0, , 0, 0, 0, 0, 0, 
187, 1, 192, 184, -1, 228, 181, 19.0, 13, ABprpaappaa, 6756, 0, 0, 0, , 0, 0, 0, 0, 0, 
188, 1, 193, 185, -1, 96, 256, 19.0, 13, ABprpppaapa, 6239, 0, 0, 0, , 0, 0, 0, 0, 0, 
189, 1, 194, 186, -1, 141, 261, 16.0, 13, ABprpppaaap, 8480, 0, 0, 0, , 0, 0, 0, 0, 0, 
190, 1, 195, 187, -1, 139, 263, 13.0, 15, ABprpppaaaa, 8662, 0, 0, 0, , 0, 0, 0, 0, 0, 
191, 1, 196, 188, -1, 95, 258, 11.0, 11, ABprpppapaa, 4078, 0, 0, 0, , 0, 0, 0, 0, 0, 
192, 1, 198, 189, -1, 126, 259, 11.0, 15, ABprppppapa, 4760, 0, 0, 0, , 0, 0, 0, 0, 0, 
193, 1, 199, 190, -1, 119, 272, 11.0, 13, ABprppppapp, 2964, 0, 0, 0, , 0, 0, 0, 0, 0, 
194, 1, 200, 191, -1, 127, 271, 18.0, 13, ABprppppaaa, 4097, 0, 0, 0, , 0, 0, 0, 0, 0, 
195, 1, 201, 192, -1, 112, 273, 17.0, 15, ABprppppaap, 4285, 0, 0, 0, , 0, 0, 0, 0, 0, 
196, 1, 202, 193, -1, 126, 259, 21.0, 13, ABprpppppaa, 3821, 0, 0, 0, , 0, 0, 0, 0, 0, 
197, 1, 203, 194, -1, 106, 262, 21.0, 15, ABprpppppap, 4086, 0, 0, 0, , 0, 0, 0, 0, 0, 
198, 1, 204, 195, -1, 218, 190, 15.0, 11, ABprppaapap, 4202, 0, 0, 0, , 0, 0, 0, 0, 0, 
199, 0, 205, -1, -1, 221, 196, 12.0, 11, , 7003, 0, 0, 0, , 0, 0, 0, 0, 0, 
200, 1, 206, 197, -1, 208, 249, 12.0, 15, ABprppaappa, 5138, 0, 0, 0, , 0, 0, 0, 0, 0, 
201, 1, 207, 198, -1, 154, 277, 14.0, 11, ABprppaappp, 3838, 0, 0, 0, , 0, 0, 0, 0, 0, 
202, 1, 208, 199, -1, 226, 180, 13.0, 15, ABprppaaaaa, 6749, 0, 0, 0, , 0, 0, 0, 0, 0, 
203, 1, 209, 200, -1, 205, 189, 18.0, 15, ABprppaaaap, 6316, 0, 0, 0, , 0, 0, 0, 0, 0, 
204, 1, 210, 201, -1, 196, 226, 11.0, 15, ABprppapaaa, 6821, 0, 0, 0, , 0, 0, 0, 0, 0, 
205, 1, 211, 202, -1, 189, 259, 16.0, 15, ABprppapaap, 5459, 0, 0, 0, , 0, 0, 0, 0, 0, 
206, 1, 212, 203, -1, 178, 271, 16.0, 11, ABprppapapa, 3106, 0, 0, 0, , 0, 0, 0, 0, 0, 
207, 1, 213, 204, -1, 158, 275, 18.0, 13, ABprppapapp, 4454, 0, 0, 0, , 0, 0, 0, 0, 0, 
208, 1, 214, 205, -1, 162, 289, 16.0, 14, ABprppapppa, 1207, 0, 0, 0, , 0, 0, 0, 0, 0, 
209, 1, 215, 206, -1, 143, 276, 15.0, 11, ABprppapppp, 2176, 0, 0, 0, , 0, 0, 0, 0, 0, 
210, 1, 216, 207, -1, 192, 253, 13.0, 11, ABprppappaa, 4472, 0, 0, 0, , 0, 0, 0, 0, 0, 
211, 1, 217, 208, -1, 192, 277, 15.0, 13, ABprppappap, 3241, 0, 0, 0, , 0, 0, 0, 0, 0, 
212, 1, 218, 209, -1, 324, 207, 23.0, 13, ABpraapaaaa, 4324, 0, 0, 0, , 0, 0, 0, 0, 0, 
213, 1, 219, 210, -1, 323, 179, 30.0, 15, ABarpapaaap, 5094, 0, 0, 0, , 0, 0, 0, 0, 0, 
214, 1, 220, 211, -1, 333, 188, 22.0, 11, ABpraapaaap, 5595, 0, 0, 0, , 0, 0, 0, 0, 0, 
215, 1, 221, 212, -1, 295, 174, 21.0, 11, ABpraapaapa, 4315, 0, 0, 0, , 0, 0, 0, 0, 0, 
216, 1, 222, 213, -1, 229, 187, 28.0, 13, ABpraapapap, 4376, 0, 0, 0, , 0, 0, 0, 0, 0, 
217, 1, 223, 214, -1, 220, 192, 24.0, 11, ABpraapapaa, 3740, 0, 0, 0, , 0, 0, 0, 0, 0, 
218, 0, 224, -1, -1, 241, 157, 22.0, 11, , 689, 0, 0, 0, , 0, 0, 0, 0, 0, 
219, 1, 225, 216, -1, 231, 193, 26.0, 13, ABpraapappa, 5683, 0, 0, 0, , 0, 0, 0, 0, 0, 
220, 1, 226, 217, -1, 190, 189, 19.0, 13, ABpraapppp, 3699, 0, 0, 0, , 0, 0, 0, 0, 0, 
221, 1, 227, 218, -1, 312, 202, 10.0, 15, ABpraappaa, 6320, 0, 0, 0, , 0, 0, 0, 0, 0, 
222, 1, 228, 219, -1, 272, 181, 26.0, 15, ABpraaapapa, 3311, 0, 0, 0, , 0, 0, 0, 0, 0, 
223, 1, 229, -1, -1, 286, 177, 25.0, 9, ABpraaapapp, 1793, 0, 0, 0, , 0, 0, 0, 0, 0, 
224, 1, 230, 221, -1, 247, 185, 24.0, 13, ABpraaapaad, 10657, 0, 0, 0, , 0, 0, 0, 0, 0, 
225, 1, 231, 222, -1, 229, 186, 22.0, 13, ABpraaappap, 4438, 0, 0, 0, , 0, 0, 0, 0, 0, 
226, 1, 232, 223, -1, 216, 179, 24.0, 11, ABpraaapppap, 1904, 0, 0, 0, , 0, 0, 0, 0, 0, 
227, 1, 233, 224, -1, 308, 181, 19.0, 15, ABpraaaaapd, 3812, 0, 0, 0, , 0, 0, 0, 0, 0, 
228, 1, 234, 225, -1, 260, 173, 15.0, 13, ABpraaaaaaa, 4752, 0, 0, 0, , 0, 0, 0, 0, 0, 
229, 1, 235, 698, -1, 299, 193, 14.0, 13, ABpraaaaaap, 5274, 0, 0, 0, , 0, 0, 0, 0, 0, 
230, 1, 236, 227, -1, 245, 178, 14.0, 15, ABpraaaapav, 4664, 0, 0, 0, , 0, 0, 0, 0, 0, 
231, 0, 237, -1, -1, 271, 171, 18.0, 11, , 1987, 0, 0, 0, , 0, 0, 0, 0, 0, 
232, 1, 238, 229, -1, 254, 170, 24.0, 9, ABpraaaappa, 3058, 0, 0, 0, , 0, 0, 0, 0, 0, 
233, 1, 239, 230, -1, 253, 176, 27.0, 15, ABpraaaappp, 1445, 0, 0, 0, , 0, 0, 0, 0, 0, 
234, 1, 240, 231, -1, 136, 237, 21.0, 15, ABprappapp, 7567, 0, 0, 0, , 0, 0, 0, 0, 0, 
235, 1, 241, 232, -1, 151, 219, 28.0, 15, ABprappapa, 6557, 0, 0, 0, , 0, 0, 0, 0, 0, 
236, 1, 242, 233, -1, 150, 227, 23.0, 15, ABprappaap, 5461, 0, 0, 0, , 0, 0, 0, 0, 0, 
237, 1, 243, 234, -1, 169, 219, 22.0, 15, ABprappaaa, 7321, 0, 0, 0, , 0, 0, 0, 0, 0, 
238, 1, 244, 235, -1, 89, 244, 17.0, 13, ABprapppaaa, 4385, 0, 0, 0, , 0, 0, 0, 0, 0, 
239, 1, 245, 236, -1, 88, 261, 16.0, 13, ABprapppapp, 3057, 0, 0, 0, , 0, 0, 0, 0, 0, 
240, 1, 246, 237, -1, 72, 252, 14.0, 11, ABprapppapa, 998, 0, 0, 0, , 0, 0, 0, 0, 0, 
241, 1, 247, 238, -1, 70, 268, 14.0, 17, ABprappppp, 9376, 0, 0, 0, , 0, 0, 0, 0, 0, 
242, 1, 248, 239, -1, 116, 270, 10.0, 17, ABprappppa, 9645, 0, 0, 0, , 0, 0, 0, 0, 0, 
243, 1, 249, 240, -1, 203, 193, 23.0, 13, ABprapaaapa, 4053, 0, 0, 0, , 0, 0, 0, 0, 0, 
244, 1, 250, 241, -1, 194, 203, 25.0, 13, ABprapaaapp, 5488, 0, 0, 0, , 0, 0, 0, 0, 0, 
245, 0, 251, -1, -1, 252, 177, 28.0, 13, , 3593, 0, 0, 0, , 0, 0, 0, 0, 0, 
246, 1, 252, 243, -1, 178, 204, 20.0, 15, ABprapaapp, 8413, 0, 0, 0, , 0, 0, 0, 0, 0, 
247, 1, 253, 244, -1, 213, 216, 10.0, 15, ABprapaapa, 8230, 0, 0, 0, , 0, 0, 0, 0, 0, 
248, 1, 254, 245, -1, 110, 237, 15.0, 15, ABprapappa, 6636, 0, 0, 0, , 0, 0, 0, 0, 0, 
249, 1, 255, 246, -1, 71, 268, 17.0, 15, ABprapapppp, 6443, 0, 0, 0, , 0, 0, 0, 0, 0, 
250, 1, 256, 247, -1, 112, 233, 22.0, 15, ABprapapap, 9572, 0, 0, 0, , 0, 0, 0, 0, 0, 
251, 1, 257, 248, -1, 105, 238, 27.0, 19, ABprapapaa, 8337, 0, 0, 0, , 0, 0, 0, 0, 0, 
252, 1, 258, 249, -1, 254, 197, 32.0, 15, MSppppap, 3737, 0, 0, 0, , 0, 0, 0, 0, 0, 
253, 1, 259, 250, -1, 232, 198, 20.0, 11, MSppppaa, 2034, 0, 0, 0, , 0, 0, 0, 0, 0, 
254, 1, 260, 251, -1, 298, 203, 35.0, 17, MSpppppa, 1979, 0, 0, 0, , 0, 0, 0, 0, 0, 
255, 1, 261, 252, -1, 255, 215, 35.0, 21, MSpppppp, 9063, 0, 0, 0, , 0, 0, 0, 0, 0, 
256, 1, 262, 253, -1, 280, 209, 34.0, 13, MSpppaaa, 5302, 0, 0, 0, , 0, 0, 0, 0, 0, 
257, 1, 263, 254, -1, 138, 257, 26.0, 13, MSpppaap, 3469, 0, 0, 0, , 0, 0, 0, 0, 0, 
258, 1, 264, 255, -1, 234, 233, 13.0, 14, ABprpapaaap, 8237, 0, 0, 0, , 0, 0, 0, 0, 0, 
259, 1, 265, 256, -1, 128, 284, 20.0, 15, MSppaapp, 4572, 0, 0, 0, , 0, 0, 0, 0, 0, 
260, 0, 266, -1, -1, 260, 193, 26.0, 9, , 1802, 0, 0, 0, , 0, 0, 0, 0, 0, 
261, 1, 267, 258, -1, 270, 200, 24.0, 11, MSppaaaad, 2549, 0, 0, 0, , 0, 0, 0, 0, 0, 
262, 0, 268, -1, -1, 314, 170, 28.0, 11, , 1084, 0, 0, 0, , 0, 0, 0, 0, 0, 
263, 1, 269, 260, -1, 254, 192, 22.0, 13, MSppapap, 3425, 0, 0, 0, , 0, 0, 0, 0, 0, 
264, 1, 270, 261, -1, 192, 253, 21.0, 13, MSpapappp, 4897, 0, 0, 0, , 0, 0, 0, 0, 0, 
265, 1, 271, 262, -1, 204, 244, 20.0, 15, MSpapapaa, 2878, 0, 0, 0, , 0, 0, 0, 0, 0, 
266, 1, 272, 263, -1, 210, 230, 19.0, 15, MSpapaaap, 4391, 0, 0, 0, , 0, 0, 0, 0, 0, 
267, 1, 273, 264, -1, 201, 240, 25.0, 15, MSpapaapp, 5072, 0, 0, 0, , 0, 0, 0, 0, 0, 
268, 1, 274, 265, -1, 172, 322, 17.0, 15, MSpappaa, 5287, 0, 0, 0, , 0, 0, 0, 0, 0, 
269, 1, 275, 266, -1, 172, 246, 17.0, 15, MSpappppa, 3433, 0, 0, 0, , 0, 0, 0, 0, 0, 
270, 1, 276, 267, -1, 165, 255, 19.0, 15, MSpappppp, 2921, 0, 0, 0, , 0, 0, 0, 0, 0, 
271, 1, 277, 268, -1, 236, 257, 33.0, 13, MSpaaappp, 5731, 0, 0, 0, , 0, 0, 0, 0, 0, 
272, 1, 278, 269, -1, 242, 275, 30.0, 13, MSpaaapaa, 3778, 0, 0, 0, , 0, 0, 0, 0, 0, 
273, 1, 279, 270, -1, 220, 269, 32.0, 13, MSpaaapap, 4932, 0, 0, 0, , 0, 0, 0, 0, 0, 
274, 1, 280, 271, -1, 256, 230, 32.0, 17, MSpaaaapp, 6003, 0, 0, 0, , 0, 0, 0, 0, 0, 
275, 1, 281, 272, -1, 270, 258, 34.0, 15, MSpaaaaaa, 5847, 0, 0, 0, , 0, 0, 0, 0, 0, 
276, 1, 282, 273, -1, 248, 253, 29.0, 13, MSpaaaaap, 4164, 0, 0, 0, , 0, 0, 0, 0, 0, 
277, 1, 283, 274, -1, 211, 219, 24.0, 13, ABaraappppa, 4972, 0, 0, 0, , 0, 0, 0, 0, 0, 
278, 1, 284, 275, -1, 215, 219, 29.0, 17, ABaraapppap, 7164, 0, 0, 0, , 0, 0, 0, 0, 0, 
279, 1, 285, 276, -1, 239, 260, 30.0, 11, MSpaapaap, 3224, 0, 0, 0, , 0, 0, 0, 0, 0, 
280, 1, 286, 277, -1, 251, 248, 32.0, 13, MSpaaappa, 6212, 0, 0, 0, , 0, 0, 0, 0, 0, 
281, 1, 287, 278, -1, 231, 240, 30.0, 11, MSpaapaaa, 2810, 0, 0, 0, , 0, 0, 0, 0, 0, 
282, 1, 288, 279, -1, 287, 292, 32.0, 13, MSapppap, 3327, 0, 0, 0, , 0, 0, 0, 0, 0, 
283, 1, 289, 280, -1, 310, 259, 34.0, 17, MSappppa, 4268, 0, 0, 0, , 0, 0, 0, 0, 0, 
284, 1, 290, 281, -1, 136, 337, 20.0, 13, MSappaap, 3122, 0, 0, 0, , 0, 0, 0, 0, 0, 
285, 1, 291, 282, -1, 299, 256, 34.0, 13, MSappaaa, 1099, 0, 0, 0, , 0, 0, 0, 0, 0, 
286, 1, 292, 283, -1, 265, 282, 30.0, 17, ABaraapaapp, 8141, 0, 0, 0, , 0, 0, 0, 0, 0, 
287, 1, 293, 284, -1, 324, 242, 32.0, 13, MSapappp, 2122, 0, 0, 0, , 0, 0, 0, 0, 0, 
288, 1, 294, 285, -1, 147, 291, 19.0, 17, MSapaapp, 5443, 0, 0, 0, , 0, 0, 0, 0, 0, 
289, 1, 295, 286, -1, 305, 265, 25.0, 11, MSapaaaad, 2757, 0, 0, 0, , 0, 0, 0, 0, 0, 
290, 1, 296, 287, -1, 277, 240, 33.0, 13, MSaaaaapap, 5541, 0, 0, 0, , 0, 0, 0, 0, 0, 
291, 1, 297, 288, -1, 273, 256, 30.0, 13, MSaaapaaa, 2990, 0, 0, 0, , 0, 0, 0, 0, 0, 
292, 1, 298, 289, -1, 292, 206, 29.0, 15, MSaaaaaar, 4872, 0, 0, 0, , 0, 0, 0, 0, 0, 
293, 1, 299, 290, -1, 314, 248, 28.0, 13, MSaaaaaal, 5317, 0, 0, 0, , 0, 0, 0, 0, 0, 
294, 1, 300, 291, -1, 252, 263, 34.0, 13, MSaaaapaa, 3400, 0, 0, 0, , 0, 0, 0, 0, 0, 
295, 1, 301, 292, -1, 261, 273, 32.0, 13, MSaaaapap, 4141, 0, 0, 0, , 0, 0, 0, 0, 0, 
296, 1, 302, 293, -1, 232, 277, 31.0, 13, MSaaaappa, 4419, 0, 0, 0, , 0, 0, 0, 0, 0, 
297, 1, 303, 294, -1, 240, 293, 30.0, 11, MSaaapapa, 2378, 0, 0, 0, , 0, 0, 0, 0, 0, 
298, 1, 304, 295, -1, 228, 294, 28.0, 15, MSaaapapp, 3361, 0, 0, 0, , 0, 0, 0, 0, 0, 
299, 1, 305, 296, -1, 213, 300, 29.0, 11, MSaaappa, 2697, 0, 0, 0, , 0, 0, 0, 0, 0, 
300, 1, 306, 297, -1, 220, 287, 33.0, 13, MSaaappp, 3537, 0, 0, 0, , 0, 0, 0, 0, 0, 
301, 1, 307, 298, -1, 205, 311, 15.0, 11, MSaappppa, 2475, 0, 0, 0, , 0, 0, 0, 0, 0, 
302, 1, 308, 299, -1, 188, 318, 17.0, 13, MSaappppp, 2957, 0, 0, 0, , 0, 0, 0, 0, 0, 
303, 1, 309, 300, -1, 237, 276, 18.0, 13, MSaapaaap, 4110, 0, 0, 0, , 0, 0, 0, 0, 0, 
304, 1, 310, 301, -1, 252, 271, 19.0, 11, MSaapaaaa, 3123, 0, 0, 0, , 0, 0, 0, 0, 0, 
305, 1, 311, 302, -1, 217, 284, 19.0, 11, MSaapappp, 2414, 0, 0, 0, , 0, 0, 0, 0, 0, 
306, 1, 312, 303, -1, 242, 300, 26.0, 15, MSaapappa, 3210, 0, 0, 0, , 0, 0, 0, 0, 0, 
307, 1, 313, 304, -1, 232, 278, 21.0, 11, MSaapapaa, 3527, 0, 0, 0, , 0, 0, 0, 0, 0, 
308, 1, 314, 305, -1, 228, 292, 20.0, 11, MSaapapap, 3213, 0, 0, 0, , 0, 0, 0, 0, 0, 
309, 1, 315, 306, -1, 100, 315, 25.0, 15, Eplpa, 4034, 0, 0, 0, , 0, 0, 0, 0, 0, 
310, 1, 316, 307, -1, 104, 355, 23.0, 15, Cappapa, 6220, 0, 0, 0, , 0, 0, 0, 0, 0, 
311, 1, 317, 308, -1, 90, 348, 21.0, 15, Cappapp, 4901, 0, 0, 0, , 0, 0, 0, 0, 0, 
312, 1, 318, 309, -1, 200, 328, 30.0, 15, Cappaaa, 4785, 0, 0, 0, , 0, 0, 0, 0, 0, 
313, 1, 319, 310, -1, 79, 344, 24.0, 17, Capppap, 5222, 0, 0, 0, , 0, 0, 0, 0, 0, 
314, 1, 320, 311, -1, 122, 345, 32.0, 13, Capppaa, 3756, 0, 0, 0, , 0, 0, 0, 0, 0, 
315, 1, 321, 312, -1, 125, 357, 29.0, 13, Capapap, 4957, 0, 0, 0, , 0, 0, 0, 0, 0, 
316, 1, 322, 313, -1, 166, 344, 31.0, 15, Capapaa, 4307, 0, 0, 0, , 0, 0, 0, 0, 0, 
317, 1, 323, 314, -1, 135, 322, 13.0, 13, Capappp, 4344, 0, 0, 0, , 0, 0, 0, 0, 0, 
318, 1, 324, 315, -1, 146, 337, 15.0, 17, Capappa, 8217, 0, 0, 0, , 0, 0, 0, 0, 0, 
319, 1, 325, 316, -1, 199, 331, 20.0, 13, Capaaap, 4565, 0, 0, 0, , 0, 0, 0, 0, 0, 
320, 1, 326, 317, -1, 218, 320, 18.0, 13, Capaaaa, 5487, 0, 0, 0, , 0, 0, 0, 0, 0, 
321, 0, 327, -1, -1, 79, 292, 15.0, 15, , 3299, 0, 0, 0, , 0, 0, 0, 0, 0, 
322, 1, 328, 319, -1, 64, 294, 15.0, 15, Caappv, 3714, 0, 0, 0, , 0, 0, 0, 0, 0, 
323, 0, 329, -1, -1, 103, 281, 10.0, 11, , 2084, 0, 0, 0, , 0, 0, 0, 0, 0, 
324, 1, 330, 321, -1, 91, 358, 19.0, 21, Cpappd, 16722, 0, 0, 0, , 0, 0, 0, 0, 0, 
325, 1, 331, 322, -1, 68, 322, 15.0, 13, Cpappv, 5770, 0, 0, 0, , 0, 0, 0, 0, 0, 
326, 1, 332, 323, -1, 124, 247, 24.0, 15, Cppaapp, 5348, 0, 0, 0, , 0, 0, 0, 0, 0, 
327, 1, 333, 324, -1, 153, 246, 23.0, 13, Cppaapa, 3795, 0, 0, 0, , 0, 0, 0, 0, 0, 
328, 1, 334, 325, -1, 166, 237, 20.0, 13, Cppaaap, 4123, 0, 0, 0, , 0, 0, 0, 0, 0, 
329, 1, 335, 326, -1, 180, 229, 19.0, 15, Cppaaaa, 6142, 0, 0, 0, , 0, 0, 0, 0, 0, 
330, 1, 336, 327, -1, 156, 255, 33.0, 15, Cppapaa, 5748, 0, 0, 0, , 0, 0, 0, 0, 0, 
331, 1, 337, 328, -1, 112, 256, 15.0, 13, Cppappp, 4809, 0, 0, 0, , 0, 0, 0, 0, 0, 
332, 1, 338, 329, -1, 116, 250, 19.0, 13, Cppappa, 4815, 0, 0, 0, , 0, 0, 0, 0, 0, 
333, 1, 339, 330, -1, 160, 276, 35.0, 13, Cpppaap, 1665, 0, 0, 0, , 0, 0, 0, 0, 0, 
334, 1, 340, 331, -1, 182, 239, 32.0, 15, Cpppaaa, 5335, 0, 0, 0, , 0, 0, 0, 0, 0, 
335, 1, 341, 332, -1, 72, 276, 25.0, 15, Cpppapp, 6823, 0, 0, 0, , 0, 0, 0, 0, 0, 
336, 1, 342, 333, -1, 94, 273, 33.0, 17, Cpppapa, 3970, 0, 0, 0, , 0, 0, 0, 0, 0, 
337, 1, 343, 334, -1, 260, 292, 15.0, 15, Daapa, 4301, 0, 0, 0, , 0, 0, 0, 0, 0, 
338, 1, 344, 335, -1, 246, 293, 14.0, 13, Daapp, 3775, 0, 0, 0, , 0, 0, 0, 0, 0, 
339, 1, 345, 336, -1, 252, 308, 19.0, 11, Daaaa, 1514, 0, 0, 0, , 0, 0, 0, 0, 0, 
340, 1, 346, 337, -1, 253, 307, 31.0, 14, Daaap, 3260, 0, 0, 0, , 0, 0, 0, 0, 0, 
341, 1, 347, 338, -1, 244, 296, 34.0, 15, Dappaa, 3257, 0, 0, 0, , 0, 0, 0, 0, 0, 
342, 1, 348, 339, -1, 206, 212, 15.0, 15, Dpapp, 4418, 0, 0, 0, , 0, 0, 0, 0, 0, 
343, 1, 349, 340, -1, 220, 207, 16.0, 13, Dpapa, 3939, 0, 0, 0, , 0, 0, 0, 0, 0, 
344, 1, 350, 341, -1, 227, 207, 33.0, 19, Dpaap, 22085, 0, 0, 0, , 0, 0, 0, 0, 0, 
345, 1, 351, 342, -1, 216, 204, 21.0, 13, Dpaaa, 4257, 0, 0, 0, , 0, 0, 0, 0, 0, 
346, 1, 352, 343, -1, 196, 256, 33.0, 13, Dppppa, 2912, 0, 0, 0, , 0, 0, 0, 0, 0, 
347, 1, 353, 344, -1, 213, 249, 34.0, 15, Dpppap, 3817, 0, 0, 0, , 0, 0, 0, 0, 0, 
348, 1, 354, 345, -1, 238, 226, 35.0, 14, Dpppaa, 3128, 0, 0, 0, , 0, 0, 0, 0, 0, 
349, 1, 355, 346, -1, 199, 210, 20.0, 13, Dppaa, 3299, 0, 0, 0, , 0, 0, 0, 0, 0, 
350, 1, 356, 347, -1, 201, 229, 33.0, 13, Dppap, 4799, 0, 0, 0, , 0, 0, 0, 0, 0, 
351, 0, 357, -1, -1, 381, 244, 24.0, 15, , 7373, 0, 0, 0, , 0, 0, 0, 0, 0, 
352, 0, 358, -1, -1, 305, 283, 30.0, 13, , 3258, 0, 0, 0, , 0, 0, 0, 0, 0, 
353, 0, 359, -1, -1, 293, 313, 22.0, 11, , 2207, 0, 0, 0, , 0, 0, 0, 0, 0, 
354, 1, 360, 351, -1, 286, 328, 20.0, 11, ABalppppppap, 2157, 0, 0, 0, , 0, 0, 0, 0, 0, 
355, 1, 361, 352, -1, 309, 309, 19.0, 15, ABalpppppppa, 3037, 0, 0, 0, , 0, 0, 0, 0, 0, 
356, 0, 362, -1, -1, 361, 256, 21.0, 15, , 3903, 0, 0, 0, , 0, 0, 0, 0, 0, 
357, 1, 363, 354, -1, 322, 287, 14.0, 13, ABalpppaaaa, 4035, 0, 0, 0, , 0, 0, 0, 0, 0, 
358, 1, 364, 355, -1, 321, 253, 16.0, 11, ABalpppaaap, 974, 0, 0, 0, , 0, 0, 0, 0, 0, 
359, 1, 365, 356, -1, 336, 264, 16.0, 13, ABalpppaapd, 6940, 0, 0, 0, , 0, 0, 0, 0, 0, 
360, 1, 366, 357, -1, 335, 250, 20.0, 13, ABalpppaapv, 3924, 0, 0, 0, , 0, 0, 0, 0, 0, 
361, 1, 367, 358, -1, 303, 291, 15.0, 11, ABalpppapad, 2439, 0, 0, 0, , 0, 0, 0, 0, 0, 
362, 0, 368, -1, -1, 301, 281, 16.0, 7, , 640, 0, 0, 0, , 0, 0, 0, 0, 0, 
363, 1, 369, 360, -1, 335, 266, 14.0, 15, ABalpppapav, 7700, 0, 0, 0, , 0, 0, 0, 0, 0, 
364, 0, 370, -1, -1, 339, 237, 15.0, 9, , 978, 0, 0, 0, , 0, 0, 0, 0, 0, 
365, 1, 371, 361, -1, 335, 250, 15.0, 14, ABalppaaapp, 3822, 0, 0, 0, , 0, 0, 0, 0, 0, 
366, 1, 372, 362, -1, 288, 298, 15.0, 15, ABplpaaaaap, 6205, 0, 0, 0, , 0, 0, 0, 0, 0, 
367, 1, 373, 363, -1, 294, 251, 13.0, 13, ABalppapppa, 2948, 0, 0, 0, , 0, 0, 0, 0, 0, 
368, 1, 374, 364, -1, 312, 278, 20.0, 13, ABalppappaa, 3665, 0, 0, 0, , 0, 0, 0, 0, 0, 
369, 1, 375, 365, -1, 316, 271, 22.0, 13, ABalapaappa, 1963, 0, 0, 0, , 0, 0, 0, 0, 0, 
370, 1, 376, 366, -1, 277, 250, 12.0, 11, ABalppapapa, 5067, 0, 0, 0, , 0, 0, 0, 0, 0, 
371, 1, 377, 367, -1, 314, 237, 11.0, 11, ABalppapapp, 3794, 0, 0, 0, , 0, 0, 0, 0, 0, 
372, 1, 378, 368, -1, 323, 225, 10.0, 15, ABplaappaa, 7426, 0, 0, 0, , 0, 0, 0, 0, 0, 
373, 1, 379, 369, -1, 313, 254, 20.0, 13, ABalppapaaa, 5433, 0, 0, 0, , 0, 0, 0, 0, 0, 
374, 1, 380, 370, -1, 274, 250, 14.0, 15, ABalpapapaa, 8487, 0, 0, 0, , 0, 0, 0, 0, 0, 
375, 1, 381, 371, -1, 214, 277, 9.0, 15, ABalpapappa, 8698, 0, 0, 0, , 0, 0, 0, 0, 0, 
376, 1, 382, 372, -1, 315, 216, 13.0, 15, ABalpapaapp, 7422, 0, 0, 0, , 0, 0, 0, 0, 0, 
377, 1, 383, 373, -1, 311, 234, 15.0, 11, ABalppapaap, 3509, 0, 0, 0, , 0, 0, 0, 0, 0, 
378, 1, 384, 374, -1, 281, 252, 19.0, 13, ABalpaaaapa, 4260, 0, 0, 0, , 0, 0, 0, 0, 0, 
379, 1, 385, 375, -1, 274, 261, 18.0, 13, ABalpaaaaap, 4717, 0, 0, 0, , 0, 0, 0, 0, 0, 
380, 1, 386, 376, -1, 254, 244, 21.0, 11, ABalpappaaa, 5246, 0, 0, 0, , 0, 0, 0, 0, 0, 
381, 1, 387, 377, -1, 284, 281, 23.0, 13, ABalpapppaa, 5772, 0, 0, 0, , 0, 0, 0, 0, 0, 
382, 1, 388, 378, -1, 261, 267, 18.0, 13, ABalpapppap, 4526, 0, 0, 0, , 0, 0, 0, 0, 0, 
383, 1, 389, 379, -1, 289, 273, 29.0, 17, ABalpaapapa, 4100, 0, 0, 0, , 0, 0, 0, 0, 0, 
384, 1, 390, 380, -1, 256, 254, 17.0, 13, ABalpaaaapp, 7298, 0, 0, 0, , 0, 0, 0, 0, 0, 
385, 1, 391, 381, -1, 286, 249, 21.0, 13, ABalpaaaaaa, 5229, 0, 0, 0, , 0, 0, 0, 0, 0, 
386, 1, 392, 382, -1, 280, 273, 20.0, 13, ABalpappaap, 5024, 0, 0, 0, , 0, 0, 0, 0, 0, 
387, 0, 393, -1, -1, 303, 227, 18.0, 13, , 3402, 0, 0, 0, , 0, 0, 0, 0, 0, 
388, 1, 394, 384, -1, 319, 223, 22.0, 13, ABalpaapppa, 3352, 0, 0, 0, , 0, 0, 0, 0, 0, 
389, 1, 395, 385, -1, 325, 224, 20.0, 15, ABalpaapppp, 6162, 0, 0, 0, , 0, 0, 0, 0, 0, 
390, 1, 396, 386, -1, 307, 228, 21.0, 15, ABalpaappaa, 7240, 0, 0, 0, , 0, 0, 0, 0, 0, 
391, 0, 397, -1, -1, 292, 252, 27.0, 15, , 8520, 0, 0, 0, , 0, 0, 0, 0, 0, 
392, 0, 398, -1, -1, 284, 266, 16.0, 13, , 2747, 0, 0, 0, , 0, 0, 0, 0, 0, 
393, 0, 399, -1, -1, 186, 274, 26.0, 19, , 12448, 0, 0, 0, , 0, 0, 0, 0, 0, 
394, 1, 400, 390, -1, 136, 321, 27.0, 15, Ealpp, 2842, 0, 0, 0, , 0, 0, 0, 0, 0, 
395, 1, 401, 391, -1, 143, 296, 28.0, 21, Earpp, 45389, 0, 0, 0, , 0, 0, 0, 0, 0, 
396, 0, 402, -1, -1, 170, 293, 23.0, 15, , 2472, 0, 0, 0, , 0, 0, 0, 0, 0, 
397, 0, 403, -1, -1, 198, 291, 24.0, 19, , 14768, 0, 0, 0, , 0, 0, 0, 0, 0, 
398, 1, 404, 394, -1, 94, 294, 23.0, 21, Eprpp, 2122, 0, 0, 0, , 0, 0, 0, 0, 0, 
399, 1, 405, 395, -1, 229, 316, 31.0, 15, Dapap, 4881, 0, 0, 0, , 0, 0, 0, 0, 0, 
400, 1, 406, 396, -1, 237, 313, 18.0, 17, Dapaa, 5808, 0, 0, 0, , 0, 0, 0, 0, 0, 
401, 1, 407, 397, -1, 230, 298, 23.0, 15, MSaapaapp, 5844, 0, 0, 0, , 0, 0, 0, 0, 0, 
402, 1, 408, 398, -1, 241, 301, 21.0, 13, MSaapaapa, 3087, 0, 0, 0, , 0, 0, 0, 0, 0, 
403, 1, 409, 399, -1, 197, 209, 31.0, 19, ABarpppapp, 16694, 0, 0, 0, , 0, 0, 0, 0, 0, 
404, 1, 410, 400, -1, 274, 306, 13.0, 15, ABplppaapap, 4399, 0, 0, 0, , 0, 0, 0, 0, 0, 
405, 1, 411, 401, -1, 275, 297, 10.0, 11, ABplppaapaa, 5407, 0, 0, 0, , 0, 0, 0, 0, 0, 
406, 1, 412, 402, -1, 324, 250, 23.0, 13, ABalaaaalal, 2269, 0, 0, 0, , 0, 0, 0, 0, 0, 
407, 0, 413, -1, -1, 286, 187, 32.0, 13, , 2211, 0, 0, 0, , 0, 0, 0, 0, 0, 
408, 1, 414, 404, -1, 324, 177, 20.0, 13, ABarpappaa, 2910, 0, 0, 0, , 0, 0, 0, 0, 0, 
409, 1, 415, 405, -1, 114, 295, 35.0, 17, Cppppaa, 5917, 0, 0, 0, , 0, 0, 0, 0, 0, 
410, 1, 416, 406, -1, 74, 295, 29.0, 15, Cppppap, 5156, 0, 0, 0, , 0, 0, 0, 0, 0, 
411, 1, 417, 407, -1, 94, 272, 14.0, 15, Cpppppv, 3647, 0, 0, 0, , 0, 0, 0, 0, 0, 
412, 1, 418, 408, -1, 304, 186, 30.0, 13, ABarpapaappp, 2209, 0, 0, 0, , 0, 0, 0, 0, 0, 
413, 0, 419, -1, -1, 116, 303, 31.0, 11, , 548, 0, 0, 0, , 0, 0, 0, 0, 0, 
414, 1, 564, 410, -1, 115, 321, 30.0, 21, Eplap, 44300, 0, 0, 0, , 0, 0, 0, 0, 0, 
415, 1, 421, 411, -1, 308, 222, 16.0, 14, ABalpapaapa, 2654, 0, 0, 0, , 0, 0, 0, 0, 0, 
416, 0, 422, -1, -1, 146, 303, 30.0, 11, , 2233, 0, 0, 0, , 0, 0, 0, 0, 0, 
417, 1, 423, 413, -1, 229, 292, 10.0, 17, ABplppapaaa, 7688, 0, 0, 0, , 0, 0, 0, 0, 0, 
418, 1, 424, 414, -1, 337, 251, 24.0, 11, ABalaaaalar, 2631, 0, 0, 0, , 0, 0, 0, 0, 0, 
419, 1, 425, 415, -1, 281, 200, 17.0, 13, ABarappppap, 3881, 0, 0, 0, , 0, 0, 0, 0, 0, 
420, 1, 426, 416, -1, 149, 256, 19.0, 15, MSpappap, 4136, 0, 0, 0, , 0, 0, 0, 0, 0, 
421, 1, 427, 417, -1, 218, 243, 31.0, 17, MSpaapapa, 5834, 0, 0, 0, , 0, 0, 0, 0, 0, 
422, 1, 428, 418, -1, 69, 300, 20.0, 15, Cpppppd, 6308, 0, 0, 0, , 0, 0, 0, 0, 0, 
423, 1, 429, 419, -1, 301, 302, 30.0, 11, ABplapaaaaa, 4443, 0, 0, 0, , 0, 0, 0, 0, 0, 
424, 1, 430, 420, -1, 208, 270, 21.0, 13, MSaappaa, 3091, 0, 0, 0, , 0, 0, 0, 0, 0, 
425, 1, 431, 421, -1, 289, 312, 29.0, 19, ABplapaaaap, 14745, 0, 0, 0, , 0, 0, 0, 0, 0, 
426, 1, 432, 422, -1, 324, 256, 18.0, 13, ABalaaaalpa, 2814, 0, 0, 0, , 0, 0, 0, 0, 0, 
427, 1, 433, 423, -1, 332, 228, 23.0, 11, ABalaaaparr, 3032, 0, 0, 0, , 0, 0, 0, 0, 0, 
428, 1, 434, 424, -1, 343, 226, 21.0, 11, ABalaaaparl, 6333, 0, 0, 0, , 0, 0, 0, 0, 0, 
429, 1, 435, 425, -1, 267, 288, 23.0, 13, ABalpaaappp, 2838, 0, 0, 0, , 0, 0, 0, 0, 0, 
430, 1, 436, 426, -1, 274, 279, 24.0, 14, ABalpaaappa, 4577, 0, 0, 0, , 0, 0, 0, 0, 0, 
431, 1, 437, 427, -1, 203, 291, 20.0, 21, Ealaad, 36572, 0, 0, 0, , 0, 0, 0, 0, 0, 
432, 1, 438, 428, -1, 230, 235, 16.0, 17, ABprpappapa, 4264, 0, 0, 0, , 0, 0, 0, 0, 0, 
433, 1, 440, 429, -1, 154, 342, 34.0, 17, Cappaap, 5070, 0, 0, 0, , 0, 0, 0, 0, 0, 
434, 1, 441, 430, -1, 283, 232, 19.0, 13, ABarappaapp, 11350, 0, 0, 0, , 0, 0, 0, 0, 0, 
435, 1, 442, 431, -1, 204, 226, 27.0, 15, MSpapappa, 2626, 0, 0, 0, , 0, 0, 0, 0, 0, 
436, 1, 443, 432, -1, 216, 234, 23.0, 15, MSpapaapaa, 2623, 0, 0, 0, , 0, 0, 0, 0, 0, 
437, 1, 444, 433, -1, 197, 221, 22.0, 13, MSpapaapap, 2988, 0, 0, 0, , 0, 0, 0, 0, 0, 
438, 1, 445, 434, -1, 281, 164, 22.0, 17, ABpraapaapp, 1944, 0, 0, 0, , 0, 0, 0, 0, 0, 
439, 0, 446, -1, -1, 275, 173, 30.0, 14, , 3733, 0, 0, 0, , 0, 0, 0, 0, 0, 
440, 1, 447, 436, -1, 278, 218, 23.0, 13, ABaraaaaapa, 1698, 0, 0, 0, , 0, 0, 0, 0, 0, 
441, 1, 448, 437, -1, 298, 249, 15.0, 13, ABalppapppp, 5973, 0, 0, 0, , 0, 0, 0, 0, 0, 
442, 1, 449, 438, -1, 317, 195, 22.0, 14, ABalaaappll, 3792, 0, 0, 0, , 0, 0, 0, 0, 0, 
443, 1, 450, 439, -1, 114, 269, 36.0, 15, Cppapap, 5569, 0, 0, 0, , 0, 0, 0, 0, 0, 
444, 1, 451, 440, -1, 301, 294, 26.0, 13, ABalppppaav, 3484, 0, 0, 0, , 0, 0, 0, 0, 0, 
445, 1, 452, 441, -1, 276, 279, 35.0, 15, MSappppp, 2306, 0, 0, 0, , 0, 0, 0, 0, 0, 
446, 1, 453, 442, -1, 286, 285, 27.0, 15, ABalpaapapp, 5943, 0, 0, 0, , 0, 0, 0, 0, 0, 
447, 1, 454, 443, -1, 114, 343, 17.0, 15, ABplpppaapa, 4096, 0, 0, 0, , 0, 0, 0, 0, 0, 
448, 1, 455, 444, -1, 230, 234, 19.0, 11, MSpapaaaa, 3309, 0, 0, 0, , 0, 0, 0, 0, 0, 
449, 1, 456, 445, -1, 197, 226, 15.0, 15, MSpapppaa, 5538, 0, 0, 0, , 0, 0, 0, 0, 0, 
450, 1, 457, 446, -1, 186, 237, 16.0, 15, MSpapppap, 4226, 0, 0, 0, , 0, 0, 0, 0, 0, 
451, 1, 458, 447, -1, 266, 178, 23.0, 13, ABprpaapaaa, 6427, 0, 0, 0, , 0, 0, 0, 0, 0, 
452, 1, 459, 448, -1, 305, 305, 15.0, 11, ABalpppppppp, 2143, 0, 0, 0, , 0, 0, 0, 0, 0, 
453, 1, 460, 449, -1, 94, 308, 10.0, 13, Caapap, 6297, 0, 0, 0, , 0, 0, 0, 0, 0, 
454, 0, 461, -1, -1, 160, 318, 30.0, 15, , 2843, 0, 0, 0, , 0, 0, 0, 0, 0, 
455, 0, 462, -1, -1, 295, 188, 22.0, 11, , 917, 0, 0, 0, , 0, 0, 0, 0, 0, 
456, 1, 463, 452, -1, 342, 204, 22.0, 11, ABarpaaaaal, 2320, 0, 0, 0, , 0, 0, 0, 0, 0, 
457, 1, 464, 453, -1, 91, 286, 14.0, 13, ABprppppppa, 4426, 0, 0, 0, , 0, 0, 0, 0, 0, 
458, 1, 465, 454, -1, 214, 191, 33.0, 19, ABarpppapa, 24865, 0, 0, 0, , 0, 0, 0, 0, 0, 
459, 1, 466, 455, -1, 282, 278, 15.0, 13, MSappapp, 2376, 0, 0, 0, , 0, 0, 0, 0, 0, 
460, 1, 467, 456, -1, 93, 235, 22.0, 11, ABarpppppp, 1589, 0, 0, 0, , 0, 0, 0, 0, 0, 
461, 1, 468, 457, -1, 246, 198, 15.0, 11, MSpppapa, 2194, 0, 0, 0, , 0, 0, 0, 0, 0, 
462, 1, 469, 458, -1, 307, 278, 32.0, 11, MSapappa, 2727, 0, 0, 0, , 0, 0, 0, 0, 0, 
463, 1, 470, 459, -1, 304, 203, 32.0, 17, MSppappp, 5465, 0, 0, 0, , 0, 0, 0, 0, 0, 
464, 1, 471, 460, -1, 105, 311, 13.0, 13, Cappppd, 3934, 0, 0, 0, , 0, 0, 0, 0, 0, 
465, 1, 472, 461, -1, 224, 265, 28.0, 13, MSaaaappp, 4404, 0, 0, 0, , 0, 0, 0, 0, 0, 
466, 1, 473, 462, -1, 109, 361, 17.0, 11, ABplapppaap, 4202, 0, 0, 0, , 0, 0, 0, 0, 0, 
467, 1, 474, 463, -1, 140, 267, 22.0, 21, Z2, 4476, 0, 0, 0, , 0, 0, 0, 0, 0, 
468, 1, 475, 464, -1, 338, 257, 31.0, 11, ABplaaaaapa, 2678, 0, 0, 0, , 0, 0, 0, 0, 0, 
469, 1, 476, 465, -1, 197, 238, 21.0, 11, MSpapapap, 2547, 0, 0, 0, , 0, 0, 0, 0, 0, 
470, 0, 477, -1, -1, 88, 322, 24.0, 13, , 1968, 0, 0, 0, , 0, 0, 0, 0, 0, 
471, 1, 478, 467, -1, 96, 324, 22.0, 19, Eplppp, 4078, 0, 0, 0, , 0, 0, 0, 0, 0, 
472, 0, 479, -1, -1, 327, 280, 18.0, 14, , 1906, 0, 0, 0, , 0, 0, 0, 0, 0, 
473, 0, 480, -1, -1, 332, 276, 17.0, 11, , 2255, 0, 0, 0, , 0, 0, 0, 0, 0, 
474, 1, 481, 468, -1, 155, 342, 20.0, 15, Capaapp, 6090, 0, 0, 0, , 0, 0, 0, 0, 0, 
475, 1, 482, 469, -1, 183, 342, 23.0, 13, Capaapa, 4071, 0, 0, 0, , 0, 0, 0, 0, 0, 
476, 1, 483, 470, -1, 258, 182, 10.0, 15, ABpraappap, 2117, 0, 0, 0, , 0, 0, 0, 0, 0, 
477, 1, 484, 471, -1, 194, 288, 23.0, 15, Ealpa, 6592, 0, 0, 0, , 0, 0, 0, 0, 0, 
478, 0, 485, -1, -1, 205, 283, 29.0, 19, , 2958, 0, 0, 0, , 0, 0, 0, 0, 0, 
479, 1, 486, 473, -1, 237, 166, 17.0, 11, ABpraaappppp, 2828, 0, 0, 0, , 0, 0, 0, 0, 0, 
480, 1, 487, 474, -1, 297, 296, 19.0, 13, ABalpppppaa, 3724, 0, 0, 0, , 0, 0, 0, 0, 0, 
481, 1, 488, 475, -1, 315, 289, 22.0, 13, ABplpaapaaa, 5596, 0, 0, 0, , 0, 0, 0, 0, 0, 
482, 1, 489, 476, -1, 279, 193, 29.0, 17, MSppaaap, 10485, 0, 0, 0, , 0, 0, 0, 0, 0, 
483, 0, 490, -1, -1, 180, 293, 28.0, 11, , 693, 0, 0, 0, , 0, 0, 0, 0, 0, 
484, 1, 491, 478, -1, 221, 260, 19.0, 13, ABarapapapp, 7608, 0, 0, 0, , 0, 0, 0, 0, 0, 
485, 1, 492, 479, -1, 75, 318, 18.0, 15, Cappppv, 5970, 0, 0, 0, , 0, 0, 0, 0, 0, 
486, 1, 493, 480, -1, 220, 305, 15.0, 13, MSaapppap, 2383, 0, 0, 0, , 0, 0, 0, 0, 0, 
487, 1, 494, 481, -1, 261, 320, 21.0, 13, ABplapaaapa, 3218, 0, 0, 0, , 0, 0, 0, 0, 0, 
488, 1, 495, 482, -1, 246, 230, 23.0, 15, ABarapapppp, 11037, 0, 0, 0, , 0, 0, 0, 0, 0, 
489, 1, 496, 483, -1, 230, 298, 15.0, 11, MSaapppaa, 2575, 0, 0, 0, , 0, 0, 0, 0, 0, 
490, 1, 497, 484, -1, 206, 267, 12.0, 13, ABarappappa, 7051, 0, 0, 0, , 0, 0, 0, 0, 0, 
491, 1, 498, 485, -1, 296, 248, 23.0, 15, ABaraaaaaaa, 5687, 0, 0, 0, , 0, 0, 0, 0, 0, 
492, 1, 499, 486, -1, 175, 306, 24.0, 15, Ealap, 4172, 0, 0, 0, , 0, 0, 0, 0, 0, 
493, 0, 500, -1, -1, 139, 292, 29.0, 13, , 1901, 0, 0, 0, , 0, 0, 0, 0, 0, 
494, 0, 501, -1, -1, 105, 316, 26.0, 15, , 5385, 0, 0, 0, , 0, 0, 0, 0, 0, 
495, 1, 502, 489, -1, 199, 282, 11.0, 13, ABplpaaaapp, 6303, 0, 0, 0, , 0, 0, 0, 0, 0, 
496, 0, 503, -1, -1, 266, 320, 23.0, 13, , 6947, 0, 0, 0, , 0, 0, 0, 0, 0, 
497, 0, 504, -1, -1, 142, 267, 23.0, 21, , 44390, 0, 0, 0, , 0, 0, 0, 0, 0, 
498, 1, 505, 492, -1, 244, 234, 19.0, 9, ABarapappap, 3985, 0, 0, 0, , 0, 0, 0, 0, 0, 
499, 0, 506, -1, -1, 273, 199, 13.0, 11, , 3552, 0, 0, 0, , 0, 0, 0, 0, 0, 
500, 1, 507, 494, -1, 111, 299, 18.0, 15, ABprpappppp, 3666, 0, 0, 0, , 0, 0, 0, 0, 0, 
501, 1, 508, 495, -1, 184, 251, 26.0, 17, Earaad, 5068, 0, 0, 0, , 0, 0, 0, 0, 0, 
502, 1, 509, 496, -1, 270, 276, 12.0, 17, ABplpaapppa, 5900, 0, 0, 0, , 0, 0, 0, 0, 0, 
503, 1, 510, 497, -1, 261, 246, 10.0, 17, ABalpapapap, 4827, 0, 0, 0, , 0, 0, 0, 0, 0, 
504, 1, 511, 498, -1, 256, 277, 11.0, 15, ABalpapappp, 5905, 0, 0, 0, , 0, 0, 0, 0, 0, 
505, 1, 512, 499, -1, 101, 300, 28.0, 13, Eprpa, 2835, 0, 0, 0, , 0, 0, 0, 0, 0, 
506, 1, 513, 500, -1, 353, 275, 22.0, 15, ABplaaappa, 5278, 0, 0, 0, , 0, 0, 0, 0, 0, 
507, 1, 514, 501, -1, 312, 229, 33.0, 14, ABalapapapa, 2854, 0, 0, 0, , 0, 0, 0, 0, 0, 
508, 1, 515, 502, -1, 333, 196, 29.0, 14, ABalapppapp, 1763, 0, 0, 0, , 0, 0, 0, 0, 0, 
509, 0, 516, -1, -1, 294, 238, 12.0, 13, , 1430, 0, 0, 0, , 0, 0, 0, 0, 0, 
510, 1, 517, 504, -1, 302, 224, 12.0, 13, ABalpapaaap, 2950, 0, 0, 0, , 0, 0, 0, 0, 0, 
511, 1, 518, 505, -1, 236, 208, 17.0, 13, MSpppapp, 3659, 0, 0, 0, , 0, 0, 0, 0, 0, 
512, 0, 519, -1, -1, 299, 289, 23.0, 9, , 1678, 0, 0, 0, , 0, 0, 0, 0, 0, 
513, 1, 520, 507, -1, 238, 319, 24.0, 13, MSapapaa, 3877, 0, 0, 0, , 0, 0, 0, 0, 0, 
514, 0, 521, -1, -1, 277, 216, 33.0, 14, , 3168, 0, 0, 0, , 0, 0, 0, 0, 0, 
515, 1, 522, 509, -1, 294, 224, 30.0, 13, ABaraappaaa, 4521, 0, 0, 0, , 0, 0, 0, 0, 0, 
516, 0, 523, -1, -1, 246, 319, 15.0, 14, , 339, 0, 0, 0, , 0, 0, 0, 0, 0, 
517, 1, 439, 511, -1, 142, 316, 19.0, 21, Z3, 13047, 0, 0, 0, , 0, 0, 0, 0, 0, 
518, 1, 525, 512, -1, 282, 303, 21.0, 15, ABalpppppap, 3152, 0, 0, 0, , 0, 0, 0, 0, 0, 
519, 1, 526, 513, -1, 313, 254, 12.0, 11, ABalppaappp, 1737, 0, 0, 0, , 0, 0, 0, 0, 0, 
520, 1, 527, 514, -1, 274, 288, 28.0, 13, MSaaapaap, 1719, 0, 0, 0, , 0, 0, 0, 0, 0, 
521, 0, 528, -1, -1, 257, 162, 30.0, 13, , 1457, 0, 0, 0, , 0, 0, 0, 0, 0, 
522, 0, 529, -1, -1, 334, 241, 23.0, 13, , 1826, 0, 0, 0, , 0, 0, 0, 0, 0, 
523, 0, 530, -1, -1, 111, 302, 9.0, 19, , 12356, 0, 0, 0, , 0, 0, 0, 0, 0, 
524, 1, 531, 518, -1, 292, 300, 12.0, 13, ABplppaaaaa, 5941, 0, 0, 0, , 0, 0, 0, 0, 0, 
525, 1, 532, 519, -1, 260, 223, 19.0, 15, ABarapaaapa, 24830, 0, 0, 0, , 0, 0, 0, 0, 0, 
526, 1, 533, 520, -1, 283, 224, 30.0, 13, ABaraappaap, 6822, 0, 0, 0, , 0, 0, 0, 0, 0, 
527, 1, 534, 521, -1, 295, 225, 25.0, 11, ABaraaaapap, 2719, 0, 0, 0, , 0, 0, 0, 0, 0, 
528, 1, 535, 522, -1, 247, 210, 30.0, 15, ABaraaapapa, 6300, 0, 0, 0, , 0, 0, 0, 0, 0, 
529, 1, 536, 523, -1, 187, 276, 25.0, 17, Earpa, 6313, 0, 0, 0, , 0, 0, 0, 0, 0, 
530, 1, 538, 524, -1, 307, 239, 19.0, 13, ABalpapaaaa, 7044, 0, 0, 0, , 0, 0, 0, 0, 0, 
531, 1, 539, 525, -1, 67, 262, 21.0, 19, Caappd, 5120, 0, 0, 0, , 0, 0, 0, 0, 0, 
532, 0, 540, -1, -1, 225, 224, 26.0, 14, , 2729, 0, 0, 0, , 0, 0, 0, 0, 0, 
533, 0, 541, -1, -1, 299, 174, 27.0, 13, , 2979, 0, 0, 0, , 0, 0, 0, 0, 0, 
534, 1, 542, 528, -1, 258, 184, 33.0, 15, ABarpppaaa, 4720, 0, 0, 0, , 0, 0, 0, 0, 0, 
535, 0, 543, -1, -1, 90, 309, 27.0, 14, , 1288, 0, 0, 0, , 0, 0, 0, 0, 0, 
536, 0, 544, -1, -1, 159, 316, 27.0, 19, , 3003, 0, 0, 0, , 0, 0, 0, 0, 0, 
537, 1, 545, 531, -1, 323, 259, 22.0, 13, ABalapaappp, 1075, 0, 0, 0, , 0, 0, 0, 0, 0, 
538, 1, 546, 532, -1, 86, 253, 25.0, 17, Cpapaa, 5871, 0, 0, 0, , 0, 0, 0, 0, 0, 
539, 1, 547, 533, -1, 270, 176, 33.0, 11, ABalappapap, 2408, 0, 0, 0, , 0, 0, 0, 0, 0, 
540, 1, 548, 534, -1, 304, 279, 10.0, 15, ABplaappap, 3514, 0, 0, 0, , 0, 0, 0, 0, 0, 
541, 0, 549, -1, -1, 240, 182, 10.0, 9, , 2119, 0, 0, 0, , 0, 0, 0, 0, 0, 
542, 1, 550, 536, -1, 312, 296, 25.0, 13, ABalpppapppp, 1170, 0, 0, 0, , 0, 0, 0, 0, 0, 
543, 1, 551, 537, -1, 222, 272, 11.0, 13, ABplppaappa, 4945, 0, 0, 0, , 0, 0, 0, 0, 0, 
544, 1, 552, 538, -1, 265, 241, 36.0, 23, ABarppaapa, 24490, 0, 0, 0, , 0, 0, 0, 0, 0, 
545, 0, 553, -1, -1, 237, 198, 9.0, 15, , 1411, 0, 0, 0, , 0, 0, 0, 0, 0, 
546, 0, 554, -1, -1, 251, 155, 21.0, 11, , 1758, 0, 0, 0, , 0, 0, 0, 0, 0, 
547, 1, 555, 541, -1, 112, 369, 24.0, 17, Cpapap, 9880, 0, 0, 0, , 0, 0, 0, 0, 0, 
548, 1, 556, 542, -1, 241, 250, 12.0, 15, ABplpaaaapa, 7575, 0, 0, 0, , 0, 0, 0, 0, 0, 
549, 1, 557, 543, -1, 326, 251, 11.0, 17, ABplpaaapap, 6385, 0, 0, 0, , 0, 0, 0, 0, 0, 
550, 1, 558, 544, -1, 257, 283, 25.0, 17, ABaraapapaa, 6326, 0, 0, 0, , 0, 0, 0, 0, 0, 
551, 0, 559, -1, -1, 314, 244, 31.0, 11, , 1592, 0, 0, 0, , 0, 0, 0, 0, 0, 
552, 1, 560, 546, -1, 92, 248, 14.0, 13, ABprpppaapp, 7150, 0, 0, 0, , 0, 0, 0, 0, 0, 
553, 1, 561, 547, -1, 137, 305, 12.0, 14, ABplppppapa, 1947, 0, 0, 0, , 0, 0, 0, 0, 0, 
554, 1, 562, 548, -1, 196, 247, 12.0, 13, ABprpapppap, 4612, 0, 0, 0, , 0, 0, 0, 0, 0, 
555, 1, 563, 549, -1, 296, 283, 21.0, 11, MSapapap, 2622, 0, 0, 0, , 0, 0, 0, 0, 0, 
556, 0, 564, -1, -1, 114, 327, 31.0, 11, , 1503, 0, 0, 0, , 0, 0, 0, 0, 0, 
557, 0, 565, -1, -1, 192, 280, 27.0, 13, , 888, 0, 0, 0, , 0, 0, 0, 0, 0, 
558, 1, 566, 552, -1, 249, 182, 35.0, 17, ABarpaappp, 3415, 0, 0, 0, , 0, 0, 0, 0, 0, 
559, 1, 567, 553, -1, 270, 293, 19.0, 11, MSapppaa, 1689, 0, 0, 0, , 0, 0, 0, 0, 0, 
560, 0, 568, -1, -1, 224, 249, 14.0, 11, , 2270, 0, 0, 0, , 0, 0, 0, 0, 0, 
561, 1, 569, 555, -1, 300, 244, 25.0, 13, ABalpaapaaa, 4327, 0, 0, 0, , 0, 0, 0, 0, 0, 
562, 0, 570, -1, -1, 323, 228, 34.0, 11, , 2430, 0, 0, 0, , 0, 0, 0, 0, 0, 
563, 1, 571, 557, 710, 236, 169, 25.0, 15, ABpraapappp, 5744, 0, 0, 0, , 0, 0, 0, 0, 0, 
564, 0, 572, -1, -1, 277, 316, 14.0, 11, , 2390, 0, 0, 0, , 0, 0, 0, 0, 0, 
565, 1, 573, 559, -1, 254, 325, 14.0, 17, ABplaapppp, 6992, 0, 0, 0, , 0, 0, 0, 0, 0, 
566, 1, 574, 560, -1, 264, 215, 32.0, 14, MSpaaaapa, 1807, 0, 0, 0, , 0, 0, 0, 0, 0, 
567, 1, 575, 561, -1, 155, 318, 29.0, 15, Eplaa, 2960, 0, 0, 0, , 0, 0, 0, 0, 0, 
568, 1, 576, 562, -1, 319, 185, 23.0, 11, ABalaaapplr, 3123, 0, 0, 0, , 0, 0, 0, 0, 0, 
569, 1, 577, -1, -1, 331, 263, 24.0, 9, ABalppppapp, 2932, 0, 0, 0, , 0, 0, 0, 0, 0, 
570, 1, 578, 564, -1, 245, 206, 27.0, 15, ABarapaappa, 8601, 0, 0, 0, , 0, 0, 0, 0, 0, 
571, 1, 579, 565, -1, 307, 162, 24.0, 11, ABarpappap, 950, 0, 0, 0, , 0, 0, 0, 0, 0, 
572, 1, 580, 566, -1, 220, 309, 34.0, 13, Dappap, 3341, 0, 0, 0, , 0, 0, 0, 0, 0, 
573, 0, 581, -1, -1, 233, 254, 23.0, 11, , 1098, 0, 0, 0, , 0, 0, 0, 0, 0, 
574, 0, 582, -1, -1, 323, 226, 26.0, 11, , 694, 0, 0, 0, , 0, 0, 0, 0, 0, 
575, 1, 583, 569, -1, 354, 236, 28.0, 11, ABplaaaaaap, 3359, 0, 0, 0, , 0, 0, 0, 0, 0, 
576, 0, 584, -1, -1, 261, 213, 35.0, 14, , 4371, 0, 0, 0, , 0, 0, 0, 0, 0, 
577, 1, 585, 571, -1, 186, 298, 28.0, 19, Earap, 26744, 0, 0, 0, , 0, 0, 0, 0, 0, 
578, 1, 586, 572, -1, 326, 197, 28.0, 15, ABarpapaaaa, 2542, 0, 0, 0, , 0, 0, 0, 0, 0, 
579, 0, 587, -1, -1, 261, 180, 29.0, 11, , 1746, 0, 0, 0, , 0, 0, 0, 0, 0, 
580, 0, -1, -1, -1, 137, 321, 18.0, 15, , 3000, 0, 0, 0, , 0, 0, 0, 0, 0, 
581, 0, 589, -1, -1, 189, 254, 25.0, 17, , 7326, 0, 0, 0, , 0, 0, 0, 0, 0, 
582, 0, 590, -1, -1, 119, 301, 30.0, 17, , 9319, 0, 0, 0, , 0, 0, 0, 0, 0, 
583, 0, 591, -1, -1, 124, 308, 32.0, 13, , 3383, 0, 0, 0, , 0, 0, 0, 0, 0, 
584, 1, 592, 578, -1, 309, 269, 13.0, 15, ABplpaaappp, 6017, 0, 0, 0, , 0, 0, 0, 0, 0, 
585, 1, 593, 579, -1, 271, 172, 24.0, 11, ABpraaapaav, 2852, 0, 0, 0, , 0, 0, 0, 0, 0, 
586, 1, 594, 580, -1, 300, 233, 36.0, 25, ABarpaappa, 27038, 0, 0, 0, , 0, 0, 0, 0, 0, 
587, 0, 595, -1, -1, 172, 299, 22.0, 19, , 3987, 0, 0, 0, , 0, 0, 0, 0, 0, 
588, 1, 596, 582, -1, 309, 260, 14.0, 11, ABplpaaappa, 6007, 0, 0, 0, , 0, 0, 0, 0, 0, 
589, 0, 597, -1, -1, 81, 242, 20.0, 11, , 5098, 0, 0, 0, , 0, 0, 0, 0, 0, 
590, 1, 598, 584, -1, 235, 221, 24.0, 11, ABarapaappp, 2409, 0, 0, 0, , 0, 0, 0, 0, 0, 
591, 0, 598, -1, -1, 231, 213, 25.0, 11, , 947, 0, 0, 0, , 0, 0, 0, 0, 0, 
592, 0, 599, -1, -1, 345, 270, 18.0, 11, , 714, 0, 0, 0, , 0, 0, 0, 0, 0, 
593, 1, 600, 587, -1, 310, 288, 18.0, 11, ABalapaapaa, 2725, 0, 0, 0, , 0, 0, 0, 0, 0, 
594, 0, 601, -1, -1, 255, 206, 18.0, 11, , 3480, 0, 0, 0, , 0, 0, 0, 0, 0, 
595, 1, 602, 589, -1, 341, 276, 21.0, 11, ABalapaapap, 3793, 0, 0, 0, , 0, 0, 0, 0, 0, 
596, 0, 603, -1, -1, 195, 266, 24.0, 9, , 496, 0, 0, 0, , 0, 0, 0, 0, 0, 
597, 1, 604, 591, -1, 275, 216, 30.0, 13, ABaraappapa, 9207, 0, 0, 0, , 0, 0, 0, 0, 0, 
598, 1, 605, 592, -1, 91, 337, 17.0, 15, ABplapapppp, 5470, 0, 0, 0, , 0, 0, 0, 0, 0, 
599, 1, 606, 593, -1, 232, 253, 21.0, 11, ABarapapaaa, 5289, 0, 0, 0, , 0, 0, 0, 0, 0, 
600, 1, 607, 594, -1, 268, 221, 22.0, 15, ABarapaaaaa, 9237, 0, 0, 0, , 0, 0, 0, 0, 0, 
601, 1, 608, 595, -1, 146, 364, 29.0, 19, Cpaapp, 14585, 0, 0, 0, , 0, 0, 0, 0, 0, 
602, 0, 609, -1, -1, 90, 271, 31.0, 15, , 4415, 0, 0, 0, , 0, 0, 0, 0, 0, 
603, 0, 610, -1, -1, 348, 254, 23.0, 11, , 2390, 0, 0, 0, , 0, 0, 0, 0, 0, 
604, 1, 611, 598, -1, 329, 277, 26.0, 13, ABalppppapa, 1098, 0, 0, 0, , 0, 0, 0, 0, 0, 
605, 1, 695, 599, -1, 262, 263, 22.0, 17, ABalpappppp, 15673, 0, 0, 0, , 0, 0, 0, 0, 0, 
606, 0, 613, -1, -1, 308, 222, 33.0, 11, , 806, 0, 0, 0, , 0, 0, 0, 0, 0, 
607, 0, 614, -1, -1, 189, 191, 17.0, 13, , 2486, 0, 0, 0, , 0, 0, 0, 0, 0, 
608, 0, 616, -1, -1, 320, 276, 28.0, 14, , 1425, 0, 0, 0, , 0, 0, 0, 0, 0, 
609, 1, 617, 602, -1, 186, 220, 26.0, 13, MSppapaa, 3474, 0, 0, 0, , 0, 0, 0, 0, 0, 
610, 1, 618, 603, -1, 102, 251, 32.0, 19, Caaapp, 8544, 0, 0, 0, , 0, 0, 0, 0, 0, 
611, 1, 619, 604, -1, 286, 237, 10.0, 13, ABarappaaap, 6858, 0, 0, 0, , 0, 0, 0, 0, 0, 
612, 0, 620, -1, -1, 266, 248, 27.0, 11, , 1855, 0, 0, 0, , 0, 0, 0, 0, 0, 
613, 0, 621, -1, -1, 268, 258, 27.0, 14, , 3355, 0, 0, 0, , 0, 0, 0, 0, 0, 
614, 0, 622, -1, -1, 297, 194, 25.0, 11, , 3689, 0, 0, 0, , 0, 0, 0, 0, 0, 
615, 0, 623, -1, -1, 307, 222, 11.0, 11, , 2368, 0, 0, 0, , 0, 0, 0, 0, 0, 
616, 0, 624, -1, -1, 290, 276, 15.0, 13, , 1484, 0, 0, 0, , 0, 0, 0, 0, 0, 
617, 0, 625, -1, -1, 260, 153, 23.0, 11, , 973, 0, 0, 0, , 0, 0, 0, 0, 0, 
618, 0, 626, -1, -1, 110, 298, 27.0, 15, , 5343, 0, 0, 0, , 0, 0, 0, 0, 0, 
619, 1, 627, 612, -1, 204, 251, 30.0, 19, MSpaapapp, 12875, 0, 0, 0, , 0, 0, 0, 0, 0, 
620, 0, 628, -1, -1, 283, 183, 21.0, 9, , 1016, 0, 0, 0, , 0, 0, 0, 0, 0, 
621, 0, 629, -1, -1, 104, 296, 23.0, 15, , 3024, 0, 0, 0, , 0, 0, 0, 0, 0, 
622, 1, 630, 615, -1, 273, 195, 15.0, 15, ABprpaaappa, 6362, 0, 0, 0, , 0, 0, 0, 0, 0, 
623, 0, 631, -1, -1, 258, 321, 19.0, 15, , 8748, 0, 0, 0, , 0, 0, 0, 0, 0, 
624, 1, 632, 617, -1, 238, 196, 10.0, 15, ABpraapppa, 4256, 0, 0, 0, , 0, 0, 0, 0, 0, 
625, 1, 633, 618, -1, 321, 241, 14.0, 13, ABplpaaapaa, 5195, 0, 0, 0, , 0, 0, 0, 0, 0, 
626, 0, 634, -1, -1, 91, 358, 18.0, 21, , 9295, 0, 0, 0, , 0, 0, 0, 0, 0, 
627, 1, 635, 620, -1, 357, 207, 27.0, 17, ABplaaaapa, 13753, 0, 0, 0, , 0, 0, 0, 0, 0, 
628, 1, 636, 621, -1, 203, 316, 33.0, 19, Dapppa, 1707, 0, 0, 0, , 0, 0, 0, 0, 0, 
629, 0, 637, -1, -1, 233, 322, 22.0, 15, , 3340, 0, 0, 0, , 0, 0, 0, 0, 0, 
630, 1, 638, 623, -1, 284, 179, 14.0, 17, ABpraaaapad, 4283, 0, 0, 0, , 0, 0, 0, 0, 0, 
631, 0, 639, -1, -1, 96, 290, 22.0, 25, , 65535, 0, 0, 0, , 0, 0, 0, 0, 0, 
632, 0, 640, -1, -1, 278, 262, 26.0, 11, , 1955, 0, 0, 0, , 0, 0, 0, 0, 0, 
633, 1, 641, 626, -1, 289, 266, 25.0, 14, ABalpaaapaa, 4464, 0, 0, 0, , 0, 0, 0, 0, 0, 
634, 1, 642, 627, -1, 164, 293, 28.0, 21, Epraa, 16335, 0, 0, 0, , 0, 0, 0, 0, 0, 
635, 0, 643, -1, -1, 220, 345, 31.0, 15, , 3597, 0, 0, 0, , 0, 0, 0, 0, 0, 
636, 1, 644, 629, -1, 203, 281, 31.0, 19, Earaav, 8059, 0, 0, 0, , 0, 0, 0, 0, 0, 
637, 1, 645, 630, -1, 90, 287, 10.0, 17, ABprpppapap, 4653, 0, 0, 0, , 0, 0, 0, 0, 0, 
638, 1, 647, 631, -1, 291, 219, 20.0, 11, ABaraaappap, 2633, 0, 0, 0, , 0, 0, 0, 0, 0, 
639, 0, 648, -1, -1, 348, 256, 27.0, 11, , 3173, 0, 0, 0, , 0, 0, 0, 0, 0, 
640, 0, 649, -1, -1, 309, 193, 13.0, 11, , 870, 0, 0, 0, , 0, 0, 0, 0, 0, 
641, 0, 650, -1, -1, 267, 316, 14.0, 11, , 953, 0, 0, 0, , 0, 0, 0, 0, 0, 
642, 1, 651, 635, -1, 280, 282, 10.0, 15, ABplaapppa, 4289, 0, 0, 0, , 0, 0, 0, 0, 0, 
643, 0, 652, -1, -1, 261, 322, 21.0, 15, , 4543, 0, 0, 0, , 0, 0, 0, 0, 0, 
644, 0, 653, -1, -1, 98, 315, 10.0, 11, , 3545, 0, 0, 0, , 0, 0, 0, 0, 0, 
645, 1, 654, 638, -1, 123, 364, 19.0, 13, ABarppappp, 3595, 0, 0, 0, , 0, 0, 0, 0, 0, 
646, 0, 655, -1, -1, 340, 240, 27.0, 11, , 2764, 0, 0, 0, , 0, 0, 0, 0, 0, 
647, 0, 656, -1, -1, 283, 189, 32.0, 13, , 4401, 0, 0, 0, , 0, 0, 0, 0, 0, 
648, 1, 657, 641, -1, 292, 237, 32.0, 11, MSaaaaapaa, 1088, 0, 0, 0, , 0, 0, 0, 0, 0, 
649, 0, 658, -1, -1, 332, 243, 35.0, 13, , 866, 0, 0, 0, , 0, 0, 0, 0, 0, 
650, 0, 659, -1, -1, 243, 264, 15.0, 9, , 1482, 0, 0, 0, , 0, 0, 0, 0, 0, 
651, 0, 660, -1, -1, 258, 158, 27.0, 15, , 5411, 0, 0, 0, , 0, 0, 0, 0, 0, 
652, 0, 661, -1, -1, 146, 365, 27.0, 19, , 16496, 0, 0, 0, , 0, 0, 0, 0, 0, 
653, 1, 662, 646, -1, 273, 235, 15.0, 11, ABplpappaaa, 3119, 0, 0, 0, , 0, 0, 0, 0, 0, 
654, 0, 663, -1, -1, 258, 317, 16.0, 14, , 3670, 0, 0, 0, , 0, 0, 0, 0, 0, 
655, 1, 664, 648, -1, 235, 257, 19.0, 13, ABarapapppa, 2278, 0, 0, 0, , 0, 0, 0, 0, 0, 
656, 1, 665, 684, -1, 244, 161, 21.0, 15, ABpraaappppa, 4070, 0, 0, 0, , 0, 0, 0, 0, 0, 
657, 0, 666, -1, -1, 175, 248, 22.0, 9, , 489, 0, 0, 0, , 0, 0, 0, 0, 0, 
658, 1, 667, 651, -1, 332, 291, 20.0, 13, ABalpppapppa, 2661, 0, 0, 0, , 0, 0, 0, 0, 0, 
659, 1, 668, 652, -1, 218, 312, 27.0, 19, Ealaav, 10999, 0, 0, 0, , 0, 0, 0, 0, 0, 
660, 0, 669, -1, -1, 89, 317, 27.0, 11, , 850, 0, 0, 0, , 0, 0, 0, 0, 0, 
661, 0, 670, -1, -1, 135, 320, 28.0, 13, , 2461, 0, 0, 0, , 0, 0, 0, 0, 0, 
662, 0, 671, -1, -1, 259, 161, 29.0, 17, , 12468, 0, 0, 0, , 0, 0, 0, 0, 0, 
663, 1, 672, 656, -1, 183, 327, 34.0, 13, Dapppp, 2284, 0, 0, 0, , 0, 0, 0, 0, 0, 
664, 0, 673, -1, -1, 254, 304, 18.0, 13, , 1587, 0, 0, 0, , 0, 0, 0, 0, 0, 
665, 0, 674, -1, -1, 311, 229, 12.0, 13, , 1865, 0, 0, 0, , 0, 0, 0, 0, 0, 
666, 0, 675, -1, -1, 227, 258, 13.0, 9, , 1038, 0, 0, 0, , 0, 0, 0, 0, 0, 
667, 1, 676, 660, -1, 337, 247, 17.0, 13, ABalaaapalr, 4598, 0, 0, 0, , 0, 0, 0, 0, 0, 
668, 1, 677, 661, -1, 252, 226, 19.0, 15, ABarapaaaap, 8379, 0, 0, 0, , 0, 0, 0, 0, 0, 
669, 1, 678, 662, -1, 228, 170, 22.0, 11, ABpraaapppaa, 2691, 0, 0, 0, , 0, 0, 0, 0, 0, 
670, 1, 679, 663, -1, 239, 182, 31.0, 19, ABprapaaaap, 6917, 0, 0, 0, , 0, 0, 0, 0, 0, 
671, 0, 680, -1, -1, 181, 355, 32.0, 13, , 1004, 0, 0, 0, , 0, 0, 0, 0, 0, 
672, 0, 681, -1, -1, 163, 299, 30.0, 15, , 4352, 0, 0, 0, , 0, 0, 0, 0, 0, 
673, 0, 682, -1, -1, 328, 209, 34.0, 11, , 2293, 0, 0, 0, , 0, 0, 0, 0, 0, 
674, 1, 55, 667, -1, 265, 338, 24.0, 15, ABarppapaa, 6562, 0, 0, 0, , 0, 0, 0, 0, 0, 
675, 0, -1, -1, -1, 260, 250, 11.0, 14, , 2881, 0, 0, 0, , 0, 0, 0, 0, 0, 
676, 0, -1, -1, -1, 254, 328, 15.0, 13, , 2446, 0, 0, 0, , 0, 0, 0, 0, 0, 
677, 1, 684, 673, -1, 221, 340, 33.0, 15, Cpaaap, 0, 0, 0, 0, , 0, 0, 0, 0, 0, 
678, 0, 685, -1, -1, 270, 181, 18.0, 13, , 0, 0, 0, 0, , 0, 0, 0, 0, 0, 
679, 1, 20, 675, -1, 266, 241, 18.142857, 15, ABalpappapa, 5075, 0, 0, 0, , 0, 0, 0, 0, 0, 
680, 1, 686, 676, -1, 173, 260, 33.0, 13, Dppppp, 0, 0, 0, 0, , 0, 0, 0, 0, 0, 
681, 1, 687, 677, -1, 128, 249, 33.0, 15, Caaapa, 0, 0, 0, 0, , 0, 0, 0, 0, 0, 
682, 0, 688, -1, -1, 197, 212, 27.181818, 11, , 1251, 0, 0, 0, , 0, 0, 0, 0, 0, 
683, 0, 689, -1, -1, 114, 322, 33.0, 15, , 0, 0, 0, 0, , 0, 0, 0, 0, 0, 
684, 1, 690, 680, -1, 254, 309, 34.0, 15, Cpaaaa, 0, 0, 0, 0, , 0, 0, 0, 0, 0, 
685, 1, 691, 681, -1, 164, 235, 33.0, 15, Caaaap, 0, 0, 0, 0, , 0, 0, 0, 0, 0, 
686, 1, 692, 682, -1, 236, 332, 30.636364, 11, Caaaaa, 541, 0, 0, 0, , 0, 0, 0, 0, 0, 
687, 1, 171, 683, -1, 251, 211, 13.0, 15, ABprpapaapp, 2831, 0, 0, 0, , 0, 0, 0, 0, 0, 
688, 1, 693, 685, -1, 265, 216, 23.642857, 16, ABaraaaaapp, 3581, 0, 0, 0, , 0, 0, 0, 0, 0, 
689, 1, 694, 686, -1, 247, 248, 19.0, 13, ABalpappppa, 1865, 0, 0, 0, , 0, 0, 0, 0, 0, 
690, 1, 696, 687, -1, 299, 173, 24.0, 13, ABalappappp, 0, 0, 0, 0, , 0, 0, 0, 0, 0, 
691, 0, 66, -1, -1, 337, 224, 25.0, 15, , 0, 0, 0, 0, , 0, 0, 0, 0, 0, 
692, 1, 697, 563, -1, 334, 264, 26.666666, 14, ABalaaapall, 4100, 0, 0, 0, , 0, 0, 0, 0, 0, 
693, 0, 698, -1, -1, 290, 191, 15.625, 11, , 596, 0, 0, 0, , 0, 0, 0, 0, 0, 
694, 1, 699, 690, -1, 75, 290, 13.0, 13, ABprppppppp, 0, 0, 0, 0, , 0, 0, 0, 0, 0, 
695, 1, 700, 691, -1, 224, 228, 12.0, 13, ABprpapapap, 0, 0, 0, 0, , 0, 0, 0, 0, 0, 
696, 1, 701, 692, -1, 230, 215, 13.0, 11, ABprpaapppa, 0, 0, 0, 0, , 0, 0, 0, 0, 0, 
697, 1, 413, 640, -1, 286, 188, 33.0, 14, MSppappa, 2211, 0, 0, 0, , 0, 0, 0, 0, 0, 
698, 1, 702, 226, -1, 295, 199, 13.0, 13, ABprpaaapaa, 0, 0, 0, 0, , 0, 0, 0, 0, 0, 
699, 1, 703, 694, -1, 112, 304, 10.0, 15, ABplpppapap, 0, 0, 0, 0, , 0, 0, 0, 0, 0, 
700, 1, 704, 695, -1, 270, 179, 18.0, 13, ABalaappapa, 0, 0, 0, 0, , 0, 0, 0, 0, 0, 
701, 0, 705, -1, -1, 341, 268, 22.285713, 13, , 0, 0, 0, 0, , 0, 0, 0, 0, 0, 
702, 1, 706, 697, -1, 105, 288, 13.0, 13, Caapaa, 0, 0, 0, 0, , 0, 0, 0, 0, 0, 
703, 1, 707, 699, -1, 259, 324, 17.0, 16, ABplppaaaap, 0, 0, 0, 0, , 0, 0, 0, 0, 0, 
704, 1, 708, 700, -1, 216, 255, 15.0, 15, ABplpappaap, 0, 0, 0, 0, , 0, 0, 0, 0, 0, 
705, 1, 709, 701, -1, 224, 223, 26.0, 13, ABaraapppaa, 0, 0, 0, 0, , 0, 0, 0, 0, 0, 
706, 1, 710, 702, -1, 324, 271, 18.0, 13, ABalppaaapa, 0, 0, 0, 0, , 0, 0, 0, 0, 0, 
707, 1, 711, 703, -1, 290, 253, 26.0, 13, ABalpaapaap, 0, 0, 0, 0, , 0, 0, 0, 0, 0, 
708, 0, 712, -1, -1, 279, 272, 30.0, 16, , 0, 0, 0, 0, , 0, 0, 0, 0, 0, 
709, 1, 713, 705, -1, 302, 227, 18.0, 13, ABalpaappap, 0, 0, 0, 0, , 0, 0, 0, 0, 0, 
710, 1, 714, 706, -1, 335, 241, 23.0, 13, ABalapaaapa, 0, 0, 0, 0, , 0, 0, 0, 0, 0, 
711, 1, 715, 707, -1, 283, 185, 21.0, 13, ABalaappppa, 0, 0, 0, 0, , 0, 0, 0, 0, 0, 
712, 1, 716, 708, -1, 288, 184, 16.0, 11, ABalaappapp, 0, 0, 0, 0, , 0, 0, 0, 0, 0, 
713, 1, 717, 709, -1, 301, 181, 17.0, 15, ABalaaapprl, 0, 0, 0, 0, , 0, 0, 0, 0, 0, 
714, 1, 718, 711, -1, 334, 228, 30.5, 12, ABalapapapp, 0, 0, 0, 0, , 0, 0, 0, 0, 0, 
715, 0, -1, -1, -1, 328, 275, 30.0, 13, , 0, 0, 0, 0, , 0, 0, 0, 0, 0, 
716, 0, 720, -1, -1, 293, 184, 29.0, 13, , 0, 0, 0, 0, , 0, 0, 0, 0, 0, 
717, 1, 721, 714, -1, 308, 258, 18.0, 13, ABalppappap, 0, 0, 0, 0, , 0, 0, 0, 0, 0, 
718, 1, 722, 715, -1, 310, 216, 31.727272, 10, ABalapppapa, 1235, 0, 0, 0, , 0, 0, 0, 0, 0, 
719, 0, 723, -1, -1, 292, 305, 10.224719, 12, , 0, 0, 0, 0, , 0, 0, 0, 0, 0, 
720, 1, 724, 717, -1, 271, 200, 13.0, 13, ABalaapappp, 0, 0, 0, 0, , 0, 0, 0, 0, 0, 
721, 0, 725, -1, -1, 315, 235, 26.0, 15, , 0, 0, 0, 0, , 0, 0, 0, 0, 0, 
722, 1, 726, 719, -1, 279, 227, 18.666666, 13, ABarapapapa, 0, 0, 0, 0, , 0, 0, 0, 0, 0, 
723, 1, 418, 720, -1, 319, 184, 27.0, 13, ABarpapaappa, 0, 0, 0, 0, , 0, 0, 0, 0, 0, 
724, 1, 610, 632, -1, 348, 255, 27.0, 13, ABalapapppp, 3083, 0, 0, 0, , 0, 0, 0, 0, 0, 
725, 1, 648, 597, -1, 347, 254, 24.0, 12, ABalapaaapp, 1990, 0, 0, 0, , 0, 0, 0, 0, 0, 
726, 1, 728, 721, -1, 120, 302, 28.6, 15, Eprap, 0, 0, 0, 0, , 0, 0, 0, 0, 0, 
727, 0, 729, -1, -1, 121, 304, 31.0, 15, , 0, 0, 0, 0, , 0, 0, 0, 0, 0, 
728, 1, 730, 723, -1, 252, 204, 18.0, 13, MSppaaaav, 0, 0, 0, 0, , 0, 0, 0, 0, 0, 
729, 1, 731, 724, -1, 221, 193, 11.0, 13, ABprppaapaa, 0, 0, 0, 0, , 0, 0, 0, 0, 0, 
730, 1, 732, 725, -1, 81, 241, 20.833334, 11, ABprapppaap, 5107, 0, 0, 0, , 0, 0, 0, 0, 0, 
731, 1, 733, 726, -1, 286, 264, 10.0, 15, ABplpaapppp, 0, 0, 0, 0, , 0, 0, 0, 0, 0, 
732, 1, 519, 727, -1, 301, 294, 23.75, 10, ABalppppaad, 1678, 0, 0, 0, , 0, 0, 0, 0, 0, 
733, 0, 734, -1, -1, 307, 230, 11.0, 13, , 0, 0, 0, 0, , 0, 0, 0, 0, 0, 
734, 0, 735, -1, -1, 324, 194, 25.0, 13, , 0, 0, 0, 0, , 0, 0, 0, 0, 0, 
735, 0, 582, -1, -1, 328, 215, 25.0, 15, , 0, 0, 0, 0, , 0, 0, 0, 0, 0, 
736, 0, 736, -1, -1, 330, 271, 29.666666, 13, , 0, 0, 0, 0, , 0, 0, 0, 0, 0, 
737, 1, 725, 568, -1, 322, 228, 26.0, 13, ABalapappaa, 0, 0, 0, 0, , 0, 0, 0, 0, 0, 
738, 1, 737, 731, -1, 274, 171, 29.0, 13, ABalapppppa, 0, 0, 0, 0, , 0, 0, 0, 0, 0, 
739, 0, 738, -1, -1, 159, 318, 34.0, 15, , 0, 0, 0, 0, , 0, 0, 0, 0, 0, 
740, 1, 739, 733, -1, 178, 348, 32.545456, 15, Cpaapa, 0, 0, 0, 0, , 0, 0, 0, 0, 0, 
741, 1, 740, 734, -1, 324, 240, 35.0, 15, ABarpaapap, 0, 0, 0, 0, , 0, 0, 0, 0, 0, 
742, 1, 741, 735, -1, 258, 160, 27.0, 15, ABarpapppp, 0, 0, 0, 0, , 0, 0, 0, 0, 0, 
743, 1, 742, 736, -1, 291, 313, 21.333334, 11, ABalppppppaa, 0, 0, 0, 0, , 0, 0, 0, 0, 0, 
744, 0, 743, -1, -1, 273, 348, 9.071428, 13, , 0, 0, 0, 0, , 0, 0, 0, 0, 0, 
745, 1, 744, 738, -1, 328, 279, 30.0, 11, ABalapapppa, 0, 0, 0, 0, , 0, 0, 0, 0, 0, 
746, 1, 745, 739, -1, 262, 181, 28.5, 13, ABalappapaa, 0, 0, 0, 0, , 0, 0, 0, 0, 0, 
747, 1, 746, 740, -1, 295, 187, 22.0, 13, ABalaappppp, 0, 0, 0, 0, , 0, 0, 0, 0, 0, 
748, 1, 747, 741, -1, 322, 195, 24.333334, 13, ABalappppap, 0, 0, 0, 0, , 0, 0, 0, 0, 0, 
749, 0, 748, -1, -1, 299, 176, 26.5, 11, , 0, 0, 0, 0, , 0, 0, 0, 0, 0, 
750, 1, 749, 743, -1, 298, 179, 26.0, 11, ABalappappa, 0, 0, 0, 0, , 0, 0, 0, 0, 0, 
751, 1, 750, 744, -1, 285, 267, 17.0, 15, MSapaaaav, 0, 0, 0, 0, , 0, 0, 0, 0, 0, 
752, 1, 751, -1, -1, 292, 182, 29.0, 13, ABalapppppp, 0, 0, 0, 0, , 0, 0, 0, 0, 0, 
753, 1, 752, 745, -1, 296, 194, 25.0, 12, ABalaapaaar, 0, 0, 0, 0, , 0, 0, 0, 0, 0, 
754, 1, 753, 747, -1, 308, 201, 26.0, 13, ABalappppaa, 0, 0, 0, 0, , 0, 0, 0, 0, 0, 
755, 1, 754, 748, -1, 341, 226, 24.25, 13, ABalapappap, 0, 0, 0, 0, , 0, 0, 0, 0, 0, 
