1, 1, 1, 1, -1, 274, 216, 27.0, 15, ABaraaapaap, 2019, 0, 0, 0, , 0, 0, 0, 0, 0, 
2, 1, 2, 2, -1, 233, 210, 28.0, 13, ABaraaapapp, 3644, 0, 0, 0, , 0, 0, 0, 0, 0, 
3, 1, 3, 3, -1, 220, 226, 21.0, 17, ABaraappppp, 5928, 0, 0, 0, , 0, 0, 0, 0, 0, 
4, 1, 4, 4, -1, 254, 298, 22.0, 15, ABaraapappa, 8273, 0, 0, 0, , 0, 0, 0, 0, 0, 
5, 1, 5, 5, -1, 250, 284, 20.0, 17, ABaraapappp, 7956, 0, 0, 0, , 0, 0, 0, 0, 0, 
6, 1, 6, 6, -1, 255, 295, 28.0, 17, ABaraapapap, 7831, 0, 0, 0, , 0, 0, 0, 0, 0, 
7, 1, 7, 7, -1, 297, 235, 28.0, 15, ABaraapaaaa, 10106, 0, 0, 0, , 0, 0, 0, 0, 0, 
8, 1, 8, 8, -1, 295, 246, 29.0, 15, ABaraapaaap, 14547, 0, 0, 0, , 0, 0, 0, 0, 0, 
9, 1, 9, 9, -1, 279, 267, 32.0, 15, MSaaaaapp, 5421, 0, 0, 0, , 0, 0, 0, 0, 0, 
10, 1, 10, 10, -1, 294, 255, 30.0, 13, ABaraapaapa, 6269, 0, 0, 0, , 0, 0, 0, 0, 0, 
11, 1, 11, 11, -1, 299, 220, 22.0, 11, ABaraaappaa, 3706, 0, 0, 0, , 0, 0, 0, 0, 0, 
12, 1, 12, 12, -1, 309, 210, 19.0, 13, ABaraaapppa, 3780, 0, 0, 0, , 0, 0, 0, 0, 0, 
13, 1, 13, 13, -1, 302, 200, 21.0, 13, ABaraaapppp, 4133, 0, 0, 0, , 0, 0, 0, 0, 0, 
14, 1, 14, 14, -1, 282, 220, 25.0, 13, ABaraaapaaa, 5044, 0, 0, 0, , 0, 0, 0, 0, 0, 
15, 1, 15, 15, -1, 231, 225, 30.0, 15, ABaraappapp, 7164, 0, 0, 0, , 0, 0, 0, 0, 0, 
16, 1, 16, 16, -1, 290, 262, 23.0, 13, ABaraaaaaap, 4289, 0, 0, 0, , 0, 0, 0, 0, 0, 
17, 1, 17, 17, -1, 273, 262, 27.0, 13, ABaraaaapp, 4217, 0, 0, 0, , 0, 0, 0, 0, 0, 
18, 1, 18, 18, -1, 295, 231, 24.0, 15, ABaraaaapaa, 6236, 0, 0, 0, , 0, 0, 0, 0, 0, 
19, 1, 19, 19, -1, 208, 260, 19.0, 11, ABalpappapp, 4091, 0, 0, 0, , 0, 0, 0, 0, 0, 
20, 1, 20, 20, -1, 246, 209, 21.0, 19, ABarapapaap, 30727, 0, 0, 0, , 0, 0, 0, 0, 0, 
21, 1, 21, 21, -1, 256, 239, 13.0, 11, ABprpappaap, 4298, 0, 0, 0, , 0, 0, 0, 0, 0, 
22, 1, 22, 22, -1, 243, 208, 24.0, 13, ABarapappaa, 8906, 0, 0, 0, , 0, 0, 0, 0, 0, 
23, 1, 23, 23, -1, 285, 225, 12.0, 9, ABalaapappa, 1506, 0, 0, 0, , 0, 0, 0, 0, 0, 
24, 1, 24, 24, -1, 270, 238, 20.0, 11, ABarapaaapp, 7091, 0, 0, 0, , 0, 0, 0, 0, 0, 
25, 1, 25, 25, -1, 259, 208, 26.0, 13, ABarapaapap, 6762, 0, 0, 0, , 0, 0, 0, 0, 0, 
26, 1, 26, 26, -1, 255, 224, 28.0, 13, ABarapaapaa, 6404, 0, 0, 0, , 0, 0, 0, 0, 0, 
27, 1, 27, 27, -1, 269, 223, 12.0, 15, ABarapppapa, 6113, 0, 0, 0, , 0, 0, 0, 0, 0, 
28, 1, 28, 28, -1, 298, 206, 10.0, 13, ABarapppapp, 5571, 0, 0, 0, , 0, 0, 0, 0, 0, 
29, 1, 29, 29, -1, 281, 200, 20.0, 13, ABarapppaaa, 7572, 0, 0, 0, , 0, 0, 0, 0, 0, 
30, 1, 30, 30, -1, 302, 209, 13.0, 11, ABarapppaap, 4836, 0, 0, 0, , 0, 0, 0, 0, 0, 
31, 1, 31, 31, -1, 256, 177, 18.0, 13, ABalaapppap, 2383, 0, 0, 0, , 0, 0, 0, 0, 0, 
32, 1, 32, 32, -1, 281, 211, 12.0, 13, ABarapppppa, 4984, 0, 0, 0, , 0, 0, 0, 0, 0, 
33, 1, 33, 33, -1, 280, 211, 15.0, 13, ABarapppppp, 7360, 0, 0, 0, , 0, 0, 0, 0, 0, 
34, 1, 34, 34, -1, 292, 209, 18.0, 15, ABarappaaaa, 9077, 0, 0, 0, , 0, 0, 0, 0, 0, 
35, 1, 35, 35, -1, 298, 222, 14.0, 13, ABarappaapa, 7415, 0, 0, 0, , 0, 0, 0, 0, 0, 
36, 1, 36, 36, -1, 246, 224, 11.0, 17, ABarappapap, 20666, 0, 0, 0, , 0, 0, 0, 0, 0, 
37, 1, 37, 37, -1, 267, 225, 14.0, 13, ABarappapaa, 8120, 0, 0, 0, , 0, 0, 0, 0, 0, 
38, 1, 38, 38, -1, 225, 214, 11.0, 15, ABarappappp, 9177, 0, 0, 0, , 0, 0, 0, 0, 0, 
39, 1, 39, 39, -1, 213, 235, 10.0, 11, ABprpapappa, 3847, 0, 0, 0, , 0, 0, 0, 0, 0, 
40, 1, 40, 40, -1, 284, 159, 25.0, 15, ABarpapppa, 4658, 0, 0, 0, , 0, 0, 0, 0, 0, 
41, 0, 41, -1, -1, 298, 186, 28.0, 11, , 1263, 0, 0, 0, , 0, 0, 0, 0, 0, 
42, 0, 42, -1, -1, 320, 183, 27.0, 11, , 2420, 0, 0, 0, , 0, 0, 0, 0, 0, 
43, 1, 43, 43, -1, 350, 193, 23.0, 13, ABarpapapa, 5698, 0, 0, 0, , 0, 0, 0, 0, 0, 
44, 1, 44, 44, -1, 342, 186, 30.0, 15, ABarpaapaa, 5011, 0, 0, 0, , 0, 0, 0, 0, 0, 
45, 1, 45, 45, -1, 347, 206, 24.0, 13, ABarpaaaaar, 4153, 0, 0, 0, , 0, 0, 0, 0, 0, 
46, 1, 46, 46, -1, 342, 212, 27.0, 13, ABarpaaaapa, 3652, 0, 0, 0, , 0, 0, 0, 0, 0, 
47, 1, 47, 47, -1, 345, 182, 27.0, 13, ABarpaaapp, 5575, 0, 0, 0, , 0, 0, 0, 0, 0, 
48, 1, 48, 48, -1, 332, 205, 26.0, 13, ABarpaaapaa, 3547, 0, 0, 0, , 0, 0, 0, 0, 0, 
49, 1, 49, 49, -1, 332, 177, 26.0, 11, ABarpaaapap, 2882, 0, 0, 0, , 0, 0, 0, 0, 0, 
50, 1, 50, 50, -1, 290, 325, 24.0, 17, ABarppaaap, 5177, 0, 0, 0, , 0, 0, 0, 0, 0, 
51, 1, 51, 51, -1, 254, 325, 27.0, 15, ABarppaapp, 5962, 0, 0, 0, , 0, 0, 0, 0, 0, 
52, 1, 52, 52, -1, 174, 359, 26.0, 15, ABarppappa, 6201, 0, 0, 0, , 0, 0, 0, 0, 0, 
53, 1, 53, 53, -1, 238, 344, 24.0, 19, ABarppapap, 14423, 0, 0, 0, , 0, 0, 0, 0, 0, 
54, 1, 54, 54, -1, 129, 228, 28.0, 13, ABarpppppa, 3668, 0, 0, 0, , 0, 0, 0, 0, 0, 
55, 1, 55, 55, -1, 194, 189, 28.0, 15, ABarppppaa, 4874, 0, 0, 0, , 0, 0, 0, 0, 0, 
56, 1, 56, 56, -1, 176, 208, 29.0, 17, ABarppppap, 5406, 0, 0, 0, , 0, 0, 0, 0, 0, 
57, 1, 57, 57, -1, 219, 170, 28.0, 17, ABarpppaap, 13870, 0, 0, 0, , 0, 0, 0, 0, 0, 
58, 1, 58, 58, -1, 311, 215, 28.0, 11, ABalapppaap, 1696, 0, 0, 0, , 0, 0, 0, 0, 0, 
59, 0, 59, -1, -1, 327, 198, 27.0, 15, , 2722, 0, 0, 0, , 0, 0, 0, 0, 0, 
60, 1, 60, 60, -1, 316, 227, 29.0, 13, ABalapppaaa, 2773, 0, 0, 0, , 0, 0, 0, 0, 0, 
61, 1, 65, 61, -1, 339, 221, 34.0, 17, ABarpapapp, 4592, 0, 0, 0, , 0, 0, 0, 0, 0, 
62, 0, 62, -1, -1, 299, 172, 28.0, 11, , 2841, 0, 0, 0, , 0, 0, 0, 0, 0, 
63, 0, 63, -1, -1, 331, 262, 24.0, 14, , 1448, 0, 0, 0, , 0, 0, 0, 0, 0, 
64, 0, 64, -1, -1, 337, 224, 29.0, 13, , 4620, 0, 0, 0, , 0, 0, 0, 0, 0, 
65, 0, 65, -1, -1, 338, 217, 35.0, 13, , 1983, 0, 0, 0, , 0, 0, 0, 0, 0, 
66, 1, 66, 66, -1, 321, 298, 28.0, 11, ABalapaaaap, 3522, 0, 0, 0, , 0, 0, 0, 0, 0, 
67, 0, 67, -1, -1, 328, 278, 30.0, 15, , 2579, 0, 0, 0, , 0, 0, 0, 0, 0, 
68, 0, 68, -1, -1, 315, 259, 26.0, 9, , 474, 0, 0, 0, , 0, 0, 0, 0, 0, 
69, 1, 69, 717, -1, 289, 197, 24.0, 13, ABalaapaaal, 3799, 0, 0, 0, , 0, 0, 0, 0, 0, 
70, 1, 71, 70, -1, 285, 178, 18.0, 15, ABalaapaapa, 3840, 0, 0, 0, , 0, 0, 0, 0, 0, 
71, 1, 72, 71, -1, 307, 188, 15.0, 11, ABalaappaa, 2685, 0, 0, 0, , 0, 0, 0, 0, 0, 
72, 1, 73, 72, -1, 270, 186, 20.0, 15, ABarappppaa, 4727, 0, 0, 0, , 0, 0, 0, 0, 0, 
73, 1, 74, 73, -1, 246, 173, 17.0, 13, ABalaapppaa, 2260, 0, 0, 0, , 0, 0, 0, 0, 0, 
74, 1, 75, 74, -1, 300, 206, 24.0, 13, ABalaaaarrp, 4088, 0, 0, 0, , 0, 0, 0, 0, 0, 
75, 1, 76, 75, -1, 298, 195, 18.0, 13, ABalaapaapp, 3588, 0, 0, 0, , 0, 0, 0, 0, 0, 
76, 1, 77, 76, -1, 317, 194, 19.0, 11, ABalaaaarra, 3318, 0, 0, 0, , 0, 0, 0, 0, 0, 
77, 1, 78, 77, -1, 317, 241, 23.0, 11, ABalaaaarlp, 3038, 0, 0, 0, , 0, 0, 0, 0, 0, 
78, 1, 79, 78, -1, 331, 227, 19.0, 13, ABalaaaarla, 17398, 0, 0, 0, , 0, 0, 0, 0, 0, 
79, 1, 80, 79, -1, 325, 239, 18.0, 11, ABalaaaalpp, 2794, 0, 0, 0, , 0, 0, 0, 0, 0, 
80, 0, -1, -1, -1, 333, 188, 24.0, 11, , 2342, 0, 0, 0, , 0, 0, 0, 0, 0, 
81, 0, 82, -1, -1, 284, 191, 27.0, 13, , 2374, 0, 0, 0, , 0, 0, 0, 0, 0, 
82, 1, 83, 82, -1, 290, 170, 16.0, 15, ABpraaaaapv, 5312, 0, 0, 0, , 0, 0, 0, 0, 0, 
83, 0, 84, -1, -1, 325, 211, 29.0, 9, , 525, 0, 0, 0, , 0, 0, 0, 0, 0, 
84, 1, 85, 84, -1, 326, 215, 32.0, 11, ABalappaap, 2460, 0, 0, 0, , 0, 0, 0, 0, 0, 
85, 0, 86, -1, -1, 109, 299, 9.0, 9, , 549, 0, 0, 0, , 0, 0, 0, 0, 0, 
86, 1, 87, 86, -1, 117, 295, 11.0, 15, ABplppppapp, 5083, 0, 0, 0, , 0, 0, 0, 0, 0, 
87, 1, 88, 87, -1, 128, 309, 15.0, 13, ABplppppaaa, 4816, 0, 0, 0, , 0, 0, 0, 0, 0, 
88, 1, 89, 88, -1, 119, 301, 16.0, 15, ABplppppaap, 5255, 0, 0, 0, , 0, 0, 0, 0, 0, 
89, 1, 90, 89, -1, 79, 306, 13.0, 13, ABplppppppp, 4725, 0, 0, 0, , 0, 0, 0, 0, 0, 
90, 1, 91, 90, -1, 90, 304, 12.0, 13, ABplppppppa, 3703, 0, 0, 0, , 0, 0, 0, 0, 0, 
91, 1, 92, 91, -1, 116, 337, 19.0, 15, ABplpppppap, 5371, 0, 0, 0, , 0, 0, 0, 0, 0, 
92, 1, 93, 92, -1, 119, 319, 17.0, 15, ABplpppppaa, 3974, 0, 0, 0, , 0, 0, 0, 0, 0, 
93, 1, 94, 93, -1, 116, 322, 11.0, 11, ABplpppapaa, 4737, 0, 0, 0, , 0, 0, 0, 0, 0, 
94, 1, 95, 94, -1, 115, 327, 14.0, 13, ABplpppaapp, 4360, 0, 0, 0, , 0, 0, 0, 0, 0, 
95, 1, 96, 95, -1, 147, 303, 10.0, 15, ABplpppaaaa, 6639, 0, 0, 0, , 0, 0, 0, 0, 0, 
96, 1, 97, 96, -1, 154, 313, 14.0, 13, ABplpppaaap, 5755, 0, 0, 0, , 0, 0, 0, 0, 0, 
97, 1, 98, 97, -1, 155, 302, 15.0, 13, ABplppapppp, 3919, 0, 0, 0, , 0, 0, 0, 0, 0, 
98, 1, 99, 98, -1, 177, 287, 14.0, 13, ABplppapppa, 4131, 0, 0, 0, , 0, 0, 0, 0, 0, 
99, 1, 100, 99, -1, 201, 283, 14.0, 15, ABplppappap, 7039, 0, 0, 0, , 0, 0, 0, 0, 0, 
100, 1, 101, 100, -1, 213, 279, 13.0, 11, ABplppappaa, 4829, 0, 0, 0, , 0, 0, 0, 0, 0, 
101, 1, 102, 101, -1, 191, 295, 14.0, 13, ABplppapapa, 4611, 0, 0, 0, , 0, 0, 0, 0, 0, 
102, 1, 103, 102, -1, 174, 300, 16.0, 13, ABplppapapp, 4959, 0, 0, 0, , 0, 0, 0, 0, 0, 
103, 1, 104, 103, -1, 163, 294, 13.0, 13, ABplppaappp, 4867, 0, 0, 0, , 0, 0, 0, 0, 0, 
104, 0, 105, -1, -1, 282, 230, 15.0, 13, , 6848, 0, 0, 0, , 0, 0, 0, 0, 0, 
105, 1, 106, 105, -1, 194, 270, 19.0, 13, MSaappap, 3772, 0, 0, 0, , 0, 0, 0, 0, 0, 
106, 1, 107, 106, -1, 109, 290, 14.0, 13, ABplpappppp, 2991, 0, 0, 0, , 0, 0, 0, 0, 0, 
107, 1, 108, 107, -1, 129, 288, 16.0, 13, ABplpappppa, 3183, 0, 0, 0, , 0, 0, 0, 0, 0, 
108, 1, 109, 108, -1, 130, 298, 13.0, 13, ABplpapppaa, 2632, 0, 0, 0, , 0, 0, 0, 0, 0, 
109, 1, 110, 109, -1, 120, 269, 15.0, 13, ABplpapppap, 5653, 0, 0, 0, , 0, 0, 0, 0, 0, 
110, 1, 111, 110, -1, 238, 269, 12.0, 11, ABplpapappa, 4927, 0, 0, 0, , 0, 0, 0, 0, 0, 
111, 1, 112, 111, -1, 167, 275, 14.0, 11, ABplpapappp, 2648, 0, 0, 0, , 0, 0, 0, 0, 0, 
112, 1, 113, 112, -1, 241, 273, 14.0, 13, ABplpapapap, 4352, 0, 0, 0, , 0, 0, 0, 0, 0, 
113, 1, 114, 113, -1, 229, 281, 15.0, 13, ABplpapapaa, 4182, 0, 0, 0, , 0, 0, 0, 0, 0, 
114, 1, 115, 114, -1, 277, 262, 12.0, 14, ABplpapaapp, 4348, 0, 0, 0, , 0, 0, 0, 0, 0, 
115, 1, 116, 115, -1, 262, 259, 14.0, 13, ABplpapaapa, 3118, 0, 0, 0, , 0, 0, 0, 0, 0, 
116, 1, 117, 116, -1, 249, 264, 13.0, 13, ABplpapaaap, 3328, 0, 0, 0, , 0, 0, 0, 0, 0, 
117, 1, 118, 117, -1, 258, 262, 15.0, 15, ABplpapaaaa, 5022, 0, 0, 0, , 0, 0, 0, 0, 0, 
118, 1, 119, 118, -1, 209, 293, 14.0, 13, ABplppapaap, 5868, 0, 0, 0, , 0, 0, 0, 0, 0, 
119, 1, 120, 120, -1, 316, 278, 17.0, 13, ABplpaaaaaa, 16859, 0, 0, 0, , 0, 0, 0, 0, 0, 
120, 1, 121, 121, -1, 312, 252, 10.0, 13, ABplpaapapp, 7092, 0, 0, 0, , 0, 0, 0, 0, 0, 
121, 0, 122, -1, -1, 309, 259, 17.0, 15, , 8065, 0, 0, 0, , 0, 0, 0, 0, 0, 
122, 0, 123, -1, -1, 262, 281, 17.0, 14, , 1546, 0, 0, 0, , 0, 0, 0, 0, 0, 
123, 1, 124, 124, -1, 279, 321, 19.0, 13, ABplpaappap, 4976, 0, 0, 0, , 0, 0, 0, 0, 0, 
124, 1, 125, 125, -1, 275, 306, 17.0, 11, ABplpaappaa, 3861, 0, 0, 0, , 0, 0, 0, 0, 0, 
125, 0, 126, -1, -1, 288, 264, 11.0, 15, , 3945, 0, 0, 0, , 0, 0, 0, 0, 0, 
126, 1, 127, 127, -1, 291, 314, 17.0, 13, ABplpaapaap, 6680, 0, 0, 0, , 0, 0, 0, 0, 0, 
127, 0, 128, -1, -1, 302, 294, 22.0, 11, , 3113, 0, 0, 0, , 0, 0, 0, 0, 0, 
128, 1, 129, 129, -1, 350, 257, 19.0, 13, ABplpaapapa, 5347, 0, 0, 0, , 0, 0, 0, 0, 0, 
129, 1, 130, 130, -1, 336, 209, 21.0, 15, ABplaapaaaa, 4492, 0, 0, 0, , 0, 0, 0, 0, 0, 
130, 1, 131, 131, -1, 354, 222, 23.0, 11, ABplaapaaap, 3867, 0, 0, 0, , 0, 0, 0, 0, 0, 
131, 1, 132, 132, -1, 339, 264, 22.0, 13, ABplaapaapa, 5367, 0, 0, 0, , 0, 0, 0, 0, 0, 
132, 1, 133, 133, -1, 332, 284, 23.0, 17, ABplaapaapp, 6896, 0, 0, 0, , 0, 0, 0, 0, 0, 
133, 1, 134, 134, -1, 304, 309, 24.0, 13, ABplaapapppa, 3545, 0, 0, 0, , 0, 0, 0, 0, 0, 
134, 1, 135, 135, -1, 283, 314, 26.0, 11, ABplaapapppp, 2507, 0, 0, 0, , 0, 0, 0, 0, 0, 
135, 1, 136, 136, -1, 283, 300, 25.0, 11, ABplaapappa, 4512, 0, 0, 0, , 0, 0, 0, 0, 0, 
136, 1, 137, 137, -1, 268, 311, 26.0, 13, ABplaapapap, 5178, 0, 0, 0, , 0, 0, 0, 0, 0, 
137, 1, 138, 138, -1, 269, 308, 23.0, 13, ABplaapapaa, 4152, 0, 0, 0, , 0, 0, 0, 0, 0, 
138, 1, 140, 139, -1, 317, 263, 30.0, 13, MSapaaap, 3903, 0, 0, 0, , 0, 0, 0, 0, 0, 
139, 1, 141, 140, -1, 357, 235, 24.0, 13, ABarpaaaapp, 3860, 0, 0, 0, , 0, 0, 0, 0, 0, 
140, 1, 142, 141, -1, 339, 224, 27.0, 13, ABplaaaaaaa, 4837, 0, 0, 0, , 0, 0, 0, 0, 0, 
141, 1, 143, 142, -1, 347, 211, 31.0, 15, ABplaaaapp, 5602, 0, 0, 0, , 0, 0, 0, 0, 0, 
142, 0, 144, -1, -1, 354, 272, 23.0, 15, , 9936, 0, 0, 0, , 0, 0, 0, 0, 0, 
143, 0, 145, -1, -1, 335, 293, 26.0, 15, , 3811, 0, 0, 0, , 0, 0, 0, 0, 0, 
144, 1, 146, 145, -1, 332, 296, 24.0, 13, ABplaaappp, 1936, 0, 0, 0, , 0, 0, 0, 0, 0, 
145, 1, 148, 146, -1, 352, 236, 18.0, 13, ABplaaapaa, 5785, 0, 0, 0, , 0, 0, 0, 0, 0, 
146, 1, 149, 147, -1, 127, 306, 9.0, 15, ABplappppa, 6940, 0, 0, 0, , 0, 0, 0, 0, 0, 
147, 1, 150, 148, -1, 82, 330, 13.0, 15, ABplappppp, 5846, 0, 0, 0, , 0, 0, 0, 0, 0, 
148, 1, 151, 149, -1, 118, 344, 14.0, 13, ABplapppaaa, 5370, 0, 0, 0, , 0, 0, 0, 0, 0, 
149, 1, 152, 150, -1, 101, 328, 14.0, 13, ABplapppapp, 3171, 0, 0, 0, , 0, 0, 0, 0, 0, 
150, 1, 153, 151, -1, 96, 337, 11.0, 9, ABplapppapa, 2580, 0, 0, 0, , 0, 0, 0, 0, 0, 
151, 1, 154, 152, -1, 218, 337, 19.0, 17, ABplappaaa, 8799, 0, 0, 0, , 0, 0, 0, 0, 0, 
152, 1, 155, 153, -1, 188, 347, 20.0, 15, ABplappaap, 7162, 0, 0, 0, , 0, 0, 0, 0, 0, 
153, 1, 156, 154, -1, 167, 350, 19.0, 17, ABplappapp, 8424, 0, 0, 0, , 0, 0, 0, 0, 0, 
154, 1, 157, 155, -1, 202, 350, 25.0, 15, ABplappapa, 8136, 0, 0, 0, , 0, 0, 0, 0, 0, 
155, 1, 158, 156, -1, 234, 330, 16.0, 15, ABplapaapp, 9536, 0, 0, 0, , 0, 0, 0, 0, 0, 
156, 1, 159, 157, -1, 245, 282, 9.0, 17, ABplapaapa, 12175, 0, 0, 0, , 0, 0, 0, 0, 0, 
157, 1, 160, 158, -1, 314, 290, 30.0, 15, ABarppaaaa, 4771, 0, 0, 0, , 0, 0, 0, 0, 0, 
158, 1, 161, 159, -1, 255, 327, 22.0, 15, ABplapaaapp, 6185, 0, 0, 0, , 0, 0, 0, 0, 0, 
159, 1, 162, 160, -1, 110, 368, 19.0, 11, ABplapapppa, 2373, 0, 0, 0, , 0, 0, 0, 0, 0, 
160, 1, 163, 161, -1, 144, 354, 17.0, 15, ABplapapap, 5662, 0, 0, 0, , 0, 0, 0, 0, 0, 
161, 1, 164, 162, -1, 133, 345, 13.0, 17, ABplapappa, 7468, 0, 0, 0, , 0, 0, 0, 0, 0, 
162, 1, 165, 163, -1, 140, 368, 22.0, 19, ABplapapaa, 8422, 0, 0, 0, , 0, 0, 0, 0, 0, 
163, 1, 166, 164, -1, 241, 228, 14.0, 15, ABprpapaaaa, 4298, 0, 0, 0, , 0, 0, 0, 0, 0, 
164, 1, 167, 165, -1, 147, 289, 14.0, 11, ABprpapappp, 2683, 0, 0, 0, , 0, 0, 0, 0, 0, 
165, 1, 168, 166, -1, 218, 229, 14.0, 15, ABprpapapaa, 11440, 0, 0, 0, , 0, 0, 0, 0, 0, 
166, 1, 169, 167, -1, 94, 299, 17.0, 17, Eplppa, 12822, 0, 0, 0, , 0, 0, 0, 0, 0, 
167, 1, 170, 168, -1, 97, 277, 18.0, 13, ABprpappppa, 4088, 0, 0, 0, , 0, 0, 0, 0, 0, 
168, 1, 171, 169, -1, 185, 288, 12.0, 14, ABprpappapp, 1481, 0, 0, 0, , 0, 0, 0, 0, 0, 
169, 1, 172, 170, -1, 254, 236, 15.0, 13, ABprpapppaa, 6464, 0, 0, 0, , 0, 0, 0, 0, 0, 
170, 1, 173, 715, -1, 286, 231, 15.0, 11, ABprpappaaa, 4088, 0, 0, 0, , 0, 0, 0, 0, 0, 
171, 1, 174, 172, -1, 230, 182, 15.0, 15, ABprpaaaaap, 8466, 0, 0, 0, , 0, 0, 0, 0, 0, 
172, 1, 175, 173, -1, 243, 182, 18.0, 13, ABpraaappaa, 5275, 0, 0, 0, , 0, 0, 0, 0, 0, 
173, 1, 176, 174, -1, 185, 263, 12.0, 15, ABprpaaaapp, 7213, 0, 0, 0, , 0, 0, 0, 0, 0, 
174, 1, 177, 175, -1, 236, 239, 10.0, 13, ABprpaaaapa, 6483, 0, 0, 0, , 0, 0, 0, 0, 0, 
175, 1, 178, 176, -1, 268, 192, 18.0, 13, ABprpaaaaaa, 13516, 0, 0, 0, , 0, 0, 0, 0, 0, 
176, 1, 179, 177, -1, 253, 217, 14.0, 13, ABprpapaapa, 2512, 0, 0, 0, , 0, 0, 0, 0, 0, 
177, 1, 180, 178, -1, 258, 194, 15.0, 13, ABprpaaappp, 5230, 0, 0, 0, , 0, 0, 0, 0, 0, 
178, 1, 181, 179, -1, 281, 185, 11.0, 15, ABprpaaapap, 6608, 0, 0, 0, , 0, 0, 0, 0, 0, 
179, 1, 182, 180, -1, 217, 171, 18.0, 13, ABprpaapaap, 5964, 0, 0, 0, , 0, 0, 0, 0, 0, 
180, 1, 183, 181, -1, 312, 170, 21.0, 15, ABprpaapapa, 6368, 0, 0, 0, , 0, 0, 0, 0, 0, 
181, 1, 184, 182, -1, 290, 194, 10.0, 19, ABprpaapapp, 8739, 0, 0, 0, , 0, 0, 0, 0, 0, 
182, 1, 185, 183, -1, 257, 205, 11.0, 17, ABprpaapppp, 7548, 0, 0, 0, , 0, 0, 0, 0, 0, 
183, 1, 186, 184, -1, 212, 177, 21.0, 15, ABprpaappap, 6524, 0, 0, 0, , 0, 0, 0, 0, 0, 
184, 1, 187, 185, -1, 227, 181, 19.0, 15, ABprpaappaa, 7173, 0, 0, 0, , 0, 0, 0, 0, 0, 
185, 1, 188, 186, -1, 96, 255, 19.0, 15, ABprpppaapa, 6155, 0, 0, 0, , 0, 0, 0, 0, 0, 
186, 1, 189, 187, -1, 141, 260, 16.0, 13, ABprpppaaap, 5058, 0, 0, 0, , 0, 0, 0, 0, 0, 
187, 1, 190, 188, -1, 141, 263, 13.0, 13, ABprpppaaaa, 6756, 0, 0, 0, , 0, 0, 0, 0, 0, 
188, 1, 191, 189, -1, 94, 256, 11.0, 13, ABprpppapaa, 5378, 0, 0, 0, , 0, 0, 0, 0, 0, 
189, 1, 192, 190, -1, 126, 259, 11.0, 15, ABprppppapa, 4810, 0, 0, 0, , 0, 0, 0, 0, 0, 
190, 1, 193, 191, -1, 119, 272, 11.0, 15, ABprppppapp, 4813, 0, 0, 0, , 0, 0, 0, 0, 0, 
191, 1, 194, 192, -1, 125, 270, 17.0, 15, ABprppppaaa, 4550, 0, 0, 0, , 0, 0, 0, 0, 0, 
192, 1, 195, 193, -1, 112, 272, 17.0, 13, ABprppppaap, 4338, 0, 0, 0, , 0, 0, 0, 0, 0, 
193, 1, 196, 194, -1, 127, 258, 20.0, 15, ABprpppppaa, 4764, 0, 0, 0, , 0, 0, 0, 0, 0, 
194, 1, 197, 195, -1, 106, 262, 21.0, 15, ABprpppppap, 4308, 0, 0, 0, , 0, 0, 0, 0, 0, 
195, 1, 198, 196, -1, 218, 189, 15.0, 11, ABprppaapap, 4542, 0, 0, 0, , 0, 0, 0, 0, 0, 
196, 0, 199, -1, -1, 222, 196, 11.0, 11, , 7212, 0, 0, 0, , 0, 0, 0, 0, 0, 
197, 1, 200, 198, -1, 209, 250, 11.0, 15, ABprppaappa, 6479, 0, 0, 0, , 0, 0, 0, 0, 0, 
198, 1, 201, 199, -1, 154, 278, 14.0, 11, ABprppaappp, 3745, 0, 0, 0, , 0, 0, 0, 0, 0, 
199, 1, 202, 200, -1, 226, 180, 13.0, 15, ABprppaaaaa, 7342, 0, 0, 0, , 0, 0, 0, 0, 0, 
200, 1, 203, 201, -1, 205, 190, 18.0, 15, ABprppaaaap, 7280, 0, 0, 0, , 0, 0, 0, 0, 0, 
201, 1, 204, 202, -1, 196, 227, 11.0, 15, ABprppapaaa, 6366, 0, 0, 0, , 0, 0, 0, 0, 0, 
202, 1, 205, 203, -1, 189, 258, 16.0, 15, ABprppapaap, 5554, 0, 0, 0, , 0, 0, 0, 0, 0, 
203, 1, 206, 204, -1, 178, 270, 16.0, 11, ABprppapapa, 3171, 0, 0, 0, , 0, 0, 0, 0, 0, 
204, 1, 207, 205, -1, 158, 275, 18.0, 13, ABprppapapp, 4896, 0, 0, 0, , 0, 0, 0, 0, 0, 
205, 1, 208, 206, -1, 163, 287, 16.0, 15, ABprppapppa, 3587, 0, 0, 0, , 0, 0, 0, 0, 0, 
206, 1, 209, 207, -1, 142, 275, 15.0, 14, ABprppapppp, 2565, 0, 0, 0, , 0, 0, 0, 0, 0, 
207, 1, 210, 208, -1, 192, 256, 14.0, 15, ABprppappaa, 4472, 0, 0, 0, , 0, 0, 0, 0, 0, 
208, 1, 211, 209, -1, 192, 276, 15.0, 11, ABprppappap, 3034, 0, 0, 0, , 0, 0, 0, 0, 0, 
209, 1, 212, 210, -1, 322, 209, 23.0, 13, ABpraapaaaa, 5572, 0, 0, 0, , 0, 0, 0, 0, 0, 
210, 1, 213, 211, -1, 321, 178, 30.0, 15, ABarpapaaap, 4545, 0, 0, 0, , 0, 0, 0, 0, 0, 
211, 1, 214, 694, -1, 332, 188, 22.0, 11, ABpraapaaap, 3672, 0, 0, 0, , 0, 0, 0, 0, 0, 
212, 1, 215, 213, -1, 294, 174, 21.0, 11, ABpraapaapa, 4605, 0, 0, 0, , 0, 0, 0, 0, 0, 
213, 1, 216, 214, -1, 230, 187, 28.0, 15, ABpraapapap, 9206, 0, 0, 0, , 0, 0, 0, 0, 0, 
214, 1, 217, 215, -1, 221, 193, 24.0, 13, ABpraapapaa, 4656, 0, 0, 0, , 0, 0, 0, 0, 0, 
215, 0, 218, -1, -1, 240, 157, 22.0, 11, , 689, 0, 0, 0, , 0, 0, 0, 0, 0, 
216, 1, 219, 217, -1, 230, 192, 26.0, 15, ABpraapappa, 3045, 0, 0, 0, , 0, 0, 0, 0, 0, 
217, 1, 220, 218, -1, 189, 190, 19.0, 15, ABpraapppp, 6185, 0, 0, 0, , 0, 0, 0, 0, 0, 
218, 1, 221, 219, -1, 312, 201, 10.0, 13, ABpraappaa, 5205, 0, 0, 0, , 0, 0, 0, 0, 0, 
219, 1, 222, 220, -1, 273, 181, 26.0, 15, ABpraaapapa, 3836, 0, 0, 0, , 0, 0, 0, 0, 0, 
220, 0, -1, -1, -1, 283, 181, 27.0, 11, , 3464, 0, 0, 0, , 0, 0, 0, 0, 0, 
221, 1, 224, 222, -1, 245, 185, 23.0, 11, ABpraaapaad, 4742, 0, 0, 0, , 0, 0, 0, 0, 0, 
222, 1, 225, 223, -1, 229, 185, 21.0, 15, ABpraaappap, 5580, 0, 0, 0, , 0, 0, 0, 0, 0, 
223, 1, 226, 224, -1, 216, 178, 24.0, 11, ABpraaapppap, 2042, 0, 0, 0, , 0, 0, 0, 0, 0, 
224, 1, 227, 225, -1, 307, 181, 19.0, 15, ABpraaaaapd, 4256, 0, 0, 0, , 0, 0, 0, 0, 0, 
225, 1, 228, 226, -1, 259, 173, 15.0, 15, ABpraaaaaaa, 9791, 0, 0, 0, , 0, 0, 0, 0, 0, 
226, 1, 698, 227, -1, 293, 198, 13.0, 13, ABprpaaapaa, 7011, 0, 0, 0, , 0, 0, 0, 0, 0, 
227, 1, 230, 228, -1, 245, 177, 14.0, 15, ABpraaaapav, 6876, 0, 0, 0, , 0, 0, 0, 0, 0, 
228, 0, 231, -1, -1, 270, 171, 17.0, 13, , 3191, 0, 0, 0, , 0, 0, 0, 0, 0, 
229, 1, 232, 230, -1, 255, 173, 24.0, 11, ABpraaaappa, 3939, 0, 0, 0, , 0, 0, 0, 0, 0, 
230, 1, 233, 231, -1, 252, 177, 27.0, 15, ABpraaaappp, 1445, 0, 0, 0, , 0, 0, 0, 0, 0, 
231, 1, 234, 232, -1, 136, 237, 21.0, 15, ABprappapp, 7854, 0, 0, 0, , 0, 0, 0, 0, 0, 
232, 1, 235, 233, -1, 149, 220, 29.0, 15, ABprappapa, 6724, 0, 0, 0, , 0, 0, 0, 0, 0, 
233, 1, 236, 234, -1, 150, 227, 24.0, 15, ABprappaap, 6394, 0, 0, 0, , 0, 0, 0, 0, 0, 
234, 1, 237, 235, -1, 168, 220, 23.0, 15, ABprappaaa, 7594, 0, 0, 0, , 0, 0, 0, 0, 0, 
235, 1, 238, 236, -1, 89, 243, 17.0, 13, ABprapppaaa, 4475, 0, 0, 0, , 0, 0, 0, 0, 0, 
236, 1, 239, 237, -1, 88, 259, 16.0, 13, ABprapppapp, 4238, 0, 0, 0, , 0, 0, 0, 0, 0, 
237, 1, 240, 238, -1, 72, 253, 14.0, 11, ABprapppapa, 1462, 0, 0, 0, , 0, 0, 0, 0, 0, 
238, 1, 241, 239, -1, 71, 266, 13.0, 15, ABprappppp, 8072, 0, 0, 0, , 0, 0, 0, 0, 0, 
239, 1, 242, 240, -1, 115, 268, 9.0, 19, ABprappppa, 9503, 0, 0, 0, , 0, 0, 0, 0, 0, 
240, 1, 243, 241, -1, 204, 193, 24.0, 15, ABprapaaapa, 4469, 0, 0, 0, , 0, 0, 0, 0, 0, 
241, 1, 244, 242, -1, 192, 203, 25.0, 15, ABprapaaapp, 9342, 0, 0, 0, , 0, 0, 0, 0, 0, 
242, 0, 245, -1, -1, 253, 178, 27.0, 15, , 3277, 0, 0, 0, , 0, 0, 0, 0, 0, 
243, 1, 246, 244, -1, 179, 204, 20.0, 15, ABprapaapp, 8237, 0, 0, 0, , 0, 0, 0, 0, 0, 
244, 1, 247, 245, -1, 214, 217, 10.0, 15, ABprapaapa, 8210, 0, 0, 0, , 0, 0, 0, 0, 0, 
245, 1, 248, 246, -1, 110, 237, 15.0, 15, ABprapappa, 6953, 0, 0, 0, , 0, 0, 0, 0, 0, 
246, 1, 249, 247, -1, 72, 267, 18.0, 19, ABprapapppp, 5430, 0, 0, 0, , 0, 0, 0, 0, 0, 
247, 1, 250, 248, -1, 112, 233, 22.0, 17, ABprapapap, 7594, 0, 0, 0, , 0, 0, 0, 0, 0, 
248, 1, 251, 249, -1, 105, 238, 27.0, 17, ABprapapaa, 7351, 0, 0, 0, , 0, 0, 0, 0, 0, 
249, 1, 252, 250, -1, 251, 197, 32.0, 11, MSppppap, 1018, 0, 0, 0, , 0, 0, 0, 0, 0, 
250, 1, 253, 251, -1, 230, 200, 20.0, 11, MSppppaa, 1605, 0, 0, 0, , 0, 0, 0, 0, 0, 
251, 1, 254, 252, -1, 297, 204, 35.0, 19, MSpppppa, 11365, 0, 0, 0, , 0, 0, 0, 0, 0, 
252, 1, 255, 253, -1, 251, 212, 34.0, 13, MSpppppp, 2144, 0, 0, 0, , 0, 0, 0, 0, 0, 
253, 1, 256, 254, -1, 284, 212, 34.0, 13, MSpppaaa, 3097, 0, 0, 0, , 0, 0, 0, 0, 0, 
254, 1, 257, 255, -1, 139, 258, 26.0, 17, MSpppaap, 4272, 0, 0, 0, , 0, 0, 0, 0, 0, 
255, 1, 258, 256, -1, 234, 232, 12.0, 14, ABprpapaaap, 3077, 0, 0, 0, , 0, 0, 0, 0, 0, 
256, 1, 259, 257, -1, 126, 285, 20.0, 15, MSppaapp, 5341, 0, 0, 0, , 0, 0, 0, 0, 0, 
257, 0, 260, -1, -1, 257, 193, 25.0, 9, , 1884, 0, 0, 0, , 0, 0, 0, 0, 0, 
258, 1, 261, 259, -1, 270, 200, 24.0, 9, MSppaaaad, 2352, 0, 0, 0, , 0, 0, 0, 0, 0, 
259, 0, 262, -1, -1, 309, 170, 28.0, 7, , 318, 0, 0, 0, , 0, 0, 0, 0, 0, 
260, 1, 263, 260, -1, 257, 195, 22.0, 11, MSppapap, 1573, 0, 0, 0, , 0, 0, 0, 0, 0, 
261, 1, 264, 261, -1, 191, 254, 20.0, 13, MSpapappp, 3965, 0, 0, 0, , 0, 0, 0, 0, 0, 
262, 1, 265, 262, -1, 203, 246, 20.0, 11, MSpapapaa, 2963, 0, 0, 0, , 0, 0, 0, 0, 0, 
263, 1, 266, 263, -1, 210, 229, 19.0, 15, MSpapaaap, 5574, 0, 0, 0, , 0, 0, 0, 0, 0, 
264, 1, 267, 264, -1, 201, 242, 25.0, 15, MSpapaapp, 6022, 0, 0, 0, , 0, 0, 0, 0, 0, 
265, 1, 268, 265, -1, 171, 323, 17.0, 15, MSpappaa, 5309, 0, 0, 0, , 0, 0, 0, 0, 0, 
266, 1, 269, 266, -1, 172, 246, 17.0, 13, MSpappppa, 3512, 0, 0, 0, , 0, 0, 0, 0, 0, 
267, 1, 270, 267, -1, 165, 257, 19.0, 15, MSpappppp, 2720, 0, 0, 0, , 0, 0, 0, 0, 0, 
268, 1, 271, 268, -1, 235, 256, 33.0, 13, MSpaaappp, 4357, 0, 0, 0, , 0, 0, 0, 0, 0, 
269, 1, 272, 269, -1, 242, 275, 30.0, 13, MSpaaapaa, 4720, 0, 0, 0, , 0, 0, 0, 0, 0, 
270, 1, 273, 270, -1, 221, 270, 32.0, 13, MSpaaapap, 3638, 0, 0, 0, , 0, 0, 0, 0, 0, 
271, 1, 274, 271, -1, 254, 228, 32.0, 19, MSpaaaapp, 24349, 0, 0, 0, , 0, 0, 0, 0, 0, 
272, 1, 275, 272, -1, 271, 258, 34.0, 15, MSpaaaaaa, 6959, 0, 0, 0, , 0, 0, 0, 0, 0, 
273, 1, 276, 273, -1, 248, 253, 29.0, 13, MSpaaaaap, 4419, 0, 0, 0, , 0, 0, 0, 0, 0, 
274, 1, 277, 274, -1, 212, 219, 24.0, 15, ABaraappppa, 5229, 0, 0, 0, , 0, 0, 0, 0, 0, 
275, 1, 278, 275, -1, 216, 219, 29.0, 15, ABaraapppap, 6403, 0, 0, 0, , 0, 0, 0, 0, 0, 
276, 1, 279, 276, -1, 237, 258, 30.0, 11, MSpaapaap, 3537, 0, 0, 0, , 0, 0, 0, 0, 0, 
277, 1, 280, 277, -1, 250, 246, 33.0, 13, MSpaaappa, 3163, 0, 0, 0, , 0, 0, 0, 0, 0, 
278, 1, 281, 278, -1, 230, 238, 31.0, 13, MSpaapaaa, 2914, 0, 0, 0, , 0, 0, 0, 0, 0, 
279, 1, 282, 279, -1, 290, 289, 32.0, 13, MSapppap, 3056, 0, 0, 0, , 0, 0, 0, 0, 0, 
280, 1, 283, 280, -1, 313, 256, 35.0, 15, MSappppa, 6847, 0, 0, 0, , 0, 0, 0, 0, 0, 
281, 1, 284, 281, -1, 138, 337, 19.0, 13, MSappaap, 4853, 0, 0, 0, , 0, 0, 0, 0, 0, 
282, 1, 285, 282, -1, 303, 255, 33.0, 13, MSappaaa, 1145, 0, 0, 0, , 0, 0, 0, 0, 0, 
283, 1, 286, 283, -1, 265, 282, 30.0, 17, ABaraapaapp, 8106, 0, 0, 0, , 0, 0, 0, 0, 0, 
284, 1, 287, 284, -1, 327, 242, 31.0, 13, MSapappp, 2631, 0, 0, 0, , 0, 0, 0, 0, 0, 
285, 1, 288, 285, -1, 145, 291, 19.0, 17, MSapaapp, 6977, 0, 0, 0, , 0, 0, 0, 0, 0, 
286, 1, 289, 286, -1, 306, 266, 26.0, 11, MSapaaaad, 3603, 0, 0, 0, , 0, 0, 0, 0, 0, 
287, 1, 290, 287, -1, 276, 242, 32.0, 13, MSaaaaapap, 3357, 0, 0, 0, , 0, 0, 0, 0, 0, 
288, 1, 291, 288, -1, 273, 250, 30.0, 11, MSaaapaaa, 1457, 0, 0, 0, , 0, 0, 0, 0, 0, 
289, 1, 292, 289, -1, 291, 205, 29.0, 13, MSaaaaaar, 4590, 0, 0, 0, , 0, 0, 0, 0, 0, 
290, 1, 293, 290, -1, 315, 248, 28.0, 13, MSaaaaaal, 5459, 0, 0, 0, , 0, 0, 0, 0, 0, 
291, 1, 294, 291, -1, 252, 262, 34.0, 13, MSaaaapaa, 3615, 0, 0, 0, , 0, 0, 0, 0, 0, 
292, 1, 295, 292, -1, 262, 271, 33.0, 13, MSaaaapap, 3501, 0, 0, 0, , 0, 0, 0, 0, 0, 
293, 1, 296, 293, -1, 231, 276, 31.0, 13, MSaaaappa, 3772, 0, 0, 0, , 0, 0, 0, 0, 0, 
294, 1, 297, 294, -1, 240, 293, 30.0, 11, MSaaapapa, 2434, 0, 0, 0, , 0, 0, 0, 0, 0, 
295, 1, 298, 295, -1, 228, 295, 28.0, 15, MSaaapapp, 5061, 0, 0, 0, , 0, 0, 0, 0, 0, 
296, 1, 299, 296, -1, 213, 298, 28.0, 11, MSaaappa, 2801, 0, 0, 0, , 0, 0, 0, 0, 0, 
297, 1, 300, 297, -1, 219, 285, 33.0, 13, MSaaappp, 2873, 0, 0, 0, , 0, 0, 0, 0, 0, 
298, 1, 301, 298, -1, 204, 310, 15.0, 11, MSaappppa, 2467, 0, 0, 0, , 0, 0, 0, 0, 0, 
299, 1, 302, 299, -1, 188, 320, 17.0, 11, MSaappppp, 3346, 0, 0, 0, , 0, 0, 0, 0, 0, 
300, 1, 303, 300, -1, 238, 275, 18.0, 13, MSaapaaap, 4328, 0, 0, 0, , 0, 0, 0, 0, 0, 
301, 1, 304, 301, -1, 253, 271, 19.0, 11, MSaapaaaa, 1281, 0, 0, 0, , 0, 0, 0, 0, 0, 
302, 1, 305, 302, -1, 217, 285, 19.0, 11, MSaapappp, 2630, 0, 0, 0, , 0, 0, 0, 0, 0, 
303, 1, 306, 303, -1, 243, 302, 26.0, 13, MSaapappa, 3726, 0, 0, 0, , 0, 0, 0, 0, 0, 
304, 1, 307, 304, -1, 232, 277, 21.0, 13, MSaapapaa, 3552, 0, 0, 0, , 0, 0, 0, 0, 0, 
305, 1, 308, 305, -1, 227, 293, 20.0, 11, MSaapapap, 3234, 0, 0, 0, , 0, 0, 0, 0, 0, 
306, 1, 309, 306, -1, 97, 316, 25.0, 15, Eplpa, 4034, 0, 0, 0, , 0, 0, 0, 0, 0, 
307, 1, 310, 307, -1, 105, 353, 22.0, 15, Cappapa, 9185, 0, 0, 0, , 0, 0, 0, 0, 0, 
308, 1, 311, 308, -1, 90, 347, 21.0, 15, Cappapp, 6568, 0, 0, 0, , 0, 0, 0, 0, 0, 
309, 1, 312, 309, -1, 200, 329, 30.0, 15, Cappaaa, 3800, 0, 0, 0, , 0, 0, 0, 0, 0, 
310, 1, 313, 310, -1, 79, 344, 24.0, 17, Capppap, 4454, 0, 0, 0, , 0, 0, 0, 0, 0, 
311, 1, 314, 311, -1, 118, 346, 32.0, 19, Capppaa, 10807, 0, 0, 0, , 0, 0, 0, 0, 0, 
312, 1, 315, 312, -1, 126, 357, 29.0, 13, Capapap, 5033, 0, 0, 0, , 0, 0, 0, 0, 0, 
313, 1, 316, 313, -1, 167, 343, 31.0, 17, Capapaa, 8732, 0, 0, 0, , 0, 0, 0, 0, 0, 
314, 1, 317, 314, -1, 134, 322, 13.0, 15, Capappp, 4888, 0, 0, 0, , 0, 0, 0, 0, 0, 
315, 1, 318, 315, -1, 146, 336, 15.0, 17, Capappa, 7325, 0, 0, 0, , 0, 0, 0, 0, 0, 
316, 1, 319, 316, -1, 199, 331, 20.0, 13, Capaaap, 6157, 0, 0, 0, , 0, 0, 0, 0, 0, 
317, 1, 320, 317, -1, 218, 320, 17.0, 15, Capaaaa, 5705, 0, 0, 0, , 0, 0, 0, 0, 0, 
318, 0, 321, -1, -1, 80, 290, 15.0, 13, , 4173, 0, 0, 0, , 0, 0, 0, 0, 0, 
319, 1, 322, 319, -1, 64, 293, 15.0, 13, Caappv, 4559, 0, 0, 0, , 0, 0, 0, 0, 0, 
320, 0, 323, -1, -1, 105, 283, 11.0, 11, , 1647, 0, 0, 0, , 0, 0, 0, 0, 0, 
321, 1, 324, 321, -1, 91, 358, 19.0, 17, Cpappd, 15509, 0, 0, 0, , 0, 0, 0, 0, 0, 
322, 1, 325, 322, -1, 67, 320, 15.0, 15, Cpappv, 4194, 0, 0, 0, , 0, 0, 0, 0, 0, 
323, 1, 326, 323, -1, 125, 247, 24.0, 15, Cppaapp, 4917, 0, 0, 0, , 0, 0, 0, 0, 0, 
324, 1, 327, 324, -1, 152, 246, 24.0, 13, Cppaapa, 4462, 0, 0, 0, , 0, 0, 0, 0, 0, 
325, 1, 328, 325, -1, 166, 237, 21.0, 13, Cppaaap, 3504, 0, 0, 0, , 0, 0, 0, 0, 0, 
326, 1, 329, 326, -1, 180, 227, 19.0, 15, Cppaaaa, 5331, 0, 0, 0, , 0, 0, 0, 0, 0, 
327, 1, 330, 327, -1, 155, 256, 33.0, 15, Cppapaa, 5021, 0, 0, 0, , 0, 0, 0, 0, 0, 
328, 1, 331, 328, -1, 112, 254, 15.0, 15, Cppappp, 5033, 0, 0, 0, , 0, 0, 0, 0, 0, 
329, 1, 332, 329, -1, 116, 248, 19.0, 13, Cppappa, 5246, 0, 0, 0, , 0, 0, 0, 0, 0, 
330, 1, 333, 330, -1, 158, 275, 35.0, 19, Cpppaap, 34252, 0, 0, 0, , 0, 0, 0, 0, 0, 
331, 1, 334, 331, -1, 184, 239, 32.0, 13, Cpppaaa, 4885, 0, 0, 0, , 0, 0, 0, 0, 0, 
332, 1, 335, 332, -1, 72, 275, 25.0, 15, Cpppapp, 6212, 0, 0, 0, , 0, 0, 0, 0, 0, 
333, 1, 336, 333, -1, 95, 274, 33.0, 15, Cpppapa, 2460, 0, 0, 0, , 0, 0, 0, 0, 0, 
334, 1, 337, 334, -1, 260, 290, 15.0, 15, Daapa, 5279, 0, 0, 0, , 0, 0, 0, 0, 0, 
335, 1, 338, 335, -1, 247, 292, 13.0, 13, Daapp, 5447, 0, 0, 0, , 0, 0, 0, 0, 0, 
336, 1, 339, 650, -1, 251, 306, 18.0, 11, Daaaa, 1514, 0, 0, 0, , 0, 0, 0, 0, 0, 
337, 1, 340, 337, -1, 254, 306, 31.0, 15, Daaap, 5484, 0, 0, 0, , 0, 0, 0, 0, 0, 
338, 1, 341, 338, -1, 246, 295, 34.0, 15, Dappaa, 4394, 0, 0, 0, , 0, 0, 0, 0, 0, 
339, 1, 342, 339, -1, 207, 213, 15.0, 13, Dpapp, 5247, 0, 0, 0, , 0, 0, 0, 0, 0, 
340, 1, 343, 340, -1, 222, 205, 16.0, 14, Dpapa, 2894, 0, 0, 0, , 0, 0, 0, 0, 0, 
341, 1, 344, 341, -1, 228, 207, 33.0, 17, Dpaap, 5632, 0, 0, 0, , 0, 0, 0, 0, 0, 
342, 1, 345, 342, -1, 215, 204, 21.0, 13, Dpaaa, 4345, 0, 0, 0, , 0, 0, 0, 0, 0, 
343, 1, 346, 343, -1, 196, 256, 33.0, 13, Dppppa, 2341, 0, 0, 0, , 0, 0, 0, 0, 0, 
344, 1, 347, 344, -1, 214, 248, 34.0, 15, Dpppap, 4260, 0, 0, 0, , 0, 0, 0, 0, 0, 
345, 1, 348, 345, -1, 235, 228, 35.0, 17, Dpppaa, 6650, 0, 0, 0, , 0, 0, 0, 0, 0, 
346, 1, 349, 346, -1, 197, 213, 20.0, 13, Dppaa, 5937, 0, 0, 0, , 0, 0, 0, 0, 0, 
347, 1, 350, 347, -1, 202, 227, 33.0, 15, Dppap, 5656, 0, 0, 0, , 0, 0, 0, 0, 0, 
348, 0, 351, -1, -1, 381, 244, 24.0, 15, , 7260, 0, 0, 0, , 0, 0, 0, 0, 0, 
349, 0, 352, -1, -1, 304, 280, 31.0, 13, , 3017, 0, 0, 0, , 0, 0, 0, 0, 0, 
350, 0, 353, -1, -1, 293, 312, 21.0, 11, , 2552, 0, 0, 0, , 0, 0, 0, 0, 0, 
351, 1, 354, 351, -1, 285, 328, 21.0, 11, ABalppppppap, 3036, 0, 0, 0, , 0, 0, 0, 0, 0, 
352, 1, 355, 352, -1, 309, 308, 19.0, 17, ABalpppppppa, 7191, 0, 0, 0, , 0, 0, 0, 0, 0, 
353, 1, 147, 353, -1, 361, 257, 20.0, 15, ABplaaapap, 6562, 0, 0, 0, , 0, 0, 0, 0, 0, 
354, 1, 357, 354, -1, 321, 286, 14.0, 13, ABalpppaaaa, 3169, 0, 0, 0, , 0, 0, 0, 0, 0, 
355, 1, 358, 355, -1, 320, 252, 16.0, 11, ABalpppaaap, 915, 0, 0, 0, , 0, 0, 0, 0, 0, 
356, 1, 359, 356, -1, 336, 262, 15.0, 13, ABalpppaapd, 8273, 0, 0, 0, , 0, 0, 0, 0, 0, 
357, 1, 360, 357, -1, 336, 249, 20.0, 11, ABalpppaapv, 3845, 0, 0, 0, , 0, 0, 0, 0, 0, 
358, 1, 361, 358, -1, 303, 290, 14.0, 11, ABalpppapad, 3350, 0, 0, 0, , 0, 0, 0, 0, 0, 
359, 0, 362, -1, -1, 301, 282, 16.0, 9, , 1055, 0, 0, 0, , 0, 0, 0, 0, 0, 
360, 1, 363, 360, -1, 336, 265, 14.0, 15, ABalpppapav, 7855, 0, 0, 0, , 0, 0, 0, 0, 0, 
361, 1, 365, 361, -1, 333, 252, 15.0, 13, ABalppaaapp, 3368, 0, 0, 0, , 0, 0, 0, 0, 0, 
362, 1, 366, 362, -1, 287, 298, 15.0, 15, ABplpaaaaap, 6801, 0, 0, 0, , 0, 0, 0, 0, 0, 
363, 1, 367, 363, -1, 296, 249, 12.0, 13, ABalppapppa, 4193, 0, 0, 0, , 0, 0, 0, 0, 0, 
364, 1, 368, 364, -1, 311, 277, 20.0, 15, ABalppappaa, 5985, 0, 0, 0, , 0, 0, 0, 0, 0, 
365, 1, 369, 365, -1, 315, 271, 23.0, 9, ABalapaappa, 617, 0, 0, 0, , 0, 0, 0, 0, 0, 
366, 1, 370, 366, -1, 278, 250, 11.0, 13, ABalppapapa, 5075, 0, 0, 0, , 0, 0, 0, 0, 0, 
367, 1, 371, 367, -1, 315, 236, 11.0, 11, ABalppapapp, 4663, 0, 0, 0, , 0, 0, 0, 0, 0, 
368, 1, 372, 368, -1, 324, 224, 10.0, 13, ABplaappaa, 5695, 0, 0, 0, , 0, 0, 0, 0, 0, 
369, 1, 373, 369, -1, 315, 253, 20.0, 13, ABalppapaaa, 5019, 0, 0, 0, , 0, 0, 0, 0, 0, 
370, 1, 374, 370, -1, 275, 247, 14.0, 15, ABalpapapaa, 7703, 0, 0, 0, , 0, 0, 0, 0, 0, 
371, 1, 375, 371, -1, 215, 277, 9.0, 15, ABalpapappa, 7656, 0, 0, 0, , 0, 0, 0, 0, 0, 
372, 1, 376, 372, -1, 314, 216, 13.0, 15, ABalpapaapp, 3196, 0, 0, 0, , 0, 0, 0, 0, 0, 
373, 1, 377, 373, -1, 311, 234, 15.0, 13, ABalppapaap, 5848, 0, 0, 0, , 0, 0, 0, 0, 0, 
374, 1, 378, 374, -1, 281, 254, 19.0, 13, ABalpaaaapa, 5758, 0, 0, 0, , 0, 0, 0, 0, 0, 
375, 1, 379, 375, -1, 274, 263, 18.0, 13, ABalpaaaaap, 3693, 0, 0, 0, , 0, 0, 0, 0, 0, 
376, 1, 380, 376, -1, 254, 242, 20.0, 9, ABalpappaaa, 3565, 0, 0, 0, , 0, 0, 0, 0, 0, 
377, 1, 381, 377, -1, 284, 280, 23.0, 13, ABalpapppaa, 6774, 0, 0, 0, , 0, 0, 0, 0, 0, 
378, 1, 382, 378, -1, 261, 266, 18.0, 13, ABalpapppap, 6119, 0, 0, 0, , 0, 0, 0, 0, 0, 
379, 1, 383, 379, -1, 289, 273, 29.0, 14, ABalpaapapa, 2891, 0, 0, 0, , 0, 0, 0, 0, 0, 
380, 1, 384, 380, -1, 257, 253, 18.0, 13, ABalpaaaapp, 8862, 0, 0, 0, , 0, 0, 0, 0, 0, 
381, 1, 385, 381, -1, 285, 248, 21.0, 13, ABalpaaaaaa, 3445, 0, 0, 0, , 0, 0, 0, 0, 0, 
382, 1, 386, 382, -1, 281, 274, 20.0, 15, ABalpappaap, 4422, 0, 0, 0, , 0, 0, 0, 0, 0, 
383, 0, 387, -1, -1, 303, 228, 18.0, 13, , 3317, 0, 0, 0, , 0, 0, 0, 0, 0, 
384, 1, 388, 384, -1, 316, 222, 23.0, 11, ABalpaapppa, 2618, 0, 0, 0, , 0, 0, 0, 0, 0, 
385, 1, 389, 385, -1, 325, 223, 20.0, 13, ABalpaapppp, 6162, 0, 0, 0, , 0, 0, 0, 0, 0, 
386, 1, 390, 386, -1, 308, 230, 21.0, 15, ABalpaappaa, 3806, 0, 0, 0, , 0, 0, 0, 0, 0, 
387, 0, 391, -1, -1, 291, 252, 26.0, 15, , 5710, 0, 0, 0, , 0, 0, 0, 0, 0, 
388, 0, 392, -1, -1, 284, 265, 16.0, 13, , 2523, 0, 0, 0, , 0, 0, 0, 0, 0, 
389, 0, 393, -1, -1, 186, 274, 27.0, 17, , 11704, 0, 0, 0, , 0, 0, 0, 0, 0, 
390, 1, 394, 390, -1, 136, 321, 28.0, 15, Ealpp, 2842, 0, 0, 0, , 0, 0, 0, 0, 0, 
391, 1, 395, 391, -1, 141, 296, 28.0, 19, Earpp, 15883, 0, 0, 0, , 0, 0, 0, 0, 0, 
392, 0, 396, -1, -1, 167, 293, 23.0, 17, , 5250, 0, 0, 0, , 0, 0, 0, 0, 0, 
393, 0, 397, -1, -1, 199, 293, 23.0, 14, , 6772, 0, 0, 0, , 0, 0, 0, 0, 0, 
394, 1, 398, 394, -1, 93, 293, 23.0, 21, Eprpp, 6471, 0, 0, 0, , 0, 0, 0, 0, 0, 
395, 1, 399, 395, -1, 229, 315, 32.0, 17, Dapap, 5419, 0, 0, 0, , 0, 0, 0, 0, 0, 
396, 1, 400, 396, -1, 236, 312, 18.0, 15, Dapaa, 5154, 0, 0, 0, , 0, 0, 0, 0, 0, 
397, 1, 401, 397, -1, 230, 298, 24.0, 15, MSaapaapp, 5038, 0, 0, 0, , 0, 0, 0, 0, 0, 
398, 1, 402, 398, -1, 240, 299, 20.0, 11, MSaapaapa, 1259, 0, 0, 0, , 0, 0, 0, 0, 0, 
399, 1, 403, 399, -1, 198, 208, 30.0, 17, ABarpppapp, 6491, 0, 0, 0, , 0, 0, 0, 0, 0, 
400, 1, 404, 400, -1, 273, 307, 13.0, 15, ABplppaapap, 6846, 0, 0, 0, , 0, 0, 0, 0, 0, 
401, 1, 405, 401, -1, 275, 298, 10.0, 11, ABplppaapaa, 5592, 0, 0, 0, , 0, 0, 0, 0, 0, 
402, 1, 406, 402, -1, 322, 253, 24.0, 11, ABalaaaalal, 3768, 0, 0, 0, , 0, 0, 0, 0, 0, 
403, 0, -1, -1, -1, 286, 186, 31.0, 13, , 3794, 0, 0, 0, , 0, 0, 0, 0, 0, 
404, 1, 408, 404, -1, 324, 178, 19.0, 13, ABarpappaa, 3300, 0, 0, 0, , 0, 0, 0, 0, 0, 
405, 1, 409, 405, -1, 114, 296, 35.0, 17, Cppppaa, 8478, 0, 0, 0, , 0, 0, 0, 0, 0, 
406, 1, 410, 406, -1, 76, 295, 30.0, 15, Cppppap, 3706, 0, 0, 0, , 0, 0, 0, 0, 0, 
407, 1, 411, 407, -1, 92, 270, 13.0, 14, Cpppppv, 3411, 0, 0, 0, , 0, 0, 0, 0, 0, 
408, 1, 412, 408, -1, 304, 186, 31.0, 13, ABarpapaappp, 3133, 0, 0, 0, , 0, 0, 0, 0, 0, 
409, 0, 413, -1, -1, 116, 303, 31.0, 14, , 1343, 0, 0, 0, , 0, 0, 0, 0, 0, 
410, 1, 414, 410, -1, 113, 322, 29.0, 23, Eplap, 49760, 0, 0, 0, , 0, 0, 0, 0, 0, 
411, 1, 415, 411, -1, 309, 222, 16.0, 15, ABalpapaapa, 4874, 0, 0, 0, , 0, 0, 0, 0, 0, 
412, 0, 416, -1, -1, 144, 304, 30.0, 13, , 1548, 0, 0, 0, , 0, 0, 0, 0, 0, 
413, 1, 417, 413, -1, 228, 293, 10.0, 15, ABplppapaaa, 6419, 0, 0, 0, , 0, 0, 0, 0, 0, 
414, 1, 418, 414, -1, 336, 253, 25.0, 11, ABalaaaalar, 3507, 0, 0, 0, , 0, 0, 0, 0, 0, 
415, 1, 419, 415, -1, 281, 202, 17.0, 13, ABarappppap, 6082, 0, 0, 0, , 0, 0, 0, 0, 0, 
416, 1, 420, 416, -1, 149, 256, 19.0, 15, MSpappap, 5532, 0, 0, 0, , 0, 0, 0, 0, 0, 
417, 1, 421, 417, -1, 218, 246, 30.0, 15, MSpaapapa, 2865, 0, 0, 0, , 0, 0, 0, 0, 0, 
418, 1, 422, 418, -1, 68, 299, 20.0, 17, Cpppppd, 6740, 0, 0, 0, , 0, 0, 0, 0, 0, 
419, 1, 423, 419, -1, 302, 302, 29.0, 13, ABplapaaaaa, 4823, 0, 0, 0, , 0, 0, 0, 0, 0, 
420, 1, 424, 420, -1, 208, 271, 21.0, 13, MSaappaa, 3562, 0, 0, 0, , 0, 0, 0, 0, 0, 
421, 1, 425, 421, -1, 290, 311, 29.0, 17, ABplapaaaap, 5684, 0, 0, 0, , 0, 0, 0, 0, 0, 
422, 1, 426, 422, -1, 326, 256, 18.0, 15, ABalaaaalpa, 3338, 0, 0, 0, , 0, 0, 0, 0, 0, 
423, 1, 427, 423, -1, 330, 228, 23.0, 11, ABalaaaparr, 3461, 0, 0, 0, , 0, 0, 0, 0, 0, 
424, 1, 428, 424, -1, 344, 227, 21.0, 11, ABalaaaparl, 3386, 0, 0, 0, , 0, 0, 0, 0, 0, 
425, 1, 429, 425, -1, 267, 287, 23.0, 13, ABalpaaappp, 3960, 0, 0, 0, , 0, 0, 0, 0, 0, 
426, 1, 430, 426, -1, 273, 276, 24.0, 13, ABalpaaappa, 4149, 0, 0, 0, , 0, 0, 0, 0, 0, 
427, 1, 431, 427, -1, 204, 292, 20.0, 19, Ealaad, 23063, 0, 0, 0, , 0, 0, 0, 0, 0, 
428, 1, 432, 428, -1, 230, 234, 16.0, 14, ABprpappapa, 5031, 0, 0, 0, , 0, 0, 0, 0, 0, 
429, 1, 433, 429, -1, 153, 340, 34.0, 17, Cappaap, 6272, 0, 0, 0, , 0, 0, 0, 0, 0, 
430, 1, 434, 430, -1, 282, 231, 19.0, 15, ABarappaapp, 12542, 0, 0, 0, , 0, 0, 0, 0, 0, 
431, 1, 435, 431, -1, 205, 224, 27.0, 13, MSpapappa, 2332, 0, 0, 0, , 0, 0, 0, 0, 0, 
432, 1, 436, 432, -1, 213, 234, 23.0, 11, MSpapaapaa, 1952, 0, 0, 0, , 0, 0, 0, 0, 0, 
433, 1, 437, 433, -1, 196, 221, 22.0, 13, MSpapaapap, 2350, 0, 0, 0, , 0, 0, 0, 0, 0, 
434, 1, 438, 434, -1, 279, 166, 22.0, 17, ABpraapaapp, 4617, 0, 0, 0, , 0, 0, 0, 0, 0, 
435, 0, 439, -1, -1, 273, 172, 30.0, 13, , 1326, 0, 0, 0, , 0, 0, 0, 0, 0, 
436, 1, 440, 436, -1, 278, 217, 23.0, 11, ABaraaaaapa, 2389, 0, 0, 0, , 0, 0, 0, 0, 0, 
437, 1, 441, 437, -1, 298, 249, 15.0, 13, ABalppapppp, 4864, 0, 0, 0, , 0, 0, 0, 0, 0, 
438, 1, 442, 438, -1, 316, 196, 22.0, 11, ABalaaappll, 4639, 0, 0, 0, , 0, 0, 0, 0, 0, 
439, 1, 443, 439, -1, 115, 268, 35.0, 15, Cppapap, 2745, 0, 0, 0, , 0, 0, 0, 0, 0, 
440, 1, 444, 440, -1, 300, 294, 26.0, 13, ABalppppaav, 3309, 0, 0, 0, , 0, 0, 0, 0, 0, 
441, 1, 445, 441, -1, 276, 280, 35.0, 13, MSappppp, 2494, 0, 0, 0, , 0, 0, 0, 0, 0, 
442, 1, 446, 442, -1, 287, 284, 27.0, 14, ABalpaapapp, 5380, 0, 0, 0, , 0, 0, 0, 0, 0, 
443, 1, 447, 443, -1, 113, 343, 16.0, 15, ABplpppaapa, 5688, 0, 0, 0, , 0, 0, 0, 0, 0, 
444, 1, 448, 444, -1, 229, 232, 19.0, 13, MSpapaaaa, 4456, 0, 0, 0, , 0, 0, 0, 0, 0, 
445, 1, 449, 445, -1, 195, 226, 15.0, 15, MSpapppaa, 5550, 0, 0, 0, , 0, 0, 0, 0, 0, 
446, 1, 450, 446, -1, 185, 237, 17.0, 15, MSpapppap, 4232, 0, 0, 0, , 0, 0, 0, 0, 0, 
447, 1, 451, 447, -1, 266, 178, 22.0, 15, ABprpaapaaa, 7219, 0, 0, 0, , 0, 0, 0, 0, 0, 
448, 1, 452, 448, -1, 304, 304, 15.0, 11, ABalpppppppp, 2154, 0, 0, 0, , 0, 0, 0, 0, 0, 
449, 1, 453, 449, -1, 94, 307, 10.0, 13, Caapap, 8871, 0, 0, 0, , 0, 0, 0, 0, 0, 
450, 0, 454, -1, -1, 162, 319, 29.0, 15, , 2843, 0, 0, 0, , 0, 0, 0, 0, 0, 
451, 0, 455, -1, -1, 293, 186, 22.0, 11, , 917, 0, 0, 0, , 0, 0, 0, 0, 0, 
452, 1, 456, 452, -1, 339, 205, 22.0, 13, ABarpaaaaal, 2699, 0, 0, 0, , 0, 0, 0, 0, 0, 
453, 1, 457, 453, -1, 91, 284, 13.0, 11, ABprppppppa, 3548, 0, 0, 0, , 0, 0, 0, 0, 0, 
454, 1, 458, 454, -1, 215, 191, 33.0, 14, ABarpppapa, 6426, 0, 0, 0, , 0, 0, 0, 0, 0, 
455, 1, 459, 455, -1, 284, 280, 15.0, 13, MSappapp, 2485, 0, 0, 0, , 0, 0, 0, 0, 0, 
456, 1, 460, 456, -1, 94, 243, 22.0, 14, ABarpppppp, 228, 0, 0, 0, , 0, 0, 0, 0, 0, 
457, 1, 461, 457, -1, 246, 197, 15.0, 11, MSpppapa, 2037, 0, 0, 0, , 0, 0, 0, 0, 0, 
458, 1, 462, 458, -1, 305, 280, 31.0, 11, MSapappa, 2727, 0, 0, 0, , 0, 0, 0, 0, 0, 
459, 1, 463, 459, -1, 308, 201, 32.0, 13, MSppappp, 3506, 0, 0, 0, , 0, 0, 0, 0, 0, 
460, 1, 464, 460, -1, 105, 311, 13.0, 13, Cappppd, 3131, 0, 0, 0, , 0, 0, 0, 0, 0, 
461, 1, 465, 461, -1, 224, 267, 28.0, 15, MSaaaappp, 4322, 0, 0, 0, , 0, 0, 0, 0, 0, 
462, 1, 466, 462, -1, 108, 360, 17.0, 13, ABplapppaap, 3873, 0, 0, 0, , 0, 0, 0, 0, 0, 
463, 1, 467, 463, -1, 140, 269, 22.0, 21, Z2, 4476, 0, 0, 0, , 0, 0, 0, 0, 0, 
464, 1, 468, 464, -1, 336, 255, 30.0, 11, ABplaaaaapa, 2917, 0, 0, 0, , 0, 0, 0, 0, 0, 
465, 1, 469, 465, -1, 197, 237, 22.0, 11, MSpapapap, 3567, 0, 0, 0, , 0, 0, 0, 0, 0, 
466, 0, 470, -1, -1, 86, 320, 24.0, 15, , 1983, 0, 0, 0, , 0, 0, 0, 0, 0, 
467, 1, 471, 467, -1, 92, 322, 22.0, 19, Eplppp, 25006, 0, 0, 0, , 0, 0, 0, 0, 0, 
468, 1, 474, 468, -1, 155, 341, 20.0, 15, Capaapp, 4877, 0, 0, 0, , 0, 0, 0, 0, 0, 
469, 1, 475, 469, -1, 183, 342, 23.0, 13, Capaapa, 3975, 0, 0, 0, , 0, 0, 0, 0, 0, 
470, 1, 476, 470, -1, 260, 179, 10.0, 17, ABpraappap, 13758, 0, 0, 0, , 0, 0, 0, 0, 0, 
471, 1, 477, 471, -1, 193, 286, 23.0, 15, Ealpa, 6592, 0, 0, 0, , 0, 0, 0, 0, 0, 
472, 0, 478, -1, -1, 204, 288, 30.0, 13, , 2577, 0, 0, 0, , 0, 0, 0, 0, 0, 
473, 1, 479, 473, -1, 235, 166, 16.0, 14, ABpraaappppp, 2498, 0, 0, 0, , 0, 0, 0, 0, 0, 
474, 1, 480, 474, -1, 296, 295, 19.0, 13, ABalpppppaa, 4201, 0, 0, 0, , 0, 0, 0, 0, 0, 
475, 1, 481, 475, -1, 315, 288, 22.0, 13, ABplpaapaaa, 6288, 0, 0, 0, , 0, 0, 0, 0, 0, 
476, 1, 482, 476, -1, 279, 194, 30.0, 15, MSppaaap, 2405, 0, 0, 0, , 0, 0, 0, 0, 0, 
477, 0, 483, -1, -1, 178, 293, 27.0, 11, , 1274, 0, 0, 0, , 0, 0, 0, 0, 0, 
478, 1, 484, 478, -1, 220, 260, 19.0, 13, ABarapapapp, 8602, 0, 0, 0, , 0, 0, 0, 0, 0, 
479, 1, 485, 479, -1, 74, 318, 18.0, 15, Cappppv, 6207, 0, 0, 0, , 0, 0, 0, 0, 0, 
480, 1, 486, 480, -1, 221, 304, 15.0, 11, MSaapppap, 2185, 0, 0, 0, , 0, 0, 0, 0, 0, 
481, 1, 487, 481, -1, 261, 319, 21.0, 13, ABplapaaapa, 3218, 0, 0, 0, , 0, 0, 0, 0, 0, 
482, 1, 488, 482, -1, 243, 231, 22.0, 15, ABarapapppp, 4063, 0, 0, 0, , 0, 0, 0, 0, 0, 
483, 1, 489, 483, -1, 231, 298, 14.0, 11, MSaapppaa, 2471, 0, 0, 0, , 0, 0, 0, 0, 0, 
484, 1, 490, 484, -1, 206, 266, 11.0, 13, ABarappappa, 5688, 0, 0, 0, , 0, 0, 0, 0, 0, 
485, 1, 491, 485, -1, 296, 248, 22.0, 13, ABaraaaaaaa, 4932, 0, 0, 0, , 0, 0, 0, 0, 0, 
486, 1, 492, 486, -1, 174, 305, 24.0, 15, Ealap, 4172, 0, 0, 0, , 0, 0, 0, 0, 0, 
487, 0, 493, -1, -1, 139, 293, 29.0, 13, , 1901, 0, 0, 0, , 0, 0, 0, 0, 0, 
488, 0, 494, -1, -1, 104, 315, 25.0, 19, , 7318, 0, 0, 0, , 0, 0, 0, 0, 0, 
489, 1, 495, 489, -1, 200, 280, 10.0, 13, ABplpaaaapp, 5456, 0, 0, 0, , 0, 0, 0, 0, 0, 
490, 0, 496, -1, -1, 266, 321, 23.0, 11, , 1918, 0, 0, 0, , 0, 0, 0, 0, 0, 
491, 0, 497, -1, -1, 140, 269, 23.0, 21, , 65535, 0, 0, 0, , 0, 0, 0, 0, 0, 
492, 1, 498, 492, -1, 243, 235, 20.0, 11, ABarapappap, 4768, 0, 0, 0, , 0, 0, 0, 0, 0, 
493, 0, 499, -1, -1, 271, 198, 13.0, 11, , 1426, 0, 0, 0, , 0, 0, 0, 0, 0, 
494, 1, 500, 494, -1, 111, 297, 17.0, 15, ABprpappppp, 4275, 0, 0, 0, , 0, 0, 0, 0, 0, 
495, 1, 501, 495, -1, 184, 251, 26.0, 17, Earaad, 5068, 0, 0, 0, , 0, 0, 0, 0, 0, 
496, 1, 502, 496, -1, 270, 274, 11.0, 15, ABplpaapppa, 5965, 0, 0, 0, , 0, 0, 0, 0, 0, 
497, 1, 503, 497, -1, 261, 246, 10.0, 19, ABalpapapap, 7537, 0, 0, 0, , 0, 0, 0, 0, 0, 
498, 1, 504, 498, -1, 258, 276, 11.0, 15, ABalpapappp, 6868, 0, 0, 0, , 0, 0, 0, 0, 0, 
499, 1, 505, 499, -1, 101, 299, 29.0, 15, Eprpa, 3164, 0, 0, 0, , 0, 0, 0, 0, 0, 
500, 1, 506, 500, -1, 353, 275, 22.0, 15, ABplaaappa, 5278, 0, 0, 0, , 0, 0, 0, 0, 0, 
501, 1, 507, 501, -1, 313, 229, 33.0, 13, ABalapapapa, 3359, 0, 0, 0, , 0, 0, 0, 0, 0, 
502, 1, 508, 502, -1, 335, 196, 29.0, 11, ABalapppapp, 1651, 0, 0, 0, , 0, 0, 0, 0, 0, 
503, 0, 509, -1, -1, 295, 237, 12.0, 13, , 2172, 0, 0, 0, , 0, 0, 0, 0, 0, 
504, 1, 510, 503, -1, 300, 223, 11.0, 13, ABalpapaaap, 3564, 0, 0, 0, , 0, 0, 0, 0, 0, 
505, 1, 511, 504, -1, 237, 207, 17.0, 11, MSpppapp, 3292, 0, 0, 0, , 0, 0, 0, 0, 0, 
506, 0, -1, -1, -1, 297, 283, 22.0, 11, , 1912, 0, 0, 0, , 0, 0, 0, 0, 0, 
507, 1, 513, 506, -1, 238, 319, 24.0, 13, MSapapaa, 3877, 0, 0, 0, , 0, 0, 0, 0, 0, 
508, 0, 514, -1, -1, 276, 216, 32.0, 14, , 3168, 0, 0, 0, , 0, 0, 0, 0, 0, 
509, 1, 515, 508, -1, 293, 224, 30.0, 13, ABaraappaaa, 4780, 0, 0, 0, , 0, 0, 0, 0, 0, 
510, 0, 516, -1, -1, 245, 320, 15.0, 14, , 339, 0, 0, 0, , 0, 0, 0, 0, 0, 
511, 1, 517, 510, -1, 142, 317, 19.0, 21, Z3, 30192, 0, 0, 0, , 0, 0, 0, 0, 0, 
512, 1, 518, 511, -1, 282, 303, 21.0, 15, ABalpppppap, 8548, 0, 0, 0, , 0, 0, 0, 0, 0, 
513, 1, 519, 512, -1, 312, 254, 12.0, 11, ABalppaappp, 1737, 0, 0, 0, , 0, 0, 0, 0, 0, 
514, 1, 520, 513, -1, 274, 288, 28.0, 11, MSaaapaap, 965, 0, 0, 0, , 0, 0, 0, 0, 0, 
515, 0, 521, -1, -1, 259, 162, 30.0, 13, , 2479, 0, 0, 0, , 0, 0, 0, 0, 0, 
516, 0, 522, -1, -1, 334, 242, 23.0, 9, , 1495, 0, 0, 0, , 0, 0, 0, 0, 0, 
517, 0, 523, -1, -1, 111, 304, 9.0, 15, , 3243, 0, 0, 0, , 0, 0, 0, 0, 0, 
518, 1, 524, 517, -1, 291, 301, 12.0, 13, ABplppaaaaa, 6229, 0, 0, 0, , 0, 0, 0, 0, 0, 
519, 1, 525, 518, -1, 261, 222, 19.0, 15, ABarapaaapa, 9297, 0, 0, 0, , 0, 0, 0, 0, 0, 
520, 1, 526, 519, -1, 280, 225, 29.0, 13, ABaraappaap, 5634, 0, 0, 0, , 0, 0, 0, 0, 0, 
521, 1, 527, 520, -1, 294, 224, 25.0, 11, ABaraaaapap, 2142, 0, 0, 0, , 0, 0, 0, 0, 0, 
522, 1, 528, 521, -1, 248, 210, 30.0, 15, ABaraaapapa, 2851, 0, 0, 0, , 0, 0, 0, 0, 0, 
523, 1, 529, 522, -1, 187, 276, 25.0, 19, Earpa, 6143, 0, 0, 0, , 0, 0, 0, 0, 0, 
524, 1, 530, 523, -1, 308, 240, 19.0, 13, ABalpapaaaa, 8003, 0, 0, 0, , 0, 0, 0, 0, 0, 
525, 1, 531, 524, -1, 68, 259, 21.0, 21, Caappd, 6420, 0, 0, 0, , 0, 0, 0, 0, 0, 
526, 0, 532, -1, -1, 227, 226, 26.0, 14, , 4217, 0, 0, 0, , 0, 0, 0, 0, 0, 
527, 0, 533, -1, -1, 300, 171, 27.0, 11, , 2247, 0, 0, 0, , 0, 0, 0, 0, 0, 
528, 1, 534, 527, -1, 257, 184, 32.0, 15, ABarpppaaa, 4037, 0, 0, 0, , 0, 0, 0, 0, 0, 
529, 0, 535, -1, -1, 93, 310, 27.0, 17, , 9075, 0, 0, 0, , 0, 0, 0, 0, 0, 
530, 0, 536, -1, -1, 159, 315, 27.0, 21, , 10099, 0, 0, 0, , 0, 0, 0, 0, 0, 
531, 1, 537, 530, -1, 324, 260, 22.0, 13, ABalapaappp, 709, 0, 0, 0, , 0, 0, 0, 0, 0, 
532, 1, 538, 531, -1, 85, 254, 25.0, 17, Cpapaa, 6039, 0, 0, 0, , 0, 0, 0, 0, 0, 
533, 1, 539, 532, -1, 268, 177, 33.0, 11, ABalappapap, 2579, 0, 0, 0, , 0, 0, 0, 0, 0, 
534, 1, 540, 533, -1, 304, 279, 10.0, 17, ABplaappap, 6583, 0, 0, 0, , 0, 0, 0, 0, 0, 
535, 0, 541, -1, -1, 240, 181, 10.0, 9, , 2335, 0, 0, 0, , 0, 0, 0, 0, 0, 
536, 1, 542, 535, -1, 312, 297, 25.0, 13, ABalpppapppp, 1956, 0, 0, 0, , 0, 0, 0, 0, 0, 
537, 1, 543, 536, -1, 224, 270, 11.0, 13, ABplppaappa, 4972, 0, 0, 0, , 0, 0, 0, 0, 0, 
538, 1, 544, 537, -1, 261, 238, 36.0, 17, ABarppaapa, 4122, 0, 0, 0, , 0, 0, 0, 0, 0, 
539, 0, 545, -1, -1, 235, 195, 9.0, 15, , 1411, 0, 0, 0, , 0, 0, 0, 0, 0, 
540, 0, 546, -1, -1, 250, 155, 21.0, 11, , 1758, 0, 0, 0, , 0, 0, 0, 0, 0, 
541, 1, 547, 540, -1, 113, 369, 24.0, 17, Cpapap, 5704, 0, 0, 0, , 0, 0, 0, 0, 0, 
542, 1, 548, 541, -1, 242, 249, 12.0, 15, ABplpaaaapa, 6940, 0, 0, 0, , 0, 0, 0, 0, 0, 
543, 1, 549, 542, -1, 328, 247, 11.0, 17, ABplpaaapap, 7802, 0, 0, 0, , 0, 0, 0, 0, 0, 
544, 1, 550, 543, -1, 256, 283, 25.0, 17, ABaraapapaa, 5827, 0, 0, 0, , 0, 0, 0, 0, 0, 
545, 0, 551, -1, -1, 315, 246, 31.0, 9, , 538, 0, 0, 0, , 0, 0, 0, 0, 0, 
546, 1, 552, 545, -1, 92, 246, 14.0, 13, ABprpppaapp, 5832, 0, 0, 0, , 0, 0, 0, 0, 0, 
547, 1, 553, 546, -1, 134, 307, 11.0, 13, ABplppppapa, 1337, 0, 0, 0, , 0, 0, 0, 0, 0, 
548, 1, 554, 547, -1, 196, 246, 12.0, 13, ABprpapppap, 5251, 0, 0, 0, , 0, 0, 0, 0, 0, 
549, 1, 555, 548, -1, 296, 283, 20.0, 11, MSapapap, 2283, 0, 0, 0, , 0, 0, 0, 0, 0, 
550, 0, -1, -1, -1, 119, 326, 30.0, 15, , 1934, 0, 0, 0, , 0, 0, 0, 0, 0, 
551, 0, 557, -1, -1, 195, 280, 26.0, 14, , 1433, 0, 0, 0, , 0, 0, 0, 0, 0, 
552, 1, 558, 551, -1, 250, 181, 34.0, 17, ABarpaappp, 7930, 0, 0, 0, , 0, 0, 0, 0, 0, 
553, 1, 559, 552, -1, 276, 291, 19.0, 9, MSapppaa, 1164, 0, 0, 0, , 0, 0, 0, 0, 0, 
554, 0, 560, -1, -1, 225, 251, 13.0, 11, , 2884, 0, 0, 0, , 0, 0, 0, 0, 0, 
555, 1, 561, 554, -1, 299, 244, 24.0, 15, ABalpaapaaa, 6055, 0, 0, 0, , 0, 0, 0, 0, 0, 
556, 0, 562, -1, -1, 325, 229, 34.0, 9, , 1480, 0, 0, 0, , 0, 0, 0, 0, 0, 
557, 1, 563, 556, -1, 233, 170, 26.0, 13, ABpraapapppp, 6919, 0, 0, 0, , 0, 0, 0, 0, 0, 
558, 0, 564, -1, -1, 277, 318, 14.0, 13, , 3928, 0, 0, 0, , 0, 0, 0, 0, 0, 
559, 1, 565, 558, -1, 254, 327, 13.0, 15, ABplaapppp, 10094, 0, 0, 0, , 0, 0, 0, 0, 0, 
560, 1, 566, 559, -1, 271, 218, 33.0, 15, MSpaaaapa, 1829, 0, 0, 0, , 0, 0, 0, 0, 0, 
561, 1, 567, 560, -1, 158, 317, 29.0, 21, Eplaa, 10951, 0, 0, 0, , 0, 0, 0, 0, 0, 
562, 1, 568, 561, -1, 318, 187, 23.0, 13, ABalaaapplr, 2040, 0, 0, 0, , 0, 0, 0, 0, 0, 
563, 1, 692, 562, -1, 337, 266, 27.0, 13, ABalaaapall, 3680, 0, 0, 0, , 0, 0, 0, 0, 0, 
564, 1, 570, 563, -1, 245, 205, 27.0, 15, ABarapaappa, 8305, 0, 0, 0, , 0, 0, 0, 0, 0, 
565, 1, 571, 564, -1, 309, 165, 24.0, 19, ABarpappap, 2829, 0, 0, 0, , 0, 0, 0, 0, 0, 
566, 1, 572, 565, -1, 222, 308, 34.0, 15, Dappap, 3689, 0, 0, 0, , 0, 0, 0, 0, 0, 
567, 0, 573, -1, -1, 234, 253, 23.0, 11, , 1172, 0, 0, 0, , 0, 0, 0, 0, 0, 
568, 1, 737, 566, -1, 323, 227, 26.0, 13, ABalapappaa, 1498, 0, 0, 0, , 0, 0, 0, 0, 0, 
569, 1, 575, 567, -1, 355, 235, 27.0, 11, ABplaaaaaap, 4829, 0, 0, 0, , 0, 0, 0, 0, 0, 
570, 0, 576, -1, -1, 261, 212, 35.0, 17, , 1175, 0, 0, 0, , 0, 0, 0, 0, 0, 
571, 1, 577, 569, -1, 188, 300, 28.0, 21, Earap, 17571, 0, 0, 0, , 0, 0, 0, 0, 0, 
572, 1, 578, 570, -1, 324, 197, 28.0, 15, ABarpapaaaa, 4255, 0, 0, 0, , 0, 0, 0, 0, 0, 
573, 0, 579, -1, -1, 262, 180, 29.0, 11, , 2193, 0, 0, 0, , 0, 0, 0, 0, 0, 
574, 0, 580, -1, -1, 137, 322, 18.0, 15, , 3000, 0, 0, 0, , 0, 0, 0, 0, 0, 
575, 0, 581, -1, -1, 188, 254, 25.0, 17, , 7523, 0, 0, 0, , 0, 0, 0, 0, 0, 
576, 0, 582, -1, -1, 122, 303, 29.0, 15, , 4708, 0, 0, 0, , 0, 0, 0, 0, 0, 
577, 0, 583, -1, -1, 124, 310, 32.0, 13, , 3025, 0, 0, 0, , 0, 0, 0, 0, 0, 
578, 1, 584, 576, -1, 307, 269, 13.0, 13, ABplpaaappp, 3074, 0, 0, 0, , 0, 0, 0, 0, 0, 
579, 1, 585, 577, -1, 273, 173, 23.0, 11, ABpraaapaav, 2464, 0, 0, 0, , 0, 0, 0, 0, 0, 
580, 1, 586, 578, -1, 305, 237, 36.0, 13, ABarpaappa, 1044, 0, 0, 0, , 0, 0, 0, 0, 0, 
581, 0, 587, -1, -1, 172, 299, 22.0, 21, , 18900, 0, 0, 0, , 0, 0, 0, 0, 0, 
582, 1, 588, 730, -1, 311, 260, 14.0, 11, ABplpaaappa, 7001, 0, 0, 0, , 0, 0, 0, 0, 0, 
583, 0, 589, -1, -1, 80, 242, 20.0, 11, , 5120, 0, 0, 0, , 0, 0, 0, 0, 0, 
584, 1, 590, 582, -1, 234, 219, 24.0, 17, ABarapaappp, 8635, 0, 0, 0, , 0, 0, 0, 0, 0, 
585, 0, 591, -1, -1, 231, 213, 24.0, 11, , 4139, 0, 0, 0, , 0, 0, 0, 0, 0, 
586, 0, 592, -1, -1, 342, 273, 18.0, 9, , 552, 0, 0, 0, , 0, 0, 0, 0, 0, 
587, 1, 593, 585, -1, 310, 287, 18.0, 11, ABalapaapaa, 2805, 0, 0, 0, , 0, 0, 0, 0, 0, 
588, 0, 594, -1, -1, 253, 205, 18.0, 11, , 3450, 0, 0, 0, , 0, 0, 0, 0, 0, 
589, 1, 595, 587, -1, 341, 275, 21.0, 13, ABalapaapap, 4029, 0, 0, 0, , 0, 0, 0, 0, 0, 
590, 0, 596, -1, -1, 193, 268, 23.0, 11, , 695, 0, 0, 0, , 0, 0, 0, 0, 0, 
591, 1, 597, 589, -1, 274, 214, 30.0, 13, ABaraappapa, 9538, 0, 0, 0, , 0, 0, 0, 0, 0, 
592, 1, 598, 590, -1, 91, 337, 16.0, 17, ABplapapppp, 9200, 0, 0, 0, , 0, 0, 0, 0, 0, 
593, 1, 599, 591, -1, 232, 251, 21.0, 11, ABarapapaaa, 5817, 0, 0, 0, , 0, 0, 0, 0, 0, 
594, 1, 600, 592, -1, 267, 219, 21.0, 15, ABarapaaaaa, 8809, 0, 0, 0, , 0, 0, 0, 0, 0, 
595, 1, 601, 673, -1, 147, 361, 29.0, 15, Cpaapp, 1569, 0, 0, 0, , 0, 0, 0, 0, 0, 
596, 0, 602, -1, -1, 90, 271, 31.0, 17, , 4570, 0, 0, 0, , 0, 0, 0, 0, 0, 
597, 1, 725, 594, -1, 348, 255, 24.0, 11, ABalapaaapp, 3188, 0, 0, 0, , 0, 0, 0, 0, 0, 
598, 1, 604, 595, -1, 331, 278, 26.0, 13, ABalppppapa, 3131, 0, 0, 0, , 0, 0, 0, 0, 0, 
599, 1, 605, 596, -1, 262, 261, 22.0, 17, ABalpappppp, 8033, 0, 0, 0, , 0, 0, 0, 0, 0, 
600, 0, 606, -1, -1, 308, 221, 33.0, 11, , 806, 0, 0, 0, , 0, 0, 0, 0, 0, 
601, 1, 67, 598, -1, 322, 277, 28.0, 15, ABalapaaaaa, 5173, 0, 0, 0, , 0, 0, 0, 0, 0, 
602, 1, 609, 599, -1, 185, 221, 26.0, 13, MSppapaa, 3492, 0, 0, 0, , 0, 0, 0, 0, 0, 
603, 1, 610, 600, -1, 103, 251, 32.0, 17, Caaapp, 5619, 0, 0, 0, , 0, 0, 0, 0, 0, 
604, 1, 611, 601, -1, 287, 236, 10.0, 13, ABarappaaap, 9336, 0, 0, 0, , 0, 0, 0, 0, 0, 
605, 0, 612, -1, -1, 264, 248, 26.0, 11, , 1648, 0, 0, 0, , 0, 0, 0, 0, 0, 
606, 0, 613, -1, -1, 261, 256, 27.0, 13, , 2832, 0, 0, 0, , 0, 0, 0, 0, 0, 
607, 0, 614, -1, -1, 299, 186, 26.0, 11, , 3558, 0, 0, 0, , 0, 0, 0, 0, 0, 
608, 0, 615, -1, -1, 311, 215, 12.0, 11, , 3770, 0, 0, 0, , 0, 0, 0, 0, 0, 
609, 0, 616, -1, -1, 289, 278, 14.0, 13, , 1868, 0, 0, 0, , 0, 0, 0, 0, 0, 
610, 0, 617, -1, -1, 251, 153, 23.0, 11, , 2303, 0, 0, 0, , 0, 0, 0, 0, 0, 
611, 0, 618, -1, -1, 107, 296, 26.0, 19, , 6317, 0, 0, 0, , 0, 0, 0, 0, 0, 
612, 1, 619, 607, -1, 203, 252, 30.0, 17, MSpaapapp, 6908, 0, 0, 0, , 0, 0, 0, 0, 0, 
613, 0, 620, -1, -1, 284, 185, 21.0, 14, , 1315, 0, 0, 0, , 0, 0, 0, 0, 0, 
614, 0, 621, -1, -1, 102, 296, 22.0, 21, , 7101, 0, 0, 0, , 0, 0, 0, 0, 0, 
615, 1, 622, 610, -1, 275, 194, 15.0, 17, ABprpaaappa, 4257, 0, 0, 0, , 0, 0, 0, 0, 0, 
616, 0, 623, -1, -1, 260, 322, 18.0, 17, , 4752, 0, 0, 0, , 0, 0, 0, 0, 0, 
617, 1, 624, 612, -1, 239, 194, 10.0, 11, ABpraapppa, 2646, 0, 0, 0, , 0, 0, 0, 0, 0, 
618, 1, 625, 613, -1, 321, 241, 13.0, 13, ABplpaaapaa, 3810, 0, 0, 0, , 0, 0, 0, 0, 0, 
619, 0, 626, -1, -1, 91, 357, 18.0, 21, , 9295, 0, 0, 0, , 0, 0, 0, 0, 0, 
620, 1, 627, 615, -1, 356, 206, 27.0, 19, ABplaaaapa, 14526, 0, 0, 0, , 0, 0, 0, 0, 0, 
621, 1, 628, 616, -1, 203, 314, 33.0, 13, Dapppa, 3556, 0, 0, 0, , 0, 0, 0, 0, 0, 
622, 0, 629, -1, -1, 232, 323, 22.0, 15, , 5475, 0, 0, 0, , 0, 0, 0, 0, 0, 
623, 1, 630, 618, -1, 284, 179, 14.0, 15, ABpraaaapad, 4965, 0, 0, 0, , 0, 0, 0, 0, 0, 
624, 0, 631, -1, -1, 93, 288, 22.0, 25, , 65535, 0, 0, 0, , 0, 0, 0, 0, 0, 
625, 0, 632, -1, -1, 275, 261, 27.0, 11, , 1955, 0, 0, 0, , 0, 0, 0, 0, 0, 
626, 1, 633, 621, -1, 288, 265, 25.0, 15, ABalpaaapaa, 5049, 0, 0, 0, , 0, 0, 0, 0, 0, 
627, 1, 634, 622, -1, 164, 294, 28.0, 17, Epraa, 9227, 0, 0, 0, , 0, 0, 0, 0, 0, 
628, 0, 635, -1, -1, 218, 344, 30.0, 15, , 2417, 0, 0, 0, , 0, 0, 0, 0, 0, 
629, 1, 636, 624, -1, 205, 280, 30.0, 13, Earaav, 4349, 0, 0, 0, , 0, 0, 0, 0, 0, 
630, 1, 637, 625, -1, 91, 286, 10.0, 17, ABprpppapap, 4671, 0, 0, 0, , 0, 0, 0, 0, 0, 
631, 1, 638, 626, -1, 293, 219, 20.0, 14, ABaraaappap, 1687, 0, 0, 0, , 0, 0, 0, 0, 0, 
632, 1, 724, 627, -1, 349, 256, 27.0, 13, ABalapapppp, 3298, 0, 0, 0, , 0, 0, 0, 0, 0, 
633, 0, 640, -1, -1, 307, 189, 13.0, 9, , 4862, 0, 0, 0, , 0, 0, 0, 0, 0, 
634, 0, 641, -1, -1, 272, 318, 15.0, 17, , 3830, 0, 0, 0, , 0, 0, 0, 0, 0, 
635, 1, 642, 630, -1, 281, 281, 9.0, 19, ABplaapppa, 3433, 0, 0, 0, , 0, 0, 0, 0, 0, 
636, 0, 643, -1, -1, 262, 321, 21.0, 15, , 5289, 0, 0, 0, , 0, 0, 0, 0, 0, 
637, 0, 644, -1, -1, 99, 314, 11.0, 9, , 774, 0, 0, 0, , 0, 0, 0, 0, 0, 
638, 1, 645, 633, -1, 121, 361, 19.0, 13, ABarppappp, 10243, 0, 0, 0, , 0, 0, 0, 0, 0, 
639, 1, 139, 634, -1, 340, 239, 27.0, 13, ABplaaaaapp, 3642, 0, 0, 0, , 0, 0, 0, 0, 0, 
640, 1, 697, 635, -1, 285, 187, 33.0, 15, MSppappa, 5288, 0, 0, 0, , 0, 0, 0, 0, 0, 
641, 1, 648, 636, -1, 291, 236, 32.0, 13, MSaaaaapaa, 2515, 0, 0, 0, , 0, 0, 0, 0, 0, 
642, 0, 649, -1, -1, 330, 244, 35.0, 13, , 866, 0, 0, 0, , 0, 0, 0, 0, 0, 
643, 0, 650, -1, -1, 240, 259, 15.0, 9, , 1224, 0, 0, 0, , 0, 0, 0, 0, 0, 
644, 0, 651, -1, -1, 262, 159, 27.0, 15, , 3963, 0, 0, 0, , 0, 0, 0, 0, 0, 
645, 0, 652, -1, -1, 145, 366, 27.0, 19, , 12861, 0, 0, 0, , 0, 0, 0, 0, 0, 
646, 1, 653, 641, -1, 273, 234, 15.0, 13, ABplpappaaa, 3651, 0, 0, 0, , 0, 0, 0, 0, 0, 
647, 0, 654, -1, -1, 263, 316, 16.0, 11, , 2622, 0, 0, 0, , 0, 0, 0, 0, 0, 
648, 1, 655, 643, -1, 234, 256, 19.0, 13, ABarapapppa, 3101, 0, 0, 0, , 0, 0, 0, 0, 0, 
649, 0, 563, -1, -1, 248, 164, 23.0, 13, , 2878, 0, 0, 0, , 0, 0, 0, 0, 0, 
650, 0, 657, -1, -1, 175, 245, 22.0, 14, , 264, 0, 0, 0, , 0, 0, 0, 0, 0, 
651, 1, 658, 645, -1, 333, 291, 20.0, 14, ABalpppapppa, 2393, 0, 0, 0, , 0, 0, 0, 0, 0, 
652, 1, 659, 646, -1, 217, 312, 27.0, 17, Ealaav, 11215, 0, 0, 0, , 0, 0, 0, 0, 0, 
653, 0, 660, -1, -1, 99, 319, 27.0, 15, , 2285, 0, 0, 0, , 0, 0, 0, 0, 0, 
654, 0, 661, -1, -1, 138, 322, 28.0, 17, , 14953, 0, 0, 0, , 0, 0, 0, 0, 0, 
655, 0, 662, -1, -1, 254, 162, 28.0, 11, , 2959, 0, 0, 0, , 0, 0, 0, 0, 0, 
656, 1, 663, 671, -1, 185, 329, 33.0, 13, Dapppp, 2242, 0, 0, 0, , 0, 0, 0, 0, 0, 
657, 0, 664, -1, -1, 253, 306, 18.0, 13, , 4546, 0, 0, 0, , 0, 0, 0, 0, 0, 
658, 0, 665, -1, -1, 310, 230, 12.0, 13, , 2642, 0, 0, 0, , 0, 0, 0, 0, 0, 
659, 0, 666, -1, -1, 226, 255, 13.0, 9, , 1038, 0, 0, 0, , 0, 0, 0, 0, 0, 
660, 1, 667, 653, -1, 338, 244, 17.0, 13, ABalaaapalr, 3571, 0, 0, 0, , 0, 0, 0, 0, 0, 
661, 1, 668, 654, -1, 253, 226, 19.0, 14, ABarapaaaap, 8320, 0, 0, 0, , 0, 0, 0, 0, 0, 
662, 1, 669, 655, -1, 227, 170, 22.0, 13, ABpraaapppaa, 2752, 0, 0, 0, , 0, 0, 0, 0, 0, 
663, 1, 670, 656, -1, 240, 180, 30.0, 19, ABprapaaaap, 9295, 0, 0, 0, , 0, 0, 0, 0, 0, 
664, 0, 671, -1, -1, 182, 353, 31.0, 17, , 1483, 0, 0, 0, , 0, 0, 0, 0, 0, 
665, 0, 672, -1, -1, 164, 300, 31.0, 15, , 3465, 0, 0, 0, , 0, 0, 0, 0, 0, 
666, 0, 673, -1, -1, 326, 209, 34.0, 13, , 1369, 0, 0, 0, , 0, 0, 0, 0, 0, 
667, 1, 674, 659, -1, 267, 337, 24.0, 15, ABarppapaa, 5234, 0, 0, 0, , 0, 0, 0, 0, 0, 
668, 0, 675, -1, -1, 260, 250, 11.0, 14, , 2973, 0, 0, 0, , 0, 0, 0, 0, 0, 
669, 0, 676, -1, -1, 255, 328, 16.0, 13, , 2385, 0, 0, 0, , 0, 0, 0, 0, 0, 
670, 0, -1, -1, -1, 256, 156, 16.0, 14, , 1113, 0, 0, 0, , 0, 0, 0, 0, 0, 
671, 0, -1, -1, -1, 238, 160, 20.0, 13, , 4480, 0, 0, 0, , 0, 0, 0, 0, 0, 
672, 0, -1, -1, -1, 206, 275, 27.0, 11, , 1688, 0, 0, 0, , 0, 0, 0, 0, 0, 
673, 1, 677, 668, -1, 220, 342, 33.0, 15, Cpaaap, 0, 0, 0, 0, , 0, 0, 0, 0, 0, 
674, 0, 678, -1, -1, 270, 181, 18.0, 13, , 0, 0, 0, 0, , 0, 0, 0, 0, 0, 
675, 1, 679, 670, -1, 267, 241, 18.285715, 15, ABalpappapa, 5075, 0, 0, 0, , 0, 0, 0, 0, 0, 
676, 1, 680, 672, -1, 173, 260, 33.0, 13, Dppppp, 0, 0, 0, 0, , 0, 0, 0, 0, 0, 
677, 1, 681, 674, -1, 128, 249, 33.0, 15, Caaapa, 0, 0, 0, 0, , 0, 0, 0, 0, 0, 
678, 0, 682, -1, -1, 197, 213, 27.272728, 11, , 1251, 0, 0, 0, , 0, 0, 0, 0, 0, 
679, 0, 683, -1, -1, 113, 323, 33.0, 15, , 0, 0, 0, 0, , 0, 0, 0, 0, 0, 
680, 1, 684, 677, -1, 255, 309, 34.0, 15, Cpaaaa, 0, 0, 0, 0, , 0, 0, 0, 0, 0, 
681, 1, 685, 678, -1, 163, 236, 33.0, 15, Caaaap, 0, 0, 0, 0, , 0, 0, 0, 0, 0, 
682, 1, 686, 679, -1, 237, 332, 30.545454, 11, Caaaaa, 541, 0, 0, 0, , 0, 0, 0, 0, 0, 
683, 1, 687, 680, -1, 251, 212, 13.0, 16, ABprpapaapp, 2831, 0, 0, 0, , 0, 0, 0, 0, 0, 
684, 1, 656, 663, -1, 242, 161, 20.5, 16, ABpraaappppa, 4070, 0, 0, 0, , 0, 0, 0, 0, 0, 
685, 1, 688, 681, -1, 266, 216, 23.571428, 16, ABaraaaaapp, 3581, 0, 0, 0, , 0, 0, 0, 0, 0, 
686, 1, 689, 682, -1, 248, 248, 19.0, 13, ABalpappppa, 1865, 0, 0, 0, , 0, 0, 0, 0, 0, 
687, 1, 690, 683, -1, 297, 175, 24.0, 15, ABalappappp, 0, 0, 0, 0, , 0, 0, 0, 0, 0, 
688, 0, 691, -1, -1, 338, 225, 25.0, 15, , 0, 0, 0, 0, , 0, 0, 0, 0, 0, 
689, 0, 693, -1, -1, 291, 191, 15.5, 12, , 596, 0, 0, 0, , 0, 0, 0, 0, 0, 
690, 1, 694, 686, -1, 75, 289, 13.0, 13, ABprppppppp, 0, 0, 0, 0, , 0, 0, 0, 0, 0, 
691, 1, 695, 689, -1, 224, 227, 12.0, 13, ABprpapapap, 0, 0, 0, 0, , 0, 0, 0, 0, 0, 
692, 1, 696, 688, -1, 230, 214, 13.0, 15, ABprpaapppa, 0, 0, 0, 0, , 0, 0, 0, 0, 0, 
693, 0, 563, -1, -1, 249, 163, 25.0, 13, , 0, 0, 0, 0, , 0, 0, 0, 0, 0, 
694, 1, 699, 690, -1, 112, 305, 10.0, 15, ABplpppapap, 0, 0, 0, 0, , 0, 0, 0, 0, 0, 
695, 1, 700, 691, -1, 269, 178, 18.0, 13, ABalaappapa, 0, 0, 0, 0, , 0, 0, 0, 0, 0, 
696, 0, 701, -1, -1, 342, 272, 22.761906, 13, , 0, 0, 0, 0, , 0, 0, 0, 0, 0, 
697, 1, 702, 693, -1, 103, 286, 13.0, 13, Caapaa, 0, 0, 0, 0, , 0, 0, 0, 0, 0, 
698, 1, 229, 695, -1, 298, 195, 15.0, 13, ABpraaaaaap, 0, 0, 0, 0, , 0, 0, 0, 0, 0, 
699, 1, 703, 696, -1, 258, 323, 17.0, 16, ABplppaaaap, 0, 0, 0, 0, , 0, 0, 0, 0, 0, 
700, 1, 704, 697, -1, 216, 255, 15.0, 15, ABplpappaap, 0, 0, 0, 0, , 0, 0, 0, 0, 0, 
701, 1, 705, 698, -1, 225, 225, 26.0, 13, ABaraapppaa, 0, 0, 0, 0, , 0, 0, 0, 0, 0, 
702, 1, 706, 699, -1, 326, 269, 18.0, 13, ABalppaaapa, 0, 0, 0, 0, , 0, 0, 0, 0, 0, 
703, 1, 707, 700, -1, 289, 252, 26.0, 13, ABalpaapaap, 0, 0, 0, 0, , 0, 0, 0, 0, 0, 
704, 0, 708, -1, -1, 280, 271, 30.0, 16, , 0, 0, 0, 0, , 0, 0, 0, 0, 0, 
705, 1, 709, 702, -1, 302, 227, 18.0, 13, ABalpaappap, 0, 0, 0, 0, , 0, 0, 0, 0, 0, 
706, 1, 710, 703, -1, 334, 244, 23.0, 13, ABalapaaapa, 0, 0, 0, 0, , 0, 0, 0, 0, 0, 
707, 1, 711, 704, -1, 282, 185, 21.0, 13, ABalaappppa, 0, 0, 0, 0, , 0, 0, 0, 0, 0, 
708, 1, 712, 705, -1, 288, 184, 16.0, 11, ABalaappapp, 0, 0, 0, 0, , 0, 0, 0, 0, 0, 
709, 1, 713, 706, -1, 301, 181, 17.0, 15, ABalaaapprl, 0, 0, 0, 0, , 0, 0, 0, 0, 0, 
710, 1, 563, 644, -1, 248, 167, 24.0, 14, ABpraapapppa, 5744, 0, 0, 0, , 0, 0, 0, 0, 0, 
711, 1, 714, 64, -1, 335, 228, 30.75, 12, ABalapapapp, 0, 0, 0, 0, , 0, 0, 0, 0, 0, 
712, 0, 736, -1, -1, 330, 272, 30.0, 13, , 0, 0, 0, 0, , 0, 0, 0, 0, 0, 
713, 0, 716, -1, -1, 293, 184, 29.0, 13, , 0, 0, 0, 0, , 0, 0, 0, 0, 0, 
714, 1, 717, 710, -1, 311, 259, 18.0, 13, ABalppappap, 0, 0, 0, 0, , 0, 0, 0, 0, 0, 
715, 1, 718, 711, -1, 310, 216, 31.818182, 10, ABalapppapa, 1235, 0, 0, 0, , 0, 0, 0, 0, 0, 
716, 0, 719, -1, -1, 292, 307, 10.213483, 12, , 0, 0, 0, 0, , 0, 0, 0, 0, 0, 
717, 1, 720, 713, -1, 270, 200, 13.0, 13, ABalaapappp, 0, 0, 0, 0, , 0, 0, 0, 0, 0, 
718, 0, -1, -1, -1, 316, 236, 26.0, 15, , 0, 0, 0, 0, , 0, 0, 0, 0, 0, 
719, 1, 722, 716, -1, 280, 225, 19.0, 13, ABarapapapa, 0, 0, 0, 0, , 0, 0, 0, 0, 0, 
720, 1, 723, 718, -1, 319, 184, 27.0, 13, ABarpapaappa, 0, 0, 0, 0, , 0, 0, 0, 0, 0, 
721, 1, 726, 719, -1, 121, 302, 28.8, 15, Eprap, 0, 0, 0, 0, , 0, 0, 0, 0, 0, 
722, 0, 727, -1, -1, 121, 304, 31.0, 15, , 0, 0, 0, 0, , 0, 0, 0, 0, 0, 
723, 1, 728, 721, -1, 253, 205, 18.0, 13, MSppaaaav, 0, 0, 0, 0, , 0, 0, 0, 0, 0, 
724, 1, 729, 722, -1, 222, 192, 11.0, 13, ABprppaapaa, 0, 0, 0, 0, , 0, 0, 0, 0, 0, 
725, 1, 730, 723, -1, 81, 241, 21.0, 12, ABprapppaap, 5107, 0, 0, 0, , 0, 0, 0, 0, 0, 
726, 1, 731, 724, -1, 283, 264, 10.0, 15, ABplpaapppp, 0, 0, 0, 0, , 0, 0, 0, 0, 0, 
727, 1, 732, 725, -1, 301, 294, 23.5, 11, ABalppppaad, 1678, 0, 0, 0, , 0, 0, 0, 0, 0, 
728, 0, 733, -1, -1, 307, 230, 11.25, 13, , 0, 0, 0, 0, , 0, 0, 0, 0, 0, 
729, 0, 734, -1, -1, 324, 194, 25.0, 13, , 0, 0, 0, 0, , 0, 0, 0, 0, 0, 
730, 0, 735, -1, -1, 327, 215, 25.0, 15, , 0, 0, 0, 0, , 0, 0, 0, 0, 0, 
731, 1, 738, 729, -1, 273, 171, 29.2, 13, ABalapppppa, 0, 0, 0, 0, , 0, 0, 0, 0, 0, 
732, 0, 739, -1, -1, 159, 318, 33.75, 15, , 0, 0, 0, 0, , 0, 0, 0, 0, 0, 
733, 1, 740, 732, -1, 179, 349, 32.454544, 15, Cpaapa, 0, 0, 0, 0, , 0, 0, 0, 0, 0, 
734, 1, 741, 733, -1, 325, 240, 35.0, 15, ABarpaapap, 0, 0, 0, 0, , 0, 0, 0, 0, 0, 
735, 1, 742, 734, -1, 257, 160, 27.0, 15, ABarpapppp, 0, 0, 0, 0, , 0, 0, 0, 0, 0, 
736, 1, 743, 735, -1, 291, 312, 21.666666, 11, ABalppppppaa, 0, 0, 0, 0, , 0, 0, 0, 0, 0, 
737, 0, 744, -1, -1, 271, 353, 9.0, 13, , 0, 0, 0, 0, , 0, 0, 0, 0, 0, 
738, 1, 745, 736, -1, 326, 279, 30.0, 11, ABalapapppa, 0, 0, 0, 0, , 0, 0, 0, 0, 0, 
739, 1, 746, 737, -1, 260, 179, 29.0, 13, ABalappapaa, 0, 0, 0, 0, , 0, 0, 0, 0, 0, 
740, 1, 747, 738, -1, 295, 188, 22.0, 13, ABalaappppp, 0, 0, 0, 0, , 0, 0, 0, 0, 0, 
741, 1, 748, 739, -1, 321, 195, 24.666666, 13, ABalappppap, 0, 0, 0, 0, , 0, 0, 0, 0, 0, 
742, 0, 749, -1, -1, 297, 175, 27.0, 11, , 0, 0, 0, 0, , 0, 0, 0, 0, 0, 
743, 1, 750, 741, -1, 297, 175, 27.0, 11, ABalappappa, 0, 0, 0, 0, , 0, 0, 0, 0, 0, 
744, 1, 751, 742, -1, 284, 267, 17.0, 15, MSapaaaav, 0, 0, 0, 0, , 0, 0, 0, 0, 0, 
745, 1, 753, 743, -1, 298, 186, 26.0, 12, ABalaapaaar, 0, 0, 0, 0, , 0, 0, 0, 0, 0, 
746, 1, 82, 744, -1, 283, 191, 27.0, 13, ABalaaapprr, 0, 0, 0, 0, , 0, 0, 0, 0, 0, 
747, 1, 754, 745, -1, 307, 200, 26.0, 13, ABalappppaa, 0, 0, 0, 0, , 0, 0, 0, 0, 0, 
748, 1, 755, 746, -1, 342, 225, 24.0, 13, ABalapappap, 0, 0, 0, 0, , 0, 0, 0, 0, 0, 
