1, 1, 1, 1, -1, 275, 217, 27.0, 13, ABaraaapaap, 4251, 0, 0, 0, , 0, 0, 0, 0, 0, 
2, 1, 2, 2, -1, 234, 211, 29.0, 13, ABaraaapapp, 4680, 0, 0, 0, , 0, 0, 0, 0, 0, 
3, 1, 3, 3, -1, 220, 226, 21.0, 15, ABaraappppp, 7545, 0, 0, 0, , 0, 0, 0, 0, 0, 
4, 1, 4, 4, -1, 254, 296, 22.0, 13, ABaraapappa, 5906, 0, 0, 0, , 0, 0, 0, 0, 0, 
5, 1, 5, 5, -1, 249, 283, 20.0, 15, ABaraapappp, 6738, 0, 0, 0, , 0, 0, 0, 0, 0, 
6, 1, 6, 6, -1, 257, 296, 28.0, 17, ABaraapapap, 6717, 0, 0, 0, , 0, 0, 0, 0, 0, 
7, 1, 7, 7, -1, 296, 237, 28.0, 15, ABaraapaaaa, 6286, 0, 0, 0, , 0, 0, 0, 0, 0, 
8, 1, 8, 8, -1, 294, 247, 28.0, 13, ABaraapaaap, 37429, 0, 0, 0, , 0, 0, 0, 0, 0, 
9, 1, 9, 9, -1, 280, 269, 32.0, 15, MSaaaaapp, 6102, 0, 0, 0, , 0, 0, 0, 0, 0, 
10, 1, 10, 10, -1, 294, 252, 30.0, 19, ABaraapaapa, 14010, 0, 0, 0, , 0, 0, 0, 0, 0, 
11, 1, 11, 11, -1, 300, 218, 22.0, 11, ABaraaappaa, 3470, 0, 0, 0, , 0, 0, 0, 0, 0, 
12, 1, 12, 12, -1, 308, 210, 19.0, 13, ABaraaapppa, 2407, 0, 0, 0, , 0, 0, 0, 0, 0, 
13, 1, 13, 13, -1, 300, 200, 21.0, 13, ABaraaapppp, 4089, 0, 0, 0, , 0, 0, 0, 0, 0, 
14, 1, 14, 14, -1, 284, 221, 24.0, 13, ABaraaapaaa, 4566, 0, 0, 0, , 0, 0, 0, 0, 0, 
15, 1, 15, 15, -1, 232, 226, 31.0, 17, ABaraappapp, 8410, 0, 0, 0, , 0, 0, 0, 0, 0, 
16, 1, 16, 16, -1, 289, 264, 24.0, 15, ABaraaaaaap, 5626, 0, 0, 0, , 0, 0, 0, 0, 0, 
17, 1, 17, 17, -1, 272, 256, 26.0, 13, ABaraaaapp, 2496, 0, 0, 0, , 0, 0, 0, 0, 0, 
18, 1, 18, 18, -1, 295, 233, 24.0, 13, ABaraaaapaa, 2514, 0, 0, 0, , 0, 0, 0, 0, 0, 
19, 1, 19, 19, -1, 209, 258, 20.0, 11, ABalpappapp, 2565, 0, 0, 0, , 0, 0, 0, 0, 0, 
20, 1, 20, 20, -1, 247, 209, 21.0, 17, ABarapapaap, 8080, 0, 0, 0, , 0, 0, 0, 0, 0, 
21, 1, 21, 21, -1, 256, 239, 14.0, 11, ABprpappaap, 2903, 0, 0, 0, , 0, 0, 0, 0, 0, 
22, 1, 22, 22, -1, 243, 206, 24.0, 13, ABarapappaa, 6392, 0, 0, 0, , 0, 0, 0, 0, 0, 
23, 1, 23, 23, -1, 284, 225, 12.0, 11, ABalaapappa, 2011, 0, 0, 0, , 0, 0, 0, 0, 0, 
24, 1, 24, 24, -1, 272, 238, 20.0, 13, ABarapaaapp, 8662, 0, 0, 0, , 0, 0, 0, 0, 0, 
25, 1, 25, 25, -1, 259, 210, 26.0, 13, ABarapaapap, 7515, 0, 0, 0, , 0, 0, 0, 0, 0, 
26, 1, 26, 26, -1, 256, 228, 28.0, 13, ABarapaapaa, 7533, 0, 0, 0, , 0, 0, 0, 0, 0, 
27, 1, 27, 27, -1, 267, 222, 12.0, 13, ABarapppapa, 5951, 0, 0, 0, , 0, 0, 0, 0, 0, 
28, 1, 28, 28, -1, 298, 204, 11.0, 13, ABarapppapp, 5950, 0, 0, 0, , 0, 0, 0, 0, 0, 
29, 1, 29, 29, -1, 278, 198, 20.0, 11, ABalaapaaal, 7319, 0, 0, 0, , 0, 0, 0, 0, 0, 
30, 1, 30, 30, -1, 300, 209, 13.0, 11, ABarapppaap, 3485, 0, 0, 0, , 0, 0, 0, 0, 0, 
31, 1, 31, 31, -1, 256, 176, 18.0, 13, ABalaapppap, 2218, 0, 0, 0, , 0, 0, 0, 0, 0, 
32, 1, 32, 32, -1, 278, 211, 12.0, 15, ABarapppppa, 4339, 0, 0, 0, , 0, 0, 0, 0, 0, 
33, 1, 33, 33, -1, 277, 211, 15.0, 13, ABarapppppp, 6835, 0, 0, 0, , 0, 0, 0, 0, 0, 
34, 1, 34, 34, -1, 293, 209, 17.0, 15, ABarappaaaa, 7399, 0, 0, 0, , 0, 0, 0, 0, 0, 
35, 1, 35, 35, -1, 294, 222, 14.0, 13, ABarappaapa, 6101, 0, 0, 0, , 0, 0, 0, 0, 0, 
36, 1, 36, 36, -1, 245, 224, 11.0, 19, ABarappapap, 19021, 0, 0, 0, , 0, 0, 0, 0, 0, 
37, 1, 37, 37, -1, 265, 225, 14.0, 13, ABarappapaa, 7770, 0, 0, 0, , 0, 0, 0, 0, 0, 
38, 1, 38, 38, -1, 223, 216, 11.0, 15, ABarappappp, 8619, 0, 0, 0, , 0, 0, 0, 0, 0, 
39, 1, 39, 39, -1, 214, 233, 11.0, 13, ABprpapappa, 4476, 0, 0, 0, , 0, 0, 0, 0, 0, 
40, 1, 40, 40, -1, 283, 158, 24.0, 15, ABarpapppa, 4270, 0, 0, 0, , 0, 0, 0, 0, 0, 
41, 0, 41, -1, -1, 298, 184, 29.0, 13, , 1240, 0, 0, 0, , 0, 0, 0, 0, 0, 
42, 0, 42, -1, -1, 319, 182, 26.0, 11, , 2267, 0, 0, 0, , 0, 0, 0, 0, 0, 
43, 1, 43, 43, -1, 349, 193, 22.0, 15, ABarpapapa, 5757, 0, 0, 0, , 0, 0, 0, 0, 0, 
44, 1, 44, 44, -1, 343, 186, 30.0, 13, ABarpaapaa, 4864, 0, 0, 0, , 0, 0, 0, 0, 0, 
45, 1, 45, 45, -1, 347, 206, 24.0, 13, ABarpaaaaar, 3736, 0, 0, 0, , 0, 0, 0, 0, 0, 
46, 1, 46, 46, -1, 343, 210, 27.0, 11, ABarpaaaapa, 4139, 0, 0, 0, , 0, 0, 0, 0, 0, 
47, 1, 47, 47, -1, 347, 181, 26.0, 13, ABarpaaapp, 5151, 0, 0, 0, , 0, 0, 0, 0, 0, 
48, 1, 48, 48, -1, 335, 203, 25.0, 11, ABarpaaapaa, 3132, 0, 0, 0, , 0, 0, 0, 0, 0, 
49, 1, 49, 49, -1, 332, 177, 26.0, 11, ABarpaaapap, 2514, 0, 0, 0, , 0, 0, 0, 0, 0, 
50, 1, 50, 50, -1, 288, 325, 24.0, 15, ABarppaaap, 5419, 0, 0, 0, , 0, 0, 0, 0, 0, 
51, 1, 51, 51, -1, 254, 324, 26.0, 15, ABarppaapp, 7465, 0, 0, 0, , 0, 0, 0, 0, 0, 
52, 1, 52, 52, -1, 172, 360, 25.0, 15, ABarppappa, 5761, 0, 0, 0, , 0, 0, 0, 0, 0, 
53, 1, 53, 53, -1, 237, 344, 24.0, 17, ABarppapap, 7652, 0, 0, 0, , 0, 0, 0, 0, 0, 
54, 1, 54, 54, -1, 127, 233, 30.0, 15, ABarpppppa, 4061, 0, 0, 0, , 0, 0, 0, 0, 0, 
55, 1, 55, 55, -1, 192, 188, 28.0, 15, ABarppppaa, 3278, 0, 0, 0, , 0, 0, 0, 0, 0, 
56, 1, 56, 56, -1, 175, 209, 29.0, 17, ABarppppap, 8804, 0, 0, 0, , 0, 0, 0, 0, 0, 
57, 1, 57, 57, -1, 218, 173, 29.0, 14, ABarpppaap, 5295, 0, 0, 0, , 0, 0, 0, 0, 0, 
58, 1, 58, 58, -1, 312, 216, 28.0, 11, ABalapppaap, 1802, 0, 0, 0, , 0, 0, 0, 0, 0, 
59, 1, 59, 59, -1, 326, 198, 26.0, 15, ABalappppap, 2722, 0, 0, 0, , 0, 0, 0, 0, 0, 
60, 1, 60, 60, -1, 315, 225, 29.0, 15, ABalapppaaa, 2082, 0, 0, 0, , 0, 0, 0, 0, 0, 
61, 1, 61, 61, -1, 339, 221, 33.0, 15, ABarpapapp, 3832, 0, 0, 0, , 0, 0, 0, 0, 0, 
62, 1, 62, 62, -1, 297, 173, 28.0, 9, ABalappappa, 1124, 0, 0, 0, , 0, 0, 0, 0, 0, 
63, 0, 63, -1, -1, 321, 269, 24.0, 9, , 622, 0, 0, 0, , 0, 0, 0, 0, 0, 
64, 1, 64, 64, -1, 338, 224, 29.0, 13, ABalapapapp, 5219, 0, 0, 0, , 0, 0, 0, 0, 0, 
65, 0, 65, -1, -1, 338, 216, 35.0, 13, , 1542, 0, 0, 0, , 0, 0, 0, 0, 0, 
66, 1, 66, 66, -1, 321, 299, 27.0, 11, ABalapaaaap, 3518, 0, 0, 0, , 0, 0, 0, 0, 0, 
67, 0, 67, -1, -1, 329, 280, 30.0, 13, , 2854, 0, 0, 0, , 0, 0, 0, 0, 0, 
68, 0, 69, -1, -1, 289, 197, 25.0, 13, , 4370, 0, 0, 0, , 0, 0, 0, 0, 0, 
69, 1, 70, 69, -1, 284, 180, 18.0, 11, ABalaapaapa, 3740, 0, 0, 0, , 0, 0, 0, 0, 0, 
70, 1, 71, 70, -1, 307, 188, 16.0, 11, ABalaappaa, 3484, 0, 0, 0, , 0, 0, 0, 0, 0, 
71, 1, 72, 71, -1, 266, 183, 21.0, 15, ABarappppaa, 4601, 0, 0, 0, , 0, 0, 0, 0, 0, 
72, 1, 73, 72, -1, 248, 170, 17.0, 13, ABalaapppaa, 5113, 0, 0, 0, , 0, 0, 0, 0, 0, 
73, 1, 74, 73, -1, 297, 203, 24.0, 13, ABalaaaarrp, 5614, 0, 0, 0, , 0, 0, 0, 0, 0, 
74, 1, 75, 74, -1, 296, 194, 18.0, 13, ABalaapaapp, 2665, 0, 0, 0, , 0, 0, 0, 0, 0, 
75, 1, 76, 75, -1, 315, 193, 20.0, 11, ABalaaaarra, 3671, 0, 0, 0, , 0, 0, 0, 0, 0, 
76, 1, 77, 76, -1, 317, 243, 23.0, 11, ABalaaaarlp, 3067, 0, 0, 0, , 0, 0, 0, 0, 0, 
77, 1, 78, 77, -1, 331, 228, 19.0, 13, ABalaaaarla, 3652, 0, 0, 0, , 0, 0, 0, 0, 0, 
78, 1, 79, 78, -1, 322, 243, 19.0, 11, ABalaaaalpp, 2863, 0, 0, 0, , 0, 0, 0, 0, 0, 
79, 1, 694, 79, -1, 334, 187, 23.0, 11, ABpraapaaap, 5077, 0, 0, 0, , 0, 0, 0, 0, 0, 
80, 1, 81, 721, -1, 281, 192, 28.0, 11, ABalaaapprr, 976, 0, 0, 0, , 0, 0, 0, 0, 0, 
81, 1, 82, 81, -1, 289, 170, 16.0, 13, ABpraaaaapv, 2291, 0, 0, 0, , 0, 0, 0, 0, 0, 
82, 0, 83, -1, -1, 327, 211, 30.0, 11, , 1319, 0, 0, 0, , 0, 0, 0, 0, 0, 
83, 1, 84, 83, -1, 327, 217, 32.0, 11, ABalappaapa, 2586, 0, 0, 0, , 0, 0, 0, 0, 0, 
84, 0, 85, -1, -1, 110, 299, 9.0, 11, , 1486, 0, 0, 0, , 0, 0, 0, 0, 0, 
85, 1, 86, 85, -1, 117, 295, 12.0, 13, ABplppppapp, 4502, 0, 0, 0, , 0, 0, 0, 0, 0, 
86, 1, 87, 86, -1, 130, 309, 15.0, 13, ABplppppaaa, 5398, 0, 0, 0, , 0, 0, 0, 0, 0, 
87, 1, 88, 87, -1, 118, 301, 16.0, 13, ABplppppaap, 7848, 0, 0, 0, , 0, 0, 0, 0, 0, 
88, 1, 89, 88, -1, 79, 307, 13.0, 13, ABplppppppp, 4313, 0, 0, 0, , 0, 0, 0, 0, 0, 
89, 1, 90, 89, -1, 91, 304, 12.0, 13, ABplppppppa, 4009, 0, 0, 0, , 0, 0, 0, 0, 0, 
90, 1, 91, 90, -1, 115, 338, 19.0, 15, ABplpppppap, 4629, 0, 0, 0, , 0, 0, 0, 0, 0, 
91, 1, 92, 91, -1, 118, 318, 18.0, 13, ABplpppppaa, 4169, 0, 0, 0, , 0, 0, 0, 0, 0, 
92, 1, 93, 92, -1, 115, 323, 11.0, 13, ABplpppapaa, 3853, 0, 0, 0, , 0, 0, 0, 0, 0, 
93, 1, 94, 93, -1, 115, 329, 15.0, 13, ABplpppaapp, 3857, 0, 0, 0, , 0, 0, 0, 0, 0, 
94, 1, 95, 94, -1, 145, 302, 10.0, 17, ABplpppaaaa, 5611, 0, 0, 0, , 0, 0, 0, 0, 0, 
95, 1, 96, 95, -1, 155, 313, 15.0, 13, ABplpppaaap, 5631, 0, 0, 0, , 0, 0, 0, 0, 0, 
96, 1, 97, 96, -1, 154, 301, 15.0, 13, ABplppapppp, 3062, 0, 0, 0, , 0, 0, 0, 0, 0, 
97, 1, 98, 97, -1, 176, 288, 14.0, 13, ABplppapppa, 3964, 0, 0, 0, , 0, 0, 0, 0, 0, 
98, 1, 99, 98, -1, 201, 281, 14.0, 13, ABplppappap, 5561, 0, 0, 0, , 0, 0, 0, 0, 0, 
99, 1, 100, 99, -1, 212, 279, 13.0, 13, ABplppappaa, 3544, 0, 0, 0, , 0, 0, 0, 0, 0, 
100, 1, 101, 100, -1, 192, 295, 14.0, 13, ABplppapapa, 5379, 0, 0, 0, , 0, 0, 0, 0, 0, 
101, 1, 102, 101, -1, 173, 300, 16.0, 15, ABplppapapp, 4892, 0, 0, 0, , 0, 0, 0, 0, 0, 
102, 1, 103, 102, -1, 161, 294, 13.0, 13, ABplppaappp, 4491, 0, 0, 0, , 0, 0, 0, 0, 0, 
103, 0, 104, -1, -1, 284, 230, 14.0, 11, , 2678, 0, 0, 0, , 0, 0, 0, 0, 0, 
104, 1, 105, 104, -1, 192, 267, 18.0, 17, MSaappap, 4722, 0, 0, 0, , 0, 0, 0, 0, 0, 
105, 1, 106, 105, -1, 108, 289, 15.0, 13, ABplpappppp, 3020, 0, 0, 0, , 0, 0, 0, 0, 0, 
106, 1, 107, 106, -1, 128, 286, 16.0, 11, ABplpappppa, 3302, 0, 0, 0, , 0, 0, 0, 0, 0, 
107, 1, 108, 107, -1, 128, 297, 13.0, 11, ABplpapppaa, 2192, 0, 0, 0, , 0, 0, 0, 0, 0, 
108, 1, 109, 108, -1, 118, 269, 15.0, 13, ABplpapppap, 5430, 0, 0, 0, , 0, 0, 0, 0, 0, 
109, 1, 110, 109, -1, 239, 270, 13.0, 13, ABplpapappa, 4292, 0, 0, 0, , 0, 0, 0, 0, 0, 
110, 1, 111, 110, -1, 167, 276, 14.0, 11, ABplpapappp, 3086, 0, 0, 0, , 0, 0, 0, 0, 0, 
111, 1, 112, 111, -1, 242, 275, 15.0, 15, ABplpapapap, 2888, 0, 0, 0, , 0, 0, 0, 0, 0, 
112, 1, 113, 112, -1, 229, 283, 15.0, 13, ABplpapapaa, 3977, 0, 0, 0, , 0, 0, 0, 0, 0, 
113, 1, 115, 113, -1, 267, 260, 13.0, 14, ABplpapaapa, 6070, 0, 0, 0, , 0, 0, 0, 0, 0, 
114, 1, 116, 114, -1, 249, 263, 13.0, 13, ABplpapaaap, 4103, 0, 0, 0, , 0, 0, 0, 0, 0, 
115, 1, 117, 115, -1, 259, 262, 15.0, 15, ABplpapaaaa, 3770, 0, 0, 0, , 0, 0, 0, 0, 0, 
116, 1, 118, 116, -1, 210, 289, 15.0, 15, ABplppapaap, 5259, 0, 0, 0, , 0, 0, 0, 0, 0, 
117, 0, -1, -1, -1, 327, 280, 17.0, 13, , 5222, 0, 0, 0, , 0, 0, 0, 0, 0, 
118, 1, 120, 118, -1, 318, 277, 16.0, 15, ABplpaaaaaa, 6545, 0, 0, 0, , 0, 0, 0, 0, 0, 
119, 1, 121, 119, -1, 314, 249, 10.0, 13, ABplpaapapp, 5271, 0, 0, 0, , 0, 0, 0, 0, 0, 
120, 0, 122, -1, -1, 308, 257, 18.0, 15, , 5714, 0, 0, 0, , 0, 0, 0, 0, 0, 
121, 0, 123, -1, -1, 264, 281, 17.0, 14, , 1546, 0, 0, 0, , 0, 0, 0, 0, 0, 
122, 1, 124, 122, -1, 278, 319, 18.0, 13, ABplpaappap, 5169, 0, 0, 0, , 0, 0, 0, 0, 0, 
123, 1, 125, 123, -1, 275, 305, 17.0, 13, ABplpaappaa, 4054, 0, 0, 0, , 0, 0, 0, 0, 0, 
124, 0, 126, -1, -1, 281, 262, 11.0, 17, , 8001, 0, 0, 0, , 0, 0, 0, 0, 0, 
125, 1, 127, 125, -1, 290, 313, 16.0, 13, ABplpaapaap, 5401, 0, 0, 0, , 0, 0, 0, 0, 0, 
126, 0, 128, -1, -1, 299, 294, 22.0, 11, , 3406, 0, 0, 0, , 0, 0, 0, 0, 0, 
127, 1, 129, 127, -1, 352, 257, 19.0, 15, ABplpaapapa, 14009, 0, 0, 0, , 0, 0, 0, 0, 0, 
128, 1, 130, 128, -1, 332, 210, 21.0, 13, ABplaapaaaa, 4014, 0, 0, 0, , 0, 0, 0, 0, 0, 
129, 1, 131, 129, -1, 353, 222, 24.0, 11, ABplaapaaap, 5680, 0, 0, 0, , 0, 0, 0, 0, 0, 
130, 1, 132, 130, -1, 340, 262, 21.0, 13, ABplaapaapa, 4750, 0, 0, 0, , 0, 0, 0, 0, 0, 
131, 1, 133, 131, -1, 332, 283, 24.0, 13, ABplaapaapp, 1421, 0, 0, 0, , 0, 0, 0, 0, 0, 
132, 1, 134, 132, -1, 304, 310, 24.0, 13, ABplaapapppa, 7687, 0, 0, 0, , 0, 0, 0, 0, 0, 
133, 1, 135, 133, -1, 285, 313, 26.0, 11, ABplaapapppp, 3261, 0, 0, 0, , 0, 0, 0, 0, 0, 
134, 1, 136, 134, -1, 282, 298, 24.0, 11, ABplaapappa, 5696, 0, 0, 0, , 0, 0, 0, 0, 0, 
135, 1, 137, 135, -1, 270, 310, 26.0, 11, ABplaapapap, 4908, 0, 0, 0, , 0, 0, 0, 0, 0, 
136, 1, 138, 136, -1, 270, 308, 22.0, 13, ABplaapapaa, 3788, 0, 0, 0, , 0, 0, 0, 0, 0, 
137, 1, 139, 137, -1, 317, 262, 30.0, 17, MSapaaap, 5204, 0, 0, 0, , 0, 0, 0, 0, 0, 
138, 1, 140, 138, -1, 357, 234, 23.0, 13, ABarpaaaapp, 4594, 0, 0, 0, , 0, 0, 0, 0, 0, 
139, 1, 141, 139, -1, 340, 222, 27.0, 13, ABalapappap, 4333, 0, 0, 0, , 0, 0, 0, 0, 0, 
140, 1, 142, 140, -1, 348, 210, 31.0, 15, ABplaaaapp, 6270, 0, 0, 0, , 0, 0, 0, 0, 0, 
141, 0, -1, -1, -1, 356, 272, 22.0, 11, , 1671, 0, 0, 0, , 0, 0, 0, 0, 0, 
142, 0, 144, -1, -1, 333, 285, 22.0, 15, , 4075, 0, 0, 0, , 0, 0, 0, 0, 0, 
143, 1, 145, 143, -1, 334, 294, 25.0, 15, ABplaaappp, 4446, 0, 0, 0, , 0, 0, 0, 0, 0, 
144, 1, 146, 144, -1, 350, 236, 18.0, 13, ABplaaapaa, 5424, 0, 0, 0, , 0, 0, 0, 0, 0, 
145, 1, 147, 145, -1, 126, 307, 9.0, 17, ABplappppa, 9422, 0, 0, 0, , 0, 0, 0, 0, 0, 
146, 1, 148, 146, -1, 83, 330, 13.0, 15, ABplappppp, 5114, 0, 0, 0, , 0, 0, 0, 0, 0, 
147, 1, 149, 147, -1, 117, 344, 14.0, 13, ABplapppaaa, 4966, 0, 0, 0, , 0, 0, 0, 0, 0, 
148, 1, 150, 148, -1, 102, 329, 14.0, 13, ABplapppapp, 3693, 0, 0, 0, , 0, 0, 0, 0, 0, 
149, 1, 151, 149, -1, 97, 341, 12.0, 11, ABplapppapa, 2547, 0, 0, 0, , 0, 0, 0, 0, 0, 
150, 1, 152, 150, -1, 219, 338, 19.0, 17, ABplappaaa, 16870, 0, 0, 0, , 0, 0, 0, 0, 0, 
151, 1, 153, 151, -1, 190, 347, 20.0, 15, ABplappaap, 8398, 0, 0, 0, , 0, 0, 0, 0, 0, 
152, 1, 154, 152, -1, 168, 350, 19.0, 17, ABplappapp, 7173, 0, 0, 0, , 0, 0, 0, 0, 0, 
153, 1, 155, 153, -1, 201, 352, 25.0, 17, ABplappapa, 8156, 0, 0, 0, , 0, 0, 0, 0, 0, 
154, 1, 156, 154, -1, 237, 332, 16.0, 15, ABplapaapp, 9321, 0, 0, 0, , 0, 0, 0, 0, 0, 
155, 1, 157, 155, -1, 242, 279, 10.0, 15, ABplapaapa, 9124, 0, 0, 0, , 0, 0, 0, 0, 0, 
156, 1, 158, 156, -1, 317, 289, 31.0, 13, ABarppaaaa, 4359, 0, 0, 0, , 0, 0, 0, 0, 0, 
157, 1, 159, 157, -1, 254, 326, 22.0, 13, ABplapaaapp, 5709, 0, 0, 0, , 0, 0, 0, 0, 0, 
158, 1, 160, 158, -1, 111, 367, 18.0, 11, ABplapapppa, 2373, 0, 0, 0, , 0, 0, 0, 0, 0, 
159, 1, 161, 159, -1, 147, 355, 17.0, 14, ABplapapap, 4484, 0, 0, 0, , 0, 0, 0, 0, 0, 
160, 1, 162, 160, -1, 132, 346, 13.0, 17, ABplapappa, 5947, 0, 0, 0, , 0, 0, 0, 0, 0, 
161, 1, 163, 161, -1, 141, 368, 22.0, 19, ABplapapaa, 8135, 0, 0, 0, , 0, 0, 0, 0, 0, 
162, 0, 164, -1, -1, 234, 230, 13.0, 15, , 4903, 0, 0, 0, , 0, 0, 0, 0, 0, 
163, 1, 165, 163, -1, 147, 291, 14.0, 11, ABprpapappp, 2992, 0, 0, 0, , 0, 0, 0, 0, 0, 
164, 1, 166, 164, -1, 216, 227, 15.0, 13, ABprpapapaa, 6751, 0, 0, 0, , 0, 0, 0, 0, 0, 
165, 1, 167, 165, -1, 91, 301, 17.0, 15, Eplppa, 3738, 0, 0, 0, , 0, 0, 0, 0, 0, 
166, 1, 168, 166, -1, 95, 278, 18.0, 15, ABprpappppa, 4023, 0, 0, 0, , 0, 0, 0, 0, 0, 
167, 1, 169, 167, -1, 184, 285, 12.0, 13, ABprpappapp, 1963, 0, 0, 0, , 0, 0, 0, 0, 0, 
168, 1, 170, 168, -1, 253, 236, 15.0, 13, ABprpapppaa, 5709, 0, 0, 0, , 0, 0, 0, 0, 0, 
169, 1, 716, 169, -1, 283, 229, 17.0, 13, ABarapapapa, 10478, 0, 0, 0, , 0, 0, 0, 0, 0, 
170, 1, 172, 170, -1, 228, 181, 15.0, 13, ABprpaaaaap, 8491, 0, 0, 0, , 0, 0, 0, 0, 0, 
171, 1, 173, 171, -1, 242, 181, 19.0, 13, ABpraaappaa, 4903, 0, 0, 0, , 0, 0, 0, 0, 0, 
172, 1, 174, 172, -1, 186, 266, 12.0, 15, ABprpaaaapp, 6091, 0, 0, 0, , 0, 0, 0, 0, 0, 
173, 1, 175, 173, -1, 233, 240, 10.0, 17, ABprpaaaapa, 6128, 0, 0, 0, , 0, 0, 0, 0, 0, 
174, 1, 176, 174, -1, 266, 191, 18.0, 11, ABprpaaaaaa, 5612, 0, 0, 0, , 0, 0, 0, 0, 0, 
175, 1, 177, 176, -1, 250, 217, 14.0, 15, ABprpapaapa, 5237, 0, 0, 0, , 0, 0, 0, 0, 0, 
176, 1, 178, 177, -1, 256, 194, 15.0, 13, ABprpaaappp, 6217, 0, 0, 0, , 0, 0, 0, 0, 0, 
177, 1, 179, 178, -1, 282, 184, 12.0, 13, ABprpaaapap, 4611, 0, 0, 0, , 0, 0, 0, 0, 0, 
178, 1, 180, 179, -1, 215, 173, 18.0, 13, ABprpaapaap, 7169, 0, 0, 0, , 0, 0, 0, 0, 0, 
179, 1, 181, 180, -1, 312, 171, 21.0, 13, ABprpaapapa, 5683, 0, 0, 0, , 0, 0, 0, 0, 0, 
180, 1, 182, 181, -1, 284, 197, 10.0, 14, ABprpaapapp, 5930, 0, 0, 0, , 0, 0, 0, 0, 0, 
181, 1, 183, 182, -1, 257, 204, 11.0, 15, ABprpaapppp, 7820, 0, 0, 0, , 0, 0, 0, 0, 0, 
182, 1, 184, 183, -1, 212, 178, 22.0, 13, ABprpaappap, 5102, 0, 0, 0, , 0, 0, 0, 0, 0, 
183, 1, 185, 184, -1, 227, 182, 19.0, 13, ABprpaappaa, 5357, 0, 0, 0, , 0, 0, 0, 0, 0, 
184, 1, 186, 185, -1, 97, 255, 19.0, 13, ABprpppaapa, 6387, 0, 0, 0, , 0, 0, 0, 0, 0, 
185, 1, 187, 186, -1, 141, 261, 16.0, 13, ABprpppaaap, 6572, 0, 0, 0, , 0, 0, 0, 0, 0, 
186, 1, 188, 187, -1, 139, 267, 12.0, 15, ABprpppaaaa, 4732, 0, 0, 0, , 0, 0, 0, 0, 0, 
187, 1, 189, 188, -1, 93, 256, 11.0, 11, ABprpppapaa, 4046, 0, 0, 0, , 0, 0, 0, 0, 0, 
188, 1, 190, 189, -1, 125, 259, 12.0, 15, ABprppppapa, 8007, 0, 0, 0, , 0, 0, 0, 0, 0, 
189, 1, 191, 190, -1, 118, 271, 12.0, 15, ABprppppapp, 6103, 0, 0, 0, , 0, 0, 0, 0, 0, 
190, 1, 192, 191, -1, 125, 271, 18.0, 13, ABprppppaaa, 5291, 0, 0, 0, , 0, 0, 0, 0, 0, 
191, 1, 193, 192, -1, 111, 272, 17.0, 13, ABprppppaap, 3068, 0, 0, 0, , 0, 0, 0, 0, 0, 
192, 1, 194, 193, -1, 126, 259, 21.0, 15, ABprpppppaa, 4109, 0, 0, 0, , 0, 0, 0, 0, 0, 
193, 1, 195, 194, -1, 106, 265, 22.0, 15, ABprpppppap, 5147, 0, 0, 0, , 0, 0, 0, 0, 0, 
194, 1, 196, 195, -1, 216, 189, 16.0, 11, ABprppaapap, 3788, 0, 0, 0, , 0, 0, 0, 0, 0, 
195, 0, 197, -1, -1, 223, 193, 12.0, 11, , 6879, 0, 0, 0, , 0, 0, 0, 0, 0, 
196, 1, 198, 197, -1, 208, 248, 12.0, 15, ABprppaappa, 6426, 0, 0, 0, , 0, 0, 0, 0, 0, 
197, 1, 199, 198, -1, 153, 278, 14.0, 11, ABprppaappp, 3837, 0, 0, 0, , 0, 0, 0, 0, 0, 
198, 1, 200, 199, -1, 228, 179, 13.0, 13, ABprppaaaaa, 6458, 0, 0, 0, , 0, 0, 0, 0, 0, 
199, 1, 201, 200, 201, 202, 191, 17.0, 15, ABprppaaaap, 6599, 0, 0, 0, , 0, 0, 0, 0, 0, 
200, 1, 202, 202, -1, 196, 227, 11.0, 15, ABprppapaaa, 6650, 0, 0, 0, , 0, 0, 0, 0, 0, 
201, 1, 203, 203, -1, 191, 262, 16.0, 15, ABprppapaap, 4882, 0, 0, 0, , 0, 0, 0, 0, 0, 
202, 1, 204, 204, -1, 177, 272, 16.0, 11, ABprppapapa, 3159, 0, 0, 0, , 0, 0, 0, 0, 0, 
203, 1, 205, 205, -1, 158, 274, 18.0, 13, ABprppapapp, 4022, 0, 0, 0, , 0, 0, 0, 0, 0, 
204, 1, 206, 683, -1, 161, 287, 16.0, 14, ABprppapppa, 1784, 0, 0, 0, , 0, 0, 0, 0, 0, 
205, 1, 207, 207, -1, 142, 277, 15.0, 13, ABprppapppp, 2761, 0, 0, 0, , 0, 0, 0, 0, 0, 
206, 1, 208, 208, -1, 193, 256, 14.0, 15, ABprppappaa, 4651, 0, 0, 0, , 0, 0, 0, 0, 0, 
207, 1, 209, 209, -1, 190, 277, 15.0, 11, ABprppappap, 3144, 0, 0, 0, , 0, 0, 0, 0, 0, 
208, 1, 210, 210, -1, 319, 207, 23.0, 13, ABpraapaaaa, 5091, 0, 0, 0, , 0, 0, 0, 0, 0, 
209, 1, 211, 211, -1, 321, 178, 30.0, 15, ABarpapaaap, 4317, 0, 0, 0, , 0, 0, 0, 0, 0, 
210, 0, 212, -1, -1, 329, 187, 22.0, 11, , 3790, 0, 0, 0, , 0, 0, 0, 0, 0, 
211, 0, 213, -1, -1, 291, 174, 23.0, 11, , 954, 0, 0, 0, , 0, 0, 0, 0, 0, 
212, 1, 214, 214, -1, 228, 191, 28.0, 13, ABpraapapap, 6161, 0, 0, 0, , 0, 0, 0, 0, 0, 
213, 1, 215, 215, -1, 220, 194, 24.0, 11, ABpraapapaa, 3802, 0, 0, 0, , 0, 0, 0, 0, 0, 
214, 0, 216, -1, -1, 244, 155, 23.0, 11, , 2402, 0, 0, 0, , 0, 0, 0, 0, 0, 
215, 1, 217, 217, -1, 231, 194, 26.0, 13, ABpraapappa, 5538, 0, 0, 0, , 0, 0, 0, 0, 0, 
216, 1, 218, 218, -1, 189, 189, 20.0, 13, ABpraapppp, 7184, 0, 0, 0, , 0, 0, 0, 0, 0, 
217, 1, 219, 219, -1, 311, 201, 10.0, 15, ABpraappaa, 6038, 0, 0, 0, , 0, 0, 0, 0, 0, 
218, 0, 221, -1, -1, 284, 189, 28.0, 14, , 3219, 0, 0, 0, , 0, 0, 0, 0, 0, 
219, 1, 222, 221, -1, 245, 183, 23.0, 13, ABpraaapaad, 4316, 0, 0, 0, , 0, 0, 0, 0, 0, 
220, 1, 223, 222, -1, 228, 186, 22.0, 13, ABpraaappap, 3432, 0, 0, 0, , 0, 0, 0, 0, 0, 
221, 1, 224, 223, -1, 216, 179, 24.0, 11, ABpraaapppap, 2184, 0, 0, 0, , 0, 0, 0, 0, 0, 
222, 1, 225, 224, -1, 304, 181, 20.0, 13, ABpraaaaapd, 7908, 0, 0, 0, , 0, 0, 0, 0, 0, 
223, 1, 226, 225, -1, 257, 171, 15.0, 15, ABpraaaaaaa, 7296, 0, 0, 0, , 0, 0, 0, 0, 0, 
224, 1, 227, 226, -1, 292, 198, 13.0, 11, ABprpaaapaa, 3962, 0, 0, 0, , 0, 0, 0, 0, 0, 
225, 1, 228, 227, -1, 244, 176, 15.0, 13, ABpraaaapav, 4905, 0, 0, 0, , 0, 0, 0, 0, 0, 
226, 0, 229, -1, -1, 271, 171, 17.0, 11, , 2726, 0, 0, 0, , 0, 0, 0, 0, 0, 
227, 1, 230, 229, -1, 256, 169, 23.0, 11, ABpraaaappa, 1959, 0, 0, 0, , 0, 0, 0, 0, 0, 
228, 1, 231, 230, -1, 250, 178, 27.0, 15, ABpraaaappp, 5896, 0, 0, 0, , 0, 0, 0, 0, 0, 
229, 1, 232, 231, -1, 137, 238, 21.0, 15, ABprappapp, 7270, 0, 0, 0, , 0, 0, 0, 0, 0, 
230, 1, 233, 232, -1, 150, 222, 29.0, 15, ABprappapa, 6427, 0, 0, 0, , 0, 0, 0, 0, 0, 
231, 1, 234, 233, -1, 150, 228, 24.0, 15, ABprappaap, 6767, 0, 0, 0, , 0, 0, 0, 0, 0, 
232, 1, 235, 234, -1, 168, 220, 23.0, 15, ABprappaaa, 13235, 0, 0, 0, , 0, 0, 0, 0, 0, 
233, 1, 236, 235, -1, 89, 244, 18.0, 13, ABprapppaaa, 3292, 0, 0, 0, , 0, 0, 0, 0, 0, 
234, 1, 237, 236, -1, 87, 262, 16.0, 13, ABprapppapp, 3606, 0, 0, 0, , 0, 0, 0, 0, 0, 
235, 1, 238, 237, -1, 73, 250, 16.0, 11, ABprapppapa, 2588, 0, 0, 0, , 0, 0, 0, 0, 0, 
236, 1, 239, 239, -1, 70, 265, 14.0, 15, ABprappppp, 8210, 0, 0, 0, , 0, 0, 0, 0, 0, 
237, 1, 240, 240, -1, 113, 267, 10.0, 17, ABprappppa, 9633, 0, 0, 0, , 0, 0, 0, 0, 0, 
238, 1, 241, 241, -1, 203, 195, 24.0, 13, ABprapaaapa, 4125, 0, 0, 0, , 0, 0, 0, 0, 0, 
239, 1, 242, 242, -1, 194, 203, 25.0, 14, ABprapaaapp, 4017, 0, 0, 0, , 0, 0, 0, 0, 0, 
240, 0, 243, -1, -1, 250, 180, 29.0, 11, , 2181, 0, 0, 0, , 0, 0, 0, 0, 0, 
241, 1, 244, 244, -1, 179, 203, 21.0, 15, ABprapaapp, 10647, 0, 0, 0, , 0, 0, 0, 0, 0, 
242, 1, 245, 245, -1, 212, 214, 10.0, 15, ABprapaapa, 9323, 0, 0, 0, , 0, 0, 0, 0, 0, 
243, 1, 246, 246, -1, 109, 236, 15.0, 17, ABprapappa, 6591, 0, 0, 0, , 0, 0, 0, 0, 0, 
244, 1, 247, 247, -1, 71, 268, 18.0, 17, ABprapapppp, 6080, 0, 0, 0, , 0, 0, 0, 0, 0, 
245, 1, 248, 248, -1, 111, 233, 22.0, 15, ABprapapap, 7734, 0, 0, 0, , 0, 0, 0, 0, 0, 
246, 1, 249, 249, -1, 106, 239, 28.0, 19, ABprapapaa, 21130, 0, 0, 0, , 0, 0, 0, 0, 0, 
247, 1, 250, 250, -1, 255, 198, 33.0, 11, MSppppap, 1771, 0, 0, 0, , 0, 0, 0, 0, 0, 
248, 1, 251, 251, -1, 229, 201, 20.0, 11, MSppppaa, 1438, 0, 0, 0, , 0, 0, 0, 0, 0, 
249, 1, 252, 252, -1, 299, 202, 35.0, 17, MSpppppa, 3978, 0, 0, 0, , 0, 0, 0, 0, 0, 
250, 1, 253, 253, -1, 252, 212, 34.0, 13, MSpppppp, 2144, 0, 0, 0, , 0, 0, 0, 0, 0, 
251, 1, 254, 254, -1, 283, 212, 34.0, 17, MSpppaaa, 4951, 0, 0, 0, , 0, 0, 0, 0, 0, 
252, 1, 255, 255, -1, 136, 258, 26.0, 14, MSpppaap, 2384, 0, 0, 0, , 0, 0, 0, 0, 0, 
253, 1, 256, 162, -1, 234, 231, 12.0, 13, ABprpapaaap, 2922, 0, 0, 0, , 0, 0, 0, 0, 0, 
254, 1, 257, 257, -1, 128, 287, 20.0, 15, MSppaapp, 5178, 0, 0, 0, , 0, 0, 0, 0, 0, 
255, 0, 258, -1, -1, 255, 194, 26.0, 9, , 1300, 0, 0, 0, , 0, 0, 0, 0, 0, 
256, 1, 259, 259, -1, 270, 199, 25.0, 11, MSppaaaad, 2264, 0, 0, 0, , 0, 0, 0, 0, 0, 
257, 1, 260, 260, -1, 253, 195, 22.0, 11, MSppapap, 2886, 0, 0, 0, , 0, 0, 0, 0, 0, 
258, 1, 261, 261, -1, 191, 255, 21.0, 13, MSpapappp, 2862, 0, 0, 0, , 0, 0, 0, 0, 0, 
259, 1, 262, 262, -1, 200, 244, 20.0, 13, MSpapapaa, 2544, 0, 0, 0, , 0, 0, 0, 0, 0, 
260, 1, 263, 263, -1, 210, 231, 19.0, 17, MSpapaaap, 13006, 0, 0, 0, , 0, 0, 0, 0, 0, 
261, 1, 264, 264, -1, 201, 241, 25.0, 17, MSpapaapp, 5023, 0, 0, 0, , 0, 0, 0, 0, 0, 
262, 1, 265, 265, -1, 172, 324, 17.0, 15, MSpappaa, 5290, 0, 0, 0, , 0, 0, 0, 0, 0, 
263, 1, 266, 266, -1, 171, 246, 18.0, 15, MSpappppa, 3500, 0, 0, 0, , 0, 0, 0, 0, 0, 
264, 1, 267, 267, -1, 164, 259, 18.0, 11, MSpappppp, 2242, 0, 0, 0, , 0, 0, 0, 0, 0, 
265, 1, 268, 268, -1, 236, 258, 34.0, 15, MSpaaappp, 4744, 0, 0, 0, , 0, 0, 0, 0, 0, 
266, 1, 269, 269, -1, 242, 274, 30.0, 13, MSpaaapaa, 3818, 0, 0, 0, , 0, 0, 0, 0, 0, 
267, 1, 270, 270, -1, 219, 269, 32.0, 13, MSpaaapap, 3386, 0, 0, 0, , 0, 0, 0, 0, 0, 
268, 1, 271, 271, -1, 255, 229, 32.0, 17, MSpaaaapp, 6680, 0, 0, 0, , 0, 0, 0, 0, 0, 
269, 1, 272, 272, -1, 270, 256, 35.0, 17, MSpaaaaaa, 6775, 0, 0, 0, , 0, 0, 0, 0, 0, 
270, 1, 273, 273, -1, 249, 250, 30.0, 13, MSpaaaaap, 4262, 0, 0, 0, , 0, 0, 0, 0, 0, 
271, 1, 274, 274, -1, 211, 219, 24.0, 15, ABaraappppa, 5204, 0, 0, 0, , 0, 0, 0, 0, 0, 
272, 1, 275, 275, -1, 218, 221, 29.0, 15, ABaraapppap, 6721, 0, 0, 0, , 0, 0, 0, 0, 0, 
273, 1, 276, 276, -1, 235, 259, 30.0, 11, MSpaapaap, 2771, 0, 0, 0, , 0, 0, 0, 0, 0, 
274, 1, 277, 277, -1, 250, 248, 32.0, 13, MSpaaappa, 4547, 0, 0, 0, , 0, 0, 0, 0, 0, 
275, 1, 278, 278, -1, 230, 241, 30.0, 11, MSpaapaaa, 2830, 0, 0, 0, , 0, 0, 0, 0, 0, 
276, 1, 279, 279, -1, 288, 291, 31.0, 11, MSapppap, 2918, 0, 0, 0, , 0, 0, 0, 0, 0, 
277, 1, 280, 280, -1, 314, 257, 34.0, 19, MSappppa, 5676, 0, 0, 0, , 0, 0, 0, 0, 0, 
278, 1, 282, 281, -1, 294, 252, 33.0, 11, MSappaaa, 694, 0, 0, 0, , 0, 0, 0, 0, 0, 
279, 1, 283, 282, -1, 266, 282, 30.0, 15, ABaraapaapp, 7630, 0, 0, 0, , 0, 0, 0, 0, 0, 
280, 1, 284, 283, -1, 330, 242, 31.0, 13, MSapappp, 2622, 0, 0, 0, , 0, 0, 0, 0, 0, 
281, 1, 285, 284, -1, 146, 292, 19.0, 17, MSapaapp, 4244, 0, 0, 0, , 0, 0, 0, 0, 0, 
282, 1, 286, 285, -1, 306, 266, 26.0, 13, MSapaaaa, 3007, 0, 0, 0, , 0, 0, 0, 0, 0, 
283, 1, 287, 286, -1, 272, 245, 32.0, 17, MSaaaaapap, 2502, 0, 0, 0, , 0, 0, 0, 0, 0, 
284, 1, 288, 287, -1, 274, 253, 29.0, 17, MSaaapaaa, 6158, 0, 0, 0, , 0, 0, 0, 0, 0, 
285, 1, 289, 288, -1, 289, 206, 29.0, 15, MSaaaaaar, 4528, 0, 0, 0, , 0, 0, 0, 0, 0, 
286, 1, 290, 289, -1, 315, 247, 28.0, 13, MSaaaaaal, 4359, 0, 0, 0, , 0, 0, 0, 0, 0, 
287, 1, 291, 290, -1, 253, 264, 35.0, 13, MSaaaapaa, 4928, 0, 0, 0, , 0, 0, 0, 0, 0, 
288, 1, 292, 291, -1, 263, 273, 33.0, 13, MSaaaapap, 3836, 0, 0, 0, , 0, 0, 0, 0, 0, 
289, 1, 293, 292, -1, 232, 278, 31.0, 13, MSaaaappa, 3415, 0, 0, 0, , 0, 0, 0, 0, 0, 
290, 1, 294, 293, -1, 240, 292, 30.0, 13, MSaaapapa, 2752, 0, 0, 0, , 0, 0, 0, 0, 0, 
291, 1, 295, 294, -1, 228, 296, 28.0, 14, MSaaapapp, 2543, 0, 0, 0, , 0, 0, 0, 0, 0, 
292, 1, 296, 295, -1, 214, 298, 28.0, 11, MSaaappa, 2677, 0, 0, 0, , 0, 0, 0, 0, 0, 
293, 1, 297, 296, -1, 221, 288, 32.0, 13, MSaaappp, 3106, 0, 0, 0, , 0, 0, 0, 0, 0, 
294, 1, 298, 297, -1, 204, 309, 16.0, 13, MSaappppa, 3276, 0, 0, 0, , 0, 0, 0, 0, 0, 
295, 1, 299, 298, -1, 188, 317, 16.0, 13, MSaappppp, 2937, 0, 0, 0, , 0, 0, 0, 0, 0, 
296, 1, 300, 299, -1, 238, 276, 18.0, 15, MSaapaaap, 4149, 0, 0, 0, , 0, 0, 0, 0, 0, 
297, 1, 301, 300, -1, 253, 271, 19.0, 11, MSaapaaaa, 1782, 0, 0, 0, , 0, 0, 0, 0, 0, 
298, 1, 302, 301, -1, 217, 284, 19.0, 13, MSaapappp, 3871, 0, 0, 0, , 0, 0, 0, 0, 0, 
299, 1, 303, 302, -1, 244, 300, 26.0, 13, MSaapappa, 1352, 0, 0, 0, , 0, 0, 0, 0, 0, 
300, 1, 304, 303, -1, 230, 280, 21.0, 13, MSaapapaa, 4048, 0, 0, 0, , 0, 0, 0, 0, 0, 
301, 1, 305, 304, -1, 229, 292, 23.0, 11, MSaapapap, 3613, 0, 0, 0, , 0, 0, 0, 0, 0, 
302, 1, 306, 305, -1, 101, 316, 25.0, 17, Eplpa, 3937, 0, 0, 0, , 0, 0, 0, 0, 0, 
303, 1, 307, 306, -1, 102, 355, 23.0, 15, Cappapa, 6383, 0, 0, 0, , 0, 0, 0, 0, 0, 
304, 1, 308, 307, -1, 87, 346, 21.0, 15, Cappapp, 4824, 0, 0, 0, , 0, 0, 0, 0, 0, 
305, 1, 309, 308, -1, 201, 328, 30.0, 15, Cappaaa, 4708, 0, 0, 0, , 0, 0, 0, 0, 0, 
306, 1, 310, 309, -1, 77, 342, 24.0, 15, Capppap, 4322, 0, 0, 0, , 0, 0, 0, 0, 0, 
307, 1, 311, 310, -1, 117, 347, 32.0, 19, Capppaa, 10355, 0, 0, 0, , 0, 0, 0, 0, 0, 
308, 1, 312, 311, -1, 125, 358, 28.0, 13, Capapap, 4794, 0, 0, 0, , 0, 0, 0, 0, 0, 
309, 1, 313, 312, -1, 166, 345, 31.0, 15, Capapaa, 4931, 0, 0, 0, , 0, 0, 0, 0, 0, 
310, 1, 314, 313, -1, 135, 323, 13.0, 13, Capappp, 4600, 0, 0, 0, , 0, 0, 0, 0, 0, 
311, 1, 315, 314, -1, 148, 336, 15.0, 17, Capappa, 6750, 0, 0, 0, , 0, 0, 0, 0, 0, 
312, 1, 316, 315, -1, 198, 331, 19.0, 13, Capaaap, 4780, 0, 0, 0, , 0, 0, 0, 0, 0, 
313, 1, 317, 316, -1, 218, 319, 17.0, 15, Capaaaa, 6234, 0, 0, 0, , 0, 0, 0, 0, 0, 
314, 0, 318, -1, -1, 79, 289, 15.0, 15, , 3732, 0, 0, 0, , 0, 0, 0, 0, 0, 
315, 1, 319, 318, -1, 63, 293, 15.0, 15, Caappv, 3710, 0, 0, 0, , 0, 0, 0, 0, 0, 
316, 0, 320, -1, -1, 103, 285, 12.0, 13, , 1652, 0, 0, 0, , 0, 0, 0, 0, 0, 
317, 1, 321, 320, -1, 95, 358, 19.0, 11, Cpappd, 3321, 0, 0, 0, , 0, 0, 0, 0, 0, 
318, 1, 322, 321, -1, 70, 323, 14.0, 13, Cpappv, 4540, 0, 0, 0, , 0, 0, 0, 0, 0, 
319, 1, 323, 322, -1, 125, 248, 24.0, 15, Cppaapp, 5306, 0, 0, 0, , 0, 0, 0, 0, 0, 
320, 1, 324, 323, -1, 152, 247, 23.0, 13, Cppaapa, 4408, 0, 0, 0, , 0, 0, 0, 0, 0, 
321, 1, 325, 324, -1, 165, 237, 21.0, 13, Cppaaap, 3741, 0, 0, 0, , 0, 0, 0, 0, 0, 
322, 1, 326, 325, -1, 179, 229, 19.0, 15, Cppaaaa, 5734, 0, 0, 0, , 0, 0, 0, 0, 0, 
323, 1, 327, 326, -1, 156, 257, 33.0, 15, Cppapaa, 4974, 0, 0, 0, , 0, 0, 0, 0, 0, 
324, 1, 328, 327, -1, 112, 254, 16.0, 15, Cppappp, 5856, 0, 0, 0, , 0, 0, 0, 0, 0, 
325, 1, 329, 328, -1, 116, 249, 19.0, 15, Cppappa, 5461, 0, 0, 0, , 0, 0, 0, 0, 0, 
326, 1, 330, 329, -1, 156, 277, 35.0, 17, Cpppaap, 4303, 0, 0, 0, , 0, 0, 0, 0, 0, 
327, 1, 331, 330, -1, 184, 241, 33.0, 15, Cpppaaa, 6145, 0, 0, 0, , 0, 0, 0, 0, 0, 
328, 1, 332, 331, -1, 70, 277, 25.0, 15, Cpppapp, 6252, 0, 0, 0, , 0, 0, 0, 0, 0, 
329, 1, 333, 332, -1, 93, 276, 33.0, 15, Cpppapa, 2651, 0, 0, 0, , 0, 0, 0, 0, 0, 
330, 1, 334, 333, -1, 261, 287, 15.0, 13, Daapa, 4987, 0, 0, 0, , 0, 0, 0, 0, 0, 
331, 1, 335, 334, -1, 246, 293, 13.0, 13, Daapp, 4272, 0, 0, 0, , 0, 0, 0, 0, 0, 
332, 0, -1, -1, -1, 252, 306, 16.0, 11, , 1767, 0, 0, 0, , 0, 0, 0, 0, 0, 
333, 1, 337, 336, -1, 254, 306, 31.0, 15, Daaap, 3849, 0, 0, 0, , 0, 0, 0, 0, 0, 
334, 1, 338, 337, -1, 248, 295, 34.0, 13, Dappaa, 4379, 0, 0, 0, , 0, 0, 0, 0, 0, 
335, 1, 339, 338, -1, 206, 213, 15.0, 13, Dpapp, 4067, 0, 0, 0, , 0, 0, 0, 0, 0, 
336, 1, 340, 339, -1, 220, 206, 16.0, 13, Dpapa, 3601, 0, 0, 0, , 0, 0, 0, 0, 0, 
337, 1, 341, 340, -1, 228, 207, 33.0, 15, Dpaap, 13264, 0, 0, 0, , 0, 0, 0, 0, 0, 
338, 1, 342, 341, -1, 213, 204, 21.0, 13, Dpaaa, 3798, 0, 0, 0, , 0, 0, 0, 0, 0, 
339, 1, 343, 342, -1, 196, 256, 33.0, 13, Dppppa, 2218, 0, 0, 0, , 0, 0, 0, 0, 0, 
340, 1, 344, 343, -1, 214, 250, 35.0, 13, Dpppap, 5181, 0, 0, 0, , 0, 0, 0, 0, 0, 
341, 1, 345, 344, -1, 236, 229, 35.0, 19, Dpppaa, 11331, 0, 0, 0, , 0, 0, 0, 0, 0, 
342, 1, 346, 345, -1, 196, 212, 20.0, 13, Dppaa, 5926, 0, 0, 0, , 0, 0, 0, 0, 0, 
343, 1, 347, 346, -1, 205, 229, 34.0, 15, Dppap, 5565, 0, 0, 0, , 0, 0, 0, 0, 0, 
344, 0, 348, -1, -1, 380, 244, 24.0, 15, , 7156, 0, 0, 0, , 0, 0, 0, 0, 0, 
345, 0, 349, -1, -1, 305, 280, 31.0, 15, , 4442, 0, 0, 0, , 0, 0, 0, 0, 0, 
346, 1, 350, 349, -1, 289, 314, 22.0, 11, ABalppppppaa, 1939, 0, 0, 0, , 0, 0, 0, 0, 0, 
347, 1, 351, 350, -1, 285, 328, 21.0, 11, ABalppppppap, 3081, 0, 0, 0, , 0, 0, 0, 0, 0, 
348, 1, 352, 351, -1, 301, 313, 20.0, 14, ABalpppppppa, 2698, 0, 0, 0, , 0, 0, 0, 0, 0, 
349, 1, 353, 352, -1, 361, 255, 20.0, 15, ABplaaapap, 5628, 0, 0, 0, , 0, 0, 0, 0, 0, 
350, 1, 354, 353, -1, 321, 285, 14.0, 15, ABalpppaaaa, 3245, 0, 0, 0, , 0, 0, 0, 0, 0, 
351, 1, 355, 354, -1, 316, 245, 14.0, 13, ABalpppaaap, 3682, 0, 0, 0, , 0, 0, 0, 0, 0, 
352, 1, 356, 355, -1, 337, 256, 16.0, 13, ABalpppaapd, 4425, 0, 0, 0, , 0, 0, 0, 0, 0, 
353, 1, 357, 356, -1, 334, 253, 21.0, 13, ABalpppaapv, 4486, 0, 0, 0, , 0, 0, 0, 0, 0, 
354, 1, 358, 357, -1, 303, 291, 14.0, 13, ABalpppapad, 2537, 0, 0, 0, , 0, 0, 0, 0, 0, 
355, 0, 359, -1, -1, 288, 275, 15.0, 11, , 989, 0, 0, 0, , 0, 0, 0, 0, 0, 
356, 1, 360, 358, -1, 336, 263, 14.0, 15, ABalpppapav, 3766, 0, 0, 0, , 0, 0, 0, 0, 0, 
357, 1, 361, 359, -1, 332, 247, 15.0, 13, ABalppaaapp, 5829, 0, 0, 0, , 0, 0, 0, 0, 0, 
358, 1, 362, 360, -1, 288, 296, 15.0, 15, ABplpaaaaap, 5253, 0, 0, 0, , 0, 0, 0, 0, 0, 
359, 1, 363, 361, -1, 295, 247, 13.0, 11, ABalppapppa, 3871, 0, 0, 0, , 0, 0, 0, 0, 0, 
360, 1, 364, 362, -1, 309, 278, 20.0, 15, ABalppappaa, 5025, 0, 0, 0, , 0, 0, 0, 0, 0, 
361, 1, 365, 363, -1, 313, 273, 22.0, 11, ABalapaappa, 1563, 0, 0, 0, , 0, 0, 0, 0, 0, 
362, 1, 366, 364, -1, 277, 248, 12.0, 13, ABalppapapa, 6772, 0, 0, 0, , 0, 0, 0, 0, 0, 
363, 1, 367, 365, -1, 317, 235, 11.0, 11, ABalppapapp, 3980, 0, 0, 0, , 0, 0, 0, 0, 0, 
364, 1, 368, 366, -1, 324, 223, 10.0, 15, ABplaappaa, 6131, 0, 0, 0, , 0, 0, 0, 0, 0, 
365, 1, 369, 367, -1, 314, 256, 21.0, 13, ABalppapaaa, 5887, 0, 0, 0, , 0, 0, 0, 0, 0, 
366, 1, 370, 368, -1, 274, 248, 14.0, 17, ABalpapapaa, 5294, 0, 0, 0, , 0, 0, 0, 0, 0, 
367, 1, 371, 369, -1, 212, 278, 9.0, 17, ABalpapappa, 8178, 0, 0, 0, , 0, 0, 0, 0, 0, 
368, 1, 372, 370, -1, 314, 215, 13.0, 11, ABalpapaapp, 6671, 0, 0, 0, , 0, 0, 0, 0, 0, 
369, 1, 373, 371, -1, 308, 236, 16.0, 13, ABalppapaap, 4906, 0, 0, 0, , 0, 0, 0, 0, 0, 
370, 1, 374, 372, -1, 281, 252, 19.0, 13, ABalpaaaapa, 4001, 0, 0, 0, , 0, 0, 0, 0, 0, 
371, 1, 375, 373, -1, 274, 262, 18.0, 13, ABalpaaaaap, 4828, 0, 0, 0, , 0, 0, 0, 0, 0, 
372, 1, 376, 374, -1, 253, 245, 21.0, 11, ABalpappaaa, 4445, 0, 0, 0, , 0, 0, 0, 0, 0, 
373, 1, 377, 375, -1, 281, 279, 22.0, 13, ABalpapppaa, 4998, 0, 0, 0, , 0, 0, 0, 0, 0, 
374, 1, 378, 376, -1, 260, 266, 18.0, 13, ABalpapppap, 4301, 0, 0, 0, , 0, 0, 0, 0, 0, 
375, 1, 379, 377, -1, 289, 270, 29.0, 17, ABalpaapapa, 10775, 0, 0, 0, , 0, 0, 0, 0, 0, 
376, 1, 380, 378, -1, 257, 254, 18.0, 13, ABalpaaaapp, 7319, 0, 0, 0, , 0, 0, 0, 0, 0, 
377, 1, 381, 379, -1, 287, 248, 21.0, 11, ABalpaaaaaa, 4076, 0, 0, 0, , 0, 0, 0, 0, 0, 
378, 1, 382, 380, -1, 285, 269, 20.0, 17, ABalpappaap, 32307, 0, 0, 0, , 0, 0, 0, 0, 0, 
379, 0, 383, -1, -1, 304, 227, 18.0, 13, , 3535, 0, 0, 0, , 0, 0, 0, 0, 0, 
380, 1, 384, 382, -1, 315, 223, 24.0, 14, ABalpaapppa, 2770, 0, 0, 0, , 0, 0, 0, 0, 0, 
381, 1, 385, 383, -1, 326, 225, 20.0, 15, ABalpaapppp, 2823, 0, 0, 0, , 0, 0, 0, 0, 0, 
382, 1, 386, 384, -1, 309, 228, 21.0, 15, ABalpaappaa, 3951, 0, 0, 0, , 0, 0, 0, 0, 0, 
383, 0, 387, -1, -1, 292, 251, 26.0, 13, , 5155, 0, 0, 0, , 0, 0, 0, 0, 0, 
384, 0, 388, -1, -1, 285, 264, 16.0, 11, , 2559, 0, 0, 0, , 0, 0, 0, 0, 0, 
385, 0, 389, -1, -1, 189, 281, 27.0, 17, , 11704, 0, 0, 0, , 0, 0, 0, 0, 0, 
386, 1, 390, 388, -1, 136, 321, 28.0, 15, Ealpp, 7396, 0, 0, 0, , 0, 0, 0, 0, 0, 
387, 1, 391, 389, -1, 143, 299, 28.0, 19, Earpp, 7164, 0, 0, 0, , 0, 0, 0, 0, 0, 
388, 0, 392, -1, -1, 175, 291, 23.0, 11, , 619, 0, 0, 0, , 0, 0, 0, 0, 0, 
389, 0, 393, -1, -1, 199, 293, 23.0, 15, , 7682, 0, 0, 0, , 0, 0, 0, 0, 0, 
390, 1, 394, 392, -1, 94, 292, 23.0, 21, Eprpp, 7116, 0, 0, 0, , 0, 0, 0, 0, 0, 
391, 1, 395, 393, -1, 231, 316, 32.0, 17, Dapap, 5652, 0, 0, 0, , 0, 0, 0, 0, 0, 
392, 1, 396, 394, -1, 237, 311, 18.0, 15, Dapaa, 4429, 0, 0, 0, , 0, 0, 0, 0, 0, 
393, 1, 397, 395, -1, 233, 301, 24.0, 13, MSaapaapp, 3687, 0, 0, 0, , 0, 0, 0, 0, 0, 
394, 1, 398, 396, -1, 239, 297, 20.0, 13, MSaapaapa, 3772, 0, 0, 0, , 0, 0, 0, 0, 0, 
395, 1, 399, 397, -1, 198, 208, 30.0, 17, ABarpppapp, 9117, 0, 0, 0, , 0, 0, 0, 0, 0, 
396, 1, 400, 398, -1, 273, 303, 13.0, 13, ABplppaapap, 5301, 0, 0, 0, , 0, 0, 0, 0, 0, 
397, 1, 401, 399, -1, 277, 298, 10.0, 11, ABplppaapaa, 5305, 0, 0, 0, , 0, 0, 0, 0, 0, 
398, 1, 402, 400, -1, 321, 256, 25.0, 11, ABalaaaalar, 3431, 0, 0, 0, , 0, 0, 0, 0, 0, 
399, 0, 403, -1, -1, 278, 191, 31.0, 23, , 11877, 0, 0, 0, , 0, 0, 0, 0, 0, 
400, 1, 404, 402, -1, 323, 178, 19.0, 11, ABarpappaa, 3443, 0, 0, 0, , 0, 0, 0, 0, 0, 
401, 1, 405, 403, -1, 113, 297, 35.0, 19, Cppppaa, 13886, 0, 0, 0, , 0, 0, 0, 0, 0, 
402, 1, 406, 404, -1, 75, 298, 30.0, 15, Cppppap, 5043, 0, 0, 0, , 0, 0, 0, 0, 0, 
403, 1, 407, 405, -1, 93, 270, 14.0, 15, Cpppppv, 3662, 0, 0, 0, , 0, 0, 0, 0, 0, 
404, 1, 408, 406, -1, 305, 184, 31.0, 13, ABarpapaappp, 2430, 0, 0, 0, , 0, 0, 0, 0, 0, 
405, 0, 409, -1, -1, 117, 304, 32.0, 15, , 3658, 0, 0, 0, , 0, 0, 0, 0, 0, 
406, 1, 410, 408, -1, 115, 323, 30.0, 21, Eplap, 45519, 0, 0, 0, , 0, 0, 0, 0, 0, 
407, 1, 411, 409, -1, 308, 222, 16.0, 17, ABalpapaapa, 6527, 0, 0, 0, , 0, 0, 0, 0, 0, 
408, 0, 412, -1, -1, 145, 301, 31.0, 17, , 3138, 0, 0, 0, , 0, 0, 0, 0, 0, 
409, 1, 413, 411, -1, 228, 292, 10.0, 17, ABplppapaaa, 7591, 0, 0, 0, , 0, 0, 0, 0, 0, 
410, 1, 414, 412, -1, 337, 258, 25.0, 13, ABalaaaalal, 3863, 0, 0, 0, , 0, 0, 0, 0, 0, 
411, 1, 415, 413, -1, 281, 201, 17.0, 13, ABarappppap, 6480, 0, 0, 0, , 0, 0, 0, 0, 0, 
412, 1, 416, 414, -1, 149, 256, 20.0, 15, MSpappap, 4690, 0, 0, 0, , 0, 0, 0, 0, 0, 
413, 1, 417, 415, -1, 214, 244, 31.0, 17, MSpaapapa, 6875, 0, 0, 0, , 0, 0, 0, 0, 0, 
414, 1, 418, 416, -1, 65, 300, 20.0, 17, Cpppppd, 5627, 0, 0, 0, , 0, 0, 0, 0, 0, 
415, 1, 419, 417, -1, 303, 302, 29.0, 11, ABplapaaaaa, 4623, 0, 0, 0, , 0, 0, 0, 0, 0, 
416, 1, 420, 418, -1, 208, 270, 22.0, 11, MSaappaa, 3177, 0, 0, 0, , 0, 0, 0, 0, 0, 
417, 1, 421, 419, -1, 291, 310, 29.0, 17, ABplapaaaap, 8164, 0, 0, 0, , 0, 0, 0, 0, 0, 
418, 1, 422, 420, -1, 325, 260, 18.0, 13, ABalaaaalpa, 2679, 0, 0, 0, , 0, 0, 0, 0, 0, 
419, 1, 423, 421, -1, 330, 231, 23.0, 13, ABalaaaparr, 3229, 0, 0, 0, , 0, 0, 0, 0, 0, 
420, 1, 424, 422, -1, 342, 229, 22.0, 13, ABalaaaparl, 6385, 0, 0, 0, , 0, 0, 0, 0, 0, 
421, 1, 425, 423, -1, 267, 287, 23.0, 13, ABalpaaappp, 3457, 0, 0, 0, , 0, 0, 0, 0, 0, 
422, 1, 426, 424, -1, 273, 275, 24.0, 15, ABalpaaappa, 3658, 0, 0, 0, , 0, 0, 0, 0, 0, 
423, 1, 427, 425, -1, 205, 291, 19.0, 17, Ealaad, 3619, 0, 0, 0, , 0, 0, 0, 0, 0, 
424, 1, 428, 426, -1, 229, 233, 16.0, 14, ABprpappapa, 3800, 0, 0, 0, , 0, 0, 0, 0, 0, 
425, 1, 429, 427, -1, 157, 339, 34.0, 17, Cappaap, 5294, 0, 0, 0, , 0, 0, 0, 0, 0, 
426, 1, 430, 428, -1, 285, 232, 19.0, 13, ABarappaapp, 9696, 0, 0, 0, , 0, 0, 0, 0, 0, 
427, 1, 431, 429, -1, 207, 224, 27.0, 13, MSpapappa, 2425, 0, 0, 0, , 0, 0, 0, 0, 0, 
428, 1, 432, 430, -1, 211, 233, 23.0, 11, MSpapaapaa, 1590, 0, 0, 0, , 0, 0, 0, 0, 0, 
429, 1, 433, 431, -1, 195, 222, 22.0, 11, MSpapaapap, 2850, 0, 0, 0, , 0, 0, 0, 0, 0, 
430, 1, 434, 432, -1, 277, 165, 23.0, 13, ABpraapaapp, 3012, 0, 0, 0, , 0, 0, 0, 0, 0, 
431, 1, 435, 433, -1, 270, 172, 30.0, 11, ABalapppppa, 2469, 0, 0, 0, , 0, 0, 0, 0, 0, 
432, 1, 436, 434, -1, 278, 217, 22.0, 13, ABaraaaaapa, 2110, 0, 0, 0, , 0, 0, 0, 0, 0, 
433, 1, 437, 435, -1, 299, 248, 15.0, 15, ABalppapppp, 4679, 0, 0, 0, , 0, 0, 0, 0, 0, 
434, 1, 438, 436, -1, 315, 196, 23.0, 14, ABalaaappll, 2748, 0, 0, 0, , 0, 0, 0, 0, 0, 
435, 1, 439, 437, -1, 123, 271, 36.0, 19, Cppapap, 11532, 0, 0, 0, , 0, 0, 0, 0, 0, 
436, 1, 440, 438, -1, 300, 295, 26.0, 13, ABalppppaad, 2707, 0, 0, 0, , 0, 0, 0, 0, 0, 
437, 1, 441, 439, -1, 279, 280, 35.0, 19, MSappppp, 3132, 0, 0, 0, , 0, 0, 0, 0, 0, 
438, 1, 442, 440, -1, 287, 285, 27.0, 15, ABalpaapapp, 5119, 0, 0, 0, , 0, 0, 0, 0, 0, 
439, 1, 443, 441, -1, 112, 344, 16.0, 15, ABplpppaapa, 5225, 0, 0, 0, , 0, 0, 0, 0, 0, 
440, 1, 444, 442, -1, 229, 232, 19.0, 13, MSpapaaaa, 3532, 0, 0, 0, , 0, 0, 0, 0, 0, 
441, 1, 445, 443, -1, 195, 225, 15.0, 15, MSpapppaa, 5418, 0, 0, 0, , 0, 0, 0, 0, 0, 
442, 1, 446, 444, -1, 185, 238, 16.0, 17, MSpapppap, 4107, 0, 0, 0, , 0, 0, 0, 0, 0, 
443, 1, 447, 445, -1, 264, 179, 23.0, 13, ABprpaapaaa, 7509, 0, 0, 0, , 0, 0, 0, 0, 0, 
444, 1, 448, 446, -1, 307, 303, 16.0, 13, ABalpppppppp, 2538, 0, 0, 0, , 0, 0, 0, 0, 0, 
445, 1, 449, 447, -1, 94, 308, 10.0, 13, Caapap, 6660, 0, 0, 0, , 0, 0, 0, 0, 0, 
446, 0, 450, -1, -1, 166, 321, 29.0, 13, , 964, 0, 0, 0, , 0, 0, 0, 0, 0, 
447, 1, 451, 719, -1, 290, 189, 23.0, 13, ABalaappppp, 2012, 0, 0, 0, , 0, 0, 0, 0, 0, 
448, 1, 452, 449, -1, 340, 204, 22.0, 11, ABarpaaaaal, 3330, 0, 0, 0, , 0, 0, 0, 0, 0, 
449, 1, 453, 450, -1, 90, 284, 13.0, 11, ABprppppppa, 4299, 0, 0, 0, , 0, 0, 0, 0, 0, 
450, 1, 454, 451, -1, 218, 195, 33.0, 13, ABarpppapa, 2033, 0, 0, 0, , 0, 0, 0, 0, 0, 
451, 1, 455, 452, -1, 280, 277, 15.0, 13, MSappapp, 3787, 0, 0, 0, , 0, 0, 0, 0, 0, 
452, 1, 456, 453, -1, 92, 240, 23.0, 14, ABarpppppp, 4268, 0, 0, 0, , 0, 0, 0, 0, 0, 
453, 1, 457, 454, -1, 245, 197, 15.0, 9, MSpppapa, 1869, 0, 0, 0, , 0, 0, 0, 0, 0, 
454, 1, 458, 455, -1, 304, 282, 30.0, 13, MSapappa, 3014, 0, 0, 0, , 0, 0, 0, 0, 0, 
455, 1, 459, 456, -1, 308, 200, 32.0, 14, MSppappp, 2916, 0, 0, 0, , 0, 0, 0, 0, 0, 
456, 1, 460, 457, -1, 106, 311, 14.0, 15, Cappppd, 8734, 0, 0, 0, , 0, 0, 0, 0, 0, 
457, 1, 461, 458, -1, 223, 266, 29.0, 13, MSaaaappp, 4731, 0, 0, 0, , 0, 0, 0, 0, 0, 
458, 1, 462, 459, -1, 108, 361, 17.0, 13, ABplapppaap, 5897, 0, 0, 0, , 0, 0, 0, 0, 0, 
459, 1, 463, 460, -1, 141, 269, 21.0, 21, Z2, 4476, 0, 0, 0, , 0, 0, 0, 0, 0, 
460, 1, 464, 461, -1, 337, 256, 30.0, 13, ABplaaaaapa, 2014, 0, 0, 0, , 0, 0, 0, 0, 0, 
461, 1, 465, 462, -1, 197, 238, 22.0, 11, MSpapapap, 2576, 0, 0, 0, , 0, 0, 0, 0, 0, 
462, 0, 466, -1, -1, 85, 320, 24.0, 13, , 2596, 0, 0, 0, , 0, 0, 0, 0, 0, 
463, 1, 467, 464, -1, 94, 324, 23.0, 13, Eplppp, 2125, 0, 0, 0, , 0, 0, 0, 0, 0, 
464, 1, 468, 465, -1, 155, 340, 20.0, 17, Capaapp, 4923, 0, 0, 0, , 0, 0, 0, 0, 0, 
465, 1, 469, 466, -1, 181, 342, 23.0, 13, Capaapa, 4977, 0, 0, 0, , 0, 0, 0, 0, 0, 
466, 1, 470, 467, -1, 260, 177, 12.0, 17, ABpraappap, 20261, 0, 0, 0, , 0, 0, 0, 0, 0, 
467, 1, 471, 468, -1, 192, 285, 23.0, 11, Ealpa, 2454, 0, 0, 0, , 0, 0, 0, 0, 0, 
468, 0, 472, -1, -1, 208, 289, 30.0, 13, , 2577, 0, 0, 0, , 0, 0, 0, 0, 0, 
469, 1, 473, 470, -1, 236, 165, 17.0, 14, ABpraaappppp, 2381, 0, 0, 0, , 0, 0, 0, 0, 0, 
470, 1, 474, 471, -1, 296, 295, 19.0, 13, ABalpppppaa, 4544, 0, 0, 0, , 0, 0, 0, 0, 0, 
471, 1, 475, 472, -1, 315, 289, 22.0, 13, ABplpaapaaa, 5771, 0, 0, 0, , 0, 0, 0, 0, 0, 
472, 1, 476, 473, -1, 278, 195, 30.0, 15, MSppaaap, 2405, 0, 0, 0, , 0, 0, 0, 0, 0, 
473, 1, 478, 474, -1, 220, 260, 19.0, 13, ABarapapapp, 9730, 0, 0, 0, , 0, 0, 0, 0, 0, 
474, 1, 479, 475, -1, 73, 318, 18.0, 13, Cappppv, 4681, 0, 0, 0, , 0, 0, 0, 0, 0, 
475, 1, 480, 476, -1, 220, 305, 15.0, 13, MSaapppap, 2340, 0, 0, 0, , 0, 0, 0, 0, 0, 
476, 1, 481, 477, -1, 258, 319, 20.0, 13, ABplapaaapa, 3150, 0, 0, 0, , 0, 0, 0, 0, 0, 
477, 1, 482, 478, -1, 247, 232, 23.0, 15, ABarapapppp, 8013, 0, 0, 0, , 0, 0, 0, 0, 0, 
478, 1, 483, 479, -1, 231, 298, 15.0, 13, MSaapppaa, 2778, 0, 0, 0, , 0, 0, 0, 0, 0, 
479, 1, 484, 480, -1, 207, 266, 12.0, 13, ABarappappa, 6084, 0, 0, 0, , 0, 0, 0, 0, 0, 
480, 1, 485, 481, -1, 297, 247, 22.0, 13, ABaraaaaaaa, 2797, 0, 0, 0, , 0, 0, 0, 0, 0, 
481, 1, 486, 482, -1, 174, 304, 23.0, 15, Ealap, 2842, 0, 0, 0, , 0, 0, 0, 0, 0, 
482, 0, 487, -1, -1, 139, 295, 29.0, 13, , 1922, 0, 0, 0, , 0, 0, 0, 0, 0, 
483, 0, 488, -1, -1, 103, 316, 26.0, 19, , 6289, 0, 0, 0, , 0, 0, 0, 0, 0, 
484, 1, 489, 485, -1, 200, 282, 11.0, 15, ABplpaaaapp, 6221, 0, 0, 0, , 0, 0, 0, 0, 0, 
485, 0, 490, -1, -1, 265, 320, 22.0, 13, , 2183, 0, 0, 0, , 0, 0, 0, 0, 0, 
486, 0, 491, -1, -1, 141, 269, 23.0, 19, , 33579, 0, 0, 0, , 0, 0, 0, 0, 0, 
487, 1, 492, 488, -1, 242, 234, 20.0, 11, ABarapappap, 5220, 0, 0, 0, , 0, 0, 0, 0, 0, 
488, 0, 493, -1, -1, 269, 198, 13.0, 11, , 2664, 0, 0, 0, , 0, 0, 0, 0, 0, 
489, 1, 494, 490, -1, 111, 297, 17.0, 15, ABprpappppp, 2905, 0, 0, 0, , 0, 0, 0, 0, 0, 
490, 1, 495, 682, -1, 187, 253, 27.0, 15, Earaad, 4243, 0, 0, 0, , 0, 0, 0, 0, 0, 
491, 1, 496, 491, -1, 269, 274, 12.0, 17, ABplpaapppa, 10483, 0, 0, 0, , 0, 0, 0, 0, 0, 
492, 1, 497, 492, -1, 261, 241, 11.0, 13, ABalpapapap, 3514, 0, 0, 0, , 0, 0, 0, 0, 0, 
493, 1, 498, 493, -1, 257, 272, 11.0, 17, ABalpapappp, 6942, 0, 0, 0, , 0, 0, 0, 0, 0, 
494, 1, 499, 494, -1, 102, 300, 29.0, 15, Nuc317_26_103_294, 5406, 0, 0, 0, , 0, 0, 0, 0, 0, 
495, 1, 500, 495, -1, 353, 277, 20.0, 13, ABplaaappa, 3296, 0, 0, 0, , 0, 0, 0, 0, 0, 
496, 1, 501, 496, -1, 313, 230, 33.0, 13, ABalapapapa, 2370, 0, 0, 0, , 0, 0, 0, 0, 0, 
497, 1, 502, 497, -1, 335, 196, 29.0, 11, ABalapppapp, 1651, 0, 0, 0, , 0, 0, 0, 0, 0, 
498, 1, 503, 498, -1, 306, 219, 11.0, 17, ABalpapaaap, 6563, 0, 0, 0, , 0, 0, 0, 0, 0, 
499, 1, 504, 499, -1, 236, 207, 17.0, 11, MSpppapp, 3666, 0, 0, 0, , 0, 0, 0, 0, 0, 
500, 1, 505, 500, -1, 297, 283, 23.0, 14, Nuc346_22_297_283, 1569, 0, 0, 0, , 0, 0, 0, 0, 0, 
501, 1, 506, 501, -1, 237, 320, 24.0, 13, MSapapaa, 1515, 0, 0, 0, , 0, 0, 0, 0, 0, 
502, 0, 507, -1, -1, 281, 223, 32.0, 15, , 1687, 0, 0, 0, , 0, 0, 0, 0, 0, 
503, 1, 508, 503, -1, 295, 227, 30.0, 15, ABaraappaaa, 5117, 0, 0, 0, , 0, 0, 0, 0, 0, 
504, 0, 509, -1, -1, 244, 321, 16.0, 14, , 339, 0, 0, 0, , 0, 0, 0, 0, 0, 
505, 1, 510, 505, -1, 139, 316, 19.0, 21, Z3, 19685, 0, 0, 0, , 0, 0, 0, 0, 0, 
506, 1, 511, 506, -1, 282, 303, 20.0, 13, ABalpppppap, 6232, 0, 0, 0, , 0, 0, 0, 0, 0, 
507, 1, 512, 507, -1, 301, 260, 13.0, 11, ABalppaappp, 1964, 0, 0, 0, , 0, 0, 0, 0, 0, 
508, 1, 514, 508, -1, 260, 163, 31.0, 13, ABarpapppp, 2479, 0, 0, 0, , 0, 0, 0, 0, 0, 
509, 0, 515, -1, -1, 332, 246, 24.0, 11, , 1943, 0, 0, 0, , 0, 0, 0, 0, 0, 
510, 0, 516, -1, -1, 110, 306, 10.0, 13, , 2625, 0, 0, 0, , 0, 0, 0, 0, 0, 
511, 1, 517, 511, -1, 293, 300, 12.0, 13, ABplppaaaaa, 6431, 0, 0, 0, , 0, 0, 0, 0, 0, 
512, 1, 518, 512, -1, 260, 221, 19.0, 15, ABarapaaapa, 8025, 0, 0, 0, , 0, 0, 0, 0, 0, 
513, 1, 519, 513, -1, 283, 224, 30.0, 13, ABaraappaap, 5038, 0, 0, 0, , 0, 0, 0, 0, 0, 
514, 1, 520, 514, -1, 295, 224, 26.0, 13, ABaraaaapap, 2506, 0, 0, 0, , 0, 0, 0, 0, 0, 
515, 1, 521, 515, -1, 248, 211, 31.0, 13, ABaraaapapa, 3112, 0, 0, 0, , 0, 0, 0, 0, 0, 
516, 1, 522, 516, -1, 186, 272, 26.0, 14, Earpa, 4285, 0, 0, 0, , 0, 0, 0, 0, 0, 
517, 1, 523, 517, -1, 309, 239, 19.0, 13, ABalpapaaaa, 8144, 0, 0, 0, , 0, 0, 0, 0, 0, 
518, 1, 524, 518, -1, 67, 262, 21.0, 19, Caappd, 20865, 0, 0, 0, , 0, 0, 0, 0, 0, 
519, 0, 525, -1, -1, 229, 225, 26.0, 13, , 3452, 0, 0, 0, , 0, 0, 0, 0, 0, 
520, 0, 526, -1, -1, 298, 172, 28.0, 11, , 2159, 0, 0, 0, , 0, 0, 0, 0, 0, 
521, 1, 527, 521, -1, 256, 184, 32.0, 13, ABarpppaaa, 3861, 0, 0, 0, , 0, 0, 0, 0, 0, 
522, 0, 528, -1, -1, 90, 312, 27.0, 15, , 4362, 0, 0, 0, , 0, 0, 0, 0, 0, 
523, 0, 529, -1, -1, 160, 317, 27.0, 21, , 10391, 0, 0, 0, , 0, 0, 0, 0, 0, 
524, 1, 530, 707, -1, 323, 265, 23.0, 15, ABalapaappp, 2827, 0, 0, 0, , 0, 0, 0, 0, 0, 
525, 1, 531, 525, -1, 85, 255, 26.0, 19, Cpapaa, 7566, 0, 0, 0, , 0, 0, 0, 0, 0, 
526, 1, 532, 526, -1, 269, 176, 33.0, 11, ABalappapap, 2438, 0, 0, 0, , 0, 0, 0, 0, 0, 
527, 1, 533, 527, -1, 302, 276, 9.0, 21, ABplaappap, 12072, 0, 0, 0, , 0, 0, 0, 0, 0, 
528, 0, 534, -1, -1, 242, 180, 10.0, 9, , 2057, 0, 0, 0, , 0, 0, 0, 0, 0, 
529, 1, 535, 529, -1, 314, 298, 25.0, 11, ABalpppapppp, 1975, 0, 0, 0, , 0, 0, 0, 0, 0, 
530, 1, 536, 530, -1, 224, 269, 11.0, 13, ABplppaappa, 4689, 0, 0, 0, , 0, 0, 0, 0, 0, 
531, 1, 537, 531, -1, 262, 237, 36.0, 15, ABarppaapa, 3205, 0, 0, 0, , 0, 0, 0, 0, 0, 
532, 0, 538, -1, -1, 232, 203, 9.0, 9, , 869, 0, 0, 0, , 0, 0, 0, 0, 0, 
533, 0, 539, -1, -1, 250, 154, 20.0, 11, , 1758, 0, 0, 0, , 0, 0, 0, 0, 0, 
534, 1, 540, 534, -1, 113, 370, 24.0, 17, Cpapap, 6386, 0, 0, 0, , 0, 0, 0, 0, 0, 
535, 1, 541, 535, -1, 241, 248, 13.0, 15, ABplpaaaapa, 7096, 0, 0, 0, , 0, 0, 0, 0, 0, 
536, 1, 542, 536, -1, 328, 248, 11.0, 14, ABplpaaapap, 14801, 0, 0, 0, , 0, 0, 0, 0, 0, 
537, 1, 543, 537, -1, 255, 281, 25.0, 17, ABaraapapaa, 6606, 0, 0, 0, , 0, 0, 0, 0, 0, 
538, 1, 544, 538, -1, 317, 246, 31.0, 9, ABarpaapap, 538, 0, 0, 0, , 0, 0, 0, 0, 0, 
539, 1, 545, 539, -1, 90, 246, 14.0, 13, ABprpppaapp, 4931, 0, 0, 0, , 0, 0, 0, 0, 0, 
540, 1, 546, 540, -1, 134, 308, 12.0, 14, ABplppppapa, 2365, 0, 0, 0, , 0, 0, 0, 0, 0, 
541, 1, 547, 541, -1, 195, 246, 12.0, 15, ABprpapppap, 6174, 0, 0, 0, , 0, 0, 0, 0, 0, 
542, 1, 548, 542, -1, 294, 282, 20.0, 14, MSapapap, 3253, 0, 0, 0, , 0, 0, 0, 0, 0, 
543, 0, 550, -1, -1, 199, 280, 28.0, 17, , 7844, 0, 0, 0, , 0, 0, 0, 0, 0, 
544, 1, 551, 544, -1, 246, 181, 35.0, 17, ABarpaappp, 3356, 0, 0, 0, , 0, 0, 0, 0, 0, 
545, 1, 552, 545, -1, 277, 289, 18.0, 9, MSapppaa, 656, 0, 0, 0, , 0, 0, 0, 0, 0, 
546, 0, 553, -1, -1, 211, 250, 14.0, 11, , 1977, 0, 0, 0, , 0, 0, 0, 0, 0, 
547, 1, 554, 547, -1, 300, 242, 24.0, 13, ABalpaapaaa, 5043, 0, 0, 0, , 0, 0, 0, 0, 0, 
548, 0, 555, -1, -1, 324, 232, 34.0, 9, , 1518, 0, 0, 0, , 0, 0, 0, 0, 0, 
549, 1, 556, 549, -1, 228, 174, 26.0, 11, ABpraapapppp, 3200, 0, 0, 0, , 0, 0, 0, 0, 0, 
550, 0, 557, -1, -1, 279, 315, 13.0, 11, , 2366, 0, 0, 0, , 0, 0, 0, 0, 0, 
551, 1, 558, 551, -1, 253, 321, 13.0, 17, ABplaapppp, 5283, 0, 0, 0, , 0, 0, 0, 0, 0, 
552, 1, 559, 552, -1, 267, 218, 32.0, 14, MSpaaaapa, 328, 0, 0, 0, , 0, 0, 0, 0, 0, 
553, 1, 560, 553, -1, 157, 319, 29.0, 15, Eplaa, 2877, 0, 0, 0, , 0, 0, 0, 0, 0, 
554, 1, 561, 554, -1, 319, 186, 23.0, 13, ABalaaapplr, 2960, 0, 0, 0, , 0, 0, 0, 0, 0, 
555, 1, 562, 555, -1, 339, 268, 27.0, 15, ABalaaapall, 3707, 0, 0, 0, , 0, 0, 0, 0, 0, 
556, 1, 563, 556, -1, 247, 207, 27.0, 15, ABarapaappa, 7291, 0, 0, 0, , 0, 0, 0, 0, 0, 
557, 1, 564, 557, -1, 305, 160, 23.0, 11, ABarpappap, 1183, 0, 0, 0, , 0, 0, 0, 0, 0, 
558, 1, 565, 558, -1, 225, 303, 35.0, 14, Dappap, 1301, 0, 0, 0, , 0, 0, 0, 0, 0, 
559, 1, 566, 559, -1, 323, 225, 27.0, 14, Nuc315_23_328_210, 1900, 0, 0, 0, , 0, 0, 0, 0, 0, 
560, 1, 567, 560, -1, 356, 234, 27.0, 11, ABplaaaaaap, 4319, 0, 0, 0, , 0, 0, 0, 0, 0, 
561, 0, 568, -1, -1, 257, 212, 35.0, 19, , 7657, 0, 0, 0, , 0, 0, 0, 0, 0, 
562, 1, 569, 562, -1, 187, 302, 29.0, 19, Earap, 7711, 0, 0, 0, , 0, 0, 0, 0, 0, 
563, 1, 570, 563, -1, 323, 197, 28.0, 13, ABarpapaaaa, 4639, 0, 0, 0, , 0, 0, 0, 0, 0, 
564, 1, 571, 564, -1, 261, 180, 29.0, 11, ABalappapaa, 2521, 0, 0, 0, , 0, 0, 0, 0, 0, 
565, 0, 572, -1, -1, 146, 319, 19.0, 11, , 776, 0, 0, 0, , 0, 0, 0, 0, 0, 
566, 0, 573, -1, -1, 189, 255, 25.0, 17, , 4797, 0, 0, 0, , 0, 0, 0, 0, 0, 
567, 0, 574, -1, -1, 125, 305, 29.0, 11, , 2179, 0, 0, 0, , 0, 0, 0, 0, 0, 
568, 0, 575, -1, -1, 126, 309, 31.0, 15, , 2507, 0, 0, 0, , 0, 0, 0, 0, 0, 
569, 1, 576, 569, -1, 309, 268, 13.0, 17, ABplpaaappp, 7714, 0, 0, 0, , 0, 0, 0, 0, 0, 
570, 1, 577, 570, -1, 274, 175, 24.0, 11, ABpraaapaav, 3434, 0, 0, 0, , 0, 0, 0, 0, 0, 
571, 1, 578, 571, -1, 303, 235, 36.0, 17, ABarpaappa, 2282, 0, 0, 0, , 0, 0, 0, 0, 0, 
572, 0, 579, -1, -1, 172, 297, 21.0, 15, , 5675, 0, 0, 0, , 0, 0, 0, 0, 0, 
573, 1, 580, 573, -1, 311, 266, 15.0, 17, ABplpaaappa, 6611, 0, 0, 0, , 0, 0, 0, 0, 0, 
574, 0, 581, -1, -1, 79, 243, 20.0, 11, , 4904, 0, 0, 0, , 0, 0, 0, 0, 0, 
575, 1, 582, 575, -1, 234, 219, 23.0, 13, ABarapaappp, 2624, 0, 0, 0, , 0, 0, 0, 0, 0, 
576, 0, 583, -1, -1, 230, 213, 24.0, 11, , 1606, 0, 0, 0, , 0, 0, 0, 0, 0, 
577, 0, 584, -1, -1, 339, 275, 18.0, 11, , 1598, 0, 0, 0, , 0, 0, 0, 0, 0, 
578, 1, 585, 577, -1, 309, 286, 18.0, 11, ABalapaapaa, 2278, 0, 0, 0, , 0, 0, 0, 0, 0, 
579, 0, 586, -1, -1, 253, 205, 18.0, 13, , 2803, 0, 0, 0, , 0, 0, 0, 0, 0, 
580, 1, 587, 579, -1, 342, 275, 21.0, 13, ABalapaapap, 3961, 0, 0, 0, , 0, 0, 0, 0, 0, 
581, 0, 588, -1, -1, 188, 268, 22.0, 9, , 1528, 0, 0, 0, , 0, 0, 0, 0, 0, 
582, 1, 589, 580, -1, 276, 218, 30.0, 13, ABaraappapa, 5835, 0, 0, 0, , 0, 0, 0, 0, 0, 
583, 1, 590, 581, -1, 89, 336, 17.0, 17, ABplapapppp, 6833, 0, 0, 0, , 0, 0, 0, 0, 0, 
584, 1, 591, 582, -1, 232, 253, 23.0, 13, ABarapapaaa, 1890, 0, 0, 0, , 0, 0, 0, 0, 0, 
585, 1, 592, 583, -1, 268, 221, 21.0, 15, ABarapaaaaa, 6718, 0, 0, 0, , 0, 0, 0, 0, 0, 
586, 0, 593, -1, -1, 91, 274, 32.0, 17, , 7474, 0, 0, 0, , 0, 0, 0, 0, 0, 
587, 1, 594, 585, -1, 349, 256, 23.0, 13, ABalapaaapp, 4147, 0, 0, 0, , 0, 0, 0, 0, 0, 
588, 1, 595, 586, -1, 325, 273, 26.0, 11, ABalppppapa, 959, 0, 0, 0, , 0, 0, 0, 0, 0, 
589, 1, 596, 587, -1, 261, 261, 22.0, 17, ABalpappppp, 7249, 0, 0, 0, , 0, 0, 0, 0, 0, 
590, 1, 711, 588, -1, 309, 217, 32.0, 11, ABalapppapa, 806, 0, 0, 0, , 0, 0, 0, 0, 0, 
591, 1, 598, 589, -1, 319, 278, 28.0, 15, ABalapaaaaa, 4506, 0, 0, 0, , 0, 0, 0, 0, 0, 
592, 1, 599, 590, -1, 186, 220, 26.0, 15, MSppapaa, 4062, 0, 0, 0, , 0, 0, 0, 0, 0, 
593, 1, 600, 591, -1, 102, 251, 31.0, 17, Caaapp, 1581, 0, 0, 0, , 0, 0, 0, 0, 0, 
594, 1, 601, 592, -1, 287, 236, 10.0, 15, ABarappaaap, 10755, 0, 0, 0, , 0, 0, 0, 0, 0, 
595, 0, 602, -1, -1, 264, 252, 26.0, 15, , 4876, 0, 0, 0, , 0, 0, 0, 0, 0, 
596, 0, 603, -1, -1, 263, 252, 27.0, 11, , 584, 0, 0, 0, , 0, 0, 0, 0, 0, 
597, 0, 604, -1, -1, 299, 184, 26.0, 11, , 3440, 0, 0, 0, , 0, 0, 0, 0, 0, 
598, 0, 605, -1, -1, 294, 276, 13.0, 9, , 998, 0, 0, 0, , 0, 0, 0, 0, 0, 
599, 0, 606, -1, -1, 110, 297, 26.0, 17, , 6932, 0, 0, 0, , 0, 0, 0, 0, 0, 
600, 1, 607, 598, -1, 207, 258, 28.0, 13, MSpaapapp, 2635, 0, 0, 0, , 0, 0, 0, 0, 0, 
601, 1, 213, 599, -1, 292, 173, 21.0, 13, ABpraapaapa, 4948, 0, 0, 0, , 0, 0, 0, 0, 0, 
602, 0, 609, -1, -1, 100, 292, 22.0, 23, , 24743, 0, 0, 0, , 0, 0, 0, 0, 0, 
603, 1, 610, 601, -1, 274, 196, 15.0, 14, ABprpaaappa, 3450, 0, 0, 0, , 0, 0, 0, 0, 0, 
604, 0, 611, -1, -1, 254, 324, 18.0, 11, , 3285, 0, 0, 0, , 0, 0, 0, 0, 0, 
605, 1, 612, 603, -1, 237, 192, 10.0, 11, ABpraapppa, 3483, 0, 0, 0, , 0, 0, 0, 0, 0, 
606, 1, 613, 604, -1, 321, 237, 14.0, 13, ABplpaaapaa, 1576, 0, 0, 0, , 0, 0, 0, 0, 0, 
607, 0, 614, -1, -1, 90, 357, 18.0, 13, , 3841, 0, 0, 0, , 0, 0, 0, 0, 0, 
608, 1, 615, 606, -1, 357, 203, 26.0, 14, ABplaaaapa, 6683, 0, 0, 0, , 0, 0, 0, 0, 0, 
609, 1, 616, 673, -1, 204, 313, 32.0, 13, Dapppa, 797, 0, 0, 0, , 0, 0, 0, 0, 0, 
610, 0, 617, -1, -1, 232, 324, 22.0, 13, , 3507, 0, 0, 0, , 0, 0, 0, 0, 0, 
611, 1, 618, 608, -1, 282, 179, 14.0, 15, ABpraaaapad, 4668, 0, 0, 0, , 0, 0, 0, 0, 0, 
612, 0, 619, -1, -1, 94, 290, 22.0, 13, , 1851, 0, 0, 0, , 0, 0, 0, 0, 0, 
613, 0, 620, -1, -1, 276, 261, 27.0, 11, , 3326, 0, 0, 0, , 0, 0, 0, 0, 0, 
614, 1, 621, 611, -1, 289, 267, 25.0, 15, ABalpaaapaa, 6825, 0, 0, 0, , 0, 0, 0, 0, 0, 
615, 1, 622, 612, -1, 168, 300, 29.0, 15, Epraa, 6991, 0, 0, 0, , 0, 0, 0, 0, 0, 
616, 0, 623, -1, -1, 220, 344, 31.0, 13, , 3398, 0, 0, 0, , 0, 0, 0, 0, 0, 
617, 1, 624, 614, -1, 203, 284, 31.0, 17, Earaav, 7786, 0, 0, 0, , 0, 0, 0, 0, 0, 
618, 1, 625, 615, -1, 90, 287, 10.0, 17, ABprpppapap, 3834, 0, 0, 0, , 0, 0, 0, 0, 0, 
619, 1, 626, 616, -1, 292, 218, 20.0, 11, ABaraaappap, 2685, 0, 0, 0, , 0, 0, 0, 0, 0, 
620, 1, 627, 617, -1, 350, 255, 27.0, 11, ABalapapppp, 3292, 0, 0, 0, , 0, 0, 0, 0, 0, 
621, 0, 628, -1, -1, 304, 190, 13.0, 11, , 4606, 0, 0, 0, , 0, 0, 0, 0, 0, 
622, 0, 629, -1, -1, 271, 319, 14.0, 11, , 2315, 0, 0, 0, , 0, 0, 0, 0, 0, 
623, 1, 630, 620, -1, 283, 283, 10.0, 13, ABplaapppa, 2075, 0, 0, 0, , 0, 0, 0, 0, 0, 
624, 0, 631, -1, -1, 251, 322, 19.0, 9, , 957, 0, 0, 0, , 0, 0, 0, 0, 0, 
625, 0, 632, -1, -1, 99, 316, 9.0, 11, , 974, 0, 0, 0, , 0, 0, 0, 0, 0, 
626, 1, 633, 623, -1, 115, 365, 19.0, 21, ABarppappp, 6575, 0, 0, 0, , 0, 0, 0, 0, 0, 
627, 1, 634, 624, -1, 341, 238, 26.0, 13, ABplaaaaapp, 4054, 0, 0, 0, , 0, 0, 0, 0, 0, 
628, 1, 635, 625, -1, 285, 187, 33.0, 15, MSppappa, 2914, 0, 0, 0, , 0, 0, 0, 0, 0, 
629, 1, 636, 626, -1, 292, 233, 32.0, 17, MSaaaaapaa, 3048, 0, 0, 0, , 0, 0, 0, 0, 0, 
630, 0, 637, -1, -1, 325, 247, 34.0, 13, , 866, 0, 0, 0, , 0, 0, 0, 0, 0, 
631, 0, 638, -1, -1, 228, 257, 13.0, 9, , 1046, 0, 0, 0, , 0, 0, 0, 0, 0, 
632, 0, 639, -1, -1, 261, 160, 28.0, 15, , 4683, 0, 0, 0, , 0, 0, 0, 0, 0, 
633, 0, 640, -1, -1, 147, 367, 26.0, 15, , 1308, 0, 0, 0, , 0, 0, 0, 0, 0, 
634, 1, 641, 631, -1, 272, 234, 15.0, 13, ABplpappaaa, 3917, 0, 0, 0, , 0, 0, 0, 0, 0, 
635, 0, 642, -1, -1, 258, 314, 16.0, 13, , 3586, 0, 0, 0, , 0, 0, 0, 0, 0, 
636, 1, 643, 633, -1, 234, 258, 19.0, 13, ABarapapppa, 3125, 0, 0, 0, , 0, 0, 0, 0, 0, 
637, 1, 644, 634, -1, 251, 162, 23.0, 11, ABpraapapppa, 3179, 0, 0, 0, , 0, 0, 0, 0, 0, 
638, 1, 645, 635, -1, 332, 291, 20.0, 11, ABalpppapppa, 2061, 0, 0, 0, , 0, 0, 0, 0, 0, 
639, 1, 646, 636, -1, 217, 312, 26.0, 15, Ealaav, 5168, 0, 0, 0, , 0, 0, 0, 0, 0, 
640, 0, 647, -1, -1, 111, 328, 30.0, 11, , 499, 0, 0, 0, , 0, 0, 0, 0, 0, 
641, 0, 648, -1, -1, 136, 333, 28.0, 11, , 720, 0, 0, 0, , 0, 0, 0, 0, 0, 
642, 0, 649, -1, -1, 253, 161, 28.0, 13, , 3633, 0, 0, 0, , 0, 0, 0, 0, 0, 
643, 1, 650, 640, -1, 254, 302, 18.0, 14, Daaaa, 3618, 0, 0, 0, , 0, 0, 0, 0, 0, 
644, 0, 651, -1, -1, 307, 230, 12.0, 11, , 2572, 0, 0, 0, , 0, 0, 0, 0, 0, 
645, 0, -1, -1, -1, 225, 249, 13.0, 9, , 1085, 0, 0, 0, , 0, 0, 0, 0, 0, 
646, 1, 653, 643, -1, 335, 243, 17.0, 11, ABalaaapalr, 2176, 0, 0, 0, , 0, 0, 0, 0, 0, 
647, 1, 654, 644, -1, 252, 226, 19.0, 15, ABarapaaaap, 8250, 0, 0, 0, , 0, 0, 0, 0, 0, 
648, 1, 655, 645, -1, 225, 172, 23.0, 13, ABpraaapppaa, 2732, 0, 0, 0, , 0, 0, 0, 0, 0, 
649, 1, 656, 646, -1, 238, 180, 30.0, 17, ABprapaaaap, 7056, 0, 0, 0, , 0, 0, 0, 0, 0, 
650, 0, 657, -1, -1, 164, 302, 30.0, 17, , 4160, 0, 0, 0, , 0, 0, 0, 0, 0, 
651, 0, 658, -1, -1, 325, 213, 34.0, 13, , 3191, 0, 0, 0, , 0, 0, 0, 0, 0, 
652, 1, 659, 649, -1, 265, 337, 24.0, 15, ABarppapaa, 5421, 0, 0, 0, , 0, 0, 0, 0, 0, 
653, 0, 660, -1, -1, 257, 248, 11.0, 15, , 3810, 0, 0, 0, , 0, 0, 0, 0, 0, 
654, 0, 661, -1, -1, 256, 328, 14.0, 13, , 2217, 0, 0, 0, , 0, 0, 0, 0, 0, 
655, 0, 662, -1, -1, 254, 157, 15.0, 9, , 513, 0, 0, 0, , 0, 0, 0, 0, 0, 
656, 1, 663, 653, -1, 238, 162, 20.0, 15, ABpraaappppa, 4272, 0, 0, 0, , 0, 0, 0, 0, 0, 
657, 0, 664, -1, -1, 133, 336, 20.0, 15, , 6606, 0, 0, 0, , 0, 0, 0, 0, 0, 
658, 0, 666, -1, -1, 308, 196, 26.0, 14, , 250, 0, 0, 0, , 0, 0, 0, 0, 0, 
659, 0, 667, -1, -1, 254, 320, 33.0, 11, , 2362, 0, 0, 0, , 0, 0, 0, 0, 0, 
660, 0, -1, -1, -1, 316, 167, 28.0, 11, , 524, 0, 0, 0, , 0, 0, 0, 0, 0, 
661, 1, 673, 658, -1, 142, 367, 28.0, 13, Cpaapp, 4549, 0, 0, 0, , 0, 0, 0, 0, 0, 
662, 0, -1, -1, -1, 272, 230, 36.0, 11, , 703, 0, 0, 0, , 0, 0, 0, 0, 0, 
663, 0, -1, -1, -1, 236, 157, 26.0, 9, , 984, 0, 0, 0, , 0, 0, 0, 0, 0, 
664, 1, 668, 669, -1, 221, 340, 33.0, 15, Cpaaap, 0, 0, 0, 0, , 0, 0, 0, 0, 0, 
665, 0, 669, -1, -1, 268, 179, 18.0, 13, , 0, 0, 0, 0, , 0, 0, 0, 0, 0, 
666, 1, 670, 671, -1, 269, 240, 18.571428, 14, ABalpappapa, 5075, 0, 0, 0, , 0, 0, 0, 0, 0, 
667, 1, 671, 672, -1, 184, 329, 33.0, 14, Dapppp, 2242, 0, 0, 0, , 0, 0, 0, 0, 0, 
668, 1, 672, 674, -1, 173, 260, 33.0, 13, Dppppp, 0, 0, 0, 0, , 0, 0, 0, 0, 0, 
669, 1, 674, 675, -1, 128, 250, 33.0, 15, Caaapa, 0, 0, 0, 0, , 0, 0, 0, 0, 0, 
670, 0, 675, -1, -1, 197, 215, 27.454546, 11, , 1251, 0, 0, 0, , 0, 0, 0, 0, 0, 
671, 1, 513, 666, -1, 274, 288, 27.5, 11, MSaaapaap, 1446, 0, 0, 0, , 0, 0, 0, 0, 0, 
672, 1, 281, 677, -1, 136, 336, 18.333334, 11, MSappaap, 1360, 0, 0, 0, , 0, 0, 0, 0, 0, 
673, 1, 676, 678, -1, 113, 323, 33.0, 15, Nuc335_33_109_319, 0, 0, 0, 0, , 0, 0, 0, 0, 0, 
674, 1, 677, 679, -1, 256, 311, 34.0, 15, Cpaaaa, 0, 0, 0, 0, , 0, 0, 0, 0, 0, 
675, 1, 678, 680, -1, 163, 237, 33.0, 15, Caaaap, 0, 0, 0, 0, , 0, 0, 0, 0, 0, 
676, 1, 679, 681, -1, 240, 333, 30.363636, 12, Caaaaa, 541, 0, 0, 0, , 0, 0, 0, 0, 0, 
677, 1, 680, 684, -1, 251, 211, 13.0, 15, ABprpapaapp, 2831, 0, 0, 0, , 0, 0, 0, 0, 0, 
678, 1, 220, 661, -1, 274, 181, 27.0, 16, ABpraaapapa, 3895, 0, 0, 0, , 0, 0, 0, 0, 0, 
679, 0, 681, -1, -1, 268, 216, 23.428572, 15, , 3581, 0, 0, 0, , 0, 0, 0, 0, 0, 
680, 1, 682, 686, -1, 249, 252, 19.0, 13, ABalpappppa, 1865, 0, 0, 0, , 0, 0, 0, 0, 0, 
681, 1, 683, 687, -1, 299, 176, 24.0, 15, ABalappappp, 0, 0, 0, 0, , 0, 0, 0, 0, 0, 
682, 0, 684, -1, -1, 338, 223, 25.0, 15, , 0, 0, 0, 0, , 0, 0, 0, 0, 0, 
683, 0, 685, -1, -1, 292, 192, 15.25, 12, , 596, 0, 0, 0, , 0, 0, 0, 0, 0, 
684, 1, 686, 690, -1, 75, 285, 13.0, 13, ABprppppppp, 0, 0, 0, 0, , 0, 0, 0, 0, 0, 
685, 0, -1, -1, -1, 224, 225, 12.0, 13, , 0, 0, 0, 0, , 0, 0, 0, 0, 0, 
686, 1, 688, 692, -1, 230, 213, 13.0, 15, ABprpaapppa, 0, 0, 0, 0, , 0, 0, 0, 0, 0, 
687, 1, 681, 685, -1, 265, 216, 24.0, 15, ABaraaaaapp, 3581, 0, 0, 0, , 0, 0, 0, 0, 0, 
688, 1, 114, 693, -1, 278, 261, 12.0, 11, ABplpapaapp, 3762, 0, 0, 0, , 0, 0, 0, 0, 0, 
689, 1, 689, 662, -1, 222, 229, 12.666667, 13, ABprpapapap, 0, 0, 0, 0, , 0, 0, 0, 0, 0, 
690, 1, 690, 694, -1, 112, 306, 10.0, 15, ABplpppapap, 0, 0, 0, 0, , 0, 0, 0, 0, 0, 
691, 1, 691, 695, -1, 269, 177, 18.0, 13, ABalaappapa, 0, 0, 0, 0, , 0, 0, 0, 0, 0, 
692, 0, 692, -1, -1, 344, 281, 23.714287, 13, , 0, 0, 0, 0, , 0, 0, 0, 0, 0, 
693, 1, 693, 697, -1, 103, 286, 12.666667, 13, Caapaa, 0, 0, 0, 0, , 0, 0, 0, 0, 0, 
694, 1, 695, 698, -1, 296, 193, 15.0, 13, ABpraaaaaap, 0, 0, 0, 0, , 0, 0, 0, 0, 0, 
695, 1, 696, 699, -1, 257, 321, 17.0, 16, ABplppaaaap, 0, 0, 0, 0, , 0, 0, 0, 0, 0, 
696, 1, 697, 700, -1, 215, 254, 15.0, 15, ABplpappaap, 0, 0, 0, 0, , 0, 0, 0, 0, 0, 
697, 1, 698, 701, -1, 225, 224, 26.0, 13, ABaraapppaa, 0, 0, 0, 0, , 0, 0, 0, 0, 0, 
698, 1, 699, 702, -1, 321, 272, 18.0, 13, ABalppaaapa, 0, 0, 0, 0, , 0, 0, 0, 0, 0, 
699, 1, 700, 703, -1, 292, 253, 26.0, 13, ABalpaapaap, 0, 0, 0, 0, , 0, 0, 0, 0, 0, 
700, 0, 701, -1, -1, 277, 269, 30.0, 16, , 0, 0, 0, 0, , 0, 0, 0, 0, 0, 
701, 1, 702, 705, -1, 303, 227, 18.0, 13, ABalpaappap, 0, 0, 0, 0, , 0, 0, 0, 0, 0, 
702, 1, 703, 706, -1, 333, 247, 24.0, 13, ABalapaaapa, 0, 0, 0, 0, , 0, 0, 0, 0, 0, 
703, 1, 704, 708, -1, 283, 185, 21.0, 13, ABalaappppa, 0, 0, 0, 0, , 0, 0, 0, 0, 0, 
704, 1, 705, 709, -1, 290, 183, 16.0, 11, ABalaappapp, 0, 0, 0, 0, , 0, 0, 0, 0, 0, 
705, 1, 706, 710, -1, 301, 181, 17.0, 15, ABalaaapprl, 0, 0, 0, 0, , 0, 0, 0, 0, 0, 
706, 0, 707, -1, -1, 336, 227, 31.0, 11, , 0, 0, 0, 0, , 0, 0, 0, 0, 0, 
707, 1, 708, 712, -1, 329, 276, 30.0, 13, Nuc345_30_328_275, 0, 0, 0, 0, , 0, 0, 0, 0, 0, 
708, 1, 709, 713, -1, 296, 184, 29.0, 13, ABalapppppp, 0, 0, 0, 0, , 0, 0, 0, 0, 0, 
709, 1, 710, 714, -1, 308, 259, 18.0, 13, ABalppappap, 0, 0, 0, 0, , 0, 0, 0, 0, 0, 
710, 0, 712, -1, -1, 294, 311, 10.191011, 12, , 0, 0, 0, 0, , 0, 0, 0, 0, 0, 
711, 1, 713, 716, -1, 269, 201, 13.0, 13, ABalaapappp, 0, 0, 0, 0, , 0, 0, 0, 0, 0, 
712, 1, 714, 717, -1, 318, 237, 26.0, 15, ABalapappaa, 0, 0, 0, 0, , 0, 0, 0, 0, 0, 
713, 1, 715, 718, -1, 285, 230, 15.0, 12, ABprpappaaa, 4088, 0, 0, 0, , 0, 0, 0, 0, 0, 
714, 1, 717, 80, -1, 289, 197, 25.333334, 13, ABalaapaaar, 3799, 0, 0, 0, , 0, 0, 0, 0, 0, 
715, 1, 718, 720, -1, 318, 181, 27.0, 13, ABarpapaappa, 0, 0, 0, 0, , 0, 0, 0, 0, 0, 
716, 1, 719, 722, -1, 122, 303, 29.0, 15, Eprap, 0, 0, 0, 0, , 0, 0, 0, 0, 0, 
717, 1, 720, 723, -1, 120, 304, 31.0, 15, Cpaapa, 0, 0, 0, 0, , 0, 0, 0, 0, 0, 
718, 1, 721, 724, -1, 253, 205, 18.0, 13, MSppaaaav, 0, 0, 0, 0, , 0, 0, 0, 0, 0, 
719, 1, 722, 725, -1, 224, 191, 11.0, 13, ABprppaapaa, 0, 0, 0, 0, , 0, 0, 0, 0, 0, 
720, 1, 164, 726, -1, 241, 227, 14.5, 12, ABprpapaaaa, 10234, 0, 0, 0, , 0, 0, 0, 0, 0, 
721, 1, 723, 727, -1, 81, 241, 21.333334, 12, ABprapppaap, 5107, 0, 0, 0, , 0, 0, 0, 0, 0, 
