1, 1, 1, 1, -1, 279, 218, 27.0, 15, ABaraaapaap, 4170, 0, 0, 0, , 0, 0, 0, 0, 0, 
2, 1, 2, 2, -1, 237, 216, 28.0, 13, ABaraaapapp, 3719, 0, 0, 0, , 0, 0, 0, 0, 0, 
3, 1, 3, 3, -1, 224, 228, 21.0, 15, ABaraappppp, 5533, 0, 0, 0, , 0, 0, 0, 0, 0, 
4, 1, 4, 4, -1, 258, 293, 23.0, 15, ABaraapappa, 6912, 0, 0, 0, , 0, 0, 0, 0, 0, 
5, 1, 5, 5, -1, 255, 279, 20.0, 15, ABaraapappp, 8966, 0, 0, 0, , 0, 0, 0, 0, 0, 
6, 1, 6, 6, -1, 265, 297, 28.0, 15, ABaraapapap, 7284, 0, 0, 0, , 0, 0, 0, 0, 0, 
7, 1, 7, 7, -1, 296, 234, 26.0, 13, ABaraapaaaa, 8029, 0, 0, 0, , 0, 0, 0, 0, 0, 
8, 1, 8, 8, -1, 302, 245, 29.0, 15, ABaraapaaap, 7304, 0, 0, 0, , 0, 0, 0, 0, 0, 
9, 1, 9, 9, -1, 287, 271, 31.0, 15, MSaaaaapp, 6538, 0, 0, 0, , 0, 0, 0, 0, 0, 
10, 1, 10, 10, -1, 298, 255, 30.0, 13, ABaraapaapa, 9271, 0, 0, 0, , 0, 0, 0, 0, 0, 
11, 1, 11, 11, -1, 307, 211, 22.0, 11, ABaraaappaa, 2314, 0, 0, 0, , 0, 0, 0, 0, 0, 
12, 1, 12, 12, -1, 309, 205, 20.0, 15, ABaraaapppa, 5406, 0, 0, 0, , 0, 0, 0, 0, 0, 
13, 1, 13, 13, -1, 304, 193, 21.0, 11, ABaraaapppp, 3776, 0, 0, 0, , 0, 0, 0, 0, 0, 
14, 1, 14, 14, -1, 293, 216, 24.0, 11, ABaraaapaaa, 5328, 0, 0, 0, , 0, 0, 0, 0, 0, 
15, 1, 15, 15, -1, 236, 233, 30.0, 15, ABaraappapp, 5550, 0, 0, 0, , 0, 0, 0, 0, 0, 
16, 1, 16, 16, -1, 297, 258, 23.0, 15, ABaraaaaaap, 5996, 0, 0, 0, , 0, 0, 0, 0, 0, 
17, 1, 17, 17, -1, 272, 246, 26.0, 9, ABaraaaapp, 784, 0, 0, 0, , 0, 0, 0, 0, 0, 
18, 1, 18, 18, -1, 309, 226, 23.0, 11, ABaraaaapaa, 3056, 0, 0, 0, , 0, 0, 0, 0, 0, 
19, 1, 19, 19, -1, 211, 261, 20.0, 11, ABalpappapp, 4484, 0, 0, 0, , 0, 0, 0, 0, 0, 
20, 1, 20, 20, -1, 250, 211, 22.0, 19, ABarapapaap, 15389, 0, 0, 0, , 0, 0, 0, 0, 0, 
21, 0, 21, -1, -1, 268, 243, 14.0, 11, , 3540, 0, 0, 0, , 0, 0, 0, 0, 0, 
22, 1, 22, 22, -1, 244, 210, 24.0, 15, ABarapappaa, 5013, 0, 0, 0, , 0, 0, 0, 0, 0, 
23, 1, 23, 23, -1, 284, 220, 11.0, 11, ABalaapappa, 2726, 0, 0, 0, , 0, 0, 0, 0, 0, 
24, 1, 24, 24, -1, 280, 234, 21.0, 13, ABarapaaapp, 7588, 0, 0, 0, , 0, 0, 0, 0, 0, 
25, 1, 25, 25, -1, 262, 212, 26.0, 13, ABarapaapap, 8909, 0, 0, 0, , 0, 0, 0, 0, 0, 
26, 1, 26, 26, -1, 261, 228, 27.0, 11, ABarapaapaa, 6088, 0, 0, 0, , 0, 0, 0, 0, 0, 
27, 1, 27, 27, -1, 266, 220, 13.0, 13, ABarapppapa, 4541, 0, 0, 0, , 0, 0, 0, 0, 0, 
28, 1, 28, 28, -1, 294, 202, 11.0, 13, ABarapppapp, 6968, 0, 0, 0, , 0, 0, 0, 0, 0, 
29, 1, 29, 29, -1, 276, 194, 20.0, 13, ABarapppaaa, 9351, 0, 0, 0, , 0, 0, 0, 0, 0, 
30, 1, 30, 30, -1, 297, 207, 13.0, 11, ABarapppaap, 3637, 0, 0, 0, , 0, 0, 0, 0, 0, 
31, 1, 31, 31, -1, 254, 178, 20.0, 11, ABalaapppap, 2580, 0, 0, 0, , 0, 0, 0, 0, 0, 
32, 1, 32, 32, -1, 278, 209, 12.0, 13, ABarapppppa, 3346, 0, 0, 0, , 0, 0, 0, 0, 0, 
33, 1, 33, 33, -1, 277, 208, 15.0, 13, ABarapppppp, 8084, 0, 0, 0, , 0, 0, 0, 0, 0, 
34, 1, 34, 34, -1, 292, 203, 18.0, 13, ABarappaaaa, 8883, 0, 0, 0, , 0, 0, 0, 0, 0, 
35, 1, 35, 35, -1, 294, 221, 14.0, 13, ABarappaapa, 6586, 0, 0, 0, , 0, 0, 0, 0, 0, 
36, 1, 36, 36, -1, 261, 223, 15.0, 15, ABarappapaa, 13485, 0, 0, 0, , 0, 0, 0, 0, 0, 
37, 1, 37, 37, -1, 230, 210, 11.0, 17, ABarappappp, 9495, 0, 0, 0, , 0, 0, 0, 0, 0, 
38, 1, 38, 38, -1, 216, 229, 11.0, 13, ABprpapappa, 4057, 0, 0, 0, , 0, 0, 0, 0, 0, 
39, 1, 39, 39, -1, 283, 157, 23.0, 15, ABarpapppa, 4654, 0, 0, 0, , 0, 0, 0, 0, 0, 
40, 0, 40, -1, -1, 322, 179, 27.0, 11, , 2625, 0, 0, 0, , 0, 0, 0, 0, 0, 
41, 1, 41, 41, -1, 348, 192, 21.0, 15, ABarpapapa, 3557, 0, 0, 0, , 0, 0, 0, 0, 0, 
42, 1, 42, 42, -1, 349, 187, 29.0, 15, ABarpaapaa, 6651, 0, 0, 0, , 0, 0, 0, 0, 0, 
43, 1, 43, 43, -1, 350, 201, 23.0, 15, ABarpaaaaar, 4084, 0, 0, 0, , 0, 0, 0, 0, 0, 
44, 1, 44, 44, -1, 348, 209, 26.0, 11, ABarpaaaapa, 3011, 0, 0, 0, , 0, 0, 0, 0, 0, 
45, 1, 45, 45, -1, 351, 181, 25.0, 13, ABarpaaapp, 3736, 0, 0, 0, , 0, 0, 0, 0, 0, 
46, 1, 46, 46, -1, 336, 203, 26.0, 11, ABarpaaapaa, 3013, 0, 0, 0, , 0, 0, 0, 0, 0, 
47, 1, 47, 47, -1, 334, 176, 25.0, 13, ABarpaaapap, 2685, 0, 0, 0, , 0, 0, 0, 0, 0, 
48, 1, 48, 48, -1, 289, 325, 22.0, 15, ABarppaaap, 7730, 0, 0, 0, , 0, 0, 0, 0, 0, 
49, 1, 49, 49, -1, 260, 320, 26.0, 17, ABarppaapp, 7960, 0, 0, 0, , 0, 0, 0, 0, 0, 
50, 1, 50, 50, -1, 175, 360, 25.0, 17, ABarppappa, 6063, 0, 0, 0, , 0, 0, 0, 0, 0, 
51, 1, 51, 51, -1, 244, 343, 23.0, 17, ABarppapap, 16910, 0, 0, 0, , 0, 0, 0, 0, 0, 
52, 1, 52, 52, -1, 134, 239, 30.0, 15, ABarpppppa, 3976, 0, 0, 0, , 0, 0, 0, 0, 0, 
53, 1, 53, 53, -1, 197, 194, 29.0, 17, ABarppppaa, 5592, 0, 0, 0, , 0, 0, 0, 0, 0, 
54, 1, 54, 54, -1, 180, 214, 30.0, 17, ABarppppap, 38481, 0, 0, 0, , 0, 0, 0, 0, 0, 
55, 1, 55, 55, -1, 219, 173, 28.0, 11, ABarpppaap, 1084, 0, 0, 0, , 0, 0, 0, 0, 0, 
56, 1, 56, 56, -1, 315, 214, 28.0, 11, ABalapppaap, 749, 0, 0, 0, , 0, 0, 0, 0, 0, 
57, 1, 57, 57, -1, 318, 227, 29.0, 11, ABalapppaaa, 2552, 0, 0, 0, , 0, 0, 0, 0, 0, 
58, 1, 58, 58, -1, 347, 221, 33.0, 13, ABarpapapp, 4839, 0, 0, 0, , 0, 0, 0, 0, 0, 
59, 0, -1, -1, -1, 293, 182, 33.0, 11, , 810, 0, 0, 0, , 0, 0, 0, 0, 0, 
60, 0, 60, -1, -1, 329, 272, 25.0, 13, , 3344, 0, 0, 0, , 0, 0, 0, 0, 0, 
61, 1, 61, 61, -1, 340, 228, 30.0, 13, ABalapapapp, 3160, 0, 0, 0, , 0, 0, 0, 0, 0, 
62, 0, 62, -1, -1, 345, 216, 34.0, 13, , 4394, 0, 0, 0, , 0, 0, 0, 0, 0, 
63, 1, 63, 63, -1, 329, 296, 26.0, 13, ABalapaaaap, 3698, 0, 0, 0, , 0, 0, 0, 0, 0, 
64, 0, 64, -1, -1, 332, 281, 29.0, 13, , 3316, 0, 0, 0, , 0, 0, 0, 0, 0, 
65, 0, 65, -1, -1, 280, 191, 23.0, 11, , 819, 0, 0, 0, , 0, 0, 0, 0, 0, 
66, 1, 66, 66, -1, 284, 177, 19.0, 11, ABalaapaapa, 3321, 0, 0, 0, , 0, 0, 0, 0, 0, 
67, 1, 67, 67, -1, 307, 185, 15.0, 11, ABalaappaa, 2041, 0, 0, 0, , 0, 0, 0, 0, 0, 
68, 1, 68, 68, -1, 269, 182, 21.0, 13, ABarappppaa, 5356, 0, 0, 0, , 0, 0, 0, 0, 0, 
69, 1, 69, 69, -1, 250, 171, 17.0, 15, ABalaapppaa, 6644, 0, 0, 0, , 0, 0, 0, 0, 0, 
70, 1, 70, 70, -1, 299, 200, 25.0, 13, ABalaaaarrp, 4106, 0, 0, 0, , 0, 0, 0, 0, 0, 
71, 1, 71, 71, -1, 296, 189, 18.0, 11, ABalaapaapp, 4659, 0, 0, 0, , 0, 0, 0, 0, 0, 
72, 0, 72, -1, -1, 320, 178, 19.0, 13, , 3821, 0, 0, 0, , 0, 0, 0, 0, 0, 
73, 1, 73, 73, -1, 323, 243, 24.0, 11, ABalaaaarlp, 2755, 0, 0, 0, , 0, 0, 0, 0, 0, 
74, 1, 74, 74, -1, 344, 230, 21.0, 15, ABalaaaparl, 6173, 0, 0, 0, , 0, 0, 0, 0, 0, 
75, 1, 75, 75, -1, 327, 243, 18.0, 11, ABalaaaalpp, 3317, 0, 0, 0, , 0, 0, 0, 0, 0, 
76, 1, 76, 76, -1, 338, 188, 24.0, 11, ABpraapaaap, 4514, 0, 0, 0, , 0, 0, 0, 0, 0, 
77, 1, 77, 77, -1, 288, 194, 26.0, 11, ABalaapaaal, 2465, 0, 0, 0, , 0, 0, 0, 0, 0, 
78, 1, 78, 78, -1, 292, 168, 16.0, 17, ABpraaaaapv, 5047, 0, 0, 0, , 0, 0, 0, 0, 0, 
79, 1, 80, 79, -1, 330, 220, 33.0, 15, ABalappaap, 3929, 0, 0, 0, , 0, 0, 0, 0, 0, 
80, 0, 81, -1, -1, 108, 302, 10.0, 11, , 1810, 0, 0, 0, , 0, 0, 0, 0, 0, 
81, 1, 82, 81, -1, 116, 290, 12.0, 15, ABplppppapp, 4080, 0, 0, 0, , 0, 0, 0, 0, 0, 
82, 1, 83, 82, -1, 131, 304, 16.0, 13, ABplppppaaa, 4158, 0, 0, 0, , 0, 0, 0, 0, 0, 
83, 1, 84, 83, -1, 117, 298, 16.0, 13, ABplppppaap, 3787, 0, 0, 0, , 0, 0, 0, 0, 0, 
84, 1, 85, 84, -1, 78, 301, 13.0, 13, ABplppppppp, 4384, 0, 0, 0, , 0, 0, 0, 0, 0, 
85, 1, 86, 85, -1, 92, 299, 12.0, 11, ABplppppppa, 2844, 0, 0, 0, , 0, 0, 0, 0, 0, 
86, 1, 87, 86, -1, 113, 334, 18.0, 15, ABplpppppap, 5802, 0, 0, 0, , 0, 0, 0, 0, 0, 
87, 1, 88, 87, -1, 118, 316, 17.0, 13, ABplpppppaa, 5258, 0, 0, 0, , 0, 0, 0, 0, 0, 
88, 1, 89, 88, -1, 116, 317, 11.0, 13, ABplpppapaa, 4147, 0, 0, 0, , 0, 0, 0, 0, 0, 
89, 1, 90, 89, -1, 117, 323, 14.0, 11, ABplpppaapp, 4378, 0, 0, 0, , 0, 0, 0, 0, 0, 
90, 1, 91, 90, -1, 146, 295, 10.0, 15, ABplpppaaaa, 5308, 0, 0, 0, , 0, 0, 0, 0, 0, 
91, 1, 92, 91, -1, 156, 310, 14.0, 15, ABplpppaaap, 5528, 0, 0, 0, , 0, 0, 0, 0, 0, 
92, 1, 93, 92, -1, 151, 299, 15.0, 13, ABplppapppp, 3864, 0, 0, 0, , 0, 0, 0, 0, 0, 
93, 1, 94, 93, -1, 179, 289, 14.0, 11, ABplppapppa, 3463, 0, 0, 0, , 0, 0, 0, 0, 0, 
94, 1, 95, 94, -1, 208, 284, 14.0, 19, ABplppappap, 9672, 0, 0, 0, , 0, 0, 0, 0, 0, 
95, 1, 96, 95, -1, 214, 277, 12.0, 11, ABplppappaa, 4849, 0, 0, 0, , 0, 0, 0, 0, 0, 
96, 1, 97, 96, -1, 196, 294, 14.0, 13, ABplppapapa, 5431, 0, 0, 0, , 0, 0, 0, 0, 0, 
97, 1, 98, 97, -1, 174, 300, 16.0, 13, ABplppapapp, 3509, 0, 0, 0, , 0, 0, 0, 0, 0, 
98, 1, 99, 98, -1, 162, 293, 14.0, 11, ABplppaappp, 3887, 0, 0, 0, , 0, 0, 0, 0, 0, 
99, 0, 100, -1, -1, 282, 227, 15.0, 13, , 3828, 0, 0, 0, , 0, 0, 0, 0, 0, 
100, 1, 101, 100, -1, 196, 271, 19.0, 13, MSaappap, 6681, 0, 0, 0, , 0, 0, 0, 0, 0, 
101, 1, 102, 101, -1, 107, 286, 15.0, 13, ABplpappppp, 3031, 0, 0, 0, , 0, 0, 0, 0, 0, 
102, 1, 103, 102, -1, 126, 285, 16.0, 13, ABplpappppa, 3993, 0, 0, 0, , 0, 0, 0, 0, 0, 
103, 1, 104, 103, -1, 128, 294, 13.0, 13, ABplpapppaa, 1682, 0, 0, 0, , 0, 0, 0, 0, 0, 
104, 1, 105, 104, -1, 119, 267, 16.0, 13, ABplpapppap, 6184, 0, 0, 0, , 0, 0, 0, 0, 0, 
105, 1, 106, 105, -1, 239, 261, 12.0, 13, ABplpapappa, 2974, 0, 0, 0, , 0, 0, 0, 0, 0, 
106, 1, 107, 106, -1, 163, 293, 16.0, 11, ABprppapppa, 1661, 0, 0, 0, , 0, 0, 0, 0, 0, 
107, 1, 108, 107, -1, 235, 270, 14.0, 15, ABplpapapap, 4691, 0, 0, 0, , 0, 0, 0, 0, 0, 
108, 1, 109, 108, -1, 231, 282, 15.0, 11, ABplpapapaa, 3485, 0, 0, 0, , 0, 0, 0, 0, 0, 
109, 1, 110, 109, -1, 266, 255, 13.0, 15, ABplpapaapa, 2703, 0, 0, 0, , 0, 0, 0, 0, 0, 
110, 1, 111, 110, -1, 248, 259, 14.0, 11, ABplpapaaap, 2229, 0, 0, 0, , 0, 0, 0, 0, 0, 
111, 1, 112, 111, -1, 262, 261, 15.0, 15, ABplpapaaaa, 4284, 0, 0, 0, , 0, 0, 0, 0, 0, 
112, 1, 113, 112, -1, 216, 289, 15.0, 13, ABplppapaap, 2855, 0, 0, 0, , 0, 0, 0, 0, 0, 
113, 0, 114, -1, -1, 333, 277, 17.0, 13, , 5033, 0, 0, 0, , 0, 0, 0, 0, 0, 
114, 1, 115, 114, -1, 318, 277, 16.0, 13, ABplpaaaaaa, 6469, 0, 0, 0, , 0, 0, 0, 0, 0, 
115, 1, 116, 115, -1, 309, 248, 10.0, 15, ABplpaapapp, 8179, 0, 0, 0, , 0, 0, 0, 0, 0, 
116, 0, 117, -1, -1, 313, 256, 17.0, 17, , 6299, 0, 0, 0, , 0, 0, 0, 0, 0, 
117, 1, 118, 117, -1, 278, 314, 18.0, 13, ABplpaappap, 4934, 0, 0, 0, , 0, 0, 0, 0, 0, 
118, 1, 119, 118, -1, 275, 300, 16.0, 13, ABplpaappaa, 4782, 0, 0, 0, , 0, 0, 0, 0, 0, 
119, 0, 120, -1, -1, 282, 258, 11.0, 17, , 11027, 0, 0, 0, , 0, 0, 0, 0, 0, 
120, 1, 121, 120, -1, 290, 311, 16.0, 13, ABplpaapaap, 6429, 0, 0, 0, , 0, 0, 0, 0, 0, 
121, 0, 122, -1, -1, 304, 292, 21.0, 9, , 2238, 0, 0, 0, , 0, 0, 0, 0, 0, 
122, 1, 123, 122, -1, 356, 253, 21.0, 13, ABplpaapapa, 7109, 0, 0, 0, , 0, 0, 0, 0, 0, 
123, 1, 124, 123, -1, 335, 210, 22.0, 11, ABplaapaaaa, 3652, 0, 0, 0, , 0, 0, 0, 0, 0, 
124, 1, 125, 124, -1, 358, 217, 23.0, 11, ABplaapaaap, 3705, 0, 0, 0, , 0, 0, 0, 0, 0, 
125, 1, 126, 125, -1, 344, 261, 21.0, 15, ABplaapaapa, 3027, 0, 0, 0, , 0, 0, 0, 0, 0, 
126, 1, 127, 126, -1, 306, 308, 24.0, 15, ABplaapapppa, 4348, 0, 0, 0, , 0, 0, 0, 0, 0, 
127, 1, 128, 127, -1, 287, 312, 24.0, 15, ABplaapapppp, 3660, 0, 0, 0, , 0, 0, 0, 0, 0, 
128, 1, 129, 128, -1, 280, 294, 21.0, 13, ABplaapappa, 5020, 0, 0, 0, , 0, 0, 0, 0, 0, 
129, 1, 130, 129, -1, 277, 307, 25.0, 15, ABplaapapap, 4666, 0, 0, 0, , 0, 0, 0, 0, 0, 
130, 1, 131, 130, -1, 270, 304, 22.0, 13, ABplaapapaa, 5252, 0, 0, 0, , 0, 0, 0, 0, 0, 
131, 1, 132, 131, -1, 323, 262, 30.0, 15, MSapaaap, 5153, 0, 0, 0, , 0, 0, 0, 0, 0, 
132, 0, 133, -1, -1, 354, 234, 24.0, 11, , 1861, 0, 0, 0, , 0, 0, 0, 0, 0, 
133, 1, 134, 133, -1, 347, 224, 27.0, 13, ABplaaaaaaa, 4781, 0, 0, 0, , 0, 0, 0, 0, 0, 
134, 1, 135, 134, -1, 354, 211, 30.0, 13, ABplaaaapp, 3523, 0, 0, 0, , 0, 0, 0, 0, 0, 
135, 1, 732, 135, -1, 359, 270, 19.0, 13, ABplaaappa, 1673, 0, 0, 0, , 0, 0, 0, 0, 0, 
136, 0, 137, -1, -1, 340, 279, 21.0, 15, , 6777, 0, 0, 0, , 0, 0, 0, 0, 0, 
137, 0, 138, -1, -1, 337, 293, 23.0, 13, , 3444, 0, 0, 0, , 0, 0, 0, 0, 0, 
138, 1, 139, 138, -1, 342, 289, 24.0, 13, ABplaaappp, 4020, 0, 0, 0, , 0, 0, 0, 0, 0, 
139, 1, 140, 139, -1, 348, 232, 16.0, 13, ABplaaapaa, 5044, 0, 0, 0, , 0, 0, 0, 0, 0, 
140, 1, 141, 140, -1, 128, 296, 9.0, 17, ABplappppa, 8053, 0, 0, 0, , 0, 0, 0, 0, 0, 
141, 1, 142, 141, -1, 85, 327, 12.0, 15, ABplappppp, 6424, 0, 0, 0, , 0, 0, 0, 0, 0, 
142, 1, 143, 142, -1, 117, 340, 13.0, 13, ABplapppaaa, 4767, 0, 0, 0, , 0, 0, 0, 0, 0, 
143, 1, 144, 143, -1, 103, 325, 14.0, 11, ABplapppapp, 2832, 0, 0, 0, , 0, 0, 0, 0, 0, 
144, 1, 145, 144, -1, 98, 336, 11.0, 11, ABplapppapa, 2763, 0, 0, 0, , 0, 0, 0, 0, 0, 
145, 1, 146, 145, -1, 223, 338, 19.0, 17, ABplappaaa, 9116, 0, 0, 0, , 0, 0, 0, 0, 0, 
146, 1, 147, 146, -1, 195, 350, 20.0, 17, ABplappaap, 8702, 0, 0, 0, , 0, 0, 0, 0, 0, 
147, 1, 148, 147, -1, 171, 352, 19.0, 17, ABplappapp, 8091, 0, 0, 0, , 0, 0, 0, 0, 0, 
148, 1, 149, 148, -1, 206, 354, 25.0, 17, ABplappapa, 7978, 0, 0, 0, , 0, 0, 0, 0, 0, 
149, 1, 150, 149, -1, 241, 331, 16.0, 17, ABplapaapp, 8814, 0, 0, 0, , 0, 0, 0, 0, 0, 
150, 1, 151, 150, -1, 243, 273, 10.0, 15, ABplapaapa, 8891, 0, 0, 0, , 0, 0, 0, 0, 0, 
151, 1, 152, 151, -1, 320, 288, 30.0, 13, ABarppaaaa, 5661, 0, 0, 0, , 0, 0, 0, 0, 0, 
152, 1, 153, 152, -1, 257, 322, 22.0, 13, ABplapaaapp, 6087, 0, 0, 0, , 0, 0, 0, 0, 0, 
153, 1, 155, 153, -1, 143, 353, 16.0, 17, ABplapapap, 7183, 0, 0, 0, , 0, 0, 0, 0, 0, 
154, 1, 156, 154, -1, 131, 343, 13.0, 15, ABplapappa, 9014, 0, 0, 0, , 0, 0, 0, 0, 0, 
155, 1, 157, 155, -1, 140, 365, 21.0, 17, ABplapapaa, 8190, 0, 0, 0, , 0, 0, 0, 0, 0, 
156, 1, 158, 156, -1, 235, 229, 13.0, 11, ABprpapaaap, 5610, 0, 0, 0, , 0, 0, 0, 0, 0, 
157, 1, 159, 157, -1, 146, 293, 14.0, 15, ABprpapappp, 2629, 0, 0, 0, , 0, 0, 0, 0, 0, 
158, 1, 160, 158, -1, 216, 226, 15.0, 13, ABprpapapaa, 4297, 0, 0, 0, , 0, 0, 0, 0, 0, 
159, 1, 161, 159, -1, 93, 303, 17.0, 15, Eplppa, 6032, 0, 0, 0, , 0, 0, 0, 0, 0, 
160, 1, 162, 160, -1, 95, 279, 18.0, 13, ABprpappppa, 4032, 0, 0, 0, , 0, 0, 0, 0, 0, 
161, 1, 163, 161, -1, 186, 285, 12.0, 15, ABprpappapp, 3044, 0, 0, 0, , 0, 0, 0, 0, 0, 
162, 0, 164, -1, -1, 252, 240, 14.0, 13, , 3734, 0, 0, 0, , 0, 0, 0, 0, 0, 
163, 1, 165, 163, -1, 287, 225, 17.0, 13, ABarapapapa, 6418, 0, 0, 0, , 0, 0, 0, 0, 0, 
164, 1, 166, 164, -1, 228, 181, 16.0, 13, ABprpaaaaap, 8492, 0, 0, 0, , 0, 0, 0, 0, 0, 
165, 1, 167, 165, -1, 240, 184, 19.0, 13, ABpraaappaa, 4604, 0, 0, 0, , 0, 0, 0, 0, 0, 
166, 1, 168, 166, -1, 186, 264, 12.0, 15, ABprpaaaapp, 5836, 0, 0, 0, , 0, 0, 0, 0, 0, 
167, 1, 169, 167, -1, 237, 236, 10.0, 15, ABprpaaaapa, 5715, 0, 0, 0, , 0, 0, 0, 0, 0, 
168, 1, 170, 168, -1, 263, 187, 18.0, 13, ABprpaaaaaa, 5897, 0, 0, 0, , 0, 0, 0, 0, 0, 
169, 1, 171, 169, -1, 250, 208, 13.0, 15, ABprpapaapp, 5024, 0, 0, 0, , 0, 0, 0, 0, 0, 
170, 1, 172, 170, -1, 246, 217, 14.0, 13, ABprpapaapa, 2699, 0, 0, 0, , 0, 0, 0, 0, 0, 
171, 1, 173, 171, -1, 256, 193, 15.0, 13, ABprpaaappp, 4953, 0, 0, 0, , 0, 0, 0, 0, 0, 
172, 1, 174, 172, -1, 285, 183, 12.0, 13, ABprpaaapap, 3686, 0, 0, 0, , 0, 0, 0, 0, 0, 
173, 1, 175, 173, -1, 215, 173, 20.0, 13, ABprpaapaap, 6440, 0, 0, 0, , 0, 0, 0, 0, 0, 
174, 1, 176, 174, -1, 305, 167, 23.0, 13, ABprpaapapa, 4590, 0, 0, 0, , 0, 0, 0, 0, 0, 
175, 0, 177, -1, -1, 272, 194, 13.0, 13, , 2822, 0, 0, 0, , 0, 0, 0, 0, 0, 
176, 1, 178, 176, -1, 260, 200, 11.0, 17, ABprpaapppp, 9202, 0, 0, 0, , 0, 0, 0, 0, 0, 
177, 1, 179, 177, -1, 212, 186, 22.0, 13, ABprpaappap, 4692, 0, 0, 0, , 0, 0, 0, 0, 0, 
178, 1, 180, 178, -1, 225, 186, 19.0, 13, ABprpaappaa, 5070, 0, 0, 0, , 0, 0, 0, 0, 0, 
179, 1, 181, 179, -1, 100, 255, 20.0, 15, ABprpppaapa, 6375, 0, 0, 0, , 0, 0, 0, 0, 0, 
180, 1, 182, 180, -1, 141, 264, 16.0, 15, ABprpppaaap, 5734, 0, 0, 0, , 0, 0, 0, 0, 0, 
181, 1, 183, 181, -1, 140, 266, 13.0, 15, ABprpppaaaa, 6358, 0, 0, 0, , 0, 0, 0, 0, 0, 
182, 1, 184, 182, -1, 94, 248, 12.0, 13, ABprpppapaa, 4406, 0, 0, 0, , 0, 0, 0, 0, 0, 
183, 1, 185, 183, -1, 126, 258, 12.0, 15, ABprppppapa, 3926, 0, 0, 0, , 0, 0, 0, 0, 0, 
184, 1, 186, 184, -1, 116, 267, 12.0, 13, ABprppppapp, 4634, 0, 0, 0, , 0, 0, 0, 0, 0, 
185, 1, 187, 185, -1, 123, 270, 18.0, 15, ABprppppaaa, 4706, 0, 0, 0, , 0, 0, 0, 0, 0, 
186, 1, 188, 186, -1, 111, 271, 18.0, 15, ABprppppaap, 3864, 0, 0, 0, , 0, 0, 0, 0, 0, 
187, 1, 189, 187, -1, 129, 261, 21.0, 15, ABprpppppaa, 4130, 0, 0, 0, , 0, 0, 0, 0, 0, 
188, 1, 190, 188, -1, 106, 266, 22.0, 15, ABprpppppap, 4905, 0, 0, 0, , 0, 0, 0, 0, 0, 
189, 1, 191, 189, -1, 214, 190, 16.0, 11, ABprppaapap, 5017, 0, 0, 0, , 0, 0, 0, 0, 0, 
190, 0, 192, -1, -1, 224, 189, 12.0, 11, , 6778, 0, 0, 0, , 0, 0, 0, 0, 0, 
191, 1, 193, 191, -1, 211, 246, 11.0, 13, ABprppaappa, 5453, 0, 0, 0, , 0, 0, 0, 0, 0, 
192, 1, 194, 192, -1, 154, 278, 14.0, 11, ABprppaappp, 3441, 0, 0, 0, , 0, 0, 0, 0, 0, 
193, 1, 195, 193, -1, 232, 178, 13.0, 15, ABprppaaaaa, 5057, 0, 0, 0, , 0, 0, 0, 0, 0, 
194, 1, 196, 194, -1, 197, 198, 19.0, 13, ABprppaaaapp, 4471, 0, 0, 0, , 0, 0, 0, 0, 0, 
195, 1, 197, 195, -1, 207, 181, 17.0, 13, ABprppaaaapa, 2870, 0, 0, 0, , 0, 0, 0, 0, 0, 
196, 1, 198, 196, -1, 198, 225, 11.0, 15, ABprppapaaa, 6258, 0, 0, 0, , 0, 0, 0, 0, 0, 
197, 1, 199, 197, -1, 196, 265, 16.0, 15, ABprppapaap, 5242, 0, 0, 0, , 0, 0, 0, 0, 0, 
198, 1, 200, 198, -1, 182, 272, 17.0, 13, ABprppapapa, 3965, 0, 0, 0, , 0, 0, 0, 0, 0, 
199, 1, 201, 199, -1, 157, 278, 19.0, 13, ABprppapapp, 5208, 0, 0, 0, , 0, 0, 0, 0, 0, 
200, 1, 202, 200, -1, 143, 279, 16.0, 11, ABprppapppp, 3169, 0, 0, 0, , 0, 0, 0, 0, 0, 
201, 1, 203, 201, -1, 195, 260, 14.0, 13, ABprppappaa, 7218, 0, 0, 0, , 0, 0, 0, 0, 0, 
202, 1, 204, 202, -1, 194, 278, 15.0, 11, ABprppappap, 2147, 0, 0, 0, , 0, 0, 0, 0, 0, 
203, 1, 205, 203, -1, 322, 205, 23.0, 13, ABpraapaaaa, 4318, 0, 0, 0, , 0, 0, 0, 0, 0, 
204, 1, 206, 204, -1, 323, 179, 30.0, 15, ABarpapaaap, 4374, 0, 0, 0, , 0, 0, 0, 0, 0, 
205, 0, -1, -1, -1, 315, 180, 22.0, 11, , 2054, 0, 0, 0, , 0, 0, 0, 0, 0, 
206, 1, 208, 206, -1, 287, 171, 26.0, 13, ABalappappp, 1211, 0, 0, 0, , 0, 0, 0, 0, 0, 
207, 1, 209, 207, -1, 230, 194, 28.0, 13, ABpraapapap, 5197, 0, 0, 0, , 0, 0, 0, 0, 0, 
208, 1, 210, 208, -1, 220, 199, 24.0, 11, ABpraapapaa, 3469, 0, 0, 0, , 0, 0, 0, 0, 0, 
209, 0, 211, -1, -1, 237, 157, 23.0, 9, , 2061, 0, 0, 0, , 0, 0, 0, 0, 0, 
210, 1, 212, 210, -1, 230, 200, 26.0, 13, ABpraapappa, 3716, 0, 0, 0, , 0, 0, 0, 0, 0, 
211, 1, 213, 211, -1, 195, 185, 21.0, 13, ABpraapppp, 3701, 0, 0, 0, , 0, 0, 0, 0, 0, 
212, 1, 214, 212, -1, 312, 198, 11.0, 13, ABpraappaa, 4650, 0, 0, 0, , 0, 0, 0, 0, 0, 
213, 1, 215, 213, -1, 243, 189, 24.0, 13, ABpraaapaad, 3999, 0, 0, 0, , 0, 0, 0, 0, 0, 
214, 1, 216, 214, -1, 229, 190, 22.0, 13, ABpraaappap, 3849, 0, 0, 0, , 0, 0, 0, 0, 0, 
215, 1, 217, 215, -1, 214, 186, 26.0, 11, ABpraaapppap, 2606, 0, 0, 0, , 0, 0, 0, 0, 0, 
216, 1, 218, 216, -1, 302, 179, 21.0, 11, ABpraaaaapd, 4638, 0, 0, 0, , 0, 0, 0, 0, 0, 
217, 1, 219, 217, -1, 252, 173, 15.0, 13, ABpraaaaaaa, 7693, 0, 0, 0, , 0, 0, 0, 0, 0, 
218, 1, 220, 218, -1, 243, 176, 16.0, 13, ABpraaaapav, 4220, 0, 0, 0, , 0, 0, 0, 0, 0, 
219, 0, 221, -1, -1, 265, 169, 18.0, 11, , 2746, 0, 0, 0, , 0, 0, 0, 0, 0, 
220, 1, 222, 220, -1, 253, 179, 24.0, 11, ABpraaaappa, 4642, 0, 0, 0, , 0, 0, 0, 0, 0, 
221, 1, 223, 221, -1, 251, 176, 27.0, 13, ABpraaaappp, 2455, 0, 0, 0, , 0, 0, 0, 0, 0, 
222, 1, 224, 222, -1, 135, 238, 23.0, 15, ABprappapp, 6472, 0, 0, 0, , 0, 0, 0, 0, 0, 
223, 1, 225, 223, -1, 154, 230, 30.0, 15, ABprappapa, 7262, 0, 0, 0, , 0, 0, 0, 0, 0, 
224, 1, 226, 224, -1, 152, 231, 25.0, 15, ABprappaap, 7929, 0, 0, 0, , 0, 0, 0, 0, 0, 
225, 1, 227, 225, -1, 170, 224, 23.0, 15, ABprappaaa, 7915, 0, 0, 0, , 0, 0, 0, 0, 0, 
226, 1, 228, 226, -1, 93, 242, 18.0, 13, ABprapppaaa, 4987, 0, 0, 0, , 0, 0, 0, 0, 0, 
227, 1, 229, 227, -1, 89, 259, 17.0, 13, ABprapppapp, 4397, 0, 0, 0, , 0, 0, 0, 0, 0, 
228, 0, 230, -1, -1, 64, 260, 17.0, 13, , 277, 0, 0, 0, , 0, 0, 0, 0, 0, 
229, 0, 231, -1, -1, 69, 251, 16.0, 13, , 112, 0, 0, 0, , 0, 0, 0, 0, 0, 
230, 1, 232, 229, -1, 74, 261, 14.0, 15, ABprappppp, 11981, 0, 0, 0, , 0, 0, 0, 0, 0, 
231, 1, 233, 230, -1, 114, 260, 10.0, 19, ABprappppa, 10526, 0, 0, 0, , 0, 0, 0, 0, 0, 
232, 1, 234, 231, -1, 205, 203, 24.0, 13, ABprapaaapa, 3676, 0, 0, 0, , 0, 0, 0, 0, 0, 
233, 1, 235, 232, -1, 196, 207, 26.0, 13, ABprapaaapp, 4787, 0, 0, 0, , 0, 0, 0, 0, 0, 
234, 0, 236, -1, -1, 248, 189, 29.0, 11, , 1884, 0, 0, 0, , 0, 0, 0, 0, 0, 
235, 1, 237, 234, -1, 181, 205, 21.0, 15, ABprapaapp, 7294, 0, 0, 0, , 0, 0, 0, 0, 0, 
236, 1, 238, 235, -1, 211, 208, 11.0, 15, ABprapaapa, 8016, 0, 0, 0, , 0, 0, 0, 0, 0, 
237, 1, 239, 236, -1, 112, 234, 16.0, 17, ABprapappa, 7753, 0, 0, 0, , 0, 0, 0, 0, 0, 
238, 1, 240, 237, -1, 73, 266, 18.0, 17, ABprapapppp, 4121, 0, 0, 0, , 0, 0, 0, 0, 0, 
239, 1, 241, 238, -1, 114, 237, 23.0, 17, ABprapapap, 7791, 0, 0, 0, , 0, 0, 0, 0, 0, 
240, 1, 242, 239, -1, 106, 246, 29.0, 17, ABprapapaa, 6911, 0, 0, 0, , 0, 0, 0, 0, 0, 
241, 1, 243, 240, -1, 256, 201, 34.0, 13, MSppppap, 1337, 0, 0, 0, , 0, 0, 0, 0, 0, 
242, 1, 244, 241, -1, 230, 203, 20.0, 13, MSppppaa, 3229, 0, 0, 0, , 0, 0, 0, 0, 0, 
243, 1, 245, 242, -1, 301, 204, 35.0, 21, MSpppppa, 13790, 0, 0, 0, , 0, 0, 0, 0, 0, 
244, 1, 246, 243, -1, 288, 218, 34.0, 15, MSpppaaa, 3228, 0, 0, 0, , 0, 0, 0, 0, 0, 
245, 1, 247, 244, -1, 142, 264, 27.0, 13, MSpppaap, 2764, 0, 0, 0, , 0, 0, 0, 0, 0, 
246, 1, 248, 245, -1, 241, 225, 15.0, 15, ABprpapaaaa, 3713, 0, 0, 0, , 0, 0, 0, 0, 0, 
247, 1, 249, 246, -1, 126, 286, 20.0, 15, MSppaapp, 5056, 0, 0, 0, , 0, 0, 0, 0, 0, 
248, 0, 250, -1, -1, 263, 196, 26.0, 9, , 1277, 0, 0, 0, , 0, 0, 0, 0, 0, 
249, 1, 251, 248, -1, 271, 200, 25.0, 9, MSppaaaad, 3417, 0, 0, 0, , 0, 0, 0, 0, 0, 
250, 1, 252, 249, -1, 257, 196, 23.0, 11, MSppapap, 2284, 0, 0, 0, , 0, 0, 0, 0, 0, 
251, 1, 253, 250, -1, 196, 258, 21.0, 13, MSpapappp, 4109, 0, 0, 0, , 0, 0, 0, 0, 0, 
252, 1, 254, 251, -1, 202, 243, 20.0, 17, MSpapapaa, 4611, 0, 0, 0, , 0, 0, 0, 0, 0, 
253, 1, 255, 252, -1, 213, 231, 19.0, 15, MSpapaaap, 10271, 0, 0, 0, , 0, 0, 0, 0, 0, 
254, 1, 256, 253, -1, 205, 244, 25.0, 13, MSpapaapp, 3303, 0, 0, 0, , 0, 0, 0, 0, 0, 
255, 1, 257, 254, -1, 175, 322, 16.0, 17, MSpappaa, 5554, 0, 0, 0, , 0, 0, 0, 0, 0, 
256, 1, 258, 255, -1, 174, 249, 17.0, 15, MSpappppa, 3429, 0, 0, 0, , 0, 0, 0, 0, 0, 
257, 1, 259, 256, -1, 167, 256, 19.0, 13, MSpappppp, 3041, 0, 0, 0, , 0, 0, 0, 0, 0, 
258, 1, 260, 257, -1, 241, 262, 32.0, 13, MSpaaappp, 4240, 0, 0, 0, , 0, 0, 0, 0, 0, 
259, 1, 261, 258, -1, 250, 279, 30.0, 13, MSpaaapaa, 4652, 0, 0, 0, , 0, 0, 0, 0, 0, 
260, 1, 262, 259, -1, 226, 276, 31.0, 13, MSpaaapap, 4260, 0, 0, 0, , 0, 0, 0, 0, 0, 
261, 1, 263, 260, -1, 257, 231, 32.0, 15, MSpaaaapp, 5431, 0, 0, 0, , 0, 0, 0, 0, 0, 
262, 1, 264, 261, -1, 276, 260, 34.0, 17, MSpaaaaaa, 5421, 0, 0, 0, , 0, 0, 0, 0, 0, 
263, 1, 265, 262, -1, 250, 252, 29.0, 11, MSpaaaaap, 3694, 0, 0, 0, , 0, 0, 0, 0, 0, 
264, 1, 266, 263, -1, 216, 223, 25.0, 13, ABaraappppa, 5114, 0, 0, 0, , 0, 0, 0, 0, 0, 
265, 1, 267, 264, -1, 221, 226, 29.0, 15, ABaraapppap, 5959, 0, 0, 0, , 0, 0, 0, 0, 0, 
266, 1, 268, 265, -1, 239, 263, 30.0, 11, MSpaapaap, 2971, 0, 0, 0, , 0, 0, 0, 0, 0, 
267, 1, 269, 266, -1, 255, 249, 33.0, 15, MSpaaappa, 4529, 0, 0, 0, , 0, 0, 0, 0, 0, 
268, 1, 270, 267, -1, 232, 248, 30.0, 13, MSpaapaaa, 3115, 0, 0, 0, , 0, 0, 0, 0, 0, 
269, 1, 271, 268, -1, 295, 293, 31.0, 13, MSapppap, 4203, 0, 0, 0, , 0, 0, 0, 0, 0, 
270, 1, 272, 269, -1, 318, 257, 34.0, 13, MSappppa, 2307, 0, 0, 0, , 0, 0, 0, 0, 0, 
271, 1, 273, 270, -1, 301, 252, 34.0, 15, MSappaaa, 3844, 0, 0, 0, , 0, 0, 0, 0, 0, 
272, 1, 274, 271, -1, 271, 280, 29.0, 15, ABaraapaapp, 6837, 0, 0, 0, , 0, 0, 0, 0, 0, 
273, 1, 275, 272, -1, 327, 247, 32.0, 17, MSapappp, 6015, 0, 0, 0, , 0, 0, 0, 0, 0, 
274, 1, 276, 273, -1, 139, 295, 20.0, 15, MSapaapp, 5685, 0, 0, 0, , 0, 0, 0, 0, 0, 
275, 1, 277, 274, -1, 312, 265, 26.0, 13, MSapaaaad, 3353, 0, 0, 0, , 0, 0, 0, 0, 0, 
276, 1, 278, 275, -1, 268, 249, 30.0, 13, MSaaaaapap, 2339, 0, 0, 0, , 0, 0, 0, 0, 0, 
277, 1, 279, 276, -1, 280, 251, 28.0, 15, MSaaapaaa, 918, 0, 0, 0, , 0, 0, 0, 0, 0, 
278, 0, 279, -1, -1, 271, 248, 28.0, 11, , 2793, 0, 0, 0, , 0, 0, 0, 0, 0, 
279, 1, 280, 278, -1, 290, 207, 29.0, 15, MSaaaaaar, 4612, 0, 0, 0, , 0, 0, 0, 0, 0, 
280, 1, 281, 279, -1, 320, 247, 28.0, 13, MSaaaaaal, 4493, 0, 0, 0, , 0, 0, 0, 0, 0, 
281, 1, 282, 280, -1, 256, 265, 35.0, 13, MSaaaapaa, 3972, 0, 0, 0, , 0, 0, 0, 0, 0, 
282, 1, 283, 281, -1, 267, 275, 32.0, 13, MSaaaapap, 3849, 0, 0, 0, , 0, 0, 0, 0, 0, 
283, 1, 284, 282, -1, 237, 282, 31.0, 13, MSaaaappa, 4015, 0, 0, 0, , 0, 0, 0, 0, 0, 
284, 1, 285, 283, -1, 247, 296, 29.0, 13, MSaaapapa, 3927, 0, 0, 0, , 0, 0, 0, 0, 0, 
285, 1, 286, 284, -1, 227, 290, 26.0, 15, MSaaapapp, 4035, 0, 0, 0, , 0, 0, 0, 0, 0, 
286, 1, 287, 285, -1, 227, 304, 29.0, 11, MSaaappa, 2691, 0, 0, 0, , 0, 0, 0, 0, 0, 
287, 1, 288, 286, -1, 225, 292, 33.0, 13, MSaaappp, 2631, 0, 0, 0, , 0, 0, 0, 0, 0, 
288, 1, 289, 287, -1, 207, 310, 15.0, 13, MSaappppa, 2820, 0, 0, 0, , 0, 0, 0, 0, 0, 
289, 1, 290, 288, -1, 192, 320, 16.0, 13, MSaappppp, 2845, 0, 0, 0, , 0, 0, 0, 0, 0, 
290, 1, 291, 289, -1, 242, 276, 18.0, 13, MSaapaaap, 3638, 0, 0, 0, , 0, 0, 0, 0, 0, 
291, 1, 292, 290, -1, 256, 268, 18.0, 11, MSaapaaaa, 2516, 0, 0, 0, , 0, 0, 0, 0, 0, 
292, 1, 293, 291, -1, 220, 286, 20.0, 13, MSaapappp, 3781, 0, 0, 0, , 0, 0, 0, 0, 0, 
293, 1, 294, 292, -1, 250, 301, 26.0, 11, MSaapappa, 1254, 0, 0, 0, , 0, 0, 0, 0, 0, 
294, 1, 295, 293, -1, 233, 281, 20.0, 13, MSaapapaa, 2988, 0, 0, 0, , 0, 0, 0, 0, 0, 
295, 1, 296, 294, -1, 230, 284, 23.0, 11, MSaapapap, 3283, 0, 0, 0, , 0, 0, 0, 0, 0, 
296, 1, 297, 295, -1, 94, 312, 27.0, 13, Eplpa, 1475, 0, 0, 0, , 0, 0, 0, 0, 0, 
297, 1, 298, 296, -1, 101, 355, 23.0, 13, Cappapa, 5765, 0, 0, 0, , 0, 0, 0, 0, 0, 
298, 1, 299, 297, -1, 86, 346, 21.0, 15, Cappapp, 5559, 0, 0, 0, , 0, 0, 0, 0, 0, 
299, 1, 300, 298, -1, 209, 332, 30.0, 15, Cappaaa, 3641, 0, 0, 0, , 0, 0, 0, 0, 0, 
300, 1, 301, 299, -1, 79, 343, 25.0, 15, Capppap, 6180, 0, 0, 0, , 0, 0, 0, 0, 0, 
301, 1, 302, 300, -1, 125, 350, 32.0, 15, Capppaa, 4056, 0, 0, 0, , 0, 0, 0, 0, 0, 
302, 1, 303, 301, -1, 126, 360, 28.0, 13, Capapap, 5979, 0, 0, 0, , 0, 0, 0, 0, 0, 
303, 1, 304, 302, -1, 169, 348, 32.0, 13, Capapaa, 1609, 0, 0, 0, , 0, 0, 0, 0, 0, 
304, 1, 305, 303, -1, 136, 319, 13.0, 13, Capappp, 6750, 0, 0, 0, , 0, 0, 0, 0, 0, 
305, 1, 306, 304, -1, 150, 334, 14.0, 15, Capappa, 6418, 0, 0, 0, , 0, 0, 0, 0, 0, 
306, 1, 307, 305, -1, 203, 332, 18.0, 15, Capaaap, 6035, 0, 0, 0, , 0, 0, 0, 0, 0, 
307, 1, 308, 306, -1, 222, 318, 16.0, 15, Capaaaa, 6770, 0, 0, 0, , 0, 0, 0, 0, 0, 
308, 0, 309, -1, -1, 78, 284, 15.0, 11, , 4019, 0, 0, 0, , 0, 0, 0, 0, 0, 
309, 1, 310, 308, -1, 65, 284, 15.0, 15, Caappv, 4534, 0, 0, 0, , 0, 0, 0, 0, 0, 
310, 0, 311, -1, -1, 103, 276, 11.0, 11, , 690, 0, 0, 0, , 0, 0, 0, 0, 0, 
311, 1, 313, 309, -1, 71, 318, 13.0, 15, Cpappv, 3904, 0, 0, 0, , 0, 0, 0, 0, 0, 
312, 1, 314, 310, -1, 128, 255, 25.0, 13, Cppaapp, 3577, 0, 0, 0, , 0, 0, 0, 0, 0, 
313, 1, 315, 311, -1, 156, 251, 24.0, 13, Cppaapa, 4497, 0, 0, 0, , 0, 0, 0, 0, 0, 
314, 1, 316, 312, -1, 168, 239, 21.0, 13, Cppaaap, 3558, 0, 0, 0, , 0, 0, 0, 0, 0, 
315, 1, 317, 313, -1, 180, 230, 19.0, 15, Cppaaaa, 6100, 0, 0, 0, , 0, 0, 0, 0, 0, 
316, 1, 318, 314, -1, 162, 266, 35.0, 15, Cppapaa, 3692, 0, 0, 0, , 0, 0, 0, 0, 0, 
317, 1, 319, 315, -1, 118, 250, 16.0, 15, Cppappp, 6032, 0, 0, 0, , 0, 0, 0, 0, 0, 
318, 1, 320, 316, -1, 120, 249, 19.0, 15, Cppappa, 4397, 0, 0, 0, , 0, 0, 0, 0, 0, 
319, 1, 321, 317, -1, 162, 284, 34.0, 15, Cpppaap, 6854, 0, 0, 0, , 0, 0, 0, 0, 0, 
320, 1, 322, 318, -1, 191, 249, 33.0, 15, Cpppaaa, 6116, 0, 0, 0, , 0, 0, 0, 0, 0, 
321, 1, 323, 319, -1, 72, 281, 26.0, 15, Cpppapp, 5957, 0, 0, 0, , 0, 0, 0, 0, 0, 
322, 1, 324, 320, -1, 261, 284, 14.0, 13, Daapa, 5173, 0, 0, 0, , 0, 0, 0, 0, 0, 
323, 1, 325, 321, -1, 247, 290, 12.0, 13, Daapp, 4431, 0, 0, 0, , 0, 0, 0, 0, 0, 
324, 0, 326, -1, -1, 259, 316, 16.0, 13, , 4483, 0, 0, 0, , 0, 0, 0, 0, 0, 
325, 1, 327, 323, -1, 269, 304, 31.0, 17, Daaap, 2158, 0, 0, 0, , 0, 0, 0, 0, 0, 
326, 1, 328, 324, -1, 258, 298, 34.0, 13, Dappaa, 3554, 0, 0, 0, , 0, 0, 0, 0, 0, 
327, 1, 329, 325, -1, 206, 213, 15.0, 13, Dpapp, 3739, 0, 0, 0, , 0, 0, 0, 0, 0, 
328, 1, 330, 326, -1, 224, 203, 15.0, 13, Dpapa, 1346, 0, 0, 0, , 0, 0, 0, 0, 0, 
329, 1, 331, 327, -1, 232, 212, 32.0, 15, Dpaap, 2167, 0, 0, 0, , 0, 0, 0, 0, 0, 
330, 1, 332, 328, -1, 214, 206, 20.0, 13, Dpaaa, 3520, 0, 0, 0, , 0, 0, 0, 0, 0, 
331, 1, 333, 329, -1, 205, 267, 35.0, 13, Dppppa, 4688, 0, 0, 0, , 0, 0, 0, 0, 0, 
332, 1, 334, 330, -1, 220, 255, 35.0, 17, Dpppap, 4621, 0, 0, 0, , 0, 0, 0, 0, 0, 
333, 1, 335, 331, -1, 243, 230, 35.0, 19, Dpppaa, 6470, 0, 0, 0, , 0, 0, 0, 0, 0, 
334, 1, 336, 332, -1, 197, 218, 20.0, 15, Dppaa, 5629, 0, 0, 0, , 0, 0, 0, 0, 0, 
335, 1, 337, 333, -1, 210, 236, 34.0, 15, Dppap, 6275, 0, 0, 0, , 0, 0, 0, 0, 0, 
336, 0, 338, -1, -1, 382, 244, 24.0, 15, , 5530, 0, 0, 0, , 0, 0, 0, 0, 0, 
337, 0, 339, -1, -1, 293, 310, 21.0, 11, , 1952, 0, 0, 0, , 0, 0, 0, 0, 0, 
338, 1, 340, 336, -1, 286, 326, 19.0, 11, ABalppppppap, 2822, 0, 0, 0, , 0, 0, 0, 0, 0, 
339, 1, 341, 337, -1, 302, 313, 19.0, 13, ABalpppppppa, 834, 0, 0, 0, , 0, 0, 0, 0, 0, 
340, 1, 342, 338, -1, 361, 253, 17.0, 15, ABplaaapap, 5073, 0, 0, 0, , 0, 0, 0, 0, 0, 
341, 1, 343, 339, -1, 318, 283, 13.0, 15, ABalpppaaaa, 3007, 0, 0, 0, , 0, 0, 0, 0, 0, 
342, 1, 344, 340, -1, 322, 247, 15.0, 13, ABalpppaaap, 2137, 0, 0, 0, , 0, 0, 0, 0, 0, 
343, 1, 345, 341, -1, 341, 250, 14.0, 11, ABalpppaapd, 2813, 0, 0, 0, , 0, 0, 0, 0, 0, 
344, 1, 346, 342, -1, 337, 249, 21.0, 11, ABalpppaapv, 4389, 0, 0, 0, , 0, 0, 0, 0, 0, 
345, 1, 347, 343, -1, 303, 289, 14.0, 13, ABalpppapad, 2522, 0, 0, 0, , 0, 0, 0, 0, 0, 
346, 1, 348, 344, -1, 333, 259, 13.0, 15, ABalpppapav, 4623, 0, 0, 0, , 0, 0, 0, 0, 0, 
347, 1, 349, 345, -1, 331, 242, 15.0, 13, ABalppaaapp, 3751, 0, 0, 0, , 0, 0, 0, 0, 0, 
348, 1, 350, 346, -1, 286, 293, 14.0, 13, ABplpaaaaap, 6021, 0, 0, 0, , 0, 0, 0, 0, 0, 
349, 1, 351, 347, -1, 295, 243, 13.0, 13, ABalppapppa, 4256, 0, 0, 0, , 0, 0, 0, 0, 0, 
350, 1, 352, 348, -1, 314, 277, 19.0, 15, ABalppappaa, 5605, 0, 0, 0, , 0, 0, 0, 0, 0, 
351, 1, 353, 349, -1, 322, 271, 22.0, 15, ABalapaappa, 569, 0, 0, 0, , 0, 0, 0, 0, 0, 
352, 1, 354, 350, -1, 278, 243, 12.0, 11, ABalppapapa, 5734, 0, 0, 0, , 0, 0, 0, 0, 0, 
353, 1, 355, 351, -1, 316, 231, 11.0, 13, ABalppapapp, 4840, 0, 0, 0, , 0, 0, 0, 0, 0, 
354, 1, 356, 352, -1, 326, 215, 11.0, 13, ABplaappaa, 5051, 0, 0, 0, , 0, 0, 0, 0, 0, 
355, 1, 357, 353, -1, 319, 255, 20.0, 13, ABalppapaaa, 5327, 0, 0, 0, , 0, 0, 0, 0, 0, 
356, 1, 358, 354, -1, 277, 244, 14.0, 11, ABalpapapaa, 3641, 0, 0, 0, , 0, 0, 0, 0, 0, 
357, 1, 359, 355, -1, 214, 277, 9.0, 17, ABalpapappa, 8809, 0, 0, 0, , 0, 0, 0, 0, 0, 
358, 1, 360, 356, -1, 311, 212, 13.0, 11, ABalpapaapp, 5363, 0, 0, 0, , 0, 0, 0, 0, 0, 
359, 0, -1, -1, -1, 305, 225, 13.0, 11, , 3116, 0, 0, 0, , 0, 0, 0, 0, 0, 
360, 1, 362, 358, -1, 285, 251, 19.0, 13, ABalpaaaapa, 4902, 0, 0, 0, , 0, 0, 0, 0, 0, 
361, 1, 363, 359, -1, 276, 258, 19.0, 11, ABalpaaaaap, 4592, 0, 0, 0, , 0, 0, 0, 0, 0, 
362, 1, 364, 360, -1, 258, 241, 20.0, 9, ABalpappaaa, 3343, 0, 0, 0, , 0, 0, 0, 0, 0, 
363, 1, 365, 361, -1, 284, 278, 22.0, 13, ABalpapppaa, 8220, 0, 0, 0, , 0, 0, 0, 0, 0, 
364, 1, 366, 362, -1, 262, 260, 19.0, 11, ABalpapppap, 3831, 0, 0, 0, , 0, 0, 0, 0, 0, 
365, 1, 367, 363, -1, 294, 273, 29.0, 13, ABalpaapapa, 3075, 0, 0, 0, , 0, 0, 0, 0, 0, 
366, 1, 368, 364, -1, 261, 251, 18.0, 13, ABalpaaaapp, 7799, 0, 0, 0, , 0, 0, 0, 0, 0, 
367, 1, 369, 365, -1, 294, 240, 21.0, 11, ABalpaaaaaa, 3669, 0, 0, 0, , 0, 0, 0, 0, 0, 
368, 1, 370, 366, -1, 292, 265, 21.0, 13, ABalpappaap, 8617, 0, 0, 0, , 0, 0, 0, 0, 0, 
369, 0, 371, -1, -1, 308, 224, 18.0, 13, , 1333, 0, 0, 0, , 0, 0, 0, 0, 0, 
370, 1, 372, 368, -1, 322, 223, 25.0, 13, ABalpaapppa, 3168, 0, 0, 0, , 0, 0, 0, 0, 0, 
371, 1, 373, 369, -1, 331, 228, 22.0, 13, ABalpaapppp, 5267, 0, 0, 0, , 0, 0, 0, 0, 0, 
372, 1, 374, 370, -1, 317, 224, 22.0, 13, ABalpaappaa, 3902, 0, 0, 0, , 0, 0, 0, 0, 0, 
373, 0, 375, -1, -1, 300, 250, 26.0, 11, , 3039, 0, 0, 0, , 0, 0, 0, 0, 0, 
374, 0, 376, -1, -1, 284, 260, 16.0, 13, , 2293, 0, 0, 0, , 0, 0, 0, 0, 0, 
375, 0, 377, -1, -1, 193, 282, 27.0, 19, , 23727, 0, 0, 0, , 0, 0, 0, 0, 0, 
376, 1, 378, 374, -1, 139, 328, 27.0, 17, Ealpp, 4992, 0, 0, 0, , 0, 0, 0, 0, 0, 
377, 1, 379, 375, -1, 146, 304, 27.0, 17, Earpp, 8617, 0, 0, 0, , 0, 0, 0, 0, 0, 
378, 0, 380, -1, -1, 173, 295, 23.0, 15, , 1650, 0, 0, 0, , 0, 0, 0, 0, 0, 
379, 0, 381, -1, -1, 202, 295, 23.0, 19, , 5137, 0, 0, 0, , 0, 0, 0, 0, 0, 
380, 1, 382, 378, -1, 96, 293, 23.0, 21, Eprpp, 3829, 0, 0, 0, , 0, 0, 0, 0, 0, 
381, 1, 383, 379, -1, 236, 321, 32.0, 17, Dapap, 7922, 0, 0, 0, , 0, 0, 0, 0, 0, 
382, 1, 384, 380, -1, 240, 309, 17.0, 15, Dapaa, 5152, 0, 0, 0, , 0, 0, 0, 0, 0, 
383, 1, 385, 381, -1, 237, 299, 24.0, 13, MSaapaapp, 4799, 0, 0, 0, , 0, 0, 0, 0, 0, 
384, 1, 386, 382, -1, 245, 292, 21.0, 11, MSaapaapa, 2367, 0, 0, 0, , 0, 0, 0, 0, 0, 
385, 1, 387, 383, -1, 203, 215, 31.0, 15, ABarpppapp, 7537, 0, 0, 0, , 0, 0, 0, 0, 0, 
386, 1, 388, 384, -1, 271, 304, 13.0, 13, ABplppaapap, 4545, 0, 0, 0, , 0, 0, 0, 0, 0, 
387, 1, 389, 385, -1, 281, 292, 10.0, 11, ABplppaapaa, 4847, 0, 0, 0, , 0, 0, 0, 0, 0, 
388, 1, 390, 386, -1, 330, 253, 24.0, 15, ABalaaaalal, 5045, 0, 0, 0, , 0, 0, 0, 0, 0, 
389, 1, 391, 387, -1, 325, 257, 22.0, 13, ABalapaappp, 3958, 0, 0, 0, , 0, 0, 0, 0, 0, 
390, 0, 392, -1, -1, 280, 173, 30.0, 15, , 4155, 0, 0, 0, , 0, 0, 0, 0, 0, 
391, 1, 724, 389, -1, 304, 178, 18.0, 13, ABalaaapprl, 4310, 0, 0, 0, , 0, 0, 0, 0, 0, 
392, 1, 394, 390, -1, 117, 306, 35.0, 19, Cppppaa, 4587, 0, 0, 0, , 0, 0, 0, 0, 0, 
393, 1, 395, 391, -1, 79, 300, 30.0, 17, Cppppap, 6242, 0, 0, 0, , 0, 0, 0, 0, 0, 
394, 1, 396, 392, -1, 96, 263, 13.0, 15, Cpppppv, 4800, 0, 0, 0, , 0, 0, 0, 0, 0, 
395, 1, 397, 393, -1, 309, 187, 30.0, 13, ABarpapaappp, 5765, 0, 0, 0, , 0, 0, 0, 0, 0, 
396, 0, 398, -1, -1, 126, 314, 31.0, 15, , 4231, 0, 0, 0, , 0, 0, 0, 0, 0, 
397, 1, 399, 395, -1, 122, 329, 28.0, 21, Eplap, 37453, 0, 0, 0, , 0, 0, 0, 0, 0, 
398, 1, 400, 396, -1, 308, 220, 16.0, 15, ABalpapaapa, 7076, 0, 0, 0, , 0, 0, 0, 0, 0, 
399, 0, 401, -1, -1, 152, 310, 30.0, 13, , 2545, 0, 0, 0, , 0, 0, 0, 0, 0, 
400, 1, 402, 398, -1, 230, 288, 10.0, 15, ABplppapaaa, 6019, 0, 0, 0, , 0, 0, 0, 0, 0, 
401, 1, 403, 399, -1, 345, 265, 26.0, 11, ABalaaaalar, 2585, 0, 0, 0, , 0, 0, 0, 0, 0, 
402, 1, 404, 400, -1, 280, 198, 17.0, 13, ABarappppap, 8316, 0, 0, 0, , 0, 0, 0, 0, 0, 
403, 1, 405, 401, -1, 154, 259, 20.0, 15, MSpappap, 4152, 0, 0, 0, , 0, 0, 0, 0, 0, 
404, 1, 406, 402, -1, 218, 249, 31.0, 19, MSpaapapa, 15442, 0, 0, 0, , 0, 0, 0, 0, 0, 
405, 1, 407, 403, -1, 65, 298, 20.0, 15, Cpppppd, 3346, 0, 0, 0, , 0, 0, 0, 0, 0, 
406, 1, 408, 404, -1, 313, 301, 27.0, 11, ABplapaaaaa, 2965, 0, 0, 0, , 0, 0, 0, 0, 0, 
407, 1, 409, 405, -1, 212, 272, 22.0, 11, MSaappaa, 3023, 0, 0, 0, , 0, 0, 0, 0, 0, 
408, 0, 410, -1, -1, 305, 306, 29.0, 11, , 1521, 0, 0, 0, , 0, 0, 0, 0, 0, 
409, 1, 411, 407, -1, 331, 259, 16.0, 11, ABalaaaalpa, 2818, 0, 0, 0, , 0, 0, 0, 0, 0, 
410, 1, 412, 408, -1, 337, 238, 24.0, 13, ABalaaaparr, 2336, 0, 0, 0, , 0, 0, 0, 0, 0, 
411, 1, 413, 409, -1, 362, 231, 22.0, 13, ABarpaaaapp, 3672, 0, 0, 0, , 0, 0, 0, 0, 0, 
412, 1, 414, 410, -1, 270, 280, 22.0, 13, ABalpaaappp, 3742, 0, 0, 0, , 0, 0, 0, 0, 0, 
413, 1, 415, 411, -1, 275, 265, 23.0, 15, ABalpaaappa, 4228, 0, 0, 0, , 0, 0, 0, 0, 0, 
414, 1, 416, 412, -1, 206, 293, 19.0, 19, Ealaad, 24175, 0, 0, 0, , 0, 0, 0, 0, 0, 
415, 1, 417, 413, -1, 227, 229, 17.0, 13, ABprpappapa, 5011, 0, 0, 0, , 0, 0, 0, 0, 0, 
416, 1, 418, 414, -1, 160, 343, 34.0, 17, Cappaap, 6387, 0, 0, 0, , 0, 0, 0, 0, 0, 
417, 1, 419, 415, -1, 291, 224, 19.0, 13, ABarappaapp, 9861, 0, 0, 0, , 0, 0, 0, 0, 0, 
418, 1, 420, 707, -1, 207, 232, 28.0, 13, MSpapappa, 3260, 0, 0, 0, , 0, 0, 0, 0, 0, 
419, 1, 421, 417, -1, 211, 233, 23.0, 9, MSpapaapaa, 1669, 0, 0, 0, , 0, 0, 0, 0, 0, 
420, 1, 422, 418, -1, 198, 226, 23.0, 11, MSpapaapap, 2448, 0, 0, 0, , 0, 0, 0, 0, 0, 
421, 1, 423, 419, -1, 272, 167, 24.0, 15, ABpraapaapp, 5936, 0, 0, 0, , 0, 0, 0, 0, 0, 
422, 0, 424, -1, -1, 265, 175, 31.0, 11, , 2131, 0, 0, 0, , 0, 0, 0, 0, 0, 
423, 1, 425, 421, -1, 285, 214, 22.0, 11, ABaraaaaapa, 1225, 0, 0, 0, , 0, 0, 0, 0, 0, 
424, 1, 426, 422, -1, 303, 249, 16.0, 13, ABalppapppp, 3667, 0, 0, 0, , 0, 0, 0, 0, 0, 
425, 1, 427, 423, -1, 323, 186, 23.0, 11, ABalaaapplr, 3056, 0, 0, 0, , 0, 0, 0, 0, 0, 
426, 1, 428, 424, -1, 303, 292, 23.0, 11, ABalppppaav, 2178, 0, 0, 0, , 0, 0, 0, 0, 0, 
427, 1, 429, 425, -1, 290, 278, 35.0, 17, MSappppp, 5125, 0, 0, 0, , 0, 0, 0, 0, 0, 
428, 1, 430, 426, -1, 290, 282, 26.0, 15, ABalpaapapp, 4686, 0, 0, 0, , 0, 0, 0, 0, 0, 
429, 1, 431, 427, -1, 111, 342, 16.0, 13, ABplpppaapa, 4802, 0, 0, 0, , 0, 0, 0, 0, 0, 
430, 1, 432, 428, -1, 232, 234, 19.0, 15, MSpapaaaa, 3824, 0, 0, 0, , 0, 0, 0, 0, 0, 
431, 1, 433, 429, -1, 196, 225, 14.0, 13, MSpapppaa, 3496, 0, 0, 0, , 0, 0, 0, 0, 0, 
432, 1, 434, 430, -1, 185, 239, 17.0, 15, MSpapppap, 4297, 0, 0, 0, , 0, 0, 0, 0, 0, 
433, 1, 435, 431, -1, 263, 182, 24.0, 13, ABprpaapaaa, 5875, 0, 0, 0, , 0, 0, 0, 0, 0, 
434, 1, 436, 432, -1, 306, 302, 15.0, 11, ABalpppppppp, 2476, 0, 0, 0, , 0, 0, 0, 0, 0, 
435, 1, 437, 433, -1, 93, 302, 10.0, 13, Caapap, 7048, 0, 0, 0, , 0, 0, 0, 0, 0, 
436, 0, -1, -1, -1, 291, 187, 20.0, 7, , 360, 0, 0, 0, , 0, 0, 0, 0, 0, 
437, 1, 439, 435, -1, 340, 203, 23.0, 11, ABarpaaaaal, 2705, 0, 0, 0, , 0, 0, 0, 0, 0, 
438, 1, 440, 436, -1, 91, 280, 14.0, 11, ABprppppppa, 4398, 0, 0, 0, , 0, 0, 0, 0, 0, 
439, 1, 441, 437, -1, 223, 192, 35.0, 17, ABarpppapa, 1356, 0, 0, 0, , 0, 0, 0, 0, 0, 
440, 1, 442, 438, -1, 96, 242, 23.0, 13, ABarpppppp, 2197, 0, 0, 0, , 0, 0, 0, 0, 0, 
441, 1, 443, 439, -1, 244, 194, 14.0, 9, MSpppapa, 1489, 0, 0, 0, , 0, 0, 0, 0, 0, 
442, 1, 444, 440, -1, 307, 283, 30.0, 15, MSapappa, 3292, 0, 0, 0, , 0, 0, 0, 0, 0, 
443, 1, 445, 441, -1, 305, 200, 32.0, 17, MSppappp, 4493, 0, 0, 0, , 0, 0, 0, 0, 0, 
444, 1, 446, 442, -1, 104, 308, 13.0, 15, Cappppd, 3571, 0, 0, 0, , 0, 0, 0, 0, 0, 
445, 1, 447, 443, -1, 228, 270, 28.0, 13, MSaaaappp, 3879, 0, 0, 0, , 0, 0, 0, 0, 0, 
446, 1, 448, 444, -1, 107, 357, 16.0, 13, ABplapppaap, 4502, 0, 0, 0, , 0, 0, 0, 0, 0, 
447, 1, 449, 445, -1, 342, 256, 30.0, 11, ABplaaaaapa, 2746, 0, 0, 0, , 0, 0, 0, 0, 0, 
448, 1, 450, 446, -1, 205, 246, 23.0, 11, MSpapapap, 4606, 0, 0, 0, , 0, 0, 0, 0, 0, 
449, 1, 451, 678, -1, 89, 320, 22.0, 19, Eplppp, 25877, 0, 0, 0, , 0, 0, 0, 0, 0, 
450, 1, 452, 448, -1, 157, 339, 19.0, 17, Capaapp, 5984, 0, 0, 0, , 0, 0, 0, 0, 0, 
451, 1, 453, 449, -1, 184, 338, 18.0, 11, Capaapa, 792, 0, 0, 0, , 0, 0, 0, 0, 0, 
452, 1, 454, 450, -1, 264, 173, 12.0, 17, ABpraappap, 5848, 0, 0, 0, , 0, 0, 0, 0, 0, 
453, 1, 455, 451, -1, 195, 288, 23.0, 11, Ealpa, 1501, 0, 0, 0, , 0, 0, 0, 0, 0, 
454, 0, 456, -1, -1, 212, 292, 30.0, 17, , 30140, 0, 0, 0, , 0, 0, 0, 0, 0, 
455, 1, 457, 453, -1, 231, 166, 18.0, 11, ABpraaappppp, 4318, 0, 0, 0, , 0, 0, 0, 0, 0, 
456, 1, 458, 454, -1, 297, 291, 18.0, 13, ABalpppppaa, 3851, 0, 0, 0, , 0, 0, 0, 0, 0, 
457, 1, 459, 455, -1, 319, 287, 22.0, 13, ABplpaapaaa, 6476, 0, 0, 0, , 0, 0, 0, 0, 0, 
458, 1, 460, 456, -1, 278, 195, 30.0, 13, MSppaaap, 754, 0, 0, 0, , 0, 0, 0, 0, 0, 
459, 1, 461, 457, -1, 223, 260, 19.0, 13, ABarapapapp, 9752, 0, 0, 0, , 0, 0, 0, 0, 0, 
460, 1, 462, 458, -1, 71, 317, 18.0, 15, Cappppv, 5858, 0, 0, 0, , 0, 0, 0, 0, 0, 
461, 1, 463, 459, -1, 222, 305, 13.0, 11, MSaapppap, 2379, 0, 0, 0, , 0, 0, 0, 0, 0, 
462, 1, 464, 460, -1, 258, 315, 20.0, 13, ABplapaaapa, 3796, 0, 0, 0, , 0, 0, 0, 0, 0, 
463, 1, 465, 461, -1, 252, 231, 22.0, 13, ABarapapppp, 2935, 0, 0, 0, , 0, 0, 0, 0, 0, 
464, 1, 466, 462, -1, 235, 296, 16.0, 11, MSaapppaa, 2106, 0, 0, 0, , 0, 0, 0, 0, 0, 
465, 1, 467, 463, -1, 208, 262, 11.0, 13, ABarappappa, 6414, 0, 0, 0, , 0, 0, 0, 0, 0, 
466, 1, 468, 464, -1, 304, 244, 22.0, 13, ABaraaaaaaa, 3403, 0, 0, 0, , 0, 0, 0, 0, 0, 
467, 1, 469, 465, -1, 176, 301, 23.0, 17, Ealap, 3912, 0, 0, 0, , 0, 0, 0, 0, 0, 
468, 0, 470, -1, -1, 145, 301, 30.0, 17, , 2115, 0, 0, 0, , 0, 0, 0, 0, 0, 
469, 1, 471, 467, -1, 200, 276, 11.0, 15, ABplpaaaapp, 11801, 0, 0, 0, , 0, 0, 0, 0, 0, 
470, 0, 472, -1, -1, 268, 316, 21.0, 11, , 2050, 0, 0, 0, , 0, 0, 0, 0, 0, 
471, 1, 474, 469, -1, 245, 237, 21.0, 11, ABarapappap, 3229, 0, 0, 0, , 0, 0, 0, 0, 0, 
472, 0, 475, -1, -1, 263, 196, 13.0, 11, , 1733, 0, 0, 0, , 0, 0, 0, 0, 0, 
473, 1, 476, 471, -1, 108, 293, 17.0, 13, ABprpappppp, 4608, 0, 0, 0, , 0, 0, 0, 0, 0, 
474, 1, 477, 472, -1, 258, 267, 11.0, 17, ABalpapappp, 9580, 0, 0, 0, , 0, 0, 0, 0, 0, 
475, 1, 478, 473, -1, 107, 304, 29.0, 17, Eprpa, 2923, 0, 0, 0, , 0, 0, 0, 0, 0, 
476, 0, 479, -1, -1, 355, 273, 18.0, 15, , 4327, 0, 0, 0, , 0, 0, 0, 0, 0, 
477, 0, -1, -1, -1, 342, 280, 18.0, 7, , 904, 0, 0, 0, , 0, 0, 0, 0, 0, 
478, 1, 481, 476, -1, 313, 234, 33.0, 11, ABalapapapa, 3489, 0, 0, 0, , 0, 0, 0, 0, 0, 
479, 1, 482, 477, -1, 337, 198, 30.0, 11, ABalapppapp, 658, 0, 0, 0, , 0, 0, 0, 0, 0, 
480, 1, 483, 478, -1, 303, 212, 11.0, 19, ABalpapaaap, 6296, 0, 0, 0, , 0, 0, 0, 0, 0, 
481, 1, 484, 479, -1, 234, 209, 17.0, 11, MSpppapp, 2248, 0, 0, 0, , 0, 0, 0, 0, 0, 
482, 0, 485, -1, -1, 302, 281, 23.0, 11, , 3584, 0, 0, 0, , 0, 0, 0, 0, 0, 
483, 0, 487, -1, -1, 266, 225, 31.0, 11, , 1132, 0, 0, 0, , 0, 0, 0, 0, 0, 
484, 1, 488, 482, -1, 296, 229, 30.0, 13, ABaraappaaa, 5076, 0, 0, 0, , 0, 0, 0, 0, 0, 
485, 1, 489, 483, -1, 147, 322, 18.0, 11, Z3, 631, 0, 0, 0, , 0, 0, 0, 0, 0, 
486, 1, 490, 484, -1, 290, 299, 20.0, 11, ABalpppppap, 2246, 0, 0, 0, , 0, 0, 0, 0, 0, 
487, 1, 491, 485, -1, 310, 263, 12.0, 13, ABplpaaappp, 3565, 0, 0, 0, , 0, 0, 0, 0, 0, 
488, 0, 492, -1, -1, 336, 255, 27.0, 11, , 872, 0, 0, 0, , 0, 0, 0, 0, 0, 
489, 0, 493, -1, -1, 109, 296, 9.0, 15, , 2940, 0, 0, 0, , 0, 0, 0, 0, 0, 
490, 1, 494, 488, -1, 294, 297, 12.0, 13, ABplppaaaaa, 6821, 0, 0, 0, , 0, 0, 0, 0, 0, 
491, 1, 495, 489, -1, 265, 220, 20.0, 15, ABarapaaapa, 8299, 0, 0, 0, , 0, 0, 0, 0, 0, 
492, 1, 496, 490, -1, 286, 226, 29.0, 13, ABaraappaap, 5936, 0, 0, 0, , 0, 0, 0, 0, 0, 
493, 1, 497, 491, -1, 301, 222, 26.0, 13, ABaraaaapap, 236, 0, 0, 0, , 0, 0, 0, 0, 0, 
494, 1, 498, 492, -1, 250, 213, 31.0, 13, ABaraaapapa, 4417, 0, 0, 0, , 0, 0, 0, 0, 0, 
495, 1, 499, 493, -1, 192, 286, 26.0, 13, Earpa, 7475, 0, 0, 0, , 0, 0, 0, 0, 0, 
496, 1, 500, 494, -1, 317, 237, 19.0, 15, ABalpapaaaa, 13599, 0, 0, 0, , 0, 0, 0, 0, 0, 
497, 1, 501, 495, -1, 71, 261, 23.0, 17, Caappd, 6950, 0, 0, 0, , 0, 0, 0, 0, 0, 
498, 0, 502, -1, -1, 233, 232, 26.0, 13, , 3426, 0, 0, 0, , 0, 0, 0, 0, 0, 
499, 1, 503, 497, -1, 261, 188, 32.0, 15, ABarpppaaa, 4813, 0, 0, 0, , 0, 0, 0, 0, 0, 
500, 0, 504, -1, -1, 93, 318, 27.0, 19, , 5188, 0, 0, 0, , 0, 0, 0, 0, 0, 
501, 0, 505, -1, -1, 163, 332, 27.0, 11, , 563, 0, 0, 0, , 0, 0, 0, 0, 0, 
502, 0, 506, -1, -1, 334, 266, 24.0, 11, , 871, 0, 0, 0, , 0, 0, 0, 0, 0, 
503, 1, 507, 501, -1, 85, 262, 26.0, 19, Cpapaa, 33172, 0, 0, 0, , 0, 0, 0, 0, 0, 
504, 1, 508, 502, -1, 278, 184, 34.0, 11, ABalappapap, 1824, 0, 0, 0, , 0, 0, 0, 0, 0, 
505, 1, 509, 503, -1, 314, 274, 10.0, 13, ABplaappap, 3617, 0, 0, 0, , 0, 0, 0, 0, 0, 
506, 0, 510, -1, -1, 244, 175, 10.0, 9, , 1319, 0, 0, 0, , 0, 0, 0, 0, 0, 
507, 1, 511, 505, -1, 317, 295, 24.0, 11, ABalpppapppp, 1067, 0, 0, 0, , 0, 0, 0, 0, 0, 
508, 1, 512, 506, -1, 224, 265, 11.0, 13, ABplppaappa, 4013, 0, 0, 0, , 0, 0, 0, 0, 0, 
509, 1, 686, 507, -1, 273, 240, 36.0, 21, ABarppaapa, 1499, 0, 0, 0, , 0, 0, 0, 0, 0, 
510, 0, 514, -1, -1, 234, 196, 9.0, 13, , 673, 0, 0, 0, , 0, 0, 0, 0, 0, 
511, 1, 516, 509, -1, 111, 369, 22.0, 19, Cpapap, 9714, 0, 0, 0, , 0, 0, 0, 0, 0, 
512, 1, 517, 510, -1, 237, 245, 12.0, 13, ABplpaaaapa, 5253, 0, 0, 0, , 0, 0, 0, 0, 0, 
513, 1, 518, 511, -1, 332, 238, 11.0, 11, ABplpaaapap, 2185, 0, 0, 0, , 0, 0, 0, 0, 0, 
514, 1, 519, 512, -1, 262, 280, 25.0, 17, ABaraapapaa, 6985, 0, 0, 0, , 0, 0, 0, 0, 0, 
515, 0, 520, -1, -1, 324, 246, 30.0, 15, , 1957, 0, 0, 0, , 0, 0, 0, 0, 0, 
516, 1, 521, 514, -1, 92, 244, 15.0, 15, ABprpppaapp, 6427, 0, 0, 0, , 0, 0, 0, 0, 0, 
517, 1, 522, 515, -1, 133, 300, 11.0, 13, ABplppppapa, 3584, 0, 0, 0, , 0, 0, 0, 0, 0, 
518, 1, 523, 516, -1, 196, 246, 12.0, 13, ABprpapppap, 4348, 0, 0, 0, , 0, 0, 0, 0, 0, 
519, 1, 524, 517, -1, 299, 281, 20.0, 11, MSapapap, 1663, 0, 0, 0, , 0, 0, 0, 0, 0, 
520, 0, 525, -1, -1, 207, 276, 28.0, 9, , 979, 0, 0, 0, , 0, 0, 0, 0, 0, 
521, 1, 526, 519, -1, 249, 181, 34.0, 17, ABarpaappp, 5597, 0, 0, 0, , 0, 0, 0, 0, 0, 
522, 1, 527, 520, -1, 281, 283, 17.0, 9, MSapppaa, 1185, 0, 0, 0, , 0, 0, 0, 0, 0, 
523, 0, 528, -1, -1, 212, 246, 14.0, 11, , 3701, 0, 0, 0, , 0, 0, 0, 0, 0, 
524, 1, 529, 522, -1, 307, 238, 23.0, 13, ABalpaapaaa, 3843, 0, 0, 0, , 0, 0, 0, 0, 0, 
525, 0, 530, -1, -1, 330, 237, 33.0, 9, , 1118, 0, 0, 0, , 0, 0, 0, 0, 0, 
526, 0, 531, -1, -1, 242, 178, 27.0, 13, , 285, 0, 0, 0, , 0, 0, 0, 0, 0, 
527, 0, 532, -1, -1, 274, 317, 15.0, 13, , 3924, 0, 0, 0, , 0, 0, 0, 0, 0, 
528, 1, 533, 526, -1, 263, 327, 14.0, 13, ABplaapppp, 3686, 0, 0, 0, , 0, 0, 0, 0, 0, 
529, 1, 534, 527, -1, 267, 219, 32.0, 11, MSpaaaapa, 2302, 0, 0, 0, , 0, 0, 0, 0, 0, 
530, 1, 535, 528, -1, 164, 326, 28.0, 19, Eplaa, 6420, 0, 0, 0, , 0, 0, 0, 0, 0, 
531, 1, 536, 529, -1, 312, 188, 23.0, 11, ABalaaappll, 5962, 0, 0, 0, , 0, 0, 0, 0, 0, 
532, 1, 537, 530, -1, 340, 277, 26.0, 13, ABalaaapall, 3639, 0, 0, 0, , 0, 0, 0, 0, 0, 
533, 1, 538, 531, -1, 249, 209, 27.0, 15, ABarapaappa, 10073, 0, 0, 0, , 0, 0, 0, 0, 0, 
534, 1, 539, 532, -1, 317, 164, 23.0, 9, ABarpappap, 2492, 0, 0, 0, , 0, 0, 0, 0, 0, 
535, 1, 540, 533, -1, 235, 311, 35.0, 17, Dappap, 7781, 0, 0, 0, , 0, 0, 0, 0, 0, 
536, 1, 541, 534, -1, 327, 224, 27.0, 13, ABalapappaa, 1009, 0, 0, 0, , 0, 0, 0, 0, 0, 
537, 1, 542, 535, -1, 362, 233, 26.0, 11, ABplaaaaaap, 3256, 0, 0, 0, , 0, 0, 0, 0, 0, 
538, 1, 543, 536, -1, 269, 214, 35.0, 15, MSpppppp, 862, 0, 0, 0, , 0, 0, 0, 0, 0, 
539, 1, 544, 537, -1, 188, 305, 27.0, 13, Earap, 604, 0, 0, 0, , 0, 0, 0, 0, 0, 
540, 1, 545, 538, -1, 324, 199, 28.0, 15, ABarpapaaaa, 3195, 0, 0, 0, , 0, 0, 0, 0, 0, 
541, 0, 546, -1, -1, 260, 184, 30.0, 11, , 1897, 0, 0, 0, , 0, 0, 0, 0, 0, 
542, 0, 547, -1, -1, 139, 320, 18.0, 17, , 5319, 0, 0, 0, , 0, 0, 0, 0, 0, 
543, 1, 697, 541, -1, 189, 257, 26.0, 19, Earaad, 18960, 0, 0, 0, , 0, 0, 0, 0, 0, 
544, 0, 549, -1, -1, 126, 302, 30.0, 11, , 1324, 0, 0, 0, , 0, 0, 0, 0, 0, 
545, 0, 550, -1, -1, 128, 309, 29.0, 19, , 8758, 0, 0, 0, , 0, 0, 0, 0, 0, 
546, 0, 551, -1, -1, 317, 262, 13.0, 11, , 2503, 0, 0, 0, , 0, 0, 0, 0, 0, 
547, 1, 552, 545, -1, 271, 174, 25.0, 11, ABpraaapaav, 2249, 0, 0, 0, , 0, 0, 0, 0, 0, 
548, 1, 553, 546, -1, 304, 230, 36.0, 13, ABarpaappa, 1065, 0, 0, 0, , 0, 0, 0, 0, 0, 
549, 0, 554, -1, -1, 311, 264, 16.0, 13, , 7004, 0, 0, 0, , 0, 0, 0, 0, 0, 
550, 0, 555, -1, -1, 82, 245, 21.0, 11, , 3617, 0, 0, 0, , 0, 0, 0, 0, 0, 
551, 1, 556, 549, -1, 239, 226, 24.0, 13, ABarapaappp, 4083, 0, 0, 0, , 0, 0, 0, 0, 0, 
552, 0, 557, -1, -1, 347, 266, 20.0, 11, , 2392, 0, 0, 0, , 0, 0, 0, 0, 0, 
553, 1, 558, 551, -1, 312, 285, 17.0, 11, ABalapaapaa, 1970, 0, 0, 0, , 0, 0, 0, 0, 0, 
554, 0, 559, -1, -1, 252, 205, 19.0, 13, , 2696, 0, 0, 0, , 0, 0, 0, 0, 0, 
555, 0, 560, -1, -1, 349, 263, 18.0, 9, , 390, 0, 0, 0, , 0, 0, 0, 0, 0, 
556, 1, 561, 554, -1, 281, 226, 31.0, 17, ABaraappapa, 8061, 0, 0, 0, , 0, 0, 0, 0, 0, 
557, 1, 562, 555, -1, 90, 334, 16.0, 17, ABplapapppp, 6283, 0, 0, 0, , 0, 0, 0, 0, 0, 
558, 1, 563, 556, -1, 237, 254, 22.0, 11, ABarapapaaa, 5822, 0, 0, 0, , 0, 0, 0, 0, 0, 
559, 1, 564, 557, -1, 273, 218, 23.0, 13, ABarapaaaaa, 5982, 0, 0, 0, , 0, 0, 0, 0, 0, 
560, 1, 565, 558, -1, 96, 281, 33.0, 17, Cpppapa, 7040, 0, 0, 0, , 0, 0, 0, 0, 0, 
561, 1, 566, 559, -1, 355, 256, 23.0, 13, ABalapaaapp, 2851, 0, 0, 0, , 0, 0, 0, 0, 0, 
562, 0, 567, -1, -1, 327, 272, 26.0, 13, , 1402, 0, 0, 0, , 0, 0, 0, 0, 0, 
563, 1, 568, 561, -1, 267, 255, 22.0, 17, ABalpappppp, 3496, 0, 0, 0, , 0, 0, 0, 0, 0, 
564, 0, 569, -1, -1, 264, 259, 21.0, 11, , 1098, 0, 0, 0, , 0, 0, 0, 0, 0, 
565, 0, 570, -1, -1, 317, 212, 32.0, 13, , 2868, 0, 0, 0, , 0, 0, 0, 0, 0, 
566, 1, 571, 564, -1, 319, 282, 27.0, 15, ABalapaaaaa, 3716, 0, 0, 0, , 0, 0, 0, 0, 0, 
567, 1, 572, 565, -1, 186, 225, 26.0, 15, MSppapaa, 3260, 0, 0, 0, , 0, 0, 0, 0, 0, 
568, 1, 573, 566, -1, 103, 258, 33.0, 13, Caaapp, 810, 0, 0, 0, , 0, 0, 0, 0, 0, 
569, 1, 574, 567, -1, 289, 232, 9.0, 15, ABarappaaap, 8489, 0, 0, 0, , 0, 0, 0, 0, 0, 
570, 0, 575, -1, -1, 260, 255, 26.0, 9, , 1444, 0, 0, 0, , 0, 0, 0, 0, 0, 
571, 0, 576, -1, -1, 267, 251, 27.0, 11, , 1526, 0, 0, 0, , 0, 0, 0, 0, 0, 
572, 0, 577, -1, -1, 300, 180, 27.0, 11, , 3374, 0, 0, 0, , 0, 0, 0, 0, 0, 
573, 0, -1, -1, -1, 290, 270, 13.0, 11, , 1069, 0, 0, 0, , 0, 0, 0, 0, 0, 
574, 0, 579, -1, -1, 112, 300, 27.0, 17, , 4600, 0, 0, 0, , 0, 0, 0, 0, 0, 
575, 1, 580, 573, -1, 209, 261, 29.0, 13, MSpaapapp, 7109, 0, 0, 0, , 0, 0, 0, 0, 0, 
576, 1, 581, 574, -1, 290, 173, 22.0, 13, ABpraapaapa, 4567, 0, 0, 0, , 0, 0, 0, 0, 0, 
577, 0, 582, -1, -1, 270, 322, 17.0, 11, , 1181, 0, 0, 0, , 0, 0, 0, 0, 0, 
578, 1, 583, 575, -1, 241, 191, 11.0, 11, ABpraapppa, 2466, 0, 0, 0, , 0, 0, 0, 0, 0, 
579, 0, 584, -1, -1, 317, 241, 15.0, 11, , 2009, 0, 0, 0, , 0, 0, 0, 0, 0, 
580, 1, 585, 577, -1, 323, 230, 14.0, 15, ABplpaaapaa, 4985, 0, 0, 0, , 0, 0, 0, 0, 0, 
581, 1, 312, 578, -1, 92, 356, 19.0, 17, Cpappd, 13147, 0, 0, 0, , 0, 0, 0, 0, 0, 
582, 1, 587, 579, -1, 360, 200, 25.0, 13, ABplaaaapa, 3399, 0, 0, 0, , 0, 0, 0, 0, 0, 
583, 0, 588, -1, -1, 228, 322, 20.0, 13, , 2783, 0, 0, 0, , 0, 0, 0, 0, 0, 
584, 0, 588, -1, -1, 234, 323, 21.0, 17, , 6566, 0, 0, 0, , 0, 0, 0, 0, 0, 
585, 1, 589, 582, -1, 279, 176, 16.0, 13, ABpraaaapad, 8195, 0, 0, 0, , 0, 0, 0, 0, 0, 
586, 0, 590, -1, -1, 278, 260, 29.0, 11, , 2349, 0, 0, 0, , 0, 0, 0, 0, 0, 
587, 0, 591, -1, -1, 290, 261, 26.0, 11, , 2604, 0, 0, 0, , 0, 0, 0, 0, 0, 
588, 1, 592, 585, -1, 294, 264, 25.0, 15, ABalpaaapaa, 4919, 0, 0, 0, , 0, 0, 0, 0, 0, 
589, 1, 593, 586, -1, 169, 305, 30.0, 17, Epraa, 1732, 0, 0, 0, , 0, 0, 0, 0, 0, 
590, 0, 594, -1, -1, 227, 346, 29.0, 15, , 1708, 0, 0, 0, , 0, 0, 0, 0, 0, 
591, 0, -1, -1, -1, 201, 289, 28.0, 17, , 16354, 0, 0, 0, , 0, 0, 0, 0, 0, 
592, 1, 596, 589, -1, 92, 281, 10.0, 17, ABprpppapap, 3854, 0, 0, 0, , 0, 0, 0, 0, 0, 
593, 1, 597, 590, -1, 356, 252, 27.0, 13, ABalapapppp, 2330, 0, 0, 0, , 0, 0, 0, 0, 0, 
594, 1, 598, 591, -1, 291, 197, 14.0, 13, ABprpaaapaa, 4257, 0, 0, 0, , 0, 0, 0, 0, 0, 
595, 0, 599, -1, -1, 267, 323, 16.0, 11, , 927, 0, 0, 0, , 0, 0, 0, 0, 0, 
596, 1, 600, 592, -1, 287, 277, 9.0, 13, ABplaapppa, 1399, 0, 0, 0, , 0, 0, 0, 0, 0, 
597, 0, 601, -1, -1, 281, 276, 10.0, 15, , 3558, 0, 0, 0, , 0, 0, 0, 0, 0, 
598, 0, 603, -1, -1, 99, 309, 10.0, 11, , 3292, 0, 0, 0, , 0, 0, 0, 0, 0, 
599, 1, 604, 595, -1, 119, 360, 18.0, 17, ABarppappp, 4593, 0, 0, 0, , 0, 0, 0, 0, 0, 
600, 0, 605, -1, -1, 350, 235, 23.0, 11, , 978, 0, 0, 0, , 0, 0, 0, 0, 0, 
601, 1, 606, 597, -1, 292, 188, 34.0, 15, MSppappa, 5868, 0, 0, 0, , 0, 0, 0, 0, 0, 
602, 1, 607, 598, -1, 293, 241, 32.0, 13, MSaaaaapaa, 2751, 0, 0, 0, , 0, 0, 0, 0, 0, 
603, 0, 608, -1, -1, 323, 250, 33.0, 13, , 2327, 0, 0, 0, , 0, 0, 0, 0, 0, 
604, 1, 609, 675, -1, 146, 367, 26.0, 15, Cpaapp, 5079, 0, 0, 0, , 0, 0, 0, 0, 0, 
605, 1, 610, 600, -1, 271, 231, 15.0, 11, ABplpappaaa, 4152, 0, 0, 0, , 0, 0, 0, 0, 0, 
606, 0, 611, -1, -1, 246, 317, 16.0, 11, , 2916, 0, 0, 0, , 0, 0, 0, 0, 0, 
607, 1, 612, 602, -1, 234, 255, 19.0, 13, ABarapapppa, 6188, 0, 0, 0, , 0, 0, 0, 0, 0, 
608, 1, 613, 603, -1, 252, 163, 23.0, 13, ABpraapapppa, 4063, 0, 0, 0, , 0, 0, 0, 0, 0, 
609, 1, 614, 604, -1, 332, 291, 19.0, 11, ABalpppapppa, 2298, 0, 0, 0, , 0, 0, 0, 0, 0, 
610, 1, 615, 605, -1, 222, 316, 26.0, 21, Ealaav, 15757, 0, 0, 0, , 0, 0, 0, 0, 0, 
611, 0, 616, -1, -1, 114, 329, 29.0, 13, , 3146, 0, 0, 0, , 0, 0, 0, 0, 0, 
612, 0, 617, -1, -1, 140, 327, 27.0, 17, , 5946, 0, 0, 0, , 0, 0, 0, 0, 0, 
613, 0, 618, -1, -1, 259, 161, 29.0, 15, , 3625, 0, 0, 0, , 0, 0, 0, 0, 0, 
614, 1, 619, 609, -1, 254, 299, 17.0, 13, Daaaa, 5318, 0, 0, 0, , 0, 0, 0, 0, 0, 
615, 0, 620, -1, -1, 311, 223, 12.0, 9, , 2519, 0, 0, 0, , 0, 0, 0, 0, 0, 
616, 0, 621, -1, -1, 235, 250, 15.0, 11, , 4002, 0, 0, 0, , 0, 0, 0, 0, 0, 
617, 1, 622, 612, -1, 339, 249, 18.0, 11, ABalaaapalr, 2059, 0, 0, 0, , 0, 0, 0, 0, 0, 
618, 1, 623, 613, -1, 255, 224, 20.0, 13, ABarapaaaap, 3656, 0, 0, 0, , 0, 0, 0, 0, 0, 
619, 1, 624, 614, -1, 224, 178, 24.0, 11, ABpraaapppaa, 2327, 0, 0, 0, , 0, 0, 0, 0, 0, 
620, 1, 625, 615, -1, 240, 187, 31.0, 17, ABprapaaaap, 5474, 0, 0, 0, , 0, 0, 0, 0, 0, 
621, 0, 626, -1, -1, 172, 313, 30.0, 15, , 4299, 0, 0, 0, , 0, 0, 0, 0, 0, 
622, 1, 629, 617, -1, 270, 333, 22.0, 15, ABarppapaa, 5414, 0, 0, 0, , 0, 0, 0, 0, 0, 
623, 1, 630, 618, -1, 263, 238, 11.0, 19, ABalpapapap, 28771, 0, 0, 0, , 0, 0, 0, 0, 0, 
624, 0, 631, -1, -1, 258, 324, 13.0, 15, , 3212, 0, 0, 0, , 0, 0, 0, 0, 0, 
625, 0, 632, -1, -1, 247, 158, 14.0, 9, , 431, 0, 0, 0, , 0, 0, 0, 0, 0, 
626, 1, 633, 620, -1, 231, 167, 21.0, 13, ABpraaappppa, 6624, 0, 0, 0, , 0, 0, 0, 0, 0, 
627, 1, 634, 621, -1, 133, 337, 18.0, 13, MSappaap, 3865, 0, 0, 0, , 0, 0, 0, 0, 0, 
628, 1, 635, 622, -1, 263, 321, 33.0, 13, Cpaaaa, 2958, 0, 0, 0, , 0, 0, 0, 0, 0, 
629, 0, 637, -1, -1, 278, 237, 36.0, 13, , 2621, 0, 0, 0, , 0, 0, 0, 0, 0, 
630, 0, 638, -1, -1, 229, 161, 25.0, 9, , 459, 0, 0, 0, , 0, 0, 0, 0, 0, 
631, 1, 639, 625, -1, 269, 185, 28.0, 13, ABpraaapapa, 1390, 0, 0, 0, , 0, 0, 0, 0, 0, 
632, 1, 640, 626, -1, 224, 224, 13.0, 13, ABprpapapap, 5791, 0, 0, 0, , 0, 0, 0, 0, 0, 
633, 0, 641, -1, -1, 260, 156, 20.0, 9, , 494, 0, 0, 0, , 0, 0, 0, 0, 0, 
634, 0, 642, -1, -1, 294, 183, 24.0, 11, , 750, 0, 0, 0, , 0, 0, 0, 0, 0, 
635, 1, 643, 629, -1, 280, 287, 27.0, 11, MSaaapaap, 1589, 0, 0, 0, , 0, 0, 0, 0, 0, 
636, 0, 645, -1, -1, 101, 272, 10.0, 9, , 837, 0, 0, 0, , 0, 0, 0, 0, 0, 
637, 0, 646, -1, -1, 208, 200, 26.0, 13, , 3854, 0, 0, 0, , 0, 0, 0, 0, 0, 
638, 0, 647, -1, -1, 308, 271, 9.0, 21, , 1891, 0, 0, 0, , 0, 0, 0, 0, 0, 
639, 1, 648, 633, -1, 337, 227, 19.0, 13, ABalaaaarla, 1740, 0, 0, 0, , 0, 0, 0, 0, 0, 
640, 0, 649, -1, -1, 326, 270, 21.0, 11, , 1562, 0, 0, 0, , 0, 0, 0, 0, 0, 
641, 0, 650, -1, -1, 305, 172, 30.0, 11, , 2539, 0, 0, 0, , 0, 0, 0, 0, 0, 
642, 0, 651, -1, -1, 69, 256, 21.0, 11, , 1157, 0, 0, 0, , 0, 0, 0, 0, 0, 
643, 0, 652, -1, -1, 254, 229, 22.0, 11, , 3420, 0, 0, 0, , 0, 0, 0, 0, 0, 
644, 1, 653, 638, -1, 249, 220, 11.0, 17, ABarappapap, 10915, 0, 0, 0, , 0, 0, 0, 0, 0, 
645, 0, 654, -1, -1, 143, 319, 19.0, 19, , 7060, 0, 0, 0, , 0, 0, 0, 0, 0, 
646, 0, 655, -1, -1, 247, 192, 20.0, 7, , 369, 0, 0, 0, , 0, 0, 0, 0, 0, 
647, 0, 656, -1, -1, 288, 181, 26.0, 9, , 1056, 0, 0, 0, , 0, 0, 0, 0, 0, 
648, 0, 657, -1, -1, 169, 328, 27.0, 13, , 3204, 0, 0, 0, , 0, 0, 0, 0, 0, 
649, 0, 658, -1, -1, 172, 347, 30.0, 15, , 4464, 0, 0, 0, , 0, 0, 0, 0, 0, 
650, 1, 659, 644, -1, 274, 236, 18.0, 15, ABalpappapa, 4986, 0, 0, 0, , 0, 0, 0, 0, 0, 
651, 0, 660, -1, -1, 204, 270, 25.0, 11, , 567, 0, 0, 0, , 0, 0, 0, 0, 0, 
652, 1, 661, 646, -1, 297, 308, 28.0, 15, ABplapaaaap, 5101, 0, 0, 0, , 0, 0, 0, 0, 0, 
653, 1, 662, 647, -1, 270, 192, 16.0, 13, ABprpaaappa, 3503, 0, 0, 0, , 0, 0, 0, 0, 0, 
654, 0, 663, -1, -1, 297, 186, 13.0, 11, , 5190, 0, 0, 0, , 0, 0, 0, 0, 0, 
655, 1, 665, 649, -1, 250, 249, 19.0, 13, ABalpappppa, 1442, 0, 0, 0, , 0, 0, 0, 0, 0, 
656, 0, 666, -1, -1, 103, 297, 23.0, 17, , 15471, 0, 0, 0, , 0, 0, 0, 0, 0, 
657, 0, 667, -1, -1, 173, 242, 23.0, 11, , 1265, 0, 0, 0, , 0, 0, 0, 0, 0, 
658, 0, 668, -1, -1, 194, 312, 28.0, 15, , 6261, 0, 0, 0, , 0, 0, 0, 0, 0, 
659, 1, 669, 653, -1, 244, 334, 28.0, 15, Caaaaa, 1203, 0, 0, 0, , 0, 0, 0, 0, 0, 
660, 0, 670, -1, -1, 222, 176, 30.0, 17, , 3443, 0, 0, 0, , 0, 0, 0, 0, 0, 
661, 1, 671, 655, -1, 212, 326, 34.0, 13, Dapppa, 3581, 0, 0, 0, , 0, 0, 0, 0, 0, 
662, 0, 672, -1, -1, 230, 245, 18.0, 11, , 780, 0, 0, 0, , 0, 0, 0, 0, 0, 
663, 1, 673, 657, -1, 305, 234, 15.0, 15, ABalppapaap, 5167, 0, 0, 0, , 0, 0, 0, 0, 0, 
664, 0, 674, -1, -1, 279, 314, 13.0, 13, , 4464, 0, 0, 0, , 0, 0, 0, 0, 0, 
665, 1, 675, 659, -1, 169, 277, 15.0, 11, ABplpapappp, 2840, 0, 0, 0, , 0, 0, 0, 0, 0, 
666, 0, 676, -1, -1, 285, 273, 15.0, 15, , 3986, 0, 0, 0, , 0, 0, 0, 0, 0, 
667, 0, 677, -1, -1, 194, 187, 22.0, 13, , 3803, 0, 0, 0, , 0, 0, 0, 0, 0, 
668, 0, 678, -1, -1, 87, 236, 23.0, 9, , 530, 0, 0, 0, , 0, 0, 0, 0, 0, 
669, 0, 679, -1, -1, 142, 272, 24.0, 17, , 3615, 0, 0, 0, , 0, 0, 0, 0, 0, 
670, 0, 680, -1, -1, 98, 320, 26.0, 19, , 7094, 0, 0, 0, , 0, 0, 0, 0, 0, 
671, 0, 681, -1, -1, 253, 161, 27.0, 13, , 2479, 0, 0, 0, , 0, 0, 0, 0, 0, 
672, 0, 682, -1, -1, 332, 277, 15.0, 11, , 1250, 0, 0, 0, , 0, 0, 0, 0, 0, 
673, 0, 683, -1, -1, 248, 193, 21.0, 13, , 877, 0, 0, 0, , 0, 0, 0, 0, 0, 
674, 1, 689, 668, -1, 145, 274, 22.0, 19, Z2, 10535, 0, 0, 0, , 0, 0, 0, 0, 0, 
675, 0, -1, -1, -1, 176, 298, 21.0, 23, , 15578, 0, 0, 0, , 0, 0, 0, 0, 0, 
676, 1, 692, 670, -1, 127, 277, 36.0, 19, Cppapap, 14162, 0, 0, 0, , 0, 0, 0, 0, 0, 
677, 1, 706, 671, -1, 348, 244, 28.0, 13, ABplaaaaapp, 2502, 0, 0, 0, , 0, 0, 0, 0, 0, 
678, 0, 694, -1, -1, 196, 221, 28.0, 11, , 553, 0, 0, 0, , 0, 0, 0, 0, 0, 
679, 0, -1, -1, -1, 279, 196, 30.0, 15, , 7452, 0, 0, 0, , 0, 0, 0, 0, 0, 
680, 0, -1, -1, -1, 223, 198, 34.0, 13, , 948, 0, 0, 0, , 0, 0, 0, 0, 0, 
681, 0, -1, -1, -1, 329, 235, 36.0, 13, , 890, 0, 0, 0, , 0, 0, 0, 0, 0, 
682, 0, -1, -1, -1, 146, 367, 28.0, 13, , 1582, 0, 0, 0, , 0, 0, 0, 0, 0, 
683, 1, 687, 683, -1, 225, 344, 32.0, 15, Cpaaap, 0, 0, 0, 0, , 0, 0, 0, 0, 0, 
684, 0, 688, -1, -1, 266, 176, 18.0, 13, , 0, 0, 0, 0, , 0, 0, 0, 0, 0, 
685, 1, 690, 685, -1, 190, 332, 33.333332, 15, Dapppp, 0, 0, 0, 0, , 0, 0, 0, 0, 0, 
686, 1, 691, 686, -1, 176, 272, 33.0, 13, Dppppp, 0, 0, 0, 0, , 0, 0, 0, 0, 0, 
687, 1, 693, 687, -1, 138, 256, 33.0, 15, Caaapa, 0, 0, 0, 0, , 0, 0, 0, 0, 0, 
688, 1, 486, 581, -1, 235, 325, 22.5, 14, MSapapaa, 1805, 0, 0, 0, , 0, 0, 0, 0, 0, 
689, 0, 695, -1, -1, 116, 330, 33.0, 15, , 0, 0, 0, 0, , 0, 0, 0, 0, 0, 
690, 1, 696, 690, -1, 164, 248, 33.0, 15, Caaaap, 0, 0, 0, 0, , 0, 0, 0, 0, 0, 
691, 0, 551, -1, -1, 306, 265, 13.333333, 11, , 2930, 0, 0, 0, , 0, 0, 0, 0, 0, 
692, 1, 698, 692, -1, 338, 278, 22.0, 11, ABplaapaapp, 870, 0, 0, 0, , 0, 0, 0, 0, 0, 
693, 1, 700, 693, -1, 294, 212, 18.714285, 11, ABaraaappap, 1595, 0, 0, 0, , 0, 0, 0, 0, 0, 
694, 0, 701, -1, -1, 325, 198, 27.333334, 13, , 1038, 0, 0, 0, , 0, 0, 0, 0, 0, 
695, 0, 79, -1, -1, 332, 213, 30.0, 9, , 0, 0, 0, 0, , 0, 0, 0, 0, 0, 
696, 0, 702, -1, -1, 345, 224, 25.0, 15, , 0, 0, 0, 0, , 0, 0, 0, 0, 0, 
697, 1, 703, 696, -1, 76, 281, 13.0, 13, ABprppppppp, 0, 0, 0, 0, , 0, 0, 0, 0, 0, 
698, 0, 704, -1, -1, 223, 221, 12.0, 13, , 0, 0, 0, 0, , 0, 0, 0, 0, 0, 
699, 1, 705, 698, -1, 228, 212, 13.0, 15, ABprpaapppa, 0, 0, 0, 0, , 0, 0, 0, 0, 0, 
700, 1, 699, 699, -1, 272, 217, 24.0, 13, ABaraaaaapp, 3581, 0, 0, 0, , 0, 0, 0, 0, 0, 
701, 1, 707, 700, -1, 274, 254, 12.0, 13, ABplpapaapp, 0, 0, 0, 0, , 0, 0, 0, 0, 0, 
702, 1, 708, 701, -1, 228, 179, 27.0, 13, ABpraapapppp, 0, 0, 0, 0, , 0, 0, 0, 0, 0, 
703, 1, 164, 702, -1, 252, 236, 16.0, 15, ABprpapppaa, 10915, 0, 0, 0, , 0, 0, 0, 0, 0, 
704, 1, 709, 162, -1, 253, 239, 14.0, 12, ABprpappaap, 4403, 0, 0, 0, , 0, 0, 0, 0, 0, 
705, 0, 710, -1, -1, 308, 251, 13.0, 15, , 0, 0, 0, 0, , 0, 0, 0, 0, 0, 
706, 1, 711, 704, -1, 105, 300, 10.0, 15, ABplpppapap, 0, 0, 0, 0, , 0, 0, 0, 0, 0, 
707, 1, 712, 705, -1, 265, 175, 18.0, 13, ABalaappapa, 0, 0, 0, 0, , 0, 0, 0, 0, 0, 
708, 0, 713, -1, -1, 351, 305, 26.571428, 13, , 0, 0, 0, 0, , 0, 0, 0, 0, 0, 
709, 1, 177, 708, -1, 276, 193, 10.2, 15, ABprpaapapp, 7527, 0, 0, 0, , 0, 0, 0, 0, 0, 
710, 1, 714, 714, -1, 294, 189, 16.0, 13, ABpraaaaaap, 0, 0, 0, 0, , 0, 0, 0, 0, 0, 
711, 1, 715, 709, -1, 258, 317, 17.0, 16, ABplppaaaap, 0, 0, 0, 0, , 0, 0, 0, 0, 0, 
712, 1, 716, 710, -1, 212, 250, 15.0, 15, ABplpappaap, 0, 0, 0, 0, , 0, 0, 0, 0, 0, 
713, 1, 717, 711, -1, 228, 228, 26.0, 13, ABaraapppaa, 0, 0, 0, 0, , 0, 0, 0, 0, 0, 
714, 1, 718, 712, -1, 298, 248, 26.0, 13, ABalpaapaap, 0, 0, 0, 0, , 0, 0, 0, 0, 0, 
715, 1, 720, 713, -1, 306, 226, 18.0, 13, ABalpaappap, 0, 0, 0, 0, , 0, 0, 0, 0, 0, 
716, 1, 721, 723, -1, 336, 252, 26.0, 13, ABalapaaapa, 0, 0, 0, 0, , 0, 0, 0, 0, 0, 
717, 0, 722, -1, -1, 283, 183, 21.0, 13, , 0, 0, 0, 0, , 0, 0, 0, 0, 0, 
718, 1, 723, 740, -1, 290, 181, 17.0, 11, ABalaappapp, 0, 0, 0, 0, , 0, 0, 0, 0, 0, 
719, 1, 726, 716, -1, 311, 254, 18.0, 13, ABalppappap, 0, 0, 0, 0, , 0, 0, 0, 0, 0, 
720, 0, 727, -1, -1, 298, 321, 10.123595, 12, , 0, 0, 0, 0, , 0, 0, 0, 0, 0, 
721, 1, 728, 175, -1, 270, 195, 13.0, 13, ABalaapappp, 0, 0, 0, 0, , 0, 0, 0, 0, 0, 
722, 1, 730, 718, -1, 282, 228, 15.0, 13, ABprpappaaa, 0, 0, 0, 0, , 0, 0, 0, 0, 0, 
723, 1, 733, 719, -1, 318, 180, 26.0, 13, ABarpapaappa, 0, 0, 0, 0, , 0, 0, 0, 0, 0, 
724, 1, 734, 720, -1, 284, 274, 14.0, 15, MSappapp, 0, 0, 0, 0, , 0, 0, 0, 0, 0, 
725, 0, 735, -1, -1, 277, 176, 29.181818, 11, , 976, 0, 0, 0, , 0, 0, 0, 0, 0, 
726, 0, 731, -1, -1, 286, 188, 24.0, 13, , 0, 0, 0, 0, , 0, 0, 0, 0, 0, 
727, 1, 736, 724, -1, 126, 309, 29.0, 15, Eprap, 0, 0, 0, 0, , 0, 0, 0, 0, 0, 
728, 0, 737, -1, -1, 122, 310, 31.0, 15, , 0, 0, 0, 0, , 0, 0, 0, 0, 0, 
729, 1, 738, 726, -1, 210, 291, 29.666666, 16, Earaav, 16354, 0, 0, 0, , 0, 0, 0, 0, 0, 
730, 1, 739, 727, -1, 252, 205, 18.555555, 13, MSppaaaav, 0, 0, 0, 0, , 0, 0, 0, 0, 0, 
731, 1, 740, 728, -1, 220, 188, 11.75, 13, ABprppaapaa, 0, 0, 0, 0, , 0, 0, 0, 0, 0, 
732, 1, 741, 729, -1, 83, 242, 22.333334, 12, ABprapppaap, 5107, 0, 0, 0, , 0, 0, 0, 0, 0, 
733, 1, 742, 730, -1, 283, 257, 10.0, 15, ABplpaapppp, 0, 0, 0, 0, , 0, 0, 0, 0, 0, 
734, 1, 743, 731, -1, 261, 266, 13.0, 12, ABplpaapppa, 0, 0, 0, 0, , 0, 0, 0, 0, 0, 
735, 1, 393, 72, -1, 319, 178, 19.0, 13, ABarpappaa, 3511, 0, 0, 0, , 0, 0, 0, 0, 0, 
736, 1, 60, 733, -1, 331, 275, 24.0, 11, ABalppppapa, 572, 0, 0, 0, , 0, 0, 0, 0, 0, 
737, 1, 744, 734, -1, 301, 295, 22.142857, 13, ABalppppaad, 0, 0, 0, 0, , 0, 0, 0, 0, 0, 
738, 1, 745, 735, -1, 310, 248, 12.5, 13, ABalppaappp, 0, 0, 0, 0, , 0, 0, 0, 0, 0, 
739, 1, 746, 736, -1, 327, 273, 16.4, 13, ABalppaaapa, 0, 0, 0, 0, , 0, 0, 0, 0, 0, 
740, 0, 725, -1, -1, 295, 182, 29.0, 13, , 0, 0, 0, 0, , 0, 0, 0, 0, 0, 
741, 0, 747, -1, -1, 325, 193, 25.857143, 13, , 0, 0, 0, 0, , 0, 0, 0, 0, 0, 
742, 0, 748, -1, -1, 332, 215, 25.0, 15, , 0, 0, 0, 0, , 0, 0, 0, 0, 0, 
743, 0, 749, -1, -1, 333, 280, 29.25, 12, , 0, 0, 0, 0, , 0, 0, 0, 0, 0, 
744, 1, 750, 742, -1, 343, 270, 17.5, 10, ABalapaapap, 533, 0, 0, 0, , 0, 0, 0, 0, 0, 
745, 1, 751, 743, -1, 102, 283, 12.0, 13, Caapaa, 0, 0, 0, 0, , 0, 0, 0, 0, 0, 
746, 1, 752, 744, -1, 265, 173, 30.0, 13, ABalapppppa, 0, 0, 0, 0, , 0, 0, 0, 0, 0, 
747, 1, 753, 745, -1, 311, 263, 13.875, 15, ABplpaaappa, 0, 0, 0, 0, , 0, 0, 0, 0, 0, 
748, 0, 754, -1, -1, 162, 321, 33.0, 15, , 0, 0, 0, 0, , 0, 0, 0, 0, 0, 
749, 1, 755, 747, -1, 187, 354, 30.8, 15, Cpaapa, 0, 0, 0, 0, , 0, 0, 0, 0, 0, 
750, 1, 756, 748, -1, 332, 238, 35.0, 15, ABarpaapap, 0, 0, 0, 0, , 0, 0, 0, 0, 0, 
751, 1, 757, 749, -1, 254, 162, 28.0, 15, ABarpapppp, 0, 0, 0, 0, , 0, 0, 0, 0, 0, 
752, 1, 758, 750, -1, 288, 309, 21.25, 11, ABalppppppaa, 0, 0, 0, 0, , 0, 0, 0, 0, 0, 
753, 1, 759, 751, -1, 330, 280, 29.0, 11, ABalapapppa, 0, 0, 0, 0, , 0, 0, 0, 0, 0, 
754, 1, 760, 752, -1, 256, 183, 29.0, 13, ABalappapaa, 0, 0, 0, 0, , 0, 0, 0, 0, 0, 
755, 0, 761, -1, -1, 294, 173, 29.0, 13, , 0, 0, 0, 0, , 0, 0, 0, 0, 0, 
756, 0, 762, -1, -1, 284, 187, 22.0, 13, , 0, 0, 0, 0, , 0, 0, 0, 0, 0, 
757, 1, 763, 754, -1, 282, 188, 22.0, 13, ABalaappppa, 0, 0, 0, 0, , 0, 0, 0, 0, 0, 
758, 1, 764, 755, -1, 287, 188, 24.0, 13, ABalaappppp, 0, 0, 0, 0, , 0, 0, 0, 0, 0, 
759, 1, 570, 756, -1, 317, 212, 32.0, 15, ABalapppapa, 0, 0, 0, 0, , 0, 0, 0, 0, 0, 
760, 0, 765, -1, -1, 294, 174, 29.5, 11, , 0, 0, 0, 0, , 0, 0, 0, 0, 0, 
761, 1, 767, 758, -1, 283, 261, 16.0, 15, MSapaaaav, 0, 0, 0, 0, , 0, 0, 0, 0, 0, 
762, 1, 768, 759, -1, 300, 180, 26.0, 13, ABalaapaaar, 0, 0, 0, 0, , 0, 0, 0, 0, 0, 
763, 1, 769, 760, -1, 280, 176, 30.0, 13, ABalaaapprr, 0, 0, 0, 0, , 0, 0, 0, 0, 0, 
764, 1, 770, -1, -1, 298, 199, 28.0, 13, ABalappppaap, 0, 0, 0, 0, , 0, 0, 0, 0, 0, 
765, 1, 771, 761, -1, 343, 223, 24.75, 13, ABalapappap, 0, 0, 0, 0, , 0, 0, 0, 0, 0, 
