1, 1, 1, 1, -1, 283, 219, 27.0, 13, ABaraaapaap, 2192, 0, 0, 0, , 0, 0, 0, 0, 0, 
2, 1, 2, 2, -1, 241, 225, 29.0, 13, ABaraaapapp, 4610, 0, 0, 0, , 0, 0, 0, 0, 0, 
3, 1, 3, 3, -1, 226, 233, 22.0, 15, ABaraappppp, 4672, 0, 0, 0, , 0, 0, 0, 0, 0, 
4, 1, 4, 4, -1, 261, 290, 21.0, 13, ABaraapappa, 7201, 0, 0, 0, , 0, 0, 0, 0, 0, 
5, 1, 5, 5, -1, 257, 274, 18.0, 15, ABaraapappp, 7550, 0, 0, 0, , 0, 0, 0, 0, 0, 
6, 1, 6, 6, -1, 271, 299, 26.0, 15, ABaraapapap, 6283, 0, 0, 0, , 0, 0, 0, 0, 0, 
7, 1, 7, 7, -1, 300, 225, 24.0, 13, ABaraapaaaa, 8213, 0, 0, 0, , 0, 0, 0, 0, 0, 
8, 1, 8, 8, -1, 304, 244, 28.0, 13, ABaraapaaap, 8079, 0, 0, 0, , 0, 0, 0, 0, 0, 
9, 1, 9, 9, -1, 290, 272, 31.0, 15, MSaaaaapp, 4357, 0, 0, 0, , 0, 0, 0, 0, 0, 
10, 1, 10, 10, -1, 303, 257, 29.0, 13, ABaraapaapa, 5836, 0, 0, 0, , 0, 0, 0, 0, 0, 
11, 1, 11, 11, -1, 317, 205, 24.0, 13, ABaraaappaa, 3396, 0, 0, 0, , 0, 0, 0, 0, 0, 
12, 1, 12, 12, -1, 309, 197, 21.0, 13, ABaraaapppa, 3715, 0, 0, 0, , 0, 0, 0, 0, 0, 
13, 1, 13, 13, -1, 301, 190, 25.0, 13, ABaraaapppp, 2623, 0, 0, 0, , 0, 0, 0, 0, 0, 
14, 1, 14, 14, -1, 303, 208, 24.0, 11, ABaraaapaaa, 3135, 0, 0, 0, , 0, 0, 0, 0, 0, 
15, 1, 15, 15, -1, 242, 243, 31.0, 15, ABaraappapp, 5948, 0, 0, 0, , 0, 0, 0, 0, 0, 
16, 1, 16, 16, -1, 301, 253, 22.0, 13, ABaraaaaaap, 3408, 0, 0, 0, , 0, 0, 0, 0, 0, 
17, 1, 17, 17, -1, 285, 248, 25.0, 9, ABaraaaapp, 375, 0, 0, 0, , 0, 0, 0, 0, 0, 
18, 0, 18, -1, -1, 311, 225, 26.0, 13, , 1693, 0, 0, 0, , 0, 0, 0, 0, 0, 
19, 1, 19, 19, -1, 219, 269, 20.0, 13, ABalpappapp, 4842, 0, 0, 0, , 0, 0, 0, 0, 0, 
20, 1, 20, 20, -1, 244, 212, 23.0, 11, ABarapapaapp, 4800, 0, 0, 0, , 0, 0, 0, 0, 0, 
21, 0, 21, -1, -1, 262, 229, 14.0, 11, , 3255, 0, 0, 0, , 0, 0, 0, 0, 0, 
22, 1, 22, 22, -1, 244, 214, 25.0, 15, ABarapappaa, 6209, 0, 0, 0, , 0, 0, 0, 0, 0, 
23, 1, 23, 23, -1, 287, 203, 10.0, 11, ABalaapappa, 3504, 0, 0, 0, , 0, 0, 0, 0, 0, 
24, 1, 24, 24, -1, 284, 224, 20.0, 15, ABarapaaapp, 9057, 0, 0, 0, , 0, 0, 0, 0, 0, 
25, 1, 25, 25, -1, 264, 217, 26.0, 15, ABarapaapap, 7081, 0, 0, 0, , 0, 0, 0, 0, 0, 
26, 1, 26, 26, -1, 264, 236, 27.0, 11, ABarapaapaa, 3791, 0, 0, 0, , 0, 0, 0, 0, 0, 
27, 1, 27, 27, -1, 265, 209, 14.0, 13, ABarapppapa, 3214, 0, 0, 0, , 0, 0, 0, 0, 0, 
28, 1, 28, 28, -1, 293, 187, 12.0, 13, ABarapppapp, 6992, 0, 0, 0, , 0, 0, 0, 0, 0, 
29, 0, -1, -1, -1, 282, 182, 23.0, 9, , 471, 0, 0, 0, , 0, 0, 0, 0, 0, 
30, 1, 30, 30, -1, 292, 197, 14.0, 11, ABarapppaap, 5463, 0, 0, 0, , 0, 0, 0, 0, 0, 
31, 1, 31, 31, -1, 246, 181, 22.0, 11, ABalaapppap, 927, 0, 0, 0, , 0, 0, 0, 0, 0, 
32, 0, 32, -1, -1, 276, 197, 12.0, 13, , 3940, 0, 0, 0, , 0, 0, 0, 0, 0, 
33, 1, 33, 33, -1, 277, 199, 17.0, 13, ABarapppppp, 4994, 0, 0, 0, , 0, 0, 0, 0, 0, 
34, 1, 34, 34, -1, 290, 197, 21.0, 13, ABarappaaaa, 7418, 0, 0, 0, , 0, 0, 0, 0, 0, 
35, 1, 35, 35, -1, 294, 211, 14.0, 15, ABarappaapa, 4833, 0, 0, 0, , 0, 0, 0, 0, 0, 
36, 1, 36, 36, -1, 260, 213, 15.0, 17, ABarappapaa, 7260, 0, 0, 0, , 0, 0, 0, 0, 0, 
37, 1, 37, 37, -1, 228, 203, 13.0, 15, ABprpaapppa, 10992, 0, 0, 0, , 0, 0, 0, 0, 0, 
38, 1, 38, 38, -1, 218, 218, 11.0, 11, ABprpapappa, 3684, 0, 0, 0, , 0, 0, 0, 0, 0, 
39, 1, 39, 39, -1, 274, 156, 24.0, 13, ABarpapppa, 4970, 0, 0, 0, , 0, 0, 0, 0, 0, 
40, 0, 40, -1, -1, 321, 181, 28.0, 11, , 2451, 0, 0, 0, , 0, 0, 0, 0, 0, 
41, 1, 41, 41, -1, 347, 188, 21.0, 13, ABarpapapa, 5464, 0, 0, 0, , 0, 0, 0, 0, 0, 
42, 1, 42, 42, -1, 349, 188, 29.0, 15, ABarpaapaa, 4097, 0, 0, 0, , 0, 0, 0, 0, 0, 
43, 1, 43, 43, -1, 352, 202, 25.0, 13, ABarpaaaaar, 4655, 0, 0, 0, , 0, 0, 0, 0, 0, 
44, 1, 44, 44, -1, 349, 212, 26.0, 13, ABarpaaaapa, 3200, 0, 0, 0, , 0, 0, 0, 0, 0, 
45, 1, 45, 45, -1, 347, 178, 25.0, 11, ABarpaaapp, 3748, 0, 0, 0, , 0, 0, 0, 0, 0, 
46, 1, 46, 46, -1, 335, 206, 27.0, 13, ABarpaaapaa, 2158, 0, 0, 0, , 0, 0, 0, 0, 0, 
47, 1, 47, 47, -1, 330, 173, 27.0, 11, ABarpaaapap, 2776, 0, 0, 0, , 0, 0, 0, 0, 0, 
48, 1, 48, 48, -1, 297, 317, 20.0, 13, ABarppaaap, 2847, 0, 0, 0, , 0, 0, 0, 0, 0, 
49, 1, 49, 49, -1, 257, 320, 24.0, 15, ABarppaapp, 6671, 0, 0, 0, , 0, 0, 0, 0, 0, 
50, 1, 50, 50, -1, 174, 361, 21.0, 17, ABarppappa, 5744, 0, 0, 0, , 0, 0, 0, 0, 0, 
51, 1, 51, 51, -1, 246, 339, 19.0, 17, ABarppapap, 5404, 0, 0, 0, , 0, 0, 0, 0, 0, 
52, 1, 52, 52, -1, 196, 208, 32.0, 17, ABarppppaa, 4321, 0, 0, 0, , 0, 0, 0, 0, 0, 
53, 1, 53, 53, -1, 184, 229, 31.0, 17, ABarppppap, 10199, 0, 0, 0, , 0, 0, 0, 0, 0, 
54, 1, 54, 606, -1, 222, 179, 31.0, 13, ABarpppaap, 3923, 0, 0, 0, , 0, 0, 0, 0, 0, 
55, 1, 55, 55, -1, 313, 215, 29.0, 13, ABalapppaap, 1309, 0, 0, 0, , 0, 0, 0, 0, 0, 
56, 1, 56, 56, -1, 319, 233, 30.0, 13, ABalapppaaa, 1693, 0, 0, 0, , 0, 0, 0, 0, 0, 
57, 1, 57, 57, -1, 348, 220, 33.0, 19, ABarpapapp, 11108, 0, 0, 0, , 0, 0, 0, 0, 0, 
58, 0, 58, -1, -1, 319, 267, 24.0, 11, , 1385, 0, 0, 0, , 0, 0, 0, 0, 0, 
59, 1, 60, 59, -1, 329, 297, 23.0, 13, ABalapaaaap, 3641, 0, 0, 0, , 0, 0, 0, 0, 0, 
60, 0, 61, -1, -1, 329, 290, 25.0, 13, , 4838, 0, 0, 0, , 0, 0, 0, 0, 0, 
61, 1, 62, 61, -1, 275, 171, 21.0, 13, ABalaapaapa, 3498, 0, 0, 0, , 0, 0, 0, 0, 0, 
62, 0, 63, -1, -1, 296, 177, 17.0, 11, , 2409, 0, 0, 0, , 0, 0, 0, 0, 0, 
63, 1, 64, 63, -1, 258, 182, 24.0, 13, ABarappppaa, 4236, 0, 0, 0, , 0, 0, 0, 0, 0, 
64, 1, 65, 64, -1, 240, 168, 22.0, 13, ABalaapppaa, 4012, 0, 0, 0, , 0, 0, 0, 0, 0, 
65, 1, 66, 65, -1, 294, 195, 26.0, 17, ABalaaaarrp, 3191, 0, 0, 0, , 0, 0, 0, 0, 0, 
66, 0, 67, -1, -1, 288, 184, 21.0, 13, , 2646, 0, 0, 0, , 0, 0, 0, 0, 0, 
67, 1, 68, 67, -1, 314, 175, 20.0, 13, ABarpappaa, 4307, 0, 0, 0, , 0, 0, 0, 0, 0, 
68, 1, 69, 68, -1, 324, 245, 23.0, 11, ABalaaaarlp, 3201, 0, 0, 0, , 0, 0, 0, 0, 0, 
69, 1, 70, -1, -1, 346, 221, 21.0, 11, ABalaaaparl, 2253, 0, 0, 0, , 0, 0, 0, 0, 0, 
70, 1, 71, 70, -1, 327, 241, 17.0, 11, ABalaaaalpp, 3126, 0, 0, 0, , 0, 0, 0, 0, 0, 
71, 1, 72, 71, -1, 338, 185, 24.0, 11, ABpraapaaap, 3760, 0, 0, 0, , 0, 0, 0, 0, 0, 
72, 1, 73, 72, -1, 284, 194, 28.0, 11, ABalaapaaar, 676, 0, 0, 0, , 0, 0, 0, 0, 0, 
73, 1, 74, 73, -1, 286, 164, 19.0, 11, ABpraaaaapv, 4317, 0, 0, 0, , 0, 0, 0, 0, 0, 
74, 1, 75, 74, -1, 329, 221, 32.0, 13, ABalappaap, 4488, 0, 0, 0, , 0, 0, 0, 0, 0, 
75, 0, 76, -1, -1, 102, 282, 10.0, 11, , 2821, 0, 0, 0, , 0, 0, 0, 0, 0, 
76, 1, 77, 76, -1, 110, 276, 12.0, 13, ABplppppapp, 5209, 0, 0, 0, , 0, 0, 0, 0, 0, 
77, 1, 78, 77, -1, 126, 296, 16.0, 11, ABplppppaaa, 3580, 0, 0, 0, , 0, 0, 0, 0, 0, 
78, 1, 79, 78, -1, 113, 290, 17.0, 11, ABplppppaap, 3467, 0, 0, 0, , 0, 0, 0, 0, 0, 
79, 1, 80, 79, -1, 75, 283, 13.0, 13, ABplppppppp, 5266, 0, 0, 0, , 0, 0, 0, 0, 0, 
80, 1, 81, 80, -1, 86, 281, 13.0, 13, ABplppppppa, 2783, 0, 0, 0, , 0, 0, 0, 0, 0, 
81, 1, 82, 704, -1, 105, 325, 17.0, 15, ABplpppppap, 6457, 0, 0, 0, , 0, 0, 0, 0, 0, 
82, 1, 83, 82, -1, 113, 309, 17.0, 15, ABplpppppaa, 3444, 0, 0, 0, , 0, 0, 0, 0, 0, 
83, 1, 84, 83, -1, 108, 300, 11.0, 13, ABplpppapaa, 4107, 0, 0, 0, , 0, 0, 0, 0, 0, 
84, 1, 85, 84, -1, 108, 307, 14.0, 13, ABplpppaapp, 7688, 0, 0, 0, , 0, 0, 0, 0, 0, 
85, 1, 86, 85, -1, 140, 279, 11.0, 13, ABplpppaaaa, 4954, 0, 0, 0, , 0, 0, 0, 0, 0, 
86, 1, 87, 86, -1, 149, 304, 13.0, 13, ABplpppaaap, 5532, 0, 0, 0, , 0, 0, 0, 0, 0, 
87, 1, 88, 87, -1, 149, 296, 16.0, 13, ABplppapppp, 3192, 0, 0, 0, , 0, 0, 0, 0, 0, 
88, 1, 89, 88, -1, 179, 284, 14.0, 13, ABplppapppa, 5161, 0, 0, 0, , 0, 0, 0, 0, 0, 
89, 1, 90, 89, -1, 207, 275, 13.0, 15, ABplppappap, 5121, 0, 0, 0, , 0, 0, 0, 0, 0, 
90, 1, 91, 90, -1, 214, 265, 12.0, 13, ABplppappaa, 4465, 0, 0, 0, , 0, 0, 0, 0, 0, 
91, 1, 92, 91, -1, 197, 288, 13.0, 11, ABplppapapa, 4393, 0, 0, 0, , 0, 0, 0, 0, 0, 
92, 1, 93, 92, -1, 178, 299, 15.0, 11, ABplppapapp, 3807, 0, 0, 0, , 0, 0, 0, 0, 0, 
93, 1, 94, 93, -1, 162, 293, 14.0, 13, ABplppaappp, 3969, 0, 0, 0, , 0, 0, 0, 0, 0, 
94, 0, 95, -1, -1, 281, 214, 15.0, 11, , 4893, 0, 0, 0, , 0, 0, 0, 0, 0, 
95, 1, 96, 95, -1, 200, 273, 19.0, 13, MSaappap, 4791, 0, 0, 0, , 0, 0, 0, 0, 0, 
96, 1, 97, 96, -1, 105, 276, 15.0, 13, ABplpappppp, 4509, 0, 0, 0, , 0, 0, 0, 0, 0, 
97, 1, 98, 97, -1, 123, 281, 18.0, 11, ABplpappppa, 3223, 0, 0, 0, , 0, 0, 0, 0, 0, 
98, 1, 99, 98, -1, 120, 286, 14.0, 13, ABplpapppaa, 2984, 0, 0, 0, , 0, 0, 0, 0, 0, 
99, 1, 100, 99, -1, 117, 260, 17.0, 13, ABplpapppap, 4013, 0, 0, 0, , 0, 0, 0, 0, 0, 
100, 1, 101, 100, -1, 238, 243, 11.0, 11, ABplpapappa, 3175, 0, 0, 0, , 0, 0, 0, 0, 0, 
101, 1, 102, 101, -1, 163, 296, 17.0, 11, ABprppapppa, 2644, 0, 0, 0, , 0, 0, 0, 0, 0, 
102, 1, 103, 102, -1, 234, 257, 14.0, 13, ABplpapapap, 3722, 0, 0, 0, , 0, 0, 0, 0, 0, 
103, 1, 104, 103, -1, 232, 272, 15.0, 11, ABplpapapaa, 3854, 0, 0, 0, , 0, 0, 0, 0, 0, 
104, 1, 105, 104, -1, 264, 243, 14.0, 11, ABplpapaapa, 2414, 0, 0, 0, , 0, 0, 0, 0, 0, 
105, 1, 106, 105, -1, 248, 247, 14.0, 13, ABplpapaaap, 2611, 0, 0, 0, , 0, 0, 0, 0, 0, 
106, 1, 107, 106, -1, 261, 250, 16.0, 11, ABplpapaaaa, 3856, 0, 0, 0, , 0, 0, 0, 0, 0, 
107, 1, 108, 107, -1, 217, 276, 15.0, 13, ABplppapaap, 5967, 0, 0, 0, , 0, 0, 0, 0, 0, 
108, 0, 109, -1, -1, 334, 267, 14.0, 11, , 3858, 0, 0, 0, , 0, 0, 0, 0, 0, 
109, 1, 110, 109, -1, 314, 269, 14.0, 13, ABplpaaaaaa, 6887, 0, 0, 0, , 0, 0, 0, 0, 0, 
110, 1, 111, 110, -1, 306, 231, 10.0, 15, ABplpaapapp, 6892, 0, 0, 0, , 0, 0, 0, 0, 0, 
111, 0, 112, -1, -1, 314, 248, 16.0, 13, , 4217, 0, 0, 0, , 0, 0, 0, 0, 0, 
112, 1, 113, 112, -1, 274, 306, 16.0, 13, ABplpaappap, 4423, 0, 0, 0, , 0, 0, 0, 0, 0, 
113, 1, 114, 113, -1, 276, 289, 15.0, 13, ABplpaappaa, 3632, 0, 0, 0, , 0, 0, 0, 0, 0, 
114, 1, 115, 114, -1, 283, 243, 11.0, 15, ABplpaapppp, 8124, 0, 0, 0, , 0, 0, 0, 0, 0, 
115, 1, 717, 115, -1, 280, 241, 13.0, 13, ABplpapaapp, 3446, 0, 0, 0, , 0, 0, 0, 0, 0, 
116, 1, 117, 116, -1, 287, 305, 15.0, 13, ABplpaapaap, 6240, 0, 0, 0, , 0, 0, 0, 0, 0, 
117, 0, 118, -1, -1, 309, 282, 20.0, 13, , 2431, 0, 0, 0, , 0, 0, 0, 0, 0, 
118, 1, 119, 118, -1, 357, 253, 21.0, 13, ABplpaapapa, 6455, 0, 0, 0, , 0, 0, 0, 0, 0, 
119, 1, 120, 119, -1, 342, 199, 22.0, 13, ABplaapaaaa, 4452, 0, 0, 0, , 0, 0, 0, 0, 0, 
120, 1, 121, 120, -1, 356, 212, 23.0, 11, ABplaapaaap, 5432, 0, 0, 0, , 0, 0, 0, 0, 0, 
121, 1, 122, 121, -1, 344, 250, 19.0, 13, ABplaapaapa, 5536, 0, 0, 0, , 0, 0, 0, 0, 0, 
122, 1, 123, 122, -1, 309, 303, 21.0, 13, ABplaapapppa, 3433, 0, 0, 0, , 0, 0, 0, 0, 0, 
123, 1, 124, 123, -1, 294, 305, 23.0, 13, ABplaapapppp, 3354, 0, 0, 0, , 0, 0, 0, 0, 0, 
124, 1, 125, 124, -1, 284, 286, 20.0, 13, ABplaapappa, 6154, 0, 0, 0, , 0, 0, 0, 0, 0, 
125, 1, 126, 125, -1, 282, 303, 23.0, 13, ABplaapapap, 4601, 0, 0, 0, , 0, 0, 0, 0, 0, 
126, 1, 127, 126, -1, 275, 295, 20.0, 11, ABplaapapaa, 4124, 0, 0, 0, , 0, 0, 0, 0, 0, 
127, 1, 128, 127, -1, 329, 263, 29.0, 15, MSapaaap, 4758, 0, 0, 0, , 0, 0, 0, 0, 0, 
128, 0, 129, -1, -1, 343, 225, 30.0, 13, , 2806, 0, 0, 0, , 0, 0, 0, 0, 0, 
129, 1, 130, 129, -1, 358, 210, 29.0, 15, ABplaaaapp, 6150, 0, 0, 0, , 0, 0, 0, 0, 0, 
130, 1, 131, 130, -1, 355, 261, 16.0, 15, ABplaaappa, 4619, 0, 0, 0, , 0, 0, 0, 0, 0, 
131, 0, 132, -1, -1, 341, 274, 20.0, 13, , 5863, 0, 0, 0, , 0, 0, 0, 0, 0, 
132, 0, 133, -1, -1, 342, 288, 22.0, 13, , 4638, 0, 0, 0, , 0, 0, 0, 0, 0, 
133, 1, 134, 133, -1, 334, 266, 22.0, 11, ABalppppapa, 1422, 0, 0, 0, , 0, 0, 0, 0, 0, 
134, 1, 135, 134, -1, 343, 221, 15.0, 13, ABplaaapaa, 6728, 0, 0, 0, , 0, 0, 0, 0, 0, 
135, 1, 136, 135, -1, 121, 275, 9.0, 19, ABplappppa, 11002, 0, 0, 0, , 0, 0, 0, 0, 0, 
136, 1, 137, 136, -1, 80, 307, 12.0, 13, ABplappppp, 6480, 0, 0, 0, , 0, 0, 0, 0, 0, 
137, 1, 138, 137, -1, 107, 324, 13.0, 15, ABplapppaaa, 4185, 0, 0, 0, , 0, 0, 0, 0, 0, 
138, 1, 139, 138, -1, 95, 313, 13.0, 13, ABplapppapp, 2233, 0, 0, 0, , 0, 0, 0, 0, 0, 
139, 1, 140, 139, -1, 88, 319, 11.0, 11, ABplapppapa, 3043, 0, 0, 0, , 0, 0, 0, 0, 0, 
140, 1, 141, 140, -1, 224, 335, 16.0, 17, ABplappaaa, 8102, 0, 0, 0, , 0, 0, 0, 0, 0, 
141, 1, 143, 141, -1, 165, 350, 16.0, 17, ABplappapp, 7973, 0, 0, 0, , 0, 0, 0, 0, 0, 
142, 1, 144, 142, -1, 207, 354, 20.0, 15, ABplappapa, 8701, 0, 0, 0, , 0, 0, 0, 0, 0, 
143, 1, 145, 143, -1, 242, 324, 14.0, 17, ABplapaapp, 10756, 0, 0, 0, , 0, 0, 0, 0, 0, 
144, 1, 146, 144, -1, 240, 258, 10.0, 15, ABplapaapa, 9912, 0, 0, 0, , 0, 0, 0, 0, 0, 
145, 1, 147, 145, -1, 320, 292, 28.0, 15, ABarppaaaa, 7554, 0, 0, 0, , 0, 0, 0, 0, 0, 
146, 1, 148, 146, -1, 260, 314, 19.0, 15, ABplapaaapp, 7669, 0, 0, 0, , 0, 0, 0, 0, 0, 
147, 1, 149, 147, -1, 136, 345, 13.0, 19, ABplapapap, 8134, 0, 0, 0, , 0, 0, 0, 0, 0, 
148, 1, 150, 148, -1, 123, 330, 11.0, 15, ABplapappa, 6291, 0, 0, 0, , 0, 0, 0, 0, 0, 
149, 1, 151, 149, -1, 134, 360, 17.0, 19, ABplapapaa, 21363, 0, 0, 0, , 0, 0, 0, 0, 0, 
150, 1, 152, 150, -1, 231, 218, 14.0, 11, ABprpapaaap, 3313, 0, 0, 0, , 0, 0, 0, 0, 0, 
151, 0, -1, -1, -1, 137, 290, 14.0, 13, , 1164, 0, 0, 0, , 0, 0, 0, 0, 0, 
152, 1, 154, 152, -1, 209, 222, 17.0, 13, ABprpapapaa, 4355, 0, 0, 0, , 0, 0, 0, 0, 0, 
153, 1, 155, 153, -1, 88, 300, 18.0, 17, Eplppa, 6673, 0, 0, 0, , 0, 0, 0, 0, 0, 
154, 1, 156, 154, -1, 93, 270, 18.0, 15, ABprpappppa, 4568, 0, 0, 0, , 0, 0, 0, 0, 0, 
155, 1, 157, 155, -1, 184, 277, 12.0, 13, ABprpappapp, 2940, 0, 0, 0, , 0, 0, 0, 0, 0, 
156, 1, 158, 156, -1, 244, 231, 16.0, 13, ABprpappaap, 4525, 0, 0, 0, , 0, 0, 0, 0, 0, 
157, 1, 159, 157, -1, 288, 214, 19.0, 13, ABarapapapa, 4955, 0, 0, 0, , 0, 0, 0, 0, 0, 
158, 1, 160, 158, -1, 221, 179, 19.0, 13, ABprpaaaaap, 5652, 0, 0, 0, , 0, 0, 0, 0, 0, 
159, 1, 161, 159, -1, 233, 186, 21.0, 11, ABpraaappaa, 3287, 0, 0, 0, , 0, 0, 0, 0, 0, 
160, 1, 162, 160, -1, 186, 259, 14.0, 13, ABprpaaaapp, 5652, 0, 0, 0, , 0, 0, 0, 0, 0, 
161, 1, 163, 161, -1, 236, 222, 10.0, 17, ABprpaaaapa, 15745, 0, 0, 0, , 0, 0, 0, 0, 0, 
162, 1, 164, 162, -1, 257, 182, 20.0, 13, ABprpaaaaaa, 6156, 0, 0, 0, , 0, 0, 0, 0, 0, 
163, 1, 165, 163, -1, 256, 198, 15.0, 11, ABprpapaapp, 3402, 0, 0, 0, , 0, 0, 0, 0, 0, 
164, 1, 166, 164, -1, 245, 209, 14.0, 11, ABprpapaapa, 4416, 0, 0, 0, , 0, 0, 0, 0, 0, 
165, 1, 167, 165, -1, 254, 184, 16.0, 15, ABprpaaappp, 5481, 0, 0, 0, , 0, 0, 0, 0, 0, 
166, 1, 168, 166, -1, 283, 174, 14.0, 15, ABprpaaapap, 2678, 0, 0, 0, , 0, 0, 0, 0, 0, 
167, 1, 169, 167, -1, 208, 180, 23.0, 15, ABprpaapaap, 6570, 0, 0, 0, , 0, 0, 0, 0, 0, 
168, 1, 170, 168, -1, 296, 166, 28.0, 15, ABprpaapapa, 6673, 0, 0, 0, , 0, 0, 0, 0, 0, 
169, 1, 171, 169, -1, 270, 185, 16.0, 11, ABalaapappp, 1973, 0, 0, 0, , 0, 0, 0, 0, 0, 
170, 1, 172, 170, -1, 206, 197, 24.0, 13, ABprpaappap, 4434, 0, 0, 0, , 0, 0, 0, 0, 0, 
171, 1, 173, 171, -1, 219, 187, 22.0, 13, ABprpaappaa, 3326, 0, 0, 0, , 0, 0, 0, 0, 0, 
172, 1, 174, 172, -1, 101, 257, 22.0, 17, ABprpppaapa, 12222, 0, 0, 0, , 0, 0, 0, 0, 0, 
173, 1, 175, 173, -1, 140, 268, 18.0, 15, ABprpppaaap, 5001, 0, 0, 0, , 0, 0, 0, 0, 0, 
174, 1, 176, 174, -1, 141, 261, 14.0, 13, ABprpppaaaa, 5103, 0, 0, 0, , 0, 0, 0, 0, 0, 
175, 1, 177, 175, -1, 99, 236, 16.0, 13, ABprpppapaa, 4769, 0, 0, 0, , 0, 0, 0, 0, 0, 
176, 1, 178, 176, -1, 126, 248, 14.0, 13, ABprppppapa, 4885, 0, 0, 0, , 0, 0, 0, 0, 0, 
177, 1, 179, 177, -1, 114, 257, 13.0, 13, ABprppppapp, 4007, 0, 0, 0, , 0, 0, 0, 0, 0, 
178, 1, 180, 178, -1, 123, 269, 20.0, 13, ABprppppaaa, 4287, 0, 0, 0, , 0, 0, 0, 0, 0, 
179, 1, 181, 179, -1, 111, 269, 20.0, 11, ABprppppaap, 4409, 0, 0, 0, , 0, 0, 0, 0, 0, 
180, 1, 182, 180, -1, 138, 265, 22.0, 13, ABprpppppaa, 2351, 0, 0, 0, , 0, 0, 0, 0, 0, 
181, 1, 183, 181, -1, 113, 272, 23.0, 15, ABprpppppap, 5575, 0, 0, 0, , 0, 0, 0, 0, 0, 
182, 1, 184, 182, -1, 211, 190, 18.0, 11, ABprppaapap, 4724, 0, 0, 0, , 0, 0, 0, 0, 0, 
183, 0, 185, -1, -1, 214, 181, 15.0, 11, , 5651, 0, 0, 0, , 0, 0, 0, 0, 0, 
184, 1, 186, 184, -1, 210, 236, 11.0, 13, ABprppaappa, 6063, 0, 0, 0, , 0, 0, 0, 0, 0, 
185, 1, 187, 185, -1, 153, 282, 16.0, 13, ABprppaappp, 3776, 0, 0, 0, , 0, 0, 0, 0, 0, 
186, 1, 188, 186, -1, 226, 175, 16.0, 13, ABprppaaaaa, 6028, 0, 0, 0, , 0, 0, 0, 0, 0, 
187, 1, 189, 187, -1, 193, 201, 21.0, 13, ABprppaaaapp, 3810, 0, 0, 0, , 0, 0, 0, 0, 0, 
188, 1, 190, 188, -1, 201, 184, 20.0, 13, ABprppaaaapa, 4232, 0, 0, 0, , 0, 0, 0, 0, 0, 
189, 1, 191, 189, -1, 195, 222, 12.0, 17, ABprppapaaa, 7652, 0, 0, 0, , 0, 0, 0, 0, 0, 
190, 1, 197, 191, -1, 195, 275, 15.0, 13, ABprppappap, 10982, 0, 0, 0, , 0, 0, 0, 0, 0, 
191, 1, 193, 192, -1, 183, 272, 17.0, 11, ABprppapapa, 3515, 0, 0, 0, , 0, 0, 0, 0, 0, 
192, 1, 194, 193, -1, 161, 288, 20.0, 15, ABprppapapp, 4835, 0, 0, 0, , 0, 0, 0, 0, 0, 
193, 1, 195, 194, -1, 139, 284, 16.0, 13, ABprppapppp, 3941, 0, 0, 0, , 0, 0, 0, 0, 0, 
194, 1, 196, 195, -1, 199, 257, 15.0, 13, ABprppappaa, 4125, 0, 0, 0, , 0, 0, 0, 0, 0, 
195, 1, 198, 196, -1, 331, 208, 23.0, 15, ABpraapaaaa, 4528, 0, 0, 0, , 0, 0, 0, 0, 0, 
196, 1, 199, 197, -1, 320, 179, 31.0, 13, ABarpapaaap, 5196, 0, 0, 0, , 0, 0, 0, 0, 0, 
197, 0, 201, -1, -1, 285, 168, 31.0, 13, , 1225, 0, 0, 0, , 0, 0, 0, 0, 0, 
198, 1, 202, 199, -1, 230, 205, 29.0, 15, ABpraapapap, 5028, 0, 0, 0, , 0, 0, 0, 0, 0, 
199, 1, 203, 200, -1, 219, 212, 26.0, 13, ABpraapapaa, 3228, 0, 0, 0, , 0, 0, 0, 0, 0, 
200, 0, 204, -1, -1, 236, 157, 23.0, 11, , 1819, 0, 0, 0, , 0, 0, 0, 0, 0, 
201, 1, 205, 202, -1, 231, 209, 26.0, 11, ABpraapappa, 4067, 0, 0, 0, , 0, 0, 0, 0, 0, 
202, 1, 206, 203, -1, 191, 191, 24.0, 13, ABpraapppp, 2704, 0, 0, 0, , 0, 0, 0, 0, 0, 
203, 1, 207, 204, -1, 310, 184, 13.0, 15, ABpraappaa, 4571, 0, 0, 0, , 0, 0, 0, 0, 0, 
204, 1, 208, 205, -1, 253, 199, 24.0, 11, MSppapap, 2387, 0, 0, 0, , 0, 0, 0, 0, 0, 
205, 1, 209, 206, -1, 239, 197, 26.0, 9, ABpraaapaad, 1824, 0, 0, 0, , 0, 0, 0, 0, 0, 
206, 1, 210, 207, -1, 224, 195, 23.0, 13, ABpraaappap, 3114, 0, 0, 0, , 0, 0, 0, 0, 0, 
207, 1, 211, 208, -1, 212, 190, 31.0, 11, ABpraaapppap, 2960, 0, 0, 0, , 0, 0, 0, 0, 0, 
208, 1, 213, 209, -1, 241, 172, 18.0, 15, ABpraaaaaaa, 5164, 0, 0, 0, , 0, 0, 0, 0, 0, 
209, 1, 214, 210, -1, 254, 165, 20.0, 13, ABalaappapa, 3517, 0, 0, 0, , 0, 0, 0, 0, 0, 
210, 1, 215, 211, -1, 242, 186, 26.0, 9, ABpraaaappa, 1903, 0, 0, 0, , 0, 0, 0, 0, 0, 
211, 1, 216, 212, -1, 244, 183, 28.0, 15, ABpraaaappp, 3402, 0, 0, 0, , 0, 0, 0, 0, 0, 
212, 1, 217, 213, -1, 139, 256, 28.0, 17, ABprappapp, 7369, 0, 0, 0, , 0, 0, 0, 0, 0, 
213, 1, 218, 214, -1, 160, 246, 31.0, 15, ABprappapa, 8166, 0, 0, 0, , 0, 0, 0, 0, 0, 
214, 1, 219, 215, -1, 155, 245, 26.0, 15, ABprappaap, 5598, 0, 0, 0, , 0, 0, 0, 0, 0, 
215, 1, 220, 216, -1, 171, 235, 24.0, 15, ABprappaaa, 7388, 0, 0, 0, , 0, 0, 0, 0, 0, 
216, 1, 221, 217, -1, 100, 243, 23.0, 15, ABprapppaaa, 5361, 0, 0, 0, , 0, 0, 0, 0, 0, 
217, 1, 222, 218, -1, 93, 253, 19.0, 15, ABprapppapp, 9068, 0, 0, 0, , 0, 0, 0, 0, 0, 
218, 1, 223, 219, -1, 75, 252, 19.0, 17, ABprappppp, 15215, 0, 0, 0, , 0, 0, 0, 0, 0, 
219, 1, 224, 220, -1, 115, 245, 11.0, 19, ABprappppa, 31080, 0, 0, 0, , 0, 0, 0, 0, 0, 
220, 1, 225, 221, -1, 203, 212, 25.0, 13, ABprapaaapa, 3275, 0, 0, 0, , 0, 0, 0, 0, 0, 
221, 1, 226, 222, -1, 196, 217, 27.0, 15, ABprapaaapp, 5835, 0, 0, 0, , 0, 0, 0, 0, 0, 
222, 0, 227, -1, -1, 257, 193, 31.0, 11, , 1060, 0, 0, 0, , 0, 0, 0, 0, 0, 
223, 1, 228, 224, -1, 179, 214, 24.0, 15, ABprapaapp, 7773, 0, 0, 0, , 0, 0, 0, 0, 0, 
224, 1, 229, 225, -1, 211, 204, 11.0, 13, ABprapaapa, 7375, 0, 0, 0, , 0, 0, 0, 0, 0, 
225, 1, 230, 226, -1, 118, 234, 22.0, 13, ABprapappa, 5021, 0, 0, 0, , 0, 0, 0, 0, 0, 
226, 1, 231, 227, -1, 70, 270, 20.0, 13, ABprapappppp, 2807, 0, 0, 0, , 0, 0, 0, 0, 0, 
227, 1, 232, 228, -1, 120, 249, 27.0, 17, ABprapapap, 11874, 0, 0, 0, , 0, 0, 0, 0, 0, 
228, 1, 233, 229, -1, 109, 262, 31.0, 19, ABprapapaa, 20920, 0, 0, 0, , 0, 0, 0, 0, 0, 
229, 1, 234, 230, -1, 263, 214, 34.0, 11, MSppppap, 2113, 0, 0, 0, , 0, 0, 0, 0, 0, 
230, 1, 235, 231, -1, 230, 204, 21.0, 11, MSppppaa, 4301, 0, 0, 0, , 0, 0, 0, 0, 0, 
231, 1, 236, 232, -1, 308, 212, 35.0, 17, MSpppppa, 3932, 0, 0, 0, , 0, 0, 0, 0, 0, 
232, 1, 237, 233, -1, 299, 234, 34.0, 15, MSpppaaa, 6207, 0, 0, 0, , 0, 0, 0, 0, 0, 
233, 1, 238, 234, -1, 153, 276, 27.0, 13, MSpppaap, 3307, 0, 0, 0, , 0, 0, 0, 0, 0, 
234, 1, 239, 235, -1, 239, 218, 17.0, 15, ABprpapaaaa, 3445, 0, 0, 0, , 0, 0, 0, 0, 0, 
235, 1, 240, 236, -1, 123, 292, 21.0, 15, MSppaapp, 5006, 0, 0, 0, , 0, 0, 0, 0, 0, 
236, 0, 241, -1, -1, 241, 191, 24.0, 15, , 2271, 0, 0, 0, , 0, 0, 0, 0, 0, 
237, 1, 242, 238, -1, 270, 203, 28.0, 9, MSppaaaad, 2298, 0, 0, 0, , 0, 0, 0, 0, 0, 
238, 1, 243, 239, -1, 264, 214, 23.0, 11, ABarapapaapa, 5391, 0, 0, 0, , 0, 0, 0, 0, 0, 
239, 1, 244, 240, -1, 198, 264, 23.0, 15, MSpapappp, 4649, 0, 0, 0, , 0, 0, 0, 0, 0, 
240, 1, 245, 241, -1, 202, 247, 21.0, 15, MSpapapaa, 4138, 0, 0, 0, , 0, 0, 0, 0, 0, 
241, 1, 246, 242, -1, 214, 232, 21.0, 15, MSpapaaap, 11539, 0, 0, 0, , 0, 0, 0, 0, 0, 
242, 1, 247, 243, -1, 172, 318, 15.0, 15, MSpappaa, 12728, 0, 0, 0, , 0, 0, 0, 0, 0, 
243, 1, 248, 244, -1, 178, 253, 18.0, 15, MSpappppa, 2817, 0, 0, 0, , 0, 0, 0, 0, 0, 
244, 1, 249, 245, -1, 173, 262, 21.0, 11, MSpappppp, 1728, 0, 0, 0, , 0, 0, 0, 0, 0, 
245, 1, 250, 246, -1, 249, 278, 33.0, 15, MSpaaappp, 3212, 0, 0, 0, , 0, 0, 0, 0, 0, 
246, 1, 251, 247, -1, 253, 289, 30.0, 13, MSpaaapaa, 4704, 0, 0, 0, , 0, 0, 0, 0, 0, 
247, 1, 253, 248, -1, 263, 242, 32.0, 15, MSpaaaapp, 5013, 0, 0, 0, , 0, 0, 0, 0, 0, 
248, 1, 254, 249, -1, 280, 265, 33.0, 17, MSpaaaaaa, 6184, 0, 0, 0, , 0, 0, 0, 0, 0, 
249, 1, 255, 250, -1, 252, 257, 30.0, 11, MSpaaaaap, 2954, 0, 0, 0, , 0, 0, 0, 0, 0, 
250, 1, 256, 251, -1, 220, 231, 26.0, 13, ABaraappppa, 5352, 0, 0, 0, , 0, 0, 0, 0, 0, 
251, 1, 257, 252, -1, 226, 238, 30.0, 15, ABaraapppap, 4907, 0, 0, 0, , 0, 0, 0, 0, 0, 
252, 1, 258, 253, -1, 247, 274, 30.0, 11, MSpaapaap, 3282, 0, 0, 0, , 0, 0, 0, 0, 0, 
253, 1, 259, 254, -1, 261, 262, 33.0, 15, MSpaaappa, 6544, 0, 0, 0, , 0, 0, 0, 0, 0, 
254, 1, 260, 255, -1, 236, 260, 31.0, 11, MSpaapaaa, 2701, 0, 0, 0, , 0, 0, 0, 0, 0, 
255, 1, 261, 256, -1, 301, 297, 29.0, 13, MSapppap, 4051, 0, 0, 0, , 0, 0, 0, 0, 0, 
256, 1, 262, 257, -1, 327, 255, 34.0, 17, MSappppa, 3821, 0, 0, 0, , 0, 0, 0, 0, 0, 
257, 1, 263, 258, -1, 307, 256, 34.0, 17, MSappaaa, 10432, 0, 0, 0, , 0, 0, 0, 0, 0, 
258, 1, 264, 259, -1, 278, 289, 29.0, 17, ABaraapaapp, 6274, 0, 0, 0, , 0, 0, 0, 0, 0, 
259, 0, 265, -1, -1, 343, 237, 32.0, 9, , 1959, 0, 0, 0, , 0, 0, 0, 0, 0, 
260, 1, 266, 261, -1, 140, 296, 20.0, 15, MSapaapp, 4333, 0, 0, 0, , 0, 0, 0, 0, 0, 
261, 1, 267, 262, -1, 315, 264, 25.0, 15, MSapaaaad, 3735, 0, 0, 0, , 0, 0, 0, 0, 0, 
262, 1, 268, 263, -1, 261, 266, 29.0, 9, MSaaaaapap, 1338, 0, 0, 0, , 0, 0, 0, 0, 0, 
263, 0, 269, -1, -1, 267, 257, 27.0, 13, , 6188, 0, 0, 0, , 0, 0, 0, 0, 0, 
264, 1, 270, 265, -1, 292, 212, 31.0, 13, MSaaaaaar, 4390, 0, 0, 0, , 0, 0, 0, 0, 0, 
265, 1, 271, 266, -1, 321, 249, 28.0, 13, MSaaaaaal, 3686, 0, 0, 0, , 0, 0, 0, 0, 0, 
266, 1, 272, 267, -1, 264, 280, 34.0, 13, MSaaaapaa, 4483, 0, 0, 0, , 0, 0, 0, 0, 0, 
267, 1, 273, 268, -1, 276, 285, 31.0, 13, MSaaaapap, 3821, 0, 0, 0, , 0, 0, 0, 0, 0, 
268, 1, 274, 269, -1, 240, 292, 30.0, 13, MSaaaappa, 2131, 0, 0, 0, , 0, 0, 0, 0, 0, 
269, 0, 274, -1, -1, 233, 290, 31.0, 13, , 2049, 0, 0, 0, , 0, 0, 0, 0, 0, 
270, 1, 275, 271, -1, 253, 303, 28.0, 13, MSaaapapa, 3367, 0, 0, 0, , 0, 0, 0, 0, 0, 
271, 0, 276, -1, -1, 223, 297, 25.0, 9, , 1050, 0, 0, 0, , 0, 0, 0, 0, 0, 
272, 1, 277, 273, -1, 231, 291, 25.0, 15, MSaaapapp, 2182, 0, 0, 0, , 0, 0, 0, 0, 0, 
273, 1, 278, 274, -1, 232, 309, 28.0, 11, MSaaappa, 2527, 0, 0, 0, , 0, 0, 0, 0, 0, 
274, 1, 279, 275, -1, 232, 306, 32.0, 13, MSaaappp, 3114, 0, 0, 0, , 0, 0, 0, 0, 0, 
275, 1, 280, 276, -1, 209, 303, 13.0, 11, MSaappppa, 2572, 0, 0, 0, , 0, 0, 0, 0, 0, 
276, 1, 281, 277, -1, 192, 314, 14.0, 13, MSaappppp, 2358, 0, 0, 0, , 0, 0, 0, 0, 0, 
277, 1, 282, 278, -1, 242, 275, 17.0, 13, MSaapaaap, 3417, 0, 0, 0, , 0, 0, 0, 0, 0, 
278, 1, 283, 279, -1, 255, 261, 20.0, 11, MSaapaaaa, 2572, 0, 0, 0, , 0, 0, 0, 0, 0, 
279, 1, 284, 280, -1, 224, 289, 19.0, 13, MSaapappp, 3959, 0, 0, 0, , 0, 0, 0, 0, 0, 
280, 1, 285, 281, -1, 258, 303, 24.0, 11, MSaapappa, 1556, 0, 0, 0, , 0, 0, 0, 0, 0, 
281, 1, 286, 282, -1, 233, 283, 19.0, 13, MSaapapaa, 2880, 0, 0, 0, , 0, 0, 0, 0, 0, 
282, 1, 287, 283, -1, 235, 287, 23.0, 11, MSaapapap, 3315, 0, 0, 0, , 0, 0, 0, 0, 0, 
283, 1, 288, 284, -1, 99, 326, 26.0, 13, Eplpa, 1582, 0, 0, 0, , 0, 0, 0, 0, 0, 
284, 1, 289, 285, -1, 93, 353, 21.0, 13, Cappapa, 4361, 0, 0, 0, , 0, 0, 0, 0, 0, 
285, 1, 290, 286, -1, 78, 340, 20.0, 15, Cappapp, 11584, 0, 0, 0, , 0, 0, 0, 0, 0, 
286, 1, 291, 287, -1, 213, 344, 28.0, 15, Cappaaa, 5608, 0, 0, 0, , 0, 0, 0, 0, 0, 
287, 1, 292, 288, -1, 74, 341, 23.0, 15, Capppap, 5046, 0, 0, 0, , 0, 0, 0, 0, 0, 
288, 1, 293, 289, -1, 124, 362, 28.0, 17, Capppaa, 5537, 0, 0, 0, , 0, 0, 0, 0, 0, 
289, 1, 294, 290, -1, 123, 366, 25.0, 13, Capapap, 5714, 0, 0, 0, , 0, 0, 0, 0, 0, 
290, 1, 296, 291, -1, 130, 308, 12.0, 13, Capappp, 5900, 0, 0, 0, , 0, 0, 0, 0, 0, 
291, 1, 297, 292, -1, 144, 325, 12.0, 15, Capappa, 6655, 0, 0, 0, , 0, 0, 0, 0, 0, 
292, 1, 298, 293, -1, 204, 326, 14.0, 15, Capaaap, 5832, 0, 0, 0, , 0, 0, 0, 0, 0, 
293, 1, 299, 294, -1, 223, 312, 14.0, 15, Capaaaa, 6385, 0, 0, 0, , 0, 0, 0, 0, 0, 
294, 1, 300, 295, -1, 76, 265, 14.0, 13, ABprppppppp, 4028, 0, 0, 0, , 0, 0, 0, 0, 0, 
295, 1, 301, 296, -1, 66, 267, 17.0, 13, Caappv, 4324, 0, 0, 0, , 0, 0, 0, 0, 0, 
296, 1, 302, 297, -1, 68, 301, 13.0, 15, Cpappv, 5622, 0, 0, 0, , 0, 0, 0, 0, 0, 
297, 1, 303, 298, -1, 131, 268, 26.0, 15, Cppaapp, 4096, 0, 0, 0, , 0, 0, 0, 0, 0, 
298, 1, 304, 299, -1, 162, 262, 25.0, 13, Cppaapa, 3500, 0, 0, 0, , 0, 0, 0, 0, 0, 
299, 1, 305, 300, -1, 171, 246, 21.0, 13, Cppaaap, 4676, 0, 0, 0, , 0, 0, 0, 0, 0, 
300, 1, 306, 301, -1, 178, 231, 21.0, 15, Cppaaaa, 10203, 0, 0, 0, , 0, 0, 0, 0, 0, 
301, 1, 307, 302, -1, 175, 292, 35.0, 17, Cppapaa, 2062, 0, 0, 0, , 0, 0, 0, 0, 0, 
302, 1, 308, 303, -1, 121, 242, 18.0, 17, Cppappp, 12404, 0, 0, 0, , 0, 0, 0, 0, 0, 
303, 1, 309, 304, -1, 124, 252, 23.0, 17, Cppappa, 16368, 0, 0, 0, , 0, 0, 0, 0, 0, 
304, 1, 310, 305, -1, 175, 313, 34.0, 17, Cpppaap, 4332, 0, 0, 0, , 0, 0, 0, 0, 0, 
305, 1, 311, 306, -1, 201, 269, 33.0, 15, Cpppaaa, 7841, 0, 0, 0, , 0, 0, 0, 0, 0, 
306, 1, 312, 307, -1, 73, 284, 26.0, 15, Cpppapp, 6066, 0, 0, 0, , 0, 0, 0, 0, 0, 
307, 1, 313, 308, -1, 263, 271, 12.0, 13, Daapa, 4123, 0, 0, 0, , 0, 0, 0, 0, 0, 
308, 1, 314, 309, -1, 248, 276, 12.0, 13, Daapp, 5722, 0, 0, 0, , 0, 0, 0, 0, 0, 
309, 0, 315, -1, -1, 259, 315, 16.0, 11, , 2088, 0, 0, 0, , 0, 0, 0, 0, 0, 
310, 1, 316, 311, -1, 273, 308, 29.0, 15, Daaap, 1148, 0, 0, 0, , 0, 0, 0, 0, 0, 
311, 1, 317, 312, -1, 270, 307, 32.0, 13, Dappaa, 4092, 0, 0, 0, , 0, 0, 0, 0, 0, 
312, 1, 318, 313, -1, 205, 205, 15.0, 13, Dpapp, 4687, 0, 0, 0, , 0, 0, 0, 0, 0, 
313, 1, 319, 314, -1, 221, 198, 16.0, 17, Dpapa, 9066, 0, 0, 0, , 0, 0, 0, 0, 0, 
314, 1, 320, 315, -1, 234, 227, 33.0, 13, Dpaap, 1691, 0, 0, 0, , 0, 0, 0, 0, 0, 
315, 1, 321, 316, -1, 212, 209, 20.0, 13, Dpaaa, 3337, 0, 0, 0, , 0, 0, 0, 0, 0, 
316, 1, 322, 317, -1, 217, 288, 34.0, 13, Dppppa, 2714, 0, 0, 0, , 0, 0, 0, 0, 0, 
317, 1, 323, 318, -1, 229, 270, 34.0, 15, Dpppap, 4698, 0, 0, 0, , 0, 0, 0, 0, 0, 
318, 1, 324, 319, -1, 245, 248, 35.0, 13, Dpppaa, 1699, 0, 0, 0, , 0, 0, 0, 0, 0, 
319, 1, 325, 320, -1, 194, 220, 21.0, 15, Dppaa, 10130, 0, 0, 0, , 0, 0, 0, 0, 0, 
320, 1, 326, 321, -1, 216, 252, 35.0, 17, Dppap, 9472, 0, 0, 0, , 0, 0, 0, 0, 0, 
321, 0, 327, -1, -1, 381, 244, 24.0, 15, , 6230, 0, 0, 0, , 0, 0, 0, 0, 0, 
322, 0, 328, -1, -1, 288, 306, 19.0, 9, , 2452, 0, 0, 0, , 0, 0, 0, 0, 0, 
323, 1, 329, 324, -1, 289, 320, 17.0, 13, ABalppppppap, 3336, 0, 0, 0, , 0, 0, 0, 0, 0, 
324, 1, 330, 749, -1, 312, 302, 18.0, 13, ABalpppppppa, 1377, 0, 0, 0, , 0, 0, 0, 0, 0, 
325, 1, 331, 325, -1, 360, 242, 15.0, 13, ABplaaapap, 2629, 0, 0, 0, , 0, 0, 0, 0, 0, 
326, 1, 332, 326, -1, 306, 274, 12.0, 13, ABalpppaaaa, 3281, 0, 0, 0, , 0, 0, 0, 0, 0, 
327, 1, 333, 327, -1, 325, 237, 15.0, 13, ABalpppaaap, 3383, 0, 0, 0, , 0, 0, 0, 0, 0, 
328, 1, 334, 328, -1, 346, 254, 13.0, 11, ABalpppaapd, 3753, 0, 0, 0, , 0, 0, 0, 0, 0, 
329, 1, 335, 329, -1, 337, 241, 19.0, 11, ABalpppaapv, 3267, 0, 0, 0, , 0, 0, 0, 0, 0, 
330, 1, 336, 330, -1, 301, 281, 14.0, 13, ABalpppapad, 3160, 0, 0, 0, , 0, 0, 0, 0, 0, 
331, 1, 337, 331, -1, 323, 258, 13.0, 13, ABalpppapav, 4702, 0, 0, 0, , 0, 0, 0, 0, 0, 
332, 1, 338, 332, -1, 336, 236, 13.0, 13, ABalppaaapp, 5358, 0, 0, 0, , 0, 0, 0, 0, 0, 
333, 1, 339, 333, -1, 287, 285, 13.0, 15, ABplpaaaaap, 7885, 0, 0, 0, , 0, 0, 0, 0, 0, 
334, 1, 340, 334, -1, 293, 230, 14.0, 11, ABalppapppa, 5698, 0, 0, 0, , 0, 0, 0, 0, 0, 
335, 0, 341, -1, -1, 309, 278, 16.0, 13, , 1340, 0, 0, 0, , 0, 0, 0, 0, 0, 
336, 1, 342, 336, -1, 325, 265, 20.0, 11, ABalapaappa, 2538, 0, 0, 0, , 0, 0, 0, 0, 0, 
337, 1, 343, 337, -1, 275, 227, 12.0, 11, ABalppapapa, 4715, 0, 0, 0, , 0, 0, 0, 0, 0, 
338, 1, 344, 338, -1, 314, 216, 11.0, 11, ABalppapapp, 3574, 0, 0, 0, , 0, 0, 0, 0, 0, 
339, 1, 345, 339, -1, 323, 202, 12.0, 13, ABplaappaa, 6118, 0, 0, 0, , 0, 0, 0, 0, 0, 
340, 1, 346, 340, -1, 318, 253, 19.0, 13, ABalppapaaa, 6526, 0, 0, 0, , 0, 0, 0, 0, 0, 
341, 1, 347, 341, -1, 272, 231, 14.0, 13, ABalpapapaa, 5856, 0, 0, 0, , 0, 0, 0, 0, 0, 
342, 1, 348, 342, -1, 209, 263, 9.0, 15, ABalpapappa, 13215, 0, 0, 0, , 0, 0, 0, 0, 0, 
343, 1, 349, 343, -1, 311, 201, 14.0, 11, ABalpapaapp, 6244, 0, 0, 0, , 0, 0, 0, 0, 0, 
344, 0, 350, -1, -1, 296, 217, 12.0, 11, , 5953, 0, 0, 0, , 0, 0, 0, 0, 0, 
345, 1, 351, 345, -1, 288, 244, 19.0, 11, ABalpaaaapa, 4152, 0, 0, 0, , 0, 0, 0, 0, 0, 
346, 1, 352, 346, -1, 278, 251, 18.0, 11, ABalpaaaaap, 4807, 0, 0, 0, , 0, 0, 0, 0, 0, 
347, 0, 353, -1, -1, 264, 238, 21.0, 9, , 2020, 0, 0, 0, , 0, 0, 0, 0, 0, 
348, 1, 354, 348, -1, 289, 273, 21.0, 15, ABalpapppaa, 10471, 0, 0, 0, , 0, 0, 0, 0, 0, 
349, 1, 355, 349, -1, 262, 255, 18.0, 11, ABalpapppap, 2961, 0, 0, 0, , 0, 0, 0, 0, 0, 
350, 1, 356, 350, -1, 297, 273, 28.0, 15, ABalpaapapa, 5061, 0, 0, 0, , 0, 0, 0, 0, 0, 
351, 1, 357, 351, -1, 263, 242, 18.0, 13, ABalpaaaapp, 9581, 0, 0, 0, , 0, 0, 0, 0, 0, 
352, 1, 358, 352, -1, 298, 234, 21.0, 13, ABalpaaaaaa, 4593, 0, 0, 0, , 0, 0, 0, 0, 0, 
353, 0, -1, -1, -1, 282, 258, 20.0, 11, , 3056, 0, 0, 0, , 0, 0, 0, 0, 0, 
354, 0, 360, -1, -1, 317, 224, 21.0, 13, , 3493, 0, 0, 0, , 0, 0, 0, 0, 0, 
355, 1, 361, 354, -1, 330, 235, 23.0, 9, ABalpaapppa, 3408, 0, 0, 0, , 0, 0, 0, 0, 0, 
356, 1, 362, 355, -1, 338, 228, 20.0, 11, ABalpaapppp, 2475, 0, 0, 0, , 0, 0, 0, 0, 0, 
357, 1, 363, 356, -1, 326, 215, 22.0, 13, ABalpaappaa, 2743, 0, 0, 0, , 0, 0, 0, 0, 0, 
358, 0, 364, -1, -1, 303, 245, 25.0, 13, , 5658, 0, 0, 0, , 0, 0, 0, 0, 0, 
359, 0, 365, -1, -1, 282, 250, 16.0, 13, , 3212, 0, 0, 0, , 0, 0, 0, 0, 0, 
360, 1, 366, 359, -1, 142, 336, 25.0, 17, Ealpp, 21495, 0, 0, 0, , 0, 0, 0, 0, 0, 
361, 1, 367, 360, -1, 150, 318, 28.0, 17, Earpp, 3594, 0, 0, 0, , 0, 0, 0, 0, 0, 
362, 0, 368, -1, -1, 206, 310, 22.0, 15, , 7948, 0, 0, 0, , 0, 0, 0, 0, 0, 
363, 1, 369, 362, -1, 97, 284, 20.0, 15, Eprppa, 2562, 0, 0, 0, , 0, 0, 0, 0, 0, 
364, 1, 370, 363, -1, 246, 328, 30.0, 17, Dapap, 7377, 0, 0, 0, , 0, 0, 0, 0, 0, 
365, 1, 371, 364, -1, 240, 299, 15.0, 13, Dapaa, 4775, 0, 0, 0, , 0, 0, 0, 0, 0, 
366, 1, 372, 365, -1, 242, 298, 21.0, 13, MSaapaapp, 4674, 0, 0, 0, , 0, 0, 0, 0, 0, 
367, 1, 373, 366, -1, 246, 276, 21.0, 11, MSaapaapaa, 2484, 0, 0, 0, , 0, 0, 0, 0, 0, 
368, 1, 374, 367, -1, 245, 297, 19.0, 11, MSaapaapap, 2865, 0, 0, 0, , 0, 0, 0, 0, 0, 
369, 1, 375, 368, -1, 205, 236, 32.0, 15, ABarpppapp, 1722, 0, 0, 0, , 0, 0, 0, 0, 0, 
370, 1, 376, 369, -1, 271, 293, 12.0, 13, ABplppaapap, 4699, 0, 0, 0, , 0, 0, 0, 0, 0, 
371, 1, 377, 370, -1, 285, 279, 9.0, 11, ABplppaapaa, 3403, 0, 0, 0, , 0, 0, 0, 0, 0, 
372, 1, 378, 371, -1, 336, 252, 25.0, 11, ABalaaaalal, 3382, 0, 0, 0, , 0, 0, 0, 0, 0, 
373, 1, 379, 372, -1, 326, 255, 21.0, 15, ABalapaappp, 3108, 0, 0, 0, , 0, 0, 0, 0, 0, 
374, 0, 380, -1, -1, 275, 170, 30.0, 9, , 943, 0, 0, 0, , 0, 0, 0, 0, 0, 
375, 1, 381, 374, -1, 272, 180, 33.0, 15, ABalaaapprr, 4534, 0, 0, 0, , 0, 0, 0, 0, 0, 
376, 1, 382, 375, -1, 298, 175, 21.0, 13, ABalaaapprl, 3832, 0, 0, 0, , 0, 0, 0, 0, 0, 
377, 1, 383, 377, -1, 123, 328, 35.0, 19, Cppppaa, 7783, 0, 0, 0, , 0, 0, 0, 0, 0, 
378, 1, 384, 378, -1, 81, 314, 31.0, 19, Cppppap, 4324, 0, 0, 0, , 0, 0, 0, 0, 0, 
379, 0, 385, -1, -1, 104, 265, 10.0, 9, , 1230, 0, 0, 0, , 0, 0, 0, 0, 0, 
380, 1, 386, 380, -1, 308, 189, 32.0, 13, ABarpapaappp, 2219, 0, 0, 0, , 0, 0, 0, 0, 0, 
381, 0, 387, -1, -1, 132, 328, 29.0, 17, , 1939, 0, 0, 0, , 0, 0, 0, 0, 0, 
382, 1, 707, 382, -1, 120, 337, 28.0, 21, Eplap, 9708, 0, 0, 0, , 0, 0, 0, 0, 0, 
383, 1, 389, 383, -1, 306, 210, 17.0, 15, ABalpapaapa, 7099, 0, 0, 0, , 0, 0, 0, 0, 0, 
384, 0, 390, -1, -1, 152, 318, 27.0, 19, , 8804, 0, 0, 0, , 0, 0, 0, 0, 0, 
385, 1, 391, 385, -1, 228, 272, 10.0, 17, ABplppapaaa, 7161, 0, 0, 0, , 0, 0, 0, 0, 0, 
386, 1, 392, 386, -1, 340, 276, 28.0, 15, ABalaaaalar, 5860, 0, 0, 0, , 0, 0, 0, 0, 0, 
387, 0, 393, -1, -1, 273, 193, 20.0, 15, , 5885, 0, 0, 0, , 0, 0, 0, 0, 0, 
388, 1, 394, 388, -1, 162, 271, 21.0, 15, MSpappap, 4180, 0, 0, 0, , 0, 0, 0, 0, 0, 
389, 1, 395, 389, -1, 226, 265, 30.0, 11, MSpaapapa, 2403, 0, 0, 0, , 0, 0, 0, 0, 0, 
390, 1, 396, 390, -1, 67, 289, 22.0, 17, Cpppppd, 5853, 0, 0, 0, , 0, 0, 0, 0, 0, 
391, 1, 397, 391, -1, 311, 306, 25.0, 11, ABplapaaaaa, 4450, 0, 0, 0, , 0, 0, 0, 0, 0, 
392, 1, 398, 392, -1, 214, 276, 21.0, 11, MSaappaa, 3765, 0, 0, 0, , 0, 0, 0, 0, 0, 
393, 1, 399, 393, -1, 330, 255, 15.0, 13, ABalaaaalpa, 3555, 0, 0, 0, , 0, 0, 0, 0, 0, 
394, 1, 400, 394, -1, 347, 241, 23.0, 13, ABalaaaparr, 3160, 0, 0, 0, , 0, 0, 0, 0, 0, 
395, 1, 401, 395, -1, 366, 226, 23.0, 15, ABarpaaaapp, 4826, 0, 0, 0, , 0, 0, 0, 0, 0, 
396, 1, 402, 396, -1, 272, 276, 21.0, 11, ABalpaaappp, 3894, 0, 0, 0, , 0, 0, 0, 0, 0, 
397, 1, 403, 397, -1, 279, 267, 23.0, 13, ABalpaaappa, 3450, 0, 0, 0, , 0, 0, 0, 0, 0, 
398, 1, 404, 398, -1, 207, 292, 19.0, 17, Ealaad, 8255, 0, 0, 0, , 0, 0, 0, 0, 0, 
399, 1, 405, 399, -1, 226, 219, 18.0, 15, ABprpappapa, 6930, 0, 0, 0, , 0, 0, 0, 0, 0, 
400, 1, 406, 400, -1, 168, 358, 31.0, 15, Cappaap, 4719, 0, 0, 0, , 0, 0, 0, 0, 0, 
401, 1, 407, 401, -1, 298, 214, 20.0, 11, ABarappaapp, 6538, 0, 0, 0, , 0, 0, 0, 0, 0, 
402, 1, 408, 402, -1, 206, 251, 26.0, 17, MSpapaapp, 4627, 0, 0, 0, , 0, 0, 0, 0, 0, 
403, 1, 409, 403, -1, 213, 236, 24.0, 13, MSpapaapaa, 1569, 0, 0, 0, , 0, 0, 0, 0, 0, 
404, 1, 410, 404, -1, 200, 233, 24.0, 11, MSpapaapap, 2683, 0, 0, 0, , 0, 0, 0, 0, 0, 
405, 1, 411, 405, -1, 265, 167, 27.0, 13, ABpraapaapp, 3973, 0, 0, 0, , 0, 0, 0, 0, 0, 
406, 0, 412, -1, -1, 256, 181, 32.0, 11, , 1814, 0, 0, 0, , 0, 0, 0, 0, 0, 
407, 1, 413, 407, -1, 322, 184, 24.0, 11, ABalaaapplr, 2594, 0, 0, 0, , 0, 0, 0, 0, 0, 
408, 1, 414, 408, -1, 304, 289, 23.0, 11, ABalppppaav, 2852, 0, 0, 0, , 0, 0, 0, 0, 0, 
409, 1, 415, 409, -1, 299, 282, 34.0, 13, MSappppp, 1888, 0, 0, 0, , 0, 0, 0, 0, 0, 
410, 1, 416, 410, -1, 294, 281, 25.0, 15, ABalpaapapp, 5107, 0, 0, 0, , 0, 0, 0, 0, 0, 
411, 1, 417, 411, -1, 236, 237, 21.0, 11, MSpapaaaa, 2948, 0, 0, 0, , 0, 0, 0, 0, 0, 
412, 1, 418, 412, -1, 191, 222, 16.0, 15, MSpapppaa, 5654, 0, 0, 0, , 0, 0, 0, 0, 0, 
413, 1, 419, 413, -1, 184, 239, 18.0, 15, MSpapppap, 2232, 0, 0, 0, , 0, 0, 0, 0, 0, 
414, 1, 420, 414, -1, 259, 186, 26.0, 13, ABprpaapaaa, 7809, 0, 0, 0, , 0, 0, 0, 0, 0, 
415, 1, 421, 415, -1, 301, 298, 13.0, 13, ABalpppppppp, 2503, 0, 0, 0, , 0, 0, 0, 0, 0, 
416, 1, 422, 416, -1, 89, 276, 10.0, 11, Caapap, 5353, 0, 0, 0, , 0, 0, 0, 0, 0, 
417, 1, 423, 417, -1, 342, 200, 24.0, 13, ABarpaaaaal, 4199, 0, 0, 0, , 0, 0, 0, 0, 0, 
418, 1, 424, 418, -1, 89, 265, 15.0, 13, ABprppppppa, 3761, 0, 0, 0, , 0, 0, 0, 0, 0, 
419, 1, 425, 419, -1, 221, 208, 35.0, 15, ABarpppapa, 1162, 0, 0, 0, , 0, 0, 0, 0, 0, 
420, 1, 426, 420, -1, 102, 253, 28.0, 9, ABarpppppp, 503, 0, 0, 0, , 0, 0, 0, 0, 0, 
421, 0, -1, -1, -1, 245, 181, 14.0, 9, , 2059, 0, 0, 0, , 0, 0, 0, 0, 0, 
422, 1, 428, 422, -1, 315, 278, 30.0, 13, MSapappa, 2990, 0, 0, 0, , 0, 0, 0, 0, 0, 
423, 1, 429, 423, -1, 319, 201, 32.0, 13, MSppappp, 2562, 0, 0, 0, , 0, 0, 0, 0, 0, 
424, 1, 430, 424, -1, 96, 292, 13.0, 15, Cappppd, 3785, 0, 0, 0, , 0, 0, 0, 0, 0, 
425, 1, 431, 425, -1, 234, 280, 28.0, 13, MSaaaappp, 3683, 0, 0, 0, , 0, 0, 0, 0, 0, 
426, 1, 432, 426, -1, 99, 346, 14.0, 13, ABplapppaap, 4970, 0, 0, 0, , 0, 0, 0, 0, 0, 
427, 0, 433, -1, -1, 335, 247, 30.0, 13, , 1259, 0, 0, 0, , 0, 0, 0, 0, 0, 
428, 1, 434, 428, -1, 212, 257, 24.0, 11, MSpapapap, 3234, 0, 0, 0, , 0, 0, 0, 0, 0, 
429, 0, 435, -1, -1, 152, 338, 18.0, 13, , 2862, 0, 0, 0, , 0, 0, 0, 0, 0, 
430, 1, 436, 430, -1, 183, 337, 17.0, 13, Capaapa, 5067, 0, 0, 0, , 0, 0, 0, 0, 0, 
431, 1, 437, 722, -1, 259, 165, 14.0, 17, ABpraappap, 2115, 0, 0, 0, , 0, 0, 0, 0, 0, 
432, 1, 438, 431, -1, 202, 298, 22.0, 11, Ealpa, 1630, 0, 0, 0, , 0, 0, 0, 0, 0, 
433, 0, 439, -1, -1, 218, 301, 30.0, 15, , 6216, 0, 0, 0, , 0, 0, 0, 0, 0, 
434, 1, 440, 433, -1, 221, 168, 22.0, 13, ABpraaappppp, 3198, 0, 0, 0, , 0, 0, 0, 0, 0, 
435, 0, 441, -1, -1, 306, 305, 17.0, 13, , 2070, 0, 0, 0, , 0, 0, 0, 0, 0, 
436, 1, 442, 435, -1, 323, 281, 19.0, 13, ABplpaapaaa, 6003, 0, 0, 0, , 0, 0, 0, 0, 0, 
437, 1, 443, 436, -1, 279, 203, 30.0, 17, MSppaaap, 8653, 0, 0, 0, , 0, 0, 0, 0, 0, 
438, 1, 444, 437, -1, 219, 258, 19.0, 15, ABarapapapp, 7562, 0, 0, 0, , 0, 0, 0, 0, 0, 
439, 1, 445, 438, -1, 66, 306, 18.0, 15, Cappppv, 3845, 0, 0, 0, , 0, 0, 0, 0, 0, 
440, 1, 446, 439, -1, 223, 294, 12.0, 13, MSaapppap, 3756, 0, 0, 0, , 0, 0, 0, 0, 0, 
441, 1, 447, 440, -1, 259, 307, 18.0, 13, ABplapaaapa, 2423, 0, 0, 0, , 0, 0, 0, 0, 0, 
442, 0, 448, -1, -1, 250, 240, 23.0, 13, , 4582, 0, 0, 0, , 0, 0, 0, 0, 0, 
443, 1, 449, 442, -1, 235, 286, 14.0, 11, MSaapppaa, 2186, 0, 0, 0, , 0, 0, 0, 0, 0, 
444, 1, 450, 443, -1, 208, 254, 11.0, 15, ABarappappa, 4683, 0, 0, 0, , 0, 0, 0, 0, 0, 
445, 1, 451, 444, -1, 306, 237, 22.0, 13, ABaraaaaaaa, 4997, 0, 0, 0, , 0, 0, 0, 0, 0, 
446, 1, 452, 445, -1, 181, 310, 23.0, 19, Ealap, 6874, 0, 0, 0, , 0, 0, 0, 0, 0, 
447, 1, 454, 446, -1, 195, 260, 11.0, 17, ABplpaaaapp, 5035, 0, 0, 0, , 0, 0, 0, 0, 0, 
448, 0, 455, -1, -1, 270, 309, 19.0, 11, , 3363, 0, 0, 0, , 0, 0, 0, 0, 0, 
449, 1, 456, 448, -1, 246, 235, 22.0, 13, ABarapappap, 2014, 0, 0, 0, , 0, 0, 0, 0, 0, 
450, 0, 457, -1, -1, 259, 190, 12.0, 15, , 4873, 0, 0, 0, , 0, 0, 0, 0, 0, 
451, 1, 458, 450, -1, 102, 282, 17.0, 13, ABprpappppp, 3970, 0, 0, 0, , 0, 0, 0, 0, 0, 
452, 1, 459, 451, -1, 259, 249, 11.0, 17, ABalpapappp, 8838, 0, 0, 0, , 0, 0, 0, 0, 0, 
453, 0, 460, -1, -1, 97, 303, 28.0, 13, , 2490, 0, 0, 0, , 0, 0, 0, 0, 0, 
454, 1, 461, 453, -1, 336, 282, 17.0, 13, ABalpppapppa, 2015, 0, 0, 0, , 0, 0, 0, 0, 0, 
455, 1, 463, 454, -1, 339, 199, 31.0, 11, ABalapppapp, 2332, 0, 0, 0, , 0, 0, 0, 0, 0, 
456, 0, -1, -1, -1, 306, 202, 12.0, 13, , 3543, 0, 0, 0, , 0, 0, 0, 0, 0, 
457, 1, 465, 456, -1, 237, 200, 18.0, 13, MSpppapp, 5934, 0, 0, 0, , 0, 0, 0, 0, 0, 
458, 1, 466, 457, -1, 307, 272, 21.0, 9, MSapapap, 1128, 0, 0, 0, , 0, 0, 0, 0, 0, 
459, 1, 468, 458, -1, 300, 235, 30.0, 11, ABaraappaaa, 3885, 0, 0, 0, , 0, 0, 0, 0, 0, 
460, 1, 469, 459, -1, 137, 317, 17.0, 19, Z3, 4644, 0, 0, 0, , 0, 0, 0, 0, 0, 
461, 1, 470, 460, -1, 295, 293, 19.0, 13, ABalpppppap, 3905, 0, 0, 0, , 0, 0, 0, 0, 0, 
462, 1, 471, 461, -1, 304, 239, 13.0, 13, ABalppaappp, 2499, 0, 0, 0, , 0, 0, 0, 0, 0, 
463, 0, 472, -1, -1, 339, 270, 27.0, 21, , 5212, 0, 0, 0, , 0, 0, 0, 0, 0, 
464, 0, 473, -1, -1, 105, 271, 10.0, 13, , 2176, 0, 0, 0, , 0, 0, 0, 0, 0, 
465, 1, 474, 464, -1, 287, 282, 10.0, 15, ABplppaaaaa, 8168, 0, 0, 0, , 0, 0, 0, 0, 0, 
466, 1, 475, 465, -1, 266, 217, 20.0, 13, ABarapaaapa, 6784, 0, 0, 0, , 0, 0, 0, 0, 0, 
467, 1, 476, 466, -1, 292, 229, 29.0, 13, ABaraappaap, 5113, 0, 0, 0, , 0, 0, 0, 0, 0, 
468, 1, 477, 467, -1, 256, 219, 31.0, 19, ABaraaapapa, 9402, 0, 0, 0, , 0, 0, 0, 0, 0, 
469, 1, 478, 468, -1, 205, 287, 24.0, 11, Earpa, 874, 0, 0, 0, , 0, 0, 0, 0, 0, 
470, 1, 479, 469, -1, 319, 232, 19.0, 15, ABalpapaaaa, 13239, 0, 0, 0, , 0, 0, 0, 0, 0, 
471, 1, 480, 470, -1, 75, 268, 26.0, 13, Caappd, 3905, 0, 0, 0, , 0, 0, 0, 0, 0, 
472, 0, 481, -1, -1, 236, 238, 27.0, 13, , 5063, 0, 0, 0, , 0, 0, 0, 0, 0, 
473, 1, 482, 472, -1, 259, 199, 33.0, 13, ABarpppaaa, 4066, 0, 0, 0, , 0, 0, 0, 0, 0, 
474, 0, 483, -1, -1, 94, 326, 26.0, 15, , 8722, 0, 0, 0, , 0, 0, 0, 0, 0, 
475, 0, 484, -1, -1, 176, 318, 27.0, 15, , 2267, 0, 0, 0, , 0, 0, 0, 0, 0, 
476, 0, 485, -1, -1, 330, 255, 22.0, 9, , 1738, 0, 0, 0, , 0, 0, 0, 0, 0, 
477, 0, 486, -1, -1, 83, 257, 26.0, 11, , 1034, 0, 0, 0, , 0, 0, 0, 0, 0, 
478, 1, 487, 477, -1, 276, 190, 35.0, 11, ABalappapap, 2141, 0, 0, 0, , 0, 0, 0, 0, 0, 
479, 1, 488, 478, -1, 319, 260, 10.0, 15, ABplaappap, 4554, 0, 0, 0, , 0, 0, 0, 0, 0, 
480, 0, 489, -1, -1, 235, 168, 13.0, 9, , 1062, 0, 0, 0, , 0, 0, 0, 0, 0, 
481, 1, 490, 480, -1, 224, 250, 11.0, 13, ABplppaappa, 4598, 0, 0, 0, , 0, 0, 0, 0, 0, 
482, 1, 491, 481, -1, 232, 200, 11.0, 13, ABarappappp, 13219, 0, 0, 0, , 0, 0, 0, 0, 0, 
483, 1, 492, 482, -1, 108, 364, 19.0, 17, Cpapap, 5511, 0, 0, 0, , 0, 0, 0, 0, 0, 
484, 1, 493, 483, -1, 238, 230, 13.0, 15, ABplpaaaapa, 6816, 0, 0, 0, , 0, 0, 0, 0, 0, 
485, 1, 494, 484, -1, 323, 227, 11.0, 15, ABplpaaapap, 6850, 0, 0, 0, , 0, 0, 0, 0, 0, 
486, 1, 495, 485, -1, 265, 279, 24.0, 17, ABaraapapaa, 6132, 0, 0, 0, , 0, 0, 0, 0, 0, 
487, 1, 496, 486, -1, 344, 250, 31.0, 13, MSapappp, 2081, 0, 0, 0, , 0, 0, 0, 0, 0, 
488, 1, 497, 487, -1, 102, 237, 19.0, 13, ABprpppaapp, 7875, 0, 0, 0, , 0, 0, 0, 0, 0, 
489, 1, 498, 488, -1, 131, 290, 12.0, 13, ABplppppapa, 4059, 0, 0, 0, , 0, 0, 0, 0, 0, 
490, 1, 499, 489, -1, 193, 240, 14.0, 13, ABprpapppap, 5077, 0, 0, 0, , 0, 0, 0, 0, 0, 
491, 0, 501, -1, -1, 208, 289, 28.0, 11, , 650, 0, 0, 0, , 0, 0, 0, 0, 0, 
492, 1, 502, 491, -1, 249, 194, 36.0, 15, ABarpaappp, 2351, 0, 0, 0, , 0, 0, 0, 0, 0, 
493, 1, 503, 492, -1, 280, 273, 16.0, 13, MSapppaa, 1842, 0, 0, 0, , 0, 0, 0, 0, 0, 
494, 0, 504, -1, -1, 209, 237, 14.0, 11, , 2013, 0, 0, 0, , 0, 0, 0, 0, 0, 
495, 1, 505, 494, -1, 317, 227, 23.0, 13, ABalpaapaaa, 5698, 0, 0, 0, , 0, 0, 0, 0, 0, 
496, 0, 506, -1, -1, 343, 249, 34.0, 11, , 625, 0, 0, 0, , 0, 0, 0, 0, 0, 
497, 0, 507, -1, -1, 237, 190, 29.0, 7, , 332, 0, 0, 0, , 0, 0, 0, 0, 0, 
498, 0, 508, -1, -1, 274, 308, 13.0, 11, , 3217, 0, 0, 0, , 0, 0, 0, 0, 0, 
499, 1, 509, 498, -1, 268, 320, 13.0, 13, ABplaapppp, 3982, 0, 0, 0, , 0, 0, 0, 0, 0, 
500, 1, 510, 499, -1, 277, 232, 33.0, 15, MSpaaaapa, 3675, 0, 0, 0, , 0, 0, 0, 0, 0, 
501, 0, 511, -1, -1, 176, 329, 28.0, 17, , 8951, 0, 0, 0, , 0, 0, 0, 0, 0, 
502, 0, 512, -1, -1, 311, 189, 26.0, 11, , 1640, 0, 0, 0, , 0, 0, 0, 0, 0, 
503, 1, 513, 502, -1, 340, 278, 25.0, 15, ABalaaapall, 4647, 0, 0, 0, , 0, 0, 0, 0, 0, 
504, 1, 514, 503, -1, 255, 216, 28.0, 19, ABarapaappa, 7440, 0, 0, 0, , 0, 0, 0, 0, 0, 
505, 0, 515, -1, -1, 310, 173, 26.0, 11, , 2513, 0, 0, 0, , 0, 0, 0, 0, 0, 
506, 1, 516, 505, -1, 246, 321, 33.0, 17, Dappap, 16169, 0, 0, 0, , 0, 0, 0, 0, 0, 
507, 1, 517, 506, -1, 363, 233, 26.0, 13, ABplaaaaaap, 3625, 0, 0, 0, , 0, 0, 0, 0, 0, 
508, 1, 518, 507, -1, 280, 224, 35.0, 17, MSpppppp, 6583, 0, 0, 0, , 0, 0, 0, 0, 0, 
509, 1, 519, 508, -1, 191, 315, 27.0, 13, Earap, 692, 0, 0, 0, , 0, 0, 0, 0, 0, 
510, 1, 520, 509, -1, 327, 195, 28.0, 11, ABarpapaaaa, 3494, 0, 0, 0, , 0, 0, 0, 0, 0, 
511, 0, -1, -1, -1, 132, 313, 16.0, 13, , 1821, 0, 0, 0, , 0, 0, 0, 0, 0, 
512, 1, 522, 511, -1, 193, 268, 27.0, 21, Earaad, 28105, 0, 0, 0, , 0, 0, 0, 0, 0, 
513, 0, 523, -1, -1, 131, 322, 28.0, 15, , 2608, 0, 0, 0, , 0, 0, 0, 0, 0, 
514, 0, 524, -1, -1, 280, 186, 26.0, 11, , 3397, 0, 0, 0, , 0, 0, 0, 0, 0, 
515, 0, 525, -1, -1, 90, 243, 26.0, 11, , 4384, 0, 0, 0, , 0, 0, 0, 0, 0, 
516, 1, 526, 515, -1, 241, 226, 25.0, 15, ABarapaappp, 7214, 0, 0, 0, , 0, 0, 0, 0, 0, 
517, 0, 527, -1, -1, 350, 262, 19.0, 11, , 2209, 0, 0, 0, , 0, 0, 0, 0, 0, 
518, 1, 341, 517, -1, 318, 272, 17.0, 13, ABalppappaa, 3136, 0, 0, 0, , 0, 0, 0, 0, 0, 
519, 1, 529, 518, -1, 251, 206, 19.0, 11, MSppaaaav, 2701, 0, 0, 0, , 0, 0, 0, 0, 0, 
520, 1, 530, 519, -1, 286, 232, 31.0, 17, ABaraappapa, 7887, 0, 0, 0, , 0, 0, 0, 0, 0, 
521, 1, 531, 520, -1, 82, 323, 15.0, 17, ABplapapppp, 5931, 0, 0, 0, , 0, 0, 0, 0, 0, 
522, 1, 532, 521, -1, 239, 256, 22.0, 13, ABarapapaaa, 4604, 0, 0, 0, , 0, 0, 0, 0, 0, 
523, 1, 533, 522, -1, 276, 212, 22.0, 11, ABarapaaaaa, 6429, 0, 0, 0, , 0, 0, 0, 0, 0, 
524, 1, 534, 523, -1, 103, 299, 34.0, 23, Cpppapa, 20395, 0, 0, 0, , 0, 0, 0, 0, 0, 
525, 1, 535, 524, -1, 352, 261, 24.0, 15, ABalapaaapp, 3842, 0, 0, 0, , 0, 0, 0, 0, 0, 
526, 1, 536, 525, -1, 269, 253, 22.0, 13, ABalpappppp, 1486, 0, 0, 0, , 0, 0, 0, 0, 0, 
527, 0, 537, -1, -1, 272, 254, 21.0, 17, , 7197, 0, 0, 0, , 0, 0, 0, 0, 0, 
528, 0, 538, -1, -1, 315, 205, 32.0, 17, , 6009, 0, 0, 0, , 0, 0, 0, 0, 0, 
529, 1, 539, 528, -1, 319, 289, 25.0, 15, ABalapaaaaa, 3884, 0, 0, 0, , 0, 0, 0, 0, 0, 
530, 1, 540, 529, -1, 189, 235, 27.0, 13, MSppapaa, 4964, 0, 0, 0, , 0, 0, 0, 0, 0, 
531, 1, 541, 530, -1, 282, 217, 10.0, 13, ABarappaaap, 8796, 0, 0, 0, , 0, 0, 0, 0, 0, 
532, 0, 542, -1, -1, 267, 261, 29.0, 11, , 2974, 0, 0, 0, , 0, 0, 0, 0, 0, 
533, 0, 543, -1, -1, 266, 237, 26.0, 15, , 3865, 0, 0, 0, , 0, 0, 0, 0, 0, 
534, 0, 544, -1, -1, 293, 183, 30.0, 11, , 2998, 0, 0, 0, , 0, 0, 0, 0, 0, 
535, 0, 545, -1, -1, 289, 256, 13.0, 9, , 978, 0, 0, 0, , 0, 0, 0, 0, 0, 
536, 0, 546, -1, -1, 114, 312, 26.0, 13, , 3422, 0, 0, 0, , 0, 0, 0, 0, 0, 
537, 1, 547, 536, -1, 215, 273, 28.0, 13, MSpaapapp, 4273, 0, 0, 0, , 0, 0, 0, 0, 0, 
538, 1, 548, 537, -1, 286, 171, 25.0, 13, ABpraapaapa, 4450, 0, 0, 0, , 0, 0, 0, 0, 0, 
539, 1, 549, 538, -1, 232, 182, 12.0, 17, ABpraapppa, 7293, 0, 0, 0, , 0, 0, 0, 0, 0, 
540, 1, 550, 539, -1, 306, 235, 15.0, 13, ABalppapppp, 2766, 0, 0, 0, , 0, 0, 0, 0, 0, 
541, 1, 551, 540, -1, 321, 224, 14.0, 15, ABplpaaapaa, 5809, 0, 0, 0, , 0, 0, 0, 0, 0, 
542, 1, 552, 541, -1, 84, 344, 16.0, 13, Cpappd, 6055, 0, 0, 0, , 0, 0, 0, 0, 0, 
543, 1, 553, 542, -1, 361, 198, 25.0, 15, ABplaaaapa, 4264, 0, 0, 0, , 0, 0, 0, 0, 0, 
544, 0, 554, -1, -1, 225, 319, 18.0, 11, , 3473, 0, 0, 0, , 0, 0, 0, 0, 0, 
545, 1, 555, 544, -1, 235, 319, 19.0, 15, MSapapaa, 4281, 0, 0, 0, , 0, 0, 0, 0, 0, 
546, 1, 556, 545, -1, 267, 170, 18.0, 15, ABpraaaapad, 3194, 0, 0, 0, , 0, 0, 0, 0, 0, 
547, 0, 557, -1, -1, 283, 250, 25.0, 11, , 3223, 0, 0, 0, , 0, 0, 0, 0, 0, 
548, 1, 558, 547, -1, 297, 262, 25.0, 13, ABalpaaapaa, 3971, 0, 0, 0, , 0, 0, 0, 0, 0, 
549, 1, 559, 500, -1, 171, 319, 29.0, 15, Epraa, 335, 0, 0, 0, , 0, 0, 0, 0, 0, 
550, 0, 560, -1, -1, 230, 352, 25.0, 15, , 4292, 0, 0, 0, , 0, 0, 0, 0, 0, 
551, 0, 561, -1, -1, 199, 292, 27.0, 19, , 7922, 0, 0, 0, , 0, 0, 0, 0, 0, 
552, 1, 562, 550, -1, 88, 253, 11.0, 15, ABprpppapap, 5127, 0, 0, 0, , 0, 0, 0, 0, 0, 
553, 1, 563, 551, -1, 359, 251, 25.0, 13, ABalapapppp, 2563, 0, 0, 0, , 0, 0, 0, 0, 0, 
554, 1, 564, 552, -1, 290, 190, 16.0, 15, ABprpaaapaa, 6032, 0, 0, 0, , 0, 0, 0, 0, 0, 
555, 1, 565, 553, -1, 283, 263, 10.0, 11, ABplaapppa, 1014, 0, 0, 0, , 0, 0, 0, 0, 0, 
556, 0, 566, -1, -1, 282, 262, 10.0, 19, , 16928, 0, 0, 0, , 0, 0, 0, 0, 0, 
557, 0, 567, -1, -1, 88, 290, 9.0, 9, , 2543, 0, 0, 0, , 0, 0, 0, 0, 0, 
558, 1, 568, 556, -1, 113, 349, 15.0, 15, ABarppappp, 3881, 0, 0, 0, , 0, 0, 0, 0, 0, 
559, 1, 569, 557, -1, 345, 227, 27.0, 13, ABplaaaaaaa, 6744, 0, 0, 0, , 0, 0, 0, 0, 0, 
560, 1, 570, 715, -1, 291, 196, 34.0, 15, MSppappa, 697, 0, 0, 0, , 0, 0, 0, 0, 0, 
561, 1, 571, 559, -1, 293, 247, 32.0, 11, MSaaaaapaa, 2184, 0, 0, 0, , 0, 0, 0, 0, 0, 
562, 0, 572, -1, -1, 324, 240, 32.0, 11, , 2604, 0, 0, 0, , 0, 0, 0, 0, 0, 
563, 1, 573, 561, -1, 274, 221, 16.0, 11, ABplpappaaa, 3249, 0, 0, 0, , 0, 0, 0, 0, 0, 
564, 0, 574, -1, -1, 256, 305, 16.0, 13, , 2358, 0, 0, 0, , 0, 0, 0, 0, 0, 
565, 1, 575, 563, -1, 235, 255, 19.0, 13, ABarapapppa, 4461, 0, 0, 0, , 0, 0, 0, 0, 0, 
566, 1, 576, 564, -1, 236, 173, 27.0, 15, ABpraapapppa, 3831, 0, 0, 0, , 0, 0, 0, 0, 0, 
567, 0, 577, -1, -1, 339, 290, 20.0, 13, , 2413, 0, 0, 0, , 0, 0, 0, 0, 0, 
568, 1, 578, 566, -1, 228, 319, 25.0, 17, Ealaav, 3753, 0, 0, 0, , 0, 0, 0, 0, 0, 
569, 0, 579, -1, -1, 112, 338, 27.0, 13, , 2548, 0, 0, 0, , 0, 0, 0, 0, 0, 
570, 0, 580, -1, -1, 143, 340, 27.0, 17, , 2898, 0, 0, 0, , 0, 0, 0, 0, 0, 
571, 0, 581, -1, -1, 258, 165, 30.0, 11, , 1685, 0, 0, 0, , 0, 0, 0, 0, 0, 
572, 1, 582, 570, -1, 255, 288, 16.0, 13, Daaaa, 3704, 0, 0, 0, , 0, 0, 0, 0, 0, 
573, 0, 583, -1, -1, 233, 241, 15.0, 9, , 1714, 0, 0, 0, , 0, 0, 0, 0, 0, 
574, 1, 584, 572, -1, 339, 238, 16.0, 13, ABalaaapalr, 3554, 0, 0, 0, , 0, 0, 0, 0, 0, 
575, 1, 585, 573, -1, 258, 225, 21.0, 13, ABarapaaaap, 8835, 0, 0, 0, , 0, 0, 0, 0, 0, 
576, 1, 586, 574, -1, 216, 195, 26.0, 13, ABpraaapppaa, 1308, 0, 0, 0, , 0, 0, 0, 0, 0, 
577, 1, 587, 575, -1, 238, 201, 32.0, 15, ABprapaaaap, 5517, 0, 0, 0, , 0, 0, 0, 0, 0, 
578, 1, 589, 576, -1, 272, 329, 19.0, 15, ABarppapaa, 10509, 0, 0, 0, , 0, 0, 0, 0, 0, 
579, 1, 590, 577, -1, 259, 226, 11.0, 15, ABalpapapap, 7087, 0, 0, 0, , 0, 0, 0, 0, 0, 
580, 0, 591, -1, -1, 265, 317, 12.0, 17, , 12778, 0, 0, 0, , 0, 0, 0, 0, 0, 
581, 1, 592, 579, -1, 125, 331, 16.0, 13, MSappaap, 4509, 0, 0, 0, , 0, 0, 0, 0, 0, 
582, 1, 593, 580, -1, 271, 327, 28.0, 15, Cpaaaa, 3341, 0, 0, 0, , 0, 0, 0, 0, 0, 
583, 1, 594, 581, -1, 222, 175, 26.0, 17, ABpraaappppa, 6938, 0, 0, 0, , 0, 0, 0, 0, 0, 
584, 1, 595, 582, -1, 269, 184, 29.0, 15, ABpraaapapa, 3521, 0, 0, 0, , 0, 0, 0, 0, 0, 
585, 1, 596, 583, -1, 219, 219, 14.0, 13, ABprpapapap, 4062, 0, 0, 0, , 0, 0, 0, 0, 0, 
586, 1, 212, 584, -1, 296, 178, 24.0, 13, ABpraaaaapd, 3718, 0, 0, 0, , 0, 0, 0, 0, 0, 
587, 1, 598, 585, -1, 282, 285, 26.0, 11, MSaaapaap, 1682, 0, 0, 0, , 0, 0, 0, 0, 0, 
588, 0, 599, -1, -1, 99, 260, 12.0, 11, , 1698, 0, 0, 0, , 0, 0, 0, 0, 0, 
589, 0, 600, -1, -1, 203, 208, 27.0, 13, , 1687, 0, 0, 0, , 0, 0, 0, 0, 0, 
590, 0, 601, -1, -1, 308, 259, 10.0, 11, , 2676, 0, 0, 0, , 0, 0, 0, 0, 0, 
591, 1, 602, 589, -1, 347, 222, 19.0, 11, ABalaaaarla, 1601, 0, 0, 0, , 0, 0, 0, 0, 0, 
592, 0, 603, -1, -1, 302, 176, 32.0, 15, , 1550, 0, 0, 0, , 0, 0, 0, 0, 0, 
593, 1, 604, 591, -1, 82, 256, 23.0, 13, ABprapappppa, 3250, 0, 0, 0, , 0, 0, 0, 0, 0, 
594, 0, 605, -1, -1, 257, 230, 23.0, 13, , 1938, 0, 0, 0, , 0, 0, 0, 0, 0, 
595, 1, 606, 593, -1, 256, 207, 11.0, 19, ABarappapap, 19580, 0, 0, 0, , 0, 0, 0, 0, 0, 
596, 0, 607, -1, -1, 141, 316, 17.0, 17, , 5495, 0, 0, 0, , 0, 0, 0, 0, 0, 
597, 0, 608, -1, -1, 244, 194, 22.0, 9, , 487, 0, 0, 0, , 0, 0, 0, 0, 0, 
598, 0, 609, -1, -1, 283, 183, 28.0, 11, , 3593, 0, 0, 0, , 0, 0, 0, 0, 0, 
599, 0, 610, -1, -1, 165, 335, 23.0, 21, , 9361, 0, 0, 0, , 0, 0, 0, 0, 0, 
600, 1, 295, 598, -1, 176, 359, 28.0, 17, Capapaa, 14225, 0, 0, 0, , 0, 0, 0, 0, 0, 
601, 0, 612, -1, -1, 208, 281, 26.0, 9, , 504, 0, 0, 0, , 0, 0, 0, 0, 0, 
602, 1, 613, 600, -1, 297, 310, 25.0, 15, ABplapaaaap, 4957, 0, 0, 0, , 0, 0, 0, 0, 0, 
603, 1, 614, 601, -1, 267, 186, 17.0, 11, ABprpaaappa, 3011, 0, 0, 0, , 0, 0, 0, 0, 0, 
604, 0, 615, -1, -1, 299, 177, 16.0, 11, , 4579, 0, 0, 0, , 0, 0, 0, 0, 0, 
605, 1, 616, 603, -1, 251, 246, 20.0, 11, ABalpappppa, 3363, 0, 0, 0, , 0, 0, 0, 0, 0, 
606, 0, 617, -1, -1, 198, 326, 26.0, 17, , 4485, 0, 0, 0, , 0, 0, 0, 0, 0, 
607, 0, 618, -1, -1, 204, 302, 27.0, 13, , 3169, 0, 0, 0, , 0, 0, 0, 0, 0, 
608, 0, 619, -1, -1, 228, 181, 32.0, 17, , 11164, 0, 0, 0, , 0, 0, 0, 0, 0, 
609, 1, 620, 607, -1, 222, 340, 32.0, 15, Dapppa, 4823, 0, 0, 0, , 0, 0, 0, 0, 0, 
610, 1, 621, 608, -1, 305, 219, 15.0, 13, ABalppapaap, 3807, 0, 0, 0, , 0, 0, 0, 0, 0, 
611, 0, 622, -1, -1, 282, 304, 12.0, 11, , 4279, 0, 0, 0, , 0, 0, 0, 0, 0, 
612, 1, 623, 610, -1, 170, 279, 17.0, 13, ABplpapappp, 2883, 0, 0, 0, , 0, 0, 0, 0, 0, 
613, 1, 624, 612, -1, 280, 264, 14.0, 13, MSappapp, 4610, 0, 0, 0, , 0, 0, 0, 0, 0, 
614, 0, 625, -1, -1, 190, 195, 26.0, 13, , 4051, 0, 0, 0, , 0, 0, 0, 0, 0, 
615, 0, 626, -1, -1, 139, 271, 25.0, 11, , 618, 0, 0, 0, , 0, 0, 0, 0, 0, 
616, 0, 627, -1, -1, 98, 326, 26.0, 19, , 13521, 0, 0, 0, , 0, 0, 0, 0, 0, 
617, 0, 628, -1, -1, 248, 165, 30.0, 13, , 2111, 0, 0, 0, , 0, 0, 0, 0, 0, 
618, 0, 629, -1, -1, 330, 272, 12.0, 13, , 2892, 0, 0, 0, , 0, 0, 0, 0, 0, 
619, 0, 630, -1, -1, 245, 192, 21.0, 9, , 1204, 0, 0, 0, , 0, 0, 0, 0, 0, 
620, 1, 631, 618, -1, 143, 284, 25.0, 21, Z2, 34096, 0, 0, 0, , 0, 0, 0, 0, 0, 
621, 0, 632, -1, -1, 177, 303, 23.0, 13, , 3261, 0, 0, 0, , 0, 0, 0, 0, 0, 
622, 1, 633, 620, -1, 135, 301, 36.0, 13, Cppapap, 1218, 0, 0, 0, , 0, 0, 0, 0, 0, 
623, 1, 634, 621, -1, 352, 246, 26.0, 11, ABplaaaaapp, 827, 0, 0, 0, , 0, 0, 0, 0, 0, 
624, 0, 635, -1, -1, 282, 193, 29.0, 9, , 837, 0, 0, 0, , 0, 0, 0, 0, 0, 
625, 0, 636, -1, -1, 218, 212, 33.0, 11, , 886, 0, 0, 0, , 0, 0, 0, 0, 0, 
626, 0, 637, -1, -1, 337, 239, 36.0, 15, , 1616, 0, 0, 0, , 0, 0, 0, 0, 0, 
627, 1, 638, 625, -1, 141, 372, 22.0, 11, Cpaapp, 2155, 0, 0, 0, , 0, 0, 0, 0, 0, 
628, 1, 639, 626, -1, 273, 182, 11.0, 15, ABprpaapapp, 8187, 0, 0, 0, , 0, 0, 0, 0, 0, 
629, 1, 640, 627, -1, 88, 315, 21.0, 19, Eplppp, 8446, 0, 0, 0, , 0, 0, 0, 0, 0, 
630, 1, 641, 628, -1, 87, 270, 29.0, 15, Cpapaa, 5214, 0, 0, 0, , 0, 0, 0, 0, 0, 
631, 0, 642, -1, -1, 300, 275, 20.0, 11, , 1719, 0, 0, 0, , 0, 0, 0, 0, 0, 
632, 0, 643, -1, -1, 326, 244, 34.0, 11, , 1248, 0, 0, 0, , 0, 0, 0, 0, 0, 
633, 1, 644, 631, -1, 309, 162, 24.0, 13, ABarpappap, 2825, 0, 0, 0, , 0, 0, 0, 0, 0, 
634, 0, 645, -1, -1, 230, 242, 14.0, 9, , 830, 0, 0, 0, , 0, 0, 0, 0, 0, 
635, 0, 646, -1, -1, 258, 302, 14.0, 13, , 4235, 0, 0, 0, , 0, 0, 0, 0, 0, 
636, 1, 648, 634, -1, 318, 286, 22.0, 13, ABalpppapppp, 2545, 0, 0, 0, , 0, 0, 0, 0, 0, 
637, 1, 649, 635, -1, 224, 194, 29.0, 13, ABpraapapppp, 2469, 0, 0, 0, , 0, 0, 0, 0, 0, 
638, 1, 650, 636, -1, 213, 240, 28.0, 13, MSpapappa, 2109, 0, 0, 0, , 0, 0, 0, 0, 0, 
639, 1, 651, 637, -1, 200, 347, 32.0, 15, Dapppp, 4050, 0, 0, 0, , 0, 0, 0, 0, 0, 
640, 0, 652, -1, -1, 207, 293, 18.0, 19, , 22479, 0, 0, 0, , 0, 0, 0, 0, 0, 
641, 0, 653, -1, -1, 240, 158, 26.0, 11, , 2429, 0, 0, 0, , 0, 0, 0, 0, 0, 
642, 1, 654, 685, -1, 308, 248, 12.0, 11, ABplpaaappp, 6493, 0, 0, 0, , 0, 0, 0, 0, 0, 
643, 1, 655, 641, -1, 259, 226, 17.0, 13, ABprpapppaa, 1847, 0, 0, 0, , 0, 0, 0, 0, 0, 
644, 0, 656, -1, -1, 81, 238, 21.0, 11, , 2780, 0, 0, 0, , 0, 0, 0, 0, 0, 
645, 1, 657, 643, -1, 293, 259, 20.0, 17, ABalpappaap, 11779, 0, 0, 0, , 0, 0, 0, 0, 0, 
646, 1, 659, 644, -1, 92, 307, 26.0, 15, Eprppp, 3999, 0, 0, 0, , 0, 0, 0, 0, 0, 
647, 0, 660, -1, -1, 254, 165, 31.0, 19, , 7138, 0, 0, 0, , 0, 0, 0, 0, 0, 
648, 0, 661, -1, -1, 209, 297, 17.0, 13, , 5025, 0, 0, 0, , 0, 0, 0, 0, 0, 
649, 0, 662, -1, -1, 235, 155, 20.0, 11, , 1041, 0, 0, 0, , 0, 0, 0, 0, 0, 
650, 0, 663, -1, -1, 280, 264, 28.0, 11, , 568, 0, 0, 0, , 0, 0, 0, 0, 0, 
651, 0, 664, -1, -1, 192, 363, 25.0, 19, , 13085, 0, 0, 0, , 0, 0, 0, 0, 0, 
652, 1, 665, 650, -1, 296, 202, 18.0, 13, ABaraaappap, 1001, 0, 0, 0, , 0, 0, 0, 0, 0, 
653, 0, 666, -1, -1, 182, 311, 21.0, 17, , 5432, 0, 0, 0, , 0, 0, 0, 0, 0, 
654, 1, 667, 652, -1, 166, 337, 26.0, 21, Eplaa, 32338, 0, 0, 0, , 0, 0, 0, 0, 0, 
655, 0, 668, -1, -1, 180, 271, 13.0, 11, , 1581, 0, 0, 0, , 0, 0, 0, 0, 0, 
656, 1, 669, 654, -1, 94, 249, 15.0, 13, Cpppppv, 4425, 0, 0, 0, , 0, 0, 0, 0, 0, 
657, 1, 670, 655, -1, 235, 173, 20.0, 15, ABpraaaapav, 6078, 0, 0, 0, , 0, 0, 0, 0, 0, 
658, 0, 671, -1, -1, 230, 246, 19.0, 13, , 3963, 0, 0, 0, , 0, 0, 0, 0, 0, 
659, 0, 672, -1, -1, 253, 156, 26.0, 9, , 906, 0, 0, 0, , 0, 0, 0, 0, 0, 
660, 0, 673, -1, -1, 248, 338, 26.0, 17, , 15779, 0, 0, 0, , 0, 0, 0, 0, 0, 
661, 0, 674, -1, -1, 102, 245, 28.0, 11, , 898, 0, 0, 0, , 0, 0, 0, 0, 0, 
662, 0, 675, -1, -1, 192, 298, 34.0, 15, , 877, 0, 0, 0, , 0, 0, 0, 0, 0, 
663, 0, 676, -1, -1, 285, 248, 36.0, 13, , 1762, 0, 0, 0, , 0, 0, 0, 0, 0, 
664, 1, 677, 661, -1, 278, 233, 19.0, 11, ABalpappapa, 4042, 0, 0, 0, , 0, 0, 0, 0, 0, 
665, 0, 678, -1, -1, 328, 229, 26.0, 15, , 2154, 0, 0, 0, , 0, 0, 0, 0, 0, 
666, 0, 679, -1, -1, 237, 229, 34.0, 13, , 6936, 0, 0, 0, , 0, 0, 0, 0, 0, 
667, 1, 680, 687, -1, 196, 344, 17.0, 19, ABplappaap, 22028, 0, 0, 0, , 0, 0, 0, 0, 0, 
668, 1, 435, 665, -1, 155, 335, 16.0, 17, Capaapp, 4645, 0, 0, 0, , 0, 0, 0, 0, 0, 
669, 1, 732, 666, -1, 298, 284, 17.0, 13, ABalpppppaa, 4416, 0, 0, 0, , 0, 0, 0, 0, 0, 
670, 1, 683, 667, -1, 268, 187, 22.0, 17, ABarapppaaa, 6874, 0, 0, 0, , 0, 0, 0, 0, 0, 
671, 1, 684, 668, -1, 219, 297, 28.0, 13, Earaav, 2911, 0, 0, 0, , 0, 0, 0, 0, 0, 
672, 0, 685, -1, -1, 308, 189, 27.0, 13, , 2477, 0, 0, 0, , 0, 0, 0, 0, 0, 
673, 0, 686, -1, -1, 285, 259, 29.0, 11, , 1392, 0, 0, 0, , 0, 0, 0, 0, 0, 
674, 0, 687, -1, -1, 142, 259, 32.0, 15, , 1336, 0, 0, 0, , 0, 0, 0, 0, 0, 
675, 0, 688, -1, -1, 313, 248, 36.0, 19, , 4997, 0, 0, 0, , 0, 0, 0, 0, 0, 
676, 0, 689, -1, -1, 89, 297, 15.0, 13, , 3244, 0, 0, 0, , 0, 0, 0, 0, 0, 
677, 0, -1, -1, -1, 89, 241, 13.0, 13, , 651, 0, 0, 0, , 0, 0, 0, 0, 0, 
678, 0, -1, -1, -1, 231, 159, 16.0, 9, , 641, 0, 0, 0, , 0, 0, 0, 0, 0, 
679, 0, -1, -1, -1, 212, 172, 17.0, 13, , 0, 0, 0, 0, , 0, 0, 0, 0, 0, 
680, 0, -1, -1, -1, 352, 228, 18.0, 13, , 3349, 0, 0, 0, , 0, 0, 0, 0, 0, 
681, 1, 734, 678, -1, 313, 218, 18.0, 13, ABalpaappap, 2414, 0, 0, 0, , 0, 0, 0, 0, 0, 
682, 0, -1, -1, -1, 92, 276, 21.0, 13, , 1747, 0, 0, 0, , 0, 0, 0, 0, 0, 
683, 0, -1, -1, -1, 276, 167, 26.0, 11, , 1667, 0, 0, 0, , 0, 0, 0, 0, 0, 
684, 0, -1, -1, -1, 347, 253, 29.0, 11, , 2656, 0, 0, 0, , 0, 0, 0, 0, 0, 
685, 0, -1, -1, -1, 250, 192, 29.0, 11, , 707, 0, 0, 0, , 0, 0, 0, 0, 0, 
686, 1, 460, 683, -1, 103, 319, 29.0, 13, Eprpa, 1758, 0, 0, 0, , 0, 0, 0, 0, 0, 
687, 0, 690, -1, -1, 353, 226, 23.0, 11, , 0, 0, 0, 0, , 0, 0, 0, 0, 0, 
688, 1, 691, 696, -1, 102, 280, 10.0, 15, ABplpppapap, 0, 0, 0, 0, , 0, 0, 0, 0, 0, 
689, 1, 692, 697, -1, 212, 242, 16.0, 15, ABplpappaap, 0, 0, 0, 0, , 0, 0, 0, 0, 0, 
690, 1, 693, 698, -1, 235, 239, 26.333334, 13, ABaraapppaa, 0, 0, 0, 0, , 0, 0, 0, 0, 0, 
691, 1, 694, 739, -1, 303, 244, 26.0, 13, ABalpaapaap, 0, 0, 0, 0, , 0, 0, 0, 0, 0, 
692, 0, 696, -1, -1, 304, 335, 10.033708, 12, , 0, 0, 0, 0, , 0, 0, 0, 0, 0, 
693, 1, 512, 700, -1, 313, 188, 25.0, 12, ABalaaappll, 0, 0, 0, 0, , 0, 0, 0, 0, 0, 
694, 0, -1, -1, -1, 282, 191, 17.0, 13, , 0, 0, 0, 0, , 0, 0, 0, 0, 0, 
695, 1, 192, 702, -1, 200, 271, 17.0, 13, ABprppapaap, 0, 0, 0, 0, , 0, 0, 0, 0, 0, 
696, 1, 699, 703, -1, 254, 304, 16.0, 15, ABplppaaaap, 0, 0, 0, 0, , 0, 0, 0, 0, 0, 
697, 0, 700, -1, -1, 107, 326, 13.0, 13, , 0, 0, 0, 0, , 0, 0, 0, 0, 0, 
698, 0, 701, -1, -1, 280, 182, 23.0, 13, , 0, 0, 0, 0, , 0, 0, 0, 0, 0, 
699, 0, 702, -1, -1, 280, 184, 26.0, 13, , 0, 0, 0, 0, , 0, 0, 0, 0, 0, 
700, 1, 703, 707, -1, 341, 264, 26.0, 13, ABalapaaapa, 0, 0, 0, 0, , 0, 0, 0, 0, 0, 
701, 0, 704, -1, -1, 256, 194, 31.0, 13, , 0, 0, 0, 0, , 0, 0, 0, 0, 0, 
702, 1, 705, 709, -1, 194, 296, 34.0, 13, Dppppp, 0, 0, 0, 0, , 0, 0, 0, 0, 0, 
703, 0, 706, -1, -1, 129, 324, 31.0, 15, , 0, 0, 0, 0, , 0, 0, 0, 0, 0, 
704, 1, 708, 711, -1, 228, 350, 27.0, 15, Cpaaap, 0, 0, 0, 0, , 0, 0, 0, 0, 0, 
705, 1, 709, 712, -1, 251, 336, 25.666666, 15, Caaaaa, 810, 0, 0, 0, , 0, 0, 0, 0, 0, 
706, 1, 710, 713, -1, 134, 322, 28.0, 15, Eprap, 0, 0, 0, 0, , 0, 0, 0, 0, 0, 
707, 1, 711, 714, -1, 244, 186, 14.5, 10, MSpppapa, 1628, 0, 0, 0, , 0, 0, 0, 0, 0, 
708, 1, 252, 270, -1, 233, 290, 31.5, 14, MSpaaapap, 2768, 0, 0, 0, , 0, 0, 0, 0, 0, 
709, 1, 712, 716, -1, 286, 254, 28.0, 13, MSaaapaaa, 0, 0, 0, 0, , 0, 0, 0, 0, 0, 
710, 1, 713, 717, -1, 214, 182, 13.714286, 13, ABprppaapaa, 0, 0, 0, 0, , 0, 0, 0, 0, 0, 
711, 1, 697, 718, -1, 280, 215, 14.5, 13, ABprpappaaa, 0, 0, 0, 0, , 0, 0, 0, 0, 0, 
712, 1, 714, 719, -1, 138, 279, 14.0, 11, ABprpapappp, 0, 0, 0, 0, , 0, 0, 0, 0, 0, 
713, 1, 715, 720, -1, 260, 186, 12.0, 15, ABprpaapppp, 0, 0, 0, 0, , 0, 0, 0, 0, 0, 
714, 1, 716, 721, -1, 89, 244, 25.0, 13, ABprapppaap, 0, 0, 0, 0, , 0, 0, 0, 0, 0, 
715, 1, 718, 723, -1, 255, 250, 12.375, 15, ABplpaapppa, 0, 0, 0, 0, , 0, 0, 0, 0, 0, 
716, 1, 695, 724, -1, 312, 248, 16.75, 13, ABalppappap, 0, 0, 0, 0, , 0, 0, 0, 0, 0, 
717, 1, 719, 725, -1, 338, 276, 21.333334, 15, ABplaapaapp, 0, 0, 0, 0, , 0, 0, 0, 0, 0, 
718, 1, 720, 726, -1, 339, 288, 23.0, 15, ABplaaappp, 0, 0, 0, 0, , 0, 0, 0, 0, 0, 
719, 1, 721, 727, -1, 141, 258, 32.75, 14, ABarpppppa, 2826, 0, 0, 0, , 0, 0, 0, 0, 0, 
720, 1, 722, 728, -1, 282, 250, 36.0, 13, ABarppaapa, 0, 0, 0, 0, , 0, 0, 0, 0, 0, 
721, 1, 723, 729, -1, 321, 183, 26.333334, 13, ABarpapaappa, 0, 0, 0, 0, , 0, 0, 0, 0, 0, 
722, 1, 724, 730, -1, 325, 238, 33.0, 15, ABalapapapa, 0, 0, 0, 0, , 0, 0, 0, 0, 0, 
723, 1, 462, 731, -1, 314, 244, 36.0, 17, ABarpaappa, 1449, 0, 0, 0, , 0, 0, 0, 0, 0, 
724, 0, 725, -1, -1, 322, 251, 30.142857, 14, , 975, 0, 0, 0, , 0, 0, 0, 0, 0, 
725, 1, 726, 733, -1, 254, 229, 23.0, 15, ABarapapppp, 0, 0, 0, 0, , 0, 0, 0, 0, 0, 
726, 1, 727, 734, -1, 306, 218, 25.0, 11, ABaraaaapap, 0, 0, 0, 0, , 0, 0, 0, 0, 0, 
727, 1, 728, 18, -1, 314, 226, 25.0, 12, ABaraaaapaa, 1719, 0, 0, 0, , 0, 0, 0, 0, 0, 
728, 1, 729, 735, -1, 276, 216, 25.333334, 11, ABaraaaaapp, 0, 0, 0, 0, , 0, 0, 0, 0, 0, 
729, 1, 730, 736, -1, 290, 212, 22.0, 12, ABaraaaaapa, 2956, 0, 0, 0, , 0, 0, 0, 0, 0, 
730, 0, 731, -1, -1, 287, 307, 19.0, 10, , 1130, 0, 0, 0, , 0, 0, 0, 0, 0, 
731, 1, 733, 738, -1, 300, 195, 11.5, 13, ABalpapaaap, 2384, 0, 0, 0, , 0, 0, 0, 0, 0, 
732, 1, 773, 740, -1, 294, 183, 29.0, 13, ABalaapaaal, 0, 0, 0, 0, , 0, 0, 0, 0, 0, 
733, 0, 736, -1, -1, 327, 194, 26.2, 13, , 0, 0, 0, 0, , 0, 0, 0, 0, 0, 
734, 1, 737, 742, -1, 328, 229, 26.0, 15, ABalapappaa, 0, 0, 0, 0, , 0, 0, 0, 0, 0, 
735, 1, 739, 335, -1, 308, 278, 16.0, 13, ABalapaapaa, 0, 0, 0, 0, , 0, 0, 0, 0, 0, 
736, 1, 740, 743, -1, 286, 176, 17.0, 11, ABalaappapp, 0, 0, 0, 0, , 0, 0, 0, 0, 0, 
737, 0, 741, -1, -1, 330, 286, 25.6, 11, , 0, 0, 0, 0, , 0, 0, 0, 0, 0, 
738, 1, 742, 689, -1, 343, 268, 16.166666, 12, ABalapaapap, 533, 0, 0, 0, , 0, 0, 0, 0, 0, 
739, 0, 743, -1, -1, 294, 185, 18.0, 13, , 0, 0, 0, 0, , 0, 0, 0, 0, 0, 
740, 1, 744, 746, -1, 96, 262, 12.0, 13, Caapaa, 0, 0, 0, 0, , 0, 0, 0, 0, 0, 
741, 0, 746, -1, -1, 256, 179, 31.25, 13, , 0, 0, 0, 0, , 0, 0, 0, 0, 0, 
742, 1, 747, 748, -1, 308, 249, 14.0, 15, ABplpaaappa, 0, 0, 0, 0, , 0, 0, 0, 0, 0, 
743, 1, 748, 750, -1, 328, 268, 14.285714, 13, ABalppaaapa, 0, 0, 0, 0, , 0, 0, 0, 0, 0, 
744, 1, 749, 751, -1, 276, 193, 19.2, 13, ABarappppap, 0, 0, 0, 0, , 0, 0, 0, 0, 0, 
745, 1, 750, 752, -1, 348, 228, 29.0, 11, ABalapapapp, 0, 0, 0, 0, , 0, 0, 0, 0, 0, 
746, 1, 751, 753, -1, 277, 199, 13.5, 12, ABarapppppa, 3952, 0, 0, 0, , 0, 0, 0, 0, 0, 
747, 0, 752, -1, -1, 174, 337, 32.2, 15, , 0, 0, 0, 0, , 0, 0, 0, 0, 0, 
748, 1, 753, 755, -1, 176, 266, 34.0, 15, Caaaap, 0, 0, 0, 0, , 0, 0, 0, 0, 0, 
749, 1, 754, 756, -1, 112, 279, 34.333332, 15, Caaapp, 0, 0, 0, 0, , 0, 0, 0, 0, 0, 
750, 1, 755, 757, -1, 149, 281, 33.5, 15, Caaapa, 0, 0, 0, 0, , 0, 0, 0, 0, 0, 
751, 1, 756, 758, -1, 190, 360, 26.333334, 15, Cpaapa, 0, 0, 0, 0, , 0, 0, 0, 0, 0, 
752, 1, 758, 759, -1, 286, 186, 18.0, 13, ABpraaaaaap, 0, 0, 0, 0, , 0, 0, 0, 0, 0, 
753, 1, 759, 760, -1, 104, 330, 14.0, 13, ABplpppaapa, 0, 0, 0, 0, , 0, 0, 0, 0, 0, 
754, 1, 760, 761, -1, 336, 239, 35.0, 15, ABarpaapap, 0, 0, 0, 0, , 0, 0, 0, 0, 0, 
755, 1, 761, 762, -1, 252, 167, 30.4, 15, ABarpapppp, 0, 0, 0, 0, , 0, 0, 0, 0, 0, 
756, 1, 762, 763, -1, 287, 305, 18.0, 11, ABalppppppaa, 0, 0, 0, 0, , 0, 0, 0, 0, 0, 
757, 1, 763, 764, -1, 330, 289, 25.0, 11, ABalapapppa, 0, 0, 0, 0, , 0, 0, 0, 0, 0, 
758, 0, 764, -1, -1, 250, 192, 28.25, 13, , 0, 0, 0, 0, , 0, 0, 0, 0, 0, 
759, 1, 746, 766, -1, 257, 182, 33.0, 13, ABalapppppa, 0, 0, 0, 0, , 0, 0, 0, 0, 0, 
760, 1, 765, 767, -1, 288, 185, 20.0, 13, ABalaapaapp, 0, 0, 0, 0, , 0, 0, 0, 0, 0, 
761, 1, 766, 768, -1, 255, 193, 30.0, 13, ABalappapaa, 0, 0, 0, 0, , 0, 0, 0, 0, 0, 
762, 0, 767, -1, -1, 272, 188, 24.0, 13, , 0, 0, 0, 0, , 0, 0, 0, 0, 0, 
763, 1, 768, 770, -1, 273, 189, 24.0, 13, ABalaappppa, 0, 0, 0, 0, , 0, 0, 0, 0, 0, 
764, 1, 769, 771, -1, 285, 185, 26.0, 13, ABalaappppp, 0, 0, 0, 0, , 0, 0, 0, 0, 0, 
765, 1, 770, 772, -1, 314, 225, 34.0, 15, ABalapppapa, 0, 0, 0, 0, , 0, 0, 0, 0, 0, 
766, 1, 771, 773, -1, 282, 171, 31.0, 15, ABalappappp, 0, 0, 0, 0, , 0, 0, 0, 0, 0, 
767, 1, 772, 774, -1, 282, 252, 16.0, 15, MSapaaaav, 0, 0, 0, 0, , 0, 0, 0, 0, 0, 
768, 1, 774, 775, -1, 343, 224, 24.0, 13, ABalapappap, 0, 0, 0, 0, , 0, 0, 0, 0, 0, 
769, 1, 775, 776, -1, 293, 185, 31.0, 11, ABalappappa, 0, 0, 0, 0, , 0, 0, 0, 0, 0, 
