1, 1, 1, 1, -1, 286, 220, 28.0, 13, ABaraaapaap, 7009, 0, 0, 0, , 0, 0, 0, 0, 0, 
2, 1, 2, 2, -1, 241, 227, 29.0, 13, ABaraaapapp, 4616, 0, 0, 0, , 0, 0, 0, 0, 0, 
3, 1, 3, 3, -1, 228, 232, 22.0, 15, ABaraappppp, 5411, 0, 0, 0, , 0, 0, 0, 0, 0, 
4, 1, 4, 4, -1, 260, 288, 20.0, 15, ABaraapappa, 6161, 0, 0, 0, , 0, 0, 0, 0, 0, 
5, 1, 5, 5, -1, 256, 272, 18.0, 13, ABaraapappp, 7193, 0, 0, 0, , 0, 0, 0, 0, 0, 
6, 1, 6, 6, -1, 273, 299, 25.0, 13, ABaraapapap, 6209, 0, 0, 0, , 0, 0, 0, 0, 0, 
7, 1, 7, 7, -1, 300, 225, 25.0, 15, ABaraapaaaa, 16527, 0, 0, 0, , 0, 0, 0, 0, 0, 
8, 1, 8, 8, -1, 305, 245, 27.0, 15, ABaraapaaap, 10358, 0, 0, 0, , 0, 0, 0, 0, 0, 
9, 1, 9, 9, -1, 293, 276, 31.0, 13, MSaaaaapp, 5780, 0, 0, 0, , 0, 0, 0, 0, 0, 
10, 1, 10, 10, -1, 305, 259, 29.0, 13, ABaraapaapa, 6006, 0, 0, 0, , 0, 0, 0, 0, 0, 
11, 1, 11, 11, -1, 321, 206, 24.0, 11, ABaraaappaa, 3046, 0, 0, 0, , 0, 0, 0, 0, 0, 
12, 1, 12, 12, -1, 313, 197, 22.0, 11, ABaraaapppa, 3236, 0, 0, 0, , 0, 0, 0, 0, 0, 
13, 1, 13, 13, -1, 303, 192, 26.0, 13, ABaraaapppp, 1295, 0, 0, 0, , 0, 0, 0, 0, 0, 
14, 1, 14, 14, -1, 304, 207, 24.0, 11, ABaraaapaaa, 3801, 0, 0, 0, , 0, 0, 0, 0, 0, 
15, 1, 15, 15, -1, 246, 248, 31.0, 15, ABaraappapp, 5308, 0, 0, 0, , 0, 0, 0, 0, 0, 
16, 1, 16, 16, -1, 303, 251, 22.0, 13, ABaraaaaaap, 2953, 0, 0, 0, , 0, 0, 0, 0, 0, 
17, 1, 17, 17, -1, 288, 251, 25.0, 11, ABaraaaapp, 910, 0, 0, 0, , 0, 0, 0, 0, 0, 
18, 1, 18, 750, -1, 318, 224, 24.0, 11, ABaraaaapaa, 4028, 0, 0, 0, , 0, 0, 0, 0, 0, 
19, 1, 19, 18, -1, 219, 269, 20.0, 13, ABalpappapp, 4449, 0, 0, 0, , 0, 0, 0, 0, 0, 
20, 1, 20, 19, -1, 245, 212, 23.0, 11, ABarapapaapp, 4373, 0, 0, 0, , 0, 0, 0, 0, 0, 
21, 0, 21, -1, -1, 258, 226, 14.0, 11, , 4879, 0, 0, 0, , 0, 0, 0, 0, 0, 
22, 1, 22, 21, -1, 247, 215, 26.0, 15, ABarapappaa, 5737, 0, 0, 0, , 0, 0, 0, 0, 0, 
23, 1, 23, 22, -1, 284, 198, 10.0, 11, ABalaapappa, 3608, 0, 0, 0, , 0, 0, 0, 0, 0, 
24, 1, 24, 23, -1, 286, 221, 21.0, 11, ABarapaaapp, 10889, 0, 0, 0, , 0, 0, 0, 0, 0, 
25, 1, 25, 24, -1, 266, 220, 27.0, 13, ABarapaapap, 6497, 0, 0, 0, , 0, 0, 0, 0, 0, 
26, 1, 26, 25, -1, 267, 236, 28.0, 11, ABarapaapaa, 5078, 0, 0, 0, , 0, 0, 0, 0, 0, 
27, 1, 27, 26, -1, 264, 206, 14.0, 15, ABarapppapa, 4030, 0, 0, 0, , 0, 0, 0, 0, 0, 
28, 0, 28, -1, -1, 302, 194, 12.0, 13, , 2784, 0, 0, 0, , 0, 0, 0, 0, 0, 
29, 0, 28, -1, -1, 293, 185, 13.0, 13, , 5906, 0, 0, 0, , 0, 0, 0, 0, 0, 
30, 0, 29, -1, -1, 280, 186, 23.0, 9, , 470, 0, 0, 0, , 0, 0, 0, 0, 0, 
31, 1, 30, 30, -1, 292, 194, 14.0, 13, ABarapppaap, 5728, 0, 0, 0, , 0, 0, 0, 0, 0, 
32, 1, 31, 31, -1, 246, 182, 23.0, 9, ABalaapppap, 1525, 0, 0, 0, , 0, 0, 0, 0, 0, 
33, 0, 32, -1, -1, 274, 196, 12.0, 11, , 2844, 0, 0, 0, , 0, 0, 0, 0, 0, 
34, 1, 33, 33, -1, 278, 197, 17.0, 15, ABarapppppp, 6628, 0, 0, 0, , 0, 0, 0, 0, 0, 
35, 1, 34, 34, -1, 291, 195, 22.0, 13, ABarappaaaa, 7200, 0, 0, 0, , 0, 0, 0, 0, 0, 
36, 1, 35, 35, -1, 293, 209, 14.0, 11, ABarappaapa, 4824, 0, 0, 0, , 0, 0, 0, 0, 0, 
37, 1, 36, 36, -1, 260, 211, 16.0, 15, ABarappapaa, 6396, 0, 0, 0, , 0, 0, 0, 0, 0, 
38, 1, 37, 729, -1, 228, 203, 13.0, 13, ABprpaapppa, 6630, 0, 0, 0, , 0, 0, 0, 0, 0, 
39, 1, 38, 37, -1, 218, 216, 11.0, 11, ABprpapappa, 3445, 0, 0, 0, , 0, 0, 0, 0, 0, 
40, 1, 39, 38, -1, 277, 157, 24.0, 15, ABarpapppa, 5095, 0, 0, 0, , 0, 0, 0, 0, 0, 
41, 0, 40, -1, -1, 322, 183, 28.0, 11, , 2451, 0, 0, 0, , 0, 0, 0, 0, 0, 
42, 1, 41, 40, -1, 346, 188, 21.0, 13, ABarpapapa, 5852, 0, 0, 0, , 0, 0, 0, 0, 0, 
43, 1, 42, 41, -1, 350, 190, 30.0, 15, ABarpaapaa, 3539, 0, 0, 0, , 0, 0, 0, 0, 0, 
44, 1, 43, 42, -1, 352, 206, 26.0, 13, ABarpaaaaar, 4152, 0, 0, 0, , 0, 0, 0, 0, 0, 
45, 1, 44, 43, -1, 347, 213, 27.0, 11, ABarpaaaapa, 3926, 0, 0, 0, , 0, 0, 0, 0, 0, 
46, 1, 45, 44, -1, 349, 179, 25.0, 11, ABarpaaapp, 3652, 0, 0, 0, , 0, 0, 0, 0, 0, 
47, 1, 46, 45, -1, 335, 208, 27.0, 13, ABarpaaapaa, 2595, 0, 0, 0, , 0, 0, 0, 0, 0, 
48, 1, 47, 46, -1, 331, 175, 26.0, 11, ABarpaaapap, 2472, 0, 0, 0, , 0, 0, 0, 0, 0, 
49, 1, 48, 681, -1, 296, 317, 19.0, 17, ABarppaaap, 3618, 0, 0, 0, , 0, 0, 0, 0, 0, 
50, 1, 49, 47, -1, 256, 319, 22.0, 15, ABarppaapp, 6783, 0, 0, 0, , 0, 0, 0, 0, 0, 
51, 1, 50, 48, -1, 173, 359, 19.0, 17, ABarppappa, 6206, 0, 0, 0, , 0, 0, 0, 0, 0, 
52, 1, 51, 49, -1, 246, 338, 18.0, 17, ABarppapap, 7480, 0, 0, 0, , 0, 0, 0, 0, 0, 
53, 1, 52, 50, -1, 202, 215, 32.0, 13, ABarppppaa, 2272, 0, 0, 0, , 0, 0, 0, 0, 0, 
54, 1, 53, 51, -1, 185, 235, 32.0, 17, ABarppppap, 21874, 0, 0, 0, , 0, 0, 0, 0, 0, 
55, 0, -1, -1, -1, 225, 180, 30.0, 13, , 3923, 0, 0, 0, , 0, 0, 0, 0, 0, 
56, 1, 55, 53, -1, 320, 221, 29.0, 11, ABalapppaap, 1563, 0, 0, 0, , 0, 0, 0, 0, 0, 
57, 1, 56, 54, -1, 319, 233, 30.0, 9, ABalapppaaa, 388, 0, 0, 0, , 0, 0, 0, 0, 0, 
58, 1, 57, 55, -1, 352, 223, 32.0, 17, ABarpapapp, 6095, 0, 0, 0, , 0, 0, 0, 0, 0, 
59, 0, 58, -1, -1, 327, 265, 23.0, 11, , 1385, 0, 0, 0, , 0, 0, 0, 0, 0, 
60, 1, 59, 57, -1, 334, 295, 22.0, 13, ABalapaaaap, 3865, 0, 0, 0, , 0, 0, 0, 0, 0, 
61, 0, 60, -1, -1, 327, 289, 24.0, 15, , 2609, 0, 0, 0, , 0, 0, 0, 0, 0, 
62, 1, 61, 59, -1, 277, 171, 22.0, 11, ABalaapaapa, 2859, 0, 0, 0, , 0, 0, 0, 0, 0, 
63, 0, 62, -1, -1, 287, 172, 18.0, 9, , 1043, 0, 0, 0, , 0, 0, 0, 0, 0, 
64, 1, 63, 61, -1, 257, 183, 25.0, 13, ABarappppaa, 5049, 0, 0, 0, , 0, 0, 0, 0, 0, 
65, 1, 64, 62, -1, 243, 168, 23.0, 13, ABalaapppaa, 3663, 0, 0, 0, , 0, 0, 0, 0, 0, 
66, 1, 65, 63, -1, 296, 198, 27.0, 15, ABalaaaarrp, 3844, 0, 0, 0, , 0, 0, 0, 0, 0, 
67, 0, 66, -1, -1, 284, 183, 22.0, 11, , 2198, 0, 0, 0, , 0, 0, 0, 0, 0, 
68, 1, 67, 65, -1, 316, 175, 21.0, 13, ABarpappaa, 3528, 0, 0, 0, , 0, 0, 0, 0, 0, 
69, 1, 68, 66, -1, 326, 242, 23.0, 13, ABalaaaarlp, 4288, 0, 0, 0, , 0, 0, 0, 0, 0, 
70, 0, -1, -1, -1, 348, 226, 25.0, 11, , 1690, 0, 0, 0, , 0, 0, 0, 0, 0, 
71, 1, 70, 68, -1, 329, 244, 16.0, 11, ABalaaaalpp, 1755, 0, 0, 0, , 0, 0, 0, 0, 0, 
72, 1, 71, 69, -1, 341, 187, 25.0, 11, ABpraapaaap, 4128, 0, 0, 0, , 0, 0, 0, 0, 0, 
73, 1, 72, 70, -1, 285, 194, 28.0, 11, ABalaapaaar, 2895, 0, 0, 0, , 0, 0, 0, 0, 0, 
74, 1, 73, 71, -1, 290, 163, 20.0, 11, ABpraaaaapv, 4232, 0, 0, 0, , 0, 0, 0, 0, 0, 
75, 1, 74, 72, -1, 332, 225, 32.0, 15, ABalappaap, 5184, 0, 0, 0, , 0, 0, 0, 0, 0, 
76, 0, 75, -1, -1, 103, 269, 10.0, 11, , 1442, 0, 0, 0, , 0, 0, 0, 0, 0, 
77, 1, 76, 74, -1, 111, 269, 12.0, 13, ABplppppapp, 4964, 0, 0, 0, , 0, 0, 0, 0, 0, 
78, 1, 77, 75, -1, 125, 293, 16.0, 11, ABplppppaaa, 4307, 0, 0, 0, , 0, 0, 0, 0, 0, 
79, 1, 78, 76, -1, 113, 286, 17.0, 15, ABplppppaap, 4961, 0, 0, 0, , 0, 0, 0, 0, 0, 
80, 1, 79, 77, -1, 76, 276, 13.0, 13, ABplppppppp, 4674, 0, 0, 0, , 0, 0, 0, 0, 0, 
81, 1, 80, 78, -1, 87, 276, 13.0, 13, ABplppppppa, 3986, 0, 0, 0, , 0, 0, 0, 0, 0, 
82, 0, 81, -1, -1, 102, 321, 14.0, 15, , 6552, 0, 0, 0, , 0, 0, 0, 0, 0, 
83, 1, 82, 80, -1, 114, 307, 16.0, 13, ABplpppppaa, 4493, 0, 0, 0, , 0, 0, 0, 0, 0, 
84, 1, 83, 81, -1, 105, 292, 10.0, 15, ABplpppapaa, 3867, 0, 0, 0, , 0, 0, 0, 0, 0, 
85, 1, 84, 82, -1, 109, 304, 13.0, 13, ABplpppaapp, 4330, 0, 0, 0, , 0, 0, 0, 0, 0, 
86, 1, 85, 83, -1, 142, 276, 12.0, 13, ABplpppaaaa, 6547, 0, 0, 0, , 0, 0, 0, 0, 0, 
87, 1, 86, 84, -1, 148, 302, 13.0, 15, ABplpppaaap, 5436, 0, 0, 0, , 0, 0, 0, 0, 0, 
88, 1, 87, 85, -1, 148, 295, 16.0, 13, ABplppapppp, 2818, 0, 0, 0, , 0, 0, 0, 0, 0, 
89, 1, 88, 86, -1, 179, 283, 14.0, 15, ABplppapppa, 4915, 0, 0, 0, , 0, 0, 0, 0, 0, 
90, 1, 89, 87, -1, 205, 272, 13.0, 13, ABplppappap, 5683, 0, 0, 0, , 0, 0, 0, 0, 0, 
91, 1, 90, 88, -1, 214, 260, 12.0, 13, ABplppappaa, 3481, 0, 0, 0, , 0, 0, 0, 0, 0, 
92, 1, 91, 89, -1, 197, 285, 13.0, 13, ABplppapapa, 4565, 0, 0, 0, , 0, 0, 0, 0, 0, 
93, 1, 92, 90, -1, 178, 297, 15.0, 13, ABplppapapp, 4820, 0, 0, 0, , 0, 0, 0, 0, 0, 
94, 1, 93, 91, -1, 161, 294, 15.0, 11, ABplppaappp, 5351, 0, 0, 0, , 0, 0, 0, 0, 0, 
95, 0, 94, -1, -1, 280, 210, 15.0, 11, , 3813, 0, 0, 0, , 0, 0, 0, 0, 0, 
96, 1, 95, 93, -1, 201, 274, 19.0, 13, MSaappap, 4574, 0, 0, 0, , 0, 0, 0, 0, 0, 
97, 1, 96, 94, -1, 104, 271, 15.0, 11, ABplpappppp, 5013, 0, 0, 0, , 0, 0, 0, 0, 0, 
98, 1, 97, 95, -1, 122, 280, 18.0, 11, ABplpappppa, 3262, 0, 0, 0, , 0, 0, 0, 0, 0, 
99, 1, 98, 96, -1, 117, 282, 13.0, 13, ABplpapppaa, 2124, 0, 0, 0, , 0, 0, 0, 0, 0, 
100, 1, 99, 97, -1, 119, 259, 18.0, 11, ABplpapppap, 4738, 0, 0, 0, , 0, 0, 0, 0, 0, 
101, 1, 100, 98, -1, 237, 237, 11.0, 11, ABplpapappa, 2444, 0, 0, 0, , 0, 0, 0, 0, 0, 
102, 1, 101, 99, -1, 165, 294, 17.0, 13, ABprppapppa, 2725, 0, 0, 0, , 0, 0, 0, 0, 0, 
103, 1, 102, 100, -1, 233, 253, 14.0, 13, ABplpapapap, 3919, 0, 0, 0, , 0, 0, 0, 0, 0, 
104, 1, 103, 101, -1, 231, 268, 14.0, 13, ABplpapapaa, 3669, 0, 0, 0, , 0, 0, 0, 0, 0, 
105, 0, 104, -1, -1, 258, 241, 13.0, 11, , 2507, 0, 0, 0, , 0, 0, 0, 0, 0, 
106, 1, 105, 103, -1, 246, 244, 14.0, 11, ABplpapaaap, 5051, 0, 0, 0, , 0, 0, 0, 0, 0, 
107, 1, 106, 104, -1, 261, 245, 15.0, 13, ABplpapaaaa, 4266, 0, 0, 0, , 0, 0, 0, 0, 0, 
108, 1, 107, 105, -1, 216, 272, 14.0, 13, ABplppapaap, 5489, 0, 0, 0, , 0, 0, 0, 0, 0, 
109, 0, 108, -1, -1, 331, 265, 13.0, 11, , 4362, 0, 0, 0, , 0, 0, 0, 0, 0, 
110, 1, 109, 107, -1, 312, 265, 14.0, 15, ABplpaaaaaa, 7410, 0, 0, 0, , 0, 0, 0, 0, 0, 
111, 1, 110, 108, -1, 304, 226, 10.0, 13, ABplpaapapp, 6611, 0, 0, 0, , 0, 0, 0, 0, 0, 
112, 0, 111, -1, -1, 314, 245, 16.0, 15, , 6696, 0, 0, 0, , 0, 0, 0, 0, 0, 
113, 1, 112, 110, -1, 273, 303, 16.0, 13, ABplpaappap, 5692, 0, 0, 0, , 0, 0, 0, 0, 0, 
114, 1, 113, 111, -1, 277, 285, 15.0, 15, ABplpaappaa, 3520, 0, 0, 0, , 0, 0, 0, 0, 0, 
115, 1, 114, 112, -1, 284, 238, 11.0, 13, ABplpaapppp, 5309, 0, 0, 0, , 0, 0, 0, 0, 0, 
116, 0, 115, -1, -1, 272, 235, 12.0, 11, , 1128, 0, 0, 0, , 0, 0, 0, 0, 0, 
117, 1, 116, 114, -1, 287, 303, 15.0, 13, ABplpaapaap, 5410, 0, 0, 0, , 0, 0, 0, 0, 0, 
118, 0, 117, -1, -1, 307, 287, 22.0, 15, , 4315, 0, 0, 0, , 0, 0, 0, 0, 0, 
119, 1, 118, 116, -1, 358, 254, 20.0, 13, ABplpaapapa, 5236, 0, 0, 0, , 0, 0, 0, 0, 0, 
120, 1, 119, 117, -1, 345, 198, 22.0, 13, ABplaapaaaa, 3958, 0, 0, 0, , 0, 0, 0, 0, 0, 
121, 1, 120, 118, -1, 358, 209, 22.0, 13, ABplaapaaap, 4299, 0, 0, 0, , 0, 0, 0, 0, 0, 
122, 1, 121, 119, -1, 344, 250, 19.0, 13, ABplaapaapa, 4966, 0, 0, 0, , 0, 0, 0, 0, 0, 
123, 1, 122, 120, -1, 310, 302, 20.0, 11, ABplaapapppa, 3075, 0, 0, 0, , 0, 0, 0, 0, 0, 
124, 1, 123, 121, -1, 295, 304, 21.0, 11, ABplaapapppp, 2760, 0, 0, 0, , 0, 0, 0, 0, 0, 
125, 1, 124, 122, -1, 284, 281, 18.0, 13, ABplaapappa, 4440, 0, 0, 0, , 0, 0, 0, 0, 0, 
126, 1, 125, 123, -1, 282, 301, 22.0, 13, ABplaapapap, 4107, 0, 0, 0, , 0, 0, 0, 0, 0, 
127, 1, 126, 124, -1, 276, 291, 19.0, 13, ABplaapapaa, 4297, 0, 0, 0, , 0, 0, 0, 0, 0, 
128, 0, -1, -1, -1, 329, 264, 31.0, 13, , 3854, 0, 0, 0, , 0, 0, 0, 0, 0, 
129, 0, 128, -1, -1, 342, 232, 31.0, 9, , 412, 0, 0, 0, , 0, 0, 0, 0, 0, 
130, 1, 129, 127, -1, 361, 214, 29.0, 15, ABplaaaapp, 4165, 0, 0, 0, , 0, 0, 0, 0, 0, 
131, 1, 130, 128, -1, 354, 261, 15.0, 17, ABplaaappa, 4975, 0, 0, 0, , 0, 0, 0, 0, 0, 
132, 0, 131, -1, -1, 342, 273, 19.0, 13, , 5649, 0, 0, 0, , 0, 0, 0, 0, 0, 
133, 0, 132, -1, -1, 345, 285, 20.0, 13, , 2188, 0, 0, 0, , 0, 0, 0, 0, 0, 
134, 1, 133, 754, -1, 334, 262, 22.0, 13, ABalppppapa, 2964, 0, 0, 0, , 0, 0, 0, 0, 0, 
135, 1, 134, 132, -1, 342, 217, 15.0, 13, ABplaaapaa, 5096, 0, 0, 0, , 0, 0, 0, 0, 0, 
136, 1, 135, 133, -1, 122, 269, 9.0, 17, ABplappppa, 7598, 0, 0, 0, , 0, 0, 0, 0, 0, 
137, 1, 136, 134, -1, 79, 300, 12.0, 17, ABplappppp, 8815, 0, 0, 0, , 0, 0, 0, 0, 0, 
138, 0, 137, -1, -1, 106, 317, 11.0, 15, , 5282, 0, 0, 0, , 0, 0, 0, 0, 0, 
139, 1, 138, 136, -1, 94, 305, 13.0, 11, ABplapppapp, 2211, 0, 0, 0, , 0, 0, 0, 0, 0, 
140, 1, 139, 137, -1, 87, 312, 10.0, 11, ABplapppapa, 2591, 0, 0, 0, , 0, 0, 0, 0, 0, 
141, 1, 140, 138, -1, 223, 332, 15.0, 17, ABplappaaa, 7619, 0, 0, 0, , 0, 0, 0, 0, 0, 
142, 1, 141, 139, -1, 162, 347, 14.0, 17, ABplappapp, 6376, 0, 0, 0, , 0, 0, 0, 0, 0, 
143, 1, 142, 140, -1, 207, 350, 18.0, 15, ABplappapa, 7595, 0, 0, 0, , 0, 0, 0, 0, 0, 
144, 1, 143, 141, -1, 242, 320, 13.0, 17, ABplapaapp, 10961, 0, 0, 0, , 0, 0, 0, 0, 0, 
145, 1, 144, 142, -1, 237, 250, 10.0, 15, ABplapaapa, 11574, 0, 0, 0, , 0, 0, 0, 0, 0, 
146, 1, 145, 143, -1, 321, 293, 27.0, 15, ABarppaaaa, 6472, 0, 0, 0, , 0, 0, 0, 0, 0, 
147, 1, 146, 144, -1, 262, 312, 19.0, 13, ABplapaaapp, 9985, 0, 0, 0, , 0, 0, 0, 0, 0, 
148, 1, 147, 145, -1, 134, 339, 12.0, 15, ABplapapap, 8387, 0, 0, 0, , 0, 0, 0, 0, 0, 
149, 1, 148, 146, -1, 121, 325, 10.0, 15, ABplapappa, 6068, 0, 0, 0, , 0, 0, 0, 0, 0, 
150, 1, 149, 147, -1, 131, 357, 17.0, 17, ABplapapaa, 7385, 0, 0, 0, , 0, 0, 0, 0, 0, 
151, 1, 150, 148, -1, 233, 214, 15.0, 11, ABprpapaaap, 2371, 0, 0, 0, , 0, 0, 0, 0, 0, 
152, 0, 151, -1, -1, 136, 287, 14.0, 13, , 1164, 0, 0, 0, , 0, 0, 0, 0, 0, 
153, 1, 152, 150, -1, 210, 220, 17.0, 13, ABprpapapaa, 4288, 0, 0, 0, , 0, 0, 0, 0, 0, 
154, 1, 153, 151, -1, 84, 296, 17.0, 15, Eplppa, 7092, 0, 0, 0, , 0, 0, 0, 0, 0, 
155, 1, 154, 152, -1, 96, 269, 19.0, 13, ABprpappppa, 3836, 0, 0, 0, , 0, 0, 0, 0, 0, 
156, 1, 155, 153, -1, 183, 276, 12.0, 13, ABprpappapp, 3887, 0, 0, 0, , 0, 0, 0, 0, 0, 
157, 1, 156, 154, -1, 245, 227, 16.0, 11, ABprpappaap, 4291, 0, 0, 0, , 0, 0, 0, 0, 0, 
158, 1, 157, 155, -1, 290, 212, 19.0, 13, ABarapapapa, 3780, 0, 0, 0, , 0, 0, 0, 0, 0, 
159, 1, 158, 156, -1, 222, 178, 19.0, 15, ABprpaaaaap, 6823, 0, 0, 0, , 0, 0, 0, 0, 0, 
160, 1, 159, 157, -1, 233, 187, 22.0, 11, ABpraaappaa, 3510, 0, 0, 0, , 0, 0, 0, 0, 0, 
161, 1, 160, 158, -1, 184, 256, 14.0, 13, ABprpaaaapp, 3284, 0, 0, 0, , 0, 0, 0, 0, 0, 
162, 1, 161, 159, -1, 235, 217, 10.0, 17, ABprpaaaapa, 15625, 0, 0, 0, , 0, 0, 0, 0, 0, 
163, 1, 162, 160, -1, 258, 181, 21.0, 13, ABprpaaaaaa, 6118, 0, 0, 0, , 0, 0, 0, 0, 0, 
164, 1, 163, 161, -1, 255, 196, 15.0, 11, ABprpapaapp, 3040, 0, 0, 0, , 0, 0, 0, 0, 0, 
165, 1, 164, 162, -1, 246, 206, 15.0, 11, ABprpapaapa, 3312, 0, 0, 0, , 0, 0, 0, 0, 0, 
166, 1, 165, 163, -1, 254, 184, 17.0, 13, ABprpaaappp, 6619, 0, 0, 0, , 0, 0, 0, 0, 0, 
167, 1, 166, 164, -1, 283, 172, 15.0, 15, ABprpaaapap, 5885, 0, 0, 0, , 0, 0, 0, 0, 0, 
168, 1, 167, 165, -1, 208, 183, 24.0, 13, ABprpaapaap, 6231, 0, 0, 0, , 0, 0, 0, 0, 0, 
169, 1, 168, 166, -1, 298, 168, 28.0, 15, ABprpaapapa, 6356, 0, 0, 0, , 0, 0, 0, 0, 0, 
170, 1, 169, 167, -1, 271, 180, 15.0, 11, ABalaapappp, 3248, 0, 0, 0, , 0, 0, 0, 0, 0, 
171, 1, 170, 168, -1, 208, 199, 25.0, 13, ABprpaappap, 4090, 0, 0, 0, , 0, 0, 0, 0, 0, 
172, 1, 171, 169, -1, 219, 190, 22.0, 13, ABprpaappaa, 4828, 0, 0, 0, , 0, 0, 0, 0, 0, 
173, 1, 172, 170, -1, 107, 257, 23.0, 15, ABprpppaapa, 5314, 0, 0, 0, , 0, 0, 0, 0, 0, 
174, 1, 173, 171, -1, 142, 271, 19.0, 15, ABprpppaaap, 4065, 0, 0, 0, , 0, 0, 0, 0, 0, 
175, 1, 174, 172, -1, 142, 259, 15.0, 15, ABprpppaaaa, 6130, 0, 0, 0, , 0, 0, 0, 0, 0, 
176, 1, 175, 173, -1, 105, 235, 18.0, 13, ABprpppapaa, 5246, 0, 0, 0, , 0, 0, 0, 0, 0, 
177, 1, 176, 174, -1, 128, 246, 15.0, 15, ABprppppapa, 3559, 0, 0, 0, , 0, 0, 0, 0, 0, 
178, 1, 177, 175, -1, 115, 251, 13.0, 13, ABprppppapp, 3754, 0, 0, 0, , 0, 0, 0, 0, 0, 
179, 1, 178, 176, -1, 124, 268, 20.0, 13, ABprppppaaa, 4091, 0, 0, 0, , 0, 0, 0, 0, 0, 
180, 1, 179, 177, -1, 112, 268, 20.0, 13, ABprppppaap, 4373, 0, 0, 0, , 0, 0, 0, 0, 0, 
181, 1, 180, 178, -1, 139, 268, 23.0, 15, ABprpppppaa, 4300, 0, 0, 0, , 0, 0, 0, 0, 0, 
182, 1, 181, 179, -1, 114, 276, 24.0, 15, ABprpppppap, 4460, 0, 0, 0, , 0, 0, 0, 0, 0, 
183, 1, 182, 180, -1, 211, 190, 19.0, 13, ABprppaapap, 4704, 0, 0, 0, , 0, 0, 0, 0, 0, 
184, 0, 183, -1, -1, 216, 180, 15.0, 13, , 6162, 0, 0, 0, , 0, 0, 0, 0, 0, 
185, 1, 184, 182, -1, 207, 233, 12.0, 11, ABprppaappa, 5743, 0, 0, 0, , 0, 0, 0, 0, 0, 
186, 1, 185, 183, -1, 153, 282, 17.0, 11, ABprppaappp, 4225, 0, 0, 0, , 0, 0, 0, 0, 0, 
187, 1, 186, 184, -1, 226, 173, 17.0, 13, ABprppaaaaa, 7402, 0, 0, 0, , 0, 0, 0, 0, 0, 
188, 1, 187, 185, -1, 194, 202, 21.0, 13, ABprppaaaapp, 4279, 0, 0, 0, , 0, 0, 0, 0, 0, 
189, 1, 188, 186, -1, 200, 185, 21.0, 13, ABprppaaaapa, 3389, 0, 0, 0, , 0, 0, 0, 0, 0, 
190, 1, 189, 187, -1, 196, 218, 13.0, 15, ABprppapaaa, 11003, 0, 0, 0, , 0, 0, 0, 0, 0, 
191, 1, 702, 188, -1, 202, 270, 17.0, 15, ABprppapaap, 9677, 0, 0, 0, , 0, 0, 0, 0, 0, 
192, 1, 191, 189, -1, 195, 273, 15.0, 13, ABprppappap, 3224, 0, 0, 0, , 0, 0, 0, 0, 0, 
193, 1, 192, 190, -1, 183, 271, 17.0, 11, ABprppapapa, 3718, 0, 0, 0, , 0, 0, 0, 0, 0, 
194, 1, 193, 191, -1, 161, 290, 20.0, 15, ABprppapapp, 4691, 0, 0, 0, , 0, 0, 0, 0, 0, 
195, 1, 194, 192, -1, 139, 281, 17.0, 13, ABprppapppp, 3507, 0, 0, 0, , 0, 0, 0, 0, 0, 
196, 1, 195, 193, -1, 198, 255, 15.0, 13, ABprppappaa, 3532, 0, 0, 0, , 0, 0, 0, 0, 0, 
197, 1, 196, 194, -1, 334, 208, 22.0, 13, ABpraapaaaa, 4398, 0, 0, 0, , 0, 0, 0, 0, 0, 
198, 1, 197, 195, -1, 322, 180, 31.0, 13, ABarpapaaap, 5316, 0, 0, 0, , 0, 0, 0, 0, 0, 
199, 0, 198, -1, -1, 285, 170, 32.0, 13, , 2213, 0, 0, 0, , 0, 0, 0, 0, 0, 
200, 1, 199, 197, -1, 230, 207, 29.0, 15, ABpraapapap, 5447, 0, 0, 0, , 0, 0, 0, 0, 0, 
201, 1, 200, 198, -1, 221, 216, 26.0, 13, ABpraapapaa, 2983, 0, 0, 0, , 0, 0, 0, 0, 0, 
202, 0, 201, -1, -1, 239, 156, 22.0, 9, , 3100, 0, 0, 0, , 0, 0, 0, 0, 0, 
203, 1, 202, 200, -1, 232, 211, 26.0, 11, ABpraapappa, 3879, 0, 0, 0, , 0, 0, 0, 0, 0, 
204, 1, 203, 201, -1, 190, 198, 26.0, 13, ABpraapppp, 3000, 0, 0, 0, , 0, 0, 0, 0, 0, 
205, 1, 204, 202, -1, 311, 181, 13.0, 13, ABpraappaa, 4431, 0, 0, 0, , 0, 0, 0, 0, 0, 
206, 1, 205, 203, -1, 254, 199, 25.0, 11, MSppapap, 2495, 0, 0, 0, , 0, 0, 0, 0, 0, 
207, 1, 206, 204, -1, 240, 198, 26.0, 11, ABpraaapaad, 1712, 0, 0, 0, , 0, 0, 0, 0, 0, 
208, 1, 207, 205, -1, 225, 196, 24.0, 13, ABpraaappap, 2259, 0, 0, 0, , 0, 0, 0, 0, 0, 
209, 1, 208, 206, -1, 213, 191, 32.0, 11, ABpraaapppap, 2856, 0, 0, 0, , 0, 0, 0, 0, 0, 
210, 1, 209, 207, -1, 241, 173, 18.0, 13, ABpraaaaaaa, 4394, 0, 0, 0, , 0, 0, 0, 0, 0, 
211, 1, 210, 208, -1, 254, 165, 21.0, 13, ABalaappapa, 2608, 0, 0, 0, , 0, 0, 0, 0, 0, 
212, 1, 211, 209, -1, 243, 186, 26.0, 9, ABpraaaappa, 1939, 0, 0, 0, , 0, 0, 0, 0, 0, 
213, 1, 212, 210, -1, 246, 183, 29.0, 15, ABpraaaappp, 3030, 0, 0, 0, , 0, 0, 0, 0, 0, 
214, 1, 213, 211, -1, 140, 261, 29.0, 17, ABprappapp, 7820, 0, 0, 0, , 0, 0, 0, 0, 0, 
215, 1, 214, 212, -1, 164, 255, 32.0, 17, ABprappapa, 6427, 0, 0, 0, , 0, 0, 0, 0, 0, 
216, 1, 215, 213, -1, 159, 251, 28.0, 15, ABprappaap, 7135, 0, 0, 0, , 0, 0, 0, 0, 0, 
217, 1, 216, 214, -1, 174, 238, 25.0, 15, ABprappaaa, 8017, 0, 0, 0, , 0, 0, 0, 0, 0, 
218, 1, 217, 215, -1, 104, 241, 24.0, 13, ABprapppaaa, 4133, 0, 0, 0, , 0, 0, 0, 0, 0, 
219, 1, 218, 216, -1, 96, 253, 21.0, 13, ABprapppapp, 5205, 0, 0, 0, , 0, 0, 0, 0, 0, 
220, 1, 219, 217, -1, 77, 253, 20.0, 19, ABprappppp, 18542, 0, 0, 0, , 0, 0, 0, 0, 0, 
221, 1, 220, 218, -1, 119, 239, 12.0, 19, ABprappppa, 22675, 0, 0, 0, , 0, 0, 0, 0, 0, 
222, 1, 221, 219, -1, 206, 216, 25.0, 11, ABprapaaapa, 3455, 0, 0, 0, , 0, 0, 0, 0, 0, 
223, 1, 222, 220, -1, 198, 221, 28.0, 15, ABprapaaapp, 8659, 0, 0, 0, , 0, 0, 0, 0, 0, 
224, 0, 223, -1, -1, 259, 198, 31.0, 17, , 2312, 0, 0, 0, , 0, 0, 0, 0, 0, 
225, 1, 224, 222, -1, 180, 217, 25.0, 15, ABprapaapp, 8013, 0, 0, 0, , 0, 0, 0, 0, 0, 
226, 1, 225, 223, -1, 211, 202, 12.0, 13, ABprapaapa, 8602, 0, 0, 0, , 0, 0, 0, 0, 0, 
227, 1, 226, 224, -1, 122, 234, 23.0, 15, ABprapappa, 5835, 0, 0, 0, , 0, 0, 0, 0, 0, 
228, 1, 227, 225, -1, 71, 268, 21.0, 11, ABprapappppp, 2780, 0, 0, 0, , 0, 0, 0, 0, 0, 
229, 1, 228, 226, -1, 122, 253, 27.0, 15, ABprapapap, 6351, 0, 0, 0, , 0, 0, 0, 0, 0, 
230, 1, 229, 227, -1, 112, 267, 31.0, 17, ABprapapaa, 7730, 0, 0, 0, , 0, 0, 0, 0, 0, 
231, 1, 230, 228, -1, 261, 221, 34.0, 15, MSppppap, 1517, 0, 0, 0, , 0, 0, 0, 0, 0, 
232, 1, 231, 229, -1, 232, 205, 21.0, 13, MSppppaa, 2546, 0, 0, 0, , 0, 0, 0, 0, 0, 
233, 1, 232, 230, -1, 310, 217, 35.0, 19, MSpppppa, 2330, 0, 0, 0, , 0, 0, 0, 0, 0, 
234, 1, 233, 722, -1, 302, 240, 34.0, 15, MSpppaaa, 4133, 0, 0, 0, , 0, 0, 0, 0, 0, 
235, 1, 234, 232, -1, 157, 283, 27.0, 15, MSpppaap, 3524, 0, 0, 0, , 0, 0, 0, 0, 0, 
236, 1, 235, 233, -1, 238, 216, 17.0, 15, ABprpapaaaa, 4968, 0, 0, 0, , 0, 0, 0, 0, 0, 
237, 1, 236, 234, -1, 122, 293, 21.0, 15, MSppaapp, 5337, 0, 0, 0, , 0, 0, 0, 0, 0, 
238, 0, 237, -1, -1, 241, 195, 25.0, 11, , 1241, 0, 0, 0, , 0, 0, 0, 0, 0, 
239, 1, 238, 236, -1, 271, 203, 27.0, 11, MSppaaaad, 2753, 0, 0, 0, , 0, 0, 0, 0, 0, 
240, 1, 239, 237, -1, 265, 212, 24.0, 11, ABarapapaapa, 3735, 0, 0, 0, , 0, 0, 0, 0, 0, 
241, 1, 240, 238, -1, 204, 269, 25.0, 13, MSpapappp, 3526, 0, 0, 0, , 0, 0, 0, 0, 0, 
242, 1, 241, 239, -1, 203, 248, 21.0, 13, MSpapapaa, 3761, 0, 0, 0, , 0, 0, 0, 0, 0, 
243, 1, 242, 240, -1, 215, 234, 21.0, 15, MSpapaaap, 5093, 0, 0, 0, , 0, 0, 0, 0, 0, 
244, 1, 243, 241, -1, 173, 316, 14.0, 15, MSpappaa, 6097, 0, 0, 0, , 0, 0, 0, 0, 0, 
245, 1, 244, 242, -1, 179, 254, 19.0, 15, MSpappppa, 3006, 0, 0, 0, , 0, 0, 0, 0, 0, 
246, 1, 245, 243, -1, 175, 263, 21.0, 15, MSpappppp, 5182, 0, 0, 0, , 0, 0, 0, 0, 0, 
247, 1, 246, 244, -1, 251, 282, 32.0, 13, MSpaaappp, 2902, 0, 0, 0, , 0, 0, 0, 0, 0, 
248, 1, 247, 245, -1, 256, 295, 29.0, 15, MSpaaapaa, 4752, 0, 0, 0, , 0, 0, 0, 0, 0, 
249, 1, 248, 246, -1, 267, 248, 32.0, 15, MSpaaaapp, 4635, 0, 0, 0, , 0, 0, 0, 0, 0, 
250, 1, 249, 247, -1, 287, 273, 32.0, 15, MSpaaaaaa, 11899, 0, 0, 0, , 0, 0, 0, 0, 0, 
251, 1, 250, 248, -1, 256, 264, 30.0, 11, MSpaaaaap, 3112, 0, 0, 0, , 0, 0, 0, 0, 0, 
252, 1, 251, 249, -1, 226, 235, 26.0, 15, ABaraappppa, 5834, 0, 0, 0, , 0, 0, 0, 0, 0, 
253, 1, 252, 250, -1, 229, 241, 30.0, 15, ABaraapppap, 6955, 0, 0, 0, , 0, 0, 0, 0, 0, 
254, 1, 253, 251, -1, 249, 280, 30.0, 11, MSpaapaap, 3933, 0, 0, 0, , 0, 0, 0, 0, 0, 
255, 1, 254, 252, -1, 264, 268, 33.0, 17, MSpaaappa, 4675, 0, 0, 0, , 0, 0, 0, 0, 0, 
256, 1, 255, 253, -1, 240, 265, 30.0, 11, MSpaapaaa, 2715, 0, 0, 0, , 0, 0, 0, 0, 0, 
257, 1, 256, 254, -1, 304, 299, 29.0, 13, MSapppap, 3548, 0, 0, 0, , 0, 0, 0, 0, 0, 
258, 1, 257, 255, -1, 325, 259, 33.0, 15, MSappppa, 1601, 0, 0, 0, , 0, 0, 0, 0, 0, 
259, 1, 258, 256, -1, 308, 263, 33.0, 13, MSappaaa, 3772, 0, 0, 0, , 0, 0, 0, 0, 0, 
260, 1, 259, 257, -1, 281, 291, 28.0, 17, ABaraapaapp, 10209, 0, 0, 0, , 0, 0, 0, 0, 0, 
261, 0, 260, -1, -1, 344, 241, 32.0, 11, , 2208, 0, 0, 0, , 0, 0, 0, 0, 0, 
262, 1, 261, 259, -1, 138, 298, 19.0, 15, MSapaapp, 5325, 0, 0, 0, , 0, 0, 0, 0, 0, 
263, 1, 262, 260, -1, 317, 264, 24.0, 13, MSapaaaa, 4375, 0, 0, 0, , 0, 0, 0, 0, 0, 
264, 1, 263, 261, -1, 267, 268, 29.0, 15, MSaaaaapap, 3582, 0, 0, 0, , 0, 0, 0, 0, 0, 
265, 0, 264, -1, -1, 272, 254, 26.0, 11, , 1806, 0, 0, 0, , 0, 0, 0, 0, 0, 
266, 1, 265, 263, -1, 296, 216, 31.0, 13, MSaaaaaar, 4283, 0, 0, 0, , 0, 0, 0, 0, 0, 
267, 1, 266, 264, -1, 322, 251, 27.0, 13, MSaaaaaal, 4331, 0, 0, 0, , 0, 0, 0, 0, 0, 
268, 1, 267, 265, -1, 267, 285, 34.0, 13, MSaaaapaa, 4704, 0, 0, 0, , 0, 0, 0, 0, 0, 
269, 1, 268, 266, -1, 278, 289, 31.0, 15, MSaaaapap, 5555, 0, 0, 0, , 0, 0, 0, 0, 0, 
270, 1, 269, 267, -1, 243, 296, 29.0, 15, MSaaaappa, 3917, 0, 0, 0, , 0, 0, 0, 0, 0, 
271, 1, 270, 268, -1, 236, 294, 31.0, 15, MSpaaapap, 4037, 0, 0, 0, , 0, 0, 0, 0, 0, 
272, 1, 271, 269, -1, 254, 305, 26.0, 13, MSaaapapa, 2724, 0, 0, 0, , 0, 0, 0, 0, 0, 
273, 1, 273, 270, -1, 230, 294, 24.0, 13, MSaaapapp, 1946, 0, 0, 0, , 0, 0, 0, 0, 0, 
274, 0, 273, -1, -1, 233, 297, 25.0, 13, , 1724, 0, 0, 0, , 0, 0, 0, 0, 0, 
275, 1, 274, 272, -1, 232, 309, 27.0, 11, MSaaappa, 2589, 0, 0, 0, , 0, 0, 0, 0, 0, 
276, 1, 275, 273, -1, 238, 312, 32.0, 13, MSaaappp, 3261, 0, 0, 0, , 0, 0, 0, 0, 0, 
277, 1, 276, 274, -1, 208, 300, 12.0, 11, MSaappppa, 3327, 0, 0, 0, , 0, 0, 0, 0, 0, 
278, 1, 277, 275, -1, 191, 310, 13.0, 15, MSaappppp, 3160, 0, 0, 0, , 0, 0, 0, 0, 0, 
279, 1, 278, 276, -1, 242, 269, 17.0, 13, MSaapaaap, 3987, 0, 0, 0, , 0, 0, 0, 0, 0, 
280, 1, 279, 277, -1, 254, 259, 18.0, 9, MSaapaaaa, 942, 0, 0, 0, , 0, 0, 0, 0, 0, 
281, 1, 280, 278, -1, 222, 288, 19.0, 13, MSaapappp, 3377, 0, 0, 0, , 0, 0, 0, 0, 0, 
282, 1, 281, 279, -1, 258, 302, 23.0, 11, MSaapappa, 1889, 0, 0, 0, , 0, 0, 0, 0, 0, 
283, 1, 282, 280, -1, 234, 283, 18.0, 11, MSaapapaa, 3285, 0, 0, 0, , 0, 0, 0, 0, 0, 
284, 1, 283, 281, -1, 237, 286, 22.0, 11, MSaapapap, 3113, 0, 0, 0, , 0, 0, 0, 0, 0, 
285, 1, 284, 282, -1, 99, 326, 25.0, 17, Eplpa, 6803, 0, 0, 0, , 0, 0, 0, 0, 0, 
286, 1, 285, 283, -1, 91, 352, 20.0, 13, Cappapa, 4650, 0, 0, 0, , 0, 0, 0, 0, 0, 
287, 1, 286, 284, -1, 77, 339, 19.0, 15, Cappapp, 5039, 0, 0, 0, , 0, 0, 0, 0, 0, 
288, 1, 287, 285, -1, 215, 348, 27.0, 17, Cappaaa, 4929, 0, 0, 0, , 0, 0, 0, 0, 0, 
289, 1, 288, 286, -1, 73, 340, 22.0, 15, Capppap, 4855, 0, 0, 0, , 0, 0, 0, 0, 0, 
290, 1, 289, 287, -1, 124, 365, 27.0, 17, Capppaa, 5112, 0, 0, 0, , 0, 0, 0, 0, 0, 
291, 1, 290, 288, -1, 124, 368, 24.0, 15, Capapap, 6085, 0, 0, 0, , 0, 0, 0, 0, 0, 
292, 1, 291, 289, -1, 128, 301, 11.0, 15, Capappp, 6122, 0, 0, 0, , 0, 0, 0, 0, 0, 
293, 1, 292, 290, -1, 143, 321, 12.0, 15, Capappa, 7075, 0, 0, 0, , 0, 0, 0, 0, 0, 
294, 1, 293, 291, -1, 203, 323, 14.0, 15, Capaaap, 5840, 0, 0, 0, , 0, 0, 0, 0, 0, 
295, 1, 294, 292, -1, 223, 305, 13.0, 13, Capaaaa, 4246, 0, 0, 0, , 0, 0, 0, 0, 0, 
296, 1, 295, 293, -1, 77, 259, 14.0, 15, ABprppppppp, 3710, 0, 0, 0, , 0, 0, 0, 0, 0, 
297, 1, 296, 294, -1, 68, 264, 17.0, 15, Caappv, 4349, 0, 0, 0, , 0, 0, 0, 0, 0, 
298, 1, 297, 295, -1, 67, 294, 13.0, 15, Cpappv, 13146, 0, 0, 0, , 0, 0, 0, 0, 0, 
299, 1, 299, 296, -1, 164, 263, 24.0, 13, Cppaapa, 3405, 0, 0, 0, , 0, 0, 0, 0, 0, 
300, 1, 300, 297, -1, 171, 247, 22.0, 15, Cppaaap, 4211, 0, 0, 0, , 0, 0, 0, 0, 0, 
301, 1, 301, 298, -1, 178, 232, 21.0, 13, Cppaaaa, 3380, 0, 0, 0, , 0, 0, 0, 0, 0, 
302, 1, 302, 299, -1, 177, 304, 35.0, 17, Cppapaa, 1479, 0, 0, 0, , 0, 0, 0, 0, 0, 
303, 1, 303, 300, -1, 127, 242, 19.0, 19, Cppappp, 17874, 0, 0, 0, , 0, 0, 0, 0, 0, 
304, 1, 304, 301, -1, 124, 257, 24.0, 13, Cppappa, 5090, 0, 0, 0, , 0, 0, 0, 0, 0, 
305, 1, 305, 302, -1, 176, 323, 34.0, 15, Cpppaap, 4917, 0, 0, 0, , 0, 0, 0, 0, 0, 
306, 1, 306, 303, -1, 207, 279, 34.0, 17, Cpppaaa, 13960, 0, 0, 0, , 0, 0, 0, 0, 0, 
307, 1, 307, 304, -1, 73, 287, 27.0, 15, Cpppapp, 5784, 0, 0, 0, , 0, 0, 0, 0, 0, 
308, 1, 308, 305, -1, 260, 267, 13.0, 13, Daapa, 3722, 0, 0, 0, , 0, 0, 0, 0, 0, 
309, 1, 309, 306, -1, 247, 269, 12.0, 15, Daapp, 6373, 0, 0, 0, , 0, 0, 0, 0, 0, 
310, 0, 310, -1, -1, 255, 308, 14.0, 11, , 1247, 0, 0, 0, , 0, 0, 0, 0, 0, 
311, 1, 311, 308, -1, 280, 311, 29.0, 15, Daaap, 1615, 0, 0, 0, , 0, 0, 0, 0, 0, 
312, 1, 312, 309, -1, 274, 310, 32.0, 15, Dappaa, 3722, 0, 0, 0, , 0, 0, 0, 0, 0, 
313, 1, 313, 310, -1, 204, 205, 16.0, 15, Dpapp, 4674, 0, 0, 0, , 0, 0, 0, 0, 0, 
314, 1, 314, 311, -1, 220, 195, 16.0, 17, Dpapa, 7076, 0, 0, 0, , 0, 0, 0, 0, 0, 
315, 1, 315, 312, -1, 237, 233, 33.0, 15, Dpaap, 12217, 0, 0, 0, , 0, 0, 0, 0, 0, 
316, 1, 316, 313, -1, 210, 208, 20.0, 11, Dpaaa, 1235, 0, 0, 0, , 0, 0, 0, 0, 0, 
317, 1, 317, 314, -1, 223, 297, 35.0, 17, Dppppa, 3695, 0, 0, 0, , 0, 0, 0, 0, 0, 
318, 1, 318, 315, -1, 234, 277, 34.0, 13, Dpppap, 3423, 0, 0, 0, , 0, 0, 0, 0, 0, 
319, 1, 319, 316, -1, 257, 249, 35.0, 17, Dpppaa, 3447, 0, 0, 0, , 0, 0, 0, 0, 0, 
320, 1, 320, 317, -1, 196, 222, 22.0, 17, Dppaa, 10869, 0, 0, 0, , 0, 0, 0, 0, 0, 
321, 1, 321, 318, -1, 221, 260, 35.0, 17, Dppap, 9443, 0, 0, 0, , 0, 0, 0, 0, 0, 
322, 0, 322, -1, -1, 382, 245, 24.0, 15, , 5073, 0, 0, 0, , 0, 0, 0, 0, 0, 
323, 0, 323, -1, -1, 282, 300, 20.0, 11, , 1166, 0, 0, 0, , 0, 0, 0, 0, 0, 
324, 1, 324, 321, -1, 289, 318, 16.0, 11, ABalppppppap, 3039, 0, 0, 0, , 0, 0, 0, 0, 0, 
325, 1, 325, 322, -1, 362, 235, 17.0, 13, ABplaaapap, 2452, 0, 0, 0, , 0, 0, 0, 0, 0, 
326, 1, 326, 323, -1, 305, 273, 11.0, 13, ABalpppaaaa, 4912, 0, 0, 0, , 0, 0, 0, 0, 0, 
327, 1, 327, 324, -1, 325, 231, 15.0, 11, ABalpppaaap, 896, 0, 0, 0, , 0, 0, 0, 0, 0, 
328, 1, 328, 325, -1, 346, 250, 12.0, 13, ABalpppaapd, 3949, 0, 0, 0, , 0, 0, 0, 0, 0, 
329, 1, 329, 326, -1, 336, 240, 19.0, 13, ABalpppaapv, 4639, 0, 0, 0, , 0, 0, 0, 0, 0, 
330, 1, 330, 327, -1, 301, 279, 13.0, 13, ABalpppapad, 3219, 0, 0, 0, , 0, 0, 0, 0, 0, 
331, 1, 331, 328, -1, 315, 260, 12.0, 13, ABalpppapav, 3269, 0, 0, 0, , 0, 0, 0, 0, 0, 
332, 1, 332, 329, -1, 336, 230, 12.0, 13, ABalppaaapp, 6789, 0, 0, 0, , 0, 0, 0, 0, 0, 
333, 1, 333, 330, -1, 287, 283, 12.0, 13, ABplpaaaaap, 8317, 0, 0, 0, , 0, 0, 0, 0, 0, 
334, 1, 334, 331, -1, 291, 226, 14.0, 11, ABalppapppa, 3530, 0, 0, 0, , 0, 0, 0, 0, 0, 
335, 1, 335, 332, -1, 309, 277, 15.0, 11, ABalapaapaa, 1626, 0, 0, 0, , 0, 0, 0, 0, 0, 
336, 1, 336, 333, -1, 330, 262, 20.0, 13, ABalapaappa, 569, 0, 0, 0, , 0, 0, 0, 0, 0, 
337, 1, 337, 334, -1, 273, 222, 12.0, 11, ABalppapapa, 3449, 0, 0, 0, , 0, 0, 0, 0, 0, 
338, 1, 338, 335, -1, 312, 212, 11.0, 11, ABalppapapp, 3972, 0, 0, 0, , 0, 0, 0, 0, 0, 
339, 1, 339, 336, -1, 322, 198, 12.0, 13, ABplaappaa, 4948, 0, 0, 0, , 0, 0, 0, 0, 0, 
340, 1, 340, 337, -1, 321, 254, 18.0, 13, ABalppapaaa, 6016, 0, 0, 0, , 0, 0, 0, 0, 0, 
341, 1, 341, 338, -1, 267, 228, 14.0, 11, ABalpapapaa, 3133, 0, 0, 0, , 0, 0, 0, 0, 0, 
342, 1, 342, 339, -1, 208, 259, 9.0, 15, ABalpapappa, 4924, 0, 0, 0, , 0, 0, 0, 0, 0, 
343, 1, 343, 340, -1, 312, 196, 15.0, 11, ABalpapaapp, 6150, 0, 0, 0, , 0, 0, 0, 0, 0, 
344, 0, 344, -1, -1, 293, 213, 12.0, 11, , 6044, 0, 0, 0, , 0, 0, 0, 0, 0, 
345, 1, 345, 342, -1, 287, 241, 19.0, 11, ABalpaaaapa, 4257, 0, 0, 0, , 0, 0, 0, 0, 0, 
346, 1, 346, 343, -1, 277, 251, 18.0, 13, ABalpaaaaap, 5288, 0, 0, 0, , 0, 0, 0, 0, 0, 
347, 0, 347, -1, -1, 254, 242, 23.0, 11, , 2086, 0, 0, 0, , 0, 0, 0, 0, 0, 
348, 1, 348, 345, -1, 287, 271, 20.0, 13, ABalpapppaa, 2996, 0, 0, 0, , 0, 0, 0, 0, 0, 
349, 1, 349, -1, -1, 263, 251, 19.0, 9, ABalpapppap, 756, 0, 0, 0, , 0, 0, 0, 0, 0, 
350, 1, 350, 346, -1, 299, 276, 27.0, 13, ABalpaapapa, 3822, 0, 0, 0, , 0, 0, 0, 0, 0, 
351, 1, 351, 347, -1, 263, 243, 18.0, 13, ABalpaaaapp, 8701, 0, 0, 0, , 0, 0, 0, 0, 0, 
352, 1, 352, 348, -1, 299, 232, 21.0, 11, ABalpaaaaaa, 4076, 0, 0, 0, , 0, 0, 0, 0, 0, 
353, 0, 353, -1, -1, 278, 253, 20.0, 11, , 3056, 0, 0, 0, , 0, 0, 0, 0, 0, 
354, 1, 354, 350, -1, 333, 236, 22.0, 13, ABalpaapppa, 3492, 0, 0, 0, , 0, 0, 0, 0, 0, 
355, 1, 355, 351, -1, 339, 228, 20.0, 11, ABalpaapppp, 2227, 0, 0, 0, , 0, 0, 0, 0, 0, 
356, 1, 356, 352, -1, 327, 212, 21.0, 11, ABalpaappaa, 1845, 0, 0, 0, , 0, 0, 0, 0, 0, 
357, 0, 357, -1, -1, 305, 244, 24.0, 13, , 3670, 0, 0, 0, , 0, 0, 0, 0, 0, 
358, 0, 358, -1, -1, 282, 249, 16.0, 13, , 5327, 0, 0, 0, , 0, 0, 0, 0, 0, 
359, 1, 359, 355, -1, 143, 339, 26.0, 17, Ealpp, 11349, 0, 0, 0, , 0, 0, 0, 0, 0, 
360, 0, 360, -1, -1, 148, 317, 28.0, 13, , 967, 0, 0, 0, , 0, 0, 0, 0, 0, 
361, 0, 361, -1, -1, 207, 309, 21.0, 15, , 6792, 0, 0, 0, , 0, 0, 0, 0, 0, 
362, 0, 362, -1, -1, 99, 284, 20.0, 11, , 2523, 0, 0, 0, , 0, 0, 0, 0, 0, 
363, 1, 363, 359, -1, 249, 331, 29.0, 17, Dapap, 6650, 0, 0, 0, , 0, 0, 0, 0, 0, 
364, 1, 364, 360, -1, 239, 298, 14.0, 13, Dapaa, 6425, 0, 0, 0, , 0, 0, 0, 0, 0, 
365, 1, 365, 361, -1, 244, 297, 20.0, 13, MSaapaapp, 3660, 0, 0, 0, , 0, 0, 0, 0, 0, 
366, 1, 366, 362, -1, 242, 275, 21.0, 11, MSaapaapaa, 2255, 0, 0, 0, , 0, 0, 0, 0, 0, 
367, 1, 367, 363, -1, 245, 295, 18.0, 11, MSaapaapap, 2743, 0, 0, 0, , 0, 0, 0, 0, 0, 
368, 1, 368, 364, -1, 208, 238, 32.0, 19, ABarpppapp, 21031, 0, 0, 0, , 0, 0, 0, 0, 0, 
369, 1, 369, 365, -1, 269, 288, 12.0, 13, ABplppaapap, 4909, 0, 0, 0, , 0, 0, 0, 0, 0, 
370, 1, 370, 366, -1, 286, 275, 9.0, 11, ABplppaapaa, 4624, 0, 0, 0, , 0, 0, 0, 0, 0, 
371, 1, 371, 367, -1, 339, 251, 24.0, 11, ABalaaaalar, 3035, 0, 0, 0, , 0, 0, 0, 0, 0, 
372, 1, 372, 368, -1, 328, 253, 21.0, 13, ABalapaappp, 3134, 0, 0, 0, , 0, 0, 0, 0, 0, 
373, 0, 373, -1, -1, 278, 174, 31.0, 9, , 943, 0, 0, 0, , 0, 0, 0, 0, 0, 
374, 1, 374, 370, -1, 273, 184, 32.0, 13, ABalaaapprr, 3805, 0, 0, 0, , 0, 0, 0, 0, 0, 
375, 1, 375, 371, -1, 297, 175, 21.0, 13, ABalaaapprl, 3196, 0, 0, 0, , 0, 0, 0, 0, 0, 
376, 0, -1, -1, -1, 128, 338, 34.0, 13, , 3795, 0, 0, 0, , 0, 0, 0, 0, 0, 
377, 1, 377, 372, -1, 118, 334, 34.0, 13, Cppppaa, 3860, 0, 0, 0, , 0, 0, 0, 0, 0, 
378, 1, 378, 373, -1, 81, 320, 30.0, 17, Cppppap, 5034, 0, 0, 0, , 0, 0, 0, 0, 0, 
379, 0, 379, -1, -1, 105, 260, 9.0, 15, , 2316, 0, 0, 0, , 0, 0, 0, 0, 0, 
380, 1, 380, 375, -1, 310, 192, 33.0, 15, ABarpapaappp, 2364, 0, 0, 0, , 0, 0, 0, 0, 0, 
381, 0, 381, -1, -1, 136, 331, 29.0, 11, , 1088, 0, 0, 0, , 0, 0, 0, 0, 0, 
382, 1, 382, 377, -1, 122, 339, 27.0, 19, Eplap, 14281, 0, 0, 0, , 0, 0, 0, 0, 0, 
383, 1, 383, 378, -1, 305, 209, 17.0, 15, ABalpapaapa, 4933, 0, 0, 0, , 0, 0, 0, 0, 0, 
384, 0, 384, -1, -1, 155, 321, 28.0, 19, , 8804, 0, 0, 0, , 0, 0, 0, 0, 0, 
385, 1, 385, 380, -1, 226, 266, 10.0, 17, ABplppapaaa, 6190, 0, 0, 0, , 0, 0, 0, 0, 0, 
386, 1, 386, 381, -1, 337, 278, 27.0, 17, ABalaaaalal, 6953, 0, 0, 0, , 0, 0, 0, 0, 0, 
387, 0, 387, -1, -1, 274, 193, 21.0, 15, , 3995, 0, 0, 0, , 0, 0, 0, 0, 0, 
388, 1, 388, 383, -1, 165, 275, 22.0, 15, MSpappap, 4795, 0, 0, 0, , 0, 0, 0, 0, 0, 
389, 1, 389, 384, -1, 225, 265, 30.0, 19, MSpaapapa, 9432, 0, 0, 0, , 0, 0, 0, 0, 0, 
390, 1, 390, 385, -1, 68, 289, 23.0, 15, Cpppppd, 4629, 0, 0, 0, , 0, 0, 0, 0, 0, 
391, 1, 391, 386, -1, 309, 308, 23.0, 11, ABplapaaaaa, 3308, 0, 0, 0, , 0, 0, 0, 0, 0, 
392, 1, 392, 387, -1, 214, 277, 22.0, 11, MSaappaa, 3154, 0, 0, 0, , 0, 0, 0, 0, 0, 
393, 1, 393, 388, -1, 331, 254, 14.0, 13, ABalaaaalpa, 3295, 0, 0, 0, , 0, 0, 0, 0, 0, 
394, 1, 394, 389, -1, 351, 243, 22.0, 13, ABalaaaparr, 2786, 0, 0, 0, , 0, 0, 0, 0, 0, 
395, 1, 395, 390, -1, 366, 224, 22.0, 13, ABplaaaaaaa, 4554, 0, 0, 0, , 0, 0, 0, 0, 0, 
396, 1, 396, 391, -1, 272, 275, 20.0, 11, ABalpaaappp, 3229, 0, 0, 0, , 0, 0, 0, 0, 0, 
397, 1, 397, 392, -1, 282, 269, 22.0, 13, ABalpaaappa, 3883, 0, 0, 0, , 0, 0, 0, 0, 0, 
398, 1, 398, 393, -1, 208, 292, 18.0, 17, Ealaad, 5616, 0, 0, 0, , 0, 0, 0, 0, 0, 
399, 1, 399, 394, -1, 223, 216, 18.0, 15, ABprpappapa, 5315, 0, 0, 0, , 0, 0, 0, 0, 0, 
400, 1, 400, 395, -1, 169, 362, 29.0, 19, Cappaap, 4817, 0, 0, 0, , 0, 0, 0, 0, 0, 
401, 1, 401, 396, -1, 300, 211, 20.0, 11, ABarappaapp, 5402, 0, 0, 0, , 0, 0, 0, 0, 0, 
402, 1, 402, 397, -1, 208, 252, 26.0, 13, MSpapaapp, 3805, 0, 0, 0, , 0, 0, 0, 0, 0, 
403, 1, 403, 398, -1, 215, 236, 24.0, 11, MSpapaapaa, 2732, 0, 0, 0, , 0, 0, 0, 0, 0, 
404, 1, 404, 399, -1, 204, 236, 24.0, 13, MSpapaapap, 2713, 0, 0, 0, , 0, 0, 0, 0, 0, 
405, 1, 405, 400, -1, 266, 169, 27.0, 13, ABpraapaapp, 5210, 0, 0, 0, , 0, 0, 0, 0, 0, 
406, 0, 406, -1, -1, 258, 184, 33.0, 11, , 2661, 0, 0, 0, , 0, 0, 0, 0, 0, 
407, 1, 407, 402, -1, 325, 184, 25.0, 11, ABalaaapplr, 2790, 0, 0, 0, , 0, 0, 0, 0, 0, 
408, 1, 409, 403, -1, 301, 291, 32.0, 17, MSappppp, 3629, 0, 0, 0, , 0, 0, 0, 0, 0, 
409, 1, 410, 404, -1, 296, 283, 24.0, 15, ABalpaapapp, 4567, 0, 0, 0, , 0, 0, 0, 0, 0, 
410, 1, 411, 405, -1, 239, 240, 22.0, 13, MSpapaaaa, 1900, 0, 0, 0, , 0, 0, 0, 0, 0, 
411, 1, 412, 406, -1, 192, 222, 17.0, 15, MSpapppaa, 3774, 0, 0, 0, , 0, 0, 0, 0, 0, 
412, 1, 413, 407, -1, 184, 238, 18.0, 17, MSpapppap, 3426, 0, 0, 0, , 0, 0, 0, 0, 0, 
413, 1, 414, 408, -1, 262, 187, 27.0, 13, ABprpaapaaa, 6436, 0, 0, 0, , 0, 0, 0, 0, 0, 
414, 1, 415, 409, -1, 301, 296, 13.0, 13, ABalpppppppp, 2622, 0, 0, 0, , 0, 0, 0, 0, 0, 
415, 1, 416, 410, -1, 88, 263, 10.0, 11, Caapap, 5957, 0, 0, 0, , 0, 0, 0, 0, 0, 
416, 1, 417, 411, -1, 340, 201, 25.0, 13, ABarpaaaaal, 4854, 0, 0, 0, , 0, 0, 0, 0, 0, 
417, 1, 418, 412, -1, 89, 260, 16.0, 13, ABprppppppa, 4032, 0, 0, 0, , 0, 0, 0, 0, 0, 
418, 1, 419, 740, -1, 221, 221, 35.0, 13, ABarpppapa, 676, 0, 0, 0, , 0, 0, 0, 0, 0, 
419, 1, 420, 413, -1, 104, 258, 28.0, 9, ABarpppppp, 571, 0, 0, 0, , 0, 0, 0, 0, 0, 
420, 1, 714, 414, -1, 246, 180, 15.0, 11, MSpppapa, 2016, 0, 0, 0, , 0, 0, 0, 0, 0, 
421, 1, 422, 415, -1, 313, 282, 28.0, 13, MSapappa, 4832, 0, 0, 0, , 0, 0, 0, 0, 0, 
422, 1, 423, 416, -1, 322, 203, 32.0, 13, MSppappp, 3141, 0, 0, 0, , 0, 0, 0, 0, 0, 
423, 1, 424, 417, -1, 97, 286, 13.0, 15, Cappppd, 2507, 0, 0, 0, , 0, 0, 0, 0, 0, 
424, 1, 425, 418, -1, 236, 284, 28.0, 13, MSaaaappp, 4445, 0, 0, 0, , 0, 0, 0, 0, 0, 
425, 1, 426, 419, -1, 99, 337, 13.0, 13, ABplapppaap, 4942, 0, 0, 0, , 0, 0, 0, 0, 0, 
426, 0, 427, -1, -1, 337, 248, 29.0, 11, , 665, 0, 0, 0, , 0, 0, 0, 0, 0, 
427, 1, 428, 421, -1, 216, 261, 24.0, 11, MSpapapap, 3428, 0, 0, 0, , 0, 0, 0, 0, 0, 
428, 0, 429, -1, -1, 152, 336, 17.0, 13, , 1803, 0, 0, 0, , 0, 0, 0, 0, 0, 
429, 1, 430, 423, -1, 182, 332, 15.0, 15, Capaapa, 5394, 0, 0, 0, , 0, 0, 0, 0, 0, 
430, 1, 431, 424, -1, 202, 298, 21.0, 13, Ealpa, 2405, 0, 0, 0, , 0, 0, 0, 0, 0, 
431, 0, 432, -1, -1, 220, 304, 30.0, 21, , 12654, 0, 0, 0, , 0, 0, 0, 0, 0, 
432, 1, 433, 426, -1, 220, 171, 23.0, 13, ABpraaappppp, 3527, 0, 0, 0, , 0, 0, 0, 0, 0, 
433, 0, 434, -1, -1, 305, 303, 16.0, 13, , 3389, 0, 0, 0, , 0, 0, 0, 0, 0, 
434, 1, 435, 428, -1, 325, 278, 18.0, 13, ABplpaapaaa, 7268, 0, 0, 0, , 0, 0, 0, 0, 0, 
435, 1, 436, 429, -1, 281, 208, 31.0, 15, MSppaaap, 2415, 0, 0, 0, , 0, 0, 0, 0, 0, 
436, 1, 437, 430, -1, 221, 258, 19.0, 17, ABarapapapp, 7584, 0, 0, 0, , 0, 0, 0, 0, 0, 
437, 1, 438, 431, -1, 65, 301, 18.0, 19, Cappppv, 4723, 0, 0, 0, , 0, 0, 0, 0, 0, 
438, 1, 439, 432, -1, 223, 288, 12.0, 11, MSaapppap, 3830, 0, 0, 0, , 0, 0, 0, 0, 0, 
439, 1, 440, 735, -1, 261, 303, 18.0, 13, ABplapaaapa, 3777, 0, 0, 0, , 0, 0, 0, 0, 0, 
440, 0, 441, -1, -1, 246, 232, 25.0, 13, , 6296, 0, 0, 0, , 0, 0, 0, 0, 0, 
441, 1, 442, 435, -1, 235, 282, 13.0, 11, MSaapppaa, 2699, 0, 0, 0, , 0, 0, 0, 0, 0, 
442, 1, 443, 436, -1, 206, 250, 11.0, 13, ABarappappa, 4286, 0, 0, 0, , 0, 0, 0, 0, 0, 
443, 1, 444, 437, -1, 307, 235, 21.0, 13, ABaraaaaaaa, 1362, 0, 0, 0, , 0, 0, 0, 0, 0, 
444, 1, 445, 438, -1, 182, 315, 22.0, 19, Ealap, 24397, 0, 0, 0, , 0, 0, 0, 0, 0, 
445, 1, 446, 439, -1, 192, 257, 12.0, 17, ABplpaaaapp, 13205, 0, 0, 0, , 0, 0, 0, 0, 0, 
446, 0, 447, -1, -1, 270, 306, 18.0, 11, , 2475, 0, 0, 0, , 0, 0, 0, 0, 0, 
447, 1, 448, -1, -1, 249, 237, 22.0, 13, ABarapappap, 5275, 0, 0, 0, , 0, 0, 0, 0, 0, 
448, 0, 449, -1, -1, 258, 185, 13.0, 15, , 6036, 0, 0, 0, , 0, 0, 0, 0, 0, 
449, 1, 450, 443, -1, 99, 282, 17.0, 13, ABprpappppp, 7557, 0, 0, 0, , 0, 0, 0, 0, 0, 
450, 1, 451, 444, -1, 256, 245, 10.0, 19, ABalpapappp, 12432, 0, 0, 0, , 0, 0, 0, 0, 0, 
451, 0, 452, -1, -1, 91, 306, 28.0, 19, , 5427, 0, 0, 0, , 0, 0, 0, 0, 0, 
452, 1, 453, 446, -1, 335, 281, 15.0, 11, ABalpppapppa, 1920, 0, 0, 0, , 0, 0, 0, 0, 0, 
453, 1, 454, 447, -1, 340, 203, 31.0, 11, ABalapppapp, 2023, 0, 0, 0, , 0, 0, 0, 0, 0, 
454, 0, 455, -1, -1, 302, 198, 11.0, 13, , 4472, 0, 0, 0, , 0, 0, 0, 0, 0, 
455, 1, 456, 449, -1, 239, 198, 18.0, 13, MSpppapp, 3223, 0, 0, 0, , 0, 0, 0, 0, 0, 
456, 1, 457, 450, -1, 304, 273, 20.0, 13, MSapapap, 9011, 0, 0, 0, , 0, 0, 0, 0, 0, 
457, 1, 458, 451, -1, 303, 240, 30.0, 15, ABaraappaaa, 5041, 0, 0, 0, , 0, 0, 0, 0, 0, 
458, 1, 459, 766, -1, 141, 320, 15.0, 13, Z3, 3278, 0, 0, 0, , 0, 0, 0, 0, 0, 
459, 1, 460, 452, -1, 295, 291, 18.0, 13, ABalpppppap, 3243, 0, 0, 0, , 0, 0, 0, 0, 0, 
460, 0, 461, -1, -1, 302, 236, 13.0, 11, , 1119, 0, 0, 0, , 0, 0, 0, 0, 0, 
461, 0, 462, -1, -1, 339, 268, 26.0, 13, , 3301, 0, 0, 0, , 0, 0, 0, 0, 0, 
462, 1, 464, 455, -1, 288, 280, 11.0, 15, ABplppaaaaa, 7956, 0, 0, 0, , 0, 0, 0, 0, 0, 
463, 1, 465, 456, -1, 269, 217, 21.0, 15, ABarapaaapa, 7149, 0, 0, 0, , 0, 0, 0, 0, 0, 
464, 1, 466, 457, -1, 293, 233, 29.0, 15, ABaraappaap, 6184, 0, 0, 0, , 0, 0, 0, 0, 0, 
465, 1, 467, 458, -1, 260, 225, 31.0, 19, ABaraaapapa, 3389, 0, 0, 0, , 0, 0, 0, 0, 0, 
466, 1, 468, 459, -1, 200, 297, 26.0, 15, Earpa, 3430, 0, 0, 0, , 0, 0, 0, 0, 0, 
467, 1, 469, 460, -1, 320, 230, 18.0, 15, ABalpapaaaa, 6619, 0, 0, 0, , 0, 0, 0, 0, 0, 
468, 1, 470, 461, -1, 77, 268, 26.0, 13, Caappd, 4051, 0, 0, 0, , 0, 0, 0, 0, 0, 
469, 0, 471, -1, -1, 239, 242, 28.0, 13, , 5835, 0, 0, 0, , 0, 0, 0, 0, 0, 
470, 1, 472, 464, -1, 260, 203, 33.0, 13, ABarpppaaa, 4180, 0, 0, 0, , 0, 0, 0, 0, 0, 
471, 0, 473, -1, -1, 97, 327, 25.0, 15, , 8722, 0, 0, 0, , 0, 0, 0, 0, 0, 
472, 0, 474, -1, -1, 173, 321, 28.0, 13, , 2930, 0, 0, 0, , 0, 0, 0, 0, 0, 
473, 0, 475, -1, -1, 330, 254, 22.0, 9, , 720, 0, 0, 0, , 0, 0, 0, 0, 0, 
474, 0, 476, -1, -1, 85, 257, 27.0, 13, , 1370, 0, 0, 0, , 0, 0, 0, 0, 0, 
475, 1, 477, 469, -1, 276, 195, 35.0, 11, ABalappapap, 2381, 0, 0, 0, , 0, 0, 0, 0, 0, 
476, 1, 478, 470, -1, 321, 253, 10.0, 15, ABplaappap, 4970, 0, 0, 0, , 0, 0, 0, 0, 0, 
477, 0, 479, -1, -1, 239, 171, 15.0, 11, , 2334, 0, 0, 0, , 0, 0, 0, 0, 0, 
478, 1, 480, 472, -1, 222, 244, 11.0, 13, ABplppaappa, 4418, 0, 0, 0, , 0, 0, 0, 0, 0, 
479, 1, 481, 473, -1, 233, 194, 12.0, 13, ABarappappp, 10091, 0, 0, 0, , 0, 0, 0, 0, 0, 
480, 1, 482, 474, -1, 105, 362, 18.0, 17, Cpapap, 5138, 0, 0, 0, , 0, 0, 0, 0, 0, 
481, 1, 483, 475, -1, 237, 225, 13.0, 17, ABplpaaaapa, 7944, 0, 0, 0, , 0, 0, 0, 0, 0, 
482, 1, 484, 476, -1, 322, 223, 10.0, 15, ABplpaaapap, 6174, 0, 0, 0, , 0, 0, 0, 0, 0, 
483, 1, 485, 477, -1, 266, 278, 24.0, 17, ABaraapapaa, 9324, 0, 0, 0, , 0, 0, 0, 0, 0, 
484, 1, 486, 478, -1, 344, 250, 30.0, 17, MSapappp, 2528, 0, 0, 0, , 0, 0, 0, 0, 0, 
485, 1, 487, 479, -1, 106, 237, 21.0, 13, ABprpppaapp, 8229, 0, 0, 0, , 0, 0, 0, 0, 0, 
486, 1, 488, 480, -1, 128, 283, 11.0, 15, ABplppppapa, 4520, 0, 0, 0, , 0, 0, 0, 0, 0, 
487, 1, 489, 481, -1, 194, 238, 14.0, 13, ABprpapppap, 4234, 0, 0, 0, , 0, 0, 0, 0, 0, 
488, 0, 490, -1, -1, 202, 302, 28.0, 17, , 12163, 0, 0, 0, , 0, 0, 0, 0, 0, 
489, 1, 491, 483, -1, 249, 197, 35.0, 15, ABarpaappp, 3321, 0, 0, 0, , 0, 0, 0, 0, 0, 
490, 0, 492, -1, -1, 285, 269, 18.0, 7, , 1069, 0, 0, 0, , 0, 0, 0, 0, 0, 
491, 0, 493, -1, -1, 210, 236, 16.0, 11, , 2505, 0, 0, 0, , 0, 0, 0, 0, 0, 
492, 1, 494, 485, -1, 316, 223, 22.0, 13, ABalpaapaaa, 5296, 0, 0, 0, , 0, 0, 0, 0, 0, 
493, 0, 495, -1, -1, 343, 250, 35.0, 11, , 787, 0, 0, 0, , 0, 0, 0, 0, 0, 
494, 0, 496, -1, -1, 238, 192, 29.0, 9, , 441, 0, 0, 0, , 0, 0, 0, 0, 0, 
495, 0, 497, -1, -1, 274, 304, 13.0, 11, , 3845, 0, 0, 0, , 0, 0, 0, 0, 0, 
496, 1, 498, 489, -1, 266, 317, 13.0, 11, ABplaapppp, 2881, 0, 0, 0, , 0, 0, 0, 0, 0, 
497, 1, 499, 490, -1, 278, 241, 32.0, 13, MSpaaaapa, 4861, 0, 0, 0, , 0, 0, 0, 0, 0, 
498, 1, 500, 491, -1, 177, 331, 28.0, 17, Epraa, 12217, 0, 0, 0, , 0, 0, 0, 0, 0, 
499, 0, 501, -1, -1, 316, 189, 26.0, 11, , 1064, 0, 0, 0, , 0, 0, 0, 0, 0, 
500, 1, 502, 492, -1, 339, 278, 24.0, 15, ABalaaapall, 4587, 0, 0, 0, , 0, 0, 0, 0, 0, 
501, 1, 503, 493, -1, 256, 218, 29.0, 17, ABarapaappa, 7384, 0, 0, 0, , 0, 0, 0, 0, 0, 
502, 0, 504, -1, -1, 312, 176, 26.0, 11, , 2496, 0, 0, 0, , 0, 0, 0, 0, 0, 
503, 1, 505, 495, -1, 250, 327, 31.0, 15, Dappap, 4104, 0, 0, 0, , 0, 0, 0, 0, 0, 
504, 1, 506, 496, -1, 364, 234, 25.0, 13, ABplaaaaaap, 2724, 0, 0, 0, , 0, 0, 0, 0, 0, 
505, 1, 507, 767, -1, 280, 231, 35.0, 15, MSpppppp, 535, 0, 0, 0, , 0, 0, 0, 0, 0, 
506, 1, 508, 497, -1, 190, 321, 26.0, 11, Earap, 643, 0, 0, 0, , 0, 0, 0, 0, 0, 
507, 1, 509, 498, -1, 327, 197, 29.0, 11, ABarpapaaaa, 4914, 0, 0, 0, , 0, 0, 0, 0, 0, 
508, 0, 510, -1, -1, 132, 311, 16.0, 11, , 860, 0, 0, 0, , 0, 0, 0, 0, 0, 
509, 1, 511, 500, -1, 194, 270, 27.0, 17, Earaad, 1792, 0, 0, 0, , 0, 0, 0, 0, 0, 
510, 0, 512, -1, -1, 128, 323, 28.0, 13, , 4198, 0, 0, 0, , 0, 0, 0, 0, 0, 
511, 0, 513, -1, -1, 279, 188, 25.0, 13, , 1076, 0, 0, 0, , 0, 0, 0, 0, 0, 
512, 0, 514, -1, -1, 96, 244, 28.0, 11, , 4158, 0, 0, 0, , 0, 0, 0, 0, 0, 
513, 0, 516, -1, -1, 351, 258, 18.0, 11, , 2579, 0, 0, 0, , 0, 0, 0, 0, 0, 
514, 1, 517, 505, -1, 321, 271, 16.0, 11, ABalppappaa, 2934, 0, 0, 0, , 0, 0, 0, 0, 0, 
515, 1, 518, 506, -1, 252, 206, 20.0, 13, MSppaaaav, 2866, 0, 0, 0, , 0, 0, 0, 0, 0, 
516, 1, 519, 507, -1, 288, 235, 31.0, 15, ABaraappapa, 6614, 0, 0, 0, , 0, 0, 0, 0, 0, 
517, 1, 520, 508, -1, 80, 318, 14.0, 17, ABplapapppp, 6195, 0, 0, 0, , 0, 0, 0, 0, 0, 
518, 1, 521, 509, -1, 237, 258, 22.0, 11, ABarapapaaa, 4843, 0, 0, 0, , 0, 0, 0, 0, 0, 
519, 0, 522, -1, -1, 279, 216, 26.0, 11, , 3849, 0, 0, 0, , 0, 0, 0, 0, 0, 
520, 1, 523, 511, -1, 106, 305, 35.0, 21, Cpppapa, 24796, 0, 0, 0, , 0, 0, 0, 0, 0, 
521, 1, 524, 512, -1, 354, 262, 23.0, 15, ABalapaaapp, 3669, 0, 0, 0, , 0, 0, 0, 0, 0, 
522, 1, 525, 756, -1, 273, 252, 23.0, 13, ABalpappppp, 1621, 0, 0, 0, , 0, 0, 0, 0, 0, 
523, 0, 526, -1, -1, 273, 253, 21.0, 15, , 4836, 0, 0, 0, , 0, 0, 0, 0, 0, 
524, 0, 527, -1, -1, 314, 209, 33.0, 13, , 1590, 0, 0, 0, , 0, 0, 0, 0, 0, 
525, 1, 528, 516, -1, 318, 291, 24.0, 15, ABalapaaaaa, 5136, 0, 0, 0, , 0, 0, 0, 0, 0, 
526, 1, 529, 517, -1, 190, 237, 27.0, 11, MSppapaa, 2213, 0, 0, 0, , 0, 0, 0, 0, 0, 
527, 1, 530, 518, -1, 278, 213, 10.0, 15, ABarappaaap, 7950, 0, 0, 0, , 0, 0, 0, 0, 0, 
528, 0, 531, -1, -1, 254, 263, 28.0, 9, , 1211, 0, 0, 0, , 0, 0, 0, 0, 0, 
529, 0, 532, -1, -1, 271, 237, 26.0, 11, , 1044, 0, 0, 0, , 0, 0, 0, 0, 0, 
530, 0, 533, -1, -1, 295, 186, 30.0, 11, , 3038, 0, 0, 0, , 0, 0, 0, 0, 0, 
531, 0, 534, -1, -1, 282, 262, 14.0, 9, , 978, 0, 0, 0, , 0, 0, 0, 0, 0, 
532, 0, 535, -1, -1, 115, 313, 27.0, 13, , 5762, 0, 0, 0, , 0, 0, 0, 0, 0, 
533, 1, 536, 523, -1, 218, 278, 29.0, 13, MSpaapapp, 3911, 0, 0, 0, , 0, 0, 0, 0, 0, 
534, 1, 537, 524, -1, 289, 172, 26.0, 13, ABpraapaapa, 4231, 0, 0, 0, , 0, 0, 0, 0, 0, 
535, 1, 538, 525, -1, 230, 180, 12.0, 17, ABpraapppa, 6445, 0, 0, 0, , 0, 0, 0, 0, 0, 
536, 1, 539, 526, -1, 309, 228, 15.0, 15, ABalppapppp, 1954, 0, 0, 0, , 0, 0, 0, 0, 0, 
537, 1, 540, 527, -1, 318, 222, 13.0, 15, ABplpaaapaa, 4869, 0, 0, 0, , 0, 0, 0, 0, 0, 
538, 1, 541, 528, -1, 84, 339, 15.0, 13, Cpappd, 3723, 0, 0, 0, , 0, 0, 0, 0, 0, 
539, 1, 542, 529, -1, 363, 200, 25.0, 13, ABplaaaapa, 6223, 0, 0, 0, , 0, 0, 0, 0, 0, 
540, 0, 543, -1, -1, 224, 319, 17.0, 11, , 1519, 0, 0, 0, , 0, 0, 0, 0, 0, 
541, 1, 544, 531, -1, 234, 317, 17.0, 13, MSapapaa, 3550, 0, 0, 0, , 0, 0, 0, 0, 0, 
542, 1, 545, 532, -1, 267, 169, 19.0, 13, ABpraaaapad, 2708, 0, 0, 0, , 0, 0, 0, 0, 0, 
543, 0, 546, -1, -1, 287, 258, 26.0, 9, , 1378, 0, 0, 0, , 0, 0, 0, 0, 0, 
544, 1, 547, 534, -1, 300, 264, 24.0, 15, ABalpaaapaa, 5214, 0, 0, 0, , 0, 0, 0, 0, 0, 
545, 0, 548, -1, -1, 230, 352, 24.0, 17, , 10060, 0, 0, 0, , 0, 0, 0, 0, 0, 
546, 0, 549, -1, -1, 195, 301, 27.0, 11, , 1415, 0, 0, 0, , 0, 0, 0, 0, 0, 
547, 0, 550, -1, -1, 99, 248, 9.0, 7, , 362, 0, 0, 0, , 0, 0, 0, 0, 0, 
548, 1, 551, 538, -1, 358, 251, 24.0, 13, ABalapapppp, 2642, 0, 0, 0, , 0, 0, 0, 0, 0, 
549, 0, 552, -1, -1, 278, 195, 15.0, 9, , 2218, 0, 0, 0, , 0, 0, 0, 0, 0, 
550, 1, 553, 540, -1, 281, 257, 9.0, 21, ABplaapppa, 52939, 0, 0, 0, , 0, 0, 0, 0, 0, 
551, 0, 554, -1, -1, 273, 267, 9.0, 7, , 306, 0, 0, 0, , 0, 0, 0, 0, 0, 
552, 0, 555, -1, -1, 91, 280, 10.0, 11, , 2829, 0, 0, 0, , 0, 0, 0, 0, 0, 
553, 1, 556, 542, -1, 112, 344, 14.0, 15, ABarppappp, 8037, 0, 0, 0, , 0, 0, 0, 0, 0, 
554, 1, 557, 543, -1, 348, 228, 27.0, 13, ABalapappap, 7431, 0, 0, 0, , 0, 0, 0, 0, 0, 
555, 0, -1, -1, -1, 300, 184, 33.0, 13, , 1624, 0, 0, 0, , 0, 0, 0, 0, 0, 
556, 1, 559, 545, -1, 297, 252, 32.0, 11, MSaaaaapaa, 2511, 0, 0, 0, , 0, 0, 0, 0, 0, 
557, 0, 560, -1, -1, 327, 243, 32.0, 13, , 1121, 0, 0, 0, , 0, 0, 0, 0, 0, 
558, 1, 561, 547, -1, 273, 220, 16.0, 11, ABplpappaaa, 3713, 0, 0, 0, , 0, 0, 0, 0, 0, 
559, 0, 562, -1, -1, 260, 304, 17.0, 13, , 1239, 0, 0, 0, , 0, 0, 0, 0, 0, 
560, 1, 563, 549, -1, 235, 254, 19.0, 13, ABarapapppa, 3943, 0, 0, 0, , 0, 0, 0, 0, 0, 
561, 1, 564, 52, -1, 233, 176, 29.0, 13, ABpraapapppa, 2664, 0, 0, 0, , 0, 0, 0, 0, 0, 
562, 0, 565, -1, -1, 340, 289, 19.0, 13, , 2256, 0, 0, 0, , 0, 0, 0, 0, 0, 
563, 1, 566, 552, -1, 230, 322, 24.0, 17, Ealaav, 3668, 0, 0, 0, , 0, 0, 0, 0, 0, 
564, 0, 567, -1, -1, 114, 339, 26.0, 15, , 3682, 0, 0, 0, , 0, 0, 0, 0, 0, 
565, 0, 568, -1, -1, 143, 339, 25.0, 19, , 8393, 0, 0, 0, , 0, 0, 0, 0, 0, 
566, 0, 569, -1, -1, 258, 166, 31.0, 11, , 1685, 0, 0, 0, , 0, 0, 0, 0, 0, 
567, 1, 570, 556, -1, 253, 283, 15.0, 13, Daaaa, 3253, 0, 0, 0, , 0, 0, 0, 0, 0, 
568, 0, 571, -1, -1, 235, 235, 15.0, 11, , 1446, 0, 0, 0, , 0, 0, 0, 0, 0, 
569, 1, 572, 558, -1, 338, 235, 15.0, 15, ABalaaapalr, 4413, 0, 0, 0, , 0, 0, 0, 0, 0, 
570, 1, 573, 559, -1, 259, 224, 20.0, 15, ABarapaaaap, 14507, 0, 0, 0, , 0, 0, 0, 0, 0, 
571, 1, 574, 560, -1, 217, 198, 27.0, 13, ABpraaapppaa, 787, 0, 0, 0, , 0, 0, 0, 0, 0, 
572, 1, 575, 561, -1, 239, 206, 32.0, 17, ABprapaaaap, 11800, 0, 0, 0, , 0, 0, 0, 0, 0, 
573, 1, 576, 562, -1, 273, 327, 18.0, 17, ABarppapaa, 8572, 0, 0, 0, , 0, 0, 0, 0, 0, 
574, 1, 577, 563, 564, 256, 221, 11.0, 13, ABalpapapap, 6965, 0, 0, 0, , 0, 0, 0, 0, 0, 
575, 0, 578, -1, -1, 264, 314, 11.0, 17, , 4019, 0, 0, 0, , 0, 0, 0, 0, 0, 
576, 1, 579, 566, -1, 124, 326, 15.0, 13, MSappaap, 2740, 0, 0, 0, , 0, 0, 0, 0, 0, 
577, 1, 580, 567, -1, 271, 329, 26.0, 15, Cpaaaa, 3258, 0, 0, 0, , 0, 0, 0, 0, 0, 
578, 1, 581, 568, -1, 223, 176, 26.0, 13, ABpraaappppa, 4019, 0, 0, 0, , 0, 0, 0, 0, 0, 
579, 1, 582, 732, -1, 272, 183, 30.0, 13, ABpraaapapa, 3478, 0, 0, 0, , 0, 0, 0, 0, 0, 
580, 1, 583, 570, -1, 220, 217, 14.0, 13, ABprpapapap, 3546, 0, 0, 0, , 0, 0, 0, 0, 0, 
581, 1, 584, 571, -1, 300, 179, 24.0, 13, ABpraaaaapd, 3687, 0, 0, 0, , 0, 0, 0, 0, 0, 
582, 1, 585, 572, -1, 282, 282, 25.0, 11, MSaaapaap, 2295, 0, 0, 0, , 0, 0, 0, 0, 0, 
583, 0, 586, -1, -1, 100, 256, 13.0, 11, , 1217, 0, 0, 0, , 0, 0, 0, 0, 0, 
584, 0, 587, -1, -1, 205, 212, 27.0, 13, , 3293, 0, 0, 0, , 0, 0, 0, 0, 0, 
585, 0, 588, -1, -1, 309, 253, 9.0, 11, , 1901, 0, 0, 0, , 0, 0, 0, 0, 0, 
586, 1, 589, 576, -1, 349, 221, 20.0, 15, ABalaaaarla, 3373, 0, 0, 0, , 0, 0, 0, 0, 0, 
587, 0, 590, -1, -1, 308, 169, 32.0, 9, , 491, 0, 0, 0, , 0, 0, 0, 0, 0, 
588, 1, 591, 578, -1, 85, 255, 25.0, 15, ABprapappppa, 6312, 0, 0, 0, , 0, 0, 0, 0, 0, 
589, 0, 592, -1, -1, 260, 233, 23.0, 15, , 4152, 0, 0, 0, , 0, 0, 0, 0, 0, 
590, 1, 593, 580, -1, 254, 201, 11.0, 13, ABarappapap, 7504, 0, 0, 0, , 0, 0, 0, 0, 0, 
591, 0, 594, -1, -1, 140, 316, 17.0, 17, , 2973, 0, 0, 0, , 0, 0, 0, 0, 0, 
592, 0, 595, -1, -1, 245, 193, 22.0, 9, , 487, 0, 0, 0, , 0, 0, 0, 0, 0, 
593, 0, 596, -1, -1, 285, 181, 29.0, 11, , 2261, 0, 0, 0, , 0, 0, 0, 0, 0, 
594, 0, 597, -1, -1, 162, 333, 24.0, 11, , 757, 0, 0, 0, , 0, 0, 0, 0, 0, 
595, 1, 598, 585, -1, 178, 361, 27.0, 17, Capapaa, 14358, 0, 0, 0, , 0, 0, 0, 0, 0, 
596, 0, 599, -1, -1, 209, 285, 27.0, 7, , 354, 0, 0, 0, , 0, 0, 0, 0, 0, 
597, 1, 600, 587, -1, 299, 310, 25.0, 21, ABplapaaaap, 19673, 0, 0, 0, , 0, 0, 0, 0, 0, 
598, 1, 601, 588, -1, 267, 184, 18.0, 13, ABprpaaappa, 3458, 0, 0, 0, , 0, 0, 0, 0, 0, 
599, 0, 602, -1, -1, 302, 176, 16.0, 11, , 3622, 0, 0, 0, , 0, 0, 0, 0, 0, 
600, 1, 603, 590, -1, 252, 247, 20.0, 11, ABalpappppa, 3185, 0, 0, 0, , 0, 0, 0, 0, 0, 
601, 0, 604, -1, -1, 200, 330, 25.0, 17, , 5859, 0, 0, 0, , 0, 0, 0, 0, 0, 
602, 0, 605, -1, -1, 202, 297, 25.0, 17, , 4463, 0, 0, 0, , 0, 0, 0, 0, 0, 
603, 1, 606, 593, -1, 231, 185, 33.0, 17, ABarpppaap, 4310, 0, 0, 0, , 0, 0, 0, 0, 0, 
604, 1, 607, 594, -1, 226, 343, 31.0, 17, Dapppa, 4295, 0, 0, 0, , 0, 0, 0, 0, 0, 
605, 1, 608, 595, -1, 304, 214, 14.0, 13, ABalppapaap, 5006, 0, 0, 0, , 0, 0, 0, 0, 0, 
606, 0, 609, -1, -1, 278, 301, 11.0, 19, , 8484, 0, 0, 0, , 0, 0, 0, 0, 0, 
607, 1, 610, 597, -1, 172, 278, 17.0, 11, ABplpapappp, 3112, 0, 0, 0, , 0, 0, 0, 0, 0, 
608, 0, 611, -1, -1, 283, 267, 14.0, 13, , 2710, 0, 0, 0, , 0, 0, 0, 0, 0, 
609, 1, 612, 599, -1, 280, 257, 13.0, 15, MSappapp, 4383, 0, 0, 0, , 0, 0, 0, 0, 0, 
610, 0, 613, -1, -1, 135, 269, 26.0, 19, , 16439, 0, 0, 0, , 0, 0, 0, 0, 0, 
611, 0, 614, -1, -1, 102, 328, 25.0, 19, , 9119, 0, 0, 0, , 0, 0, 0, 0, 0, 
612, 0, 615, -1, -1, 249, 167, 30.0, 13, , 3058, 0, 0, 0, , 0, 0, 0, 0, 0, 
613, 0, 616, -1, -1, 324, 272, 11.0, 13, , 1717, 0, 0, 0, , 0, 0, 0, 0, 0, 
614, 0, 617, -1, -1, 246, 195, 22.0, 9, , 1444, 0, 0, 0, , 0, 0, 0, 0, 0, 
615, 1, 618, 605, -1, 142, 284, 25.0, 17, Z2, 22397, 0, 0, 0, , 0, 0, 0, 0, 0, 
616, 0, 619, -1, -1, 180, 304, 23.0, 13, , 1448, 0, 0, 0, , 0, 0, 0, 0, 0, 
617, 1, 620, 607, -1, 142, 315, 35.0, 19, Cppapap, 4958, 0, 0, 0, , 0, 0, 0, 0, 0, 
618, 1, 621, 608, -1, 362, 252, 26.0, 9, ABplaaaaapp, 788, 0, 0, 0, , 0, 0, 0, 0, 0, 
619, 0, 622, -1, -1, 284, 194, 29.0, 11, , 3434, 0, 0, 0, , 0, 0, 0, 0, 0, 
620, 0, 623, -1, -1, 222, 217, 33.0, 17, , 4502, 0, 0, 0, , 0, 0, 0, 0, 0, 
621, 0, 624, -1, -1, 340, 243, 35.0, 15, , 1616, 0, 0, 0, , 0, 0, 0, 0, 0, 
622, 1, 625, 612, -1, 143, 371, 21.0, 19, Cpaapp, 13233, 0, 0, 0, , 0, 0, 0, 0, 0, 
623, 1, 626, 613, -1, 273, 179, 12.0, 15, ABprpaapapp, 6723, 0, 0, 0, , 0, 0, 0, 0, 0, 
624, 1, 627, 614, -1, 89, 311, 20.0, 19, Eplppp, 14365, 0, 0, 0, , 0, 0, 0, 0, 0, 
625, 1, 628, 615, -1, 86, 271, 29.0, 13, Cpapaa, 3940, 0, 0, 0, , 0, 0, 0, 0, 0, 
626, 0, 630, -1, -1, 321, 256, 36.0, 19, , 3545, 0, 0, 0, , 0, 0, 0, 0, 0, 
627, 1, 631, 617, -1, 310, 162, 24.0, 15, ABarpappap, 3378, 0, 0, 0, , 0, 0, 0, 0, 0, 
628, 0, 632, -1, -1, 229, 240, 15.0, 9, , 721, 0, 0, 0, , 0, 0, 0, 0, 0, 
629, 0, 633, -1, -1, 258, 296, 14.0, 11, , 3824, 0, 0, 0, , 0, 0, 0, 0, 0, 
630, 1, 634, 620, -1, 324, 292, 21.0, 13, ABalpppapppp, 4051, 0, 0, 0, , 0, 0, 0, 0, 0, 
631, 1, 635, 621, -1, 229, 196, 30.0, 15, ABpraapapppp, 2511, 0, 0, 0, , 0, 0, 0, 0, 0, 
632, 1, 636, 622, -1, 214, 244, 28.0, 13, MSpapappa, 3372, 0, 0, 0, , 0, 0, 0, 0, 0, 
633, 1, 637, 623, -1, 203, 352, 31.0, 15, Dapppp, 4029, 0, 0, 0, , 0, 0, 0, 0, 0, 
634, 0, 638, -1, -1, 204, 290, 17.0, 13, , 3807, 0, 0, 0, , 0, 0, 0, 0, 0, 
635, 0, 639, -1, -1, 237, 159, 26.0, 11, , 2345, 0, 0, 0, , 0, 0, 0, 0, 0, 
636, 0, -1, -1, -1, 313, 246, 13.0, 17, , 20392, 0, 0, 0, , 0, 0, 0, 0, 0, 
637, 1, 641, 625, -1, 259, 225, 17.0, 13, ABprpapppaa, 4646, 0, 0, 0, , 0, 0, 0, 0, 0, 
638, 0, 642, -1, -1, 86, 237, 23.0, 11, , 1578, 0, 0, 0, , 0, 0, 0, 0, 0, 
639, 1, 643, 627, 628, 293, 256, 19.0, 15, ABalpappaap, 6894, 0, 0, 0, , 0, 0, 0, 0, 0, 
640, 1, 644, 629, -1, 92, 309, 26.0, 17, Eprppp, 8318, 0, 0, 0, , 0, 0, 0, 0, 0, 
641, 0, 645, -1, -1, 257, 168, 32.0, 13, , 6718, 0, 0, 0, , 0, 0, 0, 0, 0, 
642, 0, 646, -1, -1, 209, 296, 17.0, 13, , 5025, 0, 0, 0, , 0, 0, 0, 0, 0, 
643, 0, 647, -1, -1, 239, 155, 20.0, 9, , 926, 0, 0, 0, , 0, 0, 0, 0, 0, 
644, 0, 648, -1, -1, 277, 266, 27.0, 9, , 878, 0, 0, 0, , 0, 0, 0, 0, 0, 
645, 0, 649, -1, -1, 192, 363, 24.0, 19, , 61938, 0, 0, 0, , 0, 0, 0, 0, 0, 
646, 1, 650, 635, -1, 300, 198, 20.0, 9, ABaraaappap, 1689, 0, 0, 0, , 0, 0, 0, 0, 0, 
647, 0, 651, -1, -1, 182, 311, 21.0, 19, , 3455, 0, 0, 0, , 0, 0, 0, 0, 0, 
648, 1, 652, 637, -1, 164, 337, 24.0, 21, Eplaa, 43538, 0, 0, 0, , 0, 0, 0, 0, 0, 
649, 0, 653, -1, -1, 180, 269, 13.0, 11, , 1441, 0, 0, 0, , 0, 0, 0, 0, 0, 
650, 1, 654, 639, -1, 98, 245, 16.0, 15, Cpppppv, 3589, 0, 0, 0, , 0, 0, 0, 0, 0, 
651, 1, 655, 640, -1, 236, 173, 21.0, 13, ABpraaaapav, 5225, 0, 0, 0, , 0, 0, 0, 0, 0, 
652, 0, 656, -1, -1, 232, 247, 20.0, 13, , 1250, 0, 0, 0, , 0, 0, 0, 0, 0, 
653, 0, 657, -1, -1, 248, 166, 27.0, 9, , 1119, 0, 0, 0, , 0, 0, 0, 0, 0, 
654, 0, 658, -1, -1, 251, 339, 24.0, 17, , 4557, 0, 0, 0, , 0, 0, 0, 0, 0, 
655, 0, 659, -1, -1, 106, 249, 30.0, 11, , 866, 0, 0, 0, , 0, 0, 0, 0, 0, 
656, 0, 660, -1, -1, 197, 306, 35.0, 13, , 3302, 0, 0, 0, , 0, 0, 0, 0, 0, 
657, 1, 661, 646, -1, 280, 231, 19.0, 13, ABalpappapa, 5651, 0, 0, 0, , 0, 0, 0, 0, 0, 
658, 0, 662, -1, -1, 331, 230, 26.0, 11, , 1570, 0, 0, 0, , 0, 0, 0, 0, 0, 
659, 0, 663, -1, -1, 237, 239, 35.0, 13, , 1299, 0, 0, 0, , 0, 0, 0, 0, 0, 
660, 1, 665, 649, -1, 156, 333, 15.0, 13, Capaapp, 4318, 0, 0, 0, , 0, 0, 0, 0, 0, 
661, 1, 666, 650, -1, 298, 281, 16.0, 13, ABalpppppaa, 6248, 0, 0, 0, , 0, 0, 0, 0, 0, 
662, 1, 667, 651, -1, 268, 184, 23.0, 13, ABalaapaaal, 2566, 0, 0, 0, , 0, 0, 0, 0, 0, 
663, 0, 668, -1, -1, 216, 297, 28.0, 13, , 2131, 0, 0, 0, , 0, 0, 0, 0, 0, 
664, 1, 700, 653, -1, 313, 189, 27.0, 11, ABalaaappll, 1642, 0, 0, 0, , 0, 0, 0, 0, 0, 
665, 0, 670, -1, -1, 286, 258, 28.0, 11, , 2672, 0, 0, 0, , 0, 0, 0, 0, 0, 
666, 0, 672, -1, -1, 308, 245, 35.0, 15, , 1219, 0, 0, 0, , 0, 0, 0, 0, 0, 
667, 0, 673, -1, -1, 85, 294, 14.0, 13, , 3244, 0, 0, 0, , 0, 0, 0, 0, 0, 
668, 0, 674, -1, -1, 104, 236, 14.0, 7, , 357, 0, 0, 0, , 0, 0, 0, 0, 0, 
669, 0, 675, -1, -1, 235, 159, 16.0, 9, , 446, 0, 0, 0, , 0, 0, 0, 0, 0, 
670, 0, 676, -1, -1, 211, 171, 19.0, 9, , 321, 0, 0, 0, , 0, 0, 0, 0, 0, 
671, 0, 677, -1, -1, 354, 230, 18.0, 15, , 4520, 0, 0, 0, , 0, 0, 0, 0, 0, 
672, 1, 678, 661, -1, 315, 219, 19.0, 11, ABalpaappap, 2532, 0, 0, 0, , 0, 0, 0, 0, 0, 
673, 1, 362, 662, -1, 94, 283, 21.0, 17, Eprppa, 4264, 0, 0, 0, , 0, 0, 0, 0, 0, 
674, 0, 680, -1, -1, 279, 169, 28.0, 9, , 1947, 0, 0, 0, , 0, 0, 0, 0, 0, 
675, 0, 681, -1, -1, 353, 256, 27.0, 11, , 2787, 0, 0, 0, , 0, 0, 0, 0, 0, 
676, 0, 682, -1, -1, 250, 194, 29.0, 11, , 740, 0, 0, 0, , 0, 0, 0, 0, 0, 
677, 1, 683, 666, -1, 104, 323, 28.0, 13, Eprpa, 2357, 0, 0, 0, , 0, 0, 0, 0, 0, 
678, 0, 684, -1, -1, 336, 217, 11.0, 9, , 799, 0, 0, 0, , 0, 0, 0, 0, 0, 
679, 1, 685, 668, -1, 307, 244, 11.0, 17, ABplpaaappp, 8928, 0, 0, 0, , 0, 0, 0, 0, 0, 
680, 0, 686, -1, -1, 299, 206, 14.0, 11, , 5319, 0, 0, 0, , 0, 0, 0, 0, 0, 
681, 1, 687, 670, -1, 192, 344, 15.0, 17, ABplappaap, 9429, 0, 0, 0, , 0, 0, 0, 0, 0, 
682, 0, 688, -1, -1, 87, 235, 15.0, 11, , 2015, 0, 0, 0, , 0, 0, 0, 0, 0, 
683, 1, 689, 672, -1, 343, 269, 15.0, 11, ABalapaapap, 1467, 0, 0, 0, , 0, 0, 0, 0, 0, 
684, 0, 690, -1, -1, 277, 249, 26.0, 13, , 1084, 0, 0, 0, , 0, 0, 0, 0, 0, 
685, 1, 715, 674, -1, 291, 204, 34.0, 19, MSppappa, 23910, 0, 0, 0, , 0, 0, 0, 0, 0, 
686, 0, 692, -1, -1, 285, 233, 35.0, 15, , 2330, 0, 0, 0, , 0, 0, 0, 0, 0, 
687, 0, 693, -1, -1, 99, 234, 15.0, 9, , 479, 0, 0, 0, , 0, 0, 0, 0, 0, 
688, 0, 694, -1, -1, 95, 245, 30.0, 13, , 991, 0, 0, 0, , 0, 0, 0, 0, 0, 
689, 1, 722, 678, -1, 258, 163, 16.0, 17, ABpraappap, 7664, 0, 0, 0, , 0, 0, 0, 0, 0, 
690, 1, 360, 679, -1, 153, 325, 29.0, 23, Earpp, 10555, 0, 0, 0, , 0, 0, 0, 0, 0, 
691, 0, -1, -1, -1, 311, 283, 18.0, 9, , 1790, 0, 0, 0, , 0, 0, 0, 0, 0, 
692, 0, -1, -1, -1, 298, 316, 18.0, 13, , 3310, 0, 0, 0, , 0, 0, 0, 0, 0, 
693, 0, -1, -1, -1, 212, 212, 21.0, 15, , 2788, 0, 0, 0, , 0, 0, 0, 0, 0, 
694, 0, -1, -1, -1, 85, 237, 21.0, 11, , 2834, 0, 0, 0, , 0, 0, 0, 0, 0, 
695, 0, -1, -1, -1, 126, 254, 23.0, 19, , 7175, 0, 0, 0, , 0, 0, 0, 0, 0, 
696, 0, -1, -1, -1, 149, 320, 26.0, 15, , 4308, 0, 0, 0, , 0, 0, 0, 0, 0, 
697, 0, -1, -1, -1, 190, 246, 27.0, 11, , 1028, 0, 0, 0, , 0, 0, 0, 0, 0, 
698, 0, -1, -1, -1, 88, 275, 31.0, 15, , 5384, 0, 0, 0, , 0, 0, 0, 0, 0, 
699, 0, -1, -1, -1, 177, 304, 33.0, 15, , 1233, 0, 0, 0, , 0, 0, 0, 0, 0, 
700, 0, -1, -1, -1, 288, 185, 34.0, 9, , 1061, 0, 0, 0, , 0, 0, 0, 0, 0, 
701, 0, -1, -1, -1, 260, 178, 35.0, 9, , 625, 0, 0, 0, , 0, 0, 0, 0, 0, 
702, 0, -1, -1, -1, 289, 269, 36.0, 11, , 729, 0, 0, 0, , 0, 0, 0, 0, 0, 
703, 0, -1, -1, -1, 356, 235, 19.0, 13, , 2906, 0, 0, 0, , 0, 0, 0, 0, 0, 
704, 0, -1, -1, -1, 309, 283, 20.0, 11, , 776, 0, 0, 0, , 0, 0, 0, 0, 0, 
705, 0, -1, -1, -1, 147, 287, 26.0, 13, , 4856, 0, 0, 0, , 0, 0, 0, 0, 0, 
706, 0, -1, -1, -1, 235, 323, 26.0, 13, , 2944, 0, 0, 0, , 0, 0, 0, 0, 0, 
707, 0, 695, -1, -1, 358, 226, 23.0, 11, , 0, 0, 0, 0, , 0, 0, 0, 0, 0, 
708, 1, 127, 699, -1, 332, 263, 29.0, 15, MSapaaap, 5047, 0, 0, 0, , 0, 0, 0, 0, 0, 
709, 1, 697, 703, -1, 212, 238, 16.0, 15, ABplpappaap, 0, 0, 0, 0, , 0, 0, 0, 0, 0, 
710, 1, 698, 704, -1, 239, 243, 27.0, 13, ABaraapppaa, 0, 0, 0, 0, , 0, 0, 0, 0, 0, 
711, 0, 699, -1, -1, 306, 339, 10.011236, 12, , 0, 0, 0, 0, , 0, 0, 0, 0, 0, 
712, 0, 701, -1, -1, 284, 187, 18.0, 13, , 0, 0, 0, 0, , 0, 0, 0, 0, 0, 
713, 1, 703, 707, -1, 255, 305, 16.0, 16, ABplppaaaap, 0, 0, 0, 0, , 0, 0, 0, 0, 0, 
714, 0, 696, -1, -1, 100, 270, 10.0, 10, , 0, 0, 0, 0, , 0, 0, 0, 0, 0, 
715, 0, 696, -1, -1, 103, 269, 10.0, 10, , 0, 0, 0, 0, , 0, 0, 0, 0, 0, 
716, 1, 550, 696, -1, 90, 248, 11.0, 15, ABprpppapap, 0, 0, 0, 0, , 0, 0, 0, 0, 0, 
717, 1, 696, 708, -1, 100, 269, 10.0, 10, ABplpppapap, 0, 0, 0, 0, , 0, 0, 0, 0, 0, 
718, 1, 704, 709, -1, 103, 320, 17.0, 13, ABplpppppap, 0, 0, 0, 0, , 0, 0, 0, 0, 0, 
719, 0, 705, -1, -1, 282, 182, 23.0, 13, , 0, 0, 0, 0, , 0, 0, 0, 0, 0, 
720, 0, 706, -1, -1, 301, 200, 26.833334, 13, , 0, 0, 0, 0, , 0, 0, 0, 0, 0, 
721, 0, 706, -1, -1, 286, 184, 27.0, 13, , 0, 0, 0, 0, , 0, 0, 0, 0, 0, 
722, 1, 707, 713, -1, 339, 268, 26.0, 13, ABalapaaapa, 0, 0, 0, 0, , 0, 0, 0, 0, 0, 
723, 0, 708, -1, -1, 258, 194, 31.0, 13, , 0, 0, 0, 0, , 0, 0, 0, 0, 0, 
724, 1, 709, 715, -1, 196, 303, 34.0, 13, Dppppp, 0, 0, 0, 0, , 0, 0, 0, 0, 0, 
725, 1, 298, 716, -1, 132, 272, 28.0, 13, Cppaapp, 0, 0, 0, 0, , 0, 0, 0, 0, 0, 
726, 0, 710, -1, -1, 129, 328, 30.333334, 15, , 0, 0, 0, 0, , 0, 0, 0, 0, 0, 
727, 1, 711, 718, -1, 230, 351, 25.0, 15, Cpaaap, 0, 0, 0, 0, , 0, 0, 0, 0, 0, 
728, 1, 712, 719, -1, 250, 335, 24.6, 17, Caaaaa, 0, 0, 0, 0, , 0, 0, 0, 0, 0, 
729, 1, 713, 720, -1, 132, 324, 27.75, 15, Eprap, 0, 0, 0, 0, , 0, 0, 0, 0, 0, 
730, 1, 668, 721, -1, 220, 301, 29.0, 15, Earaav, 0, 0, 0, 0, , 0, 0, 0, 0, 0, 
731, 1, 492, 723, -1, 282, 270, 16.0, 12, MSapppaa, 1297, 0, 0, 0, , 0, 0, 0, 0, 0, 
732, 1, 716, 724, -1, 289, 256, 28.0, 13, MSaaapaaa, 0, 0, 0, 0, , 0, 0, 0, 0, 0, 
733, 1, 717, 725, -1, 213, 181, 14.714286, 13, ABprppaapaa, 0, 0, 0, 0, , 0, 0, 0, 0, 0, 
734, 1, 718, 726, -1, 278, 209, 13.5, 13, ABprpappaaa, 0, 0, 0, 0, , 0, 0, 0, 0, 0, 
735, 1, 719, 727, -1, 138, 279, 14.5, 11, ABprpapappp, 0, 0, 0, 0, , 0, 0, 0, 0, 0, 
736, 1, 720, 728, -1, 260, 185, 13.333333, 15, ABprpaapppp, 0, 0, 0, 0, , 0, 0, 0, 0, 0, 
737, 1, 721, 730, -1, 92, 245, 26.0, 12, ABprapppaap, 0, 0, 0, 0, , 0, 0, 0, 0, 0, 
738, 1, 104, 733, -1, 262, 239, 14.0, 12, ABplpapaapa, 2507, 0, 0, 0, , 0, 0, 0, 0, 0, 
739, 1, 723, 102, -1, 255, 244, 12.125, 15, ABplpaapppa, 0, 0, 0, 0, , 0, 0, 0, 0, 0, 
740, 1, 724, 734, -1, 312, 244, 16.25, 14, ABalppappap, 0, 0, 0, 0, , 0, 0, 0, 0, 0, 
741, 1, 725, 736, -1, 338, 274, 20.5, 15, ABplaapaapp, 0, 0, 0, 0, , 0, 0, 0, 0, 0, 
742, 1, 726, 737, -1, 340, 287, 21.88889, 15, ABplaaappp, 0, 0, 0, 0, , 0, 0, 0, 0, 0, 
743, 1, 522, 738, -1, 282, 217, 23.666666, 13, ABarapaaaaa, 6241, 0, 0, 0, , 0, 0, 0, 0, 0, 
744, 1, 115, 113, -1, 274, 236, 13.0, 15, ABplpapaapp, 4458, 0, 0, 0, , 0, 0, 0, 0, 0, 
745, 1, 727, 739, -1, 143, 265, 33.0, 15, ABarpppppa, 0, 0, 0, 0, , 0, 0, 0, 0, 0, 
746, 1, 728, 741, -1, 288, 260, 36.0, 14, ABarppaapa, 0, 0, 0, 0, , 0, 0, 0, 0, 0, 
747, 1, 729, 742, -1, 323, 185, 27.0, 13, ABarpapaappa, 0, 0, 0, 0, , 0, 0, 0, 0, 0, 
748, 1, 730, 743, -1, 328, 242, 32.8, 15, ABalapapapa, 0, 0, 0, 0, , 0, 0, 0, 0, 0, 
749, 1, 731, 744, -1, 318, 251, 36.0, 16, ABarpaappa, 1449, 0, 0, 0, , 0, 0, 0, 0, 0, 
750, 0, 732, -1, -1, 322, 253, 30.0, 15, , 0, 0, 0, 0, , 0, 0, 0, 0, 0, 
751, 1, 28, 746, -1, 292, 182, 12.0, 11, ABarapppapp, 0, 0, 0, 0, , 0, 0, 0, 0, 0, 
752, 1, 733, 747, -1, 255, 225, 23.0, 15, ABarapapppp, 0, 0, 0, 0, , 0, 0, 0, 0, 0, 
753, 1, 515, 748, -1, 242, 228, 26.0, 11, ABarapaappp, 1160, 0, 0, 0, , 0, 0, 0, 0, 0, 
754, 1, 734, 749, -1, 307, 218, 25.5, 11, ABaraaaapap, 0, 0, 0, 0, , 0, 0, 0, 0, 0, 
755, 1, 735, 510, -1, 278, 216, 25.777779, 11, ABaraaaaapp, 0, 0, 0, 0, , 0, 0, 0, 0, 0, 
756, 1, 736, 751, -1, 292, 211, 22.0, 11, ABaraaaaapa, 0, 0, 0, 0, , 0, 0, 0, 0, 0, 
757, 0, 737, -1, -1, 289, 305, 19.0, 11, , 0, 0, 0, 0, , 0, 0, 0, 0, 0, 
758, 1, 408, 753, -1, 307, 287, 22.714285, 13, ABalppppaav, 3464, 0, 0, 0, , 0, 0, 0, 0, 0, 
759, 1, 738, 27, -1, 300, 192, 12.0, 13, ABalpapaaap, 0, 0, 0, 0, , 0, 0, 0, 0, 0, 
760, 1, 461, 755, -1, 303, 235, 13.0, 13, ABalppaappp, 2499, 0, 0, 0, , 0, 0, 0, 0, 0, 
761, 1, 739, 757, -1, 304, 244, 25.5, 13, ABalpaapaap, 0, 0, 0, 0, , 0, 0, 0, 0, 0, 
762, 1, 740, 758, -1, 294, 186, 29.5, 13, ABalapppppp, 0, 0, 0, 0, , 0, 0, 0, 0, 0, 
763, 0, 741, -1, -1, 328, 195, 26.6, 13, , 0, 0, 0, 0, , 0, 0, 0, 0, 0, 
764, 1, 742, 761, -1, 330, 230, 26.0, 15, ABalapappaa, 0, 0, 0, 0, , 0, 0, 0, 0, 0, 
765, 1, 743, 60, -1, 286, 175, 17.0, 11, ABalaappapp, 0, 0, 0, 0, , 0, 0, 0, 0, 0, 
766, 0, 744, -1, -1, 331, 288, 24.0, 11, , 0, 0, 0, 0, , 0, 0, 0, 0, 0, 
767, 0, 745, -1, -1, 294, 187, 18.0, 13, , 0, 0, 0, 0, , 0, 0, 0, 0, 0, 
768, 1, 746, 763, -1, 98, 257, 12.0, 13, Caapaa, 0, 0, 0, 0, , 0, 0, 0, 0, 0, 
769, 1, 137, 79, -1, 104, 318, 12.0, 12, ABplapppaaa, 4249, 0, 0, 0, , 0, 0, 0, 0, 0, 
770, 0, 747, -1, -1, 257, 183, 31.75, 13, , 0, 0, 0, 0, , 0, 0, 0, 0, 0, 
771, 1, 748, 765, -1, 306, 244, 14.0, 15, ABplpaaappa, 0, 0, 0, 0, , 0, 0, 0, 0, 0, 
772, 1, 749, 768, -1, 310, 299, 17.333334, 14, ABalpppppppa, 1377, 0, 0, 0, , 0, 0, 0, 0, 0, 
773, 1, 750, 769, -1, 326, 267, 13.8, 13, ABalppaaapa, 0, 0, 0, 0, , 0, 0, 0, 0, 0, 
774, 1, 751, 770, -1, 276, 192, 20.4, 13, ABarappppap, 0, 0, 0, 0, , 0, 0, 0, 0, 0, 
775, 1, 752, 771, -1, 348, 229, 29.0, 11, ABalapapapp, 0, 0, 0, 0, , 0, 0, 0, 0, 0, 
776, 1, 552, 772, -1, 290, 187, 16.333334, 15, ABprpaaapaa, 7321, 0, 0, 0, , 0, 0, 0, 0, 0, 
777, 1, 753, 539, -1, 277, 195, 13.833333, 12, ABarapppppa, 3952, 0, 0, 0, , 0, 0, 0, 0, 0, 
778, 0, 754, -1, -1, 181, 341, 32.0, 15, , 0, 0, 0, 0, , 0, 0, 0, 0, 0, 
779, 1, 755, 774, -1, 181, 273, 34.5, 15, Caaaap, 0, 0, 0, 0, , 0, 0, 0, 0, 0, 
780, 1, 756, 775, -1, 115, 286, 34.666668, 15, Caaapp, 0, 0, 0, 0, , 0, 0, 0, 0, 0, 
781, 1, 757, 776, -1, 154, 288, 34.0, 15, Caaapa, 0, 0, 0, 0, , 0, 0, 0, 0, 0, 
782, 1, 758, 777, -1, 190, 361, 25.0, 15, Cpaapa, 0, 0, 0, 0, , 0, 0, 0, 0, 0, 
783, 1, 759, 778, -1, 286, 184, 18.333334, 13, ABpraaaaaap, 0, 0, 0, 0, , 0, 0, 0, 0, 0, 
784, 1, 760, 779, -1, 102, 323, 14.0, 13, ABplpppaapa, 0, 0, 0, 0, , 0, 0, 0, 0, 0, 
785, 1, 761, 780, -1, 340, 245, 34.5, 15, ABarpaapap, 0, 0, 0, 0, , 0, 0, 0, 0, 0, 
786, 1, 762, 781, -1, 253, 169, 31.2, 15, ABarpapppp, 0, 0, 0, 0, , 0, 0, 0, 0, 0, 
787, 1, 763, 782, -1, 286, 304, 18.0, 11, ABalppppppaa, 0, 0, 0, 0, , 0, 0, 0, 0, 0, 
788, 1, 764, 783, -1, 327, 288, 23.666666, 11, ABalapapppa, 0, 0, 0, 0, , 0, 0, 0, 0, 0, 
789, 0, 765, -1, -1, 250, 192, 28.75, 13, , 0, 0, 0, 0, , 0, 0, 0, 0, 0, 
790, 1, 766, 785, -1, 257, 185, 33.0, 13, ABalapppppa, 0, 0, 0, 0, , 0, 0, 0, 0, 0, 
791, 1, 767, 786, -1, 285, 184, 21.0, 13, ABalaapaapp, 0, 0, 0, 0, , 0, 0, 0, 0, 0, 
792, 1, 768, 787, -1, 257, 196, 30.0, 13, ABalappapaa, 0, 0, 0, 0, , 0, 0, 0, 0, 0, 
793, 0, 769, -1, -1, 277, 187, 24.0, 13, , 0, 0, 0, 0, , 0, 0, 0, 0, 0, 
794, 1, 770, 789, -1, 278, 188, 24.0, 13, ABalaappppa, 0, 0, 0, 0, , 0, 0, 0, 0, 0, 
795, 1, 771, 790, -1, 285, 185, 26.5, 13, ABalaappppp, 0, 0, 0, 0, , 0, 0, 0, 0, 0, 
796, 1, 772, 791, -1, 315, 231, 33.0, 15, ABalapppapa, 0, 0, 0, 0, , 0, 0, 0, 0, 0, 
797, 1, 773, 792, -1, 282, 171, 32.0, 15, ABalappappp, 0, 0, 0, 0, , 0, 0, 0, 0, 0, 
