1, 1, 1, 1, -1, 290, 221, 27.0, 15, ABaraaapaap, 3451, 0, 0, 0, , 0, 0, 0, 0, 0, 
2, 1, 2, 2, -1, 248, 232, 30.0, 13, ABaraaapapp, 4270, 0, 0, 0, , 0, 0, 0, 0, 0, 
3, 1, 3, 3, -1, 229, 229, 24.0, 13, ABaraappppp, 4280, 0, 0, 0, , 0, 0, 0, 0, 0, 
4, 1, 4, 4, -1, 260, 287, 19.0, 13, ABaraapappa, 6527, 0, 0, 0, , 0, 0, 0, 0, 0, 
5, 1, 5, 5, -1, 254, 267, 18.0, 15, ABaraapappp, 7046, 0, 0, 0, , 0, 0, 0, 0, 0, 
6, 1, 6, 6, -1, 272, 300, 24.0, 15, ABaraapapap, 7133, 0, 0, 0, , 0, 0, 0, 0, 0, 
7, 1, 7, 7, -1, 305, 222, 24.0, 15, ABaraapaaaa, 7145, 0, 0, 0, , 0, 0, 0, 0, 0, 
8, 1, 8, 8, -1, 311, 248, 27.0, 13, ABaraapaaap, 5606, 0, 0, 0, , 0, 0, 0, 0, 0, 
9, 1, 9, 9, -1, 294, 277, 30.0, 13, MSaaaaapp, 5546, 0, 0, 0, , 0, 0, 0, 0, 0, 
10, 1, 10, 10, -1, 308, 262, 28.0, 13, ABaraapaapa, 6318, 0, 0, 0, , 0, 0, 0, 0, 0, 
11, 1, 11, 11, -1, 324, 205, 24.0, 11, ABaraaappaa, 3127, 0, 0, 0, , 0, 0, 0, 0, 0, 
12, 1, 12, 12, -1, 312, 194, 23.0, 11, ABaraaapppa, 2835, 0, 0, 0, , 0, 0, 0, 0, 0, 
13, 1, 13, 13, -1, 306, 191, 26.0, 13, ABaraaapppp, 2426, 0, 0, 0, , 0, 0, 0, 0, 0, 
14, 1, 14, 14, -1, 308, 204, 24.0, 11, ABaraaapaaa, 3416, 0, 0, 0, , 0, 0, 0, 0, 0, 
15, 1, 15, 15, -1, 252, 252, 31.0, 13, ABaraappapp, 3655, 0, 0, 0, , 0, 0, 0, 0, 0, 
16, 1, 16, 16, -1, 304, 248, 22.0, 13, ABaraaaaaap, 3132, 0, 0, 0, , 0, 0, 0, 0, 0, 
17, 0, -1, -1, -1, 295, 256, 26.0, 11, , 727, 0, 0, 0, , 0, 0, 0, 0, 0, 
18, 1, 18, 18, -1, 221, 266, 20.0, 13, ABalpappapp, 2547, 0, 0, 0, , 0, 0, 0, 0, 0, 
19, 1, 19, 19, -1, 246, 214, 24.0, 11, ABarapapaapp, 4240, 0, 0, 0, , 0, 0, 0, 0, 0, 
20, 1, 21, 20, -1, 251, 217, 27.0, 13, ABarapappaa, 5291, 0, 0, 0, , 0, 0, 0, 0, 0, 
21, 1, 22, 21, -1, 286, 189, 10.0, 11, ABalaapappa, 3678, 0, 0, 0, , 0, 0, 0, 0, 0, 
22, 1, 23, 22, -1, 283, 218, 20.0, 13, ABarapaaapp, 8804, 0, 0, 0, , 0, 0, 0, 0, 0, 
23, 1, 24, 23, -1, 270, 222, 27.0, 13, ABarapaapap, 6879, 0, 0, 0, , 0, 0, 0, 0, 0, 
24, 1, 25, 24, -1, 271, 239, 28.0, 11, ABarapaapaa, 4852, 0, 0, 0, , 0, 0, 0, 0, 0, 
25, 1, 26, 25, -1, 261, 198, 14.0, 11, ABarapppapa, 5084, 0, 0, 0, , 0, 0, 0, 0, 0, 
26, 1, 27, 26, -1, 300, 188, 13.0, 19, ABalpapaaap, 6197, 0, 0, 0, , 0, 0, 0, 0, 0, 
27, 1, 28, 27, -1, 289, 177, 14.0, 13, ABarapppapp, 5223, 0, 0, 0, , 0, 0, 0, 0, 0, 
28, 0, 29, -1, -1, 275, 190, 22.0, 15, , 5562, 0, 0, 0, , 0, 0, 0, 0, 0, 
29, 1, 30, 29, -1, 286, 187, 14.0, 13, ABarapppaap, 4985, 0, 0, 0, , 0, 0, 0, 0, 0, 
30, 1, 31, 30, -1, 246, 182, 24.0, 11, ABalaapppap, 1063, 0, 0, 0, , 0, 0, 0, 0, 0, 
31, 1, 32, 31, -1, 276, 194, 19.0, 15, ABarapppppp, 6830, 0, 0, 0, , 0, 0, 0, 0, 0, 
32, 1, 33, 32, -1, 292, 195, 23.0, 13, ABarappaaaa, 6741, 0, 0, 0, , 0, 0, 0, 0, 0, 
33, 1, 34, 33, -1, 256, 207, 16.0, 13, ABarappapaa, 8362, 0, 0, 0, , 0, 0, 0, 0, 0, 
34, 1, 35, 34, -1, 213, 209, 13.0, 11, ABprpapappa, 3364, 0, 0, 0, , 0, 0, 0, 0, 0, 
35, 1, 36, 35, -1, 278, 158, 27.0, 17, ABarpapppa, 9648, 0, 0, 0, , 0, 0, 0, 0, 0, 
36, 0, 37, -1, -1, 323, 188, 29.0, 11, , 776, 0, 0, 0, , 0, 0, 0, 0, 0, 
37, 1, 38, 37, -1, 347, 186, 22.0, 13, ABarpapapa, 6060, 0, 0, 0, , 0, 0, 0, 0, 0, 
38, 1, 39, 38, -1, 356, 194, 30.0, 15, ABarpaapaa, 3160, 0, 0, 0, , 0, 0, 0, 0, 0, 
39, 1, 40, 39, -1, 357, 207, 27.0, 13, ABarpaaaaar, 3743, 0, 0, 0, , 0, 0, 0, 0, 0, 
40, 1, 41, 40, -1, 347, 215, 27.0, 11, ABarpaaaapa, 3397, 0, 0, 0, , 0, 0, 0, 0, 0, 
41, 1, 42, 41, -1, 353, 182, 26.0, 11, ABarpaaapp, 3547, 0, 0, 0, , 0, 0, 0, 0, 0, 
42, 1, 43, 42, -1, 338, 211, 27.0, 15, ABarpaaapaa, 3437, 0, 0, 0, , 0, 0, 0, 0, 0, 
43, 1, 44, 43, -1, 334, 178, 28.0, 13, ABarpaaapap, 3534, 0, 0, 0, , 0, 0, 0, 0, 0, 
44, 1, 45, 44, -1, 257, 317, 21.0, 15, ABarppaapp, 6052, 0, 0, 0, , 0, 0, 0, 0, 0, 
45, 1, 46, 45, -1, 173, 353, 17.0, 15, ABarppappa, 4486, 0, 0, 0, , 0, 0, 0, 0, 0, 
46, 1, 47, 46, -1, 243, 334, 16.0, 17, ABarppapap, 9105, 0, 0, 0, , 0, 0, 0, 0, 0, 
47, 1, 48, 47, -1, 203, 222, 33.0, 15, ABarppppaa, 4370, 0, 0, 0, , 0, 0, 0, 0, 0, 
48, 1, 49, 48, -1, 188, 246, 32.0, 15, ABarppppap, 3017, 0, 0, 0, , 0, 0, 0, 0, 0, 
49, 1, 51, 49, -1, 319, 222, 29.0, 13, ABalapppaap, 2159, 0, 0, 0, , 0, 0, 0, 0, 0, 
50, 1, 52, 50, -1, 321, 237, 30.0, 11, ABalapppaaa, 343, 0, 0, 0, , 0, 0, 0, 0, 0, 
51, 1, 53, 51, -1, 354, 230, 32.0, 17, ABarpapapp, 16381, 0, 0, 0, , 0, 0, 0, 0, 0, 
52, 0, 54, -1, -1, 328, 269, 22.0, 11, , 2368, 0, 0, 0, , 0, 0, 0, 0, 0, 
53, 1, 55, 53, -1, 336, 290, 20.0, 11, ABalapaaaap, 3208, 0, 0, 0, , 0, 0, 0, 0, 0, 
54, 0, 56, -1, -1, 315, 294, 23.0, 13, , 2743, 0, 0, 0, , 0, 0, 0, 0, 0, 
55, 1, 57, 55, -1, 280, 167, 23.0, 11, ABalaapaapa, 3343, 0, 0, 0, , 0, 0, 0, 0, 0, 
56, 1, 58, 56, -1, 283, 168, 20.0, 13, ABalaappapp, 3692, 0, 0, 0, , 0, 0, 0, 0, 0, 
57, 1, 59, 57, -1, 260, 183, 26.0, 17, ABarappppaa, 5901, 0, 0, 0, , 0, 0, 0, 0, 0, 
58, 1, 60, 58, -1, 241, 171, 26.0, 11, ABalaapppaa, 3662, 0, 0, 0, , 0, 0, 0, 0, 0, 
59, 1, 61, 59, -1, 297, 199, 28.0, 13, ABalaaaarrp, 3948, 0, 0, 0, , 0, 0, 0, 0, 0, 
60, 0, 62, -1, -1, 286, 179, 22.0, 11, , 5601, 0, 0, 0, , 0, 0, 0, 0, 0, 
61, 1, 63, 61, -1, 318, 173, 22.0, 13, ABarpappaa, 3495, 0, 0, 0, , 0, 0, 0, 0, 0, 
62, 1, 64, 62, -1, 327, 243, 22.0, 11, ABalaaaarlp, 3055, 0, 0, 0, , 0, 0, 0, 0, 0, 
63, 0, 65, -1, -1, 350, 233, 28.0, 13, , 2413, 0, 0, 0, , 0, 0, 0, 0, 0, 
64, 1, 66, 63, -1, 329, 241, 15.0, 11, ABalaaaalpp, 2672, 0, 0, 0, , 0, 0, 0, 0, 0, 
65, 1, 67, 64, -1, 340, 185, 25.0, 11, ABpraapaaap, 4050, 0, 0, 0, , 0, 0, 0, 0, 0, 
66, 1, 68, 755, -1, 285, 197, 30.0, 13, ABalaapaaar, 2536, 0, 0, 0, , 0, 0, 0, 0, 0, 
67, 1, 69, 66, -1, 298, 161, 21.0, 11, ABpraaaaapv, 3693, 0, 0, 0, , 0, 0, 0, 0, 0, 
68, 1, 70, 67, -1, 336, 230, 32.0, 17, ABalappaap, 12632, 0, 0, 0, , 0, 0, 0, 0, 0, 
69, 1, 71, 68, -1, 112, 262, 13.0, 13, ABplppppapp, 4173, 0, 0, 0, , 0, 0, 0, 0, 0, 
70, 1, 72, 69, -1, 122, 285, 16.0, 13, ABplppppaaa, 3610, 0, 0, 0, , 0, 0, 0, 0, 0, 
71, 1, 73, 70, -1, 109, 282, 17.0, 13, ABplppppaap, 3600, 0, 0, 0, , 0, 0, 0, 0, 0, 
72, 1, 74, 71, -1, 77, 265, 13.0, 13, ABplppppppp, 4581, 0, 0, 0, , 0, 0, 0, 0, 0, 
73, 1, 75, 72, -1, 88, 265, 14.0, 13, ABplppppppa, 4877, 0, 0, 0, , 0, 0, 0, 0, 0, 
74, 1, 703, 73, -1, 99, 315, 16.0, 15, ABplpppppap, 6845, 0, 0, 0, , 0, 0, 0, 0, 0, 
75, 1, 77, 74, -1, 112, 300, 16.0, 13, ABplpppppaa, 3958, 0, 0, 0, , 0, 0, 0, 0, 0, 
76, 1, 78, 75, -1, 106, 280, 10.0, 15, ABplpppapaa, 4023, 0, 0, 0, , 0, 0, 0, 0, 0, 
77, 1, 79, 76, -1, 107, 293, 13.0, 11, ABplpppaapp, 3901, 0, 0, 0, , 0, 0, 0, 0, 0, 
78, 1, 80, 77, -1, 143, 268, 13.0, 13, ABplpppaaaa, 4778, 0, 0, 0, , 0, 0, 0, 0, 0, 
79, 1, 81, 78, -1, 148, 299, 14.0, 15, ABplpppaaap, 5024, 0, 0, 0, , 0, 0, 0, 0, 0, 
80, 1, 82, 79, -1, 145, 292, 17.0, 15, ABplppapppp, 8681, 0, 0, 0, , 0, 0, 0, 0, 0, 
81, 1, 83, 80, -1, 178, 277, 15.0, 13, ABplppapppa, 5750, 0, 0, 0, , 0, 0, 0, 0, 0, 
82, 1, 84, 81, -1, 205, 267, 13.0, 13, ABplppappap, 4025, 0, 0, 0, , 0, 0, 0, 0, 0, 
83, 1, 85, 82, -1, 212, 252, 13.0, 13, ABplppappaa, 3739, 0, 0, 0, , 0, 0, 0, 0, 0, 
84, 1, 86, 83, -1, 195, 276, 13.0, 13, ABplppapapa, 5517, 0, 0, 0, , 0, 0, 0, 0, 0, 
85, 1, 87, 84, -1, 178, 293, 16.0, 11, ABplppapapp, 4922, 0, 0, 0, , 0, 0, 0, 0, 0, 
86, 1, 88, 85, -1, 158, 293, 16.0, 13, ABplppaappp, 4368, 0, 0, 0, , 0, 0, 0, 0, 0, 
87, 0, 89, -1, -1, 277, 202, 14.0, 11, , 4002, 0, 0, 0, , 0, 0, 0, 0, 0, 
88, 1, 90, 87, -1, 202, 271, 19.0, 13, MSaappap, 2147, 0, 0, 0, , 0, 0, 0, 0, 0, 
89, 1, 91, 88, -1, 104, 266, 16.0, 13, ABplpappppp, 3390, 0, 0, 0, , 0, 0, 0, 0, 0, 
90, 1, 92, 89, -1, 119, 275, 18.0, 11, ABplpappppa, 3221, 0, 0, 0, , 0, 0, 0, 0, 0, 
91, 1, 93, 90, -1, 118, 273, 14.0, 13, ABplpapppaa, 3048, 0, 0, 0, , 0, 0, 0, 0, 0, 
92, 1, 94, 91, -1, 119, 255, 19.0, 13, ABplpapppap, 3990, 0, 0, 0, , 0, 0, 0, 0, 0, 
93, 1, 95, 92, -1, 231, 231, 12.0, 11, ABplpapappa, 2461, 0, 0, 0, , 0, 0, 0, 0, 0, 
94, 1, 96, 93, -1, 163, 292, 18.0, 13, ABprppapppa, 3119, 0, 0, 0, , 0, 0, 0, 0, 0, 
95, 1, 97, 94, -1, 231, 248, 15.0, 13, ABplpapapap, 3953, 0, 0, 0, , 0, 0, 0, 0, 0, 
96, 1, 98, 95, -1, 228, 262, 14.0, 15, ABplpapapaa, 4114, 0, 0, 0, , 0, 0, 0, 0, 0, 
97, 1, 729, 96, -1, 245, 235, 13.0, 11, ABplpapaaap, 4397, 0, 0, 0, , 0, 0, 0, 0, 0, 
98, 1, 100, 97, -1, 259, 237, 16.0, 13, ABplpapaaaa, 3510, 0, 0, 0, , 0, 0, 0, 0, 0, 
99, 1, 101, 98, -1, 214, 262, 15.5, 13, ABplppapaap, 4248, 0, 0, 0, , 0, 0, 0, 0, 0, 
100, 0, 102, -1, -1, 326, 257, 11.0, 21, , 4456, 0, 0, 0, , 0, 0, 0, 0, 0, 
101, 1, 103, 100, -1, 309, 261, 14.0, 13, ABplpaaaaaa, 6990, 0, 0, 0, , 0, 0, 0, 0, 0, 
102, 1, 104, 101, -1, 302, 213, 10.0, 15, ABplpaapapp, 7596, 0, 0, 0, , 0, 0, 0, 0, 0, 
103, 0, 105, -1, -1, 309, 239, 16.0, 13, , 2792, 0, 0, 0, , 0, 0, 0, 0, 0, 
104, 1, 106, 102, -1, 272, 297, 15.0, 13, ABplpaappap, 5024, 0, 0, 0, , 0, 0, 0, 0, 0, 
105, 1, 107, 103, -1, 275, 279, 14.0, 15, ABplpaappaa, 3938, 0, 0, 0, , 0, 0, 0, 0, 0, 
106, 1, 108, 104, 720, 279, 227, 11.0, 15, ABplpaapppp, 4313, 0, 0, 0, , 0, 0, 0, 0, 0, 
107, 0, 109, -1, -1, 276, 230, 13.0, 11, , 2815, 0, 0, 0, , 0, 0, 0, 0, 0, 
108, 1, 110, 106, -1, 285, 298, 13.0, 15, ABplpaapaap, 6726, 0, 0, 0, , 0, 0, 0, 0, 0, 
109, 0, 111, -1, -1, 303, 288, 20.0, 13, , 2723, 0, 0, 0, , 0, 0, 0, 0, 0, 
110, 1, 112, 108, -1, 355, 251, 18.0, 13, ABplpaapapa, 6132, 0, 0, 0, , 0, 0, 0, 0, 0, 
111, 1, 113, 109, -1, 349, 197, 23.0, 13, ABplaapaaaa, 3918, 0, 0, 0, , 0, 0, 0, 0, 0, 
112, 1, 114, 110, -1, 355, 207, 21.0, 13, ABplaapaaap, 5112, 0, 0, 0, , 0, 0, 0, 0, 0, 
113, 1, 115, 111, -1, 342, 246, 17.0, 13, ABplaapaapa, 4268, 0, 0, 0, , 0, 0, 0, 0, 0, 
114, 1, 116, 112, -1, 310, 297, 18.0, 13, ABplaapapppa, 3148, 0, 0, 0, , 0, 0, 0, 0, 0, 
115, 1, 117, 113, -1, 296, 299, 19.0, 11, ABplaapapppp, 2740, 0, 0, 0, , 0, 0, 0, 0, 0, 
116, 1, 118, 114, -1, 285, 280, 18.0, 13, ABplaapappa, 4793, 0, 0, 0, , 0, 0, 0, 0, 0, 
117, 1, 119, 115, -1, 283, 298, 20.0, 11, ABplaapapap, 3803, 0, 0, 0, , 0, 0, 0, 0, 0, 
118, 1, 120, 116, -1, 272, 286, 18.0, 13, ABplaapapaa, 7098, 0, 0, 0, , 0, 0, 0, 0, 0, 
119, 0, 121, -1, -1, 334, 267, 31.0, 13, , 3438, 0, 0, 0, , 0, 0, 0, 0, 0, 
120, 0, 122, -1, -1, 343, 238, 31.0, 11, , 1643, 0, 0, 0, , 0, 0, 0, 0, 0, 
121, 1, 123, 119, -1, 363, 219, 29.0, 15, ABplaaaapp, 3908, 0, 0, 0, , 0, 0, 0, 0, 0, 
122, 1, 124, 120, -1, 350, 255, 14.0, 15, ABplaaappa, 13916, 0, 0, 0, , 0, 0, 0, 0, 0, 
123, 0, 125, -1, -1, 338, 268, 18.0, 13, , 4078, 0, 0, 0, , 0, 0, 0, 0, 0, 
124, 0, 126, -1, -1, 346, 280, 19.0, 13, , 2427, 0, 0, 0, , 0, 0, 0, 0, 0, 
125, 1, 127, 123, -1, 340, 251, 21.0, 11, ABalppppapa, 2059, 0, 0, 0, , 0, 0, 0, 0, 0, 
126, 1, 128, 124, -1, 340, 210, 15.0, 13, ABplaaapaa, 5300, 0, 0, 0, , 0, 0, 0, 0, 0, 
127, 1, 129, 125, -1, 121, 250, 11.0, 17, ABplappppa, 30370, 0, 0, 0, , 0, 0, 0, 0, 0, 
128, 1, 130, 126, -1, 80, 286, 10.0, 13, ABplappppp, 4525, 0, 0, 0, , 0, 0, 0, 0, 0, 
129, 0, 131, -1, -1, 102, 306, 11.0, 15, , 6707, 0, 0, 0, , 0, 0, 0, 0, 0, 
130, 1, 132, 630, -1, 92, 292, 13.0, 13, ABplapppapp, 3702, 0, 0, 0, , 0, 0, 0, 0, 0, 
131, 1, 133, 129, -1, 86, 302, 10.0, 11, ABplapppapa, 2908, 0, 0, 0, , 0, 0, 0, 0, 0, 
132, 1, 134, 130, -1, 220, 325, 13.0, 17, ABplappaaa, 6601, 0, 0, 0, , 0, 0, 0, 0, 0, 
133, 1, 135, 131, -1, 160, 340, 13.0, 17, ABplappapp, 6333, 0, 0, 0, , 0, 0, 0, 0, 0, 
134, 1, 136, 132, -1, 204, 344, 16.0, 15, ABplappapa, 8074, 0, 0, 0, , 0, 0, 0, 0, 0, 
135, 1, 137, 133, -1, 240, 315, 12.0, 17, ABplapaapp, 8830, 0, 0, 0, , 0, 0, 0, 0, 0, 
136, 1, 138, 134, -1, 230, 236, 10.0, 15, ABplapaapa, 10985, 0, 0, 0, , 0, 0, 0, 0, 0, 
137, 1, 139, 135, -1, 317, 285, 25.0, 15, ABarppaaaa, 4892, 0, 0, 0, , 0, 0, 0, 0, 0, 
138, 0, 140, -1, -1, 268, 307, 20.0, 11, , 2427, 0, 0, 0, , 0, 0, 0, 0, 0, 
139, 1, 141, 137, -1, 130, 331, 11.0, 15, ABplapapap, 6632, 0, 0, 0, , 0, 0, 0, 0, 0, 
140, 1, 142, 138, -1, 118, 314, 10.0, 15, ABplapappa, 5853, 0, 0, 0, , 0, 0, 0, 0, 0, 
141, 1, 143, 139, -1, 128, 349, 15.0, 17, ABplapapaa, 7100, 0, 0, 0, , 0, 0, 0, 0, 0, 
142, 1, 144, 140, -1, 230, 209, 15.0, 11, ABprpapaaap, 3120, 0, 0, 0, , 0, 0, 0, 0, 0, 
143, 1, 145, 141, -1, 135, 278, 15.0, 13, ABprpapappp, 4297, 0, 0, 0, , 0, 0, 0, 0, 0, 
144, 1, 146, 142, -1, 209, 217, 19.0, 13, ABprpapapaa, 5422, 0, 0, 0, , 0, 0, 0, 0, 0, 
145, 1, 147, 143, -1, 91, 292, 17.0, 13, Eplppa, 4764, 0, 0, 0, , 0, 0, 0, 0, 0, 
146, 1, 148, 144, -1, 93, 266, 20.0, 15, ABprpappppa, 7054, 0, 0, 0, , 0, 0, 0, 0, 0, 
147, 0, 149, -1, -1, 176, 262, 15.0, 9, , 850, 0, 0, 0, , 0, 0, 0, 0, 0, 
148, 1, 150, 146, -1, 244, 223, 17.0, 13, ABprpappaap, 4158, 0, 0, 0, , 0, 0, 0, 0, 0, 
149, 1, 151, 147, -1, 291, 211, 19.0, 13, ABarapapapa, 4101, 0, 0, 0, , 0, 0, 0, 0, 0, 
150, 1, 152, 148, -1, 221, 176, 22.0, 13, ABprpaaaaap, 6607, 0, 0, 0, , 0, 0, 0, 0, 0, 
151, 1, 153, 149, -1, 234, 187, 23.0, 11, ABpraaappaa, 3147, 0, 0, 0, , 0, 0, 0, 0, 0, 
152, 1, 154, 150, -1, 184, 253, 15.0, 11, ABprpaaaapp, 6678, 0, 0, 0, , 0, 0, 0, 0, 0, 
153, 1, 155, 151, -1, 228, 209, 11.0, 15, ABprpaaaapa, 7403, 0, 0, 0, , 0, 0, 0, 0, 0, 
154, 1, 156, 152, -1, 257, 179, 22.0, 13, ABprpaaaaaa, 6014, 0, 0, 0, , 0, 0, 0, 0, 0, 
155, 1, 157, 153, -1, 255, 189, 16.0, 13, ABprpapaapp, 4074, 0, 0, 0, , 0, 0, 0, 0, 0, 
156, 1, 158, 154, -1, 243, 200, 15.0, 11, ABprpapaapa, 3290, 0, 0, 0, , 0, 0, 0, 0, 0, 
157, 1, 159, 155, -1, 253, 179, 18.0, 15, ABprpaaappp, 6739, 0, 0, 0, , 0, 0, 0, 0, 0, 
158, 1, 160, 156, -1, 281, 166, 16.0, 15, ABprpaaapap, 5781, 0, 0, 0, , 0, 0, 0, 0, 0, 
159, 1, 161, 157, -1, 209, 187, 27.0, 13, ABprpaapaap, 5270, 0, 0, 0, , 0, 0, 0, 0, 0, 
160, 1, 162, 158, -1, 301, 170, 30.0, 13, ABprpaapapa, 6390, 0, 0, 0, , 0, 0, 0, 0, 0, 
161, 1, 163, 159, -1, 266, 177, 16.0, 11, ABprpaappppa, 2817, 0, 0, 0, , 0, 0, 0, 0, 0, 
162, 1, 164, 160, -1, 211, 202, 26.0, 13, ABprpaappap, 3873, 0, 0, 0, , 0, 0, 0, 0, 0, 
163, 1, 165, 161, -1, 220, 191, 24.0, 13, ABprpaappaa, 4197, 0, 0, 0, , 0, 0, 0, 0, 0, 
164, 1, 166, 162, -1, 109, 258, 25.0, 17, ABprpppaapa, 6156, 0, 0, 0, , 0, 0, 0, 0, 0, 
165, 1, 167, 163, -1, 139, 270, 19.0, 13, ABprpppaaap, 4051, 0, 0, 0, , 0, 0, 0, 0, 0, 
166, 1, 168, 164, -1, 143, 254, 17.0, 15, ABprpppaaaa, 6230, 0, 0, 0, , 0, 0, 0, 0, 0, 
167, 1, 169, 165, -1, 109, 233, 20.0, 17, ABprpppapaa, 5844, 0, 0, 0, , 0, 0, 0, 0, 0, 
168, 1, 170, 166, -1, 130, 241, 17.0, 15, ABprppppapa, 4227, 0, 0, 0, , 0, 0, 0, 0, 0, 
169, 1, 171, 167, -1, 116, 246, 15.0, 15, ABprppppapp, 5052, 0, 0, 0, , 0, 0, 0, 0, 0, 
170, 1, 172, 168, -1, 124, 263, 21.0, 13, ABprppppaaa, 4308, 0, 0, 0, , 0, 0, 0, 0, 0, 
171, 1, 173, 169, -1, 110, 266, 21.0, 11, ABprppppaap, 4306, 0, 0, 0, , 0, 0, 0, 0, 0, 
172, 1, 174, 170, -1, 135, 272, 24.0, 17, ABprpppppaa, 3980, 0, 0, 0, , 0, 0, 0, 0, 0, 
173, 1, 175, 171, -1, 115, 275, 24.0, 15, ABprpppppap, 4068, 0, 0, 0, , 0, 0, 0, 0, 0, 
174, 1, 176, 172, -1, 210, 185, 21.0, 15, ABprppaapap, 4877, 0, 0, 0, , 0, 0, 0, 0, 0, 
175, 0, 177, -1, -1, 219, 174, 16.0, 13, , 3550, 0, 0, 0, , 0, 0, 0, 0, 0, 
176, 1, 178, 174, -1, 205, 224, 13.0, 13, ABprppaappa, 5618, 0, 0, 0, , 0, 0, 0, 0, 0, 
177, 1, 179, 175, -1, 148, 279, 17.0, 11, ABprppaappp, 4039, 0, 0, 0, , 0, 0, 0, 0, 0, 
178, 1, 180, 176, -1, 225, 170, 19.0, 11, ABprppaaaaa, 5021, 0, 0, 0, , 0, 0, 0, 0, 0, 
179, 1, 181, 177, -1, 196, 203, 24.0, 13, ABprppaaaapp, 3461, 0, 0, 0, , 0, 0, 0, 0, 0, 
180, 1, 182, 178, -1, 201, 186, 23.0, 15, ABprppaaaapa, 3154, 0, 0, 0, , 0, 0, 0, 0, 0, 
181, 1, 183, 179, -1, 194, 213, 14.0, 15, ABprppapaaa, 10251, 0, 0, 0, , 0, 0, 0, 0, 0, 
182, 1, 184, 180, -1, 202, 264, 17.0, 13, ABprppapaap, 6737, 0, 0, 0, , 0, 0, 0, 0, 0, 
183, 1, 185, 181, -1, 194, 269, 16.0, 13, ABprppappap, 837, 0, 0, 0, , 0, 0, 0, 0, 0, 
184, 1, 186, 182, -1, 184, 267, 18.0, 13, ABprppapapa, 3414, 0, 0, 0, , 0, 0, 0, 0, 0, 
185, 1, 187, 183, -1, 161, 291, 20.0, 13, ABprppapapp, 6365, 0, 0, 0, , 0, 0, 0, 0, 0, 
186, 1, 188, 184, -1, 135, 279, 17.0, 13, ABprppapppp, 3707, 0, 0, 0, , 0, 0, 0, 0, 0, 
187, 1, 189, 693, -1, 195, 251, 15.0, 11, ABprppappaa, 3589, 0, 0, 0, , 0, 0, 0, 0, 0, 
188, 1, 190, 186, -1, 335, 208, 23.0, 13, ABpraapaaaa, 4383, 0, 0, 0, , 0, 0, 0, 0, 0, 
189, 1, 191, 187, -1, 324, 186, 32.0, 13, ABarpapaaap, 4834, 0, 0, 0, , 0, 0, 0, 0, 0, 
190, 0, 192, -1, -1, 289, 176, 33.0, 11, , 759, 0, 0, 0, , 0, 0, 0, 0, 0, 
191, 1, 193, 189, -1, 234, 213, 28.0, 11, ABpraapapap, 4279, 0, 0, 0, , 0, 0, 0, 0, 0, 
192, 1, 194, 190, -1, 222, 216, 26.0, 11, ABpraapapaa, 3131, 0, 0, 0, , 0, 0, 0, 0, 0, 
193, 0, 195, -1, -1, 256, 153, 22.0, 9, , 935, 0, 0, 0, , 0, 0, 0, 0, 0, 
194, 1, 196, 192, -1, 234, 213, 26.0, 11, ABpraapappa, 3156, 0, 0, 0, , 0, 0, 0, 0, 0, 
195, 1, 197, 193, -1, 193, 199, 28.0, 19, ABpraapppp, 4786, 0, 0, 0, , 0, 0, 0, 0, 0, 
196, 1, 198, 194, -1, 309, 174, 15.0, 13, ABpraappaa, 3713, 0, 0, 0, , 0, 0, 0, 0, 0, 
197, 1, 199, 195, -1, 256, 199, 25.0, 11, MSppapap, 2516, 0, 0, 0, , 0, 0, 0, 0, 0, 
198, 1, 200, 196, -1, 244, 201, 27.0, 11, ABpraaapaad, 1286, 0, 0, 0, , 0, 0, 0, 0, 0, 
199, 1, 201, 197, -1, 227, 196, 25.0, 11, ABpraaappap, 1340, 0, 0, 0, , 0, 0, 0, 0, 0, 
200, 1, 202, 198, -1, 216, 197, 33.0, 13, ABpraaapppap, 3716, 0, 0, 0, , 0, 0, 0, 0, 0, 
201, 1, 203, 199, -1, 240, 170, 20.0, 13, ABpraaaaaaa, 4502, 0, 0, 0, , 0, 0, 0, 0, 0, 
202, 1, 204, 200, -1, 250, 163, 24.0, 13, ABalaappapa, 2046, 0, 0, 0, , 0, 0, 0, 0, 0, 
203, 1, 205, 201, -1, 245, 191, 28.0, 9, ABpraaaappa, 3067, 0, 0, 0, , 0, 0, 0, 0, 0, 
204, 1, 206, 202, -1, 248, 191, 30.0, 15, ABpraaaappp, 3424, 0, 0, 0, , 0, 0, 0, 0, 0, 
205, 1, 207, 203, -1, 141, 271, 30.0, 15, ABprappapp, 6558, 0, 0, 0, , 0, 0, 0, 0, 0, 
206, 1, 208, 204, -1, 166, 266, 33.0, 15, ABprappapa, 7162, 0, 0, 0, , 0, 0, 0, 0, 0, 
207, 1, 209, 205, -1, 160, 258, 28.0, 17, ABprappaap, 6783, 0, 0, 0, , 0, 0, 0, 0, 0, 
208, 1, 210, 206, -1, 176, 245, 27.0, 17, ABprappaaa, 9713, 0, 0, 0, , 0, 0, 0, 0, 0, 
209, 1, 211, 207, -1, 110, 244, 26.0, 15, ABprapppaaa, 4679, 0, 0, 0, , 0, 0, 0, 0, 0, 
210, 1, 212, 208, -1, 99, 248, 22.0, 13, ABprapppapp, 3787, 0, 0, 0, , 0, 0, 0, 0, 0, 
211, 1, 213, 209, -1, 80, 247, 22.0, 19, ABprappppp, 19853, 0, 0, 0, , 0, 0, 0, 0, 0, 
212, 1, 214, 210, -1, 120, 230, 14.0, 15, ABprappppa, 8233, 0, 0, 0, , 0, 0, 0, 0, 0, 
213, 1, 215, 211, -1, 208, 220, 26.0, 13, ABprapaaapa, 3952, 0, 0, 0, , 0, 0, 0, 0, 0, 
214, 1, 216, 212, -1, 204, 225, 29.0, 17, ABprapaaapp, 3944, 0, 0, 0, , 0, 0, 0, 0, 0, 
215, 1, 218, 213, -1, 182, 223, 27.0, 15, ABprapaapp, 6812, 0, 0, 0, , 0, 0, 0, 0, 0, 
216, 1, 219, 214, -1, 207, 195, 13.0, 15, ABprapaapa, 9064, 0, 0, 0, , 0, 0, 0, 0, 0, 
217, 1, 220, 215, -1, 126, 236, 26.0, 15, ABprapappa, 5697, 0, 0, 0, , 0, 0, 0, 0, 0, 
218, 1, 221, 216, -1, 72, 264, 23.0, 13, ABprapappppp, 2328, 0, 0, 0, , 0, 0, 0, 0, 0, 
219, 1, 222, 217, -1, 124, 260, 29.0, 15, ABprapapap, 6730, 0, 0, 0, , 0, 0, 0, 0, 0, 
220, 1, 223, 218, -1, 113, 276, 33.0, 17, ABprapapaa, 6296, 0, 0, 0, , 0, 0, 0, 0, 0, 
221, 1, 224, 219, -1, 270, 231, 34.0, 19, MSppppap, 9857, 0, 0, 0, , 0, 0, 0, 0, 0, 
222, 1, 225, 220, -1, 235, 204, 22.0, 13, MSppppaa, 4587, 0, 0, 0, , 0, 0, 0, 0, 0, 
223, 1, 226, 221, -1, 312, 227, 35.0, 11, MSpppppa, 621, 0, 0, 0, , 0, 0, 0, 0, 0, 
224, 0, 227, -1, -1, 297, 245, 35.0, 19, , 7326, 0, 0, 0, , 0, 0, 0, 0, 0, 
225, 1, 228, 770, -1, 163, 292, 25.0, 11, MSpppaap, 1595, 0, 0, 0, , 0, 0, 0, 0, 0, 
226, 1, 229, 224, -1, 239, 209, 18.0, 11, ABprpapaaaa, 1143, 0, 0, 0, , 0, 0, 0, 0, 0, 
227, 1, 230, 225, -1, 122, 290, 21.0, 17, MSppaapp, 4284, 0, 0, 0, , 0, 0, 0, 0, 0, 
228, 0, 231, -1, -1, 245, 196, 26.0, 13, , 1439, 0, 0, 0, , 0, 0, 0, 0, 0, 
229, 1, 232, 227, -1, 273, 204, 28.0, 11, MSppaaaad, 2132, 0, 0, 0, , 0, 0, 0, 0, 0, 
230, 1, 233, 228, -1, 266, 211, 24.0, 13, ABarapapaapa, 4126, 0, 0, 0, , 0, 0, 0, 0, 0, 
231, 1, 234, 229, -1, 209, 273, 25.0, 13, MSpapappp, 3599, 0, 0, 0, , 0, 0, 0, 0, 0, 
232, 1, 235, 230, -1, 205, 251, 22.0, 13, MSpapapaa, 6917, 0, 0, 0, , 0, 0, 0, 0, 0, 
233, 1, 236, 231, -1, 215, 232, 22.0, 13, MSpapaaap, 4445, 0, 0, 0, , 0, 0, 0, 0, 0, 
234, 1, 237, 232, -1, 172, 311, 13.0, 15, MSpappaa, 5820, 0, 0, 0, , 0, 0, 0, 0, 0, 
235, 1, 238, 233, -1, 178, 252, 20.0, 17, MSpappppa, 3698, 0, 0, 0, , 0, 0, 0, 0, 0, 
236, 1, 239, 234, -1, 173, 263, 22.0, 13, MSpappppp, 2350, 0, 0, 0, , 0, 0, 0, 0, 0, 
237, 1, 240, 235, -1, 259, 295, 31.0, 13, MSpaaappp, 5167, 0, 0, 0, , 0, 0, 0, 0, 0, 
238, 1, 241, 236, -1, 258, 296, 28.0, 17, MSpaaapaa, 4651, 0, 0, 0, , 0, 0, 0, 0, 0, 
239, 1, 242, 237, -1, 272, 254, 32.0, 13, MSpaaaapp, 4618, 0, 0, 0, , 0, 0, 0, 0, 0, 
240, 1, 243, 238, -1, 287, 274, 33.0, 15, MSpaaaaaa, 6241, 0, 0, 0, , 0, 0, 0, 0, 0, 
241, 1, 244, 239, -1, 260, 267, 30.0, 11, MSpaaaaap, 2912, 0, 0, 0, , 0, 0, 0, 0, 0, 
242, 1, 245, 240, -1, 227, 235, 27.0, 13, ABaraappppa, 5630, 0, 0, 0, , 0, 0, 0, 0, 0, 
243, 1, 246, 241, -1, 236, 246, 31.0, 15, ABaraapppap, 6338, 0, 0, 0, , 0, 0, 0, 0, 0, 
244, 1, 247, 242, -1, 252, 281, 30.0, 11, MSpaapaap, 2485, 0, 0, 0, , 0, 0, 0, 0, 0, 
245, 1, 248, 243, -1, 270, 275, 32.0, 13, MSpaaappa, 5102, 0, 0, 0, , 0, 0, 0, 0, 0, 
246, 1, 249, 244, -1, 244, 270, 30.0, 13, MSpaapaaa, 2742, 0, 0, 0, , 0, 0, 0, 0, 0, 
247, 1, 250, 245, -1, 305, 301, 27.0, 15, MSapppap, 4753, 0, 0, 0, , 0, 0, 0, 0, 0, 
248, 1, 251, 246, -1, 330, 268, 31.0, 15, MSappppa, 592, 0, 0, 0, , 0, 0, 0, 0, 0, 
249, 1, 252, 247, -1, 314, 275, 32.0, 13, MSappaaa, 2404, 0, 0, 0, , 0, 0, 0, 0, 0, 
250, 1, 253, 248, -1, 283, 293, 27.0, 15, ABaraapaapp, 8985, 0, 0, 0, , 0, 0, 0, 0, 0, 
251, 0, 254, -1, -1, 354, 253, 31.0, 13, , 4071, 0, 0, 0, , 0, 0, 0, 0, 0, 
252, 1, 255, 250, -1, 137, 297, 20.0, 15, MSapaapp, 4930, 0, 0, 0, , 0, 0, 0, 0, 0, 
253, 1, 256, 251, -1, 317, 263, 23.0, 11, MSapaaaad, 2966, 0, 0, 0, , 0, 0, 0, 0, 0, 
254, 1, 257, 252, -1, 271, 273, 29.0, 13, MSaaaaapap, 3750, 0, 0, 0, , 0, 0, 0, 0, 0, 
255, 0, 258, -1, -1, 275, 257, 25.0, 13, , 1774, 0, 0, 0, , 0, 0, 0, 0, 0, 
256, 0, 259, -1, -1, 297, 218, 34.0, 17, , 2339, 0, 0, 0, , 0, 0, 0, 0, 0, 
257, 1, 260, 255, -1, 325, 253, 26.0, 13, MSaaaaaal, 4950, 0, 0, 0, , 0, 0, 0, 0, 0, 
258, 1, 261, 256, -1, 272, 290, 33.0, 15, MSaaaapaa, 4007, 0, 0, 0, , 0, 0, 0, 0, 0, 
259, 1, 262, 257, -1, 282, 292, 30.0, 15, MSaaaapap, 4914, 0, 0, 0, , 0, 0, 0, 0, 0, 
260, 1, 263, 258, -1, 246, 299, 29.0, 15, MSaaaappa, 2663, 0, 0, 0, , 0, 0, 0, 0, 0, 
261, 1, 264, 259, -1, 238, 298, 31.0, 15, MSpaaapap, 3530, 0, 0, 0, , 0, 0, 0, 0, 0, 
262, 1, 265, 260, -1, 255, 307, 25.0, 13, MSaaapapa, 3505, 0, 0, 0, , 0, 0, 0, 0, 0, 
263, 1, 266, 261, -1, 230, 295, 23.0, 13, MSaaapapp, 2683, 0, 0, 0, , 0, 0, 0, 0, 0, 
264, 1, 267, 262, -1, 232, 308, 26.0, 11, MSaaappa, 2313, 0, 0, 0, , 0, 0, 0, 0, 0, 
265, 1, 268, 263, -1, 240, 317, 31.0, 15, MSaaappp, 2751, 0, 0, 0, , 0, 0, 0, 0, 0, 
266, 1, 269, 264, -1, 204, 292, 12.0, 11, MSaappppa, 3274, 0, 0, 0, , 0, 0, 0, 0, 0, 
267, 1, 270, 265, -1, 189, 303, 13.0, 13, MSaappppp, 2252, 0, 0, 0, , 0, 0, 0, 0, 0, 
268, 1, 271, 266, -1, 238, 267, 17.0, 11, MSaapaaap, 1175, 0, 0, 0, , 0, 0, 0, 0, 0, 
269, 1, 272, 267, -1, 253, 254, 19.0, 13, MSaapaaaa, 2460, 0, 0, 0, , 0, 0, 0, 0, 0, 
270, 1, 273, 268, -1, 222, 285, 19.0, 13, MSaapappp, 3188, 0, 0, 0, , 0, 0, 0, 0, 0, 
271, 1, 274, 269, -1, 256, 299, 22.0, 11, MSaapappa, 1232, 0, 0, 0, , 0, 0, 0, 0, 0, 
272, 1, 275, 270, -1, 233, 280, 18.0, 11, MSaapapaa, 2971, 0, 0, 0, , 0, 0, 0, 0, 0, 
273, 1, 276, 271, -1, 238, 284, 22.0, 11, MSaapapap, 3412, 0, 0, 0, , 0, 0, 0, 0, 0, 
274, 1, 277, 272, -1, 101, 321, 23.0, 17, Eplpa, 3861, 0, 0, 0, , 0, 0, 0, 0, 0, 
275, 1, 278, 273, -1, 88, 345, 18.0, 13, Cappapa, 4335, 0, 0, 0, , 0, 0, 0, 0, 0, 
276, 1, 279, 274, -1, 73, 332, 18.0, 15, Cappapp, 12472, 0, 0, 0, , 0, 0, 0, 0, 0, 
277, 1, 280, 275, -1, 218, 350, 25.0, 19, Cappaaa, 16616, 0, 0, 0, , 0, 0, 0, 0, 0, 
278, 1, 281, 276, -1, 71, 338, 21.0, 17, Capppap, 4795, 0, 0, 0, , 0, 0, 0, 0, 0, 
279, 1, 282, 277, -1, 123, 368, 25.0, 17, Capppaa, 5121, 0, 0, 0, , 0, 0, 0, 0, 0, 
280, 1, 283, 278, -1, 122, 367, 22.0, 15, Capapap, 6026, 0, 0, 0, , 0, 0, 0, 0, 0, 
281, 1, 284, 279, -1, 128, 290, 11.0, 13, Capappp, 6240, 0, 0, 0, , 0, 0, 0, 0, 0, 
282, 1, 285, 280, -1, 140, 311, 11.0, 17, Capappa, 6933, 0, 0, 0, , 0, 0, 0, 0, 0, 
283, 1, 286, 281, -1, 200, 314, 12.0, 15, Capaaap, 6028, 0, 0, 0, , 0, 0, 0, 0, 0, 
284, 1, 287, 282, -1, 219, 299, 12.0, 15, Capaaaa, 5501, 0, 0, 0, , 0, 0, 0, 0, 0, 
285, 1, 288, 283, -1, 79, 249, 16.0, 17, ABprppppppp, 5641, 0, 0, 0, , 0, 0, 0, 0, 0, 
286, 1, 289, 284, -1, 73, 256, 19.0, 15, Caappv, 4859, 0, 0, 0, , 0, 0, 0, 0, 0, 
287, 1, 290, 285, -1, 70, 284, 14.0, 21, Cpappv, 19909, 0, 0, 0, , 0, 0, 0, 0, 0, 
288, 1, 291, 286, -1, 166, 269, 25.0, 17, Cppaapa, 4502, 0, 0, 0, , 0, 0, 0, 0, 0, 
289, 1, 292, 287, -1, 173, 250, 23.0, 15, Cppaaap, 3438, 0, 0, 0, , 0, 0, 0, 0, 0, 
290, 1, 293, 288, -1, 179, 234, 22.0, 15, Cppaaaa, 9262, 0, 0, 0, , 0, 0, 0, 0, 0, 
291, 1, 294, 289, -1, 131, 241, 21.0, 19, Cppappp, 18179, 0, 0, 0, , 0, 0, 0, 0, 0, 
292, 1, 295, 290, -1, 127, 259, 25.0, 15, Cppappa, 5028, 0, 0, 0, , 0, 0, 0, 0, 0, 
293, 1, 296, 291, -1, 176, 333, 34.0, 15, Cpppaap, 3781, 0, 0, 0, , 0, 0, 0, 0, 0, 
294, 1, 297, 292, -1, 214, 289, 33.0, 17, Cpppaaa, 16923, 0, 0, 0, , 0, 0, 0, 0, 0, 
295, 1, 298, 293, -1, 73, 291, 29.0, 17, Cpppapp, 2862, 0, 0, 0, , 0, 0, 0, 0, 0, 
296, 1, 299, 294, -1, 256, 257, 13.0, 11, Daapa, 5210, 0, 0, 0, , 0, 0, 0, 0, 0, 
297, 1, 300, 295, -1, 241, 258, 11.0, 13, Daapp, 5463, 0, 0, 0, , 0, 0, 0, 0, 0, 
298, 0, 301, -1, -1, 255, 306, 15.0, 9, , 1737, 0, 0, 0, , 0, 0, 0, 0, 0, 
299, 0, 302, -1, -1, 284, 314, 27.0, 11, , 1729, 0, 0, 0, , 0, 0, 0, 0, 0, 
300, 1, 302, 298, -1, 275, 316, 27.0, 13, Daaap, 3006, 0, 0, 0, , 0, 0, 0, 0, 0, 
301, 1, 303, 299, -1, 280, 313, 30.0, 17, Dappaa, 3782, 0, 0, 0, , 0, 0, 0, 0, 0, 
302, 1, 304, 300, -1, 201, 200, 18.0, 13, Dpapp, 5232, 0, 0, 0, , 0, 0, 0, 0, 0, 
303, 1, 305, 301, -1, 222, 190, 18.0, 11, Dpapa, 2350, 0, 0, 0, , 0, 0, 0, 0, 0, 
304, 1, 306, 302, -1, 247, 244, 35.0, 19, Dpaap, 5482, 0, 0, 0, , 0, 0, 0, 0, 0, 
305, 1, 307, 303, -1, 209, 206, 21.0, 13, Dpaaa, 1047, 0, 0, 0, , 0, 0, 0, 0, 0, 
306, 1, 308, 304, -1, 234, 307, 34.0, 13, Dppppa, 2487, 0, 0, 0, , 0, 0, 0, 0, 0, 
307, 1, 309, 305, -1, 239, 286, 34.0, 15, Dpppap, 3820, 0, 0, 0, , 0, 0, 0, 0, 0, 
308, 1, 310, 306, -1, 266, 261, 36.0, 17, Dpppaa, 4048, 0, 0, 0, , 0, 0, 0, 0, 0, 
309, 1, 311, 307, -1, 195, 222, 23.0, 19, Dppaa, 11468, 0, 0, 0, , 0, 0, 0, 0, 0, 
310, 1, 312, 308, -1, 229, 266, 35.0, 17, Dppap, 6721, 0, 0, 0, , 0, 0, 0, 0, 0, 
311, 0, 313, -1, -1, 382, 244, 24.0, 15, , 4781, 0, 0, 0, , 0, 0, 0, 0, 0, 
312, 0, 314, -1, -1, 281, 285, 19.0, 11, , 1291, 0, 0, 0, , 0, 0, 0, 0, 0, 
313, 1, 315, 311, -1, 288, 310, 13.0, 11, ABalppppppap, 2918, 0, 0, 0, , 0, 0, 0, 0, 0, 
314, 1, 316, 312, -1, 359, 232, 15.0, 15, ABplaaapap, 9595, 0, 0, 0, , 0, 0, 0, 0, 0, 
315, 1, 317, 313, -1, 298, 262, 11.0, 13, ABalpppaaaa, 3684, 0, 0, 0, , 0, 0, 0, 0, 0, 
316, 1, 318, 314, -1, 320, 227, 14.0, 11, ABalpppaaap, 2603, 0, 0, 0, , 0, 0, 0, 0, 0, 
317, 1, 319, 315, -1, 343, 241, 11.0, 11, ABalpppaapd, 3759, 0, 0, 0, , 0, 0, 0, 0, 0, 
318, 1, 320, 316, -1, 337, 233, 18.0, 13, ABalpppaapv, 6079, 0, 0, 0, , 0, 0, 0, 0, 0, 
319, 1, 321, 317, -1, 295, 271, 13.0, 15, ABalpppapad, 8330, 0, 0, 0, , 0, 0, 0, 0, 0, 
320, 1, 322, 318, -1, 306, 251, 11.0, 11, ABalpppapav, 3331, 0, 0, 0, , 0, 0, 0, 0, 0, 
321, 1, 323, 319, -1, 329, 221, 12.0, 13, ABalppaaapp, 4086, 0, 0, 0, , 0, 0, 0, 0, 0, 
322, 1, 324, 320, -1, 284, 277, 12.0, 15, ABplpaaaaap, 9943, 0, 0, 0, , 0, 0, 0, 0, 0, 
323, 1, 325, 321, -1, 287, 219, 14.0, 13, ABalppapppa, 4904, 0, 0, 0, , 0, 0, 0, 0, 0, 
324, 0, 326, -1, -1, 311, 280, 16.0, 9, , 1306, 0, 0, 0, , 0, 0, 0, 0, 0, 
325, 1, 327, 323, -1, 267, 214, 12.0, 13, ABalppapapa, 9514, 0, 0, 0, , 0, 0, 0, 0, 0, 
326, 0, 328, -1, -1, 312, 216, 13.0, 13, , 3748, 0, 0, 0, , 0, 0, 0, 0, 0, 
327, 1, 329, 325, -1, 319, 191, 13.0, 13, ABplaappaa, 5710, 0, 0, 0, , 0, 0, 0, 0, 0, 
328, 1, 330, 326, -1, 317, 250, 17.0, 13, ABalppapaaa, 4712, 0, 0, 0, , 0, 0, 0, 0, 0, 
329, 1, 331, 327, -1, 203, 248, 10.0, 15, ABalpapappa, 5427, 0, 0, 0, , 0, 0, 0, 0, 0, 
330, 1, 332, 328, -1, 310, 189, 15.0, 11, ABalpapaapp, 6287, 0, 0, 0, , 0, 0, 0, 0, 0, 
331, 0, 333, -1, -1, 280, 225, 9.0, 11, , 1780, 0, 0, 0, , 0, 0, 0, 0, 0, 
332, 1, 334, 330, -1, 288, 240, 18.0, 13, ABalpaaaapa, 4825, 0, 0, 0, , 0, 0, 0, 0, 0, 
333, 1, 335, 331, -1, 278, 243, 17.0, 9, ABalpaaaaap, 941, 0, 0, 0, , 0, 0, 0, 0, 0, 
334, 0, 336, -1, -1, 259, 240, 24.0, 13, , 1580, 0, 0, 0, , 0, 0, 0, 0, 0, 
335, 1, 337, 333, -1, 287, 268, 20.0, 15, ABalpapppaa, 6539, 0, 0, 0, , 0, 0, 0, 0, 0, 
336, 1, 338, 334, -1, 301, 276, 26.0, 17, ABalpaapapa, 5803, 0, 0, 0, , 0, 0, 0, 0, 0, 
337, 1, 339, 335, -1, 262, 238, 18.0, 13, ABalpaaaapp, 7923, 0, 0, 0, , 0, 0, 0, 0, 0, 
338, 1, 340, 336, -1, 300, 227, 20.0, 13, ABalpaaaaaa, 4550, 0, 0, 0, , 0, 0, 0, 0, 0, 
339, 1, 341, 337, -1, 274, 252, 21.0, 15, ABalpappppp, 5799, 0, 0, 0, , 0, 0, 0, 0, 0, 
340, 1, 342, 338, -1, 335, 232, 21.0, 13, ABalpaapppa, 4379, 0, 0, 0, , 0, 0, 0, 0, 0, 
341, 1, 343, 339, -1, 343, 229, 19.0, 13, ABalpaapppp, 2732, 0, 0, 0, , 0, 0, 0, 0, 0, 
342, 1, 344, 340, -1, 328, 210, 20.0, 13, ABalpaappaa, 4346, 0, 0, 0, , 0, 0, 0, 0, 0, 
343, 0, 345, -1, -1, 308, 245, 25.0, 13, , 5357, 0, 0, 0, , 0, 0, 0, 0, 0, 
344, 0, 346, -1, -1, 280, 241, 16.0, 13, , 4481, 0, 0, 0, , 0, 0, 0, 0, 0, 
345, 1, 347, 343, -1, 141, 341, 24.0, 19, Ealpp, 5983, 0, 0, 0, , 0, 0, 0, 0, 0, 
346, 0, 349, -1, -1, 205, 304, 20.0, 17, , 6693, 0, 0, 0, , 0, 0, 0, 0, 0, 
347, 1, 350, 345, -1, 250, 336, 27.0, 15, Dapap, 5646, 0, 0, 0, , 0, 0, 0, 0, 0, 
348, 1, 351, 346, -1, 236, 291, 14.0, 13, Dapaa, 5376, 0, 0, 0, , 0, 0, 0, 0, 0, 
349, 1, 352, 347, -1, 243, 295, 20.0, 15, MSaapaapp, 4338, 0, 0, 0, , 0, 0, 0, 0, 0, 
350, 1, 353, 348, -1, 244, 277, 19.0, 9, MSaapaapaa, 1039, 0, 0, 0, , 0, 0, 0, 0, 0, 
351, 1, 354, 349, -1, 244, 293, 18.0, 11, MSaapaapap, 2614, 0, 0, 0, , 0, 0, 0, 0, 0, 
352, 1, 355, 350, -1, 211, 249, 33.0, 17, ABarpppapp, 12421, 0, 0, 0, , 0, 0, 0, 0, 0, 
353, 1, 356, 351, -1, 267, 281, 12.0, 13, ABplppaapap, 5777, 0, 0, 0, , 0, 0, 0, 0, 0, 
354, 1, 357, 352, -1, 282, 261, 9.0, 11, ABplppaapaa, 3676, 0, 0, 0, , 0, 0, 0, 0, 0, 
355, 1, 358, 353, -1, 337, 257, 23.0, 13, ABalaaaalal, 5247, 0, 0, 0, , 0, 0, 0, 0, 0, 
356, 1, 359, 354, -1, 327, 249, 19.0, 15, ABalapaappp, 2378, 0, 0, 0, , 0, 0, 0, 0, 0, 
357, 0, 360, -1, -1, 276, 171, 32.0, 9, , 450, 0, 0, 0, , 0, 0, 0, 0, 0, 
358, 1, 361, 356, -1, 276, 191, 33.0, 13, ABalaaapprr, 3127, 0, 0, 0, , 0, 0, 0, 0, 0, 
359, 1, 362, 357, -1, 301, 174, 22.0, 11, ABalaaapprl, 2861, 0, 0, 0, , 0, 0, 0, 0, 0, 
360, 1, 363, 358, -1, 124, 346, 33.0, 15, Cppppaa, 6977, 0, 0, 0, , 0, 0, 0, 0, 0, 
361, 1, 364, 359, -1, 81, 324, 30.0, 15, Cppppap, 5443, 0, 0, 0, , 0, 0, 0, 0, 0, 
362, 0, 365, -1, -1, 107, 242, 11.0, 11, , 843, 0, 0, 0, , 0, 0, 0, 0, 0, 
363, 1, 366, 495, -1, 314, 199, 34.0, 13, ABarpapaappp, 1910, 0, 0, 0, , 0, 0, 0, 0, 0, 
364, 0, 367, -1, -1, 129, 340, 29.0, 15, , 2633, 0, 0, 0, , 0, 0, 0, 0, 0, 
365, 1, 368, 363, -1, 116, 341, 26.0, 17, Eplap, 12851, 0, 0, 0, , 0, 0, 0, 0, 0, 
366, 0, 369, -1, -1, 147, 322, 28.0, 13, , 2382, 0, 0, 0, , 0, 0, 0, 0, 0, 
367, 1, 370, 365, -1, 222, 255, 10.0, 17, ABplppapaaa, 25809, 0, 0, 0, , 0, 0, 0, 0, 0, 
368, 1, 371, 366, -1, 332, 285, 26.0, 17, ABalaaaalar, 5272, 0, 0, 0, , 0, 0, 0, 0, 0, 
369, 0, 372, -1, -1, 269, 180, 20.0, 13, , 3997, 0, 0, 0, , 0, 0, 0, 0, 0, 
370, 1, 373, 368, -1, 166, 276, 23.0, 15, MSpappap, 5297, 0, 0, 0, , 0, 0, 0, 0, 0, 
371, 1, 374, 369, -1, 231, 271, 30.0, 13, MSpaapapa, 3203, 0, 0, 0, , 0, 0, 0, 0, 0, 
372, 1, 375, 370, -1, 68, 284, 24.0, 17, Cpppppd, 9618, 0, 0, 0, , 0, 0, 0, 0, 0, 
373, 1, 376, 371, -1, 303, 309, 21.0, 13, ABplapaaaaa, 5664, 0, 0, 0, , 0, 0, 0, 0, 0, 
374, 1, 377, 372, -1, 214, 275, 22.0, 13, MSaappaa, 2751, 0, 0, 0, , 0, 0, 0, 0, 0, 
375, 1, 378, 373, -1, 326, 252, 13.0, 13, ABalaaaalpa, 1268, 0, 0, 0, , 0, 0, 0, 0, 0, 
376, 1, 379, 374, -1, 350, 236, 21.0, 15, ABalaaaparr, 3955, 0, 0, 0, , 0, 0, 0, 0, 0, 
377, 1, 380, 375, -1, 367, 228, 21.0, 15, ABarpaaaapp, 5102, 0, 0, 0, , 0, 0, 0, 0, 0, 
378, 1, 381, 376, -1, 270, 271, 20.0, 13, ABalpaaappp, 3793, 0, 0, 0, , 0, 0, 0, 0, 0, 
379, 1, 382, 759, -1, 283, 267, 22.0, 13, ABalpaaappa, 4507, 0, 0, 0, , 0, 0, 0, 0, 0, 
380, 1, 383, 378, -1, 208, 289, 18.0, 17, Ealaad, 10491, 0, 0, 0, , 0, 0, 0, 0, 0, 
381, 1, 384, 379, -1, 224, 213, 20.0, 15, ABprpappapa, 6063, 0, 0, 0, , 0, 0, 0, 0, 0, 
382, 1, 385, 380, -1, 168, 366, 27.0, 17, Cappaap, 4720, 0, 0, 0, , 0, 0, 0, 0, 0, 
383, 1, 386, 381, -1, 301, 206, 20.0, 11, ABarappaapp, 7505, 0, 0, 0, , 0, 0, 0, 0, 0, 
384, 1, 387, 382, -1, 217, 260, 27.0, 15, MSpapaapp, 4811, 0, 0, 0, , 0, 0, 0, 0, 0, 
385, 1, 388, 383, -1, 216, 234, 24.0, 13, MSpapaapaa, 1036, 0, 0, 0, , 0, 0, 0, 0, 0, 
386, 1, 389, 384, -1, 208, 244, 26.0, 11, MSpapaapap, 2716, 0, 0, 0, , 0, 0, 0, 0, 0, 
387, 1, 390, 385, -1, 267, 172, 29.0, 13, ABpraapaapp, 3767, 0, 0, 0, , 0, 0, 0, 0, 0, 
388, 0, 391, -1, -1, 258, 191, 34.0, 11, , 1694, 0, 0, 0, , 0, 0, 0, 0, 0, 
389, 1, 392, 387, -1, 328, 187, 26.0, 13, ABalaaapplr, 3612, 0, 0, 0, , 0, 0, 0, 0, 0, 
390, 1, 393, 388, -1, 305, 296, 31.0, 15, MSappppp, 7963, 0, 0, 0, , 0, 0, 0, 0, 0, 
391, 1, 394, 389, -1, 297, 281, 23.0, 17, ABalpaapapp, 4610, 0, 0, 0, , 0, 0, 0, 0, 0, 
392, 1, 395, 390, -1, 240, 236, 21.0, 13, MSpapaaaa, 4191, 0, 0, 0, , 0, 0, 0, 0, 0, 
393, 1, 396, 391, -1, 190, 217, 19.0, 13, MSpapppaa, 3391, 0, 0, 0, , 0, 0, 0, 0, 0, 
394, 1, 397, 392, -1, 187, 236, 19.0, 11, MSpapppap, 1638, 0, 0, 0, , 0, 0, 0, 0, 0, 
395, 1, 398, 393, -1, 265, 191, 29.0, 13, ABprpaapaaa, 5847, 0, 0, 0, , 0, 0, 0, 0, 0, 
396, 1, 399, 394, -1, 299, 287, 11.0, 13, ABalpppppppp, 3072, 0, 0, 0, , 0, 0, 0, 0, 0, 
397, 1, 400, 395, -1, 89, 251, 11.0, 11, Caapap, 5690, 0, 0, 0, , 0, 0, 0, 0, 0, 
398, 1, 401, 396, -1, 345, 202, 25.0, 15, ABarpaaaaal, 3233, 0, 0, 0, , 0, 0, 0, 0, 0, 
399, 1, 402, 397, -1, 91, 253, 16.0, 13, ABprppppppa, 4007, 0, 0, 0, , 0, 0, 0, 0, 0, 
400, 1, 403, 398, -1, 107, 261, 30.0, 11, ABarpppppp, 585, 0, 0, 0, , 0, 0, 0, 0, 0, 
401, 1, 404, 399, -1, 251, 171, 16.0, 11, MSpppapa, 1784, 0, 0, 0, , 0, 0, 0, 0, 0, 
402, 1, 405, 400, -1, 315, 285, 27.0, 11, MSapappa, 1423, 0, 0, 0, , 0, 0, 0, 0, 0, 
403, 1, 406, 401, -1, 329, 207, 33.0, 15, MSppappp, 3058, 0, 0, 0, , 0, 0, 0, 0, 0, 
404, 1, 407, 402, -1, 98, 273, 12.0, 17, Cappppd, 3397, 0, 0, 0, , 0, 0, 0, 0, 0, 
405, 1, 408, 403, -1, 238, 288, 28.0, 15, MSaaaappp, 6917, 0, 0, 0, , 0, 0, 0, 0, 0, 
406, 1, 409, 404, -1, 97, 329, 11.0, 11, ABplapppaap, 4499, 0, 0, 0, , 0, 0, 0, 0, 0, 
407, 0, 410, -1, -1, 339, 252, 30.0, 9, , 1331, 0, 0, 0, , 0, 0, 0, 0, 0, 
408, 1, 411, 406, -1, 217, 260, 24.0, 13, MSpapapap, 3667, 0, 0, 0, , 0, 0, 0, 0, 0, 
409, 1, 412, 407, -1, 180, 326, 14.0, 15, Capaapa, 6042, 0, 0, 0, , 0, 0, 0, 0, 0, 
410, 1, 413, 408, -1, 201, 297, 22.0, 17, Ealpa, 1746, 0, 0, 0, , 0, 0, 0, 0, 0, 
411, 0, 414, -1, -1, 222, 310, 31.0, 15, , 3462, 0, 0, 0, , 0, 0, 0, 0, 0, 
412, 1, 415, 410, -1, 222, 171, 26.0, 15, ABpraaappppp, 4232, 0, 0, 0, , 0, 0, 0, 0, 0, 
413, 0, 416, -1, -1, 305, 297, 14.0, 17, , 6887, 0, 0, 0, , 0, 0, 0, 0, 0, 
414, 1, 417, 412, -1, 321, 275, 18.0, 13, ABplpaapaaa, 6360, 0, 0, 0, , 0, 0, 0, 0, 0, 
415, 1, 418, 413, -1, 285, 213, 32.0, 15, MSppaaap, 5545, 0, 0, 0, , 0, 0, 0, 0, 0, 
416, 1, 419, 414, -1, 222, 253, 19.0, 13, ABarapapapp, 3255, 0, 0, 0, , 0, 0, 0, 0, 0, 
417, 1, 420, 415, -1, 64, 295, 18.0, 15, Cappppv, 3705, 0, 0, 0, , 0, 0, 0, 0, 0, 
418, 1, 421, 416, -1, 217, 279, 12.0, 11, MSaapppap, 2729, 0, 0, 0, , 0, 0, 0, 0, 0, 
419, 0, 422, -1, -1, 262, 308, 18.0, 13, , 4822, 0, 0, 0, , 0, 0, 0, 0, 0, 
420, 0, 423, -1, -1, 246, 230, 25.0, 13, , 8075, 0, 0, 0, , 0, 0, 0, 0, 0, 
421, 1, 424, 419, -1, 231, 274, 13.0, 13, MSaapppaa, 2204, 0, 0, 0, , 0, 0, 0, 0, 0, 
422, 1, 425, 420, -1, 203, 241, 12.0, 15, ABarappappa, 10943, 0, 0, 0, , 0, 0, 0, 0, 0, 
423, 1, 426, 421, -1, 311, 230, 21.0, 11, ABaraaaaaaa, 2029, 0, 0, 0, , 0, 0, 0, 0, 0, 
424, 1, 427, 613, -1, 180, 313, 23.0, 13, Ealap, 2061, 0, 0, 0, , 0, 0, 0, 0, 0, 
425, 1, 428, 423, -1, 194, 253, 12.0, 15, ABplpaaaapp, 11669, 0, 0, 0, , 0, 0, 0, 0, 0, 
426, 0, 429, -1, -1, 264, 301, 16.0, 13, , 1395, 0, 0, 0, , 0, 0, 0, 0, 0, 
427, 1, 751, 425, -1, 257, 240, 21.0, 15, ABalpappppa, 5362, 0, 0, 0, , 0, 0, 0, 0, 0, 
428, 0, 431, -1, -1, 248, 180, 13.0, 13, , 3411, 0, 0, 0, , 0, 0, 0, 0, 0, 
429, 1, 432, 427, -1, 93, 273, 17.0, 13, ABprpappppp, 4290, 0, 0, 0, , 0, 0, 0, 0, 0, 
430, 1, 433, 428, -1, 253, 237, 11.0, 19, ABalpapappp, 9414, 0, 0, 0, , 0, 0, 0, 0, 0, 
431, 0, 434, -1, -1, 95, 307, 27.0, 13, , 1825, 0, 0, 0, , 0, 0, 0, 0, 0, 
432, 1, 435, 430, -1, 327, 279, 15.0, 13, ABalpppapppa, 2040, 0, 0, 0, , 0, 0, 0, 0, 0, 
433, 1, 436, 431, -1, 345, 208, 30.0, 11, ABalapppapp, 1524, 0, 0, 0, , 0, 0, 0, 0, 0, 
434, 0, 437, -1, -1, 303, 206, 12.0, 13, , 3603, 0, 0, 0, , 0, 0, 0, 0, 0, 
435, 1, 438, 433, -1, 240, 191, 19.0, 13, MSpppapp, 4283, 0, 0, 0, , 0, 0, 0, 0, 0, 
436, 1, 439, 434, -1, 301, 266, 18.0, 13, MSapapap, 2727, 0, 0, 0, , 0, 0, 0, 0, 0, 
437, 1, 440, 435, -1, 307, 243, 29.0, 13, ABaraappaaa, 4764, 0, 0, 0, , 0, 0, 0, 0, 0, 
438, 1, 441, 436, -1, 293, 286, 17.0, 15, ABalpppppap, 1887, 0, 0, 0, , 0, 0, 0, 0, 0, 
439, 0, 442, -1, -1, 303, 236, 14.0, 13, , 5352, 0, 0, 0, , 0, 0, 0, 0, 0, 
440, 0, 443, -1, -1, 336, 276, 24.0, 13, , 3910, 0, 0, 0, , 0, 0, 0, 0, 0, 
441, 1, 444, 439, -1, 286, 272, 10.0, 15, ABplppaaaaa, 15387, 0, 0, 0, , 0, 0, 0, 0, 0, 
442, 1, 445, 440, -1, 269, 213, 21.0, 13, ABarapaaapa, 7481, 0, 0, 0, , 0, 0, 0, 0, 0, 
443, 1, 446, 441, -1, 297, 232, 28.0, 13, ABaraappaap, 3821, 0, 0, 0, , 0, 0, 0, 0, 0, 
444, 1, 447, 442, -1, 267, 233, 31.0, 15, ABaraaapapa, 3304, 0, 0, 0, , 0, 0, 0, 0, 0, 
445, 0, -1, -1, -1, 205, 309, 27.0, 17, , 6340, 0, 0, 0, , 0, 0, 0, 0, 0, 
446, 1, 449, 444, -1, 320, 228, 17.0, 13, ABalpapaaaa, 10021, 0, 0, 0, , 0, 0, 0, 0, 0, 
447, 1, 450, 445, -1, 80, 269, 28.0, 13, Caappd, 2805, 0, 0, 0, , 0, 0, 0, 0, 0, 
448, 0, 451, -1, -1, 245, 243, 27.0, 13, , 4391, 0, 0, 0, , 0, 0, 0, 0, 0, 
449, 1, 452, 447, -1, 267, 210, 33.0, 13, ABarpppaaa, 3745, 0, 0, 0, , 0, 0, 0, 0, 0, 
450, 0, 453, -1, -1, 102, 329, 23.0, 11, , 1162, 0, 0, 0, , 0, 0, 0, 0, 0, 
451, 0, 454, -1, -1, 176, 325, 28.0, 13, , 2304, 0, 0, 0, , 0, 0, 0, 0, 0, 
452, 0, 455, -1, -1, 333, 255, 21.0, 9, , 1670, 0, 0, 0, , 0, 0, 0, 0, 0, 
453, 1, 457, 451, -1, 282, 205, 36.0, 13, ABalappapap, 2952, 0, 0, 0, , 0, 0, 0, 0, 0, 
454, 1, 458, 452, -1, 319, 243, 10.0, 15, ABplaappap, 3100, 0, 0, 0, , 0, 0, 0, 0, 0, 
455, 0, 459, -1, -1, 237, 166, 18.0, 9, , 1577, 0, 0, 0, , 0, 0, 0, 0, 0, 
456, 1, 460, 454, -1, 218, 238, 12.0, 11, ABplppaappa, 4264, 0, 0, 0, , 0, 0, 0, 0, 0, 
457, 1, 461, 455, -1, 226, 190, 13.0, 15, ABarappappp, 8906, 0, 0, 0, , 0, 0, 0, 0, 0, 
458, 1, 462, 456, -1, 102, 356, 17.0, 15, Cpapap, 4286, 0, 0, 0, , 0, 0, 0, 0, 0, 
459, 1, 463, 457, -1, 238, 217, 14.0, 15, ABplpaaaapa, 12413, 0, 0, 0, , 0, 0, 0, 0, 0, 
460, 1, 464, 458, -1, 314, 215, 11.0, 13, ABplpaaapap, 10581, 0, 0, 0, , 0, 0, 0, 0, 0, 
461, 1, 465, 459, -1, 267, 278, 23.0, 15, ABaraapapaa, 7545, 0, 0, 0, , 0, 0, 0, 0, 0, 
462, 1, 466, 460, -1, 341, 251, 29.0, 11, MSapappp, 1632, 0, 0, 0, , 0, 0, 0, 0, 0, 
463, 1, 467, 461, -1, 112, 237, 23.0, 15, ABprpppaapp, 5835, 0, 0, 0, , 0, 0, 0, 0, 0, 
464, 1, 468, 462, -1, 128, 271, 11.0, 13, ABplppppapa, 4353, 0, 0, 0, , 0, 0, 0, 0, 0, 
465, 1, 469, 463, -1, 191, 233, 14.5, 13, ABprpapppap, 4495, 0, 0, 0, , 0, 0, 0, 0, 0, 
466, 0, 470, -1, -1, 203, 299, 27.0, 11, , 1953, 0, 0, 0, , 0, 0, 0, 0, 0, 
467, 1, 471, 465, -1, 256, 208, 35.0, 17, ABarpaappp, 8492, 0, 0, 0, , 0, 0, 0, 0, 0, 
468, 0, 472, -1, -1, 209, 230, 16.0, 11, , 2072, 0, 0, 0, , 0, 0, 0, 0, 0, 
469, 0, 473, -1, -1, 317, 226, 25.0, 11, , 1965, 0, 0, 0, , 0, 0, 0, 0, 0, 
470, 0, 474, -1, -1, 341, 250, 33.0, 11, , 823, 0, 0, 0, , 0, 0, 0, 0, 0, 
471, 0, 475, -1, -1, 238, 197, 31.0, 9, , 337, 0, 0, 0, , 0, 0, 0, 0, 0, 
472, 1, 477, 470, -1, 264, 311, 12.0, 13, ABplaapppp, 4654, 0, 0, 0, , 0, 0, 0, 0, 0, 
473, 1, 478, 708, -1, 281, 242, 31.0, 11, MSpaaaapa, 2366, 0, 0, 0, , 0, 0, 0, 0, 0, 
474, 1, 479, 472, -1, 179, 335, 27.0, 19, Epraa, 11030, 0, 0, 0, , 0, 0, 0, 0, 0, 
475, 1, 480, 473, -1, 339, 278, 22.0, 13, ABalaaapall, 3675, 0, 0, 0, , 0, 0, 0, 0, 0, 
476, 1, 481, 474, -1, 261, 222, 30.0, 21, ABarapaappa, 14872, 0, 0, 0, , 0, 0, 0, 0, 0, 
477, 0, 482, -1, -1, 316, 175, 27.0, 11, , 2911, 0, 0, 0, , 0, 0, 0, 0, 0, 
478, 1, 483, 476, -1, 253, 330, 30.0, 17, Dappap, 5136, 0, 0, 0, , 0, 0, 0, 0, 0, 
479, 1, 484, 477, -1, 364, 240, 24.0, 13, ABplaaaaaap, 3681, 0, 0, 0, , 0, 0, 0, 0, 0, 
480, 1, 485, 478, -1, 196, 324, 25.0, 15, Earap, 132, 0, 0, 0, , 0, 0, 0, 0, 0, 
481, 1, 486, 479, -1, 330, 201, 29.0, 13, ABarpapaaaa, 3058, 0, 0, 0, , 0, 0, 0, 0, 0, 
482, 0, 487, -1, -1, 134, 314, 16.0, 23, , 25162, 0, 0, 0, , 0, 0, 0, 0, 0, 
483, 1, 488, 481, -1, 195, 278, 27.0, 15, Earaad, 1277, 0, 0, 0, , 0, 0, 0, 0, 0, 
484, 0, 489, -1, -1, 129, 328, 27.0, 13, , 4793, 0, 0, 0, , 0, 0, 0, 0, 0, 
485, 0, 490, -1, -1, 280, 187, 26.0, 11, , 3093, 0, 0, 0, , 0, 0, 0, 0, 0, 
486, 0, 491, -1, -1, 100, 246, 29.0, 15, , 6022, 0, 0, 0, , 0, 0, 0, 0, 0, 
487, 0, 492, -1, -1, 347, 253, 16.0, 11, , 2854, 0, 0, 0, , 0, 0, 0, 0, 0, 
488, 1, 493, 486, -1, 320, 267, 16.0, 13, ABalppappaa, 2318, 0, 0, 0, , 0, 0, 0, 0, 0, 
489, 1, 494, 487, -1, 250, 205, 21.0, 13, MSppaaaav, 2616, 0, 0, 0, , 0, 0, 0, 0, 0, 
490, 1, 495, 488, -1, 293, 238, 30.0, 15, ABaraappapa, 8411, 0, 0, 0, , 0, 0, 0, 0, 0, 
491, 1, 496, 489, -1, 81, 303, 12.0, 13, ABplapapppp, 1807, 0, 0, 0, , 0, 0, 0, 0, 0, 
492, 1, 497, 490, -1, 243, 256, 22.0, 13, ABarapapaaa, 5286, 0, 0, 0, , 0, 0, 0, 0, 0, 
493, 0, 498, -1, -1, 282, 218, 26.0, 11, , 2900, 0, 0, 0, , 0, 0, 0, 0, 0, 
494, 1, 499, 491, -1, 102, 313, 33.0, 15, Cpppapa, 5508, 0, 0, 0, , 0, 0, 0, 0, 0, 
495, 1, 500, 492, -1, 350, 264, 21.0, 13, ABalapaaapp, 3764, 0, 0, 0, , 0, 0, 0, 0, 0, 
496, 0, 501, -1, -1, 274, 240, 21.0, 9, , 503, 0, 0, 0, , 0, 0, 0, 0, 0, 
497, 0, 502, -1, -1, 279, 240, 23.0, 13, , 3521, 0, 0, 0, , 0, 0, 0, 0, 0, 
498, 0, 503, -1, -1, 312, 203, 33.0, 13, , 1590, 0, 0, 0, , 0, 0, 0, 0, 0, 
499, 1, 504, 496, -1, 316, 297, 25.0, 13, ABalapaaaaa, 3558, 0, 0, 0, , 0, 0, 0, 0, 0, 
500, 1, 505, 497, -1, 194, 244, 27.0, 11, MSppapaa, 1597, 0, 0, 0, , 0, 0, 0, 0, 0, 
501, 1, 506, 498, -1, 274, 195, 10.0, 13, ABarappaaap, 6620, 0, 0, 0, , 0, 0, 0, 0, 0, 
502, 0, 508, -1, -1, 301, 190, 31.0, 11, , 3093, 0, 0, 0, , 0, 0, 0, 0, 0, 
503, 0, 509, -1, -1, 274, 262, 15.0, 11, , 1607, 0, 0, 0, , 0, 0, 0, 0, 0, 
504, 0, 510, -1, -1, 112, 318, 27.0, 15, , 4852, 0, 0, 0, , 0, 0, 0, 0, 0, 
505, 1, 511, 502, -1, 222, 281, 28.0, 11, MSpaapapp, 2872, 0, 0, 0, , 0, 0, 0, 0, 0, 
506, 1, 512, 503, -1, 293, 174, 27.0, 15, ABpraapaapa, 5658, 0, 0, 0, , 0, 0, 0, 0, 0, 
507, 1, 513, 504, -1, 231, 175, 14.0, 11, ABpraapppa, 1518, 0, 0, 0, , 0, 0, 0, 0, 0, 
508, 1, 514, 505, -1, 303, 224, 16.0, 13, ABalppapppp, 2578, 0, 0, 0, , 0, 0, 0, 0, 0, 
509, 1, 515, 506, -1, 315, 212, 14.0, 13, ABplpaaapaa, 2856, 0, 0, 0, , 0, 0, 0, 0, 0, 
510, 1, 516, 507, -1, 80, 329, 14.0, 15, Cpappd, 6067, 0, 0, 0, , 0, 0, 0, 0, 0, 
511, 1, 517, 508, -1, 366, 203, 24.0, 17, ABplaaaapa, 4149, 0, 0, 0, , 0, 0, 0, 0, 0, 
512, 0, 518, -1, -1, 224, 314, 16.0, 19, , 6242, 0, 0, 0, , 0, 0, 0, 0, 0, 
513, 1, 519, 510, -1, 230, 314, 16.0, 17, MSapapaa, 6054, 0, 0, 0, , 0, 0, 0, 0, 0, 
514, 1, 520, 511, -1, 262, 165, 21.0, 13, ABpraaaapad, 4019, 0, 0, 0, , 0, 0, 0, 0, 0, 
515, 0, 521, -1, -1, 284, 267, 26.0, 11, , 590, 0, 0, 0, , 0, 0, 0, 0, 0, 
516, 1, 522, 513, -1, 300, 262, 22.0, 13, ABalpaaapaa, 3898, 0, 0, 0, , 0, 0, 0, 0, 0, 
517, 0, 523, -1, -1, 230, 349, 21.0, 19, , 10178, 0, 0, 0, , 0, 0, 0, 0, 0, 
518, 1, 524, 515, -1, 203, 303, 25.0, 19, Earpa, 4910, 0, 0, 0, , 0, 0, 0, 0, 0, 
519, 0, 525, -1, -1, 104, 243, 10.0, 13, , 3887, 0, 0, 0, , 0, 0, 0, 0, 0, 
520, 1, 526, 517, -1, 357, 251, 22.0, 13, ABalapapppp, 3371, 0, 0, 0, , 0, 0, 0, 0, 0, 
521, 1, 527, 518, -1, 274, 192, 16.0, 13, ABarapppppa, 3630, 0, 0, 0, , 0, 0, 0, 0, 0, 
522, 1, 528, 519, -1, 280, 246, 9.0, 17, ABplaapppa, 2320, 0, 0, 0, , 0, 0, 0, 0, 0, 
523, 0, 529, -1, -1, 93, 261, 10.0, 9, , 2478, 0, 0, 0, , 0, 0, 0, 0, 0, 
524, 1, 530, 521, -1, 108, 335, 13.0, 13, ABarppappp, 7047, 0, 0, 0, , 0, 0, 0, 0, 0, 
525, 1, 531, 522, -1, 352, 228, 26.0, 15, ABplaaaaaaa, 4495, 0, 0, 0, , 0, 0, 0, 0, 0, 
526, 1, 794, 523, -1, 298, 192, 32.0, 11, ABalappappa, 2886, 0, 0, 0, , 0, 0, 0, 0, 0, 
527, 1, 533, 524, -1, 299, 257, 31.0, 11, MSaaaaapaa, 1997, 0, 0, 0, , 0, 0, 0, 0, 0, 
528, 1, 535, 525, -1, 272, 211, 17.0, 13, ABplpappaaa, 4137, 0, 0, 0, , 0, 0, 0, 0, 0, 
529, 0, 536, -1, -1, 256, 298, 16.0, 11, , 1093, 0, 0, 0, , 0, 0, 0, 0, 0, 
530, 1, 537, 527, -1, 231, 250, 18.0, 13, ABarapapppa, 5092, 0, 0, 0, , 0, 0, 0, 0, 0, 
531, 0, 726, -1, -1, 235, 181, 31.0, 15, , 3921, 0, 0, 0, , 0, 0, 0, 0, 0, 
532, 0, 539, -1, -1, 342, 281, 17.0, 17, , 8873, 0, 0, 0, , 0, 0, 0, 0, 0, 
533, 1, 540, 530, -1, 234, 322, 24.0, 19, Ealaav, 28385, 0, 0, 0, , 0, 0, 0, 0, 0, 
534, 0, 541, -1, -1, 111, 343, 25.0, 17, , 5575, 0, 0, 0, , 0, 0, 0, 0, 0, 
535, 0, 542, -1, -1, 142, 348, 24.0, 13, , 6088, 0, 0, 0, , 0, 0, 0, 0, 0, 
536, 0, 543, -1, -1, 260, 171, 32.0, 11, , 1745, 0, 0, 0, , 0, 0, 0, 0, 0, 
537, 1, 544, 534, -1, 250, 277, 14.0, 13, Daaaa, 3802, 0, 0, 0, , 0, 0, 0, 0, 0, 
538, 0, 545, -1, -1, 228, 232, 15.0, 9, , 629, 0, 0, 0, , 0, 0, 0, 0, 0, 
539, 1, 546, 536, -1, 336, 226, 14.0, 13, ABalaaapalr, 3388, 0, 0, 0, , 0, 0, 0, 0, 0, 
540, 1, 547, 537, -1, 264, 223, 22.0, 13, ABarapaaaap, 3475, 0, 0, 0, , 0, 0, 0, 0, 0, 
541, 1, 549, 538, -1, 241, 215, 32.0, 19, ABprapaaaap, 5388, 0, 0, 0, , 0, 0, 0, 0, 0, 
542, 1, 550, 539, -1, 269, 322, 16.0, 17, ABarppapaa, 5979, 0, 0, 0, , 0, 0, 0, 0, 0, 
543, 1, 551, 540, -1, 243, 218, 10.0, 13, ABalpapapapp, 4141, 0, 0, 0, , 0, 0, 0, 0, 0, 
544, 1, 552, 541, -1, 260, 204, 11.0, 11, ABalpapapapa, 3999, 0, 0, 0, , 0, 0, 0, 0, 0, 
545, 0, 553, -1, -1, 264, 308, 11.0, 15, , 4706, 0, 0, 0, , 0, 0, 0, 0, 0, 
546, 1, 554, 543, -1, 122, 325, 15.0, 17, MSappaap, 9170, 0, 0, 0, , 0, 0, 0, 0, 0, 
547, 1, 555, 544, -1, 272, 332, 24.0, 17, Cpaaaa, 5929, 0, 0, 0, , 0, 0, 0, 0, 0, 
548, 1, 556, 545, -1, 223, 177, 28.0, 13, ABpraaappppa, 2775, 0, 0, 0, , 0, 0, 0, 0, 0, 
549, 0, 557, -1, -1, 276, 185, 31.0, 13, , 1892, 0, 0, 0, , 0, 0, 0, 0, 0, 
550, 0, 558, -1, -1, 228, 222, 17.0, 9, , 1288, 0, 0, 0, , 0, 0, 0, 0, 0, 
551, 1, 559, 548, -1, 217, 212, 16.0, 13, ABprpapapap, 5321, 0, 0, 0, , 0, 0, 0, 0, 0, 
552, 1, 560, 549, -1, 302, 178, 26.0, 11, ABpraaaaapd, 3036, 0, 0, 0, , 0, 0, 0, 0, 0, 
553, 1, 561, 550, -1, 283, 284, 24.0, 11, MSaaapaap, 2555, 0, 0, 0, , 0, 0, 0, 0, 0, 
554, 0, 562, -1, -1, 103, 249, 13.0, 9, , 2094, 0, 0, 0, , 0, 0, 0, 0, 0, 
555, 0, 563, -1, -1, 207, 215, 28.0, 11, , 1839, 0, 0, 0, , 0, 0, 0, 0, 0, 
556, 0, 564, -1, -1, 308, 250, 10.0, 13, , 613, 0, 0, 0, , 0, 0, 0, 0, 0, 
557, 1, 565, 554, -1, 350, 216, 20.0, 11, ABalaaaarla, 3400, 0, 0, 0, , 0, 0, 0, 0, 0, 
558, 0, 566, -1, -1, 320, 174, 32.0, 9, , 1263, 0, 0, 0, , 0, 0, 0, 0, 0, 
559, 1, 567, 556, -1, 88, 255, 26.0, 13, ABprapappppa, 3749, 0, 0, 0, , 0, 0, 0, 0, 0, 
560, 0, 568, -1, -1, 257, 234, 23.0, 17, , 9495, 0, 0, 0, , 0, 0, 0, 0, 0, 
561, 1, 569, 558, -1, 246, 194, 11.0, 15, ABarappapap, 5567, 0, 0, 0, , 0, 0, 0, 0, 0, 
562, 0, 570, -1, -1, 136, 313, 16.0, 17, , 8238, 0, 0, 0, , 0, 0, 0, 0, 0, 
563, 0, 571, -1, -1, 245, 191, 21.0, 9, , 798, 0, 0, 0, , 0, 0, 0, 0, 0, 
564, 0, 572, -1, -1, 288, 183, 31.0, 9, , 1706, 0, 0, 0, , 0, 0, 0, 0, 0, 
565, 0, 573, -1, -1, 163, 334, 23.0, 21, , 12397, 0, 0, 0, , 0, 0, 0, 0, 0, 
566, 1, 574, 563, -1, 184, 361, 25.0, 13, Capapaa, 2296, 0, 0, 0, , 0, 0, 0, 0, 0, 
567, 0, 575, -1, -1, 207, 285, 26.0, 9, , 469, 0, 0, 0, , 0, 0, 0, 0, 0, 
568, 1, 576, 565, -1, 294, 307, 23.0, 15, ABplapaaaap, 2861, 0, 0, 0, , 0, 0, 0, 0, 0, 
569, 1, 577, 566, -1, 268, 179, 20.0, 13, ABprpaaappa, 2661, 0, 0, 0, , 0, 0, 0, 0, 0, 
570, 0, 578, -1, -1, 303, 172, 18.0, 11, , 3875, 0, 0, 0, , 0, 0, 0, 0, 0, 
571, 0, 579, -1, -1, 273, 251, 19.0, 13, , 4014, 0, 0, 0, , 0, 0, 0, 0, 0, 
572, 0, 580, -1, -1, 201, 331, 25.0, 17, , 7452, 0, 0, 0, , 0, 0, 0, 0, 0, 
573, 0, 581, -1, -1, 204, 306, 25.0, 15, , 9615, 0, 0, 0, , 0, 0, 0, 0, 0, 
574, 1, 582, 571, -1, 236, 193, 34.0, 13, ABarpppaap, 3316, 0, 0, 0, , 0, 0, 0, 0, 0, 
575, 1, 583, 572, -1, 230, 346, 30.0, 17, Dapppa, 9686, 0, 0, 0, , 0, 0, 0, 0, 0, 
576, 1, 584, 573, -1, 300, 207, 15.0, 11, ABalppapaap, 5694, 0, 0, 0, , 0, 0, 0, 0, 0, 
577, 0, 585, -1, -1, 271, 291, 11.0, 11, , 3445, 0, 0, 0, , 0, 0, 0, 0, 0, 
578, 1, 586, 575, -1, 172, 277, 18.0, 13, ABplpapappp, 4853, 0, 0, 0, , 0, 0, 0, 0, 0, 
579, 1, 587, 576, -1, 272, 250, 14.0, 13, MSappapp, 2478, 0, 0, 0, , 0, 0, 0, 0, 0, 
580, 0, 588, -1, -1, 134, 275, 27.0, 15, , 10630, 0, 0, 0, , 0, 0, 0, 0, 0, 
581, 0, 589, -1, -1, 101, 330, 23.0, 13, , 1471, 0, 0, 0, , 0, 0, 0, 0, 0, 
582, 0, 590, -1, -1, 252, 171, 32.0, 15, , 2451, 0, 0, 0, , 0, 0, 0, 0, 0, 
583, 0, 591, -1, -1, 322, 265, 14.0, 9, , 624, 0, 0, 0, , 0, 0, 0, 0, 0, 
584, 0, 592, -1, -1, 245, 198, 23.0, 9, , 466, 0, 0, 0, , 0, 0, 0, 0, 0, 
585, 1, 593, 582, -1, 146, 288, 24.0, 13, Z2, 3207, 0, 0, 0, , 0, 0, 0, 0, 0, 
586, 0, 594, -1, -1, 179, 311, 23.0, 19, , 20161, 0, 0, 0, , 0, 0, 0, 0, 0, 
587, 1, 595, 584, -1, 141, 328, 35.0, 19, Cppapap, 5766, 0, 0, 0, , 0, 0, 0, 0, 0, 
588, 1, 596, 585, -1, 352, 248, 24.0, 11, ABplaaaaapp, 1676, 0, 0, 0, , 0, 0, 0, 0, 0, 
589, 0, 597, -1, -1, 286, 196, 30.0, 11, , 2948, 0, 0, 0, , 0, 0, 0, 0, 0, 
590, 0, 598, -1, -1, 225, 224, 34.0, 19, , 6645, 0, 0, 0, , 0, 0, 0, 0, 0, 
591, 0, 599, -1, -1, 346, 249, 34.0, 15, , 1361, 0, 0, 0, , 0, 0, 0, 0, 0, 
592, 1, 600, 589, -1, 144, 359, 18.0, 11, Cpaapp, 526, 0, 0, 0, , 0, 0, 0, 0, 0, 
593, 1, 601, 590, -1, 264, 173, 13.0, 13, ABprpaapapp, 9416, 0, 0, 0, , 0, 0, 0, 0, 0, 
594, 1, 602, 591, -1, 86, 310, 20.0, 21, Eplppp, 47601, 0, 0, 0, , 0, 0, 0, 0, 0, 
595, 1, 603, 592, -1, 93, 284, 31.0, 13, Cpapaa, 915, 0, 0, 0, , 0, 0, 0, 0, 0, 
596, 0, 604, -1, -1, 326, 264, 35.0, 11, , 3121, 0, 0, 0, , 0, 0, 0, 0, 0, 
597, 1, 605, 594, -1, 311, 162, 26.0, 13, ABarpappap, 1685, 0, 0, 0, , 0, 0, 0, 0, 0, 
598, 0, 606, -1, -1, 234, 232, 16.0, 11, , 2306, 0, 0, 0, , 0, 0, 0, 0, 0, 
599, 0, 607, -1, -1, 253, 291, 13.0, 15, , 5319, 0, 0, 0, , 0, 0, 0, 0, 0, 
600, 1, 608, 597, -1, 325, 294, 19.0, 13, ABalpppapppp, 4079, 0, 0, 0, , 0, 0, 0, 0, 0, 
601, 1, 609, 598, -1, 230, 204, 31.0, 13, ABpraapapppp, 2939, 0, 0, 0, , 0, 0, 0, 0, 0, 
602, 1, 610, 599, -1, 222, 248, 30.0, 13, MSpapappa, 2116, 0, 0, 0, , 0, 0, 0, 0, 0, 
603, 1, 611, 600, -1, 206, 355, 29.0, 17, Dapppp, 4321, 0, 0, 0, , 0, 0, 0, 0, 0, 
604, 0, 612, -1, -1, 255, 159, 29.0, 11, , 2173, 0, 0, 0, , 0, 0, 0, 0, 0, 
605, 1, 613, 602, -1, 259, 218, 17.0, 11, ABprpapppaa, 3745, 0, 0, 0, , 0, 0, 0, 0, 0, 
606, 0, 614, -1, -1, 91, 238, 26.0, 11, , 1176, 0, 0, 0, , 0, 0, 0, 0, 0, 
607, 1, 615, 604, -1, 296, 245, 20.0, 13, ABalpappaapa, 4443, 0, 0, 0, , 0, 0, 0, 0, 0, 
608, 1, 616, 605, -1, 286, 259, 17.0, 15, ABalpappaapp, 4369, 0, 0, 0, , 0, 0, 0, 0, 0, 
609, 1, 617, 606, -1, 91, 307, 25.0, 17, Eprppp, 11850, 0, 0, 0, , 0, 0, 0, 0, 0, 
610, 0, 618, -1, -1, 261, 171, 33.0, 13, , 2980, 0, 0, 0, , 0, 0, 0, 0, 0, 
611, 0, 619, -1, -1, 208, 289, 16.0, 13, , 3916, 0, 0, 0, , 0, 0, 0, 0, 0, 
612, 0, 620, -1, -1, 237, 153, 21.0, 9, , 754, 0, 0, 0, , 0, 0, 0, 0, 0, 
613, 0, 621, -1, -1, 267, 270, 27.0, 13, , 3130, 0, 0, 0, , 0, 0, 0, 0, 0, 
614, 0, 622, -1, -1, 191, 361, 21.0, 15, , 8159, 0, 0, 0, , 0, 0, 0, 0, 0, 
615, 1, 623, 612, -1, 302, 191, 20.0, 11, ABaraaappap, 1151, 0, 0, 0, , 0, 0, 0, 0, 0, 
616, 0, 624, -1, -1, 180, 311, 22.0, 21, , 24620, 0, 0, 0, , 0, 0, 0, 0, 0, 
617, 1, 625, 614, -1, 168, 344, 24.0, 13, Eplaa, 4074, 0, 0, 0, , 0, 0, 0, 0, 0, 
618, 1, 626, 615, -1, 180, 269, 13.0, 13, ABprpappapp, 2577, 0, 0, 0, , 0, 0, 0, 0, 0, 
619, 1, 627, 616, -1, 103, 239, 18.0, 19, Cpppppv, 9195, 0, 0, 0, , 0, 0, 0, 0, 0, 
620, 1, 628, 617, -1, 235, 172, 24.0, 11, ABpraaaapav, 2652, 0, 0, 0, , 0, 0, 0, 0, 0, 
621, 0, 629, -1, -1, 233, 248, 20.0, 15, , 7755, 0, 0, 0, , 0, 0, 0, 0, 0, 
622, 0, 631, -1, -1, 246, 336, 20.0, 13, , 2233, 0, 0, 0, , 0, 0, 0, 0, 0, 
623, 0, 632, -1, -1, 102, 249, 32.0, 15, , 1934, 0, 0, 0, , 0, 0, 0, 0, 0, 
624, 0, 635, -1, -1, 335, 232, 25.0, 11, , 2628, 0, 0, 0, , 0, 0, 0, 0, 0, 
625, 0, 636, -1, -1, 244, 248, 35.0, 17, , 4257, 0, 0, 0, , 0, 0, 0, 0, 0, 
626, 1, 637, 623, -1, 154, 327, 14.0, 13, Capaapp, 2523, 0, 0, 0, , 0, 0, 0, 0, 0, 
627, 1, 638, 624, -1, 293, 277, 16.0, 15, ABalpppppaa, 10821, 0, 0, 0, , 0, 0, 0, 0, 0, 
628, 1, 639, 625, -1, 267, 177, 24.0, 13, ABarapppaaa, 2912, 0, 0, 0, , 0, 0, 0, 0, 0, 
629, 0, 640, -1, -1, 217, 296, 27.0, 9, , 1209, 0, 0, 0, , 0, 0, 0, 0, 0, 
630, 1, 641, 627, -1, 316, 190, 28.0, 11, ABalaaappll, 811, 0, 0, 0, , 0, 0, 0, 0, 0, 
631, 0, 642, -1, -1, 289, 261, 28.0, 11, , 770, 0, 0, 0, , 0, 0, 0, 0, 0, 
632, 0, 643, -1, -1, 309, 253, 34.0, 19, , 6491, 0, 0, 0, , 0, 0, 0, 0, 0, 
633, 0, 644, -1, -1, 87, 290, 13.0, 13, , 4513, 0, 0, 0, , 0, 0, 0, 0, 0, 
634, 0, 645, -1, -1, 104, 226, 14.0, 7, , 349, 0, 0, 0, , 0, 0, 0, 0, 0, 
635, 0, 646, -1, -1, 238, 165, 16.0, 9, , 1010, 0, 0, 0, , 0, 0, 0, 0, 0, 
636, 0, 647, -1, -1, 355, 226, 17.0, 13, , 2944, 0, 0, 0, , 0, 0, 0, 0, 0, 
637, 1, 648, 634, -1, 316, 213, 18.0, 13, ABalpaappap, 2871, 0, 0, 0, , 0, 0, 0, 0, 0, 
638, 1, 649, 635, -1, 96, 283, 22.0, 15, Eprppa, 4225, 0, 0, 0, , 0, 0, 0, 0, 0, 
639, 0, 650, -1, -1, 284, 169, 30.0, 11, , 1547, 0, 0, 0, , 0, 0, 0, 0, 0, 
640, 0, 651, -1, -1, 355, 260, 25.0, 11, , 3160, 0, 0, 0, , 0, 0, 0, 0, 0, 
641, 0, 652, -1, -1, 252, 200, 30.0, 9, , 1510, 0, 0, 0, , 0, 0, 0, 0, 0, 
642, 1, 653, 639, -1, 101, 327, 27.0, 13, Eprpa, 2743, 0, 0, 0, , 0, 0, 0, 0, 0, 
643, 1, 654, 640, -1, 300, 234, 11.0, 15, ABplpaaappp, 6737, 0, 0, 0, , 0, 0, 0, 0, 0, 
644, 0, 655, -1, -1, 293, 200, 15.0, 13, , 6729, 0, 0, 0, , 0, 0, 0, 0, 0, 
645, 1, 656, 642, -1, 189, 336, 12.0, 19, ABplappaap, 19564, 0, 0, 0, , 0, 0, 0, 0, 0, 
646, 0, 657, -1, -1, 85, 231, 16.0, 9, , 1643, 0, 0, 0, , 0, 0, 0, 0, 0, 
647, 1, 658, 644, -1, 338, 264, 14.0, 11, ABalapaapap, 1519, 0, 0, 0, , 0, 0, 0, 0, 0, 
648, 0, 659, -1, -1, 283, 250, 26.0, 11, , 2558, 0, 0, 0, , 0, 0, 0, 0, 0, 
649, 1, 660, 646, -1, 297, 214, 34.0, 17, MSppappa, 2341, 0, 0, 0, , 0, 0, 0, 0, 0, 
650, 0, 661, -1, -1, 282, 240, 33.0, 13, , 2412, 0, 0, 0, , 0, 0, 0, 0, 0, 
651, 0, 662, -1, -1, 100, 238, 17.0, 15, , 9107, 0, 0, 0, , 0, 0, 0, 0, 0, 
652, 0, 663, -1, -1, 80, 259, 28.0, 13, , 1404, 0, 0, 0, , 0, 0, 0, 0, 0, 
653, 1, 664, 650, -1, 262, 160, 18.0, 17, ABpraappap, 6608, 0, 0, 0, , 0, 0, 0, 0, 0, 
654, 1, 665, 651, -1, 157, 327, 27.0, 13, Earpp, 4624, 0, 0, 0, , 0, 0, 0, 0, 0, 
655, 1, 666, 652, -1, 292, 313, 17.0, 15, ABarppaaap, 5676, 0, 0, 0, , 0, 0, 0, 0, 0, 
656, 0, 667, -1, -1, 212, 209, 22.0, 15, , 2627, 0, 0, 0, , 0, 0, 0, 0, 0, 
657, 0, 669, -1, -1, 154, 334, 28.0, 19, , 4235, 0, 0, 0, , 0, 0, 0, 0, 0, 
658, 0, 670, -1, -1, 195, 252, 28.0, 11, , 4972, 0, 0, 0, , 0, 0, 0, 0, 0, 
659, 1, 672, 656, -1, 182, 314, 35.0, 17, Cppapaa, 2901, 0, 0, 0, , 0, 0, 0, 0, 0, 
660, 0, 673, -1, -1, 274, 191, 34.0, 13, , 7205, 0, 0, 0, , 0, 0, 0, 0, 0, 
661, 0, 674, -1, -1, 253, 174, 33.0, 17, , 1394, 0, 0, 0, , 0, 0, 0, 0, 0, 
662, 1, 675, 659, -1, 298, 272, 35.0, 11, ABarppaapa, 912, 0, 0, 0, , 0, 0, 0, 0, 0, 
663, 0, 676, -1, -1, 354, 231, 22.0, 13, , 1200, 0, 0, 0, , 0, 0, 0, 0, 0, 
664, 0, 677, -1, -1, 308, 282, 21.0, 11, , 940, 0, 0, 0, , 0, 0, 0, 0, 0, 
665, 0, 678, -1, -1, 144, 290, 26.0, 21, , 23959, 0, 0, 0, , 0, 0, 0, 0, 0, 
666, 0, 679, -1, -1, 230, 321, 27.0, 17, , 3185, 0, 0, 0, , 0, 0, 0, 0, 0, 
667, 0, 680, -1, -1, 65, 284, 17.0, 13, , 3566, 0, 0, 0, , 0, 0, 0, 0, 0, 
668, 1, 681, 665, -1, 94, 235, 13.0, 13, ABprpppapap, 5105, 0, 0, 0, , 0, 0, 0, 0, 0, 
669, 0, 682, -1, -1, 239, 225, 21.0, 11, , 2397, 0, 0, 0, , 0, 0, 0, 0, 0, 
670, 0, 683, -1, -1, 193, 277, 26.0, 17, , 10960, 0, 0, 0, , 0, 0, 0, 0, 0, 
671, 1, 684, 666, -1, 336, 266, 27.0, 13, MSapaaap, 6496, 0, 0, 0, , 0, 0, 0, 0, 0, 
672, 0, 685, -1, -1, 122, 330, 28.0, 13, , 622, 0, 0, 0, , 0, 0, 0, 0, 0, 
673, 0, 686, -1, -1, 225, 176, 13.0, 11, , 1206, 0, 0, 0, , 0, 0, 0, 0, 0, 
674, 1, 687, 669, -1, 285, 216, 23.0, 13, ABarapaaaaa, 11911, 0, 0, 0, , 0, 0, 0, 0, 0, 
675, 1, 688, 670, -1, 289, 182, 17.0, 15, ABprpaaapaa, 6700, 0, 0, 0, , 0, 0, 0, 0, 0, 
676, 0, 689, -1, -1, 228, 158, 24.0, 9, , 604, 0, 0, 0, , 0, 0, 0, 0, 0, 
677, 0, 690, -1, -1, 252, 157, 25.0, 11, , 1230, 0, 0, 0, , 0, 0, 0, 0, 0, 
678, 0, 691, -1, -1, 222, 312, 30.0, 17, , 19562, 0, 0, 0, , 0, 0, 0, 0, 0, 
679, 1, 692, 674, -1, 264, 226, 13.0, 15, ABplpapaapp, 2980, 0, 0, 0, , 0, 0, 0, 0, 0, 
680, 0, 693, -1, -1, 298, 251, 13.0, 7, , 337, 0, 0, 0, , 0, 0, 0, 0, 0, 
681, 0, 694, -1, -1, 92, 272, 11.0, 9, , 698, 0, 0, 0, , 0, 0, 0, 0, 0, 
682, 0, 695, -1, -1, 247, 242, 18.0, 9, , 1422, 0, 0, 0, , 0, 0, 0, 0, 0, 
683, 0, -1, -1, -1, 323, 238, 30.0, 11, , 1474, 0, 0, 0, , 0, 0, 0, 0, 0, 
684, 1, 473, 678, -1, 320, 222, 22.0, 13, ABalpaapaaa, 6829, 0, 0, 0, , 0, 0, 0, 0, 0, 
685, 0, -1, -1, -1, 91, 329, 23.0, 13, , 5754, 0, 0, 0, , 0, 0, 0, 0, 0, 
686, 0, -1, -1, -1, 254, 265, 26.0, 9, , 580, 0, 0, 0, , 0, 0, 0, 0, 0, 
687, 0, -1, -1, -1, 289, 177, 34.0, 15, , 1294, 0, 0, 0, , 0, 0, 0, 0, 0, 
688, 0, -1, -1, -1, 193, 332, 14.0, 13, , 2217, 0, 0, 0, , 0, 0, 0, 0, 0, 
689, 0, -1, -1, -1, 288, 299, 16.0, 9, , 556, 0, 0, 0, , 0, 0, 0, 0, 0, 
690, 1, 747, 684, -1, 298, 207, 22.0, 11, ABaraaaaapa, 1469, 0, 0, 0, , 0, 0, 0, 0, 0, 
691, 0, -1, -1, -1, 350, 225, 24.0, 15, , 1608, 0, 0, 0, , 0, 0, 0, 0, 0, 
692, 0, -1, -1, -1, 220, 166, 27.0, 11, , 1027, 0, 0, 0, , 0, 0, 0, 0, 0, 
693, 0, -1, -1, -1, 254, 161, 31.0, 11, , 1325, 0, 0, 0, , 0, 0, 0, 0, 0, 
694, 1, 718, 688, -1, 281, 259, 14.0, 11, MSapppaa, 1088, 0, 0, 0, , 0, 0, 0, 0, 0, 
695, 0, 697, -1, -1, 358, 227, 23.0, 11, , 0, 0, 0, 0, , 0, 0, 0, 0, 0, 
696, 1, 698, 692, -1, 214, 232, 16.6, 15, ABplpappaap, 0, 0, 0, 0, , 0, 0, 0, 0, 0, 
697, 1, 700, 694, -1, 252, 295, 16.0, 16, ABplppaaaap, 0, 0, 0, 0, , 0, 0, 0, 0, 0, 
698, 0, -1, -1, -1, 100, 254, 10.0, 10, , 0, 0, 0, 0, , 0, 0, 0, 0, 0, 
699, 1, 702, 696, -1, 105, 249, 11.0, 14, ABplpppapap, 0, 0, 0, 0, , 0, 0, 0, 0, 0, 
700, 1, 76, 697, -1, 102, 308, 12.0, 13, ABplapppaaa, 0, 0, 0, 0, , 0, 0, 0, 0, 0, 
701, 0, 704, -1, -1, 282, 180, 23.0, 12, , 0, 0, 0, 0, , 0, 0, 0, 0, 0, 
702, 0, 705, -1, -1, 365, 258, 30.166666, 13, , 0, 0, 0, 0, , 0, 0, 0, 0, 0, 
703, 0, 706, -1, -1, 280, 183, 26.0, 13, , 0, 0, 0, 0, , 0, 0, 0, 0, 0, 
704, 1, 707, 700, -1, 334, 275, 24.0, 13, ABalapaaapa, 0, 0, 0, 0, , 0, 0, 0, 0, 0, 
705, 1, 708, 750, -1, 323, 257, 18.0, 13, ABalapaappa, 0, 0, 0, 0, , 0, 0, 0, 0, 0, 
706, 1, 710, 701, -1, 202, 315, 34.0, 13, Dppppp, 0, 0, 0, 0, , 0, 0, 0, 0, 0, 
707, 1, 711, 702, -1, 133, 280, 29.0, 13, Cppaapp, 0, 0, 0, 0, , 0, 0, 0, 0, 0, 
708, 0, 712, -1, -1, 128, 336, 29.0, 15, , 0, 0, 0, 0, , 0, 0, 0, 0, 0, 
709, 1, 713, 704, -1, 229, 350, 23.4, 15, Cpaaap, 0, 0, 0, 0, , 0, 0, 0, 0, 0, 
710, 1, 714, 705, -1, 246, 337, 23.0, 17, Caaaaa, 0, 0, 0, 0, , 0, 0, 0, 0, 0, 
711, 1, 716, 706, -1, 221, 308, 30.0, 15, Earaav, 0, 0, 0, 0, , 0, 0, 0, 0, 0, 
712, 1, 717, 707, -1, 307, 252, 33.666668, 15, MSpppaaa, 0, 0, 0, 0, , 0, 0, 0, 0, 0, 
713, 1, 719, 709, -1, 289, 257, 28.0, 13, MSaaapaaa, 0, 0, 0, 0, , 0, 0, 0, 0, 0, 
714, 1, 720, 710, -1, 298, 222, 31.0, 11, MSaaaaaar, 0, 0, 0, 0, , 0, 0, 0, 0, 0, 
715, 1, 721, 711, -1, 212, 177, 17.571428, 11, ABprppaapaa, 0, 0, 0, 0, , 0, 0, 0, 0, 0, 
716, 1, 722, 712, -1, 278, 203, 14.0, 13, ABprpappaaa, 0, 0, 0, 0, , 0, 0, 0, 0, 0, 
717, 1, 723, 713, -1, 250, 181, 13.0, 11, ABprpaappppp, 0, 0, 0, 0, , 0, 0, 0, 0, 0, 
718, 1, 724, 714, -1, 227, 194, 15.666667, 14, ABprpaapppa, 0, 0, 0, 0, , 0, 0, 0, 0, 0, 
719, 1, 725, 715, -1, 97, 247, 28.0, 12, ABprapppaap, 0, 0, 0, 0, , 0, 0, 0, 0, 0, 
720, 1, 50, 716, -1, 231, 182, 30.333334, 13, ABpraapapppa, 2793, 0, 0, 0, , 0, 0, 0, 0, 0, 
721, 1, 548, 717, -1, 223, 200, 27.5, 11, ABpraaapppaa, 564, 0, 0, 0, , 0, 0, 0, 0, 0, 
722, 1, 727, 718, -1, 276, 185, 30.88889, 13, ABpraaapapa, 3478, 0, 0, 0, , 0, 0, 0, 0, 0, 
723, 1, 728, 719, -1, 254, 227, 14.0, 13, ABplpapaapa, 0, 0, 0, 0, , 0, 0, 0, 0, 0, 
724, 1, 99, 721, -1, 252, 237, 12.909091, 13, ABplpaapppa, 3193, 0, 0, 0, , 0, 0, 0, 0, 0, 
725, 1, 730, 722, -1, 310, 237, 16.0, 15, ABalppappap, 0, 0, 0, 0, , 0, 0, 0, 0, 0, 
726, 1, 731, 723, -1, 265, 307, 19.0, 13, ABplapaaapp, 0, 0, 0, 0, , 0, 0, 0, 0, 0, 
727, 1, 732, 724, -1, 261, 302, 17.11111, 13, ABplapaaapa, 3777, 0, 0, 0, , 0, 0, 0, 0, 0, 
728, 1, 733, 725, -1, 337, 269, 18.666666, 15, ABplaapaapp, 0, 0, 0, 0, , 0, 0, 0, 0, 0, 
729, 1, 734, 726, -1, 343, 284, 19.666666, 15, ABplaaappp, 0, 0, 0, 0, , 0, 0, 0, 0, 0, 
730, 1, 735, 727, -1, 146, 274, 33.0, 15, ABarpppppa, 0, 0, 0, 0, , 0, 0, 0, 0, 0, 
731, 1, 736, 728, -1, 226, 228, 35.0, 15, ABarpppapa, 0, 0, 0, 0, , 0, 0, 0, 0, 0, 
732, 1, 768, 729, -1, 327, 188, 27.88889, 13, ABarpapaappa, 0, 0, 0, 0, , 0, 0, 0, 0, 0, 
733, 1, 738, 730, -1, 332, 248, 32.0, 15, ABalapapapa, 0, 0, 0, 0, , 0, 0, 0, 0, 0, 
734, 1, 739, 731, -1, 322, 260, 36.0, 15, ABarpaappa, 0, 0, 0, 0, , 0, 0, 0, 0, 0, 
735, 0, 740, -1, -1, 328, 249, 30.0, 15, , 0, 0, 0, 0, , 0, 0, 0, 0, 0, 
736, 0, 741, -1, -1, 272, 196, 12.0, 12, , 907, 0, 0, 0, , 0, 0, 0, 0, 0, 
737, 1, 742, 734, -1, 294, 200, 15.0, 13, ABarappaapa, 0, 0, 0, 0, , 0, 0, 0, 0, 0, 
738, 1, 743, 735, -1, 255, 231, 23.8, 15, ABarapapppp, 0, 0, 0, 0, , 0, 0, 0, 0, 0, 
739, 1, 744, 736, -1, 244, 229, 26.0, 13, ABarapaappp, 0, 0, 0, 0, , 0, 0, 0, 0, 0, 
740, 1, 699, 737, -1, 243, 243, 27.2, 13, ABaraapppaa, 0, 0, 0, 0, , 0, 0, 0, 0, 0, 
741, 1, 745, 738, -1, 311, 220, 25.6, 11, ABaraaaapap, 0, 0, 0, 0, , 0, 0, 0, 0, 0, 
742, 1, 746, 739, -1, 281, 217, 26.0, 11, ABaraaaaapp, 2416, 0, 0, 0, , 0, 0, 0, 0, 0, 
743, 1, 749, 740, -1, 307, 285, 21.571428, 13, ABalppppaav, 3464, 0, 0, 0, , 0, 0, 0, 0, 0, 
744, 1, 328, 741, -1, 306, 205, 12.071428, 13, ABalppapapp, 4342, 0, 0, 0, , 0, 0, 0, 0, 0, 
745, 1, 750, 742, -1, 303, 225, 12.5, 15, ABalppaappp, 0, 0, 0, 0, , 0, 0, 0, 0, 0, 
746, 1, 752, 743, -1, 281, 226, 19.0, 13, ABalpappapa, 0, 0, 0, 0, , 0, 0, 0, 0, 0, 
747, 1, 753, 744, -1, 257, 219, 14.0, 13, ABalpapapaa, 4333, 0, 0, 0, , 0, 0, 0, 0, 0, 
748, 1, 754, 745, -1, 306, 243, 24.555555, 13, ABalpaapaap, 0, 0, 0, 0, , 0, 0, 0, 0, 0, 
749, 0, 756, -1, -1, 329, 200, 27.333334, 13, , 0, 0, 0, 0, , 0, 0, 0, 0, 0, 
750, 1, 715, 747, -1, 128, 328, 26.846153, 15, Eprap, 0, 0, 0, 0, , 0, 0, 0, 0, 0, 
751, 0, 757, -1, -1, 264, 201, 31.0, 13, , 0, 0, 0, 0, , 0, 0, 0, 0, 0, 
752, 1, 758, 749, -1, 333, 232, 26.0, 15, ABalapappaa, 0, 0, 0, 0, , 0, 0, 0, 0, 0, 
753, 1, 326, 751, -1, 305, 272, 15.0, 13, ABalapaapaa, 885, 0, 0, 0, , 0, 0, 0, 0, 0, 
754, 0, 759, -1, -1, 327, 292, 23.0, 11, , 0, 0, 0, 0, , 0, 0, 0, 0, 0, 
755, 1, 760, 753, -1, 305, 204, 17.428572, 15, ABalpapaapa, 6080, 0, 0, 0, , 0, 0, 0, 0, 0, 
756, 1, 761, 766, -1, 103, 248, 12.166667, 13, Caapaa, 0, 0, 0, 0, , 0, 0, 0, 0, 0, 
757, 1, 763, 756, -1, 305, 237, 14.0, 15, ABplpaaappa, 0, 0, 0, 0, , 0, 0, 0, 0, 0, 
758, 1, 764, 757, -1, 136, 312, 15.0, 17, Z3, 0, 0, 0, 0, , 0, 0, 0, 0, 0, 
759, 1, 765, 758, -1, 288, 242, 34.0, 15, MSpppppp, 0, 0, 0, 0, , 0, 0, 0, 0, 0, 
760, 1, 766, 760, -1, 308, 295, 15.666667, 15, ABalpppppppa, 0, 0, 0, 0, , 0, 0, 0, 0, 0, 
761, 1, 767, 761, -1, 321, 264, 13.0, 13, ABalppaaapa, 0, 0, 0, 0, , 0, 0, 0, 0, 0, 
762, 1, 769, 762, -1, 275, 191, 22.285715, 13, ABarappppap, 0, 0, 0, 0, , 0, 0, 0, 0, 0, 
763, 1, 770, 763, -1, 348, 231, 29.0, 11, ABalapapapp, 0, 0, 0, 0, , 0, 0, 0, 0, 0, 
764, 0, 771, -1, -1, 178, 342, 31.333334, 15, , 0, 0, 0, 0, , 0, 0, 0, 0, 0, 
765, 1, 772, 765, -1, 186, 284, 34.0, 15, Caaaap, 0, 0, 0, 0, , 0, 0, 0, 0, 0, 
766, 1, 773, 767, -1, 117, 298, 35.0, 15, Caaapp, 0, 0, 0, 0, , 0, 0, 0, 0, 0, 
767, 1, 774, 768, -1, 158, 301, 33.0, 15, Caaapa, 0, 0, 0, 0, , 0, 0, 0, 0, 0, 
768, 1, 775, 769, -1, 190, 363, 21.666666, 15, Cpaapa, 0, 0, 0, 0, , 0, 0, 0, 0, 0, 
769, 1, 776, 771, -1, 285, 181, 19.0, 13, ABpraaaaaap, 0, 0, 0, 0, , 0, 0, 0, 0, 0, 
770, 1, 777, 772, -1, 99, 312, 13.0, 13, ABplpppaapa, 0, 0, 0, 0, , 0, 0, 0, 0, 0, 
771, 1, 778, 773, -1, 344, 250, 33.666668, 15, ABarpaapap, 0, 0, 0, 0, , 0, 0, 0, 0, 0, 
772, 1, 779, 774, -1, 257, 173, 32.0, 15, ABarpapppp, 0, 0, 0, 0, , 0, 0, 0, 0, 0, 
773, 0, 748, -1, -1, 289, 300, 17.0, 11, , 0, 0, 0, 0, , 0, 0, 0, 0, 0, 
774, 1, 780, 776, -1, 291, 298, 16.0, 11, ABalppppppaa, 0, 0, 0, 0, , 0, 0, 0, 0, 0, 
775, 1, 781, 777, -1, 324, 289, 21.5, 11, ABalapapppa, 0, 0, 0, 0, , 0, 0, 0, 0, 0, 
776, 1, 782, 778, -1, 258, 191, 33.0, 13, ABalapppppa, 0, 0, 0, 0, , 0, 0, 0, 0, 0, 
777, 1, 783, 781, -1, 286, 178, 21.0, 13, ABalaapaapp, 0, 0, 0, 0, , 0, 0, 0, 0, 0, 
778, 0, 784, -1, -1, 260, 199, 31.0, 13, , 0, 0, 0, 0, , 0, 0, 0, 0, 0, 
779, 1, 785, 782, -1, 275, 175, 17.0, 13, ABalaapappp, 0, 0, 0, 0, , 0, 0, 0, 0, 0, 
780, 1, 787, 783, -1, 279, 186, 25.0, 13, ABalaappppa, 0, 0, 0, 0, , 0, 0, 0, 0, 0, 
781, 1, 788, 784, -1, 286, 187, 27.5, 13, ABalaappppp, 0, 0, 0, 0, , 0, 0, 0, 0, 0, 
782, 1, 789, 785, -1, 321, 240, 33.0, 15, ABalapppapa, 0, 0, 0, 0, , 0, 0, 0, 0, 0, 
783, 1, 790, 786, -1, 285, 182, 33.0, 15, ABalappappp, 0, 0, 0, 0, , 0, 0, 0, 0, 0, 
784, 1, 791, 787, -1, 261, 201, 32.0, 13, ABalappapaa, 0, 0, 0, 0, , 0, 0, 0, 0, 0, 
785, 1, 792, 788, -1, 279, 242, 16.0, 15, MSapaaaav, 0, 0, 0, 0, , 0, 0, 0, 0, 0, 
786, 1, 793, 789, -1, 346, 222, 23.0, 13, ABalapappap, 0, 0, 0, 0, , 0, 0, 0, 0, 0, 
