1, 1, 1, 1, -1, 291, 221, 27.0, 11, ABaraaapaap, 3098, 0, 0, 0, , 0, 0, 0, 0, 0, 
2, 1, 2, 2, -1, 250, 235, 30.0, 13, ABaraaapapp, 3850, 0, 0, 0, , 0, 0, 0, 0, 0, 
3, 1, 3, 3, -1, 230, 233, 24.0, 13, ABaraappppp, 2638, 0, 0, 0, , 0, 0, 0, 0, 0, 
4, 1, 4, 4, -1, 260, 285, 19.0, 13, ABaraapappa, 6495, 0, 0, 0, , 0, 0, 0, 0, 0, 
5, 1, 5, 5, -1, 252, 266, 18.0, 13, ABaraapappp, 7891, 0, 0, 0, , 0, 0, 0, 0, 0, 
6, 1, 6, 6, -1, 274, 299, 24.0, 15, ABaraapapap, 7418, 0, 0, 0, , 0, 0, 0, 0, 0, 
7, 1, 7, 7, -1, 304, 223, 24.0, 15, ABaraapaaaa, 7254, 0, 0, 0, , 0, 0, 0, 0, 0, 
8, 1, 8, 8, -1, 312, 247, 27.0, 15, ABaraapaaap, 9130, 0, 0, 0, , 0, 0, 0, 0, 0, 
9, 1, 9, 9, -1, 295, 278, 29.0, 13, MSaaaaapp, 5371, 0, 0, 0, , 0, 0, 0, 0, 0, 
10, 1, 10, 10, -1, 308, 261, 27.0, 13, ABaraapaapa, 7815, 0, 0, 0, , 0, 0, 0, 0, 0, 
11, 1, 11, 11, -1, 323, 206, 24.0, 11, ABaraaappaa, 3194, 0, 0, 0, , 0, 0, 0, 0, 0, 
12, 1, 12, 12, -1, 313, 194, 23.0, 13, ABaraaapppa, 2542, 0, 0, 0, , 0, 0, 0, 0, 0, 
13, 1, 13, 13, -1, 307, 189, 26.0, 13, ABaraaapppp, 3901, 0, 0, 0, , 0, 0, 0, 0, 0, 
14, 1, 14, 14, -1, 308, 205, 24.0, 11, ABaraaapaaa, 3404, 0, 0, 0, , 0, 0, 0, 0, 0, 
15, 1, 15, 15, -1, 252, 259, 31.0, 17, ABaraappapp, 10455, 0, 0, 0, , 0, 0, 0, 0, 0, 
16, 1, 16, 16, -1, 303, 245, 22.0, 13, ABaraaaaaap, 3351, 0, 0, 0, , 0, 0, 0, 0, 0, 
17, 0, 17, -1, -1, 290, 260, 26.0, 11, , 745, 0, 0, 0, , 0, 0, 0, 0, 0, 
18, 1, 18, 18, -1, 222, 268, 20.0, 11, ABalpappapp, 3225, 0, 0, 0, , 0, 0, 0, 0, 0, 
19, 1, 19, 19, -1, 247, 215, 25.0, 11, ABarapapaapp, 5500, 0, 0, 0, , 0, 0, 0, 0, 0, 
20, 1, 20, 20, -1, 251, 218, 27.0, 15, ABarapappaa, 6215, 0, 0, 0, , 0, 0, 0, 0, 0, 
21, 1, 21, 21, -1, 286, 190, 10.0, 11, ABalaapappa, 3561, 0, 0, 0, , 0, 0, 0, 0, 0, 
22, 1, 22, 22, -1, 281, 216, 20.0, 13, ABarapaaapp, 9971, 0, 0, 0, , 0, 0, 0, 0, 0, 
23, 1, 23, 23, -1, 271, 223, 27.0, 13, ABarapaapap, 6309, 0, 0, 0, , 0, 0, 0, 0, 0, 
24, 0, 24, -1, -1, 273, 240, 28.0, 9, , 1090, 0, 0, 0, , 0, 0, 0, 0, 0, 
25, 1, 25, 25, -1, 257, 196, 14.0, 11, ABarapppapa, 6477, 0, 0, 0, , 0, 0, 0, 0, 0, 
26, 1, 26, 26, -1, 299, 183, 12.0, 15, ABalpapaaap, 14335, 0, 0, 0, , 0, 0, 0, 0, 0, 
27, 1, 27, 27, -1, 288, 175, 15.0, 11, ABarapppapp, 6122, 0, 0, 0, , 0, 0, 0, 0, 0, 
28, 0, 28, -1, -1, 273, 188, 23.0, 13, , 4669, 0, 0, 0, , 0, 0, 0, 0, 0, 
29, 1, 29, 29, -1, 282, 182, 14.0, 13, ABarapppaap, 5771, 0, 0, 0, , 0, 0, 0, 0, 0, 
30, 1, 30, 30, -1, 246, 181, 25.0, 9, ABalaapppap, 804, 0, 0, 0, , 0, 0, 0, 0, 0, 
31, 1, 31, 31, -1, 279, 194, 19.0, 11, ABarapppppp, 1616, 0, 0, 0, , 0, 0, 0, 0, 0, 
32, 1, 32, 32, -1, 291, 195, 24.0, 13, ABarappaaaa, 6890, 0, 0, 0, , 0, 0, 0, 0, 0, 
33, 1, 33, 33, -1, 253, 206, 17.0, 13, ABarappapaa, 5978, 0, 0, 0, , 0, 0, 0, 0, 0, 
34, 1, 34, 34, -1, 212, 206, 14.0, 11, ABprpapappa, 2530, 0, 0, 0, , 0, 0, 0, 0, 0, 
35, 1, 35, 35, -1, 278, 159, 28.0, 17, ABarpapppa, 4563, 0, 0, 0, , 0, 0, 0, 0, 0, 
36, 0, 36, -1, -1, 324, 189, 30.0, 13, , 1956, 0, 0, 0, , 0, 0, 0, 0, 0, 
37, 1, 37, 37, -1, 349, 186, 21.0, 15, ABarpapapa, 4110, 0, 0, 0, , 0, 0, 0, 0, 0, 
38, 1, 38, 38, -1, 356, 196, 30.0, 13, ABarpaapaa, 2693, 0, 0, 0, , 0, 0, 0, 0, 0, 
39, 1, 39, 39, -1, 355, 209, 27.0, 13, ABarpaaaaar, 3581, 0, 0, 0, , 0, 0, 0, 0, 0, 
40, 1, 40, 40, -1, 345, 215, 26.0, 11, ABarpaaaapa, 3015, 0, 0, 0, , 0, 0, 0, 0, 0, 
41, 1, 41, 41, -1, 353, 182, 27.0, 11, ABarpaaapp, 3405, 0, 0, 0, , 0, 0, 0, 0, 0, 
42, 1, 42, 42, -1, 336, 213, 27.0, 15, ABarpaaapaa, 2513, 0, 0, 0, , 0, 0, 0, 0, 0, 
43, 1, 43, 43, -1, 332, 179, 29.0, 13, ABarpaaapap, 3045, 0, 0, 0, , 0, 0, 0, 0, 0, 
44, 1, 44, 44, -1, 259, 319, 20.0, 13, ABarppaapp, 5462, 0, 0, 0, , 0, 0, 0, 0, 0, 
45, 1, 45, 45, -1, 172, 352, 16.0, 15, ABarppappa, 5683, 0, 0, 0, , 0, 0, 0, 0, 0, 
46, 1, 46, 46, -1, 242, 331, 15.0, 17, ABarppapap, 7053, 0, 0, 0, , 0, 0, 0, 0, 0, 
47, 1, 47, 47, -1, 206, 226, 33.0, 15, ABarppppaa, 3156, 0, 0, 0, , 0, 0, 0, 0, 0, 
48, 1, 48, 48, -1, 191, 248, 32.0, 15, ABarppppap, 3065, 0, 0, 0, , 0, 0, 0, 0, 0, 
49, 1, 49, 49, -1, 322, 225, 28.0, 13, ABalapppaap, 2106, 0, 0, 0, , 0, 0, 0, 0, 0, 
50, 0, 50, -1, -1, 329, 253, 29.0, 9, , 415, 0, 0, 0, , 0, 0, 0, 0, 0, 
51, 1, 51, 51, -1, 355, 230, 31.0, 15, ABarpapapp, 6196, 0, 0, 0, , 0, 0, 0, 0, 0, 
52, 0, 52, -1, -1, 328, 268, 21.0, 13, , 2324, 0, 0, 0, , 0, 0, 0, 0, 0, 
53, 1, 53, 53, -1, 337, 289, 19.0, 11, ABalapaaaap, 2965, 0, 0, 0, , 0, 0, 0, 0, 0, 
54, 0, 54, -1, -1, 315, 293, 22.0, 13, , 4076, 0, 0, 0, , 0, 0, 0, 0, 0, 
55, 1, 55, 55, -1, 279, 160, 24.0, 11, ABalaapaapa, 3541, 0, 0, 0, , 0, 0, 0, 0, 0, 
56, 1, 56, 56, -1, 283, 167, 21.0, 13, ABalaappapp, 3103, 0, 0, 0, , 0, 0, 0, 0, 0, 
57, 1, 57, 57, -1, 258, 184, 27.0, 15, ABarappppaa, 4553, 0, 0, 0, , 0, 0, 0, 0, 0, 
58, 1, 58, 58, -1, 240, 170, 27.0, 11, ABalaapppaa, 3282, 0, 0, 0, , 0, 0, 0, 0, 0, 
59, 1, 59, 59, -1, 297, 200, 28.0, 13, ABalaaaarrp, 3671, 0, 0, 0, , 0, 0, 0, 0, 0, 
60, 1, 771, 60, -1, 288, 182, 20.0, 13, ABpraaaaaap, 3739, 0, 0, 0, , 0, 0, 0, 0, 0, 
61, 1, 61, 61, -1, 315, 173, 22.0, 13, ABarpappaa, 4783, 0, 0, 0, , 0, 0, 0, 0, 0, 
62, 1, 62, 62, -1, 327, 242, 21.0, 11, ABalaaaarlp, 3482, 0, 0, 0, , 0, 0, 0, 0, 0, 
63, 1, 63, 63, -1, 328, 237, 14.0, 11, ABalaaaalpp, 3033, 0, 0, 0, , 0, 0, 0, 0, 0, 
64, 1, 64, 64, -1, 340, 184, 25.0, 11, ABpraapaaap, 3629, 0, 0, 0, , 0, 0, 0, 0, 0, 
65, 0, -1, -1, -1, 282, 190, 29.0, 11, , 2011, 0, 0, 0, , 0, 0, 0, 0, 0, 
66, 1, 66, 66, -1, 299, 160, 22.0, 11, ABpraaaaapv, 3648, 0, 0, 0, , 0, 0, 0, 0, 0, 
67, 1, 67, 67, -1, 336, 232, 32.0, 13, ABalappaap, 8212, 0, 0, 0, , 0, 0, 0, 0, 0, 
68, 1, 68, 68, -1, 114, 257, 13.0, 13, ABplppppapp, 3772, 0, 0, 0, , 0, 0, 0, 0, 0, 
69, 1, 69, 69, -1, 122, 283, 16.0, 13, ABplppppaaa, 3704, 0, 0, 0, , 0, 0, 0, 0, 0, 
70, 1, 70, 70, -1, 108, 279, 18.0, 11, ABplppppaap, 4170, 0, 0, 0, , 0, 0, 0, 0, 0, 
71, 1, 71, 71, -1, 79, 258, 13.0, 15, ABplppppppp, 5536, 0, 0, 0, , 0, 0, 0, 0, 0, 
72, 1, 72, 72, -1, 90, 260, 13.0, 13, ABplppppppa, 4176, 0, 0, 0, , 0, 0, 0, 0, 0, 
73, 1, 73, 73, -1, 97, 310, 16.0, 15, ABplpppppap, 4660, 0, 0, 0, , 0, 0, 0, 0, 0, 
74, 1, 74, 74, -1, 112, 297, 17.0, 13, ABplpppppaa, 4792, 0, 0, 0, , 0, 0, 0, 0, 0, 
75, 1, 75, 75, -1, 108, 275, 10.0, 15, ABplpppapaa, 3986, 0, 0, 0, , 0, 0, 0, 0, 0, 
76, 1, 76, 76, -1, 108, 288, 13.0, 11, ABplpppaapp, 4044, 0, 0, 0, , 0, 0, 0, 0, 0, 
77, 1, 77, 77, -1, 143, 265, 13.0, 13, ABplpppaaaa, 5638, 0, 0, 0, , 0, 0, 0, 0, 0, 
78, 1, 78, 78, -1, 147, 297, 14.0, 13, ABplpppaaap, 5874, 0, 0, 0, , 0, 0, 0, 0, 0, 
79, 1, 79, 79, -1, 144, 290, 17.0, 15, ABplppapppp, 3997, 0, 0, 0, , 0, 0, 0, 0, 0, 
80, 1, 80, 80, -1, 180, 277, 16.0, 13, ABplppapppa, 4596, 0, 0, 0, , 0, 0, 0, 0, 0, 
81, 1, 81, 81, -1, 203, 264, 14.0, 13, ABplppappap, 4119, 0, 0, 0, , 0, 0, 0, 0, 0, 
82, 1, 82, 82, -1, 211, 251, 14.0, 13, ABplppappaa, 7107, 0, 0, 0, , 0, 0, 0, 0, 0, 
83, 1, 83, 83, -1, 193, 276, 14.0, 13, ABplppapapa, 4464, 0, 0, 0, , 0, 0, 0, 0, 0, 
84, 1, 84, 84, -1, 179, 293, 16.0, 13, ABplppapapp, 5263, 0, 0, 0, , 0, 0, 0, 0, 0, 
85, 1, 85, 85, -1, 158, 292, 16.0, 15, ABplppaappp, 4832, 0, 0, 0, , 0, 0, 0, 0, 0, 
86, 0, 86, -1, -1, 276, 200, 14.0, 13, , 3749, 0, 0, 0, , 0, 0, 0, 0, 0, 
87, 1, 87, 87, -1, 204, 274, 20.0, 13, MSaappap, 3238, 0, 0, 0, , 0, 0, 0, 0, 0, 
88, 1, 88, 88, -1, 105, 261, 16.0, 13, ABplpappppp, 3852, 0, 0, 0, , 0, 0, 0, 0, 0, 
89, 1, 89, 89, -1, 120, 272, 19.0, 11, ABplpappppa, 3081, 0, 0, 0, , 0, 0, 0, 0, 0, 
90, 1, 90, 90, -1, 120, 270, 14.0, 15, ABplpapppaa, 3058, 0, 0, 0, , 0, 0, 0, 0, 0, 
91, 1, 91, 91, -1, 119, 254, 19.0, 13, ABplpapppap, 3676, 0, 0, 0, , 0, 0, 0, 0, 0, 
92, 1, 92, 92, -1, 229, 228, 12.0, 13, ABplpapappa, 2979, 0, 0, 0, , 0, 0, 0, 0, 0, 
93, 1, 93, 93, -1, 163, 294, 18.0, 13, ABprppapppa, 3119, 0, 0, 0, , 0, 0, 0, 0, 0, 
94, 1, 94, 94, -1, 230, 246, 15.0, 15, ABplpapapap, 4695, 0, 0, 0, , 0, 0, 0, 0, 0, 
95, 1, 95, 95, -1, 227, 260, 14.0, 15, ABplpapapaa, 3955, 0, 0, 0, , 0, 0, 0, 0, 0, 
96, 1, 96, 96, -1, 240, 236, 15.0, 11, ABplpapaaap, 3969, 0, 0, 0, , 0, 0, 0, 0, 0, 
97, 1, 97, 97, -1, 257, 234, 15.0, 15, ABplpapaaaa, 6314, 0, 0, 0, , 0, 0, 0, 0, 0, 
98, 1, 98, 98, -1, 212, 259, 16.0, 15, ABplppapaap, 5178, 0, 0, 0, , 0, 0, 0, 0, 0, 
99, 0, 99, -1, -1, 321, 264, 11.0, 13, , 5365, 0, 0, 0, , 0, 0, 0, 0, 0, 
100, 1, 100, 99, -1, 308, 259, 13.0, 17, ABplpaaaaaa, 7309, 0, 0, 0, , 0, 0, 0, 0, 0, 
101, 1, 101, 100, -1, 300, 209, 10.0, 13, ABplpaapapp, 7056, 0, 0, 0, , 0, 0, 0, 0, 0, 
102, 1, 102, 101, -1, 270, 294, 14.0, 11, ABplpaappap, 5198, 0, 0, 0, , 0, 0, 0, 0, 0, 
103, 1, 103, 102, -1, 275, 277, 14.0, 17, ABplpaappaa, 4861, 0, 0, 0, , 0, 0, 0, 0, 0, 
104, 1, 104, 103, -1, 287, 219, 11.0, 11, ABplpaappppa, 3338, 0, 0, 0, , 0, 0, 0, 0, 0, 
105, 0, 105, -1, -1, 275, 232, 12.0, 11, , 2815, 0, 0, 0, , 0, 0, 0, 0, 0, 
106, 1, 106, 105, -1, 285, 296, 13.0, 13, ABplpaapaap, 5403, 0, 0, 0, , 0, 0, 0, 0, 0, 
107, 0, 107, -1, -1, 306, 283, 19.0, 13, , 5012, 0, 0, 0, , 0, 0, 0, 0, 0, 
108, 1, 108, 107, -1, 356, 252, 18.0, 13, ABplpaapapa, 5362, 0, 0, 0, , 0, 0, 0, 0, 0, 
109, 1, 109, 108, -1, 349, 196, 23.0, 15, ABplaapaaaa, 4062, 0, 0, 0, , 0, 0, 0, 0, 0, 
110, 1, 110, 109, -1, 353, 207, 21.0, 13, ABplaapaaap, 4943, 0, 0, 0, , 0, 0, 0, 0, 0, 
111, 1, 111, 110, -1, 342, 244, 17.0, 13, ABplaapaapa, 5293, 0, 0, 0, , 0, 0, 0, 0, 0, 
112, 1, 112, 111, -1, 310, 296, 17.0, 11, ABplaapapppa, 2957, 0, 0, 0, , 0, 0, 0, 0, 0, 
113, 1, 113, 112, -1, 297, 298, 18.0, 11, ABplaapapppp, 2952, 0, 0, 0, , 0, 0, 0, 0, 0, 
114, 1, 114, 113, -1, 285, 277, 17.0, 13, ABplaapappa, 3320, 0, 0, 0, , 0, 0, 0, 0, 0, 
115, 1, 115, 114, -1, 284, 297, 19.0, 11, ABplaapapap, 3684, 0, 0, 0, , 0, 0, 0, 0, 0, 
116, 1, 116, 115, -1, 272, 283, 17.0, 11, ABplaapapaa, 3921, 0, 0, 0, , 0, 0, 0, 0, 0, 
117, 0, 117, -1, -1, 334, 269, 30.0, 15, , 3131, 0, 0, 0, , 0, 0, 0, 0, 0, 
118, 0, 118, -1, -1, 344, 239, 31.0, 9, , 1690, 0, 0, 0, , 0, 0, 0, 0, 0, 
119, 1, 119, 118, -1, 365, 220, 28.0, 15, ABplaaaapp, 4037, 0, 0, 0, , 0, 0, 0, 0, 0, 
120, 1, 120, 119, -1, 349, 252, 13.0, 15, ABplaaappa, 6428, 0, 0, 0, , 0, 0, 0, 0, 0, 
121, 0, 121, -1, -1, 337, 267, 17.0, 15, , 3662, 0, 0, 0, , 0, 0, 0, 0, 0, 
122, 0, 122, -1, -1, 340, 281, 17.0, 13, , 1001, 0, 0, 0, , 0, 0, 0, 0, 0, 
123, 1, 123, 122, -1, 342, 250, 20.0, 11, ABalppppapa, 1305, 0, 0, 0, , 0, 0, 0, 0, 0, 
124, 1, 124, 123, -1, 340, 207, 16.0, 13, ABplaaapaa, 4663, 0, 0, 0, , 0, 0, 0, 0, 0, 
125, 1, 125, 124, -1, 125, 246, 11.0, 17, ABplappppa, 6465, 0, 0, 0, , 0, 0, 0, 0, 0, 
126, 1, 126, 125, -1, 81, 281, 13.0, 13, ABplappppp, 3264, 0, 0, 0, , 0, 0, 0, 0, 0, 
127, 0, 127, -1, -1, 103, 301, 11.0, 15, , 6296, 0, 0, 0, , 0, 0, 0, 0, 0, 
128, 1, 697, 697, -1, 102, 302, 11.0, 13, ABplapppaaa, 4586, 0, 0, 0, , 0, 0, 0, 0, 0, 
129, 1, 129, 127, -1, 87, 302, 10.0, 11, ABplapppapa, 1983, 0, 0, 0, , 0, 0, 0, 0, 0, 
130, 1, 130, 128, -1, 218, 323, 13.0, 17, ABplappaaa, 8093, 0, 0, 0, , 0, 0, 0, 0, 0, 
131, 1, 131, 129, -1, 158, 339, 13.0, 17, ABplappapp, 7923, 0, 0, 0, , 0, 0, 0, 0, 0, 
132, 1, 132, 130, -1, 204, 346, 16.0, 15, ABplappapa, 7743, 0, 0, 0, , 0, 0, 0, 0, 0, 
133, 1, 133, 131, -1, 238, 313, 12.0, 15, ABplapaapp, 10931, 0, 0, 0, , 0, 0, 0, 0, 0, 
134, 1, 134, 132, -1, 228, 233, 10.0, 15, ABplapaapa, 10713, 0, 0, 0, , 0, 0, 0, 0, 0, 
135, 1, 135, 133, -1, 316, 279, 25.0, 11, ABarppaaaa, 2342, 0, 0, 0, , 0, 0, 0, 0, 0, 
136, 0, 136, -1, -1, 266, 306, 19.0, 13, , 2465, 0, 0, 0, , 0, 0, 0, 0, 0, 
137, 1, 137, 135, -1, 128, 328, 10.0, 15, ABplapapap, 6972, 0, 0, 0, , 0, 0, 0, 0, 0, 
138, 1, 138, 136, -1, 117, 310, 10.0, 15, ABplapappa, 5205, 0, 0, 0, , 0, 0, 0, 0, 0, 
139, 1, 139, 137, -1, 124, 347, 15.0, 17, ABplapapaa, 7666, 0, 0, 0, , 0, 0, 0, 0, 0, 
140, 1, 140, 138, -1, 229, 208, 16.0, 11, ABprpapaaap, 3679, 0, 0, 0, , 0, 0, 0, 0, 0, 
141, 1, 141, 139, -1, 135, 277, 14.0, 13, ABprpapappp, 3751, 0, 0, 0, , 0, 0, 0, 0, 0, 
142, 1, 142, 140, -1, 208, 218, 19.0, 13, ABprpapapaa, 3454, 0, 0, 0, , 0, 0, 0, 0, 0, 
143, 1, 143, 141, -1, 87, 288, 18.0, 17, Eplppa, 8011, 0, 0, 0, , 0, 0, 0, 0, 0, 
144, 1, 144, 142, -1, 92, 264, 20.0, 15, ABprpappppa, 5385, 0, 0, 0, , 0, 0, 0, 0, 0, 
145, 0, 145, -1, -1, 175, 262, 15.0, 13, , 1684, 0, 0, 0, , 0, 0, 0, 0, 0, 
146, 1, 146, 144, -1, 242, 222, 18.0, 13, ABprpappaap, 3959, 0, 0, 0, , 0, 0, 0, 0, 0, 
147, 1, 147, 145, -1, 291, 206, 19.0, 15, ABarapapapa, 6974, 0, 0, 0, , 0, 0, 0, 0, 0, 
148, 1, 148, 146, -1, 221, 176, 23.0, 13, ABprpaaaaap, 5042, 0, 0, 0, , 0, 0, 0, 0, 0, 
149, 1, 149, 147, -1, 234, 188, 24.0, 11, ABpraaappaa, 3279, 0, 0, 0, , 0, 0, 0, 0, 0, 
150, 1, 150, 148, -1, 183, 252, 15.0, 13, ABprpaaaapp, 3533, 0, 0, 0, , 0, 0, 0, 0, 0, 
151, 1, 151, 149, -1, 226, 207, 11.0, 17, ABprpaaaapa, 7333, 0, 0, 0, , 0, 0, 0, 0, 0, 
152, 1, 152, 150, -1, 257, 179, 23.0, 13, ABprpaaaaaa, 6026, 0, 0, 0, , 0, 0, 0, 0, 0, 
153, 1, 153, 151, -1, 254, 188, 16.0, 13, ABprpapaapp, 3765, 0, 0, 0, , 0, 0, 0, 0, 0, 
154, 1, 154, 152, -1, 241, 199, 16.0, 11, ABprpapaapa, 3060, 0, 0, 0, , 0, 0, 0, 0, 0, 
155, 1, 155, 153, -1, 254, 179, 19.0, 15, ABprpaaappp, 5287, 0, 0, 0, , 0, 0, 0, 0, 0, 
156, 1, 156, 154, -1, 280, 165, 17.0, 17, ABprpaaapap, 4980, 0, 0, 0, , 0, 0, 0, 0, 0, 
157, 1, 157, 155, -1, 208, 189, 28.0, 13, ABprpaapaap, 6252, 0, 0, 0, , 0, 0, 0, 0, 0, 
158, 1, 158, 156, -1, 304, 173, 31.0, 13, ABprpaapapa, 4431, 0, 0, 0, , 0, 0, 0, 0, 0, 
159, 1, 159, 157, -1, 266, 176, 16.0, 13, ABprpaappppa, 2627, 0, 0, 0, , 0, 0, 0, 0, 0, 
160, 1, 160, 158, -1, 211, 204, 26.0, 13, ABprpaappap, 3444, 0, 0, 0, , 0, 0, 0, 0, 0, 
161, 1, 161, 159, -1, 218, 191, 24.0, 13, ABprpaappaa, 4387, 0, 0, 0, , 0, 0, 0, 0, 0, 
162, 1, 162, 160, -1, 108, 259, 25.0, 17, ABprpppaapa, 6647, 0, 0, 0, , 0, 0, 0, 0, 0, 
163, 1, 163, 161, -1, 139, 270, 20.0, 13, ABprpppaaap, 4714, 0, 0, 0, , 0, 0, 0, 0, 0, 
164, 1, 164, 162, -1, 145, 254, 18.0, 15, ABprpppaaaa, 6506, 0, 0, 0, , 0, 0, 0, 0, 0, 
165, 1, 165, 163, -1, 112, 231, 21.0, 15, ABprpppapaa, 5212, 0, 0, 0, , 0, 0, 0, 0, 0, 
166, 1, 166, 164, -1, 130, 238, 17.0, 15, ABprppppapa, 4169, 0, 0, 0, , 0, 0, 0, 0, 0, 
167, 1, 167, 165, -1, 117, 243, 15.0, 13, ABprppppapp, 4818, 0, 0, 0, , 0, 0, 0, 0, 0, 
168, 1, 168, 166, -1, 123, 262, 21.0, 13, ABprppppaaa, 5195, 0, 0, 0, , 0, 0, 0, 0, 0, 
169, 1, 169, 167, -1, 109, 265, 21.0, 13, ABprppppaap, 4435, 0, 0, 0, , 0, 0, 0, 0, 0, 
170, 1, 170, 168, -1, 134, 273, 24.0, 15, ABprpppppaa, 5064, 0, 0, 0, , 0, 0, 0, 0, 0, 
171, 1, 171, 169, -1, 116, 275, 24.0, 15, ABprpppppap, 4154, 0, 0, 0, , 0, 0, 0, 0, 0, 
172, 1, 172, 170, -1, 209, 183, 21.0, 15, ABprppaapap, 3944, 0, 0, 0, , 0, 0, 0, 0, 0, 
173, 0, 173, -1, -1, 221, 174, 17.0, 9, , 2269, 0, 0, 0, , 0, 0, 0, 0, 0, 
174, 1, 174, 172, -1, 203, 223, 13.0, 13, ABprppaappa, 4648, 0, 0, 0, , 0, 0, 0, 0, 0, 
175, 1, 175, 173, -1, 146, 278, 17.0, 13, ABprppaappp, 4633, 0, 0, 0, , 0, 0, 0, 0, 0, 
176, 1, 176, 174, -1, 225, 170, 20.0, 13, ABprppaaaaa, 6167, 0, 0, 0, , 0, 0, 0, 0, 0, 
177, 1, 177, 175, -1, 196, 203, 24.0, 11, ABprppaaaapp, 2874, 0, 0, 0, , 0, 0, 0, 0, 0, 
178, 1, 178, 176, -1, 200, 186, 24.0, 13, ABprppaaaapa, 4159, 0, 0, 0, , 0, 0, 0, 0, 0, 
179, 1, 179, 177, -1, 192, 213, 15.0, 15, ABprppapaaa, 6666, 0, 0, 0, , 0, 0, 0, 0, 0, 
180, 1, 180, 178, -1, 202, 263, 17.0, 13, ABprppapaap, 5997, 0, 0, 0, , 0, 0, 0, 0, 0, 
181, 1, 181, 179, -1, 193, 269, 16.0, 13, ABprppappap, 1866, 0, 0, 0, , 0, 0, 0, 0, 0, 
182, 1, 182, 180, -1, 183, 267, 18.0, 13, ABprppapapa, 2985, 0, 0, 0, , 0, 0, 0, 0, 0, 
183, 1, 183, 181, -1, 162, 293, 20.0, 15, ABprppapapp, 6563, 0, 0, 0, , 0, 0, 0, 0, 0, 
184, 1, 184, 182, -1, 134, 278, 17.0, 13, ABprppapppp, 5078, 0, 0, 0, , 0, 0, 0, 0, 0, 
185, 1, 693, 183, -1, 193, 248, 15.0, 11, ABprppappaa, 3435, 0, 0, 0, , 0, 0, 0, 0, 0, 
186, 1, 186, 184, -1, 336, 207, 23.0, 15, ABpraapaaaa, 5470, 0, 0, 0, , 0, 0, 0, 0, 0, 
187, 1, 187, 185, -1, 323, 188, 32.0, 13, ABarpapaaap, 3346, 0, 0, 0, , 0, 0, 0, 0, 0, 
188, 0, 188, -1, -1, 279, 182, 34.0, 9, , 1378, 0, 0, 0, , 0, 0, 0, 0, 0, 
189, 1, 189, 187, -1, 232, 213, 29.0, 15, ABpraapapap, 6307, 0, 0, 0, , 0, 0, 0, 0, 0, 
190, 1, 190, 188, -1, 223, 217, 26.0, 11, ABpraapapaa, 3364, 0, 0, 0, , 0, 0, 0, 0, 0, 
191, 0, 191, -1, -1, 248, 155, 24.0, 11, , 2268, 0, 0, 0, , 0, 0, 0, 0, 0, 
192, 1, 192, 190, -1, 234, 214, 26.0, 11, ABpraapappa, 3213, 0, 0, 0, , 0, 0, 0, 0, 0, 
193, 1, 193, 191, -1, 193, 204, 28.0, 13, ABpraapppp, 2755, 0, 0, 0, , 0, 0, 0, 0, 0, 
194, 1, 194, 192, -1, 308, 173, 16.0, 13, ABpraappaa, 4204, 0, 0, 0, , 0, 0, 0, 0, 0, 
195, 1, 195, 193, -1, 253, 198, 25.0, 15, MSppapap, 2536, 0, 0, 0, , 0, 0, 0, 0, 0, 
196, 1, 196, 194, -1, 243, 204, 28.0, 9, ABpraaapaad, 636, 0, 0, 0, , 0, 0, 0, 0, 0, 
197, 0, 197, -1, -1, 221, 200, 29.0, 11, , 921, 0, 0, 0, , 0, 0, 0, 0, 0, 
198, 1, 198, 196, -1, 215, 200, 33.0, 13, ABpraaapppap, 3814, 0, 0, 0, , 0, 0, 0, 0, 0, 
199, 1, 199, 197, -1, 240, 171, 21.0, 13, ABpraaaaaaa, 3546, 0, 0, 0, , 0, 0, 0, 0, 0, 
200, 1, 200, 198, -1, 250, 164, 24.0, 11, ABalaappapa, 1916, 0, 0, 0, , 0, 0, 0, 0, 0, 
201, 1, 201, -1, -1, 241, 193, 28.0, 9, ABpraaaappa, 1023, 0, 0, 0, , 0, 0, 0, 0, 0, 
202, 1, 202, 199, -1, 248, 192, 31.0, 15, ABpraaaappp, 3234, 0, 0, 0, , 0, 0, 0, 0, 0, 
203, 1, 203, 200, -1, 139, 275, 31.0, 13, ABprappapp, 7489, 0, 0, 0, , 0, 0, 0, 0, 0, 
204, 1, 204, 201, -1, 167, 269, 33.0, 15, ABprappapa, 6538, 0, 0, 0, , 0, 0, 0, 0, 0, 
205, 1, 205, 202, -1, 160, 262, 29.0, 17, ABprappaap, 7125, 0, 0, 0, , 0, 0, 0, 0, 0, 
206, 1, 206, 203, -1, 177, 248, 27.0, 17, ABprappaaa, 7156, 0, 0, 0, , 0, 0, 0, 0, 0, 
207, 1, 207, 204, -1, 111, 246, 27.0, 19, ABprapppaaa, 5014, 0, 0, 0, , 0, 0, 0, 0, 0, 
208, 1, 208, 205, -1, 100, 246, 23.0, 13, ABprapppapp, 647, 0, 0, 0, , 0, 0, 0, 0, 0, 
209, 1, 209, 207, -1, 82, 245, 22.0, 17, ABprappppp, 6267, 0, 0, 0, , 0, 0, 0, 0, 0, 
210, 1, 210, 690, -1, 126, 228, 14.0, 17, ABprappppa, 8708, 0, 0, 0, , 0, 0, 0, 0, 0, 
211, 1, 211, 209, -1, 208, 222, 26.0, 13, ABprapaaapa, 3535, 0, 0, 0, , 0, 0, 0, 0, 0, 
212, 1, 212, 210, -1, 207, 229, 30.0, 15, ABprapaaapp, 11461, 0, 0, 0, , 0, 0, 0, 0, 0, 
213, 1, 213, 211, -1, 185, 225, 28.0, 15, ABprapaapp, 7040, 0, 0, 0, , 0, 0, 0, 0, 0, 
214, 1, 214, 212, -1, 205, 194, 14.0, 13, ABprapaapa, 8816, 0, 0, 0, , 0, 0, 0, 0, 0, 
215, 1, 215, 213, -1, 128, 237, 27.0, 15, ABprapappa, 4972, 0, 0, 0, , 0, 0, 0, 0, 0, 
216, 1, 216, 214, -1, 74, 260, 23.0, 13, ABprapappppp, 2552, 0, 0, 0, , 0, 0, 0, 0, 0, 
217, 1, 217, 215, -1, 124, 262, 29.0, 15, ABprapapap, 6466, 0, 0, 0, , 0, 0, 0, 0, 0, 
218, 1, 218, 216, -1, 112, 279, 32.0, 17, ABprapapaa, 7583, 0, 0, 0, , 0, 0, 0, 0, 0, 
219, 1, 219, 217, -1, 272, 233, 35.0, 19, MSppppap, 10701, 0, 0, 0, , 0, 0, 0, 0, 0, 
220, 1, 220, 218, -1, 233, 201, 21.0, 13, MSppppaa, 2983, 0, 0, 0, , 0, 0, 0, 0, 0, 
221, 1, 221, 219, -1, 318, 229, 35.0, 17, MSpppppa, 2096, 0, 0, 0, , 0, 0, 0, 0, 0, 
222, 0, 222, -1, -1, 297, 252, 35.0, 13, , 614, 0, 0, 0, , 0, 0, 0, 0, 0, 
223, 0, -1, -1, -1, 163, 290, 26.0, 11, , 642, 0, 0, 0, , 0, 0, 0, 0, 0, 
224, 1, 224, 222, -1, 236, 209, 18.0, 15, ABprpapaaaa, 3544, 0, 0, 0, , 0, 0, 0, 0, 0, 
225, 1, 225, 223, -1, 119, 290, 21.0, 15, MSppaapp, 4197, 0, 0, 0, , 0, 0, 0, 0, 0, 
226, 0, 226, -1, -1, 243, 196, 27.0, 13, , 1967, 0, 0, 0, , 0, 0, 0, 0, 0, 
227, 1, 227, 225, -1, 269, 205, 27.0, 11, MSppaaaad, 1554, 0, 0, 0, , 0, 0, 0, 0, 0, 
228, 1, 228, 226, -1, 264, 211, 24.0, 13, ABarapapaapa, 3795, 0, 0, 0, , 0, 0, 0, 0, 0, 
229, 1, 229, 227, -1, 211, 276, 25.0, 11, MSpapappp, 3281, 0, 0, 0, , 0, 0, 0, 0, 0, 
230, 1, 230, 228, -1, 204, 253, 22.0, 17, MSpapapaa, 6342, 0, 0, 0, , 0, 0, 0, 0, 0, 
231, 1, 231, 229, -1, 217, 234, 21.0, 11, MSpapaaap, 3156, 0, 0, 0, , 0, 0, 0, 0, 0, 
232, 1, 232, 230, -1, 172, 310, 13.0, 15, MSpappaa, 5488, 0, 0, 0, , 0, 0, 0, 0, 0, 
233, 1, 233, 231, -1, 176, 252, 20.0, 13, MSpappppa, 2049, 0, 0, 0, , 0, 0, 0, 0, 0, 
234, 1, 234, 232, -1, 174, 265, 22.0, 11, MSpappppp, 1196, 0, 0, 0, , 0, 0, 0, 0, 0, 
235, 1, 235, 233, -1, 261, 297, 31.0, 15, MSpaaappp, 6457, 0, 0, 0, , 0, 0, 0, 0, 0, 
236, 1, 236, 234, -1, 261, 297, 28.0, 15, MSpaaapaa, 6103, 0, 0, 0, , 0, 0, 0, 0, 0, 
237, 1, 237, 235, -1, 272, 256, 31.0, 15, MSpaaaapp, 5298, 0, 0, 0, , 0, 0, 0, 0, 0, 
238, 1, 238, 236, -1, 290, 275, 32.0, 15, MSpaaaaaa, 6163, 0, 0, 0, , 0, 0, 0, 0, 0, 
239, 1, 239, 237, -1, 262, 269, 30.0, 11, MSpaaaaap, 2825, 0, 0, 0, , 0, 0, 0, 0, 0, 
240, 1, 240, 238, -1, 229, 240, 27.0, 15, ABaraappppa, 4580, 0, 0, 0, , 0, 0, 0, 0, 0, 
241, 1, 241, 239, -1, 238, 247, 31.0, 15, ABaraapppap, 5490, 0, 0, 0, , 0, 0, 0, 0, 0, 
242, 1, 242, 240, -1, 253, 284, 30.0, 11, MSpaapaap, 2505, 0, 0, 0, , 0, 0, 0, 0, 0, 
243, 1, 243, 241, -1, 273, 279, 32.0, 13, MSpaaappa, 4468, 0, 0, 0, , 0, 0, 0, 0, 0, 
244, 1, 244, 242, -1, 244, 274, 30.0, 13, MSpaapaaa, 2718, 0, 0, 0, , 0, 0, 0, 0, 0, 
245, 1, 245, 243, -1, 306, 300, 27.0, 17, MSapppap, 9034, 0, 0, 0, , 0, 0, 0, 0, 0, 
246, 1, 246, 244, -1, 330, 268, 31.0, 15, MSappppa, 333, 0, 0, 0, , 0, 0, 0, 0, 0, 
247, 1, 247, 245, -1, 314, 276, 32.0, 15, MSappaaa, 4255, 0, 0, 0, , 0, 0, 0, 0, 0, 
248, 1, 248, 246, -1, 284, 294, 26.0, 17, ABaraapaapp, 8458, 0, 0, 0, , 0, 0, 0, 0, 0, 
249, 0, 249, -1, -1, 356, 252, 31.0, 11, , 620, 0, 0, 0, , 0, 0, 0, 0, 0, 
250, 1, 250, 248, -1, 136, 296, 20.0, 17, MSapaapp, 5055, 0, 0, 0, , 0, 0, 0, 0, 0, 
251, 1, 251, 249, -1, 317, 260, 22.0, 11, MSapaaaa, 3117, 0, 0, 0, , 0, 0, 0, 0, 0, 
252, 1, 252, 250, -1, 271, 276, 29.0, 11, MSaaaaapap, 1873, 0, 0, 0, , 0, 0, 0, 0, 0, 
253, 0, 253, -1, -1, 279, 258, 25.0, 11, , 1505, 0, 0, 0, , 0, 0, 0, 0, 0, 
254, 1, 646, 252, -1, 299, 219, 35.0, 19, MSppappa, 6646, 0, 0, 0, , 0, 0, 0, 0, 0, 
255, 1, 255, 253, -1, 327, 253, 26.0, 13, MSaaaaaal, 4176, 0, 0, 0, , 0, 0, 0, 0, 0, 
256, 1, 256, 254, -1, 274, 292, 33.0, 13, MSaaaapaa, 4829, 0, 0, 0, , 0, 0, 0, 0, 0, 
257, 1, 257, 255, -1, 284, 293, 29.0, 15, MSaaaapap, 5006, 0, 0, 0, , 0, 0, 0, 0, 0, 
258, 1, 258, 256, -1, 246, 304, 29.0, 13, MSaaaappa, 2372, 0, 0, 0, , 0, 0, 0, 0, 0, 
259, 1, 259, 257, -1, 241, 301, 31.0, 13, MSpaaapap, 5409, 0, 0, 0, , 0, 0, 0, 0, 0, 
260, 1, 260, 258, -1, 255, 307, 25.0, 15, MSaaapapa, 4963, 0, 0, 0, , 0, 0, 0, 0, 0, 
261, 1, 261, 259, -1, 232, 298, 23.0, 15, MSaaapapp, 3307, 0, 0, 0, , 0, 0, 0, 0, 0, 
262, 1, 262, 260, -1, 228, 305, 25.0, 11, MSaaappa, 2347, 0, 0, 0, , 0, 0, 0, 0, 0, 
263, 1, 263, 261, -1, 241, 318, 30.0, 13, MSaaappp, 3139, 0, 0, 0, , 0, 0, 0, 0, 0, 
264, 1, 264, 262, -1, 203, 290, 11.0, 11, MSaappppa, 2746, 0, 0, 0, , 0, 0, 0, 0, 0, 
265, 1, 265, 263, -1, 188, 301, 13.0, 13, MSaappppp, 2458, 0, 0, 0, , 0, 0, 0, 0, 0, 
266, 1, 266, 264, -1, 236, 264, 17.0, 13, MSaapaaap, 3350, 0, 0, 0, , 0, 0, 0, 0, 0, 
267, 1, 267, 265, -1, 252, 254, 19.0, 11, MSaapaaaa, 2529, 0, 0, 0, , 0, 0, 0, 0, 0, 
268, 1, 268, 266, -1, 222, 287, 19.0, 13, MSaapappp, 3207, 0, 0, 0, , 0, 0, 0, 0, 0, 
269, 1, 269, 267, -1, 258, 299, 21.0, 11, MSaapappa, 1626, 0, 0, 0, , 0, 0, 0, 0, 0, 
270, 1, 270, 268, -1, 232, 281, 18.0, 11, MSaapapaa, 2938, 0, 0, 0, , 0, 0, 0, 0, 0, 
271, 1, 271, 269, -1, 238, 283, 21.0, 11, MSaapapap, 3409, 0, 0, 0, , 0, 0, 0, 0, 0, 
272, 1, 272, 270, -1, 100, 322, 23.0, 17, Eplpa, 4539, 0, 0, 0, , 0, 0, 0, 0, 0, 
273, 1, 273, 271, -1, 86, 344, 18.0, 15, Cappapa, 5202, 0, 0, 0, , 0, 0, 0, 0, 0, 
274, 1, 274, 272, -1, 71, 325, 17.0, 17, Cappapp, 8833, 0, 0, 0, , 0, 0, 0, 0, 0, 
275, 1, 275, 273, -1, 215, 351, 25.0, 19, Cappaaa, 11867, 0, 0, 0, , 0, 0, 0, 0, 0, 
276, 1, 276, 274, -1, 68, 334, 20.0, 17, Capppap, 5885, 0, 0, 0, , 0, 0, 0, 0, 0, 
277, 1, 277, 275, -1, 117, 367, 24.0, 13, Capppaa, 4341, 0, 0, 0, , 0, 0, 0, 0, 0, 
278, 1, 278, 276, -1, 117, 366, 21.0, 15, Capapap, 6026, 0, 0, 0, , 0, 0, 0, 0, 0, 
279, 1, 279, 277, -1, 129, 287, 11.0, 15, Capappp, 5553, 0, 0, 0, , 0, 0, 0, 0, 0, 
280, 1, 280, 278, -1, 138, 309, 11.0, 17, Capappa, 6336, 0, 0, 0, , 0, 0, 0, 0, 0, 
281, 1, 281, 279, -1, 200, 313, 12.0, 15, Capaaap, 6063, 0, 0, 0, , 0, 0, 0, 0, 0, 
282, 1, 282, 280, -1, 218, 298, 12.0, 15, Capaaaa, 6813, 0, 0, 0, , 0, 0, 0, 0, 0, 
283, 1, 283, 281, -1, 82, 245, 16.0, 17, ABprppppppp, 5836, 0, 0, 0, , 0, 0, 0, 0, 0, 
284, 1, 284, 282, -1, 75, 253, 19.0, 15, Caappv, 5174, 0, 0, 0, , 0, 0, 0, 0, 0, 
285, 1, 285, 283, -1, 69, 277, 13.0, 15, Cpappv, 5104, 0, 0, 0, , 0, 0, 0, 0, 0, 
286, 1, 286, 284, -1, 165, 271, 26.0, 15, Cppaapa, 4170, 0, 0, 0, , 0, 0, 0, 0, 0, 
287, 1, 287, 285, -1, 174, 252, 24.0, 13, Cppaaap, 4957, 0, 0, 0, , 0, 0, 0, 0, 0, 
288, 1, 288, 286, -1, 180, 235, 23.0, 15, Cppaaaa, 7601, 0, 0, 0, , 0, 0, 0, 0, 0, 
289, 1, 289, 287, -1, 133, 241, 22.0, 17, Cppappp, 14690, 0, 0, 0, , 0, 0, 0, 0, 0, 
290, 1, 290, 288, -1, 127, 258, 24.0, 13, Cppappa, 3299, 0, 0, 0, , 0, 0, 0, 0, 0, 
291, 1, 291, 289, -1, 176, 337, 34.0, 17, Cpppaap, 4945, 0, 0, 0, , 0, 0, 0, 0, 0, 
292, 1, 292, 290, -1, 216, 293, 34.0, 15, Cpppaaa, 4880, 0, 0, 0, , 0, 0, 0, 0, 0, 
293, 1, 293, 291, -1, 72, 288, 28.0, 15, Cpppapp, 4473, 0, 0, 0, , 0, 0, 0, 0, 0, 
294, 1, 294, 292, -1, 254, 253, 13.0, 13, Daapa, 5654, 0, 0, 0, , 0, 0, 0, 0, 0, 
295, 1, 295, 293, -1, 241, 255, 11.0, 15, Daapp, 5423, 0, 0, 0, , 0, 0, 0, 0, 0, 
296, 0, 296, -1, -1, 256, 307, 16.0, 9, , 1737, 0, 0, 0, , 0, 0, 0, 0, 0, 
297, 1, 299, 295, -1, 285, 313, 29.0, 13, Dappaa, 3379, 0, 0, 0, , 0, 0, 0, 0, 0, 
298, 1, 298, 296, -1, 279, 316, 26.0, 17, Daaap, 6874, 0, 0, 0, , 0, 0, 0, 0, 0, 
299, 1, 300, 297, -1, 203, 199, 18.0, 13, Dpapp, 4528, 0, 0, 0, , 0, 0, 0, 0, 0, 
300, 1, 301, 298, -1, 222, 189, 18.0, 13, Dpapa, 3988, 0, 0, 0, , 0, 0, 0, 0, 0, 
301, 1, 302, 299, -1, 247, 246, 35.0, 17, Dpaap, 8369, 0, 0, 0, , 0, 0, 0, 0, 0, 
302, 0, 303, -1, -1, 214, 209, 21.0, 13, , 1047, 0, 0, 0, , 0, 0, 0, 0, 0, 
303, 1, 304, 301, -1, 235, 309, 35.0, 15, Dppppa, 5985, 0, 0, 0, , 0, 0, 0, 0, 0, 
304, 1, 305, 302, -1, 245, 288, 34.0, 15, Dpppap, 3912, 0, 0, 0, , 0, 0, 0, 0, 0, 
305, 1, 306, 303, -1, 268, 264, 36.0, 21, Dpppaa, 16436, 0, 0, 0, , 0, 0, 0, 0, 0, 
306, 1, 307, 304, -1, 196, 223, 23.0, 19, Dppaa, 11447, 0, 0, 0, , 0, 0, 0, 0, 0, 
307, 1, 308, 305, -1, 230, 273, 34.0, 15, Dppap, 6870, 0, 0, 0, , 0, 0, 0, 0, 0, 
308, 0, 309, -1, -1, 382, 244, 24.0, 15, , 4588, 0, 0, 0, , 0, 0, 0, 0, 0, 
309, 0, 310, -1, -1, 287, 280, 19.0, 11, , 1442, 0, 0, 0, , 0, 0, 0, 0, 0, 
310, 1, 311, 308, -1, 289, 308, 12.0, 11, ABalppppppap, 2722, 0, 0, 0, , 0, 0, 0, 0, 0, 
311, 1, 312, 309, -1, 356, 231, 13.0, 15, ABplaaapap, 3362, 0, 0, 0, , 0, 0, 0, 0, 0, 
312, 1, 313, 310, -1, 294, 258, 12.0, 11, ABalpppaaaa, 5139, 0, 0, 0, , 0, 0, 0, 0, 0, 
313, 1, 314, 311, -1, 318, 221, 15.0, 11, ABalpppaaap, 3725, 0, 0, 0, , 0, 0, 0, 0, 0, 
314, 1, 315, 312, -1, 342, 239, 11.0, 13, ABalpppaapd, 3799, 0, 0, 0, , 0, 0, 0, 0, 0, 
315, 1, 316, 313, -1, 336, 231, 18.0, 13, ABalpppaapv, 4073, 0, 0, 0, , 0, 0, 0, 0, 0, 
316, 1, 317, 314, -1, 293, 268, 13.0, 13, ABalpppapad, 5347, 0, 0, 0, , 0, 0, 0, 0, 0, 
317, 1, 318, 315, -1, 304, 249, 12.0, 13, ABalpppapav, 3415, 0, 0, 0, , 0, 0, 0, 0, 0, 
318, 1, 319, 316, -1, 328, 218, 12.0, 15, ABalppaaapp, 4266, 0, 0, 0, , 0, 0, 0, 0, 0, 
319, 1, 320, 317, -1, 281, 274, 12.0, 15, ABplpaaaaap, 7866, 0, 0, 0, , 0, 0, 0, 0, 0, 
320, 1, 321, 318, -1, 285, 214, 14.0, 11, ABalppapppa, 4046, 0, 0, 0, , 0, 0, 0, 0, 0, 
321, 0, 322, -1, -1, 308, 280, 17.0, 11, , 2879, 0, 0, 0, , 0, 0, 0, 0, 0, 
322, 0, 323, -1, -1, 255, 214, 15.0, 15, , 14731, 0, 0, 0, , 0, 0, 0, 0, 0, 
323, 0, 324, -1, -1, 315, 214, 12.0, 13, , 3748, 0, 0, 0, , 0, 0, 0, 0, 0, 
324, 1, 325, 322, -1, 318, 188, 13.0, 13, ABplaappaa, 5458, 0, 0, 0, , 0, 0, 0, 0, 0, 
325, 1, 326, 323, -1, 317, 248, 16.0, 13, ABalppapaaa, 5570, 0, 0, 0, , 0, 0, 0, 0, 0, 
326, 1, 327, 749, -1, 203, 249, 10.0, 13, ABalpapappa, 7529, 0, 0, 0, , 0, 0, 0, 0, 0, 
327, 1, 328, 324, -1, 309, 188, 16.0, 11, ABalpapaapp, 6077, 0, 0, 0, , 0, 0, 0, 0, 0, 
328, 0, 329, -1, -1, 271, 224, 11.0, 11, , 4697, 0, 0, 0, , 0, 0, 0, 0, 0, 
329, 1, 330, 326, -1, 285, 237, 18.0, 13, ABalpaaaapa, 4688, 0, 0, 0, , 0, 0, 0, 0, 0, 
330, 1, 331, 327, -1, 276, 241, 19.0, 13, ABalpaaaaap, 3291, 0, 0, 0, , 0, 0, 0, 0, 0, 
331, 0, 332, -1, -1, 260, 240, 24.0, 15, , 9190, 0, 0, 0, , 0, 0, 0, 0, 0, 
332, 0, 333, -1, -1, 292, 264, 19.0, 17, , 5158, 0, 0, 0, , 0, 0, 0, 0, 0, 
333, 1, 334, 330, -1, 300, 276, 26.0, 15, ABalpaapapa, 6051, 0, 0, 0, , 0, 0, 0, 0, 0, 
334, 1, 335, 331, -1, 263, 235, 18.0, 13, ABalpaaaapp, 8113, 0, 0, 0, , 0, 0, 0, 0, 0, 
335, 1, 336, 332, -1, 299, 225, 20.0, 13, ABalpaaaaaa, 5167, 0, 0, 0, , 0, 0, 0, 0, 0, 
336, 1, 337, 333, -1, 271, 252, 21.0, 15, ABalpappppp, 4612, 0, 0, 0, , 0, 0, 0, 0, 0, 
337, 1, 338, 334, -1, 335, 229, 20.0, 11, ABalpaapppa, 5521, 0, 0, 0, , 0, 0, 0, 0, 0, 
338, 1, 339, 335, -1, 352, 230, 18.0, 11, ABalpaapppp, 3490, 0, 0, 0, , 0, 0, 0, 0, 0, 
339, 1, 340, 336, -1, 329, 207, 21.0, 13, ABalpaappaa, 2813, 0, 0, 0, , 0, 0, 0, 0, 0, 
340, 0, 341, -1, -1, 307, 239, 23.0, 13, , 3335, 0, 0, 0, , 0, 0, 0, 0, 0, 
341, 0, 342, -1, -1, 278, 238, 15.0, 13, , 4350, 0, 0, 0, , 0, 0, 0, 0, 0, 
342, 1, 343, 339, -1, 141, 344, 24.0, 19, Ealpp, 20370, 0, 0, 0, , 0, 0, 0, 0, 0, 
343, 0, 344, -1, -1, 203, 304, 21.0, 17, , 8399, 0, 0, 0, , 0, 0, 0, 0, 0, 
344, 1, 345, 341, -1, 250, 336, 26.0, 17, Dapap, 6736, 0, 0, 0, , 0, 0, 0, 0, 0, 
345, 1, 346, 342, -1, 235, 288, 14.0, 13, Dapaa, 6050, 0, 0, 0, , 0, 0, 0, 0, 0, 
346, 1, 347, 343, -1, 244, 296, 20.0, 17, MSaapaapp, 3440, 0, 0, 0, , 0, 0, 0, 0, 0, 
347, 1, 348, 344, -1, 244, 277, 19.0, 9, MSaapaapaa, 428, 0, 0, 0, , 0, 0, 0, 0, 0, 
348, 1, 349, 345, -1, 244, 290, 17.0, 11, MSaapaapap, 1727, 0, 0, 0, , 0, 0, 0, 0, 0, 
349, 1, 350, 346, -1, 215, 250, 33.0, 17, ABarpppapp, 35058, 0, 0, 0, , 0, 0, 0, 0, 0, 
350, 1, 351, 347, -1, 265, 277, 12.0, 13, ABplppaapap, 4966, 0, 0, 0, , 0, 0, 0, 0, 0, 
351, 0, 352, -1, -1, 268, 259, 9.0, 7, , 309, 0, 0, 0, , 0, 0, 0, 0, 0, 
352, 1, 353, 349, -1, 337, 254, 23.0, 15, ABalaaaalar, 4098, 0, 0, 0, , 0, 0, 0, 0, 0, 
353, 1, 354, 350, -1, 328, 248, 19.0, 15, ABalapaappp, 4811, 0, 0, 0, , 0, 0, 0, 0, 0, 
354, 0, 355, -1, -1, 277, 170, 32.0, 11, , 1084, 0, 0, 0, , 0, 0, 0, 0, 0, 
355, 1, 356, 351, -1, 273, 195, 34.0, 13, ABalaaapprr, 3324, 0, 0, 0, , 0, 0, 0, 0, 0, 
356, 1, 357, 352, -1, 297, 175, 23.0, 13, ABalaaapprl, 4032, 0, 0, 0, , 0, 0, 0, 0, 0, 
357, 1, 358, 353, -1, 122, 349, 32.0, 19, Cppppaa, 5679, 0, 0, 0, , 0, 0, 0, 0, 0, 
358, 1, 359, 355, -1, 79, 324, 29.0, 15, Cppppap, 4920, 0, 0, 0, , 0, 0, 0, 0, 0, 
359, 0, 360, -1, -1, 110, 236, 11.0, 13, , 2117, 0, 0, 0, , 0, 0, 0, 0, 0, 
360, 0, -1, -1, -1, 315, 182, 34.0, 13, , 1406, 0, 0, 0, , 0, 0, 0, 0, 0, 
361, 0, 362, -1, -1, 126, 342, 29.0, 13, , 3300, 0, 0, 0, , 0, 0, 0, 0, 0, 
362, 0, 363, -1, -1, 118, 341, 23.0, 21, , 18152, 0, 0, 0, , 0, 0, 0, 0, 0, 
363, 0, 364, -1, -1, 147, 324, 28.0, 11, , 2579, 0, 0, 0, , 0, 0, 0, 0, 0, 
364, 1, 365, 361, -1, 221, 253, 10.0, 17, ABplppapaaa, 5781, 0, 0, 0, , 0, 0, 0, 0, 0, 
365, 1, 366, 362, -1, 332, 288, 25.0, 15, ABalaaaalal, 3512, 0, 0, 0, , 0, 0, 0, 0, 0, 
366, 0, 367, -1, -1, 271, 177, 19.0, 13, , 3997, 0, 0, 0, , 0, 0, 0, 0, 0, 
367, 1, 368, 364, -1, 167, 277, 23.0, 13, MSpappap, 5306, 0, 0, 0, , 0, 0, 0, 0, 0, 
368, 1, 369, 365, -1, 231, 272, 31.0, 15, MSpaapapa, 4775, 0, 0, 0, , 0, 0, 0, 0, 0, 
369, 1, 370, 366, -1, 67, 282, 24.0, 15, Cpppppd, 8744, 0, 0, 0, , 0, 0, 0, 0, 0, 
370, 1, 371, 367, -1, 308, 307, 21.0, 11, ABplapaaaaa, 4008, 0, 0, 0, , 0, 0, 0, 0, 0, 
371, 1, 372, 368, -1, 216, 277, 22.0, 13, MSaappaa, 3411, 0, 0, 0, , 0, 0, 0, 0, 0, 
372, 1, 373, 369, -1, 325, 247, 13.0, 13, ABalaaaalpa, 3965, 0, 0, 0, , 0, 0, 0, 0, 0, 
373, 1, 374, 370, -1, 347, 234, 21.0, 17, ABalaaaparr, 17556, 0, 0, 0, , 0, 0, 0, 0, 0, 
374, 1, 375, 371, -1, 367, 225, 21.0, 13, ABplaaaaaaa, 5141, 0, 0, 0, , 0, 0, 0, 0, 0, 
375, 1, 376, 372, -1, 271, 271, 20.0, 11, ABalpaaappp, 3239, 0, 0, 0, , 0, 0, 0, 0, 0, 
376, 0, -1, -1, -1, 285, 263, 20.0, 13, , 10680, 0, 0, 0, , 0, 0, 0, 0, 0, 
377, 1, 378, 374, -1, 209, 291, 17.0, 17, Ealaad, 10491, 0, 0, 0, , 0, 0, 0, 0, 0, 
378, 1, 379, 375, -1, 223, 213, 20.0, 17, ABprpappapa, 3916, 0, 0, 0, , 0, 0, 0, 0, 0, 
379, 1, 380, 376, -1, 166, 367, 27.0, 19, Cappaap, 7392, 0, 0, 0, , 0, 0, 0, 0, 0, 
380, 1, 381, 377, -1, 302, 202, 20.0, 11, ABarappaapp, 6992, 0, 0, 0, , 0, 0, 0, 0, 0, 
381, 1, 382, 378, -1, 216, 261, 28.0, 15, MSpapaapp, 4303, 0, 0, 0, , 0, 0, 0, 0, 0, 
382, 1, 383, 379, -1, 215, 239, 25.0, 11, MSpapaapaa, 1921, 0, 0, 0, , 0, 0, 0, 0, 0, 
383, 1, 384, 380, -1, 207, 247, 26.0, 11, MSpapaapap, 2769, 0, 0, 0, , 0, 0, 0, 0, 0, 
384, 1, 385, 381, -1, 268, 174, 30.0, 15, ABpraapaapp, 6384, 0, 0, 0, , 0, 0, 0, 0, 0, 
385, 0, 386, -1, -1, 257, 188, 34.0, 11, , 1694, 0, 0, 0, , 0, 0, 0, 0, 0, 
386, 1, 387, 383, -1, 328, 187, 26.0, 11, ABalaaapplr, 2685, 0, 0, 0, , 0, 0, 0, 0, 0, 
387, 1, 388, 384, -1, 308, 295, 30.0, 15, MSappppp, 4552, 0, 0, 0, , 0, 0, 0, 0, 0, 
388, 1, 389, 385, -1, 297, 281, 22.0, 17, ABalpaapapp, 5867, 0, 0, 0, , 0, 0, 0, 0, 0, 
389, 1, 390, 681, -1, 241, 239, 21.0, 11, MSpapaaaa, 3681, 0, 0, 0, , 0, 0, 0, 0, 0, 
390, 1, 391, 387, -1, 191, 215, 18.0, 13, MSpapppaa, 4325, 0, 0, 0, , 0, 0, 0, 0, 0, 
391, 1, 392, 709, -1, 185, 236, 20.0, 13, MSpapppap, 3419, 0, 0, 0, , 0, 0, 0, 0, 0, 
392, 1, 393, 389, -1, 265, 194, 29.0, 15, ABprpaapaaa, 5438, 0, 0, 0, , 0, 0, 0, 0, 0, 
393, 1, 394, 390, -1, 297, 284, 11.0, 13, ABalpppppppp, 2511, 0, 0, 0, , 0, 0, 0, 0, 0, 
394, 1, 395, 391, -1, 91, 245, 11.0, 11, Caapap, 5675, 0, 0, 0, , 0, 0, 0, 0, 0, 
395, 1, 396, 392, -1, 344, 201, 26.0, 13, ABarpaaaaal, 2297, 0, 0, 0, , 0, 0, 0, 0, 0, 
396, 1, 397, 393, -1, 93, 250, 17.0, 13, ABprppppppa, 3718, 0, 0, 0, , 0, 0, 0, 0, 0, 
397, 1, 398, 733, -1, 107, 262, 30.0, 9, ABarpppppp, 542, 0, 0, 0, , 0, 0, 0, 0, 0, 
398, 1, 399, -1, -1, 253, 167, 16.0, 11, MSpppapa, 1733, 0, 0, 0, , 0, 0, 0, 0, 0, 
399, 1, 400, 395, -1, 317, 282, 27.0, 13, MSapappa, 3125, 0, 0, 0, , 0, 0, 0, 0, 0, 
400, 1, 401, 396, -1, 331, 208, 33.0, 17, MSppappp, 9913, 0, 0, 0, , 0, 0, 0, 0, 0, 
401, 1, 402, 397, -1, 100, 268, 13.0, 13, Cappppd, 4079, 0, 0, 0, , 0, 0, 0, 0, 0, 
402, 1, 403, 398, -1, 240, 293, 27.0, 15, MSaaaappp, 9897, 0, 0, 0, , 0, 0, 0, 0, 0, 
403, 1, 404, 399, -1, 94, 321, 11.0, 11, ABplapppaap, 4543, 0, 0, 0, , 0, 0, 0, 0, 0, 
404, 0, 405, -1, -1, 341, 250, 31.0, 13, , 940, 0, 0, 0, , 0, 0, 0, 0, 0, 
405, 1, 406, 401, -1, 216, 262, 24.0, 13, MSpapapap, 3827, 0, 0, 0, , 0, 0, 0, 0, 0, 
406, 1, 407, 402, -1, 180, 325, 14.0, 13, Capaapa, 8591, 0, 0, 0, , 0, 0, 0, 0, 0, 
407, 1, 408, 340, -1, 197, 295, 22.0, 11, Ealpa, 1595, 0, 0, 0, , 0, 0, 0, 0, 0, 
408, 0, 409, -1, -1, 223, 311, 30.0, 19, , 12794, 0, 0, 0, , 0, 0, 0, 0, 0, 
409, 1, 410, 404, -1, 222, 172, 27.0, 19, ABpraaappppp, 4610, 0, 0, 0, , 0, 0, 0, 0, 0, 
410, 0, 411, -1, -1, 307, 293, 14.0, 17, , 4568, 0, 0, 0, , 0, 0, 0, 0, 0, 
411, 1, 412, 406, -1, 322, 270, 17.0, 13, ABplpaapaaa, 5941, 0, 0, 0, , 0, 0, 0, 0, 0, 
412, 1, 413, 407, -1, 287, 217, 31.0, 15, MSppaaap, 4379, 0, 0, 0, , 0, 0, 0, 0, 0, 
413, 1, 414, 408, -1, 221, 252, 19.0, 15, ABarapapapp, 8413, 0, 0, 0, , 0, 0, 0, 0, 0, 
414, 1, 415, 409, -1, 65, 286, 18.0, 13, Cappppv, 2420, 0, 0, 0, , 0, 0, 0, 0, 0, 
415, 1, 416, 410, -1, 216, 277, 12.0, 13, MSaapppap, 4218, 0, 0, 0, , 0, 0, 0, 0, 0, 
416, 0, 417, -1, -1, 260, 308, 17.0, 13, , 4260, 0, 0, 0, , 0, 0, 0, 0, 0, 
417, 0, 418, -1, -1, 247, 231, 26.0, 15, , 6254, 0, 0, 0, , 0, 0, 0, 0, 0, 
418, 1, 419, 413, -1, 230, 271, 13.0, 11, MSaapppaa, 2084, 0, 0, 0, , 0, 0, 0, 0, 0, 
419, 1, 420, 414, -1, 200, 241, 11.0, 13, ABarappappa, 7817, 0, 0, 0, , 0, 0, 0, 0, 0, 
420, 1, 421, 415, -1, 310, 228, 20.0, 13, ABaraaaaaaa, 1969, 0, 0, 0, , 0, 0, 0, 0, 0, 
421, 0, -1, -1, -1, 180, 313, 23.0, 21, , 47962, 0, 0, 0, , 0, 0, 0, 0, 0, 
422, 1, 423, 417, -1, 192, 252, 13.0, 15, ABplpaaaapp, 13415, 0, 0, 0, , 0, 0, 0, 0, 0, 
423, 0, 424, -1, -1, 260, 299, 16.0, 17, , 1799, 0, 0, 0, , 0, 0, 0, 0, 0, 
424, 1, 425, 419, -1, 255, 239, 21.0, 11, ABalpappppa, 2363, 0, 0, 0, , 0, 0, 0, 0, 0, 
425, 0, 426, -1, -1, 244, 177, 14.0, 11, , 3035, 0, 0, 0, , 0, 0, 0, 0, 0, 
426, 1, 427, 421, -1, 93, 270, 17.0, 13, ABprpappppp, 3794, 0, 0, 0, , 0, 0, 0, 0, 0, 
427, 1, 428, 422, -1, 251, 231, 11.0, 19, ABalpapappp, 11696, 0, 0, 0, , 0, 0, 0, 0, 0, 
428, 0, 429, -1, -1, 93, 305, 27.0, 15, , 9081, 0, 0, 0, , 0, 0, 0, 0, 0, 
429, 1, 430, 424, -1, 328, 276, 14.0, 11, ABalpppapppa, 1244, 0, 0, 0, , 0, 0, 0, 0, 0, 
430, 1, 431, 425, -1, 345, 212, 31.0, 11, ABalapppapp, 1777, 0, 0, 0, , 0, 0, 0, 0, 0, 
431, 0, 432, -1, -1, 301, 203, 12.0, 15, , 4613, 0, 0, 0, , 0, 0, 0, 0, 0, 
432, 1, 433, 427, -1, 239, 189, 19.0, 13, MSpppapp, 2123, 0, 0, 0, , 0, 0, 0, 0, 0, 
433, 1, 434, 329, -1, 302, 262, 19.0, 13, MSapapap, 4082, 0, 0, 0, , 0, 0, 0, 0, 0, 
434, 1, 435, 429, -1, 309, 245, 29.0, 13, ABaraappaaa, 6101, 0, 0, 0, , 0, 0, 0, 0, 0, 
435, 1, 436, 430, -1, 291, 284, 17.0, 13, ABalpppppap, 2865, 0, 0, 0, , 0, 0, 0, 0, 0, 
436, 0, 437, -1, -1, 305, 233, 13.0, 17, , 5991, 0, 0, 0, , 0, 0, 0, 0, 0, 
437, 0, 438, -1, -1, 336, 277, 23.0, 11, , 3607, 0, 0, 0, , 0, 0, 0, 0, 0, 
438, 1, 439, 433, -1, 283, 268, 10.0, 15, ABplppaaaaa, 4438, 0, 0, 0, , 0, 0, 0, 0, 0, 
439, 1, 440, 434, -1, 268, 212, 21.0, 13, ABarapaaapa, 8544, 0, 0, 0, , 0, 0, 0, 0, 0, 
440, 1, 441, 435, -1, 297, 235, 28.0, 13, ABaraappaap, 4958, 0, 0, 0, , 0, 0, 0, 0, 0, 
441, 1, 442, 436, -1, 270, 236, 31.0, 15, ABaraaapapa, 3734, 0, 0, 0, , 0, 0, 0, 0, 0, 
442, 0, 443, -1, -1, 203, 308, 28.0, 21, , 11110, 0, 0, 0, , 0, 0, 0, 0, 0, 
443, 1, 444, 438, -1, 320, 225, 18.0, 15, ABalpapaaaa, 12730, 0, 0, 0, , 0, 0, 0, 0, 0, 
444, 1, 445, 439, -1, 79, 264, 28.0, 17, Caappd, 7551, 0, 0, 0, , 0, 0, 0, 0, 0, 
445, 0, 446, -1, -1, 246, 246, 27.0, 13, , 4707, 0, 0, 0, , 0, 0, 0, 0, 0, 
446, 1, 447, 441, -1, 268, 214, 33.0, 13, ABarpppaaa, 3893, 0, 0, 0, , 0, 0, 0, 0, 0, 
447, 0, 448, -1, -1, 111, 343, 24.0, 15, , 3468, 0, 0, 0, , 0, 0, 0, 0, 0, 
448, 0, 449, -1, -1, 176, 327, 27.0, 15, , 3376, 0, 0, 0, , 0, 0, 0, 0, 0, 
449, 0, 450, -1, -1, 334, 253, 21.0, 11, , 1717, 0, 0, 0, , 0, 0, 0, 0, 0, 
450, 1, 451, 445, -1, 283, 208, 36.0, 13, ABalappapap, 1769, 0, 0, 0, , 0, 0, 0, 0, 0, 
451, 1, 452, 446, -1, 320, 238, 10.0, 13, ABplaappap, 4027, 0, 0, 0, , 0, 0, 0, 0, 0, 
452, 0, 453, -1, -1, 241, 164, 19.0, 9, , 2276, 0, 0, 0, , 0, 0, 0, 0, 0, 
453, 1, 454, 448, -1, 218, 234, 12.0, 15, ABplppaappa, 5428, 0, 0, 0, , 0, 0, 0, 0, 0, 
454, 1, 455, 449, -1, 224, 188, 14.0, 11, ABarappappp, 8375, 0, 0, 0, , 0, 0, 0, 0, 0, 
455, 1, 456, 450, -1, 100, 352, 16.0, 15, Cpapap, 6500, 0, 0, 0, , 0, 0, 0, 0, 0, 
456, 1, 457, 451, -1, 235, 216, 14.0, 17, ABplpaaaapa, 6962, 0, 0, 0, , 0, 0, 0, 0, 0, 
457, 1, 458, 452, -1, 316, 209, 11.0, 15, ABplpaaapap, 11245, 0, 0, 0, , 0, 0, 0, 0, 0, 
458, 1, 459, 453, -1, 268, 278, 23.0, 17, ABaraapapaa, 9028, 0, 0, 0, , 0, 0, 0, 0, 0, 
459, 1, 460, 454, -1, 354, 254, 28.0, 13, MSapappp, 3166, 0, 0, 0, , 0, 0, 0, 0, 0, 
460, 1, 461, 455, -1, 115, 235, 23.0, 15, ABprpppaapp, 5697, 0, 0, 0, , 0, 0, 0, 0, 0, 
461, 1, 462, 456, -1, 128, 267, 12.0, 13, ABplppppapa, 5476, 0, 0, 0, , 0, 0, 0, 0, 0, 
462, 1, 463, 457, -1, 190, 232, 15.0, 13, ABprpapppap, 3652, 0, 0, 0, , 0, 0, 0, 0, 0, 
463, 0, 464, -1, -1, 207, 313, 27.0, 11, , 835, 0, 0, 0, , 0, 0, 0, 0, 0, 
464, 1, 465, 789, -1, 255, 216, 35.0, 13, ABarpaappp, 2710, 0, 0, 0, , 0, 0, 0, 0, 0, 
465, 0, 466, -1, -1, 208, 227, 16.0, 9, , 750, 0, 0, 0, , 0, 0, 0, 0, 0, 
466, 0, 467, -1, -1, 319, 225, 24.0, 13, , 2026, 0, 0, 0, , 0, 0, 0, 0, 0, 
467, 0, 468, -1, -1, 341, 248, 32.0, 13, , 833, 0, 0, 0, , 0, 0, 0, 0, 0, 
468, 0, 469, -1, -1, 242, 194, 29.0, 11, , 2106, 0, 0, 0, , 0, 0, 0, 0, 0, 
469, 1, 470, 464, -1, 263, 308, 11.0, 13, ABplaapppp, 4654, 0, 0, 0, , 0, 0, 0, 0, 0, 
470, 0, -1, -1, -1, 283, 248, 32.0, 13, , 3498, 0, 0, 0, , 0, 0, 0, 0, 0, 
471, 1, 472, 466, -1, 178, 340, 27.0, 17, Epraa, 2407, 0, 0, 0, , 0, 0, 0, 0, 0, 
472, 1, 473, 467, -1, 337, 279, 21.0, 13, ABalaaapall, 3558, 0, 0, 0, , 0, 0, 0, 0, 0, 
473, 1, 474, 468, -1, 261, 225, 29.0, 15, ABarapaappa, 5429, 0, 0, 0, , 0, 0, 0, 0, 0, 
474, 0, 475, -1, -1, 316, 176, 26.0, 11, , 3055, 0, 0, 0, , 0, 0, 0, 0, 0, 
475, 1, 476, 470, -1, 255, 331, 30.0, 17, Dappap, 6836, 0, 0, 0, , 0, 0, 0, 0, 0, 
476, 1, 477, 471, -1, 366, 239, 24.0, 13, ABplaaaaaap, 3510, 0, 0, 0, , 0, 0, 0, 0, 0, 
477, 0, 478, -1, -1, 178, 333, 25.0, 21, , 8795, 0, 0, 0, , 0, 0, 0, 0, 0, 
478, 1, 479, 473, -1, 331, 204, 29.0, 13, ABarpapaaaa, 4406, 0, 0, 0, , 0, 0, 0, 0, 0, 
479, 0, 480, -1, -1, 131, 312, 16.0, 19, , 15129, 0, 0, 0, , 0, 0, 0, 0, 0, 
480, 1, 481, 475, -1, 198, 281, 27.0, 15, Earaad, 6631, 0, 0, 0, , 0, 0, 0, 0, 0, 
481, 0, 482, -1, -1, 135, 330, 27.0, 13, , 1103, 0, 0, 0, , 0, 0, 0, 0, 0, 
482, 0, 483, -1, -1, 277, 187, 26.0, 9, , 964, 0, 0, 0, , 0, 0, 0, 0, 0, 
483, 0, 484, -1, -1, 102, 247, 30.0, 13, , 4908, 0, 0, 0, , 0, 0, 0, 0, 0, 
484, 0, 485, -1, -1, 347, 256, 16.0, 11, , 2922, 0, 0, 0, , 0, 0, 0, 0, 0, 
485, 1, 486, 480, -1, 321, 263, 15.0, 11, ABalppappaa, 2168, 0, 0, 0, , 0, 0, 0, 0, 0, 
486, 1, 487, 481, -1, 250, 205, 21.0, 13, MSppaaaav, 3250, 0, 0, 0, , 0, 0, 0, 0, 0, 
487, 1, 488, 482, -1, 294, 240, 30.0, 13, ABaraappapa, 7882, 0, 0, 0, , 0, 0, 0, 0, 0, 
488, 1, 489, 483, -1, 75, 301, 14.0, 13, ABplapapppp, 5187, 0, 0, 0, , 0, 0, 0, 0, 0, 
489, 1, 490, 484, -1, 237, 253, 21.0, 15, ABarapapaaa, 5595, 0, 0, 0, , 0, 0, 0, 0, 0, 
490, 1, 491, 485, -1, 102, 319, 34.0, 19, Cpppapa, 20778, 0, 0, 0, , 0, 0, 0, 0, 0, 
491, 1, 492, 486, -1, 347, 267, 21.0, 13, ABalapaaapp, 3429, 0, 0, 0, , 0, 0, 0, 0, 0, 
492, 0, 493, -1, -1, 272, 247, 22.0, 13, , 1433, 0, 0, 0, , 0, 0, 0, 0, 0, 
493, 1, 495, 488, -1, 314, 202, 34.0, 13, ABarpapaappp, 3237, 0, 0, 0, , 0, 0, 0, 0, 0, 
494, 1, 496, 489, -1, 317, 296, 24.0, 13, ABalapaaaaa, 6219, 0, 0, 0, , 0, 0, 0, 0, 0, 
495, 1, 497, 490, -1, 196, 250, 30.0, 13, MSppapaa, 2464, 0, 0, 0, , 0, 0, 0, 0, 0, 
496, 1, 498, 491, -1, 272, 191, 10.0, 13, ABarappaaap, 6489, 0, 0, 0, , 0, 0, 0, 0, 0, 
497, 0, 499, -1, -1, 309, 187, 31.0, 7, , 336, 0, 0, 0, , 0, 0, 0, 0, 0, 
498, 0, 500, -1, -1, 273, 259, 15.0, 13, , 1892, 0, 0, 0, , 0, 0, 0, 0, 0, 
499, 0, 501, -1, -1, 113, 317, 25.0, 13, , 2670, 0, 0, 0, , 0, 0, 0, 0, 0, 
500, 1, 502, 495, -1, 224, 286, 29.0, 13, MSpaapapp, 5917, 0, 0, 0, , 0, 0, 0, 0, 0, 
501, 1, 503, 496, -1, 291, 173, 28.0, 13, ABpraapaapa, 5713, 0, 0, 0, , 0, 0, 0, 0, 0, 
502, 1, 504, 716, -1, 230, 173, 14.0, 15, ABpraapppa, 3741, 0, 0, 0, , 0, 0, 0, 0, 0, 
503, 1, 505, 497, -1, 300, 221, 16.0, 13, ABalppapppp, 2901, 0, 0, 0, , 0, 0, 0, 0, 0, 
504, 1, 506, 498, -1, 314, 208, 14.0, 13, ABplpaaapaa, 5576, 0, 0, 0, , 0, 0, 0, 0, 0, 
505, 1, 507, 499, -1, 78, 325, 13.0, 15, Cpappd, 8346, 0, 0, 0, , 0, 0, 0, 0, 0, 
506, 1, 508, 500, -1, 365, 203, 24.0, 17, ABplaaaapa, 5017, 0, 0, 0, , 0, 0, 0, 0, 0, 
507, 0, 509, -1, -1, 219, 314, 15.0, 15, , 2530, 0, 0, 0, , 0, 0, 0, 0, 0, 
508, 1, 510, 502, -1, 230, 312, 16.0, 15, MSapapaa, 2922, 0, 0, 0, , 0, 0, 0, 0, 0, 
509, 1, 511, 503, -1, 261, 165, 22.0, 15, ABpraaaapad, 5058, 0, 0, 0, , 0, 0, 0, 0, 0, 
510, 0, 512, -1, -1, 285, 261, 27.0, 11, , 590, 0, 0, 0, , 0, 0, 0, 0, 0, 
511, 1, 513, 505, -1, 299, 260, 22.0, 13, ABalpaaapaa, 5862, 0, 0, 0, , 0, 0, 0, 0, 0, 
512, 0, 514, -1, -1, 228, 349, 20.0, 17, , 10957, 0, 0, 0, , 0, 0, 0, 0, 0, 
513, 1, 515, 507, -1, 202, 306, 26.0, 17, Earpa, 6131, 0, 0, 0, , 0, 0, 0, 0, 0, 
514, 0, 516, -1, -1, 107, 237, 10.0, 11, , 3748, 0, 0, 0, , 0, 0, 0, 0, 0, 
515, 1, 517, 509, -1, 356, 253, 22.0, 13, ABalapapppp, 2464, 0, 0, 0, , 0, 0, 0, 0, 0, 
516, 1, 518, 510, -1, 271, 189, 15.0, 13, ABarapppppa, 2438, 0, 0, 0, , 0, 0, 0, 0, 0, 
517, 1, 519, 511, -1, 276, 239, 9.0, 19, ABplaapppa, 3518, 0, 0, 0, , 0, 0, 0, 0, 0, 
518, 0, 520, -1, -1, 99, 257, 10.0, 9, , 2801, 0, 0, 0, , 0, 0, 0, 0, 0, 
519, 1, 521, 513, -1, 104, 332, 12.0, 13, ABarppappp, 3696, 0, 0, 0, , 0, 0, 0, 0, 0, 
520, 1, 522, 514, -1, 353, 226, 25.0, 13, ABalapappap, 4576, 0, 0, 0, , 0, 0, 0, 0, 0, 
521, 1, 523, 515, -1, 296, 196, 32.0, 13, ABalapppppp, 3323, 0, 0, 0, , 0, 0, 0, 0, 0, 
522, 1, 524, 516, -1, 300, 259, 31.0, 11, MSaaaaapaa, 2853, 0, 0, 0, , 0, 0, 0, 0, 0, 
523, 1, 525, 517, -1, 271, 209, 17.0, 13, ABplpappaaa, 4507, 0, 0, 0, , 0, 0, 0, 0, 0, 
524, 0, 526, -1, -1, 259, 292, 13.0, 9, , 574, 0, 0, 0, , 0, 0, 0, 0, 0, 
525, 1, 527, 519, -1, 233, 248, 19.0, 15, ABarapapppa, 5964, 0, 0, 0, , 0, 0, 0, 0, 0, 
526, 0, 528, -1, -1, 233, 185, 31.0, 15, , 3658, 0, 0, 0, , 0, 0, 0, 0, 0, 
527, 0, 529, -1, -1, 342, 278, 16.0, 15, , 2617, 0, 0, 0, , 0, 0, 0, 0, 0, 
528, 1, 530, 522, -1, 235, 321, 23.0, 19, Ealaav, 19959, 0, 0, 0, , 0, 0, 0, 0, 0, 
529, 0, 531, -1, -1, 121, 341, 25.0, 15, , 3483, 0, 0, 0, , 0, 0, 0, 0, 0, 
530, 0, 532, -1, -1, 140, 339, 22.0, 19, , 5346, 0, 0, 0, , 0, 0, 0, 0, 0, 
531, 0, 533, -1, -1, 253, 175, 33.0, 13, , 2708, 0, 0, 0, , 0, 0, 0, 0, 0, 
532, 1, 534, 526, -1, 250, 274, 14.0, 13, Daaaa, 3601, 0, 0, 0, , 0, 0, 0, 0, 0, 
533, 0, 535, -1, -1, 225, 231, 15.0, 9, , 629, 0, 0, 0, , 0, 0, 0, 0, 0, 
534, 1, 536, 528, -1, 334, 223, 14.0, 13, ABalaaapalr, 2491, 0, 0, 0, , 0, 0, 0, 0, 0, 
535, 1, 537, 529, -1, 263, 223, 22.0, 13, ABarapaaaap, 3817, 0, 0, 0, , 0, 0, 0, 0, 0, 
536, 1, 538, 530, -1, 241, 218, 32.0, 15, ABprapaaaap, 5658, 0, 0, 0, , 0, 0, 0, 0, 0, 
537, 1, 539, 531, -1, 266, 320, 15.0, 15, ABarppapaa, 7997, 0, 0, 0, , 0, 0, 0, 0, 0, 
538, 1, 540, 532, -1, 242, 214, 10.0, 13, ABalpapapapp, 5359, 0, 0, 0, , 0, 0, 0, 0, 0, 
539, 1, 541, 533, -1, 257, 198, 11.0, 11, ABalpapapapa, 4061, 0, 0, 0, , 0, 0, 0, 0, 0, 
540, 0, 542, -1, -1, 260, 304, 10.0, 15, , 3469, 0, 0, 0, , 0, 0, 0, 0, 0, 
541, 1, 543, 535, -1, 118, 322, 15.0, 15, MSappaap, 2461, 0, 0, 0, , 0, 0, 0, 0, 0, 
542, 1, 544, 536, -1, 273, 332, 23.0, 13, Cpaaaa, 4053, 0, 0, 0, , 0, 0, 0, 0, 0, 
543, 1, 545, 537, -1, 222, 180, 29.0, 15, ABpraaappppa, 2865, 0, 0, 0, , 0, 0, 0, 0, 0, 
544, 0, 546, -1, -1, 278, 183, 32.0, 13, , 3358, 0, 0, 0, , 0, 0, 0, 0, 0, 
545, 0, 547, -1, -1, 226, 222, 15.0, 11, , 1734, 0, 0, 0, , 0, 0, 0, 0, 0, 
546, 1, 548, 540, -1, 215, 210, 16.0, 13, ABprpapapap, 4222, 0, 0, 0, , 0, 0, 0, 0, 0, 
547, 1, 549, 541, -1, 299, 181, 28.0, 13, ABpraaaaapd, 3593, 0, 0, 0, , 0, 0, 0, 0, 0, 
548, 1, 550, 542, -1, 285, 283, 24.0, 13, MSaaapaap, 2002, 0, 0, 0, , 0, 0, 0, 0, 0, 
549, 0, 551, -1, -1, 103, 245, 14.0, 9, , 1286, 0, 0, 0, , 0, 0, 0, 0, 0, 
550, 0, 552, -1, -1, 208, 218, 28.0, 13, , 1853, 0, 0, 0, , 0, 0, 0, 0, 0, 
551, 0, 553, -1, -1, 316, 256, 10.0, 11, , 2327, 0, 0, 0, , 0, 0, 0, 0, 0, 
552, 1, 554, 546, -1, 355, 216, 17.0, 11, ABalaaaarla, 3425, 0, 0, 0, , 0, 0, 0, 0, 0, 
553, 0, 555, -1, -1, 321, 175, 32.0, 9, , 547, 0, 0, 0, , 0, 0, 0, 0, 0, 
554, 1, 556, 548, -1, 88, 254, 26.0, 13, ABprapappppa, 2984, 0, 0, 0, , 0, 0, 0, 0, 0, 
555, 1, 558, 549, -1, 239, 193, 11.0, 13, ABarappapapp, 4532, 0, 0, 0, , 0, 0, 0, 0, 0, 
556, 1, 558, 550, -1, 247, 191, 12.0, 11, ABarappapapa, 4177, 0, 0, 0, , 0, 0, 0, 0, 0, 
557, 0, 559, -1, -1, 135, 312, 16.0, 17, , 8238, 0, 0, 0, , 0, 0, 0, 0, 0, 
558, 0, 560, -1, -1, 243, 190, 21.0, 9, , 798, 0, 0, 0, , 0, 0, 0, 0, 0, 
559, 0, 561, -1, -1, 291, 186, 31.0, 9, , 2092, 0, 0, 0, , 0, 0, 0, 0, 0, 
560, 0, 562, -1, -1, 159, 337, 23.0, 17, , 2046, 0, 0, 0, , 0, 0, 0, 0, 0, 
561, 1, 563, 555, -1, 180, 363, 24.0, 17, Capapaa, 3112, 0, 0, 0, , 0, 0, 0, 0, 0, 
562, 0, 564, -1, -1, 211, 286, 27.0, 9, , 506, 0, 0, 0, , 0, 0, 0, 0, 0, 
563, 1, 565, 557, -1, 296, 306, 22.0, 13, ABplapaaaap, 2570, 0, 0, 0, , 0, 0, 0, 0, 0, 
564, 1, 566, 558, -1, 267, 179, 20.0, 13, ABprpaaappa, 1649, 0, 0, 0, , 0, 0, 0, 0, 0, 
565, 0, 567, -1, -1, 298, 172, 21.0, 9, , 479, 0, 0, 0, , 0, 0, 0, 0, 0, 
566, 0, 568, -1, -1, 272, 247, 19.0, 11, , 1674, 0, 0, 0, , 0, 0, 0, 0, 0, 
567, 0, 569, -1, -1, 202, 331, 24.0, 19, , 5655, 0, 0, 0, , 0, 0, 0, 0, 0, 
568, 0, 570, -1, -1, 204, 305, 25.0, 19, , 9213, 0, 0, 0, , 0, 0, 0, 0, 0, 
569, 1, 571, 563, -1, 235, 196, 34.0, 19, ABarpppaap, 6660, 0, 0, 0, , 0, 0, 0, 0, 0, 
570, 1, 572, 564, -1, 230, 347, 29.0, 13, Dapppa, 2670, 0, 0, 0, , 0, 0, 0, 0, 0, 
571, 1, 573, 565, -1, 298, 204, 15.0, 13, ABalppapaap, 7233, 0, 0, 0, , 0, 0, 0, 0, 0, 
572, 0, 574, -1, -1, 270, 290, 11.0, 13, , 4267, 0, 0, 0, , 0, 0, 0, 0, 0, 
573, 1, 575, 567, -1, 171, 276, 17.0, 13, ABplpapappp, 2971, 0, 0, 0, , 0, 0, 0, 0, 0, 
574, 1, 576, 711, -1, 274, 243, 13.0, 13, MSappapp, 1897, 0, 0, 0, , 0, 0, 0, 0, 0, 
575, 0, 577, -1, -1, 134, 278, 28.0, 19, , 10832, 0, 0, 0, , 0, 0, 0, 0, 0, 
576, 0, 578, -1, -1, 99, 331, 23.0, 11, , 929, 0, 0, 0, , 0, 0, 0, 0, 0, 
577, 0, 579, -1, -1, 248, 188, 33.0, 9, , 442, 0, 0, 0, , 0, 0, 0, 0, 0, 
578, 0, 580, -1, -1, 320, 264, 15.0, 9, , 624, 0, 0, 0, , 0, 0, 0, 0, 0, 
579, 0, 581, -1, -1, 249, 196, 23.0, 11, , 2995, 0, 0, 0, , 0, 0, 0, 0, 0, 
580, 1, 582, 574, -1, 145, 289, 24.0, 13, Z2, 1954, 0, 0, 0, , 0, 0, 0, 0, 0, 
581, 0, 583, -1, -1, 179, 314, 23.0, 19, , 20161, 0, 0, 0, , 0, 0, 0, 0, 0, 
582, 1, 584, 576, -1, 137, 332, 35.0, 19, Cppapap, 14425, 0, 0, 0, , 0, 0, 0, 0, 0, 
583, 1, 585, 577, -1, 352, 250, 24.0, 11, ABplaaaaapp, 1556, 0, 0, 0, , 0, 0, 0, 0, 0, 
584, 0, 586, -1, -1, 285, 198, 30.0, 13, , 3048, 0, 0, 0, , 0, 0, 0, 0, 0, 
585, 0, 587, -1, -1, 229, 230, 34.0, 17, , 9039, 0, 0, 0, , 0, 0, 0, 0, 0, 
586, 0, 588, -1, -1, 352, 252, 32.0, 15, , 1950, 0, 0, 0, , 0, 0, 0, 0, 0, 
587, 1, 589, 581, -1, 138, 363, 18.0, 19, Cpaapp, 7444, 0, 0, 0, , 0, 0, 0, 0, 0, 
588, 1, 590, 582, -1, 261, 171, 14.0, 13, ABprpaapapp, 7482, 0, 0, 0, , 0, 0, 0, 0, 0, 
589, 1, 591, 583, -1, 89, 307, 20.0, 23, Eplppp, 22009, 0, 0, 0, , 0, 0, 0, 0, 0, 
590, 1, 592, 584, -1, 90, 279, 31.0, 17, Cpapaa, 11866, 0, 0, 0, , 0, 0, 0, 0, 0, 
591, 0, 593, -1, -1, 327, 267, 35.0, 13, , 1123, 0, 0, 0, , 0, 0, 0, 0, 0, 
592, 1, 594, 586, -1, 309, 162, 27.0, 11, ABarpappap, 2288, 0, 0, 0, , 0, 0, 0, 0, 0, 
593, 0, 595, -1, -1, 239, 233, 17.0, 11, , 2419, 0, 0, 0, , 0, 0, 0, 0, 0, 
594, 0, 596, -1, -1, 252, 302, 14.0, 13, , 2320, 0, 0, 0, , 0, 0, 0, 0, 0, 
595, 1, 597, 589, -1, 326, 292, 18.0, 11, ABalpppapppp, 3277, 0, 0, 0, , 0, 0, 0, 0, 0, 
596, 1, 598, 590, -1, 229, 209, 31.0, 13, ABpraapapppp, 2422, 0, 0, 0, , 0, 0, 0, 0, 0, 
597, 1, 599, 591, -1, 221, 249, 29.0, 11, MSpapappa, 425, 0, 0, 0, , 0, 0, 0, 0, 0, 
598, 1, 600, 592, -1, 205, 357, 29.0, 15, Dapppp, 8660, 0, 0, 0, , 0, 0, 0, 0, 0, 
599, 0, 601, -1, -1, 258, 160, 31.0, 11, , 1170, 0, 0, 0, , 0, 0, 0, 0, 0, 
600, 1, 602, 593, -1, 258, 218, 17.0, 11, ABprpapppaa, 3922, 0, 0, 0, , 0, 0, 0, 0, 0, 
601, 0, 603, -1, -1, 92, 238, 25.0, 11, , 3326, 0, 0, 0, , 0, 0, 0, 0, 0, 
602, 1, 604, 595, -1, 296, 243, 19.0, 11, ABalpappaapa, 4207, 0, 0, 0, , 0, 0, 0, 0, 0, 
603, 1, 605, 596, -1, 285, 257, 17.0, 13, ABalpappaapp, 4187, 0, 0, 0, , 0, 0, 0, 0, 0, 
604, 1, 606, 597, -1, 91, 306, 26.0, 19, Eprppp, 25453, 0, 0, 0, , 0, 0, 0, 0, 0, 
605, 0, 607, -1, -1, 263, 173, 34.0, 13, , 3511, 0, 0, 0, , 0, 0, 0, 0, 0, 
606, 0, 608, -1, -1, 206, 289, 16.0, 19, , 15599, 0, 0, 0, , 0, 0, 0, 0, 0, 
607, 0, 609, -1, -1, 243, 153, 22.0, 9, , 754, 0, 0, 0, , 0, 0, 0, 0, 0, 
608, 0, 610, -1, -1, 271, 272, 28.0, 15, , 6476, 0, 0, 0, , 0, 0, 0, 0, 0, 
609, 0, 611, -1, -1, 186, 360, 21.0, 15, , 3508, 0, 0, 0, , 0, 0, 0, 0, 0, 
610, 1, 612, 603, -1, 303, 190, 21.0, 9, ABaraaappap, 1477, 0, 0, 0, , 0, 0, 0, 0, 0, 
611, 1, 613, 604, -1, 179, 310, 23.0, 17, Ealap, 1272, 0, 0, 0, , 0, 0, 0, 0, 0, 
612, 1, 614, 605, -1, 166, 344, 24.0, 17, Eplaa, 3283, 0, 0, 0, , 0, 0, 0, 0, 0, 
613, 1, 615, 606, -1, 179, 269, 14.0, 13, ABprpappapp, 2107, 0, 0, 0, , 0, 0, 0, 0, 0, 
614, 1, 616, 607, -1, 103, 235, 18.0, 15, Cpppppv, 4635, 0, 0, 0, , 0, 0, 0, 0, 0, 
615, 1, 617, 608, -1, 234, 174, 24.0, 13, ABpraaaapav, 5099, 0, 0, 0, , 0, 0, 0, 0, 0, 
616, 0, 618, -1, -1, 233, 249, 20.0, 15, , 7755, 0, 0, 0, , 0, 0, 0, 0, 0, 
617, 0, 619, -1, -1, 246, 337, 21.0, 19, , 8740, 0, 0, 0, , 0, 0, 0, 0, 0, 
618, 0, 621, -1, -1, 334, 232, 24.0, 11, , 2712, 0, 0, 0, , 0, 0, 0, 0, 0, 
619, 0, 622, -1, -1, 247, 253, 35.0, 17, , 4257, 0, 0, 0, , 0, 0, 0, 0, 0, 
620, 1, 623, 613, -1, 152, 328, 15.0, 17, Capaapp, 11049, 0, 0, 0, , 0, 0, 0, 0, 0, 
621, 1, 624, 614, -1, 293, 274, 15.0, 15, ABalpppppaa, 4082, 0, 0, 0, , 0, 0, 0, 0, 0, 
622, 1, 625, 615, -1, 266, 174, 25.0, 13, ABalaapaaal, 3519, 0, 0, 0, , 0, 0, 0, 0, 0, 
623, 1, 627, 616, -1, 315, 191, 28.0, 15, ABalaaappll, 5174, 0, 0, 0, , 0, 0, 0, 0, 0, 
624, 0, 628, -1, -1, 288, 265, 28.0, 9, , 494, 0, 0, 0, , 0, 0, 0, 0, 0, 
625, 0, 629, -1, -1, 311, 258, 34.0, 15, , 5758, 0, 0, 0, , 0, 0, 0, 0, 0, 
626, 1, 630, 727, -1, 92, 288, 13.0, 13, ABplapppapp, 3674, 0, 0, 0, , 0, 0, 0, 0, 0, 
627, 0, 631, -1, -1, 114, 226, 12.0, 13, , 350, 0, 0, 0, , 0, 0, 0, 0, 0, 
628, 0, 632, -1, -1, 235, 164, 17.0, 9, , 975, 0, 0, 0, , 0, 0, 0, 0, 0, 
629, 0, 633, -1, -1, 358, 231, 17.0, 15, , 8437, 0, 0, 0, , 0, 0, 0, 0, 0, 
630, 1, 634, 622, -1, 315, 210, 18.0, 11, ABalpaappap, 3202, 0, 0, 0, , 0, 0, 0, 0, 0, 
631, 1, 635, 623, -1, 96, 282, 22.0, 15, Eprppa, 3849, 0, 0, 0, , 0, 0, 0, 0, 0, 
632, 0, 636, -1, -1, 290, 174, 29.0, 13, , 7803, 0, 0, 0, , 0, 0, 0, 0, 0, 
633, 0, 637, -1, -1, 359, 258, 25.0, 11, , 2847, 0, 0, 0, , 0, 0, 0, 0, 0, 
634, 0, 638, -1, -1, 253, 203, 30.0, 9, , 834, 0, 0, 0, , 0, 0, 0, 0, 0, 
635, 1, 639, 627, -1, 100, 328, 27.0, 13, Eprpa, 3554, 0, 0, 0, , 0, 0, 0, 0, 0, 
636, 1, 640, 628, -1, 300, 230, 11.0, 17, ABplpaaappp, 7574, 0, 0, 0, , 0, 0, 0, 0, 0, 
637, 0, 641, -1, -1, 292, 195, 15.0, 13, , 6596, 0, 0, 0, , 0, 0, 0, 0, 0, 
638, 1, 642, 630, -1, 185, 336, 12.0, 13, ABplappaap, 6614, 0, 0, 0, , 0, 0, 0, 0, 0, 
639, 0, 643, -1, -1, 89, 229, 16.0, 11, , 1618, 0, 0, 0, , 0, 0, 0, 0, 0, 
640, 1, 644, 758, -1, 337, 259, 14.0, 13, ABalapaapap, 1789, 0, 0, 0, , 0, 0, 0, 0, 0, 
641, 0, 645, -1, -1, 284, 251, 26.0, 11, , 1927, 0, 0, 0, , 0, 0, 0, 0, 0, 
642, 0, 646, -1, -1, 297, 222, 33.0, 15, , 2982, 0, 0, 0, , 0, 0, 0, 0, 0, 
643, 0, 647, -1, -1, 281, 242, 33.0, 13, , 2153, 0, 0, 0, , 0, 0, 0, 0, 0, 
644, 0, 648, -1, -1, 86, 256, 29.0, 13, , 1558, 0, 0, 0, , 0, 0, 0, 0, 0, 
645, 0, -1, -1, -1, 265, 158, 20.0, 11, , 4219, 0, 0, 0, , 0, 0, 0, 0, 0, 
646, 1, 650, 637, -1, 257, 158, 19.0, 13, ABpraappap, 4786, 0, 0, 0, , 0, 0, 0, 0, 0, 
647, 1, 651, 638, -1, 152, 334, 28.0, 19, Earpp, 4360, 0, 0, 0, , 0, 0, 0, 0, 0, 
648, 1, 652, 639, -1, 291, 312, 16.0, 15, ABarppaaap, 3759, 0, 0, 0, , 0, 0, 0, 0, 0, 
649, 1, 303, 640, -1, 211, 208, 22.0, 17, Dpaaa, 8857, 0, 0, 0, , 0, 0, 0, 0, 0, 
650, 0, 655, -1, -1, 193, 252, 27.0, 13, , 3135, 0, 0, 0, , 0, 0, 0, 0, 0, 
651, 1, 656, 642, -1, 185, 317, 35.0, 17, Cppapaa, 9310, 0, 0, 0, , 0, 0, 0, 0, 0, 
652, 0, 657, -1, -1, 278, 181, 36.0, 9, , 1171, 0, 0, 0, , 0, 0, 0, 0, 0, 
653, 0, 658, -1, -1, 250, 175, 35.0, 11, , 1996, 0, 0, 0, , 0, 0, 0, 0, 0, 
654, 1, 659, 645, -1, 294, 275, 35.0, 17, ABarppaapa, 3955, 0, 0, 0, , 0, 0, 0, 0, 0, 
655, 0, 660, -1, -1, 358, 225, 21.0, 9, , 902, 0, 0, 0, , 0, 0, 0, 0, 0, 
656, 0, 661, -1, -1, 307, 282, 20.0, 11, , 940, 0, 0, 0, , 0, 0, 0, 0, 0, 
657, 0, 662, -1, -1, 142, 294, 26.0, 21, , 20828, 0, 0, 0, , 0, 0, 0, 0, 0, 
658, 0, 663, -1, -1, 235, 319, 24.0, 17, , 9390, 0, 0, 0, , 0, 0, 0, 0, 0, 
659, 0, 664, -1, -1, 67, 275, 17.0, 15, , 2218, 0, 0, 0, , 0, 0, 0, 0, 0, 
660, 1, 665, 651, -1, 97, 231, 13.0, 15, ABprpppapap, 5538, 0, 0, 0, , 0, 0, 0, 0, 0, 
661, 1, 666, 652, -1, 339, 265, 26.0, 15, MSapaaap, 7877, 0, 0, 0, , 0, 0, 0, 0, 0, 
662, 0, 667, -1, -1, 126, 330, 28.0, 15, , 6332, 0, 0, 0, , 0, 0, 0, 0, 0, 
663, 0, 668, -1, -1, 228, 172, 15.0, 15, , 4066, 0, 0, 0, , 0, 0, 0, 0, 0, 
664, 1, 669, 655, -1, 285, 215, 23.0, 15, ABarapaaaaa, 4747, 0, 0, 0, , 0, 0, 0, 0, 0, 
665, 1, 670, 656, -1, 292, 180, 18.0, 15, ABprpaaapaa, 5583, 0, 0, 0, , 0, 0, 0, 0, 0, 
666, 0, 672, -1, -1, 252, 156, 26.0, 11, , 929, 0, 0, 0, , 0, 0, 0, 0, 0, 
667, 0, 673, -1, -1, 219, 306, 29.0, 13, , 2371, 0, 0, 0, , 0, 0, 0, 0, 0, 
668, 1, 674, 659, -1, 268, 223, 13.0, 13, ABplpapaapp, 3408, 0, 0, 0, , 0, 0, 0, 0, 0, 
669, 0, 675, -1, -1, 93, 281, 12.0, 9, , 698, 0, 0, 0, , 0, 0, 0, 0, 0, 
670, 0, 676, -1, -1, 251, 237, 17.0, 9, , 1435, 0, 0, 0, , 0, 0, 0, 0, 0, 
671, 0, 677, -1, -1, 323, 239, 30.0, 13, , 1188, 0, 0, 0, , 0, 0, 0, 0, 0, 
672, 1, 678, 663, -1, 322, 224, 22.0, 13, ABalpaapaaa, 6429, 0, 0, 0, , 0, 0, 0, 0, 0, 
673, 0, 679, -1, -1, 91, 326, 23.0, 13, , 2379, 0, 0, 0, , 0, 0, 0, 0, 0, 
674, 0, 680, -1, -1, 258, 266, 28.0, 11, , 1556, 0, 0, 0, , 0, 0, 0, 0, 0, 
675, 0, 681, -1, -1, 295, 183, 34.0, 13, , 781, 0, 0, 0, , 0, 0, 0, 0, 0, 
676, 0, 682, -1, -1, 188, 334, 14.0, 13, , 2217, 0, 0, 0, , 0, 0, 0, 0, 0, 
677, 0, 683, -1, -1, 287, 297, 16.0, 9, , 1002, 0, 0, 0, , 0, 0, 0, 0, 0, 
678, 1, 684, 668, -1, 291, 206, 21.0, 9, ABaraaaaapa, 1427, 0, 0, 0, , 0, 0, 0, 0, 0, 
679, 0, 685, -1, -1, 350, 223, 23.0, 13, , 875, 0, 0, 0, , 0, 0, 0, 0, 0, 
680, 0, 686, -1, -1, 218, 168, 26.0, 11, , 2216, 0, 0, 0, , 0, 0, 0, 0, 0, 
681, 0, 687, -1, -1, 251, 163, 32.0, 9, , 929, 0, 0, 0, , 0, 0, 0, 0, 0, 
682, 1, 688, 672, -1, 281, 256, 15.0, 13, MSapppaa, 2050, 0, 0, 0, , 0, 0, 0, 0, 0, 
683, 0, 689, -1, -1, 266, 168, 24.0, 11, , 2356, 0, 0, 0, , 0, 0, 0, 0, 0, 
684, 0, 690, -1, -1, 327, 287, 20.0, 11, , 2116, 0, 0, 0, , 0, 0, 0, 0, 0, 
685, 0, -1, -1, -1, 209, 268, 9.0, 13, , 1169, 0, 0, 0, , 0, 0, 0, 0, 0, 
686, 0, -1, -1, -1, 90, 284, 10.0, 11, , 1917, 0, 0, 0, , 0, 0, 0, 0, 0, 
687, 0, -1, -1, -1, 272, 206, 11.0, 13, , 10124, 0, 0, 0, , 0, 0, 0, 0, 0, 
688, 1, 694, 678, -1, 253, 292, 14.0, 17, ABplppaaaap, 4108, 0, 0, 0, , 0, 0, 0, 0, 0, 
689, 1, 711, 679, -1, 211, 175, 19.0, 9, ABprppaapaa, 3715, 0, 0, 0, , 0, 0, 0, 0, 0, 
690, 1, 781, 680, -1, 282, 178, 23.0, 11, ABalaapaapp, 3299, 0, 0, 0, , 0, 0, 0, 0, 0, 
691, 0, -1, -1, -1, 243, 242, 23.0, 11, , 1031, 0, 0, 0, , 0, 0, 0, 0, 0, 
692, 0, -1, -1, -1, 228, 199, 25.0, 11, , 2577, 0, 0, 0, , 0, 0, 0, 0, 0, 
693, 1, 24, 683, -1, 273, 239, 27.0, 11, ABarapaapaa, 5340, 0, 0, 0, , 0, 0, 0, 0, 0, 
694, 0, -1, -1, -1, 197, 328, 27.0, 15, , 1277, 0, 0, 0, , 0, 0, 0, 0, 0, 
695, 0, -1, -1, -1, 156, 293, 29.0, 11, , 1834, 0, 0, 0, , 0, 0, 0, 0, 0, 
696, 1, 710, 686, -1, 301, 223, 31.0, 13, MSaaaaaar, 3751, 0, 0, 0, , 0, 0, 0, 0, 0, 
697, 0, -1, -1, -1, 347, 252, 29.0, 15, , 2680, 0, 0, 0, , 0, 0, 0, 0, 0, 
698, 0, -1, -1, -1, 349, 234, 28.0, 15, , 3017, 0, 0, 0, , 0, 0, 0, 0, 0, 
699, 1, 692, 721, -1, 216, 229, 17.0, 15, ABplpappaap, 0, 0, 0, 0, , 0, 0, 0, 0, 0, 
700, 0, 695, -1, -1, 104, 247, 10.0, 10, , 0, 0, 0, 0, , 0, 0, 0, 0, 0, 
701, 1, 696, 696, -1, 108, 240, 11.0, 14, ABplpppapap, 0, 0, 0, 0, , 0, 0, 0, 0, 0, 
702, 1, 700, 698, -1, 334, 275, 24.0, 13, ABalapaaapa, 0, 0, 0, 0, , 0, 0, 0, 0, 0, 
703, 1, 50, 699, -1, 321, 241, 30.0, 13, ABalapppaaa, 0, 0, 0, 0, , 0, 0, 0, 0, 0, 
704, 1, 701, 700, -1, 205, 320, 35.0, 13, Dppppp, 0, 0, 0, 0, , 0, 0, 0, 0, 0, 
705, 1, 702, 701, -1, 132, 282, 28.6, 13, Cppaapp, 0, 0, 0, 0, , 0, 0, 0, 0, 0, 
706, 0, 703, -1, -1, 125, 336, 29.0, 15, , 0, 0, 0, 0, , 0, 0, 0, 0, 0, 
707, 1, 363, 703, -1, 116, 341, 25.0, 17, Eplap, 9336, 0, 0, 0, , 0, 0, 0, 0, 0, 
708, 1, 704, 704, -1, 228, 349, 22.6, 15, Cpaaap, 0, 0, 0, 0, , 0, 0, 0, 0, 0, 
709, 1, 705, 705, -1, 246, 337, 22.2, 17, Caaaaa, 0, 0, 0, 0, , 0, 0, 0, 0, 0, 
710, 1, 478, 706, -1, 199, 328, 24.0, 15, Earap, 0, 0, 0, 0, , 0, 0, 0, 0, 0, 
711, 1, 706, 707, -1, 221, 310, 30.0, 15, Earaav, 0, 0, 0, 0, , 0, 0, 0, 0, 0, 
712, 1, 707, 708, -1, 308, 257, 33.333332, 15, MSpppaaa, 0, 0, 0, 0, , 0, 0, 0, 0, 0, 
713, 1, 708, 710, -1, 282, 245, 31.0, 11, MSpaaaapa, 2366, 0, 0, 0, , 0, 0, 0, 0, 0, 
714, 1, 709, 712, -1, 290, 258, 28.0, 13, MSaaapaaa, 0, 0, 0, 0, , 0, 0, 0, 0, 0, 
715, 1, 712, 713, -1, 276, 201, 14.0, 13, ABprpappaaa, 0, 0, 0, 0, , 0, 0, 0, 0, 0, 
716, 1, 713, 714, -1, 245, 177, 13.0, 11, ABprpaappppp, 0, 0, 0, 0, , 0, 0, 0, 0, 0, 
717, 1, 714, 694, -1, 225, 193, 16.0, 11, ABprpaapppa, 0, 0, 0, 0, , 0, 0, 0, 0, 0, 
718, 1, 715, 715, -1, 100, 248, 29.0, 11, ABprapppaap, 0, 0, 0, 0, , 0, 0, 0, 0, 0, 
719, 1, 716, 717, -1, 234, 185, 31.0, 14, ABpraapapppa, 0, 0, 0, 0, , 0, 0, 0, 0, 0, 
720, 1, 197, 718, -1, 227, 199, 25.333334, 11, ABpraaappap, 1674, 0, 0, 0, , 0, 0, 0, 0, 0, 
721, 1, 717, 719, -1, 221, 202, 28.5, 11, ABpraaapppaa, 564, 0, 0, 0, , 0, 0, 0, 0, 0, 
722, 1, 718, 720, -1, 278, 186, 31.333334, 13, ABpraaapapa, 3478, 0, 0, 0, , 0, 0, 0, 0, 0, 
723, 1, 719, 722, -1, 254, 225, 14.0, 13, ABplpapaapa, 0, 0, 0, 0, , 0, 0, 0, 0, 0, 
724, 1, 720, 723, -1, 270, 223, 11.0, 11, ABplpaappppp, 0, 0, 0, 0, , 0, 0, 0, 0, 0, 
725, 1, 721, 724, -1, 251, 234, 12.727273, 13, ABplpaapppa, 3193, 0, 0, 0, , 0, 0, 0, 0, 0, 
726, 1, 722, 726, -1, 309, 235, 16.0, 15, ABalppappap, 0, 0, 0, 0, , 0, 0, 0, 0, 0, 
727, 1, 723, 729, -1, 265, 304, 19.0, 15, ABplapaaapp, 0, 0, 0, 0, , 0, 0, 0, 0, 0, 
728, 1, 724, 730, -1, 261, 301, 16.666666, 14, ABplapaaapa, 3777, 0, 0, 0, , 0, 0, 0, 0, 0, 
729, 1, 725, 731, -1, 337, 268, 18.0, 15, ABplaapaapp, 0, 0, 0, 0, , 0, 0, 0, 0, 0, 
730, 1, 726, 732, -1, 345, 283, 18.555555, 15, ABplaaappp, 0, 0, 0, 0, , 0, 0, 0, 0, 0, 
731, 1, 728, 734, -1, 227, 231, 35.0, 15, ABarpppapa, 0, 0, 0, 0, , 0, 0, 0, 0, 0, 
732, 1, 729, 784, -1, 327, 188, 28.333334, 13, ABarpapaappa, 0, 0, 0, 0, , 0, 0, 0, 0, 0, 
733, 1, 730, 736, -1, 333, 251, 32.0, 15, ABalapapapa, 0, 0, 0, 0, , 0, 0, 0, 0, 0, 
734, 1, 731, 737, -1, 323, 262, 36.0, 15, ABarpaappa, 0, 0, 0, 0, , 0, 0, 0, 0, 0, 
735, 0, 732, -1, -1, 330, 249, 30.0, 13, , 0, 0, 0, 0, , 0, 0, 0, 0, 0, 
736, 0, 733, -1, -1, 269, 189, 12.0, 15, , 0, 0, 0, 0, , 0, 0, 0, 0, 0, 
737, 1, 734, 738, -1, 293, 196, 15.0, 13, ABarappaapa, 0, 0, 0, 0, , 0, 0, 0, 0, 0, 
738, 1, 735, 739, -1, 256, 233, 24.0, 15, ABarapapppp, 0, 0, 0, 0, , 0, 0, 0, 0, 0, 
739, 1, 736, 740, -1, 245, 230, 26.0, 13, ABarapaappp, 0, 0, 0, 0, , 0, 0, 0, 0, 0, 
740, 1, 737, 741, -1, 243, 244, 27.6, 13, ABaraapppaa, 0, 0, 0, 0, , 0, 0, 0, 0, 0, 
741, 1, 738, 742, -1, 313, 222, 25.2, 11, ABaraaaapap, 0, 0, 0, 0, , 0, 0, 0, 0, 0, 
742, 1, 739, 743, -1, 282, 218, 26.0, 11, ABaraaaaapp, 0, 0, 0, 0, , 0, 0, 0, 0, 0, 
743, 1, 740, 744, -1, 307, 284, 21.0, 13, ABalppppaav, 0, 0, 0, 0, , 0, 0, 0, 0, 0, 
744, 1, 741, 745, -1, 305, 202, 12.214286, 13, ABalppapapp, 4342, 0, 0, 0, , 0, 0, 0, 0, 0, 
745, 1, 323, 746, -1, 264, 210, 12.2, 13, ABalppapapa, 7231, 0, 0, 0, , 0, 0, 0, 0, 0, 
746, 1, 742, 747, -1, 302, 219, 12.0, 15, ABalppaappp, 0, 0, 0, 0, , 0, 0, 0, 0, 0, 
747, 1, 743, 748, -1, 283, 226, 19.0, 13, ABalpappapa, 0, 0, 0, 0, , 0, 0, 0, 0, 0, 
748, 1, 744, 320, -1, 254, 215, 14.0, 14, ABalpapapaa, 0, 0, 0, 0, , 0, 0, 0, 0, 0, 
749, 1, 745, 750, -1, 306, 242, 24.11111, 13, ABalpaapaap, 0, 0, 0, 0, , 0, 0, 0, 0, 0, 
750, 0, 746, -1, -1, 329, 203, 27.666666, 13, , 0, 0, 0, 0, , 0, 0, 0, 0, 0, 
751, 1, 747, 752, -1, 126, 328, 26.538462, 15, Eprap, 0, 0, 0, 0, , 0, 0, 0, 0, 0, 
752, 0, 748, -1, -1, 264, 203, 31.25, 14, , 0, 0, 0, 0, , 0, 0, 0, 0, 0, 
753, 1, 749, 754, -1, 334, 232, 26.0, 15, ABalapappaa, 0, 0, 0, 0, , 0, 0, 0, 0, 0, 
754, 1, 750, 755, -1, 323, 256, 17.5, 14, ABalapaappa, 0, 0, 0, 0, , 0, 0, 0, 0, 0, 
755, 1, 751, 756, -1, 305, 271, 15.0, 13, ABalapaapaa, 885, 0, 0, 0, , 0, 0, 0, 0, 0, 
756, 0, 752, -1, -1, 280, 183, 26.0, 13, , 0, 0, 0, 0, , 0, 0, 0, 0, 0, 
757, 1, 753, 759, -1, 305, 202, 17.714285, 15, ABalpapaapa, 6080, 0, 0, 0, , 0, 0, 0, 0, 0, 
758, 0, 754, -1, -1, 108, 244, 12.5, 12, , 0, 0, 0, 0, , 0, 0, 0, 0, 0, 
759, 0, 755, -1, -1, 285, 201, 30.0, 13, , 2536, 0, 0, 0, , 0, 0, 0, 0, 0, 
760, 1, 756, 762, 763, 304, 235, 14.0, 14, ABplpaaappa, 0, 0, 0, 0, , 0, 0, 0, 0, 0, 
761, 1, 757, 764, -1, 134, 312, 15.0, 17, Z3, 0, 0, 0, 0, , 0, 0, 0, 0, 0, 
762, 1, 758, 765, -1, 292, 246, 34.285713, 15, MSpppppp, 0, 0, 0, 0, , 0, 0, 0, 0, 0, 
763, 1, 759, 766, -1, 283, 265, 22.0, 13, ABalpaaappa, 4507, 0, 0, 0, , 0, 0, 0, 0, 0, 
764, 1, 333, 767, -1, 287, 265, 19.0, 17, ABalpapppaa, 5158, 0, 0, 0, , 0, 0, 0, 0, 0, 
765, 1, 760, 768, -1, 307, 294, 14.777778, 16, ABalpppppppa, 0, 0, 0, 0, , 0, 0, 0, 0, 0, 
766, 1, 761, 769, -1, 320, 264, 12.870968, 13, ABalppaaapa, 0, 0, 0, 0, , 0, 0, 0, 0, 0, 
767, 1, 762, 770, -1, 275, 191, 23.142857, 13, ABarappppap, 0, 0, 0, 0, , 0, 0, 0, 0, 0, 
768, 1, 763, 771, -1, 349, 232, 28.875, 11, ABalapapapp, 0, 0, 0, 0, , 0, 0, 0, 0, 0, 
769, 0, 764, -1, -1, 179, 344, 31.0, 15, , 0, 0, 0, 0, , 0, 0, 0, 0, 0, 
770, 1, 765, 773, -1, 189, 288, 34.0, 15, Caaaap, 0, 0, 0, 0, , 0, 0, 0, 0, 0, 
771, 1, 766, 774, -1, 104, 247, 13.333333, 13, Caapaa, 0, 0, 0, 0, , 0, 0, 0, 0, 0, 
772, 1, 767, 775, -1, 117, 302, 34.0, 15, Caaapp, 0, 0, 0, 0, , 0, 0, 0, 0, 0, 
773, 1, 768, 776, -1, 154, 305, 34.0, 15, Caaapa, 0, 0, 0, 0, , 0, 0, 0, 0, 0, 
774, 1, 769, 777, -1, 189, 361, 21.0, 15, Cpaapa, 0, 0, 0, 0, , 0, 0, 0, 0, 0, 
775, 1, 770, 778, -1, 159, 297, 27.0, 15, MSpppaap, 0, 0, 0, 0, , 0, 0, 0, 0, 0, 
776, 1, 772, 780, -1, 102, 306, 13.0, 13, ABplpppaapa, 0, 0, 0, 0, , 0, 0, 0, 0, 0, 
777, 1, 727, 781, -1, 146, 285, 34.0, 15, ABarpppppa, 0, 0, 0, 0, , 0, 0, 0, 0, 0, 
778, 1, 773, 782, -1, 348, 256, 33.0, 15, ABarpaapap, 0, 0, 0, 0, , 0, 0, 0, 0, 0, 
779, 1, 774, 783, -1, 256, 175, 32.5, 15, ABarpapppp, 0, 0, 0, 0, , 0, 0, 0, 0, 0, 
780, 0, 775, -1, -1, 290, 297, 16.0, 11, , 0, 0, 0, 0, , 0, 0, 0, 0, 0, 
781, 1, 776, 786, -1, 289, 297, 15.5, 11, ABalppppppaa, 0, 0, 0, 0, , 0, 0, 0, 0, 0, 
782, 1, 777, 787, -1, 324, 288, 20.666666, 11, ABalapapppa, 0, 0, 0, 0, , 0, 0, 0, 0, 0, 
783, 0, 778, -1, -1, 256, 194, 33.0, 13, , 0, 0, 0, 0, , 0, 0, 0, 0, 0, 
784, 0, 780, -1, -1, 260, 202, 31.8, 13, , 0, 0, 0, 0, , 0, 0, 0, 0, 0, 
785, 1, 782, 791, -1, 274, 173, 18.0, 13, ABalaapappp, 0, 0, 0, 0, , 0, 0, 0, 0, 0, 
786, 1, 783, 792, -1, 278, 182, 25.0, 13, ABalaappppa, 0, 0, 0, 0, , 0, 0, 0, 0, 0, 
787, 1, 784, 793, -1, 286, 190, 28.0, 13, ABalaappppp, 0, 0, 0, 0, , 0, 0, 0, 0, 0, 
788, 1, 755, 794, -1, 285, 200, 31.0, 13, ABalaapaaar, 0, 0, 0, 0, , 0, 0, 0, 0, 0, 
789, 1, 778, 795, -1, 256, 193, 35.0, 13, ABalapppppa, 0, 0, 0, 0, , 0, 0, 0, 0, 0, 
790, 1, 785, 796, -1, 320, 241, 32.5, 15, ABalapppapa, 0, 0, 0, 0, , 0, 0, 0, 0, 0, 
791, 1, 786, 797, -1, 290, 185, 33.0, 15, ABalappappp, 0, 0, 0, 0, , 0, 0, 0, 0, 0, 
792, 1, 787, 798, -1, 261, 205, 31.0, 13, ABalappapaa, 0, 0, 0, 0, , 0, 0, 0, 0, 0, 
