1, 1, 1, 1, -1, 292, 222, 27.0, 11, ABaraaapaap, 2759, 0, 0, 0, , 0, 0, 0, 0, 0, 
2, 1, 2, 2, -1, 250, 235, 30.0, 13, ABaraaapapp, 4568, 0, 0, 0, , 0, 0, 0, 0, 0, 
3, 1, 3, 3, -1, 230, 237, 24.0, 14, ABaraappppp, 2486, 0, 0, 0, , 0, 0, 0, 0, 0, 
4, 1, 4, 4, -1, 260, 287, 19.0, 13, ABaraapappa, 6650, 0, 0, 0, , 0, 0, 0, 0, 0, 
5, 1, 5, 5, -1, 253, 266, 18.0, 13, ABaraapappp, 6957, 0, 0, 0, , 0, 0, 0, 0, 0, 
6, 1, 6, 6, -1, 272, 300, 23.0, 15, ABaraapapap, 7323, 0, 0, 0, , 0, 0, 0, 0, 0, 
7, 1, 7, 7, -1, 303, 224, 25.0, 15, ABaraapaaaa, 8749, 0, 0, 0, , 0, 0, 0, 0, 0, 
8, 1, 8, 8, -1, 310, 246, 26.0, 15, ABaraapaaap, 9360, 0, 0, 0, , 0, 0, 0, 0, 0, 
9, 1, 9, 9, -1, 294, 279, 29.0, 13, MSaaaaapp, 5940, 0, 0, 0, , 0, 0, 0, 0, 0, 
10, 1, 10, 10, -1, 308, 262, 27.0, 13, ABaraapaapa, 6318, 0, 0, 0, , 0, 0, 0, 0, 0, 
11, 1, 11, 11, -1, 322, 206, 25.0, 11, ABaraaappaa, 3490, 0, 0, 0, , 0, 0, 0, 0, 0, 
12, 1, 12, 12, -1, 311, 193, 24.0, 13, ABaraaapppa, 3159, 0, 0, 0, , 0, 0, 0, 0, 0, 
13, 1, 13, 13, -1, 304, 188, 27.0, 13, ABaraaapppp, 2910, 0, 0, 0, , 0, 0, 0, 0, 0, 
14, 1, 14, 14, -1, 306, 204, 24.0, 11, ABaraaapaaa, 3613, 0, 0, 0, , 0, 0, 0, 0, 0, 
15, 1, 15, 15, -1, 251, 258, 32.0, 17, ABaraappapp, 11843, 0, 0, 0, , 0, 0, 0, 0, 0, 
16, 1, 16, 16, -1, 303, 244, 22.0, 15, ABaraaaaaap, 3662, 0, 0, 0, , 0, 0, 0, 0, 0, 
17, 0, 17, -1, -1, 294, 255, 25.0, 9, , 452, 0, 0, 0, , 0, 0, 0, 0, 0, 
18, 1, 18, 18, -1, 220, 268, 20.0, 11, ABalpappapp, 3451, 0, 0, 0, , 0, 0, 0, 0, 0, 
19, 1, 19, 19, -1, 246, 215, 25.0, 11, ABarapapaapp, 6136, 0, 0, 0, , 0, 0, 0, 0, 0, 
20, 1, 20, 20, -1, 249, 220, 27.0, 15, ABarapappaa, 7441, 0, 0, 0, , 0, 0, 0, 0, 0, 
21, 1, 21, 21, -1, 284, 189, 10.0, 11, ABalaapappa, 3569, 0, 0, 0, , 0, 0, 0, 0, 0, 
22, 1, 22, 22, -1, 282, 216, 20.0, 11, ABarapaaapp, 8777, 0, 0, 0, , 0, 0, 0, 0, 0, 
23, 1, 23, 23, -1, 272, 225, 27.0, 13, ABarapaapap, 5779, 0, 0, 0, , 0, 0, 0, 0, 0, 
24, 0, 24, -1, -1, 270, 241, 30.0, 11, , 2419, 0, 0, 0, , 0, 0, 0, 0, 0, 
25, 1, 25, 25, -1, 258, 196, 14.0, 11, ABarapppapa, 5078, 0, 0, 0, , 0, 0, 0, 0, 0, 
26, 1, 26, 26, -1, 297, 182, 13.0, 19, ABalpapaaap, 25267, 0, 0, 0, , 0, 0, 0, 0, 0, 
27, 1, 27, 27, -1, 286, 174, 15.0, 13, ABarapppapp, 6090, 0, 0, 0, , 0, 0, 0, 0, 0, 
28, 0, 28, -1, -1, 274, 189, 23.0, 13, , 5212, 0, 0, 0, , 0, 0, 0, 0, 0, 
29, 1, 29, 29, -1, 280, 183, 14.0, 11, ABarapppaap, 5729, 0, 0, 0, , 0, 0, 0, 0, 0, 
30, 1, 30, 30, -1, 245, 182, 26.0, 11, ABalaapppap, 1243, 0, 0, 0, , 0, 0, 0, 0, 0, 
31, 1, 31, 31, -1, 280, 191, 19.0, 15, ABarapppppp, 6049, 0, 0, 0, , 0, 0, 0, 0, 0, 
32, 1, 32, 32, -1, 290, 194, 24.0, 15, ABarappaaaa, 6933, 0, 0, 0, , 0, 0, 0, 0, 0, 
33, 1, 33, 33, -1, 254, 206, 17.0, 13, ABarappapaa, 5931, 0, 0, 0, , 0, 0, 0, 0, 0, 
34, 1, 34, 34, -1, 212, 205, 14.0, 11, ABprpapappa, 3600, 0, 0, 0, , 0, 0, 0, 0, 0, 
35, 1, 35, 35, -1, 277, 160, 28.0, 15, ABarpapppa, 2284, 0, 0, 0, , 0, 0, 0, 0, 0, 
36, 0, 36, -1, -1, 321, 192, 30.0, 13, , 4016, 0, 0, 0, , 0, 0, 0, 0, 0, 
37, 1, 37, 37, -1, 348, 188, 21.0, 15, ABarpapapa, 4621, 0, 0, 0, , 0, 0, 0, 0, 0, 
38, 1, 38, 38, -1, 356, 198, 30.0, 13, ABarpaapaa, 2839, 0, 0, 0, , 0, 0, 0, 0, 0, 
39, 1, 39, 39, -1, 354, 210, 27.0, 11, ABarpaaaaar, 3476, 0, 0, 0, , 0, 0, 0, 0, 0, 
40, 1, 40, 40, -1, 342, 217, 26.0, 11, ABarpaaaapa, 3117, 0, 0, 0, , 0, 0, 0, 0, 0, 
41, 1, 41, 41, -1, 353, 184, 27.0, 11, ABarpaaapp, 3674, 0, 0, 0, , 0, 0, 0, 0, 0, 
42, 1, 42, 42, -1, 333, 215, 28.0, 11, ABarpaaapaa, 1956, 0, 0, 0, , 0, 0, 0, 0, 0, 
43, 1, 43, 43, -1, 331, 181, 30.0, 13, ABarpaaapap, 3845, 0, 0, 0, , 0, 0, 0, 0, 0, 
44, 1, 44, 44, -1, 259, 318, 21.0, 15, ABarppaapp, 5894, 0, 0, 0, , 0, 0, 0, 0, 0, 
45, 1, 45, 45, -1, 171, 351, 16.0, 15, ABarppappa, 5997, 0, 0, 0, , 0, 0, 0, 0, 0, 
46, 1, 46, 46, -1, 240, 330, 15.0, 17, ABarppapap, 6625, 0, 0, 0, , 0, 0, 0, 0, 0, 
47, 1, 47, 47, -1, 203, 228, 33.0, 15, ABarppppaa, 4330, 0, 0, 0, , 0, 0, 0, 0, 0, 
48, 1, 48, 48, -1, 190, 250, 34.0, 19, ABarppppap, 10797, 0, 0, 0, , 0, 0, 0, 0, 0, 
49, 1, 49, 49, -1, 322, 227, 28.0, 13, ABalapppaap, 2166, 0, 0, 0, , 0, 0, 0, 0, 0, 
50, 0, 735, -1, -1, 331, 250, 30.0, 11, , 2029, 0, 0, 0, , 0, 0, 0, 0, 0, 
51, 1, 51, 51, -1, 354, 230, 32.0, 15, ABarpapapp, 6349, 0, 0, 0, , 0, 0, 0, 0, 0, 
52, 0, 52, -1, -1, 327, 269, 21.0, 13, , 2086, 0, 0, 0, , 0, 0, 0, 0, 0, 
53, 1, 53, 53, -1, 335, 289, 19.0, 11, ABalapaaaap, 4074, 0, 0, 0, , 0, 0, 0, 0, 0, 
54, 0, 54, -1, -1, 315, 292, 22.0, 13, , 1706, 0, 0, 0, , 0, 0, 0, 0, 0, 
55, 1, 55, 55, -1, 277, 160, 26.0, 11, ABalaapaapa, 3685, 0, 0, 0, , 0, 0, 0, 0, 0, 
56, 1, 56, 56, -1, 282, 166, 21.0, 11, ABalaappapp, 3806, 0, 0, 0, , 0, 0, 0, 0, 0, 
57, 1, 57, 57, -1, 258, 186, 27.0, 15, ABarappppaa, 4323, 0, 0, 0, , 0, 0, 0, 0, 0, 
58, 1, 58, 58, -1, 239, 173, 27.0, 13, ABalaapppaa, 3541, 0, 0, 0, , 0, 0, 0, 0, 0, 
59, 1, 59, 59, -1, 297, 201, 28.0, 13, ABalaaaarrp, 3328, 0, 0, 0, , 0, 0, 0, 0, 0, 
60, 1, 60, 60, -1, 285, 181, 20.0, 14, ABpraaaaaap, 4566, 0, 0, 0, , 0, 0, 0, 0, 0, 
61, 1, 61, 61, -1, 313, 172, 23.0, 13, ABarpappaa, 4254, 0, 0, 0, , 0, 0, 0, 0, 0, 
62, 1, 62, 62, -1, 326, 242, 21.0, 11, ABalaaaarlp, 3761, 0, 0, 0, , 0, 0, 0, 0, 0, 
63, 1, 63, 63, -1, 326, 237, 14.0, 13, ABalaaaalpp, 3049, 0, 0, 0, , 0, 0, 0, 0, 0, 
64, 1, 64, 64, -1, 340, 186, 26.0, 11, ABpraapaaap, 3957, 0, 0, 0, , 0, 0, 0, 0, 0, 
65, 0, 65, -1, -1, 283, 195, 29.0, 15, , 2526, 0, 0, 0, , 0, 0, 0, 0, 0, 
66, 1, 66, 66, -1, 298, 160, 22.0, 11, ABpraaaaapv, 2740, 0, 0, 0, , 0, 0, 0, 0, 0, 
67, 1, 67, 67, -1, 334, 235, 32.0, 13, ABalappaap, 4373, 0, 0, 0, , 0, 0, 0, 0, 0, 
68, 1, 68, 68, -1, 115, 255, 13.0, 13, ABplppppapp, 3636, 0, 0, 0, , 0, 0, 0, 0, 0, 
69, 1, 69, 69, -1, 121, 282, 16.0, 13, ABplppppaaa, 3940, 0, 0, 0, , 0, 0, 0, 0, 0, 
70, 1, 70, 70, -1, 107, 277, 18.0, 13, ABplppppaap, 3470, 0, 0, 0, , 0, 0, 0, 0, 0, 
71, 1, 71, 71, -1, 81, 256, 14.0, 13, ABplppppppp, 5147, 0, 0, 0, , 0, 0, 0, 0, 0, 
72, 1, 72, 72, -1, 92, 256, 13.0, 15, ABplppppppa, 4520, 0, 0, 0, , 0, 0, 0, 0, 0, 
73, 1, 73, 73, -1, 95, 309, 15.0, 15, ABplpppppap, 5389, 0, 0, 0, , 0, 0, 0, 0, 0, 
74, 1, 74, 74, -1, 111, 297, 16.0, 15, ABplpppppaa, 5429, 0, 0, 0, , 0, 0, 0, 0, 0, 
75, 1, 75, 75, -1, 109, 273, 11.0, 13, ABplpppapaa, 5203, 0, 0, 0, , 0, 0, 0, 0, 0, 
76, 1, 76, 76, -1, 106, 285, 13.0, 13, ABplpppaapp, 4897, 0, 0, 0, , 0, 0, 0, 0, 0, 
77, 1, 77, 77, -1, 143, 264, 14.0, 13, ABplpppaaaa, 4500, 0, 0, 0, , 0, 0, 0, 0, 0, 
78, 1, 78, 78, -1, 144, 298, 14.0, 13, ABplpppaaap, 4264, 0, 0, 0, , 0, 0, 0, 0, 0, 
79, 1, 79, 79, -1, 143, 292, 17.0, 15, ABplppapppp, 5021, 0, 0, 0, , 0, 0, 0, 0, 0, 
80, 1, 80, 80, -1, 178, 278, 15.0, 14, ABplppapppa, 4111, 0, 0, 0, , 0, 0, 0, 0, 0, 
81, 1, 81, 81, -1, 203, 263, 14.0, 13, ABplppappap, 4055, 0, 0, 0, , 0, 0, 0, 0, 0, 
82, 1, 82, 82, -1, 210, 249, 14.0, 13, ABplppappaa, 4194, 0, 0, 0, , 0, 0, 0, 0, 0, 
83, 1, 83, 83, -1, 192, 276, 14.0, 13, ABplppapapa, 4624, 0, 0, 0, , 0, 0, 0, 0, 0, 
84, 1, 84, 84, -1, 179, 293, 16.0, 13, ABplppapapp, 5239, 0, 0, 0, , 0, 0, 0, 0, 0, 
85, 1, 85, 85, -1, 158, 292, 16.0, 13, ABplppaappp, 5035, 0, 0, 0, , 0, 0, 0, 0, 0, 
86, 0, 86, -1, -1, 278, 200, 15.0, 13, , 3464, 0, 0, 0, , 0, 0, 0, 0, 0, 
87, 1, 87, 87, -1, 204, 275, 19.0, 14, MSaappap, 6061, 0, 0, 0, , 0, 0, 0, 0, 0, 
88, 1, 88, 88, -1, 105, 260, 17.0, 11, ABplpappppp, 3295, 0, 0, 0, , 0, 0, 0, 0, 0, 
89, 1, 89, 89, -1, 120, 271, 19.0, 13, ABplpappppa, 4241, 0, 0, 0, , 0, 0, 0, 0, 0, 
90, 1, 90, 90, -1, 122, 268, 15.0, 11, ABplpapppaa, 2630, 0, 0, 0, , 0, 0, 0, 0, 0, 
91, 1, 91, 91, -1, 118, 253, 20.0, 13, ABplpapppap, 3579, 0, 0, 0, , 0, 0, 0, 0, 0, 
92, 1, 92, 92, -1, 227, 227, 12.0, 13, ABplpapappa, 2699, 0, 0, 0, , 0, 0, 0, 0, 0, 
93, 1, 93, 93, -1, 164, 294, 18.0, 13, ABprppapppa, 3119, 0, 0, 0, , 0, 0, 0, 0, 0, 
94, 1, 94, 94, -1, 229, 246, 15.0, 13, ABplpapapap, 4136, 0, 0, 0, , 0, 0, 0, 0, 0, 
95, 1, 95, 95, -1, 226, 258, 14.0, 15, ABplpapapaa, 3197, 0, 0, 0, , 0, 0, 0, 0, 0, 
96, 1, 96, 96, -1, 239, 235, 15.0, 13, ABplpapaaap, 5017, 0, 0, 0, , 0, 0, 0, 0, 0, 
97, 1, 97, 97, -1, 256, 233, 15.0, 15, ABplpapaaaa, 4132, 0, 0, 0, , 0, 0, 0, 0, 0, 
98, 1, 98, 98, -1, 212, 259, 16.0, 15, ABplppapaap, 5597, 0, 0, 0, , 0, 0, 0, 0, 0, 
99, 1, 100, 99, -1, 307, 258, 13.0, 17, ABplpaaaaaa, 7531, 0, 0, 0, , 0, 0, 0, 0, 0, 
100, 1, 101, 100, -1, 299, 207, 10.0, 13, ABplpaapapp, 7238, 0, 0, 0, , 0, 0, 0, 0, 0, 
101, 1, 102, 101, -1, 269, 291, 15.0, 13, ABplpaappap, 4242, 0, 0, 0, , 0, 0, 0, 0, 0, 
102, 1, 103, 102, -1, 272, 275, 14.0, 17, ABplpaappaa, 3941, 0, 0, 0, , 0, 0, 0, 0, 0, 
103, 1, 104, 103, -1, 288, 217, 11.0, 11, ABplpaappppa, 3046, 0, 0, 0, , 0, 0, 0, 0, 0, 
104, 0, 105, -1, -1, 275, 233, 11.0, 11, , 2815, 0, 0, 0, , 0, 0, 0, 0, 0, 
105, 1, 106, 105, -1, 282, 294, 13.0, 13, ABplpaapaap, 5757, 0, 0, 0, , 0, 0, 0, 0, 0, 
106, 0, 107, -1, -1, 305, 282, 19.0, 13, , 2842, 0, 0, 0, , 0, 0, 0, 0, 0, 
107, 1, 108, 107, -1, 356, 253, 18.0, 13, ABplpaapapa, 6662, 0, 0, 0, , 0, 0, 0, 0, 0, 
108, 1, 109, 108, -1, 349, 198, 24.0, 13, ABplaapaaaa, 2539, 0, 0, 0, , 0, 0, 0, 0, 0, 
109, 1, 110, 109, -1, 352, 209, 21.0, 13, ABplaapaaap, 4615, 0, 0, 0, , 0, 0, 0, 0, 0, 
110, 1, 111, 110, -1, 341, 245, 17.0, 13, ABplaapaapa, 5703, 0, 0, 0, , 0, 0, 0, 0, 0, 
111, 1, 112, 111, -1, 309, 296, 18.0, 13, ABplaapapppa, 3457, 0, 0, 0, , 0, 0, 0, 0, 0, 
112, 1, 113, 112, -1, 295, 298, 18.0, 11, ABplaapapppp, 2987, 0, 0, 0, , 0, 0, 0, 0, 0, 
113, 1, 114, 304, -1, 283, 275, 17.0, 13, ABplaapappa, 3432, 0, 0, 0, , 0, 0, 0, 0, 0, 
114, 1, 115, 113, -1, 282, 297, 19.0, 11, ABplaapapap, 4095, 0, 0, 0, , 0, 0, 0, 0, 0, 
115, 1, 116, 114, -1, 272, 283, 17.0, 13, ABplaapapaa, 2940, 0, 0, 0, , 0, 0, 0, 0, 0, 
116, 0, 117, -1, -1, 333, 270, 30.0, 17, , 7615, 0, 0, 0, , 0, 0, 0, 0, 0, 
117, 0, 118, -1, -1, 342, 243, 31.0, 11, , 2143, 0, 0, 0, , 0, 0, 0, 0, 0, 
118, 1, 119, 117, -1, 364, 221, 28.0, 15, ABplaaaapp, 4148, 0, 0, 0, , 0, 0, 0, 0, 0, 
119, 1, 120, 118, -1, 348, 252, 13.0, 15, ABplaaappa, 7069, 0, 0, 0, , 0, 0, 0, 0, 0, 
120, 0, 121, -1, -1, 337, 267, 17.0, 13, , 4796, 0, 0, 0, , 0, 0, 0, 0, 0, 
121, 0, 122, -1, -1, 342, 279, 17.0, 17, , 3189, 0, 0, 0, , 0, 0, 0, 0, 0, 
122, 1, 123, 121, -1, 341, 250, 20.0, 9, ABalppppapa, 1262, 0, 0, 0, , 0, 0, 0, 0, 0, 
123, 1, 124, 122, -1, 338, 206, 15.0, 13, ABplaaapaa, 4988, 0, 0, 0, , 0, 0, 0, 0, 0, 
124, 1, 125, 123, -1, 127, 244, 12.0, 15, ABplappppa, 13850, 0, 0, 0, , 0, 0, 0, 0, 0, 
125, 1, 126, 124, -1, 81, 276, 12.0, 13, ABplappppp, 6003, 0, 0, 0, , 0, 0, 0, 0, 0, 
126, 0, 127, -1, -1, 102, 299, 11.0, 13, , 11277, 0, 0, 0, , 0, 0, 0, 0, 0, 
127, 1, 129, 126, -1, 88, 301, 10.0, 11, ABplapppapa, 1461, 0, 0, 0, , 0, 0, 0, 0, 0, 
128, 1, 130, 127, -1, 217, 321, 13.0, 19, ABplappaaa, 18919, 0, 0, 0, , 0, 0, 0, 0, 0, 
129, 1, 131, 128, -1, 155, 338, 13.0, 17, ABplappapp, 8927, 0, 0, 0, , 0, 0, 0, 0, 0, 
130, 1, 132, 129, -1, 203, 343, 16.0, 15, ABplappapa, 8276, 0, 0, 0, , 0, 0, 0, 0, 0, 
131, 1, 133, 130, -1, 237, 312, 11.0, 17, ABplapaapp, 10642, 0, 0, 0, , 0, 0, 0, 0, 0, 
132, 1, 134, 131, -1, 226, 232, 10.0, 15, ABplapaapa, 11089, 0, 0, 0, , 0, 0, 0, 0, 0, 
133, 1, 135, 132, -1, 316, 281, 26.0, 11, ABarppaaaa, 2392, 0, 0, 0, , 0, 0, 0, 0, 0, 
134, 0, 136, -1, -1, 262, 307, 18.0, 19, , 4058, 0, 0, 0, , 0, 0, 0, 0, 0, 
135, 1, 137, 134, -1, 126, 325, 11.0, 17, ABplapapap, 7112, 0, 0, 0, , 0, 0, 0, 0, 0, 
136, 1, 138, 135, -1, 118, 307, 11.0, 15, ABplapappa, 6784, 0, 0, 0, , 0, 0, 0, 0, 0, 
137, 1, 139, 136, -1, 123, 344, 14.0, 17, ABplapapaa, 7761, 0, 0, 0, , 0, 0, 0, 0, 0, 
138, 1, 140, 137, -1, 229, 207, 16.0, 11, ABprpapaaap, 3503, 0, 0, 0, , 0, 0, 0, 0, 0, 
139, 1, 141, 138, -1, 134, 277, 14.0, 13, ABprpapappp, 2255, 0, 0, 0, , 0, 0, 0, 0, 0, 
140, 1, 142, 139, -1, 207, 217, 20.0, 11, ABprpapapaa, 5355, 0, 0, 0, , 0, 0, 0, 0, 0, 
141, 1, 143, 140, -1, 87, 287, 18.0, 17, Eplppa, 7728, 0, 0, 0, , 0, 0, 0, 0, 0, 
142, 1, 144, 141, -1, 92, 263, 21.0, 13, ABprpappppa, 6346, 0, 0, 0, , 0, 0, 0, 0, 0, 
143, 0, 145, -1, -1, 176, 263, 15.0, 11, , 1648, 0, 0, 0, , 0, 0, 0, 0, 0, 
144, 1, 146, 143, -1, 244, 222, 18.0, 11, ABprpappaap, 3657, 0, 0, 0, , 0, 0, 0, 0, 0, 
145, 1, 147, 144, -1, 292, 207, 19.0, 13, ABarapapapa, 12921, 0, 0, 0, , 0, 0, 0, 0, 0, 
146, 1, 148, 145, -1, 220, 177, 24.0, 13, ABprpaaaaap, 4597, 0, 0, 0, , 0, 0, 0, 0, 0, 
147, 1, 149, 146, -1, 233, 189, 24.0, 11, ABpraaappaa, 3187, 0, 0, 0, , 0, 0, 0, 0, 0, 
148, 1, 150, 147, -1, 184, 253, 15.0, 13, ABprpaaaapp, 5403, 0, 0, 0, , 0, 0, 0, 0, 0, 
149, 1, 151, 148, -1, 227, 207, 12.0, 17, ABprpaaaapa, 7427, 0, 0, 0, , 0, 0, 0, 0, 0, 
150, 1, 152, 149, -1, 255, 178, 23.0, 13, ABprpaaaaaa, 5386, 0, 0, 0, , 0, 0, 0, 0, 0, 
151, 1, 153, 150, -1, 253, 187, 16.0, 11, ABprpapaapp, 3766, 0, 0, 0, , 0, 0, 0, 0, 0, 
152, 1, 154, 151, -1, 243, 199, 16.0, 9, ABprpapaapa, 2917, 0, 0, 0, , 0, 0, 0, 0, 0, 
153, 1, 155, 152, -1, 253, 177, 19.0, 15, ABprpaaappp, 7008, 0, 0, 0, , 0, 0, 0, 0, 0, 
154, 1, 156, 153, -1, 280, 164, 17.0, 17, ABprpaaapap, 4620, 0, 0, 0, , 0, 0, 0, 0, 0, 
155, 1, 157, 154, -1, 207, 189, 28.0, 13, ABprpaapaap, 6433, 0, 0, 0, , 0, 0, 0, 0, 0, 
156, 1, 158, 155, -1, 303, 174, 31.0, 13, ABprpaapapa, 5300, 0, 0, 0, , 0, 0, 0, 0, 0, 
157, 1, 159, 156, -1, 268, 175, 16.0, 13, ABprpaappppa, 2189, 0, 0, 0, , 0, 0, 0, 0, 0, 
158, 1, 160, 157, -1, 209, 204, 26.0, 13, ABprpaappap, 4134, 0, 0, 0, , 0, 0, 0, 0, 0, 
159, 1, 161, 158, -1, 218, 191, 25.0, 13, ABprpaappaa, 4055, 0, 0, 0, , 0, 0, 0, 0, 0, 
160, 1, 162, 159, -1, 109, 258, 25.0, 17, ABprpppaapa, 9423, 0, 0, 0, , 0, 0, 0, 0, 0, 
161, 1, 163, 160, -1, 139, 274, 21.0, 13, ABprpppaaap, 5257, 0, 0, 0, , 0, 0, 0, 0, 0, 
162, 1, 164, 161, -1, 145, 256, 18.0, 15, ABprpppaaaa, 5576, 0, 0, 0, , 0, 0, 0, 0, 0, 
163, 1, 165, 162, -1, 114, 231, 22.0, 17, ABprpppapaa, 6921, 0, 0, 0, , 0, 0, 0, 0, 0, 
164, 1, 166, 163, -1, 132, 239, 18.0, 13, ABprppppapa, 3951, 0, 0, 0, , 0, 0, 0, 0, 0, 
165, 1, 167, 164, -1, 118, 242, 16.0, 13, ABprppppapp, 5031, 0, 0, 0, , 0, 0, 0, 0, 0, 
166, 1, 168, 165, -1, 122, 262, 22.0, 13, ABprppppaaa, 4249, 0, 0, 0, , 0, 0, 0, 0, 0, 
167, 1, 169, 166, -1, 108, 264, 21.0, 13, ABprppppaap, 4474, 0, 0, 0, , 0, 0, 0, 0, 0, 
168, 1, 170, 167, -1, 131, 274, 25.0, 15, ABprpppppaa, 4179, 0, 0, 0, , 0, 0, 0, 0, 0, 
169, 1, 171, 168, -1, 114, 277, 24.0, 13, ABprpppppap, 3655, 0, 0, 0, , 0, 0, 0, 0, 0, 
170, 1, 172, 169, -1, 208, 184, 22.0, 15, ABprppaapap, 3707, 0, 0, 0, , 0, 0, 0, 0, 0, 
171, 0, 173, -1, -1, 223, 176, 17.0, 9, , 2146, 0, 0, 0, , 0, 0, 0, 0, 0, 
172, 1, 174, 171, -1, 202, 223, 14.0, 13, ABprppaappa, 5567, 0, 0, 0, , 0, 0, 0, 0, 0, 
173, 1, 175, 172, -1, 146, 279, 17.0, 11, ABprppaappp, 3973, 0, 0, 0, , 0, 0, 0, 0, 0, 
174, 1, 176, 173, -1, 224, 170, 21.0, 13, ABprppaaaaa, 5725, 0, 0, 0, , 0, 0, 0, 0, 0, 
175, 1, 177, 174, -1, 194, 205, 25.0, 13, ABprppaaaapp, 3249, 0, 0, 0, , 0, 0, 0, 0, 0, 
176, 1, 178, 175, -1, 200, 187, 25.0, 13, ABprppaaaapa, 3721, 0, 0, 0, , 0, 0, 0, 0, 0, 
177, 1, 179, 176, -1, 191, 213, 15.0, 15, ABprppapaaa, 6280, 0, 0, 0, , 0, 0, 0, 0, 0, 
178, 1, 180, 177, -1, 202, 264, 17.0, 13, ABprppapaap, 7375, 0, 0, 0, , 0, 0, 0, 0, 0, 
179, 1, 181, 178, -1, 193, 267, 16.0, 13, ABprppappap, 1946, 0, 0, 0, , 0, 0, 0, 0, 0, 
180, 1, 182, 179, -1, 183, 268, 19.0, 13, ABprppapapa, 6230, 0, 0, 0, , 0, 0, 0, 0, 0, 
181, 1, 183, 180, -1, 161, 294, 21.0, 13, ABprppapapp, 5871, 0, 0, 0, , 0, 0, 0, 0, 0, 
182, 1, 184, 181, -1, 135, 277, 18.0, 13, ABprppapppp, 5181, 0, 0, 0, , 0, 0, 0, 0, 0, 
183, 1, 185, 182, -1, 194, 249, 17.0, 11, ABprppappaa, 3253, 0, 0, 0, , 0, 0, 0, 0, 0, 
184, 1, 186, 183, -1, 335, 204, 23.0, 13, ABpraapaaaa, 4398, 0, 0, 0, , 0, 0, 0, 0, 0, 
185, 1, 187, 184, -1, 322, 190, 33.0, 13, ABarpapaaap, 3020, 0, 0, 0, , 0, 0, 0, 0, 0, 
186, 0, -1, -1, -1, 278, 185, 34.0, 9, , 1378, 0, 0, 0, , 0, 0, 0, 0, 0, 
187, 1, 189, 186, -1, 231, 215, 29.0, 15, ABpraapapap, 5766, 0, 0, 0, , 0, 0, 0, 0, 0, 
188, 1, 190, 187, -1, 222, 217, 26.0, 13, ABpraapapaa, 3430, 0, 0, 0, , 0, 0, 0, 0, 0, 
189, 0, 191, -1, -1, 242, 156, 26.0, 9, , 404, 0, 0, 0, , 0, 0, 0, 0, 0, 
190, 1, 192, 189, -1, 233, 216, 27.0, 11, ABpraapappa, 5099, 0, 0, 0, , 0, 0, 0, 0, 0, 
191, 1, 193, 190, -1, 192, 206, 30.0, 17, ABpraapppp, 5028, 0, 0, 0, , 0, 0, 0, 0, 0, 
192, 1, 194, 191, -1, 307, 173, 16.0, 14, ABpraappaa, 3074, 0, 0, 0, , 0, 0, 0, 0, 0, 
193, 1, 195, 192, -1, 252, 199, 25.0, 13, MSppapap, 5382, 0, 0, 0, , 0, 0, 0, 0, 0, 
194, 1, 196, 193, -1, 244, 204, 28.0, 11, ABpraaapaad, 945, 0, 0, 0, , 0, 0, 0, 0, 0, 
195, 0, -1, -1, -1, 216, 203, 29.0, 11, , 1091, 0, 0, 0, , 0, 0, 0, 0, 0, 
196, 1, 198, 195, -1, 216, 202, 34.0, 15, ABpraaapppap, 3354, 0, 0, 0, , 0, 0, 0, 0, 0, 
197, 1, 199, 196, -1, 238, 171, 22.0, 13, ABpraaaaaaa, 3950, 0, 0, 0, , 0, 0, 0, 0, 0, 
198, 1, 200, 197, -1, 248, 167, 26.0, 13, ABalaappapa, 2497, 0, 0, 0, , 0, 0, 0, 0, 0, 
199, 1, 202, 198, -1, 244, 195, 31.0, 13, ABpraaaappp, 3133, 0, 0, 0, , 0, 0, 0, 0, 0, 
200, 1, 203, 199, -1, 139, 278, 31.0, 15, ABprappapp, 6909, 0, 0, 0, , 0, 0, 0, 0, 0, 
201, 1, 204, 200, -1, 166, 271, 33.0, 15, ABprappapa, 6064, 0, 0, 0, , 0, 0, 0, 0, 0, 
202, 1, 205, 201, -1, 160, 265, 29.0, 17, ABprappaap, 9103, 0, 0, 0, , 0, 0, 0, 0, 0, 
203, 1, 206, 202, -1, 176, 249, 27.0, 15, ABprappaaa, 5465, 0, 0, 0, , 0, 0, 0, 0, 0, 
204, 1, 207, 203, -1, 112, 244, 27.0, 15, ABprapppaaa, 2423, 0, 0, 0, , 0, 0, 0, 0, 0, 
205, 1, 208, 204, 683, 101, 244, 23.0, 15, ABprapppapp, 1318, 0, 0, 0, , 0, 0, 0, 0, 0, 
206, 0, 209, -1, -1, 84, 241, 22.0, 13, , 5468, 0, 0, 0, , 0, 0, 0, 0, 0, 
207, 1, 209, 206, -1, 83, 248, 22.0, 15, ABprappppp, 9240, 0, 0, 0, , 0, 0, 0, 0, 0, 
208, 0, -1, -1, -1, 126, 227, 13.0, 13, , 1173, 0, 0, 0, , 0, 0, 0, 0, 0, 
209, 1, 211, 208, -1, 209, 224, 27.0, 13, ABprapaaapa, 3527, 0, 0, 0, , 0, 0, 0, 0, 0, 
210, 1, 212, 209, -1, 210, 230, 29.0, 13, ABprapaaapp, 3527, 0, 0, 0, , 0, 0, 0, 0, 0, 
211, 1, 213, 210, -1, 184, 227, 28.0, 15, ABprapaapp, 7292, 0, 0, 0, , 0, 0, 0, 0, 0, 
212, 1, 214, 211, -1, 202, 195, 15.0, 13, ABprapaapa, 11451, 0, 0, 0, , 0, 0, 0, 0, 0, 
213, 1, 215, 212, -1, 130, 239, 27.0, 13, ABprapappa, 4148, 0, 0, 0, , 0, 0, 0, 0, 0, 
214, 1, 216, 213, -1, 73, 260, 23.0, 11, ABprapappppp, 2499, 0, 0, 0, , 0, 0, 0, 0, 0, 
215, 1, 217, 214, -1, 123, 264, 30.0, 15, ABprapapap, 6682, 0, 0, 0, , 0, 0, 0, 0, 0, 
216, 1, 218, 215, -1, 111, 280, 33.0, 17, ABprapapaa, 9396, 0, 0, 0, , 0, 0, 0, 0, 0, 
217, 1, 219, 216, -1, 271, 235, 35.0, 17, MSppppap, 2437, 0, 0, 0, , 0, 0, 0, 0, 0, 
218, 1, 220, 217, -1, 233, 202, 22.0, 13, MSppppaa, 2328, 0, 0, 0, , 0, 0, 0, 0, 0, 
219, 1, 221, 218, -1, 316, 234, 35.0, 17, MSpppppa, 1993, 0, 0, 0, , 0, 0, 0, 0, 0, 
220, 0, 222, -1, -1, 300, 253, 35.0, 17, , 2684, 0, 0, 0, , 0, 0, 0, 0, 0, 
221, 0, 223, -1, -1, 164, 288, 26.0, 11, , 642, 0, 0, 0, , 0, 0, 0, 0, 0, 
222, 1, 224, 221, -1, 234, 208, 18.0, 15, ABprpapaaaa, 7766, 0, 0, 0, , 0, 0, 0, 0, 0, 
223, 1, 225, 222, -1, 118, 291, 21.0, 15, MSppaapp, 6160, 0, 0, 0, , 0, 0, 0, 0, 0, 
224, 0, 226, -1, -1, 243, 199, 27.0, 13, , 1922, 0, 0, 0, , 0, 0, 0, 0, 0, 
225, 1, 227, 224, -1, 271, 207, 28.0, 11, MSppaaaad, 1926, 0, 0, 0, , 0, 0, 0, 0, 0, 
226, 1, 228, 225, -1, 265, 211, 25.0, 13, ABarapapaapa, 4324, 0, 0, 0, , 0, 0, 0, 0, 0, 
227, 1, 229, 226, -1, 210, 277, 25.0, 13, MSpapappp, 3978, 0, 0, 0, , 0, 0, 0, 0, 0, 
228, 1, 230, 227, -1, 203, 254, 23.0, 15, MSpapapaa, 3804, 0, 0, 0, , 0, 0, 0, 0, 0, 
229, 1, 231, 228, -1, 217, 234, 22.0, 13, MSpapaaap, 4331, 0, 0, 0, , 0, 0, 0, 0, 0, 
230, 1, 232, 229, -1, 170, 310, 14.0, 13, MSpappaa, 5518, 0, 0, 0, , 0, 0, 0, 0, 0, 
231, 1, 233, 230, -1, 180, 253, 21.0, 13, MSpappppa, 2411, 0, 0, 0, , 0, 0, 0, 0, 0, 
232, 1, 234, 231, -1, 170, 265, 22.0, 15, MSpappppp, 3432, 0, 0, 0, , 0, 0, 0, 0, 0, 
233, 1, 235, 232, -1, 261, 298, 32.0, 17, MSpaaappp, 9488, 0, 0, 0, , 0, 0, 0, 0, 0, 
234, 1, 236, 233, -1, 260, 300, 27.0, 15, MSpaaapaa, 5805, 0, 0, 0, , 0, 0, 0, 0, 0, 
235, 1, 237, 234, -1, 272, 257, 32.0, 13, MSpaaaapp, 4940, 0, 0, 0, , 0, 0, 0, 0, 0, 
236, 1, 238, 235, -1, 288, 276, 32.0, 13, MSpaaaaaa, 5708, 0, 0, 0, , 0, 0, 0, 0, 0, 
237, 1, 239, 236, -1, 261, 269, 30.0, 11, MSpaaaaap, 2965, 0, 0, 0, , 0, 0, 0, 0, 0, 
238, 1, 240, 237, -1, 229, 243, 27.0, 13, ABaraappppa, 4760, 0, 0, 0, , 0, 0, 0, 0, 0, 
239, 1, 241, 238, -1, 237, 248, 31.0, 15, ABaraapppap, 5200, 0, 0, 0, , 0, 0, 0, 0, 0, 
240, 1, 242, 239, -1, 254, 285, 30.0, 11, MSpaapaap, 3160, 0, 0, 0, , 0, 0, 0, 0, 0, 
241, 1, 243, 240, -1, 273, 279, 32.0, 13, MSpaaappa, 3403, 0, 0, 0, , 0, 0, 0, 0, 0, 
242, 1, 244, 241, -1, 245, 273, 30.0, 11, MSpaapaaa, 2570, 0, 0, 0, , 0, 0, 0, 0, 0, 
243, 1, 245, 242, -1, 305, 301, 27.0, 15, MSapppap, 3146, 0, 0, 0, , 0, 0, 0, 0, 0, 
244, 1, 246, 243, -1, 330, 266, 31.0, 15, MSappppa, 1038, 0, 0, 0, , 0, 0, 0, 0, 0, 
245, 1, 247, 244, -1, 312, 277, 32.0, 13, MSappaaa, 4167, 0, 0, 0, , 0, 0, 0, 0, 0, 
246, 1, 248, 245, -1, 284, 295, 26.0, 15, ABaraapaapp, 8482, 0, 0, 0, , 0, 0, 0, 0, 0, 
247, 0, 249, -1, -1, 355, 255, 30.0, 13, , 3097, 0, 0, 0, , 0, 0, 0, 0, 0, 
248, 1, 250, 247, -1, 134, 298, 20.0, 15, MSapaapp, 5358, 0, 0, 0, , 0, 0, 0, 0, 0, 
249, 1, 251, 248, -1, 316, 261, 22.0, 11, MSapaaaad, 2985, 0, 0, 0, , 0, 0, 0, 0, 0, 
250, 1, 252, 249, -1, 272, 275, 29.0, 11, MSaaaaapap, 1873, 0, 0, 0, , 0, 0, 0, 0, 0, 
251, 0, 253, -1, -1, 280, 259, 25.0, 11, , 1004, 0, 0, 0, , 0, 0, 0, 0, 0, 
252, 1, 254, 711, -1, 299, 221, 35.0, 19, MSppappa, 5375, 0, 0, 0, , 0, 0, 0, 0, 0, 
253, 1, 255, 251, -1, 327, 254, 26.0, 13, MSaaaaaal, 4319, 0, 0, 0, , 0, 0, 0, 0, 0, 
254, 1, 256, 252, -1, 275, 295, 32.0, 15, MSaaaapaa, 6118, 0, 0, 0, , 0, 0, 0, 0, 0, 
255, 1, 257, 253, -1, 284, 294, 29.0, 13, MSaaaapap, 4572, 0, 0, 0, , 0, 0, 0, 0, 0, 
256, 1, 258, 254, -1, 247, 304, 28.0, 13, MSaaaappa, 2760, 0, 0, 0, , 0, 0, 0, 0, 0, 
257, 1, 259, 255, -1, 240, 303, 31.0, 15, MSpaaapap, 3885, 0, 0, 0, , 0, 0, 0, 0, 0, 
258, 1, 260, 256, -1, 253, 306, 25.0, 15, MSaaapapa, 6718, 0, 0, 0, , 0, 0, 0, 0, 0, 
259, 1, 261, 257, -1, 231, 297, 24.0, 13, MSaaapapp, 3717, 0, 0, 0, , 0, 0, 0, 0, 0, 
260, 1, 262, 258, -1, 226, 307, 25.0, 11, MSaaappa, 2285, 0, 0, 0, , 0, 0, 0, 0, 0, 
261, 1, 263, 259, -1, 241, 321, 30.0, 13, MSaaappp, 3523, 0, 0, 0, , 0, 0, 0, 0, 0, 
262, 1, 264, 260, -1, 202, 291, 12.0, 11, MSaappppa, 3430, 0, 0, 0, , 0, 0, 0, 0, 0, 
263, 1, 265, 261, -1, 187, 301, 13.0, 13, MSaappppp, 2415, 0, 0, 0, , 0, 0, 0, 0, 0, 
264, 1, 266, 262, -1, 237, 265, 17.0, 13, MSaapaaap, 3332, 0, 0, 0, , 0, 0, 0, 0, 0, 
265, 1, 267, 263, -1, 253, 256, 20.0, 11, MSaapaaaa, 2736, 0, 0, 0, , 0, 0, 0, 0, 0, 
266, 1, 268, 264, -1, 221, 286, 20.0, 13, MSaapappp, 3785, 0, 0, 0, , 0, 0, 0, 0, 0, 
267, 1, 269, 265, -1, 256, 299, 21.0, 11, MSaapappa, 1470, 0, 0, 0, , 0, 0, 0, 0, 0, 
268, 1, 270, 266, -1, 231, 279, 18.0, 11, MSaapapaa, 3012, 0, 0, 0, , 0, 0, 0, 0, 0, 
269, 1, 271, 267, -1, 238, 282, 22.0, 11, MSaapapap, 3175, 0, 0, 0, , 0, 0, 0, 0, 0, 
270, 1, 272, 268, -1, 97, 322, 23.0, 14, Eplpa, 4438, 0, 0, 0, , 0, 0, 0, 0, 0, 
271, 1, 273, 269, -1, 84, 343, 18.0, 15, Cappapa, 5298, 0, 0, 0, , 0, 0, 0, 0, 0, 
272, 1, 274, 270, -1, 70, 324, 17.0, 15, Cappapp, 5752, 0, 0, 0, , 0, 0, 0, 0, 0, 
273, 1, 275, 271, -1, 214, 352, 24.0, 19, Cappaaa, 16422, 0, 0, 0, , 0, 0, 0, 0, 0, 
274, 1, 276, 272, -1, 66, 332, 20.0, 15, Capppap, 5705, 0, 0, 0, , 0, 0, 0, 0, 0, 
275, 1, 277, 273, -1, 115, 367, 24.0, 14, Capppaa, 5528, 0, 0, 0, , 0, 0, 0, 0, 0, 
276, 1, 278, 274, -1, 115, 365, 21.0, 15, Capapap, 8686, 0, 0, 0, , 0, 0, 0, 0, 0, 
277, 1, 279, 275, -1, 129, 285, 11.0, 15, Capappp, 5994, 0, 0, 0, , 0, 0, 0, 0, 0, 
278, 1, 280, 276, -1, 138, 307, 11.0, 17, Capappa, 9613, 0, 0, 0, , 0, 0, 0, 0, 0, 
279, 1, 281, 277, -1, 197, 313, 12.0, 17, Capaaap, 6007, 0, 0, 0, , 0, 0, 0, 0, 0, 
280, 1, 282, 278, -1, 217, 296, 12.0, 15, Capaaaa, 6598, 0, 0, 0, , 0, 0, 0, 0, 0, 
281, 1, 283, 279, -1, 83, 243, 16.0, 17, ABprppppppp, 4145, 0, 0, 0, , 0, 0, 0, 0, 0, 
282, 1, 284, 280, -1, 75, 252, 19.0, 13, Caappv, 4772, 0, 0, 0, , 0, 0, 0, 0, 0, 
283, 1, 285, 281, -1, 69, 272, 13.0, 15, Cpappv, 12915, 0, 0, 0, , 0, 0, 0, 0, 0, 
284, 1, 286, 282, -1, 165, 276, 26.0, 19, Cppaapa, 5473, 0, 0, 0, , 0, 0, 0, 0, 0, 
285, 1, 287, 283, -1, 173, 254, 24.0, 15, Cppaaap, 5111, 0, 0, 0, , 0, 0, 0, 0, 0, 
286, 1, 288, 284, -1, 179, 236, 24.0, 15, Cppaaaa, 6901, 0, 0, 0, , 0, 0, 0, 0, 0, 
287, 1, 289, 285, -1, 135, 242, 22.0, 17, Cppappp, 6263, 0, 0, 0, , 0, 0, 0, 0, 0, 
288, 1, 290, 286, -1, 128, 259, 25.0, 15, Cppappa, 3405, 0, 0, 0, , 0, 0, 0, 0, 0, 
289, 1, 291, 287, -1, 176, 339, 34.0, 15, Cpppaap, 4212, 0, 0, 0, , 0, 0, 0, 0, 0, 
290, 1, 292, 288, -1, 216, 293, 33.0, 13, Cpppaaa, 3562, 0, 0, 0, , 0, 0, 0, 0, 0, 
291, 1, 293, 289, -1, 71, 287, 28.0, 13, Cpppapp, 3694, 0, 0, 0, , 0, 0, 0, 0, 0, 
292, 1, 294, 290, -1, 252, 251, 13.0, 13, Daapa, 5460, 0, 0, 0, , 0, 0, 0, 0, 0, 
293, 1, 295, 291, -1, 237, 253, 11.0, 13, Daapp, 3896, 0, 0, 0, , 0, 0, 0, 0, 0, 
294, 0, 296, -1, -1, 257, 308, 17.0, 15, , 3302, 0, 0, 0, , 0, 0, 0, 0, 0, 
295, 1, 297, 293, -1, 286, 314, 29.0, 15, Dappaa, 3264, 0, 0, 0, , 0, 0, 0, 0, 0, 
296, 1, 298, 294, -1, 277, 317, 26.0, 17, Daaap, 4663, 0, 0, 0, , 0, 0, 0, 0, 0, 
297, 1, 299, 295, -1, 201, 200, 19.0, 13, Dpapp, 3932, 0, 0, 0, , 0, 0, 0, 0, 0, 
298, 1, 300, 296, -1, 219, 189, 19.0, 15, Dpapa, 6598, 0, 0, 0, , 0, 0, 0, 0, 0, 
299, 1, 301, 701, -1, 247, 244, 34.0, 15, Dpaap, 830, 0, 0, 0, , 0, 0, 0, 0, 0, 
300, 0, -1, -1, -1, 216, 210, 20.0, 13, , 1047, 0, 0, 0, , 0, 0, 0, 0, 0, 
301, 1, 303, 298, -1, 235, 309, 34.0, 15, Dppppa, 2739, 0, 0, 0, , 0, 0, 0, 0, 0, 
302, 1, 304, 299, -1, 246, 291, 35.0, 13, Dpppap, 3216, 0, 0, 0, , 0, 0, 0, 0, 0, 
303, 1, 305, 300, -1, 269, 267, 36.0, 17, Dpppaa, 2607, 0, 0, 0, , 0, 0, 0, 0, 0, 
304, 1, 306, 301, -1, 196, 226, 24.0, 17, Dppaa, 4721, 0, 0, 0, , 0, 0, 0, 0, 0, 
305, 1, 307, 302, -1, 231, 273, 35.0, 19, Dppap, 6892, 0, 0, 0, , 0, 0, 0, 0, 0, 
306, 0, 308, -1, -1, 381, 244, 24.0, 15, , 5536, 0, 0, 0, , 0, 0, 0, 0, 0, 
307, 0, 309, -1, -1, 285, 278, 18.0, 13, , 2364, 0, 0, 0, , 0, 0, 0, 0, 0, 
308, 1, 310, 305, -1, 287, 309, 13.0, 11, ABalppppppap, 3091, 0, 0, 0, , 0, 0, 0, 0, 0, 
309, 1, 311, 306, -1, 356, 230, 14.0, 15, ABplaaapap, 4561, 0, 0, 0, , 0, 0, 0, 0, 0, 
310, 1, 312, 307, -1, 294, 259, 11.0, 11, ABalpppaaaa, 2068, 0, 0, 0, , 0, 0, 0, 0, 0, 
311, 1, 313, 308, -1, 320, 220, 14.0, 11, ABalpppaaap, 4029, 0, 0, 0, , 0, 0, 0, 0, 0, 
312, 1, 314, 309, -1, 340, 239, 11.0, 13, ABalpppaapd, 3796, 0, 0, 0, , 0, 0, 0, 0, 0, 
313, 1, 315, 310, -1, 336, 233, 18.0, 13, ABalpppaapv, 2578, 0, 0, 0, , 0, 0, 0, 0, 0, 
314, 1, 316, 311, -1, 293, 268, 13.0, 13, ABalpppapad, 2135, 0, 0, 0, , 0, 0, 0, 0, 0, 
315, 1, 317, 312, -1, 303, 247, 11.0, 15, ABalpppapav, 4145, 0, 0, 0, , 0, 0, 0, 0, 0, 
316, 1, 318, 313, -1, 326, 219, 12.0, 15, ABalppaaapp, 4439, 0, 0, 0, , 0, 0, 0, 0, 0, 
317, 1, 319, 314, -1, 279, 273, 12.0, 15, ABplpaaaaap, 6162, 0, 0, 0, , 0, 0, 0, 0, 0, 
318, 1, 320, 315, -1, 287, 214, 14.0, 13, ABalppapppa, 4580, 0, 0, 0, , 0, 0, 0, 0, 0, 
319, 0, 321, -1, -1, 305, 281, 17.0, 11, , 3422, 0, 0, 0, , 0, 0, 0, 0, 0, 
320, 1, 748, 317, -1, 254, 214, 14.0, 15, ABalpapapaa, 9445, 0, 0, 0, , 0, 0, 0, 0, 0, 
321, 0, 323, -1, -1, 316, 214, 12.0, 13, , 3748, 0, 0, 0, , 0, 0, 0, 0, 0, 
322, 1, 324, 319, -1, 317, 187, 13.0, 13, ABplaappaa, 4931, 0, 0, 0, , 0, 0, 0, 0, 0, 
323, 1, 325, 320, -1, 316, 249, 16.0, 11, ABalppapaaa, 4309, 0, 0, 0, , 0, 0, 0, 0, 0, 
324, 1, 327, 321, -1, 308, 186, 16.0, 9, ABalpapaapp, 5454, 0, 0, 0, , 0, 0, 0, 0, 0, 
325, 0, 328, -1, -1, 267, 224, 11.0, 11, , 4833, 0, 0, 0, , 0, 0, 0, 0, 0, 
326, 1, 329, 323, -1, 285, 236, 18.0, 13, ABalpaaaapa, 5437, 0, 0, 0, , 0, 0, 0, 0, 0, 
327, 1, 330, 324, -1, 276, 241, 19.0, 13, ABalpaaaaap, 7699, 0, 0, 0, , 0, 0, 0, 0, 0, 
328, 0, 331, -1, -1, 264, 240, 24.0, 13, , 2693, 0, 0, 0, , 0, 0, 0, 0, 0, 
329, 1, 433, 326, -1, 299, 264, 18.0, 17, MSapapap, 5158, 0, 0, 0, , 0, 0, 0, 0, 0, 
330, 1, 333, 327, -1, 300, 276, 25.0, 15, ABalpaapapa, 5398, 0, 0, 0, , 0, 0, 0, 0, 0, 
331, 1, 334, 328, -1, 264, 235, 19.0, 13, ABalpaaaapp, 10087, 0, 0, 0, , 0, 0, 0, 0, 0, 
332, 1, 335, 329, -1, 300, 225, 20.0, 11, ABalpaaaaaa, 4508, 0, 0, 0, , 0, 0, 0, 0, 0, 
333, 1, 336, 330, -1, 270, 252, 21.0, 13, ABalpappppp, 2653, 0, 0, 0, , 0, 0, 0, 0, 0, 
334, 1, 337, 331, -1, 335, 228, 20.0, 13, ABalpaapppa, 4135, 0, 0, 0, , 0, 0, 0, 0, 0, 
335, 1, 338, 332, -1, 351, 234, 19.0, 13, ABalpaapppp, 2916, 0, 0, 0, , 0, 0, 0, 0, 0, 
336, 1, 339, 333, -1, 328, 207, 21.0, 13, ABalpaappaa, 5071, 0, 0, 0, , 0, 0, 0, 0, 0, 
337, 0, 340, -1, -1, 306, 239, 23.0, 15, , 4110, 0, 0, 0, , 0, 0, 0, 0, 0, 
338, 0, 341, -1, -1, 277, 236, 15.0, 13, , 4816, 0, 0, 0, , 0, 0, 0, 0, 0, 
339, 1, 342, 336, -1, 138, 342, 23.0, 21, Ealpp, 42743, 0, 0, 0, , 0, 0, 0, 0, 0, 
340, 1, 407, 337, -1, 197, 302, 21.0, 19, Ealpa, 19418, 0, 0, 0, , 0, 0, 0, 0, 0, 
341, 1, 344, 338, -1, 251, 337, 26.0, 17, Dapap, 4810, 0, 0, 0, , 0, 0, 0, 0, 0, 
342, 1, 345, 339, -1, 234, 286, 14.0, 13, Dapaa, 5195, 0, 0, 0, , 0, 0, 0, 0, 0, 
343, 1, 346, 340, -1, 242, 295, 20.0, 13, MSaapaapp, 3815, 0, 0, 0, , 0, 0, 0, 0, 0, 
344, 1, 347, 341, -1, 244, 277, 19.0, 14, MSaapaapaa, 228, 0, 0, 0, , 0, 0, 0, 0, 0, 
345, 1, 348, 342, -1, 243, 290, 17.0, 11, MSaapaapap, 2822, 0, 0, 0, , 0, 0, 0, 0, 0, 
346, 1, 349, 343, -1, 213, 253, 33.0, 17, ABarpppapp, 5659, 0, 0, 0, , 0, 0, 0, 0, 0, 
347, 1, 350, 344, -1, 263, 275, 12.0, 13, ABplppaapap, 5077, 0, 0, 0, , 0, 0, 0, 0, 0, 
348, 0, -1, -1, -1, 264, 256, 9.0, 14, , 1734, 0, 0, 0, , 0, 0, 0, 0, 0, 
349, 1, 352, 346, -1, 336, 256, 23.0, 15, ABalaaaalal, 4220, 0, 0, 0, , 0, 0, 0, 0, 0, 
350, 1, 353, 347, -1, 327, 247, 19.0, 17, ABalapaappp, 3623, 0, 0, 0, , 0, 0, 0, 0, 0, 
351, 1, 355, 348, -1, 271, 196, 34.0, 15, ABalaaapprr, 2103, 0, 0, 0, , 0, 0, 0, 0, 0, 
352, 1, 356, 349, -1, 297, 175, 23.0, 11, ABalaaapprl, 3067, 0, 0, 0, , 0, 0, 0, 0, 0, 
353, 1, 357, 350, -1, 122, 354, 31.0, 14, Cppppaa, 2108, 0, 0, 0, , 0, 0, 0, 0, 0, 
354, 0, 357, -1, -1, 116, 350, 32.0, 13, , 1598, 0, 0, 0, , 0, 0, 0, 0, 0, 
355, 1, 358, 352, -1, 78, 324, 29.0, 17, Cppppap, 5976, 0, 0, 0, , 0, 0, 0, 0, 0, 
356, 0, 359, -1, -1, 111, 235, 11.0, 15, , 3826, 0, 0, 0, , 0, 0, 0, 0, 0, 
357, 0, 360, -1, -1, 316, 182, 34.0, 13, , 2005, 0, 0, 0, , 0, 0, 0, 0, 0, 
358, 0, 361, -1, -1, 120, 339, 28.0, 21, , 9564, 0, 0, 0, , 0, 0, 0, 0, 0, 
359, 0, -1, -1, -1, 116, 341, 22.0, 19, , 6693, 0, 0, 0, , 0, 0, 0, 0, 0, 
360, 0, 363, -1, -1, 145, 324, 28.0, 13, , 1163, 0, 0, 0, , 0, 0, 0, 0, 0, 
361, 1, 364, 357, -1, 219, 252, 11.0, 13, ABplppapaaa, 6263, 0, 0, 0, , 0, 0, 0, 0, 0, 
362, 1, 365, 358, -1, 331, 287, 25.0, 19, ABalaaaalar, 4583, 0, 0, 0, , 0, 0, 0, 0, 0, 
363, 0, 366, -1, -1, 271, 175, 19.0, 13, , 3997, 0, 0, 0, , 0, 0, 0, 0, 0, 
364, 1, 367, 360, -1, 166, 281, 23.0, 15, MSpappap, 4067, 0, 0, 0, , 0, 0, 0, 0, 0, 
365, 1, 368, 361, -1, 231, 274, 31.0, 13, MSpaapapa, 4501, 0, 0, 0, , 0, 0, 0, 0, 0, 
366, 1, 369, 362, -1, 67, 279, 23.0, 15, Cpppppd, 4553, 0, 0, 0, , 0, 0, 0, 0, 0, 
367, 1, 370, 363, -1, 308, 306, 21.0, 11, ABplapaaaaa, 3660, 0, 0, 0, , 0, 0, 0, 0, 0, 
368, 1, 371, 364, -1, 215, 278, 22.0, 11, MSaappaa, 3202, 0, 0, 0, , 0, 0, 0, 0, 0, 
369, 1, 372, 365, -1, 324, 246, 13.0, 13, ABalaaaalpa, 2965, 0, 0, 0, , 0, 0, 0, 0, 0, 
370, 1, 373, 366, -1, 345, 233, 21.0, 17, ABalaaaparr, 5622, 0, 0, 0, , 0, 0, 0, 0, 0, 
371, 1, 374, 367, -1, 366, 225, 21.0, 13, ABarpaaaapp, 2917, 0, 0, 0, , 0, 0, 0, 0, 0, 
372, 1, 375, 368, -1, 271, 271, 20.0, 11, ABalpaaappp, 3945, 0, 0, 0, , 0, 0, 0, 0, 0, 
373, 0, 376, -1, -1, 284, 263, 19.0, 15, , 9391, 0, 0, 0, , 0, 0, 0, 0, 0, 
374, 1, 377, 370, -1, 209, 292, 17.0, 15, Ealaad, 4871, 0, 0, 0, , 0, 0, 0, 0, 0, 
375, 1, 378, 297, -1, 222, 211, 20.0, 13, ABprpappapa, 4321, 0, 0, 0, , 0, 0, 0, 0, 0, 
376, 1, 379, 372, -1, 161, 369, 26.0, 15, Cappaap, 3215, 0, 0, 0, , 0, 0, 0, 0, 0, 
377, 1, 380, 373, -1, 300, 201, 20.0, 11, ABarappaapp, 7589, 0, 0, 0, , 0, 0, 0, 0, 0, 
378, 1, 381, 374, -1, 216, 264, 28.0, 13, MSpapaapp, 4087, 0, 0, 0, , 0, 0, 0, 0, 0, 
379, 1, 382, 375, -1, 215, 237, 24.0, 11, MSpapaapaa, 1929, 0, 0, 0, , 0, 0, 0, 0, 0, 
380, 1, 383, 376, -1, 208, 250, 27.0, 11, MSpapaapap, 2633, 0, 0, 0, , 0, 0, 0, 0, 0, 
381, 1, 384, 377, -1, 268, 176, 30.0, 15, ABpraapaapp, 5186, 0, 0, 0, , 0, 0, 0, 0, 0, 
382, 0, -1, -1, -1, 256, 187, 34.0, 11, , 1694, 0, 0, 0, , 0, 0, 0, 0, 0, 
383, 1, 386, 379, -1, 328, 187, 26.0, 11, ABalaaapplr, 2877, 0, 0, 0, , 0, 0, 0, 0, 0, 
384, 1, 387, 380, -1, 309, 295, 30.0, 13, MSappppp, 4067, 0, 0, 0, , 0, 0, 0, 0, 0, 
385, 1, 388, 381, -1, 298, 280, 23.0, 15, ABalpaapapp, 6325, 0, 0, 0, , 0, 0, 0, 0, 0, 
386, 0, 389, -1, -1, 249, 236, 23.0, 13, , 4843, 0, 0, 0, , 0, 0, 0, 0, 0, 
387, 1, 390, 383, -1, 190, 216, 19.0, 13, MSpapppaa, 5283, 0, 0, 0, , 0, 0, 0, 0, 0, 
388, 0, 391, -1, -1, 198, 241, 20.0, 9, , 845, 0, 0, 0, , 0, 0, 0, 0, 0, 
389, 1, 392, 385, -1, 264, 196, 29.0, 15, ABprpaapaaa, 5059, 0, 0, 0, , 0, 0, 0, 0, 0, 
390, 1, 393, 386, -1, 293, 283, 10.0, 13, ABalpppppppp, 3185, 0, 0, 0, , 0, 0, 0, 0, 0, 
391, 1, 394, 387, -1, 95, 241, 11.0, 11, Caapap, 5784, 0, 0, 0, , 0, 0, 0, 0, 0, 
392, 1, 395, 388, -1, 341, 202, 26.0, 13, ABarpaaaaal, 3601, 0, 0, 0, , 0, 0, 0, 0, 0, 
393, 1, 396, 389, -1, 93, 248, 17.0, 13, ABprppppppa, 4079, 0, 0, 0, , 0, 0, 0, 0, 0, 
394, 0, 398, -1, -1, 253, 170, 17.0, 13, , 2368, 0, 0, 0, , 0, 0, 0, 0, 0, 
395, 1, 399, 391, -1, 317, 285, 28.0, 11, MSapappa, 1564, 0, 0, 0, , 0, 0, 0, 0, 0, 
396, 1, 400, 392, -1, 331, 208, 34.0, 17, MSppappp, 4026, 0, 0, 0, , 0, 0, 0, 0, 0, 
397, 1, 401, 393, -1, 101, 265, 13.0, 13, Cappppd, 3383, 0, 0, 0, , 0, 0, 0, 0, 0, 
398, 1, 402, 394, -1, 241, 294, 28.0, 13, MSaaaappp, 5910, 0, 0, 0, , 0, 0, 0, 0, 0, 
399, 1, 403, 395, -1, 94, 319, 11.0, 11, ABplapppaap, 5650, 0, 0, 0, , 0, 0, 0, 0, 0, 
400, 0, 404, -1, -1, 339, 252, 31.0, 11, , 1779, 0, 0, 0, , 0, 0, 0, 0, 0, 
401, 1, 405, 396, -1, 217, 263, 24.0, 13, MSpapapap, 3595, 0, 0, 0, , 0, 0, 0, 0, 0, 
402, 1, 406, 397, -1, 179, 324, 14.0, 13, Capaapa, 7144, 0, 0, 0, , 0, 0, 0, 0, 0, 
403, 0, 408, -1, -1, 221, 311, 30.0, 17, , 18391, 0, 0, 0, , 0, 0, 0, 0, 0, 
404, 1, 409, 399, -1, 223, 177, 28.0, 11, ABpraaappppp, 916, 0, 0, 0, , 0, 0, 0, 0, 0, 
405, 0, 410, -1, -1, 302, 294, 13.0, 11, , 739, 0, 0, 0, , 0, 0, 0, 0, 0, 
406, 1, 411, 401, -1, 321, 271, 18.0, 13, ABplpaapaaa, 6272, 0, 0, 0, , 0, 0, 0, 0, 0, 
407, 1, 412, 402, -1, 286, 220, 32.0, 13, MSppaaap, 7290, 0, 0, 0, , 0, 0, 0, 0, 0, 
408, 1, 413, 403, -1, 221, 254, 19.0, 15, ABarapapapp, 7026, 0, 0, 0, , 0, 0, 0, 0, 0, 
409, 1, 414, 404, -1, 66, 286, 18.0, 13, Cappppv, 2430, 0, 0, 0, , 0, 0, 0, 0, 0, 
410, 1, 415, 405, -1, 215, 276, 12.0, 11, MSaapppap, 3342, 0, 0, 0, , 0, 0, 0, 0, 0, 
411, 0, 416, -1, -1, 271, 303, 18.0, 11, , 1903, 0, 0, 0, , 0, 0, 0, 0, 0, 
412, 0, 417, -1, -1, 246, 233, 25.0, 13, , 9387, 0, 0, 0, , 0, 0, 0, 0, 0, 
413, 1, 418, 408, -1, 228, 269, 13.0, 13, MSaapppaa, 2640, 0, 0, 0, , 0, 0, 0, 0, 0, 
414, 1, 419, 409, -1, 201, 243, 11.0, 15, ABarappappa, 23164, 0, 0, 0, , 0, 0, 0, 0, 0, 
415, 1, 420, 410, -1, 310, 229, 20.0, 11, ABaraaaaaaa, 2471, 0, 0, 0, , 0, 0, 0, 0, 0, 
416, 0, 421, -1, -1, 177, 310, 25.0, 19, , 4893, 0, 0, 0, , 0, 0, 0, 0, 0, 
417, 1, 422, 412, -1, 191, 250, 13.0, 14, ABplpaaaapp, 4259, 0, 0, 0, , 0, 0, 0, 0, 0, 
418, 0, 423, -1, -1, 259, 297, 16.0, 11, , 900, 0, 0, 0, , 0, 0, 0, 0, 0, 
419, 1, 424, 414, -1, 252, 240, 19.0, 13, ABalpappppa, 5577, 0, 0, 0, , 0, 0, 0, 0, 0, 
420, 0, 425, -1, -1, 242, 178, 14.0, 11, , 2880, 0, 0, 0, , 0, 0, 0, 0, 0, 
421, 1, 426, 416, -1, 92, 267, 17.0, 13, ABprpappppp, 3639, 0, 0, 0, , 0, 0, 0, 0, 0, 
422, 1, 427, 417, -1, 247, 230, 10.0, 17, ABalpapappp, 27180, 0, 0, 0, , 0, 0, 0, 0, 0, 
423, 0, 428, -1, -1, 91, 304, 27.0, 15, , 9081, 0, 0, 0, , 0, 0, 0, 0, 0, 
424, 1, 429, 419, -1, 325, 277, 14.0, 11, ABalpppapppa, 1488, 0, 0, 0, , 0, 0, 0, 0, 0, 
425, 1, 430, 420, -1, 345, 213, 31.0, 9, ABalapppapp, 1150, 0, 0, 0, , 0, 0, 0, 0, 0, 
426, 0, 431, -1, -1, 300, 201, 12.0, 15, , 4613, 0, 0, 0, , 0, 0, 0, 0, 0, 
427, 1, 432, 422, -1, 239, 192, 19.0, 13, MSpppapp, 2274, 0, 0, 0, , 0, 0, 0, 0, 0, 
428, 0, 433, -1, -1, 301, 263, 17.0, 13, , 3578, 0, 0, 0, , 0, 0, 0, 0, 0, 
429, 1, 434, 424, -1, 307, 246, 29.0, 13, ABaraappaaa, 5911, 0, 0, 0, , 0, 0, 0, 0, 0, 
430, 1, 435, 425, -1, 291, 285, 16.0, 13, ABalpppppap, 2440, 0, 0, 0, , 0, 0, 0, 0, 0, 
431, 0, 436, -1, -1, 308, 234, 16.0, 13, , 4295, 0, 0, 0, , 0, 0, 0, 0, 0, 
432, 0, 437, -1, -1, 334, 278, 23.0, 13, , 3742, 0, 0, 0, , 0, 0, 0, 0, 0, 
433, 1, 438, 428, -1, 281, 267, 10.0, 17, ABplppaaaaa, 14066, 0, 0, 0, , 0, 0, 0, 0, 0, 
434, 1, 439, 429, -1, 270, 213, 22.0, 15, ABarapaaapa, 7123, 0, 0, 0, , 0, 0, 0, 0, 0, 
435, 1, 440, 430, -1, 297, 235, 28.0, 13, ABaraappaap, 3250, 0, 0, 0, , 0, 0, 0, 0, 0, 
436, 1, 441, 745, -1, 270, 236, 32.0, 13, ABaraaapapa, 3545, 0, 0, 0, , 0, 0, 0, 0, 0, 
437, 0, 442, -1, -1, 201, 307, 27.0, 19, , 8598, 0, 0, 0, , 0, 0, 0, 0, 0, 
438, 1, 443, 433, -1, 321, 227, 18.0, 13, ABalpapaaaa, 3167, 0, 0, 0, , 0, 0, 0, 0, 0, 
439, 1, 444, 434, -1, 80, 263, 29.0, 17, Caappd, 5783, 0, 0, 0, , 0, 0, 0, 0, 0, 
440, 0, 445, -1, -1, 245, 246, 28.0, 13, , 6162, 0, 0, 0, , 0, 0, 0, 0, 0, 
441, 1, 446, 436, -1, 268, 217, 33.0, 13, ABarpppaaa, 4011, 0, 0, 0, , 0, 0, 0, 0, 0, 
442, 0, 447, -1, -1, 108, 343, 24.0, 13, , 4641, 0, 0, 0, , 0, 0, 0, 0, 0, 
443, 0, 448, -1, -1, 176, 328, 27.0, 13, , 2528, 0, 0, 0, , 0, 0, 0, 0, 0, 
444, 0, 449, -1, -1, 332, 254, 21.0, 11, , 1872, 0, 0, 0, , 0, 0, 0, 0, 0, 
445, 1, 450, 440, -1, 283, 208, 36.0, 15, ABalappapap, 3701, 0, 0, 0, , 0, 0, 0, 0, 0, 
446, 1, 451, 441, -1, 318, 238, 10.0, 21, ABplaappap, 6501, 0, 0, 0, , 0, 0, 0, 0, 0, 
447, 0, 452, -1, -1, 238, 164, 18.0, 9, , 1065, 0, 0, 0, , 0, 0, 0, 0, 0, 
448, 1, 453, 443, -1, 216, 233, 12.0, 15, ABplppaappa, 4527, 0, 0, 0, , 0, 0, 0, 0, 0, 
449, 1, 454, 444, -1, 222, 185, 14.0, 13, ABarappappp, 7640, 0, 0, 0, , 0, 0, 0, 0, 0, 
450, 1, 455, 445, -1, 99, 349, 15.0, 15, Cpapap, 4285, 0, 0, 0, , 0, 0, 0, 0, 0, 
451, 1, 456, 446, -1, 236, 214, 14.0, 17, ABplpaaaapa, 7887, 0, 0, 0, , 0, 0, 0, 0, 0, 
452, 1, 457, 447, -1, 313, 209, 11.0, 15, ABplpaaapap, 6375, 0, 0, 0, , 0, 0, 0, 0, 0, 
453, 1, 458, 448, -1, 268, 279, 23.0, 17, ABaraapapaa, 8074, 0, 0, 0, , 0, 0, 0, 0, 0, 
454, 1, 459, 449, -1, 353, 254, 28.0, 13, MSapappp, 3461, 0, 0, 0, , 0, 0, 0, 0, 0, 
455, 1, 460, 450, -1, 116, 235, 24.0, 15, ABprpppaapp, 4865, 0, 0, 0, , 0, 0, 0, 0, 0, 
456, 1, 461, 451, -1, 128, 265, 12.0, 13, ABplppppapa, 3996, 0, 0, 0, , 0, 0, 0, 0, 0, 
457, 1, 462, 452, -1, 189, 234, 16.0, 15, ABprpapppap, 4361, 0, 0, 0, , 0, 0, 0, 0, 0, 
458, 0, 463, -1, -1, 205, 316, 27.0, 13, , 2219, 0, 0, 0, , 0, 0, 0, 0, 0, 
459, 0, 464, -1, -1, 257, 207, 34.0, 13, , 2710, 0, 0, 0, , 0, 0, 0, 0, 0, 
460, 0, 465, -1, -1, 207, 226, 16.0, 11, , 1319, 0, 0, 0, , 0, 0, 0, 0, 0, 
461, 0, 466, -1, -1, 321, 223, 23.0, 13, , 7981, 0, 0, 0, , 0, 0, 0, 0, 0, 
462, 0, 467, -1, -1, 342, 248, 32.0, 13, , 833, 0, 0, 0, , 0, 0, 0, 0, 0, 
463, 0, 468, -1, -1, 242, 195, 29.0, 11, , 3199, 0, 0, 0, , 0, 0, 0, 0, 0, 
464, 1, 469, 459, -1, 262, 306, 11.0, 13, ABplaapppp, 4654, 0, 0, 0, , 0, 0, 0, 0, 0, 
465, 0, 470, -1, -1, 283, 250, 32.0, 13, , 6776, 0, 0, 0, , 0, 0, 0, 0, 0, 
466, 1, 471, 461, -1, 176, 340, 27.0, 17, Epraa, 43576, 0, 0, 0, , 0, 0, 0, 0, 0, 
467, 1, 472, 462, -1, 336, 280, 21.0, 13, ABalaaapall, 3984, 0, 0, 0, , 0, 0, 0, 0, 0, 
468, 1, 473, 463, -1, 261, 225, 29.0, 13, ABarapaappa, 6456, 0, 0, 0, , 0, 0, 0, 0, 0, 
469, 0, 474, -1, -1, 315, 176, 26.0, 11, , 3123, 0, 0, 0, , 0, 0, 0, 0, 0, 
470, 1, 475, 465, -1, 256, 332, 29.0, 17, Dappap, 13180, 0, 0, 0, , 0, 0, 0, 0, 0, 
471, 1, 476, 466, -1, 365, 237, 24.0, 13, ABplaaaaaap, 3780, 0, 0, 0, , 0, 0, 0, 0, 0, 
472, 0, -1, -1, -1, 182, 332, 25.0, 21, , 8795, 0, 0, 0, , 0, 0, 0, 0, 0, 
473, 1, 478, 468, -1, 329, 206, 30.0, 13, ABarpapaaaa, 5270, 0, 0, 0, , 0, 0, 0, 0, 0, 
474, 0, 479, -1, -1, 131, 315, 17.0, 13, , 3759, 0, 0, 0, , 0, 0, 0, 0, 0, 
475, 1, 480, 708, -1, 198, 284, 26.0, 17, Earaad, 5151, 0, 0, 0, , 0, 0, 0, 0, 0, 
476, 0, 481, -1, -1, 142, 328, 27.0, 17, , 2326, 0, 0, 0, , 0, 0, 0, 0, 0, 
477, 0, 482, -1, -1, 281, 183, 26.0, 14, , 1101, 0, 0, 0, , 0, 0, 0, 0, 0, 
478, 0, 483, -1, -1, 100, 247, 30.0, 13, , 5419, 0, 0, 0, , 0, 0, 0, 0, 0, 
479, 0, 484, -1, -1, 344, 254, 16.0, 9, , 2152, 0, 0, 0, , 0, 0, 0, 0, 0, 
480, 1, 485, 694, -1, 321, 263, 14.0, 11, ABalppappaa, 1639, 0, 0, 0, , 0, 0, 0, 0, 0, 
481, 1, 486, 475, -1, 250, 206, 21.0, 13, MSppaaaav, 3657, 0, 0, 0, , 0, 0, 0, 0, 0, 
482, 1, 487, 476, -1, 293, 241, 30.0, 13, ABaraappapa, 7333, 0, 0, 0, , 0, 0, 0, 0, 0, 
483, 1, 488, 477, -1, 75, 295, 14.0, 17, ABplapapppp, 6341, 0, 0, 0, , 0, 0, 0, 0, 0, 
484, 1, 489, 478, -1, 239, 254, 22.0, 11, ABarapapaaa, 4178, 0, 0, 0, , 0, 0, 0, 0, 0, 
485, 1, 490, 479, -1, 99, 319, 33.0, 21, Cpppapa, 22757, 0, 0, 0, , 0, 0, 0, 0, 0, 
486, 1, 491, 480, -1, 347, 267, 21.0, 13, ABalapaaapp, 3591, 0, 0, 0, , 0, 0, 0, 0, 0, 
487, 0, 492, -1, -1, 270, 245, 23.0, 11, , 1811, 0, 0, 0, , 0, 0, 0, 0, 0, 
488, 1, 493, 482, -1, 313, 204, 33.0, 13, ABarpapaappp, 2441, 0, 0, 0, , 0, 0, 0, 0, 0, 
489, 1, 494, 483, -1, 315, 297, 24.0, 13, ABalapaaaaa, 4561, 0, 0, 0, , 0, 0, 0, 0, 0, 
490, 1, 495, 484, -1, 196, 252, 30.0, 13, MSppapaa, 2464, 0, 0, 0, , 0, 0, 0, 0, 0, 
491, 1, 496, 485, -1, 270, 191, 10.0, 13, ABarappaaap, 6823, 0, 0, 0, , 0, 0, 0, 0, 0, 
492, 0, 497, -1, -1, 308, 189, 32.0, 9, , 402, 0, 0, 0, , 0, 0, 0, 0, 0, 
493, 0, 498, -1, -1, 271, 253, 14.0, 15, , 6507, 0, 0, 0, , 0, 0, 0, 0, 0, 
494, 0, 499, -1, -1, 109, 317, 26.0, 15, , 4305, 0, 0, 0, , 0, 0, 0, 0, 0, 
495, 1, 500, 489, -1, 225, 288, 29.0, 13, MSpaapapp, 2521, 0, 0, 0, , 0, 0, 0, 0, 0, 
496, 1, 501, 490, -1, 291, 172, 28.0, 13, ABpraapaapa, 5713, 0, 0, 0, , 0, 0, 0, 0, 0, 
497, 1, 503, 491, -1, 299, 221, 16.0, 11, ABalppapppp, 2296, 0, 0, 0, , 0, 0, 0, 0, 0, 
498, 1, 504, 492, -1, 313, 207, 14.0, 13, ABplpaaapaa, 4832, 0, 0, 0, , 0, 0, 0, 0, 0, 
499, 1, 505, 493, -1, 78, 322, 13.0, 17, Cpappd, 5077, 0, 0, 0, , 0, 0, 0, 0, 0, 
500, 1, 506, 494, -1, 364, 203, 24.0, 17, ABplaaaapa, 5273, 0, 0, 0, , 0, 0, 0, 0, 0, 
501, 0, 507, -1, -1, 219, 312, 15.0, 13, , 2259, 0, 0, 0, , 0, 0, 0, 0, 0, 
502, 1, 508, 496, -1, 230, 311, 16.0, 15, MSapapaa, 3630, 0, 0, 0, , 0, 0, 0, 0, 0, 
503, 1, 509, 497, -1, 257, 165, 22.0, 15, ABpraaaapad, 4222, 0, 0, 0, , 0, 0, 0, 0, 0, 
504, 0, 510, -1, -1, 285, 258, 27.0, 14, , 987, 0, 0, 0, , 0, 0, 0, 0, 0, 
505, 1, 511, 499, -1, 298, 260, 22.0, 13, ABalpaaapaa, 5113, 0, 0, 0, , 0, 0, 0, 0, 0, 
506, 0, 512, -1, -1, 226, 348, 20.0, 17, , 6882, 0, 0, 0, , 0, 0, 0, 0, 0, 
507, 1, 513, 432, -1, 202, 304, 26.0, 15, Earpa, 6131, 0, 0, 0, , 0, 0, 0, 0, 0, 
508, 0, 514, -1, -1, 101, 254, 8.0, 9, , 703, 0, 0, 0, , 0, 0, 0, 0, 0, 
509, 1, 515, 503, -1, 354, 253, 22.0, 13, ABalapapppp, 2722, 0, 0, 0, , 0, 0, 0, 0, 0, 
510, 1, 516, 504, -1, 270, 188, 16.0, 14, ABarapppppa, 2071, 0, 0, 0, , 0, 0, 0, 0, 0, 
511, 1, 517, 505, -1, 274, 238, 10.0, 19, ABplaapppa, 13482, 0, 0, 0, , 0, 0, 0, 0, 0, 
512, 0, 518, -1, -1, 102, 254, 10.0, 11, , 2071, 0, 0, 0, , 0, 0, 0, 0, 0, 
513, 1, 519, 507, -1, 104, 329, 12.0, 13, ABarppappp, 3854, 0, 0, 0, , 0, 0, 0, 0, 0, 
514, 1, 520, 508, -1, 352, 228, 26.0, 13, ABplaaaaaaa, 3917, 0, 0, 0, , 0, 0, 0, 0, 0, 
515, 1, 521, 509, -1, 295, 200, 32.0, 13, ABalaapaaar, 3099, 0, 0, 0, , 0, 0, 0, 0, 0, 
516, 1, 522, 510, -1, 298, 260, 31.0, 11, MSaaaaapaa, 2366, 0, 0, 0, , 0, 0, 0, 0, 0, 
517, 1, 523, 511, -1, 271, 210, 17.0, 13, ABplpappaaa, 4350, 0, 0, 0, , 0, 0, 0, 0, 0, 
518, 0, 524, -1, -1, 257, 289, 12.0, 9, , 1531, 0, 0, 0, , 0, 0, 0, 0, 0, 
519, 1, 525, 513, -1, 233, 250, 19.0, 17, ABarapapppa, 7226, 0, 0, 0, , 0, 0, 0, 0, 0, 
520, 0, 526, -1, -1, 232, 189, 32.0, 15, , 3267, 0, 0, 0, , 0, 0, 0, 0, 0, 
521, 0, 527, -1, -1, 339, 278, 15.0, 13, , 2509, 0, 0, 0, , 0, 0, 0, 0, 0, 
522, 1, 528, 516, -1, 235, 324, 23.0, 17, Ealaav, 5015, 0, 0, 0, , 0, 0, 0, 0, 0, 
523, 0, 529, -1, -1, 128, 343, 25.0, 15, , 3483, 0, 0, 0, , 0, 0, 0, 0, 0, 
524, 0, 530, -1, -1, 137, 352, 23.0, 13, , 1200, 0, 0, 0, , 0, 0, 0, 0, 0, 
525, 0, 531, -1, -1, 254, 177, 34.0, 15, , 3838, 0, 0, 0, , 0, 0, 0, 0, 0, 
526, 1, 532, 520, -1, 249, 272, 14.0, 13, Daaaa, 3913, 0, 0, 0, , 0, 0, 0, 0, 0, 
527, 0, 533, -1, -1, 224, 230, 15.0, 9, , 1352, 0, 0, 0, , 0, 0, 0, 0, 0, 
528, 1, 534, 522, -1, 333, 221, 14.0, 11, ABalaaapalr, 3564, 0, 0, 0, , 0, 0, 0, 0, 0, 
529, 1, 535, 523, -1, 265, 223, 22.0, 11, ABarapaaaap, 3263, 0, 0, 0, , 0, 0, 0, 0, 0, 
530, 1, 536, 524, -1, 240, 221, 32.0, 17, ABprapaaaap, 8424, 0, 0, 0, , 0, 0, 0, 0, 0, 
531, 1, 537, 525, -1, 265, 320, 15.0, 17, ABarppapaa, 6019, 0, 0, 0, , 0, 0, 0, 0, 0, 
532, 1, 538, 526, -1, 241, 213, 10.0, 14, ABalpapapapp, 4114, 0, 0, 0, , 0, 0, 0, 0, 0, 
533, 1, 539, 527, -1, 255, 197, 11.0, 11, ABalpapapapa, 3558, 0, 0, 0, , 0, 0, 0, 0, 0, 
534, 0, 540, -1, -1, 260, 304, 11.0, 17, , 4916, 0, 0, 0, , 0, 0, 0, 0, 0, 
535, 1, 541, 529, -1, 113, 317, 15.0, 11, MSappaap, 1234, 0, 0, 0, , 0, 0, 0, 0, 0, 
536, 1, 542, 530, -1, 275, 331, 23.0, 13, Cpaaaa, 6834, 0, 0, 0, , 0, 0, 0, 0, 0, 
537, 1, 543, 531, -1, 223, 180, 29.0, 11, ABpraaappppa, 2769, 0, 0, 0, , 0, 0, 0, 0, 0, 
538, 0, 544, -1, -1, 278, 186, 33.0, 13, , 6248, 0, 0, 0, , 0, 0, 0, 0, 0, 
539, 0, 545, -1, -1, 229, 223, 17.0, 9, , 632, 0, 0, 0, , 0, 0, 0, 0, 0, 
540, 1, 546, 534, -1, 216, 211, 17.0, 13, ABprpapapap, 3292, 0, 0, 0, , 0, 0, 0, 0, 0, 
541, 1, 547, 535, -1, 298, 185, 29.0, 11, ABpraaaaapd, 3723, 0, 0, 0, , 0, 0, 0, 0, 0, 
542, 1, 548, 536, -1, 285, 284, 24.0, 13, MSaaapaap, 2072, 0, 0, 0, , 0, 0, 0, 0, 0, 
543, 0, 549, -1, -1, 107, 244, 14.0, 14, , 372, 0, 0, 0, , 0, 0, 0, 0, 0, 
544, 0, 550, -1, -1, 208, 219, 29.0, 13, , 1895, 0, 0, 0, , 0, 0, 0, 0, 0, 
545, 0, 551, -1, -1, 319, 260, 10.0, 19, , 8547, 0, 0, 0, , 0, 0, 0, 0, 0, 
546, 1, 552, 540, -1, 356, 216, 17.0, 11, ABalaaaarla, 3510, 0, 0, 0, , 0, 0, 0, 0, 0, 
547, 0, 553, -1, -1, 322, 177, 32.0, 9, , 547, 0, 0, 0, , 0, 0, 0, 0, 0, 
548, 1, 554, 542, -1, 88, 254, 26.0, 13, ABprapappppa, 3903, 0, 0, 0, , 0, 0, 0, 0, 0, 
549, 1, 555, 543, -1, 235, 193, 11.0, 13, ABarappapapp, 4517, 0, 0, 0, , 0, 0, 0, 0, 0, 
550, 1, 556, 544, -1, 251, 187, 13.0, 11, ABarappapapa, 6663, 0, 0, 0, , 0, 0, 0, 0, 0, 
551, 0, 557, -1, -1, 135, 311, 16.0, 13, , 4358, 0, 0, 0, , 0, 0, 0, 0, 0, 
552, 0, 558, -1, -1, 242, 190, 21.0, 9, , 798, 0, 0, 0, , 0, 0, 0, 0, 0, 
553, 0, 559, -1, -1, 288, 191, 32.0, 11, , 2421, 0, 0, 0, , 0, 0, 0, 0, 0, 
554, 0, 560, -1, -1, 158, 337, 22.0, 13, , 2289, 0, 0, 0, , 0, 0, 0, 0, 0, 
555, 1, 561, 549, -1, 178, 364, 25.0, 17, Capapaa, 11849, 0, 0, 0, , 0, 0, 0, 0, 0, 
556, 0, 562, -1, -1, 204, 287, 27.0, 15, , 5035, 0, 0, 0, , 0, 0, 0, 0, 0, 
557, 1, 563, 551, -1, 295, 309, 22.0, 15, ABplapaaaap, 5855, 0, 0, 0, , 0, 0, 0, 0, 0, 
558, 1, 564, 552, 553, 267, 180, 21.0, 13, ABprpaaappa, 5608, 0, 0, 0, , 0, 0, 0, 0, 0, 
559, 0, 565, -1, -1, 300, 172, 20.0, 13, , 4253, 0, 0, 0, , 0, 0, 0, 0, 0, 
560, 0, 566, -1, -1, 271, 246, 19.0, 11, , 1674, 0, 0, 0, , 0, 0, 0, 0, 0, 
561, 0, 567, -1, -1, 199, 331, 23.0, 19, , 3509, 0, 0, 0, , 0, 0, 0, 0, 0, 
562, 0, 568, -1, -1, 205, 307, 25.0, 21, , 29458, 0, 0, 0, , 0, 0, 0, 0, 0, 
563, 1, 569, 558, -1, 234, 201, 35.0, 17, ABarpppaap, 4088, 0, 0, 0, , 0, 0, 0, 0, 0, 
564, 1, 570, 559, -1, 232, 347, 29.0, 19, Dapppa, 5046, 0, 0, 0, , 0, 0, 0, 0, 0, 
565, 1, 571, 560, -1, 296, 202, 15.0, 11, ABalppapaap, 3397, 0, 0, 0, , 0, 0, 0, 0, 0, 
566, 0, 572, -1, -1, 267, 289, 11.0, 11, , 3889, 0, 0, 0, , 0, 0, 0, 0, 0, 
567, 1, 573, 562, -1, 171, 277, 18.0, 13, ABplpapappp, 2954, 0, 0, 0, , 0, 0, 0, 0, 0, 
568, 0, 574, -1, -1, 279, 252, 13.0, 9, , 848, 0, 0, 0, , 0, 0, 0, 0, 0, 
569, 0, 575, -1, -1, 132, 280, 28.0, 17, , 5464, 0, 0, 0, , 0, 0, 0, 0, 0, 
570, 0, 576, -1, -1, 96, 326, 26.0, 13, , 2267, 0, 0, 0, , 0, 0, 0, 0, 0, 
571, 0, 577, -1, -1, 249, 193, 32.0, 13, , 2057, 0, 0, 0, , 0, 0, 0, 0, 0, 
572, 0, 578, -1, -1, 319, 264, 16.0, 13, , 3017, 0, 0, 0, , 0, 0, 0, 0, 0, 
573, 0, 579, -1, -1, 246, 194, 22.0, 9, , 762, 0, 0, 0, , 0, 0, 0, 0, 0, 
574, 1, 580, 569, -1, 145, 290, 24.0, 13, Z2, 1954, 0, 0, 0, , 0, 0, 0, 0, 0, 
575, 0, 581, -1, -1, 179, 315, 23.0, 23, , 12560, 0, 0, 0, , 0, 0, 0, 0, 0, 
576, 1, 582, 571, -1, 139, 335, 35.0, 17, Cppapap, 4418, 0, 0, 0, , 0, 0, 0, 0, 0, 
577, 1, 583, 572, -1, 352, 249, 24.0, 11, ABplaaaaapp, 2055, 0, 0, 0, , 0, 0, 0, 0, 0, 
578, 0, 584, -1, -1, 284, 199, 30.0, 13, , 2630, 0, 0, 0, , 0, 0, 0, 0, 0, 
579, 0, 585, -1, -1, 230, 233, 34.0, 17, , 6514, 0, 0, 0, , 0, 0, 0, 0, 0, 
580, 0, 586, -1, -1, 354, 251, 32.0, 13, , 1973, 0, 0, 0, , 0, 0, 0, 0, 0, 
581, 1, 587, 685, -1, 137, 364, 18.0, 17, Cpaapp, 4749, 0, 0, 0, , 0, 0, 0, 0, 0, 
582, 1, 588, 577, -1, 260, 170, 14.0, 13, ABprpaapapp, 7209, 0, 0, 0, , 0, 0, 0, 0, 0, 
583, 1, 589, 578, -1, 88, 306, 20.0, 23, Eplppp, 54082, 0, 0, 0, , 0, 0, 0, 0, 0, 
584, 1, 590, 579, -1, 91, 278, 31.0, 15, Cpapaa, 4000, 0, 0, 0, , 0, 0, 0, 0, 0, 
585, 0, 591, -1, -1, 327, 265, 35.0, 21, , 12134, 0, 0, 0, , 0, 0, 0, 0, 0, 
586, 1, 592, 581, -1, 311, 163, 27.0, 15, ABarpappap, 3907, 0, 0, 0, , 0, 0, 0, 0, 0, 
587, 0, 593, -1, -1, 237, 232, 17.0, 9, , 1686, 0, 0, 0, , 0, 0, 0, 0, 0, 
588, 0, 594, -1, -1, 251, 302, 14.0, 11, , 2138, 0, 0, 0, , 0, 0, 0, 0, 0, 
589, 1, 595, 583, -1, 325, 293, 17.0, 11, ABalpppapppp, 3244, 0, 0, 0, , 0, 0, 0, 0, 0, 
590, 1, 596, 584, -1, 227, 213, 31.0, 11, ABpraapapppp, 2165, 0, 0, 0, , 0, 0, 0, 0, 0, 
591, 1, 597, 585, -1, 223, 253, 29.0, 11, MSpapappa, 1066, 0, 0, 0, , 0, 0, 0, 0, 0, 
592, 1, 598, 586, -1, 203, 358, 28.0, 17, Dapppp, 5087, 0, 0, 0, , 0, 0, 0, 0, 0, 
593, 1, 600, 587, -1, 259, 216, 18.0, 11, ABprpapppaa, 3329, 0, 0, 0, , 0, 0, 0, 0, 0, 
594, 0, 601, -1, -1, 93, 235, 26.0, 11, , 2500, 0, 0, 0, , 0, 0, 0, 0, 0, 
595, 1, 602, 589, -1, 295, 244, 19.0, 13, ABalpappaapa, 4451, 0, 0, 0, , 0, 0, 0, 0, 0, 
596, 1, 603, 590, -1, 285, 258, 17.0, 13, ABalpappaapp, 3566, 0, 0, 0, , 0, 0, 0, 0, 0, 
597, 1, 604, 591, -1, 88, 306, 25.0, 17, Eprppp, 17892, 0, 0, 0, , 0, 0, 0, 0, 0, 
598, 0, 605, -1, -1, 265, 177, 35.0, 15, , 5572, 0, 0, 0, , 0, 0, 0, 0, 0, 
599, 0, 606, -1, -1, 206, 290, 16.0, 17, , 3114, 0, 0, 0, , 0, 0, 0, 0, 0, 
600, 0, 607, -1, -1, 246, 153, 23.0, 9, , 1074, 0, 0, 0, , 0, 0, 0, 0, 0, 
601, 0, 608, -1, -1, 270, 273, 28.0, 15, , 9104, 0, 0, 0, , 0, 0, 0, 0, 0, 
602, 0, 609, -1, -1, 188, 360, 20.0, 19, , 9718, 0, 0, 0, , 0, 0, 0, 0, 0, 
603, 1, 610, 597, -1, 302, 189, 21.0, 11, ABaraaappap, 1712, 0, 0, 0, , 0, 0, 0, 0, 0, 
604, 1, 611, 598, -1, 176, 310, 24.0, 13, Ealap, 574, 0, 0, 0, , 0, 0, 0, 0, 0, 
605, 1, 612, 599, -1, 161, 341, 24.0, 17, Eplaa, 5272, 0, 0, 0, , 0, 0, 0, 0, 0, 
606, 1, 613, 600, -1, 177, 268, 14.0, 15, ABprpappapp, 2532, 0, 0, 0, , 0, 0, 0, 0, 0, 
607, 1, 614, 601, -1, 105, 233, 18.0, 13, Cpppppv, 5317, 0, 0, 0, , 0, 0, 0, 0, 0, 
608, 1, 615, 602, -1, 233, 175, 25.0, 11, ABpraaaapav, 2597, 0, 0, 0, , 0, 0, 0, 0, 0, 
609, 0, 616, -1, -1, 234, 249, 20.0, 15, , 7755, 0, 0, 0, , 0, 0, 0, 0, 0, 
610, 0, 617, -1, -1, 246, 339, 20.0, 19, , 17245, 0, 0, 0, , 0, 0, 0, 0, 0, 
611, 0, 618, -1, -1, 333, 235, 25.0, 14, , 2573, 0, 0, 0, , 0, 0, 0, 0, 0, 
612, 0, 619, -1, -1, 248, 255, 35.0, 14, , 3351, 0, 0, 0, , 0, 0, 0, 0, 0, 
613, 1, 620, 607, -1, 149, 327, 15.0, 15, Capaapp, 16383, 0, 0, 0, , 0, 0, 0, 0, 0, 
614, 1, 621, 608, -1, 293, 275, 15.0, 13, ABalpppppaa, 5211, 0, 0, 0, , 0, 0, 0, 0, 0, 
615, 1, 622, 609, -1, 265, 175, 26.0, 13, ABarapppaaa, 1353, 0, 0, 0, , 0, 0, 0, 0, 0, 
616, 1, 623, 610, -1, 318, 193, 27.0, 11, ABalaaappll, 2437, 0, 0, 0, , 0, 0, 0, 0, 0, 
617, 0, 625, -1, -1, 310, 258, 33.0, 15, , 3773, 0, 0, 0, , 0, 0, 0, 0, 0, 
618, 0, 626, -1, -1, 88, 285, 16.0, 15, , 5998, 0, 0, 0, , 0, 0, 0, 0, 0, 
619, 0, 627, -1, -1, 113, 223, 13.0, 9, , 470, 0, 0, 0, , 0, 0, 0, 0, 0, 
620, 0, 628, -1, -1, 231, 165, 18.0, 9, , 975, 0, 0, 0, , 0, 0, 0, 0, 0, 
621, 0, 629, -1, -1, 357, 232, 17.0, 13, , 5946, 0, 0, 0, , 0, 0, 0, 0, 0, 
622, 1, 630, 616, -1, 315, 211, 18.0, 13, ABalpaappap, 3531, 0, 0, 0, , 0, 0, 0, 0, 0, 
623, 1, 631, 617, -1, 94, 281, 22.0, 17, Eprppa, 5951, 0, 0, 0, , 0, 0, 0, 0, 0, 
624, 0, 632, -1, -1, 291, 175, 29.0, 13, , 5071, 0, 0, 0, , 0, 0, 0, 0, 0, 
625, 0, 633, -1, -1, 357, 260, 25.0, 9, , 1481, 0, 0, 0, , 0, 0, 0, 0, 0, 
626, 0, 634, -1, -1, 252, 206, 31.0, 9, , 834, 0, 0, 0, , 0, 0, 0, 0, 0, 
627, 1, 635, 621, -1, 104, 326, 27.0, 19, Eprpa, 6027, 0, 0, 0, , 0, 0, 0, 0, 0, 
628, 1, 636, 622, -1, 299, 229, 11.0, 17, ABplpaaappp, 5419, 0, 0, 0, , 0, 0, 0, 0, 0, 
629, 0, 637, -1, -1, 294, 192, 15.0, 11, , 5454, 0, 0, 0, , 0, 0, 0, 0, 0, 
630, 1, 638, 624, -1, 182, 337, 12.0, 14, ABplappaap, 5981, 0, 0, 0, , 0, 0, 0, 0, 0, 
631, 0, 639, -1, -1, 90, 230, 16.0, 11, , 1618, 0, 0, 0, , 0, 0, 0, 0, 0, 
632, 0, 640, -1, -1, 352, 252, 14.0, 13, , 5086, 0, 0, 0, , 0, 0, 0, 0, 0, 
633, 0, 641, -1, -1, 282, 252, 26.0, 11, , 1295, 0, 0, 0, , 0, 0, 0, 0, 0, 
634, 0, -1, -1, -1, 291, 215, 33.0, 15, , 2982, 0, 0, 0, , 0, 0, 0, 0, 0, 
635, 0, 643, -1, -1, 280, 243, 33.0, 13, , 2153, 0, 0, 0, , 0, 0, 0, 0, 0, 
636, 0, 645, -1, -1, 265, 157, 20.0, 13, , 2102, 0, 0, 0, , 0, 0, 0, 0, 0, 
637, 1, 646, 631, -1, 259, 161, 19.0, 13, ABpraappap, 6018, 0, 0, 0, , 0, 0, 0, 0, 0, 
638, 1, 647, 632, -1, 153, 336, 28.0, 19, Earpp, 19305, 0, 0, 0, , 0, 0, 0, 0, 0, 
639, 1, 648, 633, -1, 289, 311, 16.0, 17, ABarppaaap, 4299, 0, 0, 0, , 0, 0, 0, 0, 0, 
640, 1, 649, 634, -1, 209, 208, 22.0, 19, Dpaaa, 17080, 0, 0, 0, , 0, 0, 0, 0, 0, 
641, 0, 650, -1, -1, 193, 252, 28.0, 14, , 4655, 0, 0, 0, , 0, 0, 0, 0, 0, 
642, 1, 651, 636, -1, 182, 321, 35.0, 17, Cppapaa, 2510, 0, 0, 0, , 0, 0, 0, 0, 0, 
643, 0, 652, -1, -1, 280, 182, 36.0, 9, , 1171, 0, 0, 0, , 0, 0, 0, 0, 0, 
644, 0, 653, -1, -1, 253, 177, 35.0, 11, , 1996, 0, 0, 0, , 0, 0, 0, 0, 0, 
645, 1, 654, 639, -1, 294, 277, 35.0, 19, ABarppaapa, 4368, 0, 0, 0, , 0, 0, 0, 0, 0, 
646, 0, 655, -1, -1, 356, 226, 22.0, 14, , 765, 0, 0, 0, , 0, 0, 0, 0, 0, 
647, 0, 656, -1, -1, 307, 281, 20.0, 11, , 940, 0, 0, 0, , 0, 0, 0, 0, 0, 
648, 0, 657, -1, -1, 141, 294, 26.0, 23, , 36679, 0, 0, 0, , 0, 0, 0, 0, 0, 
649, 0, 658, -1, -1, 234, 323, 25.0, 17, , 3193, 0, 0, 0, , 0, 0, 0, 0, 0, 
650, 0, 659, -1, -1, 68, 273, 17.0, 15, , 3746, 0, 0, 0, , 0, 0, 0, 0, 0, 
651, 1, 660, 644, -1, 99, 229, 14.0, 13, ABprpppapap, 4823, 0, 0, 0, , 0, 0, 0, 0, 0, 
652, 1, 661, 645, -1, 339, 267, 26.0, 15, MSapaaap, 4709, 0, 0, 0, , 0, 0, 0, 0, 0, 
653, 0, 662, -1, -1, 121, 331, 28.0, 15, , 2679, 0, 0, 0, , 0, 0, 0, 0, 0, 
654, 0, 663, -1, -1, 229, 168, 16.0, 11, , 2701, 0, 0, 0, , 0, 0, 0, 0, 0, 
655, 1, 664, 648, -1, 283, 214, 23.0, 15, ABarapaaaaa, 9394, 0, 0, 0, , 0, 0, 0, 0, 0, 
656, 1, 665, 740, -1, 289, 179, 18.0, 15, ABprpaaapaa, 7346, 0, 0, 0, , 0, 0, 0, 0, 0, 
657, 0, 666, -1, -1, 252, 157, 26.0, 11, , 2320, 0, 0, 0, , 0, 0, 0, 0, 0, 
658, 0, 667, -1, -1, 221, 310, 30.0, 13, , 2371, 0, 0, 0, , 0, 0, 0, 0, 0, 
659, 1, 668, 651, -1, 267, 223, 13.0, 15, ABplpapaapp, 4239, 0, 0, 0, , 0, 0, 0, 0, 0, 
660, 0, 669, -1, -1, 93, 285, 12.0, 13, , 2671, 0, 0, 0, , 0, 0, 0, 0, 0, 
661, 0, 670, -1, -1, 252, 238, 17.0, 9, , 1289, 0, 0, 0, , 0, 0, 0, 0, 0, 
662, 0, 671, -1, -1, 322, 241, 30.0, 11, , 1117, 0, 0, 0, , 0, 0, 0, 0, 0, 
663, 1, 672, 655, -1, 322, 223, 22.0, 13, ABalpaapaaa, 6429, 0, 0, 0, , 0, 0, 0, 0, 0, 
664, 0, 673, -1, -1, 90, 325, 23.0, 15, , 3783, 0, 0, 0, , 0, 0, 0, 0, 0, 
665, 0, 674, -1, -1, 258, 266, 28.0, 11, , 824, 0, 0, 0, , 0, 0, 0, 0, 0, 
666, 0, 675, -1, -1, 295, 183, 34.0, 13, , 1704, 0, 0, 0, , 0, 0, 0, 0, 0, 
667, 0, 676, -1, -1, 185, 335, 14.0, 15, , 5791, 0, 0, 0, , 0, 0, 0, 0, 0, 
668, 1, 678, 660, -1, 291, 205, 22.0, 7, ABaraaaaapa, 1133, 0, 0, 0, , 0, 0, 0, 0, 0, 
669, 0, 679, -1, -1, 346, 225, 23.0, 13, , 875, 0, 0, 0, , 0, 0, 0, 0, 0, 
670, 0, 680, -1, -1, 210, 171, 25.0, 7, , 395, 0, 0, 0, , 0, 0, 0, 0, 0, 
671, 0, 681, -1, -1, 256, 164, 32.0, 11, , 1292, 0, 0, 0, , 0, 0, 0, 0, 0, 
672, 1, 682, 563, -1, 280, 255, 15.0, 11, MSapppaa, 914, 0, 0, 0, , 0, 0, 0, 0, 0, 
673, 0, 683, -1, -1, 263, 168, 24.0, 14, , 6058, 0, 0, 0, , 0, 0, 0, 0, 0, 
674, 0, 684, -1, -1, 331, 284, 21.0, 11, , 2116, 0, 0, 0, , 0, 0, 0, 0, 0, 
675, 0, 685, -1, -1, 209, 269, 9.0, 11, , 1168, 0, 0, 0, , 0, 0, 0, 0, 0, 
676, 0, 686, -1, -1, 93, 283, 10.0, 9, , 2365, 0, 0, 0, , 0, 0, 0, 0, 0, 
677, 0, 687, -1, -1, 268, 207, 10.0, 11, , 4442, 0, 0, 0, , 0, 0, 0, 0, 0, 
678, 1, 688, 669, -1, 248, 294, 13.0, 15, ABplppaaaap, 3511, 0, 0, 0, , 0, 0, 0, 0, 0, 
679, 1, 689, 670, -1, 210, 175, 20.0, 11, ABprppaapaa, 3537, 0, 0, 0, , 0, 0, 0, 0, 0, 
680, 1, 690, 671, -1, 281, 175, 24.0, 13, ABalaapaapp, 3630, 0, 0, 0, , 0, 0, 0, 0, 0, 
681, 1, 389, 672, -1, 238, 239, 22.0, 13, MSpapaaaa, 3620, 0, 0, 0, , 0, 0, 0, 0, 0, 
682, 0, 692, -1, -1, 227, 199, 26.0, 11, , 2993, 0, 0, 0, , 0, 0, 0, 0, 0, 
683, 1, 693, 674, -1, 271, 242, 28.0, 11, ABarapaapaa, 6300, 0, 0, 0, , 0, 0, 0, 0, 0, 
684, 0, 694, -1, -1, 198, 333, 25.0, 15, , 3987, 0, 0, 0, , 0, 0, 0, 0, 0, 
685, 0, 695, -1, -1, 156, 297, 28.0, 15, , 2245, 0, 0, 0, , 0, 0, 0, 0, 0, 
686, 1, 696, 677, -1, 301, 225, 31.0, 13, MSaaaaaar, 5619, 0, 0, 0, , 0, 0, 0, 0, 0, 
687, 0, 697, -1, -1, 340, 254, 29.0, 9, , 1366, 0, 0, 0, , 0, 0, 0, 0, 0, 
688, 0, 698, -1, -1, 350, 234, 28.0, 15, , 1967, 0, 0, 0, , 0, 0, 0, 0, 0, 
689, 0, -1, -1, -1, 279, 254, 9.0, 9, , 2919, 0, 0, 0, , 0, 0, 0, 0, 0, 
690, 1, 210, 681, -1, 128, 225, 15.0, 19, ABprappppa, 6786, 0, 0, 0, , 0, 0, 0, 0, 0, 
691, 0, -1, -1, -1, 124, 309, 16.0, 13, , 2523, 0, 0, 0, , 0, 0, 0, 0, 0, 
692, 0, -1, -1, -1, 214, 264, 21.0, 11, , 4006, 0, 0, 0, , 0, 0, 0, 0, 0, 
693, 0, -1, -1, -1, 100, 242, 24.0, 15, , 2346, 0, 0, 0, , 0, 0, 0, 0, 0, 
694, 1, 717, 684, -1, 226, 194, 16.0, 11, ABprpaapppa, 2535, 0, 0, 0, , 0, 0, 0, 0, 0, 
695, 0, 700, -1, -1, 107, 242, 10.0, 10, , 0, 0, 0, 0, , 0, 0, 0, 0, 0, 
696, 1, 701, 696, -1, 110, 237, 11.0, 10, ABplpppapap, 0, 0, 0, 0, , 0, 0, 0, 0, 0, 
697, 1, 128, 697, -1, 102, 300, 11.0, 13, ABplapppaaa, 0, 0, 0, 0, , 0, 0, 0, 0, 0, 
698, 1, 702, 698, -1, 333, 278, 24.0, 13, ABalapaaapa, 0, 0, 0, 0, , 0, 0, 0, 0, 0, 
699, 1, 703, 699, -1, 321, 241, 30.0, 13, ABalapppaaa, 0, 0, 0, 0, , 0, 0, 0, 0, 0, 
700, 1, 704, 700, -1, 205, 323, 35.0, 13, Dppppp, 0, 0, 0, 0, , 0, 0, 0, 0, 0, 
701, 1, 705, 702, -1, 132, 283, 28.4, 13, Cppaapp, 0, 0, 0, 0, , 0, 0, 0, 0, 0, 
702, 0, 706, -1, -1, 123, 336, 29.0, 15, , 0, 0, 0, 0, , 0, 0, 0, 0, 0, 
703, 1, 707, 704, -1, 115, 340, 25.0, 16, Eplap, 9336, 0, 0, 0, , 0, 0, 0, 0, 0, 
704, 1, 708, 705, -1, 227, 348, 22.2, 15, Cpaaap, 0, 0, 0, 0, , 0, 0, 0, 0, 0, 
705, 1, 709, 706, -1, 246, 338, 21.8, 17, Caaaaa, 0, 0, 0, 0, , 0, 0, 0, 0, 0, 
706, 1, 710, 707, -1, 199, 329, 23.666666, 15, Earap, 0, 0, 0, 0, , 0, 0, 0, 0, 0, 
707, 1, 711, 709, -1, 221, 311, 30.0, 15, Earaav, 0, 0, 0, 0, , 0, 0, 0, 0, 0, 
708, 1, 712, 710, -1, 309, 259, 33.166668, 15, MSpppaaa, 0, 0, 0, 0, , 0, 0, 0, 0, 0, 
709, 1, 391, 687, -1, 186, 236, 20.0, 13, MSpapppap, 3419, 0, 0, 0, , 0, 0, 0, 0, 0, 
710, 1, 713, 712, -1, 282, 246, 31.0, 12, MSpaaaapa, 2366, 0, 0, 0, , 0, 0, 0, 0, 0, 
711, 1, 574, 713, -1, 273, 242, 13.0, 13, MSappapp, 1897, 0, 0, 0, , 0, 0, 0, 0, 0, 
712, 1, 714, 714, -1, 291, 259, 28.0, 13, MSaaapaaa, 0, 0, 0, 0, , 0, 0, 0, 0, 0, 
713, 1, 715, 715, -1, 275, 199, 14.0, 13, ABprpappaaa, 0, 0, 0, 0, , 0, 0, 0, 0, 0, 
714, 1, 716, 716, -1, 244, 177, 13.5, 11, ABprpaappppp, 0, 0, 0, 0, , 0, 0, 0, 0, 0, 
715, 1, 718, 717, -1, 100, 248, 29.2, 11, ABprapppaap, 0, 0, 0, 0, , 0, 0, 0, 0, 0, 
716, 1, 502, 718, -1, 229, 172, 14.666667, 15, ABpraapppa, 3741, 0, 0, 0, , 0, 0, 0, 0, 0, 
717, 1, 719, 719, -1, 233, 189, 31.5, 14, ABpraapapppa, 0, 0, 0, 0, , 0, 0, 0, 0, 0, 
718, 1, 720, 720, -1, 228, 200, 25.666666, 12, ABpraaappap, 1674, 0, 0, 0, , 0, 0, 0, 0, 0, 
719, 1, 721, 721, -1, 221, 203, 29.0, 11, ABpraaapppaa, 564, 0, 0, 0, , 0, 0, 0, 0, 0, 
720, 1, 722, 722, -1, 279, 187, 31.555555, 13, ABpraaapapa, 3478, 0, 0, 0, , 0, 0, 0, 0, 0, 
721, 1, 699, 723, -1, 216, 229, 17.142857, 15, ABplpappaap, 0, 0, 0, 0, , 0, 0, 0, 0, 0, 
722, 1, 723, 724, -1, 254, 224, 14.0, 13, ABplpapaapa, 0, 0, 0, 0, , 0, 0, 0, 0, 0, 
723, 1, 724, 725, -1, 267, 224, 10.0, 11, ABplpaappppp, 0, 0, 0, 0, , 0, 0, 0, 0, 0, 
724, 1, 725, 726, -1, 250, 232, 12.636364, 13, ABplpaapppa, 3193, 0, 0, 0, , 0, 0, 0, 0, 0, 
725, 0, 436, -1, -1, 302, 233, 13.0, 15, , 0, 0, 0, 0, , 0, 0, 0, 0, 0, 
726, 1, 726, 426, -1, 309, 235, 16.0, 14, ABalppappap, 0, 0, 0, 0, , 0, 0, 0, 0, 0, 
727, 1, 626, 728, -1, 92, 285, 13.166667, 13, ABplapppapp, 3674, 0, 0, 0, , 0, 0, 0, 0, 0, 
728, 0, 727, -1, -1, 263, 304, 16.0, 15, , 0, 0, 0, 0, , 0, 0, 0, 0, 0, 
729, 1, 727, 731, -1, 263, 304, 18.75, 15, ABplapaaapp, 0, 0, 0, 0, , 0, 0, 0, 0, 0, 
730, 1, 728, 732, -1, 261, 300, 16.444445, 14, ABplapaaapa, 3777, 0, 0, 0, , 0, 0, 0, 0, 0, 
731, 1, 729, 733, -1, 337, 268, 17.857143, 15, ABplaapaapp, 0, 0, 0, 0, , 0, 0, 0, 0, 0, 
732, 1, 730, 734, -1, 343, 278, 18.0, 13, ABplaaappp, 0, 0, 0, 0, , 0, 0, 0, 0, 0, 
733, 1, 397, 735, -1, 108, 261, 30.333334, 11, ABarpppppp, 542, 0, 0, 0, , 0, 0, 0, 0, 0, 
734, 1, 731, 736, -1, 228, 232, 35.0, 15, ABarpppapa, 0, 0, 0, 0, , 0, 0, 0, 0, 0, 
735, 0, 732, -1, -1, 331, 191, 28.555555, 13, , 0, 0, 0, 0, , 0, 0, 0, 0, 0, 
736, 1, 733, 738, -1, 333, 252, 32.0, 15, ABalapapapa, 0, 0, 0, 0, , 0, 0, 0, 0, 0, 
737, 1, 734, 739, -1, 323, 263, 36.0, 15, ABarpaappa, 0, 0, 0, 0, , 0, 0, 0, 0, 0, 
738, 1, 737, 741, -1, 292, 194, 15.0, 13, ABarappaapa, 0, 0, 0, 0, , 0, 0, 0, 0, 0, 
739, 1, 738, 742, -1, 257, 232, 24.0, 15, ABarapapppp, 0, 0, 0, 0, , 0, 0, 0, 0, 0, 
740, 1, 739, 743, -1, 245, 231, 26.0, 13, ABarapaappp, 0, 0, 0, 0, , 0, 0, 0, 0, 0, 
741, 1, 740, 744, -1, 243, 245, 27.8, 13, ABaraapppaa, 0, 0, 0, 0, , 0, 0, 0, 0, 0, 
742, 1, 741, 746, -1, 314, 224, 25.0, 11, ABaraaaapap, 0, 0, 0, 0, , 0, 0, 0, 0, 0, 
743, 1, 742, 747, -1, 282, 218, 26.0, 11, ABaraaaaapp, 0, 0, 0, 0, , 0, 0, 0, 0, 0, 
744, 1, 743, 748, -1, 307, 284, 20.8, 13, ABalppppaav, 0, 0, 0, 0, , 0, 0, 0, 0, 0, 
745, 1, 744, 749, -1, 304, 200, 12.285714, 13, ABalppapapp, 4342, 0, 0, 0, , 0, 0, 0, 0, 0, 
746, 1, 745, 750, -1, 264, 209, 12.4, 12, ABalppapapa, 7231, 0, 0, 0, , 0, 0, 0, 0, 0, 
747, 1, 746, 751, -1, 302, 218, 12.0, 15, ABalppaappp, 0, 0, 0, 0, , 0, 0, 0, 0, 0, 
748, 1, 747, 752, -1, 284, 226, 19.0, 13, ABalpappapa, 0, 0, 0, 0, , 0, 0, 0, 0, 0, 
749, 1, 326, 753, -1, 203, 247, 10.333333, 15, ABalpapappa, 7529, 0, 0, 0, , 0, 0, 0, 0, 0, 
750, 1, 749, 754, -1, 307, 241, 23.88889, 13, ABalpaapaap, 0, 0, 0, 0, , 0, 0, 0, 0, 0, 
751, 0, 750, -1, -1, 329, 204, 27.833334, 13, , 0, 0, 0, 0, , 0, 0, 0, 0, 0, 
752, 1, 751, 756, -1, 124, 328, 26.384615, 15, Eprap, 0, 0, 0, 0, , 0, 0, 0, 0, 0, 
753, 0, 752, -1, -1, 264, 204, 31.375, 14, , 0, 0, 0, 0, , 0, 0, 0, 0, 0, 
754, 1, 753, 758, 759, 337, 234, 26.0, 15, ABalapappaa, 0, 0, 0, 0, , 0, 0, 0, 0, 0, 
755, 1, 754, 760, -1, 323, 256, 17.25, 14, ABalapaappa, 0, 0, 0, 0, , 0, 0, 0, 0, 0, 
756, 1, 755, 761, -1, 306, 270, 15.0, 13, ABalapaapaa, 0, 0, 0, 0, , 0, 0, 0, 0, 0, 
757, 0, 756, -1, -1, 280, 184, 26.0, 13, , 0, 0, 0, 0, , 0, 0, 0, 0, 0, 
758, 1, 640, 763, -1, 337, 259, 14.0, 13, ABalapaapap, 1789, 0, 0, 0, , 0, 0, 0, 0, 0, 
759, 1, 757, 690, -1, 305, 201, 17.857143, 15, ABalpapaapa, 6080, 0, 0, 0, , 0, 0, 0, 0, 0, 
760, 0, 758, -1, -1, 111, 242, 12.666667, 11, , 0, 0, 0, 0, , 0, 0, 0, 0, 0, 
761, 0, 759, -1, -1, 285, 203, 30.0, 13, , 0, 0, 0, 0, , 0, 0, 0, 0, 0, 
762, 1, 760, 686, -1, 302, 235, 14.0, 13, ABplpaaappap, 0, 0, 0, 0, , 0, 0, 0, 0, 0, 
763, 1, 760, 766, -1, 305, 230, 13.0, 11, ABplpaaappaa, 0, 0, 0, 0, , 0, 0, 0, 0, 0, 
764, 1, 761, 767, -1, 133, 312, 15.0, 17, Z3, 0, 0, 0, 0, , 0, 0, 0, 0, 0, 
765, 1, 762, 768, -1, 294, 249, 34.42857, 15, MSpppppp, 0, 0, 0, 0, , 0, 0, 0, 0, 0, 
766, 1, 763, 769, -1, 283, 264, 22.0, 13, ABalpaaappa, 4507, 0, 0, 0, , 0, 0, 0, 0, 0, 
767, 1, 764, 770, -1, 287, 264, 19.0, 17, ABalpapppaa, 5158, 0, 0, 0, , 0, 0, 0, 0, 0, 
768, 1, 765, 771, -1, 306, 293, 14.333333, 16, ABalpppppppa, 0, 0, 0, 0, , 0, 0, 0, 0, 0, 
769, 1, 766, 772, -1, 319, 264, 12.806452, 13, ABalppaaapa, 0, 0, 0, 0, , 0, 0, 0, 0, 0, 
770, 1, 767, 28, -1, 275, 191, 23.571428, 13, ABarappppap, 0, 0, 0, 0, , 0, 0, 0, 0, 0, 
771, 1, 768, 773, -1, 350, 233, 28.75, 11, ABalapapapp, 0, 0, 0, 0, , 0, 0, 0, 0, 0, 
772, 0, 769, -1, -1, 178, 344, 31.0, 15, , 0, 0, 0, 0, , 0, 0, 0, 0, 0, 
773, 1, 770, 775, -1, 191, 290, 34.0, 15, Caaaap, 0, 0, 0, 0, , 0, 0, 0, 0, 0, 
774, 1, 771, 776, -1, 106, 244, 13.666667, 13, Caapaa, 0, 0, 0, 0, , 0, 0, 0, 0, 0, 
775, 1, 772, 777, -1, 116, 303, 34.0, 15, Caaapp, 0, 0, 0, 0, , 0, 0, 0, 0, 0, 
776, 1, 773, 778, -1, 153, 307, 34.0, 15, Caaapa, 0, 0, 0, 0, , 0, 0, 0, 0, 0, 
777, 1, 774, 779, -1, 188, 361, 20.75, 15, Cpaapa, 0, 0, 0, 0, , 0, 0, 0, 0, 0, 
778, 1, 775, 780, -1, 157, 299, 28.0, 15, MSpppaap, 0, 0, 0, 0, , 0, 0, 0, 0, 0, 
779, 0, 776, -1, -1, 115, 308, 12.0, 13, , 0, 0, 0, 0, , 0, 0, 0, 0, 0, 
780, 1, 776, 781, -1, 102, 303, 13.0, 13, ABplpppaapa, 0, 0, 0, 0, , 0, 0, 0, 0, 0, 
781, 1, 777, 782, -1, 145, 287, 34.0, 15, ABarpppppa, 0, 0, 0, 0, , 0, 0, 0, 0, 0, 
782, 1, 778, 783, -1, 349, 256, 32.666668, 15, ABarpaapap, 0, 0, 0, 0, , 0, 0, 0, 0, 0, 
783, 1, 779, 784, -1, 256, 176, 32.75, 15, ABarpapppp, 0, 0, 0, 0, , 0, 0, 0, 0, 0, 
784, 1, 732, 785, -1, 322, 192, 30.0, 13, ABarpapaappa, 0, 0, 0, 0, , 0, 0, 0, 0, 0, 
785, 0, 780, -1, -1, 286, 296, 16.0, 11, , 0, 0, 0, 0, , 0, 0, 0, 0, 0, 
786, 1, 781, 786, -1, 287, 297, 15.0, 11, ABalppppppaa, 0, 0, 0, 0, , 0, 0, 0, 0, 0, 
787, 1, 782, 787, -1, 324, 289, 20.333334, 11, ABalapapppa, 0, 0, 0, 0, , 0, 0, 0, 0, 0, 
788, 0, 783, -1, -1, 254, 196, 33.0, 13, , 0, 0, 0, 0, , 0, 0, 0, 0, 0, 
789, 1, 464, 789, -1, 256, 218, 35.0, 15, ABarpaappp, 0, 0, 0, 0, , 0, 0, 0, 0, 0, 
790, 0, 784, -1, -1, 260, 204, 32.2, 13, , 0, 0, 0, 0, , 0, 0, 0, 0, 0, 
791, 1, 785, 791, -1, 273, 171, 18.0, 13, ABalaapappp, 0, 0, 0, 0, , 0, 0, 0, 0, 0, 
792, 1, 786, 792, -1, 278, 183, 25.5, 13, ABalaappppa, 0, 0, 0, 0, , 0, 0, 0, 0, 0, 
793, 1, 787, 793, -1, 285, 192, 28.0, 13, ABalaappppp, 0, 0, 0, 0, , 0, 0, 0, 0, 0, 
794, 1, 788, 794, -1, 284, 200, 31.5, 13, ABalaapaaal, 0, 0, 0, 0, , 0, 0, 0, 0, 0, 
795, 1, 789, 795, -1, 253, 195, 34.0, 13, ABalapppppa, 0, 0, 0, 0, , 0, 0, 0, 0, 0, 
796, 1, 790, 796, -1, 319, 240, 32.0, 15, ABalapppapa, 0, 0, 0, 0, , 0, 0, 0, 0, 0, 
797, 1, 791, 797, -1, 292, 187, 34.0, 15, ABalappappp, 0, 0, 0, 0, , 0, 0, 0, 0, 0, 
798, 1, 792, 798, -1, 265, 211, 31.0, 13, ABalappapaa, 0, 0, 0, 0, , 0, 0, 0, 0, 0, 
799, 1, 793, 799, -1, 277, 237, 15.0, 15, MSapaaaav, 0, 0, 0, 0, , 0, 0, 0, 0, 0, 
800, 1, 794, 800, -1, 343, 225, 23.0, 13, ABalapappap, 0, 0, 0, 0, , 0, 0, 0, 0, 0, 
