1, 1, 1, 1, -1, 294, 223, 26.0, 11, ABaraaapaap, 1889, 0, 0, 0, , 0, 0, 0, 0, 0, 
2, 1, 2, 2, -1, 252, 239, 30.0, 13, ABaraaapapp, 3800, 0, 0, 0, , 0, 0, 0, 0, 0, 
3, 1, 3, 3, -1, 232, 238, 24.0, 15, ABaraappppp, 2595, 0, 0, 0, , 0, 0, 0, 0, 0, 
4, 1, 4, 4, -1, 260, 285, 19.0, 15, ABaraapappa, 7114, 0, 0, 0, , 0, 0, 0, 0, 0, 
5, 1, 5, 5, -1, 251, 265, 18.0, 15, ABaraapappp, 8051, 0, 0, 0, , 0, 0, 0, 0, 0, 
6, 1, 6, 6, -1, 273, 301, 23.0, 15, ABaraapapap, 6817, 0, 0, 0, , 0, 0, 0, 0, 0, 
7, 1, 7, 7, -1, 304, 224, 24.0, 15, ABaraapaaaa, 7469, 0, 0, 0, , 0, 0, 0, 0, 0, 
8, 1, 8, 8, -1, 311, 248, 26.0, 15, ABaraapaaap, 10368, 0, 0, 0, , 0, 0, 0, 0, 0, 
9, 1, 9, 9, -1, 295, 280, 28.0, 13, MSaaaaapp, 5328, 0, 0, 0, , 0, 0, 0, 0, 0, 
10, 1, 10, 10, -1, 308, 265, 26.0, 15, ABaraapaapa, 7995, 0, 0, 0, , 0, 0, 0, 0, 0, 
11, 1, 11, 11, -1, 324, 205, 25.0, 11, ABaraaappaa, 3040, 0, 0, 0, , 0, 0, 0, 0, 0, 
12, 1, 12, 12, -1, 313, 194, 24.0, 15, ABaraaapppa, 2808, 0, 0, 0, , 0, 0, 0, 0, 0, 
13, 1, 13, 13, -1, 307, 191, 27.0, 13, ABaraaapppp, 2591, 0, 0, 0, , 0, 0, 0, 0, 0, 
14, 1, 14, 14, -1, 308, 205, 25.0, 11, ABaraaapaaa, 3058, 0, 0, 0, , 0, 0, 0, 0, 0, 
15, 1, 15, 15, -1, 254, 262, 31.0, 15, ABaraappapp, 4597, 0, 0, 0, , 0, 0, 0, 0, 0, 
16, 1, 16, 16, -1, 304, 245, 21.0, 13, ABaraaaaaap, 3236, 0, 0, 0, , 0, 0, 0, 0, 0, 
17, 0, 17, -1, -1, 300, 260, 24.0, 13, , 2591, 0, 0, 0, , 0, 0, 0, 0, 0, 
18, 1, 18, 18, -1, 221, 268, 21.0, 11, ABalpappapp, 5088, 0, 0, 0, , 0, 0, 0, 0, 0, 
19, 1, 19, 19, -1, 247, 215, 25.0, 11, ABarapapaapp, 2789, 0, 0, 0, , 0, 0, 0, 0, 0, 
20, 1, 20, 20, -1, 252, 221, 27.0, 15, ABarapappaa, 5016, 0, 0, 0, , 0, 0, 0, 0, 0, 
21, 1, 21, 21, -1, 283, 187, 11.0, 11, ABalaapappa, 3227, 0, 0, 0, , 0, 0, 0, 0, 0, 
22, 1, 22, 22, -1, 283, 215, 20.0, 11, ABarapaaapp, 8355, 0, 0, 0, , 0, 0, 0, 0, 0, 
23, 1, 23, 23, -1, 274, 225, 27.0, 13, ABarapaapap, 6073, 0, 0, 0, , 0, 0, 0, 0, 0, 
24, 0, 24, -1, -1, 270, 239, 30.0, 13, , 4118, 0, 0, 0, , 0, 0, 0, 0, 0, 
25, 1, 25, 25, -1, 256, 193, 15.0, 11, ABarapppapa, 4409, 0, 0, 0, , 0, 0, 0, 0, 0, 
26, 1, 26, 26, -1, 296, 179, 12.0, 15, ABalpapaaap, 10138, 0, 0, 0, , 0, 0, 0, 0, 0, 
27, 1, 27, 27, -1, 288, 172, 16.0, 13, ABarapppapp, 6413, 0, 0, 0, , 0, 0, 0, 0, 0, 
28, 1, 28, 28, -1, 273, 189, 24.0, 13, ABarappppap, 5839, 0, 0, 0, , 0, 0, 0, 0, 0, 
29, 1, 29, 29, -1, 279, 180, 14.0, 13, ABarapppaap, 5220, 0, 0, 0, , 0, 0, 0, 0, 0, 
30, 1, 30, 30, -1, 246, 183, 27.0, 9, ABalaapppap, 1360, 0, 0, 0, , 0, 0, 0, 0, 0, 
31, 1, 31, 31, -1, 280, 190, 19.0, 13, ABarapppppp, 2743, 0, 0, 0, , 0, 0, 0, 0, 0, 
32, 1, 32, 32, -1, 291, 194, 24.0, 13, ABarappaaaa, 5979, 0, 0, 0, , 0, 0, 0, 0, 0, 
33, 1, 33, 33, -1, 255, 203, 17.0, 13, ABarappapaa, 6527, 0, 0, 0, , 0, 0, 0, 0, 0, 
34, 1, 34, 34, -1, 213, 202, 15.0, 13, ABprpapappa, 2859, 0, 0, 0, , 0, 0, 0, 0, 0, 
35, 1, 35, 35, -1, 277, 162, 29.0, 15, ABarpapppa, 4862, 0, 0, 0, , 0, 0, 0, 0, 0, 
36, 0, 36, -1, -1, 323, 192, 27.0, 11, , 2485, 0, 0, 0, , 0, 0, 0, 0, 0, 
37, 1, 37, 37, -1, 349, 187, 21.0, 15, ABarpapapa, 3015, 0, 0, 0, , 0, 0, 0, 0, 0, 
38, 1, 38, 38, -1, 359, 202, 29.0, 13, ABarpaapaa, 2831, 0, 0, 0, , 0, 0, 0, 0, 0, 
39, 1, 39, 39, -1, 354, 212, 26.0, 13, ABarpaaaaar, 3082, 0, 0, 0, , 0, 0, 0, 0, 0, 
40, 1, 40, 40, -1, 342, 218, 25.0, 13, ABarpaaaapa, 4178, 0, 0, 0, , 0, 0, 0, 0, 0, 
41, 1, 41, 41, -1, 355, 186, 27.0, 11, ABarpaaapp, 3757, 0, 0, 0, , 0, 0, 0, 0, 0, 
42, 1, 42, 42, -1, 334, 220, 27.0, 14, ABarpaaapaa, 2929, 0, 0, 0, , 0, 0, 0, 0, 0, 
43, 1, 43, 43, -1, 331, 183, 30.0, 13, ABarpaaapap, 2883, 0, 0, 0, , 0, 0, 0, 0, 0, 
44, 1, 44, 44, -1, 260, 319, 20.0, 15, ABarppaapp, 6331, 0, 0, 0, , 0, 0, 0, 0, 0, 
45, 1, 45, 45, -1, 167, 351, 16.0, 17, ABarppappa, 5741, 0, 0, 0, , 0, 0, 0, 0, 0, 
46, 1, 46, 46, -1, 240, 329, 15.0, 17, ABarppapap, 6457, 0, 0, 0, , 0, 0, 0, 0, 0, 
47, 1, 47, 47, -1, 206, 233, 33.0, 17, ABarppppaa, 10777, 0, 0, 0, , 0, 0, 0, 0, 0, 
48, 1, 48, 48, -1, 193, 255, 33.0, 15, ABarppppap, 1503, 0, 0, 0, , 0, 0, 0, 0, 0, 
49, 1, 49, 49, -1, 324, 230, 28.0, 11, ABalapppaap, 1374, 0, 0, 0, , 0, 0, 0, 0, 0, 
50, 0, 50, -1, -1, 334, 254, 30.0, 11, , 2298, 0, 0, 0, , 0, 0, 0, 0, 0, 
51, 1, 51, 51, -1, 355, 232, 31.0, 15, ABarpapapp, 6280, 0, 0, 0, , 0, 0, 0, 0, 0, 
52, 0, 52, -1, -1, 329, 268, 20.0, 13, , 1457, 0, 0, 0, , 0, 0, 0, 0, 0, 
53, 1, 53, 53, -1, 332, 290, 17.0, 11, ABalapaaaap, 3064, 0, 0, 0, , 0, 0, 0, 0, 0, 
54, 0, 54, -1, -1, 314, 292, 21.0, 13, , 2383, 0, 0, 0, , 0, 0, 0, 0, 0, 
55, 1, 55, 55, -1, 275, 161, 27.0, 11, ABalaapaapa, 3782, 0, 0, 0, , 0, 0, 0, 0, 0, 
56, 1, 56, 56, -1, 284, 164, 22.0, 11, ABalaappapp, 3656, 0, 0, 0, , 0, 0, 0, 0, 0, 
57, 1, 57, 57, -1, 259, 188, 28.0, 15, ABarappppaa, 4680, 0, 0, 0, , 0, 0, 0, 0, 0, 
58, 1, 58, 58, -1, 239, 175, 28.0, 11, ABalaapppaa, 2497, 0, 0, 0, , 0, 0, 0, 0, 0, 
59, 1, 59, 59, -1, 297, 203, 29.0, 15, ABalaaaarrp, 7695, 0, 0, 0, , 0, 0, 0, 0, 0, 
60, 1, 60, 60, -1, 290, 181, 20.0, 13, ABpraaaaaap, 3336, 0, 0, 0, , 0, 0, 0, 0, 0, 
61, 1, 61, 61, -1, 313, 173, 23.0, 13, ABarpappaa, 3065, 0, 0, 0, , 0, 0, 0, 0, 0, 
62, 1, 62, 62, -1, 326, 243, 21.0, 11, ABalaaaarlp, 4003, 0, 0, 0, , 0, 0, 0, 0, 0, 
63, 1, 63, 63, -1, 326, 236, 14.0, 13, ABalaaaalpp, 3186, 0, 0, 0, , 0, 0, 0, 0, 0, 
64, 1, 64, 64, -1, 342, 189, 26.0, 13, ABpraapaaap, 4620, 0, 0, 0, , 0, 0, 0, 0, 0, 
65, 0, 65, -1, -1, 286, 196, 29.0, 13, , 2288, 0, 0, 0, , 0, 0, 0, 0, 0, 
66, 1, 66, 66, -1, 301, 162, 23.0, 11, ABpraaaaapv, 3695, 0, 0, 0, , 0, 0, 0, 0, 0, 
67, 1, 67, 67, -1, 337, 241, 33.0, 13, ABalappaap, 4202, 0, 0, 0, , 0, 0, 0, 0, 0, 
68, 1, 68, 68, -1, 118, 251, 14.0, 11, ABplppppapp, 3406, 0, 0, 0, , 0, 0, 0, 0, 0, 
69, 1, 69, 69, -1, 121, 279, 16.0, 13, ABplppppaaa, 3828, 0, 0, 0, , 0, 0, 0, 0, 0, 
70, 1, 70, 70, -1, 108, 272, 18.0, 13, ABplppppaap, 3798, 0, 0, 0, , 0, 0, 0, 0, 0, 
71, 1, 71, 71, -1, 88, 246, 12.0, 13, ABplppppppp, 3276, 0, 0, 0, , 0, 0, 0, 0, 0, 
72, 1, 72, 72, -1, 96, 251, 14.0, 13, ABplppppppa, 4433, 0, 0, 0, , 0, 0, 0, 0, 0, 
73, 1, 73, 73, -1, 91, 304, 15.0, 15, ABplpppppap, 5103, 0, 0, 0, , 0, 0, 0, 0, 0, 
74, 1, 74, 74, -1, 111, 293, 16.0, 15, ABplpppppaa, 5260, 0, 0, 0, , 0, 0, 0, 0, 0, 
75, 1, 75, 75, -1, 111, 264, 10.0, 13, ABplpppapaa, 3913, 0, 0, 0, , 0, 0, 0, 0, 0, 
76, 1, 76, 76, -1, 108, 281, 13.0, 13, ABplpppaapp, 5726, 0, 0, 0, , 0, 0, 0, 0, 0, 
77, 1, 77, 77, -1, 146, 260, 14.0, 13, ABplpppaaaa, 4694, 0, 0, 0, , 0, 0, 0, 0, 0, 
78, 1, 78, 78, -1, 143, 297, 15.0, 13, ABplpppaaap, 5790, 0, 0, 0, , 0, 0, 0, 0, 0, 
79, 1, 79, 79, -1, 140, 291, 17.0, 15, ABplppapppp, 2896, 0, 0, 0, , 0, 0, 0, 0, 0, 
80, 1, 80, 80, -1, 177, 278, 16.0, 14, ABplppapppa, 3855, 0, 0, 0, , 0, 0, 0, 0, 0, 
81, 1, 81, 81, -1, 203, 261, 15.0, 13, ABplppappap, 4136, 0, 0, 0, , 0, 0, 0, 0, 0, 
82, 1, 82, 82, -1, 211, 248, 14.0, 13, ABplppappaa, 4448, 0, 0, 0, , 0, 0, 0, 0, 0, 
83, 1, 83, 83, -1, 195, 274, 14.0, 13, ABplppapapa, 4458, 0, 0, 0, , 0, 0, 0, 0, 0, 
84, 1, 84, 84, -1, 178, 293, 16.0, 11, ABplppapapp, 4137, 0, 0, 0, , 0, 0, 0, 0, 0, 
85, 1, 85, 85, -1, 155, 294, 17.0, 13, ABplppaappp, 4373, 0, 0, 0, , 0, 0, 0, 0, 0, 
86, 0, 86, -1, -1, 277, 196, 15.0, 14, , 2681, 0, 0, 0, , 0, 0, 0, 0, 0, 
87, 1, 87, 87, -1, 204, 277, 19.0, 13, MSaappap, 5271, 0, 0, 0, , 0, 0, 0, 0, 0, 
88, 1, 88, 88, -1, 107, 256, 17.0, 11, ABplpappppp, 3850, 0, 0, 0, , 0, 0, 0, 0, 0, 
89, 1, 89, 89, -1, 121, 269, 19.0, 13, ABplpappppa, 4055, 0, 0, 0, , 0, 0, 0, 0, 0, 
90, 1, 90, 90, -1, 122, 264, 15.0, 13, ABplpapppaa, 3163, 0, 0, 0, , 0, 0, 0, 0, 0, 
91, 1, 91, 91, -1, 121, 251, 20.0, 13, ABplpapppap, 3744, 0, 0, 0, , 0, 0, 0, 0, 0, 
92, 1, 92, 92, -1, 228, 222, 13.0, 11, ABplpapappa, 1838, 0, 0, 0, , 0, 0, 0, 0, 0, 
93, 1, 93, 697, -1, 165, 295, 18.0, 13, ABprppapppa, 3314, 0, 0, 0, , 0, 0, 0, 0, 0, 
94, 1, 94, 93, -1, 229, 245, 16.0, 13, ABplpapapap, 3353, 0, 0, 0, , 0, 0, 0, 0, 0, 
95, 1, 95, 94, -1, 225, 260, 15.0, 13, ABplpapapaa, 3049, 0, 0, 0, , 0, 0, 0, 0, 0, 
96, 1, 96, 95, -1, 238, 233, 16.0, 11, ABplpapaaap, 4402, 0, 0, 0, , 0, 0, 0, 0, 0, 
97, 1, 97, 96, -1, 254, 232, 16.0, 13, ABplpapaaaa, 2892, 0, 0, 0, , 0, 0, 0, 0, 0, 
98, 1, 98, 97, -1, 212, 255, 17.0, 13, ABplppapaap, 4498, 0, 0, 0, , 0, 0, 0, 0, 0, 
99, 1, 99, 98, -1, 305, 256, 13.0, 17, ABplpaaaaaa, 6778, 0, 0, 0, , 0, 0, 0, 0, 0, 
100, 1, 100, 99, -1, 296, 204, 10.0, 13, ABplpaapapp, 7477, 0, 0, 0, , 0, 0, 0, 0, 0, 
101, 1, 101, 100, -1, 265, 288, 15.0, 13, ABplpaappap, 5255, 0, 0, 0, , 0, 0, 0, 0, 0, 
102, 1, 102, 101, -1, 271, 272, 14.0, 15, ABplpaappaa, 3886, 0, 0, 0, , 0, 0, 0, 0, 0, 
103, 1, 103, 102, -1, 285, 213, 11.0, 11, ABplpaappppa, 2426, 0, 0, 0, , 0, 0, 0, 0, 0, 
104, 0, 104, -1, -1, 274, 234, 10.0, 19, , 13120, 0, 0, 0, , 0, 0, 0, 0, 0, 
105, 1, 105, 104, -1, 278, 292, 13.0, 13, ABplpaapaap, 5669, 0, 0, 0, , 0, 0, 0, 0, 0, 
106, 0, 106, -1, -1, 304, 283, 20.0, 15, , 4119, 0, 0, 0, , 0, 0, 0, 0, 0, 
107, 1, 107, 106, -1, 355, 250, 17.0, 13, ABplpaapapa, 5587, 0, 0, 0, , 0, 0, 0, 0, 0, 
108, 1, 108, 107, -1, 352, 198, 24.0, 13, ABplaapaaaa, 3766, 0, 0, 0, , 0, 0, 0, 0, 0, 
109, 1, 109, 108, -1, 353, 207, 21.0, 13, ABplaapaaap, 4790, 0, 0, 0, , 0, 0, 0, 0, 0, 
110, 1, 110, 109, -1, 341, 245, 17.0, 11, ABplaapaapa, 3753, 0, 0, 0, , 0, 0, 0, 0, 0, 
111, 1, 111, 110, -1, 308, 295, 17.0, 13, ABplaapapppa, 2706, 0, 0, 0, , 0, 0, 0, 0, 0, 
112, 1, 112, 111, -1, 294, 297, 17.0, 11, ABplaapapppp, 2846, 0, 0, 0, , 0, 0, 0, 0, 0, 
113, 1, 113, 112, -1, 280, 296, 19.0, 13, ABplaapapap, 4276, 0, 0, 0, , 0, 0, 0, 0, 0, 
114, 1, 114, 113, -1, 272, 282, 17.0, 13, ABplaapapaa, 4639, 0, 0, 0, , 0, 0, 0, 0, 0, 
115, 0, 115, -1, -1, 335, 271, 29.0, 11, , 2234, 0, 0, 0, , 0, 0, 0, 0, 0, 
116, 0, 116, -1, -1, 336, 238, 30.0, 11, , 2546, 0, 0, 0, , 0, 0, 0, 0, 0, 
117, 1, 117, 116, -1, 365, 223, 28.0, 15, ABplaaaapp, 4366, 0, 0, 0, , 0, 0, 0, 0, 0, 
118, 1, 118, 117, -1, 345, 252, 14.0, 15, ABplaaappa, 6358, 0, 0, 0, , 0, 0, 0, 0, 0, 
119, 0, 119, -1, -1, 335, 266, 17.0, 13, , 5023, 0, 0, 0, , 0, 0, 0, 0, 0, 
120, 0, 120, -1, -1, 344, 277, 17.0, 13, , 2527, 0, 0, 0, , 0, 0, 0, 0, 0, 
121, 1, 121, 120, -1, 344, 251, 20.0, 9, ABalppppapa, 354, 0, 0, 0, , 0, 0, 0, 0, 0, 
122, 1, 122, 121, -1, 337, 206, 15.0, 13, ABplaaapaa, 6360, 0, 0, 0, , 0, 0, 0, 0, 0, 
123, 1, 123, 122, -1, 133, 240, 12.0, 15, ABplappppa, 6005, 0, 0, 0, , 0, 0, 0, 0, 0, 
124, 1, 124, 123, -1, 84, 269, 12.0, 13, ABplappppp, 7544, 0, 0, 0, , 0, 0, 0, 0, 0, 
125, 0, 125, -1, -1, 103, 291, 10.0, 15, , 6772, 0, 0, 0, , 0, 0, 0, 0, 0, 
126, 0, 126, -1, -1, 84, 297, 10.0, 11, , 2038, 0, 0, 0, , 0, 0, 0, 0, 0, 
127, 1, 127, 126, -1, 216, 319, 12.0, 19, ABplappaaa, 26549, 0, 0, 0, , 0, 0, 0, 0, 0, 
128, 1, 128, 127, -1, 151, 338, 12.0, 17, ABplappapp, 8128, 0, 0, 0, , 0, 0, 0, 0, 0, 
129, 1, 129, 128, -1, 201, 341, 15.0, 15, ABplappapa, 6183, 0, 0, 0, , 0, 0, 0, 0, 0, 
130, 1, 130, 129, -1, 236, 309, 11.0, 17, ABplapaapp, 10027, 0, 0, 0, , 0, 0, 0, 0, 0, 
131, 1, 131, 130, -1, 226, 228, 10.0, 17, ABplapaapa, 16809, 0, 0, 0, , 0, 0, 0, 0, 0, 
132, 1, 132, 131, -1, 318, 281, 26.0, 14, ABarppaaaa, 3007, 0, 0, 0, , 0, 0, 0, 0, 0, 
133, 0, 133, -1, -1, 260, 306, 18.0, 19, , 4058, 0, 0, 0, , 0, 0, 0, 0, 0, 
134, 1, 134, 133, -1, 124, 322, 10.0, 15, ABplapapap, 6885, 0, 0, 0, , 0, 0, 0, 0, 0, 
135, 1, 135, 134, -1, 116, 302, 10.0, 15, ABplapappa, 5514, 0, 0, 0, , 0, 0, 0, 0, 0, 
136, 1, 136, 135, -1, 121, 343, 14.0, 19, ABplapapaa, 9816, 0, 0, 0, , 0, 0, 0, 0, 0, 
137, 1, 137, 136, -1, 230, 205, 17.0, 11, ABprpapaaap, 2447, 0, 0, 0, , 0, 0, 0, 0, 0, 
138, 1, 138, 137, -1, 134, 275, 14.0, 11, ABprpapappp, 1247, 0, 0, 0, , 0, 0, 0, 0, 0, 
139, 1, 139, 138, -1, 208, 217, 20.0, 13, ABprpapapaa, 4058, 0, 0, 0, , 0, 0, 0, 0, 0, 
140, 1, 140, 139, -1, 87, 281, 18.0, 15, Eplppa, 5240, 0, 0, 0, , 0, 0, 0, 0, 0, 
141, 1, 141, 140, -1, 94, 260, 21.0, 13, ABprpappppa, 8438, 0, 0, 0, , 0, 0, 0, 0, 0, 
142, 0, 142, -1, -1, 177, 265, 15.0, 13, , 2192, 0, 0, 0, , 0, 0, 0, 0, 0, 
143, 1, 143, 142, -1, 245, 219, 18.0, 11, ABprpappaap, 3724, 0, 0, 0, , 0, 0, 0, 0, 0, 
144, 1, 144, 143, -1, 291, 205, 20.0, 13, ABarapapapa, 5852, 0, 0, 0, , 0, 0, 0, 0, 0, 
145, 1, 145, 144, -1, 221, 178, 24.0, 13, ABprpaaaaap, 5759, 0, 0, 0, , 0, 0, 0, 0, 0, 
146, 1, 146, 145, -1, 232, 190, 25.0, 11, ABpraaappaa, 3089, 0, 0, 0, , 0, 0, 0, 0, 0, 
147, 1, 147, 146, -1, 185, 253, 16.0, 13, ABprpaaaapp, 4770, 0, 0, 0, , 0, 0, 0, 0, 0, 
148, 1, 148, 147, -1, 224, 204, 12.0, 15, ABprpaaaapa, 6700, 0, 0, 0, , 0, 0, 0, 0, 0, 
149, 1, 149, 148, -1, 258, 180, 25.0, 15, ABprpaaaaaa, 8185, 0, 0, 0, , 0, 0, 0, 0, 0, 
150, 1, 150, 149, -1, 252, 186, 17.0, 13, ABprpapaapp, 3915, 0, 0, 0, , 0, 0, 0, 0, 0, 
151, 1, 151, 150, -1, 242, 196, 16.0, 9, ABprpapaapa, 1959, 0, 0, 0, , 0, 0, 0, 0, 0, 
152, 1, 152, 151, -1, 255, 175, 20.0, 17, ABprpaaappp, 4395, 0, 0, 0, , 0, 0, 0, 0, 0, 
153, 1, 153, 152, -1, 278, 163, 18.0, 14, ABprpaaapap, 3850, 0, 0, 0, , 0, 0, 0, 0, 0, 
154, 1, 154, 153, -1, 207, 192, 29.0, 13, ABprpaapaap, 6145, 0, 0, 0, , 0, 0, 0, 0, 0, 
155, 1, 155, 154, -1, 303, 175, 31.0, 17, ABprpaapapa, 6501, 0, 0, 0, , 0, 0, 0, 0, 0, 
156, 0, 156, -1, -1, 268, 174, 18.0, 11, , 1795, 0, 0, 0, , 0, 0, 0, 0, 0, 
157, 1, 157, 156, -1, 209, 206, 27.0, 13, ABprpaappap, 3707, 0, 0, 0, , 0, 0, 0, 0, 0, 
158, 1, 158, 157, -1, 217, 193, 26.0, 13, ABprpaappaa, 4136, 0, 0, 0, , 0, 0, 0, 0, 0, 
159, 1, 159, 158, -1, 114, 256, 25.0, 17, ABprpppaapa, 7015, 0, 0, 0, , 0, 0, 0, 0, 0, 
160, 1, 160, 159, -1, 139, 275, 21.0, 17, ABprpppaaap, 6384, 0, 0, 0, , 0, 0, 0, 0, 0, 
161, 1, 161, 160, -1, 147, 258, 19.0, 13, ABprpppaaaa, 8684, 0, 0, 0, , 0, 0, 0, 0, 0, 
162, 1, 162, 161, -1, 121, 228, 22.0, 17, ABprpppapaa, 5565, 0, 0, 0, , 0, 0, 0, 0, 0, 
163, 1, 163, 162, -1, 136, 236, 18.0, 15, ABprppppapa, 4589, 0, 0, 0, , 0, 0, 0, 0, 0, 
164, 1, 164, 163, -1, 121, 238, 16.0, 13, ABprppppapp, 4968, 0, 0, 0, , 0, 0, 0, 0, 0, 
165, 1, 165, 164, -1, 125, 261, 22.0, 13, ABprppppaaa, 3849, 0, 0, 0, , 0, 0, 0, 0, 0, 
166, 1, 166, 165, -1, 110, 262, 22.0, 13, ABprppppaap, 4566, 0, 0, 0, , 0, 0, 0, 0, 0, 
167, 1, 167, 166, -1, 133, 276, 25.0, 13, ABprpppppaa, 4089, 0, 0, 0, , 0, 0, 0, 0, 0, 
168, 1, 168, 167, -1, 116, 277, 24.0, 15, ABprpppppap, 2444, 0, 0, 0, , 0, 0, 0, 0, 0, 
169, 1, 169, 168, -1, 208, 187, 23.0, 15, ABprppaapap, 3759, 0, 0, 0, , 0, 0, 0, 0, 0, 
170, 0, 170, -1, -1, 217, 173, 19.0, 11, , 2870, 0, 0, 0, , 0, 0, 0, 0, 0, 
171, 1, 171, 170, -1, 203, 220, 14.0, 13, ABprppaappa, 5031, 0, 0, 0, , 0, 0, 0, 0, 0, 
172, 1, 172, 171, -1, 144, 279, 17.0, 13, ABprppaappp, 4558, 0, 0, 0, , 0, 0, 0, 0, 0, 
173, 1, 173, 172, -1, 223, 170, 22.0, 15, ABprppaaaaa, 6094, 0, 0, 0, , 0, 0, 0, 0, 0, 
174, 1, 174, 694, -1, 193, 206, 24.0, 13, ABprppaaaapp, 4393, 0, 0, 0, , 0, 0, 0, 0, 0, 
175, 1, 175, 174, -1, 198, 190, 26.0, 13, ABprppaaaapa, 4001, 0, 0, 0, , 0, 0, 0, 0, 0, 
176, 1, 176, 175, -1, 191, 212, 16.0, 13, ABprppapaaa, 5055, 0, 0, 0, , 0, 0, 0, 0, 0, 
177, 1, 177, 176, -1, 202, 263, 17.0, 11, ABprppapaap, 4545, 0, 0, 0, , 0, 0, 0, 0, 0, 
178, 1, 178, 177, -1, 192, 265, 17.0, 13, ABprppappap, 2057, 0, 0, 0, , 0, 0, 0, 0, 0, 
179, 1, 179, 178, -1, 184, 268, 19.0, 15, ABprppapapa, 4033, 0, 0, 0, , 0, 0, 0, 0, 0, 
180, 1, 180, 179, -1, 161, 296, 20.0, 15, ABprppapapp, 5550, 0, 0, 0, , 0, 0, 0, 0, 0, 
181, 1, 181, 180, -1, 135, 278, 18.0, 13, ABprppapppp, 4070, 0, 0, 0, , 0, 0, 0, 0, 0, 
182, 1, 182, 181, -1, 192, 249, 18.0, 11, ABprppappaa, 3624, 0, 0, 0, , 0, 0, 0, 0, 0, 
183, 1, 183, 182, -1, 337, 201, 23.0, 13, ABpraapaaaa, 4095, 0, 0, 0, , 0, 0, 0, 0, 0, 
184, 1, 184, 183, -1, 324, 194, 33.0, 13, ABarpapaaap, 4367, 0, 0, 0, , 0, 0, 0, 0, 0, 
185, 1, 722, 184, -1, 281, 189, 32.0, 13, ABpraaapapa, 2669, 0, 0, 0, , 0, 0, 0, 0, 0, 
186, 1, 186, 185, -1, 231, 219, 29.0, 17, ABpraapapap, 14149, 0, 0, 0, , 0, 0, 0, 0, 0, 
187, 1, 187, 186, -1, 223, 218, 26.0, 13, ABpraapapaa, 3529, 0, 0, 0, , 0, 0, 0, 0, 0, 
188, 0, 188, -1, -1, 252, 159, 27.0, 11, , 1768, 0, 0, 0, , 0, 0, 0, 0, 0, 
189, 1, 189, 188, -1, 234, 218, 27.0, 11, ABpraapappa, 4502, 0, 0, 0, , 0, 0, 0, 0, 0, 
190, 1, 190, 189, -1, 191, 211, 30.0, 13, ABpraapppp, 1073, 0, 0, 0, , 0, 0, 0, 0, 0, 
191, 1, 191, 190, -1, 309, 171, 17.0, 13, ABpraappaa, 4005, 0, 0, 0, , 0, 0, 0, 0, 0, 
192, 1, 192, 191, -1, 252, 199, 25.0, 13, MSppapap, 4052, 0, 0, 0, , 0, 0, 0, 0, 0, 
193, 1, 193, 192, -1, 245, 208, 28.0, 11, ABpraaapaad, 1611, 0, 0, 0, , 0, 0, 0, 0, 0, 
194, 1, 721, 720, -1, 219, 206, 30.0, 11, ABpraaapppaa, 687, 0, 0, 0, , 0, 0, 0, 0, 0, 
195, 1, 195, 193, -1, 219, 209, 35.0, 13, ABpraaapppap, 2992, 0, 0, 0, , 0, 0, 0, 0, 0, 
196, 1, 196, 194, -1, 239, 172, 23.0, 15, ABpraaaaaaa, 4075, 0, 0, 0, , 0, 0, 0, 0, 0, 
197, 1, 197, 195, -1, 248, 166, 26.0, 11, ABalaappapa, 2034, 0, 0, 0, , 0, 0, 0, 0, 0, 
198, 1, 199, 196, -1, 139, 283, 31.0, 17, ABprappapp, 7428, 0, 0, 0, , 0, 0, 0, 0, 0, 
199, 1, 200, 197, -1, 168, 279, 34.0, 15, ABprappapa, 4698, 0, 0, 0, , 0, 0, 0, 0, 0, 
200, 1, 201, 198, -1, 160, 270, 30.0, 17, ABprappaap, 6706, 0, 0, 0, , 0, 0, 0, 0, 0, 
201, 1, 202, 199, -1, 178, 253, 28.0, 15, ABprappaaa, 7460, 0, 0, 0, , 0, 0, 0, 0, 0, 
202, 1, 203, 200, -1, 114, 246, 27.0, 17, ABprapppaaa, 4327, 0, 0, 0, , 0, 0, 0, 0, 0, 
203, 1, 204, 201, -1, 109, 232, 24.0, 11, ABprapppappa, 3064, 0, 0, 0, , 0, 0, 0, 0, 0, 
204, 0, 205, -1, -1, 89, 236, 23.0, 13, , 4248, 0, 0, 0, , 0, 0, 0, 0, 0, 
205, 1, 206, 203, -1, 85, 244, 23.0, 13, ABprappppp, 2536, 0, 0, 0, , 0, 0, 0, 0, 0, 
206, 0, 207, -1, -1, 126, 224, 13.0, 13, , 1173, 0, 0, 0, , 0, 0, 0, 0, 0, 
207, 1, 208, 205, -1, 209, 225, 27.0, 15, ABprapaaapa, 3952, 0, 0, 0, , 0, 0, 0, 0, 0, 
208, 1, 209, 206, -1, 208, 235, 30.0, 19, ABprapaaapp, 12292, 0, 0, 0, , 0, 0, 0, 0, 0, 
209, 1, 210, 207, -1, 185, 231, 28.0, 15, ABprapaapp, 6789, 0, 0, 0, , 0, 0, 0, 0, 0, 
210, 1, 211, 208, -1, 202, 194, 15.0, 15, ABprapaapa, 8790, 0, 0, 0, , 0, 0, 0, 0, 0, 
211, 1, 212, 209, -1, 132, 242, 28.0, 17, ABprapappa, 5862, 0, 0, 0, , 0, 0, 0, 0, 0, 
212, 1, 213, 210, -1, 77, 256, 23.0, 13, ABprapappppp, 2367, 0, 0, 0, , 0, 0, 0, 0, 0, 
213, 1, 214, 211, -1, 126, 266, 30.0, 15, ABprapapap, 6522, 0, 0, 0, , 0, 0, 0, 0, 0, 
214, 1, 215, 212, -1, 112, 282, 33.0, 15, ABprapapaa, 9454, 0, 0, 0, , 0, 0, 0, 0, 0, 
215, 1, 216, 213, -1, 279, 241, 35.0, 15, MSppppap, 2898, 0, 0, 0, , 0, 0, 0, 0, 0, 
216, 1, 217, 214, -1, 234, 205, 23.0, 13, MSppppaa, 1411, 0, 0, 0, , 0, 0, 0, 0, 0, 
217, 1, 218, 215, -1, 319, 237, 35.0, 17, MSpppppa, 12612, 0, 0, 0, , 0, 0, 0, 0, 0, 
218, 0, 219, -1, -1, 300, 259, 34.0, 13, , 3315, 0, 0, 0, , 0, 0, 0, 0, 0, 
219, 0, 220, -1, -1, 165, 284, 25.0, 11, , 642, 0, 0, 0, , 0, 0, 0, 0, 0, 
220, 1, 221, 218, -1, 237, 207, 19.0, 15, ABprpapaaaa, 5085, 0, 0, 0, , 0, 0, 0, 0, 0, 
221, 1, 222, 219, -1, 117, 290, 21.0, 15, MSppaapp, 4858, 0, 0, 0, , 0, 0, 0, 0, 0, 
222, 0, 223, -1, -1, 244, 201, 27.0, 13, , 1109, 0, 0, 0, , 0, 0, 0, 0, 0, 
223, 1, 224, 221, -1, 272, 206, 27.0, 11, MSppaaaad, 1783, 0, 0, 0, , 0, 0, 0, 0, 0, 
224, 1, 225, 222, -1, 265, 214, 25.0, 13, ABarapapaapa, 3972, 0, 0, 0, , 0, 0, 0, 0, 0, 
225, 1, 226, 223, -1, 210, 280, 26.0, 13, MSpapappp, 3675, 0, 0, 0, , 0, 0, 0, 0, 0, 
226, 1, 227, 224, -1, 206, 257, 23.0, 15, MSpapapaa, 3523, 0, 0, 0, , 0, 0, 0, 0, 0, 
227, 1, 228, 225, -1, 219, 233, 23.0, 13, MSpapaaap, 4258, 0, 0, 0, , 0, 0, 0, 0, 0, 
228, 1, 229, 226, -1, 168, 310, 14.0, 17, MSpappaa, 5021, 0, 0, 0, , 0, 0, 0, 0, 0, 
229, 1, 230, 227, -1, 177, 254, 21.0, 15, MSpappppa, 4157, 0, 0, 0, , 0, 0, 0, 0, 0, 
230, 1, 231, 228, -1, 168, 266, 23.0, 15, MSpappppp, 6031, 0, 0, 0, , 0, 0, 0, 0, 0, 
231, 1, 232, 229, -1, 261, 301, 31.0, 15, MSpaaappp, 7800, 0, 0, 0, , 0, 0, 0, 0, 0, 
232, 1, 233, 230, -1, 262, 303, 27.0, 15, MSpaaapaa, 5426, 0, 0, 0, , 0, 0, 0, 0, 0, 
233, 1, 234, 231, -1, 273, 260, 31.0, 13, MSpaaaapp, 3986, 0, 0, 0, , 0, 0, 0, 0, 0, 
234, 1, 235, 232, -1, 290, 278, 31.0, 15, MSpaaaaaa, 5746, 0, 0, 0, , 0, 0, 0, 0, 0, 
235, 1, 236, 233, -1, 260, 272, 29.0, 11, MSpaaaaap, 3235, 0, 0, 0, , 0, 0, 0, 0, 0, 
236, 1, 237, 234, -1, 229, 243, 27.0, 13, ABaraappppa, 5275, 0, 0, 0, , 0, 0, 0, 0, 0, 
237, 1, 238, 235, -1, 240, 253, 31.0, 15, ABaraapppap, 5431, 0, 0, 0, , 0, 0, 0, 0, 0, 
238, 1, 239, 236, -1, 255, 288, 29.0, 11, MSpaapaap, 2563, 0, 0, 0, , 0, 0, 0, 0, 0, 
239, 1, 240, 237, -1, 274, 283, 32.0, 15, MSpaaappa, 4654, 0, 0, 0, , 0, 0, 0, 0, 0, 
240, 1, 241, 238, -1, 246, 277, 31.0, 13, MSpaapaaa, 3416, 0, 0, 0, , 0, 0, 0, 0, 0, 
241, 1, 242, 239, -1, 305, 302, 26.0, 15, MSapppap, 3750, 0, 0, 0, , 0, 0, 0, 0, 0, 
242, 0, 243, -1, -1, 325, 262, 30.0, 9, , 656, 0, 0, 0, , 0, 0, 0, 0, 0, 
243, 1, 244, 241, -1, 313, 278, 32.0, 17, MSappaaa, 6619, 0, 0, 0, , 0, 0, 0, 0, 0, 
244, 1, 245, 242, -1, 283, 297, 25.0, 15, ABaraapaapp, 7912, 0, 0, 0, , 0, 0, 0, 0, 0, 
245, 0, 246, -1, -1, 357, 255, 30.0, 13, , 3247, 0, 0, 0, , 0, 0, 0, 0, 0, 
246, 1, 247, 244, -1, 133, 297, 21.0, 15, MSapaapp, 9719, 0, 0, 0, , 0, 0, 0, 0, 0, 
247, 1, 248, 245, -1, 314, 260, 21.0, 13, MSapaaaa, 3026, 0, 0, 0, , 0, 0, 0, 0, 0, 
248, 1, 249, 246, -1, 273, 274, 28.0, 13, MSaaaaapap, 2852, 0, 0, 0, , 0, 0, 0, 0, 0, 
249, 0, 250, -1, -1, 280, 261, 25.0, 15, , 909, 0, 0, 0, , 0, 0, 0, 0, 0, 
250, 1, 251, 248, -1, 327, 257, 25.0, 13, MSaaaaaal, 4787, 0, 0, 0, , 0, 0, 0, 0, 0, 
251, 1, 252, 249, -1, 275, 299, 32.0, 15, MSaaaapaa, 4422, 0, 0, 0, , 0, 0, 0, 0, 0, 
252, 1, 253, 250, -1, 284, 296, 28.0, 13, MSaaaapap, 4720, 0, 0, 0, , 0, 0, 0, 0, 0, 
253, 1, 254, 251, -1, 247, 304, 28.0, 13, MSaaaappa, 3957, 0, 0, 0, , 0, 0, 0, 0, 0, 
254, 1, 255, 252, -1, 242, 305, 30.0, 14, MSpaaapap, 4249, 0, 0, 0, , 0, 0, 0, 0, 0, 
255, 1, 256, 253, -1, 254, 308, 24.0, 13, MSaaapapa, 2451, 0, 0, 0, , 0, 0, 0, 0, 0, 
256, 1, 257, 254, -1, 232, 298, 23.0, 13, MSaaapapp, 3541, 0, 0, 0, , 0, 0, 0, 0, 0, 
257, 1, 258, 255, -1, 230, 311, 26.0, 11, MSaaappa, 2310, 0, 0, 0, , 0, 0, 0, 0, 0, 
258, 1, 259, 256, -1, 241, 323, 29.0, 13, MSaaappp, 2698, 0, 0, 0, , 0, 0, 0, 0, 0, 
259, 1, 260, 257, -1, 200, 288, 12.0, 13, MSaappppa, 3453, 0, 0, 0, , 0, 0, 0, 0, 0, 
260, 1, 261, 258, -1, 186, 300, 13.0, 13, MSaappppp, 2817, 0, 0, 0, , 0, 0, 0, 0, 0, 
261, 1, 262, 259, -1, 236, 264, 17.0, 11, MSaapaaap, 2676, 0, 0, 0, , 0, 0, 0, 0, 0, 
262, 1, 263, 260, -1, 252, 253, 19.0, 13, MSaapaaaa, 1766, 0, 0, 0, , 0, 0, 0, 0, 0, 
263, 1, 264, 261, -1, 220, 286, 20.0, 13, MSaapappp, 3187, 0, 0, 0, , 0, 0, 0, 0, 0, 
264, 1, 265, 262, -1, 256, 300, 21.0, 11, MSaapappa, 2378, 0, 0, 0, , 0, 0, 0, 0, 0, 
265, 1, 266, 263, -1, 230, 279, 18.0, 11, MSaapapaa, 3082, 0, 0, 0, , 0, 0, 0, 0, 0, 
266, 1, 267, 264, -1, 238, 283, 21.0, 13, MSaapapap, 3518, 0, 0, 0, , 0, 0, 0, 0, 0, 
267, 1, 268, 265, -1, 96, 318, 23.0, 15, Eplpa, 19997, 0, 0, 0, , 0, 0, 0, 0, 0, 
268, 1, 269, 266, -1, 80, 337, 17.0, 17, Cappapa, 4646, 0, 0, 0, , 0, 0, 0, 0, 0, 
269, 1, 270, 267, -1, 68, 315, 16.0, 15, Cappapp, 5575, 0, 0, 0, , 0, 0, 0, 0, 0, 
270, 1, 271, 268, -1, 212, 354, 24.0, 19, Cappaaa, 6529, 0, 0, 0, , 0, 0, 0, 0, 0, 
271, 1, 272, 269, -1, 65, 328, 20.0, 15, Capppap, 3903, 0, 0, 0, , 0, 0, 0, 0, 0, 
272, 1, 273, 270, -1, 110, 366, 23.0, 14, Capppaa, 4916, 0, 0, 0, , 0, 0, 0, 0, 0, 
273, 1, 274, 271, -1, 109, 362, 20.0, 15, Capapap, 6218, 0, 0, 0, , 0, 0, 0, 0, 0, 
274, 1, 275, 272, -1, 131, 279, 11.0, 15, Capappp, 14295, 0, 0, 0, , 0, 0, 0, 0, 0, 
275, 1, 276, 273, -1, 136, 304, 12.0, 15, Capappa, 7530, 0, 0, 0, , 0, 0, 0, 0, 0, 
276, 1, 277, 274, -1, 198, 309, 12.0, 13, Capaaap, 4308, 0, 0, 0, , 0, 0, 0, 0, 0, 
277, 1, 278, 275, -1, 216, 292, 12.0, 15, Capaaaa, 6706, 0, 0, 0, , 0, 0, 0, 0, 0, 
278, 1, 279, 276, -1, 89, 234, 16.0, 13, ABprppppppp, 3544, 0, 0, 0, , 0, 0, 0, 0, 0, 
279, 1, 280, 277, -1, 81, 246, 19.0, 13, Caappv, 4734, 0, 0, 0, , 0, 0, 0, 0, 0, 
280, 1, 281, 278, -1, 74, 264, 14.0, 15, Cpappv, 3870, 0, 0, 0, , 0, 0, 0, 0, 0, 
281, 1, 282, 279, -1, 166, 278, 26.0, 17, Cppaapa, 4833, 0, 0, 0, , 0, 0, 0, 0, 0, 
282, 1, 283, 280, -1, 175, 256, 25.0, 13, Cppaaap, 5705, 0, 0, 0, , 0, 0, 0, 0, 0, 
283, 1, 284, 281, -1, 181, 239, 24.0, 15, Cppaaaa, 4996, 0, 0, 0, , 0, 0, 0, 0, 0, 
284, 1, 285, 282, -1, 139, 244, 23.0, 15, Cppappp, 6478, 0, 0, 0, , 0, 0, 0, 0, 0, 
285, 1, 286, 283, -1, 129, 261, 25.0, 13, Cppappa, 6279, 0, 0, 0, , 0, 0, 0, 0, 0, 
286, 1, 287, 284, -1, 177, 344, 34.0, 17, Cpppaap, 6745, 0, 0, 0, , 0, 0, 0, 0, 0, 
287, 1, 288, 285, -1, 218, 302, 34.0, 17, Cpppaaa, 9268, 0, 0, 0, , 0, 0, 0, 0, 0, 
288, 1, 289, 286, -1, 72, 285, 28.0, 17, Cpppapp, 4403, 0, 0, 0, , 0, 0, 0, 0, 0, 
289, 1, 290, 287, -1, 250, 247, 13.0, 15, Daapa, 6173, 0, 0, 0, , 0, 0, 0, 0, 0, 
290, 1, 291, 288, -1, 237, 250, 11.0, 15, Daapp, 5380, 0, 0, 0, , 0, 0, 0, 0, 0, 
291, 0, 292, -1, -1, 254, 306, 17.0, 13, , 2884, 0, 0, 0, , 0, 0, 0, 0, 0, 
292, 1, 293, 290, -1, 288, 316, 29.0, 14, Dappaa, 3145, 0, 0, 0, , 0, 0, 0, 0, 0, 
293, 1, 294, 291, -1, 280, 319, 25.0, 19, Daaap, 4398, 0, 0, 0, , 0, 0, 0, 0, 0, 
294, 1, 295, 292, -1, 202, 197, 19.0, 15, Dpapp, 5507, 0, 0, 0, , 0, 0, 0, 0, 0, 
295, 1, 296, 293, -1, 219, 190, 20.0, 17, Dpapa, 14693, 0, 0, 0, , 0, 0, 0, 0, 0, 
296, 1, 297, 294, -1, 224, 212, 21.0, 17, ABprpappapa, 4342, 0, 0, 0, , 0, 0, 0, 0, 0, 
297, 1, 298, 295, -1, 237, 315, 34.0, 15, Dppppa, 4712, 0, 0, 0, , 0, 0, 0, 0, 0, 
298, 1, 299, 296, -1, 251, 296, 34.0, 15, Dpppap, 2533, 0, 0, 0, , 0, 0, 0, 0, 0, 
299, 1, 300, 297, -1, 274, 271, 36.0, 17, Dpppaa, 2611, 0, 0, 0, , 0, 0, 0, 0, 0, 
300, 1, 301, 298, -1, 197, 228, 24.0, 17, Dppaa, 5170, 0, 0, 0, , 0, 0, 0, 0, 0, 
301, 1, 302, 299, -1, 233, 281, 34.0, 17, Dppap, 5145, 0, 0, 0, , 0, 0, 0, 0, 0, 
302, 0, 303, -1, -1, 381, 245, 24.0, 15, , 5678, 0, 0, 0, , 0, 0, 0, 0, 0, 
303, 1, 304, 301, -1, 287, 278, 18.0, 11, ABplaapappa, 2345, 0, 0, 0, , 0, 0, 0, 0, 0, 
304, 1, 305, 302, -1, 285, 307, 12.0, 11, ABalppppppap, 2743, 0, 0, 0, , 0, 0, 0, 0, 0, 
305, 1, 306, 303, -1, 356, 230, 14.0, 17, ABplaaapap, 5251, 0, 0, 0, , 0, 0, 0, 0, 0, 
306, 1, 307, 304, -1, 292, 255, 12.0, 11, ABalpppaaaa, 2791, 0, 0, 0, , 0, 0, 0, 0, 0, 
307, 1, 308, 305, -1, 317, 214, 16.0, 13, ABalpppaaap, 2566, 0, 0, 0, , 0, 0, 0, 0, 0, 
308, 1, 309, 306, -1, 340, 236, 11.0, 13, ABalpppaapd, 4384, 0, 0, 0, , 0, 0, 0, 0, 0, 
309, 1, 310, 307, -1, 335, 230, 17.0, 11, ABalpppaapv, 3079, 0, 0, 0, , 0, 0, 0, 0, 0, 
310, 1, 311, 308, -1, 291, 266, 13.0, 13, ABalpppapad, 2014, 0, 0, 0, , 0, 0, 0, 0, 0, 
311, 1, 312, 309, -1, 303, 242, 11.0, 13, ABalpppapav, 4590, 0, 0, 0, , 0, 0, 0, 0, 0, 
312, 1, 313, 310, -1, 324, 217, 13.0, 11, ABalppaaapp, 5073, 0, 0, 0, , 0, 0, 0, 0, 0, 
313, 1, 314, 311, -1, 277, 269, 12.0, 15, ABplpaaaaap, 5999, 0, 0, 0, , 0, 0, 0, 0, 0, 
314, 1, 315, 312, -1, 284, 210, 14.0, 13, ABalppapppa, 4700, 0, 0, 0, , 0, 0, 0, 0, 0, 
315, 0, 316, -1, -1, 308, 279, 17.0, 13, , 5123, 0, 0, 0, , 0, 0, 0, 0, 0, 
316, 1, 317, 314, -1, 254, 212, 15.0, 15, ABalpapapaa, 6391, 0, 0, 0, , 0, 0, 0, 0, 0, 
317, 0, 318, -1, -1, 319, 212, 11.0, 13, , 3748, 0, 0, 0, , 0, 0, 0, 0, 0, 
318, 1, 319, 316, -1, 316, 184, 14.0, 13, ABplaappaa, 3391, 0, 0, 0, , 0, 0, 0, 0, 0, 
319, 1, 320, 317, -1, 315, 247, 16.0, 11, ABalppapaaa, 3997, 0, 0, 0, , 0, 0, 0, 0, 0, 
320, 1, 321, 318, -1, 308, 184, 16.0, 11, ABalpapaapp, 3669, 0, 0, 0, , 0, 0, 0, 0, 0, 
321, 0, 322, -1, -1, 265, 220, 11.0, 11, , 4424, 0, 0, 0, , 0, 0, 0, 0, 0, 
322, 1, 323, 320, -1, 286, 233, 18.0, 11, ABalpaaaapa, 4871, 0, 0, 0, , 0, 0, 0, 0, 0, 
323, 1, 324, 321, -1, 275, 240, 17.0, 11, ABalpaaaaap, 2690, 0, 0, 0, , 0, 0, 0, 0, 0, 
324, 0, 325, -1, -1, 254, 240, 23.0, 13, , 4856, 0, 0, 0, , 0, 0, 0, 0, 0, 
325, 1, 326, 323, -1, 301, 262, 18.0, 11, MSapapap, 3314, 0, 0, 0, , 0, 0, 0, 0, 0, 
326, 1, 327, 324, -1, 299, 278, 24.0, 15, ABalpaapapa, 11529, 0, 0, 0, , 0, 0, 0, 0, 0, 
327, 1, 328, 325, -1, 264, 234, 19.0, 13, ABalpaaaapp, 8211, 0, 0, 0, , 0, 0, 0, 0, 0, 
328, 1, 329, 326, -1, 301, 223, 20.0, 13, ABalpaaaaaa, 6404, 0, 0, 0, , 0, 0, 0, 0, 0, 
329, 1, 330, 327, -1, 272, 251, 21.0, 13, ABalpappppp, 3376, 0, 0, 0, , 0, 0, 0, 0, 0, 
330, 1, 331, 328, -1, 335, 228, 19.0, 13, ABalpaapppa, 5199, 0, 0, 0, , 0, 0, 0, 0, 0, 
331, 1, 332, 329, -1, 352, 236, 19.0, 17, ABalpaapppp, 8448, 0, 0, 0, , 0, 0, 0, 0, 0, 
332, 1, 333, 330, -1, 328, 206, 21.0, 13, ABalpaappaa, 4243, 0, 0, 0, , 0, 0, 0, 0, 0, 
333, 0, 334, -1, -1, 308, 239, 23.0, 13, , 3049, 0, 0, 0, , 0, 0, 0, 0, 0, 
334, 0, 335, -1, -1, 274, 232, 15.0, 13, , 5406, 0, 0, 0, , 0, 0, 0, 0, 0, 
335, 1, 336, 333, -1, 136, 345, 24.0, 13, Ealpp, 1227, 0, 0, 0, , 0, 0, 0, 0, 0, 
336, 1, 337, 334, -1, 201, 308, 21.0, 19, Ealpa, 20796, 0, 0, 0, , 0, 0, 0, 0, 0, 
337, 1, 338, 335, -1, 250, 339, 25.0, 17, Dapap, 5351, 0, 0, 0, , 0, 0, 0, 0, 0, 
338, 1, 339, 336, -1, 232, 284, 13.0, 13, Dapaa, 7722, 0, 0, 0, , 0, 0, 0, 0, 0, 
339, 1, 340, 337, -1, 242, 296, 20.0, 15, MSaapaapp, 4517, 0, 0, 0, , 0, 0, 0, 0, 0, 
340, 1, 341, 338, -1, 243, 277, 18.0, 9, MSaapaapaa, 645, 0, 0, 0, , 0, 0, 0, 0, 0, 
341, 1, 342, 339, -1, 243, 290, 17.0, 11, MSaapaapap, 2529, 0, 0, 0, , 0, 0, 0, 0, 0, 
342, 1, 343, 340, -1, 215, 256, 33.0, 17, ABarpppapp, 7454, 0, 0, 0, , 0, 0, 0, 0, 0, 
343, 1, 344, 341, -1, 260, 272, 12.0, 13, ABplppaapap, 5254, 0, 0, 0, , 0, 0, 0, 0, 0, 
344, 0, 345, -1, -1, 264, 252, 9.0, 7, , 264, 0, 0, 0, , 0, 0, 0, 0, 0, 
345, 1, 346, 343, -1, 336, 256, 22.0, 15, ABalaaaalar, 5140, 0, 0, 0, , 0, 0, 0, 0, 0, 
346, 1, 347, 344, -1, 327, 249, 18.0, 13, ABalapaappp, 2218, 0, 0, 0, , 0, 0, 0, 0, 0, 
347, 1, 348, 345, -1, 274, 201, 34.0, 15, ABalaaapprr, 3595, 0, 0, 0, , 0, 0, 0, 0, 0, 
348, 1, 349, 346, -1, 296, 175, 24.0, 13, ABalaaapprl, 3302, 0, 0, 0, , 0, 0, 0, 0, 0, 
349, 1, 350, 347, -1, 119, 355, 31.0, 13, Cppppaa, 1556, 0, 0, 0, , 0, 0, 0, 0, 0, 
350, 0, 351, -1, -1, 111, 351, 31.0, 13, , 3212, 0, 0, 0, , 0, 0, 0, 0, 0, 
351, 1, 352, 349, -1, 75, 323, 28.0, 17, Cppppap, 5616, 0, 0, 0, , 0, 0, 0, 0, 0, 
352, 0, 353, -1, -1, 117, 229, 12.0, 15, , 7533, 0, 0, 0, , 0, 0, 0, 0, 0, 
353, 0, 354, -1, -1, 321, 182, 33.0, 9, , 593, 0, 0, 0, , 0, 0, 0, 0, 0, 
354, 0, 355, -1, -1, 119, 342, 27.0, 15, , 4421, 0, 0, 0, , 0, 0, 0, 0, 0, 
355, 0, 356, -1, -1, 109, 342, 21.0, 21, , 7563, 0, 0, 0, , 0, 0, 0, 0, 0, 
356, 1, 357, 353, -1, 217, 247, 11.0, 15, ABplppapaaa, 6417, 0, 0, 0, , 0, 0, 0, 0, 0, 
357, 1, 358, 354, -1, 329, 291, 24.0, 15, ABalaaaalal, 4205, 0, 0, 0, , 0, 0, 0, 0, 0, 
358, 0, 359, -1, -1, 270, 172, 19.0, 11, , 1783, 0, 0, 0, , 0, 0, 0, 0, 0, 
359, 1, 360, 356, -1, 167, 282, 23.0, 13, MSpappap, 3708, 0, 0, 0, , 0, 0, 0, 0, 0, 
360, 1, 361, 357, -1, 231, 276, 31.0, 14, MSpaapapa, 5366, 0, 0, 0, , 0, 0, 0, 0, 0, 
361, 1, 362, 358, -1, 68, 273, 23.0, 15, Cpppppd, 5906, 0, 0, 0, , 0, 0, 0, 0, 0, 
362, 1, 363, 359, -1, 308, 305, 20.0, 11, ABplapaaaaa, 3569, 0, 0, 0, , 0, 0, 0, 0, 0, 
363, 1, 364, 360, -1, 212, 278, 22.0, 13, MSaappaa, 4284, 0, 0, 0, , 0, 0, 0, 0, 0, 
364, 1, 365, 361, -1, 324, 245, 12.0, 13, ABalaaaalpa, 2880, 0, 0, 0, , 0, 0, 0, 0, 0, 
365, 1, 366, 693, -1, 342, 227, 21.0, 17, ABalaaaparr, 4017, 0, 0, 0, , 0, 0, 0, 0, 0, 
366, 1, 367, 363, -1, 366, 225, 21.0, 15, ABplaaaaaaa, 3372, 0, 0, 0, , 0, 0, 0, 0, 0, 
367, 1, 368, 364, -1, 269, 269, 20.0, 11, ABalpaaappp, 3422, 0, 0, 0, , 0, 0, 0, 0, 0, 
368, 0, 369, -1, -1, 284, 261, 19.0, 15, , 9054, 0, 0, 0, , 0, 0, 0, 0, 0, 
369, 1, 370, 366, -1, 206, 292, 17.0, 19, Ealaad, 21659, 0, 0, 0, , 0, 0, 0, 0, 0, 
370, 0, -1, -1, -1, 229, 211, 20.0, 11, , 1144, 0, 0, 0, , 0, 0, 0, 0, 0, 
371, 1, 372, 367, -1, 163, 370, 26.0, 19, Cappaap, 9199, 0, 0, 0, , 0, 0, 0, 0, 0, 
372, 1, 373, 368, -1, 301, 202, 20.0, 11, ABarappaapp, 7302, 0, 0, 0, , 0, 0, 0, 0, 0, 
373, 1, 374, 369, -1, 218, 268, 28.0, 15, MSpapaapp, 4142, 0, 0, 0, , 0, 0, 0, 0, 0, 
374, 1, 375, 370, -1, 214, 244, 26.0, 11, MSpapaapaa, 1931, 0, 0, 0, , 0, 0, 0, 0, 0, 
375, 1, 376, 371, -1, 212, 255, 26.0, 11, MSpapaapap, 2201, 0, 0, 0, , 0, 0, 0, 0, 0, 
376, 1, 377, 372, -1, 269, 179, 31.0, 13, ABpraapaapp, 4782, 0, 0, 0, , 0, 0, 0, 0, 0, 
377, 0, 378, -1, -1, 255, 184, 34.0, 11, , 1694, 0, 0, 0, , 0, 0, 0, 0, 0, 
378, 1, 379, 374, -1, 333, 188, 27.0, 11, ABalaaapplr, 3187, 0, 0, 0, , 0, 0, 0, 0, 0, 
379, 1, 380, 375, -1, 313, 291, 30.0, 15, MSappppp, 3737, 0, 0, 0, , 0, 0, 0, 0, 0, 
380, 1, 381, 376, -1, 296, 280, 22.0, 15, ABalpaapapp, 6293, 0, 0, 0, , 0, 0, 0, 0, 0, 
381, 0, 382, -1, -1, 250, 226, 22.0, 9, , 1655, 0, 0, 0, , 0, 0, 0, 0, 0, 
382, 1, 383, 378, -1, 190, 218, 20.0, 13, MSpapppaa, 6224, 0, 0, 0, , 0, 0, 0, 0, 0, 
383, 0, 384, -1, -1, 198, 249, 21.0, 9, , 926, 0, 0, 0, , 0, 0, 0, 0, 0, 
384, 1, 385, 380, -1, 266, 199, 30.0, 13, ABprpaapaaa, 5985, 0, 0, 0, , 0, 0, 0, 0, 0, 
385, 1, 386, 381, -1, 289, 282, 11.0, 13, ABalpppppppp, 3891, 0, 0, 0, , 0, 0, 0, 0, 0, 
386, 1, 387, 382, -1, 100, 234, 11.0, 11, Caapap, 6880, 0, 0, 0, , 0, 0, 0, 0, 0, 
387, 1, 388, 383, -1, 339, 208, 27.0, 13, ABarpaaaaal, 4620, 0, 0, 0, , 0, 0, 0, 0, 0, 
388, 1, 389, 384, -1, 100, 242, 17.0, 13, ABprppppppa, 3660, 0, 0, 0, , 0, 0, 0, 0, 0, 
389, 0, 390, -1, -1, 253, 172, 18.0, 17, , 5433, 0, 0, 0, , 0, 0, 0, 0, 0, 
390, 1, 391, 386, -1, 316, 285, 27.0, 11, MSapappa, 2671, 0, 0, 0, , 0, 0, 0, 0, 0, 
391, 1, 392, 387, -1, 330, 217, 33.0, 21, MSppappp, 4087, 0, 0, 0, , 0, 0, 0, 0, 0, 
392, 1, 393, 388, -1, 105, 259, 12.0, 13, Cappppd, 4018, 0, 0, 0, , 0, 0, 0, 0, 0, 
393, 1, 394, 389, -1, 241, 294, 28.0, 13, MSaaaappp, 4488, 0, 0, 0, , 0, 0, 0, 0, 0, 
394, 1, 395, 390, -1, 92, 312, 11.0, 11, ABplapppaap, 4747, 0, 0, 0, , 0, 0, 0, 0, 0, 
395, 1, 396, 391, -1, 218, 268, 25.0, 13, MSpapapap, 7090, 0, 0, 0, , 0, 0, 0, 0, 0, 
396, 1, 397, 392, -1, 176, 323, 13.0, 13, Capaapa, 5221, 0, 0, 0, , 0, 0, 0, 0, 0, 
397, 0, 398, -1, -1, 222, 315, 31.0, 17, , 3903, 0, 0, 0, , 0, 0, 0, 0, 0, 
398, 1, 399, 393, -1, 222, 178, 29.0, 13, ABpraaappppp, 3212, 0, 0, 0, , 0, 0, 0, 0, 0, 
399, 0, 400, -1, -1, 303, 291, 13.0, 17, , 2524, 0, 0, 0, , 0, 0, 0, 0, 0, 
400, 1, 401, 395, -1, 320, 271, 17.0, 13, ABplpaapaaa, 6443, 0, 0, 0, , 0, 0, 0, 0, 0, 
401, 1, 402, 396, -1, 289, 222, 31.0, 13, MSppaaap, 4268, 0, 0, 0, , 0, 0, 0, 0, 0, 
402, 1, 403, 397, -1, 220, 254, 19.0, 14, ABarapapapp, 6288, 0, 0, 0, , 0, 0, 0, 0, 0, 
403, 1, 404, 398, -1, 67, 276, 18.0, 11, Cappppv, 2220, 0, 0, 0, , 0, 0, 0, 0, 0, 
404, 1, 405, 399, -1, 214, 273, 12.0, 13, MSaapppap, 2920, 0, 0, 0, , 0, 0, 0, 0, 0, 
405, 0, 406, -1, -1, 261, 305, 18.0, 13, , 1948, 0, 0, 0, , 0, 0, 0, 0, 0, 
406, 0, 407, -1, -1, 249, 235, 25.0, 13, , 5543, 0, 0, 0, , 0, 0, 0, 0, 0, 
407, 1, 408, 402, -1, 227, 266, 13.0, 13, MSaapppaa, 1788, 0, 0, 0, , 0, 0, 0, 0, 0, 
408, 1, 409, 403, -1, 198, 242, 13.0, 13, ABarappappa, 6692, 0, 0, 0, , 0, 0, 0, 0, 0, 
409, 1, 410, 404, -1, 311, 227, 20.0, 13, ABaraaaaaaa, 2610, 0, 0, 0, , 0, 0, 0, 0, 0, 
410, 0, 411, -1, -1, 176, 318, 23.0, 15, , 1986, 0, 0, 0, , 0, 0, 0, 0, 0, 
411, 1, 412, 406, -1, 190, 249, 14.0, 17, ABplpaaaapp, 6310, 0, 0, 0, , 0, 0, 0, 0, 0, 
412, 0, 413, -1, -1, 261, 298, 16.0, 15, , 1699, 0, 0, 0, , 0, 0, 0, 0, 0, 
413, 1, 414, 408, -1, 253, 243, 20.0, 13, ABalpappppa, 3450, 0, 0, 0, , 0, 0, 0, 0, 0, 
414, 0, 415, -1, -1, 242, 176, 15.0, 11, , 2282, 0, 0, 0, , 0, 0, 0, 0, 0, 
415, 1, 416, 410, -1, 93, 262, 18.0, 13, ABprpappppp, 4931, 0, 0, 0, , 0, 0, 0, 0, 0, 
416, 1, 417, 411, -1, 247, 225, 11.0, 15, ABalpapappp, 20514, 0, 0, 0, , 0, 0, 0, 0, 0, 
417, 0, 418, -1, -1, 89, 303, 26.0, 15, , 9081, 0, 0, 0, , 0, 0, 0, 0, 0, 
418, 1, 419, 413, -1, 320, 277, 14.0, 11, ABalpppapppa, 1557, 0, 0, 0, , 0, 0, 0, 0, 0, 
419, 1, 420, 414, -1, 347, 218, 31.0, 9, ABalapppapp, 989, 0, 0, 0, , 0, 0, 0, 0, 0, 
420, 0, 421, -1, -1, 299, 197, 12.0, 15, , 4613, 0, 0, 0, , 0, 0, 0, 0, 0, 
421, 1, 422, 539, -1, 238, 187, 20.0, 13, MSpppapp, 2280, 0, 0, 0, , 0, 0, 0, 0, 0, 
422, 0, 423, -1, -1, 299, 260, 16.0, 13, , 2736, 0, 0, 0, , 0, 0, 0, 0, 0, 
423, 1, 424, 418, -1, 308, 248, 29.0, 13, ABaraappaaa, 3933, 0, 0, 0, , 0, 0, 0, 0, 0, 
424, 1, 425, 419, -1, 290, 284, 16.0, 13, ABalpppppap, 2726, 0, 0, 0, , 0, 0, 0, 0, 0, 
425, 1, 426, 420, -1, 310, 232, 15.0, 11, ABalppappap, 3495, 0, 0, 0, , 0, 0, 0, 0, 0, 
426, 0, 427, -1, -1, 332, 280, 23.0, 13, , 3428, 0, 0, 0, , 0, 0, 0, 0, 0, 
427, 1, 428, 422, -1, 280, 260, 10.0, 17, ABplppaaaaa, 6547, 0, 0, 0, , 0, 0, 0, 0, 0, 
428, 1, 429, 423, -1, 270, 213, 22.0, 13, ABarapaaapa, 6930, 0, 0, 0, , 0, 0, 0, 0, 0, 
429, 1, 430, 424, -1, 298, 236, 27.0, 13, ABaraappaap, 5050, 0, 0, 0, , 0, 0, 0, 0, 0, 
430, 0, -1, -1, -1, 270, 243, 35.0, 13, , 1790, 0, 0, 0, , 0, 0, 0, 0, 0, 
431, 0, 432, -1, -1, 202, 310, 29.0, 17, , 3567, 0, 0, 0, , 0, 0, 0, 0, 0, 
432, 1, 433, 427, -1, 320, 229, 18.0, 15, ABalpapaaaa, 9983, 0, 0, 0, , 0, 0, 0, 0, 0, 
433, 1, 434, 428, -1, 82, 258, 29.0, 13, Caappd, 2737, 0, 0, 0, , 0, 0, 0, 0, 0, 
434, 0, 435, -1, -1, 246, 247, 27.0, 13, , 4127, 0, 0, 0, , 0, 0, 0, 0, 0, 
435, 1, 436, 430, -1, 269, 222, 33.0, 13, ABarpppaaa, 4338, 0, 0, 0, , 0, 0, 0, 0, 0, 
436, 0, 437, -1, -1, 110, 341, 23.0, 19, , 10882, 0, 0, 0, , 0, 0, 0, 0, 0, 
437, 0, 438, -1, -1, 174, 331, 27.0, 17, , 2365, 0, 0, 0, , 0, 0, 0, 0, 0, 
438, 0, 439, -1, -1, 334, 253, 20.0, 11, , 2180, 0, 0, 0, , 0, 0, 0, 0, 0, 
439, 1, 440, 433, -1, 286, 215, 36.0, 13, ABalappapap, 3586, 0, 0, 0, , 0, 0, 0, 0, 0, 
440, 1, 441, 434, -1, 318, 234, 10.0, 13, ABplaappap, 4098, 0, 0, 0, , 0, 0, 0, 0, 0, 
441, 0, 442, -1, -1, 239, 161, 19.0, 11, , 1983, 0, 0, 0, , 0, 0, 0, 0, 0, 
442, 1, 443, 436, -1, 213, 228, 12.0, 11, ABplppaappa, 4074, 0, 0, 0, , 0, 0, 0, 0, 0, 
443, 1, 444, 437, -1, 222, 186, 15.0, 11, ABarappappp, 11090, 0, 0, 0, , 0, 0, 0, 0, 0, 
444, 1, 445, 438, -1, 95, 344, 15.0, 15, Cpapap, 5547, 0, 0, 0, , 0, 0, 0, 0, 0, 
445, 1, 446, 439, -1, 238, 209, 14.0, 15, ABplpaaaapa, 6677, 0, 0, 0, , 0, 0, 0, 0, 0, 
446, 1, 447, 440, -1, 311, 205, 11.0, 15, ABplpaaapap, 7223, 0, 0, 0, , 0, 0, 0, 0, 0, 
447, 1, 448, 441, -1, 266, 279, 22.0, 17, ABaraapapaa, 10506, 0, 0, 0, , 0, 0, 0, 0, 0, 
448, 1, 449, 442, -1, 349, 255, 27.0, 15, MSapappp, 10251, 0, 0, 0, , 0, 0, 0, 0, 0, 
449, 1, 450, 443, -1, 125, 234, 25.0, 17, ABprpppaapp, 9906, 0, 0, 0, , 0, 0, 0, 0, 0, 
450, 1, 451, 444, -1, 132, 261, 12.0, 13, ABplppppapa, 3868, 0, 0, 0, , 0, 0, 0, 0, 0, 
451, 1, 452, 445, -1, 191, 232, 16.0, 13, ABprpapppap, 3656, 0, 0, 0, , 0, 0, 0, 0, 0, 
452, 0, 453, -1, -1, 205, 319, 27.0, 14, , 1557, 0, 0, 0, , 0, 0, 0, 0, 0, 
453, 0, 790, -1, -1, 260, 208, 33.0, 13, , 2710, 0, 0, 0, , 0, 0, 0, 0, 0, 
454, 0, 455, -1, -1, 211, 222, 17.0, 11, , 1832, 0, 0, 0, , 0, 0, 0, 0, 0, 
455, 0, 456, -1, -1, 322, 221, 22.0, 13, , 3905, 0, 0, 0, , 0, 0, 0, 0, 0, 
456, 0, 457, -1, -1, 345, 248, 31.0, 9, , 1340, 0, 0, 0, , 0, 0, 0, 0, 0, 
457, 0, 458, -1, -1, 246, 195, 29.0, 11, , 2768, 0, 0, 0, , 0, 0, 0, 0, 0, 
458, 1, 459, 452, -1, 261, 300, 11.0, 14, ABplaapppp, 2735, 0, 0, 0, , 0, 0, 0, 0, 0, 
459, 0, 460, -1, -1, 284, 251, 32.0, 15, , 6919, 0, 0, 0, , 0, 0, 0, 0, 0, 
460, 1, 461, 454, -1, 173, 341, 26.0, 21, Epraa, 19031, 0, 0, 0, , 0, 0, 0, 0, 0, 
461, 1, 462, 455, -1, 328, 270, 20.0, 11, ABalaaapall, 1911, 0, 0, 0, , 0, 0, 0, 0, 0, 
462, 1, 463, 456, -1, 262, 227, 29.0, 15, ABarapaappa, 6643, 0, 0, 0, , 0, 0, 0, 0, 0, 
463, 0, 464, -1, -1, 320, 175, 26.0, 11, , 3393, 0, 0, 0, , 0, 0, 0, 0, 0, 
464, 1, 465, 458, -1, 258, 332, 29.0, 15, Dappap, 3637, 0, 0, 0, , 0, 0, 0, 0, 0, 
465, 1, 466, 459, -1, 365, 238, 23.0, 13, ABplaaaaaap, 3972, 0, 0, 0, , 0, 0, 0, 0, 0, 
466, 0, 467, -1, -1, 188, 331, 25.0, 11, , 583, 0, 0, 0, , 0, 0, 0, 0, 0, 
467, 1, 468, 461, -1, 332, 211, 30.0, 13, ABarpapaaaa, 5012, 0, 0, 0, , 0, 0, 0, 0, 0, 
468, 0, 469, -1, -1, 130, 314, 17.0, 13, , 3759, 0, 0, 0, , 0, 0, 0, 0, 0, 
469, 0, 470, -1, -1, 151, 334, 27.0, 13, , 3821, 0, 0, 0, , 0, 0, 0, 0, 0, 
470, 0, 471, -1, -1, 283, 188, 27.0, 15, , 1422, 0, 0, 0, , 0, 0, 0, 0, 0, 
471, 0, 472, -1, -1, 101, 249, 30.0, 13, , 5226, 0, 0, 0, , 0, 0, 0, 0, 0, 
472, 0, 473, -1, -1, 342, 253, 15.0, 11, , 2350, 0, 0, 0, , 0, 0, 0, 0, 0, 
473, 1, 763, 467, -1, 335, 258, 14.0, 14, ABalapaapap, 299, 0, 0, 0, , 0, 0, 0, 0, 0, 
474, 1, 475, 468, -1, 249, 208, 22.0, 11, MSppaaaav, 2174, 0, 0, 0, , 0, 0, 0, 0, 0, 
475, 1, 476, 469, -1, 293, 245, 30.0, 15, ABaraappapa, 4817, 0, 0, 0, , 0, 0, 0, 0, 0, 
476, 1, 477, 470, -1, 76, 279, 14.0, 11, ABplapappppa, 2164, 0, 0, 0, , 0, 0, 0, 0, 0, 
477, 1, 477, 471, -1, 76, 294, 12.0, 13, ABplapappppp, 3556, 0, 0, 0, , 0, 0, 0, 0, 0, 
478, 1, 478, 472, -1, 241, 257, 22.0, 13, ABarapapaaa, 2856, 0, 0, 0, , 0, 0, 0, 0, 0, 
479, 1, 479, 473, -1, 96, 320, 32.0, 17, Cpppapa, 6648, 0, 0, 0, , 0, 0, 0, 0, 0, 
480, 1, 480, 474, -1, 346, 268, 20.0, 13, ABalapaaapp, 3396, 0, 0, 0, , 0, 0, 0, 0, 0, 
481, 0, 481, -1, -1, 268, 243, 23.0, 14, , 1554, 0, 0, 0, , 0, 0, 0, 0, 0, 
482, 1, 482, 476, -1, 313, 210, 34.0, 15, ABarpapaappp, 3308, 0, 0, 0, , 0, 0, 0, 0, 0, 
483, 1, 483, 477, -1, 314, 298, 23.0, 13, ABalapaaaaa, 4783, 0, 0, 0, , 0, 0, 0, 0, 0, 
484, 1, 484, 478, -1, 197, 255, 29.0, 13, MSppapaa, 2464, 0, 0, 0, , 0, 0, 0, 0, 0, 
485, 1, 485, 479, -1, 269, 187, 11.0, 13, ABarappaaap, 6670, 0, 0, 0, , 0, 0, 0, 0, 0, 
486, 0, 486, -1, -1, 314, 187, 35.0, 9, , 1729, 0, 0, 0, , 0, 0, 0, 0, 0, 
487, 0, 487, -1, -1, 280, 254, 15.0, 13, , 936, 0, 0, 0, , 0, 0, 0, 0, 0, 
488, 0, 488, -1, -1, 106, 316, 27.0, 17, , 10716, 0, 0, 0, , 0, 0, 0, 0, 0, 
489, 1, 489, 482, -1, 225, 290, 29.0, 13, MSpaapapp, 6446, 0, 0, 0, , 0, 0, 0, 0, 0, 
490, 1, 490, 483, -1, 294, 175, 28.0, 13, ABpraapaapa, 5713, 0, 0, 0, , 0, 0, 0, 0, 0, 
491, 1, 491, 484, -1, 299, 215, 16.0, 15, ABalppapppp, 2794, 0, 0, 0, , 0, 0, 0, 0, 0, 
492, 1, 492, 485, -1, 310, 203, 14.0, 13, ABplpaaapaa, 2917, 0, 0, 0, , 0, 0, 0, 0, 0, 
493, 1, 493, 486, -1, 76, 316, 13.0, 15, Cpappd, 3358, 0, 0, 0, , 0, 0, 0, 0, 0, 
494, 1, 494, 487, -1, 365, 205, 24.0, 17, ABplaaaapa, 4821, 0, 0, 0, , 0, 0, 0, 0, 0, 
495, 0, 495, -1, -1, 218, 310, 15.0, 15, , 2528, 0, 0, 0, , 0, 0, 0, 0, 0, 
496, 1, 496, 489, -1, 228, 309, 16.0, 15, MSapapaa, 4343, 0, 0, 0, , 0, 0, 0, 0, 0, 
497, 1, 497, 490, -1, 258, 168, 23.0, 15, ABpraaaapad, 5787, 0, 0, 0, , 0, 0, 0, 0, 0, 
498, 0, 498, -1, -1, 286, 257, 27.0, 11, , 2076, 0, 0, 0, , 0, 0, 0, 0, 0, 
499, 1, 499, 492, -1, 298, 260, 22.0, 13, ABalpaaapaa, 5915, 0, 0, 0, , 0, 0, 0, 0, 0, 
500, 0, 500, -1, -1, 226, 348, 19.0, 19, , 19276, 0, 0, 0, , 0, 0, 0, 0, 0, 
501, 0, -1, -1, -1, 200, 306, 23.0, 15, , 6603, 0, 0, 0, , 0, 0, 0, 0, 0, 
502, 0, 502, -1, -1, 111, 251, 10.0, 9, , 1457, 0, 0, 0, , 0, 0, 0, 0, 0, 
503, 1, 503, 496, -1, 354, 253, 21.0, 13, ABalapapppp, 3460, 0, 0, 0, , 0, 0, 0, 0, 0, 
504, 1, 504, 497, -1, 269, 186, 17.0, 11, ABarapppppa, 2798, 0, 0, 0, , 0, 0, 0, 0, 0, 
505, 0, 505, -1, -1, 263, 243, 9.0, 14, , 837, 0, 0, 0, , 0, 0, 0, 0, 0, 
506, 0, 506, -1, -1, 103, 246, 10.0, 11, , 1927, 0, 0, 0, , 0, 0, 0, 0, 0, 
507, 1, 507, 500, -1, 100, 323, 12.0, 15, ABarppappp, 4097, 0, 0, 0, , 0, 0, 0, 0, 0, 
508, 1, 508, 501, -1, 353, 232, 26.0, 15, ABalapappap, 4240, 0, 0, 0, , 0, 0, 0, 0, 0, 
509, 1, 509, 619, -1, 296, 205, 33.0, 13, ABalapppppp, 2988, 0, 0, 0, , 0, 0, 0, 0, 0, 
510, 1, 510, 503, -1, 300, 262, 30.0, 11, MSaaaaapaa, 2719, 0, 0, 0, , 0, 0, 0, 0, 0, 
511, 1, 511, 504, -1, 272, 204, 18.0, 11, ABplpappaaa, 3790, 0, 0, 0, , 0, 0, 0, 0, 0, 
512, 0, 512, -1, -1, 263, 288, 12.0, 17, , 17898, 0, 0, 0, , 0, 0, 0, 0, 0, 
513, 1, 513, 740, -1, 233, 248, 21.0, 14, ABarapapppa, 1416, 0, 0, 0, , 0, 0, 0, 0, 0, 
514, 0, 514, -1, -1, 230, 199, 32.0, 15, , 3724, 0, 0, 0, , 0, 0, 0, 0, 0, 
515, 0, 515, -1, -1, 338, 281, 16.0, 13, , 2328, 0, 0, 0, , 0, 0, 0, 0, 0, 
516, 1, 516, 509, -1, 236, 323, 23.0, 17, Ealaav, 3887, 0, 0, 0, , 0, 0, 0, 0, 0, 
517, 0, 517, -1, -1, 137, 346, 24.0, 23, , 55132, 0, 0, 0, , 0, 0, 0, 0, 0, 
518, 0, 518, -1, -1, 138, 349, 23.0, 13, , 1428, 0, 0, 0, , 0, 0, 0, 0, 0, 
519, 0, 519, -1, -1, 253, 179, 32.0, 14, , 1530, 0, 0, 0, , 0, 0, 0, 0, 0, 
520, 1, 520, 513, -1, 245, 267, 13.0, 14, Daaaa, 2653, 0, 0, 0, , 0, 0, 0, 0, 0, 
521, 0, 521, -1, -1, 224, 221, 16.0, 9, , 2110, 0, 0, 0, , 0, 0, 0, 0, 0, 
522, 1, 522, 515, -1, 333, 220, 15.0, 11, ABalaaapalr, 3852, 0, 0, 0, , 0, 0, 0, 0, 0, 
523, 1, 523, 516, -1, 264, 221, 22.0, 15, ABarapaaaap, 7217, 0, 0, 0, , 0, 0, 0, 0, 0, 
524, 1, 524, 517, -1, 239, 225, 32.0, 17, ABprapaaaap, 11075, 0, 0, 0, , 0, 0, 0, 0, 0, 
525, 1, 525, 518, -1, 260, 318, 14.0, 15, ABarppapaa, 6100, 0, 0, 0, , 0, 0, 0, 0, 0, 
526, 1, 526, 519, -1, 241, 207, 11.0, 17, ABalpapapapp, 7407, 0, 0, 0, , 0, 0, 0, 0, 0, 
527, 1, 527, 520, -1, 254, 190, 11.0, 13, ABalpapapapa, 2678, 0, 0, 0, , 0, 0, 0, 0, 0, 
528, 0, 528, -1, -1, 257, 300, 10.0, 15, , 2680, 0, 0, 0, , 0, 0, 0, 0, 0, 
529, 1, 529, 522, -1, 111, 313, 15.0, 15, MSappaap, 2809, 0, 0, 0, , 0, 0, 0, 0, 0, 
530, 1, 530, 523, -1, 280, 327, 22.0, 13, Cpaaaa, 2129, 0, 0, 0, , 0, 0, 0, 0, 0, 
531, 1, 531, 524, -1, 224, 183, 30.0, 15, ABpraaappppa, 2933, 0, 0, 0, , 0, 0, 0, 0, 0, 
532, 0, 532, -1, -1, 280, 169, 31.0, 9, , 831, 0, 0, 0, , 0, 0, 0, 0, 0, 
533, 0, 533, -1, -1, 230, 220, 18.0, 9, , 1137, 0, 0, 0, , 0, 0, 0, 0, 0, 
534, 1, 534, 527, -1, 216, 210, 18.0, 11, ABprpapapap, 3762, 0, 0, 0, , 0, 0, 0, 0, 0, 
535, 1, 535, 528, -1, 300, 188, 29.0, 13, ABpraaaaapd, 7144, 0, 0, 0, , 0, 0, 0, 0, 0, 
536, 1, 536, 529, -1, 282, 282, 23.0, 11, MSaaapaap, 2394, 0, 0, 0, , 0, 0, 0, 0, 0, 
537, 0, 537, -1, -1, 111, 240, 14.0, 14, , 372, 0, 0, 0, , 0, 0, 0, 0, 0, 
538, 0, 538, -1, -1, 207, 222, 28.0, 13, , 3015, 0, 0, 0, , 0, 0, 0, 0, 0, 
539, 0, 539, -1, -1, 318, 254, 10.0, 15, , 5484, 0, 0, 0, , 0, 0, 0, 0, 0, 
540, 1, 540, 533, -1, 356, 215, 16.0, 11, ABalaaaarla, 2760, 0, 0, 0, , 0, 0, 0, 0, 0, 
541, 0, 541, -1, -1, 323, 180, 33.0, 9, , 547, 0, 0, 0, , 0, 0, 0, 0, 0, 
542, 1, 542, 535, -1, 91, 253, 26.0, 13, ABprapappppa, 2248, 0, 0, 0, , 0, 0, 0, 0, 0, 
543, 1, 543, 536, -1, 233, 188, 12.0, 15, ABarappapapp, 4880, 0, 0, 0, , 0, 0, 0, 0, 0, 
544, 1, 544, 537, -1, 251, 181, 13.0, 13, ABarappapapa, 5320, 0, 0, 0, , 0, 0, 0, 0, 0, 
545, 0, 545, -1, -1, 132, 311, 16.0, 13, , 4358, 0, 0, 0, , 0, 0, 0, 0, 0, 
546, 0, 546, -1, -1, 240, 189, 20.0, 9, , 798, 0, 0, 0, , 0, 0, 0, 0, 0, 
547, 0, 547, -1, -1, 286, 197, 33.0, 15, , 4401, 0, 0, 0, , 0, 0, 0, 0, 0, 
548, 0, 548, -1, -1, 154, 338, 23.0, 13, , 4877, 0, 0, 0, , 0, 0, 0, 0, 0, 
549, 1, 549, 542, -1, 180, 364, 24.0, 13, Capapaa, 3900, 0, 0, 0, , 0, 0, 0, 0, 0, 
550, 0, 550, -1, -1, 206, 289, 27.0, 13, , 2951, 0, 0, 0, , 0, 0, 0, 0, 0, 
551, 1, 551, 544, 689, 294, 307, 20.0, 17, ABplapaaaap, 5061, 0, 0, 0, , 0, 0, 0, 0, 0, 
552, 1, 552, 545, -1, 258, 184, 22.0, 11, ABprpaaappap, 2605, 0, 0, 0, , 0, 0, 0, 0, 0, 
553, 1, 553, 546, -1, 276, 177, 21.0, 14, ABprpaaappaa, 2082, 0, 0, 0, , 0, 0, 0, 0, 0, 
554, 0, 554, -1, -1, 302, 168, 20.0, 11, , 5050, 0, 0, 0, , 0, 0, 0, 0, 0, 
555, 0, 555, -1, -1, 269, 243, 18.0, 14, , 672, 0, 0, 0, , 0, 0, 0, 0, 0, 
556, 0, 556, -1, -1, 198, 334, 23.0, 15, , 6362, 0, 0, 0, , 0, 0, 0, 0, 0, 
557, 0, -1, -1, -1, 198, 308, 27.0, 14, , 2991, 0, 0, 0, , 0, 0, 0, 0, 0, 
558, 1, 432, 551, -1, 205, 314, 26.0, 19, Earpa, 6456, 0, 0, 0, , 0, 0, 0, 0, 0, 
559, 1, 558, 552, -1, 238, 206, 35.0, 21, ABarpppaap, 33203, 0, 0, 0, , 0, 0, 0, 0, 0, 
560, 1, 559, 553, -1, 230, 349, 27.0, 15, Dapppa, 4512, 0, 0, 0, , 0, 0, 0, 0, 0, 
561, 1, 560, 554, -1, 293, 197, 15.0, 11, ABalppapaap, 4525, 0, 0, 0, , 0, 0, 0, 0, 0, 
562, 0, 561, -1, -1, 262, 285, 12.0, 11, , 3889, 0, 0, 0, , 0, 0, 0, 0, 0, 
563, 1, 562, 556, -1, 170, 278, 19.0, 11, ABplpapappp, 4087, 0, 0, 0, , 0, 0, 0, 0, 0, 
564, 1, 563, 557, -1, 278, 251, 14.0, 11, MSapppaa, 795, 0, 0, 0, , 0, 0, 0, 0, 0, 
565, 0, 564, -1, -1, 131, 284, 28.0, 17, , 13038, 0, 0, 0, , 0, 0, 0, 0, 0, 
566, 0, 565, -1, -1, 91, 324, 25.0, 13, , 1139, 0, 0, 0, , 0, 0, 0, 0, 0, 
567, 0, 566, -1, -1, 250, 198, 32.0, 13, , 2308, 0, 0, 0, , 0, 0, 0, 0, 0, 
568, 1, 694, 561, -1, 318, 264, 15.0, 13, ABalppappaa, 2647, 0, 0, 0, , 0, 0, 0, 0, 0, 
569, 1, 569, 562, -1, 141, 293, 24.0, 13, Z2, 1954, 0, 0, 0, , 0, 0, 0, 0, 0, 
570, 0, 570, -1, -1, 177, 313, 22.0, 19, , 5039, 0, 0, 0, , 0, 0, 0, 0, 0, 
571, 1, 571, 564, -1, 138, 340, 35.0, 19, Cppapap, 10221, 0, 0, 0, , 0, 0, 0, 0, 0, 
572, 1, 572, 565, -1, 352, 249, 23.0, 11, ABplaaaaapp, 1691, 0, 0, 0, , 0, 0, 0, 0, 0, 
573, 0, 573, -1, -1, 283, 198, 32.0, 14, , 1784, 0, 0, 0, , 0, 0, 0, 0, 0, 
574, 0, 574, -1, -1, 232, 240, 35.0, 13, , 619, 0, 0, 0, , 0, 0, 0, 0, 0, 
575, 0, 575, -1, -1, 351, 254, 33.0, 13, , 778, 0, 0, 0, , 0, 0, 0, 0, 0, 
576, 1, 577, 569, -1, 259, 168, 15.0, 15, ABprpaapapp, 6868, 0, 0, 0, , 0, 0, 0, 0, 0, 
577, 1, 578, 570, -1, 87, 301, 20.0, 23, Eplppp, 65535, 0, 0, 0, , 0, 0, 0, 0, 0, 
578, 1, 579, 571, -1, 92, 279, 31.0, 21, Cpapaa, 4754, 0, 0, 0, , 0, 0, 0, 0, 0, 
579, 0, 580, -1, -1, 328, 269, 34.0, 19, , 6584, 0, 0, 0, , 0, 0, 0, 0, 0, 
580, 1, 581, 573, -1, 314, 166, 28.0, 13, ABarpappap, 3018, 0, 0, 0, , 0, 0, 0, 0, 0, 
581, 0, 582, -1, -1, 248, 299, 14.0, 13, , 2285, 0, 0, 0, , 0, 0, 0, 0, 0, 
582, 1, 583, 575, -1, 322, 293, 16.0, 13, ABalpppapppp, 4254, 0, 0, 0, , 0, 0, 0, 0, 0, 
583, 1, 584, 576, -1, 225, 219, 32.0, 11, ABpraapapppp, 2953, 0, 0, 0, , 0, 0, 0, 0, 0, 
584, 1, 585, 577, -1, 224, 256, 30.0, 17, MSpapappa, 6679, 0, 0, 0, , 0, 0, 0, 0, 0, 
585, 1, 586, 578, -1, 202, 359, 27.0, 17, Dapppp, 3716, 0, 0, 0, , 0, 0, 0, 0, 0, 
586, 1, 587, 579, -1, 260, 215, 17.0, 9, ABprpapppaa, 3785, 0, 0, 0, , 0, 0, 0, 0, 0, 
587, 0, 588, -1, -1, 96, 235, 26.0, 11, , 1518, 0, 0, 0, , 0, 0, 0, 0, 0, 
588, 1, 589, 581, -1, 294, 242, 19.0, 11, ABalpappaapa, 4660, 0, 0, 0, , 0, 0, 0, 0, 0, 
589, 1, 590, 582, -1, 283, 257, 17.0, 13, ABalpappaapp, 5612, 0, 0, 0, , 0, 0, 0, 0, 0, 
590, 1, 591, 583, -1, 88, 302, 25.0, 17, Eprppp, 11246, 0, 0, 0, , 0, 0, 0, 0, 0, 
591, 0, 592, -1, -1, 262, 181, 35.0, 17, , 6035, 0, 0, 0, , 0, 0, 0, 0, 0, 
592, 0, 593, -1, -1, 204, 290, 16.0, 11, , 2061, 0, 0, 0, , 0, 0, 0, 0, 0, 
593, 0, 594, -1, -1, 253, 154, 25.0, 9, , 1581, 0, 0, 0, , 0, 0, 0, 0, 0, 
594, 0, 595, -1, -1, 256, 270, 27.0, 11, , 1088, 0, 0, 0, , 0, 0, 0, 0, 0, 
595, 0, 596, -1, -1, 184, 359, 19.0, 19, , 11654, 0, 0, 0, , 0, 0, 0, 0, 0, 
596, 1, 597, 589, -1, 302, 191, 21.0, 14, ABaraaappap, 1614, 0, 0, 0, , 0, 0, 0, 0, 0, 
597, 1, 598, 590, -1, 173, 312, 23.0, 14, Ealap, 1188, 0, 0, 0, , 0, 0, 0, 0, 0, 
598, 1, 599, 591, -1, 162, 347, 23.0, 17, Eplaa, 4701, 0, 0, 0, , 0, 0, 0, 0, 0, 
599, 1, 600, 592, -1, 179, 270, 14.0, 14, ABprpappapp, 2071, 0, 0, 0, , 0, 0, 0, 0, 0, 
600, 1, 601, 593, -1, 111, 229, 19.0, 17, Cpppppv, 4055, 0, 0, 0, , 0, 0, 0, 0, 0, 
601, 1, 602, 594, -1, 236, 176, 27.0, 13, ABpraaaapav, 2467, 0, 0, 0, , 0, 0, 0, 0, 0, 
602, 0, 603, -1, -1, 234, 250, 20.0, 15, , 5840, 0, 0, 0, , 0, 0, 0, 0, 0, 
603, 0, 604, -1, -1, 244, 335, 19.0, 19, , 7768, 0, 0, 0, , 0, 0, 0, 0, 0, 
604, 0, 605, -1, -1, 335, 245, 25.0, 11, , 1741, 0, 0, 0, , 0, 0, 0, 0, 0, 
605, 0, 606, -1, -1, 256, 258, 35.0, 15, , 2416, 0, 0, 0, , 0, 0, 0, 0, 0, 
606, 1, 607, 599, -1, 146, 327, 15.0, 17, Capaapp, 7939, 0, 0, 0, , 0, 0, 0, 0, 0, 
607, 1, 608, 600, -1, 291, 272, 15.0, 13, ABalpppppaa, 3526, 0, 0, 0, , 0, 0, 0, 0, 0, 
608, 1, 609, 601, -1, 266, 175, 27.0, 15, ABalaapaaal, 5344, 0, 0, 0, , 0, 0, 0, 0, 0, 
609, 0, 610, -1, -1, 321, 194, 29.0, 9, , 714, 0, 0, 0, , 0, 0, 0, 0, 0, 
610, 0, 611, -1, -1, 312, 262, 33.0, 15, , 3546, 0, 0, 0, , 0, 0, 0, 0, 0, 
611, 0, 612, -1, -1, 88, 282, 17.0, 15, , 5998, 0, 0, 0, , 0, 0, 0, 0, 0, 
612, 0, 613, -1, -1, 118, 223, 16.0, 9, , 459, 0, 0, 0, , 0, 0, 0, 0, 0, 
613, 0, 614, -1, -1, 229, 165, 18.0, 9, , 579, 0, 0, 0, , 0, 0, 0, 0, 0, 
614, 0, 615, -1, -1, 357, 231, 17.0, 13, , 5815, 0, 0, 0, , 0, 0, 0, 0, 0, 
615, 1, 616, 608, -1, 316, 210, 18.0, 11, ABalpaappap, 3572, 0, 0, 0, , 0, 0, 0, 0, 0, 
616, 1, 617, 609, -1, 95, 279, 22.0, 17, Eprppa, 8142, 0, 0, 0, , 0, 0, 0, 0, 0, 
617, 0, 618, -1, -1, 295, 176, 29.0, 15, , 5983, 0, 0, 0, , 0, 0, 0, 0, 0, 
618, 0, 619, -1, -1, 364, 256, 23.0, 13, , 1507, 0, 0, 0, , 0, 0, 0, 0, 0, 
619, 0, 620, -1, -1, 253, 210, 31.0, 14, , 275, 0, 0, 0, , 0, 0, 0, 0, 0, 
620, 1, 621, 613, -1, 95, 326, 27.0, 14, Eprpa, 3574, 0, 0, 0, , 0, 0, 0, 0, 0, 
621, 1, 622, 614, -1, 299, 225, 11.0, 17, ABplpaaappp, 7565, 0, 0, 0, , 0, 0, 0, 0, 0, 
622, 0, 623, -1, -1, 293, 188, 15.0, 11, , 4739, 0, 0, 0, , 0, 0, 0, 0, 0, 
623, 1, 624, 616, -1, 181, 334, 11.0, 14, ABplappaap, 5981, 0, 0, 0, , 0, 0, 0, 0, 0, 
624, 0, 625, -1, -1, 91, 233, 15.0, 11, , 1618, 0, 0, 0, , 0, 0, 0, 0, 0, 
625, 0, 627, -1, -1, 286, 251, 25.0, 11, , 1295, 0, 0, 0, , 0, 0, 0, 0, 0, 
626, 0, 628, -1, -1, 294, 210, 33.0, 15, , 2982, 0, 0, 0, , 0, 0, 0, 0, 0, 
627, 0, 629, -1, -1, 277, 243, 34.0, 13, , 2153, 0, 0, 0, , 0, 0, 0, 0, 0, 
628, 0, 630, -1, -1, 264, 157, 22.0, 13, , 2717, 0, 0, 0, , 0, 0, 0, 0, 0, 
629, 1, 631, 622, -1, 258, 158, 21.0, 15, ABpraappap, 7569, 0, 0, 0, , 0, 0, 0, 0, 0, 
630, 1, 632, 623, -1, 145, 333, 28.0, 18, Earpp, 2384, 0, 0, 0, , 0, 0, 0, 0, 0, 
631, 1, 633, 624, -1, 290, 311, 15.0, 15, ABarppaaap, 7019, 0, 0, 0, , 0, 0, 0, 0, 0, 
632, 1, 634, 625, -1, 209, 209, 23.0, 17, Dpaaa, 3482, 0, 0, 0, , 0, 0, 0, 0, 0, 
633, 0, 635, -1, -1, 195, 258, 26.0, 11, , 1761, 0, 0, 0, , 0, 0, 0, 0, 0, 
634, 1, 636, 627, -1, 186, 326, 34.0, 13, Cppapaa, 2449, 0, 0, 0, , 0, 0, 0, 0, 0, 
635, 0, 637, -1, -1, 284, 184, 35.0, 11, , 2268, 0, 0, 0, , 0, 0, 0, 0, 0, 
636, 0, 638, -1, -1, 260, 181, 36.0, 11, , 1996, 0, 0, 0, , 0, 0, 0, 0, 0, 
637, 0, 639, -1, -1, 298, 293, 33.0, 13, , 2112, 0, 0, 0, , 0, 0, 0, 0, 0, 
638, 0, 640, -1, -1, 353, 228, 24.0, 11, , 1599, 0, 0, 0, , 0, 0, 0, 0, 0, 
639, 0, 641, -1, -1, 306, 281, 19.0, 15, , 4215, 0, 0, 0, , 0, 0, 0, 0, 0, 
640, 0, 642, -1, -1, 142, 295, 26.0, 19, , 22772, 0, 0, 0, , 0, 0, 0, 0, 0, 
641, 0, 643, -1, -1, 72, 264, 17.0, 15, , 4865, 0, 0, 0, , 0, 0, 0, 0, 0, 
642, 1, 644, 635, -1, 105, 224, 14.0, 15, ABprpppapap, 4306, 0, 0, 0, , 0, 0, 0, 0, 0, 
643, 1, 645, 636, -1, 342, 266, 25.0, 15, MSapaaap, 4446, 0, 0, 0, , 0, 0, 0, 0, 0, 
644, 0, 646, -1, -1, 126, 330, 27.0, 14, , 1991, 0, 0, 0, , 0, 0, 0, 0, 0, 
645, 1, 718, 638, -1, 227, 169, 16.0, 13, ABpraapppa, 3280, 0, 0, 0, , 0, 0, 0, 0, 0, 
646, 1, 648, 639, -1, 283, 214, 24.0, 11, ABarapaaaaa, 2673, 0, 0, 0, , 0, 0, 0, 0, 0, 
647, 0, 649, -1, -1, 254, 157, 26.0, 11, , 2320, 0, 0, 0, , 0, 0, 0, 0, 0, 
648, 0, 650, -1, -1, 221, 316, 29.0, 17, , 9870, 0, 0, 0, , 0, 0, 0, 0, 0, 
649, 1, 651, 642, -1, 268, 219, 13.0, 15, ABplpapaapp, 2432, 0, 0, 0, , 0, 0, 0, 0, 0, 
650, 0, 652, -1, -1, 93, 280, 13.0, 11, , 2296, 0, 0, 0, , 0, 0, 0, 0, 0, 
651, 0, 653, -1, -1, 253, 235, 17.0, 9, , 1007, 0, 0, 0, , 0, 0, 0, 0, 0, 
652, 0, 654, -1, -1, 322, 243, 30.0, 11, , 2563, 0, 0, 0, , 0, 0, 0, 0, 0, 
653, 1, 655, 646, -1, 321, 220, 23.0, 13, ABalpaapaaa, 6429, 0, 0, 0, , 0, 0, 0, 0, 0, 
654, 0, 656, -1, -1, 84, 323, 23.0, 14, , 445, 0, 0, 0, , 0, 0, 0, 0, 0, 
655, 0, 657, -1, -1, 260, 269, 29.0, 11, , 824, 0, 0, 0, , 0, 0, 0, 0, 0, 
656, 0, 658, -1, -1, 296, 183, 34.0, 11, , 1822, 0, 0, 0, , 0, 0, 0, 0, 0, 
657, 0, 659, -1, -1, 184, 334, 12.0, 17, , 7889, 0, 0, 0, , 0, 0, 0, 0, 0, 
658, 1, 660, 651, -1, 294, 206, 23.0, 9, ABaraaaaapa, 1668, 0, 0, 0, , 0, 0, 0, 0, 0, 
659, 0, 661, -1, -1, 337, 230, 23.0, 9, , 1285, 0, 0, 0, , 0, 0, 0, 0, 0, 
660, 0, 662, -1, -1, 219, 165, 26.0, 11, , 1322, 0, 0, 0, , 0, 0, 0, 0, 0, 
661, 0, 663, -1, -1, 249, 167, 32.0, 13, , 2080, 0, 0, 0, , 0, 0, 0, 0, 0, 
662, 0, 665, -1, -1, 333, 279, 21.0, 15, , 5124, 0, 0, 0, , 0, 0, 0, 0, 0, 
663, 0, 667, -1, -1, 95, 273, 10.0, 9, , 1994, 0, 0, 0, , 0, 0, 0, 0, 0, 
664, 0, 668, -1, -1, 265, 204, 11.0, 13, , 10607, 0, 0, 0, , 0, 0, 0, 0, 0, 
665, 1, 669, 658, -1, 246, 292, 13.0, 15, ABplppaaaap, 885, 0, 0, 0, , 0, 0, 0, 0, 0, 
666, 1, 670, 659, -1, 207, 175, 21.0, 11, ABprppaapaa, 2410, 0, 0, 0, , 0, 0, 0, 0, 0, 
667, 1, 671, 660, -1, 282, 175, 25.0, 13, ABalaapaapp, 3375, 0, 0, 0, , 0, 0, 0, 0, 0, 
668, 1, 672, 661, -1, 243, 243, 23.0, 11, MSpapaaaa, 1226, 0, 0, 0, , 0, 0, 0, 0, 0, 
669, 0, 673, -1, -1, 227, 202, 26.0, 11, , 2613, 0, 0, 0, , 0, 0, 0, 0, 0, 
670, 1, 674, 663, -1, 272, 241, 28.0, 11, ABarapaapaa, 5609, 0, 0, 0, , 0, 0, 0, 0, 0, 
671, 0, 675, -1, -1, 196, 334, 26.0, 15, , 3017, 0, 0, 0, , 0, 0, 0, 0, 0, 
672, 0, 676, -1, -1, 157, 301, 28.0, 15, , 1323, 0, 0, 0, , 0, 0, 0, 0, 0, 
673, 1, 677, 666, -1, 303, 228, 31.0, 13, MSaaaaaar, 5870, 0, 0, 0, , 0, 0, 0, 0, 0, 
674, 0, 678, -1, -1, 341, 260, 29.0, 11, , 1514, 0, 0, 0, , 0, 0, 0, 0, 0, 
675, 0, 680, -1, -1, 278, 250, 10.0, 11, , 3839, 0, 0, 0, , 0, 0, 0, 0, 0, 
676, 1, 681, 669, -1, 137, 224, 16.0, 15, ABprappppa, 7774, 0, 0, 0, , 0, 0, 0, 0, 0, 
677, 0, 682, -1, -1, 122, 307, 16.0, 11, , 1538, 0, 0, 0, , 0, 0, 0, 0, 0, 
678, 1, 683, 671, -1, 101, 249, 24.0, 11, ABprapppappp, 2422, 0, 0, 0, , 0, 0, 0, 0, 0, 
679, 1, 684, 672, -1, 224, 194, 16.0, 10, ABprpaapppa, 2971, 0, 0, 0, , 0, 0, 0, 0, 0, 
680, 1, 685, 673, -1, 134, 362, 17.0, 19, Cpaapp, 9733, 0, 0, 0, , 0, 0, 0, 0, 0, 
681, 1, 686, 674, -1, 298, 236, 14.0, 11, ABplpaaappap, 3731, 0, 0, 0, , 0, 0, 0, 0, 0, 
682, 1, 687, 675, -1, 183, 238, 21.0, 17, MSpapppap, 4595, 0, 0, 0, , 0, 0, 0, 0, 0, 
683, 0, 688, -1, -1, 346, 184, 22.0, 13, , 2115, 0, 0, 0, , 0, 0, 0, 0, 0, 
684, 0, 689, -1, -1, 309, 260, 11.0, 13, , 3142, 0, 0, 0, , 0, 0, 0, 0, 0, 
685, 1, 690, 678, -1, 307, 198, 18.0, 15, ABalpapaapa, 6711, 0, 0, 0, , 0, 0, 0, 0, 0, 
686, 0, 691, -1, -1, 284, 214, 22.0, 15, , 7852, 0, 0, 0, , 0, 0, 0, 0, 0, 
687, 0, 692, -1, -1, 195, 299, 23.0, 13, , 1830, 0, 0, 0, , 0, 0, 0, 0, 0, 
688, 0, -1, -1, -1, 112, 340, 23.0, 19, , 10427, 0, 0, 0, , 0, 0, 0, 0, 0, 
689, 0, -1, -1, -1, 311, 218, 14.0, 11, , 2348, 0, 0, 0, , 0, 0, 0, 0, 0, 
690, 1, 740, 683, -1, 291, 177, 18.0, 13, ABprpaaapaa, 6176, 0, 0, 0, , 0, 0, 0, 0, 0, 
691, 0, -1, -1, -1, 271, 241, 21.0, 14, , 1790, 0, 0, 0, , 0, 0, 0, 0, 0, 
692, 1, 708, 685, -1, 197, 289, 26.0, 17, Earaad, 2512, 0, 0, 0, , 0, 0, 0, 0, 0, 
693, 0, -1, -1, -1, 140, 329, 27.0, 15, , 2032, 0, 0, 0, , 0, 0, 0, 0, 0, 
694, 0, -1, -1, -1, 229, 332, 31.0, 11, , 495, 0, 0, 0, , 0, 0, 0, 0, 0, 
695, 0, -1, -1, -1, 260, 201, 34.0, 11, , 1889, 0, 0, 0, , 0, 0, 0, 0, 0, 
696, 0, -1, -1, -1, 87, 286, 9.0, 11, , 713, 0, 0, 0, , 0, 0, 0, 0, 0, 
697, 0, -1, -1, -1, 300, 306, 22.0, 11, , 1643, 0, 0, 0, , 0, 0, 0, 0, 0, 
698, 0, -1, -1, -1, 164, 337, 22.0, 13, , 755, 0, 0, 0, , 0, 0, 0, 0, 0, 
699, 0, -1, -1, -1, 266, 222, 35.0, 13, , 1979, 0, 0, 0, , 0, 0, 0, 0, 0, 
700, 1, 696, 698, -1, 113, 233, 11.0, 10, ABplpppapap, 0, 0, 0, 0, , 0, 0, 0, 0, 0, 
701, 1, 697, 779, -1, 101, 292, 11.0, 13, ABplapppaaa, 0, 0, 0, 0, , 0, 0, 0, 0, 0, 
702, 1, 698, 700, -1, 330, 281, 24.0, 13, ABalapaaapa, 0, 0, 0, 0, , 0, 0, 0, 0, 0, 
703, 1, 699, 701, -1, 322, 245, 29.0, 13, ABalapppaaa, 0, 0, 0, 0, , 0, 0, 0, 0, 0, 
704, 1, 700, 702, -1, 207, 329, 35.0, 13, Dppppp, 0, 0, 0, 0, , 0, 0, 0, 0, 0, 
705, 1, 701, 703, -1, 253, 252, 34.0, 14, Dpaap, 830, 0, 0, 0, , 0, 0, 0, 0, 0, 
706, 1, 702, 704, -1, 130, 285, 28.0, 13, Cppaapp, 0, 0, 0, 0, , 0, 0, 0, 0, 0, 
707, 0, 703, -1, -1, 120, 337, 28.75, 15, , 0, 0, 0, 0, , 0, 0, 0, 0, 0, 
708, 1, 704, 706, -1, 111, 342, 24.0, 15, Eplap, 9336, 0, 0, 0, , 0, 0, 0, 0, 0, 
709, 1, 705, 707, -1, 226, 347, 21.4, 15, Cpaaap, 0, 0, 0, 0, , 0, 0, 0, 0, 0, 
710, 1, 706, 708, -1, 246, 339, 21.0, 17, Caaaaa, 0, 0, 0, 0, , 0, 0, 0, 0, 0, 
711, 1, 707, 460, -1, 199, 331, 23.0, 15, Earap, 0, 0, 0, 0, , 0, 0, 0, 0, 0, 
712, 1, 709, 709, -1, 221, 313, 30.0, 15, Earaav, 0, 0, 0, 0, , 0, 0, 0, 0, 0, 
713, 1, 710, 777, -1, 310, 262, 33.0, 15, MSpppaaa, 0, 0, 0, 0, , 0, 0, 0, 0, 0, 
714, 1, 711, 711, -1, 299, 231, 34.0, 15, MSppappa, 0, 0, 0, 0, , 0, 0, 0, 0, 0, 
715, 1, 712, 453, -1, 283, 249, 31.0, 12, MSpaaaapa, 2366, 0, 0, 0, , 0, 0, 0, 0, 0, 
716, 1, 243, 712, -1, 329, 269, 30.5, 13, MSappppa, 1109, 0, 0, 0, , 0, 0, 0, 0, 0, 
717, 1, 713, 713, -1, 271, 238, 13.0, 15, MSappapp, 0, 0, 0, 0, , 0, 0, 0, 0, 0, 
718, 1, 714, 714, -1, 292, 260, 26.666666, 13, MSaaapaaa, 0, 0, 0, 0, , 0, 0, 0, 0, 0, 
719, 1, 715, 715, -1, 273, 196, 14.0, 13, ABprpappaaa, 0, 0, 0, 0, , 0, 0, 0, 0, 0, 
720, 1, 716, 716, -1, 242, 176, 14.5, 11, ABprpaappppp, 0, 0, 0, 0, , 0, 0, 0, 0, 0, 
721, 1, 717, 717, -1, 102, 248, 29.6, 11, ABprapppaap, 0, 0, 0, 0, , 0, 0, 0, 0, 0, 
722, 1, 719, 718, -1, 231, 196, 32.0, 14, ABpraapapppa, 0, 0, 0, 0, , 0, 0, 0, 0, 0, 
723, 1, 720, 719, -1, 230, 202, 26.166666, 13, ABpraaappap, 0, 0, 0, 0, , 0, 0, 0, 0, 0, 
724, 1, 198, 721, -1, 248, 198, 32.0, 13, ABpraaaappp, 0, 0, 0, 0, , 0, 0, 0, 0, 0, 
725, 1, 723, 722, -1, 216, 228, 17.428572, 14, ABplpappaap, 0, 0, 0, 0, , 0, 0, 0, 0, 0, 
726, 1, 724, 723, -1, 254, 223, 14.0, 13, ABplpapaapa, 0, 0, 0, 0, , 0, 0, 0, 0, 0, 
727, 1, 725, 724, -1, 266, 219, 11.0, 11, ABplpaappppp, 0, 0, 0, 0, , 0, 0, 0, 0, 0, 
728, 1, 726, 725, -1, 249, 229, 12.454545, 14, ABplpaapppa, 3193, 0, 0, 0, , 0, 0, 0, 0, 0, 
729, 1, 728, 726, -1, 94, 278, 13.5, 13, ABplapppapp, 3674, 0, 0, 0, , 0, 0, 0, 0, 0, 
730, 1, 731, 727, -1, 259, 304, 18.25, 15, ABplapaaapp, 0, 0, 0, 0, , 0, 0, 0, 0, 0, 
731, 1, 732, 728, -1, 261, 299, 16.0, 15, ABplapaaapa, 0, 0, 0, 0, , 0, 0, 0, 0, 0, 
732, 1, 505, 729, -1, 274, 237, 10.0, 17, ABplaapppa, 19139, 0, 0, 0, , 0, 0, 0, 0, 0, 
733, 1, 733, 730, -1, 337, 266, 17.571428, 15, ABplaapaapp, 0, 0, 0, 0, , 0, 0, 0, 0, 0, 
734, 1, 734, 731, -1, 341, 277, 16.5, 15, ABplaaappp, 0, 0, 0, 0, , 0, 0, 0, 0, 0, 
735, 1, 735, 732, -1, 110, 259, 31.0, 15, ABarpppppp, 0, 0, 0, 0, , 0, 0, 0, 0, 0, 
736, 1, 736, 733, -1, 230, 234, 35.0, 15, ABarpppapa, 0, 0, 0, 0, , 0, 0, 0, 0, 0, 
737, 1, 639, 734, -1, 293, 284, 35.0, 13, ABarppaapa, 0, 0, 0, 0, , 0, 0, 0, 0, 0, 
738, 0, 737, -1, -1, 334, 191, 29.0, 11, , 0, 0, 0, 0, , 0, 0, 0, 0, 0, 
739, 1, 738, 736, -1, 335, 256, 32.0, 15, ABalapapapa, 0, 0, 0, 0, , 0, 0, 0, 0, 0, 
740, 1, 739, 737, -1, 324, 266, 35.714287, 15, ABarpaappa, 0, 0, 0, 0, , 0, 0, 0, 0, 0, 
741, 1, 741, 738, -1, 292, 189, 15.0, 13, ABarappaapa, 0, 0, 0, 0, , 0, 0, 0, 0, 0, 
742, 1, 742, 739, -1, 258, 230, 24.0, 15, ABarapapppp, 0, 0, 0, 0, , 0, 0, 0, 0, 0, 
743, 1, 743, 741, -1, 246, 232, 26.0, 13, ABarapaappp, 0, 0, 0, 0, , 0, 0, 0, 0, 0, 
744, 1, 744, 742, -1, 244, 247, 28.0, 13, ABaraapppaa, 0, 0, 0, 0, , 0, 0, 0, 0, 0, 
745, 1, 745, 24, -1, 270, 239, 31.333334, 14, ABaraaapapa, 3545, 0, 0, 0, , 0, 0, 0, 0, 0, 
746, 1, 156, 743, -1, 269, 174, 17.0, 11, ABprpaappppa, 1795, 0, 0, 0, , 0, 0, 0, 0, 0, 
747, 1, 746, 744, -1, 315, 224, 25.0, 11, ABaraaaapap, 0, 0, 0, 0, , 0, 0, 0, 0, 0, 
748, 1, 747, 745, -1, 282, 219, 26.0, 11, ABaraaaaapp, 0, 0, 0, 0, , 0, 0, 0, 0, 0, 
749, 1, 748, 746, -1, 306, 284, 20.4, 13, ABalppppaav, 0, 0, 0, 0, , 0, 0, 0, 0, 0, 
750, 1, 749, 747, -1, 303, 197, 12.428572, 13, ABalppapapp, 4342, 0, 0, 0, , 0, 0, 0, 0, 0, 
751, 1, 750, 748, -1, 264, 206, 12.8, 11, ABalppapapa, 7231, 0, 0, 0, , 0, 0, 0, 0, 0, 
752, 1, 751, 749, -1, 300, 215, 12.0, 15, ABalppaappp, 0, 0, 0, 0, , 0, 0, 0, 0, 0, 
753, 1, 752, 750, -1, 286, 225, 19.09091, 13, ABalpappapa, 0, 0, 0, 0, , 0, 0, 0, 0, 0, 
754, 0, 753, -1, -1, 202, 245, 11.0, 15, , 7529, 0, 0, 0, , 0, 0, 0, 0, 0, 
755, 1, 754, 752, -1, 307, 240, 23.444445, 13, ABalpaapaap, 0, 0, 0, 0, , 0, 0, 0, 0, 0, 
756, 0, 755, -1, -1, 324, 206, 28.0, 15, , 0, 0, 0, 0, , 0, 0, 0, 0, 0, 
757, 1, 756, 754, -1, 122, 328, 26.076923, 16, Eprap, 0, 0, 0, 0, , 0, 0, 0, 0, 0, 
758, 0, 757, -1, -1, 263, 207, 31.625, 15, , 0, 0, 0, 0, , 0, 0, 0, 0, 0, 
759, 1, 758, 652, -1, 334, 229, 24.0, 13, ABalapappaaa, 0, 0, 0, 0, , 0, 0, 0, 0, 0, 
760, 1, 759, 756, -1, 335, 243, 25.666666, 13, ABalapappaap, 0, 0, 0, 0, , 0, 0, 0, 0, 0, 
761, 1, 760, 757, -1, 324, 253, 17.0, 14, ABalapaappa, 0, 0, 0, 0, , 0, 0, 0, 0, 0, 
762, 1, 761, 758, -1, 302, 269, 15.0, 13, ABalapaapaa, 0, 0, 0, 0, , 0, 0, 0, 0, 0, 
763, 0, 762, -1, -1, 279, 185, 26.0, 13, , 0, 0, 0, 0, , 0, 0, 0, 0, 0, 
764, 0, 764, -1, -1, 116, 237, 13.0, 10, , 0, 0, 0, 0, , 0, 0, 0, 0, 0, 
765, 0, 765, -1, -1, 285, 202, 31.0, 13, , 0, 0, 0, 0, , 0, 0, 0, 0, 0, 
766, 1, 766, 762, -1, 309, 221, 13.5, 13, ABplpaaappaa, 0, 0, 0, 0, , 0, 0, 0, 0, 0, 
767, 1, 767, 763, -1, 130, 311, 15.0, 17, Z3, 0, 0, 0, 0, , 0, 0, 0, 0, 0, 
768, 1, 768, 764, -1, 298, 254, 34.714287, 15, MSpppppp, 0, 0, 0, 0, , 0, 0, 0, 0, 0, 
769, 1, 769, 765, -1, 282, 262, 22.0, 13, ABalpaaappa, 4507, 0, 0, 0, , 0, 0, 0, 0, 0, 
770, 1, 770, 766, -1, 286, 262, 19.0, 16, ABalpapppaa, 5158, 0, 0, 0, , 0, 0, 0, 0, 0, 
771, 1, 771, 394, -1, 305, 291, 13.444445, 16, ABalpppppppa, 0, 0, 0, 0, , 0, 0, 0, 0, 0, 
772, 1, 772, 767, -1, 318, 263, 12.67742, 13, ABalppaaapa, 0, 0, 0, 0, , 0, 0, 0, 0, 0, 
773, 1, 610, 768, -1, 320, 193, 28.0, 12, ABalaaappll, 2683, 0, 0, 0, , 0, 0, 0, 0, 0, 
774, 1, 773, 769, -1, 352, 235, 28.5, 11, ABalapapapp, 0, 0, 0, 0, , 0, 0, 0, 0, 0, 
775, 0, 774, -1, -1, 176, 345, 31.0, 15, , 0, 0, 0, 0, , 0, 0, 0, 0, 0, 
776, 1, 775, 771, -1, 191, 294, 34.0, 15, Caaaap, 0, 0, 0, 0, , 0, 0, 0, 0, 0, 
777, 1, 776, 772, -1, 111, 238, 14.0, 13, Caapaa, 0, 0, 0, 0, , 0, 0, 0, 0, 0, 
778, 1, 777, 773, -1, 112, 307, 34.0, 15, Caaapp, 0, 0, 0, 0, , 0, 0, 0, 0, 0, 
779, 1, 778, 774, -1, 152, 309, 34.0, 15, Caaapa, 0, 0, 0, 0, , 0, 0, 0, 0, 0, 
780, 1, 779, 776, -1, 184, 361, 20.25, 15, Cpaapa, 0, 0, 0, 0, , 0, 0, 0, 0, 0, 
781, 1, 780, 778, -1, 158, 302, 28.0, 15, MSpppaap, 0, 0, 0, 0, , 0, 0, 0, 0, 0, 
782, 1, 781, 780, -1, 103, 296, 13.0, 13, ABplpppaapa, 0, 0, 0, 0, , 0, 0, 0, 0, 0, 
783, 1, 782, 781, -1, 143, 291, 34.0, 15, ABarpppppa, 0, 0, 0, 0, , 0, 0, 0, 0, 0, 
784, 1, 783, 782, -1, 351, 257, 32.0, 15, ABarpaapap, 0, 0, 0, 0, , 0, 0, 0, 0, 0, 
785, 1, 784, 783, -1, 257, 178, 33.5, 15, ABarpapppp, 0, 0, 0, 0, , 0, 0, 0, 0, 0, 
786, 1, 785, 784, -1, 322, 194, 30.25, 13, ABarpapaappa, 0, 0, 0, 0, , 0, 0, 0, 0, 0, 
787, 1, 786, 785, -1, 286, 296, 14.666667, 11, ABalppppppaa, 0, 0, 0, 0, , 0, 0, 0, 0, 0, 
788, 1, 753, 786, -1, 203, 245, 10.4, 15, ABalpapappa, 7529, 0, 0, 0, , 0, 0, 0, 0, 0, 
789, 1, 787, 787, -1, 323, 289, 20.0, 11, ABalapapppa, 0, 0, 0, 0, , 0, 0, 0, 0, 0, 
790, 0, 788, -1, -1, 254, 199, 33.5, 13, , 0, 0, 0, 0, , 0, 0, 0, 0, 0, 
791, 1, 789, 790, -1, 262, 226, 35.0, 15, ABarpaappp, 0, 0, 0, 0, , 0, 0, 0, 0, 0, 
792, 1, 791, 791, -1, 275, 172, 19.0, 13, ABalaapappp, 0, 0, 0, 0, , 0, 0, 0, 0, 0, 
793, 1, 792, 792, -1, 279, 185, 26.0, 13, ABalaappppa, 0, 0, 0, 0, , 0, 0, 0, 0, 0, 
794, 1, 793, 793, -1, 286, 193, 29.0, 13, ABalaappppp, 0, 0, 0, 0, , 0, 0, 0, 0, 0, 
795, 1, 794, 794, -1, 285, 199, 32.5, 13, ABalaapaaar, 0, 0, 0, 0, , 0, 0, 0, 0, 0, 
796, 1, 795, 795, -1, 258, 199, 34.0, 13, ABalapppppa, 0, 0, 0, 0, , 0, 0, 0, 0, 0, 
797, 1, 796, 796, -1, 318, 240, 32.5, 15, ABalapppapa, 0, 0, 0, 0, , 0, 0, 0, 0, 0, 
798, 1, 797, 797, -1, 296, 187, 35.0, 15, ABalappappp, 0, 0, 0, 0, , 0, 0, 0, 0, 0, 
799, 1, 798, 798, -1, 264, 209, 32.0, 13, ABalappapaa, 0, 0, 0, 0, , 0, 0, 0, 0, 0, 
