1, 1, 1, 1, -1, 298, 222, 26.0, 11, ABaraaapaap, 2132, 0, 0, 0, , 0, 0, 0, 0, 0, 
2, 1, 2, 2, -1, 261, 245, 30.0, 13, ABaraaapapp, 4017, 0, 0, 0, , 0, 0, 0, 0, 0, 
3, 1, 3, 3, -1, 235, 242, 24.0, 13, ABaraappppp, 3932, 0, 0, 0, , 0, 0, 0, 0, 0, 
4, 1, 4, 4, -1, 258, 283, 19.0, 13, ABaraapappa, 6504, 0, 0, 0, , 0, 0, 0, 0, 0, 
5, 1, 5, 5, -1, 252, 266, 18.0, 13, ABaraapappp, 7550, 0, 0, 0, , 0, 0, 0, 0, 0, 
6, 1, 6, 6, -1, 269, 301, 22.0, 15, ABaraapapap, 7566, 0, 0, 0, , 0, 0, 0, 0, 0, 
7, 1, 7, 7, -1, 309, 221, 24.0, 13, ABaraapaaaa, 5547, 0, 0, 0, , 0, 0, 0, 0, 0, 
8, 1, 8, 8, -1, 313, 248, 25.0, 15, ABaraapaaap, 9256, 0, 0, 0, , 0, 0, 0, 0, 0, 
9, 1, 9, 9, -1, 292, 277, 26.0, 17, MSaaaaapp, 7071, 0, 0, 0, , 0, 0, 0, 0, 0, 
10, 1, 10, 10, -1, 310, 265, 25.0, 15, ABaraapaapa, 7440, 0, 0, 0, , 0, 0, 0, 0, 0, 
11, 1, 11, 11, -1, 328, 205, 25.0, 13, ABaraaappaa, 3683, 0, 0, 0, , 0, 0, 0, 0, 0, 
12, 1, 12, 12, -1, 318, 194, 25.0, 13, ABaraaapppa, 4647, 0, 0, 0, , 0, 0, 0, 0, 0, 
13, 1, 13, 13, -1, 317, 189, 28.0, 13, ABaraaapppp, 2229, 0, 0, 0, , 0, 0, 0, 0, 0, 
14, 1, 14, 14, -1, 311, 202, 25.0, 11, ABaraaapaaa, 3334, 0, 0, 0, , 0, 0, 0, 0, 0, 
15, 1, -1, 15, -1, 259, 274, 33.0, 13, Nuc379_33_259_274, 3212, 0, 0, 0, , 0, 0, 0, 0, 0, 
16, 1, 16, 16, -1, 303, 242, 20.0, 13, ABaraaaaaap, 3953, 0, 0, 0, , 0, 0, 0, 0, 0, 
17, 1, 17, 17, -1, 292, 258, 24.0, 9, ABaraaaapp, 653, 0, 0, 0, , 0, 0, 0, 0, 0, 
18, 1, 18, 18, -1, 221, 267, 20.0, 13, ABalpappapp, 4403, 0, 0, 0, , 0, 0, 0, 0, 0, 
19, 1, 19, 19, -1, 252, 219, 25.0, 11, ABarapapaap, 4539, 0, 0, 0, , 0, 0, 0, 0, 0, 
20, 1, 20, 20, -1, 254, 225, 28.0, 13, ABarapappaa, 6125, 0, 0, 0, , 0, 0, 0, 0, 0, 
21, 1, 21, 21, -1, 283, 183, 11.0, 11, ABalaapappa, 3277, 0, 0, 0, , 0, 0, 0, 0, 0, 
22, 1, 22, 22, -1, 281, 214, 20.0, 11, ABarapaaapp, 6858, 0, 0, 0, , 0, 0, 0, 0, 0, 
23, 1, 23, 23, -1, 277, 227, 27.0, 13, ABarapaapap, 6052, 0, 0, 0, , 0, 0, 0, 0, 0, 
24, 1, 24, 24, -1, 256, 190, 16.0, 13, ABarapppapa, 6164, 0, 0, 0, , 0, 0, 0, 0, 0, 
25, 1, 25, 25, -1, 285, 176, 14.0, 15, Nuc365_12_301_194, 1613, 0, 0, 0, , 0, 0, 0, 0, 0, 
26, 1, 26, 26, -1, 291, 168, 17.0, 13, Nuc365_14_294_182, 8496, 0, 0, 0, , 0, 0, 0, 0, 0, 
27, 1, 27, 27, -1, 277, 188, 25.0, 15, Nuc365_22_276_188, 5149, 0, 0, 0, , 0, 0, 0, 0, 0, 
28, 1, 28, 28, -1, 278, 174, 16.0, 13, ABarapppaap, 5473, 0, 0, 0, , 0, 0, 0, 0, 0, 
29, 1, 29, 29, -1, 252, 187, 28.0, 9, ABalaapppap, 703, 0, 0, 0, , 0, 0, 0, 0, 0, 
30, 1, 30, 30, -1, 279, 187, 21.0, 17, ABarapppppp, 5488, 0, 0, 0, , 0, 0, 0, 0, 0, 
31, 1, 31, 31, -1, 294, 193, 25.0, 15, ABarappaaaa, 12918, 0, 0, 0, , 0, 0, 0, 0, 0, 
32, 1, 32, 32, -1, 256, 203, 18.0, 13, ABarappapaa, 6255, 0, 0, 0, , 0, 0, 0, 0, 0, 
33, 1, 33, 33, -1, 214, 199, 16.0, 13, ABprpapappa, 2937, 0, 0, 0, , 0, 0, 0, 0, 0, 
34, 1, 34, 34, -1, 283, 163, 29.0, 13, ABarpapppa, 3768, 0, 0, 0, , 0, 0, 0, 0, 0, 
35, 0, 35, -1, -1, 331, 194, 28.0, 11, , 2668, 0, 0, 0, , 0, 0, 0, 0, 0, 
36, 1, 36, 36, -1, 365, 210, 29.0, 13, ABarpaapaa, 2803, 0, 0, 0, , 0, 0, 0, 0, 0, 
37, 1, 37, 37, -1, 356, 216, 27.0, 11, ABarpaaaaar, 3528, 0, 0, 0, , 0, 0, 0, 0, 0, 
38, 1, 38, 38, -1, 345, 216, 24.0, 17, ABarpaaaapa, 6466, 0, 0, 0, , 0, 0, 0, 0, 0, 
39, 1, 39, 39, -1, 362, 192, 26.0, 11, ABarpaaapp, 3379, 0, 0, 0, , 0, 0, 0, 0, 0, 
40, 1, 40, 40, -1, 339, 219, 27.0, 15, ABarpaaapaa, 2891, 0, 0, 0, , 0, 0, 0, 0, 0, 
41, 1, 41, 41, -1, 337, 190, 31.0, 15, ABarpaaapap, 4727, 0, 0, 0, , 0, 0, 0, 0, 0, 
42, 1, 42, 42, -1, 254, 318, 19.0, 15, ABarppaapp, 4658, 0, 0, 0, , 0, 0, 0, 0, 0, 
43, 1, 43, 43, -1, 159, 348, 15.0, 15, ABarppappa, 5922, 0, 0, 0, , 0, 0, 0, 0, 0, 
44, 1, 44, 44, -1, 236, 326, 14.0, 17, ABarppapap, 8375, 0, 0, 0, , 0, 0, 0, 0, 0, 
45, 1, 45, 45, -1, 207, 245, 33.0, 14, ABarppppaa, 995, 0, 0, 0, , 0, 0, 0, 0, 0, 
46, 1, 46, 46, -1, 326, 233, 28.0, 11, ABalapppaap, 1681, 0, 0, 0, , 0, 0, 0, 0, 0, 
47, 1, 47, 47, -1, 332, 273, 33.0, 15, Nuc371_30_331_250, 2794, 0, 0, 0, , 0, 0, 0, 0, 0, 
48, 1, 48, 48, -1, 359, 241, 30.0, 15, ABarpapapp, 7115, 0, 0, 0, , 0, 0, 0, 0, 0, 
49, 1, 49, 49, -1, 329, 288, 15.0, 11, ABalapaaaap, 2887, 0, 0, 0, , 0, 0, 0, 0, 0, 
50, 1, 50, 50, -1, 292, 165, 23.0, 11, ABalaappaa, 3591, 0, 0, 0, , 0, 0, 0, 0, 0, 
51, 1, 51, 51, -1, 270, 193, 29.0, 15, ABarappppaa, 4802, 0, 0, 0, , 0, 0, 0, 0, 0, 
52, 1, 52, 52, -1, 234, 165, 30.0, 11, ABalaapppaa, 1139, 0, 0, 0, , 0, 0, 0, 0, 0, 
53, 1, 53, 53, -1, 305, 206, 29.0, 13, ABalaaaarrp, 3802, 0, 0, 0, , 0, 0, 0, 0, 0, 
54, 1, 54, 54, -1, 293, 181, 22.0, 13, ABalaapaapp, 2505, 0, 0, 0, , 0, 0, 0, 0, 0, 
55, 1, 55, 55, -1, 315, 171, 23.0, 13, ABalaaaarra, 2304, 0, 0, 0, , 0, 0, 0, 0, 0, 
56, 1, 56, 56, -1, 329, 239, 21.0, 13, ABalaaaarlp, 3453, 0, 0, 0, , 0, 0, 0, 0, 0, 
57, 1, 57, 57, -1, 328, 229, 13.0, 13, ABalaaaalpp, 2740, 0, 0, 0, , 0, 0, 0, 0, 0, 
58, 1, 58, 58, -1, 343, 190, 27.0, 13, ABpraapaaap, 3389, 0, 0, 0, , 0, 0, 0, 0, 0, 
59, 1, 59, 59, -1, 287, 215, 30.0, 7, ABalaapaaar, 246, 0, 0, 0, , 0, 0, 0, 0, 0, 
60, 1, 60, 60, -1, 303, 161, 25.0, 11, ABpraaaaapv, 3898, 0, 0, 0, , 0, 0, 0, 0, 0, 
61, 1, 61, 61, -1, 335, 253, 32.0, 15, ABalappaapa, 4855, 0, 0, 0, , 0, 0, 0, 0, 0, 
62, 1, 62, 62, -1, 135, 241, 15.0, 13, ABplppppapp, 3867, 0, 0, 0, , 0, 0, 0, 0, 0, 
63, 1, 63, 63, -1, 125, 268, 16.0, 13, ABplppppaaa, 3148, 0, 0, 0, , 0, 0, 0, 0, 0, 
64, 1, 64, 64, -1, 114, 261, 18.0, 13, ABplppppaap, 5246, 0, 0, 0, , 0, 0, 0, 0, 0, 
65, 1, 65, 65, -1, 108, 227, 12.0, 13, ABplppppppp, 1374, 0, 0, 0, , 0, 0, 0, 0, 0, 
66, 1, 66, 66, -1, 109, 235, 14.0, 13, ABplppppppa, 4849, 0, 0, 0, , 0, 0, 0, 0, 0, 
67, 1, 67, 67, -1, 93, 282, 14.0, 15, ABplpppppap, 5615, 0, 0, 0, , 0, 0, 0, 0, 0, 
68, 1, 68, 68, -1, 115, 284, 16.0, 15, ABplpppppaa, 6067, 0, 0, 0, , 0, 0, 0, 0, 0, 
69, 1, 69, 69, -1, 125, 251, 11.0, 15, ABplpppapaa, 4234, 0, 0, 0, , 0, 0, 0, 0, 0, 
70, 1, 70, 70, -1, 117, 266, 14.0, 13, ABplpppaapp, 5973, 0, 0, 0, , 0, 0, 0, 0, 0, 
71, 1, 71, 71, -1, 153, 256, 16.0, 13, ABplpppaaaa, 5564, 0, 0, 0, , 0, 0, 0, 0, 0, 
72, 1, 72, 72, -1, 140, 293, 15.0, 13, ABplpppaaap, 4854, 0, 0, 0, , 0, 0, 0, 0, 0, 
73, 1, 73, 73, -1, 136, 287, 18.0, 13, ABplppapppp, 4184, 0, 0, 0, , 0, 0, 0, 0, 0, 
74, 1, 74, 74, -1, 179, 277, 18.0, 15, ABplppapppa, 4623, 0, 0, 0, , 0, 0, 0, 0, 0, 
75, 1, 75, 75, -1, 203, 255, 17.0, 14, ABplppappap, 3102, 0, 0, 0, , 0, 0, 0, 0, 0, 
76, 1, 76, 76, -1, 209, 243, 16.0, 13, ABplppappaa, 7120, 0, 0, 0, , 0, 0, 0, 0, 0, 
77, 1, 77, 77, -1, 194, 272, 15.0, 13, ABplppapapa, 4807, 0, 0, 0, , 0, 0, 0, 0, 0, 
78, 1, 78, 78, -1, 178, 292, 17.0, 13, ABplppapapp, 5254, 0, 0, 0, , 0, 0, 0, 0, 0, 
79, 1, 79, 79, -1, 162, 298, 18.0, 13, ABprppapppa, 3266, 0, 0, 0, , 0, 0, 0, 0, 0, 
80, 1, 80, 80, -1, 151, 295, 17.0, 15, ABplppaappp, 4282, 0, 0, 0, , 0, 0, 0, 0, 0, 
81, 0, 81, -1, -1, 274, 192, 16.0, 11, , 3038, 0, 0, 0, , 0, 0, 0, 0, 0, 
82, 1, 82, 82, -1, 206, 278, 20.0, 15, MSaappap, 2842, 0, 0, 0, , 0, 0, 0, 0, 0, 
83, 1, 83, 83, -1, 115, 243, 19.0, 11, ABplpappppp, 3424, 0, 0, 0, , 0, 0, 0, 0, 0, 
84, 1, 84, 84, -1, 123, 263, 20.0, 15, ABplpappppa, 3902, 0, 0, 0, , 0, 0, 0, 0, 0, 
85, 1, 85, 85, -1, 129, 254, 16.0, 13, ABplpapppaa, 2477, 0, 0, 0, , 0, 0, 0, 0, 0, 
86, 1, 86, 86, -1, 131, 243, 21.0, 13, ABplpapppap, 3723, 0, 0, 0, , 0, 0, 0, 0, 0, 
87, 1, 87, 87, -1, 223, 219, 11.0, 15, ABplapaapa, 11849, 0, 0, 0, , 0, 0, 0, 0, 0, 
88, 1, 88, 88, -1, 231, 242, 16.0, 13, ABplpapapap, 4241, 0, 0, 0, , 0, 0, 0, 0, 0, 
89, 1, 89, 89, -1, 224, 254, 15.0, 13, ABplpapapaa, 3472, 0, 0, 0, , 0, 0, 0, 0, 0, 
90, 1, 90, 90, -1, 239, 229, 15.0, 11, Nuc365_12_254_241, 2414, 0, 0, 0, , 0, 0, 0, 0, 0, 
91, 1, 91, 91, -1, 254, 229, 16.0, 13, ABplpapaaaa, 2885, 0, 0, 0, , 0, 0, 0, 0, 0, 
92, 1, 92, 92, -1, 212, 251, 18.0, 13, ABplppapaap, 4511, 0, 0, 0, , 0, 0, 0, 0, 0, 
93, 1, 93, 93, -1, 302, 249, 13.0, 13, ABplpaaaaaa, 7070, 0, 0, 0, , 0, 0, 0, 0, 0, 
94, 1, 94, 94, -1, 289, 199, 10.0, 15, ABplpaapapp, 7335, 0, 0, 0, , 0, 0, 0, 0, 0, 
95, 1, 95, 95, -1, 265, 284, 14.0, 15, ABplpaappap, 5995, 0, 0, 0, , 0, 0, 0, 0, 0, 
96, 1, 96, 96, -1, 260, 266, 13.0, 15, ABplpaappaa, 1526, 0, 0, 0, , 0, 0, 0, 0, 0, 
97, 1, 97, 97, -1, 272, 230, 14.0, 11, MSappapp, 2603, 0, 0, 0, , 0, 0, 0, 0, 0, 
98, 1, 98, 98, -1, 273, 287, 12.0, 15, ABplpaapaap, 6578, 0, 0, 0, , 0, 0, 0, 0, 0, 
99, 0, 99, -1, -1, 301, 283, 18.0, 13, , 3319, 0, 0, 0, , 0, 0, 0, 0, 0, 
100, 1, 100, 100, -1, 354, 245, 16.0, 15, ABplpaapapa, 8865, 0, 0, 0, , 0, 0, 0, 0, 0, 
101, 1, 101, 101, -1, 356, 203, 24.0, 13, ABplaapaaaa, 5559, 0, 0, 0, , 0, 0, 0, 0, 0, 
102, 1, 102, 102, -1, 355, 209, 20.0, 15, ABplaapaaap, 5952, 0, 0, 0, , 0, 0, 0, 0, 0, 
103, 1, 103, 103, -1, 340, 244, 16.0, 15, ABplaapaapa, 6663, 0, 0, 0, , 0, 0, 0, 0, 0, 
104, 1, 104, 104, -1, 316, 287, 19.0, 11, Nuc377_18_321_290, 1942, 0, 0, 0, , 0, 0, 0, 0, 0, 
105, 1, 105, 105, -1, 291, 296, 17.0, 11, ABplaapapppp, 2869, 0, 0, 0, , 0, 0, 0, 0, 0, 
106, 1, 106, 106, -1, 279, 292, 18.0, 11, ABplaapapap, 4291, 0, 0, 0, , 0, 0, 0, 0, 0, 
107, 1, 107, 107, -1, 269, 279, 16.0, 13, ABplaapapaa, 3150, 0, 0, 0, , 0, 0, 0, 0, 0, 
108, 0, 108, -1, -1, 333, 269, 30.0, 14, , 5828, 0, 0, 0, , 0, 0, 0, 0, 0, 
109, 1, 109, 109, -1, 368, 229, 28.0, 13, ABplaaaapp, 4550, 0, 0, 0, , 0, 0, 0, 0, 0, 
110, 1, 110, 110, -1, 344, 247, 12.0, 15, ABplaaappa, 5821, 0, 0, 0, , 0, 0, 0, 0, 0, 
111, 0, 111, -1, -1, 332, 267, 18.0, 9, , 599, 0, 0, 0, , 0, 0, 0, 0, 0, 
112, 0, 112, -1, -1, 340, 276, 15.0, 17, , 13180, 0, 0, 0, , 0, 0, 0, 0, 0, 
113, 1, 113, 113, -1, 334, 254, 20.0, 11, ABplaaappp, 1978, 0, 0, 0, , 0, 0, 0, 0, 0, 
114, 1, 114, 114, -1, 338, 202, 15.0, 13, ABplaaapaa, 6185, 0, 0, 0, , 0, 0, 0, 0, 0, 
115, 1, 115, 115, -1, 150, 232, 14.0, 15, ABplappppa, 6126, 0, 0, 0, , 0, 0, 0, 0, 0, 
116, 1, 116, 116, -1, 93, 252, 11.0, 15, ABplappppp, 8186, 0, 0, 0, , 0, 0, 0, 0, 0, 
117, 1, 117, 117, -1, 109, 275, 11.0, 15, ABplapppaaa, 8577, 0, 0, 0, , 0, 0, 0, 0, 0, 
118, 0, -1, -1, -1, 78, 291, 11.0, 11, , 1535, 0, 0, 0, , 0, 0, 0, 0, 0, 
119, 0, -1, -1, -1, 81, 302, 11.0, 11, , 1877, 0, 0, 0, , 0, 0, 0, 0, 0, 
120, 1, 119, 689, -1, 211, 315, 12.0, 19, ABplappaaa, 45346, 0, 0, 0, , 0, 0, 0, 0, 0, 
121, 1, 120, 121, -1, 147, 331, 11.0, 17, ABplappapp, 8133, 0, 0, 0, , 0, 0, 0, 0, 0, 
122, 1, 121, 122, -1, 196, 339, 14.0, 15, ABplappapa, 7877, 0, 0, 0, , 0, 0, 0, 0, 0, 
123, 1, 122, 123, -1, 231, 304, 11.0, 17, ABplapaapp, 8640, 0, 0, 0, , 0, 0, 0, 0, 0, 
124, 1, 123, 124, -1, 321, 284, 25.0, 17, ABarppaaaa, 13847, 0, 0, 0, , 0, 0, 0, 0, 0, 
125, 1, 124, 125, -1, 253, 305, 17.0, 17, ABplapaaapp, 4567, 0, 0, 0, , 0, 0, 0, 0, 0, 
126, 1, 125, 126, -1, 120, 311, 10.0, 15, ABplapapap, 5898, 0, 0, 0, , 0, 0, 0, 0, 0, 
127, 1, 126, 127, -1, 119, 290, 10.0, 15, ABplapappa, 6190, 0, 0, 0, , 0, 0, 0, 0, 0, 
128, 1, 127, 128, -1, 113, 335, 13.0, 17, ABplapapaa, 8039, 0, 0, 0, , 0, 0, 0, 0, 0, 
129, 1, 128, 129, -1, 231, 206, 18.0, 11, ABprpapaaap, 2774, 0, 0, 0, , 0, 0, 0, 0, 0, 
130, 1, 129, 130, -1, 143, 267, 15.0, 11, ABprpapappp, 3536, 0, 0, 0, , 0, 0, 0, 0, 0, 
131, 1, 130, 131, -1, 210, 217, 21.0, 13, ABprpapapaa, 4809, 0, 0, 0, , 0, 0, 0, 0, 0, 
132, 1, 131, 132, -1, 88, 291, 18.0, 21, Nuc376_18_89_294, 28481, 0, 0, 0, , 0, 0, 0, 0, 0, 
133, 1, 132, 133, -1, 99, 249, 21.0, 13, ABprpappppa, 4895, 0, 0, 0, , 0, 0, 0, 0, 0, 
134, 1, 133, 134, -1, 176, 263, 17.0, 13, Nuc367_14_177_266, 1772, 0, 0, 0, , 0, 0, 0, 0, 0, 
135, 1, 134, 135, -1, 246, 219, 19.0, 13, ABprpappaap, 3294, 0, 0, 0, , 0, 0, 0, 0, 0, 
136, 1, 135, 136, -1, 295, 204, 19.0, 13, ABarapapapa, 6734, 0, 0, 0, , 0, 0, 0, 0, 0, 
137, 1, 136, 137, -1, 225, 180, 27.0, 13, ABprpaaaaap, 4925, 0, 0, 0, , 0, 0, 0, 0, 0, 
138, 1, 137, 138, -1, 238, 191, 26.0, 11, ABpraaappaa, 3113, 0, 0, 0, , 0, 0, 0, 0, 0, 
139, 1, 138, 139, -1, 188, 253, 16.0, 13, ABprpaaaapp, 5033, 0, 0, 0, , 0, 0, 0, 0, 0, 
140, 1, 139, 140, -1, 228, 200, 13.0, 17, ABprpaaaapa, 6591, 0, 0, 0, , 0, 0, 0, 0, 0, 
141, 1, 140, 141, -1, 261, 182, 26.0, 13, ABprpaaaaaa, 4257, 0, 0, 0, , 0, 0, 0, 0, 0, 
142, 1, 141, 142, -1, 249, 185, 18.0, 13, ABprpapaapp, 6671, 0, 0, 0, , 0, 0, 0, 0, 0, 
143, 1, 142, 143, -1, 242, 196, 18.0, 11, ABprpapaapa, 2972, 0, 0, 0, , 0, 0, 0, 0, 0, 
144, 1, 143, 144, -1, 259, 172, 22.0, 17, ABprpaaappp, 9050, 0, 0, 0, , 0, 0, 0, 0, 0, 
145, 1, 144, 145, -1, 280, 162, 20.0, 15, ABprpaaapap, 5960, 0, 0, 0, , 0, 0, 0, 0, 0, 
146, 1, 145, 146, -1, 215, 200, 31.0, 13, ABprpaapaap, 6568, 0, 0, 0, , 0, 0, 0, 0, 0, 
147, 1, 146, 147, -1, 309, 178, 32.0, 17, ABprpaapapa, 12800, 0, 0, 0, , 0, 0, 0, 0, 0, 
148, 1, 148, 148, -1, 213, 210, 28.0, 11, ABprpaappap, 3247, 0, 0, 0, , 0, 0, 0, 0, 0, 
149, 1, 149, 149, -1, 224, 197, 28.0, 11, ABprpaappaa, 4243, 0, 0, 0, , 0, 0, 0, 0, 0, 
150, 1, 150, 150, -1, 121, 250, 26.0, 19, ABprpppaapa, 10955, 0, 0, 0, , 0, 0, 0, 0, 0, 
151, 1, 151, 151, -1, 138, 275, 21.0, 13, ABprpppaaap, 6228, 0, 0, 0, , 0, 0, 0, 0, 0, 
152, 1, 152, 152, -1, 153, 258, 20.0, 15, ABprpppaaaa, 6638, 0, 0, 0, , 0, 0, 0, 0, 0, 
153, 1, 153, 153, -1, 136, 223, 24.0, 15, ABprpppapaa, 5333, 0, 0, 0, , 0, 0, 0, 0, 0, 
154, 1, 154, 154, -1, 149, 232, 21.0, 15, ABprppppapa, 4433, 0, 0, 0, , 0, 0, 0, 0, 0, 
155, 1, 155, 155, -1, 136, 230, 18.0, 15, ABprppppapp, 4593, 0, 0, 0, , 0, 0, 0, 0, 0, 
156, 1, 156, 156, -1, 130, 257, 23.0, 11, ABprppppaaa, 3603, 0, 0, 0, , 0, 0, 0, 0, 0, 
157, 1, 157, 157, -1, 114, 252, 22.0, 13, ABprppppaap, 4180, 0, 0, 0, , 0, 0, 0, 0, 0, 
158, 1, 158, 158, -1, 130, 277, 25.0, 15, ABprpppppaa, 4677, 0, 0, 0, , 0, 0, 0, 0, 0, 
159, 1, 159, 159, -1, 117, 272, 24.0, 15, ABprpppppap, 6651, 0, 0, 0, , 0, 0, 0, 0, 0, 
160, 1, 160, 160, -1, 212, 189, 26.0, 13, ABprppaapap, 4442, 0, 0, 0, , 0, 0, 0, 0, 0, 
161, 0, 161, -1, -1, 219, 169, 21.0, 14, , 787, 0, 0, 0, , 0, 0, 0, 0, 0, 
162, 1, 162, 162, -1, 203, 216, 15.0, 15, ABprppaappa, 5083, 0, 0, 0, , 0, 0, 0, 0, 0, 
163, 1, 163, 163, -1, 144, 276, 17.0, 11, ABprppaappp, 3844, 0, 0, 0, , 0, 0, 0, 0, 0, 
164, 1, 164, 164, -1, 226, 170, 24.0, 13, ABprppaaaaa, 4898, 0, 0, 0, , 0, 0, 0, 0, 0, 
165, 1, 165, 165, -1, 197, 211, 31.0, 11, Nuc375_29_192_204, 1056, 0, 0, 0, , 0, 0, 0, 0, 0, 
166, 1, 166, 166, -1, 203, 194, 28.0, 17, ABprppaaaapa, 3933, 0, 0, 0, , 0, 0, 0, 0, 0, 
167, 1, 167, 167, -1, 192, 211, 17.0, 17, ABprppapaaa, 12816, 0, 0, 0, , 0, 0, 0, 0, 0, 
168, 1, 168, 168, -1, 205, 263, 19.0, 11, ABprppapaap, 2996, 0, 0, 0, , 0, 0, 0, 0, 0, 
169, 1, 169, 169, -1, 192, 265, 18.0, 13, ABprppappap, 2744, 0, 0, 0, , 0, 0, 0, 0, 0, 
170, 1, 170, 170, -1, 188, 270, 21.0, 13, ABprppapapa, 3594, 0, 0, 0, , 0, 0, 0, 0, 0, 
171, 1, 171, 171, -1, 160, 299, 21.0, 15, ABprppapapp, 5987, 0, 0, 0, , 0, 0, 0, 0, 0, 
172, 1, 172, 172, -1, 135, 272, 19.0, 13, ABprppapppp, 4129, 0, 0, 0, , 0, 0, 0, 0, 0, 
173, 1, 173, 173, -1, 192, 248, 19.0, 13, ABprppappaa, 4396, 0, 0, 0, , 0, 0, 0, 0, 0, 
174, 1, 174, 174, -1, 347, 195, 24.0, 13, ABpraapaaaa, 3966, 0, 0, 0, , 0, 0, 0, 0, 0, 
175, 1, 175, 175, -1, 329, 206, 34.0, 15, ABarpapaaap, 7773, 0, 0, 0, , 0, 0, 0, 0, 0, 
176, 1, 176, 176, -1, 278, 190, 32.0, 11, ABpraapaapp, 1811, 0, 0, 0, , 0, 0, 0, 0, 0, 
177, 1, 177, 177, -1, 239, 223, 30.0, 15, ABpraapapap, 9895, 0, 0, 0, , 0, 0, 0, 0, 0, 
178, 1, 178, 178, -1, 228, 219, 27.0, 13, ABpraapapaa, 3683, 0, 0, 0, , 0, 0, 0, 0, 0, 
179, 0, 179, -1, -1, 246, 164, 31.0, 9, , 1056, 0, 0, 0, , 0, 0, 0, 0, 0, 
180, 1, 180, 180, -1, 238, 217, 26.0, 11, ABpraapappa, 3549, 0, 0, 0, , 0, 0, 0, 0, 0, 
181, 1, 181, 181, -1, 196, 214, 31.0, 17, ABpraapppp, 5572, 0, 0, 0, , 0, 0, 0, 0, 0, 
182, 1, 182, 182, -1, 311, 169, 18.0, 13, ABpraappaa, 4349, 0, 0, 0, , 0, 0, 0, 0, 0, 
183, 1, 183, 183, -1, 258, 201, 26.0, 11, MSppapap, 2883, 0, 0, 0, , 0, 0, 0, 0, 0, 
184, 1, 184, 184, -1, 251, 212, 29.0, 11, ABpraaapaad, 3548, 0, 0, 0, , 0, 0, 0, 0, 0, 
185, 1, 185, 185, -1, 226, 218, 35.0, 11, ABpraaapppap, 2650, 0, 0, 0, , 0, 0, 0, 0, 0, 
186, 1, 186, 186, -1, 243, 172, 25.0, 15, ABpraaaaaaa, 4239, 0, 0, 0, , 0, 0, 0, 0, 0, 
187, 1, 187, 187, -1, 254, 168, 28.0, 11, ABalaappapa, 1970, 0, 0, 0, , 0, 0, 0, 0, 0, 
188, 1, 188, 188, -1, 135, 294, 32.0, 19, ABprappapp, 6883, 0, 0, 0, , 0, 0, 0, 0, 0, 
189, 1, 189, 189, -1, 171, 289, 34.0, 19, ABprappapa, 7502, 0, 0, 0, , 0, 0, 0, 0, 0, 
190, 1, 190, 190, -1, 160, 281, 31.0, 17, ABprappaap, 5460, 0, 0, 0, , 0, 0, 0, 0, 0, 
191, 1, 191, 191, -1, 180, 261, 28.0, 13, ABprappaaa, 4722, 0, 0, 0, , 0, 0, 0, 0, 0, 
192, 1, 192, 192, -1, 122, 244, 29.0, 15, ABprapppaaa, 4515, 0, 0, 0, , 0, 0, 0, 0, 0, 
193, 1, 193, 193, -1, 121, 225, 26.0, 11, ABprapppappa, 2747, 0, 0, 0, , 0, 0, 0, 0, 0, 
194, 1, 194, -1, -1, 87, 238, 22.0, 13, Nuc372_23_85_239, 6689, 0, 0, 0, , 0, 0, 0, 0, 0, 
195, 1, 195, 195, -1, 104, 227, 24.0, 15, ABprappppp, 9332, 0, 0, 0, , 0, 0, 0, 0, 0, 
196, 1, 196, 196, -1, 137, 222, 12.0, 13, ABplpppapap, 2665, 0, 0, 0, , 0, 0, 0, 0, 0, 
197, 1, 197, 197, -1, 213, 227, 29.0, 13, ABprapaaapa, 4891, 0, 0, 0, , 0, 0, 0, 0, 0, 
198, 1, 198, 198, -1, 216, 242, 30.0, 15, ABprapaaapp, 3487, 0, 0, 0, , 0, 0, 0, 0, 0, 
199, 1, 199, 199, -1, 189, 239, 29.0, 15, ABprapaapp, 6988, 0, 0, 0, , 0, 0, 0, 0, 0, 
200, 1, 200, 200, -1, 205, 190, 18.0, 15, ABprapaapa, 8664, 0, 0, 0, , 0, 0, 0, 0, 0, 
201, 1, 201, 201, -1, 139, 250, 30.0, 15, ABprapappa, 5282, 0, 0, 0, , 0, 0, 0, 0, 0, 
202, 1, 202, 194, -1, 87, 239, 23.0, 13, ABprapappppp, 3080, 0, 0, 0, , 0, 0, 0, 0, 0, 
203, 1, 203, 203, -1, 125, 272, 31.0, 15, ABprapapap, 6393, 0, 0, 0, , 0, 0, 0, 0, 0, 
204, 1, 204, 204, -1, 105, 289, 33.0, 19, ABprapapaa, 13724, 0, 0, 0, , 0, 0, 0, 0, 0, 
205, 1, 205, 205, -1, 287, 257, 35.0, 17, MSppppap, 4004, 0, 0, 0, , 0, 0, 0, 0, 0, 
206, 1, 206, 206, -1, 325, 246, 35.0, 17, MSpppppa, 4309, 0, 0, 0, , 0, 0, 0, 0, 0, 
207, 1, 711, 207, -1, 309, 268, 33.0, 17, MSpppaaa, 43486, 0, 0, 0, , 0, 0, 0, 0, 0, 
208, 1, 208, 208, -1, 165, 281, 28.0, 15, Nuc370_26_163_290, 4435, 0, 0, 0, , 0, 0, 0, 0, 0, 
209, 1, 209, 209, -1, 241, 206, 20.0, 13, ABprpapaaaa, 4702, 0, 0, 0, , 0, 0, 0, 0, 0, 
210, 1, 210, 210, -1, 117, 285, 19.0, 13, MSppaapp, 5210, 0, 0, 0, , 0, 0, 0, 0, 0, 
211, 0, 211, -1, -1, 250, 210, 29.0, 11, , 2172, 0, 0, 0, , 0, 0, 0, 0, 0, 
212, 1, 212, 212, -1, 275, 209, 28.0, 13, MSppaaaad, 1562, 0, 0, 0, , 0, 0, 0, 0, 0, 
213, 1, 213, 213, -1, 268, 216, 26.0, 11, Nuc361_23_260_214, 4100, 0, 0, 0, , 0, 0, 0, 0, 0, 
214, 1, 214, 214, -1, 212, 286, 26.0, 15, MSpapappp, 6655, 0, 0, 0, , 0, 0, 0, 0, 0, 
215, 1, 215, 215, -1, 211, 263, 24.0, 15, MSpapapaa, 3835, 0, 0, 0, , 0, 0, 0, 0, 0, 
216, 1, 216, 216, -1, 223, 237, 24.0, 13, MSpapaaap, 3479, 0, 0, 0, , 0, 0, 0, 0, 0, 
217, 1, 217, 217, -1, 166, 307, 13.0, 15, MSpappaa, 5611, 0, 0, 0, , 0, 0, 0, 0, 0, 
218, 1, 218, 218, -1, 179, 256, 23.0, 15, MSpappppa, 2544, 0, 0, 0, , 0, 0, 0, 0, 0, 
219, 1, 219, 219, -1, 173, 270, 23.0, 11, MSpappppp, 2087, 0, 0, 0, , 0, 0, 0, 0, 0, 
220, 1, 220, 220, -1, 262, 308, 30.0, 15, MSpaaappp, 4315, 0, 0, 0, , 0, 0, 0, 0, 0, 
221, 1, 221, 221, -1, 260, 303, 26.0, 15, MSpaaapaa, 4663, 0, 0, 0, , 0, 0, 0, 0, 0, 
222, 1, 222, 222, -1, 278, 265, 30.0, 13, MSpaaaapp, 3665, 0, 0, 0, , 0, 0, 0, 0, 0, 
223, 1, 223, 223, -1, 291, 279, 30.0, 15, MSpaaaaaa, 5843, 0, 0, 0, , 0, 0, 0, 0, 0, 
224, 1, 701, 224, -1, 261, 270, 31.0, 15, ABaraappapp, 5050, 0, 0, 0, , 0, 0, 0, 0, 0, 
225, 1, 225, 225, -1, 234, 247, 27.0, 13, ABaraappppa, 6404, 0, 0, 0, , 0, 0, 0, 0, 0, 
226, 1, 226, 226, -1, 246, 261, 31.0, 13, ABaraapppap, 5600, 0, 0, 0, , 0, 0, 0, 0, 0, 
227, 1, 227, 227, -1, 256, 296, 30.0, 11, MSpaapaap, 2282, 0, 0, 0, , 0, 0, 0, 0, 0, 
228, 1, 228, 228, -1, 280, 289, 31.0, 15, MSpaaappa, 4561, 0, 0, 0, , 0, 0, 0, 0, 0, 
229, 1, 229, 229, -1, 250, 283, 30.0, 13, MSpaapaaa, 3076, 0, 0, 0, , 0, 0, 0, 0, 0, 
230, 1, 230, 230, -1, 302, 306, 24.0, 15, MSapppap, 3481, 0, 0, 0, , 0, 0, 0, 0, 0, 
231, 1, 231, 231, -1, 323, 252, 31.0, 9, Nuc374_30_325_260, 1161, 0, 0, 0, , 0, 0, 0, 0, 0, 
232, 1, 232, 232, -1, 311, 286, 30.0, 15, MSappaaa, 3984, 0, 0, 0, , 0, 0, 0, 0, 0, 
233, 1, 233, 233, -1, 283, 298, 24.0, 17, ABaraapaapp, 8796, 0, 0, 0, , 0, 0, 0, 0, 0, 
234, 1, 234, 234, -1, 355, 262, 30.0, 15, Nuc359_33_337_234, 8880, 0, 0, 0, , 0, 0, 0, 0, 0, 
235, 1, 235, 235, -1, 129, 296, 21.0, 15, MSapaapp, 5490, 0, 0, 0, , 0, 0, 0, 0, 0, 
236, 1, 236, 236, -1, 316, 259, 20.0, 11, MSapaaaa, 3318, 0, 0, 0, , 0, 0, 0, 0, 0, 
237, 1, 237, 237, -1, 265, 284, 27.0, 13, Nuc360_29_260_263, 2943, 0, 0, 0, , 0, 0, 0, 0, 0, 
238, 1, 238, 238, -1, 328, 258, 25.0, 13, MSaaaaaal, 5058, 0, 0, 0, , 0, 0, 0, 0, 0, 
239, 1, 239, 239, -1, 276, 304, 30.0, 15, MSaaaapaa, 4657, 0, 0, 0, , 0, 0, 0, 0, 0, 
240, 1, 240, 240, -1, 286, 299, 27.0, 13, MSaaaapap, 4550, 0, 0, 0, , 0, 0, 0, 0, 0, 
241, 1, 241, 241, -1, 247, 310, 27.0, 11, MSaaaappa, 3305, 0, 0, 0, , 0, 0, 0, 0, 0, 
242, 1, 242, 242, -1, 242, 310, 29.0, 13, MSpaaapap, 4614, 0, 0, 0, , 0, 0, 0, 0, 0, 
243, 1, 243, 243, -1, 251, 311, 23.0, 13, MSaaapapa, 3276, 0, 0, 0, , 0, 0, 0, 0, 0, 
244, 1, 244, 244, -1, 229, 293, 22.0, 13, MSaaapapp, 905, 0, 0, 0, , 0, 0, 0, 0, 0, 
245, 1, 245, 245, -1, 232, 321, 25.0, 13, MSaaappa, 3906, 0, 0, 0, , 0, 0, 0, 0, 0, 
246, 1, 246, 246, -1, 239, 326, 28.0, 13, MSaaappp, 3718, 0, 0, 0, , 0, 0, 0, 0, 0, 
247, 1, 247, 247, -1, 197, 283, 12.0, 13, MSaappppa, 3028, 0, 0, 0, , 0, 0, 0, 0, 0, 
248, 1, 248, 248, -1, 183, 295, 14.0, 13, MSaappppp, 2060, 0, 0, 0, , 0, 0, 0, 0, 0, 
249, 1, 249, 249, -1, 236, 260, 17.0, 13, MSaapaaap, 3681, 0, 0, 0, , 0, 0, 0, 0, 0, 
250, 1, 250, 250, -1, 255, 256, 20.0, 11, MSaapaaaa, 1783, 0, 0, 0, , 0, 0, 0, 0, 0, 
251, 1, 251, 251, -1, 222, 292, 19.0, 13, MSaapappp, 4026, 0, 0, 0, , 0, 0, 0, 0, 0, 
252, 1, 252, 252, -1, 255, 299, 20.0, 11, MSaapappa, 1855, 0, 0, 0, , 0, 0, 0, 0, 0, 
253, 1, 253, 253, -1, 227, 277, 18.0, 11, MSaapapaa, 2782, 0, 0, 0, , 0, 0, 0, 0, 0, 
254, 1, 254, 254, -1, 241, 286, 21.0, 15, MSaapapap, 3269, 0, 0, 0, , 0, 0, 0, 0, 0, 
255, 1, 255, 255, -1, 73, 316, 15.0, 14, Cappapa, 6750, 0, 0, 0, , 0, 0, 0, 0, 0, 
256, 1, 256, 256, -1, 208, 355, 22.0, 17, Cappaaa, 5561, 0, 0, 0, , 0, 0, 0, 0, 0, 
257, 1, 257, 257, -1, 62, 309, 18.0, 17, Capppap, 3967, 0, 0, 0, , 0, 0, 0, 0, 0, 
258, 1, 258, 258, -1, 97, 360, 21.0, 14, Capppaa, 4317, 0, 0, 0, , 0, 0, 0, 0, 0, 
259, 1, 259, 259, -1, 99, 355, 18.0, 15, Capapap, 7481, 0, 0, 0, , 0, 0, 0, 0, 0, 
260, 1, 260, 260, -1, 139, 272, 12.0, 17, Capappp, 7503, 0, 0, 0, , 0, 0, 0, 0, 0, 
261, 1, 261, 261, -1, 134, 296, 12.0, 13, Capappa, 5794, 0, 0, 0, , 0, 0, 0, 0, 0, 
262, 1, 262, 262, -1, 193, 306, 12.0, 17, Capaaap, 6577, 0, 0, 0, , 0, 0, 0, 0, 0, 
263, 1, 263, 263, -1, 214, 286, 12.0, 17, Capaaaa, 6133, 0, 0, 0, , 0, 0, 0, 0, 0, 
264, 1, 264, 264, -1, 108, 219, 18.0, 17, ABprppppppp, 10467, 0, 0, 0, , 0, 0, 0, 0, 0, 
265, 1, 265, 265, -1, 98, 229, 20.0, 15, Caappv, 4353, 0, 0, 0, , 0, 0, 0, 0, 0, 
266, 1, 266, 266, -1, 90, 240, 13.0, 15, Cpappv, 8849, 0, 0, 0, , 0, 0, 0, 0, 0, 
267, 1, 267, 267, -1, 164, 282, 27.0, 15, Cppaapa, 6847, 0, 0, 0, , 0, 0, 0, 0, 0, 
268, 1, 268, 268, -1, 176, 261, 26.0, 15, Cppaaap, 4766, 0, 0, 0, , 0, 0, 0, 0, 0, 
269, 1, 269, 269, -1, 184, 242, 25.0, 17, Cppaaaa, 6710, 0, 0, 0, , 0, 0, 0, 0, 0, 
270, 1, 270, 270, -1, 145, 247, 25.0, 17, Cppappp, 7042, 0, 0, 0, , 0, 0, 0, 0, 0, 
271, 1, 271, 271, -1, 130, 262, 26.0, 13, Cppappa, 3983, 0, 0, 0, , 0, 0, 0, 0, 0, 
272, 1, 272, 272, -1, 172, 354, 32.0, 19, Cpppaap, 3859, 0, 0, 0, , 0, 0, 0, 0, 0, 
273, 1, 273, 273, -1, 220, 315, 34.0, 19, Cpppaaa, 26828, 0, 0, 0, , 0, 0, 0, 0, 0, 
274, 1, 274, 274, -1, 73, 278, 28.0, 19, Cpppapp, 9575, 0, 0, 0, , 0, 0, 0, 0, 0, 
275, 1, 275, 275, -1, 251, 240, 13.0, 13, Daapa, 5118, 0, 0, 0, , 0, 0, 0, 0, 0, 
276, 1, 276, 276, -1, 235, 241, 11.0, 13, Daapp, 5674, 0, 0, 0, , 0, 0, 0, 0, 0, 
277, 0, 277, -1, -1, 251, 304, 16.0, 15, , 7117, 0, 0, 0, , 0, 0, 0, 0, 0, 
278, 1, 278, 278, -1, 291, 318, 27.0, 13, Dappaa, 3278, 0, 0, 0, , 0, 0, 0, 0, 0, 
279, 1, 279, 279, -1, 276, 321, 23.0, 17, Daaap, 6395, 0, 0, 0, , 0, 0, 0, 0, 0, 
280, 1, 280, 280, -1, 206, 196, 21.0, 15, Dpapp, 4900, 0, 0, 0, , 0, 0, 0, 0, 0, 
281, 1, 281, 281, -1, 225, 186, 21.0, 17, Dpapa, 17370, 0, 0, 0, , 0, 0, 0, 0, 0, 
282, 1, 282, 282, -1, 227, 213, 22.0, 15, ABprpappapa, 5920, 0, 0, 0, , 0, 0, 0, 0, 0, 
283, 1, 283, 283, -1, 238, 324, 34.0, 15, Dppppa, 3436, 0, 0, 0, , 0, 0, 0, 0, 0, 
284, 1, 284, 284, -1, 253, 305, 34.0, 15, Dpppap, 3869, 0, 0, 0, , 0, 0, 0, 0, 0, 
285, 1, 285, 285, -1, 283, 280, 35.0, 15, Dpppaa, 7073, 0, 0, 0, , 0, 0, 0, 0, 0, 
286, 1, 286, 286, -1, 201, 231, 25.0, 15, Dppaa, 4557, 0, 0, 0, , 0, 0, 0, 0, 0, 
287, 1, 287, 287, -1, 240, 292, 35.0, 17, Dppap, 4775, 0, 0, 0, , 0, 0, 0, 0, 0, 
288, 0, 288, -1, -1, 382, 244, 24.0, 13, , 5727, 0, 0, 0, , 0, 0, 0, 0, 0, 
289, 1, 289, 289, -1, 283, 271, 17.0, 15, ABplaapappa, 9444, 0, 0, 0, , 0, 0, 0, 0, 0, 
290, 1, 290, 290, -1, 285, 301, 12.0, 9, ABalppppppap, 1745, 0, 0, 0, , 0, 0, 0, 0, 0, 
291, 1, 291, 291, -1, 353, 226, 13.0, 17, ABplaaapap, 6180, 0, 0, 0, , 0, 0, 0, 0, 0, 
292, 1, 292, 292, -1, 288, 252, 12.0, 11, ABalpppaaaa, 3671, 0, 0, 0, , 0, 0, 0, 0, 0, 
293, 1, 293, 293, -1, 317, 210, 15.0, 15, ABalpppaaap, 3281, 0, 0, 0, , 0, 0, 0, 0, 0, 
294, 1, 294, 294, -1, 337, 231, 11.0, 13, ABalpppaapd, 4228, 0, 0, 0, , 0, 0, 0, 0, 0, 
295, 1, 295, 295, -1, 334, 227, 17.0, 13, ABalpppaapv, 4019, 0, 0, 0, , 0, 0, 0, 0, 0, 
296, 1, 296, 296, -1, 295, 264, 12.0, 14, ABalpppapad, 3109, 0, 0, 0, , 0, 0, 0, 0, 0, 
297, 1, 297, 297, -1, 299, 236, 11.0, 15, ABalpppapav, 4923, 0, 0, 0, , 0, 0, 0, 0, 0, 
298, 1, 298, 298, -1, 324, 212, 13.0, 13, ABalppaaapp, 4399, 0, 0, 0, , 0, 0, 0, 0, 0, 
299, 1, 299, 299, -1, 275, 262, 12.0, 15, ABplpaaaaap, 6241, 0, 0, 0, , 0, 0, 0, 0, 0, 
300, 1, 300, 300, -1, 285, 206, 15.0, 11, ABalppapppa, 6369, 0, 0, 0, , 0, 0, 0, 0, 0, 
301, 1, 301, 301, -1, 312, 275, 18.0, 11, ABalppappaa, 2003, 0, 0, 0, , 0, 0, 0, 0, 0, 
302, 1, 302, 302, -1, 258, 210, 16.0, 17, ABalppapapa, 10499, 0, 0, 0, , 0, 0, 0, 0, 0, 
303, 1, 303, 303, -1, 326, 198, 12.0, 11, ABalppapapp, 2314, 0, 0, 0, , 0, 0, 0, 0, 0, 
304, 1, 304, 304, -1, 318, 180, 15.0, 13, ABplaappaa, 3177, 0, 0, 0, , 0, 0, 0, 0, 0, 
305, 1, 305, 305, -1, 318, 244, 13.0, 13, ABalppapaaa, 5984, 0, 0, 0, , 0, 0, 0, 0, 0, 
306, 1, 306, 306, -1, 306, 179, 15.0, 9, ABalpapaapp, 2632, 0, 0, 0, , 0, 0, 0, 0, 0, 
307, 0, 307, -1, -1, 263, 212, 10.0, 11, , 2135, 0, 0, 0, , 0, 0, 0, 0, 0, 
308, 1, 308, 308, -1, 288, 230, 18.0, 11, ABalpaaaapa, 4778, 0, 0, 0, , 0, 0, 0, 0, 0, 
309, 1, 309, 309, -1, 275, 236, 18.0, 11, ABalpaaaaap, 3955, 0, 0, 0, , 0, 0, 0, 0, 0, 
310, 1, 310, 310, -1, 251, 239, 26.0, 15, ABalpappaaa, 8349, 0, 0, 0, , 0, 0, 0, 0, 0, 
311, 1, 311, 311, -1, 301, 259, 16.0, 11, ABalpapppaa, 1907, 0, 0, 0, , 0, 0, 0, 0, 0, 
312, 1, 312, 312, -1, 301, 277, 23.0, 15, ABalpaapapa, 4444, 0, 0, 0, , 0, 0, 0, 0, 0, 
313, 1, 313, 313, -1, 265, 230, 19.0, 13, ABalpaaaapp, 6272, 0, 0, 0, , 0, 0, 0, 0, 0, 
314, 1, 314, 314, -1, 305, 220, 20.0, 15, ABalpaaaaaa, 7408, 0, 0, 0, , 0, 0, 0, 0, 0, 
315, 1, 315, 315, -1, 260, 244, 23.0, 9, Nuc362_20_282_258, 679, 0, 0, 0, , 0, 0, 0, 0, 0, 
316, 1, 316, 316, -1, 337, 228, 19.0, 15, ABalpaapppa, 4682, 0, 0, 0, , 0, 0, 0, 0, 0, 
317, 1, 317, 317, -1, 352, 239, 18.0, 11, ABalpaapppp, 897, 0, 0, 0, , 0, 0, 0, 0, 0, 
318, 1, 318, 318, -1, 333, 208, 20.0, 13, ABalpaappaa, 3587, 0, 0, 0, , 0, 0, 0, 0, 0, 
319, 0, 319, -1, -1, 310, 230, 21.0, 11, , 2871, 0, 0, 0, , 0, 0, 0, 0, 0, 
320, 0, 320, -1, -1, 272, 226, 16.0, 11, , 3459, 0, 0, 0, , 0, 0, 0, 0, 0, 
321, 1, 321, 321, -1, 128, 342, 21.0, 15, Ealpp, 1274, 0, 0, 0, , 0, 0, 0, 0, 0, 
322, 1, 322, 322, -1, 197, 306, 20.0, 19, Ealpa, 7592, 0, 0, 0, , 0, 0, 0, 0, 0, 
323, 1, 323, 323, -1, 249, 340, 23.0, 17, Dapap, 6846, 0, 0, 0, , 0, 0, 0, 0, 0, 
324, 1, 324, 324, -1, 229, 277, 13.0, 13, Dapaa, 3449, 0, 0, 0, , 0, 0, 0, 0, 0, 
325, 1, 325, 325, -1, 241, 295, 19.0, 15, MSaapaapp, 2938, 0, 0, 0, , 0, 0, 0, 0, 0, 
326, 1, 326, 326, -1, 238, 275, 17.0, 9, MSaapaapaa, 1185, 0, 0, 0, , 0, 0, 0, 0, 0, 
327, 1, 327, 327, -1, 242, 288, 17.0, 11, MSaapaapap, 1893, 0, 0, 0, , 0, 0, 0, 0, 0, 
328, 1, 328, 328, -1, 219, 268, 33.0, 21, ABarpppapp, 5148, 0, 0, 0, , 0, 0, 0, 0, 0, 
329, 1, 329, 329, -1, 258, 266, 11.0, 13, ABplppaapap, 4825, 0, 0, 0, , 0, 0, 0, 0, 0, 
330, 1, -1, -1, -1, 278, 251, 8.0, 13, Nuc379_8_278_251, 2037, 0, 0, 0, , 0, 0, 0, 0, 0, 
331, 1, 331, 331, -1, 339, 265, 21.0, 15, ABalaaaalar, 5551, 0, 0, 0, , 0, 0, 0, 0, 0, 
332, 1, 332, 332, -1, 328, 247, 19.0, 15, ABalapaappp, 8347, 0, 0, 0, , 0, 0, 0, 0, 0, 
333, 1, 333, 333, -1, 278, 210, 35.0, 13, ABalaaapprr, 2830, 0, 0, 0, , 0, 0, 0, 0, 0, 
334, 1, 334, 334, -1, 302, 176, 25.0, 13, ABalaaapprl, 3977, 0, 0, 0, , 0, 0, 0, 0, 0, 
335, 1, 335, 335, -1, 101, 355, 29.0, 15, Cppppaa, 2589, 0, 0, 0, , 0, 0, 0, 0, 0, 
336, 0, 336, -1, -1, 99, 352, 29.0, 15, , 10690, 0, 0, 0, , 0, 0, 0, 0, 0, 
337, 1, 337, 337, -1, 69, 313, 26.0, 15, Cppppap, 5251, 0, 0, 0, , 0, 0, 0, 0, 0, 
338, 1, 338, 338, -1, 305, 197, 31.0, 13, ABarpapaappp, 2075, 0, 0, 0, , 0, 0, 0, 0, 0, 
339, 0, 339, -1, -1, 107, 334, 27.0, 13, , 670, 0, 0, 0, , 0, 0, 0, 0, 0, 
340, 1, 340, 340, -1, 216, 240, 11.0, 15, ABplppapaaa, 4681, 0, 0, 0, , 0, 0, 0, 0, 0, 
341, 1, 341, 341, -1, 325, 298, 23.0, 13, ABalaaaalal, 4064, 0, 0, 0, , 0, 0, 0, 0, 0, 
342, 0, 342, -1, -1, 274, 173, 21.0, 11, , 3210, 0, 0, 0, , 0, 0, 0, 0, 0, 
343, 1, 343, 343, -1, 168, 287, 24.0, 15, MSpappap, 4723, 0, 0, 0, , 0, 0, 0, 0, 0, 
344, 1, 344, 344, -1, 239, 287, 30.0, 13, MSpaapapa, 3204, 0, 0, 0, , 0, 0, 0, 0, 0, 
345, 1, 345, 345, -1, 76, 257, 23.0, 15, Cpppppd, 3188, 0, 0, 0, , 0, 0, 0, 0, 0, 
346, 1, 346, 346, -1, 302, 309, 18.0, 11, ABplapaaaaa, 4077, 0, 0, 0, , 0, 0, 0, 0, 0, 
347, 1, 347, 347, -1, 212, 281, 22.0, 13, MSaappaa, 4459, 0, 0, 0, , 0, 0, 0, 0, 0, 
348, 1, 348, 348, -1, 319, 237, 11.0, 13, ABalaaaalpa, 3170, 0, 0, 0, , 0, 0, 0, 0, 0, 
349, 1, 349, 349, -1, 357, 228, 23.0, 14, ABalaaaparr, 1966, 0, 0, 0, , 0, 0, 0, 0, 0, 
350, 1, 350, 350, -1, 367, 233, 20.0, 15, ABarpaaaapp, 4492, 0, 0, 0, , 0, 0, 0, 0, 0, 
351, 1, 351, 351, -1, 270, 268, 19.0, 11, ABalpaaappp, 3402, 0, 0, 0, , 0, 0, 0, 0, 0, 
352, 1, 352, 352, -1, 283, 259, 18.0, 13, ABalpaaappa, 5380, 0, 0, 0, , 0, 0, 0, 0, 0, 
353, 1, 353, 353, -1, 205, 293, 19.0, 13, Ealaad, 2657, 0, 0, 0, , 0, 0, 0, 0, 0, 
354, 1, 354, 354, -1, 157, 371, 24.0, 11, Cappaap, 862, 0, 0, 0, , 0, 0, 0, 0, 0, 
355, 1, 355, 355, -1, 303, 196, 20.0, 11, ABarappaapp, 4937, 0, 0, 0, , 0, 0, 0, 0, 0, 
356, 1, 356, 356, -1, 224, 276, 27.0, 17, MSpapaapp, 4593, 0, 0, 0, , 0, 0, 0, 0, 0, 
357, 1, 357, 357, -1, 217, 249, 26.0, 11, MSpapaapaa, 3543, 0, 0, 0, , 0, 0, 0, 0, 0, 
358, 1, 358, 358, -1, 219, 262, 27.0, 13, MSpapaapap, 3281, 0, 0, 0, , 0, 0, 0, 0, 0, 
359, 1, 359, 359, -1, 263, 187, 36.0, 13, Nuc377_36_265_185, 2038, 0, 0, 0, , 0, 0, 0, 0, 0, 
360, 1, 360, 360, -1, 260, 171, 34.0, 11, ABalapppppa, 2292, 0, 0, 0, , 0, 0, 0, 0, 0, 
361, 1, 361, 361, -1, 356, 202, 30.0, 13, ABalaaapplr, 3017, 0, 0, 0, , 0, 0, 0, 0, 0, 
362, 1, 362, 362, -1, 316, 295, 28.0, 15, MSappppp, 6016, 0, 0, 0, , 0, 0, 0, 0, 0, 
363, 1, 363, 363, -1, 294, 277, 20.0, 15, ABalpaapapp, 4463, 0, 0, 0, , 0, 0, 0, 0, 0, 
364, 1, 364, 364, -1, 253, 238, 21.0, 11, Nuc372_22_249_231, 1114, 0, 0, 0, , 0, 0, 0, 0, 0, 
365, 1, 365, 365, -1, 191, 216, 22.0, 13, MSpapppaa, 3443, 0, 0, 0, , 0, 0, 0, 0, 0, 
366, 0, 366, -1, -1, 202, 239, 24.0, 9, , 558, 0, 0, 0, , 0, 0, 0, 0, 0, 
367, 1, 367, 367, -1, 271, 208, 31.0, 13, ABprpaapaaa, 7151, 0, 0, 0, , 0, 0, 0, 0, 0, 
368, 1, 368, 368, -1, 285, 276, 10.0, 13, ABalpppppppp, 3529, 0, 0, 0, , 0, 0, 0, 0, 0, 
369, 1, 369, 369, -1, 121, 216, 13.0, 11, Caapap, 5837, 0, 0, 0, , 0, 0, 0, 0, 0, 
370, 1, 370, 370, -1, 343, 207, 26.0, 15, ABarpaaaaal, 3423, 0, 0, 0, , 0, 0, 0, 0, 0, 
371, 1, 371, 371, -1, 113, 229, 18.0, 13, ABprppppppa, 4828, 0, 0, 0, , 0, 0, 0, 0, 0, 
372, 0, 372, -1, -1, 266, 174, 19.0, 11, , 1043, 0, 0, 0, , 0, 0, 0, 0, 0, 
373, 1, 373, 373, -1, 318, 288, 25.0, 13, MSapappa, 2500, 0, 0, 0, , 0, 0, 0, 0, 0, 
374, 1, 374, 374, -1, 336, 226, 34.0, 13, MSppappp, 2963, 0, 0, 0, , 0, 0, 0, 0, 0, 
375, 1, 375, 375, -1, 120, 244, 13.0, 17, Cappppd, 3591, 0, 0, 0, , 0, 0, 0, 0, 0, 
376, 1, 376, 376, -1, 243, 297, 27.0, 13, MSaaaappp, 3427, 0, 0, 0, , 0, 0, 0, 0, 0, 
377, 1, 377, 377, -1, 94, 294, 10.0, 11, ABplapppaap, 4219, 0, 0, 0, , 0, 0, 0, 0, 0, 
378, 1, 378, 378, -1, 220, 271, 25.0, 15, MSpapapap, 4670, 0, 0, 0, , 0, 0, 0, 0, 0, 
379, 1, 379, 379, -1, 172, 319, 13.0, 15, Capaapa, 5584, 0, 0, 0, , 0, 0, 0, 0, 0, 
380, 1, 380, 380, -1, 227, 184, 31.0, 13, ABpraaappppp, 3204, 0, 0, 0, , 0, 0, 0, 0, 0, 
381, 1, 381, 381, -1, 296, 288, 12.0, 15, ABalpppppaa, 1762, 0, 0, 0, , 0, 0, 0, 0, 0, 
382, 1, 382, 382, -1, 318, 264, 16.0, 13, ABplpaapaaa, 6792, 0, 0, 0, , 0, 0, 0, 0, 0, 
383, 1, 383, -1, -1, 298, 231, 32.0, 13, MSppaaap, 2003, 0, 0, 0, , 0, 0, 0, 0, 0, 
384, 1, 384, 384, -1, 218, 251, 21.0, 15, ABarapapapp, 6565, 0, 0, 0, , 0, 0, 0, 0, 0, 
385, 1, 385, 385, -1, 212, 267, 13.0, 13, MSaapppap, 3788, 0, 0, 0, , 0, 0, 0, 0, 0, 
386, 1, 386, 386, -1, 263, 299, 17.0, 13, ABplapaaapa, 2274, 0, 0, 0, , 0, 0, 0, 0, 0, 
387, 1, 387, 387, -1, 226, 259, 13.0, 13, MSaapppaa, 2709, 0, 0, 0, , 0, 0, 0, 0, 0, 
388, 1, 388, 388, -1, 199, 244, 11.0, 13, ABarappappa, 5444, 0, 0, 0, , 0, 0, 0, 0, 0, 
389, 0, 389, -1, -1, 184, 313, 23.0, 11, , 513, 0, 0, 0, , 0, 0, 0, 0, 0, 
390, 1, 390, 390, -1, 194, 249, 14.0, 15, ABplpaaaapp, 2880, 0, 0, 0, , 0, 0, 0, 0, 0, 
391, 0, 391, -1, -1, 258, 294, 15.0, 15, , 2428, 0, 0, 0, , 0, 0, 0, 0, 0, 
392, 1, 392, 392, -1, 254, 241, 20.0, 13, ABarapappap, 2585, 0, 0, 0, , 0, 0, 0, 0, 0, 
393, 0, 393, -1, -1, 244, 173, 17.0, 13, , 2927, 0, 0, 0, , 0, 0, 0, 0, 0, 
394, 1, 394, 394, -1, 100, 248, 17.0, 13, ABprpappppp, 3522, 0, 0, 0, , 0, 0, 0, 0, 0, 
395, 1, 395, 395, -1, 245, 219, 12.0, 15, ABalpapappp, 8521, 0, 0, 0, , 0, 0, 0, 0, 0, 
396, 1, 396, 396, -1, 85, 295, 25.0, 15, Nuc363_28_95_306, 2349, 0, 0, 0, , 0, 0, 0, 0, 0, 
397, 1, 397, 397, -1, 317, 272, 14.0, 11, ABalpppapppa, 1305, 0, 0, 0, , 0, 0, 0, 0, 0, 
398, 1, 398, 398, -1, 347, 227, 30.0, 11, ABalapppapp, 1123, 0, 0, 0, , 0, 0, 0, 0, 0, 
399, 1, 399, 399, -1, 290, 186, 16.0, 15, ABalpapaaap, 13217, 0, 0, 0, , 0, 0, 0, 0, 0, 
400, 1, 400, 400, -1, 237, 195, 23.0, 15, MSppppaa, 4352, 0, 0, 0, , 0, 0, 0, 0, 0, 
401, 1, 401, 401, -1, 303, 263, 14.0, 13, MSapapap, 3135, 0, 0, 0, , 0, 0, 0, 0, 0, 
402, 1, 402, 402, -1, 311, 250, 27.0, 13, ABaraappaaa, 5721, 0, 0, 0, , 0, 0, 0, 0, 0, 
403, 1, 403, 403, -1, 287, 280, 15.0, 13, ABalpppppap, 2629, 0, 0, 0, , 0, 0, 0, 0, 0, 
404, 1, 404, 404, -1, 309, 228, 14.0, 13, ABalppaappp, 3849, 0, 0, 0, , 0, 0, 0, 0, 0, 
405, 0, 405, -1, -1, 329, 285, 21.0, 13, , 2183, 0, 0, 0, , 0, 0, 0, 0, 0, 
406, 1, 406, 406, -1, 275, 253, 10.0, 15, ABplppaaaaa, 5831, 0, 0, 0, , 0, 0, 0, 0, 0, 
407, 1, 407, 407, -1, 275, 213, 22.0, 15, ABarapaaapa, 5764, 0, 0, 0, , 0, 0, 0, 0, 0, 
408, 1, 408, 408, -1, 303, 235, 27.0, 15, ABaraappaap, 7050, 0, 0, 0, , 0, 0, 0, 0, 0, 
409, 1, 409, 409, -1, 281, 255, 34.0, 15, ABaraaapapa, 1242, 0, 0, 0, , 0, 0, 0, 0, 0, 
410, 0, 410, -1, -1, 199, 311, 27.0, 13, , 1184, 0, 0, 0, , 0, 0, 0, 0, 0, 
411, 1, 411, 411, -1, 319, 223, 17.0, 13, ABalpapaaaa, 6520, 0, 0, 0, , 0, 0, 0, 0, 0, 
412, 1, 412, 412, -1, 88, 251, 28.0, 19, Caappd, 7486, 0, 0, 0, , 0, 0, 0, 0, 0, 
413, 0, 413, -1, -1, 249, 251, 29.0, 19, , 11184, 0, 0, 0, , 0, 0, 0, 0, 0, 
414, 1, 414, 414, -1, 271, 229, 33.0, 13, ABarpppaaa, 3791, 0, 0, 0, , 0, 0, 0, 0, 0, 
415, 0, 415, -1, -1, 98, 337, 22.0, 15, , 3456, 0, 0, 0, , 0, 0, 0, 0, 0, 
416, 1, 416, 416, -1, 322, 241, 16.0, 11, Nuc374_19_327_242, 3015, 0, 0, 0, , 0, 0, 0, 0, 0, 
417, 1, 417, 417, -1, 291, 224, 36.0, 17, ABalappapap, 3214, 0, 0, 0, , 0, 0, 0, 0, 0, 
418, 1, 418, 418, -1, 317, 224, 10.0, 13, ABplaappap, 3209, 0, 0, 0, , 0, 0, 0, 0, 0, 
419, 1, 419, 419, -1, 212, 224, 14.0, 13, ABplppaappa, 4984, 0, 0, 0, , 0, 0, 0, 0, 0, 
420, 1, 420, 420, -1, 225, 185, 17.0, 15, ABarappappp, 7455, 0, 0, 0, , 0, 0, 0, 0, 0, 
421, 1, 421, 421, -1, 88, 327, 13.0, 15, Cpapap, 6150, 0, 0, 0, , 0, 0, 0, 0, 0, 
422, 1, 422, 422, -1, 239, 206, 15.0, 15, ABplpaaaapa, 6523, 0, 0, 0, , 0, 0, 0, 0, 0, 
423, 1, 423, 423, -1, 306, 199, 11.0, 15, ABplpaaapap, 8346, 0, 0, 0, , 0, 0, 0, 0, 0, 
424, 1, 424, 424, -1, 269, 281, 22.0, 17, ABaraapapaa, 8159, 0, 0, 0, , 0, 0, 0, 0, 0, 
425, 1, 425, 425, -1, 348, 260, 26.0, 19, MSapappp, 9874, 0, 0, 0, , 0, 0, 0, 0, 0, 
426, 1, 426, 426, -1, 134, 233, 28.0, 11, ABprpppaapp, 2252, 0, 0, 0, , 0, 0, 0, 0, 0, 
427, 1, 427, 427, -1, 143, 252, 14.0, 13, ABplppppapa, 3832, 0, 0, 0, , 0, 0, 0, 0, 0, 
428, 1, 428, 428, -1, 193, 231, 17.0, 13, ABprpapppap, 3785, 0, 0, 0, , 0, 0, 0, 0, 0, 
429, 0, 429, -1, -1, 205, 318, 28.0, 19, , 5824, 0, 0, 0, , 0, 0, 0, 0, 0, 
430, 0, 430, -1, -1, 207, 221, 19.0, 9, , 711, 0, 0, 0, , 0, 0, 0, 0, 0, 
431, 1, 431, -1, -1, 325, 222, 24.0, 13, ABalpaapaaa, 2931, 0, 0, 0, , 0, 0, 0, 0, 0, 
432, 0, 432, -1, -1, 253, 194, 32.0, 9, , 1399, 0, 0, 0, , 0, 0, 0, 0, 0, 
433, 1, 433, 432, -1, 255, 298, 11.0, 11, ABplaapppp, 1654, 0, 0, 0, , 0, 0, 0, 0, 0, 
434, 1, 434, 433, -1, 287, 257, 30.0, 11, MSpaaaapa, 1538, 0, 0, 0, , 0, 0, 0, 0, 0, 
435, 1, 435, 434, -1, 169, 336, 28.0, 19, Epraa, 6029, 0, 0, 0, , 0, 0, 0, 0, 0, 
436, 1, 436, 435, -1, 331, 279, 19.0, 13, ABalaaapall, 3797, 0, 0, 0, , 0, 0, 0, 0, 0, 
437, 1, 437, 436, -1, 268, 231, 30.0, 15, ABarapaappa, 5604, 0, 0, 0, , 0, 0, 0, 0, 0, 
438, 0, 438, -1, -1, 326, 177, 26.0, 11, , 3292, 0, 0, 0, , 0, 0, 0, 0, 0, 
439, 1, 439, 438, -1, 257, 335, 27.0, 17, Dappap, 4435, 0, 0, 0, , 0, 0, 0, 0, 0, 
440, 1, 440, 439, -1, 365, 245, 22.0, 15, ABplaaaaaap, 4178, 0, 0, 0, , 0, 0, 0, 0, 0, 
441, 1, 441, 440, -1, 196, 336, 24.0, 13, Earap, 2952, 0, 0, 0, , 0, 0, 0, 0, 0, 
442, 1, 442, 441, -1, 332, 219, 31.0, 15, ABalappppap, 7998, 0, 0, 0, , 0, 0, 0, 0, 0, 
443, 0, 443, -1, -1, 122, 311, 14.0, 13, , 1132, 0, 0, 0, , 0, 0, 0, 0, 0, 
444, 0, 444, -1, -1, 142, 340, 26.0, 17, , 12110, 0, 0, 0, , 0, 0, 0, 0, 0, 
445, 0, 445, -1, -1, 289, 188, 28.0, 13, , 5450, 0, 0, 0, , 0, 0, 0, 0, 0, 
446, 0, 446, -1, -1, 107, 249, 31.0, 13, , 4866, 0, 0, 0, , 0, 0, 0, 0, 0, 
447, 0, 447, -1, -1, 341, 249, 15.0, 11, , 2655, 0, 0, 0, , 0, 0, 0, 0, 0, 
448, 1, 448, 447, -1, 330, 261, 13.0, 11, Nuc373_14_335_258, 3132, 0, 0, 0, , 0, 0, 0, 0, 0, 
449, 1, 449, 448, -1, 250, 208, 22.0, 13, MSppaaaav, 2982, 0, 0, 0, , 0, 0, 0, 0, 0, 
450, 1, 450, 449, -1, 298, 244, 29.0, 13, ABaraappapa, 3327, 0, 0, 0, , 0, 0, 0, 0, 0, 
451, 1, 451, 450, -1, 81, 255, 14.0, 13, ABplapappppa, 2954, 0, 0, 0, , 0, 0, 0, 0, 0, 
452, 1, 452, 451, -1, 86, 271, 12.0, 13, ABplapappppp, 5828, 0, 0, 0, , 0, 0, 0, 0, 0, 
453, 1, 453, 452, -1, 241, 257, 22.0, 11, ABarapapaaa, 2473, 0, 0, 0, , 0, 0, 0, 0, 0, 
454, 1, 454, 453, -1, 88, 322, 31.0, 17, Cpppapa, 4827, 0, 0, 0, , 0, 0, 0, 0, 0, 
455, 1, 455, 454, -1, 346, 268, 18.0, 13, ABalapaaapp, 3742, 0, 0, 0, , 0, 0, 0, 0, 0, 
456, 1, 456, 455, -1, 263, 235, 24.0, 15, ABalpappppp, 3111, 0, 0, 0, , 0, 0, 0, 0, 0, 
457, 1, 457, 456, -1, 319, 219, 34.0, 13, ABalapppapa, 1862, 0, 0, 0, , 0, 0, 0, 0, 0, 
458, 1, 458, 457, -1, 312, 295, 21.0, 13, ABalapaaaaa, 4139, 0, 0, 0, , 0, 0, 0, 0, 0, 
459, 1, 459, 458, -1, 197, 263, 27.0, 11, MSppapaa, 3240, 0, 0, 0, , 0, 0, 0, 0, 0, 
460, 1, 460, 459, -1, 269, 182, 12.0, 11, ABarappaaap, 6479, 0, 0, 0, , 0, 0, 0, 0, 0, 
461, 0, 461, -1, -1, 331, 191, 34.0, 11, , 1963, 0, 0, 0, , 0, 0, 0, 0, 0, 
462, 0, 462, -1, -1, 98, 313, 25.0, 19, , 17159, 0, 0, 0, , 0, 0, 0, 0, 0, 
463, 1, 463, 462, -1, 228, 298, 29.0, 13, MSpaapapp, 3778, 0, 0, 0, , 0, 0, 0, 0, 0, 
464, 1, 464, 463, -1, 301, 209, 16.0, 11, ABalppapppp, 3096, 0, 0, 0, , 0, 0, 0, 0, 0, 
465, 1, 465, 464, -1, 310, 198, 14.0, 13, ABplpaaapaa, 4364, 0, 0, 0, , 0, 0, 0, 0, 0, 
466, 0, 466, -1, -1, 77, 296, 12.0, 19, , 5412, 0, 0, 0, , 0, 0, 0, 0, 0, 
467, 1, 467, 466, -1, 368, 210, 23.0, 17, ABplaaaapa, 4173, 0, 0, 0, , 0, 0, 0, 0, 0, 
468, 0, 468, -1, -1, 210, 304, 14.0, 11, , 2272, 0, 0, 0, , 0, 0, 0, 0, 0, 
469, 1, 469, 468, -1, 220, 303, 15.0, 15, MSapapaa, 4870, 0, 0, 0, , 0, 0, 0, 0, 0, 
470, 1, 470, 469, -1, 269, 157, 24.0, 13, ABpraappap, 4167, 0, 0, 0, , 0, 0, 0, 0, 0, 
471, 0, 471, -1, -1, 286, 268, 25.0, 14, , 2066, 0, 0, 0, , 0, 0, 0, 0, 0, 
472, 1, 472, 471, -1, 300, 259, 20.0, 13, ABalpaaapaa, 4361, 0, 0, 0, , 0, 0, 0, 0, 0, 
473, 0, 473, -1, -1, 223, 345, 18.0, 19, , 24229, 0, 0, 0, , 0, 0, 0, 0, 0, 
474, 0, 474, -1, -1, 198, 306, 23.0, 19, , 1906, 0, 0, 0, , 0, 0, 0, 0, 0, 
475, 1, 475, 474, -1, 129, 232, 11.0, 11, Nuc372_9_107_256, 3224, 0, 0, 0, , 0, 0, 0, 0, 0, 
476, 1, 476, 475, -1, 351, 253, 21.0, 11, ABalapapppp, 3021, 0, 0, 0, , 0, 0, 0, 0, 0, 
477, 1, 477, 476, -1, 264, 186, 18.0, 14, ABprpaaapaap, 1828, 0, 0, 0, , 0, 0, 0, 0, 0, 
478, 1, 478, 477, -1, 272, 226, 10.0, 19, Nuc375_10_260_243, 8760, 0, 0, 0, , 0, 0, 0, 0, 0, 
479, 0, 479, -1, -1, 103, 261, 10.0, 11, , 1808, 0, 0, 0, , 0, 0, 0, 0, 0, 
480, 1, 480, 479, -1, 100, 307, 11.0, 13, ABarppappp, 3469, 0, 0, 0, , 0, 0, 0, 0, 0, 
481, 1, 481, 480, -1, 351, 237, 25.0, 15, ABalapappap, 4423, 0, 0, 0, , 0, 0, 0, 0, 0, 
482, 1, 482, 481, -1, 293, 210, 34.0, 13, Nuc367_34_293_193, 4239, 0, 0, 0, , 0, 0, 0, 0, 0, 
483, 1, 483, 482, -1, 304, 263, 29.0, 13, MSaaaaapaa, 2754, 0, 0, 0, , 0, 0, 0, 0, 0, 
484, 1, 484, 483, -1, 274, 199, 19.0, 13, ABplpappaaa, 4404, 0, 0, 0, , 0, 0, 0, 0, 0, 
485, 0, 485, -1, -1, 257, 282, 11.0, 13, , 6006, 0, 0, 0, , 0, 0, 0, 0, 0, 
486, 1, 486, 485, -1, 234, 228, 18.0, 9, ABarapapppa, 797, 0, 0, 0, , 0, 0, 0, 0, 0, 
487, 0, 487, -1, -1, 235, 215, 33.0, 15, , 1818, 0, 0, 0, , 0, 0, 0, 0, 0, 
488, 1, 488, 487, -1, 336, 275, 14.0, 13, Nuc360_22_334_293, 3648, 0, 0, 0, , 0, 0, 0, 0, 0, 
489, 1, 489, 488, -1, 230, 326, 21.0, 17, Ealaav, 5080, 0, 0, 0, , 0, 0, 0, 0, 0, 
490, 0, 490, -1, -1, 134, 340, 26.0, 15, , 2973, 0, 0, 0, , 0, 0, 0, 0, 0, 
491, 1, 491, 490, -1, 244, 172, 33.0, 11, ABarpapppp, 598, 0, 0, 0, , 0, 0, 0, 0, 0, 
492, 1, 492, 491, -1, 247, 263, 14.0, 13, Daaaa, 4099, 0, 0, 0, , 0, 0, 0, 0, 0, 
493, 0, 493, -1, -1, 231, 219, 17.0, 11, , 3880, 0, 0, 0, , 0, 0, 0, 0, 0, 
494, 1, 494, 493, -1, 332, 219, 14.0, 13, ABalaaapalr, 3497, 0, 0, 0, , 0, 0, 0, 0, 0, 
495, 1, 495, 494, -1, 268, 221, 22.0, 15, ABarapaaaap, 5323, 0, 0, 0, , 0, 0, 0, 0, 0, 
496, 1, 717, 495, -1, 239, 220, 33.0, 11, ABpraapapppa, 2479, 0, 0, 0, , 0, 0, 0, 0, 0, 
497, 1, 497, 496, -1, 255, 314, 13.0, 17, ABarppapaa, 6246, 0, 0, 0, , 0, 0, 0, 0, 0, 
498, 1, 498, 497, -1, 244, 200, 11.0, 14, ABalpapapapp, 3037, 0, 0, 0, , 0, 0, 0, 0, 0, 
499, 1, 499, 498, -1, 254, 187, 12.0, 11, ABalpapapapa, 3171, 0, 0, 0, , 0, 0, 0, 0, 0, 
500, 0, 500, -1, -1, 253, 296, 10.0, 17, , 4607, 0, 0, 0, , 0, 0, 0, 0, 0, 
501, 1, 501, 500, -1, 110, 305, 15.0, 15, MSappaap, 2871, 0, 0, 0, , 0, 0, 0, 0, 0, 
502, 1, 502, 501, -1, 276, 327, 20.0, 13, Cpaaaa, 2656, 0, 0, 0, , 0, 0, 0, 0, 0, 
503, 1, 503, 502, -1, 234, 197, 33.0, 15, ABpraaappppa, 6090, 0, 0, 0, , 0, 0, 0, 0, 0, 
504, 0, 504, -1, -1, 284, 169, 32.0, 14, , 3725, 0, 0, 0, , 0, 0, 0, 0, 0, 
505, 1, 505, 504, -1, 221, 223, 18.0, 15, ABplpappaap, 2510, 0, 0, 0, , 0, 0, 0, 0, 0, 
506, 1, 506, 505, -1, 219, 208, 19.0, 13, ABprpapapap, 3564, 0, 0, 0, , 0, 0, 0, 0, 0, 
507, 1, 507, 506, -1, 306, 190, 29.0, 11, ABpraaaaapd, 3694, 0, 0, 0, , 0, 0, 0, 0, 0, 
508, 1, 508, 507, -1, 285, 281, 22.0, 13, MSaaapaap, 4960, 0, 0, 0, , 0, 0, 0, 0, 0, 
509, 0, 509, -1, -1, 126, 231, 15.0, 9, , 1123, 0, 0, 0, , 0, 0, 0, 0, 0, 
510, 0, 510, -1, -1, 305, 255, 10.0, 13, , 2597, 0, 0, 0, , 0, 0, 0, 0, 0, 
511, 1, 511, 510, -1, 357, 213, 16.0, 13, ABalaaaarla, 3948, 0, 0, 0, , 0, 0, 0, 0, 0, 
512, 1, 512, 511, -1, 101, 244, 28.0, 11, ABprapappppa, 1931, 0, 0, 0, , 0, 0, 0, 0, 0, 
513, 1, 513, 512, -1, 236, 183, 13.0, 13, ABarappapapp, 4236, 0, 0, 0, , 0, 0, 0, 0, 0, 
514, 1, 514, 513, -1, 252, 176, 14.0, 13, ABarappapapa, 4816, 0, 0, 0, , 0, 0, 0, 0, 0, 
515, 0, 515, -1, -1, 128, 310, 16.0, 17, , 7303, 0, 0, 0, , 0, 0, 0, 0, 0, 
516, 1, 516, 515, -1, 243, 179, 21.0, 13, MSpppapp, 1308, 0, 0, 0, , 0, 0, 0, 0, 0, 
517, 0, 517, -1, -1, 299, 203, 33.0, 11, , 884, 0, 0, 0, , 0, 0, 0, 0, 0, 
518, 0, 518, -1, -1, 155, 338, 21.0, 15, , 4701, 0, 0, 0, , 0, 0, 0, 0, 0, 
519, 1, 519, 518, -1, 170, 367, 23.0, 14, Capapaa, 3544, 0, 0, 0, , 0, 0, 0, 0, 0, 
520, 0, 520, -1, -1, 200, 294, 27.0, 15, , 5167, 0, 0, 0, , 0, 0, 0, 0, 0, 
521, 1, 521, 520, -1, 277, 308, 18.0, 11, ABplapaaaap, 3227, 0, 0, 0, , 0, 0, 0, 0, 0, 
522, 1, 522, 521, -1, 259, 183, 23.0, 15, ABprpaaappap, 1819, 0, 0, 0, , 0, 0, 0, 0, 0, 
523, 1, 523, 522, -1, 281, 178, 23.0, 14, ABprpaaappaa, 1939, 0, 0, 0, , 0, 0, 0, 0, 0, 
524, 0, 524, -1, -1, 300, 167, 21.0, 19, , 9313, 0, 0, 0, , 0, 0, 0, 0, 0, 
525, 1, 525, 524, -1, 272, 252, 21.0, 11, ABalpappppa, 3499, 0, 0, 0, , 0, 0, 0, 0, 0, 
526, 0, 526, -1, -1, 196, 336, 22.0, 17, , 5153, 0, 0, 0, , 0, 0, 0, 0, 0, 
527, 1, 527, 526, -1, 204, 318, 27.0, 21, Earpa, 10222, 0, 0, 0, , 0, 0, 0, 0, 0, 
528, 1, 528, 527, -1, 218, 308, 26.0, 9, Nuc378_27_213_308, 611, 0, 0, 0, , 0, 0, 0, 0, 0, 
529, 1, 529, 528, -1, 245, 218, 35.0, 19, ABarpppaap, 6722, 0, 0, 0, , 0, 0, 0, 0, 0, 
530, 1, 530, 529, -1, 227, 351, 25.0, 15, Dapppa, 4669, 0, 0, 0, , 0, 0, 0, 0, 0, 
531, 1, 531, 530, -1, 295, 193, 15.0, 11, ABalppapaap, 5736, 0, 0, 0, , 0, 0, 0, 0, 0, 
532, 1, 532, 531, -1, 171, 283, 20.0, 11, ABplpapappp, 1740, 0, 0, 0, , 0, 0, 0, 0, 0, 
533, 0, 534, -1, -1, 127, 289, 29.0, 17, , 4819, 0, 0, 0, , 0, 0, 0, 0, 0, 
534, 0, 535, -1, -1, 91, 321, 25.0, 17, , 6406, 0, 0, 0, , 0, 0, 0, 0, 0, 
535, 0, 536, -1, -1, 251, 212, 32.0, 15, , 4778, 0, 0, 0, , 0, 0, 0, 0, 0, 
536, 1, 537, 535, -1, 316, 256, 14.0, 11, ABalapaapaa, 2383, 0, 0, 0, , 0, 0, 0, 0, 0, 
537, 1, 538, 536, -1, 144, 297, 25.0, 17, Z2, 5556, 0, 0, 0, , 0, 0, 0, 0, 0, 
538, 0, 539, -1, -1, 176, 321, 22.0, 19, , 7423, 0, 0, 0, , 0, 0, 0, 0, 0, 
539, 1, 540, 538, -1, 130, 346, 34.0, 19, Cppapap, 13287, 0, 0, 0, , 0, 0, 0, 0, 0, 
540, 1, 541, 539, -1, 352, 256, 23.0, 11, ABplaaaaapp, 2490, 0, 0, 0, , 0, 0, 0, 0, 0, 
541, 1, 543, 540, -1, 259, 166, 17.0, 13, ABprpaapapp, 6948, 0, 0, 0, , 0, 0, 0, 0, 0, 
542, 1, 544, 541, -1, 83, 294, 18.0, 19, Eplppp, 9951, 0, 0, 0, , 0, 0, 0, 0, 0, 
543, 0, 545, -1, -1, 327, 280, 33.0, 13, , 1021, 0, 0, 0, , 0, 0, 0, 0, 0, 
544, 0, 546, -1, -1, 243, 292, 13.0, 11, , 1664, 0, 0, 0, , 0, 0, 0, 0, 0, 
545, 1, 547, 544, -1, 321, 285, 14.0, 13, ABalpppapppp, 3384, 0, 0, 0, , 0, 0, 0, 0, 0, 
546, 1, 548, 545, -1, 224, 235, 33.0, 11, ABpraapapppp, 2610, 0, 0, 0, , 0, 0, 0, 0, 0, 
547, 1, 549, 546, -1, 231, 261, 30.0, 13, MSpapappa, 2482, 0, 0, 0, , 0, 0, 0, 0, 0, 
548, 1, 550, 547, -1, 194, 364, 26.0, 13, Dapppp, 1498, 0, 0, 0, , 0, 0, 0, 0, 0, 
549, 1, 551, 548, -1, 263, 212, 18.0, 11, ABprpapppaa, 4216, 0, 0, 0, , 0, 0, 0, 0, 0, 
550, 0, 552, -1, -1, 108, 230, 27.0, 11, , 1708, 0, 0, 0, , 0, 0, 0, 0, 0, 
551, 1, 553, 550, -1, 292, 243, 18.0, 13, ABalpappaapa, 3507, 0, 0, 0, , 0, 0, 0, 0, 0, 
552, 1, 554, 551, -1, 278, 250, 16.0, 13, ABalpappaapp, 4047, 0, 0, 0, , 0, 0, 0, 0, 0, 
553, 1, 555, 552, -1, 87, 293, 24.0, 21, Eprppp, 12069, 0, 0, 0, , 0, 0, 0, 0, 0, 
554, 0, 556, -1, -1, 204, 290, 18.0, 19, , 22767, 0, 0, 0, , 0, 0, 0, 0, 0, 
555, 0, 557, -1, -1, 260, 157, 28.0, 9, , 1799, 0, 0, 0, , 0, 0, 0, 0, 0, 
556, 0, 558, -1, -1, 260, 275, 28.0, 13, , 1719, 0, 0, 0, , 0, 0, 0, 0, 0, 
557, 0, 559, -1, -1, 172, 361, 18.0, 11, , 1406, 0, 0, 0, , 0, 0, 0, 0, 0, 
558, 1, 560, 556, -1, 300, 185, 22.0, 11, ABaraaappap, 922, 0, 0, 0, , 0, 0, 0, 0, 0, 
559, 1, 561, 557, -1, 175, 316, 24.0, 15, Ealap, 2505, 0, 0, 0, , 0, 0, 0, 0, 0, 
560, 1, 562, 558, -1, 156, 349, 23.0, 17, Eplaa, 5971, 0, 0, 0, , 0, 0, 0, 0, 0, 
561, 1, 563, 559, -1, 177, 270, 16.0, 13, ABprpappapp, 2112, 0, 0, 0, , 0, 0, 0, 0, 0, 
562, 1, 564, 560, -1, 127, 219, 21.0, 17, Cpppppv, 5427, 0, 0, 0, , 0, 0, 0, 0, 0, 
563, 1, 565, 561, -1, 238, 177, 27.0, 11, ABpraaaapav, 4343, 0, 0, 0, , 0, 0, 0, 0, 0, 
564, 0, 566, -1, -1, 233, 248, 20.0, 15, , 7280, 0, 0, 0, , 0, 0, 0, 0, 0, 
565, 0, 567, -1, -1, 239, 332, 18.0, 11, , 619, 0, 0, 0, , 0, 0, 0, 0, 0, 
566, 0, 568, -1, -1, 336, 253, 22.0, 9, , 930, 0, 0, 0, , 0, 0, 0, 0, 0, 
567, 0, 569, -1, -1, 262, 273, 36.0, 15, , 1070, 0, 0, 0, , 0, 0, 0, 0, 0, 
568, 1, 570, 566, -1, 144, 325, 15.0, 19, Capaapp, 27781, 0, 0, 0, , 0, 0, 0, 0, 0, 
569, 1, 571, 567, -1, 290, 269, 14.0, 13, Nuc361_17_297_285, 1690, 0, 0, 0, , 0, 0, 0, 0, 0, 
570, 1, 572, 568, -1, 269, 174, 28.0, 15, ABalaapaaal, 6513, 0, 0, 0, , 0, 0, 0, 0, 0, 
571, 1, 573, 569, -1, 328, 198, 30.0, 13, ABalaaappll, 982, 0, 0, 0, , 0, 0, 0, 0, 0, 
572, 0, 574, -1, -1, 315, 270, 31.0, 15, , 2092, 0, 0, 0, , 0, 0, 0, 0, 0, 
573, 1, 575, 571, -1, 92, 270, 18.0, 19, Eplppa, 7517, 0, 0, 0, , 0, 0, 0, 0, 0, 
574, 1, 576, 572, -1, 234, 163, 21.0, 11, Nuc376_20_234_160, 1743, 0, 0, 0, , 0, 0, 0, 0, 0, 
575, 1, 577, 573, -1, 228, 170, 18.0, 14, Nuc376_19_230_166, 1616, 0, 0, 0, , 0, 0, 0, 0, 0, 
576, 0, 578, -1, -1, 359, 228, 17.0, 15, , 3620, 0, 0, 0, , 0, 0, 0, 0, 0, 
577, 1, 579, 575, -1, 317, 206, 18.0, 13, Nuc362_18_313_218, 3663, 0, 0, 0, , 0, 0, 0, 0, 0, 
578, 1, 580, 576, -1, 97, 270, 23.0, 17, Eprppa, 14400, 0, 0, 0, , 0, 0, 0, 0, 0, 
579, 0, 581, -1, -1, 299, 183, 31.0, 13, , 4229, 0, 0, 0, , 0, 0, 0, 0, 0, 
580, 0, 582, -1, -1, 364, 261, 22.0, 11, , 2196, 0, 0, 0, , 0, 0, 0, 0, 0, 
581, 1, 584, 579, -1, 298, 218, 11.0, 17, Nuc363_11_307_245, 6484, 0, 0, 0, , 0, 0, 0, 0, 0, 
582, 0, 585, -1, -1, 288, 188, 18.0, 11, , 2325, 0, 0, 0, , 0, 0, 0, 0, 0, 
583, 1, 586, 580, -1, 179, 329, 10.0, 17, ABplappaap, 1920, 0, 0, 0, , 0, 0, 0, 0, 0, 
584, 0, 587, -1, -1, 103, 226, 14.0, 13, , 4223, 0, 0, 0, , 0, 0, 0, 0, 0, 
585, 0, 588, -1, -1, 277, 242, 25.0, 9, , 1581, 0, 0, 0, , 0, 0, 0, 0, 0, 
586, 1, 589, 583, -1, 296, 221, 34.0, 15, Nuc371_33_291_215, 3470, 0, 0, 0, , 0, 0, 0, 0, 0, 
587, 1, -1, 584, -1, 261, 161, 20.0, 13, Nuc379_20_261_161, 2270, 0, 0, 0, , 0, 0, 0, 0, 0, 
588, 1, 591, 585, -1, 143, 338, 28.0, 19, Earpp, 9179, 0, 0, 0, , 0, 0, 0, 0, 0, 
589, 1, 592, 586, -1, 287, 308, 15.0, 15, Nuc364_18_298_316, 4397, 0, 0, 0, , 0, 0, 0, 0, 0, 
590, 1, 593, 587, -1, 209, 209, 24.0, 19, Dpaaa, 4630, 0, 0, 0, , 0, 0, 0, 0, 0, 
591, 0, 594, -1, -1, 179, 263, 30.0, 19, , 8077, 0, 0, 0, , 0, 0, 0, 0, 0, 
592, 1, 595, 589, -1, 185, 336, 34.0, 17, Cppapaa, 3864, 0, 0, 0, , 0, 0, 0, 0, 0, 
593, 0, 596, -1, -1, 288, 200, 34.0, 11, , 3784, 0, 0, 0, , 0, 0, 0, 0, 0, 
594, 1, 597, 591, -1, 254, 180, 36.0, 15, Nuc364_35_260_178, 1192, 0, 0, 0, , 0, 0, 0, 0, 0, 
595, 1, 598, 592, -1, 297, 301, 32.0, 19, Nuc364_36_289_269, 7844, 0, 0, 0, , 0, 0, 0, 0, 0, 
596, 0, 599, -1, -1, 355, 226, 22.0, 13, , 2168, 0, 0, 0, , 0, 0, 0, 0, 0, 
597, 0, 600, -1, -1, 304, 278, 15.0, 7, , 493, 0, 0, 0, , 0, 0, 0, 0, 0, 
598, 0, 601, -1, -1, 138, 300, 27.0, 17, , 2036, 0, 0, 0, , 0, 0, 0, 0, 0, 
599, 0, -1, -1, -1, 82, 252, 17.0, 11, , 2692, 0, 0, 0, , 0, 0, 0, 0, 0, 
600, 1, 602, 596, -1, 88, 242, 17.0, 15, Cappppv, 5575, 0, 0, 0, , 0, 0, 0, 0, 0, 
601, 1, 604, 597, -1, 127, 212, 16.0, 13, ABprpppapap, 4255, 0, 0, 0, , 0, 0, 0, 0, 0, 
602, 1, 605, 598, -1, 341, 270, 23.0, 15, MSapaaap, 5309, 0, 0, 0, , 0, 0, 0, 0, 0, 
603, 0, 606, -1, -1, 119, 333, 26.0, 14, , 2340, 0, 0, 0, , 0, 0, 0, 0, 0, 
604, 1, 607, 600, -1, 228, 170, 18.0, 13, ABpraapppa, 2579, 0, 0, 0, , 0, 0, 0, 0, 0, 
605, 1, 608, 601, -1, 260, 169, 26.0, 11, Nuc367_24_252_157, 1141, 0, 0, 0, , 0, 0, 0, 0, 0, 
606, 0, 609, -1, -1, 223, 324, 30.0, 17, , 18351, 0, 0, 0, , 0, 0, 0, 0, 0, 
607, 1, 610, 603, -1, 262, 211, 12.0, 13, ABplpapaapp, 4433, 0, 0, 0, , 0, 0, 0, 0, 0, 
608, 1, 611, 604, -1, 101, 259, 14.0, 11, Nuc367_10_90_277, 1011, 0, 0, 0, , 0, 0, 0, 0, 0, 
609, 1, 612, 605, -1, 255, 233, 17.0, 11, Nuc367_18_250_245, 1916, 0, 0, 0, , 0, 0, 0, 0, 0, 
610, 0, 613, -1, -1, 327, 252, 29.0, 11, , 1140, 0, 0, 0, , 0, 0, 0, 0, 0, 
611, 1, 614, 607, -1, 326, 221, 22.0, 13, Nuc368_22_320_222, 5943, 0, 0, 0, , 0, 0, 0, 0, 0, 
612, 0, 615, -1, -1, 84, 315, 22.0, 21, , 12086, 0, 0, 0, , 0, 0, 0, 0, 0, 
613, 0, 616, -1, -1, 267, 282, 31.0, 9, , 2243, 0, 0, 0, , 0, 0, 0, 0, 0, 
614, 0, 617, -1, -1, 304, 196, 34.0, 11, , 1340, 0, 0, 0, , 0, 0, 0, 0, 0, 
615, 1, 618, 611, -1, 176, 332, 12.0, 14, Nuc368_14_193_332, 3055, 0, 0, 0, , 0, 0, 0, 0, 0, 
616, 1, 620, 612, -1, 339, 225, 24.0, 7, Nuc368_24_350_225, 354, 0, 0, 0, , 0, 0, 0, 0, 0, 
617, 1, 622, 613, -1, 242, 182, 35.0, 11, Nuc368_31_254_161, 1926, 0, 0, 0, , 0, 0, 0, 0, 0, 
618, 1, 623, 614, -1, 327, 288, 17.0, 11, Nuc369_20_324_290, 2552, 0, 0, 0, , 0, 0, 0, 0, 0, 
619, 0, 624, -1, -1, 98, 264, 10.0, 9, , 1953, 0, 0, 0, , 0, 0, 0, 0, 0, 
620, 1, 625, 616, -1, 263, 196, 10.0, 13, Nuc370_11_272_206, 6120, 0, 0, 0, , 0, 0, 0, 0, 0, 
621, 0, 626, -1, -1, 242, 279, 12.0, 11, , 1889, 0, 0, 0, , 0, 0, 0, 0, 0, 
622, 1, 627, 618, -1, 212, 175, 24.0, 11, ABprppaapaa, 2789, 0, 0, 0, , 0, 0, 0, 0, 0, 
623, 1, 628, 619, -1, 286, 170, 26.0, 13, ABalaappppa, 3675, 0, 0, 0, , 0, 0, 0, 0, 0, 
624, 1, 629, 620, -1, 246, 245, 23.0, 14, MSpapaaaa, 1777, 0, 0, 0, , 0, 0, 0, 0, 0, 
625, 0, 630, -1, -1, 235, 202, 29.0, 13, , 6333, 0, 0, 0, , 0, 0, 0, 0, 0, 
626, 1, 631, 622, -1, 278, 242, 28.0, 11, Nuc370_27_273_239, 4631, 0, 0, 0, , 0, 0, 0, 0, 0, 
627, 0, 632, -1, -1, 191, 335, 26.0, 15, , 2871, 0, 0, 0, , 0, 0, 0, 0, 0, 
628, 0, 633, -1, -1, 151, 304, 27.0, 15, , 1220, 0, 0, 0, , 0, 0, 0, 0, 0, 
629, 1, 634, 625, -1, 310, 236, 31.0, 15, MSaaaaaar, 5908, 0, 0, 0, , 0, 0, 0, 0, 0, 
630, 1, 635, 626, -1, 346, 254, 28.0, 11, Nuc370_29_347_252, 1428, 0, 0, 0, , 0, 0, 0, 0, 0, 
631, 1, 636, 627, -1, 274, 240, 10.0, 9, Nuc371_9_279_254, 3402, 0, 0, 0, , 0, 0, 0, 0, 0, 
632, 1, 637, 628, -1, 154, 223, 18.0, 15, ABprappppa, 6975, 0, 0, 0, , 0, 0, 0, 0, 0, 
633, 1, 638, 629, -1, 108, 244, 25.0, 11, ABprapppappp, 2658, 0, 0, 0, , 0, 0, 0, 0, 0, 
634, 1, 639, 630, -1, 224, 193, 18.0, 13, ABprpaapppa, 3749, 0, 0, 0, , 0, 0, 0, 0, 0, 
635, 1, 640, 631, -1, 121, 353, 15.0, 17, Cpaapp, 8319, 0, 0, 0, , 0, 0, 0, 0, 0, 
636, 1, 641, 632, -1, 297, 233, 13.0, 11, Nuc372_14_299_235, 4264, 0, 0, 0, , 0, 0, 0, 0, 0, 
637, 1, 642, 633, -1, 185, 239, 22.0, 17, MSpapppap, 10536, 0, 0, 0, , 0, 0, 0, 0, 0, 
638, 1, 643, 634, -1, 351, 187, 22.0, 15, Nuc372_22_346_185, 8536, 0, 0, 0, , 0, 0, 0, 0, 0, 
639, 1, 644, 635, 636, 316, 257, 10.0, 13, Nuc372_11_310_260, 4825, 0, 0, 0, , 0, 0, 0, 0, 0, 
640, 1, 645, 637, -1, 304, 196, 19.0, 15, Nuc372_18_305_199, 7127, 0, 0, 0, , 0, 0, 0, 0, 0, 
641, 1, 646, 638, -1, 286, 219, 26.0, 11, Nuc372_22_285_216, 3321, 0, 0, 0, , 0, 0, 0, 0, 0, 
642, 1, 647, -1, -1, 173, 310, 23.0, 14, Nuc372_22_196_298, 1474, 0, 0, 0, , 0, 0, 0, 0, 0, 
643, 1, 648, -1, -1, 110, 335, 21.0, 15, Nuc371_22_116_341, 5266, 0, 0, 0, , 0, 0, 0, 0, 0, 
644, 1, 649, 640, -1, 313, 214, 14.0, 11, Nuc373_14_311_218, 2352, 0, 0, 0, , 0, 0, 0, 0, 0, 
645, 1, 651, 641, -1, 274, 240, 21.0, 11, Nuc373_21_271_241, 4630, 0, 0, 0, , 0, 0, 0, 0, 0, 
646, 1, 652, 642, -1, 134, 337, 27.0, 15, Nuc373_27_140_329, 2459, 0, 0, 0, , 0, 0, 0, 0, 0, 
647, 0, 653, -1, -1, 219, 324, 30.0, 13, , 5291, 0, 0, 0, , 0, 0, 0, 0, 0, 
648, 1, 654, 644, -1, 265, 211, 34.0, 11, Nuc373_34_260_201, 1882, 0, 0, 0, , 0, 0, 0, 0, 0, 
649, 1, 655, -1, -1, 301, 307, 21.0, 11, Nuc373_22_300_306, 1493, 0, 0, 0, , 0, 0, 0, 0, 0, 
650, 0, 656, -1, -1, 152, 336, 22.0, 13, , 725, 0, 0, 0, , 0, 0, 0, 0, 0, 
651, 1, 657, 646, -1, 269, 231, 35.0, 15, Nuc373_35_266_222, 3504, 0, 0, 0, , 0, 0, 0, 0, 0, 
652, 1, 658, 647, -1, 121, 303, 17.0, 11, Nuc374_16_128_315, 1207, 0, 0, 0, , 0, 0, 0, 0, 0, 
653, 1, 659, 648, -1, 344, 233, 21.0, 17, Nuc374_21_346_232, 9349, 0, 0, 0, , 0, 0, 0, 0, 0, 
654, 1, 660, 649, -1, 198, 213, 28.0, 13, ABprppaaaapp, 4920, 0, 0, 0, , 0, 0, 0, 0, 0, 
655, 1, 661, 650, -1, 264, 197, 35.0, 11, Nuc374_35_260_201, 678, 0, 0, 0, , 0, 0, 0, 0, 0, 
656, 1, 662, 651, -1, 309, 238, 34.0, 15, MSppappa, 4149, 0, 0, 0, , 0, 0, 0, 0, 0, 
657, 1, 664, 652, -1, 177, 357, 17.0, 15, Nuc375_18_180_357, 3728, 0, 0, 0, , 0, 0, 0, 0, 0, 
658, 1, 665, 653, -1, 304, 293, 16.0, 13, ABplaapapppa, 3724, 0, 0, 0, , 0, 0, 0, 0, 0, 
659, 0, 666, -1, -1, 128, 346, 22.0, 19, , 9890, 0, 0, 0, , 0, 0, 0, 0, 0, 
660, 1, 667, 655, -1, 303, 262, 22.0, 11, Nuc375_24_310_269, 1216, 0, 0, 0, , 0, 0, 0, 0, 0, 
661, 0, 668, -1, -1, 172, 342, 26.0, 21, , 11491, 0, 0, 0, , 0, 0, 0, 0, 0, 
662, 1, 669, 657, -1, 68, 291, 14.0, 19, Cappapp, 6060, 0, 0, 0, , 0, 0, 0, 0, 0, 
663, 1, 670, 658, -1, 136, 211, 18.0, 11, Nuc376_18_127_211, 2291, 0, 0, 0, , 0, 0, 0, 0, 0, 
664, 1, 671, 659, -1, 299, 187, 12.0, 11, Nuc376_14_296_173, 4222, 0, 0, 0, , 0, 0, 0, 0, 0, 
665, 1, 672, 660, -1, 92, 308, 21.0, 14, Eplpa, 2356, 0, 0, 0, , 0, 0, 0, 0, 0, 
666, 1, 673, 661, -1, 154, 372, 24.0, 19, Nuc376_24_156_370, 7570, 0, 0, 0, , 0, 0, 0, 0, 0, 
667, 1, 674, 662, -1, 112, 342, 25.0, 19, Cpaapa, 8899, 0, 0, 0, , 0, 0, 0, 0, 0, 
668, 1, 675, -1, -1, 330, 265, 28.0, 11, Nuc376_29_331_262, 1229, 0, 0, 0, , 0, 0, 0, 0, 0, 
669, 1, 676, 663, -1, 242, 234, 32.0, 17, ABprapaaaap, 5582, 0, 0, 0, , 0, 0, 0, 0, 0, 
670, 1, 677, 664, -1, 263, 186, 35.0, 21, Nuc376_35_252_184, 10771, 0, 0, 0, , 0, 0, 0, 0, 0, 
671, 1, 678, 665, -1, 292, 251, 9.0, 9, Nuc377_8_289_260, 739, 0, 0, 0, , 0, 0, 0, 0, 0, 
672, 1, 679, 666, -1, 191, 246, 15.0, 13, Nuc377_15_189_246, 2790, 0, 0, 0, , 0, 0, 0, 0, 0, 
673, 1, 680, 667, -1, 202, 308, 21.0, 14, Nuc377_21_202_310, 5550, 0, 0, 0, , 0, 0, 0, 0, 0, 
674, 1, 681, 668, -1, 259, 168, 24.0, 13, ABpraaaapad, 4998, 0, 0, 0, , 0, 0, 0, 0, 0, 
675, 1, 682, -1, -1, 291, 254, 25.0, 15, Nuc377_26_295_253, 5832, 0, 0, 0, , 0, 0, 0, 0, 0, 
676, 1, 683, 669, -1, 328, 277, 28.0, 11, MSappppa, 1245, 0, 0, 0, , 0, 0, 0, 0, 0, 
677, 1, 684, 670, -1, 243, 177, 30.0, 11, Nuc377_32_235_172, 3161, 0, 0, 0, , 0, 0, 0, 0, 0, 
678, 1, 685, 671, -1, 304, 199, 33.0, 11, Nuc377_35_301_191, 1797, 0, 0, 0, , 0, 0, 0, 0, 0, 
679, 1, 686, 672, -1, 267, 198, 13.0, 15, Nuc377_13_267_200, 5504, 0, 0, 0, , 0, 0, 0, 0, 0, 
680, 1, 687, 673, -1, 323, 171, 30.0, 15, Nuc377_28_323_173, 1070, 0, 0, 0, , 0, 0, 0, 0, 0, 
681, 1, 688, 674, -1, 318, 168, 29.0, 11, Nuc377_29_318_168, 785, 0, 0, 0, , 0, 0, 0, 0, 0, 
682, 1, 689, 675, -1, 244, 159, 22.0, 9, Nuc378_22_242_160, 1186, 0, 0, 0, , 0, 0, 0, 0, 0, 
683, 1, 690, 676, -1, 248, 260, 23.0, 13, Nuc378_23_253_262, 1145, 0, 0, 0, , 0, 0, 0, 0, 0, 
684, 0, 691, -1, -1, 202, 311, 26.0, 13, , 930, 0, 0, 0, , 0, 0, 0, 0, 0, 
685, 1, 692, -1, -1, 232, 252, 36.0, 14, Nuc378_35_232_252, 723, 0, 0, 0, , 0, 0, 0, 0, 0, 
686, 1, 693, 678, -1, 200, 238, 13.0, 15, Nuc378_13_202_238, 4440, 0, 0, 0, , 0, 0, 0, 0, 0, 
687, 1, 694, 679, -1, 286, 252, 21.0, 15, Nuc378_21_284_257, 4440, 0, 0, 0, , 0, 0, 0, 0, 0, 
688, 0, 695, -1, -1, 72, 261, 24.0, 13, , 2011, 0, 0, 0, , 0, 0, 0, 0, 0, 
689, 1, -1, 681, -1, 252, 246, 16.0, 11, Nuc379_16_252_246, 1527, 0, 0, 0, , 0, 0, 0, 0, 0, 
690, 1, -1, 682, -1, 317, 184, 18.0, 11, Nuc379_18_317_184, 1466, 0, 0, 0, , 0, 0, 0, 0, 0, 
691, 1, 715, 683, -1, 286, 187, 18.0, 11, ABprpaaapaaa, 2233, 0, 0, 0, , 0, 0, 0, 0, 0, 
692, 1, -1, 684, -1, 308, 189, 22.0, 11, Nuc379_22_308_189, 1582, 0, 0, 0, , 0, 0, 0, 0, 0, 
693, 1, -1, 685, -1, 268, 258, 27.0, 9, Nuc379_27_268_258, 1316, 0, 0, 0, , 0, 0, 0, 0, 0, 
694, 1, -1, 686, -1, 231, 165, 29.0, 9, Nuc379_29_231_165, 1042, 0, 0, 0, , 0, 0, 0, 0, 0, 
695, 1, -1, 687, -1, 273, 190, 36.0, 11, Nuc379_36_273_190, 1584, 0, 0, 0, , 0, 0, 0, 0, 0, 
696, 1, 696, 688, -1, 241, 280, 13.0, 15, ABplppaaaap, 2827, 0, 0, 0, , 0, 0, 0, 0, 0, 
697, 1, 697, 700, -1, 109, 277, 13.0, 13, ABplpppaapa, 0, 0, 0, 0, , 0, 0, 0, 0, 0, 
698, 1, 698, 701, -1, 329, 287, 22.0, 13, ABalapaaapa, 0, 0, 0, 0, , 0, 0, 0, 0, 0, 
699, 1, 699, 702, -1, 325, 251, 29.0, 13, ABalapppaaa, 0, 0, 0, 0, , 0, 0, 0, 0, 0, 
700, 1, 700, 695, -1, 206, 338, 34.5, 15, Dppppp, 0, 0, 0, 0, , 0, 0, 0, 0, 0, 
701, 1, 702, 703, -1, 259, 268, 35.0, 13, Dpaap, 0, 0, 0, 0, , 0, 0, 0, 0, 0, 
702, 1, 703, 704, -1, 126, 287, 28.0, 13, Cppaapp, 0, 0, 0, 0, , 0, 0, 0, 0, 0, 
703, 1, 704, 118, -1, 78, 298, 12.0, 17, Cpappd, 0, 0, 0, 0, , 0, 0, 0, 0, 0, 
704, 1, 705, 705, -1, 90, 278, 31.0, 14, Cpapaa, 817, 0, 0, 0, , 0, 0, 0, 0, 0, 
705, 1, 706, 639, -1, 102, 335, 23.0, 14, Eplap, 9336, 0, 0, 0, , 0, 0, 0, 0, 0, 
706, 1, 707, 706, -1, 225, 347, 20.0, 15, Cpaaap, 0, 0, 0, 0, , 0, 0, 0, 0, 0, 
707, 1, 708, 707, -1, 242, 337, 20.0, 17, Caaaaa, 0, 0, 0, 0, , 0, 0, 0, 0, 0, 
708, 1, 709, 708, -1, 198, 293, 28.0, 13, Earaad, 0, 0, 0, 0, , 0, 0, 0, 0, 0, 
709, 1, 710, 709, -1, 219, 321, 29.333334, 15, Earaav, 0, 0, 0, 0, , 0, 0, 0, 0, 0, 
710, 1, 533, 710, -1, 274, 246, 14.0, 13, MSapppaa, 0, 0, 0, 0, , 0, 0, 0, 0, 0, 
711, 1, 713, 711, -1, 274, 192, 15.2, 13, ABprpappaaa, 0, 0, 0, 0, , 0, 0, 0, 0, 0, 
712, 1, 714, 712, -1, 241, 176, 17.0, 11, ABprpaappppp, 0, 0, 0, 0, , 0, 0, 0, 0, 0, 
713, 1, 716, 713, -1, 108, 248, 30.8, 12, ABprapppaap, 0, 0, 0, 0, , 0, 0, 0, 0, 0, 
714, 1, 718, 714, -1, 299, 181, 30.0, 13, ABpraapaapa, 0, 0, 0, 0, , 0, 0, 0, 0, 0, 
715, 1, 719, 715, -1, 235, 205, 27.25, 13, ABpraaappap, 0, 0, 0, 0, , 0, 0, 0, 0, 0, 
716, 1, 720, 716, -1, 227, 208, 30.25, 15, ABpraaapppaa, 0, 0, 0, 0, , 0, 0, 0, 0, 0, 
717, 1, 721, 717, -1, 286, 200, 33.666668, 13, ABpraaapapa, 0, 0, 0, 0, , 0, 0, 0, 0, 0, 
718, 1, 722, 718, -1, 258, 195, 31.5, 13, ABpraaaapppa, 0, 0, 0, 0, , 0, 0, 0, 0, 0, 
719, 1, 723, 719, -1, 251, 209, 32.0, 13, ABpraaaapppp, 0, 0, 0, 0, , 0, 0, 0, 0, 0, 
720, 1, 724, 720, -1, 226, 218, 13.714286, 14, ABplpapappa, 2229, 0, 0, 0, , 0, 0, 0, 0, 0, 
721, 1, 725, 721, -1, 253, 219, 14.4, 13, ABplpapaapa, 0, 0, 0, 0, , 0, 0, 0, 0, 0, 
