1, 1, 1, 1, -1, 298, 222, 26.0, 11, ABaraaapaap, 1865, 0, 0, 0, , 0, 0, 0, 0, 0, 
2, 1, 2, 2, -1, 263, 248, 30.0, 13, ABaraaapapp, 4399, 0, 0, 0, , 0, 0, 0, 0, 0, 
3, 1, 3, 3, -1, 235, 244, 25.0, 13, ABaraappppp, 4609, 0, 0, 0, , 0, 0, 0, 0, 0, 
4, 1, 4, 4, -1, 255, 281, 19.0, 13, ABaraapappa, 7465, 0, 0, 0, , 0, 0, 0, 0, 0, 
5, 1, 5, 5, -1, 250, 264, 18.0, 13, ABaraapappp, 7535, 0, 0, 0, , 0, 0, 0, 0, 0, 
6, 1, 6, 6, -1, 267, 302, 22.0, 15, ABaraapapap, 7710, 0, 0, 0, , 0, 0, 0, 0, 0, 
7, 1, 7, 7, -1, 309, 221, 24.0, 15, ABaraapaaaa, 6749, 0, 0, 0, , 0, 0, 0, 0, 0, 
8, 1, 8, 8, -1, 312, 246, 24.0, 15, ABaraapaaap, 7725, 0, 0, 0, , 0, 0, 0, 0, 0, 
9, 1, 9, 9, -1, 290, 280, 26.0, 17, MSaaaaapp, 8320, 0, 0, 0, , 0, 0, 0, 0, 0, 
10, 1, 10, 10, -1, 309, 266, 25.0, 13, ABaraapaapa, 7537, 0, 0, 0, , 0, 0, 0, 0, 0, 
11, 1, 11, 11, -1, 327, 206, 25.0, 13, ABaraaappaa, 3191, 0, 0, 0, , 0, 0, 0, 0, 0, 
12, 1, 12, 12, -1, 318, 194, 26.0, 11, ABaraaapppa, 3128, 0, 0, 0, , 0, 0, 0, 0, 0, 
13, 1, 13, 13, -1, 322, 189, 29.0, 11, ABaraaapppp, 2412, 0, 0, 0, , 0, 0, 0, 0, 0, 
14, 1, 14, 14, -1, 311, 203, 25.0, 11, ABaraaapaaa, 3113, 0, 0, 0, , 0, 0, 0, 0, 0, 
15, 1, 15, 15, -1, 259, 279, 33.0, 15, Nuc379_33_259_274, 7223, 0, 0, 0, , 0, 0, 0, 0, 0, 
16, 1, 16, 16, -1, 301, 240, 20.0, 13, ABaraaaaaap, 3718, 0, 0, 0, , 0, 0, 0, 0, 0, 
17, 1, 17, 17, -1, 292, 259, 24.0, 9, ABaraaaapp, 1113, 0, 0, 0, , 0, 0, 0, 0, 0, 
18, 1, 18, 18, -1, 219, 267, 20.0, 13, ABalpappapp, 4945, 0, 0, 0, , 0, 0, 0, 0, 0, 
19, 1, 19, 19, -1, 252, 221, 26.0, 13, ABarapapaap, 3219, 0, 0, 0, , 0, 0, 0, 0, 0, 
20, 1, 20, 20, -1, 253, 228, 28.0, 13, ABarapappaa, 5137, 0, 0, 0, , 0, 0, 0, 0, 0, 
21, 1, 21, 21, -1, 281, 182, 11.0, 11, ABalaapappa, 3236, 0, 0, 0, , 0, 0, 0, 0, 0, 
22, 1, 22, 22, -1, 280, 215, 20.0, 11, ABarapaaapp, 6431, 0, 0, 0, , 0, 0, 0, 0, 0, 
23, 1, 23, 23, -1, 278, 229, 27.0, 13, ABarapaapap, 7125, 0, 0, 0, , 0, 0, 0, 0, 0, 
24, 1, 24, 24, -1, 256, 190, 17.0, 13, ABarapppapa, 5731, 0, 0, 0, , 0, 0, 0, 0, 0, 
25, 1, 25, 25, -1, 289, 175, 14.0, 21, Nuc365_12_301_194, 23207, 0, 0, 0, , 0, 0, 0, 0, 0, 
26, 1, 26, 26, -1, 291, 168, 18.0, 13, Nuc365_14_294_182, 5369, 0, 0, 0, , 0, 0, 0, 0, 0, 
27, 1, 27, 27, -1, 279, 186, 26.0, 15, Nuc365_22_276_188, 3724, 0, 0, 0, , 0, 0, 0, 0, 0, 
28, 1, 28, 28, -1, 280, 174, 17.0, 13, ABarapppaap, 7392, 0, 0, 0, , 0, 0, 0, 0, 0, 
29, 1, 29, 29, -1, 254, 187, 29.0, 11, ABalaapppap, 2175, 0, 0, 0, , 0, 0, 0, 0, 0, 
30, 1, 30, 30, -1, 276, 189, 22.0, 14, ABarapppppp, 5943, 0, 0, 0, , 0, 0, 0, 0, 0, 
31, 1, 31, 31, -1, 294, 196, 25.0, 13, ABarappaaaa, 6323, 0, 0, 0, , 0, 0, 0, 0, 0, 
32, 1, 32, 32, -1, 257, 202, 19.0, 13, ABarappapaa, 5930, 0, 0, 0, , 0, 0, 0, 0, 0, 
33, 1, 33, 33, -1, 216, 199, 17.0, 11, ABprpapappa, 1948, 0, 0, 0, , 0, 0, 0, 0, 0, 
34, 1, 34, 34, -1, 285, 164, 30.0, 11, ABarpapppa, 3480, 0, 0, 0, , 0, 0, 0, 0, 0, 
35, 1, 36, 35, -1, 367, 212, 28.0, 13, ABarpaapaa, 1789, 0, 0, 0, , 0, 0, 0, 0, 0, 
36, 1, 37, 36, -1, 356, 219, 27.0, 11, ABarpaaaaar, 3422, 0, 0, 0, , 0, 0, 0, 0, 0, 
37, 1, 38, 37, -1, 344, 216, 24.0, 19, ABarpaaaapa, 5893, 0, 0, 0, , 0, 0, 0, 0, 0, 
38, 1, 39, 38, -1, 362, 193, 27.0, 11, ABarpaaapp, 3470, 0, 0, 0, , 0, 0, 0, 0, 0, 
39, 1, 40, 39, -1, 339, 222, 27.0, 14, ABarpaaapaa, 2488, 0, 0, 0, , 0, 0, 0, 0, 0, 
40, 1, 41, 40, -1, 339, 194, 31.0, 13, ABarpaaapap, 3887, 0, 0, 0, , 0, 0, 0, 0, 0, 
41, 1, 42, 41, -1, 251, 317, 19.0, 13, ABarppaapp, 8787, 0, 0, 0, , 0, 0, 0, 0, 0, 
42, 1, 43, 42, -1, 153, 348, 14.0, 15, ABarppappa, 5964, 0, 0, 0, , 0, 0, 0, 0, 0, 
43, 1, 44, 43, -1, 233, 324, 14.0, 17, ABarppapap, 17313, 0, 0, 0, , 0, 0, 0, 0, 0, 
44, 1, 45, 44, -1, 209, 246, 34.0, 13, ABarppppaa, 4072, 0, 0, 0, , 0, 0, 0, 0, 0, 
45, 1, 46, 45, -1, 327, 237, 27.0, 13, ABalapppaap, 2906, 0, 0, 0, , 0, 0, 0, 0, 0, 
46, 1, 47, 46, -1, 336, 273, 30.0, 11, Nuc371_30_331_250, 1180, 0, 0, 0, , 0, 0, 0, 0, 0, 
47, 1, 48, 47, -1, 358, 244, 30.0, 17, ABarpapapp, 7445, 0, 0, 0, , 0, 0, 0, 0, 0, 
48, 1, 49, 48, -1, 328, 286, 15.0, 13, ABalapaaaap, 3348, 0, 0, 0, , 0, 0, 0, 0, 0, 
49, 1, 50, 49, -1, 291, 166, 25.0, 11, ABalaappaa, 2432, 0, 0, 0, , 0, 0, 0, 0, 0, 
50, 1, 51, 50, -1, 271, 195, 29.0, 13, ABarappppaa, 4714, 0, 0, 0, , 0, 0, 0, 0, 0, 
51, 1, 52, 51, -1, 241, 164, 31.0, 11, ABalaapppaa, 2184, 0, 0, 0, , 0, 0, 0, 0, 0, 
52, 1, 53, 52, -1, 307, 208, 29.0, 11, ABalaaaarrp, 3592, 0, 0, 0, , 0, 0, 0, 0, 0, 
53, 1, 54, 53, -1, 296, 179, 23.0, 14, ABalaapaapp, 3276, 0, 0, 0, , 0, 0, 0, 0, 0, 
54, 1, 55, 54, -1, 318, 173, 24.0, 13, ABalaaaarra, 4687, 0, 0, 0, , 0, 0, 0, 0, 0, 
55, 1, 56, 55, -1, 328, 241, 21.0, 13, ABalaaaarlp, 6648, 0, 0, 0, , 0, 0, 0, 0, 0, 
56, 1, 57, 56, -1, 325, 229, 13.0, 11, ABalaaaalpp, 1334, 0, 0, 0, , 0, 0, 0, 0, 0, 
57, 1, 58, 57, -1, 344, 195, 28.0, 15, ABpraapaaap, 13191, 0, 0, 0, , 0, 0, 0, 0, 0, 
58, 1, 59, 58, -1, 288, 215, 30.0, 9, ABalaapaaar, 769, 0, 0, 0, , 0, 0, 0, 0, 0, 
59, 1, 60, 59, -1, 305, 161, 26.0, 11, ABpraaaaapv, 3544, 0, 0, 0, , 0, 0, 0, 0, 0, 
60, 1, 61, 60, -1, 335, 257, 31.0, 15, ABalappaapa, 6636, 0, 0, 0, , 0, 0, 0, 0, 0, 
61, 1, 62, 61, -1, 139, 238, 16.0, 13, ABplppppapp, 4554, 0, 0, 0, , 0, 0, 0, 0, 0, 
62, 1, 63, 62, -1, 124, 265, 16.0, 11, ABplppppaaa, 3157, 0, 0, 0, , 0, 0, 0, 0, 0, 
63, 1, 64, 63, -1, 115, 258, 18.0, 13, ABplppppaap, 4311, 0, 0, 0, , 0, 0, 0, 0, 0, 
64, 1, 65, 64, -1, 111, 222, 13.0, 15, ABplppppppp, 2802, 0, 0, 0, , 0, 0, 0, 0, 0, 
65, 1, 66, 65, -1, 113, 231, 15.0, 13, ABplppppppa, 4827, 0, 0, 0, , 0, 0, 0, 0, 0, 
66, 1, 67, 66, -1, 92, 274, 14.0, 15, ABplpppppap, 4960, 0, 0, 0, , 0, 0, 0, 0, 0, 
67, 1, 68, 67, -1, 114, 280, 16.0, 13, ABplpppppaa, 4201, 0, 0, 0, , 0, 0, 0, 0, 0, 
68, 1, 69, 68, -1, 130, 247, 11.0, 15, ABplpppapaa, 4006, 0, 0, 0, , 0, 0, 0, 0, 0, 
69, 1, 70, 69, -1, 120, 263, 14.0, 13, ABplpppaapp, 6129, 0, 0, 0, , 0, 0, 0, 0, 0, 
70, 1, 71, 70, -1, 153, 256, 17.0, 13, ABplpppaaaa, 4600, 0, 0, 0, , 0, 0, 0, 0, 0, 
71, 1, 72, 71, -1, 138, 292, 16.0, 13, ABplpppaaap, 4112, 0, 0, 0, , 0, 0, 0, 0, 0, 
72, 1, 73, 72, -1, 134, 286, 19.0, 13, ABplppapppp, 4081, 0, 0, 0, , 0, 0, 0, 0, 0, 
73, 1, 74, 73, -1, 177, 277, 18.0, 14, ABplppapppa, 3663, 0, 0, 0, , 0, 0, 0, 0, 0, 
74, 1, 75, 74, -1, 202, 254, 17.0, 13, ABplppappap, 1993, 0, 0, 0, , 0, 0, 0, 0, 0, 
75, 1, 76, 75, -1, 207, 241, 16.0, 13, ABplppappaa, 4060, 0, 0, 0, , 0, 0, 0, 0, 0, 
76, 1, 77, 76, -1, 191, 271, 15.0, 13, ABplppapapa, 5061, 0, 0, 0, , 0, 0, 0, 0, 0, 
77, 1, 78, 77, -1, 177, 292, 17.0, 13, ABplppapapp, 4994, 0, 0, 0, , 0, 0, 0, 0, 0, 
78, 1, 79, 78, -1, 159, 298, 19.0, 13, ABprppapppa, 4045, 0, 0, 0, , 0, 0, 0, 0, 0, 
79, 1, 80, 79, -1, 148, 295, 18.0, 15, ABplppaappp, 4651, 0, 0, 0, , 0, 0, 0, 0, 0, 
80, 0, 81, -1, -1, 274, 191, 16.0, 13, , 3891, 0, 0, 0, , 0, 0, 0, 0, 0, 
81, 1, 82, 81, -1, 203, 278, 19.0, 13, MSaappap, 3220, 0, 0, 0, , 0, 0, 0, 0, 0, 
82, 1, 83, 82, -1, 117, 240, 19.0, 13, ABplpappppp, 4102, 0, 0, 0, , 0, 0, 0, 0, 0, 
83, 1, 84, 83, -1, 122, 261, 20.0, 13, ABplpappppa, 3535, 0, 0, 0, , 0, 0, 0, 0, 0, 
84, 1, 85, 84, -1, 128, 249, 16.0, 13, ABplpapppaa, 3434, 0, 0, 0, , 0, 0, 0, 0, 0, 
85, 1, 86, 85, -1, 131, 242, 22.0, 13, ABplpapppap, 3478, 0, 0, 0, , 0, 0, 0, 0, 0, 
86, 1, 87, 86, -1, 222, 217, 11.0, 15, ABplapaapa, 11705, 0, 0, 0, , 0, 0, 0, 0, 0, 
87, 1, 88, 87, -1, 231, 241, 16.0, 13, ABplpapapap, 4186, 0, 0, 0, , 0, 0, 0, 0, 0, 
88, 1, 89, 88, -1, 222, 252, 15.0, 15, ABplpapapaa, 3517, 0, 0, 0, , 0, 0, 0, 0, 0, 
89, 1, 90, 89, -1, 237, 227, 16.0, 13, Nuc365_12_254_241, 4342, 0, 0, 0, , 0, 0, 0, 0, 0, 
90, 1, 91, 90, -1, 253, 228, 16.0, 13, ABplpapaaaa, 3367, 0, 0, 0, , 0, 0, 0, 0, 0, 
91, 1, 92, 91, -1, 210, 252, 18.0, 13, ABplppapaap, 9702, 0, 0, 0, , 0, 0, 0, 0, 0, 
92, 1, 93, 92, -1, 299, 247, 12.0, 15, ABplpaaaaaa, 6377, 0, 0, 0, , 0, 0, 0, 0, 0, 
93, 1, 94, 93, -1, 286, 197, 10.0, 15, ABplpaapapp, 8465, 0, 0, 0, , 0, 0, 0, 0, 0, 
94, 1, 95, 94, -1, 262, 281, 14.0, 13, ABplpaappap, 6039, 0, 0, 0, , 0, 0, 0, 0, 0, 
95, 1, 96, 95, -1, 264, 265, 14.0, 13, ABplpaappaa, 2150, 0, 0, 0, , 0, 0, 0, 0, 0, 
96, 1, 97, 96, -1, 271, 228, 14.0, 13, MSappapp, 1840, 0, 0, 0, , 0, 0, 0, 0, 0, 
97, 1, 98, 97, -1, 270, 286, 12.0, 15, ABplpaapaap, 7636, 0, 0, 0, , 0, 0, 0, 0, 0, 
98, 0, 99, -1, -1, 297, 281, 18.0, 13, , 981, 0, 0, 0, , 0, 0, 0, 0, 0, 
99, 1, 100, 99, -1, 353, 246, 16.0, 13, ABplpaapapa, 5410, 0, 0, 0, , 0, 0, 0, 0, 0, 
100, 1, 101, 100, -1, 356, 203, 24.0, 13, ABplaapaaaa, 3592, 0, 0, 0, , 0, 0, 0, 0, 0, 
101, 1, 102, 101, -1, 357, 211, 21.0, 13, ABplaapaaap, 5068, 0, 0, 0, , 0, 0, 0, 0, 0, 
102, 1, 103, 102, -1, 338, 243, 16.0, 13, ABplaapaapa, 6768, 0, 0, 0, , 0, 0, 0, 0, 0, 
103, 1, 104, 103, -1, 313, 288, 19.0, 13, Nuc377_18_321_290, 2021, 0, 0, 0, , 0, 0, 0, 0, 0, 
104, 1, 105, 104, -1, 288, 295, 17.0, 11, ABplaapapppp, 2791, 0, 0, 0, , 0, 0, 0, 0, 0, 
105, 1, 106, 105, -1, 275, 290, 17.0, 13, ABplaapapap, 4361, 0, 0, 0, , 0, 0, 0, 0, 0, 
106, 1, 107, 106, -1, 266, 275, 16.0, 13, ABplaapapaa, 2962, 0, 0, 0, , 0, 0, 0, 0, 0, 
107, 0, 108, -1, -1, 332, 269, 28.0, 11, , 1912, 0, 0, 0, , 0, 0, 0, 0, 0, 
108, 1, 109, 108, -1, 366, 232, 28.0, 13, ABplaaaapp, 4757, 0, 0, 0, , 0, 0, 0, 0, 0, 
109, 1, 110, 109, -1, 341, 245, 12.0, 15, ABplaaappa, 7669, 0, 0, 0, , 0, 0, 0, 0, 0, 
110, 0, 111, -1, -1, 329, 267, 18.0, 11, , 2831, 0, 0, 0, , 0, 0, 0, 0, 0, 
111, 0, 112, -1, -1, 339, 275, 15.0, 13, , 2631, 0, 0, 0, , 0, 0, 0, 0, 0, 
112, 1, 113, 112, -1, 338, 254, 20.0, 9, ABplaaappp, 1358, 0, 0, 0, , 0, 0, 0, 0, 0, 
113, 1, 114, 113, -1, 335, 201, 16.0, 13, ABplaaapaa, 6086, 0, 0, 0, , 0, 0, 0, 0, 0, 
114, 1, 115, 114, -1, 153, 232, 14.0, 15, ABplappppa, 7065, 0, 0, 0, , 0, 0, 0, 0, 0, 
115, 1, 116, 115, -1, 100, 243, 11.0, 17, ABplappppp, 7040, 0, 0, 0, , 0, 0, 0, 0, 0, 
116, 1, 117, 116, -1, 112, 271, 10.0, 15, ABplapppaaa, 11197, 0, 0, 0, , 0, 0, 0, 0, 0, 
117, 1, 118, 117, -1, 78, 288, 11.0, 17, Cpappd, 3649, 0, 0, 0, , 0, 0, 0, 0, 0, 
118, 0, 119, -1, -1, 89, 302, 13.0, 9, , 1183, 0, 0, 0, , 0, 0, 0, 0, 0, 
119, 0, 120, -1, -1, 209, 312, 12.0, 15, , 11346, 0, 0, 0, , 0, 0, 0, 0, 0, 
120, 1, 121, 120, -1, 144, 329, 11.0, 17, ABplappapp, 9084, 0, 0, 0, , 0, 0, 0, 0, 0, 
121, 1, 122, 121, -1, 192, 338, 14.0, 17, ABplappapa, 7680, 0, 0, 0, , 0, 0, 0, 0, 0, 
122, 1, 123, 122, -1, 227, 302, 11.0, 17, ABplapaapp, 11072, 0, 0, 0, , 0, 0, 0, 0, 0, 
123, 1, 124, 123, -1, 318, 285, 24.0, 17, ABarppaaaa, 9606, 0, 0, 0, , 0, 0, 0, 0, 0, 
124, 1, 125, 124, -1, 254, 303, 17.0, 13, ABplapaaapp, 1245, 0, 0, 0, , 0, 0, 0, 0, 0, 
125, 1, 126, 125, -1, 120, 308, 10.0, 15, ABplapapap, 5628, 0, 0, 0, , 0, 0, 0, 0, 0, 
126, 1, 127, 126, -1, 119, 287, 11.0, 13, ABplapappa, 5824, 0, 0, 0, , 0, 0, 0, 0, 0, 
127, 1, 128, 127, -1, 109, 332, 13.0, 17, ABplapapaa, 6718, 0, 0, 0, , 0, 0, 0, 0, 0, 
128, 1, 129, 128, -1, 231, 206, 18.0, 11, ABprpapaaap, 4090, 0, 0, 0, , 0, 0, 0, 0, 0, 
129, 1, 130, 129, -1, 143, 264, 16.0, 11, ABprpapappp, 3196, 0, 0, 0, , 0, 0, 0, 0, 0, 
130, 1, 131, 130, -1, 210, 215, 22.0, 13, ABprpapapaa, 5891, 0, 0, 0, , 0, 0, 0, 0, 0, 
131, 1, 132, -1, -1, 91, 286, 18.0, 13, Nuc376_18_89_294, 5194, 0, 0, 0, , 0, 0, 0, 0, 0, 
132, 1, 133, 132, -1, 99, 245, 21.0, 13, ABprpappppa, 3820, 0, 0, 0, , 0, 0, 0, 0, 0, 
133, 1, 134, 133, -1, 181, 259, 17.0, 11, Nuc367_14_177_266, 1013, 0, 0, 0, , 0, 0, 0, 0, 0, 
134, 1, 135, 134, -1, 247, 218, 19.0, 13, ABprpappaap, 2989, 0, 0, 0, , 0, 0, 0, 0, 0, 
135, 1, 136, 135, -1, 293, 202, 20.0, 15, ABarapapapa, 6899, 0, 0, 0, , 0, 0, 0, 0, 0, 
136, 1, 137, 136, -1, 226, 182, 28.0, 13, ABprpaaaaap, 5497, 0, 0, 0, , 0, 0, 0, 0, 0, 
137, 1, 138, 555, -1, 239, 194, 27.0, 11, ABpraaappaa, 4276, 0, 0, 0, , 0, 0, 0, 0, 0, 
138, 1, 139, 138, -1, 187, 256, 16.0, 13, ABprpaaaapp, 5535, 0, 0, 0, , 0, 0, 0, 0, 0, 
139, 1, 140, 139, -1, 229, 198, 14.0, 17, ABprpaaaapa, 6211, 0, 0, 0, , 0, 0, 0, 0, 0, 
140, 1, 141, 140, -1, 263, 180, 27.0, 17, ABprpaaaaaa, 5615, 0, 0, 0, , 0, 0, 0, 0, 0, 
141, 1, 142, 141, -1, 248, 184, 18.0, 13, ABprpapaapp, 5708, 0, 0, 0, , 0, 0, 0, 0, 0, 
142, 1, 143, 142, -1, 243, 196, 19.0, 11, ABprpapaapa, 2367, 0, 0, 0, , 0, 0, 0, 0, 0, 
143, 1, 144, 143, -1, 262, 171, 23.0, 15, ABprpaaappp, 10878, 0, 0, 0, , 0, 0, 0, 0, 0, 
144, 1, 145, 144, -1, 282, 165, 22.0, 11, ABprpaaapap, 3085, 0, 0, 0, , 0, 0, 0, 0, 0, 
145, 1, 146, 145, -1, 217, 204, 32.0, 13, ABprpaapaap, 4603, 0, 0, 0, , 0, 0, 0, 0, 0, 
146, 1, 147, 146, -1, 310, 183, 33.0, 15, ABprpaapapa, 6372, 0, 0, 0, , 0, 0, 0, 0, 0, 
147, 1, 148, 147, -1, 216, 213, 29.0, 13, ABprpaappap, 3506, 0, 0, 0, , 0, 0, 0, 0, 0, 
148, 1, 149, 148, -1, 225, 199, 28.0, 11, ABprpaappaa, 3742, 0, 0, 0, , 0, 0, 0, 0, 0, 
149, 1, 150, 149, -1, 120, 249, 27.0, 19, ABprpppaapa, 10848, 0, 0, 0, , 0, 0, 0, 0, 0, 
150, 1, 151, 150, -1, 136, 275, 22.0, 13, ABprpppaaap, 4531, 0, 0, 0, , 0, 0, 0, 0, 0, 
151, 1, 152, 151, -1, 152, 258, 21.0, 17, ABprpppaaaa, 6738, 0, 0, 0, , 0, 0, 0, 0, 0, 
152, 1, 153, 152, -1, 138, 223, 25.0, 17, ABprpppapaa, 5060, 0, 0, 0, , 0, 0, 0, 0, 0, 
153, 1, 154, 153, -1, 151, 229, 22.0, 17, ABprppppapa, 6462, 0, 0, 0, , 0, 0, 0, 0, 0, 
154, 1, 155, 154, -1, 139, 228, 19.0, 13, ABprppppapp, 5289, 0, 0, 0, , 0, 0, 0, 0, 0, 
155, 1, 156, 155, -1, 130, 256, 24.0, 11, ABprppppaaa, 3607, 0, 0, 0, , 0, 0, 0, 0, 0, 
156, 1, 157, 156, -1, 115, 248, 22.0, 13, ABprppppaap, 4094, 0, 0, 0, , 0, 0, 0, 0, 0, 
157, 1, 158, 157, -1, 127, 278, 26.0, 17, ABprpppppaa, 5009, 0, 0, 0, , 0, 0, 0, 0, 0, 
158, 1, 159, 158, -1, 117, 269, 24.0, 13, ABprpppppap, 3436, 0, 0, 0, , 0, 0, 0, 0, 0, 
159, 1, 160, 159, -1, 213, 190, 26.0, 15, ABprppaapap, 3813, 0, 0, 0, , 0, 0, 0, 0, 0, 
160, 0, 161, -1, -1, 223, 168, 21.0, 14, , 787, 0, 0, 0, , 0, 0, 0, 0, 0, 
161, 1, 162, 161, -1, 204, 216, 16.0, 15, ABprppaappa, 5261, 0, 0, 0, , 0, 0, 0, 0, 0, 
162, 1, 163, 162, -1, 144, 275, 17.0, 11, ABprppaappp, 3630, 0, 0, 0, , 0, 0, 0, 0, 0, 
163, 1, 164, 721, -1, 225, 173, 26.0, 15, ABprppaaaaa, 6287, 0, 0, 0, , 0, 0, 0, 0, 0, 
164, 1, 166, 164, -1, 205, 196, 29.0, 15, ABprppaaaapa, 4359, 0, 0, 0, , 0, 0, 0, 0, 0, 
165, 1, 167, 165, -1, 192, 212, 19.0, 15, ABprppapaaa, 5933, 0, 0, 0, , 0, 0, 0, 0, 0, 
166, 1, 168, 166, -1, 204, 264, 19.0, 11, ABprppapaap, 2944, 0, 0, 0, , 0, 0, 0, 0, 0, 
167, 1, 169, 167, -1, 190, 264, 19.0, 13, ABprppappap, 2605, 0, 0, 0, , 0, 0, 0, 0, 0, 
168, 1, 170, 168, -1, 186, 271, 22.0, 13, ABprppapapa, 3679, 0, 0, 0, , 0, 0, 0, 0, 0, 
169, 1, 171, 169, -1, 156, 301, 21.0, 15, ABprppapapp, 4478, 0, 0, 0, , 0, 0, 0, 0, 0, 
170, 1, 172, 170, -1, 135, 270, 19.0, 13, ABprppapppp, 2019, 0, 0, 0, , 0, 0, 0, 0, 0, 
171, 1, 173, 171, -1, 190, 247, 20.0, 13, ABprppappaa, 3853, 0, 0, 0, , 0, 0, 0, 0, 0, 
172, 1, 174, 172, -1, 347, 195, 25.0, 13, ABpraapaaaa, 4814, 0, 0, 0, , 0, 0, 0, 0, 0, 
173, 1, 175, 173, -1, 331, 211, 34.0, 13, ABarpapaaap, 7814, 0, 0, 0, , 0, 0, 0, 0, 0, 
174, 1, 176, 174, -1, 281, 192, 33.0, 15, ABpraapaapp, 7443, 0, 0, 0, , 0, 0, 0, 0, 0, 
175, 1, 177, 175, -1, 239, 226, 30.0, 15, ABpraapapap, 5018, 0, 0, 0, , 0, 0, 0, 0, 0, 
176, 1, 178, 176, -1, 229, 220, 27.0, 13, ABpraapapaa, 2712, 0, 0, 0, , 0, 0, 0, 0, 0, 
177, 0, 179, -1, -1, 253, 164, 31.0, 9, , 705, 0, 0, 0, , 0, 0, 0, 0, 0, 
178, 1, 180, 178, -1, 238, 219, 26.0, 13, ABpraapappa, 3616, 0, 0, 0, , 0, 0, 0, 0, 0, 
179, 1, 181, 179, -1, 199, 216, 31.0, 13, ABpraapppp, 4153, 0, 0, 0, , 0, 0, 0, 0, 0, 
180, 1, 182, 180, -1, 311, 169, 18.0, 13, ABpraappaa, 4362, 0, 0, 0, , 0, 0, 0, 0, 0, 
181, 1, 183, 181, -1, 257, 201, 26.0, 13, MSppapap, 3314, 0, 0, 0, , 0, 0, 0, 0, 0, 
182, 1, 184, 182, -1, 251, 213, 30.0, 11, ABpraaapaad, 3548, 0, 0, 0, , 0, 0, 0, 0, 0, 
183, 1, 185, 183, -1, 229, 220, 35.0, 11, ABpraaapppap, 2593, 0, 0, 0, , 0, 0, 0, 0, 0, 
184, 1, 186, 184, -1, 241, 172, 25.0, 13, ABpraaaaaaa, 4334, 0, 0, 0, , 0, 0, 0, 0, 0, 
185, 1, 187, 185, -1, 255, 167, 30.0, 14, ABalaappapa, 967, 0, 0, 0, , 0, 0, 0, 0, 0, 
186, 1, 188, 186, -1, 134, 297, 32.0, 17, ABprappapp, 5974, 0, 0, 0, , 0, 0, 0, 0, 0, 
187, 1, 189, 187, -1, 169, 295, 34.0, 15, ABprappapa, 5451, 0, 0, 0, , 0, 0, 0, 0, 0, 
188, 1, 190, 188, -1, 159, 283, 31.0, 17, ABprappaap, 13792, 0, 0, 0, , 0, 0, 0, 0, 0, 
189, 1, 191, 189, -1, 180, 265, 29.0, 15, ABprappaaa, 6311, 0, 0, 0, , 0, 0, 0, 0, 0, 
190, 1, 192, 190, -1, 125, 242, 30.0, 15, ABprapppaaa, 3829, 0, 0, 0, , 0, 0, 0, 0, 0, 
191, 1, 193, 191, -1, 124, 223, 28.0, 11, ABprapppappa, 2710, 0, 0, 0, , 0, 0, 0, 0, 0, 
192, 1, 194, 192, -1, 91, 237, 23.0, 11, ABprapappppp, 2420, 0, 0, 0, , 0, 0, 0, 0, 0, 
193, 1, 195, 193, -1, 107, 225, 24.0, 17, ABprappppp, 19600, 0, 0, 0, , 0, 0, 0, 0, 0, 
194, 1, 196, 194, -1, 142, 218, 13.0, 13, ABplpppapap, 4338, 0, 0, 0, , 0, 0, 0, 0, 0, 
195, 1, 197, 195, -1, 213, 230, 28.0, 13, ABprapaaapa, 4446, 0, 0, 0, , 0, 0, 0, 0, 0, 
196, 0, 198, -1, -1, 210, 246, 29.0, 13, , 2240, 0, 0, 0, , 0, 0, 0, 0, 0, 
197, 1, 198, 197, -1, 217, 243, 29.0, 13, ABprapaaapp, 1772, 0, 0, 0, , 0, 0, 0, 0, 0, 
198, 1, 199, 198, -1, 189, 240, 30.0, 15, ABprapaapp, 9458, 0, 0, 0, , 0, 0, 0, 0, 0, 
199, 1, 200, 199, -1, 205, 193, 18.0, 15, ABprapaapa, 7303, 0, 0, 0, , 0, 0, 0, 0, 0, 
200, 1, 201, 200, -1, 137, 251, 30.0, 13, ABprapappa, 4032, 0, 0, 0, , 0, 0, 0, 0, 0, 
201, 1, -1, 201, -1, 98, 226, 26.0, 9, Nuc381_26_98_226, 1272, 0, 0, 0, , 0, 0, 0, 0, 0, 
202, 1, 203, 202, -1, 120, 274, 31.0, 15, ABprapapap, 5104, 0, 0, 0, , 0, 0, 0, 0, 0, 
203, 1, 204, 203, -1, 101, 291, 33.0, 17, ABprapapaa, 8189, 0, 0, 0, , 0, 0, 0, 0, 0, 
204, 1, 205, 204, -1, 285, 263, 35.0, 17, MSppppap, 4133, 0, 0, 0, , 0, 0, 0, 0, 0, 
205, 1, 206, -1, -1, 325, 250, 35.0, 17, MSpppppa, 9351, 0, 0, 0, , 0, 0, 0, 0, 0, 
206, 1, 207, 205, -1, 310, 273, 33.0, 13, MSpppaaa, 3703, 0, 0, 0, , 0, 0, 0, 0, 0, 
207, 1, 267, 206, -1, 163, 285, 28.0, 17, Cppaapa, 5137, 0, 0, 0, , 0, 0, 0, 0, 0, 
208, 1, 209, 207, -1, 242, 205, 21.0, 13, ABprpapaaaa, 3194, 0, 0, 0, , 0, 0, 0, 0, 0, 
209, 1, 210, 208, -1, 118, 282, 21.0, 13, MSppaapp, 4567, 0, 0, 0, , 0, 0, 0, 0, 0, 
210, 0, 211, -1, -1, 252, 210, 29.0, 13, , 3360, 0, 0, 0, , 0, 0, 0, 0, 0, 
211, 1, 212, 210, -1, 277, 210, 28.0, 11, MSppaaaad, 1505, 0, 0, 0, , 0, 0, 0, 0, 0, 
212, 1, 213, 211, -1, 267, 216, 26.0, 13, Nuc361_23_260_214, 4131, 0, 0, 0, , 0, 0, 0, 0, 0, 
213, 1, 214, 212, -1, 210, 290, 27.0, 13, MSpapappp, 4089, 0, 0, 0, , 0, 0, 0, 0, 0, 
214, 1, 215, 213, -1, 209, 266, 24.0, 15, MSpapapaa, 2567, 0, 0, 0, , 0, 0, 0, 0, 0, 
215, 1, 216, 214, -1, 222, 240, 24.0, 13, MSpapaaap, 3670, 0, 0, 0, , 0, 0, 0, 0, 0, 
216, 1, 217, 215, -1, 166, 305, 14.0, 15, MSpappaa, 5786, 0, 0, 0, , 0, 0, 0, 0, 0, 
217, 1, 218, 216, -1, 176, 257, 23.0, 13, MSpappppa, 2922, 0, 0, 0, , 0, 0, 0, 0, 0, 
218, 1, 219, 217, -1, 171, 274, 24.0, 13, MSpappppp, 2970, 0, 0, 0, , 0, 0, 0, 0, 0, 
219, 1, 220, 218, -1, 261, 311, 29.0, 13, MSpaaappp, 4130, 0, 0, 0, , 0, 0, 0, 0, 0, 
220, 1, 221, 219, -1, 258, 306, 25.0, 15, MSpaaapaa, 5082, 0, 0, 0, , 0, 0, 0, 0, 0, 
221, 1, 222, 220, -1, 276, 266, 30.0, 13, MSpaaaapp, 3818, 0, 0, 0, , 0, 0, 0, 0, 0, 
222, 1, 223, 221, -1, 289, 281, 30.0, 15, MSpaaaaaa, 5347, 0, 0, 0, , 0, 0, 0, 0, 0, 
223, 1, 224, 222, -1, 263, 279, 31.0, 17, ABaraappapp, 11748, 0, 0, 0, , 0, 0, 0, 0, 0, 
224, 1, 225, 223, -1, 234, 250, 28.0, 13, ABaraappppa, 5935, 0, 0, 0, , 0, 0, 0, 0, 0, 
225, 1, 226, 224, -1, 250, 264, 32.0, 15, ABaraapppap, 5062, 0, 0, 0, , 0, 0, 0, 0, 0, 
226, 1, 227, 225, -1, 255, 300, 29.0, 13, MSpaapaap, 2244, 0, 0, 0, , 0, 0, 0, 0, 0, 
227, 1, 228, 226, -1, 278, 293, 31.0, 13, MSpaaappa, 3926, 0, 0, 0, , 0, 0, 0, 0, 0, 
228, 1, 229, 227, -1, 249, 286, 29.0, 13, MSpaapaaa, 2200, 0, 0, 0, , 0, 0, 0, 0, 0, 
229, 1, 230, 228, -1, 298, 305, 23.0, 13, MSapppap, 3372, 0, 0, 0, , 0, 0, 0, 0, 0, 
230, 1, 231, 229, -1, 323, 254, 33.0, 11, Nuc374_30_325_260, 765, 0, 0, 0, , 0, 0, 0, 0, 0, 
231, 1, 232, 230, -1, 310, 287, 30.0, 15, MSappaaa, 2754, 0, 0, 0, , 0, 0, 0, 0, 0, 
232, 1, 233, 231, -1, 281, 299, 24.0, 17, ABaraapaapp, 8842, 0, 0, 0, , 0, 0, 0, 0, 0, 
233, 1, 234, 232, -1, 357, 264, 29.0, 13, Nuc359_33_337_234, 1665, 0, 0, 0, , 0, 0, 0, 0, 0, 
234, 1, 235, 233, -1, 126, 296, 22.0, 15, MSapaapp, 5161, 0, 0, 0, , 0, 0, 0, 0, 0, 
235, 1, 236, 234, -1, 313, 258, 20.0, 13, MSapaaaa, 3236, 0, 0, 0, , 0, 0, 0, 0, 0, 
236, 1, 237, 235, -1, 265, 288, 27.0, 15, Nuc360_29_260_263, 2550, 0, 0, 0, , 0, 0, 0, 0, 0, 
237, 1, 238, 236, -1, 326, 260, 24.0, 13, MSaaaaaal, 4071, 0, 0, 0, , 0, 0, 0, 0, 0, 
238, 1, 239, 237, -1, 275, 309, 29.0, 13, MSaaaapaa, 4320, 0, 0, 0, , 0, 0, 0, 0, 0, 
239, 1, 240, 238, -1, 283, 300, 27.0, 15, MSaaaapap, 5135, 0, 0, 0, , 0, 0, 0, 0, 0, 
240, 1, 241, 239, -1, 247, 313, 26.0, 11, MSaaaappa, 2710, 0, 0, 0, , 0, 0, 0, 0, 0, 
241, 1, 242, 240, -1, 241, 314, 29.0, 13, MSpaaapap, 4934, 0, 0, 0, , 0, 0, 0, 0, 0, 
242, 1, 243, 241, -1, 250, 314, 22.0, 15, MSaaapapa, 3486, 0, 0, 0, , 0, 0, 0, 0, 0, 
243, 1, 244, 242, -1, 223, 291, 22.0, 14, MSaaapapp, 1469, 0, 0, 0, , 0, 0, 0, 0, 0, 
244, 1, 245, 243, -1, 229, 326, 24.0, 11, MSaaappa, 2578, 0, 0, 0, , 0, 0, 0, 0, 0, 
245, 1, 246, 244, -1, 236, 329, 27.0, 13, MSaaappp, 2166, 0, 0, 0, , 0, 0, 0, 0, 0, 
246, 1, 247, 245, -1, 197, 281, 13.0, 11, MSaappppa, 2944, 0, 0, 0, , 0, 0, 0, 0, 0, 
247, 1, 248, 246, -1, 183, 294, 14.0, 13, MSaappppp, 3266, 0, 0, 0, , 0, 0, 0, 0, 0, 
248, 1, 249, 247, -1, 235, 259, 17.0, 13, MSaapaaap, 3925, 0, 0, 0, , 0, 0, 0, 0, 0, 
249, 1, 250, 248, -1, 253, 257, 21.0, 11, MSaapaaaa, 2557, 0, 0, 0, , 0, 0, 0, 0, 0, 
250, 1, 251, 249, -1, 218, 292, 19.0, 13, MSaapappp, 4125, 0, 0, 0, , 0, 0, 0, 0, 0, 
251, 1, 252, 250, -1, 253, 298, 19.0, 11, MSaapappa, 1462, 0, 0, 0, , 0, 0, 0, 0, 0, 
252, 1, 253, 251, -1, 225, 277, 18.0, 11, MSaapapaa, 2802, 0, 0, 0, , 0, 0, 0, 0, 0, 
253, 1, 254, 252, -1, 237, 286, 21.0, 13, MSaapapap, 3201, 0, 0, 0, , 0, 0, 0, 0, 0, 
254, 1, 255, 253, -1, 72, 311, 14.0, 17, Cappapa, 5757, 0, 0, 0, , 0, 0, 0, 0, 0, 
255, 1, 256, 254, -1, 204, 355, 22.0, 17, Cappaaa, 14158, 0, 0, 0, , 0, 0, 0, 0, 0, 
256, 1, 257, 255, -1, 61, 302, 17.0, 15, Capppap, 4575, 0, 0, 0, , 0, 0, 0, 0, 0, 
257, 1, 258, 256, -1, 97, 360, 21.0, 17, Capppaa, 3466, 0, 0, 0, , 0, 0, 0, 0, 0, 
258, 1, 259, 257, -1, 94, 352, 17.0, 17, Capapap, 5269, 0, 0, 0, , 0, 0, 0, 0, 0, 
259, 1, 260, 258, -1, 140, 270, 13.0, 17, Capappp, 9338, 0, 0, 0, , 0, 0, 0, 0, 0, 
260, 1, 261, 259, -1, 135, 294, 12.0, 15, Capappa, 6799, 0, 0, 0, , 0, 0, 0, 0, 0, 
261, 1, 262, 260, -1, 190, 304, 12.0, 15, Capaaap, 5702, 0, 0, 0, , 0, 0, 0, 0, 0, 
262, 1, 263, 261, -1, 212, 283, 12.0, 15, Capaaaa, 5674, 0, 0, 0, , 0, 0, 0, 0, 0, 
263, 1, 264, 262, -1, 114, 215, 18.0, 15, ABprppppppp, 4833, 0, 0, 0, , 0, 0, 0, 0, 0, 
264, 1, 265, 263, -1, 103, 224, 20.0, 13, Caappv, 3956, 0, 0, 0, , 0, 0, 0, 0, 0, 
265, 1, 266, 264, -1, 94, 234, 14.0, 13, Cpappv, 3972, 0, 0, 0, , 0, 0, 0, 0, 0, 
266, 0, 267, -1, -1, 162, 283, 30.0, 15, , 6367, 0, 0, 0, , 0, 0, 0, 0, 0, 
267, 1, 268, 266, -1, 176, 264, 27.0, 13, Cppaaap, 5502, 0, 0, 0, , 0, 0, 0, 0, 0, 
268, 1, 269, 267, -1, 184, 245, 26.0, 15, Cppaaaa, 6001, 0, 0, 0, , 0, 0, 0, 0, 0, 
269, 1, 270, 268, -1, 144, 249, 25.0, 15, Cppappp, 5964, 0, 0, 0, , 0, 0, 0, 0, 0, 
270, 1, 271, 269, -1, 130, 265, 28.0, 17, Cppappa, 4910, 0, 0, 0, , 0, 0, 0, 0, 0, 
271, 1, 272, 270, -1, 169, 356, 32.0, 19, Cpppaap, 14427, 0, 0, 0, , 0, 0, 0, 0, 0, 
272, 1, 273, 271, -1, 219, 319, 35.0, 17, Cpppaaa, 7016, 0, 0, 0, , 0, 0, 0, 0, 0, 
273, 1, 274, 272, -1, 71, 277, 28.0, 15, Cpppapp, 2743, 0, 0, 0, , 0, 0, 0, 0, 0, 
274, 1, 275, 273, -1, 248, 236, 12.0, 13, Daapa, 5347, 0, 0, 0, , 0, 0, 0, 0, 0, 
275, 1, 276, 274, -1, 233, 240, 12.0, 15, Daapp, 6336, 0, 0, 0, , 0, 0, 0, 0, 0, 
276, 0, 277, -1, -1, 246, 302, 16.0, 13, , 3542, 0, 0, 0, , 0, 0, 0, 0, 0, 
277, 1, 278, 276, -1, 290, 319, 26.0, 15, Dappaa, 3642, 0, 0, 0, , 0, 0, 0, 0, 0, 
278, 1, 279, 277, -1, 276, 321, 22.0, 19, Daaap, 3658, 0, 0, 0, , 0, 0, 0, 0, 0, 
279, 1, 280, 278, -1, 208, 194, 22.0, 15, Dpapp, 4916, 0, 0, 0, , 0, 0, 0, 0, 0, 
280, 1, 281, 279, -1, 230, 184, 22.0, 17, Dpapa, 11016, 0, 0, 0, , 0, 0, 0, 0, 0, 
281, 1, 282, 280, -1, 229, 212, 22.0, 13, ABprpappapa, 5327, 0, 0, 0, , 0, 0, 0, 0, 0, 
282, 1, 283, 281, -1, 235, 327, 33.0, 17, Dppppa, 3850, 0, 0, 0, , 0, 0, 0, 0, 0, 
283, 1, 284, 282, -1, 254, 309, 34.0, 15, Dpppap, 4096, 0, 0, 0, , 0, 0, 0, 0, 0, 
284, 1, 285, 283, -1, 283, 286, 35.0, 19, Dpppaa, 13074, 0, 0, 0, , 0, 0, 0, 0, 0, 
285, 1, 286, 284, -1, 201, 232, 25.0, 15, Dppaa, 4484, 0, 0, 0, , 0, 0, 0, 0, 0, 
286, 1, 287, 285, -1, 239, 296, 34.0, 17, Dppap, 3648, 0, 0, 0, , 0, 0, 0, 0, 0, 
287, 0, 288, -1, -1, 381, 244, 24.0, 15, , 4892, 0, 0, 0, , 0, 0, 0, 0, 0, 
288, 1, 289, 287, -1, 276, 265, 16.0, 15, ABplaapappa, 3949, 0, 0, 0, , 0, 0, 0, 0, 0, 
289, 1, 290, 288, -1, 283, 299, 11.0, 11, ABalppppppap, 2778, 0, 0, 0, , 0, 0, 0, 0, 0, 
290, 1, 291, 289, -1, 349, 222, 12.0, 19, ABplaaapap, 11242, 0, 0, 0, , 0, 0, 0, 0, 0, 
291, 1, 292, 290, -1, 284, 250, 12.0, 11, ABalpppaaaa, 2706, 0, 0, 0, , 0, 0, 0, 0, 0, 
292, 1, 293, 291, -1, 316, 207, 16.0, 11, ABalpppaaap, 3911, 0, 0, 0, , 0, 0, 0, 0, 0, 
293, 1, 294, 292, -1, 333, 230, 11.0, 13, ABalpppaapd, 5545, 0, 0, 0, , 0, 0, 0, 0, 0, 
294, 1, 295, 293, -1, 332, 227, 17.0, 13, ABalpppaapv, 3913, 0, 0, 0, , 0, 0, 0, 0, 0, 
295, 1, 296, 294, -1, 292, 264, 12.0, 11, ABalpppapad, 2132, 0, 0, 0, , 0, 0, 0, 0, 0, 
296, 1, 297, 295, -1, 295, 235, 11.0, 13, ABalpppapav, 4911, 0, 0, 0, , 0, 0, 0, 0, 0, 
297, 1, 298, 296, -1, 322, 211, 13.0, 13, ABalppaaapp, 4433, 0, 0, 0, , 0, 0, 0, 0, 0, 
298, 1, 299, 297, -1, 272, 260, 12.0, 15, ABplpaaaaap, 7416, 0, 0, 0, , 0, 0, 0, 0, 0, 
299, 1, 300, 298, -1, 291, 199, 16.0, 9, ABalppapppaa, 1726, 0, 0, 0, , 0, 0, 0, 0, 0, 
300, 1, 300, 299, -1, 283, 209, 15.0, 11, ABalppapppap, 3405, 0, 0, 0, , 0, 0, 0, 0, 0, 
301, 1, 301, 300, -1, 308, 281, 18.0, 11, ABalppappaa, 3171, 0, 0, 0, , 0, 0, 0, 0, 0, 
302, 1, 302, 301, -1, 260, 207, 16.0, 15, ABalppapapa, 8715, 0, 0, 0, , 0, 0, 0, 0, 0, 
303, 1, 303, 302, -1, 319, 200, 11.0, 11, ABalppapapp, 1643, 0, 0, 0, , 0, 0, 0, 0, 0, 
304, 1, 304, 303, -1, 317, 179, 15.0, 13, ABplaappaa, 4754, 0, 0, 0, , 0, 0, 0, 0, 0, 
305, 1, 305, 304, -1, 314, 245, 13.0, 14, ABalppapaaa, 3510, 0, 0, 0, , 0, 0, 0, 0, 0, 
306, 1, 306, 305, -1, 311, 179, 17.0, 15, ABalpapaapp, 4154, 0, 0, 0, , 0, 0, 0, 0, 0, 
307, 0, 307, -1, -1, 260, 207, 11.0, 11, , 3514, 0, 0, 0, , 0, 0, 0, 0, 0, 
308, 1, 308, 307, -1, 286, 229, 18.0, 13, ABalpaaaapa, 5341, 0, 0, 0, , 0, 0, 0, 0, 0, 
309, 1, 309, 308, -1, 274, 235, 18.0, 11, ABalpaaaaap, 3991, 0, 0, 0, , 0, 0, 0, 0, 0, 
310, 1, 310, 309, -1, 251, 240, 26.0, 13, ABalpappaaa, 6485, 0, 0, 0, , 0, 0, 0, 0, 0, 
311, 1, 311, 310, -1, 297, 258, 16.0, 11, ABalpapppaa, 2095, 0, 0, 0, , 0, 0, 0, 0, 0, 
312, 1, 312, 311, -1, 299, 281, 23.0, 15, ABalpaapapa, 4991, 0, 0, 0, , 0, 0, 0, 0, 0, 
313, 1, 313, 312, -1, 264, 231, 20.0, 11, ABalpaaaapp, 8242, 0, 0, 0, , 0, 0, 0, 0, 0, 
314, 1, 314, 313, -1, 302, 222, 19.0, 11, ABalpaaaaaa, 3607, 0, 0, 0, , 0, 0, 0, 0, 0, 
315, 1, 315, 314, -1, 259, 243, 24.0, 9, Nuc362_20_282_258, 679, 0, 0, 0, , 0, 0, 0, 0, 0, 
316, 1, 317, 315, -1, 348, 227, 18.0, 11, ABalpaapppp, 1986, 0, 0, 0, , 0, 0, 0, 0, 0, 
317, 1, 318, 316, -1, 333, 207, 20.0, 15, ABalpaappaa, 8169, 0, 0, 0, , 0, 0, 0, 0, 0, 
318, 0, 319, -1, -1, 310, 227, 21.0, 17, , 3383, 0, 0, 0, , 0, 0, 0, 0, 0, 
319, 0, 320, -1, -1, 271, 226, 16.0, 13, , 2537, 0, 0, 0, , 0, 0, 0, 0, 0, 
320, 1, 321, 319, -1, 126, 344, 22.0, 23, Ealpp, 15936, 0, 0, 0, , 0, 0, 0, 0, 0, 
321, 1, 322, 320, -1, 196, 308, 21.0, 19, Ealpa, 7592, 0, 0, 0, , 0, 0, 0, 0, 0, 
322, 1, 323, 321, -1, 246, 340, 23.0, 17, Dapap, 6809, 0, 0, 0, , 0, 0, 0, 0, 0, 
323, 1, 324, 322, -1, 226, 272, 13.0, 17, Dapaa, 3128, 0, 0, 0, , 0, 0, 0, 0, 0, 
324, 1, 325, 323, -1, 240, 296, 20.0, 13, MSaapaapp, 4012, 0, 0, 0, , 0, 0, 0, 0, 0, 
325, 1, 326, 324, -1, 239, 277, 17.0, 11, MSaapaapaa, 1138, 0, 0, 0, , 0, 0, 0, 0, 0, 
326, 1, 327, 325, -1, 238, 289, 17.0, 11, MSaapaapap, 2638, 0, 0, 0, , 0, 0, 0, 0, 0, 
327, 1, 328, 326, -1, 220, 269, 33.0, 13, ABarpppapp, 2487, 0, 0, 0, , 0, 0, 0, 0, 0, 
328, 1, 329, 327, -1, 255, 264, 11.0, 13, ABplppaapap, 4693, 0, 0, 0, , 0, 0, 0, 0, 0, 
329, 0, 330, -1, -1, 281, 260, 9.0, 13, , 2037, 0, 0, 0, , 0, 0, 0, 0, 0, 
330, 1, 331, 329, -1, 337, 265, 20.0, 17, ABalaaaalar, 4169, 0, 0, 0, , 0, 0, 0, 0, 0, 
331, 1, 332, 330, -1, 326, 247, 18.0, 13, ABalapaappp, 1741, 0, 0, 0, , 0, 0, 0, 0, 0, 
332, 1, 333, 331, -1, 280, 212, 35.0, 13, ABalaaapprr, 3330, 0, 0, 0, , 0, 0, 0, 0, 0, 
333, 1, 334, 332, -1, 304, 176, 26.0, 11, ABalaaapprl, 2974, 0, 0, 0, , 0, 0, 0, 0, 0, 
334, 1, 335, 333, -1, 98, 354, 28.0, 15, Cppppaa, 2589, 0, 0, 0, , 0, 0, 0, 0, 0, 
335, 0, 336, -1, -1, 91, 349, 28.0, 13, , 3102, 0, 0, 0, , 0, 0, 0, 0, 0, 
336, 1, 337, 335, -1, 66, 310, 26.0, 19, Cppppap, 5150, 0, 0, 0, , 0, 0, 0, 0, 0, 
337, 1, 338, -1, -1, 306, 198, 31.0, 13, ABarpapaappp, 675, 0, 0, 0, , 0, 0, 0, 0, 0, 
338, 0, 339, -1, -1, 106, 336, 28.0, 17, , 4577, 0, 0, 0, , 0, 0, 0, 0, 0, 
339, 1, 340, 337, -1, 214, 238, 12.0, 17, ABplppapaaa, 16196, 0, 0, 0, , 0, 0, 0, 0, 0, 
340, 1, 341, 338, -1, 320, 302, 22.0, 13, ABalaaaalal, 4293, 0, 0, 0, , 0, 0, 0, 0, 0, 
341, 0, 342, -1, -1, 279, 169, 22.0, 11, , 3210, 0, 0, 0, , 0, 0, 0, 0, 0, 
342, 1, 343, 340, -1, 165, 289, 24.0, 13, MSpappap, 3444, 0, 0, 0, , 0, 0, 0, 0, 0, 
343, 1, 344, 341, -1, 238, 289, 31.0, 15, MSpaapapa, 5745, 0, 0, 0, , 0, 0, 0, 0, 0, 
344, 1, 345, 342, -1, 77, 252, 23.0, 15, Cpppppd, 3648, 0, 0, 0, , 0, 0, 0, 0, 0, 
345, 1, 346, 343, -1, 303, 306, 17.0, 11, ABplapaaaaa, 3815, 0, 0, 0, , 0, 0, 0, 0, 0, 
346, 1, 347, 344, -1, 208, 283, 22.0, 13, MSaappaa, 4128, 0, 0, 0, , 0, 0, 0, 0, 0, 
347, 1, 348, 345, -1, 316, 236, 10.0, 11, ABalaaaalpa, 3801, 0, 0, 0, , 0, 0, 0, 0, 0, 
348, 1, 349, 346, -1, 358, 230, 23.0, 15, ABalaaaparr, 2752, 0, 0, 0, , 0, 0, 0, 0, 0, 
349, 1, 350, 347, -1, 366, 236, 20.0, 15, ABarpaaaapp, 5249, 0, 0, 0, , 0, 0, 0, 0, 0, 
350, 1, 351, 348, -1, 267, 266, 20.0, 11, ABalpaaappp, 4033, 0, 0, 0, , 0, 0, 0, 0, 0, 
351, 1, 352, 349, -1, 279, 257, 18.0, 15, ABalpaaappa, 5745, 0, 0, 0, , 0, 0, 0, 0, 0, 
352, 1, 353, 350, -1, 204, 294, 18.0, 13, Ealaad, 2193, 0, 0, 0, , 0, 0, 0, 0, 0, 
353, 1, 355, 351, -1, 305, 197, 21.0, 11, ABarappaapp, 6631, 0, 0, 0, , 0, 0, 0, 0, 0, 
354, 1, 356, 352, -1, 223, 278, 29.0, 17, MSpapaapp, 12991, 0, 0, 0, , 0, 0, 0, 0, 0, 
355, 1, 357, 353, -1, 215, 252, 26.0, 13, MSpapaapaa, 3088, 0, 0, 0, , 0, 0, 0, 0, 0, 
356, 1, 358, 354, -1, 222, 264, 26.0, 11, MSpapaapap, 2876, 0, 0, 0, , 0, 0, 0, 0, 0, 
357, 1, 359, 355, -1, 264, 191, 35.0, 13, Nuc377_36_265_185, 2038, 0, 0, 0, , 0, 0, 0, 0, 0, 
358, 1, 361, 356, -1, 359, 206, 30.0, 13, ABalaaapplr, 3097, 0, 0, 0, , 0, 0, 0, 0, 0, 
359, 1, 362, 357, -1, 313, 298, 27.0, 15, MSappppp, 5380, 0, 0, 0, , 0, 0, 0, 0, 0, 
360, 1, 363, 358, -1, 292, 275, 20.0, 17, ABalpaapapp, 5292, 0, 0, 0, , 0, 0, 0, 0, 0, 
361, 1, 364, 359, -1, 247, 235, 22.0, 11, Nuc372_22_249_231, 2131, 0, 0, 0, , 0, 0, 0, 0, 0, 
362, 1, 365, 360, -1, 193, 216, 22.0, 13, MSpapppaa, 5294, 0, 0, 0, , 0, 0, 0, 0, 0, 
363, 0, 366, -1, -1, 201, 234, 25.0, 9, , 558, 0, 0, 0, , 0, 0, 0, 0, 0, 
364, 1, 367, 362, -1, 271, 211, 31.0, 13, ABprpaapaaa, 5301, 0, 0, 0, , 0, 0, 0, 0, 0, 
365, 1, 368, 363, -1, 282, 275, 10.0, 13, ABalpppppppp, 3367, 0, 0, 0, , 0, 0, 0, 0, 0, 
366, 1, 369, 364, -1, 127, 214, 13.0, 11, Caapap, 5904, 0, 0, 0, , 0, 0, 0, 0, 0, 
367, 1, 370, 365, -1, 342, 211, 26.0, 13, ABarpaaaaal, 2619, 0, 0, 0, , 0, 0, 0, 0, 0, 
368, 1, 371, 366, -1, 117, 226, 19.0, 13, ABprppppppa, 10333, 0, 0, 0, , 0, 0, 0, 0, 0, 
369, 0, 372, -1, -1, 271, 173, 20.0, 14, , 2185, 0, 0, 0, , 0, 0, 0, 0, 0, 
370, 1, 373, 368, -1, 319, 287, 25.0, 13, MSapappa, 3004, 0, 0, 0, , 0, 0, 0, 0, 0, 
371, 1, 374, 369, -1, 338, 229, 33.0, 17, MSppappp, 3628, 0, 0, 0, , 0, 0, 0, 0, 0, 
372, 1, 375, 370, -1, 125, 240, 13.0, 19, Cappppd, 4179, 0, 0, 0, , 0, 0, 0, 0, 0, 
373, 1, 376, 371, -1, 241, 300, 27.0, 13, MSaaaappp, 3191, 0, 0, 0, , 0, 0, 0, 0, 0, 
374, 1, 377, 372, -1, 95, 290, 10.0, 11, ABplapppaap, 4101, 0, 0, 0, , 0, 0, 0, 0, 0, 
375, 1, 378, 373, -1, 217, 275, 26.0, 13, MSpapapap, 3177, 0, 0, 0, , 0, 0, 0, 0, 0, 
376, 1, 379, 374, -1, 170, 315, 12.0, 15, Capaapa, 6481, 0, 0, 0, , 0, 0, 0, 0, 0, 
377, 1, 380, 375, -1, 227, 186, 31.0, 13, ABpraaappppp, 3757, 0, 0, 0, , 0, 0, 0, 0, 0, 
378, 1, 381, 376, -1, 295, 287, 12.0, 17, ABalpppppaa, 3232, 0, 0, 0, , 0, 0, 0, 0, 0, 
379, 1, 382, 377, -1, 314, 262, 16.0, 13, ABplpaapaaa, 6396, 0, 0, 0, , 0, 0, 0, 0, 0, 
380, 1, -1, 378, -1, 291, 244, 35.0, 11, Nuc381_35_291_244, 1430, 0, 0, 0, , 0, 0, 0, 0, 0, 
381, 1, 384, 379, -1, 216, 251, 22.0, 15, ABarapapapp, 10431, 0, 0, 0, , 0, 0, 0, 0, 0, 
382, 1, 385, 380, -1, 210, 264, 13.0, 13, MSaapppap, 3690, 0, 0, 0, , 0, 0, 0, 0, 0, 
383, 1, 386, 381, -1, 259, 296, 16.0, 13, ABplapaaapa, 2274, 0, 0, 0, , 0, 0, 0, 0, 0, 
384, 1, 387, 382, -1, 223, 257, 14.0, 13, MSaapppaa, 2304, 0, 0, 0, , 0, 0, 0, 0, 0, 
385, 1, 388, 383, -1, 197, 241, 12.0, 13, ABarappappa, 7069, 0, 0, 0, , 0, 0, 0, 0, 0, 
386, 0, 389, -1, -1, 181, 315, 24.0, 11, , 513, 0, 0, 0, , 0, 0, 0, 0, 0, 
387, 1, 390, 385, -1, 193, 252, 14.0, 11, ABplpaaaapp, 1119, 0, 0, 0, , 0, 0, 0, 0, 0, 
388, 0, 391, -1, -1, 256, 295, 15.0, 14, , 6591, 0, 0, 0, , 0, 0, 0, 0, 0, 
389, 1, 392, 387, -1, 251, 240, 20.0, 11, ABarapappap, 2085, 0, 0, 0, , 0, 0, 0, 0, 0, 
390, 0, 393, -1, -1, 245, 174, 18.0, 11, , 2958, 0, 0, 0, , 0, 0, 0, 0, 0, 
391, 1, 394, 389, -1, 102, 244, 18.0, 13, ABprpappppp, 4442, 0, 0, 0, , 0, 0, 0, 0, 0, 
392, 1, 395, 390, -1, 243, 216, 12.0, 15, ABalpapappp, 10363, 0, 0, 0, , 0, 0, 0, 0, 0, 
393, 1, 397, 391, -1, 314, 273, 14.0, 9, ABalpppapppa, 753, 0, 0, 0, , 0, 0, 0, 0, 0, 
394, 1, 398, 392, -1, 347, 230, 30.0, 9, ABalapppapp, 370, 0, 0, 0, , 0, 0, 0, 0, 0, 
395, 1, 400, 393, -1, 240, 193, 24.0, 15, MSppppaa, 7239, 0, 0, 0, , 0, 0, 0, 0, 0, 
396, 1, 401, 394, -1, 299, 261, 14.0, 11, MSapapap, 3104, 0, 0, 0, , 0, 0, 0, 0, 0, 
397, 1, 402, 395, -1, 311, 251, 27.0, 13, ABaraappaaa, 5066, 0, 0, 0, , 0, 0, 0, 0, 0, 
398, 1, 403, 396, -1, 284, 280, 15.0, 13, ABalpppppap, 2868, 0, 0, 0, , 0, 0, 0, 0, 0, 
399, 1, 404, 397, -1, 308, 230, 13.0, 11, ABalppaappp, 3435, 0, 0, 0, , 0, 0, 0, 0, 0, 
400, 0, 405, -1, -1, 326, 292, 22.0, 13, , 2651, 0, 0, 0, , 0, 0, 0, 0, 0, 
401, 1, 406, 399, -1, 273, 248, 10.0, 15, ABplppaaaaa, 7093, 0, 0, 0, , 0, 0, 0, 0, 0, 
402, 1, 407, 400, -1, 273, 213, 23.0, 13, ABarapaaapa, 6819, 0, 0, 0, , 0, 0, 0, 0, 0, 
403, 1, 408, 401, -1, 302, 237, 27.0, 15, ABaraappaap, 5158, 0, 0, 0, , 0, 0, 0, 0, 0, 
404, 1, 409, 402, -1, 278, 257, 34.0, 15, ABaraaapapa, 1242, 0, 0, 0, , 0, 0, 0, 0, 0, 
405, 0, 410, -1, -1, 198, 308, 28.0, 13, , 1184, 0, 0, 0, , 0, 0, 0, 0, 0, 
406, 1, 411, 404, -1, 316, 224, 16.0, 13, ABalpapaaaa, 6544, 0, 0, 0, , 0, 0, 0, 0, 0, 
407, 1, 412, 405, -1, 90, 248, 29.0, 17, Caappd, 3678, 0, 0, 0, , 0, 0, 0, 0, 0, 
408, 0, 413, -1, -1, 251, 255, 29.0, 17, , 22672, 0, 0, 0, , 0, 0, 0, 0, 0, 
409, 1, 414, 407, -1, 275, 233, 33.0, 13, ABarpppaaa, 3213, 0, 0, 0, , 0, 0, 0, 0, 0, 
410, 0, 415, -1, -1, 94, 333, 21.0, 15, , 3969, 0, 0, 0, , 0, 0, 0, 0, 0, 
411, 1, 416, 409, -1, 322, 241, 15.0, 14, Nuc374_19_327_242, 1937, 0, 0, 0, , 0, 0, 0, 0, 0, 
412, 1, 417, 410, -1, 292, 230, 36.0, 15, ABalappapap, 2968, 0, 0, 0, , 0, 0, 0, 0, 0, 
413, 1, 418, 411, -1, 315, 221, 10.0, 13, ABplaappap, 3413, 0, 0, 0, , 0, 0, 0, 0, 0, 
414, 1, 419, 412, -1, 212, 222, 14.0, 15, ABplppaappa, 4138, 0, 0, 0, , 0, 0, 0, 0, 0, 
415, 1, 420, 413, -1, 225, 184, 17.0, 15, ABarappappp, 6864, 0, 0, 0, , 0, 0, 0, 0, 0, 
416, 1, 421, 414, -1, 87, 322, 12.0, 15, Cpapap, 4590, 0, 0, 0, , 0, 0, 0, 0, 0, 
417, 1, 422, 415, -1, 239, 203, 15.0, 13, ABplpaaaapa, 8250, 0, 0, 0, , 0, 0, 0, 0, 0, 
418, 1, 423, 416, -1, 305, 197, 11.0, 13, ABplpaaapap, 8689, 0, 0, 0, , 0, 0, 0, 0, 0, 
419, 1, 424, 417, -1, 268, 283, 21.0, 17, ABaraapapaa, 8721, 0, 0, 0, , 0, 0, 0, 0, 0, 
420, 1, 425, 418, -1, 354, 259, 25.0, 15, MSapappp, 4148, 0, 0, 0, , 0, 0, 0, 0, 0, 
421, 1, 426, 419, -1, 137, 231, 27.0, 15, ABprpppaapp, 5232, 0, 0, 0, , 0, 0, 0, 0, 0, 
422, 1, 427, 420, -1, 147, 249, 15.0, 13, ABplppppapa, 4914, 0, 0, 0, , 0, 0, 0, 0, 0, 
423, 1, 428, 421, -1, 191, 229, 18.0, 13, ABprpapppap, 3945, 0, 0, 0, , 0, 0, 0, 0, 0, 
424, 0, 429, -1, -1, 210, 321, 29.0, 19, , 5824, 0, 0, 0, , 0, 0, 0, 0, 0, 
425, 0, 430, -1, -1, 208, 219, 20.0, 9, , 711, 0, 0, 0, , 0, 0, 0, 0, 0, 
426, 0, 431, -1, -1, 256, 201, 32.0, 11, , 1747, 0, 0, 0, , 0, 0, 0, 0, 0, 
427, 1, 432, 426, -1, 252, 296, 11.0, 13, ABplaapppp, 4114, 0, 0, 0, , 0, 0, 0, 0, 0, 
428, 1, 433, 427, -1, 292, 259, 32.0, 15, MSpaaaapa, 6725, 0, 0, 0, , 0, 0, 0, 0, 0, 
429, 1, 434, 428, -1, 171, 346, 27.0, 15, Epraa, 1762, 0, 0, 0, , 0, 0, 0, 0, 0, 
430, 1, 435, 429, -1, 329, 280, 19.0, 13, ABalaaapall, 3555, 0, 0, 0, , 0, 0, 0, 0, 0, 
431, 1, 436, 430, -1, 266, 233, 29.0, 15, ABarapaappa, 7303, 0, 0, 0, , 0, 0, 0, 0, 0, 
432, 0, 437, -1, -1, 328, 176, 28.0, 11, , 2985, 0, 0, 0, , 0, 0, 0, 0, 0, 
433, 1, 438, 432, -1, 256, 336, 26.0, 15, Dappap, 4244, 0, 0, 0, , 0, 0, 0, 0, 0, 
434, 1, 439, 433, -1, 362, 248, 22.0, 13, ABplaaaaaap, 3874, 0, 0, 0, , 0, 0, 0, 0, 0, 
435, 1, 440, 434, -1, 192, 337, 25.0, 13, Earap, 2952, 0, 0, 0, , 0, 0, 0, 0, 0, 
436, 1, 441, 435, -1, 334, 222, 31.0, 13, ABalappppap, 3479, 0, 0, 0, , 0, 0, 0, 0, 0, 
437, 0, 442, -1, -1, 128, 317, 15.0, 13, , 1132, 0, 0, 0, , 0, 0, 0, 0, 0, 
438, 0, 443, -1, -1, 146, 342, 26.0, 17, , 12110, 0, 0, 0, , 0, 0, 0, 0, 0, 
439, 0, 444, -1, -1, 286, 190, 29.0, 9, , 1379, 0, 0, 0, , 0, 0, 0, 0, 0, 
440, 0, 445, -1, -1, 108, 245, 31.0, 13, , 3586, 0, 0, 0, , 0, 0, 0, 0, 0, 
441, 0, 446, -1, -1, 342, 254, 14.0, 9, , 1576, 0, 0, 0, , 0, 0, 0, 0, 0, 
442, 1, 447, 441, -1, 329, 259, 14.0, 15, Nuc373_14_335_258, 6695, 0, 0, 0, , 0, 0, 0, 0, 0, 
443, 1, 448, 442, -1, 252, 208, 23.0, 13, MSppaaaav, 2651, 0, 0, 0, , 0, 0, 0, 0, 0, 
444, 1, 449, 443, -1, 297, 246, 29.0, 15, ABaraappapa, 4879, 0, 0, 0, , 0, 0, 0, 0, 0, 
445, 1, 450, 444, -1, 85, 248, 14.0, 11, ABplapappppa, 2724, 0, 0, 0, , 0, 0, 0, 0, 0, 
446, 1, 451, 445, -1, 91, 265, 11.0, 15, ABplapappppp, 9967, 0, 0, 0, , 0, 0, 0, 0, 0, 
447, 1, 452, 446, -1, 239, 257, 22.0, 11, ABarapapaaa, 3719, 0, 0, 0, , 0, 0, 0, 0, 0, 
448, 1, 453, 447, -1, 83, 320, 31.0, 21, Cpppapa, 20935, 0, 0, 0, , 0, 0, 0, 0, 0, 
449, 1, 454, 448, -1, 345, 266, 17.0, 13, ABalapaaapp, 3107, 0, 0, 0, , 0, 0, 0, 0, 0, 
450, 1, 455, 449, -1, 262, 235, 24.0, 13, ABalpappppp, 4575, 0, 0, 0, , 0, 0, 0, 0, 0, 
451, 1, 456, 450, -1, 321, 227, 34.0, 11, ABalapppapa, 1498, 0, 0, 0, , 0, 0, 0, 0, 0, 
452, 1, 457, 451, -1, 310, 293, 20.0, 13, ABalapaaaaa, 5049, 0, 0, 0, , 0, 0, 0, 0, 0, 
453, 1, 458, 452, -1, 199, 267, 28.0, 17, MSppapaa, 4296, 0, 0, 0, , 0, 0, 0, 0, 0, 
454, 1, 459, 453, -1, 269, 180, 12.0, 13, ABarappaaap, 7989, 0, 0, 0, , 0, 0, 0, 0, 0, 
455, 0, 460, -1, -1, 332, 193, 34.0, 11, , 2400, 0, 0, 0, , 0, 0, 0, 0, 0, 
456, 0, 461, -1, -1, 97, 310, 25.0, 17, , 8807, 0, 0, 0, , 0, 0, 0, 0, 0, 
457, 1, 462, 456, -1, 227, 301, 29.0, 13, MSpaapapp, 2811, 0, 0, 0, , 0, 0, 0, 0, 0, 
458, 1, 463, 457, -1, 298, 213, 15.0, 11, ABalppapppp, 3658, 0, 0, 0, , 0, 0, 0, 0, 0, 
459, 1, 464, 458, -1, 313, 196, 15.0, 11, ABplpaaapaa, 1595, 0, 0, 0, , 0, 0, 0, 0, 0, 
460, 0, 465, -1, -1, 74, 300, 13.0, 19, , 5412, 0, 0, 0, , 0, 0, 0, 0, 0, 
461, 1, 466, 460, -1, 368, 211, 23.0, 17, ABplaaaapa, 5747, 0, 0, 0, , 0, 0, 0, 0, 0, 
462, 0, 467, -1, -1, 210, 303, 14.0, 11, , 2272, 0, 0, 0, , 0, 0, 0, 0, 0, 
463, 1, 468, 462, -1, 220, 304, 15.0, 15, MSapapaa, 2506, 0, 0, 0, , 0, 0, 0, 0, 0, 
464, 1, 469, 463, -1, 271, 156, 25.0, 15, ABpraappap, 4831, 0, 0, 0, , 0, 0, 0, 0, 0, 
465, 0, 470, -1, -1, 282, 264, 25.0, 11, , 1849, 0, 0, 0, , 0, 0, 0, 0, 0, 
466, 1, 471, 465, -1, 298, 259, 20.0, 13, ABalpaaapaa, 4142, 0, 0, 0, , 0, 0, 0, 0, 0, 
467, 0, 472, -1, -1, 218, 345, 17.0, 21, , 15137, 0, 0, 0, , 0, 0, 0, 0, 0, 
468, 0, 473, -1, -1, 200, 312, 25.0, 11, , 818, 0, 0, 0, , 0, 0, 0, 0, 0, 
469, 1, 474, 468, -1, 134, 227, 12.0, 11, Nuc372_9_107_256, 2850, 0, 0, 0, , 0, 0, 0, 0, 0, 
470, 1, 475, 469, -1, 351, 253, 19.0, 13, ABalapapppp, 1101, 0, 0, 0, , 0, 0, 0, 0, 0, 
471, 1, 476, 470, -1, 265, 184, 18.0, 14, ABprpaaapaap, 1713, 0, 0, 0, , 0, 0, 0, 0, 0, 
472, 1, 477, 471, -1, 265, 219, 9.0, 23, Nuc375_10_260_243, 11733, 0, 0, 0, , 0, 0, 0, 0, 0, 
473, 0, 478, -1, -1, 104, 254, 10.0, 11, , 2492, 0, 0, 0, , 0, 0, 0, 0, 0, 
474, 1, 479, 473, -1, 100, 303, 11.0, 13, ABarppappp, 4020, 0, 0, 0, , 0, 0, 0, 0, 0, 
475, 1, 480, 474, -1, 352, 237, 25.0, 15, ABalapappap, 5118, 0, 0, 0, , 0, 0, 0, 0, 0, 
476, 1, 481, 475, 476, 296, 214, 33.0, 15, Nuc367_34_293_193, 3905, 0, 0, 0, , 0, 0, 0, 0, 0, 
477, 1, 482, 477, -1, 303, 266, 29.0, 11, MSaaaaapaa, 2585, 0, 0, 0, , 0, 0, 0, 0, 0, 
478, 1, 483, 478, -1, 275, 199, 19.0, 13, ABplpappaaa, 3952, 0, 0, 0, , 0, 0, 0, 0, 0, 
479, 0, 484, -1, -1, 254, 280, 11.0, 13, , 5831, 0, 0, 0, , 0, 0, 0, 0, 0, 
480, 1, 485, 480, -1, 237, 225, 18.0, 11, ABarapapppa, 4897, 0, 0, 0, , 0, 0, 0, 0, 0, 
481, 0, 486, -1, -1, 239, 215, 33.0, 11, , 1099, 0, 0, 0, , 0, 0, 0, 0, 0, 
482, 1, 487, 482, -1, 336, 272, 13.0, 17, Nuc360_22_334_293, 3397, 0, 0, 0, , 0, 0, 0, 0, 0, 
483, 1, 488, 483, -1, 227, 328, 22.0, 19, Ealaav, 6514, 0, 0, 0, , 0, 0, 0, 0, 0, 
484, 0, 489, -1, -1, 130, 341, 26.0, 15, , 4826, 0, 0, 0, , 0, 0, 0, 0, 0, 
485, 1, 490, 485, -1, 245, 180, 33.0, 9, ABarpapppp, 1253, 0, 0, 0, , 0, 0, 0, 0, 0, 
486, 1, 491, 486, -1, 243, 260, 14.0, 15, Daaaa, 3972, 0, 0, 0, , 0, 0, 0, 0, 0, 
487, 0, 492, -1, -1, 226, 216, 14.0, 13, , 1977, 0, 0, 0, , 0, 0, 0, 0, 0, 
488, 1, 493, 488, -1, 331, 218, 14.0, 11, ABalaaapalr, 3632, 0, 0, 0, , 0, 0, 0, 0, 0, 
489, 1, 494, 489, -1, 266, 220, 22.0, 13, ABarapaaaap, 7076, 0, 0, 0, , 0, 0, 0, 0, 0, 
490, 1, 495, 490, -1, 238, 221, 32.0, 11, ABpraapapppa, 2111, 0, 0, 0, , 0, 0, 0, 0, 0, 
491, 1, 496, 491, -1, 253, 313, 13.0, 17, ABarppapaa, 5720, 0, 0, 0, , 0, 0, 0, 0, 0, 
492, 1, 497, 492, -1, 241, 196, 11.0, 15, ABalpapapapp, 13624, 0, 0, 0, , 0, 0, 0, 0, 0, 
493, 1, 498, 493, -1, 254, 184, 13.0, 13, ABalpapapapa, 3303, 0, 0, 0, , 0, 0, 0, 0, 0, 
494, 0, 499, -1, -1, 252, 294, 10.0, 17, , 4607, 0, 0, 0, , 0, 0, 0, 0, 0, 
495, 1, 500, 495, -1, 109, 300, 14.0, 11, MSappaap, 2470, 0, 0, 0, , 0, 0, 0, 0, 0, 
496, 1, 501, 496, -1, 271, 328, 19.0, 15, Cpaaaa, 4176, 0, 0, 0, , 0, 0, 0, 0, 0, 
497, 1, 502, 497, -1, 236, 198, 33.0, 17, ABpraaappppa, 3511, 0, 0, 0, , 0, 0, 0, 0, 0, 
498, 0, 503, -1, -1, 290, 175, 33.0, 17, , 7544, 0, 0, 0, , 0, 0, 0, 0, 0, 
499, 1, 504, 499, -1, 215, 222, 18.0, 15, ABplpappaap, 3027, 0, 0, 0, , 0, 0, 0, 0, 0, 
500, 1, 505, 500, -1, 220, 208, 20.0, 13, ABprpapapap, 3476, 0, 0, 0, , 0, 0, 0, 0, 0, 
501, 1, 506, 501, -1, 307, 194, 30.0, 13, ABpraaaaapd, 2857, 0, 0, 0, , 0, 0, 0, 0, 0, 
502, 1, 507, 502, -1, 282, 279, 22.0, 11, MSaaapaap, 2837, 0, 0, 0, , 0, 0, 0, 0, 0, 
503, 0, 508, -1, -1, 131, 228, 16.0, 9, , 1704, 0, 0, 0, , 0, 0, 0, 0, 0, 
504, 0, 509, -1, -1, 309, 251, 10.0, 13, , 2597, 0, 0, 0, , 0, 0, 0, 0, 0, 
505, 1, 510, 505, -1, 355, 210, 15.0, 13, ABalaaaarla, 4426, 0, 0, 0, , 0, 0, 0, 0, 0, 
506, 1, 511, 506, -1, 99, 242, 27.0, 11, ABprapappppa, 2186, 0, 0, 0, , 0, 0, 0, 0, 0, 
507, 1, 512, 507, -1, 236, 181, 14.0, 13, ABarappapapp, 4575, 0, 0, 0, , 0, 0, 0, 0, 0, 
508, 1, 513, 508, -1, 253, 177, 15.0, 13, ABarappapapa, 5047, 0, 0, 0, , 0, 0, 0, 0, 0, 
509, 0, 514, -1, -1, 123, 309, 16.0, 15, , 8412, 0, 0, 0, , 0, 0, 0, 0, 0, 
510, 1, 515, 510, -1, 248, 172, 21.0, 11, MSpppapp, 1915, 0, 0, 0, , 0, 0, 0, 0, 0, 
511, 0, 516, -1, -1, 290, 206, 33.0, 11, , 1852, 0, 0, 0, , 0, 0, 0, 0, 0, 
512, 0, 517, -1, -1, 155, 340, 20.0, 13, , 2803, 0, 0, 0, , 0, 0, 0, 0, 0, 
513, 1, 518, 513, -1, 167, 365, 21.0, 17, Capapaa, 5590, 0, 0, 0, , 0, 0, 0, 0, 0, 
514, 0, 519, -1, -1, 198, 297, 27.0, 13, , 3580, 0, 0, 0, , 0, 0, 0, 0, 0, 
515, 1, 520, 515, -1, 274, 306, 18.0, 13, ABplapaaaap, 4481, 0, 0, 0, , 0, 0, 0, 0, 0, 
516, 1, 521, 516, -1, 261, 184, 23.0, 13, ABprpaaappap, 3093, 0, 0, 0, , 0, 0, 0, 0, 0, 
517, 1, 522, 517, -1, 281, 180, 24.0, 11, ABprpaaappaa, 2527, 0, 0, 0, , 0, 0, 0, 0, 0, 
518, 0, 523, -1, -1, 300, 171, 21.0, 19, , 32852, 0, 0, 0, , 0, 0, 0, 0, 0, 
519, 1, 524, 519, -1, 270, 250, 21.0, 13, ABalpappppa, 2434, 0, 0, 0, , 0, 0, 0, 0, 0, 
520, 0, 525, -1, -1, 191, 337, 22.0, 17, , 5512, 0, 0, 0, , 0, 0, 0, 0, 0, 
521, 1, 526, 521, -1, 200, 324, 27.0, 13, Earpa, 1871, 0, 0, 0, , 0, 0, 0, 0, 0, 
522, 1, 527, 522, -1, 217, 312, 26.0, 11, Nuc378_27_213_308, 1481, 0, 0, 0, , 0, 0, 0, 0, 0, 
523, 1, 528, 523, -1, 247, 224, 35.0, 19, ABarpppaap, 14655, 0, 0, 0, , 0, 0, 0, 0, 0, 
524, 1, 529, 524, -1, 226, 351, 25.0, 17, Dapppa, 4154, 0, 0, 0, , 0, 0, 0, 0, 0, 
525, 1, 530, 525, -1, 296, 189, 15.0, 13, ABalppapaap, 5230, 0, 0, 0, , 0, 0, 0, 0, 0, 
526, 1, 531, 526, -1, 168, 284, 20.0, 13, ABplpapappp, 2208, 0, 0, 0, , 0, 0, 0, 0, 0, 
527, 0, 532, -1, -1, 125, 290, 29.0, 17, , 5387, 0, 0, 0, , 0, 0, 0, 0, 0, 
528, 0, 533, -1, -1, 84, 309, 25.0, 14, , 815, 0, 0, 0, , 0, 0, 0, 0, 0, 
529, 0, 534, -1, -1, 254, 215, 31.0, 13, , 2899, 0, 0, 0, , 0, 0, 0, 0, 0, 
530, 1, 535, 530, -1, 313, 253, 14.0, 17, ABalapaapaa, 4382, 0, 0, 0, , 0, 0, 0, 0, 0, 
531, 1, 536, 531, -1, 143, 299, 26.0, 17, Z2, 8756, 0, 0, 0, , 0, 0, 0, 0, 0, 
532, 0, 537, -1, -1, 173, 318, 22.0, 21, , 11769, 0, 0, 0, , 0, 0, 0, 0, 0, 
533, 1, 538, 533, -1, 124, 348, 33.0, 17, Cppapap, 5956, 0, 0, 0, , 0, 0, 0, 0, 0, 
534, 1, 539, 534, -1, 348, 256, 23.0, 11, ABplaaaaapp, 1413, 0, 0, 0, , 0, 0, 0, 0, 0, 
535, 1, 540, 535, -1, 257, 167, 18.0, 13, ABprpaapapp, 6635, 0, 0, 0, , 0, 0, 0, 0, 0, 
536, 1, 541, 131, -1, 86, 289, 17.0, 19, Eplppp, 9227, 0, 0, 0, , 0, 0, 0, 0, 0, 
537, 0, 542, -1, -1, 331, 278, 32.0, 19, , 11106, 0, 0, 0, , 0, 0, 0, 0, 0, 
538, 0, 543, -1, -1, 241, 291, 13.0, 11, , 2091, 0, 0, 0, , 0, 0, 0, 0, 0, 
539, 1, 544, 538, -1, 319, 284, 14.0, 13, ABalpppapppp, 4901, 0, 0, 0, , 0, 0, 0, 0, 0, 
540, 1, 545, 539, -1, 226, 239, 33.0, 11, ABpraapapppp, 2592, 0, 0, 0, , 0, 0, 0, 0, 0, 
541, 1, 546, 540, -1, 231, 266, 30.0, 11, MSpapappa, 2071, 0, 0, 0, , 0, 0, 0, 0, 0, 
542, 1, 547, 541, -1, 193, 363, 26.0, 17, Dapppp, 6955, 0, 0, 0, , 0, 0, 0, 0, 0, 
543, 1, 548, 542, -1, 262, 211, 18.0, 11, ABprpapppaa, 2606, 0, 0, 0, , 0, 0, 0, 0, 0, 
544, 0, 549, -1, -1, 110, 231, 28.0, 11, , 1591, 0, 0, 0, , 0, 0, 0, 0, 0, 
545, 1, 550, 544, -1, 291, 244, 18.0, 11, ABalpappaapa, 3734, 0, 0, 0, , 0, 0, 0, 0, 0, 
546, 1, 551, 545, -1, 276, 248, 16.0, 13, ABalpappaapp, 4141, 0, 0, 0, , 0, 0, 0, 0, 0, 
547, 1, 552, 546, -1, 89, 290, 23.0, 19, Eprppp, 16153, 0, 0, 0, , 0, 0, 0, 0, 0, 
548, 0, 553, -1, -1, 201, 292, 18.0, 17, , 22008, 0, 0, 0, , 0, 0, 0, 0, 0, 
549, 0, 554, -1, -1, 260, 156, 27.0, 9, , 1799, 0, 0, 0, , 0, 0, 0, 0, 0, 
550, 0, 555, -1, -1, 263, 275, 27.0, 11, , 1507, 0, 0, 0, , 0, 0, 0, 0, 0, 
551, 1, 556, 550, -1, 298, 181, 23.0, 11, ABaraaappap, 922, 0, 0, 0, , 0, 0, 0, 0, 0, 
552, 1, 557, 551, -1, 171, 321, 24.0, 15, Ealap, 2373, 0, 0, 0, , 0, 0, 0, 0, 0, 
553, 1, 558, 552, -1, 153, 347, 22.0, 19, Eplaa, 8926, 0, 0, 0, , 0, 0, 0, 0, 0, 
554, 1, 559, 553, -1, 176, 267, 17.0, 15, ABprpappapp, 6158, 0, 0, 0, , 0, 0, 0, 0, 0, 
555, 1, 560, 554, -1, 134, 216, 21.0, 19, Cpppppv, 21017, 0, 0, 0, , 0, 0, 0, 0, 0, 
556, 1, 561, 729, -1, 238, 180, 27.0, 11, ABpraaaapav, 4343, 0, 0, 0, , 0, 0, 0, 0, 0, 
557, 0, 562, -1, -1, 232, 249, 20.0, 17, , 7043, 0, 0, 0, , 0, 0, 0, 0, 0, 
558, 0, 563, -1, -1, 239, 336, 18.0, 19, , 11423, 0, 0, 0, , 0, 0, 0, 0, 0, 
559, 0, 564, -1, -1, 334, 247, 23.0, 11, , 653, 0, 0, 0, , 0, 0, 0, 0, 0, 
560, 0, 565, -1, -1, 266, 273, 35.0, 14, , 602, 0, 0, 0, , 0, 0, 0, 0, 0, 
561, 1, 566, 560, -1, 140, 322, 15.0, 15, Capaapp, 13255, 0, 0, 0, , 0, 0, 0, 0, 0, 
562, 1, 567, 561, -1, 286, 269, 14.0, 13, Nuc361_17_297_285, 1750, 0, 0, 0, , 0, 0, 0, 0, 0, 
563, 1, 568, 562, -1, 271, 175, 29.0, 15, ABalaapaaal, 5921, 0, 0, 0, , 0, 0, 0, 0, 0, 
564, 1, 569, 563, -1, 329, 200, 29.0, 13, ABalaaappll, 3137, 0, 0, 0, , 0, 0, 0, 0, 0, 
565, 0, 570, -1, -1, 315, 275, 30.0, 11, , 1369, 0, 0, 0, , 0, 0, 0, 0, 0, 
566, 1, 571, 565, -1, 91, 265, 18.0, 17, Eplppa, 11716, 0, 0, 0, , 0, 0, 0, 0, 0, 
567, 1, 572, 566, -1, 236, 162, 22.0, 11, Nuc376_20_234_160, 1480, 0, 0, 0, , 0, 0, 0, 0, 0, 
568, 1, 573, 567, -1, 224, 169, 20.0, 11, Nuc376_19_230_166, 2130, 0, 0, 0, , 0, 0, 0, 0, 0, 
569, 0, 574, -1, -1, 356, 225, 16.0, 13, , 4066, 0, 0, 0, , 0, 0, 0, 0, 0, 
570, 1, 575, 569, -1, 318, 206, 18.0, 11, Nuc362_18_313_218, 3531, 0, 0, 0, , 0, 0, 0, 0, 0, 
571, 1, 576, 570, -1, 97, 267, 22.0, 17, Eprppa, 6705, 0, 0, 0, , 0, 0, 0, 0, 0, 
572, 0, 577, -1, -1, 301, 187, 31.0, 15, , 5873, 0, 0, 0, , 0, 0, 0, 0, 0, 
573, 0, 578, -1, -1, 362, 261, 21.0, 11, , 2451, 0, 0, 0, , 0, 0, 0, 0, 0, 
574, 1, 579, 573, -1, 296, 216, 11.0, 15, Nuc363_11_307_245, 7944, 0, 0, 0, , 0, 0, 0, 0, 0, 
575, 1, 580, 602, -1, 174, 326, 10.0, 17, ABplappaap, 3546, 0, 0, 0, , 0, 0, 0, 0, 0, 
576, 0, 581, -1, -1, 109, 219, 14.0, 13, , 2194, 0, 0, 0, , 0, 0, 0, 0, 0, 
577, 0, 582, -1, -1, 275, 243, 24.0, 9, , 1581, 0, 0, 0, , 0, 0, 0, 0, 0, 
578, 1, 583, 576, -1, 291, 229, 33.0, 13, Nuc371_33_291_215, 4091, 0, 0, 0, , 0, 0, 0, 0, 0, 
579, 1, 584, 577, -1, 267, 160, 20.0, 14, Nuc379_20_261_161, 361, 0, 0, 0, , 0, 0, 0, 0, 0, 
580, 1, 585, 717, -1, 138, 342, 27.0, 15, Earpp, 3212, 0, 0, 0, , 0, 0, 0, 0, 0, 
581, 1, 586, 578, -1, 286, 309, 14.0, 15, Nuc364_18_298_316, 4288, 0, 0, 0, , 0, 0, 0, 0, 0, 
582, 1, 587, 579, -1, 210, 211, 25.0, 19, Dpaaa, 4258, 0, 0, 0, , 0, 0, 0, 0, 0, 
583, 0, 588, -1, -1, 179, 265, 30.0, 19, , 8077, 0, 0, 0, , 0, 0, 0, 0, 0, 
584, 1, 589, 581, -1, 183, 341, 34.0, 17, Cppapaa, 4493, 0, 0, 0, , 0, 0, 0, 0, 0, 
585, 0, 590, -1, -1, 290, 205, 35.0, 13, , 1028, 0, 0, 0, , 0, 0, 0, 0, 0, 
586, 1, 591, 583, -1, 255, 178, 35.0, 11, Nuc364_35_260_178, 2662, 0, 0, 0, , 0, 0, 0, 0, 0, 
587, 1, 592, 584, -1, 290, 308, 32.0, 13, Nuc364_36_289_269, 2212, 0, 0, 0, , 0, 0, 0, 0, 0, 
588, 0, 593, -1, -1, 357, 228, 21.0, 13, , 2158, 0, 0, 0, , 0, 0, 0, 0, 0, 
589, 0, 594, -1, -1, 301, 277, 15.0, 9, , 1740, 0, 0, 0, , 0, 0, 0, 0, 0, 
590, 0, 595, -1, -1, 137, 299, 27.0, 11, , 601, 0, 0, 0, , 0, 0, 0, 0, 0, 
591, 1, 596, 587, -1, 93, 235, 17.0, 15, Cappppv, 4711, 0, 0, 0, , 0, 0, 0, 0, 0, 
592, 1, 597, 588, -1, 132, 210, 17.0, 13, ABprpppapap, 3836, 0, 0, 0, , 0, 0, 0, 0, 0, 
593, 1, 598, 589, -1, 345, 263, 25.0, 11, MSapaaap, 1875, 0, 0, 0, , 0, 0, 0, 0, 0, 
594, 0, 599, -1, -1, 116, 333, 26.0, 11, , 1444, 0, 0, 0, , 0, 0, 0, 0, 0, 
595, 1, 600, 591, -1, 232, 170, 18.0, 13, ABpraapppa, 2913, 0, 0, 0, , 0, 0, 0, 0, 0, 
596, 1, 601, 592, -1, 257, 167, 27.0, 7, Nuc367_24_252_157, 275, 0, 0, 0, , 0, 0, 0, 0, 0, 
597, 0, 602, -1, -1, 219, 328, 29.0, 23, , 30661, 0, 0, 0, , 0, 0, 0, 0, 0, 
598, 1, 603, 594, -1, 260, 208, 13.0, 13, ABplpapaapp, 4933, 0, 0, 0, , 0, 0, 0, 0, 0, 
599, 1, 604, 595, -1, 104, 255, 14.0, 11, Nuc367_10_90_277, 2729, 0, 0, 0, , 0, 0, 0, 0, 0, 
600, 1, 605, 596, -1, 253, 231, 17.0, 11, Nuc367_18_250_245, 2042, 0, 0, 0, , 0, 0, 0, 0, 0, 
601, 0, 606, -1, -1, 327, 254, 28.0, 14, , 997, 0, 0, 0, , 0, 0, 0, 0, 0, 
602, 1, 607, 598, -1, 327, 219, 21.0, 17, Nuc368_22_320_222, 3257, 0, 0, 0, , 0, 0, 0, 0, 0, 
603, 0, 608, -1, -1, 81, 311, 22.0, 19, , 5994, 0, 0, 0, , 0, 0, 0, 0, 0, 
604, 0, 609, -1, -1, 265, 278, 29.0, 17, , 6176, 0, 0, 0, , 0, 0, 0, 0, 0, 
605, 0, 610, -1, -1, 306, 200, 34.0, 14, , 1047, 0, 0, 0, , 0, 0, 0, 0, 0, 
606, 1, 611, -1, -1, 172, 329, 11.0, 13, Nuc368_14_193_332, 3277, 0, 0, 0, , 0, 0, 0, 0, 0, 
607, 1, 612, 603, -1, 342, 222, 24.0, 7, Nuc368_24_350_225, 354, 0, 0, 0, , 0, 0, 0, 0, 0, 
608, 1, 613, 604, -1, 240, 184, 35.0, 11, Nuc368_31_254_161, 1926, 0, 0, 0, , 0, 0, 0, 0, 0, 
609, 1, 614, 605, -1, 320, 288, 17.0, 15, Nuc369_20_324_290, 2127, 0, 0, 0, , 0, 0, 0, 0, 0, 
610, 0, 615, -1, -1, 104, 261, 9.0, 9, , 1953, 0, 0, 0, , 0, 0, 0, 0, 0, 
611, 1, 616, 607, -1, 258, 193, 10.0, 11, Nuc370_11_272_206, 5987, 0, 0, 0, , 0, 0, 0, 0, 0, 
612, 0, 617, -1, -1, 237, 277, 12.0, 11, , 2916, 0, 0, 0, , 0, 0, 0, 0, 0, 
613, 1, 618, 609, -1, 212, 177, 25.0, 9, ABprppaapaa, 956, 0, 0, 0, , 0, 0, 0, 0, 0, 
614, 1, 619, 610, -1, 289, 173, 27.0, 13, ABalaappppa, 3287, 0, 0, 0, , 0, 0, 0, 0, 0, 
615, 1, 620, 611, -1, 245, 245, 23.0, 15, MSpapaaaa, 10384, 0, 0, 0, , 0, 0, 0, 0, 0, 
616, 0, 621, -1, -1, 238, 202, 29.0, 13, , 3359, 0, 0, 0, , 0, 0, 0, 0, 0, 
617, 1, 622, 613, -1, 282, 241, 28.0, 11, Nuc370_27_273_239, 4371, 0, 0, 0, , 0, 0, 0, 0, 0, 
618, 0, 623, -1, -1, 193, 341, 24.0, 14, , 3889, 0, 0, 0, , 0, 0, 0, 0, 0, 
619, 0, 624, -1, -1, 148, 303, 27.0, 13, , 4031, 0, 0, 0, , 0, 0, 0, 0, 0, 
620, 1, 625, 615, -1, 308, 237, 31.0, 15, MSaaaaaar, 5674, 0, 0, 0, , 0, 0, 0, 0, 0, 
621, 1, 626, 616, -1, 344, 259, 28.0, 11, Nuc370_29_347_252, 2047, 0, 0, 0, , 0, 0, 0, 0, 0, 
622, 1, 627, 617, -1, 268, 234, 10.0, 9, Nuc371_9_279_254, 3246, 0, 0, 0, , 0, 0, 0, 0, 0, 
623, 1, 628, 618, -1, 158, 223, 19.0, 17, ABprappppa, 7826, 0, 0, 0, , 0, 0, 0, 0, 0, 
624, 1, 629, 619, -1, 113, 239, 26.0, 11, ABprapppappp, 1738, 0, 0, 0, , 0, 0, 0, 0, 0, 
625, 1, 630, 620, -1, 227, 189, 19.0, 15, ABprpaapppa, 3525, 0, 0, 0, , 0, 0, 0, 0, 0, 
626, 1, 631, 621, -1, 115, 351, 15.0, 19, Cpaapp, 5662, 0, 0, 0, , 0, 0, 0, 0, 0, 
627, 1, 632, 622, -1, 292, 231, 13.0, 13, Nuc372_14_299_235, 4123, 0, 0, 0, , 0, 0, 0, 0, 0, 
628, 1, 633, 623, -1, 184, 239, 23.0, 13, MSpapppap, 2648, 0, 0, 0, , 0, 0, 0, 0, 0, 
629, 1, 634, 624, -1, 351, 187, 22.0, 13, Nuc372_22_346_185, 2780, 0, 0, 0, , 0, 0, 0, 0, 0, 
630, 1, 635, 625, -1, 311, 252, 9.0, 14, Nuc372_11_310_260a, 2806, 0, 0, 0, , 0, 0, 0, 0, 0, 
631, 1, 636, 626, -1, 313, 259, 10.0, 11, Nuc372_11_310_260p, 1841, 0, 0, 0, , 0, 0, 0, 0, 0, 
632, 1, 637, 627, -1, 308, 193, 19.0, 15, Nuc372_18_305_199, 4988, 0, 0, 0, , 0, 0, 0, 0, 0, 
633, 1, 638, 628, -1, 286, 219, 26.0, 11, Nuc372_22_285_216, 3521, 0, 0, 0, , 0, 0, 0, 0, 0, 
634, 1, 639, 629, -1, 99, 338, 22.0, 19, Eplap, 10646, 0, 0, 0, , 0, 0, 0, 0, 0, 
635, 1, 640, 630, -1, 308, 218, 13.0, 11, Nuc373_14_311_218, 3138, 0, 0, 0, , 0, 0, 0, 0, 0, 
636, 1, 641, 631, -1, 279, 244, 24.0, 7, Nuc373_21_271_241, 413, 0, 0, 0, , 0, 0, 0, 0, 0, 
637, 1, 642, 632, -1, 135, 348, 28.0, 11, Nuc373_27_140_329, 543, 0, 0, 0, , 0, 0, 0, 0, 0, 
638, 0, 643, -1, -1, 216, 325, 31.0, 11, , 756, 0, 0, 0, , 0, 0, 0, 0, 0, 
639, 1, 644, 634, -1, 266, 214, 35.0, 13, Nuc373_34_260_201, 1784, 0, 0, 0, , 0, 0, 0, 0, 0, 
640, 0, 645, -1, -1, 150, 337, 21.0, 13, , 1723, 0, 0, 0, , 0, 0, 0, 0, 0, 
641, 1, 646, 636, -1, 261, 238, 35.0, 11, Nuc373_35_266_222, 702, 0, 0, 0, , 0, 0, 0, 0, 0, 
642, 1, 647, 637, -1, 118, 303, 17.0, 13, Nuc374_16_128_315, 2790, 0, 0, 0, , 0, 0, 0, 0, 0, 
643, 1, 648, 638, -1, 343, 231, 20.0, 17, Nuc374_21_346_232, 14023, 0, 0, 0, , 0, 0, 0, 0, 0, 
644, 1, 649, 639, -1, 199, 215, 28.0, 13, ABprppaaaapp, 4355, 0, 0, 0, , 0, 0, 0, 0, 0, 
645, 1, 650, -1, -1, 259, 202, 36.0, 11, Nuc374_35_260_201, 1312, 0, 0, 0, , 0, 0, 0, 0, 0, 
646, 1, 651, 640, -1, 310, 240, 34.0, 11, MSppappa, 2413, 0, 0, 0, , 0, 0, 0, 0, 0, 
647, 1, 652, 641, -1, 172, 358, 17.0, 21, Nuc375_18_180_357, 9152, 0, 0, 0, , 0, 0, 0, 0, 0, 
648, 1, 653, 642, -1, 301, 292, 15.0, 13, ABplaapapppa, 4121, 0, 0, 0, , 0, 0, 0, 0, 0, 
649, 0, 654, -1, -1, 123, 350, 20.0, 15, , 942, 0, 0, 0, , 0, 0, 0, 0, 0, 
650, 1, 655, 644, -1, 305, 263, 22.0, 9, Nuc375_24_310_269, 865, 0, 0, 0, , 0, 0, 0, 0, 0, 
651, 0, 656, -1, -1, 166, 344, 26.0, 21, , 15596, 0, 0, 0, , 0, 0, 0, 0, 0, 
652, 1, 657, 646, -1, 68, 284, 14.0, 19, Cappapp, 5490, 0, 0, 0, , 0, 0, 0, 0, 0, 
653, 1, 658, 647, -1, 123, 207, 20.0, 9, Nuc376_18_127_211, 568, 0, 0, 0, , 0, 0, 0, 0, 0, 
654, 1, 659, 648, -1, 299, 185, 13.0, 13, Nuc376_14_296_173, 4991, 0, 0, 0, , 0, 0, 0, 0, 0, 
655, 0, 660, -1, -1, 79, 309, 21.0, 17, , 5677, 0, 0, 0, , 0, 0, 0, 0, 0, 
656, 1, 660, 650, -1, 90, 312, 20.0, 17, Eplpa, 5294, 0, 0, 0, , 0, 0, 0, 0, 0, 
657, 1, 354, 651, -1, 150, 372, 23.0, 19, Cappaap, 4462, 0, 0, 0, , 0, 0, 0, 0, 0, 
658, 0, 662, -1, -1, 107, 343, 26.0, 15, , 3542, 0, 0, 0, , 0, 0, 0, 0, 0, 
659, 1, 663, 653, -1, 245, 237, 32.0, 14, ABprapaaaap, 1996, 0, 0, 0, , 0, 0, 0, 0, 0, 
660, 1, 664, 654, -1, 264, 185, 34.0, 13, Nuc376_35_252_184, 2700, 0, 0, 0, , 0, 0, 0, 0, 0, 
661, 1, 665, 655, -1, 294, 256, 8.0, 7, Nuc377_8_289_260, 432, 0, 0, 0, , 0, 0, 0, 0, 0, 
662, 1, 666, 656, -1, 188, 244, 16.0, 13, Nuc377_15_189_246, 5344, 0, 0, 0, , 0, 0, 0, 0, 0, 
663, 1, 667, 657, -1, 195, 309, 21.0, 19, Nuc377_21_202_310, 6236, 0, 0, 0, , 0, 0, 0, 0, 0, 
664, 1, 668, 658, -1, 261, 170, 25.0, 17, ABpraaaapad, 13783, 0, 0, 0, , 0, 0, 0, 0, 0, 
665, 1, 669, 659, -1, 334, 277, 26.0, 15, MSappppa, 3024, 0, 0, 0, , 0, 0, 0, 0, 0, 
666, 1, 670, 660, -1, 243, 180, 30.0, 11, Nuc377_32_235_172, 4468, 0, 0, 0, , 0, 0, 0, 0, 0, 
667, 1, 671, 661, -1, 315, 204, 33.0, 11, Nuc377_35_301_191, 636, 0, 0, 0, , 0, 0, 0, 0, 0, 
668, 1, 672, 662, -1, 267, 196, 13.0, 13, Nuc377_13_267_200, 4192, 0, 0, 0, , 0, 0, 0, 0, 0, 
669, 1, 673, 663, -1, 324, 173, 30.0, 13, Nuc377_28_323_173, 1619, 0, 0, 0, , 0, 0, 0, 0, 0, 
670, 1, 674, 664, -1, 317, 169, 30.0, 13, Nuc377_29_318_168, 1785, 0, 0, 0, , 0, 0, 0, 0, 0, 
671, 1, 675, -1, -1, 237, 165, 23.0, 11, Nuc378_22_242_160, 768, 0, 0, 0, , 0, 0, 0, 0, 0, 
672, 1, 676, 665, -1, 252, 260, 23.0, 9, Nuc378_23_253_262, 988, 0, 0, 0, , 0, 0, 0, 0, 0, 
673, 0, 677, -1, -1, 200, 316, 26.0, 21, , 22841, 0, 0, 0, , 0, 0, 0, 0, 0, 
674, 1, 678, 667, -1, 197, 238, 14.0, 15, Nuc378_13_202_238, 7668, 0, 0, 0, , 0, 0, 0, 0, 0, 
675, 1, 679, 668, -1, 284, 251, 21.0, 13, Nuc378_21_284_257, 4609, 0, 0, 0, , 0, 0, 0, 0, 0, 
676, 0, 680, -1, -1, 74, 257, 24.0, 13, , 817, 0, 0, 0, , 0, 0, 0, 0, 0, 
677, 1, 681, 670, -1, 259, 252, 19.0, 11, Nuc379_16_252_246, 1307, 0, 0, 0, , 0, 0, 0, 0, 0, 
678, 1, 682, 671, -1, 315, 182, 18.0, 11, Nuc379_18_317_184, 1466, 0, 0, 0, , 0, 0, 0, 0, 0, 
679, 1, 683, 672, -1, 289, 186, 19.0, 11, ABprpaaapaaa, 2406, 0, 0, 0, , 0, 0, 0, 0, 0, 
680, 1, 684, 673, -1, 310, 188, 22.0, 11, Nuc379_22_308_189, 910, 0, 0, 0, , 0, 0, 0, 0, 0, 
681, 1, 685, -1, -1, 269, 256, 26.0, 9, Nuc379_27_268_258, 530, 0, 0, 0, , 0, 0, 0, 0, 0, 
682, 1, 686, 674, -1, 227, 171, 30.0, 9, Nuc379_29_231_165, 1665, 0, 0, 0, , 0, 0, 0, 0, 0, 
683, 1, 687, 675, -1, 276, 189, 35.0, 15, Nuc379_36_273_190, 2236, 0, 0, 0, , 0, 0, 0, 0, 0, 
684, 0, 688, -1, -1, 235, 276, 14.0, 13, , 1260, 0, 0, 0, , 0, 0, 0, 0, 0, 
685, 1, 689, 677, -1, 206, 315, 11.0, 19, ABplappaaa, 21502, 0, 0, 0, , 0, 0, 0, 0, 0, 
686, 1, 690, 678, -1, 303, 167, 23.0, 11, Nuc380_23_305_171, 4089, 0, 0, 0, , 0, 0, 0, 0, 0, 
687, 1, 691, 679, -1, 292, 214, 23.0, 17, Nuc380_23_293_213, 10588, 0, 0, 0, , 0, 0, 0, 0, 0, 
688, 1, 692, 680, -1, 250, 290, 26.0, 9, Nuc380_26_253_285, 558, 0, 0, 0, , 0, 0, 0, 0, 0, 
689, 0, 693, -1, -1, 74, 269, 27.0, 15, , 3291, 0, 0, 0, , 0, 0, 0, 0, 0, 
690, 1, 694, 682, -1, 309, 224, 33.0, 15, Nuc380_34_309_225, 3994, 0, 0, 0, , 0, 0, 0, 0, 0, 
691, 1, 695, 683, -1, 204, 342, 34.0, 15, Dppppp, 1124, 0, 0, 0, , 0, 0, 0, 0, 0, 
692, 1, 696, 684, -1, 269, 234, 12.0, 9, Nuc380_12_272_238, 1484, 0, 0, 0, , 0, 0, 0, 0, 0, 
693, 1, 697, 685, -1, 130, 338, 23.0, 13, Nuc380_22_131_338, 946, 0, 0, 0, , 0, 0, 0, 0, 0, 
694, 0, 698, -1, -1, 199, 322, 28.0, 15, , 3481, 0, 0, 0, , 0, 0, 0, 0, 0, 
695, 1, 699, 687, -1, 295, 248, 15.0, 11, Nuc380_15_294_248, 1024, 0, 0, 0, , 0, 0, 0, 0, 0, 
696, 1, -1, 688, -1, 302, 262, 10.0, 13, Nuc381_10_302_262, 4396, 0, 0, 0, , 0, 0, 0, 0, 0, 
697, 1, -1, 689, -1, 144, 209, 18.0, 11, Nuc381_18_144_209, 1693, 0, 0, 0, , 0, 0, 0, 0, 0, 
698, 1, -1, 690, -1, 243, 229, 21.0, 9, Nuc381_21_243_229, 407, 0, 0, 0, , 0, 0, 0, 0, 0, 
699, 1, -1, 691, -1, 327, 224, 22.0, 11, Nuc381_22_327_224, 2666, 0, 0, 0, , 0, 0, 0, 0, 0, 
700, 1, -1, 692, -1, 325, 188, 22.0, 7, Nuc381_22_325_188, 342, 0, 0, 0, , 0, 0, 0, 0, 0, 
701, 1, -1, 693, -1, 341, 270, 23.0, 13, Nuc381_23_341_270, 4301, 0, 0, 0, , 0, 0, 0, 0, 0, 
702, 1, -1, 694, -1, 238, 301, 25.0, 13, Nuc381_25_238_301, 2647, 0, 0, 0, , 0, 0, 0, 0, 0, 
703, 1, -1, 695, -1, 252, 164, 27.0, 11, Nuc381_27_252_164, 1439, 0, 0, 0, , 0, 0, 0, 0, 0, 
704, 1, -1, 696, -1, 219, 278, 31.0, 14, Nuc381_31_219_278, 2655, 0, 0, 0, , 0, 0, 0, 0, 0, 
705, 1, -1, 697, -1, 248, 189, 36.0, 11, Nuc381_36_248_189, 1237, 0, 0, 0, , 0, 0, 0, 0, 0, 
706, 1, -1, -1, -1, 93, 269, 16.0, 13, Nuc381_16_93_269, 6488, 0, 0, 0, , 0, 0, 0, 0, 0, 
707, 1, -1, 698, -1, 101, 333, 20.0, 19, Nuc381_20_101_333, 5358, 0, 0, 0, , 0, 0, 0, 0, 0, 
708, 1, -1, 699, -1, 296, 200, 27.0, 11, Nuc381_27_296_200, 1820, 0, 0, 0, , 0, 0, 0, 0, 0, 
709, 1, -1, 700, -1, 279, 245, 31.0, 15, Nuc381_31_279_245, 1189, 0, 0, 0, , 0, 0, 0, 0, 0, 
710, 1, 688, 708, -1, 242, 290, 13.0, 16, ABplppaaaap, 0, 0, 0, 0, , 0, 0, 0, 0, 0, 
711, 1, 700, 709, -1, 111, 270, 13.0, 13, ABplpppaapa, 0, 0, 0, 0, , 0, 0, 0, 0, 0, 
712, 1, 701, 710, -1, 325, 292, 21.0, 13, ABalapaaapa, 0, 0, 0, 0, , 0, 0, 0, 0, 0, 
713, 1, 702, 711, -1, 325, 254, 28.0, 13, ABalapppaaa, 0, 0, 0, 0, , 0, 0, 0, 0, 0, 
714, 1, 703, 712, -1, 259, 272, 35.0, 13, Dpaap, 0, 0, 0, 0, , 0, 0, 0, 0, 0, 
715, 1, 704, 713, -1, 124, 289, 28.0, 13, Cppaapp, 0, 0, 0, 0, , 0, 0, 0, 0, 0, 
716, 1, 705, 714, -1, 87, 278, 31.0, 15, Cpapaa, 0, 0, 0, 0, , 0, 0, 0, 0, 0, 
717, 1, 706, 715, -1, 221, 345, 19.2, 15, Cpaaap, 0, 0, 0, 0, , 0, 0, 0, 0, 0, 
718, 1, 707, 716, -1, 238, 334, 19.333334, 17, Caaaaa, 0, 0, 0, 0, , 0, 0, 0, 0, 0, 
719, 1, 708, 718, -1, 200, 298, 28.0, 13, Earaad, 0, 0, 0, 0, , 0, 0, 0, 0, 0, 
720, 1, 709, 719, -1, 219, 324, 29.0, 15, Earaav, 0, 0, 0, 0, , 0, 0, 0, 0, 0, 
721, 1, 710, 720, -1, 272, 244, 14.0, 13, MSapppaa, 0, 0, 0, 0, , 0, 0, 0, 0, 0, 
722, 1, 711, 722, -1, 274, 192, 15.6, 13, ABprpappaaa, 0, 0, 0, 0, , 0, 0, 0, 0, 0, 
723, 1, 712, 723, -1, 243, 174, 17.0, 11, ABprpaappppp, 0, 0, 0, 0, , 0, 0, 0, 0, 0, 
724, 1, 714, 724, -1, 299, 185, 30.666666, 13, ABpraapaapa, 0, 0, 0, 0, , 0, 0, 0, 0, 0, 
725, 1, 715, 725, -1, 236, 203, 27.75, 13, ABpraaappap, 0, 0, 0, 0, , 0, 0, 0, 0, 0, 
726, 1, 716, 726, -1, 228, 209, 30.416666, 15, ABpraaapppaa, 0, 0, 0, 0, , 0, 0, 0, 0, 0, 
727, 1, 717, 727, -1, 289, 204, 33.666668, 13, ABpraaapapa, 0, 0, 0, 0, , 0, 0, 0, 0, 0, 
728, 1, 718, 425, -1, 261, 197, 31.833334, 13, ABpraaaapppa, 0, 0, 0, 0, , 0, 0, 0, 0, 0, 
729, 1, 719, 728, -1, 253, 212, 31.857143, 13, ABpraaaapppp, 0, 0, 0, 0, , 0, 0, 0, 0, 0, 
730, 1, 720, 730, -1, 225, 216, 14.0, 13, ABplpapappa, 0, 0, 0, 0, , 0, 0, 0, 0, 0, 
731, 1, 721, 731, -1, 253, 217, 14.8, 13, ABplpapaapa, 0, 0, 0, 0, , 0, 0, 0, 0, 0, 
