1, 1, 1, 1, -1, 299, 220, 26.0, 11, ABaraaapaap, 1930, 0, 0, 0, , 0, 0, 0, 0, 0, 
2, 1, 2, 2, -1, 265, 249, 31.0, 13, ABaraaapapp, 5617, 0, 0, 0, , 0, 0, 0, 0, 0, 
3, 1, 3, 3, -1, 236, 245, 25.0, 13, ABaraappppp, 4416, 0, 0, 0, , 0, 0, 0, 0, 0, 
4, 1, 4, 4, -1, 255, 280, 19.0, 13, ABaraapappa, 7200, 0, 0, 0, , 0, 0, 0, 0, 0, 
5, 1, 5, 5, -1, 249, 262, 18.0, 15, ABaraapappp, 6483, 0, 0, 0, , 0, 0, 0, 0, 0, 
6, 1, 6, 6, -1, 266, 302, 22.0, 13, ABaraapapap, 6997, 0, 0, 0, , 0, 0, 0, 0, 0, 
7, 1, 7, 7, -1, 310, 221, 24.0, 15, ABaraapaaaa, 7761, 0, 0, 0, , 0, 0, 0, 0, 0, 
8, 1, 8, 8, -1, 313, 245, 24.0, 15, ABaraapaaap, 7561, 0, 0, 0, , 0, 0, 0, 0, 0, 
9, 1, 9, 9, -1, 291, 280, 26.0, 15, MSaaaaapp, 7220, 0, 0, 0, , 0, 0, 0, 0, 0, 
10, 1, 10, 10, -1, 309, 263, 24.0, 17, ABaraapaapa, 8379, 0, 0, 0, , 0, 0, 0, 0, 0, 
11, 1, 11, 11, -1, 327, 204, 25.0, 11, ABaraaappaa, 3089, 0, 0, 0, , 0, 0, 0, 0, 0, 
12, 1, 12, 12, -1, 318, 194, 26.0, 11, ABaraaapppa, 3396, 0, 0, 0, , 0, 0, 0, 0, 0, 
13, 1, 13, 13, -1, 323, 189, 29.0, 11, ABaraaapppp, 2435, 0, 0, 0, , 0, 0, 0, 0, 0, 
14, 1, 14, 14, -1, 311, 202, 25.0, 11, ABaraaapaaa, 2153, 0, 0, 0, , 0, 0, 0, 0, 0, 
15, 0, 15, -1, -1, 261, 278, 33.0, 13, , 5524, 0, 0, 0, , 0, 0, 0, 0, 0, 
16, 1, 16, 15, -1, 302, 239, 20.0, 13, ABaraaaaaap, 3897, 0, 0, 0, , 0, 0, 0, 0, 0, 
17, 0, 17, -1, -1, 295, 268, 24.0, 7, , 219, 0, 0, 0, , 0, 0, 0, 0, 0, 
18, 1, 18, 17, -1, 218, 266, 21.0, 15, ABalpappapp, 7049, 0, 0, 0, , 0, 0, 0, 0, 0, 
19, 0, 19, -1, -1, 252, 222, 26.0, 13, , 3308, 0, 0, 0, , 0, 0, 0, 0, 0, 
20, 1, 20, 19, -1, 254, 229, 28.0, 14, ABarapappaa, 5165, 0, 0, 0, , 0, 0, 0, 0, 0, 
21, 1, 21, 20, -1, 282, 181, 11.0, 11, ABalaapappa, 3284, 0, 0, 0, , 0, 0, 0, 0, 0, 
22, 1, 22, 21, -1, 281, 216, 20.0, 11, ABarapaaapp, 6320, 0, 0, 0, , 0, 0, 0, 0, 0, 
23, 1, 23, 22, -1, 278, 228, 27.0, 13, ABarapaapap, 7172, 0, 0, 0, , 0, 0, 0, 0, 0, 
24, 1, 24, 23, -1, 256, 189, 17.0, 13, ABarapppapa, 9029, 0, 0, 0, , 0, 0, 0, 0, 0, 
25, 1, 25, 24, -1, 279, 168, 15.0, 13, ABalpapaaap, 5099, 0, 0, 0, , 0, 0, 0, 0, 0, 
26, 1, 26, 25, -1, 289, 165, 18.0, 13, ABarapppapp, 5693, 0, 0, 0, , 0, 0, 0, 0, 0, 
27, 1, 27, 26, -1, 281, 186, 26.0, 15, ABarappppap, 5011, 0, 0, 0, , 0, 0, 0, 0, 0, 
28, 1, 28, 27, -1, 278, 174, 17.0, 15, ABarapppaap, 6115, 0, 0, 0, , 0, 0, 0, 0, 0, 
29, 1, 29, 28, -1, 254, 187, 29.0, 11, ABalaapppap, 1512, 0, 0, 0, , 0, 0, 0, 0, 0, 
30, 1, 30, 29, -1, 279, 186, 21.0, 15, ABarapppppp, 5497, 0, 0, 0, , 0, 0, 0, 0, 0, 
31, 1, 31, 30, -1, 295, 195, 26.0, 15, ABarappaaaa, 12355, 0, 0, 0, , 0, 0, 0, 0, 0, 
32, 1, 32, 31, -1, 258, 202, 19.0, 11, ABarappapaa, 6020, 0, 0, 0, , 0, 0, 0, 0, 0, 
33, 1, 33, 32, -1, 215, 198, 17.0, 11, ABprpapappa, 1943, 0, 0, 0, , 0, 0, 0, 0, 0, 
34, 1, 34, 33, -1, 284, 164, 30.0, 13, ABarpapppa, 3408, 0, 0, 0, , 0, 0, 0, 0, 0, 
35, 1, 35, 34, -1, 368, 213, 28.0, 13, ABarpaapaa, 2527, 0, 0, 0, , 0, 0, 0, 0, 0, 
36, 1, 36, 35, -1, 356, 220, 27.0, 11, ABarpaaaaar, 3477, 0, 0, 0, , 0, 0, 0, 0, 0, 
37, 1, 37, 36, -1, 344, 217, 24.0, 15, ABarpaaaapa, 3624, 0, 0, 0, , 0, 0, 0, 0, 0, 
38, 1, 38, 37, -1, 362, 193, 27.0, 11, ABarpaaapp, 3457, 0, 0, 0, , 0, 0, 0, 0, 0, 
39, 1, 39, 38, -1, 339, 222, 27.0, 13, ABarpaaapaa, 3875, 0, 0, 0, , 0, 0, 0, 0, 0, 
40, 1, 40, 39, -1, 341, 195, 31.0, 13, ABarpaaapap, 3629, 0, 0, 0, , 0, 0, 0, 0, 0, 
41, 1, 41, 40, -1, 249, 317, 19.0, 17, ABarppaapp, 6686, 0, 0, 0, , 0, 0, 0, 0, 0, 
42, 1, 42, 41, -1, 155, 347, 14.0, 17, ABarppappa, 6323, 0, 0, 0, , 0, 0, 0, 0, 0, 
43, 1, 43, 42, -1, 231, 323, 14.0, 17, ABarppapap, 7268, 0, 0, 0, , 0, 0, 0, 0, 0, 
44, 1, 44, 43, -1, 211, 246, 34.0, 15, ABarppppaa, 2529, 0, 0, 0, , 0, 0, 0, 0, 0, 
45, 1, 45, 44, -1, 329, 237, 27.0, 11, ABalapppaap, 2297, 0, 0, 0, , 0, 0, 0, 0, 0, 
46, 1, 46, 45, -1, 333, 272, 30.0, 13, ABalapapapa, 1416, 0, 0, 0, , 0, 0, 0, 0, 0, 
47, 1, 47, 46, -1, 357, 245, 30.0, 15, ABarpapapp, 7294, 0, 0, 0, , 0, 0, 0, 0, 0, 
48, 1, 48, 47, -1, 328, 285, 15.0, 13, ABalapaaaap, 2844, 0, 0, 0, , 0, 0, 0, 0, 0, 
49, 1, 49, 48, -1, 292, 166, 25.0, 11, ABalaappapp, 2737, 0, 0, 0, , 0, 0, 0, 0, 0, 
50, 1, 50, 49, -1, 270, 196, 29.0, 15, ABarappppaa, 4485, 0, 0, 0, , 0, 0, 0, 0, 0, 
51, 0, 51, -1, -1, 241, 164, 31.0, 11, , 1797, 0, 0, 0, , 0, 0, 0, 0, 0, 
52, 1, 52, 51, -1, 307, 208, 29.0, 13, ABalaaaarrp, 3141, 0, 0, 0, , 0, 0, 0, 0, 0, 
53, 1, 53, 788, -1, 294, 180, 23.0, 13, ABpraaaaaap, 3404, 0, 0, 0, , 0, 0, 0, 0, 0, 
54, 1, 54, 53, -1, 318, 173, 24.0, 15, ABarpappaa, 2371, 0, 0, 0, , 0, 0, 0, 0, 0, 
55, 1, 55, 54, -1, 327, 239, 20.0, 13, ABalaaaarlp, 3750, 0, 0, 0, , 0, 0, 0, 0, 0, 
56, 1, 56, 55, -1, 325, 227, 13.0, 11, ABalaaaalpp, 2447, 0, 0, 0, , 0, 0, 0, 0, 0, 
57, 1, 57, 56, -1, 345, 196, 27.0, 15, ABpraapaaap, 11831, 0, 0, 0, , 0, 0, 0, 0, 0, 
58, 0, 58, -1, -1, 283, 214, 32.0, 14, , 403, 0, 0, 0, , 0, 0, 0, 0, 0, 
59, 1, 59, 58, -1, 304, 161, 26.0, 11, ABpraaaaapv, 3575, 0, 0, 0, , 0, 0, 0, 0, 0, 
60, 1, 60, 59, -1, 334, 259, 31.0, 15, ABalappaap, 6523, 0, 0, 0, , 0, 0, 0, 0, 0, 
61, 1, 61, 60, -1, 141, 237, 16.0, 11, ABplppppapp, 4356, 0, 0, 0, , 0, 0, 0, 0, 0, 
62, 1, 62, 61, -1, 126, 264, 17.0, 13, ABplppppaaa, 4248, 0, 0, 0, , 0, 0, 0, 0, 0, 
63, 1, 63, 62, -1, 117, 257, 18.0, 13, ABplppppaap, 4476, 0, 0, 0, , 0, 0, 0, 0, 0, 
64, 1, 64, 63, -1, 115, 218, 13.0, 13, ABplppppppp, 1118, 0, 0, 0, , 0, 0, 0, 0, 0, 
65, 1, 65, 64, -1, 115, 229, 15.0, 13, ABplppppppa, 4385, 0, 0, 0, , 0, 0, 0, 0, 0, 
66, 1, 66, 65, -1, 94, 271, 14.0, 15, ABplpppppap, 5201, 0, 0, 0, , 0, 0, 0, 0, 0, 
67, 1, 67, 66, -1, 113, 278, 16.0, 13, ABplpppppaa, 5620, 0, 0, 0, , 0, 0, 0, 0, 0, 
68, 1, 68, 67, -1, 132, 244, 12.0, 15, ABplpppapaa, 4838, 0, 0, 0, , 0, 0, 0, 0, 0, 
69, 1, 69, 68, -1, 123, 261, 14.0, 13, ABplpppaapp, 4581, 0, 0, 0, , 0, 0, 0, 0, 0, 
70, 1, 70, 69, -1, 154, 255, 17.0, 13, ABplpppaaaa, 4487, 0, 0, 0, , 0, 0, 0, 0, 0, 
71, 1, 71, 70, -1, 137, 291, 16.0, 13, ABplpppaaap, 4647, 0, 0, 0, , 0, 0, 0, 0, 0, 
72, 1, 72, 71, -1, 133, 284, 19.0, 13, ABplppapppp, 3443, 0, 0, 0, , 0, 0, 0, 0, 0, 
73, 1, 73, 72, -1, 176, 277, 18.0, 13, ABplppapppa, 4336, 0, 0, 0, , 0, 0, 0, 0, 0, 
74, 1, 74, 73, -1, 200, 253, 18.0, 13, ABplppappap, 4212, 0, 0, 0, , 0, 0, 0, 0, 0, 
75, 1, 75, 74, -1, 208, 240, 16.0, 13, ABplppappaa, 3389, 0, 0, 0, , 0, 0, 0, 0, 0, 
76, 1, 76, 75, -1, 191, 269, 16.0, 13, ABplppapapa, 4804, 0, 0, 0, , 0, 0, 0, 0, 0, 
77, 1, 77, 76, -1, 176, 292, 17.0, 13, ABplppapapp, 4107, 0, 0, 0, , 0, 0, 0, 0, 0, 
78, 1, 78, 77, -1, 158, 299, 20.0, 13, ABprppapppa, 2634, 0, 0, 0, , 0, 0, 0, 0, 0, 
79, 1, 79, 78, -1, 145, 294, 19.0, 15, ABplppaappp, 10411, 0, 0, 0, , 0, 0, 0, 0, 0, 
80, 0, 80, -1, -1, 275, 192, 16.0, 13, , 1887, 0, 0, 0, , 0, 0, 0, 0, 0, 
81, 1, 81, 80, -1, 203, 278, 20.0, 13, MSaappap, 4786, 0, 0, 0, , 0, 0, 0, 0, 0, 
82, 1, 82, 81, -1, 120, 239, 19.0, 11, ABplpappppp, 3291, 0, 0, 0, , 0, 0, 0, 0, 0, 
83, 1, 83, 82, -1, 122, 259, 21.0, 13, ABplpappppa, 4228, 0, 0, 0, , 0, 0, 0, 0, 0, 
84, 1, 84, 83, -1, 132, 249, 17.0, 11, ABplpapppaa, 2865, 0, 0, 0, , 0, 0, 0, 0, 0, 
85, 1, 85, 84, -1, 131, 239, 22.0, 13, ABplpapppap, 3779, 0, 0, 0, , 0, 0, 0, 0, 0, 
86, 1, 86, 85, -1, 221, 216, 12.0, 15, ABplapaapa, 10060, 0, 0, 0, , 0, 0, 0, 0, 0, 
87, 1, 87, 86, -1, 232, 241, 16.0, 13, ABplpapapap, 5173, 0, 0, 0, , 0, 0, 0, 0, 0, 
88, 1, 88, 87, -1, 223, 250, 16.0, 15, ABplpapapaa, 5033, 0, 0, 0, , 0, 0, 0, 0, 0, 
89, 1, 89, 88, -1, 237, 227, 16.0, 11, ABplpapaaap, 3933, 0, 0, 0, , 0, 0, 0, 0, 0, 
90, 1, 90, 89, -1, 254, 226, 16.0, 13, ABplpapaaaa, 2969, 0, 0, 0, , 0, 0, 0, 0, 0, 
91, 1, 91, 90, -1, 210, 253, 18.0, 11, ABplppapaap, 3863, 0, 0, 0, , 0, 0, 0, 0, 0, 
92, 1, 92, 91, -1, 298, 246, 12.0, 13, ABplpaaaaaa, 6481, 0, 0, 0, , 0, 0, 0, 0, 0, 
93, 1, 93, 92, -1, 284, 197, 11.0, 13, ABplpaapapp, 7855, 0, 0, 0, , 0, 0, 0, 0, 0, 
94, 1, 94, 93, -1, 261, 279, 14.0, 13, ABplpaappap, 5267, 0, 0, 0, , 0, 0, 0, 0, 0, 
95, 1, 95, 94, -1, 263, 262, 14.0, 13, ABplpaappaa, 2150, 0, 0, 0, , 0, 0, 0, 0, 0, 
96, 1, 96, 677, -1, 270, 228, 14.0, 13, MSappapp, 1840, 0, 0, 0, , 0, 0, 0, 0, 0, 
97, 1, 97, 96, -1, 270, 285, 12.0, 15, ABplpaapaap, 6403, 0, 0, 0, , 0, 0, 0, 0, 0, 
98, 0, 98, -1, -1, 297, 282, 18.0, 13, , 981, 0, 0, 0, , 0, 0, 0, 0, 0, 
99, 1, 99, 98, -1, 353, 245, 16.0, 13, ABplpaapapa, 6913, 0, 0, 0, , 0, 0, 0, 0, 0, 
100, 1, 100, 99, -1, 356, 204, 24.0, 15, ABplaapaaaa, 4748, 0, 0, 0, , 0, 0, 0, 0, 0, 
101, 1, 101, 100, -1, 355, 210, 21.0, 13, ABplaapaaap, 5464, 0, 0, 0, , 0, 0, 0, 0, 0, 
102, 1, 102, 101, -1, 338, 244, 16.0, 15, ABplaapaapa, 5246, 0, 0, 0, , 0, 0, 0, 0, 0, 
103, 0, 103, -1, -1, 313, 288, 18.0, 11, , 1985, 0, 0, 0, , 0, 0, 0, 0, 0, 
104, 1, 104, 103, -1, 287, 295, 17.0, 11, ABplaapapppp, 2965, 0, 0, 0, , 0, 0, 0, 0, 0, 
105, 1, 105, 104, -1, 273, 289, 17.0, 13, ABplaapapap, 4314, 0, 0, 0, , 0, 0, 0, 0, 0, 
106, 1, 106, 105, -1, 266, 274, 16.0, 13, ABplaapapaa, 3132, 0, 0, 0, , 0, 0, 0, 0, 0, 
107, 0, 107, -1, -1, 333, 269, 28.0, 9, , 568, 0, 0, 0, , 0, 0, 0, 0, 0, 
108, 1, 108, 107, -1, 366, 232, 28.0, 11, ABplaaaapp, 4527, 0, 0, 0, , 0, 0, 0, 0, 0, 
109, 1, 109, 108, -1, 339, 244, 11.0, 15, ABplaaappa, 5631, 0, 0, 0, , 0, 0, 0, 0, 0, 
110, 0, 110, -1, -1, 327, 268, 18.0, 9, , 1130, 0, 0, 0, , 0, 0, 0, 0, 0, 
111, 0, 111, -1, -1, 340, 274, 15.0, 13, , 764, 0, 0, 0, , 0, 0, 0, 0, 0, 
112, 1, 112, 111, -1, 337, 255, 20.0, 11, ABalppppapa, 1908, 0, 0, 0, , 0, 0, 0, 0, 0, 
113, 1, 113, 112, -1, 335, 201, 16.0, 15, ABplaaapaa, 6151, 0, 0, 0, , 0, 0, 0, 0, 0, 
114, 1, 114, 113, -1, 156, 230, 15.0, 13, ABplappppa, 8381, 0, 0, 0, , 0, 0, 0, 0, 0, 
115, 1, 115, 114, -1, 102, 240, 12.0, 17, ABplappppp, 6973, 0, 0, 0, , 0, 0, 0, 0, 0, 
116, 0, 116, -1, -1, 112, 269, 11.0, 17, , 9124, 0, 0, 0, , 0, 0, 0, 0, 0, 
117, 1, 117, 116, -1, 80, 285, 11.0, 17, Cpappd, 4189, 0, 0, 0, , 0, 0, 0, 0, 0, 
118, 0, 118, -1, -1, 94, 299, 12.0, 11, , 937, 0, 0, 0, , 0, 0, 0, 0, 0, 
119, 0, 119, -1, -1, 208, 311, 12.0, 15, , 13070, 0, 0, 0, , 0, 0, 0, 0, 0, 
120, 1, 120, 119, -1, 143, 329, 11.0, 19, ABplappapp, 13490, 0, 0, 0, , 0, 0, 0, 0, 0, 
121, 1, 121, 120, -1, 191, 336, 13.0, 15, ABplappapa, 8110, 0, 0, 0, , 0, 0, 0, 0, 0, 
122, 1, 122, 121, -1, 228, 301, 11.0, 17, ABplapaapp, 10668, 0, 0, 0, , 0, 0, 0, 0, 0, 
123, 1, 123, 122, -1, 321, 282, 24.0, 13, ABarppaaaa, 11683, 0, 0, 0, , 0, 0, 0, 0, 0, 
124, 0, 124, -1, -1, 250, 301, 17.0, 19, , 4403, 0, 0, 0, , 0, 0, 0, 0, 0, 
125, 1, 125, 124, -1, 119, 306, 10.0, 15, ABplapapap, 6390, 0, 0, 0, , 0, 0, 0, 0, 0, 
126, 1, 126, 125, -1, 120, 285, 11.0, 15, ABplapappa, 8234, 0, 0, 0, , 0, 0, 0, 0, 0, 
127, 1, 127, 126, -1, 108, 329, 12.0, 17, ABplapapaa, 7748, 0, 0, 0, , 0, 0, 0, 0, 0, 
128, 1, 128, 127, -1, 232, 206, 18.0, 11, ABprpapaaap, 2795, 0, 0, 0, , 0, 0, 0, 0, 0, 
129, 1, 129, 128, -1, 143, 264, 16.0, 11, ABprpapappp, 3666, 0, 0, 0, , 0, 0, 0, 0, 0, 
130, 1, 130, 129, -1, 211, 216, 22.0, 13, ABprpapapaa, 4134, 0, 0, 0, , 0, 0, 0, 0, 0, 
131, 1, 536, 130, -1, 87, 286, 19.0, 21, Eplppp, 37823, 0, 0, 0, , 0, 0, 0, 0, 0, 
132, 1, 132, 131, -1, 101, 244, 21.0, 13, ABprpappppa, 3794, 0, 0, 0, , 0, 0, 0, 0, 0, 
133, 0, 133, -1, -1, 186, 255, 17.0, 11, , 5005, 0, 0, 0, , 0, 0, 0, 0, 0, 
134, 1, 134, 133, -1, 247, 218, 19.0, 15, ABprpappaap, 3444, 0, 0, 0, , 0, 0, 0, 0, 0, 
135, 1, 135, 134, -1, 296, 201, 20.0, 13, ABarapapapa, 5858, 0, 0, 0, , 0, 0, 0, 0, 0, 
136, 1, 136, 135, -1, 226, 181, 28.0, 13, ABprpaaaaap, 5114, 0, 0, 0, , 0, 0, 0, 0, 0, 
137, 0, 137, -1, -1, 237, 203, 28.0, 11, , 2921, 0, 0, 0, , 0, 0, 0, 0, 0, 
138, 1, 138, 137, -1, 189, 257, 15.0, 13, ABprpaaaapp, 1231, 0, 0, 0, , 0, 0, 0, 0, 0, 
139, 1, 139, 138, -1, 228, 197, 14.0, 17, ABprpaaaapa, 4562, 0, 0, 0, , 0, 0, 0, 0, 0, 
140, 1, 140, 139, -1, 264, 181, 27.0, 13, ABprpaaaaaa, 5934, 0, 0, 0, , 0, 0, 0, 0, 0, 
141, 1, 141, 140, -1, 251, 185, 18.0, 15, ABprpapaapp, 5346, 0, 0, 0, , 0, 0, 0, 0, 0, 
142, 1, 142, 141, -1, 243, 195, 19.0, 11, ABprpapaapa, 2956, 0, 0, 0, , 0, 0, 0, 0, 0, 
143, 1, 143, 142, -1, 262, 173, 23.0, 15, ABprpaaappp, 9873, 0, 0, 0, , 0, 0, 0, 0, 0, 
144, 1, 144, 143, -1, 281, 164, 22.0, 13, ABprpaaapap, 7603, 0, 0, 0, , 0, 0, 0, 0, 0, 
145, 1, 145, 144, -1, 218, 206, 32.0, 15, ABprpaapaap, 5135, 0, 0, 0, , 0, 0, 0, 0, 0, 
146, 1, 146, 145, -1, 309, 183, 33.0, 15, ABprpaapapa, 6138, 0, 0, 0, , 0, 0, 0, 0, 0, 
147, 1, 147, 146, -1, 217, 213, 29.0, 13, ABprpaappap, 4402, 0, 0, 0, , 0, 0, 0, 0, 0, 
148, 1, 148, 147, -1, 225, 199, 28.0, 11, ABprpaappaa, 3594, 0, 0, 0, , 0, 0, 0, 0, 0, 
149, 1, 149, 148, -1, 119, 249, 27.0, 19, ABprpppaapa, 5359, 0, 0, 0, , 0, 0, 0, 0, 0, 
150, 1, 150, 149, -1, 135, 275, 23.0, 13, ABprpppaaap, 6559, 0, 0, 0, , 0, 0, 0, 0, 0, 
151, 1, 151, 150, -1, 152, 258, 21.0, 15, ABprpppaaaa, 6998, 0, 0, 0, , 0, 0, 0, 0, 0, 
152, 1, 152, 151, -1, 138, 222, 25.0, 15, ABprpppapaa, 3840, 0, 0, 0, , 0, 0, 0, 0, 0, 
153, 1, 153, 152, -1, 152, 230, 22.0, 17, ABprppppapa, 4289, 0, 0, 0, , 0, 0, 0, 0, 0, 
154, 1, 154, 153, -1, 142, 226, 19.0, 15, ABprppppapp, 4331, 0, 0, 0, , 0, 0, 0, 0, 0, 
155, 1, 155, 154, -1, 130, 252, 23.0, 13, ABprppppaaa, 3960, 0, 0, 0, , 0, 0, 0, 0, 0, 
156, 1, 156, 155, -1, 114, 247, 23.0, 13, ABprppppaap, 4513, 0, 0, 0, , 0, 0, 0, 0, 0, 
157, 1, 157, 156, -1, 126, 278, 26.0, 17, ABprpppppaa, 4250, 0, 0, 0, , 0, 0, 0, 0, 0, 
158, 1, 158, 157, -1, 117, 267, 25.0, 13, ABprpppppap, 6967, 0, 0, 0, , 0, 0, 0, 0, 0, 
159, 1, 159, 158, -1, 213, 190, 27.0, 13, ABprppaapap, 3767, 0, 0, 0, , 0, 0, 0, 0, 0, 
160, 0, 160, -1, -1, 225, 167, 21.0, 11, , 1432, 0, 0, 0, , 0, 0, 0, 0, 0, 
161, 1, 161, 160, -1, 204, 213, 16.0, 13, ABprppaappa, 5089, 0, 0, 0, , 0, 0, 0, 0, 0, 
162, 1, 162, 161, -1, 143, 274, 18.0, 13, ABprppaappp, 4814, 0, 0, 0, , 0, 0, 0, 0, 0, 
163, 0, 163, -1, -1, 219, 170, 28.0, 9, , 725, 0, 0, 0, , 0, 0, 0, 0, 0, 
164, 1, 164, 163, -1, 206, 196, 29.0, 15, ABprppaaaapa, 3559, 0, 0, 0, , 0, 0, 0, 0, 0, 
165, 1, 165, 164, -1, 193, 211, 19.0, 15, ABprppapaaa, 4971, 0, 0, 0, , 0, 0, 0, 0, 0, 
166, 1, 166, 165, -1, 202, 262, 20.0, 11, ABprppapaap, 1861, 0, 0, 0, , 0, 0, 0, 0, 0, 
167, 1, 167, 166, -1, 188, 264, 20.0, 15, ABprppappap, 3199, 0, 0, 0, , 0, 0, 0, 0, 0, 
168, 1, 168, 167, -1, 186, 271, 22.0, 13, ABprppapapa, 4064, 0, 0, 0, , 0, 0, 0, 0, 0, 
169, 1, 169, 168, -1, 155, 301, 22.0, 13, ABprppapapp, 3729, 0, 0, 0, , 0, 0, 0, 0, 0, 
170, 1, 170, 169, -1, 135, 269, 20.0, 11, ABprppapppp, 2280, 0, 0, 0, , 0, 0, 0, 0, 0, 
171, 1, 171, 170, -1, 191, 245, 20.0, 13, ABprppappaa, 4652, 0, 0, 0, , 0, 0, 0, 0, 0, 
172, 1, 172, 171, -1, 348, 198, 25.0, 15, ABpraapaaaa, 4842, 0, 0, 0, , 0, 0, 0, 0, 0, 
173, 1, 173, 172, -1, 333, 209, 33.0, 13, ABarpapaaap, 3695, 0, 0, 0, , 0, 0, 0, 0, 0, 
174, 1, 174, 173, -1, 280, 194, 33.0, 15, ABpraapaapp, 5762, 0, 0, 0, , 0, 0, 0, 0, 0, 
175, 1, 175, 174, -1, 238, 224, 29.0, 13, ABpraapapap, 4393, 0, 0, 0, , 0, 0, 0, 0, 0, 
176, 1, 176, 175, -1, 227, 219, 26.0, 11, ABpraapapaa, 2912, 0, 0, 0, , 0, 0, 0, 0, 0, 
177, 0, 177, -1, -1, 251, 162, 31.0, 9, , 416, 0, 0, 0, , 0, 0, 0, 0, 0, 
178, 1, 178, 177, -1, 239, 219, 26.0, 13, ABpraapappa, 3823, 0, 0, 0, , 0, 0, 0, 0, 0, 
179, 1, 179, 178, -1, 197, 226, 32.0, 11, ABpraapppp, 599, 0, 0, 0, , 0, 0, 0, 0, 0, 
180, 1, 180, 179, -1, 310, 168, 19.0, 13, ABpraappaa, 5105, 0, 0, 0, , 0, 0, 0, 0, 0, 
181, 1, 181, 180, -1, 257, 201, 26.0, 13, MSppapap, 2018, 0, 0, 0, , 0, 0, 0, 0, 0, 
182, 1, 182, 181, -1, 252, 214, 30.0, 11, ABpraaapaad, 3548, 0, 0, 0, , 0, 0, 0, 0, 0, 
183, 1, 183, 182, -1, 228, 221, 35.0, 11, ABpraaapppap, 2596, 0, 0, 0, , 0, 0, 0, 0, 0, 
184, 1, 184, 183, -1, 245, 172, 26.0, 15, ABpraaaaaaa, 4122, 0, 0, 0, , 0, 0, 0, 0, 0, 
185, 1, 185, 184, -1, 256, 168, 30.0, 14, ABalaappapa, 967, 0, 0, 0, , 0, 0, 0, 0, 0, 
186, 1, 186, 185, -1, 131, 296, 32.0, 19, ABprappapp, 17635, 0, 0, 0, , 0, 0, 0, 0, 0, 
187, 1, 187, 186, -1, 170, 296, 34.0, 17, ABprappapa, 7020, 0, 0, 0, , 0, 0, 0, 0, 0, 
188, 1, 188, 187, -1, 158, 284, 31.0, 17, ABprappaap, 10854, 0, 0, 0, , 0, 0, 0, 0, 0, 
189, 1, 189, 188, -1, 179, 264, 29.0, 13, ABprappaaa, 4722, 0, 0, 0, , 0, 0, 0, 0, 0, 
190, 1, 190, 189, -1, 122, 242, 29.0, 14, ABprapppaaa, 4004, 0, 0, 0, , 0, 0, 0, 0, 0, 
191, 1, 191, 190, -1, 126, 223, 28.0, 11, ABprapppappa, 2320, 0, 0, 0, , 0, 0, 0, 0, 0, 
192, 1, 192, 191, -1, 92, 233, 23.0, 15, ABprapappppp, 2865, 0, 0, 0, , 0, 0, 0, 0, 0, 
193, 1, 193, 192, -1, 108, 223, 24.0, 15, ABprappppp, 7794, 0, 0, 0, , 0, 0, 0, 0, 0, 
194, 1, 194, 193, -1, 148, 216, 14.0, 13, ABplpppapap, 3827, 0, 0, 0, , 0, 0, 0, 0, 0, 
195, 1, 195, 194, -1, 214, 229, 29.0, 13, ABprapaaapa, 6820, 0, 0, 0, , 0, 0, 0, 0, 0, 
196, 0, -1, -1, -1, 214, 246, 31.0, 13, , 2125, 0, 0, 0, , 0, 0, 0, 0, 0, 
197, 1, 197, 196, -1, 217, 243, 29.0, 13, ABprapaaapp, 1935, 0, 0, 0, , 0, 0, 0, 0, 0, 
198, 1, 198, 197, -1, 191, 243, 30.0, 17, ABprapaapp, 8179, 0, 0, 0, , 0, 0, 0, 0, 0, 
199, 1, 199, 198, -1, 204, 192, 19.0, 13, ABprapaapa, 8310, 0, 0, 0, , 0, 0, 0, 0, 0, 
200, 1, 200, 199, -1, 138, 250, 30.0, 15, ABprapappa, 4656, 0, 0, 0, , 0, 0, 0, 0, 0, 
201, 0, 201, -1, -1, 94, 228, 24.0, 11, , 1193, 0, 0, 0, , 0, 0, 0, 0, 0, 
202, 1, 202, 200, -1, 120, 273, 31.0, 15, ABprapapap, 5482, 0, 0, 0, , 0, 0, 0, 0, 0, 
203, 1, 203, 201, -1, 100, 289, 33.0, 19, ABprapapaa, 16083, 0, 0, 0, , 0, 0, 0, 0, 0, 
204, 1, 204, 202, -1, 289, 261, 35.0, 17, MSppppap, 7386, 0, 0, 0, , 0, 0, 0, 0, 0, 
205, 1, 206, 203, -1, 309, 273, 33.0, 15, MSpppppp, 2901, 0, 0, 0, , 0, 0, 0, 0, 0, 
206, 1, 207, 204, -1, 161, 285, 28.0, 17, Cppaapa, 12341, 0, 0, 0, , 0, 0, 0, 0, 0, 
207, 1, 208, 205, -1, 244, 205, 21.0, 15, ABprpapaaaa, 4241, 0, 0, 0, , 0, 0, 0, 0, 0, 
208, 1, 209, 206, -1, 117, 281, 21.0, 13, MSppaapp, 4728, 0, 0, 0, , 0, 0, 0, 0, 0, 
209, 0, 210, -1, -1, 252, 209, 29.0, 15, , 3389, 0, 0, 0, , 0, 0, 0, 0, 0, 
210, 1, 211, 208, -1, 277, 209, 28.0, 11, MSppaaaad, 1966, 0, 0, 0, , 0, 0, 0, 0, 0, 
211, 1, 212, 209, -1, 267, 215, 26.0, 13, ABarapapaapa, 5008, 0, 0, 0, , 0, 0, 0, 0, 0, 
212, 1, 213, 210, -1, 212, 291, 27.0, 13, MSpapappp, 3782, 0, 0, 0, , 0, 0, 0, 0, 0, 
213, 1, 214, 211, -1, 209, 268, 24.0, 15, MSpapapaa, 2567, 0, 0, 0, , 0, 0, 0, 0, 0, 
214, 1, 215, 212, -1, 224, 240, 25.0, 13, MSpapaaap, 7863, 0, 0, 0, , 0, 0, 0, 0, 0, 
215, 1, 216, 213, -1, 165, 304, 14.0, 15, MSpappaa, 5034, 0, 0, 0, , 0, 0, 0, 0, 0, 
216, 1, 217, 214, -1, 176, 257, 23.0, 15, MSpappppa, 2883, 0, 0, 0, , 0, 0, 0, 0, 0, 
217, 1, 218, 215, -1, 172, 272, 25.0, 13, MSpappppp, 2188, 0, 0, 0, , 0, 0, 0, 0, 0, 
218, 1, 219, 216, -1, 261, 309, 30.0, 13, MSpaaappp, 4299, 0, 0, 0, , 0, 0, 0, 0, 0, 
219, 1, 220, 217, -1, 258, 305, 25.0, 15, MSpaaapaa, 5324, 0, 0, 0, , 0, 0, 0, 0, 0, 
220, 1, 221, 218, -1, 278, 268, 31.0, 15, MSpaaaapp, 4723, 0, 0, 0, , 0, 0, 0, 0, 0, 
221, 1, 222, 219, -1, 291, 283, 30.0, 15, MSpaaaaaa, 5858, 0, 0, 0, , 0, 0, 0, 0, 0, 
222, 1, 223, 220, -1, 261, 274, 31.0, 15, ABaraappapp, 4731, 0, 0, 0, , 0, 0, 0, 0, 0, 
223, 1, 224, 221, -1, 235, 252, 28.0, 13, ABaraappppa, 4380, 0, 0, 0, , 0, 0, 0, 0, 0, 
224, 1, 225, 222, -1, 250, 265, 32.0, 15, ABaraapppap, 4554, 0, 0, 0, , 0, 0, 0, 0, 0, 
225, 1, 226, 223, -1, 256, 298, 29.0, 11, MSpaapaap, 2330, 0, 0, 0, , 0, 0, 0, 0, 0, 
226, 1, 227, 224, -1, 279, 293, 31.0, 15, MSpaaappa, 5265, 0, 0, 0, , 0, 0, 0, 0, 0, 
227, 1, 228, 225, -1, 250, 287, 30.0, 11, MSpaapaaa, 2722, 0, 0, 0, , 0, 0, 0, 0, 0, 
228, 1, 229, 226, -1, 297, 304, 23.0, 15, MSapppap, 2924, 0, 0, 0, , 0, 0, 0, 0, 0, 
229, 0, 230, -1, -1, 323, 254, 34.0, 17, , 17350, 0, 0, 0, , 0, 0, 0, 0, 0, 
230, 1, 231, 228, -1, 310, 288, 29.0, 15, MSappaaa, 3913, 0, 0, 0, , 0, 0, 0, 0, 0, 
231, 1, 232, 229, -1, 280, 298, 24.0, 17, ABaraapaapp, 8894, 0, 0, 0, , 0, 0, 0, 0, 0, 
232, 0, 233, -1, -1, 356, 264, 29.0, 11, , 2153, 0, 0, 0, , 0, 0, 0, 0, 0, 
233, 1, 234, 231, -1, 125, 295, 22.0, 15, MSapaapp, 5345, 0, 0, 0, , 0, 0, 0, 0, 0, 
234, 1, 235, 232, -1, 314, 258, 20.0, 11, MSapaaaa, 3379, 0, 0, 0, , 0, 0, 0, 0, 0, 
235, 1, 236, 233, -1, 267, 292, 27.0, 9, MSaaaaapap, 1078, 0, 0, 0, , 0, 0, 0, 0, 0, 
236, 1, 237, 234, -1, 326, 260, 24.0, 13, MSaaaaaal, 3886, 0, 0, 0, , 0, 0, 0, 0, 0, 
237, 1, 238, 235, -1, 275, 308, 29.0, 15, MSaaaapaa, 4411, 0, 0, 0, , 0, 0, 0, 0, 0, 
238, 1, 239, 236, -1, 285, 300, 27.0, 15, MSaaaapap, 4587, 0, 0, 0, , 0, 0, 0, 0, 0, 
239, 1, 240, 237, -1, 246, 311, 26.0, 11, MSaaaappa, 2989, 0, 0, 0, , 0, 0, 0, 0, 0, 
240, 1, 241, 238, -1, 241, 312, 29.0, 15, MSpaaapap, 4455, 0, 0, 0, , 0, 0, 0, 0, 0, 
241, 1, 242, 239, -1, 248, 312, 23.0, 13, MSaaapapa, 3436, 0, 0, 0, , 0, 0, 0, 0, 0, 
242, 1, 243, 240, -1, 221, 283, 23.0, 14, MSaaapapp, 1530, 0, 0, 0, , 0, 0, 0, 0, 0, 
243, 1, 244, 241, -1, 226, 325, 24.0, 13, MSaaappa, 4204, 0, 0, 0, , 0, 0, 0, 0, 0, 
244, 1, 245, 242, -1, 235, 328, 28.0, 13, MSaaappp, 3474, 0, 0, 0, , 0, 0, 0, 0, 0, 
245, 1, 246, 243, -1, 197, 280, 13.0, 13, MSaappppa, 2694, 0, 0, 0, , 0, 0, 0, 0, 0, 
246, 1, 247, 244, -1, 182, 292, 14.0, 13, MSaappppp, 2001, 0, 0, 0, , 0, 0, 0, 0, 0, 
247, 1, 248, 245, -1, 234, 259, 17.0, 15, MSaapaaap, 3658, 0, 0, 0, , 0, 0, 0, 0, 0, 
248, 1, 249, 246, -1, 255, 258, 21.0, 13, MSaapaaaa, 2615, 0, 0, 0, , 0, 0, 0, 0, 0, 
249, 1, 250, 247, -1, 219, 294, 20.0, 13, MSaapappp, 3935, 0, 0, 0, , 0, 0, 0, 0, 0, 
250, 1, 251, 248, -1, 252, 296, 20.0, 11, MSaapappa, 1972, 0, 0, 0, , 0, 0, 0, 0, 0, 
251, 1, 252, 249, -1, 225, 277, 19.0, 13, MSaapapaa, 3607, 0, 0, 0, , 0, 0, 0, 0, 0, 
252, 1, 253, 250, -1, 237, 284, 21.0, 13, MSaapapap, 3913, 0, 0, 0, , 0, 0, 0, 0, 0, 
253, 1, 254, 251, -1, 72, 309, 14.0, 19, Cappapa, 6134, 0, 0, 0, , 0, 0, 0, 0, 0, 
254, 1, 255, 252, -1, 203, 355, 22.0, 17, Cappaaa, 5431, 0, 0, 0, , 0, 0, 0, 0, 0, 
255, 1, 256, 253, -1, 61, 300, 17.0, 15, Capppap, 4666, 0, 0, 0, , 0, 0, 0, 0, 0, 
256, 1, 257, 254, -1, 92, 357, 21.0, 13, Capppaa, 1998, 0, 0, 0, , 0, 0, 0, 0, 0, 
257, 1, 258, 255, -1, 94, 349, 17.0, 17, Capapap, 5154, 0, 0, 0, , 0, 0, 0, 0, 0, 
258, 1, 259, 256, -1, 141, 269, 13.0, 17, Capappp, 9420, 0, 0, 0, , 0, 0, 0, 0, 0, 
259, 1, 260, 257, -1, 135, 292, 12.0, 15, Capappa, 7551, 0, 0, 0, , 0, 0, 0, 0, 0, 
260, 1, 261, 258, -1, 189, 302, 12.0, 15, Capaaap, 6286, 0, 0, 0, , 0, 0, 0, 0, 0, 
261, 1, 262, 259, -1, 211, 283, 12.0, 15, Capaaaa, 6213, 0, 0, 0, , 0, 0, 0, 0, 0, 
262, 1, 263, 260, -1, 114, 213, 17.0, 15, ABprppppppp, 1434, 0, 0, 0, , 0, 0, 0, 0, 0, 
263, 1, 264, 261, -1, 105, 222, 21.0, 15, Caappv, 5358, 0, 0, 0, , 0, 0, 0, 0, 0, 
264, 1, 265, 262, -1, 97, 229, 14.0, 15, Cpappv, 6960, 0, 0, 0, , 0, 0, 0, 0, 0, 
265, 0, -1, -1, -1, 161, 285, 30.0, 15, , 6367, 0, 0, 0, , 0, 0, 0, 0, 0, 
266, 1, 267, 264, -1, 175, 264, 27.0, 15, Cppaaap, 3967, 0, 0, 0, , 0, 0, 0, 0, 0, 
267, 1, 268, 265, -1, 185, 245, 26.0, 15, Cppaaaa, 6546, 0, 0, 0, , 0, 0, 0, 0, 0, 
268, 1, 269, 266, -1, 144, 251, 26.0, 14, Cppappp, 3029, 0, 0, 0, , 0, 0, 0, 0, 0, 
269, 1, 270, 267, -1, 130, 266, 28.0, 17, Cppappa, 5778, 0, 0, 0, , 0, 0, 0, 0, 0, 
270, 1, 271, 268, -1, 165, 356, 32.0, 17, Cpppaap, 10494, 0, 0, 0, , 0, 0, 0, 0, 0, 
271, 1, 272, 269, -1, 219, 321, 34.0, 17, Cpppaaa, 6576, 0, 0, 0, , 0, 0, 0, 0, 0, 
272, 1, 273, 674, -1, 70, 275, 27.0, 13, Cpppapp, 2514, 0, 0, 0, , 0, 0, 0, 0, 0, 
273, 1, 274, 270, -1, 248, 235, 13.0, 15, Daapa, 5485, 0, 0, 0, , 0, 0, 0, 0, 0, 
274, 1, 275, 271, -1, 233, 239, 12.0, 15, Daapp, 5771, 0, 0, 0, , 0, 0, 0, 0, 0, 
275, 0, 276, -1, -1, 245, 301, 16.0, 11, , 3228, 0, 0, 0, , 0, 0, 0, 0, 0, 
276, 1, 277, 273, -1, 289, 319, 26.0, 17, Dappaa, 4180, 0, 0, 0, , 0, 0, 0, 0, 0, 
277, 1, 278, 274, -1, 273, 323, 23.0, 17, Daaap, 4465, 0, 0, 0, , 0, 0, 0, 0, 0, 
278, 1, 279, 275, -1, 208, 193, 22.0, 15, Dpapp, 4789, 0, 0, 0, , 0, 0, 0, 0, 0, 
279, 1, 280, 276, -1, 231, 183, 23.0, 17, Dpapa, 9161, 0, 0, 0, , 0, 0, 0, 0, 0, 
280, 1, 281, 277, -1, 230, 212, 22.0, 15, ABprpappapa, 8109, 0, 0, 0, , 0, 0, 0, 0, 0, 
281, 1, 282, 278, -1, 234, 329, 33.0, 17, Dppppa, 3495, 0, 0, 0, , 0, 0, 0, 0, 0, 
282, 1, 283, 279, -1, 254, 309, 33.0, 17, Dpppap, 4447, 0, 0, 0, , 0, 0, 0, 0, 0, 
283, 1, 284, 280, -1, 286, 285, 34.0, 13, Dpppaa, 3662, 0, 0, 0, , 0, 0, 0, 0, 0, 
284, 1, 285, 281, -1, 197, 228, 26.0, 13, Dppaa, 1711, 0, 0, 0, , 0, 0, 0, 0, 0, 
285, 1, 286, 282, -1, 239, 298, 34.0, 17, Dppap, 5895, 0, 0, 0, , 0, 0, 0, 0, 0, 
286, 0, 287, -1, -1, 381, 244, 24.0, 13, , 4551, 0, 0, 0, , 0, 0, 0, 0, 0, 
287, 1, 288, 284, -1, 279, 266, 16.0, 13, ABplaapappa, 4855, 0, 0, 0, , 0, 0, 0, 0, 0, 
288, 1, 289, 285, -1, 280, 297, 11.0, 9, ABalppppppap, 2282, 0, 0, 0, , 0, 0, 0, 0, 0, 
289, 1, 290, 286, -1, 352, 223, 14.0, 15, ABplaaapap, 6514, 0, 0, 0, , 0, 0, 0, 0, 0, 
290, 1, 291, 287, -1, 284, 249, 12.0, 11, ABalpppaaaa, 2713, 0, 0, 0, , 0, 0, 0, 0, 0, 
291, 1, 292, 288, -1, 314, 210, 15.0, 13, ABalpppaaap, 3158, 0, 0, 0, , 0, 0, 0, 0, 0, 
292, 1, 293, 289, -1, 334, 228, 11.0, 13, ABalpppaapd, 5401, 0, 0, 0, , 0, 0, 0, 0, 0, 
293, 1, 294, 290, -1, 331, 224, 17.0, 13, ABalpppaapv, 3623, 0, 0, 0, , 0, 0, 0, 0, 0, 
294, 1, 295, 291, -1, 291, 261, 12.0, 13, ABalpppapad, 2493, 0, 0, 0, , 0, 0, 0, 0, 0, 
295, 1, 296, 292, -1, 294, 234, 11.0, 13, ABalpppapav, 4990, 0, 0, 0, , 0, 0, 0, 0, 0, 
296, 1, 297, 293, -1, 324, 209, 13.0, 15, ABalppaaapp, 4923, 0, 0, 0, , 0, 0, 0, 0, 0, 
297, 1, 298, 294, -1, 271, 259, 12.0, 15, ABplpaaaaap, 6721, 0, 0, 0, , 0, 0, 0, 0, 0, 
298, 1, 299, 295, -1, 295, 198, 16.0, 11, ABalppapppaa, 2163, 0, 0, 0, , 0, 0, 0, 0, 0, 
299, 1, 300, 296, -1, 282, 210, 15.0, 11, ABalppapppap, 3331, 0, 0, 0, , 0, 0, 0, 0, 0, 
300, 0, 301, -1, -1, 309, 280, 18.0, 11, , 3266, 0, 0, 0, , 0, 0, 0, 0, 0, 
301, 1, 302, 298, -1, 259, 208, 16.0, 15, ABalpapapaa, 11419, 0, 0, 0, , 0, 0, 0, 0, 0, 
302, 0, 303, -1, -1, 312, 203, 11.0, 9, , 1106, 0, 0, 0, , 0, 0, 0, 0, 0, 
303, 1, 304, 300, -1, 318, 177, 16.0, 13, ABplaappaa, 5332, 0, 0, 0, , 0, 0, 0, 0, 0, 
304, 1, 305, 301, -1, 316, 245, 12.0, 13, ABalppapaaa, 4605, 0, 0, 0, , 0, 0, 0, 0, 0, 
305, 1, 306, 302, -1, 306, 174, 17.0, 11, ABalpapaapp, 2220, 0, 0, 0, , 0, 0, 0, 0, 0, 
306, 0, 307, -1, -1, 260, 206, 12.0, 11, , 4625, 0, 0, 0, , 0, 0, 0, 0, 0, 
307, 1, 308, 304, -1, 288, 228, 18.0, 11, ABalpaaaapa, 4351, 0, 0, 0, , 0, 0, 0, 0, 0, 
308, 1, 309, 305, -1, 275, 235, 18.0, 11, ABalpaaaaap, 3713, 0, 0, 0, , 0, 0, 0, 0, 0, 
309, 0, 310, -1, -1, 253, 241, 26.0, 15, , 6491, 0, 0, 0, , 0, 0, 0, 0, 0, 
310, 1, 311, 307, -1, 298, 259, 17.0, 11, MSapapap, 3371, 0, 0, 0, , 0, 0, 0, 0, 0, 
311, 1, 312, 308, -1, 298, 279, 23.0, 15, ABalpaapapa, 4476, 0, 0, 0, , 0, 0, 0, 0, 0, 
312, 1, 313, 309, -1, 265, 230, 20.0, 11, ABalpaaaapp, 8366, 0, 0, 0, , 0, 0, 0, 0, 0, 
313, 1, 314, 310, -1, 304, 221, 20.0, 14, ABalpaaaaaa, 2815, 0, 0, 0, , 0, 0, 0, 0, 0, 
314, 0, 315, -1, -1, 258, 242, 24.0, 9, , 679, 0, 0, 0, , 0, 0, 0, 0, 0, 
315, 1, 316, 312, -1, 348, 228, 18.0, 15, ABalpaapppp, 4195, 0, 0, 0, , 0, 0, 0, 0, 0, 
316, 1, 317, 313, -1, 331, 205, 21.0, 13, ABalpaappaa, 7158, 0, 0, 0, , 0, 0, 0, 0, 0, 
317, 0, 318, -1, -1, 310, 229, 22.0, 13, , 3081, 0, 0, 0, , 0, 0, 0, 0, 0, 
318, 0, 319, -1, -1, 271, 225, 16.0, 11, , 4580, 0, 0, 0, , 0, 0, 0, 0, 0, 
319, 1, 320, 316, -1, 124, 339, 21.0, 17, Ealpp, 9513, 0, 0, 0, , 0, 0, 0, 0, 0, 
320, 1, 321, 317, -1, 196, 309, 21.0, 17, Ealpa, 7158, 0, 0, 0, , 0, 0, 0, 0, 0, 
321, 1, 322, 318, -1, 245, 340, 23.0, 17, Dapap, 6480, 0, 0, 0, , 0, 0, 0, 0, 0, 
322, 1, 323, 319, -1, 225, 274, 14.0, 13, Dapaa, 4245, 0, 0, 0, , 0, 0, 0, 0, 0, 
323, 1, 324, 320, -1, 238, 295, 20.0, 15, MSaapaapp, 5325, 0, 0, 0, , 0, 0, 0, 0, 0, 
324, 1, 325, 321, -1, 239, 275, 17.0, 14, MSaapaapaa, 773, 0, 0, 0, , 0, 0, 0, 0, 0, 
325, 1, 326, 322, -1, 236, 288, 17.0, 13, MSaapaapap, 2605, 0, 0, 0, , 0, 0, 0, 0, 0, 
326, 1, 327, 689, -1, 218, 270, 33.0, 14, ABarpppapp, 1591, 0, 0, 0, , 0, 0, 0, 0, 0, 
327, 1, 328, 323, -1, 253, 263, 12.0, 13, ABplppaapap, 5989, 0, 0, 0, , 0, 0, 0, 0, 0, 
328, 0, -1, -1, -1, 282, 264, 9.0, 11, , 941, 0, 0, 0, , 0, 0, 0, 0, 0, 
329, 1, 330, 324, -1, 337, 268, 20.0, 13, ABalaaaalar, 3267, 0, 0, 0, , 0, 0, 0, 0, 0, 
330, 1, 331, 325, -1, 326, 245, 18.0, 11, ABalapaappp, 5617, 0, 0, 0, , 0, 0, 0, 0, 0, 
331, 1, 332, 326, -1, 280, 216, 35.0, 13, ABalaaapprr, 4442, 0, 0, 0, , 0, 0, 0, 0, 0, 
332, 1, 333, 327, -1, 305, 174, 25.0, 11, ABalaaapprl, 3378, 0, 0, 0, , 0, 0, 0, 0, 0, 
333, 1, 334, 328, -1, 96, 354, 27.0, 15, Cppppaa, 2589, 0, 0, 0, , 0, 0, 0, 0, 0, 
334, 0, 335, -1, -1, 91, 350, 27.0, 15, , 2501, 0, 0, 0, , 0, 0, 0, 0, 0, 
335, 1, 336, 330, -1, 65, 309, 25.0, 17, Cppppap, 4693, 0, 0, 0, , 0, 0, 0, 0, 0, 
336, 0, 338, -1, -1, 105, 338, 27.0, 17, , 5812, 0, 0, 0, , 0, 0, 0, 0, 0, 
337, 1, 339, 332, -1, 213, 238, 13.0, 13, ABplppapaaa, 6641, 0, 0, 0, , 0, 0, 0, 0, 0, 
338, 1, 340, 333, -1, 316, 304, 22.0, 13, ABalaaaalal, 3719, 0, 0, 0, , 0, 0, 0, 0, 0, 
339, 0, 341, -1, -1, 282, 167, 22.0, 11, , 3210, 0, 0, 0, , 0, 0, 0, 0, 0, 
340, 1, 342, 335, -1, 164, 289, 25.0, 15, MSpappap, 4624, 0, 0, 0, , 0, 0, 0, 0, 0, 
341, 1, 343, 336, -1, 239, 292, 31.0, 15, MSpaapapa, 4715, 0, 0, 0, , 0, 0, 0, 0, 0, 
342, 1, 344, 337, -1, 79, 250, 23.0, 13, Cpppppd, 3958, 0, 0, 0, , 0, 0, 0, 0, 0, 
343, 1, 345, 338, -1, 301, 306, 18.0, 11, ABplapaaaaa, 4205, 0, 0, 0, , 0, 0, 0, 0, 0, 
344, 1, 346, 339, -1, 208, 281, 22.0, 13, MSaappaa, 3164, 0, 0, 0, , 0, 0, 0, 0, 0, 
345, 1, 347, 340, -1, 316, 234, 10.0, 11, ABalaaaalpa, 3653, 0, 0, 0, , 0, 0, 0, 0, 0, 
346, 0, 348, -1, -1, 358, 229, 23.0, 13, , 1671, 0, 0, 0, , 0, 0, 0, 0, 0, 
347, 1, 349, 342, -1, 366, 232, 20.0, 13, ABplaaaaaaa, 4335, 0, 0, 0, , 0, 0, 0, 0, 0, 
348, 1, 350, 343, -1, 267, 265, 20.0, 11, ABalpaaappp, 5406, 0, 0, 0, , 0, 0, 0, 0, 0, 
349, 1, 351, 344, -1, 278, 256, 18.0, 13, ABalpapppaa, 5866, 0, 0, 0, , 0, 0, 0, 0, 0, 
350, 1, 352, 345, -1, 202, 293, 18.0, 17, Ealaad, 8706, 0, 0, 0, , 0, 0, 0, 0, 0, 
351, 1, 353, 346, -1, 303, 195, 21.0, 11, ABarappaapp, 5718, 0, 0, 0, , 0, 0, 0, 0, 0, 
352, 1, 354, 722, -1, 225, 277, 29.0, 17, MSpapaapp, 24602, 0, 0, 0, , 0, 0, 0, 0, 0, 
353, 1, 355, 347, -1, 215, 253, 25.0, 11, MSpapaapaa, 3096, 0, 0, 0, , 0, 0, 0, 0, 0, 
354, 1, 356, 348, -1, 223, 267, 27.0, 11, MSpapaapap, 3069, 0, 0, 0, , 0, 0, 0, 0, 0, 
355, 0, 357, -1, -1, 265, 193, 35.0, 11, , 1014, 0, 0, 0, , 0, 0, 0, 0, 0, 
356, 1, 358, 350, -1, 360, 207, 30.0, 13, ABalaaapplr, 3215, 0, 0, 0, , 0, 0, 0, 0, 0, 
357, 1, 359, 351, -1, 313, 300, 27.0, 17, MSappppp, 8694, 0, 0, 0, , 0, 0, 0, 0, 0, 
358, 1, 360, 352, -1, 292, 276, 20.0, 17, ABalpaapapp, 6209, 0, 0, 0, , 0, 0, 0, 0, 0, 
359, 0, 361, -1, -1, 247, 234, 22.0, 11, , 2131, 0, 0, 0, , 0, 0, 0, 0, 0, 
360, 1, 362, 354, -1, 193, 216, 22.0, 15, MSpapppaa, 4655, 0, 0, 0, , 0, 0, 0, 0, 0, 
361, 0, -1, -1, -1, 201, 231, 25.0, 17, , 4068, 0, 0, 0, , 0, 0, 0, 0, 0, 
362, 1, 364, 356, -1, 270, 213, 31.0, 13, ABprpaapaaa, 5139, 0, 0, 0, , 0, 0, 0, 0, 0, 
363, 1, 365, 357, -1, 280, 273, 10.0, 13, ABalpppppppp, 2848, 0, 0, 0, , 0, 0, 0, 0, 0, 
364, 1, 366, 358, -1, 129, 213, 13.0, 11, Caapap, 5742, 0, 0, 0, , 0, 0, 0, 0, 0, 
365, 1, 367, 359, -1, 342, 213, 25.0, 14, ABarpaaaaal, 3042, 0, 0, 0, , 0, 0, 0, 0, 0, 
366, 1, 368, 360, -1, 119, 224, 19.0, 13, ABprppppppa, 4450, 0, 0, 0, , 0, 0, 0, 0, 0, 
367, 0, 369, -1, -1, 268, 176, 20.0, 13, , 1880, 0, 0, 0, , 0, 0, 0, 0, 0, 
368, 1, 370, 362, -1, 314, 290, 24.0, 11, MSapappa, 3004, 0, 0, 0, , 0, 0, 0, 0, 0, 
369, 1, 371, 363, -1, 337, 231, 33.0, 19, MSppappp, 5628, 0, 0, 0, , 0, 0, 0, 0, 0, 
370, 1, 372, 364, -1, 125, 237, 14.0, 15, Cappppd, 1903, 0, 0, 0, , 0, 0, 0, 0, 0, 
371, 1, 373, 365, -1, 241, 299, 27.0, 11, MSaaaappp, 3633, 0, 0, 0, , 0, 0, 0, 0, 0, 
372, 1, 374, 366, -1, 97, 286, 10.0, 11, ABplapppaap, 4244, 0, 0, 0, , 0, 0, 0, 0, 0, 
373, 1, 375, 706, -1, 216, 274, 26.0, 11, MSpapapap, 888, 0, 0, 0, , 0, 0, 0, 0, 0, 
374, 1, 376, 368, -1, 168, 314, 13.0, 15, Capaapa, 10448, 0, 0, 0, , 0, 0, 0, 0, 0, 
375, 1, 377, 369, -1, 227, 185, 31.0, 13, ABpraaappppp, 2923, 0, 0, 0, , 0, 0, 0, 0, 0, 
376, 1, 378, 370, -1, 294, 286, 12.0, 17, ABalpppppppa, 4535, 0, 0, 0, , 0, 0, 0, 0, 0, 
377, 1, 379, 371, -1, 315, 263, 16.0, 13, ABplpaapaaa, 6934, 0, 0, 0, , 0, 0, 0, 0, 0, 
378, 0, 380, -1, -1, 292, 246, 35.0, 11, , 816, 0, 0, 0, , 0, 0, 0, 0, 0, 
379, 1, 381, 373, -1, 216, 251, 22.0, 15, ABarapapapp, 6357, 0, 0, 0, , 0, 0, 0, 0, 0, 
380, 1, 382, 374, -1, 209, 263, 14.0, 11, MSaapppap, 3737, 0, 0, 0, , 0, 0, 0, 0, 0, 
381, 0, 383, -1, -1, 257, 295, 16.0, 15, , 1597, 0, 0, 0, , 0, 0, 0, 0, 0, 
382, 1, 384, 701, -1, 225, 257, 13.0, 15, MSaapppaa, 2304, 0, 0, 0, , 0, 0, 0, 0, 0, 
383, 1, 385, 377, -1, 196, 242, 12.0, 11, ABalpapappa, 6849, 0, 0, 0, , 0, 0, 0, 0, 0, 
384, 0, 386, -1, -1, 179, 316, 24.0, 11, , 788, 0, 0, 0, , 0, 0, 0, 0, 0, 
385, 1, 387, 736, -1, 192, 248, 15.0, 13, ABplpaaaapp, 1964, 0, 0, 0, , 0, 0, 0, 0, 0, 
386, 0, 388, -1, -1, 254, 292, 15.0, 17, , 3256, 0, 0, 0, , 0, 0, 0, 0, 0, 
387, 1, 389, 380, -1, 253, 239, 20.0, 11, ABalpappppa, 2224, 0, 0, 0, , 0, 0, 0, 0, 0, 
388, 0, 390, -1, -1, 244, 172, 18.0, 11, , 3082, 0, 0, 0, , 0, 0, 0, 0, 0, 
389, 1, 391, 382, -1, 103, 243, 18.0, 11, ABprpappppp, 4325, 0, 0, 0, , 0, 0, 0, 0, 0, 
390, 1, 392, 383, -1, 244, 216, 13.0, 13, ABplpaapppa, 6095, 0, 0, 0, , 0, 0, 0, 0, 0, 
391, 0, 393, -1, -1, 312, 273, 14.0, 11, , 1213, 0, 0, 0, , 0, 0, 0, 0, 0, 
392, 1, 394, 385, -1, 346, 232, 30.0, 9, ABalapppapp, 827, 0, 0, 0, , 0, 0, 0, 0, 0, 
393, 1, 395, 386, -1, 240, 194, 24.0, 15, MSppppaa, 4048, 0, 0, 0, , 0, 0, 0, 0, 0, 
394, 1, 396, 387, -1, 299, 261, 14.0, 11, ABalapaapaa, 3883, 0, 0, 0, , 0, 0, 0, 0, 0, 
395, 1, 397, 388, -1, 311, 250, 27.0, 13, ABaraappaaa, 4369, 0, 0, 0, , 0, 0, 0, 0, 0, 
396, 1, 398, 389, -1, 285, 280, 15.0, 15, ABalpppppap, 5047, 0, 0, 0, , 0, 0, 0, 0, 0, 
397, 1, 399, 390, -1, 307, 229, 14.0, 15, ABalppappap, 6825, 0, 0, 0, , 0, 0, 0, 0, 0, 
398, 0, 400, -1, -1, 324, 295, 21.0, 13, , 2664, 0, 0, 0, , 0, 0, 0, 0, 0, 
399, 1, 401, 392, -1, 271, 247, 10.0, 15, ABplppaaaaa, 5806, 0, 0, 0, , 0, 0, 0, 0, 0, 
400, 1, 402, 393, -1, 276, 213, 23.0, 15, ABarapaaapa, 6720, 0, 0, 0, , 0, 0, 0, 0, 0, 
401, 1, 403, 394, -1, 302, 235, 27.0, 17, ABaraappaap, 5576, 0, 0, 0, , 0, 0, 0, 0, 0, 
402, 0, 404, -1, -1, 276, 257, 33.0, 15, , 1242, 0, 0, 0, , 0, 0, 0, 0, 0, 
403, 0, 405, -1, -1, 198, 306, 29.0, 13, , 1184, 0, 0, 0, , 0, 0, 0, 0, 0, 
404, 1, 406, 397, -1, 315, 224, 16.0, 13, ABalpapaaaa, 7498, 0, 0, 0, , 0, 0, 0, 0, 0, 
405, 1, 407, 398, -1, 93, 245, 30.0, 13, Caappd, 3278, 0, 0, 0, , 0, 0, 0, 0, 0, 
406, 0, 408, -1, -1, 253, 254, 29.0, 19, , 13943, 0, 0, 0, , 0, 0, 0, 0, 0, 
407, 1, 409, 400, -1, 275, 234, 33.0, 13, ABarpppaaa, 3362, 0, 0, 0, , 0, 0, 0, 0, 0, 
408, 0, 410, -1, -1, 97, 334, 22.0, 17, , 8571, 0, 0, 0, , 0, 0, 0, 0, 0, 
409, 1, 411, 402, -1, 322, 239, 16.0, 9, ABalapaappa, 1592, 0, 0, 0, , 0, 0, 0, 0, 0, 
410, 1, 412, 403, -1, 293, 233, 36.0, 13, ABalappapap, 3709, 0, 0, 0, , 0, 0, 0, 0, 0, 
411, 1, 413, 404, -1, 314, 219, 10.0, 13, ABplaappap, 3381, 0, 0, 0, , 0, 0, 0, 0, 0, 
412, 1, 414, 405, -1, 213, 221, 14.0, 15, ABplppaappa, 5611, 0, 0, 0, , 0, 0, 0, 0, 0, 
413, 1, 415, 406, -1, 227, 183, 18.0, 14, ABarappappp, 5535, 0, 0, 0, , 0, 0, 0, 0, 0, 
414, 1, 416, 407, -1, 87, 321, 12.0, 17, Cpapap, 6336, 0, 0, 0, , 0, 0, 0, 0, 0, 
415, 1, 417, 408, -1, 239, 205, 16.0, 15, ABplpaaaapa, 7012, 0, 0, 0, , 0, 0, 0, 0, 0, 
416, 1, 418, 409, -1, 302, 196, 11.0, 13, ABplpaaapap, 4419, 0, 0, 0, , 0, 0, 0, 0, 0, 
417, 1, 419, 410, -1, 267, 285, 21.0, 14, ABaraapapaa, 5541, 0, 0, 0, , 0, 0, 0, 0, 0, 
418, 1, 420, 411, -1, 354, 259, 25.0, 13, MSapappp, 2743, 0, 0, 0, , 0, 0, 0, 0, 0, 
419, 1, 421, 412, -1, 138, 230, 27.0, 17, ABprpppaapp, 5404, 0, 0, 0, , 0, 0, 0, 0, 0, 
420, 1, 422, 413, -1, 148, 248, 15.0, 13, ABplppppapa, 4473, 0, 0, 0, , 0, 0, 0, 0, 0, 
421, 1, 423, 414, -1, 193, 228, 18.0, 15, ABprpapppap, 4096, 0, 0, 0, , 0, 0, 0, 0, 0, 
422, 0, 424, -1, -1, 212, 322, 29.0, 19, , 5824, 0, 0, 0, , 0, 0, 0, 0, 0, 
423, 0, 425, -1, -1, 209, 218, 20.0, 13, , 1724, 0, 0, 0, , 0, 0, 0, 0, 0, 
424, 0, -1, -1, -1, 255, 205, 32.0, 11, , 1545, 0, 0, 0, , 0, 0, 0, 0, 0, 
425, 1, 728, 418, -1, 263, 199, 32.0, 13, ABpraaaapppa, 2103, 0, 0, 0, , 0, 0, 0, 0, 0, 
426, 1, 427, 419, -1, 253, 296, 12.0, 9, ABplaapppp, 2931, 0, 0, 0, , 0, 0, 0, 0, 0, 
427, 1, 428, 420, -1, 290, 260, 31.0, 13, MSpaaaapa, 4771, 0, 0, 0, , 0, 0, 0, 0, 0, 
428, 1, 429, 421, -1, 162, 341, 27.0, 19, Epraa, 5536, 0, 0, 0, , 0, 0, 0, 0, 0, 
429, 1, 430, 422, -1, 327, 279, 19.0, 13, ABalaaapall, 3661, 0, 0, 0, , 0, 0, 0, 0, 0, 
430, 1, 431, 423, -1, 266, 234, 29.0, 13, ABarapaappa, 5369, 0, 0, 0, , 0, 0, 0, 0, 0, 
431, 0, 432, -1, -1, 328, 175, 28.0, 11, , 2977, 0, 0, 0, , 0, 0, 0, 0, 0, 
432, 1, 433, 425, -1, 254, 335, 26.0, 17, Dappap, 4216, 0, 0, 0, , 0, 0, 0, 0, 0, 
433, 1, 434, 426, -1, 362, 248, 22.0, 13, ABplaaaaaap, 4648, 0, 0, 0, , 0, 0, 0, 0, 0, 
434, 1, 435, 427, -1, 190, 337, 25.0, 17, Earap, 7227, 0, 0, 0, , 0, 0, 0, 0, 0, 
435, 1, 436, 428, -1, 332, 225, 31.0, 15, ABarpapaaaa, 3884, 0, 0, 0, , 0, 0, 0, 0, 0, 
436, 0, 437, -1, -1, 131, 319, 15.0, 13, , 1132, 0, 0, 0, , 0, 0, 0, 0, 0, 
437, 0, 438, -1, -1, 148, 343, 25.0, 17, , 12110, 0, 0, 0, , 0, 0, 0, 0, 0, 
438, 0, 439, -1, -1, 284, 193, 29.0, 9, , 558, 0, 0, 0, , 0, 0, 0, 0, 0, 
439, 0, 440, -1, -1, 110, 245, 31.0, 13, , 4435, 0, 0, 0, , 0, 0, 0, 0, 0, 
440, 0, 441, -1, -1, 339, 253, 14.0, 11, , 2027, 0, 0, 0, , 0, 0, 0, 0, 0, 
441, 1, 737, 434, -1, 328, 262, 15.0, 13, ABplaapaapp, 4352, 0, 0, 0, , 0, 0, 0, 0, 0, 
442, 1, 443, 435, -1, 253, 207, 23.0, 13, MSppaaaav, 2978, 0, 0, 0, , 0, 0, 0, 0, 0, 
443, 1, 444, 436, -1, 298, 246, 29.0, 15, ABaraappapa, 5765, 0, 0, 0, , 0, 0, 0, 0, 0, 
444, 1, 445, 437, -1, 88, 246, 14.0, 13, ABplapappppa, 2844, 0, 0, 0, , 0, 0, 0, 0, 0, 
445, 1, 446, 438, -1, 92, 263, 11.0, 15, ABplapappppp, 2946, 0, 0, 0, , 0, 0, 0, 0, 0, 
446, 1, 447, 439, -1, 244, 258, 23.0, 13, ABarapapaaa, 3661, 0, 0, 0, , 0, 0, 0, 0, 0, 
447, 1, 448, 440, -1, 81, 320, 30.0, 21, Cpppapa, 12518, 0, 0, 0, , 0, 0, 0, 0, 0, 
448, 1, 449, 441, -1, 346, 264, 17.0, 13, ABalapaaapp, 3584, 0, 0, 0, , 0, 0, 0, 0, 0, 
449, 0, 450, -1, -1, 262, 234, 24.0, 13, , 3791, 0, 0, 0, , 0, 0, 0, 0, 0, 
450, 1, 451, 443, -1, 323, 227, 33.0, 11, ABarpapaappp, 1817, 0, 0, 0, , 0, 0, 0, 0, 0, 
451, 1, 452, 444, -1, 309, 293, 20.0, 13, ABalapaaaaa, 4489, 0, 0, 0, , 0, 0, 0, 0, 0, 
452, 1, 453, 445, -1, 199, 268, 28.0, 15, MSppapaa, 7530, 0, 0, 0, , 0, 0, 0, 0, 0, 
453, 1, 454, 446, -1, 269, 178, 13.0, 11, ABarappaaap, 6309, 0, 0, 0, , 0, 0, 0, 0, 0, 
454, 0, 455, -1, -1, 335, 193, 33.0, 11, , 1267, 0, 0, 0, , 0, 0, 0, 0, 0, 
455, 0, 456, -1, -1, 99, 309, 25.0, 15, , 4189, 0, 0, 0, , 0, 0, 0, 0, 0, 
456, 1, 457, 449, -1, 227, 303, 29.0, 13, MSpaapapp, 2979, 0, 0, 0, , 0, 0, 0, 0, 0, 
457, 1, 458, 450, -1, 299, 212, 15.0, 13, ABalppapppp, 4336, 0, 0, 0, , 0, 0, 0, 0, 0, 
458, 1, 459, 451, -1, 315, 194, 15.0, 11, ABplpaaapaa, 2744, 0, 0, 0, , 0, 0, 0, 0, 0, 
459, 0, 460, -1, -1, 72, 302, 14.0, 19, , 5412, 0, 0, 0, , 0, 0, 0, 0, 0, 
460, 1, 461, 453, -1, 368, 213, 23.0, 14, ABplaaaapa, 3827, 0, 0, 0, , 0, 0, 0, 0, 0, 
461, 0, 462, -1, -1, 209, 303, 14.0, 11, , 2272, 0, 0, 0, , 0, 0, 0, 0, 0, 
462, 1, 463, 455, -1, 220, 302, 15.0, 15, MSapapaa, 4214, 0, 0, 0, , 0, 0, 0, 0, 0, 
463, 1, 464, 456, -1, 272, 155, 25.0, 13, ABpraappap, 2899, 0, 0, 0, , 0, 0, 0, 0, 0, 
464, 0, 465, -1, -1, 285, 261, 25.0, 14, , 2784, 0, 0, 0, , 0, 0, 0, 0, 0, 
465, 1, 466, 458, -1, 297, 258, 20.0, 13, ABalpaaapaa, 4022, 0, 0, 0, , 0, 0, 0, 0, 0, 
466, 0, 467, -1, -1, 219, 344, 17.0, 19, , 59679, 0, 0, 0, , 0, 0, 0, 0, 0, 
467, 0, 468, -1, -1, 199, 315, 25.0, 11, , 818, 0, 0, 0, , 0, 0, 0, 0, 0, 
468, 0, 469, -1, -1, 136, 224, 12.0, 11, , 2881, 0, 0, 0, , 0, 0, 0, 0, 0, 
469, 1, 470, 462, -1, 354, 252, 19.0, 13, ABalapapppp, 1809, 0, 0, 0, , 0, 0, 0, 0, 0, 
470, 1, 471, 463, -1, 266, 186, 18.0, 11, ABarapppppap, 1392, 0, 0, 0, , 0, 0, 0, 0, 0, 
471, 0, 472, -1, -1, 262, 217, 10.0, 11, , 9994, 0, 0, 0, , 0, 0, 0, 0, 0, 
472, 0, 473, -1, -1, 106, 249, 10.0, 11, , 1673, 0, 0, 0, , 0, 0, 0, 0, 0, 
473, 1, 474, 466, -1, 101, 300, 11.0, 13, ABarppappp, 4201, 0, 0, 0, , 0, 0, 0, 0, 0, 
474, 1, 475, 467, -1, 352, 239, 25.0, 15, ABalapappap, 4915, 0, 0, 0, , 0, 0, 0, 0, 0, 
475, 0, 476, -1, -1, 301, 210, 33.0, 9, , 556, 0, 0, 0, , 0, 0, 0, 0, 0, 
476, 0, 476, -1, -1, 295, 218, 33.0, 11, , 3128, 0, 0, 0, , 0, 0, 0, 0, 0, 
477, 1, 477, 470, -1, 304, 265, 29.0, 11, MSaaaaapaa, 3277, 0, 0, 0, , 0, 0, 0, 0, 0, 
478, 1, 478, 471, -1, 277, 198, 19.0, 13, ABplpappaaa, 4592, 0, 0, 0, , 0, 0, 0, 0, 0, 
479, 0, 479, -1, -1, 253, 279, 11.0, 13, , 5993, 0, 0, 0, , 0, 0, 0, 0, 0, 
480, 0, 480, -1, -1, 228, 219, 17.0, 11, , 2599, 0, 0, 0, , 0, 0, 0, 0, 0, 
481, 0, 481, -1, -1, 242, 214, 33.0, 13, , 2945, 0, 0, 0, , 0, 0, 0, 0, 0, 
482, 1, 482, 475, -1, 337, 274, 14.0, 17, ABplaaappp, 5093, 0, 0, 0, , 0, 0, 0, 0, 0, 
483, 1, 483, 476, -1, 224, 330, 22.0, 17, Ealaav, 13214, 0, 0, 0, , 0, 0, 0, 0, 0, 
484, 0, 484, -1, -1, 136, 342, 26.0, 23, , 19086, 0, 0, 0, , 0, 0, 0, 0, 0, 
485, 0, 485, -1, -1, 251, 174, 33.0, 9, , 554, 0, 0, 0, , 0, 0, 0, 0, 0, 
486, 1, 486, 480, -1, 243, 259, 14.0, 17, Daaaa, 3138, 0, 0, 0, , 0, 0, 0, 0, 0, 
487, 0, 487, -1, -1, 227, 213, 14.0, 13, , 2454, 0, 0, 0, , 0, 0, 0, 0, 0, 
488, 1, 488, 482, -1, 330, 216, 14.0, 15, ABalaaapalr, 3442, 0, 0, 0, , 0, 0, 0, 0, 0, 
489, 1, 489, 483, -1, 266, 220, 22.0, 13, ABarapaaaap, 6507, 0, 0, 0, , 0, 0, 0, 0, 0, 
490, 1, 490, 484, -1, 238, 222, 32.0, 11, ABpraapapppa, 2111, 0, 0, 0, , 0, 0, 0, 0, 0, 
491, 1, 491, 485, -1, 252, 312, 13.0, 15, ABarppapaa, 6267, 0, 0, 0, , 0, 0, 0, 0, 0, 
492, 1, 492, 486, -1, 241, 195, 12.0, 13, ABalpapapapp, 3510, 0, 0, 0, , 0, 0, 0, 0, 0, 
493, 1, 493, 487, -1, 254, 183, 13.0, 13, ABalpapapapa, 3105, 0, 0, 0, , 0, 0, 0, 0, 0, 
494, 0, 494, -1, -1, 251, 293, 10.0, 14, , 2640, 0, 0, 0, , 0, 0, 0, 0, 0, 
495, 1, 495, 489, -1, 109, 296, 15.0, 11, MSappaap, 2406, 0, 0, 0, , 0, 0, 0, 0, 0, 
496, 1, 496, 490, -1, 262, 332, 18.0, 17, Cpaaaa, 2677, 0, 0, 0, , 0, 0, 0, 0, 0, 
497, 1, 497, 491, -1, 236, 199, 33.0, 14, ABpraaappppa, 4674, 0, 0, 0, , 0, 0, 0, 0, 0, 
498, 0, 498, -1, -1, 290, 176, 33.0, 19, , 6135, 0, 0, 0, , 0, 0, 0, 0, 0, 
499, 1, 499, 493, -1, 216, 225, 18.0, 13, ABplpappaap, 1016, 0, 0, 0, , 0, 0, 0, 0, 0, 
500, 1, 500, 494, -1, 219, 209, 20.0, 15, ABprpapapap, 3893, 0, 0, 0, , 0, 0, 0, 0, 0, 
501, 1, 501, 495, -1, 308, 194, 30.0, 13, ABpraaaaapd, 4485, 0, 0, 0, , 0, 0, 0, 0, 0, 
502, 1, 502, 496, -1, 282, 279, 22.0, 13, MSaaapaap, 3095, 0, 0, 0, , 0, 0, 0, 0, 0, 
503, 0, 503, -1, -1, 132, 226, 16.0, 9, , 881, 0, 0, 0, , 0, 0, 0, 0, 0, 
504, 0, 504, -1, -1, 312, 250, 10.0, 13, , 2597, 0, 0, 0, , 0, 0, 0, 0, 0, 
505, 1, 505, 499, -1, 355, 209, 15.0, 13, ABalaaaarla, 4214, 0, 0, 0, , 0, 0, 0, 0, 0, 
506, 1, 506, 500, -1, 100, 241, 27.0, 13, ABprapappppa, 1682, 0, 0, 0, , 0, 0, 0, 0, 0, 
507, 1, 507, 501, -1, 235, 181, 15.0, 13, ABarappapapp, 3460, 0, 0, 0, , 0, 0, 0, 0, 0, 
508, 1, 508, 502, -1, 252, 175, 15.0, 15, ABarappapapa, 4059, 0, 0, 0, , 0, 0, 0, 0, 0, 
509, 0, 509, -1, -1, 122, 310, 16.0, 14, , 4142, 0, 0, 0, , 0, 0, 0, 0, 0, 
510, 1, 510, 504, -1, 250, 169, 21.0, 11, MSpppapp, 847, 0, 0, 0, , 0, 0, 0, 0, 0, 
511, 0, 511, -1, -1, 294, 211, 32.0, 17, , 5556, 0, 0, 0, , 0, 0, 0, 0, 0, 
512, 0, 512, -1, -1, 156, 346, 21.0, 11, , 530, 0, 0, 0, , 0, 0, 0, 0, 0, 
513, 1, 513, 507, -1, 167, 364, 21.0, 17, Capapaa, 5899, 0, 0, 0, , 0, 0, 0, 0, 0, 
514, 0, 514, -1, -1, 199, 298, 28.0, 19, , 5223, 0, 0, 0, , 0, 0, 0, 0, 0, 
515, 1, 515, 509, -1, 274, 307, 18.0, 13, ABplapaaaapp, 4010, 0, 0, 0, , 0, 0, 0, 0, 0, 
516, 1, 516, 510, -1, 262, 184, 24.0, 13, ABprpaaappap, 3093, 0, 0, 0, , 0, 0, 0, 0, 0, 
517, 1, 517, 511, -1, 281, 180, 25.0, 13, ABprpaaappaa, 2572, 0, 0, 0, , 0, 0, 0, 0, 0, 
518, 0, 518, -1, -1, 296, 171, 21.0, 17, , 5083, 0, 0, 0, , 0, 0, 0, 0, 0, 
519, 1, 519, 513, -1, 271, 250, 20.0, 13, ABalpappppp, 3250, 0, 0, 0, , 0, 0, 0, 0, 0, 
520, 0, 520, -1, -1, 189, 339, 23.0, 19, , 4480, 0, 0, 0, , 0, 0, 0, 0, 0, 
521, 1, 521, 515, -1, 199, 317, 27.0, 15, Earpa, 4197, 0, 0, 0, , 0, 0, 0, 0, 0, 
522, 0, 522, -1, -1, 221, 315, 27.0, 9, , 393, 0, 0, 0, , 0, 0, 0, 0, 0, 
523, 1, 523, 517, -1, 246, 226, 35.0, 17, ABarpppaap, 3508, 0, 0, 0, , 0, 0, 0, 0, 0, 
524, 1, 524, 518, -1, 224, 352, 25.0, 15, Dapppa, 4513, 0, 0, 0, , 0, 0, 0, 0, 0, 
525, 1, 525, 519, -1, 295, 187, 15.0, 11, ABalppapaap, 4890, 0, 0, 0, , 0, 0, 0, 0, 0, 
526, 1, 526, 520, -1, 167, 283, 21.0, 13, ABplpapappp, 2886, 0, 0, 0, , 0, 0, 0, 0, 0, 
527, 0, 527, -1, -1, 124, 291, 29.0, 15, , 5223, 0, 0, 0, , 0, 0, 0, 0, 0, 
528, 0, 528, -1, -1, 84, 308, 24.0, 13, , 1091, 0, 0, 0, , 0, 0, 0, 0, 0, 
529, 0, 529, -1, -1, 252, 219, 31.0, 11, , 2006, 0, 0, 0, , 0, 0, 0, 0, 0, 
530, 1, 530, 524, -1, 313, 254, 14.0, 13, ABalppappaa, 2087, 0, 0, 0, , 0, 0, 0, 0, 0, 
531, 1, 531, 525, -1, 142, 298, 25.0, 17, Z2, 2490, 0, 0, 0, , 0, 0, 0, 0, 0, 
532, 0, 532, -1, -1, 171, 311, 23.0, 11, , 1145, 0, 0, 0, , 0, 0, 0, 0, 0, 
533, 1, 533, 527, -1, 126, 349, 33.0, 19, Cppapap, 5455, 0, 0, 0, , 0, 0, 0, 0, 0, 
534, 1, 534, 528, -1, 350, 256, 22.0, 11, ABplaaaaapp, 669, 0, 0, 0, , 0, 0, 0, 0, 0, 
535, 1, 535, 529, -1, 257, 166, 18.0, 13, ABprpaapapp, 6698, 0, 0, 0, , 0, 0, 0, 0, 0, 
536, 0, 537, -1, -1, 333, 278, 32.0, 13, , 1743, 0, 0, 0, , 0, 0, 0, 0, 0, 
537, 0, 538, -1, -1, 240, 287, 13.0, 11, , 3269, 0, 0, 0, , 0, 0, 0, 0, 0, 
538, 1, 539, 532, -1, 320, 282, 13.0, 13, ABalpppapppp, 3987, 0, 0, 0, , 0, 0, 0, 0, 0, 
539, 1, 540, 533, -1, 228, 242, 33.0, 11, ABpraapapppp, 2691, 0, 0, 0, , 0, 0, 0, 0, 0, 
540, 1, 541, 534, -1, 233, 265, 31.0, 11, MSpapappa, 651, 0, 0, 0, , 0, 0, 0, 0, 0, 
541, 1, 542, 535, -1, 191, 364, 25.0, 17, Dapppp, 4034, 0, 0, 0, , 0, 0, 0, 0, 0, 
542, 1, 543, 536, -1, 265, 210, 18.0, 11, ABprpapppaa, 2496, 0, 0, 0, , 0, 0, 0, 0, 0, 
543, 0, 544, -1, -1, 108, 223, 27.0, 11, , 8670, 0, 0, 0, , 0, 0, 0, 0, 0, 
544, 1, 545, 538, -1, 291, 244, 18.0, 13, ABalpappaapa, 3724, 0, 0, 0, , 0, 0, 0, 0, 0, 
545, 1, 546, 539, -1, 278, 247, 16.0, 13, ABalpappaapp, 4431, 0, 0, 0, , 0, 0, 0, 0, 0, 
546, 1, 547, 540, -1, 89, 288, 23.0, 21, Eprppp, 20390, 0, 0, 0, , 0, 0, 0, 0, 0, 
547, 0, 548, -1, -1, 197, 290, 18.0, 15, , 6708, 0, 0, 0, , 0, 0, 0, 0, 0, 
548, 0, 549, -1, -1, 261, 156, 26.0, 9, , 1799, 0, 0, 0, , 0, 0, 0, 0, 0, 
549, 0, 550, -1, -1, 263, 276, 27.0, 11, , 1507, 0, 0, 0, , 0, 0, 0, 0, 0, 
550, 0, 551, -1, -1, 297, 180, 23.0, 11, , 922, 0, 0, 0, , 0, 0, 0, 0, 0, 
551, 1, 552, 545, -1, 167, 321, 24.0, 13, Ealap, 3915, 0, 0, 0, , 0, 0, 0, 0, 0, 
552, 1, 553, 546, -1, 151, 346, 23.0, 23, Eplaa, 17613, 0, 0, 0, , 0, 0, 0, 0, 0, 
553, 1, 554, 547, -1, 175, 266, 17.0, 11, ABprpappapp, 1943, 0, 0, 0, , 0, 0, 0, 0, 0, 
554, 1, 555, 548, -1, 134, 215, 22.0, 15, Cpppppv, 12927, 0, 0, 0, , 0, 0, 0, 0, 0, 
555, 1, 137, 549, -1, 238, 192, 27.0, 11, ABpraaappaa, 3211, 0, 0, 0, , 0, 0, 0, 0, 0, 
556, 0, 557, -1, -1, 233, 249, 21.0, 15, , 14669, 0, 0, 0, , 0, 0, 0, 0, 0, 
557, 0, 558, -1, -1, 238, 336, 18.0, 15, , 8428, 0, 0, 0, , 0, 0, 0, 0, 0, 
558, 0, 559, -1, -1, 336, 249, 23.0, 9, , 418, 0, 0, 0, , 0, 0, 0, 0, 0, 
559, 0, 560, -1, -1, 264, 268, 35.0, 13, , 1025, 0, 0, 0, , 0, 0, 0, 0, 0, 
560, 1, 561, 554, -1, 139, 322, 15.0, 15, Capaapp, 12520, 0, 0, 0, , 0, 0, 0, 0, 0, 
561, 1, 562, 555, -1, 285, 267, 14.0, 13, ABalpppppaa, 2736, 0, 0, 0, , 0, 0, 0, 0, 0, 
562, 1, 563, 556, -1, 272, 176, 30.0, 13, ABalaapaaal, 4973, 0, 0, 0, , 0, 0, 0, 0, 0, 
563, 1, 564, 557, -1, 329, 202, 29.0, 13, ABalaaappll, 3401, 0, 0, 0, , 0, 0, 0, 0, 0, 
564, 0, 565, -1, -1, 316, 277, 29.0, 11, , 2061, 0, 0, 0, , 0, 0, 0, 0, 0, 
565, 1, 566, 559, -1, 93, 264, 17.0, 17, Eplppa, 25978, 0, 0, 0, , 0, 0, 0, 0, 0, 
566, 0, 567, -1, -1, 236, 161, 22.0, 9, , 1751, 0, 0, 0, , 0, 0, 0, 0, 0, 
567, 0, 568, -1, -1, 229, 168, 20.0, 15, , 2058, 0, 0, 0, , 0, 0, 0, 0, 0, 
568, 0, 569, -1, -1, 356, 222, 17.0, 13, , 4889, 0, 0, 0, , 0, 0, 0, 0, 0, 
569, 1, 570, 563, -1, 318, 205, 18.0, 13, ABalpaappap, 3380, 0, 0, 0, , 0, 0, 0, 0, 0, 
570, 1, 571, 564, -1, 97, 266, 22.0, 17, Eprppa, 6841, 0, 0, 0, , 0, 0, 0, 0, 0, 
571, 0, 572, -1, -1, 299, 189, 32.0, 11, , 4090, 0, 0, 0, , 0, 0, 0, 0, 0, 
572, 0, 573, -1, -1, 366, 247, 19.0, 11, , 1082, 0, 0, 0, , 0, 0, 0, 0, 0, 
573, 1, 574, 567, -1, 295, 214, 11.0, 17, ABplpaaappp, 6739, 0, 0, 0, , 0, 0, 0, 0, 0, 
574, 0, 576, -1, -1, 112, 218, 14.0, 13, , 4285, 0, 0, 0, , 0, 0, 0, 0, 0, 
575, 0, 577, -1, -1, 274, 243, 24.0, 9, , 677, 0, 0, 0, , 0, 0, 0, 0, 0, 
576, 1, 578, 570, -1, 294, 233, 33.0, 13, ABalapppppp, 4568, 0, 0, 0, , 0, 0, 0, 0, 0, 
577, 0, 579, -1, -1, 269, 159, 20.0, 9, , 907, 0, 0, 0, , 0, 0, 0, 0, 0, 
578, 1, 581, 572, -1, 285, 307, 14.0, 14, ABarppaaap, 4318, 0, 0, 0, , 0, 0, 0, 0, 0, 
579, 1, 582, 573, -1, 210, 211, 25.0, 17, Dpaaa, 3357, 0, 0, 0, , 0, 0, 0, 0, 0, 
580, 0, 583, -1, -1, 179, 266, 31.0, 19, , 8077, 0, 0, 0, , 0, 0, 0, 0, 0, 
581, 1, 584, 575, -1, 183, 340, 34.0, 17, Cppapaa, 5267, 0, 0, 0, , 0, 0, 0, 0, 0, 
582, 0, 585, -1, -1, 292, 208, 34.0, 13, , 3490, 0, 0, 0, , 0, 0, 0, 0, 0, 
583, 0, 586, -1, -1, 255, 186, 36.0, 11, , 2431, 0, 0, 0, , 0, 0, 0, 0, 0, 
584, 1, 587, 578, -1, 292, 310, 31.0, 11, ABarppaapa, 866, 0, 0, 0, , 0, 0, 0, 0, 0, 
585, 0, 589, -1, -1, 300, 280, 16.0, 11, , 3308, 0, 0, 0, , 0, 0, 0, 0, 0, 
586, 0, 590, -1, -1, 138, 296, 26.0, 15, , 1861, 0, 0, 0, , 0, 0, 0, 0, 0, 
587, 1, 591, 581, -1, 95, 235, 17.0, 17, Cappppv, 3691, 0, 0, 0, , 0, 0, 0, 0, 0, 
588, 1, 592, 582, -1, 135, 209, 17.0, 13, ABprpppapap, 4000, 0, 0, 0, , 0, 0, 0, 0, 0, 
589, 0, 593, -1, -1, 345, 263, 25.0, 13, , 3041, 0, 0, 0, , 0, 0, 0, 0, 0, 
590, 0, 594, -1, -1, 115, 333, 26.0, 11, , 1018, 0, 0, 0, , 0, 0, 0, 0, 0, 
591, 1, 595, 585, -1, 231, 169, 17.0, 11, ABpraapppa, 1849, 0, 0, 0, , 0, 0, 0, 0, 0, 
592, 0, 596, -1, -1, 260, 168, 28.0, 11, , 1647, 0, 0, 0, , 0, 0, 0, 0, 0, 
593, 0, 597, -1, -1, 219, 329, 29.0, 21, , 28510, 0, 0, 0, , 0, 0, 0, 0, 0, 
594, 1, 598, 588, -1, 261, 207, 13.0, 13, ABplpapaapp, 4933, 0, 0, 0, , 0, 0, 0, 0, 0, 
595, 1, 599, 589, -1, 110, 251, 13.0, 13, ABplapppapp, 3197, 0, 0, 0, , 0, 0, 0, 0, 0, 
596, 0, 600, -1, -1, 255, 234, 18.0, 9, , 853, 0, 0, 0, , 0, 0, 0, 0, 0, 
597, 0, 601, -1, -1, 327, 252, 28.0, 14, , 584, 0, 0, 0, , 0, 0, 0, 0, 0, 
598, 1, 602, 592, -1, 327, 218, 21.0, 17, ABalpaapaaa, 14215, 0, 0, 0, , 0, 0, 0, 0, 0, 
599, 0, 603, -1, -1, 87, 314, 22.0, 19, , 5562, 0, 0, 0, , 0, 0, 0, 0, 0, 
600, 0, 604, -1, -1, 263, 281, 28.0, 11, , 3576, 0, 0, 0, , 0, 0, 0, 0, 0, 
601, 0, 605, -1, -1, 309, 201, 35.0, 11, , 766, 0, 0, 0, , 0, 0, 0, 0, 0, 
602, 1, 575, 596, -1, 173, 326, 11.0, 19, ABplappaap, 5805, 0, 0, 0, , 0, 0, 0, 0, 0, 
603, 0, 607, -1, -1, 343, 220, 24.0, 7, , 354, 0, 0, 0, , 0, 0, 0, 0, 0, 
604, 0, 608, -1, -1, 239, 185, 35.0, 11, , 1926, 0, 0, 0, , 0, 0, 0, 0, 0, 
605, 0, 609, -1, -1, 318, 285, 15.0, 11, , 915, 0, 0, 0, , 0, 0, 0, 0, 0, 
606, 0, 610, -1, -1, 107, 259, 9.0, 9, , 616, 0, 0, 0, , 0, 0, 0, 0, 0, 
607, 0, 611, -1, -1, 260, 190, 11.0, 15, , 7446, 0, 0, 0, , 0, 0, 0, 0, 0, 
608, 0, 612, -1, -1, 235, 275, 12.0, 11, , 3984, 0, 0, 0, , 0, 0, 0, 0, 0, 
609, 1, 613, 603, -1, 212, 176, 25.0, 11, ABprppaapaa, 1905, 0, 0, 0, , 0, 0, 0, 0, 0, 
610, 1, 614, 604, -1, 290, 175, 28.0, 13, ABalaapaapp, 2382, 0, 0, 0, , 0, 0, 0, 0, 0, 
611, 1, 615, 605, -1, 246, 243, 23.0, 11, MSpapaaaa, 2779, 0, 0, 0, , 0, 0, 0, 0, 0, 
612, 0, 616, -1, -1, 238, 201, 30.0, 11, , 1342, 0, 0, 0, , 0, 0, 0, 0, 0, 
613, 1, 617, 607, -1, 281, 243, 28.0, 11, ABarapaapaa, 4635, 0, 0, 0, , 0, 0, 0, 0, 0, 
614, 0, 618, -1, -1, 182, 336, 25.0, 11, , 566, 0, 0, 0, , 0, 0, 0, 0, 0, 
615, 1, 620, 609, -1, 308, 237, 31.0, 13, MSaaaaaar, 4874, 0, 0, 0, , 0, 0, 0, 0, 0, 
616, 0, 621, -1, -1, 343, 261, 28.0, 11, , 1804, 0, 0, 0, , 0, 0, 0, 0, 0, 
617, 0, 622, -1, -1, 267, 231, 10.0, 11, , 3544, 0, 0, 0, , 0, 0, 0, 0, 0, 
618, 1, 623, 612, -1, 160, 221, 19.0, 17, ABprappppa, 8461, 0, 0, 0, , 0, 0, 0, 0, 0, 
619, 1, 624, 613, -1, 116, 238, 26.0, 11, ABprapppappp, 2627, 0, 0, 0, , 0, 0, 0, 0, 0, 
620, 1, 625, 614, -1, 226, 191, 19.0, 13, ABprpaapppa, 8415, 0, 0, 0, , 0, 0, 0, 0, 0, 
621, 1, 626, 615, -1, 119, 349, 15.0, 21, Cpaapp, 12966, 0, 0, 0, , 0, 0, 0, 0, 0, 
622, 1, 627, 616, -1, 293, 229, 13.0, 13, ABplpaaappap, 4246, 0, 0, 0, , 0, 0, 0, 0, 0, 
623, 1, 628, 617, -1, 185, 239, 23.0, 15, MSpapppap, 4898, 0, 0, 0, , 0, 0, 0, 0, 0, 
624, 1, 629, 618, -1, 352, 188, 22.0, 13, ABarpapapa, 8436, 0, 0, 0, , 0, 0, 0, 0, 0, 
625, 0, 630, -1, -1, 309, 245, 9.0, 14, , 914, 0, 0, 0, , 0, 0, 0, 0, 0, 
626, 0, 631, -1, -1, 312, 258, 10.0, 11, , 3132, 0, 0, 0, , 0, 0, 0, 0, 0, 
627, 1, 632, 621, -1, 309, 191, 19.0, 15, ABalpapaapa, 5419, 0, 0, 0, , 0, 0, 0, 0, 0, 
628, 1, 633, 622, -1, 287, 217, 26.0, 11, ABaraaaaapp, 2444, 0, 0, 0, , 0, 0, 0, 0, 0, 
629, 1, 634, 623, -1, 98, 332, 22.0, 17, Eplap, 13610, 0, 0, 0, , 0, 0, 0, 0, 0, 
630, 0, 635, -1, -1, 308, 217, 13.0, 11, , 3458, 0, 0, 0, , 0, 0, 0, 0, 0, 
631, 0, 636, -1, -1, 283, 234, 24.0, 9, , 522, 0, 0, 0, , 0, 0, 0, 0, 0, 
632, 0, 637, -1, -1, 135, 347, 28.0, 11, , 543, 0, 0, 0, , 0, 0, 0, 0, 0, 
633, 0, 638, -1, -1, 218, 328, 31.0, 15, , 3207, 0, 0, 0, , 0, 0, 0, 0, 0, 
634, 1, 639, 628, -1, 266, 218, 35.0, 13, ABalapppppa, 1333, 0, 0, 0, , 0, 0, 0, 0, 0, 
635, 0, 640, -1, -1, 150, 342, 21.0, 21, , 12583, 0, 0, 0, , 0, 0, 0, 0, 0, 
636, 0, 641, -1, -1, 264, 239, 35.0, 15, , 3815, 0, 0, 0, , 0, 0, 0, 0, 0, 
637, 0, 642, -1, -1, 118, 300, 17.0, 13, , 806, 0, 0, 0, , 0, 0, 0, 0, 0, 
638, 1, 643, 632, -1, 343, 230, 21.0, 14, ABalaaaparr, 1613, 0, 0, 0, , 0, 0, 0, 0, 0, 
639, 1, 644, 633, -1, 200, 215, 28.0, 13, ABprppaaaapp, 3914, 0, 0, 0, , 0, 0, 0, 0, 0, 
640, 1, 646, 634, -1, 309, 243, 34.0, 15, MSppappa, 3596, 0, 0, 0, , 0, 0, 0, 0, 0, 
641, 0, 647, -1, -1, 172, 356, 17.0, 15, , 1985, 0, 0, 0, , 0, 0, 0, 0, 0, 
642, 1, 648, 636, -1, 299, 295, 15.0, 11, ABplaapapppa, 2761, 0, 0, 0, , 0, 0, 0, 0, 0, 
643, 0, 649, -1, -1, 121, 348, 21.0, 13, , 1742, 0, 0, 0, , 0, 0, 0, 0, 0, 
644, 0, 650, -1, -1, 308, 263, 22.0, 11, , 869, 0, 0, 0, , 0, 0, 0, 0, 0, 
645, 0, 651, -1, -1, 163, 347, 25.0, 19, , 10415, 0, 0, 0, , 0, 0, 0, 0, 0, 
646, 1, 652, 640, -1, 71, 277, 14.0, 15, Cappapp, 6069, 0, 0, 0, , 0, 0, 0, 0, 0, 
647, 0, 653, -1, -1, 118, 212, 19.0, 13, , 4190, 0, 0, 0, , 0, 0, 0, 0, 0, 
648, 1, 654, 642, -1, 299, 184, 13.0, 13, ABalppapapp, 4345, 0, 0, 0, , 0, 0, 0, 0, 0, 
649, 0, -1, -1, -1, 80, 305, 21.0, 13, , 3360, 0, 0, 0, , 0, 0, 0, 0, 0, 
650, 1, 656, 644, -1, 89, 310, 19.0, 17, Eplpa, 4367, 0, 0, 0, , 0, 0, 0, 0, 0, 
651, 1, 657, 645, -1, 149, 371, 23.0, 17, Cappaap, 4406, 0, 0, 0, , 0, 0, 0, 0, 0, 
652, 0, -1, -1, -1, 104, 342, 26.0, 15, , 3542, 0, 0, 0, , 0, 0, 0, 0, 0, 
653, 1, 659, 647, -1, 241, 238, 32.0, 15, ABprapaaaap, 5793, 0, 0, 0, , 0, 0, 0, 0, 0, 
654, 0, 660, -1, -1, 264, 187, 34.0, 13, , 964, 0, 0, 0, , 0, 0, 0, 0, 0, 
655, 0, 661, -1, -1, 294, 249, 8.0, 11, , 1313, 0, 0, 0, , 0, 0, 0, 0, 0, 
656, 0, 662, -1, -1, 187, 244, 17.0, 13, , 4080, 0, 0, 0, , 0, 0, 0, 0, 0, 
657, 0, 663, -1, -1, 188, 312, 21.0, 13, , 583, 0, 0, 0, , 0, 0, 0, 0, 0, 
658, 1, 664, 651, -1, 261, 168, 26.0, 14, ABpraaaapad, 4759, 0, 0, 0, , 0, 0, 0, 0, 0, 
659, 1, 665, 652, -1, 333, 278, 26.0, 17, MSappppa, 5680, 0, 0, 0, , 0, 0, 0, 0, 0, 
660, 0, 666, -1, -1, 242, 177, 30.0, 11, , 3555, 0, 0, 0, , 0, 0, 0, 0, 0, 
661, 0, 667, -1, -1, 318, 214, 35.0, 11, , 1606, 0, 0, 0, , 0, 0, 0, 0, 0, 
662, 1, 668, 655, -1, 267, 196, 14.0, 15, ABalppapapa, 7053, 0, 0, 0, , 0, 0, 0, 0, 0, 
663, 0, 669, -1, -1, 327, 175, 30.0, 13, , 1722, 0, 0, 0, , 0, 0, 0, 0, 0, 
664, 0, 670, -1, -1, 310, 176, 29.0, 9, , 573, 0, 0, 0, , 0, 0, 0, 0, 0, 
665, 0, 672, -1, -1, 252, 262, 23.0, 9, , 988, 0, 0, 0, , 0, 0, 0, 0, 0, 
666, 0, 673, -1, -1, 196, 315, 27.0, 13, , 5862, 0, 0, 0, , 0, 0, 0, 0, 0, 
667, 0, 758, -1, -1, 198, 238, 14.0, 15, , 7825, 0, 0, 0, , 0, 0, 0, 0, 0, 
668, 0, 675, -1, -1, 283, 250, 21.0, 15, , 4614, 0, 0, 0, , 0, 0, 0, 0, 0, 
669, 0, 676, -1, -1, 75, 254, 24.0, 13, , 894, 0, 0, 0, , 0, 0, 0, 0, 0, 
670, 0, 677, -1, -1, 259, 251, 19.0, 9, , 902, 0, 0, 0, , 0, 0, 0, 0, 0, 
671, 0, 678, -1, -1, 314, 181, 18.0, 11, , 1466, 0, 0, 0, , 0, 0, 0, 0, 0, 
672, 1, 679, 665, -1, 289, 185, 19.0, 9, ABarapppppaa, 2679, 0, 0, 0, , 0, 0, 0, 0, 0, 
673, 1, 680, 666, -1, 311, 186, 22.0, 7, ABaraaappap, 563, 0, 0, 0, , 0, 0, 0, 0, 0, 
674, 0, 682, -1, -1, 224, 172, 30.0, 9, , 1665, 0, 0, 0, , 0, 0, 0, 0, 0, 
675, 0, 683, -1, -1, 268, 184, 35.0, 15, , 2491, 0, 0, 0, , 0, 0, 0, 0, 0, 
676, 0, -1, -1, -1, 235, 275, 14.0, 11, , 1773, 0, 0, 0, , 0, 0, 0, 0, 0, 
677, 1, 685, 670, -1, 206, 313, 11.0, 19, ABplappaaa, 15486, 0, 0, 0, , 0, 0, 0, 0, 0, 
678, 0, 686, -1, -1, 308, 173, 23.0, 17, , 4477, 0, 0, 0, , 0, 0, 0, 0, 0, 
679, 1, 687, 672, -1, 294, 213, 23.0, 15, ABarapaaaaa, 10249, 0, 0, 0, , 0, 0, 0, 0, 0, 
680, 0, 688, -1, -1, 255, 295, 27.0, 9, , 511, 0, 0, 0, , 0, 0, 0, 0, 0, 
681, 0, 689, -1, -1, 74, 266, 26.0, 15, , 4722, 0, 0, 0, , 0, 0, 0, 0, 0, 
682, 0, 690, -1, -1, 312, 223, 34.0, 21, , 6822, 0, 0, 0, , 0, 0, 0, 0, 0, 
683, 1, 691, 676, -1, 203, 343, 34.0, 13, Dppppp, 1014, 0, 0, 0, , 0, 0, 0, 0, 0, 
684, 0, 692, -1, -1, 268, 229, 12.0, 11, , 2259, 0, 0, 0, , 0, 0, 0, 0, 0, 
685, 0, 693, -1, -1, 127, 345, 23.0, 19, , 9692, 0, 0, 0, , 0, 0, 0, 0, 0, 
686, 0, 694, -1, -1, 203, 315, 27.0, 11, , 547, 0, 0, 0, , 0, 0, 0, 0, 0, 
687, 0, 695, -1, -1, 297, 247, 15.0, 11, , 1420, 0, 0, 0, , 0, 0, 0, 0, 0, 
688, 0, 696, -1, -1, 303, 262, 10.0, 13, , 4674, 0, 0, 0, , 0, 0, 0, 0, 0, 
689, 0, 697, -1, -1, 147, 208, 18.0, 9, , 795, 0, 0, 0, , 0, 0, 0, 0, 0, 
690, 0, 698, -1, -1, 250, 230, 21.0, 11, , 3080, 0, 0, 0, , 0, 0, 0, 0, 0, 
691, 0, 699, -1, -1, 328, 222, 23.0, 13, , 3052, 0, 0, 0, , 0, 0, 0, 0, 0, 
692, 0, 700, -1, -1, 324, 187, 20.0, 9, , 1240, 0, 0, 0, , 0, 0, 0, 0, 0, 
693, 1, 701, 686, -1, 344, 269, 22.0, 15, MSapaaap, 5934, 0, 0, 0, , 0, 0, 0, 0, 0, 
694, 0, 702, -1, -1, 237, 299, 25.0, 15, , 2091, 0, 0, 0, , 0, 0, 0, 0, 0, 
695, 0, 703, -1, -1, 247, 164, 27.0, 9, , 735, 0, 0, 0, , 0, 0, 0, 0, 0, 
696, 0, 704, -1, -1, 218, 276, 31.0, 13, , 840, 0, 0, 0, , 0, 0, 0, 0, 0, 
697, 0, 705, -1, -1, 248, 191, 36.0, 11, , 1237, 0, 0, 0, , 0, 0, 0, 0, 0, 
698, 0, 707, -1, -1, 105, 331, 20.0, 13, , 7846, 0, 0, 0, , 0, 0, 0, 0, 0, 
699, 0, 708, -1, -1, 295, 199, 28.0, 9, , 1634, 0, 0, 0, , 0, 0, 0, 0, 0, 
700, 1, 709, 693, -1, 279, 247, 31.0, 13, ABaraaapapa, 2239, 0, 0, 0, , 0, 0, 0, 0, 0, 
701, 0, -1, -1, -1, 143, 225, 14.0, 11, , 739, 0, 0, 0, , 0, 0, 0, 0, 0, 
702, 0, -1, -1, -1, 150, 214, 16.0, 13, , 4394, 0, 0, 0, , 0, 0, 0, 0, 0, 
703, 0, -1, -1, -1, 148, 211, 17.0, 13, , 1157, 0, 0, 0, , 0, 0, 0, 0, 0, 
704, 0, -1, -1, -1, 132, 201, 18.0, 9, , 550, 0, 0, 0, , 0, 0, 0, 0, 0, 
705, 1, 759, 697, -1, 339, 237, 19.0, 14, ABalpaapppa, 6872, 0, 0, 0, , 0, 0, 0, 0, 0, 
706, 0, -1, -1, -1, 98, 355, 28.0, 13, , 969, 0, 0, 0, , 0, 0, 0, 0, 0, 
707, 0, -1, -1, -1, 112, 259, 34.0, 13, , 895, 0, 0, 0, , 0, 0, 0, 0, 0, 
708, 1, 710, 711, -1, 240, 287, 13.0, 16, ABplppaaaap, 0, 0, 0, 0, , 0, 0, 0, 0, 0, 
709, 1, 711, 712, -1, 113, 269, 13.0, 13, ABplpppaapa, 0, 0, 0, 0, , 0, 0, 0, 0, 0, 
710, 1, 712, 713, -1, 324, 293, 21.0, 13, ABalapaaapa, 0, 0, 0, 0, , 0, 0, 0, 0, 0, 
711, 1, 713, 714, -1, 325, 253, 28.0, 13, ABalapppaaa, 0, 0, 0, 0, , 0, 0, 0, 0, 0, 
712, 1, 714, 715, -1, 259, 274, 35.0, 13, Dpaap, 0, 0, 0, 0, , 0, 0, 0, 0, 0, 
713, 1, 715, 716, -1, 122, 290, 28.0, 13, Cppaapp, 0, 0, 0, 0, , 0, 0, 0, 0, 0, 
714, 1, 716, 717, -1, 87, 276, 30.833334, 15, Cpapaa, 0, 0, 0, 0, , 0, 0, 0, 0, 0, 
715, 1, 717, 718, -1, 219, 344, 18.8, 15, Cpaaap, 0, 0, 0, 0, , 0, 0, 0, 0, 0, 
716, 1, 718, 719, -1, 236, 332, 19.0, 17, Caaaaa, 0, 0, 0, 0, , 0, 0, 0, 0, 0, 
717, 1, 580, 478, -1, 139, 342, 26.5, 14, Earpp, 3212, 0, 0, 0, , 0, 0, 0, 0, 0, 
718, 1, 719, 720, -1, 201, 301, 28.0, 13, Earaad, 0, 0, 0, 0, , 0, 0, 0, 0, 0, 
719, 1, 720, 721, -1, 219, 325, 29.25, 15, Earaav, 0, 0, 0, 0, , 0, 0, 0, 0, 0, 
720, 1, 721, 95, -1, 271, 243, 14.0, 13, MSapppaa, 0, 0, 0, 0, , 0, 0, 0, 0, 0, 
721, 1, 163, 723, -1, 226, 172, 26.0, 15, ABprppaaaaa, 6287, 0, 0, 0, , 0, 0, 0, 0, 0, 
722, 1, 722, 724, -1, 274, 192, 15.8, 13, ABprpappaaa, 0, 0, 0, 0, , 0, 0, 0, 0, 0, 
723, 1, 723, 725, -1, 243, 174, 17.333334, 11, ABprpaappppp, 0, 0, 0, 0, , 0, 0, 0, 0, 0, 
724, 1, 724, 726, -1, 300, 188, 31.0, 13, ABpraapaapa, 0, 0, 0, 0, , 0, 0, 0, 0, 0, 
725, 1, 725, 136, -1, 237, 202, 28.0, 13, ABpraaappap, 0, 0, 0, 0, , 0, 0, 0, 0, 0, 
726, 1, 726, 727, -1, 229, 209, 30.5, 15, ABpraaapppaa, 0, 0, 0, 0, , 0, 0, 0, 0, 0, 
727, 1, 727, 728, -1, 290, 206, 33.333332, 13, ABpraaapapa, 0, 0, 0, 0, , 0, 0, 0, 0, 0, 
728, 1, 729, 729, -1, 253, 215, 31.714285, 13, ABpraaaapppp, 0, 0, 0, 0, , 0, 0, 0, 0, 0, 
729, 1, 556, 730, -1, 239, 180, 28.0, 12, ABpraaaapav, 4343, 0, 0, 0, , 0, 0, 0, 0, 0, 
730, 1, 730, 732, -1, 225, 216, 14.142858, 13, ABplpapappa, 0, 0, 0, 0, , 0, 0, 0, 0, 0, 
731, 1, 731, 733, -1, 254, 216, 15.0, 13, ABplpapaapa, 0, 0, 0, 0, , 0, 0, 0, 0, 0, 
732, 1, 732, 734, -1, 281, 199, 13.0, 11, ABplpaappppa, 0, 0, 0, 0, , 0, 0, 0, 0, 0, 
733, 1, 733, 735, -1, 239, 211, 11.0, 15, ABalpapappp, 0, 0, 0, 0, , 0, 0, 0, 0, 0, 
734, 1, 734, 737, -1, 256, 291, 16.0, 15, ABplapaaapa, 0, 0, 0, 0, , 0, 0, 0, 0, 0, 
735, 1, 735, 738, -1, 251, 303, 17.0, 15, ABplapaaapp, 0, 0, 0, 0, , 0, 0, 0, 0, 0, 
736, 1, 736, 739, -1, 299, 303, 20.0, 12, ABplapaaaapa, 0, 0, 0, 0, , 0, 0, 0, 0, 0, 
737, 1, 738, 740, -1, 110, 260, 31.0, 14, ABarpppppp, 0, 0, 0, 0, , 0, 0, 0, 0, 0, 
738, 1, 739, 741, -1, 198, 270, 31.8, 15, ABarppppap, 0, 0, 0, 0, , 0, 0, 0, 0, 0, 
739, 0, 740, -1, -1, 235, 254, 35.0, 15, , 0, 0, 0, 0, , 0, 0, 0, 0, 0, 
740, 1, 670, 743, -1, 317, 169, 30.2, 13, ABarpappap, 1785, 0, 0, 0, , 0, 0, 0, 0, 0, 
741, 1, 741, 744, -1, 324, 279, 33.142857, 15, ABarpaappa, 0, 0, 0, 0, , 0, 0, 0, 0, 0, 
742, 1, 742, 745, -1, 299, 171, 20.6, 13, ABprpaaapaa, 0, 0, 0, 0, , 0, 0, 0, 0, 0, 
743, 1, 743, 746, -1, 290, 178, 15.636364, 13, ABarappaapa, 0, 0, 0, 0, , 0, 0, 0, 0, 0, 
744, 1, 744, 747, -1, 262, 230, 23.0, 15, ABarapapppp, 0, 0, 0, 0, , 0, 0, 0, 0, 0, 
745, 1, 745, 748, -1, 232, 248, 21.0, 15, ABarapapppa, 0, 0, 0, 0, , 0, 0, 0, 0, 0, 
746, 1, 746, 18, -1, 251, 221, 25.8, 12, ABarapapaapp, 4488, 0, 0, 0, , 0, 0, 0, 0, 0, 
747, 1, 747, 749, -1, 251, 241, 26.0, 13, ABarapaappp, 0, 0, 0, 0, , 0, 0, 0, 0, 0, 
748, 1, 748, 750, -1, 251, 255, 28.0, 13, ABaraapppaa, 0, 0, 0, 0, , 0, 0, 0, 0, 0, 
749, 1, 749, 751, -1, 269, 177, 19.09091, 11, ABprpaappppa, 0, 0, 0, 0, , 0, 0, 0, 0, 0, 
750, 0, 750, -1, -1, 284, 262, 25.0, 11, , 0, 0, 0, 0, , 0, 0, 0, 0, 0, 
751, 1, 751, 752, -1, 319, 221, 25.0, 11, ABaraaaapap, 0, 0, 0, 0, , 0, 0, 0, 0, 0, 
752, 1, 752, 753, -1, 297, 204, 24.0, 11, ABaraaaaapa, 0, 0, 0, 0, , 0, 0, 0, 0, 0, 
753, 1, 753, 754, -1, 313, 221, 19.0, 11, ABaraaaaaaa, 0, 0, 0, 0, , 0, 0, 0, 0, 0, 
754, 1, 754, 755, -1, 298, 283, 18.25, 13, ABalppppaav, 0, 0, 0, 0, , 0, 0, 0, 0, 0, 
755, 1, 755, 756, -1, 316, 271, 14.0, 11, ABalpppapppa, 1305, 0, 0, 0, , 0, 0, 0, 0, 0, 
756, 1, 756, 757, -1, 300, 207, 12.3, 15, ABalppaappp, 0, 0, 0, 0, , 0, 0, 0, 0, 0, 
757, 1, 757, 758, -1, 292, 216, 19.90909, 13, ABalpappapa, 0, 0, 0, 0, , 0, 0, 0, 0, 0, 
758, 1, 760, 759, -1, 312, 231, 21.0, 13, ABalpaapaap, 0, 0, 0, 0, , 0, 0, 0, 0, 0, 
759, 1, 762, 760, -1, 110, 328, 24.692308, 18, Eprap, 0, 0, 0, 0, , 0, 0, 0, 0, 0, 
760, 1, 763, 761, -1, 339, 230, 23.0, 15, ABalapappaaa, 0, 0, 0, 0, , 0, 0, 0, 0, 0, 
761, 1, 764, 762, -1, 336, 249, 23.714285, 13, ABalapappaap, 0, 0, 0, 0, , 0, 0, 0, 0, 0, 
762, 0, 765, -1, -1, 297, 186, 27.0, 13, , 0, 0, 0, 0, , 0, 0, 0, 0, 0, 
763, 1, 766, 764, -1, 92, 315, 26.0, 14, Eprpa, 0, 0, 0, 0, , 0, 0, 0, 0, 0, 
764, 1, 442, 765, -1, 330, 259, 13.888889, 11, ABalapaapap, 6695, 0, 0, 0, , 0, 0, 0, 0, 0, 
765, 0, 768, -1, -1, 148, 218, 16.5, 11, , 0, 0, 0, 0, , 0, 0, 0, 0, 0, 
766, 1, 769, 767, -1, 293, 263, 26.0, 13, MSaaapaaa, 0, 0, 0, 0, , 0, 0, 0, 0, 0, 
767, 1, 770, 768, -1, 294, 203, 30.0, 13, ABalaappppp, 0, 0, 0, 0, , 0, 0, 0, 0, 0, 
768, 1, 771, 769, -1, 308, 216, 13.0, 11, ABplpaaappaa, 0, 0, 0, 0, , 0, 0, 0, 0, 0, 
769, 1, 772, 770, -1, 121, 307, 15.0, 17, Z3, 0, 0, 0, 0, , 0, 0, 0, 0, 0, 
770, 0, 773, -1, -1, 282, 252, 20.0, 13, , 6155, 0, 0, 0, , 0, 0, 0, 0, 0, 
771, 1, 774, 772, -1, 281, 248, 22.0, 13, ABalpaaappa, 0, 0, 0, 0, , 0, 0, 0, 0, 0, 
772, 0, -1, -1, -1, 275, 245, 15.75, 14, , 5548, 0, 0, 0, , 0, 0, 0, 0, 0, 
773, 1, 776, 774, -1, 259, 204, 10.0, 11, ABplpaappppp, 0, 0, 0, 0, , 0, 0, 0, 0, 0, 
774, 1, 777, 775, -1, 308, 257, 12.096774, 13, ABalppaaapa, 0, 0, 0, 0, , 0, 0, 0, 0, 0, 
775, 0, 761, -1, -1, 326, 207, 27.0, 13, , 0, 0, 0, 0, , 0, 0, 0, 0, 0, 
776, 1, 205, 777, -1, 325, 251, 34.8, 17, MSpppppa, 9351, 0, 0, 0, , 0, 0, 0, 0, 0, 
777, 1, 778, 778, -1, 355, 247, 28.0, 11, ABalapapapp, 0, 0, 0, 0, , 0, 0, 0, 0, 0, 
778, 1, 779, 779, -1, 200, 304, 34.0, 15, Caaaap, 0, 0, 0, 0, , 0, 0, 0, 0, 0, 
779, 1, 780, 780, -1, 131, 226, 16.0, 13, Caapaa, 0, 0, 0, 0, , 0, 0, 0, 0, 0, 
780, 1, 781, 781, -1, 100, 312, 34.0, 15, Caaapp, 0, 0, 0, 0, , 0, 0, 0, 0, 0, 
781, 1, 782, 782, -1, 148, 335, 34.0, 15, Caaapa, 0, 0, 0, 0, , 0, 0, 0, 0, 0, 
782, 0, 783, -1, -1, 154, 353, 30.0, 15, , 0, 0, 0, 0, , 0, 0, 0, 0, 0, 
783, 1, 784, 784, -1, 174, 356, 18.0, 15, Cpaapa, 0, 0, 0, 0, , 0, 0, 0, 0, 0, 
784, 1, 785, 785, -1, 311, 225, 34.0, 15, MSppaaap, 0, 0, 0, 0, , 0, 0, 0, 0, 0, 
785, 1, 786, 786, -1, 314, 273, 30.0, 15, MSpppaaa, 0, 0, 0, 0, , 0, 0, 0, 0, 0, 
786, 1, 787, 787, -1, 151, 309, 28.5, 15, MSpppaap, 0, 0, 0, 0, , 0, 0, 0, 0, 0, 
787, 1, 788, 789, -1, 112, 269, 11.0, 13, ABplapppaaa, 0, 0, 0, 0, , 0, 0, 0, 0, 0, 
788, 1, 789, 790, -1, 263, 218, 9.5, 17, ABplaapppa, 0, 0, 0, 0, , 0, 0, 0, 0, 0, 
789, 1, 790, 791, -1, 231, 258, 34.0, 15, ABarpppapa, 0, 0, 0, 0, , 0, 0, 0, 0, 0, 
790, 1, 791, 792, -1, 134, 312, 34.5, 15, ABarpppppa, 0, 0, 0, 0, , 0, 0, 0, 0, 0, 
791, 1, 792, 793, -1, 352, 265, 29.666666, 15, ABarpaapap, 0, 0, 0, 0, , 0, 0, 0, 0, 0, 
792, 1, 793, 794, -1, 264, 192, 34.0, 15, ABarpapppp, 0, 0, 0, 0, , 0, 0, 0, 0, 0, 
793, 1, 794, 795, -1, 330, 204, 31.0, 13, ABarpapaappa, 0, 0, 0, 0, , 0, 0, 0, 0, 0, 
794, 1, 795, 796, -1, 280, 293, 14.0, 11, ABalppppppaa, 0, 0, 0, 0, , 0, 0, 0, 0, 0, 
795, 1, 796, 797, -1, 196, 236, 14.0, 15, ABarappappa, 0, 0, 0, 0, , 0, 0, 0, 0, 0, 
796, 1, 797, 798, -1, 312, 287, 18.0, 11, ABalapapppa, 0, 0, 0, 0, , 0, 0, 0, 0, 0, 
797, 1, 798, 799, -1, 243, 181, 30.5, 11, ABalaapppaa, 0, 0, 0, 0, , 0, 0, 0, 0, 0, 
798, 1, 799, 800, -1, 268, 239, 35.0, 15, ABarpaappp, 0, 0, 0, 0, , 0, 0, 0, 0, 0, 
799, 1, 800, 801, -1, 270, 174, 21.0, 13, ABalaapappp, 0, 0, 0, 0, , 0, 0, 0, 0, 0, 
800, 1, 801, 802, -1, 286, 191, 29.0, 13, ABalaappppa, 0, 0, 0, 0, , 0, 0, 0, 0, 0, 
801, 1, 802, 803, -1, 293, 218, 33.0, 13, ABalaapaaar, 0, 0, 0, 0, , 0, 0, 0, 0, 0, 
802, 1, 803, 804, -1, 320, 256, 32.0, 15, ABalapppapa, 0, 0, 0, 0, , 0, 0, 0, 0, 0, 
803, 1, 804, 805, -1, 306, 200, 35.0, 15, ABalappappp, 0, 0, 0, 0, , 0, 0, 0, 0, 0, 
804, 1, 805, 806, -1, 268, 225, 32.0, 13, ABalappapaa, 0, 0, 0, 0, , 0, 0, 0, 0, 0, 
