1, 1, 1, 1, -1, 300, 216, 26.0, 11, ABaraaapaap, 1813, 0, 0, 0, , 0, 0, 0, 0, 0, 
2, 1, 2, 2, -1, 264, 248, 30.0, 13, ABaraaapapp, 3026, 0, 0, 0, , 0, 0, 0, 0, 0, 
3, 1, 3, 3, -1, 235, 245, 25.0, 13, ABaraappppp, 4353, 0, 0, 0, , 0, 0, 0, 0, 0, 
4, 1, 4, 4, -1, 255, 282, 18.0, 13, ABaraapappa, 6323, 0, 0, 0, , 0, 0, 0, 0, 0, 
5, 1, 5, 5, -1, 250, 264, 19.0, 13, ABaraapappp, 7324, 0, 0, 0, , 0, 0, 0, 0, 0, 
6, 1, 6, 6, -1, 266, 302, 22.0, 15, ABaraapapap, 7527, 0, 0, 0, , 0, 0, 0, 0, 0, 
7, 1, 7, 7, -1, 311, 221, 24.0, 15, ABaraapaaaa, 7692, 0, 0, 0, , 0, 0, 0, 0, 0, 
8, 1, 8, 8, -1, 312, 246, 24.0, 17, ABaraapaaap, 7532, 0, 0, 0, , 0, 0, 0, 0, 0, 
9, 1, 9, 9, -1, 287, 280, 26.0, 13, MSaaaaapp, 1996, 0, 0, 0, , 0, 0, 0, 0, 0, 
10, 1, 10, 10, -1, 309, 265, 24.0, 15, ABaraapaapa, 7836, 0, 0, 0, , 0, 0, 0, 0, 0, 
11, 1, 11, 11, -1, 327, 207, 26.0, 13, ABaraaappaa, 5989, 0, 0, 0, , 0, 0, 0, 0, 0, 
12, 1, 12, 12, -1, 319, 193, 26.0, 13, ABaraaapppa, 4016, 0, 0, 0, , 0, 0, 0, 0, 0, 
13, 1, 13, 13, -1, 323, 189, 29.0, 11, ABaraaapppp, 2328, 0, 0, 0, , 0, 0, 0, 0, 0, 
14, 1, 14, 14, -1, 312, 200, 25.0, 13, ABaraaapaaa, 2625, 0, 0, 0, , 0, 0, 0, 0, 0, 
15, 1, 16, 15, -1, 302, 239, 20.0, 13, ABaraaaaaap, 3845, 0, 0, 0, , 0, 0, 0, 0, 0, 
16, 0, 17, -1, -1, 294, 261, 24.0, 13, , 673, 0, 0, 0, , 0, 0, 0, 0, 0, 
17, 1, 18, 17, -1, 219, 266, 21.0, 15, ABalpappapp, 5473, 0, 0, 0, , 0, 0, 0, 0, 0, 
18, 1, 746, 18, -1, 252, 222, 26.0, 13, ABarapapaapp, 3271, 0, 0, 0, , 0, 0, 0, 0, 0, 
19, 1, 20, 19, -1, 255, 229, 28.0, 13, ABarapappaa, 3905, 0, 0, 0, , 0, 0, 0, 0, 0, 
20, 1, 21, 20, -1, 281, 179, 11.0, 11, ABalaapappa, 3189, 0, 0, 0, , 0, 0, 0, 0, 0, 
21, 1, 22, 21, -1, 282, 215, 20.0, 11, ABarapaaapp, 6326, 0, 0, 0, , 0, 0, 0, 0, 0, 
22, 1, 23, 22, -1, 278, 228, 27.0, 13, ABarapaapap, 6376, 0, 0, 0, , 0, 0, 0, 0, 0, 
23, 1, 24, 23, -1, 256, 188, 17.0, 13, ABarapppapa, 4467, 0, 0, 0, , 0, 0, 0, 0, 0, 
24, 1, 25, 24, -1, 279, 166, 15.0, 13, ABalpapaaap, 3608, 0, 0, 0, , 0, 0, 0, 0, 0, 
25, 1, 26, 25, -1, 289, 163, 18.0, 13, ABarapppapp, 4749, 0, 0, 0, , 0, 0, 0, 0, 0, 
26, 1, 27, 26, -1, 280, 186, 26.0, 17, ABarappppap, 4142, 0, 0, 0, , 0, 0, 0, 0, 0, 
27, 1, 28, 27, -1, 279, 175, 18.0, 15, ABarapppaap, 6906, 0, 0, 0, , 0, 0, 0, 0, 0, 
28, 1, 29, 28, -1, 255, 189, 30.0, 9, ABalaapppap, 1228, 0, 0, 0, , 0, 0, 0, 0, 0, 
29, 1, 30, 29, -1, 280, 185, 22.0, 15, ABarapppppp, 4687, 0, 0, 0, , 0, 0, 0, 0, 0, 
30, 1, 31, 30, -1, 294, 195, 26.0, 13, ABarappaaaa, 7023, 0, 0, 0, , 0, 0, 0, 0, 0, 
31, 1, 32, 31, -1, 258, 199, 19.0, 11, ABarappapaa, 5638, 0, 0, 0, , 0, 0, 0, 0, 0, 
32, 1, 33, 32, -1, 216, 197, 17.0, 11, ABprpapappa, 2219, 0, 0, 0, , 0, 0, 0, 0, 0, 
33, 1, 34, 33, -1, 284, 164, 30.0, 11, ABalaapaapa, 3593, 0, 0, 0, , 0, 0, 0, 0, 0, 
34, 1, 35, 34, -1, 367, 214, 29.0, 11, ABarpaapaa, 2543, 0, 0, 0, , 0, 0, 0, 0, 0, 
35, 1, 36, 35, -1, 355, 222, 27.0, 13, ABarpaaaaar, 3449, 0, 0, 0, , 0, 0, 0, 0, 0, 
36, 1, 37, 36, -1, 345, 221, 25.0, 13, ABarpaaaapa, 2941, 0, 0, 0, , 0, 0, 0, 0, 0, 
37, 1, 38, 37, -1, 361, 194, 27.0, 11, ABarpaaapp, 3592, 0, 0, 0, , 0, 0, 0, 0, 0, 
38, 1, 39, 38, -1, 338, 224, 27.0, 15, ABarpaaapaa, 3512, 0, 0, 0, , 0, 0, 0, 0, 0, 
39, 1, 40, 39, -1, 341, 195, 31.0, 15, ABarpaaapap, 6925, 0, 0, 0, , 0, 0, 0, 0, 0, 
40, 1, 41, 40, -1, 248, 316, 18.0, 15, ABarppaapp, 6120, 0, 0, 0, , 0, 0, 0, 0, 0, 
41, 1, 42, 41, -1, 153, 347, 14.0, 17, ABarppappa, 5582, 0, 0, 0, , 0, 0, 0, 0, 0, 
42, 1, 43, 42, -1, 230, 322, 13.0, 15, ABarppapap, 6287, 0, 0, 0, , 0, 0, 0, 0, 0, 
43, 1, 44, 739, -1, 211, 248, 33.0, 13, ABarppppaa, 4648, 0, 0, 0, , 0, 0, 0, 0, 0, 
44, 1, 45, 43, -1, 328, 237, 27.0, 13, ABalapppaap, 2783, 0, 0, 0, , 0, 0, 0, 0, 0, 
45, 1, 46, 44, -1, 335, 276, 30.0, 13, ABalapapapa, 2454, 0, 0, 0, , 0, 0, 0, 0, 0, 
46, 1, 47, 45, -1, 357, 245, 30.0, 15, ABarpapapp, 11845, 0, 0, 0, , 0, 0, 0, 0, 0, 
47, 1, 48, 46, -1, 329, 284, 15.0, 11, ABalapaaaap, 2844, 0, 0, 0, , 0, 0, 0, 0, 0, 
48, 1, 49, 47, -1, 291, 165, 25.0, 11, ABalaappapp, 2646, 0, 0, 0, , 0, 0, 0, 0, 0, 
49, 1, 50, 48, -1, 272, 195, 29.0, 15, ABarappppaa, 4568, 0, 0, 0, , 0, 0, 0, 0, 0, 
50, 0, 51, -1, -1, 240, 169, 31.0, 13, , 1230, 0, 0, 0, , 0, 0, 0, 0, 0, 
51, 1, 52, 50, -1, 307, 208, 29.0, 11, ABalaaaarrp, 3156, 0, 0, 0, , 0, 0, 0, 0, 0, 
52, 0, -1, -1, -1, 296, 172, 24.0, 13, , 1940, 0, 0, 0, , 0, 0, 0, 0, 0, 
53, 1, 54, 52, -1, 317, 173, 24.0, 13, ABarpappaa, 5929, 0, 0, 0, , 0, 0, 0, 0, 0, 
54, 1, 55, 53, -1, 327, 240, 20.0, 13, ABalaaaarlp, 4239, 0, 0, 0, , 0, 0, 0, 0, 0, 
55, 1, 56, 54, -1, 322, 225, 13.0, 11, ABalaaaalpp, 2428, 0, 0, 0, , 0, 0, 0, 0, 0, 
56, 1, 57, 55, -1, 343, 196, 28.0, 15, ABpraapaaap, 6116, 0, 0, 0, , 0, 0, 0, 0, 0, 
57, 0, 58, -1, -1, 286, 216, 31.0, 9, , 539, 0, 0, 0, , 0, 0, 0, 0, 0, 
58, 1, 59, 57, -1, 305, 161, 26.0, 11, ABpraaaaapv, 3531, 0, 0, 0, , 0, 0, 0, 0, 0, 
59, 1, 60, 58, -1, 335, 260, 31.0, 13, ABalappaap, 5817, 0, 0, 0, , 0, 0, 0, 0, 0, 
60, 1, 61, 59, -1, 143, 236, 16.0, 13, ABplppppapp, 3696, 0, 0, 0, , 0, 0, 0, 0, 0, 
61, 1, 62, 60, -1, 126, 262, 17.0, 13, ABplppppaaa, 4860, 0, 0, 0, , 0, 0, 0, 0, 0, 
62, 1, 63, 61, -1, 116, 255, 18.0, 13, ABplppppaap, 4806, 0, 0, 0, , 0, 0, 0, 0, 0, 
63, 1, 64, 62, -1, 117, 217, 13.0, 13, ABplppppppp, 1118, 0, 0, 0, , 0, 0, 0, 0, 0, 
64, 1, 65, 63, -1, 116, 227, 15.0, 13, ABplppppppa, 4496, 0, 0, 0, , 0, 0, 0, 0, 0, 
65, 1, 66, 64, -1, 94, 269, 14.0, 15, ABplpppppap, 4993, 0, 0, 0, , 0, 0, 0, 0, 0, 
66, 1, 67, 65, -1, 114, 276, 16.0, 13, ABplpppppaa, 4936, 0, 0, 0, , 0, 0, 0, 0, 0, 
67, 1, 68, 66, -1, 133, 243, 12.0, 17, ABplpppapaa, 3863, 0, 0, 0, , 0, 0, 0, 0, 0, 
68, 1, 69, 67, -1, 123, 257, 14.0, 13, ABplpppaapp, 5097, 0, 0, 0, , 0, 0, 0, 0, 0, 
69, 1, 70, 68, -1, 154, 256, 18.0, 13, ABplpppaaaa, 6639, 0, 0, 0, , 0, 0, 0, 0, 0, 
70, 1, 71, 69, -1, 136, 291, 16.0, 13, ABplpppaaap, 6208, 0, 0, 0, , 0, 0, 0, 0, 0, 
71, 1, 72, 70, -1, 132, 283, 19.0, 13, ABplppapppp, 4223, 0, 0, 0, , 0, 0, 0, 0, 0, 
72, 1, 73, 71, -1, 175, 278, 18.0, 13, ABplppapppa, 4336, 0, 0, 0, , 0, 0, 0, 0, 0, 
73, 1, 74, 730, -1, 199, 252, 18.0, 11, ABplppappap, 8646, 0, 0, 0, , 0, 0, 0, 0, 0, 
74, 1, 75, 73, -1, 208, 239, 17.0, 11, ABplppappaa, 6938, 0, 0, 0, , 0, 0, 0, 0, 0, 
75, 1, 76, 74, -1, 191, 269, 16.0, 13, ABplppapapa, 4262, 0, 0, 0, , 0, 0, 0, 0, 0, 
76, 1, 77, 75, -1, 176, 291, 17.0, 13, ABplppapapp, 4005, 0, 0, 0, , 0, 0, 0, 0, 0, 
77, 1, 78, 76, -1, 158, 297, 19.0, 13, ABprppapppa, 3923, 0, 0, 0, , 0, 0, 0, 0, 0, 
78, 1, 79, 77, -1, 142, 292, 19.0, 13, ABplppaappp, 3962, 0, 0, 0, , 0, 0, 0, 0, 0, 
79, 0, 80, -1, -1, 274, 191, 16.0, 13, , 4504, 0, 0, 0, , 0, 0, 0, 0, 0, 
80, 1, 81, 79, -1, 202, 278, 19.0, 13, MSaappap, 2996, 0, 0, 0, , 0, 0, 0, 0, 0, 
81, 1, 82, 80, -1, 118, 237, 19.0, 11, ABplpappppp, 4128, 0, 0, 0, , 0, 0, 0, 0, 0, 
82, 1, 83, 81, -1, 123, 258, 21.0, 13, ABplpappppa, 3953, 0, 0, 0, , 0, 0, 0, 0, 0, 
83, 1, 84, 82, -1, 131, 246, 16.0, 13, ABplpapppaa, 1199, 0, 0, 0, , 0, 0, 0, 0, 0, 
84, 1, 85, 83, -1, 130, 237, 22.0, 13, ABplpapppap, 3712, 0, 0, 0, , 0, 0, 0, 0, 0, 
85, 1, 86, 84, -1, 221, 216, 12.0, 15, ABplapaapa, 11167, 0, 0, 0, , 0, 0, 0, 0, 0, 
86, 1, 87, 85, -1, 233, 240, 16.0, 13, ABplpapapap, 4732, 0, 0, 0, , 0, 0, 0, 0, 0, 
87, 1, 88, 86, -1, 223, 250, 16.0, 15, ABplpapapaa, 3399, 0, 0, 0, , 0, 0, 0, 0, 0, 
88, 1, 89, 87, -1, 237, 226, 16.0, 11, ABplpapaaap, 3679, 0, 0, 0, , 0, 0, 0, 0, 0, 
89, 1, 90, 88, -1, 252, 225, 16.0, 13, ABplpapaaaa, 4470, 0, 0, 0, , 0, 0, 0, 0, 0, 
90, 1, 91, 89, -1, 211, 251, 18.5, 13, ABplppapaap, 8289, 0, 0, 0, , 0, 0, 0, 0, 0, 
91, 1, 92, 90, -1, 298, 243, 12.0, 13, ABplpaaaaaa, 6557, 0, 0, 0, , 0, 0, 0, 0, 0, 
92, 1, 93, 91, -1, 287, 194, 11.0, 13, ABplpaapapp, 6658, 0, 0, 0, , 0, 0, 0, 0, 0, 
93, 1, 94, 92, -1, 260, 278, 14.0, 13, ABplpaappap, 3211, 0, 0, 0, , 0, 0, 0, 0, 0, 
94, 1, 95, 93, -1, 262, 259, 13.0, 17, ABplpaappaa, 8000, 0, 0, 0, , 0, 0, 0, 0, 0, 
95, 1, 720, 94, -1, 270, 241, 14.0, 13, MSapppaa, 2034, 0, 0, 0, , 0, 0, 0, 0, 0, 
96, 1, 97, 95, -1, 270, 283, 12.0, 15, ABplpaapaap, 6335, 0, 0, 0, , 0, 0, 0, 0, 0, 
97, 0, 98, -1, -1, 297, 282, 17.0, 11, , 752, 0, 0, 0, , 0, 0, 0, 0, 0, 
98, 1, 99, 97, -1, 352, 244, 16.0, 13, ABplpaapapa, 6953, 0, 0, 0, , 0, 0, 0, 0, 0, 
99, 1, 100, 98, -1, 355, 205, 24.0, 13, ABplaapaaaa, 5573, 0, 0, 0, , 0, 0, 0, 0, 0, 
100, 1, 101, 99, -1, 355, 210, 21.0, 17, ABplaapaaap, 5690, 0, 0, 0, , 0, 0, 0, 0, 0, 
101, 1, 102, 100, -1, 337, 244, 16.0, 13, ABplaapaapa, 7038, 0, 0, 0, , 0, 0, 0, 0, 0, 
102, 0, 103, -1, -1, 312, 288, 18.0, 11, , 1027, 0, 0, 0, , 0, 0, 0, 0, 0, 
103, 1, 104, 102, -1, 286, 296, 17.0, 9, ABplaapapppp, 2748, 0, 0, 0, , 0, 0, 0, 0, 0, 
104, 1, 105, 103, -1, 273, 288, 17.0, 13, ABplaapapap, 4802, 0, 0, 0, , 0, 0, 0, 0, 0, 
105, 1, 106, 104, -1, 265, 271, 16.0, 13, ABplaapapaa, 2921, 0, 0, 0, , 0, 0, 0, 0, 0, 
106, 0, 107, -1, -1, 333, 266, 28.0, 11, , 1350, 0, 0, 0, , 0, 0, 0, 0, 0, 
107, 1, 108, 106, -1, 367, 233, 27.0, 13, ABplaaaapp, 3483, 0, 0, 0, , 0, 0, 0, 0, 0, 
108, 1, 109, 107, -1, 340, 242, 12.0, 17, ABplaaappa, 7394, 0, 0, 0, , 0, 0, 0, 0, 0, 
109, 0, 110, -1, -1, 327, 267, 18.0, 9, , 906, 0, 0, 0, , 0, 0, 0, 0, 0, 
110, 0, 111, -1, -1, 338, 273, 15.0, 15, , 5001, 0, 0, 0, , 0, 0, 0, 0, 0, 
111, 1, 112, 110, -1, 335, 253, 21.0, 9, ABalppppapa, 492, 0, 0, 0, , 0, 0, 0, 0, 0, 
112, 1, 113, 111, -1, 333, 199, 16.0, 15, ABplaaapaa, 5774, 0, 0, 0, , 0, 0, 0, 0, 0, 
113, 1, 114, 112, -1, 158, 231, 15.0, 13, ABplappppa, 5209, 0, 0, 0, , 0, 0, 0, 0, 0, 
114, 1, 115, 113, -1, 105, 238, 12.0, 15, ABplappppp, 4750, 0, 0, 0, , 0, 0, 0, 0, 0, 
115, 0, 116, -1, -1, 114, 267, 10.0, 15, , 9954, 0, 0, 0, , 0, 0, 0, 0, 0, 
116, 1, 117, 115, -1, 80, 281, 11.0, 15, Cpappd, 3817, 0, 0, 0, , 0, 0, 0, 0, 0, 
117, 0, 118, -1, -1, 89, 296, 13.0, 9, , 1205, 0, 0, 0, , 0, 0, 0, 0, 0, 
118, 0, 119, -1, -1, 201, 314, 9.0, 9, , 664, 0, 0, 0, , 0, 0, 0, 0, 0, 
119, 1, 120, 116, -1, 142, 328, 11.0, 19, ABplappapp, 13218, 0, 0, 0, , 0, 0, 0, 0, 0, 
120, 1, 121, 117, -1, 188, 338, 14.0, 17, ABplappapa, 8476, 0, 0, 0, , 0, 0, 0, 0, 0, 
121, 1, 122, 118, -1, 227, 299, 11.0, 17, ABplapaapp, 9770, 0, 0, 0, , 0, 0, 0, 0, 0, 
122, 1, 123, 119, -1, 321, 283, 23.0, 11, ABarppaaaa, 5133, 0, 0, 0, , 0, 0, 0, 0, 0, 
123, 0, 124, -1, -1, 254, 302, 18.0, 11, , 992, 0, 0, 0, , 0, 0, 0, 0, 0, 
124, 1, 125, 121, -1, 119, 305, 10.0, 15, ABplapapap, 6894, 0, 0, 0, , 0, 0, 0, 0, 0, 
125, 1, 126, 122, -1, 120, 284, 11.0, 15, ABplapappa, 4338, 0, 0, 0, , 0, 0, 0, 0, 0, 
126, 1, 127, 123, -1, 107, 328, 13.0, 17, ABplapapaa, 7843, 0, 0, 0, , 0, 0, 0, 0, 0, 
127, 1, 128, 124, -1, 231, 204, 18.0, 11, ABprpapaaap, 2689, 0, 0, 0, , 0, 0, 0, 0, 0, 
128, 1, 129, 125, -1, 143, 263, 16.0, 11, ABprpapappp, 3545, 0, 0, 0, , 0, 0, 0, 0, 0, 
129, 1, 130, 126, -1, 210, 214, 22.0, 13, ABprpapapaa, 3720, 0, 0, 0, , 0, 0, 0, 0, 0, 
130, 1, 131, 127, -1, 86, 282, 18.0, 17, Eplppp, 9507, 0, 0, 0, , 0, 0, 0, 0, 0, 
131, 1, 132, 128, -1, 102, 243, 22.0, 13, ABprpappppa, 5973, 0, 0, 0, , 0, 0, 0, 0, 0, 
132, 0, 133, -1, -1, 187, 252, 17.0, 13, , 5213, 0, 0, 0, , 0, 0, 0, 0, 0, 
133, 1, 134, 130, -1, 248, 216, 19.0, 13, ABprpappaap, 4245, 0, 0, 0, , 0, 0, 0, 0, 0, 
134, 1, 135, 131, -1, 297, 203, 19.0, 15, ABarapapapa, 2670, 0, 0, 0, , 0, 0, 0, 0, 0, 
135, 1, 136, 132, -1, 227, 181, 28.0, 13, ABprpaaaaap, 5572, 0, 0, 0, , 0, 0, 0, 0, 0, 
136, 1, 725, 133, -1, 237, 203, 29.0, 11, ABpraaappap, 3684, 0, 0, 0, , 0, 0, 0, 0, 0, 
137, 1, 138, 134, -1, 190, 255, 15.0, 13, ABprpaaaapp, 1585, 0, 0, 0, , 0, 0, 0, 0, 0, 
138, 1, 139, 135, -1, 228, 196, 14.0, 15, ABprpaaaapa, 5577, 0, 0, 0, , 0, 0, 0, 0, 0, 
139, 1, 140, 136, -1, 263, 181, 27.0, 13, ABprpaaaaaa, 5680, 0, 0, 0, , 0, 0, 0, 0, 0, 
140, 1, 141, 137, -1, 251, 184, 19.0, 11, ABprpapaapp, 1585, 0, 0, 0, , 0, 0, 0, 0, 0, 
141, 1, 142, 138, -1, 243, 194, 19.0, 9, ABprpapaapa, 1607, 0, 0, 0, , 0, 0, 0, 0, 0, 
142, 1, 143, 139, -1, 260, 173, 23.0, 15, ABprpaaappp, 7687, 0, 0, 0, , 0, 0, 0, 0, 0, 
143, 1, 144, 140, -1, 282, 163, 22.0, 15, ABprpaaapap, 7000, 0, 0, 0, , 0, 0, 0, 0, 0, 
144, 1, 145, 141, -1, 217, 205, 32.0, 13, ABprpaapaap, 5186, 0, 0, 0, , 0, 0, 0, 0, 0, 
145, 1, 146, 142, -1, 310, 183, 33.0, 15, ABprpaapapa, 6155, 0, 0, 0, , 0, 0, 0, 0, 0, 
146, 1, 147, 143, -1, 216, 212, 29.0, 13, ABprpaappap, 4658, 0, 0, 0, , 0, 0, 0, 0, 0, 
147, 1, 148, 144, -1, 225, 198, 28.0, 11, ABprpaappaa, 3073, 0, 0, 0, , 0, 0, 0, 0, 0, 
148, 1, 149, 145, -1, 119, 249, 27.0, 17, ABprpppaapa, 11524, 0, 0, 0, , 0, 0, 0, 0, 0, 
149, 1, 150, 146, -1, 134, 275, 22.0, 15, ABprpppaaap, 8095, 0, 0, 0, , 0, 0, 0, 0, 0, 
150, 1, 151, 147, -1, 152, 258, 22.0, 15, ABprpppaaaa, 13565, 0, 0, 0, , 0, 0, 0, 0, 0, 
151, 1, 152, 148, -1, 139, 221, 25.0, 17, ABprpppapaa, 5837, 0, 0, 0, , 0, 0, 0, 0, 0, 
152, 1, 153, 149, -1, 153, 229, 22.0, 15, ABprppppapa, 3649, 0, 0, 0, , 0, 0, 0, 0, 0, 
153, 1, 154, 150, -1, 141, 227, 19.0, 15, ABprppppapp, 5034, 0, 0, 0, , 0, 0, 0, 0, 0, 
154, 1, 155, 151, -1, 133, 251, 23.0, 13, ABprppppaaa, 4039, 0, 0, 0, , 0, 0, 0, 0, 0, 
155, 1, 156, 152, -1, 115, 247, 23.0, 13, ABprppppaap, 3687, 0, 0, 0, , 0, 0, 0, 0, 0, 
156, 1, 157, 153, -1, 126, 276, 26.0, 17, ABprpppppaa, 5676, 0, 0, 0, , 0, 0, 0, 0, 0, 
157, 1, 158, 154, -1, 118, 267, 24.0, 13, ABprpppppap, 3445, 0, 0, 0, , 0, 0, 0, 0, 0, 
158, 1, 159, 155, -1, 212, 190, 27.0, 13, ABprppaapap, 4237, 0, 0, 0, , 0, 0, 0, 0, 0, 
159, 0, 160, -1, -1, 226, 166, 22.0, 11, , 2330, 0, 0, 0, , 0, 0, 0, 0, 0, 
160, 1, 161, 156, -1, 204, 212, 17.0, 13, ABprppaappa, 4700, 0, 0, 0, , 0, 0, 0, 0, 0, 
161, 1, 162, 157, -1, 144, 274, 18.0, 11, ABprppaappp, 4646, 0, 0, 0, , 0, 0, 0, 0, 0, 
162, 0, -1, -1, -1, 218, 172, 28.0, 9, , 891, 0, 0, 0, , 0, 0, 0, 0, 0, 
163, 1, 164, 159, -1, 206, 196, 29.0, 15, ABprppaaaapa, 2806, 0, 0, 0, , 0, 0, 0, 0, 0, 
164, 1, 165, 160, -1, 193, 211, 19.0, 15, ABprppapaaa, 6173, 0, 0, 0, , 0, 0, 0, 0, 0, 
165, 1, 166, 161, -1, 203, 262, 20.0, 11, ABprppapaap, 5034, 0, 0, 0, , 0, 0, 0, 0, 0, 
166, 1, 167, 162, -1, 189, 265, 19.0, 11, ABprppappap, 4462, 0, 0, 0, , 0, 0, 0, 0, 0, 
167, 1, 168, 163, -1, 185, 271, 22.0, 15, ABprppapapa, 3721, 0, 0, 0, , 0, 0, 0, 0, 0, 
168, 1, 169, 164, -1, 154, 301, 22.0, 13, ABprppapapp, 3279, 0, 0, 0, , 0, 0, 0, 0, 0, 
169, 1, 170, 165, -1, 134, 269, 19.0, 13, ABprppapppp, 2583, 0, 0, 0, , 0, 0, 0, 0, 0, 
170, 1, 171, 166, -1, 191, 245, 20.0, 13, ABprppappaa, 3700, 0, 0, 0, , 0, 0, 0, 0, 0, 
171, 1, 172, 167, -1, 348, 197, 25.0, 13, ABpraapaaaa, 3692, 0, 0, 0, , 0, 0, 0, 0, 0, 
172, 1, 173, 168, -1, 332, 211, 33.0, 15, ABarpapaaap, 4828, 0, 0, 0, , 0, 0, 0, 0, 0, 
173, 1, 174, 169, -1, 280, 195, 33.0, 15, ABpraapaapp, 5199, 0, 0, 0, , 0, 0, 0, 0, 0, 
174, 1, 175, 170, -1, 238, 225, 29.0, 13, ABpraapapap, 5064, 0, 0, 0, , 0, 0, 0, 0, 0, 
175, 1, 176, 171, -1, 227, 218, 26.0, 11, ABpraapapaa, 1144, 0, 0, 0, , 0, 0, 0, 0, 0, 
176, 0, 177, -1, -1, 242, 160, 30.0, 9, , 1211, 0, 0, 0, , 0, 0, 0, 0, 0, 
177, 1, 178, 173, -1, 238, 219, 26.0, 13, ABpraapappa, 3901, 0, 0, 0, , 0, 0, 0, 0, 0, 
178, 1, 179, 174, -1, 199, 226, 32.0, 15, ABpraapppp, 864, 0, 0, 0, , 0, 0, 0, 0, 0, 
179, 1, 180, 175, -1, 311, 167, 19.0, 13, ABpraappaa, 4700, 0, 0, 0, , 0, 0, 0, 0, 0, 
180, 1, 181, 176, -1, 256, 200, 26.0, 15, MSppapap, 4225, 0, 0, 0, , 0, 0, 0, 0, 0, 
181, 1, 182, 202, -1, 252, 215, 30.0, 11, ABpraaapaad, 2058, 0, 0, 0, , 0, 0, 0, 0, 0, 
182, 1, 183, 177, -1, 223, 225, 35.0, 13, ABpraaapppap, 2806, 0, 0, 0, , 0, 0, 0, 0, 0, 
183, 1, 184, 178, -1, 244, 173, 26.0, 13, ABpraaaaaaa, 3685, 0, 0, 0, , 0, 0, 0, 0, 0, 
184, 1, 185, 179, -1, 256, 169, 30.0, 14, ABalaappapa, 967, 0, 0, 0, , 0, 0, 0, 0, 0, 
185, 1, 186, 180, -1, 131, 298, 33.0, 15, ABprappapp, 6589, 0, 0, 0, , 0, 0, 0, 0, 0, 
186, 1, 187, 181, -1, 166, 299, 34.0, 15, ABprappapa, 6177, 0, 0, 0, , 0, 0, 0, 0, 0, 
187, 1, 188, 182, -1, 155, 286, 32.0, 17, ABprappaap, 5148, 0, 0, 0, , 0, 0, 0, 0, 0, 
188, 1, 189, 183, -1, 180, 265, 29.0, 15, ABprappaaa, 6824, 0, 0, 0, , 0, 0, 0, 0, 0, 
189, 1, 190, 184, -1, 125, 242, 29.0, 17, ABprapppaaa, 5750, 0, 0, 0, , 0, 0, 0, 0, 0, 
190, 1, 191, 185, -1, 130, 222, 29.0, 13, ABprapppappa, 3384, 0, 0, 0, , 0, 0, 0, 0, 0, 
191, 1, 192, 186, -1, 93, 231, 23.0, 13, ABprapappppp, 2943, 0, 0, 0, , 0, 0, 0, 0, 0, 
192, 1, 193, 187, -1, 109, 222, 24.0, 15, ABprappppp, 7014, 0, 0, 0, , 0, 0, 0, 0, 0, 
193, 1, 194, 188, -1, 150, 216, 14.0, 13, ABplpppapap, 3827, 0, 0, 0, , 0, 0, 0, 0, 0, 
194, 1, 195, 189, -1, 215, 230, 29.0, 15, ABprapaaapa, 19174, 0, 0, 0, , 0, 0, 0, 0, 0, 
195, 0, 196, -1, -1, 215, 248, 31.0, 15, , 3668, 0, 0, 0, , 0, 0, 0, 0, 0, 
196, 1, 197, 191, -1, 215, 247, 29.0, 17, ABprapaaapp, 7813, 0, 0, 0, , 0, 0, 0, 0, 0, 
197, 1, 198, 192, -1, 191, 244, 29.0, 15, ABprapaapp, 6444, 0, 0, 0, , 0, 0, 0, 0, 0, 
198, 1, 199, 193, -1, 204, 192, 19.0, 13, ABprapaapa, 8340, 0, 0, 0, , 0, 0, 0, 0, 0, 
199, 1, 200, 194, -1, 138, 251, 30.0, 13, ABprapappa, 4959, 0, 0, 0, , 0, 0, 0, 0, 0, 
200, 1, 202, 195, -1, 120, 272, 31.0, 15, ABprapapap, 5456, 0, 0, 0, , 0, 0, 0, 0, 0, 
201, 1, 203, 196, -1, 100, 289, 32.0, 17, ABprapapaa, 10451, 0, 0, 0, , 0, 0, 0, 0, 0, 
202, 1, 204, 197, -1, 289, 261, 34.0, 17, MSppppap, 4496, 0, 0, 0, , 0, 0, 0, 0, 0, 
203, 1, 205, 198, -1, 309, 273, 33.0, 15, MSpppppp, 3300, 0, 0, 0, , 0, 0, 0, 0, 0, 
204, 1, 206, 199, -1, 161, 285, 28.0, 17, Cppaapa, 11164, 0, 0, 0, , 0, 0, 0, 0, 0, 
205, 1, 207, 200, -1, 243, 204, 21.0, 17, ABprpapaaaa, 3175, 0, 0, 0, , 0, 0, 0, 0, 0, 
206, 1, 208, 201, -1, 117, 280, 21.0, 13, MSppaapp, 4377, 0, 0, 0, , 0, 0, 0, 0, 0, 
207, 0, 209, -1, -1, 251, 210, 29.0, 15, , 7142, 0, 0, 0, , 0, 0, 0, 0, 0, 
208, 1, 210, 203, -1, 278, 210, 28.0, 11, MSppaaaad, 1581, 0, 0, 0, , 0, 0, 0, 0, 0, 
209, 1, 211, 204, -1, 266, 215, 26.0, 13, ABarapapaapa, 3782, 0, 0, 0, , 0, 0, 0, 0, 0, 
210, 1, 212, 205, -1, 210, 290, 26.0, 13, MSpapappp, 2872, 0, 0, 0, , 0, 0, 0, 0, 0, 
211, 1, 213, 206, -1, 210, 270, 25.0, 15, MSpapapaa, 2567, 0, 0, 0, , 0, 0, 0, 0, 0, 
212, 1, 214, 207, -1, 223, 240, 25.0, 13, MSpapaaap, 4322, 0, 0, 0, , 0, 0, 0, 0, 0, 
213, 1, 215, 208, -1, 164, 302, 14.0, 17, MSpappaa, 5162, 0, 0, 0, , 0, 0, 0, 0, 0, 
214, 1, 216, 209, -1, 176, 257, 23.0, 13, MSpappppa, 3010, 0, 0, 0, , 0, 0, 0, 0, 0, 
215, 1, 217, 210, -1, 171, 273, 25.0, 15, MSpappppp, 2520, 0, 0, 0, , 0, 0, 0, 0, 0, 
216, 1, 218, 211, -1, 261, 309, 29.0, 13, MSpaaappp, 4303, 0, 0, 0, , 0, 0, 0, 0, 0, 
217, 1, 219, 212, -1, 258, 304, 25.0, 15, MSpaaapaa, 4976, 0, 0, 0, , 0, 0, 0, 0, 0, 
218, 1, 220, 213, -1, 277, 268, 30.0, 13, MSpaaaapp, 6067, 0, 0, 0, , 0, 0, 0, 0, 0, 
219, 1, 221, 214, -1, 289, 283, 30.0, 13, MSpaaaaaa, 5083, 0, 0, 0, , 0, 0, 0, 0, 0, 
220, 1, 222, 215, -1, 264, 278, 32.0, 17, ABaraappapp, 10118, 0, 0, 0, , 0, 0, 0, 0, 0, 
221, 1, 223, 216, -1, 234, 253, 28.0, 13, ABaraappppa, 5195, 0, 0, 0, , 0, 0, 0, 0, 0, 
222, 1, 224, 217, -1, 250, 267, 32.0, 15, ABaraapppap, 5070, 0, 0, 0, , 0, 0, 0, 0, 0, 
223, 1, 225, 218, -1, 255, 297, 28.0, 11, MSpaapaap, 1584, 0, 0, 0, , 0, 0, 0, 0, 0, 
224, 1, 226, 219, -1, 279, 293, 30.0, 15, MSpaaappa, 5133, 0, 0, 0, , 0, 0, 0, 0, 0, 
225, 1, 227, 220, -1, 251, 286, 30.0, 13, MSpaapaaa, 2978, 0, 0, 0, , 0, 0, 0, 0, 0, 
226, 1, 228, 221, -1, 296, 304, 23.0, 13, MSapppap, 2913, 0, 0, 0, , 0, 0, 0, 0, 0, 
227, 0, 229, -1, -1, 322, 257, 34.0, 19, , 6989, 0, 0, 0, , 0, 0, 0, 0, 0, 
228, 1, 230, 223, -1, 311, 286, 29.0, 13, MSappaaa, 3378, 0, 0, 0, , 0, 0, 0, 0, 0, 
229, 1, 231, 224, -1, 279, 298, 23.0, 15, ABaraapaapp, 7906, 0, 0, 0, , 0, 0, 0, 0, 0, 
230, 0, 232, -1, -1, 357, 264, 29.0, 11, , 961, 0, 0, 0, , 0, 0, 0, 0, 0, 
231, 1, 233, 226, -1, 124, 293, 22.0, 17, MSapaapp, 3572, 0, 0, 0, , 0, 0, 0, 0, 0, 
232, 1, 234, 227, -1, 312, 256, 19.0, 13, MSapaaaad, 2712, 0, 0, 0, , 0, 0, 0, 0, 0, 
233, 1, 235, 228, -1, 265, 285, 26.0, 11, MSaaaaapap, 1847, 0, 0, 0, , 0, 0, 0, 0, 0, 
234, 1, 236, 229, -1, 325, 260, 24.0, 13, MSaaaaaal, 3733, 0, 0, 0, , 0, 0, 0, 0, 0, 
235, 1, 237, 230, -1, 273, 309, 29.0, 13, MSaaaapaa, 3451, 0, 0, 0, , 0, 0, 0, 0, 0, 
236, 1, 238, 231, -1, 284, 299, 27.0, 15, MSaaaapap, 4544, 0, 0, 0, , 0, 0, 0, 0, 0, 
237, 1, 239, 232, -1, 246, 311, 26.0, 11, MSaaaappa, 3123, 0, 0, 0, , 0, 0, 0, 0, 0, 
238, 1, 240, 233, -1, 240, 310, 29.0, 13, MSpaaapap, 3615, 0, 0, 0, , 0, 0, 0, 0, 0, 
239, 1, 241, 234, -1, 247, 312, 22.0, 13, MSaaapapa, 3329, 0, 0, 0, , 0, 0, 0, 0, 0, 
240, 1, 242, 235, -1, 220, 283, 23.0, 13, MSaaapapp, 1657, 0, 0, 0, , 0, 0, 0, 0, 0, 
241, 1, 243, 236, -1, 227, 325, 24.0, 11, MSaaappa, 2435, 0, 0, 0, , 0, 0, 0, 0, 0, 
242, 1, 244, 237, -1, 234, 329, 27.0, 15, MSaaappp, 4435, 0, 0, 0, , 0, 0, 0, 0, 0, 
243, 1, 245, 238, -1, 196, 279, 13.0, 13, MSaappppa, 2827, 0, 0, 0, , 0, 0, 0, 0, 0, 
244, 1, 246, 239, -1, 181, 292, 14.0, 13, MSaappppp, 2076, 0, 0, 0, , 0, 0, 0, 0, 0, 
245, 1, 247, 240, -1, 235, 260, 17.0, 15, MSaapaaap, 3581, 0, 0, 0, , 0, 0, 0, 0, 0, 
246, 1, 248, 241, -1, 256, 256, 21.0, 11, MSaapaaaa, 2992, 0, 0, 0, , 0, 0, 0, 0, 0, 
247, 1, 249, 242, -1, 217, 292, 20.0, 13, MSaapappp, 3054, 0, 0, 0, , 0, 0, 0, 0, 0, 
248, 1, 250, 243, -1, 252, 298, 20.0, 11, MSaapappa, 2757, 0, 0, 0, , 0, 0, 0, 0, 0, 
249, 1, 251, 244, -1, 224, 276, 19.0, 13, MSaapapaa, 2212, 0, 0, 0, , 0, 0, 0, 0, 0, 
250, 1, 252, 245, -1, 237, 284, 21.0, 13, MSaapapap, 3388, 0, 0, 0, , 0, 0, 0, 0, 0, 
251, 1, 253, 246, -1, 73, 312, 15.0, 13, Cappapa, 5520, 0, 0, 0, , 0, 0, 0, 0, 0, 
252, 1, 254, 247, -1, 202, 354, 22.0, 19, Cappaaa, 12738, 0, 0, 0, , 0, 0, 0, 0, 0, 
253, 1, 255, 248, -1, 60, 296, 17.0, 17, Capppap, 4646, 0, 0, 0, , 0, 0, 0, 0, 0, 
254, 1, 256, 249, -1, 92, 356, 20.0, 15, Capppaa, 8947, 0, 0, 0, , 0, 0, 0, 0, 0, 
255, 1, 257, 250, -1, 94, 349, 17.0, 15, Capapap, 5383, 0, 0, 0, , 0, 0, 0, 0, 0, 
256, 1, 258, 251, -1, 142, 268, 13.0, 17, Capappp, 6756, 0, 0, 0, , 0, 0, 0, 0, 0, 
257, 1, 259, 252, -1, 134, 291, 12.0, 17, Capappa, 6976, 0, 0, 0, , 0, 0, 0, 0, 0, 
258, 1, 260, 253, -1, 188, 300, 12.0, 15, Capaaap, 6491, 0, 0, 0, , 0, 0, 0, 0, 0, 
259, 1, 261, 254, -1, 211, 282, 12.0, 15, Capaaaa, 6232, 0, 0, 0, , 0, 0, 0, 0, 0, 
260, 1, 262, 710, -1, 117, 210, 17.0, 15, ABprppppppp, 2139, 0, 0, 0, , 0, 0, 0, 0, 0, 
261, 1, 263, 255, -1, 107, 219, 21.0, 13, Caappv, 4544, 0, 0, 0, , 0, 0, 0, 0, 0, 
262, 1, 264, 256, -1, 98, 228, 14.0, 13, Cpappv, 3878, 0, 0, 0, , 0, 0, 0, 0, 0, 
263, 0, 265, -1, -1, 160, 286, 30.0, 15, , 6367, 0, 0, 0, , 0, 0, 0, 0, 0, 
264, 1, 266, 258, -1, 174, 266, 27.0, 15, Cppaaap, 3761, 0, 0, 0, , 0, 0, 0, 0, 0, 
265, 1, 267, 259, -1, 185, 245, 26.0, 15, Cppaaaa, 5046, 0, 0, 0, , 0, 0, 0, 0, 0, 
266, 1, 268, 260, -1, 144, 249, 26.0, 17, Cppappp, 6796, 0, 0, 0, , 0, 0, 0, 0, 0, 
267, 1, 269, 261, -1, 128, 265, 27.0, 15, Cppappa, 4014, 0, 0, 0, , 0, 0, 0, 0, 0, 
268, 1, 270, 262, -1, 170, 355, 32.0, 13, Cpppaap, 1553, 0, 0, 0, , 0, 0, 0, 0, 0, 
269, 1, 271, 263, -1, 216, 322, 34.0, 15, Cpppaaa, 5267, 0, 0, 0, , 0, 0, 0, 0, 0, 
270, 1, 273, 264, -1, 248, 234, 13.0, 13, Daapa, 5211, 0, 0, 0, , 0, 0, 0, 0, 0, 
271, 1, 274, 265, -1, 232, 237, 12.0, 15, Daapp, 8621, 0, 0, 0, , 0, 0, 0, 0, 0, 
272, 0, 275, -1, -1, 247, 301, 16.0, 15, , 4755, 0, 0, 0, , 0, 0, 0, 0, 0, 
273, 1, 276, 267, -1, 290, 317, 25.0, 13, Dappaa, 3651, 0, 0, 0, , 0, 0, 0, 0, 0, 
274, 1, 277, 268, -1, 272, 321, 22.0, 17, Daaap, 5094, 0, 0, 0, , 0, 0, 0, 0, 0, 
275, 1, 278, 269, -1, 208, 194, 22.0, 15, Dpapp, 5192, 0, 0, 0, , 0, 0, 0, 0, 0, 
276, 1, 279, 270, -1, 231, 182, 23.0, 17, Dpapa, 10191, 0, 0, 0, , 0, 0, 0, 0, 0, 
277, 1, 280, 271, -1, 229, 209, 22.0, 13, ABprpappapa, 3620, 0, 0, 0, , 0, 0, 0, 0, 0, 
278, 1, 281, 272, -1, 235, 327, 33.0, 19, Dppppa, 5846, 0, 0, 0, , 0, 0, 0, 0, 0, 
279, 1, 282, 273, -1, 254, 309, 33.0, 15, Dpppap, 3483, 0, 0, 0, , 0, 0, 0, 0, 0, 
280, 1, 283, 274, -1, 282, 287, 34.0, 19, Dpppaa, 15010, 0, 0, 0, , 0, 0, 0, 0, 0, 
281, 1, 284, 275, -1, 195, 226, 26.0, 13, Dppaa, 3393, 0, 0, 0, , 0, 0, 0, 0, 0, 
282, 1, 285, 276, -1, 236, 300, 34.0, 15, Dppap, 4706, 0, 0, 0, , 0, 0, 0, 0, 0, 
283, 0, 286, -1, -1, 381, 243, 24.0, 15, , 4688, 0, 0, 0, , 0, 0, 0, 0, 0, 
284, 1, 287, 278, -1, 280, 265, 16.0, 13, ABplaapappa, 3642, 0, 0, 0, , 0, 0, 0, 0, 0, 
285, 1, 288, 279, -1, 281, 297, 11.0, 11, ABalppppppap, 3112, 0, 0, 0, , 0, 0, 0, 0, 0, 
286, 1, 289, 280, -1, 353, 225, 14.0, 13, ABplaaapap, 1619, 0, 0, 0, , 0, 0, 0, 0, 0, 
287, 1, 290, 281, -1, 283, 245, 12.0, 11, ABalpppaaaa, 2494, 0, 0, 0, , 0, 0, 0, 0, 0, 
288, 1, 291, 282, -1, 311, 208, 15.0, 13, ABalpppaaap, 1915, 0, 0, 0, , 0, 0, 0, 0, 0, 
289, 1, 292, 283, -1, 334, 225, 11.0, 13, ABalpppaapd, 4685, 0, 0, 0, , 0, 0, 0, 0, 0, 
290, 1, 293, 284, -1, 330, 225, 17.0, 13, ABalpppaapv, 3580, 0, 0, 0, , 0, 0, 0, 0, 0, 
291, 1, 294, 285, -1, 292, 259, 12.0, 11, ABalpppapad, 1958, 0, 0, 0, , 0, 0, 0, 0, 0, 
292, 1, 295, 286, -1, 294, 232, 11.0, 13, ABalpppapav, 3344, 0, 0, 0, , 0, 0, 0, 0, 0, 
293, 1, 296, 287, -1, 323, 207, 13.0, 13, ABalppaaapp, 5206, 0, 0, 0, , 0, 0, 0, 0, 0, 
294, 1, 297, 288, -1, 270, 257, 12.0, 17, ABplpaaaaap, 6218, 0, 0, 0, , 0, 0, 0, 0, 0, 
295, 1, 298, 289, -1, 295, 195, 16.0, 11, ABalppapppaa, 1670, 0, 0, 0, , 0, 0, 0, 0, 0, 
296, 1, 299, 290, -1, 279, 209, 15.0, 11, ABalppapppap, 3040, 0, 0, 0, , 0, 0, 0, 0, 0, 
297, 0, 300, -1, -1, 307, 280, 18.0, 11, , 2269, 0, 0, 0, , 0, 0, 0, 0, 0, 
298, 1, 301, 292, -1, 259, 207, 16.0, 15, ABalpapapaa, 12547, 0, 0, 0, , 0, 0, 0, 0, 0, 
299, 0, 302, -1, -1, 319, 196, 11.0, 11, , 1652, 0, 0, 0, , 0, 0, 0, 0, 0, 
300, 1, 303, 294, -1, 316, 176, 16.0, 13, ABplaappaa, 4773, 0, 0, 0, , 0, 0, 0, 0, 0, 
301, 1, 304, 295, -1, 316, 245, 12.0, 13, ABalppapaaa, 5558, 0, 0, 0, , 0, 0, 0, 0, 0, 
302, 1, 305, 296, -1, 304, 174, 17.0, 9, ABalpapaapp, 588, 0, 0, 0, , 0, 0, 0, 0, 0, 
303, 0, 306, -1, -1, 260, 204, 11.0, 11, , 2871, 0, 0, 0, , 0, 0, 0, 0, 0, 
304, 1, 307, 298, -1, 287, 227, 18.0, 11, ABalpaaaapa, 4690, 0, 0, 0, , 0, 0, 0, 0, 0, 
305, 1, 308, 299, -1, 274, 233, 18.0, 11, ABalpaaaaap, 4097, 0, 0, 0, , 0, 0, 0, 0, 0, 
306, 0, 309, -1, -1, 252, 240, 26.0, 15, , 6614, 0, 0, 0, , 0, 0, 0, 0, 0, 
307, 1, 310, 301, -1, 297, 258, 17.0, 11, MSapapap, 2577, 0, 0, 0, , 0, 0, 0, 0, 0, 
308, 1, 311, 302, -1, 296, 277, 23.0, 15, ABalpaapapa, 9893, 0, 0, 0, , 0, 0, 0, 0, 0, 
309, 1, 312, 303, -1, 264, 228, 20.0, 11, ABalpaaaapp, 8435, 0, 0, 0, , 0, 0, 0, 0, 0, 
310, 1, 313, 304, -1, 306, 219, 20.0, 15, ABalpaaaaaa, 9291, 0, 0, 0, , 0, 0, 0, 0, 0, 
311, 0, 314, -1, -1, 258, 242, 24.0, 9, , 679, 0, 0, 0, , 0, 0, 0, 0, 0, 
312, 1, 315, 306, -1, 347, 227, 17.0, 13, ABalpaapppp, 2878, 0, 0, 0, , 0, 0, 0, 0, 0, 
313, 1, 316, 307, -1, 331, 205, 21.0, 15, ABalpaappaa, 4266, 0, 0, 0, , 0, 0, 0, 0, 0, 
314, 0, 317, -1, -1, 310, 229, 22.0, 15, , 3141, 0, 0, 0, , 0, 0, 0, 0, 0, 
315, 0, 318, -1, -1, 270, 224, 16.0, 11, , 4060, 0, 0, 0, , 0, 0, 0, 0, 0, 
316, 1, 319, 310, -1, 123, 342, 21.0, 21, Ealpp, 27454, 0, 0, 0, , 0, 0, 0, 0, 0, 
317, 1, 320, 311, -1, 194, 308, 21.0, 19, Ealpa, 15980, 0, 0, 0, , 0, 0, 0, 0, 0, 
318, 1, 321, 312, -1, 244, 339, 23.0, 17, Dapap, 7164, 0, 0, 0, , 0, 0, 0, 0, 0, 
319, 1, 322, 313, -1, 228, 273, 13.0, 15, Dapaa, 3877, 0, 0, 0, , 0, 0, 0, 0, 0, 
320, 1, 323, 314, -1, 238, 295, 20.0, 13, MSaapaapp, 3555, 0, 0, 0, , 0, 0, 0, 0, 0, 
321, 1, 324, 315, -1, 237, 274, 17.0, 9, MSaapaapaa, 1225, 0, 0, 0, , 0, 0, 0, 0, 0, 
322, 1, 325, 316, -1, 235, 287, 17.0, 13, MSaapaapap, 2789, 0, 0, 0, , 0, 0, 0, 0, 0, 
323, 1, 327, 317, -1, 251, 263, 12.0, 13, ABplppaapap, 5887, 0, 0, 0, , 0, 0, 0, 0, 0, 
324, 1, 329, 318, -1, 338, 267, 19.0, 13, ABalaaaalal, 3250, 0, 0, 0, , 0, 0, 0, 0, 0, 
325, 1, 330, 319, -1, 326, 245, 18.0, 13, ABalapaappp, 1978, 0, 0, 0, , 0, 0, 0, 0, 0, 
326, 1, 331, 320, -1, 279, 218, 35.0, 13, ABalaaapprr, 3161, 0, 0, 0, , 0, 0, 0, 0, 0, 
327, 1, 332, 763, -1, 303, 175, 26.0, 13, ABalaaapprl, 2891, 0, 0, 0, , 0, 0, 0, 0, 0, 
328, 1, 333, 322, -1, 94, 354, 27.0, 13, Cppppaa, 2358, 0, 0, 0, , 0, 0, 0, 0, 0, 
329, 0, 334, -1, -1, 87, 347, 27.0, 13, , 2594, 0, 0, 0, , 0, 0, 0, 0, 0, 
330, 1, 335, 324, -1, 64, 305, 25.0, 17, Cppppap, 4067, 0, 0, 0, , 0, 0, 0, 0, 0, 
331, 0, 336, -1, -1, 103, 330, 27.0, 13, , 4645, 0, 0, 0, , 0, 0, 0, 0, 0, 
332, 1, 337, 326, -1, 212, 235, 12.0, 15, ABplppapaaa, 5092, 0, 0, 0, , 0, 0, 0, 0, 0, 
333, 1, 338, 327, -1, 314, 304, 22.0, 13, ABalaaaalar, 3928, 0, 0, 0, , 0, 0, 0, 0, 0, 
334, 0, 339, -1, -1, 284, 166, 23.0, 11, , 3210, 0, 0, 0, , 0, 0, 0, 0, 0, 
335, 1, 340, 329, -1, 163, 290, 25.0, 15, MSpappap, 6078, 0, 0, 0, , 0, 0, 0, 0, 0, 
336, 1, 341, 330, -1, 239, 290, 31.0, 15, MSpaapapa, 2802, 0, 0, 0, , 0, 0, 0, 0, 0, 
337, 1, 342, 331, -1, 79, 247, 23.0, 13, Cpppppd, 2654, 0, 0, 0, , 0, 0, 0, 0, 0, 
338, 1, 343, 332, -1, 297, 306, 17.0, 11, ABplapaaaaa, 3913, 0, 0, 0, , 0, 0, 0, 0, 0, 
339, 1, 344, 333, -1, 207, 280, 22.0, 13, MSaappaa, 3477, 0, 0, 0, , 0, 0, 0, 0, 0, 
340, 1, 345, 334, -1, 314, 233, 10.0, 11, ABalaaaalpa, 3573, 0, 0, 0, , 0, 0, 0, 0, 0, 
341, 0, 346, -1, -1, 357, 230, 22.0, 13, , 3676, 0, 0, 0, , 0, 0, 0, 0, 0, 
342, 1, 347, 336, -1, 365, 232, 19.0, 13, ABarpaaaapp, 5043, 0, 0, 0, , 0, 0, 0, 0, 0, 
343, 1, 348, 337, -1, 268, 265, 19.0, 11, ABalpaaappp, 3368, 0, 0, 0, , 0, 0, 0, 0, 0, 
344, 1, 349, 338, -1, 277, 256, 17.0, 13, ABalpapppaa, 4111, 0, 0, 0, , 0, 0, 0, 0, 0, 
345, 1, 350, 339, -1, 201, 292, 18.0, 19, Ealaad, 22594, 0, 0, 0, , 0, 0, 0, 0, 0, 
346, 1, 351, 340, -1, 303, 196, 21.0, 11, ABarappaapp, 6944, 0, 0, 0, , 0, 0, 0, 0, 0, 
347, 1, 353, 341, -1, 215, 252, 26.0, 11, MSpapaapaa, 2963, 0, 0, 0, , 0, 0, 0, 0, 0, 
348, 1, 354, 342, -1, 222, 266, 27.0, 11, MSpapaapap, 3060, 0, 0, 0, , 0, 0, 0, 0, 0, 
349, 0, 355, -1, -1, 266, 195, 35.0, 11, , 3427, 0, 0, 0, , 0, 0, 0, 0, 0, 
350, 1, 356, 344, -1, 357, 208, 30.0, 13, ABalaaapplr, 2958, 0, 0, 0, , 0, 0, 0, 0, 0, 
351, 1, 357, 345, -1, 310, 299, 26.0, 17, MSappppp, 3979, 0, 0, 0, , 0, 0, 0, 0, 0, 
352, 1, 358, 346, -1, 289, 274, 19.0, 15, ABalpaapapp, 4124, 0, 0, 0, , 0, 0, 0, 0, 0, 
353, 0, 359, -1, -1, 247, 234, 22.0, 11, , 2131, 0, 0, 0, , 0, 0, 0, 0, 0, 
354, 1, 360, 348, -1, 193, 215, 23.0, 13, MSpapppaa, 3753, 0, 0, 0, , 0, 0, 0, 0, 0, 
355, 0, 361, -1, -1, 202, 232, 25.0, 13, , 4567, 0, 0, 0, , 0, 0, 0, 0, 0, 
356, 1, 362, 350, -1, 270, 214, 31.0, 13, ABprpaapaaa, 5128, 0, 0, 0, , 0, 0, 0, 0, 0, 
357, 1, 363, 351, -1, 281, 272, 10.0, 11, ABalpppppppp, 3002, 0, 0, 0, , 0, 0, 0, 0, 0, 
358, 1, 364, 352, -1, 133, 210, 14.0, 11, Caapap, 5915, 0, 0, 0, , 0, 0, 0, 0, 0, 
359, 1, 365, 353, -1, 340, 212, 25.0, 11, ABarpaaaaal, 1836, 0, 0, 0, , 0, 0, 0, 0, 0, 
360, 1, 366, 354, -1, 121, 223, 19.0, 13, ABprppppppa, 4071, 0, 0, 0, , 0, 0, 0, 0, 0, 
361, 0, 367, -1, -1, 267, 177, 20.0, 9, , 1517, 0, 0, 0, , 0, 0, 0, 0, 0, 
362, 1, 368, 765, -1, 314, 288, 24.0, 13, MSapappa, 4724, 0, 0, 0, , 0, 0, 0, 0, 0, 
363, 1, 369, 357, -1, 338, 233, 33.0, 17, MSppappp, 3413, 0, 0, 0, , 0, 0, 0, 0, 0, 
364, 1, 370, 358, -1, 129, 236, 13.0, 17, Cappppd, 5043, 0, 0, 0, , 0, 0, 0, 0, 0, 
365, 1, 371, 359, -1, 241, 299, 27.0, 13, MSaaaappp, 2568, 0, 0, 0, , 0, 0, 0, 0, 0, 
366, 1, 372, 360, -1, 97, 283, 10.0, 11, ABplapppaap, 4111, 0, 0, 0, , 0, 0, 0, 0, 0, 
367, 0, 373, -1, -1, 226, 282, 27.0, 13, , 3554, 0, 0, 0, , 0, 0, 0, 0, 0, 
368, 1, 374, 362, -1, 167, 311, 12.0, 15, Capaapa, 5071, 0, 0, 0, , 0, 0, 0, 0, 0, 
369, 1, 375, 364, -1, 229, 187, 32.0, 15, ABpraaappppp, 2836, 0, 0, 0, , 0, 0, 0, 0, 0, 
370, 1, 376, 365, -1, 295, 284, 12.0, 17, ABalpppppppa, 5062, 0, 0, 0, , 0, 0, 0, 0, 0, 
371, 1, 377, 366, -1, 314, 262, 16.0, 13, ABplpaapaaa, 5908, 0, 0, 0, , 0, 0, 0, 0, 0, 
372, 0, 378, -1, -1, 291, 246, 35.0, 11, , 875, 0, 0, 0, , 0, 0, 0, 0, 0, 
373, 1, 379, 367, -1, 217, 251, 22.0, 13, ABarapapapp, 12199, 0, 0, 0, , 0, 0, 0, 0, 0, 
374, 1, 380, 368, -1, 209, 262, 13.0, 13, MSaapppap, 3812, 0, 0, 0, , 0, 0, 0, 0, 0, 
375, 0, 381, -1, -1, 257, 294, 16.0, 11, , 2655, 0, 0, 0, , 0, 0, 0, 0, 0, 
376, 0, 382, -1, -1, 227, 265, 12.0, 9, , 1149, 0, 0, 0, , 0, 0, 0, 0, 0, 
377, 1, 383, 371, -1, 196, 240, 12.0, 13, ABalpapappa, 6287, 0, 0, 0, , 0, 0, 0, 0, 0, 
378, 0, 384, -1, -1, 178, 315, 23.0, 15, , 1335, 0, 0, 0, , 0, 0, 0, 0, 0, 
379, 0, 386, -1, -1, 248, 289, 14.0, 11, , 3031, 0, 0, 0, , 0, 0, 0, 0, 0, 
380, 1, 387, 374, -1, 253, 239, 21.0, 13, ABalpappppa, 2951, 0, 0, 0, , 0, 0, 0, 0, 0, 
381, 0, 388, -1, -1, 243, 172, 18.0, 11, , 3102, 0, 0, 0, , 0, 0, 0, 0, 0, 
382, 1, 389, 376, -1, 102, 239, 18.0, 13, ABprpappppp, 5671, 0, 0, 0, , 0, 0, 0, 0, 0, 
383, 1, 390, 377, -1, 243, 214, 13.0, 13, ABplpaapppa, 6096, 0, 0, 0, , 0, 0, 0, 0, 0, 
384, 0, 391, -1, -1, 310, 272, 14.0, 9, , 553, 0, 0, 0, , 0, 0, 0, 0, 0, 
385, 1, 392, 378, -1, 347, 233, 30.0, 9, ABalapppapp, 386, 0, 0, 0, , 0, 0, 0, 0, 0, 
386, 1, 393, 379, -1, 239, 194, 24.0, 15, MSppppaa, 3364, 0, 0, 0, , 0, 0, 0, 0, 0, 
387, 1, 394, 380, -1, 298, 259, 14.0, 11, ABalapaapaa, 3129, 0, 0, 0, , 0, 0, 0, 0, 0, 
388, 1, 395, 381, -1, 310, 250, 27.0, 13, ABaraappaaa, 5339, 0, 0, 0, , 0, 0, 0, 0, 0, 
389, 1, 396, 382, -1, 284, 279, 15.0, 13, ABalpppppap, 3134, 0, 0, 0, , 0, 0, 0, 0, 0, 
390, 1, 397, 383, -1, 304, 227, 14.0, 11, ABalppappap, 2227, 0, 0, 0, , 0, 0, 0, 0, 0, 
391, 0, 398, -1, -1, 324, 294, 21.0, 13, , 2800, 0, 0, 0, , 0, 0, 0, 0, 0, 
392, 1, 399, 385, -1, 272, 245, 10.0, 15, ABplppaaaaa, 7382, 0, 0, 0, , 0, 0, 0, 0, 0, 
393, 1, 400, 386, -1, 275, 212, 23.0, 15, ABarapaaapa, 7186, 0, 0, 0, , 0, 0, 0, 0, 0, 
394, 1, 401, 387, -1, 302, 233, 27.0, 15, ABaraappaap, 4845, 0, 0, 0, , 0, 0, 0, 0, 0, 
395, 0, 402, -1, -1, 275, 258, 33.0, 9, , 525, 0, 0, 0, , 0, 0, 0, 0, 0, 
396, 0, 403, -1, -1, 198, 304, 29.0, 15, , 5585, 0, 0, 0, , 0, 0, 0, 0, 0, 
397, 1, 404, 389, -1, 314, 221, 16.0, 13, ABalpapaaaa, 7376, 0, 0, 0, , 0, 0, 0, 0, 0, 
398, 1, 405, 390, -1, 95, 242, 30.0, 13, Caappd, 1943, 0, 0, 0, , 0, 0, 0, 0, 0, 
399, 0, 406, -1, -1, 252, 254, 28.0, 19, , 15550, 0, 0, 0, , 0, 0, 0, 0, 0, 
400, 1, 407, 392, -1, 274, 235, 33.0, 13, ABarpppaaa, 3667, 0, 0, 0, , 0, 0, 0, 0, 0, 
401, 0, 408, -1, -1, 93, 331, 22.0, 15, , 3286, 0, 0, 0, , 0, 0, 0, 0, 0, 
402, 1, 409, 394, 714, 319, 236, 16.0, 11, ABalapaappa, 2924, 0, 0, 0, , 0, 0, 0, 0, 0, 
403, 1, 410, 395, -1, 293, 235, 36.0, 13, ABalappapap, 3777, 0, 0, 0, , 0, 0, 0, 0, 0, 
404, 1, 411, 396, -1, 314, 217, 10.0, 13, ABplaappap, 3900, 0, 0, 0, , 0, 0, 0, 0, 0, 
405, 1, 412, 397, -1, 211, 221, 15.0, 13, ABplppaappa, 5575, 0, 0, 0, , 0, 0, 0, 0, 0, 
406, 1, 413, 398, -1, 226, 183, 18.0, 13, ABarappappp, 7304, 0, 0, 0, , 0, 0, 0, 0, 0, 
407, 1, 414, 399, -1, 85, 316, 12.0, 15, Cpapap, 4803, 0, 0, 0, , 0, 0, 0, 0, 0, 
408, 1, 415, 400, -1, 239, 203, 16.0, 15, ABplpaaaapa, 6323, 0, 0, 0, , 0, 0, 0, 0, 0, 
409, 1, 416, 401, -1, 306, 193, 12.0, 13, ABplpaaapap, 6822, 0, 0, 0, , 0, 0, 0, 0, 0, 
410, 1, 417, 402, -1, 268, 283, 21.0, 17, ABaraapapaa, 8318, 0, 0, 0, , 0, 0, 0, 0, 0, 
411, 1, 418, 403, -1, 354, 258, 24.0, 15, MSapappp, 3064, 0, 0, 0, , 0, 0, 0, 0, 0, 
412, 1, 419, 404, -1, 138, 232, 26.0, 17, ABprpppaapp, 5496, 0, 0, 0, , 0, 0, 0, 0, 0, 
413, 1, 420, 405, -1, 149, 248, 15.0, 13, ABplppppapa, 4063, 0, 0, 0, , 0, 0, 0, 0, 0, 
414, 1, 421, 406, -1, 194, 226, 18.0, 13, ABprpapppap, 3876, 0, 0, 0, , 0, 0, 0, 0, 0, 
415, 0, 422, -1, -1, 215, 323, 29.0, 11, , 1631, 0, 0, 0, , 0, 0, 0, 0, 0, 
416, 0, 423, -1, -1, 217, 222, 19.0, 15, , 2652, 0, 0, 0, , 0, 0, 0, 0, 0, 
417, 0, 424, -1, -1, 256, 204, 32.0, 11, , 2164, 0, 0, 0, , 0, 0, 0, 0, 0, 
418, 1, 425, 410, -1, 265, 199, 32.0, 11, ABpraaaapppa, 2731, 0, 0, 0, , 0, 0, 0, 0, 0, 
419, 1, 426, 411, -1, 252, 294, 11.0, 13, ABplaapppp, 2807, 0, 0, 0, , 0, 0, 0, 0, 0, 
420, 1, 427, 412, -1, 289, 262, 30.0, 13, MSpaaaapa, 3812, 0, 0, 0, , 0, 0, 0, 0, 0, 
421, 1, 428, 413, -1, 156, 342, 26.0, 13, Epraa, 1580, 0, 0, 0, , 0, 0, 0, 0, 0, 
422, 1, 429, 414, -1, 328, 279, 18.0, 11, ABalaaapall, 3324, 0, 0, 0, , 0, 0, 0, 0, 0, 
423, 1, 430, 415, -1, 266, 233, 29.0, 13, ABarapaappa, 5014, 0, 0, 0, , 0, 0, 0, 0, 0, 
424, 0, 431, -1, -1, 329, 175, 29.0, 11, , 3750, 0, 0, 0, , 0, 0, 0, 0, 0, 
425, 1, 432, 417, -1, 254, 335, 25.0, 19, Dappap, 4717, 0, 0, 0, , 0, 0, 0, 0, 0, 
426, 1, 433, 418, -1, 363, 247, 21.0, 13, ABplaaaaaap, 4776, 0, 0, 0, , 0, 0, 0, 0, 0, 
427, 1, 434, 419, -1, 191, 337, 24.0, 17, Earap, 4766, 0, 0, 0, , 0, 0, 0, 0, 0, 
428, 1, 435, 420, -1, 335, 224, 30.0, 13, ABarpapaaaa, 2940, 0, 0, 0, , 0, 0, 0, 0, 0, 
429, 0, 436, -1, -1, 134, 322, 15.0, 11, , 1668, 0, 0, 0, , 0, 0, 0, 0, 0, 
430, 0, 437, -1, -1, 150, 343, 25.0, 17, , 12110, 0, 0, 0, , 0, 0, 0, 0, 0, 
431, 0, 438, -1, -1, 286, 192, 29.0, 9, , 1094, 0, 0, 0, , 0, 0, 0, 0, 0, 
432, 0, 439, -1, -1, 112, 241, 31.0, 11, , 3351, 0, 0, 0, , 0, 0, 0, 0, 0, 
433, 0, 440, -1, -1, 335, 255, 14.0, 11, , 2027, 0, 0, 0, , 0, 0, 0, 0, 0, 
434, 1, 441, 426, -1, 327, 261, 15.0, 15, ABplaapaapp, 4633, 0, 0, 0, , 0, 0, 0, 0, 0, 
435, 1, 442, 427, -1, 250, 209, 23.0, 13, MSppaaaav, 2851, 0, 0, 0, , 0, 0, 0, 0, 0, 
436, 1, 443, 428, -1, 294, 247, 28.0, 13, ABaraappapa, 5425, 0, 0, 0, , 0, 0, 0, 0, 0, 
437, 1, 444, 429, -1, 89, 243, 14.0, 11, ABplapappppa, 2704, 0, 0, 0, , 0, 0, 0, 0, 0, 
438, 1, 445, 430, -1, 93, 260, 11.0, 13, ABplapappppp, 6802, 0, 0, 0, , 0, 0, 0, 0, 0, 
439, 1, 446, 431, -1, 241, 256, 22.0, 11, ABarapapaaa, 4587, 0, 0, 0, , 0, 0, 0, 0, 0, 
440, 1, 447, 432, -1, 83, 324, 30.0, 17, Cpppapa, 7823, 0, 0, 0, , 0, 0, 0, 0, 0, 
441, 1, 448, 433, -1, 345, 264, 17.0, 13, ABalapaaapp, 3844, 0, 0, 0, , 0, 0, 0, 0, 0, 
442, 0, 449, -1, -1, 263, 235, 24.0, 13, , 3323, 0, 0, 0, , 0, 0, 0, 0, 0, 
443, 1, 450, 435, -1, 323, 229, 34.0, 11, ABarpapaappp, 1651, 0, 0, 0, , 0, 0, 0, 0, 0, 
444, 1, 451, 436, -1, 309, 292, 20.0, 13, ABalapaaaaa, 4791, 0, 0, 0, , 0, 0, 0, 0, 0, 
445, 1, 452, 437, -1, 198, 268, 28.0, 15, MSppapaa, 2489, 0, 0, 0, , 0, 0, 0, 0, 0, 
446, 1, 453, 438, -1, 269, 176, 13.0, 11, ABarappaaap, 6356, 0, 0, 0, , 0, 0, 0, 0, 0, 
447, 0, 454, -1, -1, 336, 193, 33.0, 11, , 1590, 0, 0, 0, , 0, 0, 0, 0, 0, 
448, 0, 455, -1, -1, 96, 309, 24.0, 15, , 4901, 0, 0, 0, , 0, 0, 0, 0, 0, 
449, 1, 456, 441, -1, 226, 304, 29.0, 13, MSpaapapp, 2541, 0, 0, 0, , 0, 0, 0, 0, 0, 
450, 1, 457, 442, -1, 295, 209, 15.0, 13, ABalppapppp, 4225, 0, 0, 0, , 0, 0, 0, 0, 0, 
451, 1, 458, 443, -1, 313, 193, 15.0, 11, ABplpaaapaa, 2764, 0, 0, 0, , 0, 0, 0, 0, 0, 
452, 0, 459, -1, -1, 71, 304, 14.0, 13, , 5138, 0, 0, 0, , 0, 0, 0, 0, 0, 
453, 1, 460, 445, -1, 367, 210, 23.0, 15, ABplaaaapa, 6287, 0, 0, 0, , 0, 0, 0, 0, 0, 
454, 0, 461, -1, -1, 209, 302, 14.0, 11, , 2272, 0, 0, 0, , 0, 0, 0, 0, 0, 
455, 1, 462, 447, -1, 215, 303, 15.0, 17, MSapapaa, 7408, 0, 0, 0, , 0, 0, 0, 0, 0, 
456, 1, 463, 448, -1, 272, 156, 26.0, 13, ABpraappap, 3128, 0, 0, 0, , 0, 0, 0, 0, 0, 
457, 0, 464, -1, -1, 284, 265, 24.0, 9, , 1361, 0, 0, 0, , 0, 0, 0, 0, 0, 
458, 1, 465, 450, -1, 297, 257, 20.0, 13, ABalpaaapaa, 4215, 0, 0, 0, , 0, 0, 0, 0, 0, 
459, 0, 466, -1, -1, 218, 344, 17.0, 21, , 9344, 0, 0, 0, , 0, 0, 0, 0, 0, 
460, 0, 467, -1, -1, 199, 317, 25.0, 11, , 818, 0, 0, 0, , 0, 0, 0, 0, 0, 
461, 0, 468, -1, -1, 138, 221, 12.0, 13, , 1757, 0, 0, 0, , 0, 0, 0, 0, 0, 
462, 1, 469, 454, -1, 352, 251, 19.0, 13, ABalapapppp, 933, 0, 0, 0, , 0, 0, 0, 0, 0, 
463, 1, 470, 455, -1, 268, 186, 18.0, 9, ABarapppppap, 868, 0, 0, 0, , 0, 0, 0, 0, 0, 
464, 0, -1, -1, -1, 262, 216, 10.0, 11, , 5990, 0, 0, 0, , 0, 0, 0, 0, 0, 
465, 0, 472, -1, -1, 106, 250, 10.0, 11, , 1900, 0, 0, 0, , 0, 0, 0, 0, 0, 
466, 1, 473, 458, -1, 100, 297, 11.0, 13, ABarppappp, 4701, 0, 0, 0, , 0, 0, 0, 0, 0, 
467, 1, 474, 459, -1, 351, 239, 25.0, 13, ABplaaaaaaa, 5052, 0, 0, 0, , 0, 0, 0, 0, 0, 
468, 0, -1, -1, -1, 301, 209, 32.0, 11, , 1233, 0, 0, 0, , 0, 0, 0, 0, 0, 
469, 0, 476, -1, -1, 296, 219, 33.0, 11, , 3407, 0, 0, 0, , 0, 0, 0, 0, 0, 
470, 1, 477, 462, -1, 304, 264, 28.0, 11, MSaaaaapaa, 2871, 0, 0, 0, , 0, 0, 0, 0, 0, 
471, 1, 478, 463, -1, 277, 198, 19.0, 13, ABplpappaaa, 5305, 0, 0, 0, , 0, 0, 0, 0, 0, 
472, 0, 479, -1, -1, 252, 278, 11.0, 13, , 6127, 0, 0, 0, , 0, 0, 0, 0, 0, 
473, 0, 480, -1, -1, 229, 217, 17.0, 13, , 2561, 0, 0, 0, , 0, 0, 0, 0, 0, 
474, 0, 481, -1, -1, 238, 216, 33.0, 15, , 2444, 0, 0, 0, , 0, 0, 0, 0, 0, 
475, 1, 482, 466, -1, 336, 272, 14.0, 17, ABplaaappp, 5093, 0, 0, 0, , 0, 0, 0, 0, 0, 
476, 1, 483, 467, -1, 223, 326, 22.0, 23, Ealaav, 5732, 0, 0, 0, , 0, 0, 0, 0, 0, 
477, 0, -1, -1, -1, 128, 342, 25.0, 15, , 13438, 0, 0, 0, , 0, 0, 0, 0, 0, 
478, 1, 717, 469, -1, 141, 341, 26.0, 13, Earpp, 1542, 0, 0, 0, , 0, 0, 0, 0, 0, 
479, 0, 485, -1, -1, 247, 168, 33.0, 11, , 1612, 0, 0, 0, , 0, 0, 0, 0, 0, 
480, 1, 486, 471, -1, 243, 256, 14.0, 13, Daaaa, 6202, 0, 0, 0, , 0, 0, 0, 0, 0, 
481, 0, 487, -1, -1, 225, 214, 14.0, 13, , 2667, 0, 0, 0, , 0, 0, 0, 0, 0, 
482, 1, 488, 473, -1, 329, 216, 14.0, 13, ABalaaapalr, 3593, 0, 0, 0, , 0, 0, 0, 0, 0, 
483, 1, 489, 474, -1, 266, 220, 22.0, 15, ABarapaaaap, 5373, 0, 0, 0, , 0, 0, 0, 0, 0, 
484, 1, 490, 475, -1, 238, 223, 31.0, 11, ABpraapapppa, 863, 0, 0, 0, , 0, 0, 0, 0, 0, 
485, 1, 491, 476, -1, 249, 312, 13.0, 17, ABarppapaa, 5361, 0, 0, 0, , 0, 0, 0, 0, 0, 
486, 1, 492, 477, -1, 241, 193, 12.0, 13, ABalpapapapp, 3251, 0, 0, 0, , 0, 0, 0, 0, 0, 
487, 1, 493, 478, -1, 254, 181, 13.0, 13, ABalpapapapa, 4013, 0, 0, 0, , 0, 0, 0, 0, 0, 
488, 0, 494, -1, -1, 247, 292, 10.0, 14, , 2640, 0, 0, 0, , 0, 0, 0, 0, 0, 
489, 1, 495, 480, -1, 108, 294, 15.0, 13, MSappaap, 3126, 0, 0, 0, , 0, 0, 0, 0, 0, 
490, 1, 496, 481, -1, 259, 333, 18.0, 11, Cpaaaa, 1528, 0, 0, 0, , 0, 0, 0, 0, 0, 
491, 1, 497, 482, -1, 233, 199, 34.0, 17, ABpraaappppa, 20632, 0, 0, 0, , 0, 0, 0, 0, 0, 
492, 0, 498, -1, -1, 289, 171, 33.0, 17, , 3825, 0, 0, 0, , 0, 0, 0, 0, 0, 
493, 1, 499, 484, -1, 217, 223, 18.0, 13, ABplpappaap, 1367, 0, 0, 0, , 0, 0, 0, 0, 0, 
494, 1, 500, 485, -1, 220, 208, 20.0, 13, ABprpapapap, 4009, 0, 0, 0, , 0, 0, 0, 0, 0, 
495, 1, 501, 486, -1, 307, 194, 30.0, 11, ABpraaaaapd, 2342, 0, 0, 0, , 0, 0, 0, 0, 0, 
496, 1, 502, 487, -1, 281, 278, 22.0, 13, MSaaapaap, 1306, 0, 0, 0, , 0, 0, 0, 0, 0, 
497, 0, 503, -1, -1, 136, 226, 17.0, 11, , 1202, 0, 0, 0, , 0, 0, 0, 0, 0, 
498, 0, 504, -1, -1, 314, 248, 10.0, 13, , 2597, 0, 0, 0, , 0, 0, 0, 0, 0, 
499, 1, 505, 490, -1, 353, 210, 15.0, 17, ABalaaaarla, 3203, 0, 0, 0, , 0, 0, 0, 0, 0, 
500, 1, 506, 491, -1, 101, 236, 28.0, 13, ABprapappppa, 1718, 0, 0, 0, , 0, 0, 0, 0, 0, 
501, 1, 507, 492, -1, 234, 180, 15.0, 13, ABarappapapp, 4321, 0, 0, 0, , 0, 0, 0, 0, 0, 
502, 1, 508, 493, -1, 251, 174, 15.0, 13, ABarappapapa, 4279, 0, 0, 0, , 0, 0, 0, 0, 0, 
503, 0, 509, -1, -1, 122, 307, 16.0, 15, , 5803, 0, 0, 0, , 0, 0, 0, 0, 0, 
504, 1, 510, 495, -1, 251, 169, 21.0, 11, MSpppapp, 1087, 0, 0, 0, , 0, 0, 0, 0, 0, 
505, 0, 511, -1, -1, 291, 210, 33.0, 13, , 3562, 0, 0, 0, , 0, 0, 0, 0, 0, 
506, 0, 512, -1, -1, 160, 347, 22.0, 11, , 530, 0, 0, 0, , 0, 0, 0, 0, 0, 
507, 1, 513, 498, -1, 163, 364, 20.0, 17, Capapaa, 5972, 0, 0, 0, , 0, 0, 0, 0, 0, 
508, 0, 514, -1, -1, 197, 299, 28.0, 19, , 5036, 0, 0, 0, , 0, 0, 0, 0, 0, 
509, 1, 515, 500, -1, 273, 306, 18.0, 13, ABplapaaaapp, 4846, 0, 0, 0, , 0, 0, 0, 0, 0, 
510, 1, 516, 501, -1, 263, 185, 24.0, 13, ABprpaaappap, 3093, 0, 0, 0, , 0, 0, 0, 0, 0, 
511, 1, 517, 502, -1, 280, 179, 25.0, 13, ABprpaaappaa, 2476, 0, 0, 0, , 0, 0, 0, 0, 0, 
512, 0, 518, -1, -1, 298, 171, 21.0, 17, , 4891, 0, 0, 0, , 0, 0, 0, 0, 0, 
513, 1, 519, 504, -1, 271, 247, 20.0, 13, ABalpappppp, 5067, 0, 0, 0, , 0, 0, 0, 0, 0, 
514, 0, 520, -1, -1, 188, 336, 22.0, 15, , 4038, 0, 0, 0, , 0, 0, 0, 0, 0, 
515, 1, 521, 506, -1, 200, 324, 26.0, 13, Earpa, 3637, 0, 0, 0, , 0, 0, 0, 0, 0, 
516, 0, 522, -1, -1, 218, 316, 26.0, 9, , 1213, 0, 0, 0, , 0, 0, 0, 0, 0, 
517, 1, 523, 508, -1, 242, 228, 35.0, 19, ABarpppaap, 10897, 0, 0, 0, , 0, 0, 0, 0, 0, 
518, 1, 524, 509, -1, 224, 350, 25.0, 15, Dapppa, 4457, 0, 0, 0, , 0, 0, 0, 0, 0, 
519, 1, 525, 510, -1, 294, 186, 15.0, 11, ABalppapaap, 3455, 0, 0, 0, , 0, 0, 0, 0, 0, 
520, 1, 526, 511, -1, 167, 283, 21.0, 13, ABplpapappp, 3078, 0, 0, 0, , 0, 0, 0, 0, 0, 
521, 0, 527, -1, -1, 123, 290, 29.0, 15, , 5008, 0, 0, 0, , 0, 0, 0, 0, 0, 
522, 0, 528, -1, -1, 83, 316, 25.0, 13, , 1940, 0, 0, 0, , 0, 0, 0, 0, 0, 
523, 0, 529, -1, -1, 251, 221, 32.0, 13, , 3253, 0, 0, 0, , 0, 0, 0, 0, 0, 
524, 1, 530, 515, -1, 311, 251, 14.0, 13, ABalppappaa, 3119, 0, 0, 0, , 0, 0, 0, 0, 0, 
525, 1, 531, 516, -1, 144, 302, 26.0, 13, Z2, 5444, 0, 0, 0, , 0, 0, 0, 0, 0, 
526, 0, 532, -1, -1, 172, 310, 23.0, 13, , 2400, 0, 0, 0, , 0, 0, 0, 0, 0, 
527, 1, 533, 518, -1, 117, 348, 32.0, 13, Cppapap, 2035, 0, 0, 0, , 0, 0, 0, 0, 0, 
528, 1, 534, 519, -1, 350, 254, 22.0, 11, ABplaaaaapp, 2623, 0, 0, 0, , 0, 0, 0, 0, 0, 
529, 1, 535, 520, -1, 257, 165, 18.0, 15, ABprpaapapp, 6656, 0, 0, 0, , 0, 0, 0, 0, 0, 
530, 0, 536, -1, -1, 332, 278, 32.0, 13, , 3303, 0, 0, 0, , 0, 0, 0, 0, 0, 
531, 0, 537, -1, -1, 238, 283, 12.0, 11, , 2991, 0, 0, 0, , 0, 0, 0, 0, 0, 
532, 1, 538, 523, -1, 320, 281, 13.0, 13, ABalpppapppp, 4265, 0, 0, 0, , 0, 0, 0, 0, 0, 
533, 1, 539, 524, -1, 228, 246, 34.0, 11, ABpraapapppp, 2706, 0, 0, 0, , 0, 0, 0, 0, 0, 
534, 1, 540, 525, -1, 232, 267, 31.0, 13, MSpapappa, 1895, 0, 0, 0, , 0, 0, 0, 0, 0, 
535, 1, 541, 526, -1, 192, 363, 25.0, 17, Dapppp, 3563, 0, 0, 0, , 0, 0, 0, 0, 0, 
536, 1, 542, 527, -1, 264, 209, 18.0, 11, ABprpapppaa, 2373, 0, 0, 0, , 0, 0, 0, 0, 0, 
537, 0, 543, -1, -1, 110, 222, 27.0, 11, , 9200, 0, 0, 0, , 0, 0, 0, 0, 0, 
538, 1, 544, 529, -1, 291, 242, 18.0, 11, ABalpappaapa, 3409, 0, 0, 0, , 0, 0, 0, 0, 0, 
539, 1, 545, 530, -1, 277, 245, 16.0, 11, ABalpappaapp, 4068, 0, 0, 0, , 0, 0, 0, 0, 0, 
540, 1, 546, 531, -1, 89, 286, 23.0, 21, Eprppp, 48723, 0, 0, 0, , 0, 0, 0, 0, 0, 
541, 0, 547, -1, -1, 196, 290, 18.0, 15, , 6708, 0, 0, 0, , 0, 0, 0, 0, 0, 
542, 0, 548, -1, -1, 261, 155, 26.0, 9, , 1799, 0, 0, 0, , 0, 0, 0, 0, 0, 
543, 0, 549, -1, -1, 263, 277, 27.0, 11, , 1507, 0, 0, 0, , 0, 0, 0, 0, 0, 
544, 0, 550, -1, -1, 296, 178, 23.0, 11, , 2712, 0, 0, 0, , 0, 0, 0, 0, 0, 
545, 1, 551, 536, -1, 169, 322, 24.0, 15, Ealap, 4575, 0, 0, 0, , 0, 0, 0, 0, 0, 
546, 1, 552, 537, -1, 152, 348, 22.0, 13, Eplaa, 3667, 0, 0, 0, , 0, 0, 0, 0, 0, 
547, 1, 553, 538, -1, 175, 269, 17.0, 15, ABprpappapp, 5784, 0, 0, 0, , 0, 0, 0, 0, 0, 
548, 1, 554, 539, -1, 136, 214, 22.0, 19, Cpppppv, 14363, 0, 0, 0, , 0, 0, 0, 0, 0, 
549, 1, 555, 540, -1, 239, 192, 27.0, 11, ABpraaappaa, 4070, 0, 0, 0, , 0, 0, 0, 0, 0, 
550, 0, 556, -1, -1, 233, 248, 20.0, 15, , 7775, 0, 0, 0, , 0, 0, 0, 0, 0, 
551, 0, 557, -1, -1, 237, 336, 17.0, 15, , 1827, 0, 0, 0, , 0, 0, 0, 0, 0, 
552, 0, 558, -1, -1, 335, 248, 23.0, 7, , 327, 0, 0, 0, , 0, 0, 0, 0, 0, 
553, 0, 559, -1, -1, 260, 277, 35.0, 21, , 18183, 0, 0, 0, , 0, 0, 0, 0, 0, 
554, 1, 560, 545, -1, 141, 321, 14.0, 17, Capaapp, 4166, 0, 0, 0, , 0, 0, 0, 0, 0, 
555, 1, 561, 546, -1, 285, 266, 14.0, 15, ABalpppppaa, 2954, 0, 0, 0, , 0, 0, 0, 0, 0, 
556, 1, 562, 547, -1, 272, 175, 30.0, 15, ABarapppaaa, 6054, 0, 0, 0, , 0, 0, 0, 0, 0, 
557, 1, 563, 548, -1, 329, 202, 29.0, 13, ABalaaappll, 3157, 0, 0, 0, , 0, 0, 0, 0, 0, 
558, 0, 564, -1, -1, 316, 273, 29.0, 13, , 2117, 0, 0, 0, , 0, 0, 0, 0, 0, 
559, 1, 565, 550, -1, 94, 261, 18.0, 19, Eplppa, 30968, 0, 0, 0, , 0, 0, 0, 0, 0, 
560, 0, 566, -1, -1, 236, 161, 23.0, 9, , 461, 0, 0, 0, , 0, 0, 0, 0, 0, 
561, 0, 567, -1, -1, 231, 166, 20.0, 11, , 2727, 0, 0, 0, , 0, 0, 0, 0, 0, 
562, 0, 568, -1, -1, 354, 216, 17.0, 13, , 4226, 0, 0, 0, , 0, 0, 0, 0, 0, 
563, 1, 569, 554, -1, 317, 205, 18.0, 11, ABalpaappap, 4498, 0, 0, 0, , 0, 0, 0, 0, 0, 
564, 1, 570, 555, -1, 97, 263, 23.0, 17, Eprppa, 14165, 0, 0, 0, , 0, 0, 0, 0, 0, 
565, 0, 571, -1, -1, 300, 189, 32.0, 13, , 4408, 0, 0, 0, , 0, 0, 0, 0, 0, 
566, 0, 572, -1, -1, 365, 251, 19.0, 13, , 993, 0, 0, 0, , 0, 0, 0, 0, 0, 
567, 1, 573, 558, -1, 294, 212, 11.0, 15, ABplpaaappp, 8235, 0, 0, 0, , 0, 0, 0, 0, 0, 
568, 0, 574, -1, -1, 114, 214, 14.0, 15, , 5255, 0, 0, 0, , 0, 0, 0, 0, 0, 
569, 0, 575, -1, -1, 276, 238, 24.0, 9, , 433, 0, 0, 0, , 0, 0, 0, 0, 0, 
570, 1, 576, 561, -1, 293, 234, 33.0, 13, ABalappappa, 4748, 0, 0, 0, , 0, 0, 0, 0, 0, 
571, 0, 577, -1, -1, 267, 160, 20.0, 9, , 1381, 0, 0, 0, , 0, 0, 0, 0, 0, 
572, 1, 578, 563, -1, 281, 307, 14.0, 17, ABarppaaap, 4023, 0, 0, 0, , 0, 0, 0, 0, 0, 
573, 1, 579, 564, -1, 210, 211, 25.0, 19, Dpaaa, 3743, 0, 0, 0, , 0, 0, 0, 0, 0, 
574, 0, 580, -1, -1, 179, 267, 31.0, 19, , 8077, 0, 0, 0, , 0, 0, 0, 0, 0, 
575, 1, 581, 566, -1, 180, 342, 34.0, 17, Cppapaa, 8017, 0, 0, 0, , 0, 0, 0, 0, 0, 
576, 0, 582, -1, -1, 294, 209, 35.0, 13, , 3490, 0, 0, 0, , 0, 0, 0, 0, 0, 
577, 0, 583, -1, -1, 259, 180, 35.0, 11, , 1524, 0, 0, 0, , 0, 0, 0, 0, 0, 
578, 1, 584, 569, -1, 294, 306, 32.0, 19, ABarppaapa, 11294, 0, 0, 0, , 0, 0, 0, 0, 0, 
579, 0, 585, -1, -1, 301, 278, 15.0, 9, , 2144, 0, 0, 0, , 0, 0, 0, 0, 0, 
580, 0, 586, -1, -1, 135, 298, 26.0, 17, , 3157, 0, 0, 0, , 0, 0, 0, 0, 0, 
581, 1, 587, 572, -1, 97, 231, 17.0, 19, Cappppv, 5610, 0, 0, 0, , 0, 0, 0, 0, 0, 
582, 1, 588, 573, -1, 136, 208, 17.0, 13, ABprpppapap, 1942, 0, 0, 0, , 0, 0, 0, 0, 0, 
583, 0, 589, -1, -1, 344, 264, 24.0, 13, , 1883, 0, 0, 0, , 0, 0, 0, 0, 0, 
584, 0, 590, -1, -1, 111, 331, 25.0, 13, , 1225, 0, 0, 0, , 0, 0, 0, 0, 0, 
585, 1, 591, 576, -1, 229, 168, 19.0, 15, ABpraapppa, 3935, 0, 0, 0, , 0, 0, 0, 0, 0, 
586, 0, 592, -1, -1, 256, 171, 30.0, 11, , 1387, 0, 0, 0, , 0, 0, 0, 0, 0, 
587, 0, 593, -1, -1, 218, 329, 28.0, 17, , 7297, 0, 0, 0, , 0, 0, 0, 0, 0, 
588, 1, 594, 579, -1, 262, 205, 13.0, 15, ABplpapaapp, 5204, 0, 0, 0, , 0, 0, 0, 0, 0, 
589, 1, 595, 580, -1, 110, 250, 13.0, 11, ABplapppapp, 3123, 0, 0, 0, , 0, 0, 0, 0, 0, 
590, 0, 596, -1, -1, 253, 237, 18.0, 11, , 3765, 0, 0, 0, , 0, 0, 0, 0, 0, 
591, 0, 597, -1, -1, 326, 252, 28.0, 11, , 1238, 0, 0, 0, , 0, 0, 0, 0, 0, 
592, 1, 598, 583, -1, 327, 220, 22.0, 13, ABalpaapaaa, 7314, 0, 0, 0, , 0, 0, 0, 0, 0, 
593, 0, 599, -1, -1, 86, 310, 21.0, 19, , 10379, 0, 0, 0, , 0, 0, 0, 0, 0, 
594, 0, 600, -1, -1, 265, 280, 29.0, 11, , 2994, 0, 0, 0, , 0, 0, 0, 0, 0, 
595, 0, 601, -1, -1, 310, 202, 34.0, 13, , 636, 0, 0, 0, , 0, 0, 0, 0, 0, 
596, 1, 602, 587, -1, 174, 323, 11.0, 19, ABplappaap, 22106, 0, 0, 0, , 0, 0, 0, 0, 0, 
597, 0, 603, -1, -1, 344, 218, 24.0, 15, , 3545, 0, 0, 0, , 0, 0, 0, 0, 0, 
598, 0, 604, -1, -1, 239, 185, 34.0, 11, , 1926, 0, 0, 0, , 0, 0, 0, 0, 0, 
599, 0, 605, -1, -1, 318, 284, 15.0, 13, , 2186, 0, 0, 0, , 0, 0, 0, 0, 0, 
600, 0, 606, -1, -1, 108, 258, 9.0, 9, , 839, 0, 0, 0, , 0, 0, 0, 0, 0, 
601, 0, 607, -1, -1, 260, 186, 10.0, 15, , 8746, 0, 0, 0, , 0, 0, 0, 0, 0, 
602, 0, 608, -1, -1, 238, 275, 13.0, 13, , 3383, 0, 0, 0, , 0, 0, 0, 0, 0, 
603, 1, 609, 594, -1, 213, 173, 26.0, 9, ABprppaapaa, 806, 0, 0, 0, , 0, 0, 0, 0, 0, 
604, 1, 610, 595, -1, 289, 175, 28.0, 11, ABalaapaapp, 2447, 0, 0, 0, , 0, 0, 0, 0, 0, 
605, 1, 611, 596, -1, 246, 244, 23.0, 11, MSpapaaaa, 2504, 0, 0, 0, , 0, 0, 0, 0, 0, 
606, 0, 612, -1, -1, 230, 216, 30.0, 9, , 1165, 0, 0, 0, , 0, 0, 0, 0, 0, 
607, 1, 613, 598, -1, 278, 243, 28.0, 11, ABarapaapaa, 4202, 0, 0, 0, , 0, 0, 0, 0, 0, 
608, 0, 614, -1, -1, 182, 335, 26.0, 17, , 4162, 0, 0, 0, , 0, 0, 0, 0, 0, 
609, 1, 615, 600, -1, 307, 237, 31.0, 13, MSaaaaaar, 4874, 0, 0, 0, , 0, 0, 0, 0, 0, 
610, 0, 616, -1, -1, 344, 262, 27.0, 11, , 3186, 0, 0, 0, , 0, 0, 0, 0, 0, 
611, 0, 617, -1, -1, 269, 229, 9.0, 9, , 2207, 0, 0, 0, , 0, 0, 0, 0, 0, 
612, 1, 618, 603, -1, 161, 221, 19.0, 17, ABprappppa, 8185, 0, 0, 0, , 0, 0, 0, 0, 0, 
613, 1, 619, 604, -1, 119, 236, 25.0, 11, ABprapppappp, 1589, 0, 0, 0, , 0, 0, 0, 0, 0, 
614, 1, 620, 605, -1, 228, 189, 20.0, 15, ABprpaapppa, 1791, 0, 0, 0, , 0, 0, 0, 0, 0, 
615, 1, 621, 606, -1, 116, 349, 15.0, 19, Cpaapp, 8254, 0, 0, 0, , 0, 0, 0, 0, 0, 
616, 1, 622, 607, -1, 292, 227, 13.0, 13, ABplpaaappap, 4810, 0, 0, 0, , 0, 0, 0, 0, 0, 
617, 1, 623, 608, -1, 185, 239, 23.0, 15, MSpapppap, 3725, 0, 0, 0, , 0, 0, 0, 0, 0, 
618, 1, 624, 609, -1, 352, 189, 22.0, 15, ABarpapapa, 11972, 0, 0, 0, , 0, 0, 0, 0, 0, 
619, 0, 625, -1, -1, 306, 240, 8.0, 13, , 329, 0, 0, 0, , 0, 0, 0, 0, 0, 
620, 0, 626, -1, -1, 309, 258, 11.0, 11, , 874, 0, 0, 0, , 0, 0, 0, 0, 0, 
621, 1, 627, 612, -1, 308, 191, 19.0, 15, ABalpapaapa, 4973, 0, 0, 0, , 0, 0, 0, 0, 0, 
622, 1, 628, 613, -1, 286, 218, 26.0, 13, ABaraaaaapp, 2453, 0, 0, 0, , 0, 0, 0, 0, 0, 
623, 1, 629, 614, -1, 96, 332, 22.0, 15, Eplap, 13610, 0, 0, 0, , 0, 0, 0, 0, 0, 
624, 0, 630, -1, -1, 307, 216, 13.0, 13, , 2607, 0, 0, 0, , 0, 0, 0, 0, 0, 
625, 0, 631, -1, -1, 282, 233, 24.0, 9, , 522, 0, 0, 0, , 0, 0, 0, 0, 0, 
626, 0, 632, -1, -1, 134, 346, 28.0, 11, , 543, 0, 0, 0, , 0, 0, 0, 0, 0, 
627, 0, 633, -1, -1, 217, 329, 31.0, 15, , 3207, 0, 0, 0, , 0, 0, 0, 0, 0, 
628, 1, 634, 619, -1, 266, 218, 34.0, 13, ABalapppppa, 2658, 0, 0, 0, , 0, 0, 0, 0, 0, 
629, 0, 635, -1, -1, 145, 334, 22.0, 13, , 2871, 0, 0, 0, , 0, 0, 0, 0, 0, 
630, 0, 636, -1, -1, 272, 237, 35.0, 15, , 1202, 0, 0, 0, , 0, 0, 0, 0, 0, 
631, 0, 637, -1, -1, 115, 302, 16.0, 13, , 2171, 0, 0, 0, , 0, 0, 0, 0, 0, 
632, 1, 638, 623, -1, 343, 230, 21.0, 17, ABalaaaparr, 3848, 0, 0, 0, , 0, 0, 0, 0, 0, 
633, 1, 639, 624, -1, 201, 214, 28.0, 13, ABprppaaaapp, 3794, 0, 0, 0, , 0, 0, 0, 0, 0, 
634, 1, 640, 625, -1, 309, 243, 33.0, 15, MSppappa, 3827, 0, 0, 0, , 0, 0, 0, 0, 0, 
635, 0, 641, -1, -1, 169, 357, 17.0, 13, , 493, 0, 0, 0, , 0, 0, 0, 0, 0, 
636, 1, 642, 627, -1, 297, 293, 15.0, 13, ABplaapapppa, 2994, 0, 0, 0, , 0, 0, 0, 0, 0, 
637, 0, 643, -1, -1, 119, 347, 21.0, 13, , 1742, 0, 0, 0, , 0, 0, 0, 0, 0, 
638, 0, 644, -1, -1, 308, 265, 22.0, 9, , 936, 0, 0, 0, , 0, 0, 0, 0, 0, 
639, 0, 645, -1, -1, 166, 344, 26.0, 17, , 35990, 0, 0, 0, , 0, 0, 0, 0, 0, 
640, 1, 646, 631, -1, 70, 276, 14.0, 19, Cappapp, 20767, 0, 0, 0, , 0, 0, 0, 0, 0, 
641, 0, 647, -1, -1, 120, 210, 19.0, 15, , 5404, 0, 0, 0, , 0, 0, 0, 0, 0, 
642, 1, 648, 633, -1, 299, 180, 13.0, 15, ABalppapapp, 4618, 0, 0, 0, , 0, 0, 0, 0, 0, 
643, 0, 649, -1, -1, 79, 303, 21.0, 15, , 2560, 0, 0, 0, , 0, 0, 0, 0, 0, 
644, 1, 650, 636, -1, 89, 308, 19.0, 17, Eplpa, 5474, 0, 0, 0, , 0, 0, 0, 0, 0, 
645, 1, 651, 637, -1, 146, 371, 23.0, 17, Cappaap, 7636, 0, 0, 0, , 0, 0, 0, 0, 0, 
646, 0, 652, -1, -1, 101, 340, 26.0, 13, , 3171, 0, 0, 0, , 0, 0, 0, 0, 0, 
647, 1, 653, 639, -1, 240, 238, 31.0, 17, ABprapaaaap, 4812, 0, 0, 0, , 0, 0, 0, 0, 0, 
648, 0, 655, -1, -1, 293, 245, 8.0, 11, , 1455, 0, 0, 0, , 0, 0, 0, 0, 0, 
649, 0, 656, -1, -1, 186, 240, 17.0, 13, , 4493, 0, 0, 0, , 0, 0, 0, 0, 0, 
650, 0, 657, -1, -1, 190, 311, 22.0, 13, , 583, 0, 0, 0, , 0, 0, 0, 0, 0, 
651, 1, 658, 643, -1, 263, 170, 26.0, 15, ABpraaaapad, 4662, 0, 0, 0, , 0, 0, 0, 0, 0, 
652, 1, 659, 644, -1, 334, 279, 26.0, 13, MSappppa, 1163, 0, 0, 0, , 0, 0, 0, 0, 0, 
653, 0, 660, -1, -1, 244, 181, 31.0, 11, , 3354, 0, 0, 0, , 0, 0, 0, 0, 0, 
654, 0, 661, -1, -1, 315, 219, 34.0, 15, , 3007, 0, 0, 0, , 0, 0, 0, 0, 0, 
655, 1, 662, 647, -1, 268, 195, 14.0, 15, ABalppapapa, 3909, 0, 0, 0, , 0, 0, 0, 0, 0, 
656, 0, 663, -1, -1, 323, 172, 31.0, 17, , 2075, 0, 0, 0, , 0, 0, 0, 0, 0, 
657, 0, -1, -1, -1, 305, 177, 29.0, 9, , 1972, 0, 0, 0, , 0, 0, 0, 0, 0, 
658, 0, 665, -1, -1, 252, 263, 23.0, 9, , 988, 0, 0, 0, , 0, 0, 0, 0, 0, 
659, 0, 666, -1, -1, 192, 316, 27.0, 17, , 8218, 0, 0, 0, , 0, 0, 0, 0, 0, 
660, 0, 667, -1, -1, 197, 237, 14.0, 13, , 8213, 0, 0, 0, , 0, 0, 0, 0, 0, 
661, 0, 668, -1, -1, 284, 248, 21.0, 13, , 4522, 0, 0, 0, , 0, 0, 0, 0, 0, 
662, 0, 669, -1, -1, 74, 253, 23.0, 13, , 1668, 0, 0, 0, , 0, 0, 0, 0, 0, 
663, 0, 670, -1, -1, 258, 250, 19.0, 9, , 911, 0, 0, 0, , 0, 0, 0, 0, 0, 
664, 0, 671, -1, -1, 313, 180, 18.0, 11, , 1859, 0, 0, 0, , 0, 0, 0, 0, 0, 
665, 1, 672, 657, -1, 288, 184, 20.0, 11, ABarapppppaa, 1729, 0, 0, 0, , 0, 0, 0, 0, 0, 
666, 1, 673, 658, -1, 310, 186, 22.0, 11, ABaraaappap, 2205, 0, 0, 0, , 0, 0, 0, 0, 0, 
667, 0, 674, -1, -1, 221, 172, 29.0, 11, , 1768, 0, 0, 0, , 0, 0, 0, 0, 0, 
668, 0, 675, -1, -1, 268, 186, 35.0, 15, , 2491, 0, 0, 0, , 0, 0, 0, 0, 0, 
669, 0, 676, -1, -1, 228, 276, 11.0, 9, , 2035, 0, 0, 0, , 0, 0, 0, 0, 0, 
670, 1, 677, 662, -1, 206, 312, 11.0, 19, ABplappaaa, 31672, 0, 0, 0, , 0, 0, 0, 0, 0, 
671, 0, 678, -1, -1, 307, 172, 23.0, 11, , 1679, 0, 0, 0, , 0, 0, 0, 0, 0, 
672, 1, 679, 664, -1, 293, 211, 23.0, 15, ABarapaaaaa, 10394, 0, 0, 0, , 0, 0, 0, 0, 0, 
673, 0, 680, -1, -1, 251, 289, 26.0, 11, , 1037, 0, 0, 0, , 0, 0, 0, 0, 0, 
674, 1, 272, 666, -1, 75, 266, 27.0, 15, Cpppapp, 4211, 0, 0, 0, , 0, 0, 0, 0, 0, 
675, 0, 682, -1, -1, 311, 226, 34.0, 21, , 6822, 0, 0, 0, , 0, 0, 0, 0, 0, 
676, 1, 683, 668, -1, 202, 344, 34.0, 15, Dppppp, 1421, 0, 0, 0, , 0, 0, 0, 0, 0, 
677, 1, 96, 669, -1, 269, 227, 13.0, 11, MSappapp, 1775, 0, 0, 0, , 0, 0, 0, 0, 0, 
678, 0, 685, -1, -1, 128, 345, 23.0, 13, , 2769, 0, 0, 0, , 0, 0, 0, 0, 0, 
679, 0, 686, -1, -1, 202, 304, 27.0, 11, , 2066, 0, 0, 0, , 0, 0, 0, 0, 0, 
680, 0, 687, -1, -1, 290, 251, 15.0, 7, , 423, 0, 0, 0, , 0, 0, 0, 0, 0, 
681, 0, 688, -1, -1, 299, 259, 10.0, 13, , 4758, 0, 0, 0, , 0, 0, 0, 0, 0, 
682, 0, 689, -1, -1, 148, 205, 18.0, 9, , 488, 0, 0, 0, , 0, 0, 0, 0, 0, 
683, 0, 690, -1, -1, 253, 230, 22.0, 9, , 1484, 0, 0, 0, , 0, 0, 0, 0, 0, 
684, 0, 691, -1, -1, 327, 221, 22.0, 13, , 3052, 0, 0, 0, , 0, 0, 0, 0, 0, 
685, 0, 692, -1, -1, 326, 186, 22.0, 9, , 553, 0, 0, 0, , 0, 0, 0, 0, 0, 
686, 1, 693, 678, -1, 345, 269, 22.0, 17, MSapaaap, 7599, 0, 0, 0, , 0, 0, 0, 0, 0, 
687, 0, 694, -1, -1, 236, 301, 26.0, 11, , 1583, 0, 0, 0, , 0, 0, 0, 0, 0, 
688, 0, 695, -1, -1, 254, 160, 28.0, 11, , 1121, 0, 0, 0, , 0, 0, 0, 0, 0, 
689, 1, 326, 681, -1, 220, 278, 32.0, 19, ABarpppapp, 16045, 0, 0, 0, , 0, 0, 0, 0, 0, 
690, 0, 697, -1, -1, 247, 194, 36.0, 11, , 1237, 0, 0, 0, , 0, 0, 0, 0, 0, 
691, 0, 698, -1, -1, 100, 330, 20.0, 19, , 10238, 0, 0, 0, , 0, 0, 0, 0, 0, 
692, 0, 699, -1, -1, 295, 203, 30.0, 13, , 2597, 0, 0, 0, , 0, 0, 0, 0, 0, 
693, 1, 700, 685, -1, 278, 244, 30.0, 11, ABaraaapapa, 2194, 0, 0, 0, , 0, 0, 0, 0, 0, 
694, 0, 701, -1, -1, 144, 225, 14.0, 13, , 1498, 0, 0, 0, , 0, 0, 0, 0, 0, 
695, 0, 702, -1, -1, 152, 214, 16.0, 13, , 5974, 0, 0, 0, , 0, 0, 0, 0, 0, 
696, 0, 704, -1, -1, 129, 200, 19.0, 9, , 564, 0, 0, 0, , 0, 0, 0, 0, 0, 
697, 1, 705, 689, -1, 340, 237, 19.0, 17, ABalpaapppa, 1877, 0, 0, 0, , 0, 0, 0, 0, 0, 
698, 0, 707, -1, -1, 112, 258, 32.0, 11, , 721, 0, 0, 0, , 0, 0, 0, 0, 0, 
699, 0, -1, -1, -1, 171, 319, 21.0, 15, , 5042, 0, 0, 0, , 0, 0, 0, 0, 0, 
700, 0, -1, -1, -1, 279, 213, 10.0, 7, , 397, 0, 0, 0, , 0, 0, 0, 0, 0, 
701, 1, 382, 693, -1, 225, 255, 13.0, 11, MSaapppaa, 2165, 0, 0, 0, , 0, 0, 0, 0, 0, 
702, 0, -1, -1, -1, 286, 174, 15.0, 15, , 9926, 0, 0, 0, , 0, 0, 0, 0, 0, 
703, 0, -1, -1, -1, 232, 219, 18.0, 13, , 1115, 0, 0, 0, , 0, 0, 0, 0, 0, 
704, 0, -1, -1, -1, 268, 328, 19.0, 13, , 1774, 0, 0, 0, , 0, 0, 0, 0, 0, 
705, 0, -1, -1, -1, 292, 222, 21.0, 9, , 664, 0, 0, 0, , 0, 0, 0, 0, 0, 
706, 1, 373, 698, -1, 215, 271, 26.0, 13, MSpapapap, 2364, 0, 0, 0, , 0, 0, 0, 0, 0, 
707, 0, -1, -1, -1, 276, 175, 35.0, 11, , 1442, 0, 0, 0, , 0, 0, 0, 0, 0, 
708, 0, -1, -1, -1, 365, 232, 29.0, 11, , 876, 0, 0, 0, , 0, 0, 0, 0, 0, 
709, 0, -1, -1, -1, 112, 238, 10.0, 11, , 833, 0, 0, 0, , 0, 0, 0, 0, 0, 
710, 0, -1, -1, -1, 267, 245, 18.0, 9, , 852, 0, 0, 0, , 0, 0, 0, 0, 0, 
711, 1, 708, 711, -1, 240, 288, 13.0, 16, ABplppaaaap, 0, 0, 0, 0, , 0, 0, 0, 0, 0, 
712, 1, 709, 712, -1, 116, 267, 13.0, 13, ABplpppaapa, 0, 0, 0, 0, , 0, 0, 0, 0, 0, 
713, 1, 710, 713, -1, 322, 294, 21.0, 13, ABalapaaapa, 0, 0, 0, 0, , 0, 0, 0, 0, 0, 
714, 1, 711, 715, -1, 324, 251, 28.0, 13, ABalapppaaa, 0, 0, 0, 0, , 0, 0, 0, 0, 0, 
715, 1, 712, 716, -1, 258, 277, 35.0, 13, Dpaap, 0, 0, 0, 0, , 0, 0, 0, 0, 0, 
716, 1, 713, 717, -1, 122, 290, 28.142857, 13, Cppaapp, 0, 0, 0, 0, , 0, 0, 0, 0, 0, 
717, 1, 714, 718, -1, 87, 274, 30.666666, 15, Cpapaa, 0, 0, 0, 0, , 0, 0, 0, 0, 0, 
718, 1, 715, 719, -1, 217, 343, 18.4, 15, Cpaaap, 0, 0, 0, 0, , 0, 0, 0, 0, 0, 
719, 1, 716, 720, -1, 236, 332, 18.833334, 17, Caaaaa, 0, 0, 0, 0, , 0, 0, 0, 0, 0, 
720, 1, 718, 721, -1, 199, 300, 28.0, 13, Earaad, 0, 0, 0, 0, , 0, 0, 0, 0, 0, 
721, 1, 719, 722, -1, 218, 327, 29.5, 15, Earaav, 0, 0, 0, 0, , 0, 0, 0, 0, 0, 
722, 1, 352, 361, -1, 223, 279, 28.0, 15, MSpapaapp, 0, 0, 0, 0, , 0, 0, 0, 0, 0, 
723, 1, 721, 706, -1, 227, 171, 26.0, 14, ABprppaaaaa, 6287, 0, 0, 0, , 0, 0, 0, 0, 0, 
724, 1, 722, 723, -1, 273, 191, 16.0, 13, ABprpappaaa, 0, 0, 0, 0, , 0, 0, 0, 0, 0, 
725, 1, 723, 724, -1, 243, 174, 17.666666, 11, ABprpaappppp, 0, 0, 0, 0, , 0, 0, 0, 0, 0, 
726, 1, 724, 725, -1, 300, 190, 31.333334, 13, ABpraapaapa, 0, 0, 0, 0, , 0, 0, 0, 0, 0, 
727, 1, 726, 726, -1, 229, 209, 30.583334, 15, ABpraaapppaa, 0, 0, 0, 0, , 0, 0, 0, 0, 0, 
728, 1, 727, 727, -1, 291, 208, 33.0, 13, ABpraaapapa, 0, 0, 0, 0, , 0, 0, 0, 0, 0, 
729, 1, 728, 728, -1, 253, 217, 31.571428, 13, ABpraaaapppp, 0, 0, 0, 0, , 0, 0, 0, 0, 0, 
730, 1, 729, 729, -1, 240, 179, 29.0, 13, ABpraaaapav, 0, 0, 0, 0, , 0, 0, 0, 0, 0, 
731, 0, 74, -1, -1, 200, 253, 18.142857, 13, , 4212, 0, 0, 0, , 0, 0, 0, 0, 0, 
732, 1, 730, 731, -1, 225, 215, 14.285714, 13, ABplpapappa, 0, 0, 0, 0, , 0, 0, 0, 0, 0, 
733, 1, 731, 732, -1, 254, 216, 14.857142, 13, ABplpapaapa, 0, 0, 0, 0, , 0, 0, 0, 0, 0, 
734, 1, 732, 733, -1, 281, 198, 13.0, 11, ABplpaappppa, 0, 0, 0, 0, , 0, 0, 0, 0, 0, 
735, 1, 733, 734, -1, 239, 211, 11.0, 15, ABalpapappp, 0, 0, 0, 0, , 0, 0, 0, 0, 0, 
736, 1, 385, 129, -1, 191, 248, 15.0, 13, ABplpaaaapp, 1964, 0, 0, 0, , 0, 0, 0, 0, 0, 
737, 1, 734, 735, -1, 255, 290, 16.0, 15, ABplapaaapa, 0, 0, 0, 0, , 0, 0, 0, 0, 0, 
738, 1, 735, 736, -1, 251, 302, 17.0, 15, ABplapaaapp, 0, 0, 0, 0, , 0, 0, 0, 0, 0, 
739, 0, 736, -1, -1, 297, 303, 20.0, 11, , 0, 0, 0, 0, , 0, 0, 0, 0, 0, 
740, 1, 737, 738, -1, 111, 259, 31.0, 13, ABarpppppp, 0, 0, 0, 0, , 0, 0, 0, 0, 0, 
741, 1, 738, 790, -1, 198, 272, 32.0, 15, ABarppppap, 0, 0, 0, 0, , 0, 0, 0, 0, 0, 
742, 0, 739, -1, -1, 235, 257, 35.0, 15, , 0, 0, 0, 0, , 0, 0, 0, 0, 0, 
743, 1, 740, 741, -1, 317, 170, 30.4, 13, ABarpappap, 1785, 0, 0, 0, , 0, 0, 0, 0, 0, 
744, 1, 741, 742, -1, 324, 280, 32.857143, 15, ABarpaappa, 0, 0, 0, 0, , 0, 0, 0, 0, 0, 
745, 1, 742, 743, -1, 299, 170, 20.8, 13, ABprpaaapaa, 0, 0, 0, 0, , 0, 0, 0, 0, 0, 
746, 1, 743, 744, -1, 288, 174, 15.727273, 13, ABarappaapa, 0, 0, 0, 0, , 0, 0, 0, 0, 0, 
747, 1, 744, 745, -1, 262, 230, 23.0, 15, ABarapapppp, 0, 0, 0, 0, , 0, 0, 0, 0, 0, 
748, 1, 745, 746, -1, 232, 249, 21.0, 15, ABarapapppa, 0, 0, 0, 0, , 0, 0, 0, 0, 0, 
749, 1, 747, 747, -1, 251, 242, 26.0, 13, ABarapaappp, 0, 0, 0, 0, , 0, 0, 0, 0, 0, 
750, 1, 748, 748, -1, 251, 255, 28.0, 14, ABaraapppaa, 0, 0, 0, 0, , 0, 0, 0, 0, 0, 
751, 1, 749, 749, -1, 269, 177, 19.363636, 11, ABprpaappppa, 0, 0, 0, 0, , 0, 0, 0, 0, 0, 
752, 1, 751, 750, -1, 320, 221, 25.0, 11, ABaraaaapap, 0, 0, 0, 0, , 0, 0, 0, 0, 0, 
753, 1, 752, 751, -1, 298, 204, 24.0, 11, ABaraaaaapa, 0, 0, 0, 0, , 0, 0, 0, 0, 0, 
754, 1, 753, 752, -1, 313, 221, 19.0, 11, ABaraaaaaaa, 0, 0, 0, 0, , 0, 0, 0, 0, 0, 
755, 1, 754, 753, -1, 296, 282, 18.0, 13, ABalppppaav, 0, 0, 0, 0, , 0, 0, 0, 0, 0, 
756, 1, 755, 754, -1, 315, 271, 14.0, 10, ABalpppapppa, 1305, 0, 0, 0, , 0, 0, 0, 0, 0, 
757, 1, 756, 755, -1, 299, 206, 12.4, 15, ABalppaappp, 0, 0, 0, 0, , 0, 0, 0, 0, 0, 
758, 1, 757, 697, -1, 293, 214, 20.0, 13, ABalpappapa, 0, 0, 0, 0, , 0, 0, 0, 0, 0, 
759, 1, 758, 756, -1, 312, 230, 21.0, 13, ABalpaapaap, 0, 0, 0, 0, , 0, 0, 0, 0, 0, 
760, 1, 759, 757, -1, 109, 328, 24.538462, 18, Eprap, 0, 0, 0, 0, , 0, 0, 0, 0, 0, 
761, 1, 760, 758, -1, 339, 230, 23.0, 15, ABalapappaaa, 0, 0, 0, 0, , 0, 0, 0, 0, 0, 
762, 1, 761, 759, -1, 336, 249, 23.428572, 13, ABalapappaap, 0, 0, 0, 0, , 0, 0, 0, 0, 0, 
763, 0, 762, -1, -1, 300, 187, 27.0, 13, , 0, 0, 0, 0, , 0, 0, 0, 0, 0, 
764, 1, 763, 761, -1, 92, 315, 25.666666, 14, Eprpa, 0, 0, 0, 0, , 0, 0, 0, 0, 0, 
765, 1, 764, 762, -1, 327, 259, 13.777778, 15, ABalapaapap, 6695, 0, 0, 0, , 0, 0, 0, 0, 0, 
766, 0, 765, -1, -1, 152, 216, 17.0, 10, , 0, 0, 0, 0, , 0, 0, 0, 0, 0, 
767, 1, 766, 766, -1, 292, 264, 26.0, 13, MSaaapaaa, 0, 0, 0, 0, , 0, 0, 0, 0, 0, 
768, 1, 767, 767, -1, 295, 205, 30.0, 13, ABalaappppp, 0, 0, 0, 0, , 0, 0, 0, 0, 0, 
769, 1, 768, 768, -1, 307, 216, 13.0, 11, ABplpaaappaa, 0, 0, 0, 0, , 0, 0, 0, 0, 0, 
770, 1, 769, 769, -1, 120, 306, 15.0, 17, Z3, 0, 0, 0, 0, , 0, 0, 0, 0, 0, 
771, 0, 770, -1, -1, 282, 251, 20.0, 13, , 6155, 0, 0, 0, , 0, 0, 0, 0, 0, 
772, 1, 771, 771, -1, 282, 246, 22.0, 13, ABalpaaappa, 0, 0, 0, 0, , 0, 0, 0, 0, 0, 
773, 0, 772, -1, -1, 273, 239, 14.625, 14, , 5548, 0, 0, 0, , 0, 0, 0, 0, 0, 
774, 1, 773, 773, -1, 259, 204, 10.125, 11, ABplpaappppp, 0, 0, 0, 0, , 0, 0, 0, 0, 0, 
775, 1, 774, 774, -1, 308, 256, 12.032258, 13, ABalppaaapa, 0, 0, 0, 0, , 0, 0, 0, 0, 0, 
776, 0, 775, -1, -1, 326, 207, 27.0, 13, , 0, 0, 0, 0, , 0, 0, 0, 0, 0, 
777, 1, 776, 776, -1, 326, 252, 34.6, 17, MSpppppa, 9351, 0, 0, 0, , 0, 0, 0, 0, 0, 
778, 1, 777, 777, -1, 355, 247, 28.0, 11, ABalapapapp, 0, 0, 0, 0, , 0, 0, 0, 0, 0, 
779, 1, 778, 778, -1, 200, 306, 34.0, 15, Caaaap, 0, 0, 0, 0, , 0, 0, 0, 0, 0, 
780, 1, 779, 779, -1, 133, 225, 16.0, 13, Caapaa, 0, 0, 0, 0, , 0, 0, 0, 0, 0, 
781, 1, 780, 780, -1, 98, 313, 34.0, 15, Caaapp, 0, 0, 0, 0, , 0, 0, 0, 0, 0, 
782, 1, 781, 781, -1, 148, 335, 34.5, 15, Caaapa, 0, 0, 0, 0, , 0, 0, 0, 0, 0, 
783, 0, 782, -1, -1, 153, 352, 30.0, 15, , 0, 0, 0, 0, , 0, 0, 0, 0, 0, 
784, 1, 783, 782, -1, 174, 354, 18.0, 15, Cpaapa, 0, 0, 0, 0, , 0, 0, 0, 0, 0, 
785, 1, 784, 783, -1, 310, 226, 34.0, 15, MSppaaap, 0, 0, 0, 0, , 0, 0, 0, 0, 0, 
786, 1, 785, 784, -1, 314, 274, 29.666666, 15, MSpppaaa, 0, 0, 0, 0, , 0, 0, 0, 0, 0, 
787, 1, 786, 785, -1, 150, 309, 28.75, 15, MSpppaap, 0, 0, 0, 0, , 0, 0, 0, 0, 0, 
788, 1, 53, 786, -1, 294, 180, 23.0, 13, ABpraaaaaap, 0, 0, 0, 0, , 0, 0, 0, 0, 0, 
789, 1, 787, 787, -1, 112, 268, 11.0, 13, ABplapppaaa, 0, 0, 0, 0, , 0, 0, 0, 0, 0, 
790, 1, 788, 788, -1, 262, 215, 9.0, 17, ABplaapppa, 0, 0, 0, 0, , 0, 0, 0, 0, 0, 
791, 1, 789, 789, -1, 231, 263, 34.0, 15, ABarpppapa, 0, 0, 0, 0, , 0, 0, 0, 0, 0, 
792, 1, 790, 791, -1, 133, 313, 34.0, 15, ABarpppppa, 0, 0, 0, 0, , 0, 0, 0, 0, 0, 
793, 1, 791, 792, -1, 351, 265, 29.333334, 15, ABarpaapap, 0, 0, 0, 0, , 0, 0, 0, 0, 0, 
794, 1, 792, 793, -1, 264, 192, 34.0, 15, ABarpapppp, 0, 0, 0, 0, , 0, 0, 0, 0, 0, 
795, 1, 793, 794, -1, 330, 205, 31.0, 13, ABarpapaappa, 0, 0, 0, 0, , 0, 0, 0, 0, 0, 
796, 1, 794, 795, -1, 279, 292, 14.0, 11, ABalppppppaa, 0, 0, 0, 0, , 0, 0, 0, 0, 0, 
797, 1, 795, 796, -1, 197, 237, 14.0, 15, ABarappappa, 0, 0, 0, 0, , 0, 0, 0, 0, 0, 
798, 1, 796, 797, -1, 310, 287, 18.0, 11, ABalapapppa, 0, 0, 0, 0, , 0, 0, 0, 0, 0, 
799, 1, 797, 798, -1, 245, 183, 31.0, 11, ABalaapppaa, 0, 0, 0, 0, , 0, 0, 0, 0, 0, 
800, 1, 798, 799, -1, 269, 239, 35.0, 15, ABarpaappp, 0, 0, 0, 0, , 0, 0, 0, 0, 0, 
801, 1, 799, 800, -1, 272, 175, 22.0, 13, ABalaapappp, 0, 0, 0, 0, , 0, 0, 0, 0, 0, 
802, 1, 800, 801, -1, 287, 193, 29.0, 13, ABalaappppa, 0, 0, 0, 0, , 0, 0, 0, 0, 0, 
803, 1, 801, 802, -1, 297, 221, 33.0, 13, ABalaapaaar, 0, 0, 0, 0, , 0, 0, 0, 0, 0, 
804, 1, 802, 803, -1, 319, 257, 32.0, 15, ABalapppapa, 0, 0, 0, 0, , 0, 0, 0, 0, 0, 
805, 1, 803, 804, -1, 307, 201, 35.0, 15, ABalappappp, 0, 0, 0, 0, , 0, 0, 0, 0, 0, 
806, 1, 804, 805, -1, 269, 228, 32.0, 13, ABalappapaa, 0, 0, 0, 0, , 0, 0, 0, 0, 0, 
807, 1, 805, 806, -1, 267, 224, 16.0, 15, MSapaaaav, 0, 0, 0, 0, , 0, 0, 0, 0, 0, 
808, 1, 806, 807, -1, 289, 174, 33.0, 15, ABarpapppa, 0, 0, 0, 0, , 0, 0, 0, 0, 0, 
809, 1, 807, 808, -1, 302, 302, 18.0, 11, ABplapaaaapa, 0, 0, 0, 0, , 0, 0, 0, 0, 0, 
810, 1, 808, 809, -1, 356, 225, 22.0, 13, ABalapappap, 0, 0, 0, 0, , 0, 0, 0, 0, 0, 
