1, 1, 1, 1, -1, 301, 215, 25.0, 13, ABaraaapaap, 1004, 0, 0, 0, , 0, 0, 0, 0, 0, 
2, 1, 2, 2, -1, 265, 249, 30.0, 11, ABaraaapapp, 3213, 0, 0, 0, , 0, 0, 0, 0, 0, 
3, 1, 3, 3, -1, 235, 246, 25.0, 15, ABaraappppp, 5493, 0, 0, 0, , 0, 0, 0, 0, 0, 
4, 1, 4, 4, -1, 253, 282, 18.0, 13, ABaraapappa, 6142, 0, 0, 0, , 0, 0, 0, 0, 0, 
5, 1, 5, 5, -1, 249, 264, 18.0, 13, ABaraapappp, 5309, 0, 0, 0, , 0, 0, 0, 0, 0, 
6, 1, 6, 6, -1, 265, 302, 22.0, 13, ABaraapapap, 7674, 0, 0, 0, , 0, 0, 0, 0, 0, 
7, 1, 7, 7, -1, 311, 222, 24.0, 15, ABaraapaaaa, 7859, 0, 0, 0, , 0, 0, 0, 0, 0, 
8, 1, 8, 8, -1, 311, 246, 24.0, 15, ABaraapaaap, 7659, 0, 0, 0, , 0, 0, 0, 0, 0, 
9, 1, 9, 9, -1, 287, 281, 25.0, 15, MSaaaaapp, 2746, 0, 0, 0, , 0, 0, 0, 0, 0, 
10, 1, 10, 10, -1, 307, 265, 25.0, 13, ABaraapaapa, 7978, 0, 0, 0, , 0, 0, 0, 0, 0, 
11, 1, 11, 11, -1, 328, 207, 25.0, 15, ABaraaappaa, 4645, 0, 0, 0, , 0, 0, 0, 0, 0, 
12, 1, 12, 12, -1, 320, 195, 25.0, 13, ABaraaapppa, 3489, 0, 0, 0, , 0, 0, 0, 0, 0, 
13, 1, 13, 13, -1, 325, 191, 29.0, 11, ABaraaapppp, 2594, 0, 0, 0, , 0, 0, 0, 0, 0, 
14, 1, 14, 14, -1, 311, 200, 25.0, 13, ABaraaapaaa, 3655, 0, 0, 0, , 0, 0, 0, 0, 0, 
15, 1, 15, 15, -1, 301, 238, 20.0, 13, ABaraaaaaap, 4134, 0, 0, 0, , 0, 0, 0, 0, 0, 
16, 0, 16, -1, -1, 294, 258, 24.0, 13, , 673, 0, 0, 0, , 0, 0, 0, 0, 0, 
17, 1, 17, 17, -1, 218, 268, 21.0, 17, ABalpappapp, 13378, 0, 0, 0, , 0, 0, 0, 0, 0, 
18, 1, 18, 18, -1, 252, 221, 25.0, 11, ABarapapaapp, 5395, 0, 0, 0, , 0, 0, 0, 0, 0, 
19, 1, 19, 19, -1, 254, 229, 27.0, 13, ABarapappaa, 6963, 0, 0, 0, , 0, 0, 0, 0, 0, 
20, 1, 20, 20, -1, 280, 178, 11.0, 11, ABalaapappa, 3593, 0, 0, 0, , 0, 0, 0, 0, 0, 
21, 1, 21, 21, -1, 282, 212, 20.0, 11, ABarapaaapp, 5092, 0, 0, 0, , 0, 0, 0, 0, 0, 
22, 1, 22, 22, -1, 278, 229, 27.0, 13, ABarapaapap, 7672, 0, 0, 0, , 0, 0, 0, 0, 0, 
23, 1, 23, 23, -1, 256, 188, 17.0, 13, ABarapppapa, 5743, 0, 0, 0, , 0, 0, 0, 0, 0, 
24, 1, 24, 24, -1, 279, 166, 15.0, 13, ABalpapaaap, 1555, 0, 0, 0, , 0, 0, 0, 0, 0, 
25, 1, 25, 25, -1, 289, 163, 18.0, 13, ABarapppapp, 5372, 0, 0, 0, , 0, 0, 0, 0, 0, 
26, 1, 26, 26, -1, 279, 186, 26.0, 17, ABarappppap, 4806, 0, 0, 0, , 0, 0, 0, 0, 0, 
27, 1, 27, 27, -1, 278, 173, 18.0, 15, ABarapppaap, 8083, 0, 0, 0, , 0, 0, 0, 0, 0, 
28, 1, 28, 28, -1, 255, 190, 29.0, 11, ABalaapppap, 1848, 0, 0, 0, , 0, 0, 0, 0, 0, 
29, 1, 29, 29, -1, 280, 183, 22.0, 15, ABarapppppp, 10858, 0, 0, 0, , 0, 0, 0, 0, 0, 
30, 1, 30, 30, -1, 293, 196, 26.0, 13, ABarappaaaa, 9369, 0, 0, 0, , 0, 0, 0, 0, 0, 
31, 1, 31, 31, -1, 255, 202, 19.0, 13, ABarappapaa, 6327, 0, 0, 0, , 0, 0, 0, 0, 0, 
32, 1, 32, 32, -1, 215, 198, 17.0, 11, ABprpapappa, 2588, 0, 0, 0, , 0, 0, 0, 0, 0, 
33, 1, 33, 33, -1, 285, 165, 30.0, 13, ABarpapppa, 3474, 0, 0, 0, , 0, 0, 0, 0, 0, 
34, 1, 34, 34, -1, 369, 214, 27.0, 11, ABarpaapaa, 2358, 0, 0, 0, , 0, 0, 0, 0, 0, 
35, 1, 35, 35, -1, 355, 221, 27.0, 13, ABarpaaaaar, 3318, 0, 0, 0, , 0, 0, 0, 0, 0, 
36, 1, 36, 36, -1, 347, 222, 25.0, 13, ABarpaaaapa, 2941, 0, 0, 0, , 0, 0, 0, 0, 0, 
37, 1, 37, 37, -1, 360, 193, 27.0, 11, ABarpaaapp, 3349, 0, 0, 0, , 0, 0, 0, 0, 0, 
38, 1, 38, 38, -1, 338, 223, 27.0, 13, ABarpaaapaa, 3737, 0, 0, 0, , 0, 0, 0, 0, 0, 
39, 1, 39, 39, -1, 341, 197, 31.0, 13, ABarpaaapap, 3614, 0, 0, 0, , 0, 0, 0, 0, 0, 
40, 1, 40, 40, -1, 248, 318, 19.0, 17, ABarppaapp, 11467, 0, 0, 0, , 0, 0, 0, 0, 0, 
41, 1, 41, 41, -1, 151, 346, 14.0, 17, ABarppappa, 6081, 0, 0, 0, , 0, 0, 0, 0, 0, 
42, 1, 42, 42, -1, 230, 322, 13.0, 17, ABarppapap, 13294, 0, 0, 0, , 0, 0, 0, 0, 0, 
43, 1, 44, 43, -1, 328, 239, 27.0, 11, ABalapppaap, 2826, 0, 0, 0, , 0, 0, 0, 0, 0, 
44, 1, 45, 44, -1, 334, 276, 29.0, 11, ABalapapapa, 1902, 0, 0, 0, , 0, 0, 0, 0, 0, 
45, 1, 46, 45, -1, 357, 245, 30.0, 17, ABarpapapp, 10861, 0, 0, 0, , 0, 0, 0, 0, 0, 
46, 1, 47, 46, -1, 328, 284, 14.0, 11, ABalapaaaap, 938, 0, 0, 0, , 0, 0, 0, 0, 0, 
47, 1, 48, 47, -1, 290, 165, 25.0, 11, ABalaappapp, 2201, 0, 0, 0, , 0, 0, 0, 0, 0, 
48, 1, 49, 48, -1, 272, 197, 29.0, 13, ABarappppaa, 4434, 0, 0, 0, , 0, 0, 0, 0, 0, 
49, 0, 50, -1, -1, 240, 168, 32.0, 13, , 1230, 0, 0, 0, , 0, 0, 0, 0, 0, 
50, 1, 51, 50, -1, 307, 208, 29.0, 13, ABalaaaarrp, 3272, 0, 0, 0, , 0, 0, 0, 0, 0, 
51, 0, 52, -1, -1, 299, 175, 24.0, 11, , 1971, 0, 0, 0, , 0, 0, 0, 0, 0, 
52, 1, 53, 52, -1, 316, 173, 23.0, 13, ABarpappaa, 4115, 0, 0, 0, , 0, 0, 0, 0, 0, 
53, 1, 54, 53, -1, 328, 241, 20.0, 13, ABalaaaarlp, 4222, 0, 0, 0, , 0, 0, 0, 0, 0, 
54, 1, 55, 54, -1, 323, 224, 13.0, 13, ABalaaaalpp, 3166, 0, 0, 0, , 0, 0, 0, 0, 0, 
55, 1, 56, 55, -1, 342, 196, 28.0, 15, ABpraapaaap, 5390, 0, 0, 0, , 0, 0, 0, 0, 0, 
56, 0, 57, -1, -1, 289, 216, 31.0, 11, , 1347, 0, 0, 0, , 0, 0, 0, 0, 0, 
57, 1, 58, 57, -1, 305, 161, 26.0, 11, ABpraaaaapv, 3485, 0, 0, 0, , 0, 0, 0, 0, 0, 
58, 1, 59, 58, -1, 334, 262, 30.0, 15, ABalappaap, 6820, 0, 0, 0, , 0, 0, 0, 0, 0, 
59, 1, 60, 59, -1, 144, 234, 16.0, 11, ABplppppapp, 3647, 0, 0, 0, , 0, 0, 0, 0, 0, 
60, 1, 61, 60, -1, 128, 260, 17.0, 13, ABplppppaaa, 4014, 0, 0, 0, , 0, 0, 0, 0, 0, 
61, 1, 62, 61, -1, 117, 253, 18.0, 15, ABplppppaap, 4346, 0, 0, 0, , 0, 0, 0, 0, 0, 
62, 1, 63, 732, -1, 117, 215, 13.0, 13, ABplppppppp, 1118, 0, 0, 0, , 0, 0, 0, 0, 0, 
63, 1, 64, 63, -1, 119, 224, 15.0, 15, ABplppppppa, 4713, 0, 0, 0, , 0, 0, 0, 0, 0, 
64, 1, 65, 64, -1, 94, 265, 14.0, 15, ABplpppppap, 7081, 0, 0, 0, , 0, 0, 0, 0, 0, 
65, 1, 66, 65, -1, 114, 275, 16.0, 15, ABplpppppaa, 4598, 0, 0, 0, , 0, 0, 0, 0, 0, 
66, 1, 67, 66, -1, 135, 240, 12.0, 15, ABplpppapaa, 3536, 0, 0, 0, , 0, 0, 0, 0, 0, 
67, 1, 68, 67, -1, 126, 255, 14.0, 13, ABplpppaapp, 5505, 0, 0, 0, , 0, 0, 0, 0, 0, 
68, 1, 69, 68, -1, 155, 256, 18.0, 13, ABplpppaaaa, 5529, 0, 0, 0, , 0, 0, 0, 0, 0, 
69, 1, 70, 69, -1, 136, 290, 16.0, 13, ABplpppaaap, 6152, 0, 0, 0, , 0, 0, 0, 0, 0, 
70, 1, 71, 70, -1, 132, 282, 19.0, 13, ABplppapppp, 4190, 0, 0, 0, , 0, 0, 0, 0, 0, 
71, 1, 72, 71, -1, 175, 278, 18.0, 15, ABplppapppa, 4936, 0, 0, 0, , 0, 0, 0, 0, 0, 
72, 0, 73, -1, -1, 210, 253, 18.0, 13, , 1856, 0, 0, 0, , 0, 0, 0, 0, 0, 
73, 1, 74, 73, -1, 207, 240, 16.0, 13, ABplppappaa, 2507, 0, 0, 0, , 0, 0, 0, 0, 0, 
74, 1, 75, 74, -1, 191, 270, 16.0, 13, ABplppapapa, 5054, 0, 0, 0, , 0, 0, 0, 0, 0, 
75, 1, 76, 75, -1, 175, 293, 17.0, 13, ABplppapapp, 5182, 0, 0, 0, , 0, 0, 0, 0, 0, 
76, 1, 77, 76, -1, 157, 298, 19.0, 13, ABprppapppa, 4812, 0, 0, 0, , 0, 0, 0, 0, 0, 
77, 1, 78, 77, -1, 141, 292, 19.0, 13, ABplppaappp, 4150, 0, 0, 0, , 0, 0, 0, 0, 0, 
78, 0, 79, -1, -1, 275, 192, 17.0, 13, , 3812, 0, 0, 0, , 0, 0, 0, 0, 0, 
79, 1, 80, 79, -1, 202, 279, 19.0, 13, MSaappap, 3277, 0, 0, 0, , 0, 0, 0, 0, 0, 
80, 1, 81, 80, -1, 120, 236, 18.0, 13, ABplpappppp, 3003, 0, 0, 0, , 0, 0, 0, 0, 0, 
81, 1, 82, 81, -1, 122, 258, 21.0, 11, ABplpappppa, 3695, 0, 0, 0, , 0, 0, 0, 0, 0, 
82, 1, 83, 82, -1, 133, 246, 16.0, 13, ABplpapppaa, 2519, 0, 0, 0, , 0, 0, 0, 0, 0, 
83, 1, 84, 83, -1, 132, 237, 22.0, 13, ABplpapppap, 3716, 0, 0, 0, , 0, 0, 0, 0, 0, 
84, 1, 85, 84, -1, 222, 217, 12.0, 15, ABplapaapa, 11047, 0, 0, 0, , 0, 0, 0, 0, 0, 
85, 1, 86, 85, -1, 233, 241, 16.0, 13, ABplpapapap, 4681, 0, 0, 0, , 0, 0, 0, 0, 0, 
86, 1, 87, 86, -1, 222, 250, 16.0, 13, ABplpapapaa, 4210, 0, 0, 0, , 0, 0, 0, 0, 0, 
87, 1, 88, 87, -1, 236, 227, 16.0, 11, ABplpapaaap, 3910, 0, 0, 0, , 0, 0, 0, 0, 0, 
88, 1, 89, 88, -1, 253, 226, 16.0, 13, ABplpapaaaa, 4729, 0, 0, 0, , 0, 0, 0, 0, 0, 
89, 1, 90, 89, -1, 209, 251, 19.0, 11, ABplppapaap, 12624, 0, 0, 0, , 0, 0, 0, 0, 0, 
90, 1, 91, 90, -1, 297, 243, 12.0, 15, ABplpaaaaaa, 6393, 0, 0, 0, , 0, 0, 0, 0, 0, 
91, 1, 92, 91, -1, 286, 194, 11.0, 15, ABplpaapapp, 6940, 0, 0, 0, , 0, 0, 0, 0, 0, 
92, 1, 93, 92, -1, 259, 277, 14.0, 13, ABplpaappap, 4261, 0, 0, 0, , 0, 0, 0, 0, 0, 
93, 1, 94, 93, -1, 260, 260, 13.0, 15, ABplpaappaa, 4264, 0, 0, 0, , 0, 0, 0, 0, 0, 
94, 1, 95, 94, -1, 269, 239, 13.0, 11, MSapppaa, 2598, 0, 0, 0, , 0, 0, 0, 0, 0, 
95, 1, 96, 95, -1, 269, 284, 12.0, 15, ABplpaapaap, 7420, 0, 0, 0, , 0, 0, 0, 0, 0, 
96, 0, 97, -1, -1, 297, 284, 17.0, 11, , 1438, 0, 0, 0, , 0, 0, 0, 0, 0, 
97, 1, 98, 97, -1, 351, 244, 15.0, 15, ABplpaapapa, 6073, 0, 0, 0, , 0, 0, 0, 0, 0, 
98, 1, 99, 98, -1, 355, 204, 24.0, 13, ABplaapaaaa, 5020, 0, 0, 0, , 0, 0, 0, 0, 0, 
99, 1, 100, 99, -1, 354, 210, 21.0, 15, ABplaapaaap, 5966, 0, 0, 0, , 0, 0, 0, 0, 0, 
100, 1, 101, 100, -1, 338, 241, 16.0, 13, ABplaapaapa, 6835, 0, 0, 0, , 0, 0, 0, 0, 0, 
101, 0, 102, -1, -1, 310, 288, 19.0, 11, , 1027, 0, 0, 0, , 0, 0, 0, 0, 0, 
102, 1, 103, 102, -1, 285, 295, 17.0, 11, ABplaapapppp, 2128, 0, 0, 0, , 0, 0, 0, 0, 0, 
103, 1, 104, 103, -1, 271, 288, 17.0, 13, ABplaapapap, 5342, 0, 0, 0, , 0, 0, 0, 0, 0, 
104, 1, 105, 104, -1, 264, 272, 16.0, 13, ABplaapapaa, 5194, 0, 0, 0, , 0, 0, 0, 0, 0, 
105, 0, 106, -1, -1, 329, 266, 27.0, 9, , 1516, 0, 0, 0, , 0, 0, 0, 0, 0, 
106, 1, 107, 106, -1, 366, 233, 27.0, 13, ABplaaaapp, 3915, 0, 0, 0, , 0, 0, 0, 0, 0, 
107, 1, 108, 107, -1, 338, 243, 12.0, 15, ABplaaappa, 6136, 0, 0, 0, , 0, 0, 0, 0, 0, 
108, 0, 109, -1, -1, 327, 265, 18.0, 9, , 906, 0, 0, 0, , 0, 0, 0, 0, 0, 
109, 0, 110, -1, -1, 335, 276, 15.0, 11, , 925, 0, 0, 0, , 0, 0, 0, 0, 0, 
110, 1, 111, 110, -1, 331, 255, 19.0, 9, ABalppppapa, 1217, 0, 0, 0, , 0, 0, 0, 0, 0, 
111, 1, 112, 111, -1, 333, 199, 16.0, 13, ABplaaapaa, 5965, 0, 0, 0, , 0, 0, 0, 0, 0, 
112, 1, 113, 112, -1, 160, 230, 15.0, 15, ABplappppa, 6365, 0, 0, 0, , 0, 0, 0, 0, 0, 
113, 1, 114, 113, -1, 106, 235, 11.0, 15, ABplappppp, 6286, 0, 0, 0, , 0, 0, 0, 0, 0, 
114, 0, 115, -1, -1, 114, 268, 10.0, 13, , 13719, 0, 0, 0, , 0, 0, 0, 0, 0, 
115, 1, 116, 115, -1, 81, 279, 11.0, 19, Cpappd, 9344, 0, 0, 0, , 0, 0, 0, 0, 0, 
116, 1, 119, 116, -1, 140, 326, 11.0, 17, ABplappapp, 13400, 0, 0, 0, , 0, 0, 0, 0, 0, 
117, 1, 120, 117, -1, 186, 337, 13.0, 17, ABplappapa, 8567, 0, 0, 0, , 0, 0, 0, 0, 0, 
118, 1, 121, 118, -1, 225, 300, 11.0, 15, ABplapaapp, 9869, 0, 0, 0, , 0, 0, 0, 0, 0, 
119, 1, 122, 119, -1, 320, 284, 23.0, 17, ABarppaaaa, 11905, 0, 0, 0, , 0, 0, 0, 0, 0, 
120, 0, 123, -1, -1, 255, 304, 17.0, 11, , 1108, 0, 0, 0, , 0, 0, 0, 0, 0, 
121, 1, 124, 121, -1, 119, 304, 10.0, 17, ABplapapap, 7203, 0, 0, 0, , 0, 0, 0, 0, 0, 
122, 1, 125, 122, -1, 120, 282, 11.0, 17, ABplapappa, 6978, 0, 0, 0, , 0, 0, 0, 0, 0, 
123, 1, 126, 123, -1, 106, 326, 12.0, 17, ABplapapaa, 8951, 0, 0, 0, , 0, 0, 0, 0, 0, 
124, 1, 127, 124, -1, 231, 205, 18.0, 11, ABprpapaaap, 2808, 0, 0, 0, , 0, 0, 0, 0, 0, 
125, 1, 128, 125, -1, 145, 262, 16.0, 11, ABprpapappp, 3339, 0, 0, 0, , 0, 0, 0, 0, 0, 
126, 1, 129, 126, -1, 210, 216, 22.0, 13, ABprpapapaa, 4767, 0, 0, 0, , 0, 0, 0, 0, 0, 
127, 1, 130, 127, -1, 88, 281, 18.0, 21, Eplppp, 23408, 0, 0, 0, , 0, 0, 0, 0, 0, 
128, 1, 131, 128, -1, 102, 241, 21.0, 13, ABprpappppa, 4600, 0, 0, 0, , 0, 0, 0, 0, 0, 
129, 1, 736, 129, -1, 189, 248, 15.0, 13, ABplpaaaapp, 2615, 0, 0, 0, , 0, 0, 0, 0, 0, 
130, 1, 133, 130, -1, 247, 217, 19.0, 13, ABprpappaap, 2906, 0, 0, 0, , 0, 0, 0, 0, 0, 
131, 1, 134, 131, -1, 297, 200, 20.0, 13, ABarapapapa, 5630, 0, 0, 0, , 0, 0, 0, 0, 0, 
132, 1, 135, 132, -1, 227, 182, 28.0, 13, ABprpaaaaap, 5127, 0, 0, 0, , 0, 0, 0, 0, 0, 
133, 1, 136, 133, -1, 238, 204, 28.0, 11, ABpraaappap, 3064, 0, 0, 0, , 0, 0, 0, 0, 0, 
134, 1, 137, 134, -1, 188, 256, 16.0, 13, ABprpaaaapp, 6735, 0, 0, 0, , 0, 0, 0, 0, 0, 
135, 1, 138, 135, -1, 230, 196, 14.0, 19, ABprpaaaapa, 10051, 0, 0, 0, , 0, 0, 0, 0, 0, 
136, 1, 139, 136, -1, 264, 182, 27.0, 13, ABprpaaaaaa, 5995, 0, 0, 0, , 0, 0, 0, 0, 0, 
137, 1, 140, 137, -1, 250, 184, 19.0, 13, ABprpapaapp, 1563, 0, 0, 0, , 0, 0, 0, 0, 0, 
138, 1, 141, 138, -1, 243, 194, 19.0, 11, ABprpapaapa, 2366, 0, 0, 0, , 0, 0, 0, 0, 0, 
139, 1, 142, 139, -1, 260, 172, 23.0, 15, ABprpaaappp, 8759, 0, 0, 0, , 0, 0, 0, 0, 0, 
140, 1, 143, 140, -1, 280, 162, 21.0, 15, ABprpaaapap, 3334, 0, 0, 0, , 0, 0, 0, 0, 0, 
141, 1, 144, 141, -1, 218, 204, 32.0, 13, ABprpaapaap, 4593, 0, 0, 0, , 0, 0, 0, 0, 0, 
142, 1, 145, 142, -1, 311, 185, 33.0, 15, ABprpaapapa, 6670, 0, 0, 0, , 0, 0, 0, 0, 0, 
143, 1, 146, 143, -1, 217, 213, 29.0, 13, ABprpaappap, 3801, 0, 0, 0, , 0, 0, 0, 0, 0, 
144, 1, 147, 144, -1, 225, 199, 28.0, 13, ABprpaappaa, 3624, 0, 0, 0, , 0, 0, 0, 0, 0, 
145, 1, 148, 145, -1, 120, 246, 27.0, 17, ABprpppaapa, 15721, 0, 0, 0, , 0, 0, 0, 0, 0, 
146, 1, 149, 146, -1, 133, 276, 22.0, 15, ABprpppaaap, 4848, 0, 0, 0, , 0, 0, 0, 0, 0, 
147, 1, 150, 147, -1, 152, 258, 21.0, 13, ABprpppaaaa, 6329, 0, 0, 0, , 0, 0, 0, 0, 0, 
148, 1, 151, 148, -1, 143, 220, 26.0, 17, ABprpppapaa, 4581, 0, 0, 0, , 0, 0, 0, 0, 0, 
149, 1, 152, 149, -1, 155, 232, 22.0, 13, ABprppppapa, 3516, 0, 0, 0, , 0, 0, 0, 0, 0, 
150, 1, 153, 150, -1, 144, 226, 20.0, 15, ABprppppapp, 5693, 0, 0, 0, , 0, 0, 0, 0, 0, 
151, 1, 154, 151, -1, 134, 249, 23.0, 13, ABprppppaaa, 3778, 0, 0, 0, , 0, 0, 0, 0, 0, 
152, 1, 155, 152, -1, 115, 244, 22.0, 13, ABprppppaap, 3700, 0, 0, 0, , 0, 0, 0, 0, 0, 
153, 1, 156, 153, -1, 126, 276, 26.0, 17, ABprpppppaa, 3561, 0, 0, 0, , 0, 0, 0, 0, 0, 
154, 1, 157, 154, -1, 119, 265, 24.0, 13, ABprpppppap, 3685, 0, 0, 0, , 0, 0, 0, 0, 0, 
155, 1, 158, 155, -1, 211, 192, 27.0, 13, ABprppaapap, 4131, 0, 0, 0, , 0, 0, 0, 0, 0, 
156, 1, 160, 156, -1, 203, 213, 17.0, 15, ABprppaappa, 4929, 0, 0, 0, , 0, 0, 0, 0, 0, 
157, 1, 161, 157, -1, 144, 275, 18.0, 11, ABprppaappp, 4192, 0, 0, 0, , 0, 0, 0, 0, 0, 
158, 0, 162, -1, -1, 217, 175, 28.0, 11, , 1237, 0, 0, 0, , 0, 0, 0, 0, 0, 
159, 1, 163, 159, -1, 205, 198, 29.0, 13, ABprppaaaapa, 3423, 0, 0, 0, , 0, 0, 0, 0, 0, 
160, 1, 164, 160, -1, 192, 212, 19.0, 13, ABprppapaaa, 5188, 0, 0, 0, , 0, 0, 0, 0, 0, 
161, 1, 165, 161, -1, 204, 263, 19.0, 11, ABprppapaap, 3021, 0, 0, 0, , 0, 0, 0, 0, 0, 
162, 1, 166, 162, -1, 189, 264, 20.0, 15, ABprppappap, 2238, 0, 0, 0, , 0, 0, 0, 0, 0, 
163, 1, 167, 163, -1, 185, 271, 22.0, 15, ABprppapapa, 3801, 0, 0, 0, , 0, 0, 0, 0, 0, 
164, 1, 168, 164, -1, 153, 301, 22.0, 13, ABprppapapp, 3391, 0, 0, 0, , 0, 0, 0, 0, 0, 
165, 1, 169, 165, -1, 134, 268, 19.0, 11, ABprppapppp, 3500, 0, 0, 0, , 0, 0, 0, 0, 0, 
166, 1, 170, 166, -1, 190, 247, 20.0, 13, ABprppappaa, 4355, 0, 0, 0, , 0, 0, 0, 0, 0, 
167, 1, 171, 167, -1, 348, 197, 25.0, 17, ABpraapaaaa, 3914, 0, 0, 0, , 0, 0, 0, 0, 0, 
168, 1, 172, 168, -1, 331, 213, 33.0, 15, ABarpapaaap, 4450, 0, 0, 0, , 0, 0, 0, 0, 0, 
169, 1, 173, 169, -1, 283, 196, 33.0, 15, ABpraapaapp, 4918, 0, 0, 0, , 0, 0, 0, 0, 0, 
170, 1, 174, 170, -1, 238, 225, 29.0, 15, ABpraapapap, 6032, 0, 0, 0, , 0, 0, 0, 0, 0, 
171, 1, 175, 171, -1, 227, 219, 26.0, 13, ABpraapapaa, 3862, 0, 0, 0, , 0, 0, 0, 0, 0, 
172, 0, 176, -1, -1, 239, 162, 30.0, 9, , 906, 0, 0, 0, , 0, 0, 0, 0, 0, 
173, 1, 177, 173, -1, 239, 219, 26.0, 13, ABpraapappa, 3448, 0, 0, 0, , 0, 0, 0, 0, 0, 
174, 1, 178, 174, -1, 200, 222, 31.0, 15, ABpraapppp, 3451, 0, 0, 0, , 0, 0, 0, 0, 0, 
175, 1, 179, 175, -1, 310, 167, 19.0, 13, ABpraappaa, 4150, 0, 0, 0, , 0, 0, 0, 0, 0, 
176, 1, 180, 176, -1, 254, 199, 25.0, 17, MSppapap, 2741, 0, 0, 0, , 0, 0, 0, 0, 0, 
177, 1, 182, 177, -1, 225, 224, 35.0, 11, ABpraaapppap, 2397, 0, 0, 0, , 0, 0, 0, 0, 0, 
178, 1, 183, 178, -1, 243, 172, 26.0, 13, ABpraaaaaaa, 4098, 0, 0, 0, , 0, 0, 0, 0, 0, 
179, 1, 184, 179, -1, 257, 171, 31.0, 14, ABalaappapa, 967, 0, 0, 0, , 0, 0, 0, 0, 0, 
180, 1, 185, 180, -1, 129, 299, 33.0, 19, ABprappapp, 16499, 0, 0, 0, , 0, 0, 0, 0, 0, 
181, 1, 186, 181, -1, 167, 300, 34.0, 15, ABprappapa, 4171, 0, 0, 0, , 0, 0, 0, 0, 0, 
182, 1, 187, 182, -1, 155, 287, 32.0, 19, ABprappaap, 7031, 0, 0, 0, , 0, 0, 0, 0, 0, 
183, 1, 188, 183, -1, 180, 266, 29.0, 15, ABprappaaa, 9544, 0, 0, 0, , 0, 0, 0, 0, 0, 
184, 1, 189, 184, -1, 127, 241, 30.0, 13, ABprapppaaa, 4026, 0, 0, 0, , 0, 0, 0, 0, 0, 
185, 1, 190, 185, -1, 131, 222, 28.0, 13, ABprapppappa, 3457, 0, 0, 0, , 0, 0, 0, 0, 0, 
186, 1, 191, 186, -1, 95, 230, 23.0, 11, ABprapappppp, 2414, 0, 0, 0, , 0, 0, 0, 0, 0, 
187, 1, 192, 187, -1, 109, 220, 24.0, 19, ABprappppp, 6747, 0, 0, 0, , 0, 0, 0, 0, 0, 
188, 1, 193, 713, -1, 153, 216, 14.0, 13, ABplpppapap, 3392, 0, 0, 0, , 0, 0, 0, 0, 0, 
189, 1, 194, 189, -1, 216, 232, 29.0, 15, ABprapaaapa, 7374, 0, 0, 0, , 0, 0, 0, 0, 0, 
190, 0, 195, -1, -1, 214, 250, 31.0, 15, , 2661, 0, 0, 0, , 0, 0, 0, 0, 0, 
191, 1, 196, 191, -1, 214, 248, 29.0, 17, ABprapaaapp, 4129, 0, 0, 0, , 0, 0, 0, 0, 0, 
192, 1, 197, 192, -1, 191, 245, 30.0, 17, ABprapaapp, 8190, 0, 0, 0, , 0, 0, 0, 0, 0, 
193, 1, 198, 193, -1, 203, 193, 19.0, 15, ABprapaapa, 6834, 0, 0, 0, , 0, 0, 0, 0, 0, 
194, 1, 199, 194, -1, 137, 253, 30.0, 17, ABprapappa, 6454, 0, 0, 0, , 0, 0, 0, 0, 0, 
195, 1, 200, 195, -1, 120, 273, 31.0, 15, ABprapapap, 5788, 0, 0, 0, , 0, 0, 0, 0, 0, 
196, 1, 201, 196, -1, 100, 288, 33.0, 19, ABprapapaa, 11621, 0, 0, 0, , 0, 0, 0, 0, 0, 
197, 1, 202, 197, -1, 291, 261, 34.0, 13, MSppppap, 2926, 0, 0, 0, , 0, 0, 0, 0, 0, 
198, 1, 203, 198, -1, 306, 271, 34.0, 13, MSpppppp, 4296, 0, 0, 0, , 0, 0, 0, 0, 0, 
199, 1, 204, 199, -1, 161, 287, 28.0, 15, Cppaapa, 5956, 0, 0, 0, , 0, 0, 0, 0, 0, 
200, 1, 205, 200, -1, 243, 203, 21.0, 17, ABprpapaaaa, 4269, 0, 0, 0, , 0, 0, 0, 0, 0, 
201, 1, 206, 201, -1, 116, 280, 21.0, 13, MSppaapp, 4965, 0, 0, 0, , 0, 0, 0, 0, 0, 
202, 1, 181, 202, -1, 252, 216, 29.0, 15, ABpraaapaad, 7055, 0, 0, 0, , 0, 0, 0, 0, 0, 
203, 1, 208, 203, -1, 278, 210, 28.0, 11, MSppaaaad, 1430, 0, 0, 0, , 0, 0, 0, 0, 0, 
204, 1, 209, 204, -1, 266, 216, 26.0, 13, ABarapapaapa, 4126, 0, 0, 0, , 0, 0, 0, 0, 0, 
205, 1, 210, 205, -1, 210, 294, 27.0, 13, MSpapappp, 3722, 0, 0, 0, , 0, 0, 0, 0, 0, 
206, 1, 211, 206, -1, 210, 271, 25.0, 15, MSpapapaa, 2567, 0, 0, 0, , 0, 0, 0, 0, 0, 
207, 1, 212, 207, -1, 225, 242, 24.0, 13, MSpapaaap, 4462, 0, 0, 0, , 0, 0, 0, 0, 0, 
208, 1, 213, 208, -1, 164, 302, 14.0, 15, MSpappaa, 5901, 0, 0, 0, , 0, 0, 0, 0, 0, 
209, 1, 214, 209, -1, 175, 257, 23.0, 13, MSpappppa, 2887, 0, 0, 0, , 0, 0, 0, 0, 0, 
210, 1, 215, 210, -1, 171, 273, 25.0, 13, MSpappppp, 2089, 0, 0, 0, , 0, 0, 0, 0, 0, 
211, 1, 216, 211, -1, 261, 311, 29.0, 15, MSpaaappp, 4022, 0, 0, 0, , 0, 0, 0, 0, 0, 
212, 1, 217, 212, -1, 258, 305, 24.0, 15, MSpaaapaa, 4293, 0, 0, 0, , 0, 0, 0, 0, 0, 
213, 1, 218, 213, -1, 280, 270, 31.0, 11, MSpaaaapp, 3303, 0, 0, 0, , 0, 0, 0, 0, 0, 
214, 1, 219, 214, -1, 290, 284, 29.0, 13, MSpaaaaaa, 5778, 0, 0, 0, , 0, 0, 0, 0, 0, 
215, 1, 220, 215, -1, 263, 276, 31.0, 15, ABaraappapp, 6909, 0, 0, 0, , 0, 0, 0, 0, 0, 
216, 1, 221, 216, -1, 233, 253, 28.0, 13, ABaraappppa, 4999, 0, 0, 0, , 0, 0, 0, 0, 0, 
217, 1, 222, 217, -1, 250, 266, 32.0, 13, ABaraapppap, 4596, 0, 0, 0, , 0, 0, 0, 0, 0, 
218, 1, 223, 218, -1, 255, 300, 29.0, 11, MSpaapaap, 1754, 0, 0, 0, , 0, 0, 0, 0, 0, 
219, 1, 224, 219, -1, 279, 294, 30.0, 15, MSpaaappa, 5549, 0, 0, 0, , 0, 0, 0, 0, 0, 
220, 1, 225, 220, -1, 250, 286, 29.0, 11, MSpaapaaa, 3279, 0, 0, 0, , 0, 0, 0, 0, 0, 
221, 1, 226, 221, -1, 295, 304, 23.0, 15, MSapppap, 4962, 0, 0, 0, , 0, 0, 0, 0, 0, 
222, 0, 227, -1, -1, 326, 254, 34.0, 17, , 6210, 0, 0, 0, , 0, 0, 0, 0, 0, 
223, 1, 228, 223, -1, 311, 287, 28.0, 17, MSappaaa, 13360, 0, 0, 0, , 0, 0, 0, 0, 0, 
224, 1, 229, 224, -1, 279, 300, 23.0, 15, ABaraapaapp, 6348, 0, 0, 0, , 0, 0, 0, 0, 0, 
225, 0, 230, -1, -1, 355, 266, 28.0, 13, , 2406, 0, 0, 0, , 0, 0, 0, 0, 0, 
226, 1, 231, 226, -1, 124, 294, 22.0, 13, MSapaapp, 4775, 0, 0, 0, , 0, 0, 0, 0, 0, 
227, 1, 232, 227, -1, 311, 255, 19.0, 15, MSapaaaa, 2415, 0, 0, 0, , 0, 0, 0, 0, 0, 
228, 1, 233, 228, -1, 265, 285, 26.0, 11, MSaaaaapap, 1555, 0, 0, 0, , 0, 0, 0, 0, 0, 
229, 1, 234, 229, -1, 324, 260, 23.0, 13, MSaaaaaal, 4181, 0, 0, 0, , 0, 0, 0, 0, 0, 
230, 1, 235, 230, -1, 274, 310, 29.0, 13, MSaaaapaa, 3506, 0, 0, 0, , 0, 0, 0, 0, 0, 
231, 1, 236, 231, -1, 281, 298, 25.0, 15, MSaaaapap, 6116, 0, 0, 0, , 0, 0, 0, 0, 0, 
232, 1, 237, 232, -1, 246, 313, 26.0, 11, MSaaaappa, 1875, 0, 0, 0, , 0, 0, 0, 0, 0, 
233, 1, 238, 233, -1, 241, 312, 28.0, 13, MSpaaapap, 4796, 0, 0, 0, , 0, 0, 0, 0, 0, 
234, 1, 239, 234, -1, 246, 312, 22.0, 13, MSaaapapa, 3967, 0, 0, 0, , 0, 0, 0, 0, 0, 
235, 1, 240, 235, -1, 221, 287, 23.0, 13, MSaaapapp, 2611, 0, 0, 0, , 0, 0, 0, 0, 0, 
236, 1, 241, 236, -1, 221, 324, 24.0, 13, MSaaappa, 3819, 0, 0, 0, , 0, 0, 0, 0, 0, 
237, 1, 242, 237, -1, 233, 330, 27.0, 15, MSaaappp, 3751, 0, 0, 0, , 0, 0, 0, 0, 0, 
238, 1, 243, 238, -1, 195, 279, 13.0, 11, MSaappppa, 2871, 0, 0, 0, , 0, 0, 0, 0, 0, 
239, 1, 244, 239, -1, 181, 292, 14.0, 11, MSaappppp, 1919, 0, 0, 0, , 0, 0, 0, 0, 0, 
240, 1, 245, 240, -1, 234, 261, 17.0, 13, MSaapaaap, 4026, 0, 0, 0, , 0, 0, 0, 0, 0, 
241, 1, 246, 241, -1, 256, 258, 21.0, 13, MSaapaaaa, 2355, 0, 0, 0, , 0, 0, 0, 0, 0, 
242, 1, 247, 242, -1, 215, 293, 19.0, 13, MSaapappp, 2933, 0, 0, 0, , 0, 0, 0, 0, 0, 
243, 1, 248, 243, -1, 252, 300, 19.0, 11, MSaapappa, 1955, 0, 0, 0, , 0, 0, 0, 0, 0, 
244, 1, 249, 244, -1, 223, 276, 18.0, 11, MSaapapaa, 2531, 0, 0, 0, , 0, 0, 0, 0, 0, 
245, 1, 250, 245, -1, 237, 286, 21.0, 13, MSaapapap, 3298, 0, 0, 0, , 0, 0, 0, 0, 0, 
246, 1, 251, 246, -1, 71, 305, 15.0, 13, Cappapa, 5520, 0, 0, 0, , 0, 0, 0, 0, 0, 
247, 1, 252, 247, -1, 200, 355, 21.0, 17, Cappaaa, 5157, 0, 0, 0, , 0, 0, 0, 0, 0, 
248, 1, 253, 248, -1, 60, 294, 17.0, 15, Capppap, 5621, 0, 0, 0, , 0, 0, 0, 0, 0, 
249, 1, 254, 249, -1, 88, 354, 20.0, 15, Capppaa, 3513, 0, 0, 0, , 0, 0, 0, 0, 0, 
250, 1, 255, 250, -1, 92, 348, 17.0, 17, Capapap, 5242, 0, 0, 0, , 0, 0, 0, 0, 0, 
251, 1, 256, 251, -1, 142, 268, 13.0, 17, Capappp, 6493, 0, 0, 0, , 0, 0, 0, 0, 0, 
252, 1, 257, 252, -1, 134, 290, 12.0, 15, Capappa, 7173, 0, 0, 0, , 0, 0, 0, 0, 0, 
253, 1, 258, 253, -1, 189, 300, 12.0, 15, Capaaap, 6488, 0, 0, 0, , 0, 0, 0, 0, 0, 
254, 1, 259, 254, -1, 211, 281, 13.0, 15, Capaaaa, 6220, 0, 0, 0, , 0, 0, 0, 0, 0, 
255, 1, 261, 255, -1, 110, 217, 21.0, 15, Caappv, 4470, 0, 0, 0, , 0, 0, 0, 0, 0, 
256, 1, 262, 256, -1, 101, 226, 14.0, 15, Cpappv, 3978, 0, 0, 0, , 0, 0, 0, 0, 0, 
257, 0, 263, -1, -1, 159, 287, 30.0, 15, , 6974, 0, 0, 0, , 0, 0, 0, 0, 0, 
258, 1, 264, 258, -1, 173, 266, 27.0, 17, Cppaaap, 4642, 0, 0, 0, , 0, 0, 0, 0, 0, 
259, 1, 265, 259, -1, 185, 247, 26.0, 15, Cppaaaa, 4199, 0, 0, 0, , 0, 0, 0, 0, 0, 
260, 1, 266, 260, -1, 145, 250, 26.0, 15, Cppappp, 5404, 0, 0, 0, , 0, 0, 0, 0, 0, 
261, 1, 267, 261, -1, 128, 265, 27.0, 17, Cppappa, 3690, 0, 0, 0, , 0, 0, 0, 0, 0, 
262, 1, 268, 696, -1, 169, 357, 31.0, 13, Cpppaap, 1707, 0, 0, 0, , 0, 0, 0, 0, 0, 
263, 1, 269, 262, -1, 216, 324, 34.0, 17, Cpppaaa, 4641, 0, 0, 0, , 0, 0, 0, 0, 0, 
264, 1, 270, 263, -1, 248, 233, 13.0, 13, Daapa, 5080, 0, 0, 0, , 0, 0, 0, 0, 0, 
265, 1, 271, 264, -1, 233, 236, 12.0, 15, Daapp, 7694, 0, 0, 0, , 0, 0, 0, 0, 0, 
266, 0, 272, -1, -1, 246, 302, 16.0, 11, , 4194, 0, 0, 0, , 0, 0, 0, 0, 0, 
267, 1, 273, 266, -1, 289, 318, 25.0, 15, Dappaa, 3566, 0, 0, 0, , 0, 0, 0, 0, 0, 
268, 1, 274, 267, -1, 270, 323, 22.0, 19, Daaap, 4523, 0, 0, 0, , 0, 0, 0, 0, 0, 
269, 1, 275, 268, -1, 207, 194, 22.0, 15, Dpapp, 3497, 0, 0, 0, , 0, 0, 0, 0, 0, 
270, 1, 276, 269, -1, 228, 186, 23.0, 17, Dpapa, 6942, 0, 0, 0, , 0, 0, 0, 0, 0, 
271, 1, 277, 270, -1, 228, 212, 23.0, 15, ABprpappapa, 5123, 0, 0, 0, , 0, 0, 0, 0, 0, 
272, 1, 278, 271, -1, 235, 328, 32.0, 15, Dppppa, 4023, 0, 0, 0, , 0, 0, 0, 0, 0, 
273, 1, 279, 272, -1, 252, 311, 33.0, 15, Dpppap, 3878, 0, 0, 0, , 0, 0, 0, 0, 0, 
274, 1, 280, 273, -1, 282, 288, 34.0, 17, Dpppaa, 5572, 0, 0, 0, , 0, 0, 0, 0, 0, 
275, 1, 281, 347, -1, 197, 225, 25.0, 15, Dppaa, 961, 0, 0, 0, , 0, 0, 0, 0, 0, 
276, 1, 282, 274, -1, 235, 303, 34.0, 13, Dppap, 2572, 0, 0, 0, , 0, 0, 0, 0, 0, 
277, 0, 283, -1, -1, 381, 243, 24.0, 15, , 4555, 0, 0, 0, , 0, 0, 0, 0, 0, 
278, 1, 284, 276, -1, 278, 264, 16.0, 13, ABplaapappa, 4493, 0, 0, 0, , 0, 0, 0, 0, 0, 
279, 1, 285, 277, -1, 282, 295, 11.0, 11, ABalppppppap, 1730, 0, 0, 0, , 0, 0, 0, 0, 0, 
280, 1, 286, 278, -1, 352, 224, 14.0, 13, ABplaaapap, 6275, 0, 0, 0, , 0, 0, 0, 0, 0, 
281, 1, 287, 279, -1, 282, 246, 12.0, 11, ABalpppaaaa, 2931, 0, 0, 0, , 0, 0, 0, 0, 0, 
282, 1, 288, 280, -1, 311, 205, 16.0, 11, ABalpppaaap, 2383, 0, 0, 0, , 0, 0, 0, 0, 0, 
283, 1, 289, 281, -1, 333, 225, 11.0, 13, ABalpppaapd, 4566, 0, 0, 0, , 0, 0, 0, 0, 0, 
284, 1, 290, 282, -1, 332, 222, 17.0, 13, ABalpppaapv, 2600, 0, 0, 0, , 0, 0, 0, 0, 0, 
285, 1, 291, 283, -1, 291, 261, 12.0, 15, ABalpppapad, 2575, 0, 0, 0, , 0, 0, 0, 0, 0, 
286, 1, 292, 284, -1, 293, 231, 11.0, 13, ABalpppapav, 3530, 0, 0, 0, , 0, 0, 0, 0, 0, 
287, 1, 293, 285, -1, 322, 206, 13.0, 13, ABalppaaapp, 4987, 0, 0, 0, , 0, 0, 0, 0, 0, 
288, 1, 294, 286, -1, 270, 258, 12.0, 15, ABplpaaaaap, 6627, 0, 0, 0, , 0, 0, 0, 0, 0, 
289, 1, 295, 287, -1, 295, 195, 16.0, 9, ABalppapppaa, 1537, 0, 0, 0, , 0, 0, 0, 0, 0, 
290, 1, 296, 288, -1, 279, 208, 15.0, 11, ABalppapppap, 2924, 0, 0, 0, , 0, 0, 0, 0, 0, 
291, 0, 297, -1, -1, 306, 280, 17.0, 11, , 2928, 0, 0, 0, , 0, 0, 0, 0, 0, 
292, 1, 298, 290, -1, 259, 207, 16.0, 15, ABalpapapaa, 7184, 0, 0, 0, , 0, 0, 0, 0, 0, 
293, 0, 299, -1, -1, 319, 195, 11.0, 11, , 1652, 0, 0, 0, , 0, 0, 0, 0, 0, 
294, 1, 300, 292, -1, 317, 177, 16.0, 13, ABplaappaa, 4456, 0, 0, 0, , 0, 0, 0, 0, 0, 
295, 1, 301, 293, -1, 315, 244, 12.0, 13, ABalppapaaa, 5991, 0, 0, 0, , 0, 0, 0, 0, 0, 
296, 1, 302, 294, -1, 306, 175, 17.0, 11, ABalpapaapp, 2316, 0, 0, 0, , 0, 0, 0, 0, 0, 
297, 0, 303, -1, -1, 260, 205, 11.0, 11, , 2871, 0, 0, 0, , 0, 0, 0, 0, 0, 
298, 1, 304, 296, -1, 287, 227, 18.0, 11, ABalpaaaapa, 4485, 0, 0, 0, , 0, 0, 0, 0, 0, 
299, 1, 305, 297, -1, 274, 233, 18.0, 11, ABalpaaaaap, 4051, 0, 0, 0, , 0, 0, 0, 0, 0, 
300, 0, 306, -1, -1, 252, 240, 26.0, 15, , 6335, 0, 0, 0, , 0, 0, 0, 0, 0, 
301, 1, 307, 299, -1, 297, 257, 17.0, 11, MSapapap, 3098, 0, 0, 0, , 0, 0, 0, 0, 0, 
302, 1, 308, 300, -1, 297, 277, 22.0, 15, ABalpaapapa, 5589, 0, 0, 0, , 0, 0, 0, 0, 0, 
303, 1, 309, 301, -1, 264, 230, 20.0, 11, ABalpaaaapp, 7992, 0, 0, 0, , 0, 0, 0, 0, 0, 
304, 1, 310, 302, -1, 303, 221, 20.0, 13, ABalpaaaaaa, 2111, 0, 0, 0, , 0, 0, 0, 0, 0, 
305, 0, 311, -1, -1, 257, 241, 24.0, 11, , 2138, 0, 0, 0, , 0, 0, 0, 0, 0, 
306, 1, 312, 304, -1, 351, 228, 17.0, 13, ABalpaapppp, 3138, 0, 0, 0, , 0, 0, 0, 0, 0, 
307, 1, 313, 305, -1, 331, 205, 21.0, 13, ABalpaappaa, 3810, 0, 0, 0, , 0, 0, 0, 0, 0, 
308, 0, 314, -1, -1, 310, 228, 22.0, 13, , 2940, 0, 0, 0, , 0, 0, 0, 0, 0, 
309, 0, 315, -1, -1, 271, 225, 16.0, 13, , 2505, 0, 0, 0, , 0, 0, 0, 0, 0, 
310, 1, 316, 308, -1, 123, 341, 22.0, 23, Ealpp, 23865, 0, 0, 0, , 0, 0, 0, 0, 0, 
311, 1, 317, 309, -1, 194, 312, 20.0, 15, Ealpa, 4215, 0, 0, 0, , 0, 0, 0, 0, 0, 
312, 1, 318, 310, -1, 244, 339, 22.0, 17, Dapap, 6721, 0, 0, 0, , 0, 0, 0, 0, 0, 
313, 1, 319, 311, -1, 227, 273, 13.0, 15, Dapaa, 3201, 0, 0, 0, , 0, 0, 0, 0, 0, 
314, 1, 320, 312, -1, 236, 296, 20.0, 13, MSaapaapp, 4118, 0, 0, 0, , 0, 0, 0, 0, 0, 
315, 1, 321, 313, -1, 236, 276, 17.0, 11, MSaapaapaa, 1292, 0, 0, 0, , 0, 0, 0, 0, 0, 
316, 1, 322, 314, -1, 235, 288, 17.0, 11, MSaapaapap, 2667, 0, 0, 0, , 0, 0, 0, 0, 0, 
317, 1, 323, 315, -1, 251, 262, 11.0, 13, ABplppaapap, 6040, 0, 0, 0, , 0, 0, 0, 0, 0, 
318, 1, 324, 316, -1, 338, 269, 19.0, 15, ABalaaaalar, 4012, 0, 0, 0, , 0, 0, 0, 0, 0, 
319, 1, 325, 317, -1, 326, 243, 18.0, 11, ABalapaappp, 1994, 0, 0, 0, , 0, 0, 0, 0, 0, 
320, 1, 326, 318, -1, 279, 219, 34.0, 13, ABalaaapprr, 2776, 0, 0, 0, , 0, 0, 0, 0, 0, 
321, 0, 327, -1, -1, 297, 175, 27.0, 13, , 2891, 0, 0, 0, , 0, 0, 0, 0, 0, 
322, 1, 328, 320, -1, 91, 353, 27.0, 17, Cppppaa, 3365, 0, 0, 0, , 0, 0, 0, 0, 0, 
323, 0, 329, -1, -1, 86, 349, 27.0, 15, , 5072, 0, 0, 0, , 0, 0, 0, 0, 0, 
324, 1, 330, 322, -1, 63, 303, 25.0, 19, Cppppap, 13163, 0, 0, 0, , 0, 0, 0, 0, 0, 
325, 0, 331, -1, -1, 100, 330, 26.0, 13, , 2018, 0, 0, 0, , 0, 0, 0, 0, 0, 
326, 1, 332, 324, -1, 213, 235, 12.0, 15, ABplppapaaa, 6066, 0, 0, 0, , 0, 0, 0, 0, 0, 
327, 1, 333, 325, -1, 311, 305, 21.0, 13, ABalaaaalal, 4284, 0, 0, 0, , 0, 0, 0, 0, 0, 
328, 0, 334, -1, -1, 287, 164, 23.0, 11, , 3734, 0, 0, 0, , 0, 0, 0, 0, 0, 
329, 1, 335, 327, -1, 163, 289, 24.0, 15, MSpappap, 5253, 0, 0, 0, , 0, 0, 0, 0, 0, 
330, 1, 336, 328, -1, 239, 291, 31.0, 17, MSpaapapa, 5666, 0, 0, 0, , 0, 0, 0, 0, 0, 
331, 1, 337, 329, -1, 82, 244, 22.0, 13, Cpppppd, 2973, 0, 0, 0, , 0, 0, 0, 0, 0, 
332, 1, 338, 330, -1, 293, 303, 17.0, 11, ABplapaaaaa, 2962, 0, 0, 0, , 0, 0, 0, 0, 0, 
333, 1, 339, 331, -1, 207, 282, 22.0, 15, MSaappaa, 3486, 0, 0, 0, , 0, 0, 0, 0, 0, 
334, 1, 340, 332, -1, 314, 232, 10.0, 11, ABalaaaalpa, 3844, 0, 0, 0, , 0, 0, 0, 0, 0, 
335, 0, 341, -1, -1, 358, 228, 23.0, 13, , 2262, 0, 0, 0, , 0, 0, 0, 0, 0, 
336, 1, 342, 334, -1, 365, 230, 19.0, 15, ABplaaaaaaa, 4564, 0, 0, 0, , 0, 0, 0, 0, 0, 
337, 1, 343, 335, -1, 267, 267, 19.0, 11, ABalpaaappp, 3549, 0, 0, 0, , 0, 0, 0, 0, 0, 
338, 1, 344, 336, -1, 277, 254, 17.0, 17, ABalpapppaa, 5993, 0, 0, 0, , 0, 0, 0, 0, 0, 
339, 1, 345, 337, -1, 199, 294, 17.0, 17, Ealaad, 4994, 0, 0, 0, , 0, 0, 0, 0, 0, 
340, 1, 346, 338, -1, 298, 196, 22.0, 11, ABarappaapp, 6944, 0, 0, 0, , 0, 0, 0, 0, 0, 
341, 1, 347, 339, -1, 216, 255, 26.0, 11, MSpapaapaa, 2933, 0, 0, 0, , 0, 0, 0, 0, 0, 
342, 1, 348, 340, -1, 222, 269, 27.0, 13, MSpapaapap, 2788, 0, 0, 0, , 0, 0, 0, 0, 0, 
343, 0, 349, -1, -1, 270, 196, 36.0, 13, , 3208, 0, 0, 0, , 0, 0, 0, 0, 0, 
344, 1, 350, 342, -1, 359, 207, 29.0, 11, ABalaaapplr, 2869, 0, 0, 0, , 0, 0, 0, 0, 0, 
345, 1, 351, 343, -1, 313, 297, 26.0, 15, MSappppp, 3327, 0, 0, 0, , 0, 0, 0, 0, 0, 
346, 1, 352, 344, -1, 291, 274, 20.0, 19, ABalpaapapp, 6034, 0, 0, 0, , 0, 0, 0, 0, 0, 
347, 0, 353, -1, -1, 246, 233, 21.0, 11, , 2131, 0, 0, 0, , 0, 0, 0, 0, 0, 
348, 1, 354, 346, -1, 192, 216, 23.0, 13, MSpapppaa, 4571, 0, 0, 0, , 0, 0, 0, 0, 0, 
349, 0, 355, -1, -1, 201, 232, 25.0, 15, , 5218, 0, 0, 0, , 0, 0, 0, 0, 0, 
350, 1, 356, 348, -1, 270, 215, 31.0, 13, ABprpaapaaa, 5732, 0, 0, 0, , 0, 0, 0, 0, 0, 
351, 1, 357, 349, -1, 279, 271, 10.0, 11, ABalpppppppp, 2554, 0, 0, 0, , 0, 0, 0, 0, 0, 
352, 1, 358, 350, -1, 137, 210, 14.0, 11, Caapap, 6019, 0, 0, 0, , 0, 0, 0, 0, 0, 
353, 1, 359, 351, -1, 342, 214, 25.0, 15, ABarpaaaaal, 2905, 0, 0, 0, , 0, 0, 0, 0, 0, 
354, 1, 360, 352, -1, 122, 221, 19.0, 13, ABprppppppa, 4195, 0, 0, 0, , 0, 0, 0, 0, 0, 
355, 0, 361, -1, -1, 266, 176, 20.0, 11, , 1887, 0, 0, 0, , 0, 0, 0, 0, 0, 
356, 0, 362, -1, -1, 331, 279, 25.0, 19, , 9249, 0, 0, 0, , 0, 0, 0, 0, 0, 
357, 1, 363, 355, -1, 339, 232, 33.0, 15, MSppappp, 3322, 0, 0, 0, , 0, 0, 0, 0, 0, 
358, 1, 364, 356, -1, 129, 233, 14.0, 15, Cappppd, 5597, 0, 0, 0, , 0, 0, 0, 0, 0, 
359, 1, 365, 357, -1, 242, 300, 27.0, 13, MSaaaappp, 3292, 0, 0, 0, , 0, 0, 0, 0, 0, 
360, 1, 366, 358, -1, 97, 283, 10.0, 11, ABplapppaap, 4240, 0, 0, 0, , 0, 0, 0, 0, 0, 
361, 1, 722, 359, -1, 227, 283, 27.0, 13, MSpapaapp, 2222, 0, 0, 0, , 0, 0, 0, 0, 0, 
362, 1, 368, 360, -1, 167, 311, 12.0, 15, Capaapa, 5171, 0, 0, 0, , 0, 0, 0, 0, 0, 
363, 0, 369, -1, -1, 228, 178, 32.0, 11, , 1516, 0, 0, 0, , 0, 0, 0, 0, 0, 
364, 1, 369, 362, -1, 228, 186, 31.0, 13, ABpraaappppp, 3551, 0, 0, 0, , 0, 0, 0, 0, 0, 
365, 1, 370, 363, -1, 294, 283, 12.0, 15, ABalpppppppa, 2965, 0, 0, 0, , 0, 0, 0, 0, 0, 
366, 1, 371, 364, -1, 313, 262, 16.0, 13, ABplpaapaaa, 5437, 0, 0, 0, , 0, 0, 0, 0, 0, 
367, 1, 373, 365, -1, 216, 254, 22.0, 13, ABarapapapp, 11162, 0, 0, 0, , 0, 0, 0, 0, 0, 
368, 1, 374, 366, -1, 208, 262, 14.0, 11, MSaapppap, 2431, 0, 0, 0, , 0, 0, 0, 0, 0, 
369, 0, 375, -1, -1, 256, 295, 15.0, 13, , 3361, 0, 0, 0, , 0, 0, 0, 0, 0, 
370, 0, -1, -1, -1, 228, 265, 13.0, 11, , 1989, 0, 0, 0, , 0, 0, 0, 0, 0, 
371, 1, 377, 369, -1, 195, 240, 13.0, 15, ABalpapappa, 15176, 0, 0, 0, , 0, 0, 0, 0, 0, 
372, 0, 378, -1, -1, 176, 315, 23.0, 15, , 1335, 0, 0, 0, , 0, 0, 0, 0, 0, 
373, 0, 379, -1, -1, 250, 290, 15.0, 13, , 3188, 0, 0, 0, , 0, 0, 0, 0, 0, 
374, 1, 380, 372, -1, 252, 240, 20.0, 13, ABalpappppa, 3196, 0, 0, 0, , 0, 0, 0, 0, 0, 
375, 0, 381, -1, -1, 243, 172, 18.0, 11, , 1683, 0, 0, 0, , 0, 0, 0, 0, 0, 
376, 1, 382, 374, -1, 104, 239, 18.0, 13, ABprpappppp, 8092, 0, 0, 0, , 0, 0, 0, 0, 0, 
377, 1, 383, 375, -1, 242, 213, 13.0, 17, ABplpaapppa, 16543, 0, 0, 0, , 0, 0, 0, 0, 0, 
378, 1, 385, 376, -1, 346, 236, 30.0, 9, ABalapppapp, 777, 0, 0, 0, , 0, 0, 0, 0, 0, 
379, 1, 386, 377, -1, 239, 196, 24.0, 13, MSppppaa, 2735, 0, 0, 0, , 0, 0, 0, 0, 0, 
380, 1, 387, 378, -1, 297, 258, 13.0, 13, ABalapaapaa, 2498, 0, 0, 0, , 0, 0, 0, 0, 0, 
381, 1, 388, 379, -1, 309, 249, 27.0, 13, ABaraappaaa, 4168, 0, 0, 0, , 0, 0, 0, 0, 0, 
382, 1, 389, 380, -1, 283, 279, 15.0, 13, ABalpppppap, 2712, 0, 0, 0, , 0, 0, 0, 0, 0, 
383, 1, 390, 381, -1, 305, 226, 14.0, 13, ABalppappap, 7745, 0, 0, 0, , 0, 0, 0, 0, 0, 
384, 0, 391, -1, -1, 321, 296, 21.0, 13, , 2978, 0, 0, 0, , 0, 0, 0, 0, 0, 
385, 1, 392, 383, -1, 271, 246, 10.0, 15, ABplppaaaaa, 7122, 0, 0, 0, , 0, 0, 0, 0, 0, 
386, 1, 393, 384, -1, 275, 212, 23.0, 15, ABarapaaapa, 4156, 0, 0, 0, , 0, 0, 0, 0, 0, 
387, 1, 394, 385, -1, 302, 232, 26.0, 15, ABaraappaap, 6281, 0, 0, 0, , 0, 0, 0, 0, 0, 
388, 0, 395, -1, -1, 278, 258, 33.0, 9, , 525, 0, 0, 0, , 0, 0, 0, 0, 0, 
389, 1, 397, 387, -1, 312, 221, 16.0, 13, ABalpapaaaa, 5912, 0, 0, 0, , 0, 0, 0, 0, 0, 
390, 1, 398, 388, -1, 95, 246, 28.0, 15, Caappd, 2423, 0, 0, 0, , 0, 0, 0, 0, 0, 
391, 0, 399, -1, -1, 252, 254, 28.0, 17, , 4503, 0, 0, 0, , 0, 0, 0, 0, 0, 
392, 1, 400, 390, -1, 272, 235, 33.0, 13, ABarpppaaa, 3610, 0, 0, 0, , 0, 0, 0, 0, 0, 
393, 0, 401, -1, -1, 94, 332, 22.0, 19, , 4616, 0, 0, 0, , 0, 0, 0, 0, 0, 
394, 1, 402, 392, -1, 318, 240, 16.0, 11, ABalapaappap, 2001, 0, 0, 0, , 0, 0, 0, 0, 0, 
395, 1, 403, 393, -1, 293, 235, 36.0, 13, ABalappapap, 4213, 0, 0, 0, , 0, 0, 0, 0, 0, 
396, 1, 404, 394, -1, 314, 217, 10.0, 13, ABplaappap, 2848, 0, 0, 0, , 0, 0, 0, 0, 0, 
397, 1, 405, 395, -1, 212, 220, 14.0, 15, ABplppaappa, 5899, 0, 0, 0, , 0, 0, 0, 0, 0, 
398, 1, 406, 396, -1, 225, 183, 18.0, 13, ABarappappp, 7484, 0, 0, 0, , 0, 0, 0, 0, 0, 
399, 1, 407, 397, -1, 85, 313, 12.0, 15, Cpapap, 5575, 0, 0, 0, , 0, 0, 0, 0, 0, 
400, 1, 408, 398, -1, 239, 204, 16.0, 15, ABplpaaaapa, 6295, 0, 0, 0, , 0, 0, 0, 0, 0, 
401, 1, 409, 399, -1, 307, 192, 12.0, 13, ABplpaaapap, 8469, 0, 0, 0, , 0, 0, 0, 0, 0, 
402, 1, 410, 400, -1, 268, 283, 21.0, 15, ABaraapapaa, 8015, 0, 0, 0, , 0, 0, 0, 0, 0, 
403, 1, 411, 401, -1, 353, 260, 24.0, 13, MSapappp, 3408, 0, 0, 0, , 0, 0, 0, 0, 0, 
404, 1, 412, 402, -1, 141, 232, 27.0, 13, ABprpppaapp, 4812, 0, 0, 0, , 0, 0, 0, 0, 0, 
405, 1, 413, 403, -1, 149, 247, 16.0, 13, ABplppppapa, 4981, 0, 0, 0, , 0, 0, 0, 0, 0, 
406, 1, 414, 404, -1, 192, 229, 18.0, 15, ABprpapppap, 3741, 0, 0, 0, , 0, 0, 0, 0, 0, 
407, 0, 415, -1, -1, 215, 328, 29.0, 11, , 1631, 0, 0, 0, , 0, 0, 0, 0, 0, 
408, 0, 416, -1, -1, 222, 227, 20.0, 9, , 589, 0, 0, 0, , 0, 0, 0, 0, 0, 
409, 0, 417, -1, -1, 257, 207, 32.0, 11, , 1495, 0, 0, 0, , 0, 0, 0, 0, 0, 
410, 1, 418, 408, -1, 264, 200, 32.0, 13, ABpraaaapppa, 2476, 0, 0, 0, , 0, 0, 0, 0, 0, 
411, 1, 419, 409, -1, 250, 294, 11.0, 13, ABplaapppp, 4958, 0, 0, 0, , 0, 0, 0, 0, 0, 
412, 1, 420, 410, -1, 292, 261, 31.0, 13, MSpaaaapa, 3751, 0, 0, 0, , 0, 0, 0, 0, 0, 
413, 1, 421, 411, -1, 157, 340, 26.0, 15, Epraa, 11062, 0, 0, 0, , 0, 0, 0, 0, 0, 
414, 1, 422, 412, -1, 326, 279, 18.0, 13, ABalaaapall, 3619, 0, 0, 0, , 0, 0, 0, 0, 0, 
415, 1, 423, 413, -1, 266, 234, 29.0, 13, ABarapaappa, 5055, 0, 0, 0, , 0, 0, 0, 0, 0, 
416, 0, 424, -1, -1, 330, 176, 29.0, 11, , 2780, 0, 0, 0, , 0, 0, 0, 0, 0, 
417, 1, 425, 415, -1, 253, 336, 25.0, 17, Dappap, 3925, 0, 0, 0, , 0, 0, 0, 0, 0, 
418, 1, 426, 416, -1, 363, 246, 21.0, 13, ABplaaaaaap, 3607, 0, 0, 0, , 0, 0, 0, 0, 0, 
419, 1, 427, 417, -1, 188, 339, 24.0, 17, Earap, 4766, 0, 0, 0, , 0, 0, 0, 0, 0, 
420, 1, 428, 418, -1, 335, 225, 30.0, 13, ABarpapaaaa, 3692, 0, 0, 0, , 0, 0, 0, 0, 0, 
421, 0, 429, -1, -1, 136, 321, 15.0, 15, , 9150, 0, 0, 0, , 0, 0, 0, 0, 0, 
422, 0, 430, -1, -1, 152, 344, 25.0, 17, , 12110, 0, 0, 0, , 0, 0, 0, 0, 0, 
423, 0, 431, -1, -1, 287, 194, 30.0, 11, , 1841, 0, 0, 0, , 0, 0, 0, 0, 0, 
424, 0, 432, -1, -1, 114, 242, 32.0, 11, , 3110, 0, 0, 0, , 0, 0, 0, 0, 0, 
425, 0, 433, -1, -1, 331, 258, 15.0, 11, , 2027, 0, 0, 0, , 0, 0, 0, 0, 0, 
426, 1, 434, 424, -1, 326, 260, 15.0, 15, ABplaapaapp, 8538, 0, 0, 0, , 0, 0, 0, 0, 0, 
427, 1, 435, 425, -1, 252, 208, 23.0, 13, MSppaaaav, 3253, 0, 0, 0, , 0, 0, 0, 0, 0, 
428, 1, 436, 426, -1, 295, 247, 28.0, 15, ABaraappapa, 5468, 0, 0, 0, , 0, 0, 0, 0, 0, 
429, 1, 437, 427, -1, 90, 240, 14.0, 13, ABplapappppa, 2471, 0, 0, 0, , 0, 0, 0, 0, 0, 
430, 1, 438, 428, -1, 95, 256, 12.0, 15, ABplapappppp, 3852, 0, 0, 0, , 0, 0, 0, 0, 0, 
431, 1, 439, 429, -1, 242, 255, 22.0, 11, ABarapapaaa, 4822, 0, 0, 0, , 0, 0, 0, 0, 0, 
432, 1, 440, 430, -1, 79, 319, 30.0, 19, Cpppapa, 19075, 0, 0, 0, , 0, 0, 0, 0, 0, 
433, 1, 441, 431, -1, 342, 266, 16.0, 15, ABalapaaapp, 3724, 0, 0, 0, , 0, 0, 0, 0, 0, 
434, 0, 442, -1, -1, 263, 233, 23.0, 15, , 3945, 0, 0, 0, , 0, 0, 0, 0, 0, 
435, 1, 443, 433, -1, 323, 229, 34.0, 13, ABarpapaappp, 934, 0, 0, 0, , 0, 0, 0, 0, 0, 
436, 1, 444, 434, -1, 307, 292, 20.0, 13, ABalapaaaaa, 4676, 0, 0, 0, , 0, 0, 0, 0, 0, 
437, 1, 445, 435, -1, 199, 270, 28.0, 15, MSppapaa, 4022, 0, 0, 0, , 0, 0, 0, 0, 0, 
438, 1, 446, 436, -1, 269, 175, 13.0, 11, ABarappaaap, 6461, 0, 0, 0, , 0, 0, 0, 0, 0, 
439, 0, 447, -1, -1, 337, 196, 33.0, 13, , 1787, 0, 0, 0, , 0, 0, 0, 0, 0, 
440, 0, 448, -1, -1, 96, 309, 24.0, 15, , 4901, 0, 0, 0, , 0, 0, 0, 0, 0, 
441, 1, 449, 438, -1, 226, 304, 29.0, 11, MSpaapapp, 1785, 0, 0, 0, , 0, 0, 0, 0, 0, 
442, 1, 450, 439, -1, 294, 208, 15.0, 13, ABalppapppp, 4394, 0, 0, 0, , 0, 0, 0, 0, 0, 
443, 1, 451, 440, -1, 312, 192, 15.0, 13, ABplpaaapaa, 10914, 0, 0, 0, , 0, 0, 0, 0, 0, 
444, 0, 452, -1, -1, 70, 304, 14.0, 19, , 12393, 0, 0, 0, , 0, 0, 0, 0, 0, 
445, 1, 453, 442, -1, 368, 211, 23.0, 17, ABplaaaapa, 10481, 0, 0, 0, , 0, 0, 0, 0, 0, 
446, 0, 454, -1, -1, 209, 302, 14.0, 11, , 2272, 0, 0, 0, , 0, 0, 0, 0, 0, 
447, 1, 455, 444, -1, 215, 302, 15.0, 19, MSapapaa, 9269, 0, 0, 0, , 0, 0, 0, 0, 0, 
448, 1, 456, 445, -1, 273, 156, 26.0, 15, ABpraappap, 3801, 0, 0, 0, , 0, 0, 0, 0, 0, 
449, 0, 457, -1, -1, 283, 266, 24.0, 9, , 1157, 0, 0, 0, , 0, 0, 0, 0, 0, 
450, 1, 458, 447, -1, 297, 256, 20.0, 13, ABalpaaapaa, 4090, 0, 0, 0, , 0, 0, 0, 0, 0, 
451, 0, 459, -1, -1, 215, 342, 16.0, 19, , 6033, 0, 0, 0, , 0, 0, 0, 0, 0, 
452, 0, 460, -1, -1, 198, 320, 25.0, 17, , 4006, 0, 0, 0, , 0, 0, 0, 0, 0, 
453, 0, 461, -1, -1, 133, 217, 11.0, 13, , 973, 0, 0, 0, , 0, 0, 0, 0, 0, 
454, 1, 462, 451, -1, 352, 253, 18.0, 13, ABalapapppp, 1467, 0, 0, 0, , 0, 0, 0, 0, 0, 
455, 1, 463, 452, -1, 268, 185, 18.0, 13, ABarapppppap, 1319, 0, 0, 0, , 0, 0, 0, 0, 0, 
456, 0, 464, -1, -1, 261, 216, 10.0, 13, , 11658, 0, 0, 0, , 0, 0, 0, 0, 0, 
457, 0, 465, -1, -1, 108, 251, 10.0, 13, , 1840, 0, 0, 0, , 0, 0, 0, 0, 0, 
458, 1, 466, 454, -1, 99, 297, 11.0, 13, ABarppappp, 3396, 0, 0, 0, , 0, 0, 0, 0, 0, 
459, 1, 467, 455, -1, 352, 237, 24.0, 15, ABalapappap, 4414, 0, 0, 0, , 0, 0, 0, 0, 0, 
460, 0, 468, -1, -1, 299, 209, 31.0, 15, , 2895, 0, 0, 0, , 0, 0, 0, 0, 0, 
461, 0, 469, -1, -1, 296, 219, 33.0, 13, , 3946, 0, 0, 0, , 0, 0, 0, 0, 0, 
462, 1, 470, 458, -1, 304, 264, 28.0, 11, MSaaaaapaa, 2838, 0, 0, 0, , 0, 0, 0, 0, 0, 
463, 1, 471, 459, -1, 276, 197, 19.0, 13, ABplpappaaa, 4522, 0, 0, 0, , 0, 0, 0, 0, 0, 
464, 0, 472, -1, -1, 250, 279, 11.0, 13, , 5518, 0, 0, 0, , 0, 0, 0, 0, 0, 
465, 0, 473, -1, -1, 224, 218, 17.0, 9, , 1268, 0, 0, 0, , 0, 0, 0, 0, 0, 
466, 1, 475, 462, -1, 335, 270, 13.0, 15, ABplaaappp, 4850, 0, 0, 0, , 0, 0, 0, 0, 0, 
467, 1, 476, 463, -1, 222, 329, 21.0, 19, Ealaav, 13221, 0, 0, 0, , 0, 0, 0, 0, 0, 
468, 0, 477, -1, -1, 126, 339, 26.0, 13, , 2973, 0, 0, 0, , 0, 0, 0, 0, 0, 
469, 1, 478, 465, -1, 140, 340, 26.0, 11, Earpp, 2298, 0, 0, 0, , 0, 0, 0, 0, 0, 
470, 0, 479, -1, -1, 248, 168, 33.0, 11, , 1612, 0, 0, 0, , 0, 0, 0, 0, 0, 
471, 1, 480, 467, -1, 242, 257, 14.0, 13, Daaaa, 9267, 0, 0, 0, , 0, 0, 0, 0, 0, 
472, 0, 481, -1, -1, 226, 214, 15.0, 13, , 3272, 0, 0, 0, , 0, 0, 0, 0, 0, 
473, 1, 482, 469, -1, 330, 215, 14.0, 13, ABalaaapalr, 2779, 0, 0, 0, , 0, 0, 0, 0, 0, 
474, 1, 483, 470, -1, 265, 218, 22.0, 15, ABarapaaaap, 16768, 0, 0, 0, , 0, 0, 0, 0, 0, 
475, 1, 484, 471, -1, 237, 221, 32.0, 13, ABpraapapppa, 3230, 0, 0, 0, , 0, 0, 0, 0, 0, 
476, 1, 485, 472, -1, 249, 311, 13.0, 15, ABarppapaa, 6471, 0, 0, 0, , 0, 0, 0, 0, 0, 
477, 1, 486, 473, -1, 239, 194, 12.0, 13, ABalpapapapp, 7539, 0, 0, 0, , 0, 0, 0, 0, 0, 
478, 1, 487, 474, -1, 254, 183, 13.0, 13, ABalpapapapa, 4715, 0, 0, 0, , 0, 0, 0, 0, 0, 
479, 0, 488, -1, -1, 243, 291, 9.0, 11, , 1286, 0, 0, 0, , 0, 0, 0, 0, 0, 
480, 1, 489, 476, -1, 106, 295, 14.0, 13, MSappaap, 2360, 0, 0, 0, , 0, 0, 0, 0, 0, 
481, 1, 490, 477, -1, 261, 331, 17.0, 11, Cpaaaa, 1541, 0, 0, 0, , 0, 0, 0, 0, 0, 
482, 1, 491, 478, -1, 236, 201, 33.0, 15, ABpraaappppa, 4157, 0, 0, 0, , 0, 0, 0, 0, 0, 
483, 0, 492, -1, -1, 290, 173, 33.0, 17, , 5838, 0, 0, 0, , 0, 0, 0, 0, 0, 
484, 1, 493, 480, -1, 221, 223, 18.0, 13, ABplpappaap, 1170, 0, 0, 0, , 0, 0, 0, 0, 0, 
485, 1, 494, 481, -1, 220, 209, 20.0, 15, ABprpapapap, 3959, 0, 0, 0, , 0, 0, 0, 0, 0, 
486, 1, 495, 482, -1, 309, 192, 29.0, 11, ABpraaaaapd, 3512, 0, 0, 0, , 0, 0, 0, 0, 0, 
487, 1, 496, 483, -1, 279, 274, 22.0, 15, MSaaapaap, 3214, 0, 0, 0, , 0, 0, 0, 0, 0, 
488, 0, 497, -1, -1, 139, 224, 17.0, 9, , 1042, 0, 0, 0, , 0, 0, 0, 0, 0, 
489, 0, 498, -1, -1, 316, 246, 10.0, 9, , 1215, 0, 0, 0, , 0, 0, 0, 0, 0, 
490, 1, 499, 485, -1, 351, 210, 14.0, 15, ABalaaaarla, 4217, 0, 0, 0, , 0, 0, 0, 0, 0, 
491, 1, 500, 486, -1, 102, 235, 27.0, 13, ABprapappppa, 1675, 0, 0, 0, , 0, 0, 0, 0, 0, 
492, 1, 501, 487, -1, 234, 181, 15.0, 13, ABarappapapp, 4368, 0, 0, 0, , 0, 0, 0, 0, 0, 
493, 1, 502, 488, -1, 250, 174, 15.0, 13, ABarappapapa, 4939, 0, 0, 0, , 0, 0, 0, 0, 0, 
494, 0, 503, -1, -1, 120, 305, 15.0, 15, , 12660, 0, 0, 0, , 0, 0, 0, 0, 0, 
495, 1, 504, 723, -1, 250, 168, 21.0, 11, MSpppapp, 1758, 0, 0, 0, , 0, 0, 0, 0, 0, 
496, 0, 505, -1, -1, 294, 210, 33.0, 13, , 3091, 0, 0, 0, , 0, 0, 0, 0, 0, 
497, 0, 506, -1, -1, 164, 347, 24.0, 17, , 8682, 0, 0, 0, , 0, 0, 0, 0, 0, 
498, 1, 507, 493, -1, 161, 364, 20.0, 15, Capapaa, 5823, 0, 0, 0, , 0, 0, 0, 0, 0, 
499, 0, 508, -1, -1, 194, 299, 29.0, 17, , 12186, 0, 0, 0, , 0, 0, 0, 0, 0, 
500, 1, 509, 495, -1, 272, 307, 17.0, 13, ABplapaaaapp, 3707, 0, 0, 0, , 0, 0, 0, 0, 0, 
501, 1, 510, 496, -1, 264, 185, 25.0, 13, ABprpaaappap, 3093, 0, 0, 0, , 0, 0, 0, 0, 0, 
502, 1, 511, 497, -1, 280, 178, 25.0, 11, ABprpaaappaa, 2261, 0, 0, 0, , 0, 0, 0, 0, 0, 
503, 0, 512, -1, -1, 298, 171, 21.0, 17, , 4257, 0, 0, 0, , 0, 0, 0, 0, 0, 
504, 1, 513, 757, -1, 271, 248, 20.0, 11, ABalpappppp, 2988, 0, 0, 0, , 0, 0, 0, 0, 0, 
505, 0, 514, -1, -1, 189, 338, 23.0, 15, , 3795, 0, 0, 0, , 0, 0, 0, 0, 0, 
506, 1, 515, 501, -1, 195, 320, 27.0, 13, Earpa, 693, 0, 0, 0, , 0, 0, 0, 0, 0, 
507, 0, 516, -1, -1, 216, 317, 26.0, 9, , 1213, 0, 0, 0, , 0, 0, 0, 0, 0, 
508, 1, 517, 503, -1, 245, 226, 35.0, 19, ABarpppaap, 6659, 0, 0, 0, , 0, 0, 0, 0, 0, 
509, 1, 518, 504, -1, 221, 352, 24.0, 15, Dapppa, 4418, 0, 0, 0, , 0, 0, 0, 0, 0, 
510, 1, 519, 505, -1, 296, 183, 17.0, 13, ABalppapaap, 3385, 0, 0, 0, , 0, 0, 0, 0, 0, 
511, 1, 520, 506, -1, 165, 287, 21.0, 11, ABplpapappp, 1986, 0, 0, 0, , 0, 0, 0, 0, 0, 
512, 0, 521, -1, -1, 122, 290, 28.0, 15, , 3925, 0, 0, 0, , 0, 0, 0, 0, 0, 
513, 0, 522, -1, -1, 84, 303, 25.0, 11, , 807, 0, 0, 0, , 0, 0, 0, 0, 0, 
514, 0, 523, -1, -1, 251, 221, 32.0, 13, , 6547, 0, 0, 0, , 0, 0, 0, 0, 0, 
515, 1, 524, 510, -1, 312, 251, 14.0, 13, ABalppappaa, 2582, 0, 0, 0, , 0, 0, 0, 0, 0, 
516, 1, 525, 511, -1, 139, 298, 25.0, 17, Z2, 6798, 0, 0, 0, , 0, 0, 0, 0, 0, 
517, 0, 526, -1, -1, 169, 312, 23.0, 13, , 1706, 0, 0, 0, , 0, 0, 0, 0, 0, 
518, 1, 527, 513, -1, 117, 349, 32.0, 13, Cppapap, 1781, 0, 0, 0, , 0, 0, 0, 0, 0, 
519, 1, 528, 514, -1, 352, 263, 20.0, 11, ABplaaaaapp, 1616, 0, 0, 0, , 0, 0, 0, 0, 0, 
520, 1, 529, 515, -1, 257, 166, 18.0, 13, ABprpaapapp, 6553, 0, 0, 0, , 0, 0, 0, 0, 0, 
521, 0, 530, -1, -1, 329, 281, 32.0, 17, , 7820, 0, 0, 0, , 0, 0, 0, 0, 0, 
522, 0, 531, -1, -1, 238, 286, 12.0, 13, , 2881, 0, 0, 0, , 0, 0, 0, 0, 0, 
523, 1, 532, 518, -1, 318, 280, 13.0, 15, ABalpppapppp, 5287, 0, 0, 0, , 0, 0, 0, 0, 0, 
524, 1, 533, 519, -1, 228, 247, 34.0, 11, ABpraapapppp, 2788, 0, 0, 0, , 0, 0, 0, 0, 0, 
525, 1, 534, 520, -1, 231, 266, 30.0, 13, MSpapappa, 1972, 0, 0, 0, , 0, 0, 0, 0, 0, 
526, 1, 535, 521, -1, 193, 362, 25.0, 17, Dapppp, 3839, 0, 0, 0, , 0, 0, 0, 0, 0, 
527, 1, 536, 522, -1, 265, 209, 18.0, 11, ABprpapppaa, 2469, 0, 0, 0, , 0, 0, 0, 0, 0, 
528, 0, 537, -1, -1, 115, 218, 25.0, 15, , 6205, 0, 0, 0, , 0, 0, 0, 0, 0, 
529, 1, 538, 524, -1, 291, 242, 17.0, 11, ABalpappaapa, 3624, 0, 0, 0, , 0, 0, 0, 0, 0, 
530, 1, 539, 525, -1, 277, 246, 16.0, 13, ABalpappaapp, 3096, 0, 0, 0, , 0, 0, 0, 0, 0, 
531, 1, 540, 526, -1, 90, 284, 23.0, 21, Eprppp, 17709, 0, 0, 0, , 0, 0, 0, 0, 0, 
532, 0, 541, -1, -1, 196, 290, 18.0, 15, , 3369, 0, 0, 0, , 0, 0, 0, 0, 0, 
533, 0, 542, -1, -1, 261, 155, 25.0, 11, , 814, 0, 0, 0, , 0, 0, 0, 0, 0, 
534, 0, 543, -1, -1, 264, 278, 27.0, 11, , 1507, 0, 0, 0, , 0, 0, 0, 0, 0, 
535, 0, 544, -1, -1, 293, 179, 23.0, 15, , 801, 0, 0, 0, , 0, 0, 0, 0, 0, 
536, 1, 545, 530, -1, 166, 321, 23.0, 17, Ealap, 6165, 0, 0, 0, , 0, 0, 0, 0, 0, 
537, 1, 546, 531, -1, 150, 346, 22.0, 23, Eplaa, 13182, 0, 0, 0, , 0, 0, 0, 0, 0, 
538, 1, 547, 532, -1, 175, 267, 17.0, 13, ABprpappapp, 2232, 0, 0, 0, , 0, 0, 0, 0, 0, 
539, 1, 548, 533, -1, 136, 214, 23.0, 17, Cpppppv, 9694, 0, 0, 0, , 0, 0, 0, 0, 0, 
540, 1, 549, 534, -1, 239, 192, 27.0, 13, ABpraaappaa, 2882, 0, 0, 0, , 0, 0, 0, 0, 0, 
541, 0, 550, -1, -1, 234, 250, 20.0, 15, , 5964, 0, 0, 0, , 0, 0, 0, 0, 0, 
542, 0, 551, -1, -1, 235, 335, 17.0, 17, , 2822, 0, 0, 0, , 0, 0, 0, 0, 0, 
543, 0, 552, -1, -1, 335, 247, 23.0, 9, , 335, 0, 0, 0, , 0, 0, 0, 0, 0, 
544, 0, 553, -1, -1, 260, 280, 35.0, 19, , 14820, 0, 0, 0, , 0, 0, 0, 0, 0, 
545, 1, 554, 539, -1, 140, 321, 14.0, 17, Capaapp, 4166, 0, 0, 0, , 0, 0, 0, 0, 0, 
546, 1, 555, 540, -1, 286, 267, 14.0, 13, ABalpppppaa, 3231, 0, 0, 0, , 0, 0, 0, 0, 0, 
547, 1, 556, 541, -1, 272, 177, 30.0, 13, ABalaapaaal, 5333, 0, 0, 0, , 0, 0, 0, 0, 0, 
548, 1, 557, 542, -1, 330, 203, 29.0, 13, ABalaaappll, 3442, 0, 0, 0, , 0, 0, 0, 0, 0, 
549, 0, 558, -1, -1, 316, 276, 29.0, 13, , 2672, 0, 0, 0, , 0, 0, 0, 0, 0, 
550, 1, 559, 544, -1, 95, 260, 18.0, 17, Eplppa, 15468, 0, 0, 0, , 0, 0, 0, 0, 0, 
551, 0, 560, -1, -1, 238, 162, 23.0, 11, , 1076, 0, 0, 0, , 0, 0, 0, 0, 0, 
552, 0, 561, -1, -1, 228, 169, 20.0, 13, , 4170, 0, 0, 0, , 0, 0, 0, 0, 0, 
553, 0, 562, -1, -1, 352, 212, 17.0, 13, , 5477, 0, 0, 0, , 0, 0, 0, 0, 0, 
554, 1, 563, 548, -1, 317, 203, 18.0, 11, ABalpaappap, 2283, 0, 0, 0, , 0, 0, 0, 0, 0, 
555, 1, 564, 549, -1, 98, 262, 22.0, 15, Eprppa, 6761, 0, 0, 0, , 0, 0, 0, 0, 0, 
556, 0, 565, -1, -1, 301, 191, 32.0, 13, , 4424, 0, 0, 0, , 0, 0, 0, 0, 0, 
557, 0, 566, -1, -1, 366, 248, 19.0, 11, , 1347, 0, 0, 0, , 0, 0, 0, 0, 0, 
558, 1, 567, 552, -1, 294, 211, 11.0, 15, ABplpaaappp, 7013, 0, 0, 0, , 0, 0, 0, 0, 0, 
559, 0, 568, -1, -1, 117, 212, 14.0, 15, , 5268, 0, 0, 0, , 0, 0, 0, 0, 0, 
560, 0, 569, -1, -1, 283, 232, 23.0, 7, , 472, 0, 0, 0, , 0, 0, 0, 0, 0, 
561, 1, 570, 555, -1, 290, 236, 33.0, 13, ABalapppppp, 4807, 0, 0, 0, , 0, 0, 0, 0, 0, 
562, 0, 571, -1, -1, 268, 160, 20.0, 13, , 1005, 0, 0, 0, , 0, 0, 0, 0, 0, 
563, 1, 572, 557, -1, 280, 305, 14.0, 17, ABarppaaap, 18980, 0, 0, 0, , 0, 0, 0, 0, 0, 
564, 1, 573, 558, -1, 210, 212, 25.0, 17, Dpaaa, 3010, 0, 0, 0, , 0, 0, 0, 0, 0, 
565, 0, 574, -1, -1, 179, 268, 31.0, 17, , 6178, 0, 0, 0, , 0, 0, 0, 0, 0, 
566, 1, 575, 559, -1, 178, 341, 34.0, 19, Cppapaa, 16631, 0, 0, 0, , 0, 0, 0, 0, 0, 
567, 0, 576, -1, -1, 296, 210, 35.0, 11, , 2288, 0, 0, 0, , 0, 0, 0, 0, 0, 
568, 0, 577, -1, -1, 255, 186, 35.0, 11, , 2010, 0, 0, 0, , 0, 0, 0, 0, 0, 
569, 1, 578, 562, -1, 297, 306, 31.0, 19, ABarppaapa, 23451, 0, 0, 0, , 0, 0, 0, 0, 0, 
570, 0, 579, -1, -1, 301, 275, 15.0, 9, , 973, 0, 0, 0, , 0, 0, 0, 0, 0, 
571, 0, 580, -1, -1, 131, 301, 27.0, 13, , 651, 0, 0, 0, , 0, 0, 0, 0, 0, 
572, 1, 581, 565, -1, 95, 231, 17.0, 21, Cappppv, 8610, 0, 0, 0, , 0, 0, 0, 0, 0, 
573, 1, 582, 566, -1, 140, 206, 18.0, 11, ABprpppapap, 4115, 0, 0, 0, , 0, 0, 0, 0, 0, 
574, 0, 583, -1, -1, 343, 263, 24.0, 13, , 4370, 0, 0, 0, , 0, 0, 0, 0, 0, 
575, 0, 584, -1, -1, 110, 331, 25.0, 11, , 1930, 0, 0, 0, , 0, 0, 0, 0, 0, 
576, 1, 585, 569, -1, 229, 169, 20.0, 15, ABpraapppa, 3935, 0, 0, 0, , 0, 0, 0, 0, 0, 
577, 0, 586, -1, -1, 253, 166, 31.0, 11, , 1099, 0, 0, 0, , 0, 0, 0, 0, 0, 
578, 0, 587, -1, -1, 217, 329, 29.0, 17, , 10154, 0, 0, 0, , 0, 0, 0, 0, 0, 
579, 1, 588, 572, -1, 261, 204, 13.0, 15, ABplpapaapp, 5170, 0, 0, 0, , 0, 0, 0, 0, 0, 
580, 1, 589, 573, -1, 115, 249, 12.0, 11, ABplapppapp, 2909, 0, 0, 0, , 0, 0, 0, 0, 0, 
581, 0, 590, -1, -1, 257, 235, 18.0, 11, , 1234, 0, 0, 0, , 0, 0, 0, 0, 0, 
582, 0, 591, -1, -1, 324, 253, 28.0, 13, , 908, 0, 0, 0, , 0, 0, 0, 0, 0, 
583, 1, 592, 576, -1, 326, 222, 22.0, 13, ABalpaapaaa, 6094, 0, 0, 0, , 0, 0, 0, 0, 0, 
584, 0, 593, -1, -1, 89, 310, 23.0, 25, , 13091, 0, 0, 0, , 0, 0, 0, 0, 0, 
585, 0, 594, -1, -1, 265, 280, 29.0, 11, , 3320, 0, 0, 0, , 0, 0, 0, 0, 0, 
586, 0, 595, -1, -1, 309, 203, 35.0, 13, , 2423, 0, 0, 0, , 0, 0, 0, 0, 0, 
587, 1, 596, 580, -1, 172, 324, 11.0, 19, ABplappaap, 30215, 0, 0, 0, , 0, 0, 0, 0, 0, 
588, 0, 597, -1, -1, 347, 220, 24.0, 13, , 2342, 0, 0, 0, , 0, 0, 0, 0, 0, 
589, 0, 598, -1, -1, 238, 186, 34.0, 11, , 1926, 0, 0, 0, , 0, 0, 0, 0, 0, 
590, 0, 599, -1, -1, 319, 286, 16.0, 17, , 7940, 0, 0, 0, , 0, 0, 0, 0, 0, 
591, 0, 600, -1, -1, 111, 260, 10.0, 9, , 839, 0, 0, 0, , 0, 0, 0, 0, 0, 
592, 0, 601, -1, -1, 263, 186, 11.0, 13, , 3965, 0, 0, 0, , 0, 0, 0, 0, 0, 
593, 0, 602, -1, -1, 240, 276, 13.0, 13, , 3383, 0, 0, 0, , 0, 0, 0, 0, 0, 
594, 1, 603, 587, -1, 209, 178, 26.0, 9, ABprppaapaa, 1518, 0, 0, 0, , 0, 0, 0, 0, 0, 
595, 1, 604, 588, -1, 289, 176, 28.0, 11, ABalaapaapp, 3331, 0, 0, 0, , 0, 0, 0, 0, 0, 
596, 1, 605, 589, -1, 244, 242, 23.0, 11, MSpapaaaa, 1813, 0, 0, 0, , 0, 0, 0, 0, 0, 
597, 0, 606, -1, -1, 228, 216, 30.0, 9, , 1165, 0, 0, 0, , 0, 0, 0, 0, 0, 
598, 1, 607, 591, -1, 279, 243, 28.0, 11, ABarapaapaa, 4346, 0, 0, 0, , 0, 0, 0, 0, 0, 
599, 0, 608, -1, -1, 184, 339, 25.0, 19, , 3802, 0, 0, 0, , 0, 0, 0, 0, 0, 
600, 1, 609, 593, -1, 309, 238, 30.0, 13, MSaaaaaar, 4496, 0, 0, 0, , 0, 0, 0, 0, 0, 
601, 0, 610, -1, -1, 343, 264, 27.0, 11, , 2523, 0, 0, 0, , 0, 0, 0, 0, 0, 
602, 0, 611, -1, -1, 270, 231, 9.0, 11, , 3186, 0, 0, 0, , 0, 0, 0, 0, 0, 
603, 1, 612, 596, -1, 163, 220, 20.0, 17, ABprappppa, 22357, 0, 0, 0, , 0, 0, 0, 0, 0, 
604, 1, 613, 597, -1, 120, 233, 25.0, 13, ABprapppappp, 2424, 0, 0, 0, , 0, 0, 0, 0, 0, 
605, 1, 614, 598, -1, 227, 189, 20.0, 15, ABprpaapppa, 2166, 0, 0, 0, , 0, 0, 0, 0, 0, 
606, 1, 615, 599, -1, 113, 350, 14.0, 21, Cpaapp, 22451, 0, 0, 0, , 0, 0, 0, 0, 0, 
607, 1, 616, 600, -1, 292, 227, 13.0, 11, ABplpaaappap, 4390, 0, 0, 0, , 0, 0, 0, 0, 0, 
608, 1, 617, 724, -1, 186, 240, 23.0, 17, MSpapppap, 3767, 0, 0, 0, , 0, 0, 0, 0, 0, 
609, 1, 618, 601, -1, 352, 189, 22.0, 15, ABarpapapa, 4347, 0, 0, 0, , 0, 0, 0, 0, 0, 
610, 0, 619, -1, -1, 301, 238, 8.0, 13, , 188, 0, 0, 0, , 0, 0, 0, 0, 0, 
611, 0, 620, -1, -1, 308, 256, 11.0, 11, , 1520, 0, 0, 0, , 0, 0, 0, 0, 0, 
612, 1, 621, 603, -1, 308, 191, 19.0, 15, ABalpapaapa, 5199, 0, 0, 0, , 0, 0, 0, 0, 0, 
613, 1, 622, 604, -1, 286, 218, 26.0, 11, ABaraaaaapp, 2098, 0, 0, 0, , 0, 0, 0, 0, 0, 
614, 1, 623, 672, -1, 94, 331, 22.0, 15, Eplap, 2138, 0, 0, 0, , 0, 0, 0, 0, 0, 
615, 0, 624, -1, -1, 306, 213, 13.0, 11, , 1381, 0, 0, 0, , 0, 0, 0, 0, 0, 
616, 0, 625, -1, -1, 280, 233, 23.0, 9, , 522, 0, 0, 0, , 0, 0, 0, 0, 0, 
617, 0, 626, -1, -1, 134, 345, 28.0, 11, , 543, 0, 0, 0, , 0, 0, 0, 0, 0, 
618, 0, 627, -1, -1, 217, 330, 31.0, 15, , 3207, 0, 0, 0, , 0, 0, 0, 0, 0, 
619, 1, 628, 610, -1, 264, 221, 34.0, 11, ABalapppppa, 1856, 0, 0, 0, , 0, 0, 0, 0, 0, 
620, 0, 629, -1, -1, 146, 339, 22.0, 13, , 2871, 0, 0, 0, , 0, 0, 0, 0, 0, 
621, 0, 630, -1, -1, 267, 240, 35.0, 15, , 2239, 0, 0, 0, , 0, 0, 0, 0, 0, 
622, 0, 631, -1, -1, 115, 299, 17.0, 13, , 805, 0, 0, 0, , 0, 0, 0, 0, 0, 
623, 1, 632, 614, -1, 343, 229, 21.0, 15, ABalaaaparr, 4647, 0, 0, 0, , 0, 0, 0, 0, 0, 
624, 1, 633, 615, -1, 201, 217, 28.0, 13, ABprppaaaapp, 2920, 0, 0, 0, , 0, 0, 0, 0, 0, 
625, 1, 634, 616, -1, 309, 245, 33.0, 15, MSppappa, 4020, 0, 0, 0, , 0, 0, 0, 0, 0, 
626, 0, 635, -1, -1, 170, 354, 16.0, 17, , 2203, 0, 0, 0, , 0, 0, 0, 0, 0, 
627, 1, 636, 618, -1, 297, 291, 15.0, 13, ABplaapapppa, 2692, 0, 0, 0, , 0, 0, 0, 0, 0, 
628, 0, 637, -1, -1, 117, 346, 21.0, 11, , 863, 0, 0, 0, , 0, 0, 0, 0, 0, 
629, 0, 638, -1, -1, 306, 264, 22.0, 11, , 1381, 0, 0, 0, , 0, 0, 0, 0, 0, 
630, 0, 639, -1, -1, 166, 343, 26.0, 15, , 4467, 0, 0, 0, , 0, 0, 0, 0, 0, 
631, 1, 640, 622, -1, 72, 268, 13.0, 13, Cappapp, 4848, 0, 0, 0, , 0, 0, 0, 0, 0, 
632, 0, 641, -1, -1, 122, 208, 19.0, 15, , 4645, 0, 0, 0, , 0, 0, 0, 0, 0, 
633, 1, 642, 624, -1, 297, 181, 13.0, 13, ABalppapapp, 3693, 0, 0, 0, , 0, 0, 0, 0, 0, 
634, 0, 643, -1, -1, 77, 303, 20.0, 15, , 2936, 0, 0, 0, , 0, 0, 0, 0, 0, 
635, 0, 644, -1, -1, 90, 303, 20.0, 13, , 2444, 0, 0, 0, , 0, 0, 0, 0, 0, 
636, 1, 644, 627, -1, 88, 306, 19.0, 17, Eplpa, 3204, 0, 0, 0, , 0, 0, 0, 0, 0, 
637, 1, 645, 628, -1, 145, 371, 22.0, 17, Cappaap, 3709, 0, 0, 0, , 0, 0, 0, 0, 0, 
638, 0, 646, -1, -1, 102, 341, 26.0, 13, , 2526, 0, 0, 0, , 0, 0, 0, 0, 0, 
639, 1, 647, 630, -1, 241, 241, 31.0, 13, ABprapaaaap, 2753, 0, 0, 0, , 0, 0, 0, 0, 0, 
640, 0, 648, -1, -1, 293, 243, 8.0, 9, , 1058, 0, 0, 0, , 0, 0, 0, 0, 0, 
641, 0, 649, -1, -1, 186, 243, 17.0, 13, , 5175, 0, 0, 0, , 0, 0, 0, 0, 0, 
642, 0, -1, -1, -1, 192, 309, 23.0, 19, , 3340, 0, 0, 0, , 0, 0, 0, 0, 0, 
643, 1, 651, 633, -1, 261, 169, 26.0, 13, ABpraaaapad, 2802, 0, 0, 0, , 0, 0, 0, 0, 0, 
644, 1, 652, 634, -1, 336, 279, 26.0, 11, MSappppa, 2905, 0, 0, 0, , 0, 0, 0, 0, 0, 
645, 0, 653, -1, -1, 245, 181, 31.0, 11, , 3202, 0, 0, 0, , 0, 0, 0, 0, 0, 
646, 0, 654, -1, -1, 316, 222, 34.0, 17, , 3313, 0, 0, 0, , 0, 0, 0, 0, 0, 
647, 1, 655, 637, -1, 267, 195, 14.0, 13, ABalppapapa, 3800, 0, 0, 0, , 0, 0, 0, 0, 0, 
648, 0, 656, -1, -1, 314, 169, 31.0, 9, , 382, 0, 0, 0, , 0, 0, 0, 0, 0, 
649, 0, 657, -1, -1, 308, 179, 30.0, 9, , 815, 0, 0, 0, , 0, 0, 0, 0, 0, 
650, 0, 658, -1, -1, 253, 265, 24.0, 9, , 988, 0, 0, 0, , 0, 0, 0, 0, 0, 
651, 0, 659, -1, -1, 194, 319, 28.0, 19, , 5985, 0, 0, 0, , 0, 0, 0, 0, 0, 
652, 0, 660, -1, -1, 198, 237, 14.0, 13, , 8213, 0, 0, 0, , 0, 0, 0, 0, 0, 
653, 0, 661, -1, -1, 283, 250, 20.0, 13, , 4289, 0, 0, 0, , 0, 0, 0, 0, 0, 
654, 0, 662, -1, -1, 76, 251, 23.0, 13, , 1757, 0, 0, 0, , 0, 0, 0, 0, 0, 
655, 0, 663, -1, -1, 265, 250, 19.0, 11, , 3187, 0, 0, 0, , 0, 0, 0, 0, 0, 
656, 0, 664, -1, -1, 314, 179, 18.0, 11, , 3766, 0, 0, 0, , 0, 0, 0, 0, 0, 
657, 1, 665, 647, -1, 287, 185, 20.0, 11, ABarapppppaa, 1688, 0, 0, 0, , 0, 0, 0, 0, 0, 
658, 1, 666, 648, -1, 309, 188, 22.0, 11, ABaraaappap, 3746, 0, 0, 0, , 0, 0, 0, 0, 0, 
659, 0, 667, -1, -1, 222, 175, 30.0, 11, , 2222, 0, 0, 0, , 0, 0, 0, 0, 0, 
660, 0, 668, -1, -1, 268, 188, 35.0, 13, , 1818, 0, 0, 0, , 0, 0, 0, 0, 0, 
661, 0, 669, -1, -1, 230, 276, 12.0, 11, , 2568, 0, 0, 0, , 0, 0, 0, 0, 0, 
662, 1, 670, 652, -1, 204, 314, 11.0, 17, ABplappaaa, 11920, 0, 0, 0, , 0, 0, 0, 0, 0, 
663, 0, 671, -1, -1, 308, 171, 23.0, 11, , 1679, 0, 0, 0, , 0, 0, 0, 0, 0, 
664, 1, 672, 654, -1, 292, 212, 23.0, 17, ABarapaaaaa, 7741, 0, 0, 0, , 0, 0, 0, 0, 0, 
665, 0, 673, -1, -1, 251, 292, 26.0, 11, , 705, 0, 0, 0, , 0, 0, 0, 0, 0, 
666, 1, 674, 656, -1, 77, 262, 26.0, 15, Cpppapp, 3591, 0, 0, 0, , 0, 0, 0, 0, 0, 
667, 0, 675, -1, -1, 310, 229, 34.0, 21, , 6822, 0, 0, 0, , 0, 0, 0, 0, 0, 
668, 1, 676, 658, -1, 198, 346, 32.0, 15, Dppppp, 1285, 0, 0, 0, , 0, 0, 0, 0, 0, 
669, 1, 677, 659, -1, 270, 226, 13.0, 13, MSappapp, 3122, 0, 0, 0, , 0, 0, 0, 0, 0, 
670, 0, 678, -1, -1, 127, 344, 23.0, 13, , 2769, 0, 0, 0, , 0, 0, 0, 0, 0, 
671, 0, 679, -1, -1, 201, 304, 28.0, 11, , 1338, 0, 0, 0, , 0, 0, 0, 0, 0, 
672, 0, 680, -1, -1, 295, 253, 15.0, 13, , 1746, 0, 0, 0, , 0, 0, 0, 0, 0, 
673, 0, 681, -1, -1, 307, 252, 10.0, 9, , 833, 0, 0, 0, , 0, 0, 0, 0, 0, 
674, 0, 682, -1, -1, 151, 204, 18.0, 11, , 1281, 0, 0, 0, , 0, 0, 0, 0, 0, 
675, 0, 683, -1, -1, 253, 229, 22.0, 11, , 3095, 0, 0, 0, , 0, 0, 0, 0, 0, 
676, 0, 684, -1, -1, 327, 219, 22.0, 13, , 3052, 0, 0, 0, , 0, 0, 0, 0, 0, 
677, 0, 685, -1, -1, 325, 188, 20.0, 13, , 189, 0, 0, 0, , 0, 0, 0, 0, 0, 
678, 1, 686, 667, -1, 347, 266, 21.0, 15, MSapaaap, 3254, 0, 0, 0, , 0, 0, 0, 0, 0, 
679, 0, 687, -1, -1, 235, 301, 25.0, 13, , 1491, 0, 0, 0, , 0, 0, 0, 0, 0, 
680, 0, 688, -1, -1, 261, 156, 30.0, 9, , 1026, 0, 0, 0, , 0, 0, 0, 0, 0, 
681, 1, 689, 670, -1, 220, 277, 33.0, 19, ABarpppapp, 11187, 0, 0, 0, , 0, 0, 0, 0, 0, 
682, 0, 690, -1, -1, 247, 196, 36.0, 11, , 1237, 0, 0, 0, , 0, 0, 0, 0, 0, 
683, 0, 691, -1, -1, 99, 329, 20.0, 19, , 7284, 0, 0, 0, , 0, 0, 0, 0, 0, 
684, 0, 692, -1, -1, 296, 201, 29.0, 11, , 3484, 0, 0, 0, , 0, 0, 0, 0, 0, 
685, 1, 693, 674, -1, 278, 246, 30.0, 15, ABaraaapapa, 2399, 0, 0, 0, , 0, 0, 0, 0, 0, 
686, 0, 694, -1, -1, 143, 225, 13.0, 11, , 2370, 0, 0, 0, , 0, 0, 0, 0, 0, 
687, 0, 695, -1, -1, 155, 213, 16.0, 13, , 3443, 0, 0, 0, , 0, 0, 0, 0, 0, 
688, 0, 696, -1, -1, 136, 201, 19.0, 9, , 652, 0, 0, 0, , 0, 0, 0, 0, 0, 
689, 1, 697, 678, -1, 341, 238, 19.0, 13, ABalpaapppa, 3328, 0, 0, 0, , 0, 0, 0, 0, 0, 
690, 0, 698, -1, -1, 110, 258, 31.0, 11, , 633, 0, 0, 0, , 0, 0, 0, 0, 0, 
691, 0, 699, -1, -1, 170, 319, 22.0, 15, , 5042, 0, 0, 0, , 0, 0, 0, 0, 0, 
692, 0, 700, -1, -1, 280, 212, 10.0, 7, , 243, 0, 0, 0, , 0, 0, 0, 0, 0, 
693, 1, 701, 682, -1, 223, 254, 13.0, 11, MSaapppaa, 1820, 0, 0, 0, , 0, 0, 0, 0, 0, 
694, 0, 702, -1, -1, 287, 172, 15.0, 19, , 27589, 0, 0, 0, , 0, 0, 0, 0, 0, 
695, 0, 703, -1, -1, 235, 223, 19.0, 9, , 2537, 0, 0, 0, , 0, 0, 0, 0, 0, 
696, 0, 704, -1, -1, 270, 327, 18.0, 13, , 1788, 0, 0, 0, , 0, 0, 0, 0, 0, 
697, 1, 758, 686, -1, 296, 213, 21.0, 13, ABalpappapa, 7384, 0, 0, 0, , 0, 0, 0, 0, 0, 
698, 1, 706, 687, -1, 215, 274, 26.0, 15, MSpapapap, 2977, 0, 0, 0, , 0, 0, 0, 0, 0, 
699, 0, 707, -1, -1, 273, 180, 36.0, 9, , 1399, 0, 0, 0, , 0, 0, 0, 0, 0, 
700, 0, 708, -1, -1, 363, 231, 29.0, 11, , 878, 0, 0, 0, , 0, 0, 0, 0, 0, 
701, 0, 709, -1, -1, 116, 235, 10.0, 11, , 808, 0, 0, 0, , 0, 0, 0, 0, 0, 
702, 0, 710, -1, -1, 270, 243, 19.0, 9, , 852, 0, 0, 0, , 0, 0, 0, 0, 0, 
703, 0, -1, -1, -1, 283, 226, 8.0, 7, , 357, 0, 0, 0, , 0, 0, 0, 0, 0, 
704, 0, -1, -1, -1, 304, 302, 18.0, 11, , 2379, 0, 0, 0, , 0, 0, 0, 0, 0, 
705, 0, -1, -1, -1, 148, 345, 19.0, 13, , 3310, 0, 0, 0, , 0, 0, 0, 0, 0, 
706, 1, 723, 694, -1, 228, 170, 26.0, 13, ABprppaaaaa, 5365, 0, 0, 0, , 0, 0, 0, 0, 0, 
707, 0, -1, -1, -1, 343, 242, 27.0, 9, , 269, 0, 0, 0, , 0, 0, 0, 0, 0, 
708, 0, -1, -1, -1, 160, 358, 31.0, 13, , 1798, 0, 0, 0, , 0, 0, 0, 0, 0, 
709, 0, -1, -1, -1, 323, 207, 36.0, 11, , 1423, 0, 0, 0, , 0, 0, 0, 0, 0, 
710, 1, 260, 711, -1, 120, 208, 17.0, 13, ABprppppppp, 0, 0, 0, 0, , 0, 0, 0, 0, 0, 
711, 1, 711, 712, -1, 235, 287, 13.0, 16, ABplppaaaap, 0, 0, 0, 0, , 0, 0, 0, 0, 0, 
712, 1, 712, 714, -1, 114, 267, 13.0, 13, ABplpppaapa, 0, 0, 0, 0, , 0, 0, 0, 0, 0, 
713, 1, 713, 715, -1, 319, 295, 21.0, 13, ABalapaaapa, 0, 0, 0, 0, , 0, 0, 0, 0, 0, 
714, 1, 402, 765, -1, 320, 227, 16.0, 11, ABalapaappaa, 0, 0, 0, 0, , 0, 0, 0, 0, 0, 
715, 1, 714, 716, -1, 324, 253, 28.0, 13, ABalapppaaa, 0, 0, 0, 0, , 0, 0, 0, 0, 0, 
716, 1, 715, 717, -1, 259, 278, 35.0, 13, Dpaap, 0, 0, 0, 0, , 0, 0, 0, 0, 0, 
717, 1, 716, 718, -1, 122, 290, 28.285715, 13, Cppaapp, 0, 0, 0, 0, , 0, 0, 0, 0, 0, 
718, 1, 717, 719, -1, 87, 272, 30.5, 15, Cpapaa, 0, 0, 0, 0, , 0, 0, 0, 0, 0, 
719, 1, 718, 720, -1, 214, 342, 18.0, 15, Cpaaap, 0, 0, 0, 0, , 0, 0, 0, 0, 0, 
720, 1, 719, 721, -1, 235, 332, 18.666666, 17, Caaaaa, 0, 0, 0, 0, , 0, 0, 0, 0, 0, 
721, 1, 720, 722, -1, 196, 299, 28.0, 13, Earaad, 0, 0, 0, 0, , 0, 0, 0, 0, 0, 
722, 1, 721, 609, -1, 217, 328, 29.75, 15, Earaav, 0, 0, 0, 0, , 0, 0, 0, 0, 0, 
723, 1, 724, 725, -1, 273, 191, 16.0, 13, ABprpappaaa, 0, 0, 0, 0, , 0, 0, 0, 0, 0, 
724, 1, 725, 726, -1, 243, 174, 18.0, 11, ABprpaappppp, 0, 0, 0, 0, , 0, 0, 0, 0, 0, 
725, 1, 726, 727, -1, 300, 192, 31.666666, 13, ABpraapaapa, 0, 0, 0, 0, , 0, 0, 0, 0, 0, 
726, 1, 727, 728, -1, 230, 210, 30.666666, 15, ABpraaapppaa, 0, 0, 0, 0, , 0, 0, 0, 0, 0, 
727, 1, 728, 729, -1, 292, 209, 33.0, 13, ABpraaapapa, 0, 0, 0, 0, , 0, 0, 0, 0, 0, 
728, 1, 729, 730, -1, 253, 220, 31.428572, 13, ABpraaaapppp, 0, 0, 0, 0, , 0, 0, 0, 0, 0, 
729, 1, 730, 731, -1, 240, 179, 28.75, 13, ABpraaaapav, 0, 0, 0, 0, , 0, 0, 0, 0, 0, 
730, 1, 73, 733, -1, 200, 253, 18.285715, 13, ABplppappap, 4212, 0, 0, 0, , 0, 0, 0, 0, 0, 
731, 1, 732, 734, -1, 226, 214, 14.428572, 13, ABplpapappa, 0, 0, 0, 0, , 0, 0, 0, 0, 0, 
732, 1, 733, 735, -1, 254, 216, 14.714286, 13, ABplpapaapa, 0, 0, 0, 0, , 0, 0, 0, 0, 0, 
733, 1, 734, 736, -1, 280, 197, 13.0, 11, ABplpaappppa, 0, 0, 0, 0, , 0, 0, 0, 0, 0, 
734, 1, 735, 737, -1, 239, 210, 11.0, 15, ABalpapappp, 0, 0, 0, 0, , 0, 0, 0, 0, 0, 
735, 1, 737, 738, -1, 253, 289, 16.0, 15, ABplapaaapa, 0, 0, 0, 0, , 0, 0, 0, 0, 0, 
736, 1, 738, 739, -1, 251, 301, 17.0, 15, ABplapaaapp, 0, 0, 0, 0, , 0, 0, 0, 0, 0, 
737, 1, 739, 740, -1, 295, 303, 20.0, 11, ABplapaaaapa, 0, 0, 0, 0, , 0, 0, 0, 0, 0, 
738, 1, 740, 679, -1, 112, 259, 31.0, 12, ABarpppppp, 0, 0, 0, 0, , 0, 0, 0, 0, 0, 
739, 1, 43, 190, -1, 211, 246, 33.0, 15, ABarppppaa, 0, 0, 0, 0, , 0, 0, 0, 0, 0, 
740, 0, 742, -1, -1, 236, 260, 35.0, 15, , 0, 0, 0, 0, , 0, 0, 0, 0, 0, 
741, 1, 743, 742, -1, 317, 170, 30.6, 14, ABarpappap, 1785, 0, 0, 0, , 0, 0, 0, 0, 0, 
742, 1, 744, 743, -1, 324, 282, 32.57143, 15, ABarpaappa, 0, 0, 0, 0, , 0, 0, 0, 0, 0, 
743, 1, 745, 744, -1, 298, 169, 21.0, 13, ABprpaaapaa, 0, 0, 0, 0, , 0, 0, 0, 0, 0, 
744, 1, 746, 745, -1, 287, 173, 15.818182, 13, ABarappaapa, 0, 0, 0, 0, , 0, 0, 0, 0, 0, 
745, 1, 747, 746, -1, 261, 231, 23.0, 15, ABarapapppp, 0, 0, 0, 0, , 0, 0, 0, 0, 0, 
746, 1, 748, 747, -1, 232, 250, 21.0, 15, ABarapapppa, 0, 0, 0, 0, , 0, 0, 0, 0, 0, 
747, 1, 749, 748, -1, 251, 242, 26.0, 13, ABarapaappp, 0, 0, 0, 0, , 0, 0, 0, 0, 0, 
748, 1, 750, 749, -1, 251, 256, 28.0, 15, ABaraapppaa, 0, 0, 0, 0, , 0, 0, 0, 0, 0, 
749, 1, 751, 750, -1, 269, 177, 19.636364, 11, ABprpaappppa, 0, 0, 0, 0, , 0, 0, 0, 0, 0, 
750, 1, 752, 751, -1, 320, 221, 25.0, 11, ABaraaaapap, 0, 0, 0, 0, , 0, 0, 0, 0, 0, 
751, 1, 753, 752, -1, 299, 203, 24.0, 11, ABaraaaaapa, 0, 0, 0, 0, , 0, 0, 0, 0, 0, 
752, 1, 754, 753, -1, 313, 221, 19.0, 11, ABaraaaaaaa, 0, 0, 0, 0, , 0, 0, 0, 0, 0, 
753, 1, 755, 754, -1, 296, 282, 18.0, 13, ABalppppaav, 0, 0, 0, 0, , 0, 0, 0, 0, 0, 
754, 1, 756, 755, -1, 315, 271, 14.0, 10, ABalpppapppa, 1305, 0, 0, 0, , 0, 0, 0, 0, 0, 
755, 1, 757, 756, -1, 299, 205, 12.5, 15, ABalppaappp, 0, 0, 0, 0, , 0, 0, 0, 0, 0, 
756, 1, 759, 758, -1, 312, 229, 21.0, 13, ABalpaapaap, 0, 0, 0, 0, , 0, 0, 0, 0, 0, 
757, 1, 760, 759, -1, 107, 328, 24.384615, 18, Eprap, 0, 0, 0, 0, , 0, 0, 0, 0, 0, 
758, 1, 761, 760, -1, 339, 230, 23.0, 15, ABalapappaaa, 0, 0, 0, 0, , 0, 0, 0, 0, 0, 
759, 1, 762, 761, -1, 336, 250, 23.142857, 13, ABalapappaap, 0, 0, 0, 0, , 0, 0, 0, 0, 0, 
760, 0, 763, -1, -1, 301, 188, 27.0, 13, , 0, 0, 0, 0, , 0, 0, 0, 0, 0, 
761, 1, 764, 706, -1, 91, 315, 25.333334, 14, Eprpa, 0, 0, 0, 0, , 0, 0, 0, 0, 0, 
762, 1, 765, 763, -1, 326, 260, 13.666667, 15, ABalapaapap, 6695, 0, 0, 0, , 0, 0, 0, 0, 0, 
763, 1, 327, 707, -1, 304, 175, 26.0, 12, ABalaaapprl, 2891, 0, 0, 0, , 0, 0, 0, 0, 0, 
764, 0, 766, -1, -1, 154, 216, 17.0, 10, , 0, 0, 0, 0, , 0, 0, 0, 0, 0, 
765, 1, 362, 766, -1, 314, 288, 24.3, 13, MSapappa, 4724, 0, 0, 0, , 0, 0, 0, 0, 0, 
766, 1, 767, 767, -1, 292, 264, 25.666666, 13, MSaaapaaa, 0, 0, 0, 0, , 0, 0, 0, 0, 0, 
767, 1, 768, 768, -1, 295, 205, 30.0, 13, ABalaappppp, 0, 0, 0, 0, , 0, 0, 0, 0, 0, 
768, 1, 769, 769, -1, 306, 215, 13.0, 11, ABplpaaappaa, 0, 0, 0, 0, , 0, 0, 0, 0, 0, 
769, 1, 770, 770, -1, 119, 305, 15.0, 17, Z3, 0, 0, 0, 0, , 0, 0, 0, 0, 0, 
770, 0, 771, -1, -1, 282, 250, 20.0, 13, , 6155, 0, 0, 0, , 0, 0, 0, 0, 0, 
771, 1, 772, 771, -1, 282, 247, 21.0, 13, ABalpaaappa, 0, 0, 0, 0, , 0, 0, 0, 0, 0, 
772, 0, 773, -1, -1, 270, 233, 13.5, 15, , 5548, 0, 0, 0, , 0, 0, 0, 0, 0, 
773, 1, 774, 773, -1, 259, 203, 10.25, 11, ABplpaappppp, 0, 0, 0, 0, , 0, 0, 0, 0, 0, 
774, 1, 775, 774, -1, 308, 255, 11.967742, 13, ABalppaaapa, 0, 0, 0, 0, , 0, 0, 0, 0, 0, 
775, 0, 776, -1, -1, 326, 207, 27.0, 13, , 0, 0, 0, 0, , 0, 0, 0, 0, 0, 
776, 1, 777, 776, -1, 326, 254, 34.4, 16, MSpppppa, 9351, 0, 0, 0, , 0, 0, 0, 0, 0, 
777, 1, 778, 777, -1, 355, 247, 28.0, 11, ABalapapapp, 0, 0, 0, 0, , 0, 0, 0, 0, 0, 
778, 1, 779, 778, -1, 200, 307, 34.0, 15, Caaaap, 0, 0, 0, 0, , 0, 0, 0, 0, 0, 
779, 1, 780, 779, -1, 136, 224, 16.0, 13, Caapaa, 0, 0, 0, 0, , 0, 0, 0, 0, 0, 
780, 1, 781, 780, -1, 98, 313, 33.5, 15, Caaapp, 0, 0, 0, 0, , 0, 0, 0, 0, 0, 
781, 1, 782, 781, -1, 147, 336, 35.0, 15, Caaapa, 0, 0, 0, 0, , 0, 0, 0, 0, 0, 
782, 1, 784, 782, -1, 170, 355, 17.0, 15, Cpaapa, 0, 0, 0, 0, , 0, 0, 0, 0, 0, 
783, 1, 785, 783, -1, 309, 227, 34.0, 15, MSppaaap, 0, 0, 0, 0, , 0, 0, 0, 0, 0, 
784, 1, 786, 784, -1, 314, 275, 29.333334, 15, MSpppaaa, 0, 0, 0, 0, , 0, 0, 0, 0, 0, 
785, 1, 787, 785, -1, 149, 308, 29.0, 15, MSpppaap, 0, 0, 0, 0, , 0, 0, 0, 0, 0, 
786, 1, 788, 786, -1, 292, 178, 23.0, 13, ABpraaaaaap, 0, 0, 0, 0, , 0, 0, 0, 0, 0, 
787, 1, 789, 787, -1, 113, 267, 11.0, 13, ABplapppaaa, 0, 0, 0, 0, , 0, 0, 0, 0, 0, 
788, 1, 790, 788, -1, 262, 214, 9.0, 17, ABplaapppa, 0, 0, 0, 0, , 0, 0, 0, 0, 0, 
789, 1, 791, 789, -1, 231, 263, 35.0, 15, ABarpppapa, 0, 0, 0, 0, , 0, 0, 0, 0, 0, 
790, 1, 741, 790, -1, 196, 274, 32.0, 15, ABarppppap, 0, 0, 0, 0, , 0, 0, 0, 0, 0, 
791, 1, 792, 791, -1, 133, 316, 34.0, 15, ABarpppppa, 0, 0, 0, 0, , 0, 0, 0, 0, 0, 
792, 1, 793, 792, -1, 350, 264, 29.0, 15, ABarpaapap, 0, 0, 0, 0, , 0, 0, 0, 0, 0, 
793, 1, 794, 793, -1, 265, 193, 34.0, 15, ABarpapppp, 0, 0, 0, 0, , 0, 0, 0, 0, 0, 
794, 1, 795, 794, -1, 330, 208, 31.333334, 13, ABarpapaappa, 0, 0, 0, 0, , 0, 0, 0, 0, 0, 
795, 1, 796, 795, -1, 277, 291, 14.0, 11, ABalppppppaa, 0, 0, 0, 0, , 0, 0, 0, 0, 0, 
796, 1, 797, 796, -1, 198, 238, 14.0, 15, ABarappappa, 0, 0, 0, 0, , 0, 0, 0, 0, 0, 
797, 1, 798, 797, -1, 310, 287, 18.0, 11, ABalapapppa, 0, 0, 0, 0, , 0, 0, 0, 0, 0, 
798, 1, 799, 798, -1, 245, 184, 31.5, 11, ABalaapppaa, 0, 0, 0, 0, , 0, 0, 0, 0, 0, 
799, 1, 800, 799, -1, 267, 240, 35.0, 15, ABarpaappp, 0, 0, 0, 0, , 0, 0, 0, 0, 0, 
800, 1, 801, 800, -1, 272, 173, 22.0, 13, ABalaapappp, 0, 0, 0, 0, , 0, 0, 0, 0, 0, 
801, 1, 802, 801, -1, 286, 193, 29.5, 13, ABalaappppa, 0, 0, 0, 0, , 0, 0, 0, 0, 0, 
802, 1, 803, 802, -1, 296, 222, 33.0, 13, ABalaapaaar, 0, 0, 0, 0, , 0, 0, 0, 0, 0, 
803, 1, 804, 803, -1, 322, 257, 31.0, 15, ABalapppapa, 0, 0, 0, 0, , 0, 0, 0, 0, 0, 
804, 1, 805, 804, -1, 307, 202, 35.0, 15, ABalappappp, 0, 0, 0, 0, , 0, 0, 0, 0, 0, 
805, 1, 806, 805, -1, 268, 229, 32.0, 13, ABalappapaa, 0, 0, 0, 0, , 0, 0, 0, 0, 0, 
