1, 1, 1, 1, -1, 303, 216, 26.0, 13, ABaraaapaap, 1229, 0, 0, 0, , 0, 0, 0, 0, 0, 
2, 1, 2, 2, -1, 265, 250, 30.0, 13, ABaraaapapp, 4309, 0, 0, 0, , 0, 0, 0, 0, 0, 
3, 1, 3, 3, -1, 238, 247, 25.0, 13, ABaraappppp, 3752, 0, 0, 0, , 0, 0, 0, 0, 0, 
4, 1, 4, 4, -1, 253, 282, 18.0, 15, ABaraapappa, 6310, 0, 0, 0, , 0, 0, 0, 0, 0, 
5, 1, 5, 5, -1, 248, 264, 18.0, 13, ABaraapappp, 6173, 0, 0, 0, , 0, 0, 0, 0, 0, 
6, 1, 6, 6, -1, 265, 302, 21.0, 13, ABaraapapap, 6431, 0, 0, 0, , 0, 0, 0, 0, 0, 
7, 1, 7, 7, -1, 311, 220, 24.0, 15, ABaraapaaaa, 7758, 0, 0, 0, , 0, 0, 0, 0, 0, 
8, 1, 8, 8, -1, 311, 246, 24.0, 15, ABaraapaaap, 7304, 0, 0, 0, , 0, 0, 0, 0, 0, 
9, 1, 9, 9, -1, 287, 280, 25.0, 13, MSaaaaapp, 3021, 0, 0, 0, , 0, 0, 0, 0, 0, 
10, 1, 10, 10, -1, 308, 265, 24.0, 13, ABaraapaapa, 8036, 0, 0, 0, , 0, 0, 0, 0, 0, 
11, 1, 11, 11, -1, 329, 207, 25.0, 13, ABaraaappaa, 3731, 0, 0, 0, , 0, 0, 0, 0, 0, 
12, 1, 12, 12, -1, 322, 197, 26.0, 13, ABaraaapppa, 3565, 0, 0, 0, , 0, 0, 0, 0, 0, 
13, 1, 13, 13, -1, 328, 192, 29.0, 11, ABaraaapppp, 2524, 0, 0, 0, , 0, 0, 0, 0, 0, 
14, 1, 14, 14, -1, 313, 200, 25.0, 13, ABaraaapaaa, 2157, 0, 0, 0, , 0, 0, 0, 0, 0, 
15, 1, 15, 15, -1, 302, 239, 19.0, 13, ABaraaaaaap, 3546, 0, 0, 0, , 0, 0, 0, 0, 0, 
16, 0, 16, -1, -1, 294, 254, 23.0, 9, , 490, 0, 0, 0, , 0, 0, 0, 0, 0, 
17, 1, 17, 17, -1, 218, 268, 21.0, 15, ABalpappapp, 7638, 0, 0, 0, , 0, 0, 0, 0, 0, 
18, 1, 18, 18, -1, 253, 221, 25.0, 11, ABarapapaapp, 4803, 0, 0, 0, , 0, 0, 0, 0, 0, 
19, 1, 19, 19, -1, 254, 231, 28.0, 13, ABarapappaa, 5180, 0, 0, 0, , 0, 0, 0, 0, 0, 
20, 1, 20, 20, -1, 281, 177, 11.0, 11, ABalaapappa, 3554, 0, 0, 0, , 0, 0, 0, 0, 0, 
21, 1, 21, 21, -1, 281, 212, 21.0, 11, ABarapaaapp, 7433, 0, 0, 0, , 0, 0, 0, 0, 0, 
22, 1, 22, 22, -1, 279, 228, 27.0, 13, ABarapaapap, 7007, 0, 0, 0, , 0, 0, 0, 0, 0, 
23, 1, 23, 23, -1, 255, 189, 17.0, 13, ABarapppapa, 5714, 0, 0, 0, , 0, 0, 0, 0, 0, 
24, 1, 24, 24, -1, 284, 169, 14.0, 13, ABalpapaaap, 2356, 0, 0, 0, , 0, 0, 0, 0, 0, 
25, 1, 25, 25, -1, 291, 163, 18.0, 15, ABarapppapp, 5209, 0, 0, 0, , 0, 0, 0, 0, 0, 
26, 1, 26, 26, -1, 281, 187, 27.0, 13, ABarappppap, 3781, 0, 0, 0, , 0, 0, 0, 0, 0, 
27, 1, 27, 27, -1, 281, 172, 18.0, 13, ABarapppaap, 6219, 0, 0, 0, , 0, 0, 0, 0, 0, 
28, 1, 28, 28, -1, 255, 190, 30.0, 9, ABalaapppap, 1584, 0, 0, 0, , 0, 0, 0, 0, 0, 
29, 1, 29, 29, -1, 281, 180, 22.0, 13, ABarapppppp, 11157, 0, 0, 0, , 0, 0, 0, 0, 0, 
30, 1, 30, 30, -1, 294, 195, 26.0, 13, ABarappaaaa, 6093, 0, 0, 0, , 0, 0, 0, 0, 0, 
31, 1, 31, 31, -1, 255, 202, 19.0, 13, ABarappapaa, 6560, 0, 0, 0, , 0, 0, 0, 0, 0, 
32, 1, 32, 32, -1, 217, 198, 17.0, 13, ABprpapappa, 3350, 0, 0, 0, , 0, 0, 0, 0, 0, 
33, 1, 33, 33, -1, 287, 166, 31.0, 15, ABarpapppa, 4030, 0, 0, 0, , 0, 0, 0, 0, 0, 
34, 1, 34, 34, -1, 368, 215, 28.0, 13, ABarpaapaa, 3296, 0, 0, 0, , 0, 0, 0, 0, 0, 
35, 1, 35, 35, -1, 356, 223, 27.0, 13, ABarpaaaaar, 3443, 0, 0, 0, , 0, 0, 0, 0, 0, 
36, 1, 36, 36, -1, 349, 223, 25.0, 13, ABarpaaaapa, 2941, 0, 0, 0, , 0, 0, 0, 0, 0, 
37, 1, 37, 37, -1, 362, 194, 27.0, 11, ABarpaaapp, 3451, 0, 0, 0, , 0, 0, 0, 0, 0, 
38, 1, 38, 38, -1, 339, 225, 27.0, 13, ABarpaaapaa, 3105, 0, 0, 0, , 0, 0, 0, 0, 0, 
39, 1, 39, 39, -1, 340, 201, 32.0, 13, ABarpaaapap, 3849, 0, 0, 0, , 0, 0, 0, 0, 0, 
40, 1, 40, 40, -1, 246, 317, 18.0, 17, ABarppaapp, 6939, 0, 0, 0, , 0, 0, 0, 0, 0, 
41, 1, 41, 41, -1, 148, 347, 14.0, 17, ABarppappa, 5841, 0, 0, 0, , 0, 0, 0, 0, 0, 
42, 1, 42, 42, -1, 229, 323, 13.0, 17, ABarppapap, 7671, 0, 0, 0, , 0, 0, 0, 0, 0, 
43, 1, 43, 43, -1, 328, 240, 27.0, 11, ABalapppaap, 2385, 0, 0, 0, , 0, 0, 0, 0, 0, 
44, 1, 44, 44, -1, 333, 276, 28.0, 11, ABalapapapa, 2869, 0, 0, 0, , 0, 0, 0, 0, 0, 
45, 1, 45, 780, -1, 355, 247, 30.0, 17, ABarpapapp, 14241, 0, 0, 0, , 0, 0, 0, 0, 0, 
46, 1, 46, 46, -1, 330, 283, 15.0, 11, ABalapaaaap, 1464, 0, 0, 0, , 0, 0, 0, 0, 0, 
47, 1, 47, 47, -1, 292, 166, 26.0, 11, ABalaappapp, 3223, 0, 0, 0, , 0, 0, 0, 0, 0, 
48, 1, 48, 48, -1, 271, 198, 29.0, 13, ABarappppaa, 5364, 0, 0, 0, , 0, 0, 0, 0, 0, 
49, 0, 49, -1, -1, 241, 166, 32.0, 11, , 1386, 0, 0, 0, , 0, 0, 0, 0, 0, 
50, 1, 50, 50, -1, 307, 209, 29.0, 13, ABalaaaarrp, 2506, 0, 0, 0, , 0, 0, 0, 0, 0, 
51, 0, 51, -1, -1, 303, 170, 24.0, 11, , 1948, 0, 0, 0, , 0, 0, 0, 0, 0, 
52, 1, 52, 52, -1, 317, 172, 24.0, 15, ABarpappaa, 4084, 0, 0, 0, , 0, 0, 0, 0, 0, 
53, 1, 53, 53, -1, 327, 239, 20.0, 13, ABalaaaarlp, 5185, 0, 0, 0, , 0, 0, 0, 0, 0, 
54, 1, 54, 54, -1, 323, 224, 13.0, 11, ABalaaaalpp, 3472, 0, 0, 0, , 0, 0, 0, 0, 0, 
55, 1, 55, 55, -1, 344, 197, 28.0, 15, ABpraapaaap, 5867, 0, 0, 0, , 0, 0, 0, 0, 0, 
56, 0, -1, -1, -1, 290, 213, 32.0, 9, , 689, 0, 0, 0, , 0, 0, 0, 0, 0, 
57, 1, 57, 57, -1, 307, 162, 27.0, 11, ABpraaaaapv, 3614, 0, 0, 0, , 0, 0, 0, 0, 0, 
58, 1, 58, 58, -1, 333, 265, 30.0, 17, ABalappaap, 5141, 0, 0, 0, , 0, 0, 0, 0, 0, 
59, 1, 59, 59, -1, 147, 233, 16.0, 11, ABplppppapp, 3524, 0, 0, 0, , 0, 0, 0, 0, 0, 
60, 1, 60, 60, -1, 129, 258, 17.0, 11, ABplppppaaa, 3944, 0, 0, 0, , 0, 0, 0, 0, 0, 
61, 1, 61, 61, -1, 118, 253, 18.0, 13, ABplppppaap, 4122, 0, 0, 0, , 0, 0, 0, 0, 0, 
62, 0, 62, -1, -1, 117, 223, 12.0, 9, , 1118, 0, 0, 0, , 0, 0, 0, 0, 0, 
63, 1, 63, 63, -1, 123, 223, 15.0, 13, ABplppppppa, 4448, 0, 0, 0, , 0, 0, 0, 0, 0, 
64, 1, 64, 64, -1, 95, 263, 14.0, 15, ABplpppppap, 5129, 0, 0, 0, , 0, 0, 0, 0, 0, 
65, 1, 65, 65, -1, 116, 274, 16.0, 13, ABplpppppaa, 4565, 0, 0, 0, , 0, 0, 0, 0, 0, 
66, 1, 66, 66, -1, 137, 239, 12.0, 15, ABplpppapaa, 5604, 0, 0, 0, , 0, 0, 0, 0, 0, 
67, 1, 67, 67, -1, 127, 257, 14.0, 13, ABplpppaapp, 4585, 0, 0, 0, , 0, 0, 0, 0, 0, 
68, 1, 68, 68, -1, 155, 257, 18.0, 13, ABplpppaaaa, 4802, 0, 0, 0, , 0, 0, 0, 0, 0, 
69, 1, 69, 69, -1, 136, 289, 16.0, 13, ABplpppaaap, 6259, 0, 0, 0, , 0, 0, 0, 0, 0, 
70, 1, 70, 70, -1, 132, 280, 19.0, 13, ABplppapppp, 7303, 0, 0, 0, , 0, 0, 0, 0, 0, 
71, 1, 71, 71, -1, 175, 278, 18.0, 15, ABplppapppa, 5258, 0, 0, 0, , 0, 0, 0, 0, 0, 
72, 0, -1, -1, -1, 205, 256, 17.0, 11, , 949, 0, 0, 0, , 0, 0, 0, 0, 0, 
73, 1, 73, 73, -1, 206, 242, 16.0, 13, ABplppappaa, 3267, 0, 0, 0, , 0, 0, 0, 0, 0, 
74, 1, 74, 74, -1, 190, 270, 16.0, 13, ABplppapapa, 4321, 0, 0, 0, , 0, 0, 0, 0, 0, 
75, 1, 75, 75, -1, 175, 294, 17.0, 13, ABplppapapp, 4310, 0, 0, 0, , 0, 0, 0, 0, 0, 
76, 1, 76, 76, -1, 157, 300, 18.0, 13, ABprppapppa, 3328, 0, 0, 0, , 0, 0, 0, 0, 0, 
77, 1, 77, 77, -1, 140, 293, 19.0, 13, ABplppaappp, 4654, 0, 0, 0, , 0, 0, 0, 0, 0, 
78, 0, 78, -1, -1, 275, 191, 16.0, 11, , 4294, 0, 0, 0, , 0, 0, 0, 0, 0, 
79, 1, 79, 79, -1, 203, 280, 20.0, 13, MSaappap, 3151, 0, 0, 0, , 0, 0, 0, 0, 0, 
80, 1, 80, 80, -1, 121, 235, 19.0, 11, ABplpappppp, 3479, 0, 0, 0, , 0, 0, 0, 0, 0, 
81, 1, 81, 81, -1, 124, 257, 21.0, 13, ABplpappppa, 3741, 0, 0, 0, , 0, 0, 0, 0, 0, 
82, 1, 82, 82, -1, 134, 243, 16.0, 13, ABplpapppaa, 2992, 0, 0, 0, , 0, 0, 0, 0, 0, 
83, 1, 83, 83, -1, 133, 236, 22.0, 13, ABplpapppap, 3638, 0, 0, 0, , 0, 0, 0, 0, 0, 
84, 1, 84, 84, -1, 220, 215, 12.0, 15, ABplapaapa, 9600, 0, 0, 0, , 0, 0, 0, 0, 0, 
85, 1, 85, 85, -1, 234, 241, 16.0, 13, ABplpapapap, 3837, 0, 0, 0, , 0, 0, 0, 0, 0, 
86, 1, 86, 86, -1, 223, 250, 16.0, 15, ABplpapapaa, 3818, 0, 0, 0, , 0, 0, 0, 0, 0, 
87, 1, 87, 87, -1, 238, 227, 16.0, 11, ABplpapaaap, 3592, 0, 0, 0, , 0, 0, 0, 0, 0, 
88, 1, 88, 88, -1, 255, 225, 16.0, 11, ABplpapaaaa, 3832, 0, 0, 0, , 0, 0, 0, 0, 0, 
89, 1, 89, 89, -1, 209, 251, 19.0, 11, ABplppapaap, 20024, 0, 0, 0, , 0, 0, 0, 0, 0, 
90, 1, 90, 90, -1, 298, 243, 12.0, 13, ABplpaaaaaa, 7084, 0, 0, 0, , 0, 0, 0, 0, 0, 
91, 1, 91, 91, -1, 283, 195, 11.0, 13, ABplpaapapp, 7123, 0, 0, 0, , 0, 0, 0, 0, 0, 
92, 1, 92, 92, -1, 261, 277, 14.0, 13, ABplpaappap, 4101, 0, 0, 0, , 0, 0, 0, 0, 0, 
93, 1, 93, 93, -1, 259, 259, 13.0, 15, ABplpaappaa, 4267, 0, 0, 0, , 0, 0, 0, 0, 0, 
94, 1, 94, 726, -1, 270, 239, 13.0, 13, MSapppaa, 1142, 0, 0, 0, , 0, 0, 0, 0, 0, 
95, 1, 95, 94, -1, 271, 283, 11.0, 13, ABplpaapaap, 7407, 0, 0, 0, , 0, 0, 0, 0, 0, 
96, 0, 96, -1, -1, 296, 284, 17.0, 11, , 969, 0, 0, 0, , 0, 0, 0, 0, 0, 
97, 1, 97, 96, -1, 350, 243, 15.0, 15, ABplpaapapa, 6274, 0, 0, 0, , 0, 0, 0, 0, 0, 
98, 1, 98, 97, -1, 356, 205, 24.0, 13, ABplaapaaaa, 4366, 0, 0, 0, , 0, 0, 0, 0, 0, 
99, 1, 99, 98, -1, 355, 212, 21.0, 15, ABplaapaaap, 5857, 0, 0, 0, , 0, 0, 0, 0, 0, 
100, 1, 100, 99, -1, 337, 239, 16.0, 15, ABplaapaapa, 6811, 0, 0, 0, , 0, 0, 0, 0, 0, 
101, 0, 101, -1, -1, 309, 288, 19.0, 15, , 3162, 0, 0, 0, , 0, 0, 0, 0, 0, 
102, 1, 102, 101, -1, 286, 296, 16.0, 11, ABplaapapppp, 2209, 0, 0, 0, , 0, 0, 0, 0, 0, 
103, 1, 103, 102, -1, 272, 286, 16.0, 15, ABplaapapap, 5984, 0, 0, 0, , 0, 0, 0, 0, 0, 
104, 1, 104, 103, -1, 263, 273, 15.0, 15, ABplaapapaa, 4157, 0, 0, 0, , 0, 0, 0, 0, 0, 
105, 0, 105, -1, -1, 329, 267, 26.0, 11, , 1385, 0, 0, 0, , 0, 0, 0, 0, 0, 
106, 1, 106, 105, -1, 366, 236, 27.0, 13, ABplaaaapp, 3661, 0, 0, 0, , 0, 0, 0, 0, 0, 
107, 1, 107, 106, -1, 338, 242, 11.0, 17, ABplaaappa, 8071, 0, 0, 0, , 0, 0, 0, 0, 0, 
108, 0, 108, -1, -1, 328, 263, 17.0, 9, , 1246, 0, 0, 0, , 0, 0, 0, 0, 0, 
109, 0, 109, -1, -1, 334, 276, 15.0, 11, , 925, 0, 0, 0, , 0, 0, 0, 0, 0, 
110, 1, 110, 109, -1, 337, 256, 19.0, 11, ABalppppapa, 2339, 0, 0, 0, , 0, 0, 0, 0, 0, 
111, 1, 111, 110, -1, 334, 198, 16.0, 13, ABplaaapaa, 5630, 0, 0, 0, , 0, 0, 0, 0, 0, 
112, 1, 112, 111, -1, 163, 230, 16.0, 15, ABplappppa, 6217, 0, 0, 0, , 0, 0, 0, 0, 0, 
113, 1, 113, 112, -1, 109, 232, 11.0, 13, ABplappppp, 9591, 0, 0, 0, , 0, 0, 0, 0, 0, 
114, 0, 114, -1, -1, 114, 268, 10.0, 13, , 16817, 0, 0, 0, , 0, 0, 0, 0, 0, 
115, 1, 115, 114, -1, 82, 278, 11.0, 13, Cpappd, 3909, 0, 0, 0, , 0, 0, 0, 0, 0, 
116, 1, 116, 115, -1, 138, 326, 11.0, 19, ABplappapp, 13861, 0, 0, 0, , 0, 0, 0, 0, 0, 
117, 1, 117, 116, -1, 186, 337, 13.0, 15, ABplappapa, 8222, 0, 0, 0, , 0, 0, 0, 0, 0, 
118, 1, 118, 117, -1, 226, 300, 11.0, 17, ABplapaapp, 9736, 0, 0, 0, , 0, 0, 0, 0, 0, 
119, 1, 119, 118, -1, 320, 285, 23.0, 17, ABarppaaaa, 8354, 0, 0, 0, , 0, 0, 0, 0, 0, 
120, 0, 120, -1, -1, 253, 303, 17.0, 13, , 2412, 0, 0, 0, , 0, 0, 0, 0, 0, 
121, 1, 121, 120, -1, 117, 303, 10.0, 15, ABplapapap, 6947, 0, 0, 0, , 0, 0, 0, 0, 0, 
122, 1, 122, 121, -1, 120, 281, 11.0, 15, ABplapappa, 5924, 0, 0, 0, , 0, 0, 0, 0, 0, 
123, 1, 123, 122, -1, 105, 324, 12.0, 19, ABplapapaa, 14297, 0, 0, 0, , 0, 0, 0, 0, 0, 
124, 1, 124, 123, -1, 232, 205, 19.0, 11, ABprpapaaap, 4051, 0, 0, 0, , 0, 0, 0, 0, 0, 
125, 1, 125, 124, -1, 145, 261, 16.0, 11, ABprpapappp, 3422, 0, 0, 0, , 0, 0, 0, 0, 0, 
126, 1, 126, 125, -1, 210, 216, 22.0, 13, ABprpapapaa, 4437, 0, 0, 0, , 0, 0, 0, 0, 0, 
127, 1, 127, 126, -1, 85, 277, 19.0, 15, Eplppp, 3290, 0, 0, 0, , 0, 0, 0, 0, 0, 
128, 1, 128, 127, -1, 105, 239, 21.0, 13, ABprpappppa, 3243, 0, 0, 0, , 0, 0, 0, 0, 0, 
129, 1, 129, 128, -1, 190, 248, 15.0, 15, ABplpaaaapp, 6810, 0, 0, 0, , 0, 0, 0, 0, 0, 
130, 1, 130, 129, -1, 247, 218, 19.0, 13, ABprpappaap, 3668, 0, 0, 0, , 0, 0, 0, 0, 0, 
131, 1, 131, 130, -1, 298, 199, 20.0, 17, ABarapapapa, 6517, 0, 0, 0, , 0, 0, 0, 0, 0, 
132, 1, 132, 131, -1, 228, 184, 29.0, 13, ABprpaaaaap, 5993, 0, 0, 0, , 0, 0, 0, 0, 0, 
133, 1, 133, 132, -1, 239, 204, 29.0, 11, ABpraaappap, 3036, 0, 0, 0, , 0, 0, 0, 0, 0, 
134, 1, 134, 133, -1, 188, 254, 17.0, 15, ABprpaaaapp, 6186, 0, 0, 0, , 0, 0, 0, 0, 0, 
135, 1, 135, 135, -1, 230, 196, 14.0, 19, ABprpaaaapa, 5329, 0, 0, 0, , 0, 0, 0, 0, 0, 
136, 1, 136, 136, -1, 265, 183, 28.0, 13, ABprpaaaaaa, 4938, 0, 0, 0, , 0, 0, 0, 0, 0, 
137, 1, 137, 137, -1, 248, 185, 19.0, 15, ABprpapaapp, 1833, 0, 0, 0, , 0, 0, 0, 0, 0, 
138, 1, 138, 138, -1, 242, 194, 19.0, 9, ABprpapaapa, 1308, 0, 0, 0, , 0, 0, 0, 0, 0, 
139, 1, 139, 139, -1, 261, 173, 23.0, 15, ABprpaaappp, 5383, 0, 0, 0, , 0, 0, 0, 0, 0, 
140, 1, 140, 140, -1, 279, 162, 22.0, 19, ABprpaaapap, 15379, 0, 0, 0, , 0, 0, 0, 0, 0, 
141, 1, 141, 141, -1, 218, 207, 32.0, 13, ABprpaapaap, 4886, 0, 0, 0, , 0, 0, 0, 0, 0, 
142, 1, 142, 142, -1, 313, 187, 33.0, 15, ABprpaapapa, 6419, 0, 0, 0, , 0, 0, 0, 0, 0, 
143, 1, 143, 143, -1, 216, 215, 29.0, 13, ABprpaappap, 3704, 0, 0, 0, , 0, 0, 0, 0, 0, 
144, 1, 144, 144, -1, 227, 199, 28.0, 13, ABprpaappaa, 3659, 0, 0, 0, , 0, 0, 0, 0, 0, 
145, 1, 145, 145, -1, 121, 246, 27.0, 17, ABprpppaapa, 6652, 0, 0, 0, , 0, 0, 0, 0, 0, 
146, 1, 146, 146, -1, 134, 275, 22.0, 13, ABprpppaaap, 4896, 0, 0, 0, , 0, 0, 0, 0, 0, 
147, 1, 147, 147, -1, 153, 257, 22.0, 15, ABprpppaaaa, 8548, 0, 0, 0, , 0, 0, 0, 0, 0, 
148, 1, 148, 148, -1, 145, 220, 26.0, 15, ABprpppapaa, 4031, 0, 0, 0, , 0, 0, 0, 0, 0, 
149, 1, 149, 149, -1, 158, 232, 22.0, 14, ABprppppapa, 4338, 0, 0, 0, , 0, 0, 0, 0, 0, 
150, 1, 150, 150, -1, 146, 226, 20.0, 15, ABprppppapp, 5695, 0, 0, 0, , 0, 0, 0, 0, 0, 
151, 1, 151, 151, -1, 135, 248, 24.0, 13, ABprppppaaa, 4584, 0, 0, 0, , 0, 0, 0, 0, 0, 
152, 1, 152, 152, -1, 117, 243, 22.0, 13, ABprppppaap, 4397, 0, 0, 0, , 0, 0, 0, 0, 0, 
153, 1, 153, 153, -1, 126, 280, 26.0, 17, ABprpppppaa, 5392, 0, 0, 0, , 0, 0, 0, 0, 0, 
154, 1, 154, 154, -1, 120, 265, 24.0, 13, ABprpppppap, 8327, 0, 0, 0, , 0, 0, 0, 0, 0, 
155, 1, 155, 155, -1, 213, 192, 27.0, 13, ABprppaapap, 4442, 0, 0, 0, , 0, 0, 0, 0, 0, 
156, 1, 156, 156, -1, 204, 212, 17.0, 15, ABprppaappa, 5192, 0, 0, 0, , 0, 0, 0, 0, 0, 
157, 1, 157, 157, -1, 145, 274, 18.0, 11, ABprppaappp, 4647, 0, 0, 0, , 0, 0, 0, 0, 0, 
158, 0, 158, -1, -1, 216, 176, 28.0, 9, , 437, 0, 0, 0, , 0, 0, 0, 0, 0, 
159, 1, 159, 158, -1, 206, 200, 30.0, 13, ABprppaaaapa, 2786, 0, 0, 0, , 0, 0, 0, 0, 0, 
160, 1, 160, 159, -1, 194, 213, 19.0, 15, ABprppapaaa, 6233, 0, 0, 0, , 0, 0, 0, 0, 0, 
161, 1, 161, 160, -1, 204, 264, 19.0, 11, ABprppapaap, 3124, 0, 0, 0, , 0, 0, 0, 0, 0, 
162, 1, 162, 161, -1, 190, 265, 20.0, 13, ABprppappap, 2431, 0, 0, 0, , 0, 0, 0, 0, 0, 
163, 1, 163, 162, -1, 186, 272, 22.0, 15, ABprppapapa, 4189, 0, 0, 0, , 0, 0, 0, 0, 0, 
164, 1, 164, 163, -1, 152, 302, 21.0, 13, ABprppapapp, 4819, 0, 0, 0, , 0, 0, 0, 0, 0, 
165, 1, 165, 164, -1, 137, 268, 19.0, 11, ABprppapppp, 3254, 0, 0, 0, , 0, 0, 0, 0, 0, 
166, 1, 166, 727, -1, 190, 247, 20.0, 13, ABprppappaa, 4776, 0, 0, 0, , 0, 0, 0, 0, 0, 
167, 1, 167, 166, -1, 348, 198, 26.0, 15, ABpraapaaaa, 4841, 0, 0, 0, , 0, 0, 0, 0, 0, 
168, 1, 168, 167, -1, 331, 216, 34.0, 15, ABarpapaaap, 5005, 0, 0, 0, , 0, 0, 0, 0, 0, 
169, 1, 169, 168, -1, 285, 197, 34.0, 15, ABpraapaapp, 8043, 0, 0, 0, , 0, 0, 0, 0, 0, 
170, 1, 170, 169, -1, 238, 226, 29.0, 13, ABpraapapap, 4846, 0, 0, 0, , 0, 0, 0, 0, 0, 
171, 1, 171, 170, -1, 228, 220, 27.0, 15, ABpraapapaa, 4353, 0, 0, 0, , 0, 0, 0, 0, 0, 
172, 0, 172, -1, -1, 243, 159, 29.0, 11, , 1771, 0, 0, 0, , 0, 0, 0, 0, 0, 
173, 1, 173, 172, -1, 239, 219, 26.0, 13, ABpraapappa, 3612, 0, 0, 0, , 0, 0, 0, 0, 0, 
174, 1, 174, 173, -1, 201, 220, 31.0, 13, ABpraapppp, 1741, 0, 0, 0, , 0, 0, 0, 0, 0, 
175, 1, 175, 174, -1, 313, 167, 19.0, 13, ABpraappaa, 3940, 0, 0, 0, , 0, 0, 0, 0, 0, 
176, 1, 176, 175, -1, 255, 198, 26.0, 13, MSppapap, 7637, 0, 0, 0, , 0, 0, 0, 0, 0, 
177, 1, 177, 176, -1, 228, 228, 35.0, 11, ABpraaapppap, 2392, 0, 0, 0, , 0, 0, 0, 0, 0, 
178, 1, 178, 177, -1, 244, 175, 27.0, 13, ABpraaaaaaa, 4553, 0, 0, 0, , 0, 0, 0, 0, 0, 
179, 1, 179, 178, -1, 258, 172, 31.0, 14, ABalaappapa, 967, 0, 0, 0, , 0, 0, 0, 0, 0, 
180, 1, 180, 179, -1, 127, 299, 32.0, 19, ABprappapp, 7269, 0, 0, 0, , 0, 0, 0, 0, 0, 
181, 1, 181, 180, -1, 168, 300, 35.0, 15, ABprappapa, 6182, 0, 0, 0, , 0, 0, 0, 0, 0, 
182, 1, 182, 181, -1, 154, 289, 32.0, 17, ABprappaap, 6728, 0, 0, 0, , 0, 0, 0, 0, 0, 
183, 1, 183, 182, -1, 179, 267, 29.0, 15, ABprappaaa, 6923, 0, 0, 0, , 0, 0, 0, 0, 0, 
184, 1, 184, 183, -1, 126, 242, 29.0, 15, ABprapppaaa, 5137, 0, 0, 0, , 0, 0, 0, 0, 0, 
185, 1, 185, 184, -1, 131, 222, 29.0, 11, ABprapppappa, 2392, 0, 0, 0, , 0, 0, 0, 0, 0, 
186, 1, 186, 185, -1, 98, 229, 23.0, 11, ABprapappppp, 2331, 0, 0, 0, , 0, 0, 0, 0, 0, 
187, 1, 187, 186, -1, 113, 219, 24.0, 15, ABprappppp, 9098, 0, 0, 0, , 0, 0, 0, 0, 0, 
188, 0, 188, -1, -1, 158, 220, 14.0, 11, , 622, 0, 0, 0, , 0, 0, 0, 0, 0, 
189, 1, 189, 188, -1, 217, 234, 29.0, 15, ABprapaaapa, 8968, 0, 0, 0, , 0, 0, 0, 0, 0, 
190, 1, 739, 189, -1, 211, 251, 33.0, 15, ABarppppaa, 4094, 0, 0, 0, , 0, 0, 0, 0, 0, 
191, 1, 191, 190, -1, 214, 249, 29.0, 15, ABprapaaapp, 4993, 0, 0, 0, , 0, 0, 0, 0, 0, 
192, 1, 192, 191, -1, 191, 248, 30.0, 15, ABprapaapp, 7294, 0, 0, 0, , 0, 0, 0, 0, 0, 
193, 1, 193, 192, -1, 205, 193, 19.0, 15, ABprapaapa, 7293, 0, 0, 0, , 0, 0, 0, 0, 0, 
194, 1, 194, 193, -1, 139, 253, 30.0, 15, ABprapappa, 5098, 0, 0, 0, , 0, 0, 0, 0, 0, 
195, 1, 195, 194, -1, 121, 273, 31.0, 15, ABprapapap, 5277, 0, 0, 0, , 0, 0, 0, 0, 0, 
196, 1, 196, 195, -1, 99, 287, 32.0, 17, ABprapapaa, 6720, 0, 0, 0, , 0, 0, 0, 0, 0, 
197, 1, 197, 196, -1, 290, 265, 34.0, 17, MSppppap, 4017, 0, 0, 0, , 0, 0, 0, 0, 0, 
198, 1, 198, 197, -1, 308, 274, 33.0, 15, MSpppppp, 4250, 0, 0, 0, , 0, 0, 0, 0, 0, 
199, 1, 199, 198, -1, 161, 288, 28.0, 15, Cppaapa, 4172, 0, 0, 0, , 0, 0, 0, 0, 0, 
200, 1, 200, 199, -1, 240, 203, 21.0, 13, ABprpapaaaa, 2894, 0, 0, 0, , 0, 0, 0, 0, 0, 
201, 1, 201, 200, -1, 117, 278, 21.0, 13, MSppaapp, 4896, 0, 0, 0, , 0, 0, 0, 0, 0, 
202, 1, 202, 201, -1, 253, 217, 29.0, 15, ABpraaapaad, 6368, 0, 0, 0, , 0, 0, 0, 0, 0, 
203, 1, 203, 202, -1, 277, 210, 28.0, 9, MSppaaaad, 1218, 0, 0, 0, , 0, 0, 0, 0, 0, 
204, 1, 204, 203, -1, 266, 216, 26.0, 11, ABarapapaapa, 4768, 0, 0, 0, , 0, 0, 0, 0, 0, 
205, 1, 205, 204, -1, 210, 295, 27.0, 13, MSpapappp, 3280, 0, 0, 0, , 0, 0, 0, 0, 0, 
206, 1, 206, 205, -1, 211, 273, 25.0, 13, MSpapapaa, 3154, 0, 0, 0, , 0, 0, 0, 0, 0, 
207, 1, 207, 206, -1, 223, 241, 25.0, 13, MSpapaaap, 3572, 0, 0, 0, , 0, 0, 0, 0, 0, 
208, 1, 208, 207, -1, 163, 304, 14.0, 15, MSpappaa, 6259, 0, 0, 0, , 0, 0, 0, 0, 0, 
209, 1, 209, 208, -1, 175, 261, 24.0, 11, MSpappppa, 3043, 0, 0, 0, , 0, 0, 0, 0, 0, 
210, 1, 210, 209, -1, 169, 276, 25.0, 13, MSpappppp, 3297, 0, 0, 0, , 0, 0, 0, 0, 0, 
211, 1, 211, 210, -1, 259, 310, 29.0, 15, MSpaaappp, 5234, 0, 0, 0, , 0, 0, 0, 0, 0, 
212, 1, 212, 211, -1, 258, 308, 25.0, 13, MSpaaapaa, 4251, 0, 0, 0, , 0, 0, 0, 0, 0, 
213, 1, 213, 212, -1, 279, 271, 30.0, 15, MSpaaaapp, 4680, 0, 0, 0, , 0, 0, 0, 0, 0, 
214, 1, 214, 213, -1, 290, 285, 29.0, 13, MSpaaaaaa, 4544, 0, 0, 0, , 0, 0, 0, 0, 0, 
215, 1, 215, 214, -1, 264, 277, 31.0, 17, ABaraappapp, 6974, 0, 0, 0, , 0, 0, 0, 0, 0, 
216, 1, 216, 215, -1, 235, 253, 28.0, 13, ABaraappppa, 5325, 0, 0, 0, , 0, 0, 0, 0, 0, 
217, 1, 217, 216, -1, 250, 268, 32.0, 15, ABaraapppap, 4478, 0, 0, 0, , 0, 0, 0, 0, 0, 
218, 1, 218, 217, -1, 254, 300, 28.0, 11, MSpaapaap, 1742, 0, 0, 0, , 0, 0, 0, 0, 0, 
219, 1, 219, 218, -1, 278, 296, 30.0, 15, MSpaaappa, 4654, 0, 0, 0, , 0, 0, 0, 0, 0, 
220, 1, 220, 219, -1, 251, 287, 30.0, 11, MSpaapaaa, 2556, 0, 0, 0, , 0, 0, 0, 0, 0, 
221, 1, 221, 220, -1, 296, 305, 23.0, 11, MSapppap, 1910, 0, 0, 0, , 0, 0, 0, 0, 0, 
222, 0, 222, -1, -1, 325, 256, 34.0, 19, , 10325, 0, 0, 0, , 0, 0, 0, 0, 0, 
223, 1, 223, 222, -1, 306, 293, 28.0, 13, MSappaaa, 2820, 0, 0, 0, , 0, 0, 0, 0, 0, 
224, 1, 224, 223, -1, 279, 300, 23.0, 15, ABaraapaapp, 8262, 0, 0, 0, , 0, 0, 0, 0, 0, 
225, 0, 225, -1, -1, 356, 266, 29.0, 9, , 928, 0, 0, 0, , 0, 0, 0, 0, 0, 
226, 1, 226, 225, -1, 123, 293, 22.0, 15, MSapaapp, 4833, 0, 0, 0, , 0, 0, 0, 0, 0, 
227, 1, 227, 226, -1, 311, 254, 19.0, 13, MSapaaaa, 2769, 0, 0, 0, , 0, 0, 0, 0, 0, 
228, 1, 228, 227, -1, 265, 291, 27.0, 14, MSaaaaapap, 778, 0, 0, 0, , 0, 0, 0, 0, 0, 
229, 1, 229, 228, -1, 324, 259, 23.0, 13, MSaaaaaal, 4144, 0, 0, 0, , 0, 0, 0, 0, 0, 
230, 1, 230, 229, -1, 271, 310, 29.0, 15, MSaaaapaa, 4573, 0, 0, 0, , 0, 0, 0, 0, 0, 
231, 1, 231, 230, -1, 282, 301, 26.0, 15, MSaaaapap, 6510, 0, 0, 0, , 0, 0, 0, 0, 0, 
232, 1, 232, 231, -1, 245, 314, 26.0, 11, MSaaaappa, 2330, 0, 0, 0, , 0, 0, 0, 0, 0, 
233, 1, 233, 232, -1, 240, 312, 28.0, 13, MSpaaapap, 4036, 0, 0, 0, , 0, 0, 0, 0, 0, 
234, 1, 234, 233, -1, 245, 313, 22.0, 13, MSaaapapa, 3343, 0, 0, 0, , 0, 0, 0, 0, 0, 
235, 1, 235, 234, -1, 221, 290, 23.0, 13, MSaaapapp, 1333, 0, 0, 0, , 0, 0, 0, 0, 0, 
236, 1, 236, 235, -1, 221, 328, 23.0, 13, MSaaappa, 2983, 0, 0, 0, , 0, 0, 0, 0, 0, 
237, 1, 237, 236, -1, 232, 332, 26.0, 11, MSaaappp, 2429, 0, 0, 0, , 0, 0, 0, 0, 0, 
238, 1, 238, 237, -1, 197, 280, 13.0, 13, MSaappppa, 2762, 0, 0, 0, , 0, 0, 0, 0, 0, 
239, 1, 239, 238, -1, 182, 293, 14.0, 13, MSaappppp, 3291, 0, 0, 0, , 0, 0, 0, 0, 0, 
240, 1, 240, 239, -1, 233, 261, 17.0, 13, MSaapaaap, 2685, 0, 0, 0, , 0, 0, 0, 0, 0, 
241, 1, 241, 240, -1, 254, 259, 21.0, 11, MSaapaaaa, 2671, 0, 0, 0, , 0, 0, 0, 0, 0, 
242, 1, 242, 241, -1, 216, 295, 20.0, 11, MSaapappp, 2900, 0, 0, 0, , 0, 0, 0, 0, 0, 
243, 1, 243, 242, -1, 250, 298, 19.0, 11, MSaapappa, 1750, 0, 0, 0, , 0, 0, 0, 0, 0, 
244, 1, 244, 243, -1, 223, 278, 19.0, 11, MSaapapaa, 2134, 0, 0, 0, , 0, 0, 0, 0, 0, 
245, 1, 245, 244, -1, 236, 285, 21.0, 11, MSaapapap, 3238, 0, 0, 0, , 0, 0, 0, 0, 0, 
246, 1, 246, 245, -1, 72, 306, 15.0, 13, Cappapa, 5520, 0, 0, 0, , 0, 0, 0, 0, 0, 
247, 1, 247, 246, -1, 198, 356, 21.0, 17, Cappaaa, 7049, 0, 0, 0, , 0, 0, 0, 0, 0, 
248, 1, 248, 247, -1, 60, 290, 16.0, 15, Capppap, 5798, 0, 0, 0, , 0, 0, 0, 0, 0, 
249, 1, 249, 248, -1, 87, 353, 20.0, 13, Capppaa, 3944, 0, 0, 0, , 0, 0, 0, 0, 0, 
250, 1, 250, 249, -1, 90, 346, 17.0, 17, Capapap, 5220, 0, 0, 0, , 0, 0, 0, 0, 0, 
251, 1, 251, 250, -1, 143, 266, 13.0, 15, Capappp, 6453, 0, 0, 0, , 0, 0, 0, 0, 0, 
252, 1, 252, 251, -1, 135, 288, 12.0, 15, Capappa, 7412, 0, 0, 0, , 0, 0, 0, 0, 0, 
253, 1, 253, 252, -1, 188, 301, 12.0, 15, Capaaap, 6589, 0, 0, 0, , 0, 0, 0, 0, 0, 
254, 1, 254, 253, -1, 212, 281, 13.0, 15, Capaaaa, 7711, 0, 0, 0, , 0, 0, 0, 0, 0, 
255, 1, 255, 254, -1, 113, 215, 21.0, 15, Caappv, 4689, 0, 0, 0, , 0, 0, 0, 0, 0, 
256, 1, 256, 255, -1, 105, 223, 14.0, 15, Cpappv, 3677, 0, 0, 0, , 0, 0, 0, 0, 0, 
257, 0, 257, -1, -1, 158, 288, 30.0, 15, , 6974, 0, 0, 0, , 0, 0, 0, 0, 0, 
258, 1, 258, 257, -1, 175, 267, 27.0, 17, Cppaaap, 4472, 0, 0, 0, , 0, 0, 0, 0, 0, 
259, 1, 259, 258, -1, 185, 247, 26.0, 15, Cppaaaa, 6455, 0, 0, 0, , 0, 0, 0, 0, 0, 
260, 1, 260, 259, -1, 145, 251, 27.0, 19, Cppappp, 17808, 0, 0, 0, , 0, 0, 0, 0, 0, 
261, 1, 261, 260, -1, 126, 265, 27.0, 15, Cppappa, 3845, 0, 0, 0, , 0, 0, 0, 0, 0, 
262, 1, 263, 261, -1, 215, 325, 34.0, 17, Cpppaaa, 5264, 0, 0, 0, , 0, 0, 0, 0, 0, 
263, 1, 264, 262, -1, 248, 233, 12.0, 13, Daapa, 4005, 0, 0, 0, , 0, 0, 0, 0, 0, 
264, 1, 265, 263, -1, 233, 237, 12.0, 15, Daapp, 7859, 0, 0, 0, , 0, 0, 0, 0, 0, 
265, 0, 266, -1, -1, 248, 301, 16.0, 15, , 4849, 0, 0, 0, , 0, 0, 0, 0, 0, 
266, 1, 267, 265, -1, 289, 319, 25.0, 13, Dappaa, 3377, 0, 0, 0, , 0, 0, 0, 0, 0, 
267, 1, 268, 266, -1, 271, 323, 22.0, 17, Daaap, 4886, 0, 0, 0, , 0, 0, 0, 0, 0, 
268, 1, 269, 267, -1, 208, 195, 23.0, 15, Dpapp, 4715, 0, 0, 0, , 0, 0, 0, 0, 0, 
269, 1, 270, 268, -1, 226, 188, 23.0, 19, Dpapa, 10936, 0, 0, 0, , 0, 0, 0, 0, 0, 
270, 1, 271, 269, -1, 229, 213, 23.0, 13, ABprpappapa, 4362, 0, 0, 0, , 0, 0, 0, 0, 0, 
271, 1, 272, 270, -1, 235, 329, 33.0, 17, Dppppa, 4108, 0, 0, 0, , 0, 0, 0, 0, 0, 
272, 1, 273, 271, -1, 254, 310, 33.0, 15, Dpppap, 4211, 0, 0, 0, , 0, 0, 0, 0, 0, 
273, 1, 274, 272, -1, 285, 289, 34.0, 17, Dpppaa, 4190, 0, 0, 0, , 0, 0, 0, 0, 0, 
274, 1, 276, 273, -1, 237, 304, 34.0, 19, Dppap, 9565, 0, 0, 0, , 0, 0, 0, 0, 0, 
275, 0, 277, -1, -1, 381, 244, 24.0, 15, , 4801, 0, 0, 0, , 0, 0, 0, 0, 0, 
276, 1, 278, 275, -1, 279, 265, 16.0, 13, ABplaapappa, 4768, 0, 0, 0, , 0, 0, 0, 0, 0, 
277, 1, 279, 276, -1, 279, 294, 11.0, 11, ABalppppppap, 2379, 0, 0, 0, , 0, 0, 0, 0, 0, 
278, 1, 280, 744, -1, 350, 223, 13.0, 15, ABplaaapap, 7179, 0, 0, 0, , 0, 0, 0, 0, 0, 
279, 1, 281, 278, -1, 283, 245, 12.0, 11, ABalpppaaaa, 3015, 0, 0, 0, , 0, 0, 0, 0, 0, 
280, 1, 282, 279, -1, 311, 204, 16.0, 11, ABalpppaaap, 2384, 0, 0, 0, , 0, 0, 0, 0, 0, 
281, 1, 283, 280, -1, 333, 225, 11.0, 13, ABalpppaapd, 4971, 0, 0, 0, , 0, 0, 0, 0, 0, 
282, 1, 284, 281, -1, 332, 220, 17.0, 13, ABalpppaapv, 3778, 0, 0, 0, , 0, 0, 0, 0, 0, 
283, 1, 285, 282, -1, 288, 261, 12.0, 11, ABalpppapad, 3204, 0, 0, 0, , 0, 0, 0, 0, 0, 
284, 1, 286, 283, -1, 296, 231, 10.0, 15, ABalpppapav, 7233, 0, 0, 0, , 0, 0, 0, 0, 0, 
285, 1, 287, 284, -1, 320, 204, 13.0, 13, ABalppaaapp, 3854, 0, 0, 0, , 0, 0, 0, 0, 0, 
286, 1, 288, 285, -1, 270, 256, 12.0, 15, ABplpaaaaap, 7173, 0, 0, 0, , 0, 0, 0, 0, 0, 
287, 1, 289, 286, -1, 295, 194, 16.0, 11, ABalppapppaa, 1292, 0, 0, 0, , 0, 0, 0, 0, 0, 
288, 1, 290, 287, -1, 279, 208, 15.0, 11, ABalppapppap, 2946, 0, 0, 0, , 0, 0, 0, 0, 0, 
289, 0, 291, -1, -1, 307, 281, 17.0, 11, , 2928, 0, 0, 0, , 0, 0, 0, 0, 0, 
290, 1, 292, 289, -1, 259, 208, 16.0, 17, ABalpapapaa, 6972, 0, 0, 0, , 0, 0, 0, 0, 0, 
291, 0, 293, -1, -1, 320, 193, 11.0, 11, , 1652, 0, 0, 0, , 0, 0, 0, 0, 0, 
292, 1, 294, 291, -1, 318, 177, 16.0, 13, ABplaappaa, 4417, 0, 0, 0, , 0, 0, 0, 0, 0, 
293, 1, 295, 292, -1, 316, 244, 12.0, 13, ABalppapaaa, 5378, 0, 0, 0, , 0, 0, 0, 0, 0, 
294, 1, 296, 293, -1, 301, 169, 17.0, 14, ABalpapaapp, 542, 0, 0, 0, , 0, 0, 0, 0, 0, 
295, 0, 297, -1, -1, 261, 206, 11.0, 11, , 2871, 0, 0, 0, , 0, 0, 0, 0, 0, 
296, 1, 298, 295, -1, 287, 227, 18.0, 11, ABalpaaaapa, 4483, 0, 0, 0, , 0, 0, 0, 0, 0, 
297, 1, 299, 296, -1, 273, 235, 18.0, 11, ABalpaaaaap, 4340, 0, 0, 0, , 0, 0, 0, 0, 0, 
298, 0, 300, -1, -1, 253, 241, 26.0, 15, , 6551, 0, 0, 0, , 0, 0, 0, 0, 0, 
299, 1, 301, 298, -1, 296, 257, 16.0, 11, MSapapap, 2992, 0, 0, 0, , 0, 0, 0, 0, 0, 
300, 1, 302, 299, -1, 297, 277, 22.0, 15, ABalpaapapa, 5320, 0, 0, 0, , 0, 0, 0, 0, 0, 
301, 1, 303, 300, -1, 263, 228, 20.0, 11, ABalpaaaapp, 8264, 0, 0, 0, , 0, 0, 0, 0, 0, 
302, 1, 304, 301, -1, 303, 221, 20.0, 14, ABalpaaaaaa, 1841, 0, 0, 0, , 0, 0, 0, 0, 0, 
303, 0, 305, -1, -1, 257, 242, 22.0, 11, , 913, 0, 0, 0, , 0, 0, 0, 0, 0, 
304, 1, 306, 303, -1, 351, 228, 17.0, 13, ABalpaapppp, 3304, 0, 0, 0, , 0, 0, 0, 0, 0, 
305, 1, 307, 304, -1, 333, 205, 21.0, 13, ABalpaappaa, 4449, 0, 0, 0, , 0, 0, 0, 0, 0, 
306, 0, 308, -1, -1, 312, 227, 21.0, 15, , 3203, 0, 0, 0, , 0, 0, 0, 0, 0, 
307, 0, 309, -1, -1, 271, 225, 16.0, 11, , 2974, 0, 0, 0, , 0, 0, 0, 0, 0, 
308, 1, 310, 307, -1, 123, 343, 22.0, 23, Ealpp, 23865, 0, 0, 0, , 0, 0, 0, 0, 0, 
309, 1, 311, 308, -1, 194, 313, 21.0, 15, Ealpa, 6119, 0, 0, 0, , 0, 0, 0, 0, 0, 
310, 1, 312, 309, -1, 243, 341, 22.0, 17, Dapap, 6872, 0, 0, 0, , 0, 0, 0, 0, 0, 
311, 1, 313, 310, -1, 229, 275, 13.0, 13, Dapaa, 2897, 0, 0, 0, , 0, 0, 0, 0, 0, 
312, 1, 314, 311, -1, 236, 295, 20.0, 15, MSaapaapp, 7561, 0, 0, 0, , 0, 0, 0, 0, 0, 
313, 1, 315, 312, -1, 233, 276, 17.0, 11, MSaapaapaa, 2023, 0, 0, 0, , 0, 0, 0, 0, 0, 
314, 1, 316, 313, -1, 236, 288, 16.0, 11, MSaapaapap, 2361, 0, 0, 0, , 0, 0, 0, 0, 0, 
315, 1, 317, 314, -1, 252, 264, 11.0, 13, ABplppaapap, 5658, 0, 0, 0, , 0, 0, 0, 0, 0, 
316, 1, 318, 315, -1, 337, 270, 19.0, 13, ABalaaaalar, 3692, 0, 0, 0, , 0, 0, 0, 0, 0, 
317, 1, 319, 316, -1, 326, 243, 18.0, 11, ABalapaappp, 1994, 0, 0, 0, , 0, 0, 0, 0, 0, 
318, 1, 320, 317, -1, 280, 221, 34.0, 13, ABalaaapprr, 3067, 0, 0, 0, , 0, 0, 0, 0, 0, 
319, 0, -1, -1, -1, 292, 175, 27.0, 9, , 1226, 0, 0, 0, , 0, 0, 0, 0, 0, 
320, 1, 322, 319, -1, 89, 351, 27.0, 17, Cppppaa, 3365, 0, 0, 0, , 0, 0, 0, 0, 0, 
321, 0, 323, -1, -1, 84, 347, 27.0, 14, , 2236, 0, 0, 0, , 0, 0, 0, 0, 0, 
322, 1, 324, 321, -1, 63, 300, 25.0, 19, Cppppap, 12883, 0, 0, 0, , 0, 0, 0, 0, 0, 
323, 0, 325, -1, -1, 100, 329, 26.0, 15, , 1903, 0, 0, 0, , 0, 0, 0, 0, 0, 
324, 1, 326, 323, -1, 216, 236, 13.0, 13, ABplppapaaa, 5368, 0, 0, 0, , 0, 0, 0, 0, 0, 
325, 1, 327, 324, -1, 308, 308, 21.0, 13, ABalaaaalal, 3808, 0, 0, 0, , 0, 0, 0, 0, 0, 
326, 0, 328, -1, -1, 288, 165, 23.0, 11, , 2401, 0, 0, 0, , 0, 0, 0, 0, 0, 
327, 1, 329, 326, -1, 162, 292, 25.0, 15, MSpappap, 5621, 0, 0, 0, , 0, 0, 0, 0, 0, 
328, 1, 330, 327, -1, 239, 294, 31.0, 15, MSpaapapa, 3602, 0, 0, 0, , 0, 0, 0, 0, 0, 
329, 1, 331, 328, -1, 83, 243, 22.0, 17, Cpppppd, 3219, 0, 0, 0, , 0, 0, 0, 0, 0, 
330, 1, 332, 329, -1, 291, 305, 18.0, 11, ABplapaaaaa, 3874, 0, 0, 0, , 0, 0, 0, 0, 0, 
331, 1, 333, 330, -1, 207, 283, 22.0, 14, MSaappaa, 3210, 0, 0, 0, , 0, 0, 0, 0, 0, 
332, 1, 334, 331, -1, 315, 232, 10.0, 13, ABalaaaalpa, 3937, 0, 0, 0, , 0, 0, 0, 0, 0, 
333, 0, 335, -1, -1, 359, 230, 22.0, 11, , 2041, 0, 0, 0, , 0, 0, 0, 0, 0, 
334, 1, 336, 333, -1, 365, 233, 19.0, 15, ABplaaaaaaa, 4629, 0, 0, 0, , 0, 0, 0, 0, 0, 
335, 1, 337, 334, -1, 267, 265, 19.0, 11, ABalpaaappp, 3474, 0, 0, 0, , 0, 0, 0, 0, 0, 
336, 1, 338, 335, -1, 276, 254, 17.0, 17, ABalpapppaa, 6327, 0, 0, 0, , 0, 0, 0, 0, 0, 
337, 1, 339, 336, -1, 198, 293, 17.0, 19, Ealaad, 6266, 0, 0, 0, , 0, 0, 0, 0, 0, 
338, 1, 340, 337, -1, 301, 194, 22.0, 11, ABarappaapp, 7121, 0, 0, 0, , 0, 0, 0, 0, 0, 
339, 1, 341, 338, -1, 217, 256, 26.0, 13, MSpapaapaa, 3152, 0, 0, 0, , 0, 0, 0, 0, 0, 
340, 1, 342, 339, -1, 222, 270, 27.0, 11, MSpapaapap, 2749, 0, 0, 0, , 0, 0, 0, 0, 0, 
341, 0, 343, -1, -1, 268, 198, 36.0, 13, , 3208, 0, 0, 0, , 0, 0, 0, 0, 0, 
342, 1, 344, 766, -1, 360, 209, 30.0, 13, ABalaaapplr, 3267, 0, 0, 0, , 0, 0, 0, 0, 0, 
343, 1, 345, 342, -1, 313, 299, 26.0, 15, MSappppp, 6717, 0, 0, 0, , 0, 0, 0, 0, 0, 
344, 1, 346, 343, -1, 288, 271, 20.0, 14, ABalpaapapp, 2438, 0, 0, 0, , 0, 0, 0, 0, 0, 
345, 0, 347, -1, -1, 246, 233, 21.0, 11, , 2131, 0, 0, 0, , 0, 0, 0, 0, 0, 
346, 1, 348, 345, -1, 194, 219, 22.0, 13, MSpapppaa, 4619, 0, 0, 0, , 0, 0, 0, 0, 0, 
347, 1, 275, 346, -1, 200, 234, 26.0, 15, Dppaa, 7008, 0, 0, 0, , 0, 0, 0, 0, 0, 
348, 1, 350, 347, -1, 271, 216, 31.0, 13, ABprpaapaaa, 5333, 0, 0, 0, , 0, 0, 0, 0, 0, 
349, 1, 351, 348, -1, 278, 271, 10.0, 11, ABalpppppppp, 2025, 0, 0, 0, , 0, 0, 0, 0, 0, 
350, 1, 352, 349, -1, 140, 209, 14.0, 11, Caapap, 6036, 0, 0, 0, , 0, 0, 0, 0, 0, 
351, 1, 353, 350, -1, 344, 215, 25.0, 13, ABarpaaaaal, 2570, 0, 0, 0, , 0, 0, 0, 0, 0, 
352, 1, 354, 351, -1, 125, 221, 19.0, 13, ABprppppppa, 4303, 0, 0, 0, , 0, 0, 0, 0, 0, 
353, 0, 355, -1, -1, 265, 178, 20.0, 11, , 1239, 0, 0, 0, , 0, 0, 0, 0, 0, 
354, 0, -1, -1, -1, 327, 281, 25.0, 13, , 2174, 0, 0, 0, , 0, 0, 0, 0, 0, 
355, 1, 357, 354, -1, 337, 234, 33.0, 17, MSppappp, 2965, 0, 0, 0, , 0, 0, 0, 0, 0, 
356, 1, 358, 355, -1, 132, 232, 14.0, 15, Cappppd, 3814, 0, 0, 0, , 0, 0, 0, 0, 0, 
357, 1, 359, 356, -1, 238, 300, 27.0, 11, MSaaaappp, 3245, 0, 0, 0, , 0, 0, 0, 0, 0, 
358, 1, 360, 357, -1, 97, 280, 10.0, 11, ABplapppaap, 4330, 0, 0, 0, , 0, 0, 0, 0, 0, 
359, 1, 361, 358, -1, 227, 283, 28.0, 13, MSpapaapp, 4849, 0, 0, 0, , 0, 0, 0, 0, 0, 
360, 1, 362, 359, -1, 167, 312, 12.0, 13, Capaapa, 7097, 0, 0, 0, , 0, 0, 0, 0, 0, 
361, 0, -1, -1, -1, 229, 180, 32.0, 11, , 1516, 0, 0, 0, , 0, 0, 0, 0, 0, 
362, 1, 364, 361, -1, 229, 190, 32.0, 15, ABpraaappppp, 2823, 0, 0, 0, , 0, 0, 0, 0, 0, 
363, 1, 365, 362, -1, 296, 282, 11.0, 15, ABalpppppppa, 12597, 0, 0, 0, , 0, 0, 0, 0, 0, 
364, 1, 366, 363, -1, 314, 263, 16.0, 13, ABplpaapaaa, 5985, 0, 0, 0, , 0, 0, 0, 0, 0, 
365, 1, 367, 364, -1, 216, 253, 22.0, 13, ABarapapapp, 5717, 0, 0, 0, , 0, 0, 0, 0, 0, 
366, 1, 368, 365, -1, 209, 262, 13.0, 11, MSaapppap, 2600, 0, 0, 0, , 0, 0, 0, 0, 0, 
367, 0, 369, -1, -1, 256, 295, 15.0, 13, , 4629, 0, 0, 0, , 0, 0, 0, 0, 0, 
368, 0, 370, -1, -1, 230, 267, 13.0, 14, , 2048, 0, 0, 0, , 0, 0, 0, 0, 0, 
369, 1, 371, 368, -1, 195, 239, 12.0, 15, ABalpapappa, 5637, 0, 0, 0, , 0, 0, 0, 0, 0, 
370, 0, 372, -1, -1, 175, 314, 24.0, 15, , 1335, 0, 0, 0, , 0, 0, 0, 0, 0, 
371, 0, 373, -1, -1, 250, 288, 15.0, 11, , 927, 0, 0, 0, , 0, 0, 0, 0, 0, 
372, 1, 374, 371, -1, 254, 240, 20.0, 11, ABalpappppa, 3063, 0, 0, 0, , 0, 0, 0, 0, 0, 
373, 0, 375, -1, -1, 245, 171, 18.0, 11, , 1873, 0, 0, 0, , 0, 0, 0, 0, 0, 
374, 1, 376, 373, -1, 105, 237, 18.0, 13, ABprpappppp, 8092, 0, 0, 0, , 0, 0, 0, 0, 0, 
375, 1, 377, 374, -1, 241, 212, 12.0, 15, ABplpaapppa, 9077, 0, 0, 0, , 0, 0, 0, 0, 0, 
376, 1, 378, 376, -1, 345, 237, 29.0, 9, ABalapppapp, 800, 0, 0, 0, , 0, 0, 0, 0, 0, 
377, 1, 379, 788, -1, 240, 192, 24.0, 15, MSppppaa, 2217, 0, 0, 0, , 0, 0, 0, 0, 0, 
378, 1, 380, 378, -1, 297, 258, 14.0, 9, ABalapaapaa, 2872, 0, 0, 0, , 0, 0, 0, 0, 0, 
379, 1, 381, 379, -1, 310, 252, 27.0, 13, ABaraappaaa, 5103, 0, 0, 0, , 0, 0, 0, 0, 0, 
380, 1, 382, 380, -1, 285, 280, 15.0, 13, ABalpppppap, 3201, 0, 0, 0, , 0, 0, 0, 0, 0, 
381, 1, 383, 381, -1, 306, 226, 14.0, 13, ABalppappap, 7330, 0, 0, 0, , 0, 0, 0, 0, 0, 
382, 0, 384, -1, -1, 319, 299, 21.0, 13, , 3732, 0, 0, 0, , 0, 0, 0, 0, 0, 
383, 1, 385, 383, -1, 271, 245, 10.0, 15, ABplppaaaaa, 8375, 0, 0, 0, , 0, 0, 0, 0, 0, 
384, 1, 386, 384, -1, 276, 212, 23.0, 15, ABarapaaapa, 4809, 0, 0, 0, , 0, 0, 0, 0, 0, 
385, 1, 387, 385, -1, 303, 234, 27.0, 13, ABaraappaap, 5100, 0, 0, 0, , 0, 0, 0, 0, 0, 
386, 0, 388, -1, -1, 280, 258, 34.0, 9, , 525, 0, 0, 0, , 0, 0, 0, 0, 0, 
387, 1, 389, 387, -1, 313, 221, 16.0, 15, ABalpapaaaa, 8088, 0, 0, 0, , 0, 0, 0, 0, 0, 
388, 1, 390, 388, -1, 97, 243, 28.0, 17, Caappd, 7826, 0, 0, 0, , 0, 0, 0, 0, 0, 
389, 0, 391, -1, -1, 251, 259, 29.0, 17, , 10415, 0, 0, 0, , 0, 0, 0, 0, 0, 
390, 1, 392, 390, -1, 273, 238, 33.0, 13, ABarpppaaa, 3675, 0, 0, 0, , 0, 0, 0, 0, 0, 
391, 0, 393, -1, -1, 95, 332, 22.0, 17, , 6954, 0, 0, 0, , 0, 0, 0, 0, 0, 
392, 1, 394, 392, -1, 316, 244, 16.0, 11, ABalapaappap, 2180, 0, 0, 0, , 0, 0, 0, 0, 0, 
393, 1, 395, 715, -1, 293, 238, 36.0, 13, ABalappapap, 2149, 0, 0, 0, , 0, 0, 0, 0, 0, 
394, 1, 396, 393, -1, 313, 216, 9.0, 17, ABplaappap, 3561, 0, 0, 0, , 0, 0, 0, 0, 0, 
395, 1, 397, 394, -1, 212, 220, 15.0, 13, ABplppaappa, 3184, 0, 0, 0, , 0, 0, 0, 0, 0, 
396, 1, 398, 395, -1, 224, 183, 18.0, 17, ABarappappp, 7314, 0, 0, 0, , 0, 0, 0, 0, 0, 
397, 1, 399, 396, -1, 85, 312, 11.0, 15, Cpapap, 4738, 0, 0, 0, , 0, 0, 0, 0, 0, 
398, 1, 400, 397, -1, 240, 204, 16.0, 15, ABplpaaaapa, 6127, 0, 0, 0, , 0, 0, 0, 0, 0, 
399, 1, 401, 398, -1, 303, 192, 12.0, 15, ABplpaaapap, 9453, 0, 0, 0, , 0, 0, 0, 0, 0, 
400, 1, 402, 399, -1, 267, 283, 21.0, 17, ABaraapapaa, 7893, 0, 0, 0, , 0, 0, 0, 0, 0, 
401, 1, 403, 400, -1, 354, 262, 24.0, 13, MSapappp, 2035, 0, 0, 0, , 0, 0, 0, 0, 0, 
402, 1, 404, 401, -1, 143, 231, 27.0, 15, ABprpppaapp, 5121, 0, 0, 0, , 0, 0, 0, 0, 0, 
403, 1, 405, 402, -1, 151, 247, 16.0, 13, ABplppppapa, 4690, 0, 0, 0, , 0, 0, 0, 0, 0, 
404, 1, 406, 403, -1, 194, 229, 18.0, 15, ABprpapppap, 2734, 0, 0, 0, , 0, 0, 0, 0, 0, 
405, 0, 407, -1, -1, 216, 332, 28.0, 19, , 17252, 0, 0, 0, , 0, 0, 0, 0, 0, 
406, 0, 408, -1, -1, 223, 228, 20.0, 13, , 890, 0, 0, 0, , 0, 0, 0, 0, 0, 
407, 0, 409, -1, -1, 259, 207, 31.0, 9, , 1330, 0, 0, 0, , 0, 0, 0, 0, 0, 
408, 1, 410, 407, -1, 265, 200, 32.0, 13, ABpraaaapppa, 2593, 0, 0, 0, , 0, 0, 0, 0, 0, 
409, 1, 411, 408, -1, 251, 295, 11.0, 13, ABplaapppp, 2392, 0, 0, 0, , 0, 0, 0, 0, 0, 
410, 1, 412, 409, -1, 292, 263, 31.0, 15, MSpaaaapa, 9208, 0, 0, 0, , 0, 0, 0, 0, 0, 
411, 1, 413, 410, -1, 153, 341, 27.0, 13, Epraa, 1301, 0, 0, 0, , 0, 0, 0, 0, 0, 
412, 1, 414, 411, -1, 326, 279, 18.0, 15, ABalaaapall, 3505, 0, 0, 0, , 0, 0, 0, 0, 0, 
413, 1, 415, 412, -1, 268, 235, 29.0, 15, ABarapaappa, 5028, 0, 0, 0, , 0, 0, 0, 0, 0, 
414, 0, 416, -1, -1, 333, 178, 29.0, 11, , 2953, 0, 0, 0, , 0, 0, 0, 0, 0, 
415, 1, 417, 414, -1, 255, 337, 25.0, 13, Dappap, 3115, 0, 0, 0, , 0, 0, 0, 0, 0, 
416, 1, 418, 415, -1, 362, 250, 22.0, 13, ABplaaaaaap, 5162, 0, 0, 0, , 0, 0, 0, 0, 0, 
417, 1, 419, 416, -1, 183, 339, 24.0, 17, Earap, 4766, 0, 0, 0, , 0, 0, 0, 0, 0, 
418, 1, 420, 417, -1, 334, 227, 30.0, 15, ABarpapaaaa, 5420, 0, 0, 0, , 0, 0, 0, 0, 0, 
419, 0, 421, -1, -1, 133, 321, 15.0, 14, , 1411, 0, 0, 0, , 0, 0, 0, 0, 0, 
420, 0, 422, -1, -1, 154, 345, 25.0, 13, , 805, 0, 0, 0, , 0, 0, 0, 0, 0, 
421, 0, 423, -1, -1, 286, 195, 30.0, 11, , 1841, 0, 0, 0, , 0, 0, 0, 0, 0, 
422, 0, 424, -1, -1, 115, 243, 32.0, 11, , 3283, 0, 0, 0, , 0, 0, 0, 0, 0, 
423, 0, 425, -1, -1, 327, 260, 15.0, 15, , 4061, 0, 0, 0, , 0, 0, 0, 0, 0, 
424, 1, 426, 424, -1, 327, 258, 15.0, 11, ABplaapaapp, 3049, 0, 0, 0, , 0, 0, 0, 0, 0, 
425, 1, 427, 425, -1, 251, 209, 23.0, 13, MSppaaaav, 3572, 0, 0, 0, , 0, 0, 0, 0, 0, 
426, 1, 428, 426, -1, 295, 249, 28.0, 13, ABaraappapa, 4603, 0, 0, 0, , 0, 0, 0, 0, 0, 
427, 1, 429, 427, -1, 93, 238, 14.0, 13, ABplapappppa, 2906, 0, 0, 0, , 0, 0, 0, 0, 0, 
428, 1, 430, 428, -1, 97, 254, 12.0, 15, ABplapappppp, 2618, 0, 0, 0, , 0, 0, 0, 0, 0, 
429, 1, 431, 429, -1, 241, 258, 22.0, 14, ABarapapaaa, 1290, 0, 0, 0, , 0, 0, 0, 0, 0, 
430, 1, 432, 430, -1, 79, 318, 30.0, 19, Cpppapa, 20002, 0, 0, 0, , 0, 0, 0, 0, 0, 
431, 1, 433, 431, -1, 342, 266, 16.0, 15, ABalapaaapp, 6115, 0, 0, 0, , 0, 0, 0, 0, 0, 
432, 0, 434, -1, -1, 261, 233, 24.0, 13, , 4057, 0, 0, 0, , 0, 0, 0, 0, 0, 
433, 1, 435, 433, -1, 323, 234, 34.0, 13, ABarpapaappp, 3878, 0, 0, 0, , 0, 0, 0, 0, 0, 
434, 1, 436, 434, -1, 305, 291, 20.0, 13, ABalapaaaaa, 2664, 0, 0, 0, , 0, 0, 0, 0, 0, 
435, 1, 437, 435, -1, 199, 271, 28.0, 15, MSppapaa, 4519, 0, 0, 0, , 0, 0, 0, 0, 0, 
436, 1, 438, 436, -1, 269, 175, 13.0, 11, ABarappaaap, 6447, 0, 0, 0, , 0, 0, 0, 0, 0, 
437, 0, 440, -1, -1, 96, 308, 24.0, 15, , 2497, 0, 0, 0, , 0, 0, 0, 0, 0, 
438, 1, 441, 438, -1, 225, 304, 29.0, 11, MSpaapapp, 824, 0, 0, 0, , 0, 0, 0, 0, 0, 
439, 1, 442, 439, -1, 294, 209, 16.0, 13, ABalppapppp, 4486, 0, 0, 0, , 0, 0, 0, 0, 0, 
440, 1, 443, 440, -1, 311, 193, 15.0, 13, ABplpaaapaa, 4435, 0, 0, 0, , 0, 0, 0, 0, 0, 
441, 0, 444, -1, -1, 70, 301, 14.0, 17, , 4515, 0, 0, 0, , 0, 0, 0, 0, 0, 
442, 1, 445, 442, -1, 368, 211, 23.0, 15, ABplaaaapa, 4714, 0, 0, 0, , 0, 0, 0, 0, 0, 
443, 0, 446, -1, -1, 209, 301, 14.0, 17, , 7923, 0, 0, 0, , 0, 0, 0, 0, 0, 
444, 1, 447, 444, -1, 212, 304, 15.0, 17, MSapapaa, 8252, 0, 0, 0, , 0, 0, 0, 0, 0, 
445, 1, 448, 445, -1, 274, 156, 26.0, 13, ABpraappap, 3642, 0, 0, 0, , 0, 0, 0, 0, 0, 
446, 0, 449, -1, -1, 283, 266, 25.0, 14, , 2333, 0, 0, 0, , 0, 0, 0, 0, 0, 
447, 1, 450, 447, -1, 297, 257, 20.0, 13, ABalpaaapaa, 4202, 0, 0, 0, , 0, 0, 0, 0, 0, 
448, 0, 451, -1, -1, 212, 344, 17.0, 19, , 16042, 0, 0, 0, , 0, 0, 0, 0, 0, 
449, 0, 452, -1, -1, 197, 324, 25.0, 17, , 4006, 0, 0, 0, , 0, 0, 0, 0, 0, 
450, 0, 453, -1, -1, 135, 216, 11.0, 9, , 488, 0, 0, 0, , 0, 0, 0, 0, 0, 
451, 1, 454, 451, -1, 355, 255, 18.0, 13, ABalapapppp, 933, 0, 0, 0, , 0, 0, 0, 0, 0, 
452, 1, 455, 452, -1, 268, 185, 18.0, 11, ABarapppppap, 1892, 0, 0, 0, , 0, 0, 0, 0, 0, 
453, 0, 456, -1, -1, 262, 215, 10.0, 13, , 15518, 0, 0, 0, , 0, 0, 0, 0, 0, 
454, 1, 458, 454, -1, 98, 295, 11.0, 13, ABarppappp, 3450, 0, 0, 0, , 0, 0, 0, 0, 0, 
455, 1, 459, 455, -1, 352, 238, 24.0, 15, ABalapappap, 3745, 0, 0, 0, , 0, 0, 0, 0, 0, 
456, 0, 460, -1, -1, 295, 217, 30.0, 11, , 749, 0, 0, 0, , 0, 0, 0, 0, 0, 
457, 0, 461, -1, -1, 297, 222, 33.0, 11, , 3058, 0, 0, 0, , 0, 0, 0, 0, 0, 
458, 1, 462, 458, -1, 304, 266, 28.0, 11, MSaaaaapaa, 2936, 0, 0, 0, , 0, 0, 0, 0, 0, 
459, 1, 463, 459, -1, 276, 197, 19.0, 11, ABplpappaaa, 5259, 0, 0, 0, , 0, 0, 0, 0, 0, 
460, 0, 464, -1, -1, 252, 280, 11.0, 13, , 5663, 0, 0, 0, , 0, 0, 0, 0, 0, 
461, 0, 465, -1, -1, 226, 218, 18.0, 11, , 861, 0, 0, 0, , 0, 0, 0, 0, 0, 
462, 1, 466, 462, -1, 338, 270, 14.0, 17, ABplaaappp, 10228, 0, 0, 0, , 0, 0, 0, 0, 0, 
463, 1, 467, 463, -1, 221, 329, 21.0, 19, Ealaav, 29503, 0, 0, 0, , 0, 0, 0, 0, 0, 
464, 0, 468, -1, -1, 125, 342, 26.0, 15, , 5146, 0, 0, 0, , 0, 0, 0, 0, 0, 
465, 1, 469, 465, -1, 138, 341, 26.0, 11, Earpp, 2153, 0, 0, 0, , 0, 0, 0, 0, 0, 
466, 0, 470, -1, -1, 249, 168, 33.0, 11, , 1612, 0, 0, 0, , 0, 0, 0, 0, 0, 
467, 1, 471, 467, -1, 242, 258, 14.0, 15, Daaaa, 7994, 0, 0, 0, , 0, 0, 0, 0, 0, 
468, 0, 472, -1, -1, 228, 213, 15.0, 11, , 1311, 0, 0, 0, , 0, 0, 0, 0, 0, 
469, 1, 473, 469, -1, 329, 213, 14.0, 11, ABalaaapalr, 3229, 0, 0, 0, , 0, 0, 0, 0, 0, 
470, 1, 474, 470, -1, 268, 219, 22.0, 15, ABarapaaaap, 5737, 0, 0, 0, , 0, 0, 0, 0, 0, 
471, 1, 475, 471, -1, 237, 226, 31.0, 13, ABpraapapppa, 4573, 0, 0, 0, , 0, 0, 0, 0, 0, 
472, 1, 476, 472, -1, 248, 312, 13.0, 17, ABarppapaa, 6999, 0, 0, 0, , 0, 0, 0, 0, 0, 
473, 1, 477, 473, -1, 241, 193, 12.0, 13, ABalpapapapp, 4719, 0, 0, 0, , 0, 0, 0, 0, 0, 
474, 1, 478, 474, -1, 256, 183, 13.0, 13, ABalpapapapa, 5937, 0, 0, 0, , 0, 0, 0, 0, 0, 
475, 0, 479, -1, -1, 242, 292, 10.0, 9, , 592, 0, 0, 0, , 0, 0, 0, 0, 0, 
476, 1, 480, 476, -1, 107, 292, 15.0, 13, MSappaap, 2190, 0, 0, 0, , 0, 0, 0, 0, 0, 
477, 1, 481, 678, -1, 257, 332, 17.0, 11, Cpaaaa, 1564, 0, 0, 0, , 0, 0, 0, 0, 0, 
478, 1, 482, 477, -1, 236, 203, 33.0, 15, ABpraaappppa, 3188, 0, 0, 0, , 0, 0, 0, 0, 0, 
479, 0, 483, -1, -1, 291, 174, 33.0, 17, , 4812, 0, 0, 0, , 0, 0, 0, 0, 0, 
480, 1, 484, 479, -1, 215, 226, 19.0, 13, ABplpappaap, 1725, 0, 0, 0, , 0, 0, 0, 0, 0, 
481, 1, 485, 480, -1, 220, 209, 21.0, 13, ABprpapapap, 4575, 0, 0, 0, , 0, 0, 0, 0, 0, 
482, 1, 486, 481, -1, 309, 195, 30.0, 11, ABpraaaaapd, 2281, 0, 0, 0, , 0, 0, 0, 0, 0, 
483, 1, 487, 482, -1, 281, 277, 22.0, 11, MSaaapaap, 1699, 0, 0, 0, , 0, 0, 0, 0, 0, 
484, 0, 489, -1, -1, 319, 244, 10.0, 9, , 751, 0, 0, 0, , 0, 0, 0, 0, 0, 
485, 1, 490, 483, -1, 353, 210, 15.0, 13, ABalaaaarla, 4037, 0, 0, 0, , 0, 0, 0, 0, 0, 
486, 1, 491, 484, -1, 105, 236, 26.0, 11, ABprapappppa, 1211, 0, 0, 0, , 0, 0, 0, 0, 0, 
487, 1, 492, 485, -1, 235, 180, 15.0, 13, ABarappapapp, 4277, 0, 0, 0, , 0, 0, 0, 0, 0, 
488, 1, 493, 486, -1, 252, 173, 16.0, 13, ABarappapapa, 5517, 0, 0, 0, , 0, 0, 0, 0, 0, 
489, 0, 494, -1, -1, 120, 305, 15.0, 17, , 12956, 0, 0, 0, , 0, 0, 0, 0, 0, 
490, 0, 495, -1, -1, 248, 169, 22.0, 11, , 1083, 0, 0, 0, , 0, 0, 0, 0, 0, 
491, 0, 496, -1, -1, 291, 207, 33.0, 13, , 3091, 0, 0, 0, , 0, 0, 0, 0, 0, 
492, 0, 497, -1, -1, 165, 346, 24.0, 14, , 3117, 0, 0, 0, , 0, 0, 0, 0, 0, 
493, 1, 498, 491, -1, 159, 365, 20.0, 15, Capapaa, 6050, 0, 0, 0, , 0, 0, 0, 0, 0, 
494, 0, 499, -1, -1, 194, 299, 28.0, 15, , 3544, 0, 0, 0, , 0, 0, 0, 0, 0, 
495, 1, 500, 493, -1, 271, 307, 18.0, 13, ABplapaaaapp, 5170, 0, 0, 0, , 0, 0, 0, 0, 0, 
496, 1, 501, 494, -1, 265, 185, 25.0, 11, ABprpaaappap, 1553, 0, 0, 0, , 0, 0, 0, 0, 0, 
497, 1, 502, 495, -1, 280, 177, 25.0, 14, ABprpaaappaa, 1655, 0, 0, 0, , 0, 0, 0, 0, 0, 
498, 0, 503, -1, -1, 299, 169, 22.0, 17, , 4921, 0, 0, 0, , 0, 0, 0, 0, 0, 
499, 0, 504, -1, -1, 270, 249, 22.0, 11, , 3042, 0, 0, 0, , 0, 0, 0, 0, 0, 
500, 0, 505, -1, -1, 185, 339, 22.0, 17, , 2767, 0, 0, 0, , 0, 0, 0, 0, 0, 
501, 1, 506, 499, -1, 192, 319, 28.0, 15, Earpa, 1104, 0, 0, 0, , 0, 0, 0, 0, 0, 
502, 0, 507, -1, -1, 213, 318, 25.0, 9, , 1213, 0, 0, 0, , 0, 0, 0, 0, 0, 
503, 1, 508, 501, -1, 247, 229, 35.0, 19, ABarpppaap, 10602, 0, 0, 0, , 0, 0, 0, 0, 0, 
504, 1, 509, 502, -1, 219, 353, 24.0, 15, Dapppa, 3741, 0, 0, 0, , 0, 0, 0, 0, 0, 
505, 1, 510, 503, -1, 294, 183, 17.0, 13, ABalppapaap, 4880, 0, 0, 0, , 0, 0, 0, 0, 0, 
506, 1, 511, 504, -1, 166, 287, 21.0, 15, ABplpapappp, 3101, 0, 0, 0, , 0, 0, 0, 0, 0, 
507, 0, 512, -1, -1, 122, 292, 28.0, 15, , 5504, 0, 0, 0, , 0, 0, 0, 0, 0, 
508, 0, 513, -1, -1, 89, 303, 25.0, 15, , 1043, 0, 0, 0, , 0, 0, 0, 0, 0, 
509, 0, 514, -1, -1, 252, 222, 31.0, 13, , 3407, 0, 0, 0, , 0, 0, 0, 0, 0, 
510, 1, 515, 508, -1, 311, 254, 14.0, 13, ABalppappaa, 2869, 0, 0, 0, , 0, 0, 0, 0, 0, 
511, 1, 516, 509, -1, 139, 300, 26.0, 17, Z2, 7023, 0, 0, 0, , 0, 0, 0, 0, 0, 
512, 0, 517, -1, -1, 176, 319, 24.0, 11, , 489, 0, 0, 0, , 0, 0, 0, 0, 0, 
513, 1, 518, 511, -1, 120, 349, 33.0, 19, Cppapap, 10158, 0, 0, 0, , 0, 0, 0, 0, 0, 
514, 1, 519, 512, -1, 353, 264, 20.0, 17, ABplaaaaapp, 4578, 0, 0, 0, , 0, 0, 0, 0, 0, 
515, 1, 520, 513, -1, 258, 165, 18.0, 13, ABprpaapapp, 6390, 0, 0, 0, , 0, 0, 0, 0, 0, 
516, 0, 521, -1, -1, 328, 285, 32.0, 17, , 4963, 0, 0, 0, , 0, 0, 0, 0, 0, 
517, 0, 522, -1, -1, 236, 283, 13.0, 13, , 2743, 0, 0, 0, , 0, 0, 0, 0, 0, 
518, 1, 523, 516, -1, 319, 280, 13.0, 15, ABalpppapppp, 5033, 0, 0, 0, , 0, 0, 0, 0, 0, 
519, 1, 524, 517, -1, 229, 252, 34.0, 11, ABpraapapppp, 2840, 0, 0, 0, , 0, 0, 0, 0, 0, 
520, 1, 525, 725, -1, 233, 267, 30.0, 11, MSpapappa, 1684, 0, 0, 0, , 0, 0, 0, 0, 0, 
521, 1, 526, 518, -1, 187, 365, 24.0, 15, Dapppp, 1581, 0, 0, 0, , 0, 0, 0, 0, 0, 
522, 1, 527, 519, -1, 265, 210, 18.0, 11, ABprpapppaa, 2644, 0, 0, 0, , 0, 0, 0, 0, 0, 
523, 0, 528, -1, -1, 116, 224, 26.0, 14, , 5490, 0, 0, 0, , 0, 0, 0, 0, 0, 
524, 1, 529, 521, -1, 291, 242, 17.0, 13, ABalpappaapa, 4344, 0, 0, 0, , 0, 0, 0, 0, 0, 
525, 1, 530, 522, -1, 278, 246, 16.0, 13, ABalpappaapp, 3421, 0, 0, 0, , 0, 0, 0, 0, 0, 
526, 1, 531, 523, -1, 90, 282, 23.0, 21, Eprppp, 9363, 0, 0, 0, , 0, 0, 0, 0, 0, 
527, 0, 532, -1, -1, 194, 292, 18.0, 15, , 1257, 0, 0, 0, , 0, 0, 0, 0, 0, 
528, 0, 534, -1, -1, 264, 279, 27.0, 11, , 2849, 0, 0, 0, , 0, 0, 0, 0, 0, 
529, 0, 535, -1, -1, 293, 180, 24.0, 14, , 1332, 0, 0, 0, , 0, 0, 0, 0, 0, 
530, 1, 536, 527, -1, 164, 318, 24.0, 19, Ealap, 35489, 0, 0, 0, , 0, 0, 0, 0, 0, 
531, 1, 537, 528, -1, 153, 348, 21.0, 11, Eplaa, 1426, 0, 0, 0, , 0, 0, 0, 0, 0, 
532, 1, 538, 529, -1, 175, 269, 17.0, 13, ABprpappapp, 3996, 0, 0, 0, , 0, 0, 0, 0, 0, 
533, 1, 539, 530, -1, 142, 213, 23.0, 19, Cpppppv, 11149, 0, 0, 0, , 0, 0, 0, 0, 0, 
534, 1, 540, 531, -1, 241, 194, 27.0, 11, ABpraaappaa, 2871, 0, 0, 0, , 0, 0, 0, 0, 0, 
535, 0, 541, -1, -1, 234, 252, 20.0, 15, , 7093, 0, 0, 0, , 0, 0, 0, 0, 0, 
536, 0, 542, -1, -1, 236, 337, 17.0, 19, , 11555, 0, 0, 0, , 0, 0, 0, 0, 0, 
537, 0, 543, -1, -1, 335, 247, 23.0, 7, , 276, 0, 0, 0, , 0, 0, 0, 0, 0, 
538, 0, 544, -1, -1, 260, 285, 35.0, 14, , 1536, 0, 0, 0, , 0, 0, 0, 0, 0, 
539, 1, 545, 536, -1, 139, 320, 14.0, 19, Capaapp, 9012, 0, 0, 0, , 0, 0, 0, 0, 0, 
540, 1, 546, 537, -1, 286, 267, 14.0, 13, ABalpppppaa, 3217, 0, 0, 0, , 0, 0, 0, 0, 0, 
541, 1, 547, 538, -1, 272, 179, 31.0, 15, ABalaapaaal, 4975, 0, 0, 0, , 0, 0, 0, 0, 0, 
542, 1, 548, 539, -1, 330, 205, 29.0, 11, ABalaaappll, 2884, 0, 0, 0, , 0, 0, 0, 0, 0, 
543, 0, 549, -1, -1, 315, 281, 29.0, 11, , 2432, 0, 0, 0, , 0, 0, 0, 0, 0, 
544, 1, 550, 541, -1, 98, 258, 17.0, 19, Eplppa, 19703, 0, 0, 0, , 0, 0, 0, 0, 0, 
545, 0, 551, -1, -1, 239, 160, 24.0, 11, , 2552, 0, 0, 0, , 0, 0, 0, 0, 0, 
546, 0, 552, -1, -1, 233, 166, 23.0, 9, , 459, 0, 0, 0, , 0, 0, 0, 0, 0, 
547, 0, 553, -1, -1, 352, 211, 17.0, 11, , 3868, 0, 0, 0, , 0, 0, 0, 0, 0, 
548, 1, 554, 545, -1, 317, 204, 18.0, 11, ABalpaappap, 2167, 0, 0, 0, , 0, 0, 0, 0, 0, 
549, 1, 555, 546, -1, 100, 261, 22.0, 17, Eprppa, 6670, 0, 0, 0, , 0, 0, 0, 0, 0, 
550, 0, 556, -1, -1, 302, 194, 32.0, 13, , 4957, 0, 0, 0, , 0, 0, 0, 0, 0, 
551, 0, 557, -1, -1, 366, 249, 19.0, 11, , 1557, 0, 0, 0, , 0, 0, 0, 0, 0, 
552, 1, 558, 549, -1, 294, 210, 10.0, 13, ABplpaaappp, 7769, 0, 0, 0, , 0, 0, 0, 0, 0, 
553, 0, 559, -1, -1, 122, 211, 14.0, 15, , 4892, 0, 0, 0, , 0, 0, 0, 0, 0, 
554, 0, 560, -1, -1, 292, 244, 23.0, 11, , 753, 0, 0, 0, , 0, 0, 0, 0, 0, 
555, 1, 561, 552, -1, 290, 240, 34.0, 15, ABalapppppp, 4077, 0, 0, 0, , 0, 0, 0, 0, 0, 
556, 0, 562, -1, -1, 269, 160, 20.0, 14, , 894, 0, 0, 0, , 0, 0, 0, 0, 0, 
557, 1, 563, 553, -1, 281, 306, 14.0, 15, ABarppaaap, 6435, 0, 0, 0, , 0, 0, 0, 0, 0, 
558, 1, 564, 554, -1, 210, 213, 25.0, 17, Dpaaa, 2325, 0, 0, 0, , 0, 0, 0, 0, 0, 
559, 1, 566, 555, -1, 178, 344, 34.0, 19, Cppapaa, 14905, 0, 0, 0, , 0, 0, 0, 0, 0, 
560, 0, 567, -1, -1, 300, 212, 35.0, 11, , 1871, 0, 0, 0, , 0, 0, 0, 0, 0, 
561, 0, 568, -1, -1, 260, 187, 36.0, 11, , 2454, 0, 0, 0, , 0, 0, 0, 0, 0, 
562, 1, 569, 558, -1, 289, 311, 31.0, 13, ABarppaapa, 2656, 0, 0, 0, , 0, 0, 0, 0, 0, 
563, 0, 570, -1, -1, 303, 277, 16.0, 11, , 3357, 0, 0, 0, , 0, 0, 0, 0, 0, 
564, 0, 571, -1, -1, 133, 300, 27.0, 13, , 651, 0, 0, 0, , 0, 0, 0, 0, 0, 
565, 1, 572, 561, -1, 99, 225, 17.0, 17, Cappppv, 14722, 0, 0, 0, , 0, 0, 0, 0, 0, 
566, 1, 573, 656, -1, 144, 205, 19.0, 15, ABprpppapap, 1894, 0, 0, 0, , 0, 0, 0, 0, 0, 
567, 0, 574, -1, -1, 343, 263, 24.0, 11, , 3025, 0, 0, 0, , 0, 0, 0, 0, 0, 
568, 0, 575, -1, -1, 107, 338, 24.0, 11, , 532, 0, 0, 0, , 0, 0, 0, 0, 0, 
569, 1, 576, 564, -1, 229, 169, 20.0, 11, ABpraapppa, 2211, 0, 0, 0, , 0, 0, 0, 0, 0, 
570, 0, 577, -1, -1, 259, 173, 31.0, 11, , 1854, 0, 0, 0, , 0, 0, 0, 0, 0, 
571, 0, 578, -1, -1, 227, 311, 29.0, 9, , 474, 0, 0, 0, , 0, 0, 0, 0, 0, 
572, 1, 579, 567, -1, 261, 204, 12.0, 13, ABplpapaapp, 4917, 0, 0, 0, , 0, 0, 0, 0, 0, 
573, 1, 580, 568, -1, 116, 246, 13.0, 13, ABplapppapp, 3811, 0, 0, 0, , 0, 0, 0, 0, 0, 
574, 0, 581, -1, -1, 257, 239, 19.0, 9, , 926, 0, 0, 0, , 0, 0, 0, 0, 0, 
575, 0, 582, -1, -1, 326, 253, 27.0, 11, , 462, 0, 0, 0, , 0, 0, 0, 0, 0, 
576, 1, 583, 571, -1, 327, 221, 22.0, 13, ABalpaapaaa, 5852, 0, 0, 0, , 0, 0, 0, 0, 0, 
577, 0, 584, -1, -1, 84, 307, 23.0, 19, , 7324, 0, 0, 0, , 0, 0, 0, 0, 0, 
578, 0, 585, -1, -1, 266, 282, 29.0, 11, , 2781, 0, 0, 0, , 0, 0, 0, 0, 0, 
579, 0, 586, -1, -1, 308, 205, 35.0, 11, , 1176, 0, 0, 0, , 0, 0, 0, 0, 0, 
580, 1, 587, 575, -1, 169, 325, 11.0, 19, ABplappaap, 19583, 0, 0, 0, , 0, 0, 0, 0, 0, 
581, 0, 588, -1, -1, 349, 220, 24.0, 15, , 3065, 0, 0, 0, , 0, 0, 0, 0, 0, 
582, 0, 589, -1, -1, 237, 187, 34.0, 9, , 419, 0, 0, 0, , 0, 0, 0, 0, 0, 
583, 0, 590, -1, -1, 320, 286, 16.0, 15, , 3405, 0, 0, 0, , 0, 0, 0, 0, 0, 
584, 0, 591, -1, -1, 114, 262, 10.0, 9, , 839, 0, 0, 0, , 0, 0, 0, 0, 0, 
585, 0, 592, -1, -1, 259, 186, 11.0, 17, , 23035, 0, 0, 0, , 0, 0, 0, 0, 0, 
586, 0, 593, -1, -1, 243, 278, 13.0, 13, , 3383, 0, 0, 0, , 0, 0, 0, 0, 0, 
587, 1, 594, 582, -1, 209, 180, 26.0, 9, ABprppaapaa, 1518, 0, 0, 0, , 0, 0, 0, 0, 0, 
588, 1, 595, 583, -1, 290, 177, 29.0, 11, ABalaapaapp, 3217, 0, 0, 0, , 0, 0, 0, 0, 0, 
589, 1, 596, 584, -1, 246, 245, 23.0, 13, MSpapaaaa, 4038, 0, 0, 0, , 0, 0, 0, 0, 0, 
590, 0, 597, -1, -1, 227, 216, 30.0, 9, , 1165, 0, 0, 0, , 0, 0, 0, 0, 0, 
591, 1, 598, 586, -1, 281, 244, 28.0, 11, ABarapaapaa, 4326, 0, 0, 0, , 0, 0, 0, 0, 0, 
592, 0, 599, -1, -1, 183, 339, 25.0, 21, , 7419, 0, 0, 0, , 0, 0, 0, 0, 0, 
593, 1, 600, 588, -1, 307, 239, 31.0, 13, MSaaaaaar, 5074, 0, 0, 0, , 0, 0, 0, 0, 0, 
594, 0, 601, -1, -1, 345, 265, 27.0, 11, , 3255, 0, 0, 0, , 0, 0, 0, 0, 0, 
595, 0, 602, -1, -1, 267, 230, 9.0, 9, , 1581, 0, 0, 0, , 0, 0, 0, 0, 0, 
596, 1, 603, 591, -1, 165, 221, 20.0, 17, ABprappppa, 8574, 0, 0, 0, , 0, 0, 0, 0, 0, 
597, 1, 604, 592, -1, 122, 232, 25.0, 11, ABprapppappp, 2235, 0, 0, 0, , 0, 0, 0, 0, 0, 
598, 1, 605, 593, -1, 227, 191, 20.0, 13, ABprpaapppa, 5865, 0, 0, 0, , 0, 0, 0, 0, 0, 
599, 1, 606, 594, -1, 111, 348, 14.0, 21, Cpaapp, 25891, 0, 0, 0, , 0, 0, 0, 0, 0, 
600, 1, 607, 595, -1, 293, 226, 13.0, 13, ABplpaaappap, 4208, 0, 0, 0, , 0, 0, 0, 0, 0, 
601, 1, 609, 596, -1, 353, 190, 22.0, 15, ABarpapapa, 5507, 0, 0, 0, , 0, 0, 0, 0, 0, 
602, 0, 611, -1, -1, 308, 257, 11.0, 11, , 1520, 0, 0, 0, , 0, 0, 0, 0, 0, 
603, 1, 612, 598, -1, 309, 191, 19.0, 15, ABalpapaapa, 7153, 0, 0, 0, , 0, 0, 0, 0, 0, 
604, 1, 613, 599, -1, 287, 218, 26.0, 11, ABaraaaaapp, 2204, 0, 0, 0, , 0, 0, 0, 0, 0, 
605, 0, 614, -1, -1, 102, 334, 25.0, 23, , 13804, 0, 0, 0, , 0, 0, 0, 0, 0, 
606, 0, 615, -1, -1, 305, 214, 13.0, 11, , 3869, 0, 0, 0, , 0, 0, 0, 0, 0, 
607, 0, 616, -1, -1, 279, 232, 23.0, 14, , 747, 0, 0, 0, , 0, 0, 0, 0, 0, 
608, 0, 617, -1, -1, 134, 344, 27.0, 11, , 543, 0, 0, 0, , 0, 0, 0, 0, 0, 
609, 1, 722, 604, -1, 216, 330, 30.0, 15, Earaav, 3207, 0, 0, 0, , 0, 0, 0, 0, 0, 
610, 1, 619, 605, -1, 265, 222, 34.0, 13, ABalapppppa, 1819, 0, 0, 0, , 0, 0, 0, 0, 0, 
611, 0, 620, -1, -1, 146, 345, 22.0, 21, , 22583, 0, 0, 0, , 0, 0, 0, 0, 0, 
612, 0, 621, -1, -1, 259, 245, 34.0, 14, , 531, 0, 0, 0, , 0, 0, 0, 0, 0, 
613, 0, 622, -1, -1, 117, 299, 17.0, 17, , 5278, 0, 0, 0, , 0, 0, 0, 0, 0, 
614, 1, 623, 609, -1, 344, 228, 21.0, 15, ABalaaaparr, 5268, 0, 0, 0, , 0, 0, 0, 0, 0, 
615, 1, 624, 610, -1, 202, 218, 29.0, 13, ABprppaaaapp, 2808, 0, 0, 0, , 0, 0, 0, 0, 0, 
616, 1, 625, 611, -1, 307, 246, 33.0, 17, MSppappa, 3853, 0, 0, 0, , 0, 0, 0, 0, 0, 
617, 0, 626, -1, -1, 167, 355, 16.0, 15, , 2885, 0, 0, 0, , 0, 0, 0, 0, 0, 
618, 1, 627, 613, -1, 297, 293, 15.0, 15, ABplaapapppa, 3309, 0, 0, 0, , 0, 0, 0, 0, 0, 
619, 0, 628, -1, -1, 119, 343, 21.0, 19, , 18034, 0, 0, 0, , 0, 0, 0, 0, 0, 
620, 0, 629, -1, -1, 308, 264, 22.0, 9, , 1546, 0, 0, 0, , 0, 0, 0, 0, 0, 
621, 0, 630, -1, -1, 162, 345, 27.0, 17, , 4950, 0, 0, 0, , 0, 0, 0, 0, 0, 
622, 1, 631, 617, -1, 73, 266, 13.0, 15, Cappapp, 4677, 0, 0, 0, , 0, 0, 0, 0, 0, 
623, 0, 632, -1, -1, 126, 207, 19.0, 15, , 5111, 0, 0, 0, , 0, 0, 0, 0, 0, 
624, 1, 633, 619, -1, 299, 180, 14.0, 13, ABalppapapp, 5400, 0, 0, 0, , 0, 0, 0, 0, 0, 
625, 0, 634, -1, -1, 78, 303, 21.0, 14, , 1129, 0, 0, 0, , 0, 0, 0, 0, 0, 
626, 0, -1, -1, -1, 94, 303, 20.0, 15, , 3450, 0, 0, 0, , 0, 0, 0, 0, 0, 
627, 1, 636, 622, -1, 84, 309, 20.0, 13, Eplpa, 3124, 0, 0, 0, , 0, 0, 0, 0, 0, 
628, 1, 637, 623, -1, 145, 371, 23.0, 17, Cappaap, 9835, 0, 0, 0, , 0, 0, 0, 0, 0, 
629, 0, 638, -1, -1, 103, 340, 26.0, 13, , 2526, 0, 0, 0, , 0, 0, 0, 0, 0, 
630, 1, 639, 625, -1, 240, 240, 31.0, 19, ABprapaaaap, 10516, 0, 0, 0, , 0, 0, 0, 0, 0, 
631, 0, 641, -1, -1, 187, 243, 17.0, 13, , 4218, 0, 0, 0, , 0, 0, 0, 0, 0, 
632, 0, 642, -1, -1, 190, 308, 23.0, 19, , 3340, 0, 0, 0, , 0, 0, 0, 0, 0, 
633, 1, 643, 628, -1, 261, 170, 26.0, 13, ABpraaaapad, 2802, 0, 0, 0, , 0, 0, 0, 0, 0, 
634, 1, 644, 629, -1, 335, 279, 25.0, 11, MSappppa, 1639, 0, 0, 0, , 0, 0, 0, 0, 0, 
635, 0, 645, -1, -1, 243, 181, 30.0, 13, , 2739, 0, 0, 0, , 0, 0, 0, 0, 0, 
636, 0, 646, -1, -1, 315, 225, 35.0, 13, , 1407, 0, 0, 0, , 0, 0, 0, 0, 0, 
637, 1, 647, 632, -1, 267, 195, 14.0, 13, ABalppapapa, 4020, 0, 0, 0, , 0, 0, 0, 0, 0, 
638, 0, 648, -1, -1, 317, 172, 32.0, 15, , 2302, 0, 0, 0, , 0, 0, 0, 0, 0, 
639, 0, 649, -1, -1, 310, 179, 30.0, 11, , 2487, 0, 0, 0, , 0, 0, 0, 0, 0, 
640, 0, 650, -1, -1, 253, 266, 24.0, 9, , 988, 0, 0, 0, , 0, 0, 0, 0, 0, 
641, 0, 651, -1, -1, 192, 321, 29.0, 17, , 3434, 0, 0, 0, , 0, 0, 0, 0, 0, 
642, 0, 652, -1, -1, 198, 238, 14.0, 13, , 8213, 0, 0, 0, , 0, 0, 0, 0, 0, 
643, 0, 653, -1, -1, 284, 248, 20.0, 13, , 3632, 0, 0, 0, , 0, 0, 0, 0, 0, 
644, 0, 654, -1, -1, 79, 248, 23.0, 13, , 1088, 0, 0, 0, , 0, 0, 0, 0, 0, 
645, 0, 655, -1, -1, 271, 251, 19.0, 13, , 3979, 0, 0, 0, , 0, 0, 0, 0, 0, 
646, 0, 656, -1, -1, 315, 179, 18.0, 11, , 3981, 0, 0, 0, , 0, 0, 0, 0, 0, 
647, 1, 657, 640, -1, 288, 185, 20.0, 11, ABarapppppaa, 1371, 0, 0, 0, , 0, 0, 0, 0, 0, 
648, 1, 658, 641, -1, 310, 187, 23.0, 11, ABaraaappap, 1898, 0, 0, 0, , 0, 0, 0, 0, 0, 
649, 0, 659, -1, -1, 223, 175, 30.0, 11, , 3221, 0, 0, 0, , 0, 0, 0, 0, 0, 
650, 0, 660, -1, -1, 270, 191, 36.0, 13, , 1818, 0, 0, 0, , 0, 0, 0, 0, 0, 
651, 0, 661, -1, -1, 229, 277, 11.0, 11, , 2740, 0, 0, 0, , 0, 0, 0, 0, 0, 
652, 1, 662, 645, -1, 204, 312, 11.0, 19, ABplappaaa, 19400, 0, 0, 0, , 0, 0, 0, 0, 0, 
653, 0, 663, -1, -1, 309, 171, 23.0, 11, , 1679, 0, 0, 0, , 0, 0, 0, 0, 0, 
654, 1, 664, 647, -1, 293, 212, 23.0, 15, ABarapaaaaa, 7805, 0, 0, 0, , 0, 0, 0, 0, 0, 
655, 0, 665, -1, -1, 251, 292, 26.0, 11, , 654, 0, 0, 0, , 0, 0, 0, 0, 0, 
656, 1, 666, 649, -1, 76, 261, 26.0, 13, Cpppapp, 3022, 0, 0, 0, , 0, 0, 0, 0, 0, 
657, 0, 667, -1, -1, 309, 232, 34.0, 15, , 3697, 0, 0, 0, , 0, 0, 0, 0, 0, 
658, 1, 668, 651, -1, 200, 345, 34.0, 15, Dppppp, 2289, 0, 0, 0, , 0, 0, 0, 0, 0, 
659, 1, 669, 652, -1, 270, 226, 13.0, 13, MSappapp, 3893, 0, 0, 0, , 0, 0, 0, 0, 0, 
660, 0, 670, -1, -1, 126, 343, 22.0, 13, , 2769, 0, 0, 0, , 0, 0, 0, 0, 0, 
661, 0, 671, -1, -1, 201, 303, 29.0, 13, , 4845, 0, 0, 0, , 0, 0, 0, 0, 0, 
662, 0, 673, -1, -1, 308, 257, 10.0, 13, , 2291, 0, 0, 0, , 0, 0, 0, 0, 0, 
663, 0, 674, -1, -1, 144, 200, 18.0, 11, , 752, 0, 0, 0, , 0, 0, 0, 0, 0, 
664, 0, 675, -1, -1, 251, 230, 22.0, 13, , 4802, 0, 0, 0, , 0, 0, 0, 0, 0, 
665, 0, 676, -1, -1, 326, 218, 21.0, 13, , 3279, 0, 0, 0, , 0, 0, 0, 0, 0, 
666, 0, 677, -1, -1, 327, 187, 21.0, 9, , 1307, 0, 0, 0, , 0, 0, 0, 0, 0, 
667, 1, 678, 660, -1, 350, 266, 22.0, 13, MSapaaap, 1781, 0, 0, 0, , 0, 0, 0, 0, 0, 
668, 0, 679, -1, -1, 237, 302, 25.0, 15, , 4408, 0, 0, 0, , 0, 0, 0, 0, 0, 
669, 0, 680, -1, -1, 265, 161, 31.0, 9, , 2126, 0, 0, 0, , 0, 0, 0, 0, 0, 
670, 1, 681, 663, -1, 220, 280, 32.0, 19, ABarpppapp, 8441, 0, 0, 0, , 0, 0, 0, 0, 0, 
671, 0, 682, -1, -1, 247, 198, 36.0, 9, , 622, 0, 0, 0, , 0, 0, 0, 0, 0, 
672, 1, 614, 665, -1, 98, 328, 20.0, 19, Eplap, 13214, 0, 0, 0, , 0, 0, 0, 0, 0, 
673, 0, 684, -1, -1, 295, 201, 29.0, 9, , 835, 0, 0, 0, , 0, 0, 0, 0, 0, 
674, 1, 685, 667, -1, 278, 250, 31.0, 13, ABaraaapapa, 1165, 0, 0, 0, , 0, 0, 0, 0, 0, 
675, 0, 686, -1, -1, 148, 222, 13.0, 11, , 2674, 0, 0, 0, , 0, 0, 0, 0, 0, 
676, 0, 687, -1, -1, 158, 213, 16.0, 13, , 7232, 0, 0, 0, , 0, 0, 0, 0, 0, 
677, 0, 688, -1, -1, 136, 201, 19.0, 9, , 652, 0, 0, 0, , 0, 0, 0, 0, 0, 
678, 1, 689, 671, -1, 341, 236, 19.0, 13, ABalpaapppa, 2049, 0, 0, 0, , 0, 0, 0, 0, 0, 
679, 1, 738, 672, -1, 114, 258, 31.0, 11, ABarpppppp, 633, 0, 0, 0, , 0, 0, 0, 0, 0, 
680, 0, 691, -1, -1, 169, 319, 22.0, 15, , 5042, 0, 0, 0, , 0, 0, 0, 0, 0, 
681, 0, 692, -1, -1, 278, 213, 10.0, 9, , 1204, 0, 0, 0, , 0, 0, 0, 0, 0, 
682, 1, 693, 675, -1, 224, 254, 13.0, 11, MSaapppaa, 2356, 0, 0, 0, , 0, 0, 0, 0, 0, 
683, 0, 694, -1, -1, 286, 175, 16.0, 23, , 15329, 0, 0, 0, , 0, 0, 0, 0, 0, 
684, 0, 695, -1, -1, 238, 223, 21.0, 9, , 1351, 0, 0, 0, , 0, 0, 0, 0, 0, 
685, 0, 696, -1, -1, 268, 326, 17.0, 11, , 651, 0, 0, 0, , 0, 0, 0, 0, 0, 
686, 1, 697, 679, -1, 296, 211, 21.0, 13, ABalpappapa, 6791, 0, 0, 0, , 0, 0, 0, 0, 0, 
687, 1, 698, 680, -1, 215, 277, 26.0, 13, MSpapapap, 2023, 0, 0, 0, , 0, 0, 0, 0, 0, 
688, 0, 699, -1, -1, 275, 176, 35.0, 9, , 1050, 0, 0, 0, , 0, 0, 0, 0, 0, 
689, 0, 700, -1, -1, 364, 234, 29.0, 11, , 1030, 0, 0, 0, , 0, 0, 0, 0, 0, 
690, 0, 702, -1, -1, 272, 241, 19.0, 9, , 852, 0, 0, 0, , 0, 0, 0, 0, 0, 
691, 0, 703, -1, -1, 281, 226, 8.0, 14, , 1431, 0, 0, 0, , 0, 0, 0, 0, 0, 
692, 0, 704, -1, -1, 303, 304, 18.0, 11, , 2937, 0, 0, 0, , 0, 0, 0, 0, 0, 
693, 0, 705, -1, -1, 145, 339, 20.0, 15, , 1588, 0, 0, 0, , 0, 0, 0, 0, 0, 
694, 1, 706, 687, -1, 229, 171, 26.0, 13, ABprppaaaaa, 6001, 0, 0, 0, , 0, 0, 0, 0, 0, 
695, 0, 707, -1, -1, 340, 241, 26.0, 7, , 354, 0, 0, 0, , 0, 0, 0, 0, 0, 
696, 1, 262, 689, -1, 163, 360, 31.0, 19, Cpppaap, 11890, 0, 0, 0, , 0, 0, 0, 0, 0, 
697, 0, 709, -1, -1, 324, 209, 36.0, 11, , 703, 0, 0, 0, , 0, 0, 0, 0, 0, 
698, 0, -1, -1, -1, 262, 330, 18.0, 19, , 6854, 0, 0, 0, , 0, 0, 0, 0, 0, 
699, 0, -1, -1, -1, 193, 320, 26.0, 21, , 52568, 0, 0, 0, , 0, 0, 0, 0, 0, 
700, 0, -1, -1, -1, 320, 194, 12.0, 9, , 1500, 0, 0, 0, , 0, 0, 0, 0, 0, 
701, 0, -1, -1, -1, 339, 226, 14.0, 9, , 499, 0, 0, 0, , 0, 0, 0, 0, 0, 
702, 0, -1, -1, -1, 250, 246, 16.0, 7, , 327, 0, 0, 0, , 0, 0, 0, 0, 0, 
703, 0, -1, -1, -1, 348, 254, 22.0, 14, , 944, 0, 0, 0, , 0, 0, 0, 0, 0, 
704, 0, -1, -1, -1, 290, 247, 24.0, 11, , 662, 0, 0, 0, , 0, 0, 0, 0, 0, 
705, 0, -1, -1, -1, 247, 271, 24.0, 9, , 420, 0, 0, 0, , 0, 0, 0, 0, 0, 
706, 1, 761, 697, -1, 90, 314, 25.0, 13, Eprpa, 835, 0, 0, 0, , 0, 0, 0, 0, 0, 
707, 1, 763, 698, -1, 305, 176, 26.0, 11, ABalaaapprl, 2639, 0, 0, 0, , 0, 0, 0, 0, 0, 
708, 0, -1, -1, -1, 298, 308, 30.0, 13, , 3181, 0, 0, 0, , 0, 0, 0, 0, 0, 
709, 0, -1, -1, -1, 319, 171, 31.0, 13, , 3582, 0, 0, 0, , 0, 0, 0, 0, 0, 
710, 0, -1, -1, -1, 247, 184, 32.0, 11, , 3449, 0, 0, 0, , 0, 0, 0, 0, 0, 
711, 1, 710, 711, -1, 123, 203, 17.0, 13, ABprppppppp, 0, 0, 0, 0, , 0, 0, 0, 0, 0, 
712, 1, 711, 712, -1, 240, 286, 13.0, 16, ABplppaaaap, 0, 0, 0, 0, , 0, 0, 0, 0, 0, 
713, 1, 188, 713, -1, 155, 215, 14.0, 10, ABplpppapap, 0, 0, 0, 0, , 0, 0, 0, 0, 0, 
714, 1, 712, 113, -1, 115, 266, 13.0, 13, ABplpppaapa, 0, 0, 0, 0, , 0, 0, 0, 0, 0, 
715, 1, 713, 714, -1, 315, 296, 21.0, 13, ABalapaaapa, 0, 0, 0, 0, , 0, 0, 0, 0, 0, 
716, 1, 715, 716, -1, 325, 255, 28.0, 13, ABalapppaaa, 0, 0, 0, 0, , 0, 0, 0, 0, 0, 
717, 1, 716, 717, -1, 260, 280, 35.0, 13, Dpaap, 0, 0, 0, 0, , 0, 0, 0, 0, 0, 
718, 1, 717, 718, -1, 122, 290, 28.428572, 13, Cppaapp, 0, 0, 0, 0, , 0, 0, 0, 0, 0, 
719, 1, 718, 719, -1, 87, 270, 30.333334, 15, Cpapaa, 0, 0, 0, 0, , 0, 0, 0, 0, 0, 
720, 1, 719, 720, -1, 214, 342, 17.666666, 16, Cpaaap, 0, 0, 0, 0, , 0, 0, 0, 0, 0, 
721, 1, 720, 721, -1, 234, 333, 18.5, 17, Caaaaa, 0, 0, 0, 0, , 0, 0, 0, 0, 0, 
722, 1, 721, 722, -1, 197, 301, 28.0, 13, Earaad, 0, 0, 0, 0, , 0, 0, 0, 0, 0, 
723, 1, 495, 723, -1, 251, 168, 21.166666, 11, MSpppapp, 1758, 0, 0, 0, , 0, 0, 0, 0, 0, 
724, 1, 608, 724, -1, 188, 242, 23.0, 16, MSpapppap, 3767, 0, 0, 0, , 0, 0, 0, 0, 0, 
725, 1, 723, 728, -1, 273, 190, 16.0, 13, ABprpappaaa, 0, 0, 0, 0, , 0, 0, 0, 0, 0, 
726, 1, 724, 729, -1, 243, 174, 18.0, 11, ABprpaappppp, 0, 0, 0, 0, , 0, 0, 0, 0, 0, 
727, 1, 725, 730, -1, 301, 195, 32.0, 13, ABpraapaapa, 0, 0, 0, 0, , 0, 0, 0, 0, 0, 
728, 1, 726, 731, -1, 230, 210, 30.75, 15, ABpraaapppaa, 0, 0, 0, 0, , 0, 0, 0, 0, 0, 
729, 1, 727, 732, -1, 293, 210, 33.0, 13, ABpraaapapa, 0, 0, 0, 0, , 0, 0, 0, 0, 0, 
730, 1, 728, 733, -1, 253, 222, 31.285715, 13, ABpraaaapppp, 0, 0, 0, 0, , 0, 0, 0, 0, 0, 
731, 1, 729, 734, -1, 241, 180, 28.5, 13, ABpraaaapav, 0, 0, 0, 0, , 0, 0, 0, 0, 0, 
732, 1, 62, 735, -1, 121, 214, 13.142858, 13, ABplppppppp, 1118, 0, 0, 0, , 0, 0, 0, 0, 0, 
733, 1, 730, 736, -1, 200, 253, 18.428572, 13, ABplppappap, 4212, 0, 0, 0, , 0, 0, 0, 0, 0, 
734, 1, 731, 737, -1, 226, 214, 14.571428, 13, ABplpapappa, 0, 0, 0, 0, , 0, 0, 0, 0, 0, 
735, 1, 732, 738, -1, 255, 216, 14.571428, 13, ABplpapaapa, 0, 0, 0, 0, , 0, 0, 0, 0, 0, 
736, 1, 733, 739, -1, 280, 198, 13.0, 11, ABplpaappppa, 0, 0, 0, 0, , 0, 0, 0, 0, 0, 
737, 1, 734, 375, -1, 239, 210, 11.0, 15, ABalpapappp, 0, 0, 0, 0, , 0, 0, 0, 0, 0, 
738, 1, 735, 741, -1, 253, 289, 16.0, 15, ABplapaaapa, 0, 0, 0, 0, , 0, 0, 0, 0, 0, 
739, 1, 736, 742, -1, 252, 299, 17.0, 15, ABplapaaapp, 0, 0, 0, 0, , 0, 0, 0, 0, 0, 
740, 1, 737, 743, -1, 293, 303, 20.0, 11, ABplapaaaapa, 0, 0, 0, 0, , 0, 0, 0, 0, 0, 
741, 0, 740, -1, -1, 237, 261, 35.0, 15, , 0, 0, 0, 0, , 0, 0, 0, 0, 0, 
742, 1, 741, 700, -1, 317, 171, 30.8, 14, ABarpappap, 1785, 0, 0, 0, , 0, 0, 0, 0, 0, 
743, 1, 742, 746, -1, 324, 283, 32.285713, 15, ABarpaappa, 0, 0, 0, 0, , 0, 0, 0, 0, 0, 
744, 1, 743, 747, -1, 298, 169, 21.125, 13, ABprpaaapaa, 0, 0, 0, 0, , 0, 0, 0, 0, 0, 
745, 1, 744, 748, -1, 289, 173, 15.909091, 13, ABarappaapa, 0, 0, 0, 0, , 0, 0, 0, 0, 0, 
746, 1, 745, 749, -1, 261, 231, 23.0, 15, ABarapapppp, 0, 0, 0, 0, , 0, 0, 0, 0, 0, 
747, 1, 746, 750, -1, 232, 251, 21.0, 15, ABarapapppa, 0, 0, 0, 0, , 0, 0, 0, 0, 0, 
748, 1, 747, 751, -1, 252, 243, 26.0, 13, ABarapaappp, 0, 0, 0, 0, , 0, 0, 0, 0, 0, 
749, 1, 748, 752, -1, 252, 256, 28.0, 16, ABaraapppaa, 0, 0, 0, 0, , 0, 0, 0, 0, 0, 
750, 1, 749, 753, -1, 269, 177, 19.90909, 11, ABprpaappppa, 0, 0, 0, 0, , 0, 0, 0, 0, 0, 
751, 1, 750, 754, -1, 320, 221, 25.0, 11, ABaraaaapap, 0, 0, 0, 0, , 0, 0, 0, 0, 0, 
752, 1, 751, 755, -1, 299, 203, 24.0, 11, ABaraaaaapa, 0, 0, 0, 0, , 0, 0, 0, 0, 0, 
753, 1, 752, 756, -1, 312, 221, 19.0, 11, ABaraaaaaaa, 0, 0, 0, 0, , 0, 0, 0, 0, 0, 
754, 1, 753, 757, -1, 296, 283, 18.0, 13, ABalppppaav, 0, 0, 0, 0, , 0, 0, 0, 0, 0, 
755, 1, 754, 758, -1, 314, 270, 14.0, 10, ABalpppapppa, 1305, 0, 0, 0, , 0, 0, 0, 0, 0, 
756, 1, 755, 759, -1, 299, 205, 12.6, 15, ABalppaappp, 0, 0, 0, 0, , 0, 0, 0, 0, 0, 
757, 1, 504, 638, -1, 271, 249, 20.0, 12, ABalpappppp, 2988, 0, 0, 0, , 0, 0, 0, 0, 0, 
758, 1, 756, 760, -1, 312, 229, 21.0, 13, ABalpaapaap, 0, 0, 0, 0, , 0, 0, 0, 0, 0, 
759, 1, 757, 761, -1, 106, 328, 24.23077, 19, Eprap, 0, 0, 0, 0, , 0, 0, 0, 0, 0, 
760, 1, 758, 762, -1, 339, 230, 23.0, 15, ABalapappaaa, 0, 0, 0, 0, , 0, 0, 0, 0, 0, 
761, 1, 759, 763, -1, 336, 250, 22.857143, 13, ABalapappaap, 0, 0, 0, 0, , 0, 0, 0, 0, 0, 
762, 0, 760, -1, -1, 302, 189, 27.0, 13, , 0, 0, 0, 0, , 0, 0, 0, 0, 0, 
763, 1, 762, 765, -1, 325, 260, 13.555555, 15, ABalapaapap, 6695, 0, 0, 0, , 0, 0, 0, 0, 0, 
764, 0, 764, -1, -1, 157, 215, 17.0, 11, , 0, 0, 0, 0, , 0, 0, 0, 0, 0, 
765, 1, 714, 768, -1, 322, 227, 15.75, 11, ABalapaappaa, 0, 0, 0, 0, , 0, 0, 0, 0, 0, 
766, 1, 765, 769, -1, 314, 288, 24.6, 13, MSapappa, 4724, 0, 0, 0, , 0, 0, 0, 0, 0, 
767, 1, 766, 770, -1, 293, 264, 25.333334, 13, MSaaapaaa, 0, 0, 0, 0, , 0, 0, 0, 0, 0, 
768, 1, 767, 771, -1, 295, 206, 30.0, 13, ABalaappppp, 0, 0, 0, 0, , 0, 0, 0, 0, 0, 
769, 1, 768, 772, -1, 305, 215, 13.0, 11, ABplpaaappaa, 0, 0, 0, 0, , 0, 0, 0, 0, 0, 
770, 1, 769, 773, -1, 118, 304, 15.0, 17, Z3, 0, 0, 0, 0, , 0, 0, 0, 0, 0, 
771, 1, 771, 774, -1, 281, 248, 20.0, 13, ABalpaaappa, 0, 0, 0, 0, , 0, 0, 0, 0, 0, 
772, 0, 772, -1, -1, 267, 227, 12.375, 15, , 5548, 0, 0, 0, , 0, 0, 0, 0, 0, 
773, 1, 773, 776, -1, 260, 202, 10.375, 11, ABplpaappppp, 0, 0, 0, 0, , 0, 0, 0, 0, 0, 
774, 1, 774, 777, -1, 307, 255, 11.903226, 13, ABalppaaapa, 0, 0, 0, 0, , 0, 0, 0, 0, 0, 
775, 0, 775, -1, -1, 326, 207, 27.0, 13, , 0, 0, 0, 0, , 0, 0, 0, 0, 0, 
776, 1, 776, 779, -1, 327, 255, 34.2, 16, MSpppppa, 9351, 0, 0, 0, , 0, 0, 0, 0, 0, 
777, 1, 777, 781, -1, 355, 247, 28.0, 11, ABalapapapp, 0, 0, 0, 0, , 0, 0, 0, 0, 0, 
778, 1, 778, 782, -1, 201, 309, 34.0, 15, Caaaap, 0, 0, 0, 0, , 0, 0, 0, 0, 0, 
779, 1, 779, 783, -1, 139, 223, 16.0, 13, Caapaa, 0, 0, 0, 0, , 0, 0, 0, 0, 0, 
780, 1, 780, 784, -1, 98, 312, 33.0, 15, Caaapp, 0, 0, 0, 0, , 0, 0, 0, 0, 0, 
781, 1, 781, 785, -1, 147, 337, 33.333332, 15, Caaapa, 0, 0, 0, 0, , 0, 0, 0, 0, 0, 
782, 1, 782, 786, -1, 170, 356, 17.0, 15, Cpaapa, 0, 0, 0, 0, , 0, 0, 0, 0, 0, 
783, 1, 783, 787, -1, 307, 229, 34.0, 15, MSppaaap, 0, 0, 0, 0, , 0, 0, 0, 0, 0, 
784, 1, 784, 789, -1, 314, 277, 29.0, 15, MSpppaaa, 0, 0, 0, 0, , 0, 0, 0, 0, 0, 
785, 1, 785, 790, -1, 148, 309, 29.333334, 15, MSpppaap, 0, 0, 0, 0, , 0, 0, 0, 0, 0, 
786, 1, 786, 791, -1, 290, 181, 24.0, 13, ABpraaaaaap, 0, 0, 0, 0, , 0, 0, 0, 0, 0, 
787, 1, 787, 792, -1, 114, 266, 11.0, 13, ABplapppaaa, 0, 0, 0, 0, , 0, 0, 0, 0, 0, 
788, 1, 788, 793, -1, 262, 213, 9.0, 17, ABplaapppa, 0, 0, 0, 0, , 0, 0, 0, 0, 0, 
789, 1, 789, 794, -1, 232, 266, 35.0, 15, ABarpppapa, 0, 0, 0, 0, , 0, 0, 0, 0, 0, 
790, 1, 790, 795, -1, 198, 274, 31.5, 15, ABarppppap, 0, 0, 0, 0, , 0, 0, 0, 0, 0, 
791, 1, 791, 796, -1, 132, 319, 34.0, 15, ABarpppppa, 0, 0, 0, 0, , 0, 0, 0, 0, 0, 
792, 1, 792, 797, -1, 351, 265, 29.0, 15, ABarpaapap, 0, 0, 0, 0, , 0, 0, 0, 0, 0, 
793, 1, 793, 798, -1, 266, 196, 34.5, 15, ABarpapppp, 0, 0, 0, 0, , 0, 0, 0, 0, 0, 
794, 1, 794, 799, -1, 330, 211, 31.666666, 13, ABarpapaappa, 0, 0, 0, 0, , 0, 0, 0, 0, 0, 
795, 1, 795, 800, -1, 277, 291, 14.0, 11, ABalppppppaa, 0, 0, 0, 0, , 0, 0, 0, 0, 0, 
796, 1, 796, 801, -1, 200, 240, 14.0, 15, ABarappappa, 0, 0, 0, 0, , 0, 0, 0, 0, 0, 
797, 1, 797, 802, -1, 309, 287, 18.0, 11, ABalapapppa, 0, 0, 0, 0, , 0, 0, 0, 0, 0, 
798, 1, 798, 803, -1, 246, 186, 32.0, 11, ABalaapppaa, 0, 0, 0, 0, , 0, 0, 0, 0, 0, 
799, 1, 799, 804, -1, 268, 242, 35.0, 15, ABarpaappp, 0, 0, 0, 0, , 0, 0, 0, 0, 0, 
800, 1, 800, 805, -1, 275, 175, 23.0, 13, ABalaapappp, 0, 0, 0, 0, , 0, 0, 0, 0, 0, 
801, 1, 801, 806, -1, 284, 193, 30.0, 13, ABalaappppa, 0, 0, 0, 0, , 0, 0, 0, 0, 0, 
802, 1, 802, 807, -1, 295, 223, 33.0, 13, ABalaapaaar, 0, 0, 0, 0, , 0, 0, 0, 0, 0, 
803, 1, 803, 808, -1, 322, 258, 31.5, 15, ABalapppapa, 0, 0, 0, 0, , 0, 0, 0, 0, 0, 
804, 1, 804, 809, -1, 307, 204, 35.0, 15, ABalappappp, 0, 0, 0, 0, , 0, 0, 0, 0, 0, 
805, 1, 805, 810, -1, 266, 230, 32.0, 13, ABalappapaa, 0, 0, 0, 0, , 0, 0, 0, 0, 0, 
