1, 1, 1, 1, -1, 305, 212, 26.0, 9, ABaraaapaap, 1013, 0, 0, 0, , 0, 0, 0, 0, 0, 
2, 1, 2, 2, -1, 267, 251, 30.0, 15, ABaraaapapp, 4108, 0, 0, 0, , 0, 0, 0, 0, 0, 
3, 1, 3, 3, -1, 239, 246, 26.0, 13, ABaraappppp, 8227, 0, 0, 0, , 0, 0, 0, 0, 0, 
4, 1, 4, 4, -1, 254, 280, 18.0, 13, ABaraapappa, 6210, 0, 0, 0, , 0, 0, 0, 0, 0, 
5, 1, 5, 5, -1, 248, 264, 18.0, 13, ABaraapappp, 5699, 0, 0, 0, , 0, 0, 0, 0, 0, 
6, 1, 6, 6, -1, 265, 302, 21.0, 15, ABaraapapap, 8269, 0, 0, 0, , 0, 0, 0, 0, 0, 
7, 1, 7, 7, -1, 314, 219, 24.0, 15, ABaraapaaaa, 5909, 0, 0, 0, , 0, 0, 0, 0, 0, 
8, 1, 8, 8, -1, 312, 245, 24.0, 15, ABaraapaaap, 7673, 0, 0, 0, , 0, 0, 0, 0, 0, 
9, 1, 9, 9, -1, 287, 279, 25.0, 15, MSaaaaapp, 4452, 0, 0, 0, , 0, 0, 0, 0, 0, 
10, 1, 10, 10, -1, 310, 264, 24.0, 15, ABaraapaapa, 6235, 0, 0, 0, , 0, 0, 0, 0, 0, 
11, 1, 11, 11, -1, 332, 205, 24.0, 11, ABaraaappaa, 3377, 0, 0, 0, , 0, 0, 0, 0, 0, 
12, 1, 12, 12, -1, 325, 192, 26.0, 15, ABaraaapppa, 5196, 0, 0, 0, , 0, 0, 0, 0, 0, 
13, 1, 13, 13, -1, 329, 201, 30.0, 15, ABaraaapppp, 3035, 0, 0, 0, , 0, 0, 0, 0, 0, 
14, 1, 14, 14, -1, 315, 200, 26.0, 11, ABaraaapaaa, 3730, 0, 0, 0, , 0, 0, 0, 0, 0, 
15, 1, 15, 15, -1, 303, 236, 20.0, 11, ABaraaaaaap, 4014, 0, 0, 0, , 0, 0, 0, 0, 0, 
16, 1, 16, 16, -1, 294, 257, 23.0, 11, ABaraaaapp, 1493, 0, 0, 0, , 0, 0, 0, 0, 0, 
17, 1, 17, 17, -1, 218, 268, 21.0, 15, ABalpappapp, 5106, 0, 0, 0, , 0, 0, 0, 0, 0, 
18, 1, 18, 18, -1, 256, 221, 26.0, 11, ABarapapaap, 4237, 0, 0, 0, , 0, 0, 0, 0, 0, 
19, 1, 19, 19, -1, 257, 231, 27.0, 15, ABarapappaa, 6972, 0, 0, 0, , 0, 0, 0, 0, 0, 
20, 1, 20, 20, -1, 283, 176, 12.0, 11, ABalaapappa, 3559, 0, 0, 0, , 0, 0, 0, 0, 0, 
21, 1, 21, 21, -1, 286, 211, 21.0, 11, ABarapaaapp, 6156, 0, 0, 0, , 0, 0, 0, 0, 0, 
22, 1, 22, 22, -1, 279, 227, 27.0, 11, ABarapaapap, 6442, 0, 0, 0, , 0, 0, 0, 0, 0, 
23, 1, 23, 23, -1, 260, 193, 18.0, 11, ABarapppapa, 4445, 0, 0, 0, , 0, 0, 0, 0, 0, 
24, 1, 24, 24, -1, 280, 165, 16.0, 13, Nuc365_12_301_194, 5466, 0, 0, 0, , 0, 0, 0, 0, 0, 
25, 1, 25, 25, -1, 294, 162, 18.0, 13, Nuc365_14_294_182, 5231, 0, 0, 0, , 0, 0, 0, 0, 0, 
26, 1, 26, 26, -1, 282, 188, 27.0, 15, Nuc365_22_276_188, 4652, 0, 0, 0, , 0, 0, 0, 0, 0, 
27, 1, 27, 27, -1, 285, 175, 18.0, 15, ABarapppaap, 8534, 0, 0, 0, , 0, 0, 0, 0, 0, 
28, 1, 28, 28, -1, 256, 193, 30.0, 9, ABalaapppap, 1968, 0, 0, 0, , 0, 0, 0, 0, 0, 
29, 1, 29, 29, -1, 284, 182, 22.0, 13, ABarapppppp, 4698, 0, 0, 0, , 0, 0, 0, 0, 0, 
30, 1, 30, 30, -1, 295, 192, 25.0, 13, ABarappaaaa, 6576, 0, 0, 0, , 0, 0, 0, 0, 0, 
31, 1, 31, 31, -1, 257, 205, 20.0, 13, ABarappapaa, 6326, 0, 0, 0, , 0, 0, 0, 0, 0, 
32, 1, 32, 32, -1, 227, 196, 19.0, 11, ABprpapappa, 1605, 0, 0, 0, , 0, 0, 0, 0, 0, 
33, 1, 33, 33, -1, 289, 167, 32.0, 15, ABarpapppa, 2806, 0, 0, 0, , 0, 0, 0, 0, 0, 
34, 1, 34, 34, -1, 369, 219, 28.0, 13, ABarpaapaa, 2475, 0, 0, 0, , 0, 0, 0, 0, 0, 
35, 1, 35, 35, -1, 357, 226, 27.0, 11, ABarpaaaaar, 3293, 0, 0, 0, , 0, 0, 0, 0, 0, 
36, 1, 36, 36, -1, 345, 215, 25.0, 15, ABarpaaaapa, 3913, 0, 0, 0, , 0, 0, 0, 0, 0, 
37, 1, 37, 37, -1, 366, 197, 28.0, 11, ABarpaaapp, 3533, 0, 0, 0, , 0, 0, 0, 0, 0, 
38, 1, 38, 38, -1, 340, 225, 27.0, 13, ABarpaaapaa, 3534, 0, 0, 0, , 0, 0, 0, 0, 0, 
39, 1, 39, 39, -1, 343, 204, 32.0, 15, ABarpaaapap, 3933, 0, 0, 0, , 0, 0, 0, 0, 0, 
40, 1, 40, 40, -1, 245, 317, 18.0, 17, ABarppaapp, 16700, 0, 0, 0, , 0, 0, 0, 0, 0, 
41, 1, 41, 41, -1, 146, 346, 13.0, 17, ABarppappa, 6678, 0, 0, 0, , 0, 0, 0, 0, 0, 
42, 1, 42, 42, -1, 227, 323, 13.0, 17, ABarppapap, 6848, 0, 0, 0, , 0, 0, 0, 0, 0, 
43, 1, 43, 43, -1, 330, 241, 27.0, 13, ABalapppaap, 2548, 0, 0, 0, , 0, 0, 0, 0, 0, 
44, 1, 44, 44, -1, 330, 271, 27.0, 17, Nuc371_30_331_250, 3331, 0, 0, 0, , 0, 0, 0, 0, 0, 
45, 1, 45, 45, -1, 357, 250, 29.0, 15, ABarpapapp, 7409, 0, 0, 0, , 0, 0, 0, 0, 0, 
46, 1, 47, 46, -1, 294, 168, 26.0, 11, ABalaappaa, 4072, 0, 0, 0, , 0, 0, 0, 0, 0, 
47, 1, 48, 47, -1, 273, 200, 29.0, 13, ABarappppaa, 5468, 0, 0, 0, , 0, 0, 0, 0, 0, 
48, 1, 49, 48, -1, 242, 177, 33.0, 11, ABalaapppaa, 517, 0, 0, 0, , 0, 0, 0, 0, 0, 
49, 1, 50, 49, -1, 310, 211, 29.0, 11, ABalaaaarrp, 3289, 0, 0, 0, , 0, 0, 0, 0, 0, 
50, 1, 51, 50, -1, 303, 167, 24.0, 13, ABalaapaapp, 5530, 0, 0, 0, , 0, 0, 0, 0, 0, 
51, 1, 52, 51, -1, 318, 172, 24.0, 13, ABalaaaarra, 3424, 0, 0, 0, , 0, 0, 0, 0, 0, 
52, 1, 53, 52, -1, 329, 239, 20.0, 13, ABalaaaarlp, 4730, 0, 0, 0, , 0, 0, 0, 0, 0, 
53, 1, 54, 53, -1, 329, 224, 12.0, 15, ABalaaaalpp, 5098, 0, 0, 0, , 0, 0, 0, 0, 0, 
54, 1, 55, 54, -1, 347, 203, 29.0, 15, ABpraapaaap, 5108, 0, 0, 0, , 0, 0, 0, 0, 0, 
55, 1, 731, 55, -1, 297, 215, 33.0, 13, ABpraaapapa, 2933, 0, 0, 0, , 0, 0, 0, 0, 0, 
56, 1, 57, 56, -1, 310, 163, 27.0, 11, ABpraaaaapv, 3660, 0, 0, 0, , 0, 0, 0, 0, 0, 
57, 1, 58, 57, -1, 332, 271, 30.0, 14, ABalappaapa, 5129, 0, 0, 0, , 0, 0, 0, 0, 0, 
58, 1, 59, 58, -1, 153, 231, 17.0, 13, ABplppppapp, 4523, 0, 0, 0, , 0, 0, 0, 0, 0, 
59, 1, 60, 59, -1, 134, 255, 17.0, 11, ABplppppaaa, 3504, 0, 0, 0, , 0, 0, 0, 0, 0, 
60, 1, 61, 60, -1, 123, 244, 17.0, 13, ABplppppaap, 3798, 0, 0, 0, , 0, 0, 0, 0, 0, 
61, 1, 62, 61, -1, 119, 224, 12.0, 15, Nuc386_12_117_225, 7971, 0, 0, 0, , 0, 0, 0, 0, 0, 
62, 1, 63, 62, -1, 130, 218, 16.0, 13, ABplppppppa, 4612, 0, 0, 0, , 0, 0, 0, 0, 0, 
63, 1, 64, 63, -1, 99, 253, 14.0, 15, ABplpppppap, 8344, 0, 0, 0, , 0, 0, 0, 0, 0, 
64, 1, 65, 64, -1, 119, 269, 16.0, 15, ABplpppppaa, 5478, 0, 0, 0, , 0, 0, 0, 0, 0, 
65, 1, 66, 65, -1, 145, 237, 12.0, 15, ABplpppapaa, 4142, 0, 0, 0, , 0, 0, 0, 0, 0, 
66, 1, 67, 66, -1, 135, 252, 13.0, 11, ABplpppaapp, 3726, 0, 0, 0, , 0, 0, 0, 0, 0, 
67, 1, 68, 67, -1, 159, 253, 18.0, 13, ABplpppaaaa, 5091, 0, 0, 0, , 0, 0, 0, 0, 0, 
68, 1, 69, 68, -1, 135, 288, 16.0, 13, ABplpppaaap, 5375, 0, 0, 0, , 0, 0, 0, 0, 0, 
69, 1, 70, 69, -1, 132, 278, 18.0, 15, ABplppapppp, 3337, 0, 0, 0, , 0, 0, 0, 0, 0, 
70, 1, 71, 70, -1, 177, 279, 18.0, 15, ABplppapppa, 3598, 0, 0, 0, , 0, 0, 0, 0, 0, 
71, 1, 159, 71, -1, 206, 264, 19.0, 11, ABprppapaap, 2608, 0, 0, 0, , 0, 0, 0, 0, 0, 
72, 1, 73, 72, -1, 207, 242, 16.0, 13, ABplppappaa, 3506, 0, 0, 0, , 0, 0, 0, 0, 0, 
73, 1, 74, 73, -1, 192, 270, 16.0, 13, ABplppapapa, 4016, 0, 0, 0, , 0, 0, 0, 0, 0, 
74, 1, 75, 74, -1, 173, 294, 17.0, 13, ABplppapapp, 5236, 0, 0, 0, , 0, 0, 0, 0, 0, 
75, 1, 76, 75, -1, 157, 300, 18.0, 13, ABprppapppa, 3041, 0, 0, 0, , 0, 0, 0, 0, 0, 
76, 1, 77, 76, -1, 140, 292, 19.0, 15, ABplppaappp, 4719, 0, 0, 0, , 0, 0, 0, 0, 0, 
77, 0, 78, -1, -1, 274, 190, 16.0, 13, , 3961, 0, 0, 0, , 0, 0, 0, 0, 0, 
78, 1, 79, 78, -1, 202, 280, 19.0, 13, MSaappap, 3112, 0, 0, 0, , 0, 0, 0, 0, 0, 
79, 1, 80, 79, -1, 127, 230, 19.0, 13, ABplpappppp, 3456, 0, 0, 0, , 0, 0, 0, 0, 0, 
80, 1, 81, 80, -1, 128, 253, 21.0, 13, ABplpappppa, 3659, 0, 0, 0, , 0, 0, 0, 0, 0, 
81, 1, 82, 81, -1, 140, 240, 17.0, 13, ABplpapppaa, 3147, 0, 0, 0, , 0, 0, 0, 0, 0, 
82, 1, 83, 82, -1, 141, 233, 22.0, 13, ABplpapppap, 3524, 0, 0, 0, , 0, 0, 0, 0, 0, 
83, 1, 84, 83, -1, 222, 214, 12.0, 15, ABplapaapa, 9880, 0, 0, 0, , 0, 0, 0, 0, 0, 
84, 1, 85, 84, -1, 236, 241, 16.0, 13, ABplpapapap, 4009, 0, 0, 0, , 0, 0, 0, 0, 0, 
85, 1, 86, 85, -1, 224, 249, 16.0, 15, ABplpapapaa, 4025, 0, 0, 0, , 0, 0, 0, 0, 0, 
86, 1, 87, 86, 87, 239, 226, 17.0, 13, Nuc365_12_254_241, 5969, 0, 0, 0, , 0, 0, 0, 0, 0, 
87, 1, 88, 88, -1, 258, 225, 16.0, 11, ABplpapaaaa, 3858, 0, 0, 0, , 0, 0, 0, 0, 0, 
88, 1, 89, 89, -1, 211, 249, 19.0, 15, ABplppapaap, 9666, 0, 0, 0, , 0, 0, 0, 0, 0, 
89, 1, 90, 90, -1, 301, 242, 12.0, 13, ABplpaaaaaa, 5706, 0, 0, 0, , 0, 0, 0, 0, 0, 
90, 1, 91, 91, -1, 283, 192, 11.0, 13, ABplpaapapp, 7974, 0, 0, 0, , 0, 0, 0, 0, 0, 
91, 1, 92, 92, -1, 260, 274, 14.0, 13, ABplpaappap, 4726, 0, 0, 0, , 0, 0, 0, 0, 0, 
92, 1, 93, 93, -1, 261, 258, 13.0, 15, ABplpaappaa, 3739, 0, 0, 0, , 0, 0, 0, 0, 0, 
93, 1, 94, 94, -1, 268, 282, 11.0, 13, ABplpaapaap, 6218, 0, 0, 0, , 0, 0, 0, 0, 0, 
94, 0, 95, -1, -1, 296, 282, 17.0, 13, , 4525, 0, 0, 0, , 0, 0, 0, 0, 0, 
95, 1, 96, 96, -1, 350, 245, 15.0, 15, ABplpaapapa, 7313, 0, 0, 0, , 0, 0, 0, 0, 0, 
96, 1, 97, 97, -1, 359, 207, 24.0, 13, ABplaapaaaa, 4325, 0, 0, 0, , 0, 0, 0, 0, 0, 
97, 1, 98, 98, -1, 358, 212, 21.0, 15, ABplaapaaap, 7925, 0, 0, 0, , 0, 0, 0, 0, 0, 
98, 1, 99, 99, -1, 337, 239, 16.0, 15, ABplaapaapa, 5068, 0, 0, 0, , 0, 0, 0, 0, 0, 
99, 1, 100, 100, -1, 311, 286, 18.0, 13, Nuc377_18_321_290, 3167, 0, 0, 0, , 0, 0, 0, 0, 0, 
100, 1, 101, 101, -1, 286, 295, 16.0, 11, ABplaapapppp, 2834, 0, 0, 0, , 0, 0, 0, 0, 0, 
101, 1, 102, 102, -1, 272, 285, 16.0, 13, ABplaapapap, 4906, 0, 0, 0, , 0, 0, 0, 0, 0, 
102, 1, 103, 103, -1, 262, 270, 15.0, 15, ABplaapapaa, 4071, 0, 0, 0, , 0, 0, 0, 0, 0, 
103, 0, 104, -1, -1, 329, 267, 26.0, 11, , 1124, 0, 0, 0, , 0, 0, 0, 0, 0, 
104, 1, 105, 105, -1, 367, 238, 27.0, 13, ABplaaaapp, 3315, 0, 0, 0, , 0, 0, 0, 0, 0, 
105, 1, 106, 106, -1, 337, 241, 11.0, 15, ABplaaappa, 6728, 0, 0, 0, , 0, 0, 0, 0, 0, 
106, 0, 107, -1, -1, 332, 252, 19.0, 14, , 322, 0, 0, 0, , 0, 0, 0, 0, 0, 
107, 0, 108, -1, -1, 332, 276, 14.0, 11, , 925, 0, 0, 0, , 0, 0, 0, 0, 0, 
108, 1, 109, 109, -1, 342, 254, 19.0, 11, ABplaaappp, 1501, 0, 0, 0, , 0, 0, 0, 0, 0, 
109, 1, 110, 110, -1, 337, 197, 16.0, 15, ABplaaapaa, 6906, 0, 0, 0, , 0, 0, 0, 0, 0, 
110, 1, 111, 111, -1, 170, 230, 16.0, 15, ABplappppa, 6344, 0, 0, 0, , 0, 0, 0, 0, 0, 
111, 1, 112, 112, -1, 112, 231, 11.0, 11, ABplappppp, 2098, 0, 0, 0, , 0, 0, 0, 0, 0, 
112, 1, 113, 113, -1, 120, 260, 13.0, 15, ABplpppaapa, 8244, 0, 0, 0, , 0, 0, 0, 0, 0, 
113, 1, 114, 114, -1, 85, 266, 10.0, 13, Cpappd, 3441, 0, 0, 0, , 0, 0, 0, 0, 0, 
114, 1, 115, 115, -1, 138, 324, 11.0, 19, ABplappapp, 9712, 0, 0, 0, , 0, 0, 0, 0, 0, 
115, 1, 116, 116, -1, 184, 336, 13.0, 17, ABplappapa, 9306, 0, 0, 0, , 0, 0, 0, 0, 0, 
116, 1, 117, 117, -1, 224, 298, 11.0, 15, ABplapaapp, 9694, 0, 0, 0, , 0, 0, 0, 0, 0, 
117, 1, 118, 118, -1, 315, 290, 23.0, 17, ABarppaaaa, 3889, 0, 0, 0, , 0, 0, 0, 0, 0, 
118, 1, 119, -1, -1, 248, 301, 17.0, 11, ABplapaaapp, 2334, 0, 0, 0, , 0, 0, 0, 0, 0, 
119, 1, 120, 119, -1, 118, 298, 10.0, 15, ABplapapap, 6561, 0, 0, 0, , 0, 0, 0, 0, 0, 
120, 1, 121, 120, -1, 121, 277, 11.0, 13, ABplapappa, 5685, 0, 0, 0, , 0, 0, 0, 0, 0, 
121, 1, 122, 121, -1, 104, 320, 11.0, 19, ABplapapaa, 18771, 0, 0, 0, , 0, 0, 0, 0, 0, 
122, 1, 123, 122, -1, 235, 206, 19.0, 11, ABprpapaaap, 2768, 0, 0, 0, , 0, 0, 0, 0, 0, 
123, 1, 124, 123, -1, 151, 259, 17.0, 11, ABprpapappp, 2198, 0, 0, 0, , 0, 0, 0, 0, 0, 
124, 1, 125, 124, -1, 212, 217, 22.0, 13, ABprpapapaa, 4902, 0, 0, 0, , 0, 0, 0, 0, 0, 
125, 1, 126, 125, -1, 95, 273, 17.0, 19, Eplppp, 23318, 0, 0, 0, , 0, 0, 0, 0, 0, 
126, 1, 127, 126, -1, 109, 235, 22.0, 13, ABprpappppa, 3616, 0, 0, 0, , 0, 0, 0, 0, 0, 
127, 1, 128, 127, -1, 191, 247, 15.0, 13, Nuc367_14_177_266, 1605, 0, 0, 0, , 0, 0, 0, 0, 0, 
128, 1, 129, 128, -1, 248, 220, 20.0, 13, ABprpappaap, 2475, 0, 0, 0, , 0, 0, 0, 0, 0, 
129, 1, 130, 129, -1, 299, 198, 20.0, 13, ABarapapapa, 4616, 0, 0, 0, , 0, 0, 0, 0, 0, 
130, 1, 131, 130, -1, 229, 185, 29.0, 13, ABprpaaaaap, 4259, 0, 0, 0, , 0, 0, 0, 0, 0, 
131, 1, 132, 131, -1, 242, 205, 29.0, 11, ABpraaappap, 3231, 0, 0, 0, , 0, 0, 0, 0, 0, 
132, 1, 133, 132, -1, 189, 254, 17.0, 13, ABprpaaaapp, 6000, 0, 0, 0, , 0, 0, 0, 0, 0, 
133, 1, 134, 133, -1, 231, 196, 15.0, 15, ABprpaaaapa, 5672, 0, 0, 0, , 0, 0, 0, 0, 0, 
134, 1, 135, 134, -1, 266, 184, 28.0, 13, ABprpaaaaaa, 4994, 0, 0, 0, , 0, 0, 0, 0, 0, 
135, 1, 136, 135, -1, 251, 185, 19.0, 13, ABprpapaapp, 4030, 0, 0, 0, , 0, 0, 0, 0, 0, 
136, 1, 137, 136, -1, 247, 195, 20.0, 11, ABprpapaapa, 2930, 0, 0, 0, , 0, 0, 0, 0, 0, 
137, 1, 138, 137, -1, 267, 173, 24.0, 13, ABprpaaappp, 4468, 0, 0, 0, , 0, 0, 0, 0, 0, 
138, 1, 139, 138, -1, 283, 162, 22.0, 15, ABprpaaapap, 3783, 0, 0, 0, , 0, 0, 0, 0, 0, 
139, 1, 140, 139, -1, 221, 210, 32.0, 13, ABprpaapaap, 4661, 0, 0, 0, , 0, 0, 0, 0, 0, 
140, 1, 141, 140, -1, 316, 187, 33.0, 13, ABprpaapapa, 7403, 0, 0, 0, , 0, 0, 0, 0, 0, 
141, 1, 142, 568, -1, 220, 215, 29.0, 13, ABprpaappap, 3489, 0, 0, 0, , 0, 0, 0, 0, 0, 
142, 1, 143, 142, -1, 229, 201, 28.0, 11, ABprpaappaa, 3249, 0, 0, 0, , 0, 0, 0, 0, 0, 
143, 1, 144, 143, -1, 127, 242, 26.0, 15, ABprpppaapa, 7858, 0, 0, 0, , 0, 0, 0, 0, 0, 
144, 1, 145, 144, -1, 132, 273, 21.0, 13, ABprpppaaap, 6058, 0, 0, 0, , 0, 0, 0, 0, 0, 
145, 1, 146, 145, -1, 154, 260, 22.0, 15, ABprpppaaaa, 4886, 0, 0, 0, , 0, 0, 0, 0, 0, 
146, 1, 147, 146, -1, 152, 220, 27.0, 15, ABprpppapaa, 4695, 0, 0, 0, , 0, 0, 0, 0, 0, 
147, 1, 148, 147, -1, 162, 231, 23.0, 15, ABprppppapa, 4000, 0, 0, 0, , 0, 0, 0, 0, 0, 
148, 1, 149, 148, -1, 153, 223, 20.0, 13, ABprppppapp, 5654, 0, 0, 0, , 0, 0, 0, 0, 0, 
149, 1, 150, 149, -1, 139, 245, 24.0, 13, ABprppppaaa, 4689, 0, 0, 0, , 0, 0, 0, 0, 0, 
150, 1, 151, 150, -1, 124, 238, 22.0, 13, ABprppppaap, 4005, 0, 0, 0, , 0, 0, 0, 0, 0, 
151, 1, 152, 151, -1, 125, 277, 26.0, 17, ABprpppppaa, 5989, 0, 0, 0, , 0, 0, 0, 0, 0, 
152, 1, 153, 152, -1, 123, 261, 24.0, 13, ABprpppppap, 3492, 0, 0, 0, , 0, 0, 0, 0, 0, 
153, 1, 154, 153, -1, 214, 193, 28.0, 15, ABprppaapap, 3843, 0, 0, 0, , 0, 0, 0, 0, 0, 
154, 1, 155, 154, -1, 207, 212, 17.0, 13, ABprppaappa, 5015, 0, 0, 0, , 0, 0, 0, 0, 0, 
155, 1, 156, 155, -1, 146, 272, 18.0, 11, ABprppaappp, 3499, 0, 0, 0, , 0, 0, 0, 0, 0, 
156, 1, 157, 156, -1, 207, 201, 30.0, 13, ABprppaaaapa, 2857, 0, 0, 0, , 0, 0, 0, 0, 0, 
157, 1, 158, 157, -1, 195, 213, 19.0, 17, ABprppapaaa, 4848, 0, 0, 0, , 0, 0, 0, 0, 0, 
158, 0, 159, -1, -1, 204, 253, 18.0, 15, , 3096, 0, 0, 0, , 0, 0, 0, 0, 0, 
159, 1, 160, 159, -1, 191, 264, 19.0, 13, ABprppappap, 2159, 0, 0, 0, , 0, 0, 0, 0, 0, 
160, 1, 161, 160, -1, 186, 272, 22.0, 13, ABprppapapa, 3240, 0, 0, 0, , 0, 0, 0, 0, 0, 
161, 1, 162, 161, -1, 152, 302, 22.0, 13, ABprppapapp, 3479, 0, 0, 0, , 0, 0, 0, 0, 0, 
162, 1, 163, 162, -1, 139, 264, 19.0, 13, ABprppapppp, 3047, 0, 0, 0, , 0, 0, 0, 0, 0, 
163, 1, 164, 163, -1, 192, 246, 23.0, 13, MSpapppap, 2372, 0, 0, 0, , 0, 0, 0, 0, 0, 
164, 1, 165, 164, -1, 354, 200, 26.0, 19, ABpraapaaaa, 4179, 0, 0, 0, , 0, 0, 0, 0, 0, 
165, 1, 166, 165, -1, 332, 216, 32.0, 13, ABarpapaaapp, 3236, 0, 0, 0, , 0, 0, 0, 0, 0, 
166, 1, 166, 166, -1, 333, 218, 34.0, 15, ABarpapaaapa, 3688, 0, 0, 0, , 0, 0, 0, 0, 0, 
167, 1, -1, 167, -1, 282, 206, 36.0, 11, Nuc388_36_282_206, 1343, 0, 0, 0, , 0, 0, 0, 0, 0, 
168, 1, 168, 168, -1, 239, 228, 29.0, 13, ABpraapapap, 4631, 0, 0, 0, , 0, 0, 0, 0, 0, 
169, 1, 169, 169, -1, 230, 221, 27.0, 15, ABpraapapaa, 4688, 0, 0, 0, , 0, 0, 0, 0, 0, 
170, 0, 170, -1, -1, 246, 163, 31.0, 9, , 876, 0, 0, 0, , 0, 0, 0, 0, 0, 
171, 1, 171, 171, -1, 242, 219, 26.0, 15, ABpraapappa, 3827, 0, 0, 0, , 0, 0, 0, 0, 0, 
172, 0, 172, -1, -1, 201, 228, 31.0, 11, , 1565, 0, 0, 0, , 0, 0, 0, 0, 0, 
173, 1, 173, 173, -1, 315, 167, 20.0, 13, ABpraappaa, 4926, 0, 0, 0, , 0, 0, 0, 0, 0, 
174, 1, 174, -1, -1, 254, 193, 25.0, 13, MSppapap, 3899, 0, 0, 0, , 0, 0, 0, 0, 0, 
175, 1, 175, 175, -1, 231, 228, 35.0, 11, ABpraaapppap, 1747, 0, 0, 0, , 0, 0, 0, 0, 0, 
176, 1, 176, 176, -1, 248, 175, 28.0, 13, ABpraaaaaaa, 3891, 0, 0, 0, , 0, 0, 0, 0, 0, 
177, 1, 177, 177, -1, 259, 175, 31.0, 11, ABalaappapa, 765, 0, 0, 0, , 0, 0, 0, 0, 0, 
178, 1, 178, 178, -1, 124, 301, 33.0, 15, ABprappapp, 9476, 0, 0, 0, , 0, 0, 0, 0, 0, 
179, 1, 179, 179, -1, 164, 307, 35.0, 15, ABprappapa, 4284, 0, 0, 0, , 0, 0, 0, 0, 0, 
180, 1, 180, 180, -1, 154, 293, 32.0, 17, ABprappaap, 7199, 0, 0, 0, , 0, 0, 0, 0, 0, 
181, 1, 181, 181, -1, 181, 270, 30.0, 19, ABprappaaa, 10147, 0, 0, 0, , 0, 0, 0, 0, 0, 
182, 1, 182, 182, -1, 131, 240, 30.0, 13, ABprapppaaa, 2946, 0, 0, 0, , 0, 0, 0, 0, 0, 
183, 1, 183, 183, -1, 136, 220, 29.0, 13, ABprapppappa, 2489, 0, 0, 0, , 0, 0, 0, 0, 0, 
184, 1, 184, 184, -1, 104, 217, 23.0, 13, ABprapappppp, 2946, 0, 0, 0, , 0, 0, 0, 0, 0, 
185, 1, 185, 185, -1, 122, 214, 25.0, 17, ABprappppp, 9482, 0, 0, 0, , 0, 0, 0, 0, 0, 
186, 1, 187, 186, -1, 218, 235, 30.0, 15, ABprapaaapa, 4951, 0, 0, 0, , 0, 0, 0, 0, 0, 
187, 1, 188, 187, -1, 211, 252, 33.0, 13, Nuc382_31_214_246, 3546, 0, 0, 0, , 0, 0, 0, 0, 0, 
188, 1, 189, 188, -1, 217, 252, 29.0, 15, ABprapaaapp, 5991, 0, 0, 0, , 0, 0, 0, 0, 0, 
189, 1, 190, 189, -1, 193, 250, 30.0, 17, ABprapaapp, 8124, 0, 0, 0, , 0, 0, 0, 0, 0, 
190, 1, 191, 190, -1, 208, 195, 19.0, 13, ABprapaapa, 6849, 0, 0, 0, , 0, 0, 0, 0, 0, 
191, 1, 192, 191, -1, 139, 254, 30.0, 15, ABprapappa, 7658, 0, 0, 0, , 0, 0, 0, 0, 0, 
192, 1, 193, 192, -1, 121, 275, 32.0, 15, ABprapapap, 7592, 0, 0, 0, , 0, 0, 0, 0, 0, 
193, 1, 194, 193, -1, 102, 285, 32.0, 14, ABprapapaa, 3064, 0, 0, 0, , 0, 0, 0, 0, 0, 
194, 1, 195, 194, -1, 289, 268, 34.0, 19, MSppppap, 10778, 0, 0, 0, , 0, 0, 0, 0, 0, 
195, 1, 196, 195, -1, 310, 278, 31.0, 13, MSpppaaa, 3209, 0, 0, 0, , 0, 0, 0, 0, 0, 
196, 1, 197, 196, -1, 157, 291, 30.0, 15, Cppaapa, 7385, 0, 0, 0, , 0, 0, 0, 0, 0, 
197, 1, 198, 197, -1, 243, 203, 22.0, 15, ABprpapaaaa, 3246, 0, 0, 0, , 0, 0, 0, 0, 0, 
198, 1, 199, 198, -1, 120, 273, 22.0, 13, MSppaapp, 2980, 0, 0, 0, , 0, 0, 0, 0, 0, 
199, 1, 200, 199, -1, 257, 210, 29.0, 9, ABpraaapaad, 589, 0, 0, 0, , 0, 0, 0, 0, 0, 
200, 1, 201, 200, -1, 279, 211, 28.0, 9, MSppaaaad, 606, 0, 0, 0, , 0, 0, 0, 0, 0, 
201, 1, 202, 201, -1, 269, 215, 26.0, 13, Nuc361_23_260_214, 4032, 0, 0, 0, , 0, 0, 0, 0, 0, 
202, 1, 203, 202, -1, 212, 298, 27.0, 13, MSpapappp, 3528, 0, 0, 0, , 0, 0, 0, 0, 0, 
203, 1, 204, 203, -1, 212, 271, 24.0, 13, MSpapapaa, 3232, 0, 0, 0, , 0, 0, 0, 0, 0, 
204, 1, 205, 204, -1, 226, 245, 25.0, 13, MSpapaaap, 3310, 0, 0, 0, , 0, 0, 0, 0, 0, 
205, 1, 206, 205, -1, 162, 302, 14.0, 15, MSpappaa, 5297, 0, 0, 0, , 0, 0, 0, 0, 0, 
206, 1, 207, 206, -1, 177, 261, 24.0, 13, MSpappppa, 5549, 0, 0, 0, , 0, 0, 0, 0, 0, 
207, 1, 208, 207, -1, 171, 278, 24.0, 13, MSpappppp, 2123, 0, 0, 0, , 0, 0, 0, 0, 0, 
208, 1, 209, 208, -1, 260, 315, 28.0, 15, MSpaaappp, 3732, 0, 0, 0, , 0, 0, 0, 0, 0, 
209, 1, 210, 209, -1, 257, 307, 24.0, 15, MSpaaapaa, 5130, 0, 0, 0, , 0, 0, 0, 0, 0, 
210, 1, 211, 210, -1, 280, 271, 30.0, 13, MSpaaaapp, 4397, 0, 0, 0, , 0, 0, 0, 0, 0, 
211, 1, 212, 211, -1, 290, 285, 29.0, 15, MSpaaaaaa, 5251, 0, 0, 0, , 0, 0, 0, 0, 0, 
212, 1, 213, 212, -1, 262, 278, 30.0, 17, ABaraappapp, 6707, 0, 0, 0, , 0, 0, 0, 0, 0, 
213, 1, 214, 213, -1, 236, 255, 28.0, 13, ABaraappppa, 4306, 0, 0, 0, , 0, 0, 0, 0, 0, 
214, 1, 215, 214, -1, 251, 270, 32.0, 15, ABaraapppap, 5887, 0, 0, 0, , 0, 0, 0, 0, 0, 
215, 1, 216, 215, -1, 255, 302, 28.0, 11, MSpaapaap, 2389, 0, 0, 0, , 0, 0, 0, 0, 0, 
216, 1, 217, 216, -1, 280, 296, 30.0, 15, MSpaaappa, 4040, 0, 0, 0, , 0, 0, 0, 0, 0, 
217, 1, -1, 217, -1, 241, 298, 31.0, 14, Nuc388_31_241_298, 1416, 0, 0, 0, , 0, 0, 0, 0, 0, 
218, 1, 219, 724, -1, 290, 306, 22.0, 13, MSapppap, 2344, 0, 0, 0, , 0, 0, 0, 0, 0, 
219, 1, 220, 219, -1, 324, 259, 34.0, 17, Nuc374_30_325_260, 8663, 0, 0, 0, , 0, 0, 0, 0, 0, 
220, 1, 221, 220, -1, 306, 293, 28.0, 13, MSappaaa, 3726, 0, 0, 0, , 0, 0, 0, 0, 0, 
221, 1, 222, 221, -1, 279, 299, 22.0, 13, ABaraapaapp, 5290, 0, 0, 0, , 0, 0, 0, 0, 0, 
222, 1, 223, 222, -1, 351, 269, 30.0, 13, Nuc359_33_337_234, 1433, 0, 0, 0, , 0, 0, 0, 0, 0, 
223, 1, 224, 223, -1, 121, 291, 21.0, 15, MSapaapp, 4884, 0, 0, 0, , 0, 0, 0, 0, 0, 
224, 1, 225, 224, -1, 313, 251, 19.0, 13, MSapaaaa, 2278, 0, 0, 0, , 0, 0, 0, 0, 0, 
225, 1, 226, 225, -1, 264, 288, 26.0, 15, Nuc360_29_260_263, 3140, 0, 0, 0, , 0, 0, 0, 0, 0, 
226, 1, 227, 226, -1, 325, 260, 23.0, 13, MSaaaaaal, 3774, 0, 0, 0, , 0, 0, 0, 0, 0, 
227, 1, 228, 227, -1, 272, 310, 28.0, 13, MSaaaapaa, 3437, 0, 0, 0, , 0, 0, 0, 0, 0, 
228, 1, 229, 228, -1, 284, 301, 27.0, 13, MSaaaapap, 4537, 0, 0, 0, , 0, 0, 0, 0, 0, 
229, 1, 230, 229, -1, 245, 314, 26.0, 11, MSaaaappa, 2061, 0, 0, 0, , 0, 0, 0, 0, 0, 
230, 1, 231, 230, -1, 240, 316, 28.0, 13, MSpaaapap, 4573, 0, 0, 0, , 0, 0, 0, 0, 0, 
231, 1, 232, 231, -1, 245, 315, 22.0, 13, MSaaapapa, 3269, 0, 0, 0, , 0, 0, 0, 0, 0, 
232, 1, 233, 232, -1, 222, 290, 23.0, 13, MSaaapapp, 1908, 0, 0, 0, , 0, 0, 0, 0, 0, 
233, 1, 234, 233, -1, 218, 328, 23.0, 13, MSaaappa, 1983, 0, 0, 0, , 0, 0, 0, 0, 0, 
234, 1, 235, 234, -1, 230, 333, 27.0, 13, MSaaappp, 3835, 0, 0, 0, , 0, 0, 0, 0, 0, 
235, 1, 236, 235, -1, 197, 279, 13.0, 13, MSaappppa, 2507, 0, 0, 0, , 0, 0, 0, 0, 0, 
236, 1, 237, 236, -1, 181, 294, 14.0, 13, MSaappppp, 2804, 0, 0, 0, , 0, 0, 0, 0, 0, 
237, 1, 238, 237, -1, 233, 261, 17.0, 13, MSaapaaap, 3550, 0, 0, 0, , 0, 0, 0, 0, 0, 
238, 1, 239, 238, -1, 257, 258, 20.0, 11, MSaapaaaa, 3065, 0, 0, 0, , 0, 0, 0, 0, 0, 
239, 1, 240, 239, -1, 217, 298, 20.0, 13, MSaapappp, 3793, 0, 0, 0, , 0, 0, 0, 0, 0, 
240, 1, 241, 240, -1, 250, 297, 19.0, 11, MSaapappa, 1472, 0, 0, 0, , 0, 0, 0, 0, 0, 
241, 1, 242, 241, -1, 225, 279, 20.0, 11, MSaapapaa, 3043, 0, 0, 0, , 0, 0, 0, 0, 0, 
242, 1, 243, 242, -1, 235, 289, 21.0, 13, MSaapapap, 3884, 0, 0, 0, , 0, 0, 0, 0, 0, 
243, 1, 244, 243, -1, 71, 295, 14.0, 15, Cappapa, 6327, 0, 0, 0, , 0, 0, 0, 0, 0, 
244, 1, 245, 244, -1, 197, 356, 21.0, 17, Cappaaa, 5503, 0, 0, 0, , 0, 0, 0, 0, 0, 
245, 1, 246, 245, -1, 63, 281, 16.0, 17, Capppap, 13419, 0, 0, 0, , 0, 0, 0, 0, 0, 
246, 1, 247, 246, -1, 86, 349, 19.0, 17, Capppaa, 5340, 0, 0, 0, , 0, 0, 0, 0, 0, 
247, 1, 248, 247, -1, 87, 341, 16.0, 17, Capapap, 5559, 0, 0, 0, , 0, 0, 0, 0, 0, 
248, 1, 249, 248, -1, 146, 265, 14.0, 15, Capappp, 6344, 0, 0, 0, , 0, 0, 0, 0, 0, 
249, 1, 250, 249, -1, 133, 287, 12.0, 15, Capappa, 6989, 0, 0, 0, , 0, 0, 0, 0, 0, 
250, 1, 251, 250, -1, 189, 300, 12.0, 15, Capaaap, 5608, 0, 0, 0, , 0, 0, 0, 0, 0, 
251, 1, 252, 251, -1, 211, 280, 13.0, 13, Capaaaa, 6351, 0, 0, 0, , 0, 0, 0, 0, 0, 
252, 1, 253, 252, -1, 123, 210, 21.0, 15, Caappv, 4336, 0, 0, 0, , 0, 0, 0, 0, 0, 
253, 1, 254, 253, -1, 114, 212, 14.0, 13, Cpappv, 4931, 0, 0, 0, , 0, 0, 0, 0, 0, 
254, 0, 255, -1, -1, 157, 291, 30.0, 15, , 6974, 0, 0, 0, , 0, 0, 0, 0, 0, 
255, 1, 256, 255, -1, 176, 271, 27.0, 19, Cppaaap, 18839, 0, 0, 0, , 0, 0, 0, 0, 0, 
256, 1, 257, 256, -1, 188, 251, 27.0, 15, Cppaaaa, 6034, 0, 0, 0, , 0, 0, 0, 0, 0, 
257, 1, 258, 257, -1, 148, 251, 26.0, 17, Cppappp, 3733, 0, 0, 0, , 0, 0, 0, 0, 0, 
258, 1, 259, 258, -1, 130, 266, 28.0, 17, Cppappa, 6191, 0, 0, 0, , 0, 0, 0, 0, 0, 
259, 1, 260, 259, -1, 215, 325, 33.0, 17, Cpppaaa, 4963, 0, 0, 0, , 0, 0, 0, 0, 0, 
260, 1, 261, 260, -1, 251, 230, 13.0, 15, Daapa, 5549, 0, 0, 0, , 0, 0, 0, 0, 0, 
261, 1, 262, 261, -1, 236, 234, 12.0, 15, Daapp, 7693, 0, 0, 0, , 0, 0, 0, 0, 0, 
262, 0, 263, -1, -1, 243, 299, 16.0, 14, , 4085, 0, 0, 0, , 0, 0, 0, 0, 0, 
263, 1, 264, 263, -1, 290, 320, 25.0, 17, Dappaa, 3997, 0, 0, 0, , 0, 0, 0, 0, 0, 
264, 1, 265, 264, -1, 270, 323, 21.0, 17, Daaap, 10360, 0, 0, 0, , 0, 0, 0, 0, 0, 
265, 1, 266, 265, -1, 211, 195, 23.0, 15, Dpapp, 4731, 0, 0, 0, , 0, 0, 0, 0, 0, 
266, 1, 267, 266, -1, 230, 189, 24.0, 15, Dpapa, 5079, 0, 0, 0, , 0, 0, 0, 0, 0, 
267, 1, 268, 267, -1, 228, 213, 23.0, 13, ABprpappapa, 6981, 0, 0, 0, , 0, 0, 0, 0, 0, 
268, 1, 269, 268, -1, 235, 332, 32.0, 15, Dppppa, 3924, 0, 0, 0, , 0, 0, 0, 0, 0, 
269, 1, 270, 269, -1, 255, 312, 32.0, 15, Dpppap, 3803, 0, 0, 0, , 0, 0, 0, 0, 0, 
270, 1, 271, 270, -1, 284, 291, 33.0, 17, Dpppaa, 13092, 0, 0, 0, , 0, 0, 0, 0, 0, 
271, 1, 272, 271, -1, 237, 305, 33.0, 15, Dppap, 3838, 0, 0, 0, , 0, 0, 0, 0, 0, 
272, 0, 273, -1, -1, 382, 243, 24.0, 13, , 4631, 0, 0, 0, , 0, 0, 0, 0, 0, 
273, 1, 274, 273, -1, 277, 262, 15.0, 13, ABplaapappa, 3458, 0, 0, 0, , 0, 0, 0, 0, 0, 
274, 1, 275, 274, -1, 275, 296, 11.0, 9, ABalppppppap, 1541, 0, 0, 0, , 0, 0, 0, 0, 0, 
275, 1, 276, 275, -1, 353, 211, 14.0, 17, ABplaaapap, 3641, 0, 0, 0, , 0, 0, 0, 0, 0, 
276, 1, 277, 276, -1, 286, 244, 12.0, 11, ABalpppaaaa, 3082, 0, 0, 0, , 0, 0, 0, 0, 0, 
277, 1, 278, 277, -1, 310, 205, 15.0, 14, ABalpppaaap, 6191, 0, 0, 0, , 0, 0, 0, 0, 0, 
278, 1, 279, 278, -1, 332, 225, 11.0, 13, ABalpppaapd, 6300, 0, 0, 0, , 0, 0, 0, 0, 0, 
279, 1, 280, 279, -1, 334, 220, 17.0, 13, ABalpppaapv, 4088, 0, 0, 0, , 0, 0, 0, 0, 0, 
280, 1, 281, 280, -1, 289, 258, 12.0, 11, ABalpppapad, 3043, 0, 0, 0, , 0, 0, 0, 0, 0, 
281, 1, 282, 281, -1, 290, 231, 11.0, 11, ABalpppapav, 2841, 0, 0, 0, , 0, 0, 0, 0, 0, 
282, 1, 283, 282, -1, 321, 205, 13.0, 13, ABalppaaapp, 4058, 0, 0, 0, , 0, 0, 0, 0, 0, 
283, 1, 284, 283, -1, 270, 255, 12.0, 15, ABplpaaaaap, 6258, 0, 0, 0, , 0, 0, 0, 0, 0, 
284, 1, 285, 284, -1, 295, 196, 17.0, 9, ABalppapppaa, 1015, 0, 0, 0, , 0, 0, 0, 0, 0, 
285, 1, 286, 285, -1, 278, 205, 16.0, 11, ABalppapppap, 3284, 0, 0, 0, , 0, 0, 0, 0, 0, 
286, 1, 287, 286, -1, 309, 286, 18.0, 11, ABalppappaa, 2928, 0, 0, 0, , 0, 0, 0, 0, 0, 
287, 1, 288, 287, -1, 257, 209, 17.0, 15, ABalppapapa, 14319, 0, 0, 0, , 0, 0, 0, 0, 0, 
288, 1, 289, 288, -1, 322, 190, 11.0, 9, ABalppapapp, 1451, 0, 0, 0, , 0, 0, 0, 0, 0, 
289, 1, 290, 289, -1, 319, 175, 16.0, 13, ABplaappaa, 2873, 0, 0, 0, , 0, 0, 0, 0, 0, 
290, 1, 291, 290, -1, 317, 243, 12.0, 13, ABalppapaaa, 5299, 0, 0, 0, , 0, 0, 0, 0, 0, 
291, 1, 292, 291, -1, 294, 166, 17.0, 14, ABalpapaapp, 542, 0, 0, 0, , 0, 0, 0, 0, 0, 
292, 0, 293, -1, -1, 263, 209, 9.0, 19, , 14182, 0, 0, 0, , 0, 0, 0, 0, 0, 
293, 1, 294, 293, -1, 289, 225, 18.0, 13, ABalpaaaapa, 4776, 0, 0, 0, , 0, 0, 0, 0, 0, 
294, 1, 295, 294, -1, 276, 231, 18.0, 11, ABalpaaaaap, 5138, 0, 0, 0, , 0, 0, 0, 0, 0, 
295, 1, 296, 295, -1, 255, 244, 26.0, 15, ABalpappaaa, 6299, 0, 0, 0, , 0, 0, 0, 0, 0, 
296, 1, 297, 296, -1, 293, 245, 15.0, 11, ABalpapppaa, 1118, 0, 0, 0, , 0, 0, 0, 0, 0, 
297, 1, 298, 297, -1, 298, 277, 22.0, 13, ABalpaapapa, 4722, 0, 0, 0, , 0, 0, 0, 0, 0, 
298, 1, 299, 298, -1, 263, 231, 20.0, 11, ABalpaaaapp, 8004, 0, 0, 0, , 0, 0, 0, 0, 0, 
299, 1, 300, 299, -1, 309, 216, 19.0, 15, ABalpaaaaaa, 4899, 0, 0, 0, , 0, 0, 0, 0, 0, 
300, 1, 301, 300, -1, 262, 247, 22.0, 9, Nuc362_20_282_258, 810, 0, 0, 0, , 0, 0, 0, 0, 0, 
301, 1, 302, 301, -1, 354, 230, 16.0, 15, ABalpaapppp, 3742, 0, 0, 0, , 0, 0, 0, 0, 0, 
302, 1, 303, 302, -1, 335, 205, 21.0, 13, ABalpaappaa, 7469, 0, 0, 0, , 0, 0, 0, 0, 0, 
303, 0, 304, -1, -1, 314, 226, 21.0, 13, , 2649, 0, 0, 0, , 0, 0, 0, 0, 0, 
304, 0, 305, -1, -1, 274, 224, 15.0, 11, , 3181, 0, 0, 0, , 0, 0, 0, 0, 0, 
305, 0, 306, -1, -1, 124, 335, 20.0, 15, , 881, 0, 0, 0, , 0, 0, 0, 0, 0, 
306, 1, 307, 306, -1, 192, 313, 21.0, 15, Ealpa, 5645, 0, 0, 0, , 0, 0, 0, 0, 0, 
307, 1, 308, 307, -1, 242, 341, 22.0, 17, Dapap, 5562, 0, 0, 0, , 0, 0, 0, 0, 0, 
308, 1, 309, 308, -1, 230, 273, 15.0, 11, Dapaa, 1831, 0, 0, 0, , 0, 0, 0, 0, 0, 
309, 1, 310, 309, -1, 236, 297, 20.0, 15, MSaapaapp, 4660, 0, 0, 0, , 0, 0, 0, 0, 0, 
310, 1, 311, 310, -1, 234, 276, 17.0, 11, MSaapaapaa, 1521, 0, 0, 0, , 0, 0, 0, 0, 0, 
311, 1, 312, 311, -1, 235, 288, 17.0, 11, MSaapaapap, 1898, 0, 0, 0, , 0, 0, 0, 0, 0, 
312, 1, 313, 312, -1, 251, 262, 11.0, 13, ABplppaapap, 5006, 0, 0, 0, , 0, 0, 0, 0, 0, 
313, 1, 314, 313, -1, 328, 264, 17.0, 9, ABalaaaalar, 1854, 0, 0, 0, , 0, 0, 0, 0, 0, 
314, 1, 315, 314, -1, 326, 243, 17.0, 11, ABalapaappp, 874, 0, 0, 0, , 0, 0, 0, 0, 0, 
315, 1, 316, 315, -1, 284, 225, 34.0, 13, ABalaaapprr, 3851, 0, 0, 0, , 0, 0, 0, 0, 0, 
316, 1, 317, 316, -1, 285, 170, 28.0, 14, Nuc385_27_292_175, 246, 0, 0, 0, , 0, 0, 0, 0, 0, 
317, 1, 318, 317, -1, 84, 346, 26.0, 19, Cppppaa, 11392, 0, 0, 0, , 0, 0, 0, 0, 0, 
318, 0, 319, -1, -1, 79, 339, 27.0, 13, , 1783, 0, 0, 0, , 0, 0, 0, 0, 0, 
319, 1, 320, 318, -1, 63, 293, 24.0, 19, Cppppap, 5260, 0, 0, 0, , 0, 0, 0, 0, 0, 
320, 0, 321, -1, -1, 97, 334, 25.0, 17, , 6011, 0, 0, 0, , 0, 0, 0, 0, 0, 
321, 1, 322, 320, 321, 216, 234, 13.0, 15, ABplppapaaa, 5961, 0, 0, 0, , 0, 0, 0, 0, 0, 
322, 1, 323, 322, -1, 302, 312, 20.0, 13, ABalaaaalal, 3634, 0, 0, 0, , 0, 0, 0, 0, 0, 
323, 0, 324, -1, -1, 290, 164, 23.0, 11, , 3629, 0, 0, 0, , 0, 0, 0, 0, 0, 
324, 1, 325, 324, -1, 161, 293, 25.0, 17, MSpappap, 5792, 0, 0, 0, , 0, 0, 0, 0, 0, 
325, 1, 326, 325, -1, 239, 296, 30.0, 11, MSpaapapa, 1768, 0, 0, 0, , 0, 0, 0, 0, 0, 
326, 1, 327, 326, -1, 92, 232, 22.0, 13, Cpppppd, 3066, 0, 0, 0, , 0, 0, 0, 0, 0, 
327, 1, 328, 327, -1, 288, 305, 18.0, 11, ABplapaaaaa, 3323, 0, 0, 0, , 0, 0, 0, 0, 0, 
328, 1, 329, 328, -1, 208, 285, 22.0, 15, MSaappaa, 3430, 0, 0, 0, , 0, 0, 0, 0, 0, 
329, 1, 330, 329, -1, 315, 230, 10.0, 11, ABalaaaalpa, 3697, 0, 0, 0, , 0, 0, 0, 0, 0, 
330, 1, 331, 330, -1, 359, 232, 22.0, 11, ABalaaaparr, 1102, 0, 0, 0, , 0, 0, 0, 0, 0, 
331, 1, 332, 331, -1, 366, 234, 19.0, 15, ABarpaaaapp, 4404, 0, 0, 0, , 0, 0, 0, 0, 0, 
332, 1, 333, 332, -1, 267, 265, 19.0, 11, ABalpaaappp, 3513, 0, 0, 0, , 0, 0, 0, 0, 0, 
333, 1, 334, 333, -1, 276, 254, 17.0, 15, ABalpaaappa, 5424, 0, 0, 0, , 0, 0, 0, 0, 0, 
334, 1, 335, 334, -1, 200, 294, 18.0, 21, Ealaad, 12049, 0, 0, 0, , 0, 0, 0, 0, 0, 
335, 1, 336, 335, -1, 297, 194, 22.0, 11, ABarappaapp, 7279, 0, 0, 0, , 0, 0, 0, 0, 0, 
336, 1, 337, 336, -1, 217, 258, 26.0, 11, MSpapaapaa, 3073, 0, 0, 0, , 0, 0, 0, 0, 0, 
337, 1, 338, 337, -1, 222, 271, 27.0, 11, MSpapaapap, 2672, 0, 0, 0, , 0, 0, 0, 0, 0, 
338, 1, 339, 338, -1, 268, 202, 35.0, 13, Nuc377_36_265_185, 2491, 0, 0, 0, , 0, 0, 0, 0, 0, 
339, 1, 340, 339, -1, 315, 296, 26.0, 13, MSappppp, 3190, 0, 0, 0, , 0, 0, 0, 0, 0, 
340, 1, 341, 340, -1, 290, 272, 19.0, 15, ABalpaapapp, 4884, 0, 0, 0, , 0, 0, 0, 0, 0, 
341, 1, 342, 341, -1, 254, 244, 20.0, 11, Nuc372_22_249_231, 893, 0, 0, 0, , 0, 0, 0, 0, 0, 
342, 1, 343, 342, -1, 195, 218, 23.0, 13, MSpapppaa, 4619, 0, 0, 0, , 0, 0, 0, 0, 0, 
343, 1, 344, 343, -1, 206, 238, 26.0, 17, Dppaa, 3109, 0, 0, 0, , 0, 0, 0, 0, 0, 
344, 1, 345, 344, -1, 272, 219, 31.0, 15, ABprpaapaaa, 6432, 0, 0, 0, , 0, 0, 0, 0, 0, 
345, 1, 346, 345, -1, 278, 269, 10.0, 11, ABalpppppppp, 2564, 0, 0, 0, , 0, 0, 0, 0, 0, 
346, 1, 347, 346, -1, 153, 206, 15.0, 11, Caapap, 6077, 0, 0, 0, , 0, 0, 0, 0, 0, 
347, 1, 349, 347, -1, 134, 215, 19.0, 13, ABprppppppa, 4471, 0, 0, 0, , 0, 0, 0, 0, 0, 
348, 0, 350, -1, -1, 266, 178, 20.0, 11, , 1807, 0, 0, 0, , 0, 0, 0, 0, 0, 
349, 1, 620, 349, -1, 329, 280, 24.0, 17, MSappppa, 3294, 0, 0, 0, , 0, 0, 0, 0, 0, 
350, 1, 352, 722, -1, 340, 236, 33.0, 19, MSppappp, 3142, 0, 0, 0, , 0, 0, 0, 0, 0, 
351, 1, 353, 350, -1, 140, 226, 14.0, 15, Cappppd, 4336, 0, 0, 0, , 0, 0, 0, 0, 0, 
352, 1, 354, 351, -1, 237, 301, 26.0, 11, MSaaaappp, 3245, 0, 0, 0, , 0, 0, 0, 0, 0, 
353, 1, 355, 352, -1, 101, 271, 10.0, 11, ABplapppaap, 4344, 0, 0, 0, , 0, 0, 0, 0, 0, 
354, 1, 356, 353, -1, 230, 286, 28.0, 13, MSpapaapp, 3273, 0, 0, 0, , 0, 0, 0, 0, 0, 
355, 1, 357, 354, -1, 165, 310, 12.0, 15, Capaapa, 6341, 0, 0, 0, , 0, 0, 0, 0, 0, 
356, 1, 358, 355, -1, 230, 187, 31.0, 11, Nuc385_32_229_180, 1516, 0, 0, 0, , 0, 0, 0, 0, 0, 
357, 1, 359, 356, -1, 231, 191, 32.0, 13, ABpraaappppp, 3477, 0, 0, 0, , 0, 0, 0, 0, 0, 
358, 1, 360, 357, -1, 291, 283, 11.0, 17, ABalpppppaa, 8711, 0, 0, 0, , 0, 0, 0, 0, 0, 
359, 1, 361, 358, -1, 313, 262, 16.0, 13, ABplpaapaaa, 5685, 0, 0, 0, , 0, 0, 0, 0, 0, 
360, 1, 362, 359, -1, 217, 253, 22.0, 15, ABarapapapp, 6583, 0, 0, 0, , 0, 0, 0, 0, 0, 
361, 1, 363, 360, -1, 210, 262, 14.0, 11, MSaapppap, 2403, 0, 0, 0, , 0, 0, 0, 0, 0, 
362, 1, 364, 361, -1, 226, 268, 12.0, 13, Nuc384_13_228_265, 1408, 0, 0, 0, , 0, 0, 0, 0, 0, 
363, 1, 365, 362, -1, 196, 236, 13.0, 11, ABarappappa, 5661, 0, 0, 0, , 0, 0, 0, 0, 0, 
364, 0, 366, -1, -1, 174, 320, 23.0, 11, , 1507, 0, 0, 0, , 0, 0, 0, 0, 0, 
365, 0, 367, -1, -1, 256, 291, 15.0, 15, , 5502, 0, 0, 0, , 0, 0, 0, 0, 0, 
366, 1, 368, 364, -1, 258, 245, 21.0, 13, ABarapappap, 1250, 0, 0, 0, , 0, 0, 0, 0, 0, 
367, 0, 369, -1, -1, 246, 172, 19.0, 11, , 3016, 0, 0, 0, , 0, 0, 0, 0, 0, 
368, 1, 370, 366, -1, 111, 231, 18.0, 13, ABprpappppp, 5304, 0, 0, 0, , 0, 0, 0, 0, 0, 
369, 1, 371, 367, -1, 244, 212, 13.0, 15, ABalpapapppa, 6732, 0, 0, 0, , 0, 0, 0, 0, 0, 
370, 1, 372, 368, -1, 241, 207, 11.0, 17, ABalpapapppp, 6526, 0, 0, 0, , 0, 0, 0, 0, 0, 
371, 1, 373, 369, -1, 346, 241, 29.0, 9, ABalapppapp, 1730, 0, 0, 0, , 0, 0, 0, 0, 0, 
372, 1, 375, 370, -1, 300, 258, 13.0, 11, MSapapap, 2899, 0, 0, 0, , 0, 0, 0, 0, 0, 
373, 1, 376, 371, -1, 310, 248, 26.0, 11, ABaraappaaa, 5722, 0, 0, 0, , 0, 0, 0, 0, 0, 
374, 1, 377, 372, -1, 284, 277, 15.0, 13, ABalpppppap, 3113, 0, 0, 0, , 0, 0, 0, 0, 0, 
375, 1, 378, 373, -1, 309, 225, 13.0, 13, ABalppaappp, 4390, 0, 0, 0, , 0, 0, 0, 0, 0, 
376, 0, 379, -1, -1, 313, 302, 20.0, 13, , 2799, 0, 0, 0, , 0, 0, 0, 0, 0, 
377, 1, 380, 375, -1, 271, 245, 10.0, 17, ABplppaaaaa, 4913, 0, 0, 0, , 0, 0, 0, 0, 0, 
378, 1, 381, 376, -1, 279, 212, 23.0, 13, ABarapaaapa, 4949, 0, 0, 0, , 0, 0, 0, 0, 0, 
379, 1, 382, 377, -1, 303, 232, 26.0, 15, ABaraappaap, 5949, 0, 0, 0, , 0, 0, 0, 0, 0, 
380, 1, 383, 378, -1, 284, 259, 35.0, 15, ABaraaapapa, 1455, 0, 0, 0, , 0, 0, 0, 0, 0, 
381, 1, 384, 379, -1, 316, 222, 16.0, 15, ABalpapaaaa, 8042, 0, 0, 0, , 0, 0, 0, 0, 0, 
382, 1, 385, 380, -1, 102, 240, 29.0, 13, Caappd, 1998, 0, 0, 0, , 0, 0, 0, 0, 0, 
383, 0, 386, -1, -1, 254, 252, 29.0, 11, , 3428, 0, 0, 0, , 0, 0, 0, 0, 0, 
384, 1, 387, 382, -1, 276, 240, 34.0, 15, ABarpppaaa, 3242, 0, 0, 0, , 0, 0, 0, 0, 0, 
385, 0, 388, -1, -1, 88, 322, 21.0, 15, , 3812, 0, 0, 0, , 0, 0, 0, 0, 0, 
386, 1, 389, 384, -1, 317, 244, 15.0, 13, Nuc374_19_327_242p, 2476, 0, 0, 0, , 0, 0, 0, 0, 0, 
387, 1, 390, 385, -1, 316, 214, 10.0, 15, ABplaappap, 3435, 0, 0, 0, , 0, 0, 0, 0, 0, 
388, 1, 391, 386, -1, 213, 219, 15.0, 11, ABplppaappa, 1181, 0, 0, 0, , 0, 0, 0, 0, 0, 
389, 1, 392, 387, -1, 228, 183, 19.0, 13, ABarappappp, 7325, 0, 0, 0, , 0, 0, 0, 0, 0, 
390, 1, 393, 388, -1, 84, 304, 11.0, 15, Cpapap, 4458, 0, 0, 0, , 0, 0, 0, 0, 0, 
391, 1, 394, 389, -1, 243, 203, 17.0, 13, ABplpaaaapa, 7193, 0, 0, 0, , 0, 0, 0, 0, 0, 
392, 1, 395, 390, -1, 302, 192, 12.0, 15, ABplpaaapap, 7413, 0, 0, 0, , 0, 0, 0, 0, 0, 
393, 1, 396, 391, -1, 269, 281, 20.0, 14, ABaraapapaa, 11242, 0, 0, 0, , 0, 0, 0, 0, 0, 
394, 1, 397, 392, -1, 358, 257, 23.0, 13, MSapappp, 2071, 0, 0, 0, , 0, 0, 0, 0, 0, 
395, 1, 398, 393, -1, 148, 229, 28.0, 13, ABprpppaapp, 5247, 0, 0, 0, , 0, 0, 0, 0, 0, 
396, 1, 399, 394, -1, 156, 244, 16.0, 13, ABplppppapa, 3988, 0, 0, 0, , 0, 0, 0, 0, 0, 
397, 1, 400, 395, -1, 196, 228, 18.0, 13, ABprpapppap, 4037, 0, 0, 0, , 0, 0, 0, 0, 0, 
398, 0, 401, -1, -1, 213, 336, 27.0, 15, , 4266, 0, 0, 0, , 0, 0, 0, 0, 0, 
399, 0, 402, -1, -1, 226, 227, 17.0, 14, , 75, 0, 0, 0, , 0, 0, 0, 0, 0, 
400, 1, 403, 398, -1, 262, 206, 34.0, 11, Nuc382_32_255_205, 1995, 0, 0, 0, , 0, 0, 0, 0, 0, 
401, 1, 404, 399, -1, 268, 201, 32.0, 13, ABpraaaapppa, 1267, 0, 0, 0, , 0, 0, 0, 0, 0, 
402, 1, 405, 400, -1, 253, 294, 11.0, 11, ABplaapppp, 1652, 0, 0, 0, , 0, 0, 0, 0, 0, 
403, 1, 406, 401, -1, 289, 262, 29.0, 13, MSpaaaapa, 3632, 0, 0, 0, , 0, 0, 0, 0, 0, 
404, 1, 407, 402, -1, 151, 342, 26.0, 13, Epraa, 1301, 0, 0, 0, , 0, 0, 0, 0, 0, 
405, 1, 408, 403, -1, 325, 277, 18.0, 13, ABalaaapall, 3330, 0, 0, 0, , 0, 0, 0, 0, 0, 
406, 1, 409, 404, -1, 270, 235, 29.0, 13, ABarapaappa, 5773, 0, 0, 0, , 0, 0, 0, 0, 0, 
407, 0, 410, -1, -1, 335, 179, 30.0, 11, , 3369, 0, 0, 0, , 0, 0, 0, 0, 0, 
408, 1, 411, 406, -1, 253, 337, 25.0, 17, Dappap, 4995, 0, 0, 0, , 0, 0, 0, 0, 0, 
409, 1, 412, 407, -1, 361, 252, 21.0, 13, ABplaaaaaap, 4174, 0, 0, 0, , 0, 0, 0, 0, 0, 
410, 0, -1, -1, -1, 180, 340, 24.0, 17, , 1471, 0, 0, 0, , 0, 0, 0, 0, 0, 
411, 1, 414, -1, -1, 337, 229, 30.0, 15, ABalappppap, 5858, 0, 0, 0, , 0, 0, 0, 0, 0, 
412, 0, 415, -1, -1, 150, 346, 25.0, 11, , 545, 0, 0, 0, , 0, 0, 0, 0, 0, 
413, 0, 416, -1, -1, 289, 196, 30.0, 9, , 921, 0, 0, 0, , 0, 0, 0, 0, 0, 
414, 0, 417, -1, -1, 117, 255, 34.0, 11, , 2206, 0, 0, 0, , 0, 0, 0, 0, 0, 
415, 1, 418, 413, -1, 337, 247, 13.0, 14, Nuc386_14_329_256, 250, 0, 0, 0, , 0, 0, 0, 0, 0, 
416, 1, 419, 414, -1, 327, 261, 15.0, 17, Nuc386_16_329_262, 5075, 0, 0, 0, , 0, 0, 0, 0, 0, 
417, 1, 420, 415, -1, 323, 261, 13.0, 11, Nuc373_14_335_258, 3400, 0, 0, 0, , 0, 0, 0, 0, 0, 
418, 1, 421, 416, -1, 254, 209, 24.0, 11, MSppaaaav, 2655, 0, 0, 0, , 0, 0, 0, 0, 0, 
419, 1, 422, 417, -1, 298, 246, 28.0, 13, ABaraappapa, 5643, 0, 0, 0, , 0, 0, 0, 0, 0, 
420, 1, 423, 418, -1, 101, 229, 15.0, 11, ABplapappppa, 2929, 0, 0, 0, , 0, 0, 0, 0, 0, 
421, 1, 424, 419, -1, 104, 248, 12.0, 15, ABplapappppp, 3433, 0, 0, 0, , 0, 0, 0, 0, 0, 
422, 1, 425, 420, -1, 242, 257, 22.0, 11, ABarapapaaa, 4000, 0, 0, 0, , 0, 0, 0, 0, 0, 
423, 1, 426, 421, -1, 77, 314, 29.0, 21, Cpppapa, 15520, 0, 0, 0, , 0, 0, 0, 0, 0, 
424, 1, 427, 422, -1, 342, 266, 17.0, 13, ABalapaaapp, 3347, 0, 0, 0, , 0, 0, 0, 0, 0, 
425, 1, 428, 423, -1, 263, 233, 23.0, 11, ABalpappppp, 3557, 0, 0, 0, , 0, 0, 0, 0, 0, 
426, 1, 429, 424, -1, 323, 236, 34.0, 13, ABalapppapa, 1905, 0, 0, 0, , 0, 0, 0, 0, 0, 
427, 1, 430, 425, -1, 304, 292, 19.0, 15, ABalapaaaaa, 3490, 0, 0, 0, , 0, 0, 0, 0, 0, 
428, 1, 431, 426, -1, 200, 275, 28.0, 15, MSppapaa, 3838, 0, 0, 0, , 0, 0, 0, 0, 0, 
429, 1, 432, 427, -1, 271, 174, 13.0, 11, ABarappaaap, 6425, 0, 0, 0, , 0, 0, 0, 0, 0, 
430, 0, 433, -1, -1, 94, 299, 23.0, 17, , 5748, 0, 0, 0, , 0, 0, 0, 0, 0, 
431, 1, 434, 429, -1, 295, 206, 15.0, 13, ABalppapppp, 5325, 0, 0, 0, , 0, 0, 0, 0, 0, 
432, 1, 435, 430, -1, 314, 191, 15.0, 17, ABplpaaapaa, 11043, 0, 0, 0, , 0, 0, 0, 0, 0, 
433, 0, 436, -1, -1, 71, 289, 13.0, 13, , 3598, 0, 0, 0, , 0, 0, 0, 0, 0, 
434, 1, 437, 432, -1, 370, 214, 23.0, 17, ABplaaaapa, 4008, 0, 0, 0, , 0, 0, 0, 0, 0, 
435, 1, 438, 433, -1, 213, 299, 14.0, 17, MSapapaa, 4063, 0, 0, 0, , 0, 0, 0, 0, 0, 
436, 1, 439, 434, -1, 279, 157, 27.0, 13, ABpraappap, 2294, 0, 0, 0, , 0, 0, 0, 0, 0, 
437, 0, 440, -1, -1, 281, 265, 25.0, 11, , 552, 0, 0, 0, , 0, 0, 0, 0, 0, 
438, 1, 441, 436, -1, 298, 253, 20.0, 13, ABalpaaapaa, 4104, 0, 0, 0, , 0, 0, 0, 0, 0, 
439, 0, 442, -1, -1, 212, 342, 16.0, 19, , 8973, 0, 0, 0, , 0, 0, 0, 0, 0, 
440, 0, 443, -1, -1, 195, 328, 26.0, 13, , 1155, 0, 0, 0, , 0, 0, 0, 0, 0, 
441, 1, 444, 439, -1, 151, 216, 12.0, 11, Nuc372_9_107_256, 565, 0, 0, 0, , 0, 0, 0, 0, 0, 
442, 1, 445, 440, -1, 354, 252, 18.0, 13, ABalapapppp, 2252, 0, 0, 0, , 0, 0, 0, 0, 0, 
443, 1, 446, 441, -1, 271, 185, 18.0, 11, ABprpaaapaap, 2130, 0, 0, 0, , 0, 0, 0, 0, 0, 
444, 1, 447, -1, -1, 279, 210, 11.0, 14, Nuc375_10_260_243, 356, 0, 0, 0, , 0, 0, 0, 0, 0, 
445, 1, 448, 442, -1, 99, 287, 11.0, 15, ABarppappp, 5205, 0, 0, 0, , 0, 0, 0, 0, 0, 
446, 1, 449, 443, -1, 354, 239, 24.0, 15, ABalapappap, 4761, 0, 0, 0, , 0, 0, 0, 0, 0, 
447, 1, 450, 444, -1, 297, 215, 30.0, 13, Nuc367_34_293_193a, 3740, 0, 0, 0, , 0, 0, 0, 0, 0, 
448, 1, 451, 445, -1, 298, 225, 34.0, 13, Nuc367_34_293_193p, 3855, 0, 0, 0, , 0, 0, 0, 0, 0, 
449, 1, 452, 446, -1, 304, 265, 28.0, 13, MSaaaaapaa, 3773, 0, 0, 0, , 0, 0, 0, 0, 0, 
450, 1, 453, 447, -1, 278, 199, 19.0, 11, ABplpappaaa, 4747, 0, 0, 0, , 0, 0, 0, 0, 0, 
451, 0, 454, -1, -1, 251, 279, 11.0, 13, , 7189, 0, 0, 0, , 0, 0, 0, 0, 0, 
452, 1, 455, 449, -1, 229, 217, 18.0, 9, ABarapapppa, 948, 0, 0, 0, , 0, 0, 0, 0, 0, 
453, 1, 456, 450, -1, 336, 271, 14.0, 17, Nuc360_22_334_293, 8386, 0, 0, 0, , 0, 0, 0, 0, 0, 
454, 1, 457, 451, -1, 220, 332, 21.0, 21, Ealaav, 36852, 0, 0, 0, , 0, 0, 0, 0, 0, 
455, 1, 458, 452, -1, 133, 344, 25.0, 19, Earpp, 16422, 0, 0, 0, , 0, 0, 0, 0, 0, 
456, 1, 459, 453, -1, 252, 168, 33.0, 9, ABarpapppp, 1493, 0, 0, 0, , 0, 0, 0, 0, 0, 
457, 1, 460, 454, -1, 242, 254, 14.0, 15, Daaaa, 7807, 0, 0, 0, , 0, 0, 0, 0, 0, 
458, 0, 461, -1, -1, 230, 211, 15.0, 13, , 2359, 0, 0, 0, , 0, 0, 0, 0, 0, 
459, 1, 462, 456, -1, 332, 210, 14.0, 13, ABalaaapalr, 3090, 0, 0, 0, , 0, 0, 0, 0, 0, 
460, 1, 463, 457, -1, 268, 217, 22.0, 13, ABarapaaaap, 8711, 0, 0, 0, , 0, 0, 0, 0, 0, 
461, 1, 464, 458, -1, 238, 226, 32.0, 15, ABpraapapppa, 4540, 0, 0, 0, , 0, 0, 0, 0, 0, 
462, 1, 465, 459, -1, 246, 309, 12.0, 17, ABarppapaa, 12021, 0, 0, 0, , 0, 0, 0, 0, 0, 
463, 1, 466, 460, -1, 244, 192, 12.0, 13, ABalpapapapp, 3773, 0, 0, 0, , 0, 0, 0, 0, 0, 
464, 0, 467, -1, -1, 244, 291, 9.0, 11, , 742, 0, 0, 0, , 0, 0, 0, 0, 0, 
465, 1, 468, 462, -1, 109, 285, 15.0, 14, MSappaap, 1398, 0, 0, 0, , 0, 0, 0, 0, 0, 
466, 1, 469, 463, -1, 236, 206, 34.0, 13, ABpraaappppa, 1794, 0, 0, 0, , 0, 0, 0, 0, 0, 
467, 0, 470, -1, -1, 295, 175, 33.0, 17, , 4834, 0, 0, 0, , 0, 0, 0, 0, 0, 
468, 1, 471, 465, -1, 221, 220, 19.0, 15, ABplpappaap, 1189, 0, 0, 0, , 0, 0, 0, 0, 0, 
469, 1, 472, 466, -1, 221, 209, 21.0, 13, ABprpapapap, 3075, 0, 0, 0, , 0, 0, 0, 0, 0, 
470, 1, 473, 467, -1, 313, 195, 29.0, 11, ABpraaaaapd, 3686, 0, 0, 0, , 0, 0, 0, 0, 0, 
471, 1, 474, 468, -1, 282, 273, 21.0, 11, MSaaapaap, 854, 0, 0, 0, , 0, 0, 0, 0, 0, 
472, 1, 475, 469, -1, 357, 212, 16.0, 11, ABalaaaarla, 3973, 0, 0, 0, , 0, 0, 0, 0, 0, 
473, 1, 476, 470, -1, 111, 233, 27.0, 11, ABprapappppa, 1349, 0, 0, 0, , 0, 0, 0, 0, 0, 
474, 1, 477, 471, -1, 236, 182, 16.0, 13, ABarappapapp, 4479, 0, 0, 0, , 0, 0, 0, 0, 0, 
475, 1, 478, 472, -1, 255, 175, 16.0, 15, ABarappapapa, 6636, 0, 0, 0, , 0, 0, 0, 0, 0, 
476, 0, 479, -1, -1, 119, 302, 14.0, 13, , 4157, 0, 0, 0, , 0, 0, 0, 0, 0, 
477, 1, 480, 474, -1, 252, 161, 25.0, 9, Nuc386_24_252_158, 538, 0, 0, 0, , 0, 0, 0, 0, 0, 
478, 0, 481, -1, -1, 284, 201, 33.0, 17, , 5225, 0, 0, 0, , 0, 0, 0, 0, 0, 
479, 0, 482, -1, -1, 160, 349, 24.0, 15, , 3349, 0, 0, 0, , 0, 0, 0, 0, 0, 
480, 1, 483, 477, -1, 155, 366, 20.0, 15, Capapaa, 7642, 0, 0, 0, , 0, 0, 0, 0, 0, 
481, 0, 484, -1, -1, 193, 301, 28.0, 15, , 2775, 0, 0, 0, , 0, 0, 0, 0, 0, 
482, 1, 485, 479, -1, 268, 308, 17.0, 13, ABplapaaaap, 4026, 0, 0, 0, , 0, 0, 0, 0, 0, 
483, 1, 486, 480, -1, 268, 186, 25.0, 11, ABprpaaappap, 2344, 0, 0, 0, , 0, 0, 0, 0, 0, 
484, 1, 487, 481, -1, 282, 177, 25.0, 11, ABprpaaappaa, 3050, 0, 0, 0, , 0, 0, 0, 0, 0, 
485, 0, 488, -1, -1, 299, 171, 21.0, 15, , 5257, 0, 0, 0, , 0, 0, 0, 0, 0, 
486, 1, 489, 483, -1, 273, 249, 24.0, 7, ABalpappppa, 743, 0, 0, 0, , 0, 0, 0, 0, 0, 
487, 0, 490, -1, -1, 186, 337, 23.0, 13, , 2021, 0, 0, 0, , 0, 0, 0, 0, 0, 
488, 0, -1, -1, -1, 195, 320, 27.0, 13, , 1104, 0, 0, 0, , 0, 0, 0, 0, 0, 
489, 1, 492, 486, -1, 212, 322, 24.0, 11, Nuc378_27_213_308, 1354, 0, 0, 0, , 0, 0, 0, 0, 0, 
490, 1, 493, 487, -1, 248, 233, 35.0, 15, ABarpppaap, 7442, 0, 0, 0, , 0, 0, 0, 0, 0, 
491, 1, 494, 488, -1, 221, 353, 24.0, 15, Dapppa, 4183, 0, 0, 0, , 0, 0, 0, 0, 0, 
492, 1, 495, 489, -1, 295, 183, 17.0, 13, ABalppapaap, 4486, 0, 0, 0, , 0, 0, 0, 0, 0, 
493, 1, 496, 490, -1, 164, 286, 20.0, 13, ABplpapappp, 3565, 0, 0, 0, , 0, 0, 0, 0, 0, 
494, 0, 497, -1, -1, 122, 291, 29.0, 15, , 4984, 0, 0, 0, , 0, 0, 0, 0, 0, 
495, 0, 498, -1, -1, 96, 303, 24.0, 15, , 4751, 0, 0, 0, , 0, 0, 0, 0, 0, 
496, 0, 499, -1, -1, 252, 227, 32.0, 15, , 3214, 0, 0, 0, , 0, 0, 0, 0, 0, 
497, 1, 500, 494, -1, 310, 250, 14.0, 13, ABalapaapaa, 4159, 0, 0, 0, , 0, 0, 0, 0, 0, 
498, 1, 501, 495, -1, 138, 303, 27.0, 17, Z2, 1993, 0, 0, 0, , 0, 0, 0, 0, 0, 
499, 0, 502, -1, -1, 167, 319, 26.0, 17, , 1771, 0, 0, 0, , 0, 0, 0, 0, 0, 
500, 1, 503, 497, -1, 117, 349, 32.0, 19, Cppapap, 11796, 0, 0, 0, , 0, 0, 0, 0, 0, 
501, 1, 504, 498, -1, 351, 267, 20.0, 17, ABplaaaaapp, 4886, 0, 0, 0, , 0, 0, 0, 0, 0, 
502, 1, 505, 499, -1, 261, 164, 19.0, 15, ABprpaapapp, 6651, 0, 0, 0, , 0, 0, 0, 0, 0, 
503, 0, 506, -1, -1, 327, 287, 31.0, 19, , 8688, 0, 0, 0, , 0, 0, 0, 0, 0, 
504, 0, 507, -1, -1, 237, 282, 14.0, 11, , 1416, 0, 0, 0, , 0, 0, 0, 0, 0, 
505, 1, 508, 502, -1, 317, 279, 13.0, 15, ABalpppapppp, 7116, 0, 0, 0, , 0, 0, 0, 0, 0, 
506, 1, 509, 503, -1, 228, 255, 34.0, 11, ABpraapapppp, 2669, 0, 0, 0, , 0, 0, 0, 0, 0, 
507, 1, 510, 504, -1, 188, 364, 24.0, 15, Dapppp, 5867, 0, 0, 0, , 0, 0, 0, 0, 0, 
508, 1, 511, 505, -1, 269, 210, 19.0, 11, ABprpapppaa, 2843, 0, 0, 0, , 0, 0, 0, 0, 0, 
509, 0, 512, -1, -1, 121, 221, 28.0, 11, , 2530, 0, 0, 0, , 0, 0, 0, 0, 0, 
510, 1, 513, 507, -1, 291, 241, 17.0, 13, ABalpappaapa, 4605, 0, 0, 0, , 0, 0, 0, 0, 0, 
511, 1, 514, 508, -1, 278, 244, 16.0, 13, ABalpappaapp, 4289, 0, 0, 0, , 0, 0, 0, 0, 0, 
512, 1, 515, 509, -1, 94, 276, 22.0, 19, Eprppp, 4639, 0, 0, 0, , 0, 0, 0, 0, 0, 
513, 0, 516, -1, -1, 194, 291, 19.0, 13, , 963, 0, 0, 0, , 0, 0, 0, 0, 0, 
514, 0, 517, -1, -1, 265, 278, 29.0, 11, , 2849, 0, 0, 0, , 0, 0, 0, 0, 0, 
515, 1, 518, 512, -1, 297, 179, 23.0, 11, ABaraaappap, 2465, 0, 0, 0, , 0, 0, 0, 0, 0, 
516, 1, 519, 513, -1, 163, 320, 23.0, 17, Ealap, 1512, 0, 0, 0, , 0, 0, 0, 0, 0, 
517, 1, 520, 514, -1, 151, 345, 21.0, 13, Eplaa, 813, 0, 0, 0, , 0, 0, 0, 0, 0, 
518, 1, 521, 515, -1, 177, 271, 17.0, 15, ABprpappapp, 6540, 0, 0, 0, , 0, 0, 0, 0, 0, 
519, 1, 522, 516, -1, 150, 211, 23.0, 15, Cpppppv, 4567, 0, 0, 0, , 0, 0, 0, 0, 0, 
520, 1, 523, 517, -1, 244, 195, 28.0, 11, ABpraaappaa, 3146, 0, 0, 0, , 0, 0, 0, 0, 0, 
521, 0, 524, -1, -1, 234, 252, 20.0, 13, , 4419, 0, 0, 0, , 0, 0, 0, 0, 0, 
522, 0, 525, -1, -1, 235, 337, 17.0, 19, , 7309, 0, 0, 0, , 0, 0, 0, 0, 0, 
523, 0, 526, -1, -1, 334, 253, 21.0, 11, , 722, 0, 0, 0, , 0, 0, 0, 0, 0, 
524, 0, 527, -1, -1, 261, 284, 34.0, 17, , 3848, 0, 0, 0, , 0, 0, 0, 0, 0, 
525, 1, 528, 522, -1, 137, 318, 15.0, 19, Capaapp, 21909, 0, 0, 0, , 0, 0, 0, 0, 0, 
526, 1, 529, 523, -1, 286, 265, 14.0, 13, Nuc361_17_297_285, 3966, 0, 0, 0, , 0, 0, 0, 0, 0, 
527, 1, 530, 524, -1, 274, 180, 31.0, 15, ABalaapaaal, 5904, 0, 0, 0, , 0, 0, 0, 0, 0, 
528, 1, 531, 525, -1, 328, 210, 28.0, 11, ABalaaappll, 3145, 0, 0, 0, , 0, 0, 0, 0, 0, 
529, 0, 532, -1, -1, 315, 279, 29.0, 13, , 3509, 0, 0, 0, , 0, 0, 0, 0, 0, 
530, 1, 533, 527, -1, 102, 252, 17.0, 17, Eplppa, 10361, 0, 0, 0, , 0, 0, 0, 0, 0, 
531, 1, 534, 528, -1, 246, 161, 27.0, 9, Nuc376_20_234_160, 1534, 0, 0, 0, , 0, 0, 0, 0, 0, 
532, 1, 535, 529, -1, 231, 168, 24.0, 9, Nuc376_19_230_166, 459, 0, 0, 0, , 0, 0, 0, 0, 0, 
533, 1, 537, 530, -1, 319, 200, 18.0, 13, Nuc362_18_313_218, 3336, 0, 0, 0, , 0, 0, 0, 0, 0, 
534, 1, 538, 531, -1, 104, 256, 22.0, 17, Eprppa, 8071, 0, 0, 0, , 0, 0, 0, 0, 0, 
535, 0, 539, -1, -1, 305, 194, 32.0, 15, , 5722, 0, 0, 0, , 0, 0, 0, 0, 0, 
536, 0, 540, -1, -1, 368, 248, 19.0, 14, , 1493, 0, 0, 0, , 0, 0, 0, 0, 0, 
537, 1, 541, 534, -1, 298, 208, 11.0, 17, Nuc363_11_307_245, 6869, 0, 0, 0, , 0, 0, 0, 0, 0, 
538, 0, 542, -1, -1, 133, 207, 15.0, 15, , 4609, 0, 0, 0, , 0, 0, 0, 0, 0, 
539, 0, 543, -1, -1, 293, 249, 23.0, 11, , 753, 0, 0, 0, , 0, 0, 0, 0, 0, 
540, 1, 544, 537, -1, 290, 245, 34.0, 13, Nuc371_33_291_215, 4079, 0, 0, 0, , 0, 0, 0, 0, 0, 
541, 1, 545, 538, -1, 280, 305, 14.0, 15, Nuc364_18_298_316, 5170, 0, 0, 0, , 0, 0, 0, 0, 0, 
542, 1, 546, 539, -1, 212, 217, 25.0, 13, Dpaaa, 2655, 0, 0, 0, , 0, 0, 0, 0, 0, 
543, 1, 547, 540, -1, 176, 344, 34.0, 17, Cppapaa, 18641, 0, 0, 0, , 0, 0, 0, 0, 0, 
544, 0, 548, -1, -1, 294, 212, 36.0, 9, , 817, 0, 0, 0, , 0, 0, 0, 0, 0, 
545, 1, 549, 542, -1, 258, 184, 35.0, 14, Nuc364_35_260_178, 230, 0, 0, 0, , 0, 0, 0, 0, 0, 
546, 1, 550, 543, -1, 289, 314, 31.0, 15, Nuc364_36_289_269, 4986, 0, 0, 0, , 0, 0, 0, 0, 0, 
547, 0, 551, -1, -1, 302, 278, 16.0, 11, , 3298, 0, 0, 0, , 0, 0, 0, 0, 0, 
548, 0, 552, -1, -1, 136, 298, 26.0, 15, , 4054, 0, 0, 0, , 0, 0, 0, 0, 0, 
549, 1, 553, 546, -1, 103, 223, 18.0, 13, Cappppv, 1849, 0, 0, 0, , 0, 0, 0, 0, 0, 
550, 0, 554, -1, -1, 337, 263, 26.0, 9, , 1317, 0, 0, 0, , 0, 0, 0, 0, 0, 
551, 0, 555, -1, -1, 99, 329, 26.0, 19, , 4145, 0, 0, 0, , 0, 0, 0, 0, 0, 
552, 1, 556, 549, -1, 231, 169, 20.0, 11, ABpraapppa, 2210, 0, 0, 0, , 0, 0, 0, 0, 0, 
553, 0, 558, -1, -1, 227, 313, 29.0, 14, , 974, 0, 0, 0, , 0, 0, 0, 0, 0, 
554, 1, 559, 551, -1, 261, 202, 13.0, 13, ABplpapaapp, 7199, 0, 0, 0, , 0, 0, 0, 0, 0, 
555, 1, 560, 552, -1, 124, 240, 13.0, 13, Nuc367_10_90_277, 4524, 0, 0, 0, , 0, 0, 0, 0, 0, 
556, 1, 561, 553, -1, 269, 248, 19.0, 11, Nuc367_18_250_245, 2637, 0, 0, 0, , 0, 0, 0, 0, 0, 
557, 0, 562, -1, -1, 324, 258, 27.0, 9, , 842, 0, 0, 0, , 0, 0, 0, 0, 0, 
558, 1, 563, 555, -1, 330, 222, 22.0, 11, Nuc368_22_320_222, 4060, 0, 0, 0, , 0, 0, 0, 0, 0, 
559, 0, 564, -1, -1, 82, 297, 23.0, 19, , 7324, 0, 0, 0, , 0, 0, 0, 0, 0, 
560, 0, 565, -1, -1, 269, 289, 29.0, 13, , 2636, 0, 0, 0, , 0, 0, 0, 0, 0, 
561, 0, 566, -1, -1, 323, 205, 33.0, 14, , 1059, 0, 0, 0, , 0, 0, 0, 0, 0, 
562, 1, 567, 559, -1, 166, 323, 10.0, 21, ABplappaap, 20728, 0, 0, 0, , 0, 0, 0, 0, 0, 
563, 1, 568, 560, -1, 348, 220, 24.0, 13, Nuc368_24_350_225, 2487, 0, 0, 0, , 0, 0, 0, 0, 0, 
564, 1, 569, 561, -1, 232, 180, 33.0, 11, Nuc368_31_254_161, 786, 0, 0, 0, , 0, 0, 0, 0, 0, 
565, 1, 570, 562, -1, 317, 288, 16.0, 13, Nuc369_20_324_290, 2700, 0, 0, 0, , 0, 0, 0, 0, 0, 
566, 0, 571, -1, -1, 121, 262, 11.0, 17, , 9660, 0, 0, 0, , 0, 0, 0, 0, 0, 
567, 1, 572, 564, -1, 258, 184, 12.0, 11, Nuc370_11_272_206, 5542, 0, 0, 0, , 0, 0, 0, 0, 0, 
568, 0, 573, -1, -1, 240, 279, 12.0, 13, , 5088, 0, 0, 0, , 0, 0, 0, 0, 0, 
569, 1, 574, 566, -1, 216, 175, 26.0, 9, ABprppaapaa, 1556, 0, 0, 0, , 0, 0, 0, 0, 0, 
570, 1, 575, 567, -1, 291, 176, 29.0, 13, ABalaappppa, 3959, 0, 0, 0, , 0, 0, 0, 0, 0, 
571, 0, 576, -1, -1, 233, 247, 22.0, 13, , 4222, 0, 0, 0, , 0, 0, 0, 0, 0, 
572, 0, 577, -1, -1, 222, 215, 29.0, 9, , 1165, 0, 0, 0, , 0, 0, 0, 0, 0, 
573, 1, 578, 569, -1, 285, 240, 28.0, 11, Nuc370_27_273_239, 4063, 0, 0, 0, , 0, 0, 0, 0, 0, 
574, 0, 579, -1, -1, 182, 338, 26.0, 15, , 3964, 0, 0, 0, , 0, 0, 0, 0, 0, 
575, 1, 580, 571, -1, 310, 241, 31.0, 13, MSaaaaaar, 4251, 0, 0, 0, , 0, 0, 0, 0, 0, 
576, 1, 581, 572, -1, 350, 278, 27.0, 9, Nuc370_29_347_252, 489, 0, 0, 0, , 0, 0, 0, 0, 0, 
577, 1, 582, 573, -1, 270, 227, 9.0, 9, Nuc371_9_279_254, 2315, 0, 0, 0, , 0, 0, 0, 0, 0, 
578, 0, 583, -1, -1, 169, 207, 22.0, 9, , 1698, 0, 0, 0, , 0, 0, 0, 0, 0, 
579, 1, 584, 575, -1, 131, 229, 25.0, 11, ABprapppappp, 1862, 0, 0, 0, , 0, 0, 0, 0, 0, 
580, 1, 585, 576, -1, 228, 193, 20.0, 11, ABprpaapppa, 2907, 0, 0, 0, , 0, 0, 0, 0, 0, 
581, 1, 586, 577, -1, 105, 342, 14.0, 19, Cpaapp, 7600, 0, 0, 0, , 0, 0, 0, 0, 0, 
582, 1, 587, 578, -1, 296, 225, 13.0, 13, Nuc372_14_299_235, 3937, 0, 0, 0, , 0, 0, 0, 0, 0, 
583, 1, 588, 579, -1, 356, 190, 23.0, 15, Nuc372_22_346_185, 4606, 0, 0, 0, , 0, 0, 0, 0, 0, 
584, 1, 589, 580, -1, 306, 260, 10.0, 11, Nuc372_11_310_260p, 1520, 0, 0, 0, , 0, 0, 0, 0, 0, 
585, 1, 590, 581, -1, 311, 187, 19.0, 13, Nuc372_18_305_199, 5440, 0, 0, 0, , 0, 0, 0, 0, 0, 
586, 1, 591, 582, -1, 290, 218, 26.0, 11, Nuc372_22_285_216, 2094, 0, 0, 0, , 0, 0, 0, 0, 0, 
587, 1, 592, 583, -1, 99, 331, 23.0, 21, Nuc386_24_101_334, 9941, 0, 0, 0, , 0, 0, 0, 0, 0, 
588, 1, 593, 584, -1, 307, 212, 13.0, 11, Nuc373_14_311_218, 1751, 0, 0, 0, , 0, 0, 0, 0, 0, 
589, 1, 594, 585, -1, 280, 234, 23.0, 9, Nuc373_21_271_241, 764, 0, 0, 0, , 0, 0, 0, 0, 0, 
590, 1, 595, 586, -1, 213, 336, 29.0, 17, Earaav, 6256, 0, 0, 0, , 0, 0, 0, 0, 0, 
591, 1, 596, 587, -1, 270, 221, 34.0, 11, Nuc373_34_260_201, 766, 0, 0, 0, , 0, 0, 0, 0, 0, 
592, 0, 597, -1, -1, 142, 347, 21.0, 15, , 4215, 0, 0, 0, , 0, 0, 0, 0, 0, 
593, 1, 598, 589, -1, 262, 250, 33.0, 13, Nuc373_35_266_222, 2580, 0, 0, 0, , 0, 0, 0, 0, 0, 
594, 1, 599, 590, -1, 117, 303, 16.0, 23, Nuc374_16_128_315, 8702, 0, 0, 0, , 0, 0, 0, 0, 0, 
595, 1, 600, 591, -1, 347, 226, 21.0, 13, Nuc374_21_346_232, 3427, 0, 0, 0, , 0, 0, 0, 0, 0, 
596, 1, 601, 592, -1, 203, 218, 29.0, 13, ABprppaaaapp, 4961, 0, 0, 0, , 0, 0, 0, 0, 0, 
597, 1, 602, 593, -1, 310, 250, 34.0, 13, MSppappa, 4087, 0, 0, 0, , 0, 0, 0, 0, 0, 
598, 1, 603, 594, -1, 166, 356, 16.0, 23, Nuc375_18_180_357, 4999, 0, 0, 0, , 0, 0, 0, 0, 0, 
599, 1, 604, 595, -1, 295, 292, 14.0, 13, ABplaapapppa, 2861, 0, 0, 0, , 0, 0, 0, 0, 0, 
600, 0, 605, -1, -1, 113, 341, 20.0, 13, , 4796, 0, 0, 0, , 0, 0, 0, 0, 0, 
601, 1, 606, 597, -1, 307, 272, 22.0, 11, Nuc375_24_310_269, 1591, 0, 0, 0, , 0, 0, 0, 0, 0, 
602, 0, 607, -1, -1, 151, 344, 26.0, 15, , 4032, 0, 0, 0, , 0, 0, 0, 0, 0, 
603, 1, 608, 599, -1, 78, 256, 13.0, 14, Cappapp, 3964, 0, 0, 0, , 0, 0, 0, 0, 0, 
604, 1, 609, 600, -1, 132, 200, 18.0, 11, Nuc376_18_127_211, 1282, 0, 0, 0, , 0, 0, 0, 0, 0, 
605, 1, 610, 601, -1, 300, 180, 14.0, 13, Nuc376_14_296_173, 4689, 0, 0, 0, , 0, 0, 0, 0, 0, 
606, 0, 611, -1, -1, 77, 296, 20.0, 13, , 2381, 0, 0, 0, , 0, 0, 0, 0, 0, 
607, 0, 612, -1, -1, 94, 297, 21.0, 11, , 2501, 0, 0, 0, , 0, 0, 0, 0, 0, 
608, 1, 613, 604, -1, 88, 299, 19.0, 21, Eplpa, 6271, 0, 0, 0, , 0, 0, 0, 0, 0, 
609, 1, 614, 605, -1, 139, 370, 22.0, 17, Cappaap, 8785, 0, 0, 0, , 0, 0, 0, 0, 0, 
610, 0, 615, -1, -1, 107, 335, 24.0, 11, , 1056, 0, 0, 0, , 0, 0, 0, 0, 0, 
611, 1, 616, 607, -1, 240, 246, 33.0, 11, ABprapaaaap, 878, 0, 0, 0, , 0, 0, 0, 0, 0, 
612, 1, 617, 608, -1, 189, 243, 17.0, 13, Nuc377_15_189_246, 5287, 0, 0, 0, , 0, 0, 0, 0, 0, 
613, 1, 618, 609, -1, 185, 304, 23.0, 11, Nuc384_23_192_309, 1465, 0, 0, 0, , 0, 0, 0, 0, 0, 
614, 1, -1, 610, -1, 260, 165, 26.0, 13, Nuc388_26_260_165, 2802, 0, 0, 0, , 0, 0, 0, 0, 0, 
615, 1, 621, 611, -1, 245, 184, 31.0, 13, Nuc377_32_235_172, 2587, 0, 0, 0, , 0, 0, 0, 0, 0, 
616, 1, 622, 612, -1, 321, 223, 35.0, 13, Nuc377_35_301_191, 1407, 0, 0, 0, , 0, 0, 0, 0, 0, 
617, 1, 623, 613, -1, 266, 192, 14.0, 13, Nuc377_13_267_200, 3903, 0, 0, 0, , 0, 0, 0, 0, 0, 
618, 1, 624, 614, -1, 321, 175, 29.0, 11, Nuc377_29_318_168, 1292, 0, 0, 0, , 0, 0, 0, 0, 0, 
619, 1, 626, 615, -1, 200, 239, 14.0, 13, Nuc378_13_202_238, 8213, 0, 0, 0, , 0, 0, 0, 0, 0, 
620, 1, 627, 616, -1, 286, 246, 21.0, 13, Nuc378_21_284_257, 5702, 0, 0, 0, , 0, 0, 0, 0, 0, 
621, 0, 628, -1, -1, 87, 240, 23.0, 13, , 2522, 0, 0, 0, , 0, 0, 0, 0, 0, 
622, 1, 629, 618, -1, 271, 249, 21.0, 11, Nuc379_16_252_246, 3458, 0, 0, 0, , 0, 0, 0, 0, 0, 
623, 1, 630, 619, -1, 317, 178, 18.0, 13, Nuc379_18_317_184, 6014, 0, 0, 0, , 0, 0, 0, 0, 0, 
624, 1, 631, 620, -1, 287, 188, 20.0, 9, ABprpaaapaaa, 1301, 0, 0, 0, , 0, 0, 0, 0, 0, 
625, 1, 632, 621, -1, 313, 186, 23.0, 11, Nuc379_22_308_189, 2017, 0, 0, 0, , 0, 0, 0, 0, 0, 
626, 1, 633, -1, -1, 228, 177, 31.0, 11, Nuc379_29_231_165, 2801, 0, 0, 0, , 0, 0, 0, 0, 0, 
627, 1, 634, 622, -1, 271, 197, 35.0, 11, Nuc379_36_273_190, 2379, 0, 0, 0, , 0, 0, 0, 0, 0, 
628, 1, 635, 623, -1, 230, 276, 12.0, 13, Nuc382_14_235_275, 4233, 0, 0, 0, , 0, 0, 0, 0, 0, 
629, 1, 636, 624, -1, 202, 313, 11.0, 19, ABplappaaa, 17002, 0, 0, 0, , 0, 0, 0, 0, 0, 
630, 1, 637, 625, -1, 312, 168, 22.0, 13, Nuc380_23_305_171, 2351, 0, 0, 0, , 0, 0, 0, 0, 0, 
631, 1, 638, 626, -1, 298, 210, 23.0, 13, Nuc380_23_293_213, 7764, 0, 0, 0, , 0, 0, 0, 0, 0, 
632, 1, 639, 627, -1, 250, 290, 29.0, 11, MSpaapaaa, 1828, 0, 0, 0, , 0, 0, 0, 0, 0, 
633, 1, 640, 628, -1, 80, 255, 26.0, 17, Cpppapp, 3409, 0, 0, 0, , 0, 0, 0, 0, 0, 
634, 1, 641, 629, -1, 312, 234, 35.0, 11, Nuc380_34_309_225, 576, 0, 0, 0, , 0, 0, 0, 0, 0, 
635, 1, 642, 630, -1, 199, 346, 33.0, 15, Dppppp, 2334, 0, 0, 0, , 0, 0, 0, 0, 0, 
636, 1, 643, 631, -1, 276, 220, 12.0, 13, MSappapp, 2395, 0, 0, 0, , 0, 0, 0, 0, 0, 
637, 1, 644, 632, -1, 124, 340, 21.0, 15, Nuc380_22_131_338, 4326, 0, 0, 0, , 0, 0, 0, 0, 0, 
638, 1, 645, -1, -1, 199, 308, 28.0, 11, Nuc387_29_198_305, 1418, 0, 0, 0, , 0, 0, 0, 0, 0, 
639, 1, 646, 634, -1, 309, 250, 10.0, 11, Nuc381_10_302_262, 1874, 0, 0, 0, , 0, 0, 0, 0, 0, 
640, 0, 647, -1, -1, 153, 196, 18.0, 11, , 670, 0, 0, 0, , 0, 0, 0, 0, 0, 
641, 1, 648, 635, -1, 248, 224, 22.0, 11, Nuc381_21_243_229, 2375, 0, 0, 0, , 0, 0, 0, 0, 0, 
642, 1, 649, 636, -1, 328, 217, 20.0, 15, Nuc381_22_327_224, 3207, 0, 0, 0, , 0, 0, 0, 0, 0, 
643, 1, 650, 637, -1, 329, 185, 21.0, 7, Nuc381_22_325_188, 587, 0, 0, 0, , 0, 0, 0, 0, 0, 
644, 1, 651, 638, -1, 343, 264, 22.0, 15, Nuc381_23_341_270, 4958, 0, 0, 0, , 0, 0, 0, 0, 0, 
645, 1, 652, 639, -1, 237, 303, 26.0, 15, Nuc381_25_238_301, 6994, 0, 0, 0, , 0, 0, 0, 0, 0, 
646, 1, 653, 640, -1, 265, 160, 31.0, 11, Nuc381_27_252_164, 1412, 0, 0, 0, , 0, 0, 0, 0, 0, 
647, 1, 654, 641, -1, 219, 283, 33.0, 17, Nuc381_31_219_278, 3871, 0, 0, 0, , 0, 0, 0, 0, 0, 
648, 1, 656, 642, -1, 92, 324, 20.0, 21, Eplap, 13884, 0, 0, 0, , 0, 0, 0, 0, 0, 
649, 1, 657, 643, -1, 297, 204, 29.0, 11, Nuc381_27_296_200, 1767, 0, 0, 0, , 0, 0, 0, 0, 0, 
650, 1, 658, 644, -1, 282, 249, 31.0, 11, Nuc381_31_279_245, 1682, 0, 0, 0, , 0, 0, 0, 0, 0, 
651, 1, 659, 645, -1, 157, 219, 13.0, 11, Nuc382_14_143_225, 2116, 0, 0, 0, , 0, 0, 0, 0, 0, 
652, 1, 660, -1, -1, 169, 211, 17.0, 13, Nuc382_16_150_214, 6895, 0, 0, 0, , 0, 0, 0, 0, 0, 
653, 0, 661, -1, -1, 137, 201, 19.0, 15, , 4947, 0, 0, 0, , 0, 0, 0, 0, 0, 
654, 1, 662, 648, -1, 346, 230, 19.0, 14, Nuc382_19_339_237, 2060, 0, 0, 0, , 0, 0, 0, 0, 0, 
655, 0, 663, -1, -1, 168, 319, 22.0, 19, , 3770, 0, 0, 0, , 0, 0, 0, 0, 0, 
656, 1, 664, -1, -1, 280, 208, 10.0, 9, Nuc383_10_279_213, 1291, 0, 0, 0, , 0, 0, 0, 0, 0, 
657, 1, 665, 650, -1, 225, 254, 14.0, 11, MSaapppaa, 1932, 0, 0, 0, , 0, 0, 0, 0, 0, 
658, 1, 666, 651, -1, 287, 177, 16.0, 15, Nuc383_15_286_174, 6075, 0, 0, 0, , 0, 0, 0, 0, 0, 
659, 1, 667, -1, -1, 240, 227, 21.0, 9, Nuc383_18_232_219, 581, 0, 0, 0, , 0, 0, 0, 0, 0, 
660, 1, 668, 652, -1, 266, 328, 18.0, 13, Cpaaaa, 1119, 0, 0, 0, , 0, 0, 0, 0, 0, 
661, 1, 669, 653, -1, 300, 209, 20.0, 13, Nuc383_21_292_222, 7078, 0, 0, 0, , 0, 0, 0, 0, 0, 
662, 1, 670, 654, -1, 219, 284, 27.0, 11, MSpapapap, 2770, 0, 0, 0, , 0, 0, 0, 0, 0, 
663, 0, 671, -1, -1, 268, 180, 36.0, 11, , 2048, 0, 0, 0, , 0, 0, 0, 0, 0, 
664, 1, 672, 656, -1, 365, 236, 29.0, 11, Nuc383_29_365_232, 2126, 0, 0, 0, , 0, 0, 0, 0, 0, 
665, 1, 674, 657, -1, 283, 234, 8.0, 11, Nuc384_8_283_226, 1730, 0, 0, 0, , 0, 0, 0, 0, 0, 
666, 1, 675, 658, -1, 300, 302, 17.0, 13, Nuc384_18_304_302, 4052, 0, 0, 0, , 0, 0, 0, 0, 0, 
667, 0, 676, -1, -1, 144, 343, 19.0, 17, , 4018, 0, 0, 0, , 0, 0, 0, 0, 0, 
668, 1, 677, 660, -1, 232, 172, 27.0, 13, ABprppaaaaa, 4835, 0, 0, 0, , 0, 0, 0, 0, 0, 
669, 1, 678, 661, -1, 340, 247, 26.0, 11, Nuc384_27_343_242, 1261, 0, 0, 0, , 0, 0, 0, 0, 0, 
670, 1, 679, 662, -1, 160, 360, 31.0, 19, Cpppaap, 11465, 0, 0, 0, , 0, 0, 0, 0, 0, 
671, 1, 680, 663, -1, 311, 206, 35.0, 11, Nuc384_36_323_207, 2409, 0, 0, 0, , 0, 0, 0, 0, 0, 
672, 0, 681, -1, -1, 259, 330, 17.0, 15, , 2153, 0, 0, 0, , 0, 0, 0, 0, 0, 
673, 1, 721, 665, -1, 193, 325, 27.0, 19, Earpa, 21094, 0, 0, 0, , 0, 0, 0, 0, 0, 
674, 1, 683, 666, -1, 328, 190, 13.0, 9, Nuc385_12_320_194, 1104, 0, 0, 0, , 0, 0, 0, 0, 0, 
675, 1, 554, 667, -1, 348, 263, 24.0, 14, MSapaaap, 5022, 0, 0, 0, , 0, 0, 0, 0, 0, 
676, 1, 685, 668, -1, 289, 247, 23.0, 11, Nuc385_24_290_247, 1415, 0, 0, 0, , 0, 0, 0, 0, 0, 
677, 1, 686, 669, -1, 83, 307, 24.0, 14, Nuc385_25_90_314, 3006, 0, 0, 0, , 0, 0, 0, 0, 0, 
678, 1, 687, 670, -1, 307, 177, 27.0, 11, Nuc385_26_305_176, 2138, 0, 0, 0, , 0, 0, 0, 0, 0, 
679, 1, 688, 671, -1, 297, 307, 31.0, 13, Nuc385_30_298_308, 3763, 0, 0, 0, , 0, 0, 0, 0, 0, 
680, 1, 689, 672, -1, 317, 171, 32.0, 11, Nuc385_31_319_171, 507, 0, 0, 0, , 0, 0, 0, 0, 0, 
681, 1, 690, 673, -1, 248, 186, 32.0, 11, Nuc385_32_247_184, 2308, 0, 0, 0, , 0, 0, 0, 0, 0, 
682, 1, 691, -1, -1, 131, 224, 12.0, 9, Nuc386_12_114_229, 1380, 0, 0, 0, , 0, 0, 0, 0, 0, 
683, 0, 692, -1, -1, 111, 217, 18.0, 15, , 4702, 0, 0, 0, , 0, 0, 0, 0, 0, 
684, 1, 647, 675, -1, 155, 204, 19.0, 13, ABprpppapap, 5962, 0, 0, 0, , 0, 0, 0, 0, 0, 
685, 0, 695, -1, -1, 121, 340, 25.0, 15, , 4954, 0, 0, 0, , 0, 0, 0, 0, 0, 
686, 1, 696, 677, -1, 263, 168, 28.0, 13, ABpraaaapad, 6004, 0, 0, 0, , 0, 0, 0, 0, 0, 
687, 1, 697, 678, -1, 77, 261, 27.0, 15, Nuc386_27_78_263, 1745, 0, 0, 0, , 0, 0, 0, 0, 0, 
688, 1, 698, 679, -1, 362, 212, 30.0, 11, Nuc386_29_361_210, 2804, 0, 0, 0, , 0, 0, 0, 0, 0, 
689, 1, 699, 680, -1, 227, 227, 25.0, 9, Nuc386_25_227_228, 1049, 0, 0, 0, , 0, 0, 0, 0, 0, 
690, 1, 700, 681, -1, 193, 248, 20.0, 13, ABprppappaa, 4424, 0, 0, 0, , 0, 0, 0, 0, 0, 
691, 1, 701, 682, -1, 304, 260, 9.0, 11, Nuc387_10_303_261, 3021, 0, 0, 0, , 0, 0, 0, 0, 0, 
692, 1, 702, 683, -1, 270, 236, 13.0, 11, MSapppaa, 2519, 0, 0, 0, , 0, 0, 0, 0, 0, 
693, 1, 703, 684, -1, 210, 344, 17.0, 19, Cpaaap, 9968, 0, 0, 0, , 0, 0, 0, 0, 0, 
694, 1, 704, 685, -1, 288, 286, 18.0, 14, Nuc387_19_289_290, 191, 0, 0, 0, , 0, 0, 0, 0, 0, 
695, 1, 705, 686, -1, 338, 232, 24.0, 7, Nuc387_24_338_233, 369, 0, 0, 0, , 0, 0, 0, 0, 0, 
696, 0, 706, -1, -1, 243, 183, 24.0, 13, , 2112, 0, 0, 0, , 0, 0, 0, 0, 0, 
697, 1, 707, 688, -1, 347, 266, 27.0, 9, Nuc387_26_344_266, 1492, 0, 0, 0, , 0, 0, 0, 0, 0, 
698, 1, 708, 689, -1, 233, 267, 30.0, 13, MSpapappa, 1878, 0, 0, 0, , 0, 0, 0, 0, 0, 
699, 1, 709, 690, -1, 233, 167, 24.0, 11, Nuc387_24_231_168, 2083, 0, 0, 0, , 0, 0, 0, 0, 0, 
700, 1, 710, 691, -1, 308, 266, 21.0, 11, Nuc387_22_308_263, 1488, 0, 0, 0, , 0, 0, 0, 0, 0, 
701, 0, -1, -1, -1, 182, 341, 22.0, 19, , 12129, 0, 0, 0, , 0, 0, 0, 0, 0, 
702, 1, -1, 693, -1, 253, 258, 28.0, 19, Nuc388_28_253_258, 15316, 0, 0, 0, , 0, 0, 0, 0, 0, 
703, 1, -1, 694, -1, 262, 184, 11.0, 17, Nuc388_11_262_184, 7689, 0, 0, 0, , 0, 0, 0, 0, 0, 
704, 0, -1, -1, -1, 207, 256, 11.0, 11, , 1501, 0, 0, 0, , 0, 0, 0, 0, 0, 
705, 1, -1, 696, -1, 352, 223, 13.0, 15, Nuc388_13_352_223, 2009, 0, 0, 0, , 0, 0, 0, 0, 0, 
706, 1, -1, 697, -1, 226, 223, 21.0, 9, Nuc388_21_226_223, 1268, 0, 0, 0, , 0, 0, 0, 0, 0, 
707, 1, 576, 698, -1, 248, 245, 23.0, 13, MSpapaaaa, 4687, 0, 0, 0, , 0, 0, 0, 0, 0, 
708, 0, -1, -1, -1, 254, 218, 30.0, 13, , 1378, 0, 0, 0, , 0, 0, 0, 0, 0, 
709, 1, -1, 700, -1, 315, 229, 34.0, 15, Nuc388_34_315_229, 3755, 0, 0, 0, , 0, 0, 0, 0, 0, 
710, 1, 711, 711, -1, 132, 203, 17.0, 13, ABprppppppp, 0, 0, 0, 0, , 0, 0, 0, 0, 0, 
711, 1, 712, 712, -1, 240, 282, 13.0, 16, ABplppaaaap, 0, 0, 0, 0, , 0, 0, 0, 0, 0, 
712, 1, 713, 646, -1, 166, 213, 15.0, 10, ABplpppapap, 0, 0, 0, 0, , 0, 0, 0, 0, 0, 
713, 1, 714, 713, -1, 309, 302, 21.0, 13, ABalapaaapa, 0, 0, 0, 0, , 0, 0, 0, 0, 0, 
714, 1, 715, 714, -1, 296, 242, 36.0, 11, ABalappapap, 0, 0, 0, 0, , 0, 0, 0, 0, 0, 
715, 1, 716, 715, -1, 325, 256, 28.0, 13, ABalapppaaa, 0, 0, 0, 0, , 0, 0, 0, 0, 0, 
716, 1, 717, 706, -1, 261, 284, 35.0, 14, Dpaap, 0, 0, 0, 0, , 0, 0, 0, 0, 0, 
717, 1, 718, 716, -1, 122, 291, 28.857143, 13, Cppaapp, 0, 0, 0, 0, , 0, 0, 0, 0, 0, 
718, 1, 719, 717, -1, 89, 266, 30.0, 15, Cpapaa, 0, 0, 0, 0, , 0, 0, 0, 0, 0, 
719, 1, 720, 718, -1, 232, 334, 18.0, 17, Caaaaa, 0, 0, 0, 0, , 0, 0, 0, 0, 0, 
720, 1, 722, 408, -1, 181, 340, 24.333334, 19, Earap, 4766, 0, 0, 0, , 0, 0, 0, 0, 0, 
721, 1, 723, 633, -1, 196, 304, 28.666666, 13, Earaad, 0, 0, 0, 0, , 0, 0, 0, 0, 0, 
722, 1, 306, 719, -1, 117, 340, 21.666666, 17, Ealpp, 7306, 0, 0, 0, , 0, 0, 0, 0, 0, 
723, 1, 374, 720, -1, 241, 183, 25.0, 13, MSppppaa, 0, 0, 0, 0, , 0, 0, 0, 0, 0, 
724, 1, 724, 721, -1, 255, 167, 21.666666, 12, MSpppapp, 1758, 0, 0, 0, , 0, 0, 0, 0, 0, 
725, 1, 725, 723, -1, 226, 312, 28.666666, 14, MSpaapapp, 2131, 0, 0, 0, , 0, 0, 0, 0, 0, 
726, 1, 726, 725, -1, 275, 188, 16.0, 13, ABprpappaaa, 0, 0, 0, 0, , 0, 0, 0, 0, 0, 
727, 1, 727, 726, -1, 245, 174, 18.0, 11, ABprpaappppp, 0, 0, 0, 0, , 0, 0, 0, 0, 0, 
728, 1, 583, 727, -1, 172, 221, 21.0, 15, ABprappppa, 5854, 0, 0, 0, , 0, 0, 0, 0, 0, 
729, 1, 728, 728, -1, 283, 204, 33.0, 13, ABpraapaapp, 3969, 0, 0, 0, , 0, 0, 0, 0, 0, 
730, 1, 729, 729, -1, 302, 196, 32.214287, 13, ABpraapaapa, 0, 0, 0, 0, , 0, 0, 0, 0, 0, 
731, 1, 730, 730, -1, 232, 212, 31.0, 15, ABpraaapppaa, 0, 0, 0, 0, , 0, 0, 0, 0, 0, 
732, 1, 732, 731, -1, 253, 228, 31.166666, 13, ABpraaaapppp, 0, 0, 0, 0, , 0, 0, 0, 0, 0, 
733, 1, 733, 732, -1, 242, 182, 28.142857, 13, ABpraaaapav, 0, 0, 0, 0, , 0, 0, 0, 0, 0, 
734, 1, 734, 733, -1, 133, 211, 13.571428, 13, ABplppppppp, 1118, 0, 0, 0, , 0, 0, 0, 0, 0, 
735, 1, 735, 158, -1, 200, 252, 18.857143, 13, ABplppappap, 4212, 0, 0, 0, , 0, 0, 0, 0, 0, 
736, 1, 736, 734, -1, 228, 211, 15.0, 13, ABplpapappa, 0, 0, 0, 0, , 0, 0, 0, 0, 0, 
737, 1, 737, 735, -1, 256, 216, 14.142858, 13, ABplpapaapa, 0, 0, 0, 0, , 0, 0, 0, 0, 0, 
