1, 1, 1, 1, -1, 271, 258, 30.0, 11, ABaraaapapp, 3250, 0, 0, 0, , 0, 0, 0, 0, 0, 
2, 1, 2, 2, -1, 242, 257, 25.0, 13, ABaraappppp, 4165, 0, 0, 0, , 0, 0, 0, 0, 0, 
3, 1, 3, 3, -1, 252, 282, 19.0, 15, ABaraapappa, 7226, 0, 0, 0, , 0, 0, 0, 0, 0, 
4, 1, 4, 4, -1, 249, 265, 19.0, 15, ABaraapappp, 5887, 0, 0, 0, , 0, 0, 0, 0, 0, 
5, 1, 5, 5, -1, 261, 304, 21.0, 15, ABaraapapap, 6341, 0, 0, 0, , 0, 0, 0, 0, 0, 
6, 1, 6, 6, -1, 320, 218, 23.0, 15, ABaraapaaaa, 8074, 0, 0, 0, , 0, 0, 0, 0, 0, 
7, 1, 7, 7, -1, 314, 243, 23.0, 15, ABaraapaaap, 5833, 0, 0, 0, , 0, 0, 0, 0, 0, 
8, 1, 8, 8, -1, 305, 259, 24.0, 13, ABaraapaapa, 7250, 0, 0, 0, , 0, 0, 0, 0, 0, 
9, 1, 9, 9, -1, 341, 212, 24.0, 13, ABaraaappaa, 3278, 0, 0, 0, , 0, 0, 0, 0, 0, 
10, 1, 10, 10, -1, 332, 195, 26.0, 13, ABaraaapppa, 3135, 0, 0, 0, , 0, 0, 0, 0, 0, 
11, 1, 11, 11, -1, 329, 204, 31.0, 11, ABaraaapppp, 2255, 0, 0, 0, , 0, 0, 0, 0, 0, 
12, 1, 12, 12, -1, 321, 203, 26.0, 13, ABaraaapaaa, 2902, 0, 0, 0, , 0, 0, 0, 0, 0, 
13, 1, 13, 13, -1, 305, 234, 19.0, 11, ABaraaaaaap, 3027, 0, 0, 0, , 0, 0, 0, 0, 0, 
14, 1, 14, 14, -1, 286, 269, 24.0, 11, ABaraaaapp, 745, 0, 0, 0, , 0, 0, 0, 0, 0, 
15, 1, 15, 15, -1, 216, 275, 22.0, 15, ABalpappapp, 4829, 0, 0, 0, , 0, 0, 0, 0, 0, 
16, 1, 16, 16, -1, 261, 227, 26.0, 11, ABarapapaap, 5540, 0, 0, 0, , 0, 0, 0, 0, 0, 
17, 1, 17, 17, -1, 261, 238, 28.0, 13, ABarapappaa, 6010, 0, 0, 0, , 0, 0, 0, 0, 0, 
18, 1, 18, 18, -1, 283, 173, 13.0, 15, ABalaapappa, 8436, 0, 0, 0, , 0, 0, 0, 0, 0, 
19, 1, 19, 19, -1, 295, 207, 21.0, 11, ABarapaaapp, 4582, 0, 0, 0, , 0, 0, 0, 0, 0, 
20, 1, 20, 20, -1, 287, 232, 26.0, 13, ABarapaapap, 5377, 0, 0, 0, , 0, 0, 0, 0, 0, 
21, 1, 21, 21, -1, 267, 194, 20.0, 11, ABarapppapa, 4412, 0, 0, 0, , 0, 0, 0, 0, 0, 
22, 1, 22, 22, -1, 285, 169, 17.0, 11, Nuc365_12_301_194p, 1987, 0, 0, 0, , 0, 0, 0, 0, 0, 
23, 1, 23, 23, -1, 287, 162, 18.0, 13, Nuc365_12_301_194a, 3999, 0, 0, 0, , 0, 0, 0, 0, 0, 
24, 1, 24, 24, -1, 301, 164, 20.0, 15, Nuc365_14_294_182, 4939, 0, 0, 0, , 0, 0, 0, 0, 0, 
25, 1, 25, 25, -1, 285, 190, 29.0, 15, Nuc365_22_276_188, 4347, 0, 0, 0, , 0, 0, 0, 0, 0, 
26, 1, 26, 26, -1, 295, 178, 20.0, 13, ABarapppaap, 5131, 0, 0, 0, , 0, 0, 0, 0, 0, 
27, 1, 27, 27, -1, 262, 204, 30.0, 11, ABalaapppap, 736, 0, 0, 0, , 0, 0, 0, 0, 0, 
28, 1, 28, 28, -1, 285, 183, 22.0, 13, ABarapppppp, 1852, 0, 0, 0, , 0, 0, 0, 0, 0, 
29, 1, 29, 29, -1, 294, 194, 25.0, 13, ABarappaaaa, 5352, 0, 0, 0, , 0, 0, 0, 0, 0, 
30, 1, 30, 30, -1, 257, 209, 21.0, 13, ABarappapaa, 8822, 0, 0, 0, , 0, 0, 0, 0, 0, 
31, 1, 31, 31, -1, 226, 201, 19.0, 13, ABprpapappa, 1367, 0, 0, 0, , 0, 0, 0, 0, 0, 
32, 1, 32, 32, -1, 303, 183, 34.0, 15, ABarpapppaa, 7072, 0, 0, 0, , 0, 0, 0, 0, 0, 
33, 1, 32, 33, -1, 298, 171, 32.0, 15, ABarpapppap, 4959, 0, 0, 0, , 0, 0, 0, 0, 0, 
34, 1, 33, 34, -1, 370, 227, 28.0, 13, ABarpaapaa, 2633, 0, 0, 0, , 0, 0, 0, 0, 0, 
35, 1, 34, 35, -1, 357, 235, 27.0, 11, ABarpaaaaar, 3138, 0, 0, 0, , 0, 0, 0, 0, 0, 
36, 1, 35, 36, -1, 354, 220, 27.0, 13, ABarpaaaapa, 3606, 0, 0, 0, , 0, 0, 0, 0, 0, 
37, 1, 36, 37, -1, 369, 206, 27.0, 11, ABarpaaapp, 2476, 0, 0, 0, , 0, 0, 0, 0, 0, 
38, 1, 37, 38, -1, 341, 233, 27.0, 13, ABarpaaapaa, 3037, 0, 0, 0, , 0, 0, 0, 0, 0, 
39, 1, 38, 39, -1, 234, 321, 18.0, 17, ABarppaapp, 4250, 0, 0, 0, , 0, 0, 0, 0, 0, 
40, 1, 39, 40, -1, 131, 341, 13.0, 17, ABarppappa, 5871, 0, 0, 0, , 0, 0, 0, 0, 0, 
41, 1, 40, 41, -1, 217, 324, 13.0, 15, ABarppapap, 11325, 0, 0, 0, , 0, 0, 0, 0, 0, 
42, 1, 41, 42, -1, 330, 243, 26.0, 11, ABalapppaap, 810, 0, 0, 0, , 0, 0, 0, 0, 0, 
43, 1, 42, 43, -1, 335, 282, 24.0, 11, Nuc371_30_331_250, 1732, 0, 0, 0, , 0, 0, 0, 0, 0, 
44, 1, 43, 44, -1, 356, 255, 29.0, 15, ABarpapapp, 5471, 0, 0, 0, , 0, 0, 0, 0, 0, 
45, 1, 44, 45, -1, 289, 171, 24.0, 13, ABalaappaa, 3059, 0, 0, 0, , 0, 0, 0, 0, 0, 
46, 1, 45, 46, -1, 281, 206, 31.0, 13, ABarappppaa, 7311, 0, 0, 0, , 0, 0, 0, 0, 0, 
47, 1, 46, 47, -1, 233, 191, 33.0, 11, ABalaapppaa, 2493, 0, 0, 0, , 0, 0, 0, 0, 0, 
48, 1, 47, 48, -1, 294, 178, 23.0, 13, ABalaapaapp, 2642, 0, 0, 0, , 0, 0, 0, 0, 0, 
49, 1, 48, 49, -1, 324, 176, 26.0, 13, ABalaaaarra, 2938, 0, 0, 0, , 0, 0, 0, 0, 0, 
50, 1, 49, 50, -1, 327, 238, 19.0, 13, ABalaaaarlp, 4442, 0, 0, 0, , 0, 0, 0, 0, 0, 
51, 1, 50, 51, -1, 321, 218, 12.0, 13, ABalaaaalpp, 2664, 0, 0, 0, , 0, 0, 0, 0, 0, 
52, 1, 51, 52, -1, 345, 209, 28.0, 13, ABpraapaaap, 8767, 0, 0, 0, , 0, 0, 0, 0, 0, 
53, 1, 52, 53, -1, 305, 222, 33.0, 13, ABpraaapapa, 4171, 0, 0, 0, , 0, 0, 0, 0, 0, 
54, 1, 53, 54, -1, 317, 166, 28.0, 13, ABpraaaaapv, 3809, 0, 0, 0, , 0, 0, 0, 0, 0, 
55, 1, 54, 55, -1, 329, 274, 28.0, 13, ABalappaapa, 4014, 0, 0, 0, , 0, 0, 0, 0, 0, 
56, 1, 55, 56, -1, 166, 228, 18.0, 13, ABplppppapp, 4616, 0, 0, 0, , 0, 0, 0, 0, 0, 
57, 1, 56, 57, -1, 145, 246, 17.0, 11, ABplppppaaa, 3813, 0, 0, 0, , 0, 0, 0, 0, 0, 
58, 1, 57, 58, -1, 133, 234, 18.0, 13, ABplppppaap, 4211, 0, 0, 0, , 0, 0, 0, 0, 0, 
59, 1, 58, 59, -1, 147, 212, 13.0, 15, Nuc386_12_117_225, 5687, 0, 0, 0, , 0, 0, 0, 0, 0, 
60, 1, 59, 60, -1, 153, 205, 17.0, 15, ABplppppppa, 5462, 0, 0, 0, , 0, 0, 0, 0, 0, 
61, 1, 60, 61, -1, 116, 222, 15.0, 15, ABplpppppap, 5049, 0, 0, 0, , 0, 0, 0, 0, 0, 
62, 1, 61, 62, -1, 126, 257, 16.0, 15, ABplpppppaa, 5116, 0, 0, 0, , 0, 0, 0, 0, 0, 
63, 1, 62, 63, -1, 148, 246, 14.0, 13, ABplpppaapp, 4611, 0, 0, 0, , 0, 0, 0, 0, 0, 
64, 1, 63, 64, -1, 162, 254, 20.0, 13, ABplpppaaaa, 5471, 0, 0, 0, , 0, 0, 0, 0, 0, 
65, 1, 64, 65, -1, 131, 284, 18.0, 15, ABplpppaaap, 6191, 0, 0, 0, , 0, 0, 0, 0, 0, 
66, 1, -1, -1, -1, 132, 265, 20.0, 15, Nuc399_20_132_265, 6864, 0, 0, 0, , 0, 0, 0, 0, 0, 
67, 1, 66, 67, -1, 171, 285, 20.0, 13, ABplppapppa, 3207, 0, 0, 0, , 0, 0, 0, 0, 0, 
68, 1, 67, 68, -1, 205, 272, 19.0, 11, ABprppapaap, 2899, 0, 0, 0, , 0, 0, 0, 0, 0, 
69, 0, 68, -1, -1, 205, 254, 20.0, 15, , 7266, 0, 0, 0, , 0, 0, 0, 0, 0, 
70, 1, 69, 69, -1, 192, 277, 17.0, 13, ABplppapapa, 5431, 0, 0, 0, , 0, 0, 0, 0, 0, 
71, 1, 70, 70, -1, 171, 296, 18.0, 13, ABplppapapp, 4376, 0, 0, 0, , 0, 0, 0, 0, 0, 
72, 1, 71, 71, -1, 151, 300, 19.0, 15, ABprppapppa, 4382, 0, 0, 0, , 0, 0, 0, 0, 0, 
73, 1, 72, 72, -1, 134, 285, 20.0, 13, ABplppaappp, 5013, 0, 0, 0, , 0, 0, 0, 0, 0, 
74, 0, 73, -1, -1, 275, 186, 17.0, 13, , 4074, 0, 0, 0, , 0, 0, 0, 0, 0, 
75, 1, 74, 74, -1, 202, 288, 20.0, 13, MSaappap, 3256, 0, 0, 0, , 0, 0, 0, 0, 0, 
76, 1, 75, 75, -1, 141, 219, 19.0, 13, ABplpappppp, 3916, 0, 0, 0, , 0, 0, 0, 0, 0, 
77, 1, 76, 76, -1, 137, 244, 21.0, 13, ABplpappppa, 3405, 0, 0, 0, , 0, 0, 0, 0, 0, 
78, 1, 77, 77, -1, 152, 229, 17.0, 13, ABplpapppaa, 3545, 0, 0, 0, , 0, 0, 0, 0, 0, 
79, 1, 78, 78, -1, 150, 225, 23.0, 13, ABplpapppap, 4508, 0, 0, 0, , 0, 0, 0, 0, 0, 
80, 1, 79, 79, -1, 219, 212, 14.0, 15, ABplapaapa, 8597, 0, 0, 0, , 0, 0, 0, 0, 0, 
81, 1, 80, 80, -1, 237, 242, 17.0, 15, ABplpapapap, 5214, 0, 0, 0, , 0, 0, 0, 0, 0, 
82, 1, 81, 81, -1, 226, 253, 17.0, 13, ABplpapapaa, 3781, 0, 0, 0, , 0, 0, 0, 0, 0, 
83, 1, 82, 82, -1, 240, 227, 16.0, 11, Nuc365_12_254_241a, 3750, 0, 0, 0, , 0, 0, 0, 0, 0, 
84, 1, 83, -1, -1, 239, 237, 18.0, 13, Nuc365_12_254_241p, 2936, 0, 0, 0, , 0, 0, 0, 0, 0, 
85, 1, 84, 83, -1, 256, 227, 16.0, 11, ABplpapaaaa, 5241, 0, 0, 0, , 0, 0, 0, 0, 0, 
86, 1, 85, 84, -1, 208, 249, 21.0, 13, ABplppapaap, 4835, 0, 0, 0, , 0, 0, 0, 0, 0, 
87, 1, 86, 85, -1, 295, 242, 12.0, 13, ABplpaaaaaa, 7123, 0, 0, 0, , 0, 0, 0, 0, 0, 
88, 1, 87, 86, -1, 278, 190, 13.0, 13, ABplpaapapp, 6668, 0, 0, 0, , 0, 0, 0, 0, 0, 
89, 1, 88, 87, -1, 253, 274, 14.0, 13, ABplpaappap, 2020, 0, 0, 0, , 0, 0, 0, 0, 0, 
90, 1, 89, 88, -1, 248, 258, 11.0, 13, ABplppaapap, 6352, 0, 0, 0, , 0, 0, 0, 0, 0, 
91, 1, 90, 89, -1, 257, 281, 12.0, 13, ABplpaapaap, 4387, 0, 0, 0, , 0, 0, 0, 0, 0, 
92, 0, 91, -1, -1, 292, 288, 18.0, 13, , 1373, 0, 0, 0, , 0, 0, 0, 0, 0, 
93, 1, 92, 91, -1, 345, 247, 14.0, 15, ABplpaapapa, 6003, 0, 0, 0, , 0, 0, 0, 0, 0, 
94, 1, 93, 92, -1, 363, 214, 24.0, 13, ABplaapaaaa, 4608, 0, 0, 0, , 0, 0, 0, 0, 0, 
95, 1, 94, 93, -1, 360, 219, 21.0, 15, ABplaapaaap, 5786, 0, 0, 0, , 0, 0, 0, 0, 0, 
96, 1, 95, 94, -1, 334, 242, 16.0, 13, ABplaapaapa, 5283, 0, 0, 0, , 0, 0, 0, 0, 0, 
97, 1, 96, 95, -1, 279, 293, 16.0, 11, ABplaapapppp, 1923, 0, 0, 0, , 0, 0, 0, 0, 0, 
98, 1, 97, 96, -1, 267, 285, 16.0, 13, ABplaapapap, 4432, 0, 0, 0, , 0, 0, 0, 0, 0, 
99, 1, 98, 97, -1, 258, 268, 15.0, 13, ABplaapapaa, 3651, 0, 0, 0, , 0, 0, 0, 0, 0, 
100, 1, 99, 98, -1, 366, 246, 27.0, 13, ABplaaaapp, 4185, 0, 0, 0, , 0, 0, 0, 0, 0, 
101, 1, 100, 99, -1, 331, 240, 11.0, 15, ABplaaappa, 4171, 0, 0, 0, , 0, 0, 0, 0, 0, 
102, 0, 101, -1, -1, 331, 253, 21.0, 9, , 547, 0, 0, 0, , 0, 0, 0, 0, 0, 
103, 0, 102, -1, -1, 330, 273, 13.0, 13, , 2881, 0, 0, 0, , 0, 0, 0, 0, 0, 
104, 1, 103, 102, -1, 332, 255, 19.0, 9, ABplaaappp, 2287, 0, 0, 0, , 0, 0, 0, 0, 0, 
105, 1, 104, 103, -1, 337, 198, 16.0, 13, ABplaaapaa, 5246, 0, 0, 0, , 0, 0, 0, 0, 0, 
106, 1, 105, 104, -1, 182, 231, 17.0, 15, ABplappppa, 5521, 0, 0, 0, , 0, 0, 0, 0, 0, 
107, 1, 106, 105, -1, 151, 216, 12.0, 11, ABplappppp, 777, 0, 0, 0, , 0, 0, 0, 0, 0, 
108, 1, 107, 106, -1, 133, 240, 14.0, 11, ABplpppaapa, 5158, 0, 0, 0, , 0, 0, 0, 0, 0, 
109, 1, 108, 107, -1, 103, 245, 11.0, 19, Cpappd, 12322, 0, 0, 0, , 0, 0, 0, 0, 0, 
110, 1, 109, 108, -1, 128, 318, 11.0, 17, ABplappapp, 8379, 0, 0, 0, , 0, 0, 0, 0, 0, 
111, 1, 110, 109, -1, 171, 338, 13.0, 17, ABplappapa, 8157, 0, 0, 0, , 0, 0, 0, 0, 0, 
112, 1, 111, 110, -1, 217, 300, 12.0, 15, ABplapaapp, 9411, 0, 0, 0, , 0, 0, 0, 0, 0, 
113, 1, 112, 111, -1, 314, 292, 21.0, 17, ABarppaaaa, 4279, 0, 0, 0, , 0, 0, 0, 0, 0, 
114, 1, 113, 112, -1, 117, 290, 11.0, 17, ABplapapap, 13144, 0, 0, 0, , 0, 0, 0, 0, 0, 
115, 1, 114, 113, -1, 128, 268, 12.0, 15, ABplapappa, 4669, 0, 0, 0, , 0, 0, 0, 0, 0, 
116, 1, 115, 114, -1, 98, 307, 11.0, 19, ABplapapaa, 7217, 0, 0, 0, , 0, 0, 0, 0, 0, 
117, 1, 116, 115, -1, 236, 212, 22.0, 11, ABprpapaaap, 3387, 0, 0, 0, , 0, 0, 0, 0, 0, 
118, 1, 117, 116, -1, 156, 255, 18.0, 15, ABprpapappp, 3622, 0, 0, 0, , 0, 0, 0, 0, 0, 
119, 1, 118, 117, -1, 217, 226, 24.0, 13, ABprpapapaa, 3618, 0, 0, 0, , 0, 0, 0, 0, 0, 
120, 1, 119, 118, -1, 107, 257, 18.0, 13, Eplppp, 2432, 0, 0, 0, , 0, 0, 0, 0, 0, 
121, 1, 120, 119, -1, 121, 222, 23.0, 13, ABprpappppa, 4517, 0, 0, 0, , 0, 0, 0, 0, 0, 
122, 1, 121, 120, -1, 202, 243, 15.0, 15, Nuc367_14_177_266, 7157, 0, 0, 0, , 0, 0, 0, 0, 0, 
123, 1, 122, 121, -1, 250, 224, 20.0, 11, ABprpappaap, 2997, 0, 0, 0, , 0, 0, 0, 0, 0, 
124, 1, 123, 122, -1, 306, 197, 20.0, 13, ABarapapapa, 5508, 0, 0, 0, , 0, 0, 0, 0, 0, 
125, 1, 124, 123, -1, 235, 193, 30.0, 13, ABprpaaaaap, 4256, 0, 0, 0, , 0, 0, 0, 0, 0, 
126, 1, 125, 124, -1, 243, 224, 32.0, 15, Nuc398_31_239_226, 1934, 0, 0, 0, , 0, 0, 0, 0, 0, 
127, 1, 126, 125, -1, 192, 261, 17.0, 15, ABprpaaaapp, 5432, 0, 0, 0, , 0, 0, 0, 0, 0, 
128, 1, 127, 669, -1, 234, 193, 17.0, 13, ABprpaaaapa, 4904, 0, 0, 0, , 0, 0, 0, 0, 0, 
129, 1, 128, 126, -1, 271, 194, 29.0, 13, ABprpaaaaaa, 5672, 0, 0, 0, , 0, 0, 0, 0, 0, 
130, 1, 129, 127, -1, 257, 190, 21.0, 15, ABprpapaapp, 2902, 0, 0, 0, , 0, 0, 0, 0, 0, 
131, 1, 130, 128, -1, 248, 200, 22.0, 11, ABprpapaapa, 1862, 0, 0, 0, , 0, 0, 0, 0, 0, 
132, 1, 131, 129, -1, 269, 179, 25.0, 13, ABprpaaappp, 4983, 0, 0, 0, , 0, 0, 0, 0, 0, 
133, 1, 132, 130, -1, 282, 155, 23.0, 9, Nuc398_24_277_158, 497, 0, 0, 0, , 0, 0, 0, 0, 0, 
134, 1, 133, 131, -1, 225, 225, 32.0, 13, ABprpaapaap, 5426, 0, 0, 0, , 0, 0, 0, 0, 0, 
135, 1, 134, 132, -1, 235, 208, 29.0, 13, ABprpaappaa, 4170, 0, 0, 0, , 0, 0, 0, 0, 0, 
136, 0, -1, -1, -1, 131, 268, 19.0, 17, , 5022, 0, 0, 0, , 0, 0, 0, 0, 0, 
137, 1, 136, 134, -1, 157, 259, 23.0, 13, ABprpppaaaa, 5299, 0, 0, 0, , 0, 0, 0, 0, 0, 
138, 1, 137, 135, -1, 165, 219, 28.0, 13, ABprpppapaa, 4440, 0, 0, 0, , 0, 0, 0, 0, 0, 
139, 1, 138, 136, -1, 170, 231, 23.0, 13, ABprppppapa, 3726, 0, 0, 0, , 0, 0, 0, 0, 0, 
140, 1, 139, 137, -1, 164, 218, 21.0, 15, ABprppppapp, 5611, 0, 0, 0, , 0, 0, 0, 0, 0, 
141, 1, 140, 138, -1, 147, 239, 24.0, 15, ABprppppaaa, 4320, 0, 0, 0, , 0, 0, 0, 0, 0, 
142, 1, 141, 139, -1, 132, 229, 23.0, 13, ABprppppaap, 4113, 0, 0, 0, , 0, 0, 0, 0, 0, 
143, 1, 142, 140, -1, 122, 271, 26.0, 15, ABprpppppaa, 4958, 0, 0, 0, , 0, 0, 0, 0, 0, 
144, 1, 143, 141, -1, 132, 251, 24.0, 13, ABprpppppap, 3343, 0, 0, 0, , 0, 0, 0, 0, 0, 
145, 1, 144, 142, -1, 218, 205, 30.0, 13, ABprppaapap, 4219, 0, 0, 0, , 0, 0, 0, 0, 0, 
146, 1, 145, 143, -1, 210, 212, 19.0, 13, ABprppaappa, 8355, 0, 0, 0, , 0, 0, 0, 0, 0, 
147, 1, 146, 144, -1, 148, 271, 19.0, 11, ABprppaappp, 3087, 0, 0, 0, , 0, 0, 0, 0, 0, 
148, 1, 147, 145, -1, 205, 215, 30.0, 13, ABprppaaaapa, 4892, 0, 0, 0, , 0, 0, 0, 0, 0, 
149, 1, 148, 146, -1, 203, 219, 21.0, 13, ABprppapaaa, 5268, 0, 0, 0, , 0, 0, 0, 0, 0, 
150, 0, 149, -1, -1, 208, 252, 18.0, 13, , 8893, 0, 0, 0, , 0, 0, 0, 0, 0, 
151, 1, 150, 148, -1, 191, 272, 21.0, 13, ABprppappap, 2277, 0, 0, 0, , 0, 0, 0, 0, 0, 
152, 1, 151, 149, -1, 183, 279, 22.0, 13, ABprppapapa, 3590, 0, 0, 0, , 0, 0, 0, 0, 0, 
153, 1, 152, 150, -1, 145, 304, 22.0, 13, ABprppapapp, 3085, 0, 0, 0, , 0, 0, 0, 0, 0, 
154, 1, 153, 151, -1, 142, 259, 19.0, 11, ABprppapppp, 2622, 0, 0, 0, , 0, 0, 0, 0, 0, 
155, 1, 154, 152, -1, 191, 246, 24.0, 13, MSpapppap, 1736, 0, 0, 0, , 0, 0, 0, 0, 0, 
156, 1, 155, 153, -1, 356, 204, 26.0, 15, ABpraapaaaa, 4026, 0, 0, 0, , 0, 0, 0, 0, 0, 
157, 1, 156, 154, -1, 328, 241, 33.0, 15, ABarpapaaapp, 5534, 0, 0, 0, , 0, 0, 0, 0, 0, 
158, 1, 157, -1, -1, 337, 215, 34.0, 15, ABarpapaaapa, 4888, 0, 0, 0, , 0, 0, 0, 0, 0, 
159, 1, 158, 155, -1, 243, 241, 30.0, 15, ABpraapapap, 4826, 0, 0, 0, , 0, 0, 0, 0, 0, 
160, 1, 159, 156, -1, 237, 228, 28.0, 15, ABpraapapaa, 5845, 0, 0, 0, , 0, 0, 0, 0, 0, 
161, 1, 160, 157, -1, 245, 224, 26.0, 13, ABpraapappa, 2834, 0, 0, 0, , 0, 0, 0, 0, 0, 
162, 1, 161, 158, -1, 212, 227, 30.0, 11, ABprppaaaapp, 2046, 0, 0, 0, , 0, 0, 0, 0, 0, 
163, 1, 162, 159, -1, 320, 169, 21.0, 13, ABpraappaa, 4027, 0, 0, 0, , 0, 0, 0, 0, 0, 
164, 0, 163, -1, -1, 251, 178, 26.0, 13, , 2349, 0, 0, 0, , 0, 0, 0, 0, 0, 
165, 1, 164, 161, -1, 234, 244, 36.0, 11, ABpraaapppap, 2080, 0, 0, 0, , 0, 0, 0, 0, 0, 
166, 1, 165, 162, -1, 253, 185, 29.0, 13, ABpraaaaaaa, 3391, 0, 0, 0, , 0, 0, 0, 0, 0, 
167, 1, 166, 163, -1, 114, 300, 32.0, 19, ABprappapp, 4169, 0, 0, 0, , 0, 0, 0, 0, 0, 
168, 1, 167, 164, -1, 156, 316, 34.0, 17, ABprappapa, 6031, 0, 0, 0, , 0, 0, 0, 0, 0, 
169, 1, 168, 165, -1, 148, 301, 32.0, 19, ABprappaap, 6699, 0, 0, 0, , 0, 0, 0, 0, 0, 
170, 1, 169, 166, -1, 175, 284, 31.0, 19, ABprappaaa, 7817, 0, 0, 0, , 0, 0, 0, 0, 0, 
171, 1, 170, 167, -1, 139, 234, 26.0, 11, ABprpppaapa, 811, 0, 0, 0, , 0, 0, 0, 0, 0, 
172, 0, 171, -1, -1, 153, 202, 28.0, 9, , 1649, 0, 0, 0, , 0, 0, 0, 0, 0, 
173, 1, 172, 169, -1, 127, 204, 23.0, 11, ABprapappppp, 2699, 0, 0, 0, , 0, 0, 0, 0, 0, 
174, 1, 173, 170, -1, 144, 202, 24.0, 17, ABprappppp, 20633, 0, 0, 0, , 0, 0, 0, 0, 0, 
175, 1, 174, 171, 172, 222, 242, 30.0, 13, ABprapaaapa, 3958, 0, 0, 0, , 0, 0, 0, 0, 0, 
176, 1, 175, 173, -1, 216, 263, 30.0, 15, ABprapaaapp, 5228, 0, 0, 0, , 0, 0, 0, 0, 0, 
177, 1, 176, 174, -1, 192, 262, 30.0, 15, ABprapaapp, 5808, 0, 0, 0, , 0, 0, 0, 0, 0, 
178, 1, 177, 175, -1, 211, 198, 21.0, 13, ABprapaapa, 6516, 0, 0, 0, , 0, 0, 0, 0, 0, 
179, 1, 178, 176, -1, 137, 254, 30.0, 15, ABprapappa, 6359, 0, 0, 0, , 0, 0, 0, 0, 0, 
180, 1, 179, 177, -1, 117, 269, 31.0, 15, ABprapapap, 5996, 0, 0, 0, , 0, 0, 0, 0, 0, 
181, 1, 180, 178, -1, 94, 280, 32.0, 19, ABprapapaa, 22259, 0, 0, 0, , 0, 0, 0, 0, 0, 
182, 1, 181, 179, -1, 292, 276, 34.0, 15, MSppppap, 3798, 0, 0, 0, , 0, 0, 0, 0, 0, 
183, 1, 182, 180, -1, 308, 284, 31.0, 13, MSpppaaa, 5911, 0, 0, 0, , 0, 0, 0, 0, 0, 
184, 1, 183, 181, -1, 151, 293, 29.0, 15, Cppaapa, 4488, 0, 0, 0, , 0, 0, 0, 0, 0, 
185, 1, 184, 182, -1, 247, 208, 24.0, 13, ABprpapaaaa, 2748, 0, 0, 0, , 0, 0, 0, 0, 0, 
186, 1, 185, 183, -1, 124, 263, 22.0, 15, MSppaapp, 3858, 0, 0, 0, , 0, 0, 0, 0, 0, 
187, 1, 186, 184, -1, 284, 223, 30.0, 11, MSppaaaad, 3779, 0, 0, 0, , 0, 0, 0, 0, 0, 
188, 1, 187, 185, -1, 274, 222, 27.0, 11, Nuc361_23_260_214, 3865, 0, 0, 0, , 0, 0, 0, 0, 0, 
189, 1, 188, 186, -1, 208, 306, 28.0, 13, MSpapappp, 1993, 0, 0, 0, , 0, 0, 0, 0, 0, 
190, 1, 189, 187, -1, 211, 274, 24.0, 13, MSpapapaa, 2577, 0, 0, 0, , 0, 0, 0, 0, 0, 
191, 1, 190, 188, -1, 229, 257, 24.0, 13, MSpapaaap, 3736, 0, 0, 0, , 0, 0, 0, 0, 0, 
192, 1, 191, 189, -1, 156, 302, 15.0, 15, MSpappaa, 12674, 0, 0, 0, , 0, 0, 0, 0, 0, 
193, 1, 192, 190, -1, 181, 264, 24.0, 13, MSpappppa, 847, 0, 0, 0, , 0, 0, 0, 0, 0, 
194, 1, 193, 191, -1, 169, 283, 25.0, 13, MSpappppp, 5505, 0, 0, 0, , 0, 0, 0, 0, 0, 
195, 1, 194, 192, -1, 257, 321, 28.0, 13, MSpaaappp, 3877, 0, 0, 0, , 0, 0, 0, 0, 0, 
196, 1, 195, 193, -1, 254, 314, 23.0, 15, MSpaaapaa, 4603, 0, 0, 0, , 0, 0, 0, 0, 0, 
197, 1, 196, 194, -1, 281, 276, 29.0, 13, MSpaaaapp, 3447, 0, 0, 0, , 0, 0, 0, 0, 0, 
198, 1, 197, 195, -1, 287, 292, 28.0, 15, MSpaaaaaa, 4358, 0, 0, 0, , 0, 0, 0, 0, 0, 
199, 1, 198, 196, -1, 266, 282, 29.0, 13, ABaraappapp, 3883, 0, 0, 0, , 0, 0, 0, 0, 0, 
200, 1, 199, 197, -1, 240, 259, 28.0, 15, ABaraappppa, 5151, 0, 0, 0, , 0, 0, 0, 0, 0, 
201, 1, 200, 198, -1, 252, 277, 32.0, 17, ABaraapppap, 5643, 0, 0, 0, , 0, 0, 0, 0, 0, 
202, 1, 201, 199, -1, 251, 311, 28.0, 11, MSpaapaap, 2577, 0, 0, 0, , 0, 0, 0, 0, 0, 
203, 0, 202, -1, -1, 274, 304, 30.0, 13, , 3541, 0, 0, 0, , 0, 0, 0, 0, 0, 
204, 1, 202, 201, -1, 277, 301, 28.0, 15, MSpaaappa, 2989, 0, 0, 0, , 0, 0, 0, 0, 0, 
205, 1, 203, 202, -1, 237, 304, 31.0, 17, MSpaapapa, 3320, 0, 0, 0, , 0, 0, 0, 0, 0, 
206, 1, 204, 203, -1, 295, 307, 22.0, 13, MSapppap, 1454, 0, 0, 0, , 0, 0, 0, 0, 0, 
207, 1, 205, 204, -1, 329, 262, 33.0, 19, Nuc374_30_325_260, 8274, 0, 0, 0, , 0, 0, 0, 0, 0, 
208, 1, 206, 205, -1, 296, 304, 26.0, 13, MSappaaa, 2070, 0, 0, 0, , 0, 0, 0, 0, 0, 
209, 1, 207, 206, -1, 276, 302, 23.0, 15, ABaraapaapp, 11604, 0, 0, 0, , 0, 0, 0, 0, 0, 
210, 1, 208, 207, -1, 117, 282, 22.0, 17, MSapaapp, 4744, 0, 0, 0, , 0, 0, 0, 0, 0, 
211, 1, 209, 208, -1, 308, 251, 18.0, 11, MSapaaaa, 2676, 0, 0, 0, , 0, 0, 0, 0, 0, 
212, 1, 210, 209, -1, 322, 264, 22.0, 13, MSaaaaaal, 4877, 0, 0, 0, , 0, 0, 0, 0, 0, 
213, 1, 211, 210, -1, 270, 316, 28.0, 13, MSaaaapaa, 3472, 0, 0, 0, , 0, 0, 0, 0, 0, 
214, 1, 213, 211, -1, 237, 309, 27.0, 11, MSaaaappp, 2341, 0, 0, 0, , 0, 0, 0, 0, 0, 
215, 1, 214, 212, -1, 236, 324, 27.0, 15, MSpaaapap, 4483, 0, 0, 0, , 0, 0, 0, 0, 0, 
216, 1, 215, 213, -1, 242, 319, 22.0, 15, MSaaapapa, 2981, 0, 0, 0, , 0, 0, 0, 0, 0, 
217, 1, 216, 214, -1, 217, 295, 24.0, 11, MSaaapapp, 2034, 0, 0, 0, , 0, 0, 0, 0, 0, 
218, 1, -1, 215, -1, 201, 329, 25.0, 13, Nuc399_25_201_329, 812, 0, 0, 0, , 0, 0, 0, 0, 0, 
219, 1, 218, 216, -1, 221, 338, 27.0, 13, MSaaappp, 3482, 0, 0, 0, , 0, 0, 0, 0, 0, 
220, 1, 219, 217, -1, 193, 280, 15.0, 11, MSaappppa, 1853, 0, 0, 0, , 0, 0, 0, 0, 0, 
221, 1, 220, 218, -1, 178, 297, 15.0, 17, MSaappppp, 2531, 0, 0, 0, , 0, 0, 0, 0, 0, 
222, 1, 221, 219, -1, 235, 267, 18.0, 13, MSaapaaap, 3019, 0, 0, 0, , 0, 0, 0, 0, 0, 
223, 1, 222, 220, -1, 258, 259, 21.0, 11, MSaapaaaa, 2701, 0, 0, 0, , 0, 0, 0, 0, 0, 
224, 1, 223, 221, -1, 216, 309, 21.0, 13, MSaapappp, 2796, 0, 0, 0, , 0, 0, 0, 0, 0, 
225, 1, 224, 222, -1, 246, 298, 19.0, 11, MSaapappa, 1243, 0, 0, 0, , 0, 0, 0, 0, 0, 
226, 1, 225, 223, -1, 219, 288, 20.0, 11, MSaapapaa, 2407, 0, 0, 0, , 0, 0, 0, 0, 0, 
227, 1, 226, 224, -1, 231, 292, 22.0, 11, MSaapapap, 3338, 0, 0, 0, , 0, 0, 0, 0, 0, 
228, 1, 228, 225, -1, 183, 359, 21.0, 17, Cappaaa, 4439, 0, 0, 0, , 0, 0, 0, 0, 0, 
229, 1, 229, 226, -1, 73, 254, 16.0, 13, Capppap, 2160, 0, 0, 0, , 0, 0, 0, 0, 0, 
230, 1, 231, 227, -1, 70, 331, 19.0, 15, Capppaa, 4837, 0, 0, 0, , 0, 0, 0, 0, 0, 
231, 1, 232, 228, -1, 77, 324, 15.0, 17, Capapap, 5360, 0, 0, 0, , 0, 0, 0, 0, 0, 
232, 1, 233, 229, -1, 151, 263, 15.0, 17, Capappp, 7485, 0, 0, 0, , 0, 0, 0, 0, 0, 
233, 1, 234, 230, -1, 134, 282, 13.0, 15, Capappa, 6876, 0, 0, 0, , 0, 0, 0, 0, 0, 
234, 1, 235, 231, -1, 182, 302, 13.0, 17, Capaaap, 7406, 0, 0, 0, , 0, 0, 0, 0, 0, 
235, 1, 236, 232, -1, 209, 283, 14.0, 13, Capaaaa, 5903, 0, 0, 0, , 0, 0, 0, 0, 0, 
236, 1, 237, 233, -1, 150, 196, 22.0, 17, Caappv, 8889, 0, 0, 0, , 0, 0, 0, 0, 0, 
237, 1, 238, 234, -1, 146, 198, 14.0, 13, Cpappv, 4099, 0, 0, 0, , 0, 0, 0, 0, 0, 
238, 0, 239, -1, -1, 151, 295, 29.0, 13, , 4480, 0, 0, 0, , 0, 0, 0, 0, 0, 
239, 1, 240, 236, -1, 175, 275, 27.0, 13, Cppaaap, 2827, 0, 0, 0, , 0, 0, 0, 0, 0, 
240, 1, 241, 237, -1, 188, 258, 27.0, 15, Cppaaaa, 4313, 0, 0, 0, , 0, 0, 0, 0, 0, 
241, 1, 242, 238, -1, 149, 250, 26.0, 15, Cppappp, 4626, 0, 0, 0, , 0, 0, 0, 0, 0, 
242, 1, 243, 239, -1, 130, 266, 28.0, 17, Cppappa, 4834, 0, 0, 0, , 0, 0, 0, 0, 0, 
243, 1, 244, 240, -1, 209, 334, 33.0, 19, Cpppaaa, 4988, 0, 0, 0, , 0, 0, 0, 0, 0, 
244, 1, 245, 241, -1, 255, 227, 13.0, 13, Daapa, 5682, 0, 0, 0, , 0, 0, 0, 0, 0, 
245, 1, 246, 242, -1, 238, 230, 12.0, 15, Daapp, 6220, 0, 0, 0, , 0, 0, 0, 0, 0, 
246, 0, 247, -1, -1, 239, 300, 16.0, 15, , 5533, 0, 0, 0, , 0, 0, 0, 0, 0, 
247, 1, 248, 244, -1, 294, 320, 25.0, 15, Dappaa, 3379, 0, 0, 0, , 0, 0, 0, 0, 0, 
248, 1, 249, 245, -1, 268, 325, 22.0, 17, Daaap, 3673, 0, 0, 0, , 0, 0, 0, 0, 0, 
249, 1, 250, 246, -1, 218, 199, 25.0, 15, Dpapp, 4221, 0, 0, 0, , 0, 0, 0, 0, 0, 
250, 1, 251, 247, -1, 233, 220, 25.0, 13, ABprpappapa, 1687, 0, 0, 0, , 0, 0, 0, 0, 0, 
251, 1, 252, 248, -1, 229, 337, 32.0, 17, Dppppa, 8238, 0, 0, 0, , 0, 0, 0, 0, 0, 
252, 1, 253, 249, -1, 253, 319, 32.0, 15, Dpppap, 4473, 0, 0, 0, , 0, 0, 0, 0, 0, 
253, 1, 254, 250, -1, 290, 298, 33.0, 17, Dpppaa, 3966, 0, 0, 0, , 0, 0, 0, 0, 0, 
254, 1, 255, 251, -1, 236, 315, 34.0, 15, Dppap, 4900, 0, 0, 0, , 0, 0, 0, 0, 0, 
255, 0, 256, -1, -1, 382, 243, 24.0, 15, , 5280, 0, 0, 0, , 0, 0, 0, 0, 0, 
256, 1, 257, 253, -1, 261, 297, 10.0, 11, ABalppppppap, 1619, 0, 0, 0, , 0, 0, 0, 0, 0, 
257, 1, 258, 254, -1, 351, 211, 13.0, 13, ABplaaapap, 2303, 0, 0, 0, , 0, 0, 0, 0, 0, 
258, 1, 259, 255, -1, 279, 243, 13.0, 9, ABalpppaaaa, 2765, 0, 0, 0, , 0, 0, 0, 0, 0, 
259, 1, 260, 256, -1, 305, 214, 13.0, 13, ABalpppaaap, 2023, 0, 0, 0, , 0, 0, 0, 0, 0, 
260, 1, 261, 257, -1, 331, 226, 11.0, 13, ABalpppaapd, 2935, 0, 0, 0, , 0, 0, 0, 0, 0, 
261, 1, 262, 258, -1, 336, 222, 17.0, 13, ABalpppaapv, 4625, 0, 0, 0, , 0, 0, 0, 0, 0, 
262, 1, 263, 259, -1, 283, 256, 12.0, 11, ABalpppapad, 2892, 0, 0, 0, , 0, 0, 0, 0, 0, 
263, 1, 264, 260, -1, 286, 232, 11.0, 13, ABalpppapav, 3953, 0, 0, 0, , 0, 0, 0, 0, 0, 
264, 1, 265, 261, -1, 321, 203, 13.0, 13, ABalppaaapp, 3574, 0, 0, 0, , 0, 0, 0, 0, 0, 
265, 1, 266, 262, -1, 266, 252, 12.0, 15, ABplpaaaaap, 6845, 0, 0, 0, , 0, 0, 0, 0, 0, 
266, 1, 267, 263, -1, 297, 200, 17.0, 7, ABalppapppaa, 449, 0, 0, 0, , 0, 0, 0, 0, 0, 
267, 1, 268, 264, -1, 280, 206, 16.0, 13, ABalppapppap, 599, 0, 0, 0, , 0, 0, 0, 0, 0, 
268, 1, 269, 265, -1, 307, 291, 18.0, 13, ABalppappaa, 3742, 0, 0, 0, , 0, 0, 0, 0, 0, 
269, 1, 270, 266, -1, 257, 213, 18.0, 15, ABalppapapa, 14567, 0, 0, 0, , 0, 0, 0, 0, 0, 
270, 1, 271, 267, -1, 323, 177, 17.0, 15, ABplaappaa, 5838, 0, 0, 0, , 0, 0, 0, 0, 0, 
271, 1, 272, 268, -1, 314, 243, 11.0, 13, ABalppapaaa, 4772, 0, 0, 0, , 0, 0, 0, 0, 0, 
272, 0, 273, -1, -1, 260, 198, 12.0, 15, , 6001, 0, 0, 0, , 0, 0, 0, 0, 0, 
273, 1, 274, 270, -1, 292, 223, 19.0, 13, ABalpaaaapa, 5533, 0, 0, 0, , 0, 0, 0, 0, 0, 
274, 1, 275, 271, -1, 280, 230, 19.0, 11, ABalpaaaaap, 3874, 0, 0, 0, , 0, 0, 0, 0, 0, 
275, 1, 276, 272, -1, 259, 249, 26.0, 15, ABalpappaaa, 6135, 0, 0, 0, , 0, 0, 0, 0, 0, 
276, 1, 278, 273, -1, 304, 273, 20.0, 11, ABalpaapapa, 848, 0, 0, 0, , 0, 0, 0, 0, 0, 
277, 1, 279, 274, -1, 266, 234, 21.0, 11, ABalpaaaapp, 6281, 0, 0, 0, , 0, 0, 0, 0, 0, 
278, 1, 280, 275, -1, 310, 214, 20.0, 17, ABalpaaaaaa, 4262, 0, 0, 0, , 0, 0, 0, 0, 0, 
279, 1, 281, 276, -1, 285, 248, 26.0, 7, Nuc362_20_282_258, 387, 0, 0, 0, , 0, 0, 0, 0, 0, 
280, 1, 282, 277, -1, 355, 237, 16.0, 13, ABalpaapppp, 2773, 0, 0, 0, , 0, 0, 0, 0, 0, 
281, 1, 283, 278, -1, 342, 209, 19.0, 13, ABalpaappaa, 3728, 0, 0, 0, , 0, 0, 0, 0, 0, 
282, 0, 284, -1, -1, 318, 223, 21.0, 13, , 4039, 0, 0, 0, , 0, 0, 0, 0, 0, 
283, 0, 285, -1, -1, 273, 224, 16.0, 11, , 3378, 0, 0, 0, , 0, 0, 0, 0, 0, 
284, 1, 286, 660, -1, 101, 333, 19.0, 15, Ealpp, 5181, 0, 0, 0, , 0, 0, 0, 0, 0, 
285, 1, 287, 281, -1, 182, 318, 23.0, 17, Ealpa, 10746, 0, 0, 0, , 0, 0, 0, 0, 0, 
286, 1, 288, 282, -1, 235, 342, 21.0, 17, Dapap, 11511, 0, 0, 0, , 0, 0, 0, 0, 0, 
287, 0, 289, -1, -1, 230, 275, 14.0, 17, , 14410, 0, 0, 0, , 0, 0, 0, 0, 0, 
288, 1, 290, 284, -1, 234, 301, 21.0, 13, MSaapaapp, 3629, 0, 0, 0, , 0, 0, 0, 0, 0, 
289, 1, 291, 285, -1, 231, 281, 18.0, 13, MSaapaapaa, 1319, 0, 0, 0, , 0, 0, 0, 0, 0, 
290, 1, 292, 286, -1, 230, 292, 17.0, 11, MSaapaapap, 1880, 0, 0, 0, , 0, 0, 0, 0, 0, 
291, 1, 293, 287, -1, 242, 257, 14.0, 13, Nuc395_14_243_259, 7734, 0, 0, 0, , 0, 0, 0, 0, 0, 
292, 1, 294, 288, -1, 325, 269, 17.0, 11, ABalaaaalar, 2076, 0, 0, 0, , 0, 0, 0, 0, 0, 
293, 1, 296, 289, -1, 287, 235, 34.0, 13, ABalaaapprr, 3107, 0, 0, 0, , 0, 0, 0, 0, 0, 
294, 1, 297, 290, -1, 280, 159, 27.0, 17, Nuc385_27_292_175, 2449, 0, 0, 0, , 0, 0, 0, 0, 0, 
295, 1, 298, 291, -1, 67, 326, 24.0, 17, Cppppaa, 12235, 0, 0, 0, , 0, 0, 0, 0, 0, 
296, 1, 299, 292, -1, 67, 267, 23.0, 13, Cppppap, 1531, 0, 0, 0, , 0, 0, 0, 0, 0, 
297, 0, 300, -1, -1, 83, 324, 24.0, 13, , 3877, 0, 0, 0, , 0, 0, 0, 0, 0, 
298, 1, 301, 294, -1, 215, 245, 15.0, 11, ABplppapaaap, 3018, 0, 0, 0, , 0, 0, 0, 0, 0, 
299, 1, 302, 295, -1, 220, 229, 13.0, 13, ABplppapaaaa, 4078, 0, 0, 0, , 0, 0, 0, 0, 0, 
300, 1, 303, 296, -1, 278, 322, 20.0, 11, ABalaaaalal, 3736, 0, 0, 0, , 0, 0, 0, 0, 0, 
301, 1, 304, 297, -1, 154, 296, 26.0, 15, MSpappap, 6260, 0, 0, 0, , 0, 0, 0, 0, 0, 
302, 1, 305, 298, -1, 108, 216, 22.0, 13, Cpppppd, 1733, 0, 0, 0, , 0, 0, 0, 0, 0, 
303, 1, 306, 299, -1, 275, 304, 17.0, 11, ABplapaaaaa, 3490, 0, 0, 0, , 0, 0, 0, 0, 0, 
304, 1, 307, 300, -1, 202, 289, 22.0, 13, MSaappaa, 7060, 0, 0, 0, , 0, 0, 0, 0, 0, 
305, 1, 308, 301, -1, 299, 223, 10.0, 11, ABalaaaalpa, 3014, 0, 0, 0, , 0, 0, 0, 0, 0, 
306, 1, 309, 302, -1, 349, 242, 20.0, 11, ABalaaaparr, 2002, 0, 0, 0, , 0, 0, 0, 0, 0, 
307, 1, 310, 303, -1, 362, 254, 21.0, 13, ABarpaaaapp, 3281, 0, 0, 0, , 0, 0, 0, 0, 0, 
308, 1, 311, 304, -1, 269, 262, 20.0, 13, ABalpaaappp, 3581, 0, 0, 0, , 0, 0, 0, 0, 0, 
309, 1, 312, 305, -1, 275, 262, 16.0, 13, ABalpaaappa, 6007, 0, 0, 0, , 0, 0, 0, 0, 0, 
310, 1, 313, 306, -1, 192, 299, 19.0, 13, Ealaad, 2236, 0, 0, 0, , 0, 0, 0, 0, 0, 
311, 1, 314, 307, -1, 315, 195, 21.0, 11, ABarappaapp, 4987, 0, 0, 0, , 0, 0, 0, 0, 0, 
312, 1, 315, 308, -1, 217, 266, 27.0, 13, MSpapaapaa, 3283, 0, 0, 0, , 0, 0, 0, 0, 0, 
313, 1, 316, 309, -1, 221, 279, 28.0, 11, MSpapaapap, 2819, 0, 0, 0, , 0, 0, 0, 0, 0, 
314, 1, 317, 310, -1, 314, 299, 25.0, 15, MSappppp, 4773, 0, 0, 0, , 0, 0, 0, 0, 0, 
315, 1, 318, 311, -1, 289, 274, 20.0, 17, ABalpaapapp, 4656, 0, 0, 0, , 0, 0, 0, 0, 0, 
316, 1, 319, 312, -1, 201, 221, 24.0, 13, MSpapppaa, 2138, 0, 0, 0, , 0, 0, 0, 0, 0, 
317, 1, 320, 313, -1, 208, 247, 26.0, 15, Dppaa, 4486, 0, 0, 0, , 0, 0, 0, 0, 0, 
318, 1, 321, 314, -1, 277, 230, 32.0, 13, ABprpaapaaa, 5286, 0, 0, 0, , 0, 0, 0, 0, 0, 
319, 1, 322, 315, -1, 269, 268, 11.0, 9, ABalpppppppp, 1737, 0, 0, 0, , 0, 0, 0, 0, 0, 
320, 1, 323, 316, -1, 155, 203, 20.0, 13, ABprppppppa, 5914, 0, 0, 0, , 0, 0, 0, 0, 0, 
321, 0, 324, -1, -1, 267, 180, 22.0, 11, , 1949, 0, 0, 0, , 0, 0, 0, 0, 0, 
322, 1, 325, 318, -1, 331, 284, 23.0, 19, MSappppa, 4073, 0, 0, 0, , 0, 0, 0, 0, 0, 
323, 1, 326, 319, -1, 167, 216, 14.0, 13, Cappppd, 5028, 0, 0, 0, , 0, 0, 0, 0, 0, 
324, 1, 327, 320, -1, 119, 259, 10.0, 11, ABplapppaap, 3794, 0, 0, 0, , 0, 0, 0, 0, 0, 
325, 1, 328, 321, -1, 227, 294, 28.0, 15, MSpapaapp, 3922, 0, 0, 0, , 0, 0, 0, 0, 0, 
326, 1, 329, 322, -1, 157, 312, 13.0, 13, Capaapa, 5500, 0, 0, 0, , 0, 0, 0, 0, 0, 
327, 1, 330, 323, -1, 234, 204, 33.0, 15, ABpraaappppp, 2858, 0, 0, 0, , 0, 0, 0, 0, 0, 
328, 1, 331, 324, -1, 276, 282, 11.0, 15, ABalpppppaa, 3422, 0, 0, 0, , 0, 0, 0, 0, 0, 
329, 1, 332, 325, -1, 309, 265, 17.0, 13, ABplpaapaaa, 7337, 0, 0, 0, , 0, 0, 0, 0, 0, 
330, 1, 333, 326, -1, 220, 264, 21.0, 13, ABarapapapp, 6473, 0, 0, 0, , 0, 0, 0, 0, 0, 
331, 1, 334, 327, -1, 211, 265, 15.0, 9, MSaapppap, 3095, 0, 0, 0, , 0, 0, 0, 0, 0, 
332, 1, 336, 328, -1, 244, 284, 15.0, 13, Nuc393_14_249_290, 1906, 0, 0, 0, , 0, 0, 0, 0, 0, 
333, 1, 337, 329, -1, 260, 300, 16.0, 13, Nuc393_16_260_296, 2912, 0, 0, 0, , 0, 0, 0, 0, 0, 
334, 0, 338, -1, -1, 266, 166, 23.0, 11, , 1438, 0, 0, 0, , 0, 0, 0, 0, 0, 
335, 1, 339, 330, -1, 126, 217, 18.0, 15, ABprpappppp, 4109, 0, 0, 0, , 0, 0, 0, 0, 0, 
336, 1, 340, 331, -1, 239, 205, 13.0, 17, ABalpapapppp, 10117, 0, 0, 0, , 0, 0, 0, 0, 0, 
337, 1, 341, 332, -1, 343, 254, 31.0, 9, ABalapppapp, 1358, 0, 0, 0, , 0, 0, 0, 0, 0, 
338, 1, 342, 333, -1, 295, 254, 14.0, 9, MSapapap, 3403, 0, 0, 0, , 0, 0, 0, 0, 0, 
339, 1, 343, 334, -1, 311, 259, 27.0, 15, ABaraappaaa, 7442, 0, 0, 0, , 0, 0, 0, 0, 0, 
340, 1, 344, 335, -1, 278, 276, 15.0, 13, ABalpppppap, 2793, 0, 0, 0, , 0, 0, 0, 0, 0, 
341, 1, 345, 336, -1, 306, 228, 13.0, 13, ABalppaappp, 4672, 0, 0, 0, , 0, 0, 0, 0, 0, 
342, 1, 346, 337, -1, 268, 242, 10.0, 15, ABplppaaaaa, 6271, 0, 0, 0, , 0, 0, 0, 0, 0, 
343, 1, 347, 338, -1, 283, 214, 23.0, 13, ABarapaaapa, 6024, 0, 0, 0, , 0, 0, 0, 0, 0, 
344, 1, 348, 339, -1, 308, 234, 26.0, 15, ABaraappaap, 5015, 0, 0, 0, , 0, 0, 0, 0, 0, 
345, 1, 349, 340, -1, 270, 282, 35.0, 13, ABaraaapapa, 799, 0, 0, 0, , 0, 0, 0, 0, 0, 
346, 1, 350, 341, -1, 317, 223, 16.0, 13, ABalpapaaaa, 6102, 0, 0, 0, , 0, 0, 0, 0, 0, 
347, 1, 351, 342, -1, 121, 236, 32.0, 15, Caappd, 2614, 0, 0, 0, , 0, 0, 0, 0, 0, 
348, 0, 352, -1, -1, 256, 261, 29.0, 11, , 3666, 0, 0, 0, , 0, 0, 0, 0, 0, 
349, 1, 353, 344, -1, 264, 258, 35.0, 13, ABarpppaaap, 2362, 0, 0, 0, , 0, 0, 0, 0, 0, 
350, 1, 353, 345, -1, 279, 256, 34.0, 15, ABarpppaaaa, 3567, 0, 0, 0, , 0, 0, 0, 0, 0, 
351, 1, 355, 346, -1, 324, 242, 16.0, 11, ABalapaappp, 1005, 0, 0, 0, , 0, 0, 0, 0, 0, 
352, 1, 356, 347, -1, 314, 212, 10.0, 13, ABplaappap, 3547, 0, 0, 0, , 0, 0, 0, 0, 0, 
353, 1, 357, 348, -1, 220, 221, 16.0, 15, ABplppaappa, 4328, 0, 0, 0, , 0, 0, 0, 0, 0, 
354, 1, 358, 349, -1, 224, 186, 21.0, 11, ABarappappp, 1103, 0, 0, 0, , 0, 0, 0, 0, 0, 
355, 1, 359, 350, -1, 86, 282, 11.0, 15, Cpapap, 4089, 0, 0, 0, , 0, 0, 0, 0, 0, 
356, 1, 360, 351, -1, 239, 207, 18.0, 13, ABplpaaaapa, 3500, 0, 0, 0, , 0, 0, 0, 0, 0, 
357, 1, 361, 352, -1, 292, 196, 13.0, 15, ABplpaaapap, 5886, 0, 0, 0, , 0, 0, 0, 0, 0, 
358, 1, 362, 353, -1, 270, 287, 19.0, 11, ABaraapapaa, 4194, 0, 0, 0, , 0, 0, 0, 0, 0, 
359, 1, 364, 354, -1, 157, 230, 28.0, 11, ABprpppaapp, 4270, 0, 0, 0, , 0, 0, 0, 0, 0, 
360, 1, 365, 355, -1, 169, 242, 17.0, 13, ABplppppapa, 4124, 0, 0, 0, , 0, 0, 0, 0, 0, 
361, 1, 366, 356, -1, 203, 230, 18.0, 13, ABprpapppap, 3526, 0, 0, 0, , 0, 0, 0, 0, 0, 
362, 0, 367, -1, -1, 204, 343, 27.0, 15, , 7204, 0, 0, 0, , 0, 0, 0, 0, 0, 
363, 1, 369, 358, -1, 277, 208, 33.0, 11, Nuc393_33_274_203, 1929, 0, 0, 0, , 0, 0, 0, 0, 0, 
364, 1, 370, 359, -1, 239, 291, 11.0, 11, ABplaapppp, 2509, 0, 0, 0, , 0, 0, 0, 0, 0, 
365, 1, 371, 360, -1, 292, 266, 30.0, 15, MSpaaaapa, 8145, 0, 0, 0, , 0, 0, 0, 0, 0, 
366, 1, 372, 361, -1, 146, 347, 26.0, 17, Epraa, 3965, 0, 0, 0, , 0, 0, 0, 0, 0, 
367, 1, 373, 362, -1, 320, 283, 17.0, 11, ABalaaapall, 3008, 0, 0, 0, , 0, 0, 0, 0, 0, 
368, 1, 374, 363, -1, 273, 245, 28.0, 13, ABarapaappa, 4884, 0, 0, 0, , 0, 0, 0, 0, 0, 
369, 0, 375, -1, -1, 339, 185, 31.0, 13, , 2823, 0, 0, 0, , 0, 0, 0, 0, 0, 
370, 1, 376, 365, -1, 250, 339, 24.0, 17, Dappap, 4368, 0, 0, 0, , 0, 0, 0, 0, 0, 
371, 1, 377, 366, -1, 351, 261, 21.0, 13, ABplaaaaaap, 4279, 0, 0, 0, , 0, 0, 0, 0, 0, 
372, 1, 378, 367, -1, 168, 344, 25.0, 17, Earap, 3965, 0, 0, 0, , 0, 0, 0, 0, 0, 
373, 0, 379, -1, -1, 136, 344, 26.0, 13, , 3297, 0, 0, 0, , 0, 0, 0, 0, 0, 
374, 0, 380, -1, -1, 296, 196, 30.0, 13, , 230, 0, 0, 0, , 0, 0, 0, 0, 0, 
375, 1, 381, -1, -1, 331, 250, 13.0, 9, Nuc386_14_329_256, 1750, 0, 0, 0, , 0, 0, 0, 0, 0, 
376, 1, 382, 370, -1, 321, 265, 15.0, 17, Nuc386_16_329_262, 4263, 0, 0, 0, , 0, 0, 0, 0, 0, 
377, 1, 383, 371, -1, 317, 262, 13.0, 11, Nuc373_14_335_258, 3277, 0, 0, 0, , 0, 0, 0, 0, 0, 
378, 1, 384, 372, -1, 257, 210, 25.0, 15, MSppaaaav, 2309, 0, 0, 0, , 0, 0, 0, 0, 0, 
379, 1, 385, 373, -1, 297, 246, 27.0, 13, ABaraappapa, 4542, 0, 0, 0, , 0, 0, 0, 0, 0, 
380, 1, 386, 374, -1, 127, 209, 15.0, 11, ABplapappppa, 2755, 0, 0, 0, , 0, 0, 0, 0, 0, 
381, 1, 387, 375, -1, 126, 226, 12.0, 13, ABplapappppp, 2912, 0, 0, 0, , 0, 0, 0, 0, 0, 
382, 1, 388, 376, -1, 70, 302, 28.0, 19, Cpppapa, 8487, 0, 0, 0, , 0, 0, 0, 0, 0, 
383, 1, 389, 377, -1, 338, 265, 16.0, 13, ABalapaaapp, 3307, 0, 0, 0, , 0, 0, 0, 0, 0, 
384, 1, 390, 378, -1, 262, 232, 24.0, 13, ABalpappppp, 3880, 0, 0, 0, , 0, 0, 0, 0, 0, 
385, 1, 391, 379, -1, 301, 299, 19.0, 13, ABalapaaaaa, 3772, 0, 0, 0, , 0, 0, 0, 0, 0, 
386, 1, 392, 380, -1, 188, 282, 27.0, 13, MSppapaap, 2135, 0, 0, 0, , 0, 0, 0, 0, 0, 
387, 1, 393, 381, -1, 203, 283, 30.0, 11, MSppapaaa, 1978, 0, 0, 0, , 0, 0, 0, 0, 0, 
388, 1, 394, 382, -1, 276, 169, 16.0, 11, ABarappaaap, 2568, 0, 0, 0, , 0, 0, 0, 0, 0, 
389, 0, 395, -1, -1, 92, 289, 24.0, 17, , 8504, 0, 0, 0, , 0, 0, 0, 0, 0, 
390, 1, 396, 383, -1, 298, 205, 15.0, 13, ABalppapppp, 4041, 0, 0, 0, , 0, 0, 0, 0, 0, 
391, 1, 397, 384, -1, 311, 192, 15.0, 17, ABplpaaapaa, 6270, 0, 0, 0, , 0, 0, 0, 0, 0, 
392, 1, 398, 385, -1, 77, 269, 13.0, 17, Cappapa, 13209, 0, 0, 0, , 0, 0, 0, 0, 0, 
393, 1, 399, 386, -1, 371, 221, 23.0, 17, ABplaaaapa, 4447, 0, 0, 0, , 0, 0, 0, 0, 0, 
394, 1, 400, 387, -1, 218, 305, 17.0, 11, MSapapaaa, 2618, 0, 0, 0, , 0, 0, 0, 0, 0, 
395, 1, 401, 388, -1, 283, 161, 29.0, 19, ABpraappap, 3923, 0, 0, 0, , 0, 0, 0, 0, 0, 
396, 1, 402, 389, -1, 284, 278, 25.0, 15, MSaaaaapp, 5288, 0, 0, 0, , 0, 0, 0, 0, 0, 
397, 1, 403, 390, -1, 298, 256, 20.0, 15, ABalpaaapaa, 4421, 0, 0, 0, , 0, 0, 0, 0, 0, 
398, 0, 404, -1, -1, 201, 345, 16.0, 19, , 8378, 0, 0, 0, , 0, 0, 0, 0, 0, 
399, 1, 405, 392, -1, 178, 212, 14.0, 9, Nuc372_9_107_256, 706, 0, 0, 0, , 0, 0, 0, 0, 0, 
400, 1, 406, 393, -1, 275, 182, 19.0, 11, ABprpaaapaap, 1895, 0, 0, 0, , 0, 0, 0, 0, 0, 
401, 1, 407, 394, -1, 102, 279, 10.0, 15, ABarppappp, 5007, 0, 0, 0, , 0, 0, 0, 0, 0, 
402, 1, 408, 395, -1, 351, 243, 23.0, 15, ABalapappap, 7560, 0, 0, 0, , 0, 0, 0, 0, 0, 
403, 1, 409, 647, -1, 314, 219, 30.0, 11, ABalaaaarrp, 1465, 0, 0, 0, , 0, 0, 0, 0, 0, 
404, 1, -1, 397, -1, 303, 218, 30.0, 11, Nuc399_30_303_218, 1874, 0, 0, 0, , 0, 0, 0, 0, 0, 
405, 1, 411, 398, -1, 302, 273, 28.0, 13, MSaaaaapaa, 3190, 0, 0, 0, , 0, 0, 0, 0, 0, 
406, 1, 412, 668, -1, 286, 195, 22.0, 13, ABprpaaapaaa, 940, 0, 0, 0, , 0, 0, 0, 0, 0, 
407, 0, 413, -1, -1, 240, 276, 10.0, 13, , 5768, 0, 0, 0, , 0, 0, 0, 0, 0, 
408, 1, 414, 400, -1, 238, 224, 18.0, 11, ABarapapppa, 1845, 0, 0, 0, , 0, 0, 0, 0, 0, 
409, 1, 415, -1, -1, 324, 278, 14.0, 13, Nuc360_22_334_293, 1489, 0, 0, 0, , 0, 0, 0, 0, 0, 
410, 1, 416, 401, -1, 209, 337, 21.0, 19, Ealaav, 9114, 0, 0, 0, , 0, 0, 0, 0, 0, 
411, 1, 417, 402, -1, 116, 341, 26.0, 17, Earpp, 3837, 0, 0, 0, , 0, 0, 0, 0, 0, 
412, 1, 418, 403, -1, 246, 177, 33.0, 9, ABarpapppp, 1042, 0, 0, 0, , 0, 0, 0, 0, 0, 
413, 1, 419, 404, -1, 237, 251, 13.0, 11, Daaaa, 1128, 0, 0, 0, , 0, 0, 0, 0, 0, 
414, 0, 420, -1, -1, 234, 209, 16.0, 11, , 4441, 0, 0, 0, , 0, 0, 0, 0, 0, 
415, 1, 421, 406, -1, 332, 210, 14.0, 11, ABalaaapalr, 3103, 0, 0, 0, , 0, 0, 0, 0, 0, 
416, 1, 422, 407, -1, 275, 221, 23.0, 15, ABarapaaaap, 8181, 0, 0, 0, , 0, 0, 0, 0, 0, 
417, 1, 423, 408, -1, 237, 307, 13.0, 15, ABarppapaa, 5868, 0, 0, 0, , 0, 0, 0, 0, 0, 
418, 1, 424, 409, -1, 247, 191, 14.0, 13, ABalpapapapp, 3132, 0, 0, 0, , 0, 0, 0, 0, 0, 
419, 1, 425, 410, -1, 112, 278, 15.0, 13, MSappaap, 3503, 0, 0, 0, , 0, 0, 0, 0, 0, 
420, 1, 426, 411, -1, 239, 217, 34.0, 15, ABpraaappppa, 2431, 0, 0, 0, , 0, 0, 0, 0, 0, 
421, 1, 427, 412, -1, 226, 226, 19.0, 13, ABplpappaap, 2059, 0, 0, 0, , 0, 0, 0, 0, 0, 
422, 1, 428, 413, -1, 222, 216, 22.0, 13, ABprpapapap, 3123, 0, 0, 0, , 0, 0, 0, 0, 0, 
423, 1, 429, 414, -1, 315, 202, 30.0, 13, ABpraaaaapd, 1323, 0, 0, 0, , 0, 0, 0, 0, 0, 
424, 1, 430, 415, -1, 278, 279, 22.0, 11, MSaaapaap, 2732, 0, 0, 0, , 0, 0, 0, 0, 0, 
425, 1, 431, 416, -1, 357, 214, 15.0, 13, ABalaaaarla, 5511, 0, 0, 0, , 0, 0, 0, 0, 0, 
426, 1, 432, 417, -1, 130, 216, 27.0, 11, ABprapappppa, 1346, 0, 0, 0, , 0, 0, 0, 0, 0, 
427, 1, 433, 418, -1, 240, 184, 19.0, 13, ABarappapapp, 3820, 0, 0, 0, , 0, 0, 0, 0, 0, 
428, 1, 434, 419, -1, 259, 183, 19.0, 11, ABarappapapa, 4708, 0, 0, 0, , 0, 0, 0, 0, 0, 
429, 0, 435, -1, -1, 113, 299, 16.0, 13, , 1453, 0, 0, 0, , 0, 0, 0, 0, 0, 
430, 1, 436, 421, -1, 255, 161, 26.0, 11, Nuc386_24_252_158, 1477, 0, 0, 0, , 0, 0, 0, 0, 0, 
431, 0, 437, -1, -1, 290, 216, 33.0, 15, , 5926, 0, 0, 0, , 0, 0, 0, 0, 0, 
432, 0, 438, -1, -1, 146, 350, 24.0, 15, , 6397, 0, 0, 0, , 0, 0, 0, 0, 0, 
433, 1, 439, 424, -1, 141, 366, 19.0, 17, Capapaa, 5414, 0, 0, 0, , 0, 0, 0, 0, 0, 
434, 0, 440, -1, -1, 189, 308, 28.0, 17, , 5707, 0, 0, 0, , 0, 0, 0, 0, 0, 
435, 1, 441, 426, -1, 262, 311, 18.0, 15, ABplapaaaap, 4473, 0, 0, 0, , 0, 0, 0, 0, 0, 
436, 1, 442, 427, -1, 280, 185, 24.0, 9, Nuc391_24_280_180, 1351, 0, 0, 0, , 0, 0, 0, 0, 0, 
437, 1, 443, 428, -1, 284, 182, 27.0, 11, ABprpaaappaa, 2609, 0, 0, 0, , 0, 0, 0, 0, 0, 
438, 1, 445, 429, -1, 277, 260, 27.0, 9, ABalpappppa, 1255, 0, 0, 0, , 0, 0, 0, 0, 0, 
439, 0, 446, -1, -1, 172, 344, 24.0, 17, , 5705, 0, 0, 0, , 0, 0, 0, 0, 0, 
440, 1, 447, 431, -1, 211, 335, 23.0, 13, MSaaappa, 2315, 0, 0, 0, , 0, 0, 0, 0, 0, 
441, 1, 448, 432, -1, 216, 354, 24.0, 15, Dapppa, 3611, 0, 0, 0, , 0, 0, 0, 0, 0, 
442, 1, 449, 433, -1, 300, 188, 18.0, 11, ABalppapaap, 4072, 0, 0, 0, , 0, 0, 0, 0, 0, 
443, 1, 450, 434, -1, 159, 291, 21.0, 13, ABplpapappp, 2584, 0, 0, 0, , 0, 0, 0, 0, 0, 
444, 0, 451, -1, -1, 116, 289, 28.0, 15, , 3570, 0, 0, 0, , 0, 0, 0, 0, 0, 
445, 0, 452, -1, -1, 259, 234, 32.0, 15, , 2701, 0, 0, 0, , 0, 0, 0, 0, 0, 
446, 1, 453, 437, -1, 309, 248, 14.0, 13, ABalapaapaa, 4338, 0, 0, 0, , 0, 0, 0, 0, 0, 
447, 0, 454, -1, -1, 154, 317, 24.0, 13, , 523, 0, 0, 0, , 0, 0, 0, 0, 0, 
448, 1, 455, 439, -1, 106, 348, 31.0, 19, Cppapap, 5064, 0, 0, 0, , 0, 0, 0, 0, 0, 
449, 1, 456, 440, -1, 265, 167, 20.0, 13, ABprpaapapp, 6473, 0, 0, 0, , 0, 0, 0, 0, 0, 
450, 0, 457, -1, -1, 325, 296, 29.0, 11, , 1423, 0, 0, 0, , 0, 0, 0, 0, 0, 
451, 1, 458, 442, -1, 307, 276, 11.0, 13, ABalpppapppp, 5089, 0, 0, 0, , 0, 0, 0, 0, 0, 
452, 1, 459, 443, -1, 233, 269, 34.0, 13, ABpraapapppp, 4933, 0, 0, 0, , 0, 0, 0, 0, 0, 
453, 1, 460, 444, -1, 168, 370, 23.0, 11, Dapppp, 1092, 0, 0, 0, , 0, 0, 0, 0, 0, 
454, 1, 461, 445, -1, 269, 210, 20.0, 11, ABprpapppaa, 2030, 0, 0, 0, , 0, 0, 0, 0, 0, 
455, 0, 462, -1, -1, 149, 216, 28.0, 11, , 2569, 0, 0, 0, , 0, 0, 0, 0, 0, 
456, 1, 463, 447, -1, 276, 243, 17.0, 11, ABalpappaapp, 6546, 0, 0, 0, , 0, 0, 0, 0, 0, 
457, 0, 464, -1, -1, 96, 254, 18.0, 15, , 2402, 0, 0, 0, , 0, 0, 0, 0, 0, 
458, 1, 465, 449, -1, 97, 260, 23.0, 21, Eprppp, 14304, 0, 0, 0, , 0, 0, 0, 0, 0, 
459, 0, 466, -1, -1, 193, 301, 19.0, 19, , 16130, 0, 0, 0, , 0, 0, 0, 0, 0, 
460, 0, 467, -1, -1, 276, 296, 30.0, 11, , 1236, 0, 0, 0, , 0, 0, 0, 0, 0, 
461, 1, 468, 452, -1, 300, 185, 24.0, 11, ABaraaappap, 1472, 0, 0, 0, , 0, 0, 0, 0, 0, 
462, 1, 469, 453, -1, 157, 326, 23.0, 21, Ealap, 10258, 0, 0, 0, , 0, 0, 0, 0, 0, 
463, 1, 470, 454, -1, 173, 275, 18.0, 13, ABprpappapp, 3307, 0, 0, 0, , 0, 0, 0, 0, 0, 
464, 1, 471, 455, -1, 171, 211, 25.0, 15, Cpppppv, 3965, 0, 0, 0, , 0, 0, 0, 0, 0, 
465, 1, 472, 456, -1, 251, 204, 28.0, 13, ABpraaappaa, 3317, 0, 0, 0, , 0, 0, 0, 0, 0, 
466, 0, 473, -1, -1, 224, 338, 17.0, 19, , 6332, 0, 0, 0, , 0, 0, 0, 0, 0, 
467, 0, 474, -1, -1, 262, 297, 34.0, 17, , 2369, 0, 0, 0, , 0, 0, 0, 0, 0, 
468, 1, 475, 459, -1, 130, 314, 15.0, 15, Capaapp, 9238, 0, 0, 0, , 0, 0, 0, 0, 0, 
469, 1, 476, 460, -1, 284, 265, 14.0, 15, Nuc361_17_297_285, 3142, 0, 0, 0, , 0, 0, 0, 0, 0, 
470, 1, 477, 461, -1, 281, 187, 32.0, 13, ABalaapaaal, 4537, 0, 0, 0, , 0, 0, 0, 0, 0, 
471, 1, 478, 462, -1, 330, 215, 28.0, 13, ABalaaappll, 2891, 0, 0, 0, , 0, 0, 0, 0, 0, 
472, 0, 479, -1, -1, 310, 288, 28.0, 13, , 3245, 0, 0, 0, , 0, 0, 0, 0, 0, 
473, 1, 480, 464, -1, 112, 237, 18.0, 17, Eplppa, 6411, 0, 0, 0, , 0, 0, 0, 0, 0, 
474, 1, 481, 465, -1, 247, 164, 27.0, 11, Nuc376_20_234_160, 2150, 0, 0, 0, , 0, 0, 0, 0, 0, 
475, 1, 482, 466, -1, 229, 174, 22.0, 9, Nuc376_19_230_166, 1080, 0, 0, 0, , 0, 0, 0, 0, 0, 
476, 1, 483, 467, -1, 323, 200, 18.0, 13, Nuc362_18_313_218, 2016, 0, 0, 0, , 0, 0, 0, 0, 0, 
477, 1, 484, 468, -1, 113, 243, 22.0, 19, Eprppa, 26761, 0, 0, 0, , 0, 0, 0, 0, 0, 
478, 0, 485, -1, -1, 313, 192, 32.0, 13, , 3982, 0, 0, 0, , 0, 0, 0, 0, 0, 
479, 0, 486, -1, -1, 359, 260, 18.0, 17, , 5461, 0, 0, 0, , 0, 0, 0, 0, 0, 
480, 1, 487, 471, -1, 302, 192, 11.0, 9, Nuc363_11_307_245, 1114, 0, 0, 0, , 0, 0, 0, 0, 0, 
481, 0, 488, -1, -1, 166, 197, 16.0, 13, , 4073, 0, 0, 0, , 0, 0, 0, 0, 0, 
482, 1, 489, 473, -1, 273, 269, 34.0, 15, Nuc371_33_291_215, 3643, 0, 0, 0, , 0, 0, 0, 0, 0, 
483, 1, 490, 474, -1, 270, 304, 13.0, 17, Nuc364_18_298_316, 6049, 0, 0, 0, , 0, 0, 0, 0, 0, 
484, 1, 491, 475, -1, 164, 350, 33.0, 17, Cppapaa, 19625, 0, 0, 0, , 0, 0, 0, 0, 0, 
485, 1, 492, 476, -1, 287, 321, 29.0, 13, Nuc364_36_289_269, 2154, 0, 0, 0, , 0, 0, 0, 0, 0, 
486, 0, 493, -1, -1, 297, 285, 16.0, 11, , 3542, 0, 0, 0, , 0, 0, 0, 0, 0, 
487, 1, 494, 478, -1, 137, 200, 18.0, 15, Cappppv, 1278, 0, 0, 0, , 0, 0, 0, 0, 0, 
488, 1, 495, 479, -1, 346, 258, 25.0, 13, Nuc389_25_336_262, 2096, 0, 0, 0, , 0, 0, 0, 0, 0, 
489, 0, 496, -1, -1, 222, 318, 28.0, 13, , 1833, 0, 0, 0, , 0, 0, 0, 0, 0, 
490, 1, 498, 481, -1, 152, 233, 11.0, 13, Nuc367_10_90_277a, 3187, 0, 0, 0, , 0, 0, 0, 0, 0, 
491, 1, 499, 482, -1, 138, 225, 15.0, 11, Nuc367_10_90_277p, 1806, 0, 0, 0, , 0, 0, 0, 0, 0, 
492, 0, 500, -1, -1, 102, 265, 22.0, 21, , 10068, 0, 0, 0, , 0, 0, 0, 0, 0, 
493, 0, 501, -1, -1, 321, 196, 34.0, 13, , 4909, 0, 0, 0, , 0, 0, 0, 0, 0, 
494, 1, 502, 485, -1, 156, 323, 11.0, 17, ABplappaap, 7921, 0, 0, 0, , 0, 0, 0, 0, 0, 
495, 1, 503, 486, -1, 349, 229, 24.0, 13, Nuc368_24_350_225, 4095, 0, 0, 0, , 0, 0, 0, 0, 0, 
496, 1, 504, 487, -1, 311, 286, 13.0, 11, Nuc369_20_324_290, 1660, 0, 0, 0, , 0, 0, 0, 0, 0, 
497, 0, 505, -1, -1, 132, 253, 12.0, 13, , 4484, 0, 0, 0, , 0, 0, 0, 0, 0, 
498, 1, 506, 489, -1, 261, 178, 15.0, 13, Nuc370_11_272_206, 10890, 0, 0, 0, , 0, 0, 0, 0, 0, 
499, 1, 507, 490, -1, 298, 178, 30.0, 13, ABalaappppa, 4615, 0, 0, 0, , 0, 0, 0, 0, 0, 
500, 1, 508, 491, -1, 227, 223, 30.0, 15, ABprpaappap, 5092, 0, 0, 0, , 0, 0, 0, 0, 0, 
501, 1, 509, 492, -1, 289, 242, 29.0, 11, Nuc370_27_273_239, 3773, 0, 0, 0, , 0, 0, 0, 0, 0, 
502, 0, 510, -1, -1, 189, 326, 26.0, 13, , 951, 0, 0, 0, , 0, 0, 0, 0, 0, 
503, 1, 511, 493, -1, 312, 245, 30.0, 13, MSaaaaaar, 4413, 0, 0, 0, , 0, 0, 0, 0, 0, 
504, 1, 512, 494, -1, 348, 274, 29.0, 11, Nuc370_29_347_252, 1466, 0, 0, 0, , 0, 0, 0, 0, 0, 
505, 1, 513, 495, -1, 147, 220, 25.0, 11, ABprapppappp, 3238, 0, 0, 0, , 0, 0, 0, 0, 0, 
506, 1, 514, 496, -1, 230, 202, 21.0, 13, ABprpaapppa, 4806, 0, 0, 0, , 0, 0, 0, 0, 0, 
507, 1, 515, 497, -1, 96, 332, 13.0, 19, Cpaapp, 15067, 0, 0, 0, , 0, 0, 0, 0, 0, 
508, 1, 516, 498, -1, 293, 225, 13.0, 11, Nuc372_14_299_235, 4105, 0, 0, 0, , 0, 0, 0, 0, 0, 
509, 1, 517, 499, -1, 361, 199, 23.0, 15, Nuc372_22_346_185, 4526, 0, 0, 0, , 0, 0, 0, 0, 0, 
510, 1, 518, 500, -1, 316, 183, 19.0, 13, Nuc372_18_305_199, 4267, 0, 0, 0, , 0, 0, 0, 0, 0, 
511, 1, 519, -1, -1, 297, 218, 26.0, 15, Nuc372_22_285_216, 2592, 0, 0, 0, , 0, 0, 0, 0, 0, 
512, 1, 520, 501, -1, 95, 317, 24.0, 13, Nuc386_24_101_334, 541, 0, 0, 0, , 0, 0, 0, 0, 0, 
513, 0, 521, -1, -1, 129, 347, 20.0, 17, , 5429, 0, 0, 0, , 0, 0, 0, 0, 0, 
514, 1, 522, 503, -1, 344, 232, 20.0, 15, Nuc374_21_346_232, 3679, 0, 0, 0, , 0, 0, 0, 0, 0, 
515, 1, 523, 504, -1, 309, 258, 34.0, 15, MSppappa, 4524, 0, 0, 0, , 0, 0, 0, 0, 0, 
516, 1, 525, 505, -1, 287, 293, 15.0, 15, ABplaapapppa, 2802, 0, 0, 0, , 0, 0, 0, 0, 0, 
517, 1, 526, 506, -1, 297, 272, 23.0, 13, Nuc375_24_310_269, 2041, 0, 0, 0, , 0, 0, 0, 0, 0, 
518, 0, 527, -1, -1, 144, 356, 26.0, 13, , 1280, 0, 0, 0, , 0, 0, 0, 0, 0, 
519, 1, 528, 508, -1, 96, 235, 14.0, 15, Cappapp, 4105, 0, 0, 0, , 0, 0, 0, 0, 0, 
520, 1, 529, 509, -1, 301, 179, 15.0, 13, Nuc376_14_296_173, 7009, 0, 0, 0, , 0, 0, 0, 0, 0, 
521, 1, 530, 510, -1, 83, 283, 18.0, 13, Eplpa, 1524, 0, 0, 0, , 0, 0, 0, 0, 0, 
522, 0, 532, -1, -1, 107, 337, 24.0, 13, , 4086, 0, 0, 0, , 0, 0, 0, 0, 0, 
523, 1, 533, 512, -1, 249, 253, 32.0, 13, ABprapaaaapa, 2820, 0, 0, 0, , 0, 0, 0, 0, 0, 
524, 1, 534, 513, -1, 229, 257, 31.0, 11, ABprapaaaapp, 2765, 0, 0, 0, , 0, 0, 0, 0, 0, 
525, 1, 535, 514, -1, 191, 243, 19.0, 13, Nuc377_15_189_246, 5512, 0, 0, 0, , 0, 0, 0, 0, 0, 
526, 1, 536, 515, -1, 176, 309, 22.0, 9, Nuc384_23_192_309, 514, 0, 0, 0, , 0, 0, 0, 0, 0, 
527, 1, 537, 516, -1, 250, 192, 31.0, 11, ABpraaaapav, 1748, 0, 0, 0, , 0, 0, 0, 0, 0, 
528, 1, 538, -1, -1, 352, 209, 31.0, 11, Nuc377_35_301_191, 704, 0, 0, 0, , 0, 0, 0, 0, 0, 
529, 1, 539, 517, -1, 266, 196, 16.0, 13, Nuc377_13_267_200, 3865, 0, 0, 0, , 0, 0, 0, 0, 0, 
530, 1, 540, 518, -1, 292, 242, 18.0, 13, Nuc378_21_284_257, 4181, 0, 0, 0, , 0, 0, 0, 0, 0, 
531, 0, 541, -1, -1, 114, 213, 21.0, 15, , 3415, 0, 0, 0, , 0, 0, 0, 0, 0, 
532, 1, 542, 520, -1, 289, 246, 21.0, 13, Nuc379_16_252_246, 4945, 0, 0, 0, , 0, 0, 0, 0, 0, 
533, 1, 544, 521, -1, 281, 201, 20.0, 11, ABplpappaaa, 4876, 0, 0, 0, , 0, 0, 0, 0, 0, 
534, 1, 545, 522, -1, 316, 187, 24.0, 11, Nuc379_22_308_189, 2129, 0, 0, 0, , 0, 0, 0, 0, 0, 
535, 1, 546, 523, -1, 194, 313, 12.0, 19, ABplappaaa, 26603, 0, 0, 0, , 0, 0, 0, 0, 0, 
536, 1, 547, 524, -1, 307, 172, 25.0, 11, Nuc380_23_305_171, 3661, 0, 0, 0, , 0, 0, 0, 0, 0, 
537, 1, 548, 525, -1, 300, 211, 24.0, 15, Nuc380_23_293_213, 6036, 0, 0, 0, , 0, 0, 0, 0, 0, 
538, 1, 549, 526, -1, 248, 295, 30.0, 13, MSpaapaaa, 3434, 0, 0, 0, , 0, 0, 0, 0, 0, 
539, 1, 550, 527, -1, 91, 239, 26.0, 19, Cpppapp, 20524, 0, 0, 0, , 0, 0, 0, 0, 0, 
540, 1, 551, 528, -1, 299, 240, 34.0, 11, Nuc380_34_309_225, 2909, 0, 0, 0, , 0, 0, 0, 0, 0, 
541, 1, 552, 638, -1, 280, 202, 11.0, 11, MSappapp, 587, 0, 0, 0, , 0, 0, 0, 0, 0, 
542, 1, 553, -1, -1, 255, 226, 23.0, 15, Nuc381_21_243_229, 1792, 0, 0, 0, , 0, 0, 0, 0, 0, 
543, 1, 554, 530, -1, 333, 226, 21.0, 11, Nuc381_22_327_224, 3368, 0, 0, 0, , 0, 0, 0, 0, 0, 
544, 1, 555, 531, -1, 336, 269, 21.0, 11, Nuc381_23_341_270, 2274, 0, 0, 0, , 0, 0, 0, 0, 0, 
545, 1, 556, 532, -1, 239, 322, 25.0, 11, MSaaaappa, 2864, 0, 0, 0, , 0, 0, 0, 0, 0, 
546, 1, 557, 533, -1, 213, 299, 31.0, 15, Nuc381_31_219_278, 1329, 0, 0, 0, , 0, 0, 0, 0, 0, 
547, 1, 558, 534, -1, 86, 307, 19.0, 23, Eplap, 12791, 0, 0, 0, , 0, 0, 0, 0, 0, 
548, 1, 559, 536, -1, 283, 257, 29.0, 11, Nuc381_31_279_245, 2288, 0, 0, 0, , 0, 0, 0, 0, 0, 
549, 1, 560, 537, -1, 165, 230, 13.0, 15, Nuc382_14_143_225, 4685, 0, 0, 0, , 0, 0, 0, 0, 0, 
550, 1, 561, 538, -1, 186, 212, 19.0, 11, ABplpppapap, 2762, 0, 0, 0, , 0, 0, 0, 0, 0, 
551, 0, 562, -1, -1, 164, 189, 19.0, 11, , 822, 0, 0, 0, , 0, 0, 0, 0, 0, 
552, 1, 563, 540, -1, 347, 234, 18.0, 13, Nuc382_19_339_237, 5190, 0, 0, 0, , 0, 0, 0, 0, 0, 
553, 0, 564, -1, -1, 157, 328, 22.0, 17, , 3582, 0, 0, 0, , 0, 0, 0, 0, 0, 
554, 1, 565, 542, -1, 224, 251, 13.0, 11, MSaapppaa, 1564, 0, 0, 0, , 0, 0, 0, 0, 0, 
555, 1, 566, 543, -1, 297, 177, 17.0, 17, Nuc383_15_286_174, 8153, 0, 0, 0, , 0, 0, 0, 0, 0, 
556, 1, 567, 544, -1, 251, 329, 16.0, 19, Cpaaaa, 10841, 0, 0, 0, , 0, 0, 0, 0, 0, 
557, 1, 568, 545, -1, 307, 209, 21.0, 13, Nuc383_21_292_222, 3171, 0, 0, 0, , 0, 0, 0, 0, 0, 
558, 1, 569, 546, -1, 218, 286, 26.0, 13, MSpapapap, 1185, 0, 0, 0, , 0, 0, 0, 0, 0, 
559, 1, 570, 547, -1, 289, 305, 17.0, 13, Nuc384_18_304_302, 3148, 0, 0, 0, , 0, 0, 0, 0, 0, 
560, 1, 571, -1, -1, 131, 341, 18.0, 17, Eplaa, 1589, 0, 0, 0, , 0, 0, 0, 0, 0, 
561, 1, 572, 548, -1, 237, 179, 29.0, 15, ABprppaaaaa, 5068, 0, 0, 0, , 0, 0, 0, 0, 0, 
562, 1, 573, 549, -1, 339, 255, 26.0, 11, Nuc384_27_343_242, 2309, 0, 0, 0, , 0, 0, 0, 0, 0, 
563, 1, 574, 550, -1, 138, 365, 30.0, 11, Cpppaap, 1358, 0, 0, 0, , 0, 0, 0, 0, 0, 
564, 1, 575, 551, -1, 181, 327, 28.0, 11, Earpa, 3065, 0, 0, 0, , 0, 0, 0, 0, 0, 
565, 1, 576, 552, -1, 340, 274, 25.0, 11, Nuc395_24_347_268, 1429, 0, 0, 0, , 0, 0, 0, 0, 0, 
566, 1, 577, 553, -1, 271, 243, 23.0, 13, Nuc385_24_290_247, 1764, 0, 0, 0, , 0, 0, 0, 0, 0, 
567, 1, 578, 554, -1, 82, 284, 23.0, 13, Nuc385_25_90_314, 9479, 0, 0, 0, , 0, 0, 0, 0, 0, 
568, 1, 579, 555, -1, 311, 180, 28.0, 15, Nuc385_26_305_176, 3511, 0, 0, 0, , 0, 0, 0, 0, 0, 
569, 1, 581, 556, -1, 324, 178, 32.0, 13, Nuc385_31_319_171, 2599, 0, 0, 0, , 0, 0, 0, 0, 0, 
570, 1, 582, 557, -1, 255, 205, 36.0, 11, Nuc385_32_247_184, 3094, 0, 0, 0, , 0, 0, 0, 0, 0, 
571, 0, 583, -1, -1, 139, 196, 18.0, 15, , 2677, 0, 0, 0, , 0, 0, 0, 0, 0, 
572, 1, 584, 559, -1, 180, 201, 21.0, 13, ABprpppapap, 3462, 0, 0, 0, , 0, 0, 0, 0, 0, 
573, 0, 585, -1, -1, 108, 339, 26.0, 13, , 2187, 0, 0, 0, , 0, 0, 0, 0, 0, 
574, 1, 586, 560, -1, 266, 176, 29.0, 13, ABpraaaapad, 5218, 0, 0, 0, , 0, 0, 0, 0, 0, 
575, 1, 587, 561, -1, 365, 221, 30.0, 13, Nuc386_29_361_210, 2336, 0, 0, 0, , 0, 0, 0, 0, 0, 
576, 1, 588, 562, -1, 231, 236, 23.0, 7, Nuc386_25_227_228, 337, 0, 0, 0, , 0, 0, 0, 0, 0, 
577, 1, 589, 563, -1, 191, 257, 22.0, 15, ABprppappaa, 2970, 0, 0, 0, , 0, 0, 0, 0, 0, 
578, 1, 590, 564, -1, 294, 259, 10.0, 11, Nuc387_10_303_261, 4661, 0, 0, 0, , 0, 0, 0, 0, 0, 
579, 1, 591, 565, -1, 271, 227, 13.0, 13, MSapppaa, 681, 0, 0, 0, , 0, 0, 0, 0, 0, 
580, 1, 592, 566, -1, 240, 187, 25.0, 13, Dpapa, 4636, 0, 0, 0, , 0, 0, 0, 0, 0, 
581, 1, 593, 567, -1, 353, 272, 27.0, 11, Nuc387_26_344_266, 1285, 0, 0, 0, , 0, 0, 0, 0, 0, 
582, 1, 594, 568, -1, 234, 274, 30.0, 13, MSpapappa, 1710, 0, 0, 0, , 0, 0, 0, 0, 0, 
583, 0, 595, -1, -1, 164, 347, 24.0, 13, , 1558, 0, 0, 0, , 0, 0, 0, 0, 0, 
584, 1, 596, 570, -1, 256, 262, 27.0, 11, Nuc388_28_253_258, 2684, 0, 0, 0, , 0, 0, 0, 0, 0, 
585, 0, 597, -1, -1, 261, 198, 14.0, 13, , 6286, 0, 0, 0, , 0, 0, 0, 0, 0, 
586, 1, 598, 572, -1, 345, 221, 12.0, 13, Nuc388_13_352_223, 2436, 0, 0, 0, , 0, 0, 0, 0, 0, 
587, 1, 599, 573, -1, 233, 235, 24.0, 7, Nuc388_21_226_223, 334, 0, 0, 0, , 0, 0, 0, 0, 0, 
588, 1, 600, 574, -1, 250, 250, 24.0, 13, MSpapaaaa, 2541, 0, 0, 0, , 0, 0, 0, 0, 0, 
589, 1, 601, 575, -1, 329, 232, 31.0, 15, Nuc388_34_315_229, 1305, 0, 0, 0, , 0, 0, 0, 0, 0, 
590, 1, 602, 576, -1, 298, 208, 11.0, 15, Nuc389_10_288_218, 7779, 0, 0, 0, , 0, 0, 0, 0, 0, 
591, 1, 603, 577, -1, 328, 278, 19.0, 15, Nuc389_19_334_273, 3869, 0, 0, 0, , 0, 0, 0, 0, 0, 
592, 1, 604, 578, -1, 127, 369, 21.0, 13, Cappaap, 1677, 0, 0, 0, , 0, 0, 0, 0, 0, 
593, 1, 605, 579, -1, 352, 220, 32.0, 15, MSppappp, 1882, 0, 0, 0, , 0, 0, 0, 0, 0, 
594, 1, 606, 580, -1, 184, 222, 22.0, 13, ABprappppa, 4394, 0, 0, 0, , 0, 0, 0, 0, 0, 
595, 1, 607, 581, -1, 245, 260, 23.0, 11, Nuc390_24_251_273, 2638, 0, 0, 0, , 0, 0, 0, 0, 0, 
596, 1, 608, -1, -1, 268, 161, 26.0, 11, MSpppapp, 2712, 0, 0, 0, , 0, 0, 0, 0, 0, 
597, 1, 609, -1, -1, 271, 167, 28.0, 9, Nuc391_23_266_160, 413, 0, 0, 0, , 0, 0, 0, 0, 0, 
598, 1, 610, 582, -1, 187, 353, 32.0, 15, Dppppp, 3673, 0, 0, 0, , 0, 0, 0, 0, 0, 
599, 1, 612, -1, -1, 191, 300, 21.0, 15, Nuc391_19_192_294, 4072, 0, 0, 0, , 0, 0, 0, 0, 0, 
600, 1, 614, 583, -1, 339, 240, 30.0, 13, Nuc391_30_338_234, 3433, 0, 0, 0, , 0, 0, 0, 0, 0, 
601, 1, 615, 584, -1, 136, 235, 28.0, 15, ABprapppaaa, 6178, 0, 0, 0, , 0, 0, 0, 0, 0, 
602, 1, 616, 585, -1, 107, 269, 11.0, 13, Nuc392_9_112_279, 3323, 0, 0, 0, , 0, 0, 0, 0, 0, 
603, 1, 617, 586, -1, 309, 289, 15.0, 13, Nuc392_13_316_282, 2555, 0, 0, 0, , 0, 0, 0, 0, 0, 
604, 1, 618, 587, -1, 158, 323, 25.0, 13, Nuc392_26_164_321, 688, 0, 0, 0, , 0, 0, 0, 0, 0, 
605, 1, 619, 588, -1, 258, 299, 27.0, 11, Nuc392_27_264_296, 2201, 0, 0, 0, , 0, 0, 0, 0, 0, 
606, 1, 620, 589, -1, 292, 239, 15.0, 11, Nuc392_14_285_239, 2061, 0, 0, 0, , 0, 0, 0, 0, 0, 
607, 1, 622, 590, -1, 272, 223, 9.0, 11, Nuc393_9_269_221, 2102, 0, 0, 0, , 0, 0, 0, 0, 0, 
608, 1, 623, 591, -1, 249, 247, 17.0, 9, Nuc393_15_256_246, 694, 0, 0, 0, , 0, 0, 0, 0, 0, 
609, 1, 624, 592, -1, 150, 351, 15.0, 17, Nuc393_15_156_353, 5522, 0, 0, 0, , 0, 0, 0, 0, 0, 
610, 1, 625, 593, -1, 163, 194, 24.0, 9, Nuc393_26_151_200, 1223, 0, 0, 0, , 0, 0, 0, 0, 0, 
611, 1, 626, 594, -1, 182, 203, 17.0, 11, Caapap, 6169, 0, 0, 0, , 0, 0, 0, 0, 0, 
612, 1, 627, 595, -1, 168, 214, 18.0, 9, Nuc393_18_159_218, 1063, 0, 0, 0, , 0, 0, 0, 0, 0, 
613, 1, 628, 596, -1, 266, 241, 18.0, 11, Nuc393_18_267_238, 1704, 0, 0, 0, , 0, 0, 0, 0, 0, 
614, 1, 629, 597, -1, 206, 324, 21.0, 11, Nuc394_21_214_325, 697, 0, 0, 0, , 0, 0, 0, 0, 0, 
615, 1, 630, 598, -1, 296, 281, 22.0, 15, Nuc394_22_297_281, 5255, 0, 0, 0, , 0, 0, 0, 0, 0, 
616, 1, 631, -1, -1, 279, 157, 25.0, 13, Nuc394_24_286_154, 1677, 0, 0, 0, , 0, 0, 0, 0, 0, 
617, 1, 632, 599, -1, 296, 173, 27.0, 17, Nuc394_27_297_170, 3938, 0, 0, 0, , 0, 0, 0, 0, 0, 
618, 1, 633, 600, -1, 239, 171, 21.0, 13, ABpraapppa, 1605, 0, 0, 0, , 0, 0, 0, 0, 0, 
619, 1, 621, 601, -1, 129, 302, 26.0, 21, Z2, 13550, 0, 0, 0, , 0, 0, 0, 0, 0, 
620, 1, 635, 602, -1, 255, 201, 32.0, 11, Nuc395_32_250_195, 2062, 0, 0, 0, , 0, 0, 0, 0, 0, 
621, 1, 637, 603, -1, 130, 202, 13.0, 7, Nuc396_14_127_213, 327, 0, 0, 0, , 0, 0, 0, 0, 0, 
622, 1, 638, 604, -1, 249, 173, 20.0, 11, ABprpaappppp, 2163, 0, 0, 0, , 0, 0, 0, 0, 0, 
623, 1, 639, 605, -1, 130, 335, 20.0, 13, Nuc396_20_140_336, 1583, 0, 0, 0, , 0, 0, 0, 0, 0, 
624, 1, 640, 606, -1, 234, 255, 21.0, 15, Nuc396_21_235_253, 7791, 0, 0, 0, , 0, 0, 0, 0, 0, 
625, 1, 641, -1, -1, 288, 233, 24.0, 9, Nuc396_25_292_240, 753, 0, 0, 0, , 0, 0, 0, 0, 0, 
626, 1, 642, 607, -1, 338, 216, 32.0, 15, Nuc396_32_338_212, 3792, 0, 0, 0, , 0, 0, 0, 0, 0, 
627, 1, 643, 608, -1, 349, 206, 33.0, 11, Nuc396_33_344_207, 1413, 0, 0, 0, , 0, 0, 0, 0, 0, 
628, 1, 644, 609, -1, 321, 265, 30.0, 9, Nuc396_33_321_266, 520, 0, 0, 0, , 0, 0, 0, 0, 0, 
629, 1, 646, 610, -1, 110, 290, 16.0, 13, Nuc396_12_117_296, 959, 0, 0, 0, , 0, 0, 0, 0, 0, 
630, 1, 648, 611, -1, 203, 245, 32.0, 13, Nuc396_32_212_263, 927, 0, 0, 0, , 0, 0, 0, 0, 0, 
631, 1, 649, 612, -1, 346, 253, 18.0, 11, ABalapapppp, 1720, 0, 0, 0, , 0, 0, 0, 0, 0, 
632, 1, 650, 613, -1, 309, 167, 17.0, 11, Nuc397_17_307_167, 2726, 0, 0, 0, , 0, 0, 0, 0, 0, 
633, 1, 651, 614, -1, 135, 200, 25.0, 13, Nuc397_26_129_206, 2565, 0, 0, 0, , 0, 0, 0, 0, 0, 
634, 0, 652, -1, -1, 180, 336, 27.0, 15, , 3959, 0, 0, 0, , 0, 0, 0, 0, 0, 
635, 1, 653, 616, -1, 249, 183, 34.0, 15, Nuc397_34_255_178, 2874, 0, 0, 0, , 0, 0, 0, 0, 0, 
636, 1, 654, 617, -1, 222, 267, 13.0, 13, Nuc384_13_228_265, 2901, 0, 0, 0, , 0, 0, 0, 0, 0, 
637, 1, 655, 618, -1, 294, 315, 29.0, 13, Nuc398_30_295_313, 2982, 0, 0, 0, , 0, 0, 0, 0, 0, 
638, 0, 656, -1, -1, 107, 333, 20.0, 23, , 19319, 0, 0, 0, , 0, 0, 0, 0, 0, 
639, 1, 657, 620, -1, 258, 261, 14.0, 13, Nuc398_13_259_260, 1577, 0, 0, 0, , 0, 0, 0, 0, 0, 
640, 1, 658, 621, -1, 247, 211, 14.0, 17, Nuc398_14_245_212, 5061, 0, 0, 0, , 0, 0, 0, 0, 0, 
641, 1, 659, 622, -1, 309, 207, 16.0, 13, Nuc398_15_306_210, 2725, 0, 0, 0, , 0, 0, 0, 0, 0, 
642, 1, 660, 623, -1, 366, 240, 19.0, 19, Nuc398_19_364_236, 8371, 0, 0, 0, , 0, 0, 0, 0, 0, 
643, 1, 662, 624, -1, 248, 216, 30.0, 11, ABpraaappap, 2941, 0, 0, 0, , 0, 0, 0, 0, 0, 
644, 1, 663, 625, -1, 289, 207, 36.0, 11, Nuc398_36_287_198, 960, 0, 0, 0, , 0, 0, 0, 0, 0, 
645, 1, 664, 626, -1, 249, 165, 28.0, 13, Nuc398_28_254_164, 1934, 0, 0, 0, , 0, 0, 0, 0, 0, 
646, 1, -1, 627, -1, 116, 297, 15.0, 17, Nuc399_15_116_297, 6357, 0, 0, 0, , 0, 0, 0, 0, 0, 
647, 1, -1, -1, -1, 200, 204, 19.0, 13, Nuc399_19_200_204, 85, 0, 0, 0, , 0, 0, 0, 0, 0, 
648, 1, -1, 628, -1, 206, 327, 21.0, 11, Nuc399_21_206_327, 557, 0, 0, 0, , 0, 0, 0, 0, 0, 
649, 1, -1, 629, -1, 167, 193, 21.0, 13, Nuc399_21_167_193, 4130, 0, 0, 0, , 0, 0, 0, 0, 0, 
650, 0, -1, -1, -1, 325, 261, 26.0, 13, , 323, 0, 0, 0, , 0, 0, 0, 0, 0, 
651, 0, -1, -1, -1, 111, 223, 28.0, 13, , 1190, 0, 0, 0, , 0, 0, 0, 0, 0, 
652, 1, -1, 632, -1, 322, 220, 33.0, 9, Nuc399_33_322_220, 527, 0, 0, 0, , 0, 0, 0, 0, 0, 
653, 1, 689, 633, -1, 307, 202, 33.0, 13, ABpraapaapa, 5186, 0, 0, 0, , 0, 0, 0, 0, 0, 
654, 1, -1, 634, -1, 270, 242, 34.0, 9, Nuc399_34_270_242, 485, 0, 0, 0, , 0, 0, 0, 0, 0, 
655, 1, -1, 635, -1, 264, 189, 34.0, 9, Nuc399_34_264_189, 1392, 0, 0, 0, , 0, 0, 0, 0, 0, 
656, 1, -1, 636, -1, 180, 201, 15.0, 11, Nuc399_15_180_201, 1310, 0, 0, 0, , 0, 0, 0, 0, 0, 
657, 1, -1, 637, -1, 190, 248, 17.0, 11, Nuc399_17_190_248, 1821, 0, 0, 0, , 0, 0, 0, 0, 0, 
658, 1, 665, 645, -1, 167, 197, 17.0, 13, ABprppppppp, 0, 0, 0, 0, , 0, 0, 0, 0, 0, 
659, 1, 666, 646, -1, 240, 282, 13.5, 14, ABplppaaaap, 0, 0, 0, 0, , 0, 0, 0, 0, 0, 
660, 1, 667, 648, -1, 282, 313, 19.0, 13, ABalapaaapa, 0, 0, 0, 0, , 0, 0, 0, 0, 0, 
661, 1, 645, 649, -1, 296, 252, 36.0, 11, ABalappapap, 0, 0, 0, 0, , 0, 0, 0, 0, 0, 
662, 1, 668, 650, -1, 324, 263, 26.0, 13, ABalapppaaa, 0, 0, 0, 0, , 0, 0, 0, 0, 0, 
663, 1, 669, 651, -1, 260, 293, 33.666668, 13, Dpaap, 0, 0, 0, 0, , 0, 0, 0, 0, 0, 
664, 1, 670, 652, -1, 219, 221, 27.0, 15, Dpaaa, 0, 0, 0, 0, , 0, 0, 0, 0, 0, 
665, 1, 671, 653, -1, 223, 274, 15.0, 13, Dapaa, 0, 0, 0, 0, , 0, 0, 0, 0, 0, 
666, 1, 672, 654, -1, 119, 291, 29.0, 13, Cppaapp, 0, 0, 0, 0, , 0, 0, 0, 0, 0, 
667, 1, 673, 655, -1, 95, 254, 29.666666, 15, Cpapaa, 0, 0, 0, 0, , 0, 0, 0, 0, 0, 
668, 1, 674, 656, -1, 198, 346, 16.0, 15, Cpaaap, 0, 0, 0, 0, , 0, 0, 0, 0, 0, 
669, 1, 675, 657, -1, 223, 337, 17.0, 17, Caaaaa, 0, 0, 0, 0, , 0, 0, 0, 0, 0, 
670, 1, 676, 658, -1, 194, 309, 29.4, 13, Earaad, 0, 0, 0, 0, , 0, 0, 0, 0, 0, 
671, 1, 677, 659, -1, 204, 340, 29.0, 15, Earaav, 0, 0, 0, 0, , 0, 0, 0, 0, 0, 
672, 1, 678, 661, -1, 251, 180, 26.0, 13, MSppppaa, 0, 0, 0, 0, , 0, 0, 0, 0, 0, 
673, 1, 679, 662, -1, 223, 319, 28.0, 15, MSpaapapp, 0, 0, 0, 0, , 0, 0, 0, 0, 0, 
674, 1, 680, 663, -1, 197, 294, 16.0, 15, MSapapaap, 0, 0, 0, 0, , 0, 0, 0, 0, 0, 
675, 1, 212, -1, -1, 275, 301, 25.0, 13, MSaaaapap, 0, 0, 0, 0, , 0, 0, 0, 0, 0, 
676, 1, 681, 66, -1, 134, 267, 20.0, 16, ABprpppaaap, 10406, 0, 0, 0, , 0, 0, 0, 0, 0, 
677, 1, 682, 133, -1, 133, 275, 19.0, 13, ABplppapppp, 5455, 0, 0, 0, , 0, 0, 0, 0, 0, 
678, 1, 683, 664, -1, 275, 188, 16.846153, 13, ABprpappaaa, 0, 0, 0, 0, , 0, 0, 0, 0, 0, 
679, 1, 684, 665, -1, 319, 198, 34.0, 15, ABprpaapapa, 0, 0, 0, 0, , 0, 0, 0, 0, 0, 
680, 1, 685, 666, -1, 269, 190, 26.75, 11, ABprpaaappap, 0, 0, 0, 0, , 0, 0, 0, 0, 0, 
681, 1, 686, 667, -1, 285, 168, 22.0, 13, ABprpaaapap, 6212, 0, 0, 0, , 0, 0, 0, 0, 0, 
682, 1, 171, 670, -1, 149, 214, 28.0, 13, ABprapppappa, 3286, 0, 0, 0, , 0, 0, 0, 0, 0, 
683, 1, 687, 671, -1, 241, 239, 32.0, 13, ABpraapapppa, 2503, 0, 0, 0, , 0, 0, 0, 0, 0, 
684, 1, 688, 672, -1, 286, 216, 33.0, 15, ABpraapaapp, 0, 0, 0, 0, , 0, 0, 0, 0, 0, 
685, 1, 690, 673, -1, 236, 228, 30.153847, 15, ABpraaapppaa, 0, 0, 0, 0, , 0, 0, 0, 0, 0, 
686, 1, 691, 674, -1, 258, 221, 29.0, 13, ABpraaapaad, 942, 0, 0, 0, , 0, 0, 0, 0, 0, 
687, 1, 368, 675, -1, 269, 214, 32.333332, 10, ABpraaaapppa, 1725, 0, 0, 0, , 0, 0, 0, 0, 0, 
688, 1, 692, 676, -1, 255, 235, 32.0, 13, ABpraaaapppp, 0, 0, 0, 0, , 0, 0, 0, 0, 0, 
689, 1, 693, 677, -1, 162, 203, 14.0, 13, ABplppppppp, 0, 0, 0, 0, , 0, 0, 0, 0, 0, 
690, 1, 149, 147, -1, 204, 253, 20.0, 10, ABplppappap, 6050, 0, 0, 0, , 0, 0, 0, 0, 0, 
691, 1, 68, 678, -1, 207, 250, 17.0, 13, ABplppappaa, 5671, 0, 0, 0, , 0, 0, 0, 0, 0, 
692, 1, 694, 679, -1, 258, 257, 13.0, 14, ABplpaappaa, 0, 0, 0, 0, , 0, 0, 0, 0, 0, 
693, 1, 695, 680, -1, 233, 210, 15.846154, 13, ABplpapappa, 0, 0, 0, 0, , 0, 0, 0, 0, 0, 
694, 1, 497, 681, -1, 261, 202, 15.0, 15, ABplpapaapp, 6395, 0, 0, 0, , 0, 0, 0, 0, 0, 
695, 1, 696, 682, -1, 256, 214, 15.0, 13, ABplpapaapa, 0, 0, 0, 0, , 0, 0, 0, 0, 0, 
